execute if entity @s[tag=aj.red_knight.bone.head] run data modify entity @s {} merge value {transformation:[-0.7903121546458443f,0.11207724685285136f,0.602366490566107f,0.19458727203976567f,0.2746134168662454f,0.9436450420847154f,0.1847200742366172f,1.4611964180960944f,-0.5477172349817822f,0.3114044400563689f,-0.7765520621420631f,0.016892504254541023f,0f,0f,0f,1f],start_interpolation:0}
execute if entity @s[tag=aj.red_knight.bone.body] run data modify entity @s {} merge value {transformation:[-0.42057706776215875f,0.31133963526362507f,0.8521634594292913f,-0.3456885924249931f,0.16323943429061627f,0.9499142689537511f,-0.26648783974234225f,0.568007584189788f,-0.892450456420447f,0.027028006807265637f,-0.45033506379468424f,0.633368180791702f,0f,0f,0f,1f],start_interpolation:0}
execute if entity @s[tag=aj.red_knight.bone.left_hand] run data modify entity @s {} merge value {transformation:[-0.5231977828291401f,-0.6089548562679044f,0.5961862654157744f,0.6431767508509543f,-0.44876461734234774f,0.7915914534279507f,0.4147207362568225f,1.160153876650788f,-0.7244821586928475f,-0.05056633156123516f,-0.6874362863918306f,0.28958913210456366f,0f,0f,0f,1f],start_interpolation:0}
execute if entity @s[tag=aj.red_knight.bone.left_arm] run data modify entity @s {} merge value {transformation:[-0.5231977828291401f,-0.7600472362584677f,0.38547669021425557f,0.3729621280933619f,-0.44876461734234774f,0.6302452566345537f,0.6335623368787179f,1.3290577307651892f,-0.7244821586928475f,0.15849011056059883f,-0.670825228051421f,0.29383715673644784f,0f,0f,0f,1f],start_interpolation:0}
execute if entity @s[tag=aj.red_knight.bone.weapon] run data modify entity @s {} merge value {transformation:[0.13660125246493f,-0.3244596379590186f,1.6290622514005697f,-0.21505100462587595f,1.5299330492691863f,0.6611135955748051f,0.0033847123690856906f,1.3115025919535732f,-0.646856042993092f,1.495136293071449f,0.3520262810667175f,-0.850830416211296f,0f,0f,0f,1f],start_interpolation:0}
execute if entity @s[tag=aj.red_knight.bone.right_hand] run data modify entity @s {} merge value {transformation:[0.08196075147895798f,0.40116596701737256f,0.9123312458334532f,-0.08968663993294702f,0.9179598295615117f,0.32609636674864845f,-0.22585595166993394f,1.413407706562526f,-0.3881136257958552f,0.8559947584537813f,-0.3415271394358692f,-0.5833320541944893f,0f,0f,0f,1f],start_interpolation:0}
execute if entity @s[tag=aj.red_knight.bone.right_arm] run data modify entity @s {} merge value {transformation:[0.08196075147895798f,0.40116596701737256f,0.9123312458334532f,0.030555177792547017f,0.9179598295615117f,0.32609636674864845f,-0.22585595166993394f,1.4579403318238842f,-0.3881136257958552f,0.8559947584537813f,-0.3415271394358692f,-0.2915765905654417f,0f,0f,0f,1f],start_interpolation:0}
execute if entity @s[tag=aj.red_knight.bone.waist] run data modify entity @s {} merge value {transformation:[-0.7071067811865474f,0.47314678925581516f,0.525482745498759f,-0.20643003845941202f,0f,0.7431448254773942f,-0.6691306063588582f,0.78621853471341f,-0.7071067811865477f,-0.47314678925581494f,-0.5254827454987587f,-0.10292917830970254f,0f,0f,0f,1f],start_interpolation:0}
execute if entity @s[tag=aj.red_knight.bone.left_foot] run data modify entity @s {} merge value {transformation:[-0.9873565097976027f,0.07744072376334626f,0.1383114487788545f,-0.005175176674377356f,-0.04217223770083023f,0.712767157971286f,-0.7001317596601662f,0.6166933065778227f,-0.15280256845878365f,-0.6971125539111636f,-0.7004894447826134f,0.5846065824198452f,0f,0f,0f,1f],start_interpolation:0}
execute if entity @s[tag=aj.red_knight.bone.left_leg] run data modify entity @s {} merge value {transformation:[-0.9873565097976027f,0.09291431285191733f,0.12842917514160335f,0.06045217195242197f,-0.04217223770083023f,0.6270294423970488f,-0.7778531871340187f,0.7769198411627799f,-0.15280256845878365f,-0.7734345536853795f,-0.6151831972980868f,0.11632452334421489f,0f,0f,0f,1f],start_interpolation:0}
execute if entity @s[tag=aj.red_knight.bone.right_foot] run data modify entity @s {} merge value {transformation:[-0.7166359942914524f,0.333383886567031f,0.6126075708505099f,-0.4060498608696388f,-0.0911255541786819f,0.8260702724783943f,-0.5561510930521486f,1.0903957116082321f,-0.6914687158950356f,-0.45438209593351353f,-0.5616118996545016f,0.19850667722876603f,0f,0f,0f,1f],start_interpolation:0}
execute if entity @s[tag=aj.red_knight.bone.right_leg] run data modify entity @s {} merge value {transformation:[-0.7166359942914524f,0.6780195732385638f,-0.1634695995936166f,-0.11632452334421486f,-0.0911255541786819f,-0.32339798498752803f,-0.941865105353009f,0.7769198411627799f,-0.6914687158950356f,-0.6600781784087417f,0.2935435458787469f,-0.06045217195242202f,0f,0f,0f,1f],start_interpolation:0}