execute if entity @s[tag=aj.heiloang_aj.bone.head_lower] run data modify entity @s {} merge value {transformation:[-0.6683196909247062f,0.4299781728591245f,0.09201935441543846f,-0.36494411052551046f,0.43821836559662597f,0.665096663283325f,0.0749072262415944f,-0.0015842456119759402f,-0.03624161663236001f,0.11298318173124941f,-0.7911519107413926f,2.9777556135367607f,0f,0f,0f,1f],start_interpolation:0}
execute if entity @s[tag=aj.heiloang_aj.bone.horne_right] run data modify entity @s {} merge value {transformation:[-0.7850999390382889f,-0.13245203635585012f,0.0779393596795847f,-0.38170297949395177f,-0.1276564134210802f,0.7879577591706239f,0.05316399040022534f,0.5785345536573862f,-0.08556825249203946f,0.0397369831265222f,-0.7944174257513873f,2.7944027054566813f,0f,0f,0f,1f],start_interpolation:0}
execute if entity @s[tag=aj.heiloang_aj.bone.horne_left] run data modify entity @s {} merge value {transformation:[-0.20037398468717654f,0.7705684411350621f,0.0779393596795847f,0.1865024217302334f,0.7738333524778116f,0.19584568598178437f,0.05316399040022534f,0.2059612992271348f,0.03212800730723969f,0.08870594573648873f,-0.7944174257513873f,2.8252153279175136f,0f,0f,0f,1f],start_interpolation:0}
execute if entity @s[tag=aj.heiloang_aj.bone.head_upper] run data modify entity @s {} merge value {transformation:[-0.9789379752742366f,0.6338842319869035f,0.11416362557466368f,-0.27339008994802916f,0.6418913064667979f,0.9772785757988397f,0.07787328403849009f,0.12172460147524602f,-0.05308581400266514f,0.12759105816226232f,-1.1636427848049884f,2.766232121666784f,0f,0f,0f,1f],start_interpolation:0}
execute if entity @s[tag=aj.heiloang_aj.bone.neck_0] run data modify entity @s {} merge value {transformation:[-0.8353996136558827f,0.5391767932231168f,0.10675144567282534f,-0.26256723932393905f,0.5477729569957824f,0.8327115089181715f,0.08084757571701746f,0.10100682613405787f,-0.04530202079045001f,0.1260155885787893f,-0.9909933392043776f,2.3338967214065383f,0f,0f,0f,1f],start_interpolation:0}
execute if entity @s[tag=aj.heiloang_aj.bone.neck_1] run data modify entity @s {} merge value {transformation:[-0.8353996136558827f,0.5398729321564126f,0.1031731681612977f,-0.2182343633153352f,0.5477729569957824f,0.8332293923432501f,0.07532308623121445f,0.13885469725824207f,-0.04530202079045001f,0.11944034854326248f,-0.9918073048995785f,1.9740093052674972f,0f,0f,0f,1f],start_interpolation:0}
execute if entity @s[tag=aj.heiloang_aj.bone.neck_2] run data modify entity @s {} merge value {transformation:[-0.7307425306178778f,0.6721433514031845f,0.11932589455216766f,-0.19186268184023442f,0.6823012860051014f,0.7247331768183711f,0.09605611659096158f,0.15392776257651675f,-0.021915954507262515f,0.15160850102565834f,-0.988197628693162f,1.5639638562277072f,0f,0f,0f,1f],start_interpolation:0}
execute if entity @s[tag=aj.heiloang_aj.bone.neck_3] run data modify entity @s {} merge value {transformation:[-0.6798959809443457f,0.7228229550568404f,0.12356549169821957f,-0.14542160127180104f,0.7332397766342265f,0.6724192562110521f,0.1010533217562144f,0.1899393837721368f,-0.010044155370933177f,0.15930888085562686f,-0.9871776919194498f,1.0492415369733719f,0f,0f,0f,1f],start_interpolation:0}
execute if entity @s[tag=aj.heiloang_aj.bone.wing_right_2] run data modify entity @s {} merge value {transformation:[0.4335610674616139f,1.8461710545557166f,1.3918524506653658f,-1.6586984149574198f,2.31168638502416f,-0.32083766525747054f,-0.29452547626151593f,4.135970835196314f,-0.04131421542863503f,1.4220730066328429f,-1.8733866407473792f,-1.0002655473363746f,0f,0f,0f,1f],start_interpolation:0}
execute if entity @s[tag=aj.heiloang_aj.bone.wing_right_1] run data modify entity @s {} merge value {transformation:[-0.6969224334692115f,2.60479887037905f,1.9790251993088355f,-1.2325200894379034f,3.112434644179453f,1.150911230204101f,-0.41877523661458327f,2.10457513423499f,-1.0071089714320245f,1.7543217943017484f,-2.6637014349583215f,-0.30036698350410185f,0f,0f,0f,1f],start_interpolation:0}
execute if entity @s[tag=aj.heiloang_aj.bone.wing_right_0] run data modify entity @s {} merge value {transformation:[-1.098098721770809f,1.4132205832121658f,1.3135397901970007f,-0.20062038216806866f,1.6065662852320914f,1.506680574818609f,-0.2779539829177168f,0.6080377667136828f,-1.0684212504442578f,0.8130936161658947f,-1.7679804305900548f,0.6792273204901416f,0f,0f,0f,1f],start_interpolation:0}
execute if entity @s[tag=aj.heiloang_aj.bone.wing_left_2] run data modify entity @s {} merge value {transformation:[-0.7628866784911553f,2.1867931680052446f,-0.4117226766493749f,2.921063745866092f,1.7156041191146068f,0.8552067673244395f,1.3634147930547333f,-2.2411323359460287f,1.4171388176811517f,0.14189091517456232f,-1.872207399283851f,-1.6568966526290305f,0f,0f,0f,1f],start_interpolation:0}
execute if entity @s[tag=aj.heiloang_aj.bone.wing_left_1] run data modify entity @s {} merge value {transformation:[-1.9327798250221477f,2.6662467385681885f,-0.5854137425461169f,1.6645445882958068f,1.9868244103607255f,1.8659082476860966f,1.9385907114478165f,-0.969816763591403f,1.8719267302119784f,0.7724852834789105f,-2.6620247137144313f,-0.390811828919046f,0f,0f,0f,1f],start_interpolation:0}
execute if entity @s[tag=aj.heiloang_aj.bone.wing_left_0] run data modify entity @s {} merge value {transformation:[-1.4941495157299365f,1.595287003462792f,-0.3885570758932349f,0.2716823954786336f,1.1534284702863975f,1.3937002067514448f,1.2867021790739916f,0.11333145676466033f,1.1685546579329422f,0.6641228126511572f,-1.7668675392172273f,0.6819280944683374f,0f,0f,0f,1f],start_interpolation:0}
execute if entity @s[tag=aj.heiloang_aj.bone.kazari_right] run data modify entity @s {} merge value {transformation:[-1.4972466838438334f,0.6233201529714052f,-2.0679928779313044f,0.6528093171141987f,2.0473716539517266f,-0.39198237413240367f,-1.6004653440548926f,3.3422407149433977f,-0.6880347860899658f,-2.5228341193636736f,-0.2622714774063455f,-3.0265235508955537f,0f,0f,0f,1f],start_interpolation:0}
execute if entity @s[tag=aj.heiloang_aj.bone.kazari_left] run data modify entity @s {} merge value {transformation:[-1.6116849381904672f,0.18096216563592277f,-2.0679928779313044f,3.30945565074082f,2.0754509890379187f,0.1946382879523711f,-1.6004653440548926f,-0.06285655925078393f,0.04295393658055418f,-2.614620205694812f,-0.2622714774063455f,-3.194995994317754f,0f,0f,0f,1f],start_interpolation:0}
execute if entity @s[tag=aj.heiloang_aj.bone.ring] run data modify entity @s {} merge value {transformation:[-1.3540583756436753f,-0.4932262973296911f,1.6661872706138656f,1.4436503941193197f,1.7355341678882616f,-0.48825699081907004f,1.2658801478784372f,1.5974121257277492f,0.08586823176029364f,2.0907556567716794f,0.6886898548952288f,0.46719606045025514f,0f,0f,0f,1f],start_interpolation:0}
execute if entity @s[tag=aj.heiloang_aj.bone.body_0] run data modify entity @s {} merge value {transformation:[-0.7793104302544821f,0.8014586112547535f,0.15489261983661393f,0.08383981553921582f,0.8162767730838302f,0.7663096132896887f,0.14182447687663283f,0.40324738064000387f,-0.004456339091323992f,0.20996677585533263f,-1.1088491646822365f,0.028796295649437087f,0f,0f,0f,1f],start_interpolation:0}
execute if entity @s[tag=aj.heiloang_aj.bone.leg_right_3] run data modify entity @s {} merge value {transformation:[-0.5999110849807711f,0.4915744445768407f,0.6312378755716139f,-0.9274692187815228f,0.8000666211447088f,0.3688943139485519f,0.47308602480576f,0.14536636368436218f,-0.0003030631663749116f,0.7888419046776088f,-0.6145960930377927f,-1.2617833900483815f,0f,0f,0f,1f],start_interpolation:0}
execute if entity @s[tag=aj.heiloang_aj.bone.leg_right_2] run data modify entity @s {} merge value {transformation:[-0.5995909804750189f,0.6309689174564062f,0.49230974125736743f,-0.5669497248920411f,0.8003064047852599f,0.4731539236599776f,0.3682866044059433f,0.415756345744942f,-0.0005608856362380206f,0.6148199652980203f,-0.788667290863672f,-0.8506521426013626f,0f,0f,0f,1f],start_interpolation:0}
execute if entity @s[tag=aj.heiloang_aj.bone.leg_right_1] run data modify entity @s {} merge value {transformation:[-0.599523290135787f,0.7845405563306574f,0.15832858256531923f,-0.6197735037817458f,0.8003571336059612f,0.587806861691305f,0.11794724259035785f,0.3766575110142816f,-0.0005322319142466232f,0.19743152945008885f,-0.9803165345479938f,-0.144090933229288f,0f,0f,0f,1f],start_interpolation:0}
execute if entity @s[tag=aj.heiloang_aj.bone.leg_right_0] run data modify entity @s {} merge value {transformation:[-0.5997259755758243f,0.5528747689857526f,-0.5784965376202146f,-0.2332289533340886f,0.8002053914257428f,0.4140957035720799f,-0.4338157210340791f,0.6210408434667833f,-0.0002928357892492254f,-0.7230866048421135f,-0.6907573207321843f,-0.7188923196636215f,0f,0f,0f,1f],start_interpolation:0}
execute if entity @s[tag=aj.heiloang_aj.bone.leg_left_3] run data modify entity @s {} merge value {transformation:[-0.9165352289860969f,0.21080525708813147f,0.33988868414733947f,-0.1547584628858611f,0.39907944790621486f,0.4258581626012741f,0.8120224255553151f,-0.8047326144747166f,0.026434225660565518f,0.8798897481672768f,-0.47444205418981644f,-1.7923415432940273f,0f,0f,0f,1f],start_interpolation:0}
execute if entity @s[tag=aj.heiloang_aj.bone.leg_left_2] run data modify entity @s {} merge value {transformation:[-0.9165352289860969f,0.29833607478993324f,0.2663808561183376f,0.014117693460684866f,0.39907944790621486f,0.6381526646021822f,0.6584047166599016f,-0.44768002351927616f,0.026434225660565518f,0.7097582427419004f,-0.7039491945969228f,-1.32746710690285f,0f,0f,0f,1f],start_interpolation:0}
execute if entity @s[tag=aj.heiloang_aj.bone.leg_left_1] run data modify entity @s {} merge value {transformation:[-0.9165670240130462f,0.3762907969372789f,0.13531491651763827f,-0.05311531108493672f,0.39900942471503814f,0.8382848620735639f,0.3715776756034738f,-0.6469437739752433f,0.026388813547448604f,0.3945677713126274f,-0.9184878357174604f,-0.6497344944834659f,0f,0f,0f,1f],start_interpolation:0}
execute if entity @s[tag=aj.heiloang_aj.bone.leg_left_0] run data modify entity @s {} merge value {transformation:[-0.916496311548645f,0.3992181055166808f,-0.02567907991734437f,0.20371678927219855f,0.3991718629903463f,0.9168484398685202f,0.007124753151991278f,0.03773936730303945f,0.026388154815088185f,-0.0037205561859897478f,-0.9996448483071986f,-0.7188923196636215f,0f,0f,0f,1f],start_interpolation:0}
execute if entity @s[tag=aj.heiloang_aj.bone.tail_4] run data modify entity @s {} merge value {transformation:[-0.9450709286951141f,1.2335033800856732f,-0.26488622980488685f,0.07813266067665825f,1.2616240737331499f,0.9240059770868806f,-0.19842382561669603f,0.3989722037006444f,-1.1573780877936878e-16f,-0.3309633352995651f,-1.5412065514962823f,-4.992404244705249f,0f,0f,0f,1f],start_interpolation:0}
execute if entity @s[tag=aj.heiloang_aj.bone.tail_3] run data modify entity @s {} merge value {transformation:[-0.5995341611997484f,0.7981791579674251f,-0.058896700594567516f,0.13600502359224093f,0.8003491672729559f,0.5979086272928166f,-0.04411897385826146f,0.44232385567457383f,-7.342175914927652e-17f,-0.07358875726109314f,-0.9972886717519499f,-3.657786780305168f,0f,0f,0f,1f],start_interpolation:0}
execute if entity @s[tag=aj.heiloang_aj.bone.tail_2] run data modify entity @s {} merge value {transformation:[-0.5995341611997484f,0.798734582213337f,0.05081197428756208f,0.1108121285421175f,0.8003491672729559f,0.5983246904599933f,0.038062780132820676f,0.4234520909252793f,-7.342175914927652e-17f,0.06348725826840626f,-0.997982649166588f,-2.8752064537991657f,0f,0f,0f,1f],start_interpolation:0}
execute if entity @s[tag=aj.heiloang_aj.bone.tail_1] run data modify entity @s {} merge value {transformation:[-0.5995341611997484f,0.7957579766869158f,0.08560392569070534f,0.057353248700034234f,0.8003491672729559f,0.5960949427817567f,0.06412510924357497f,0.3834065383147762f,-7.342175914927652e-17f,0.10695822422404097f,-0.994263515508258f,-2.0963974182581335f,0f,0f,0f,1f],start_interpolation:0}
execute if entity @s[tag=aj.heiloang_aj.bone.tail_ring] run data modify entity @s {} merge value {transformation:[-0.5995341611997484f,0.8001907510654092f,0.015923299403398608f,0.08445946239334173f,0.8003491672729559f,0.5994154930833868f,0.011927996356736572f,0.4037115523691931f,-7.342175914927652e-17f,0.019895440708277753f,-0.9998020661306034f,-2.2394594165830304f,0f,0f,0f,1f],start_interpolation:0}
execute if entity @s[tag=aj.heiloang_aj.bone.tail_0] run data modify entity @s {} merge value {transformation:[-0.5995341611997484f,0.8001907510654092f,0.015923299403398608f,0.04413489519797247f,0.8003491672729559f,0.5994154930833868f,0.011927996356736572f,0.37350479192288233f,-7.342175914927652e-17f,0.019895440708277753f,-0.9998020661306034f,-0.8432854727572945f,0f,0f,0f,1f],start_interpolation:0}
execute if entity @s[tag=aj.heiloang_aj.bone.body_1] run data modify entity @s {} merge value {transformation:[-0.5995341611997484f,0.7999091480597613f,0.026535719414043462f,0.09313453857645504f,0.8003491672729559f,0.5992045468755489f,0.01987766206459315f,0.40639991591196806f,-7.342175914927652e-17f,0.03315517838852641f,-0.9994502159417572f,-0.48954874999999987f,0f,0f,0f,1f],start_interpolation:0}