execute if entity @s[tag=aj.heiloang_aj.bone.head_lower] run data modify entity @s {} merge value {transformation:[0.3383718089486243f,0.6964299251156721f,0.201220968868096f,-0.5607713436146848f,0.7238364638856349f,-0.3367098413241083f,-0.051838752927072046f,0.5625181229784617f,0.039563777099461676f,0.2039898089583727f,-0.7725431155493853f,2.885328432922795f,0f,0f,0f,1f],start_interpolation:0}
execute if entity @s[tag=aj.heiloang_aj.bone.horne_right] run data modify entity @s {} merge value {transformation:[-0.22267195094287892f,0.7438574246002079f,0.1925962983300519f,0.03307877553556832f,0.7615616500588482f,0.24031478976954943f,-0.04767237121920844f,0.6654103409302488f,-0.1021814827791066f,0.17007331855750774f,-0.7750058134568409f,2.800521609338592f,0f,0f,0f,1f],start_interpolation:0}
execute if entity @s[tag=aj.heiloang_aj.bone.horne_left] run data modify entity @s {} merge value {transformation:[0.7216196832494106f,0.2866560632824328f,0.1925962983300519f,-0.254604936432552f,0.30577479070046887f,-0.7377188640630133f,-0.04767237121920844f,0.05000457933468205f,0.16052043520718756f,0.11661551778813772f,-0.7750058134568409f,2.7668844860486295f,0f,0f,0f,1f],start_interpolation:0}
execute if entity @s[tag=aj.heiloang_aj.bone.head_upper] run data modify entity @s {} merge value {transformation:[0.4956385664527212f,1.023678823998654f,0.2821102428864018f,-0.392829639954623f,1.060257556388081f,-0.49410514642663295f,-0.06982929755261605f,0.49503027332276467f,0.057952031600863985f,0.28478743295912634f,-1.1352091404062443f,2.69672733964029f,0f,0f,0f,1f],start_interpolation:0}
execute if entity @s[tag=aj.heiloang_aj.bone.neck_0] run data modify entity @s {} merge value {transformation:[0.4208736172383467f,0.8754019046128839f,0.23777490135177215f,-0.3491058955653263f,0.905795527536227f,-0.4197207495480827f,-0.058042697164793815f,0.49712248233783174f,0.04898837217215788f,0.23980408211481946f,-0.9695845200873368f,2.2659790193105147f,0f,0f,0f,1f],start_interpolation:0}
execute if entity @s[tag=aj.heiloang_aj.bone.neck_1] run data modify entity @s {} merge value {transformation:[0.41658563655228836f,0.8809988416635076f,0.22427092634999016f,-0.2563904292863011f,0.9077555306043582f,-0.41650891162440246f,-0.050002231896745575f,0.47370336785393324f,0.04935893106140799f,0.22441338535170713f,-0.9732432010548348f,1.914166278028287f,0f,0f,0f,1f],start_interpolation:0}
execute if entity @s[tag=aj.heiloang_aj.bone.neck_2] run data modify entity @s {} merge value {transformation:[0.4334825024389659f,0.8757658852725346f,0.21243124598812138f,-0.19868890761678415f,0.8995692017374324f,-0.4345309975381951f,-0.04425001089197571f,0.4701338068622578f,0.05355531126536969f,0.2102782118320276f,-0.9761736025236466f,1.5070818570643976f,0f,0f,0f,1f],start_interpolation:0}
execute if entity @s[tag=aj.heiloang_aj.bone.neck_3] run data modify entity @s {} merge value {transformation:[0.4323253217356266f,0.8758887934570458f,0.21427467811794185f,-0.10901250368530346f,0.8991036798303353f,-0.43680524463006215f,-0.0285263243202087f,0.46594921903182257f,0.06861041540274343f,0.20498780392997115f,-0.976356805239883f,0.9968531744458388f,0f,0f,0f,1f],start_interpolation:0}
execute if entity @s[tag=aj.heiloang_aj.bone.wing_right_2] run data modify entity @s {} merge value {transformation:[-2.1128232506544027f,0.5693362592682013f,-0.8633713810971865f,1.2687400962378077f,0.9205483822800226f,1.930308250619598f,-0.9798350574420933f,-1.2013789253510057f,0.47132217611396704f,-1.2179254032137634f,-1.9565503123688883f,1.0192477800030777f,0f,0f,0f,1f],start_interpolation:0}
execute if entity @s[tag=aj.heiloang_aj.bone.wing_right_1] run data modify entity @s {} merge value {transformation:[-1.3454316960062078f,-2.805358842575365f,-1.2275968754709619f,2.1682954153990566f,-2.4588716780508837f,1.7889057417940337f,-1.3931924098112125f,0.4296850222000336f,1.8250979138558825f,0.3420479268473175f,-2.781948884052034f,-0.13335149357346687f,0f,0f,0f,1f],start_interpolation:0}
execute if entity @s[tag=aj.heiloang_aj.bone.wing_right_0] run data modify entity @s {} merge value {transformation:[2.059770274957043f,0.14784308185122005f,-0.8147937392690995f,0.24591784369199374f,-0.22180484940856615f,-2.0060219461789264f,-0.9247045799753318f,0.6285790318873022f,-0.7978402240939163f,0.9393712655799331f,-1.846464893308433f,0.5939391934130486f,0f,0f,0f,1f],start_interpolation:0}
execute if entity @s[tag=aj.heiloang_aj.bone.wing_left_2] run data modify entity @s {} merge value {transformation:[-1.5317620844209592f,1.5460254906199897f,0.8927967884152521f,-0.564641705101667f,1.7653905354247568f,1.136505480723048f,1.060814571939965f,1.616036261856903f,0.2658518017318242f,1.3607852442471233f,-1.9003058556127872f,1.2325458506511517f,0f,0f,0f,1f],start_interpolation:0}
execute if entity @s[tag=aj.heiloang_aj.bone.wing_left_1] run data modify entity @s {} merge value {transformation:[-2.2423171027465516f,-2.1325490638432254f,1.2694358092994291f,-2.052040608385572f,-1.5642869710678353f,2.542666461146241f,1.5083342840396712f,0.5689212463229665f,-1.9267171706759996f,0.41749315031918255f,-2.701976903409582f,0.012197906237570999f,0f,0f,0f,1f],start_interpolation:0}
execute if entity @s[tag=aj.heiloang_aj.bone.wing_left_0] run data modify entity @s {} merge value {transformation:[2.048389358776212f,-0.1502921899670608f,0.842563524303825f,-0.14002612024727715f,-0.5514311799377123f,-1.9031728316974255f,1.0011277772998328f,0.06404578671581695f,0.6545415866428042f,-1.1330249027817996f,-1.7933850342387192f,0.6066282773533678f,0f,0f,0f,1f],start_interpolation:0}
execute if entity @s[tag=aj.heiloang_aj.bone.kazari_right] run data modify entity @s {} merge value {transformation:[2.269355392045492f,-0.3892729589883763f,-1.267029145896312f,2.9319343082963747f,1.225594128942377f,-0.3404894077936444f,2.299751330652634f,-0.528384839934462f,-0.5047923575612839f,-2.5767040410448803f,-0.11247732734624197f,-3.0730738457026416f,0f,0f,0f,1f],start_interpolation:0}
execute if entity @s[tag=aj.heiloang_aj.bone.kazari_left] run data modify entity @s {} merge value {transformation:[2.060640565207761f,1.0272622805426825f,-1.267029145896312f,-0.012534239221039911f,1.1898618140876274f,0.44971420824095737f,2.299751330652634f,-2.169136243421777f,1.115732724693773f,-2.376838136356093f,-0.11247732734624197f,-3.451752425337376f,0f,0f,0f,1f],start_interpolation:0}
execute if entity @s[tag=aj.heiloang_aj.bone.ring] run data modify entity @s {} merge value {transformation:[1.9123118002001163f,-0.4824270813771299f,0.9814550299190304f,0.9670831372859517f,1.0656008782057256f,0.37737504761045787f,-1.8907694538447095f,-1.3455460948694165f,0.24593623760358377f,2.116076196732759f,0.5609484668295699f,0.2982094853439428f,0f,0f,0f,1f],start_interpolation:0}
execute if entity @s[tag=aj.heiloang_aj.bone.body_0] run data modify entity @s {} merge value {transformation:[0.6368164042783151f,0.9305494902387977f,0.04684964670117878f,0.03215880582658292f,0.931492819880563f,-0.6345750642983712f,-0.05734099946241953f,0.3458094551327449f,-0.020937279925256957f,0.0710247134785203f,-1.1261303194223569f,-0.05433980869646404f,0f,0f,0f,1f],start_interpolation:0}
execute if entity @s[tag=aj.heiloang_aj.bone.leg_right_3] run data modify entity @s {} merge value {transformation:[0.7778956812558122f,-0.2787372593914922f,0.5631907752356f,-0.04339448614180137f,0.628386713062619f,0.34919387536531205f,-0.6951214111604627f,1.072366274438449f,-0.0029065322832996063f,0.894633543767656f,0.44679119780475873f,-2.114496487080624f,0f,0f,0f,1f],start_interpolation:0}
execute if entity @s[tag=aj.heiloang_aj.bone.leg_right_2] run data modify entity @s {} merge value {transformation:[0.780901855447296f,0.20674142725949296f,0.5894491279268115f,0.054533683349854256f,0.624647027530472f,-0.2540781092708811f,-0.7384175007315849f,0.9526766299911207f,-0.0028953680796215578f,0.944829242055961f,-0.32755048496322126f,-1.5244130920147436f,0f,0f,0f,1f],start_interpolation:0}
execute if entity @s[tag=aj.heiloang_aj.bone.leg_right_1] run data modify entity @s {} merge value {transformation:[0.7813350665615763f,0.5275347728214648f,0.3335004905924772f,-0.1411904967186628f,0.6241074715137348f,-0.6584387658502658f,-0.420652178915445f,1.2000702569347084f,-0.002319000204844512f,0.5368104461444322f,-0.8436996901435163f,-0.8887746320652089f,0f,0f,0f,1f],start_interpolation:0}
execute if entity @s[tag=aj.heiloang_aj.bone.leg_right_0] run data modify entity @s {} merge value {transformation:[0.7792036409252686f,0.614955787779214f,0.12112417201224301f,0.28809919952551144f,0.626762743015237f,-0.763522949409141f,-0.15556725135317653f,0.6091750478284665f,-0.0031858965490117633f,0.19713468695897443f,-0.9803712384911983f,-0.81073781343401f,0f,0f,0f,1f],start_interpolation:0}
execute if entity @s[tag=aj.heiloang_aj.bone.leg_left_3] run data modify entity @s {} merge value {transformation:[0.6848786872671879f,-0.34991099074040144f,0.6391427714417522f,-0.6636692650433977f,0.7286196467831618f,0.33776564406848475f,-0.5958420763999319f,0.4500669246892842f,-0.007388778569821638f,0.8737715194752416f,0.4862805133923976f,-2.256452164538713f,0f,0f,0f,1f],start_interpolation:0}
execute if entity @s[tag=aj.heiloang_aj.bone.leg_left_2] run data modify entity @s {} merge value {transformation:[0.6848786872671879f,0.22133999665441173f,0.6942260363946301f,-0.5618055863476399f,0.7286196467831618f,-0.19836986734797138f,-0.6555629687908926f,0.36034929285755757f,-0.007388778569821638f,0.9548078349120169f,-0.2971319645239686f,-1.661735014961315f,0f,0f,0f,1f],start_interpolation:0}
execute if entity @s[tag=aj.heiloang_aj.bone.leg_left_1] run data modify entity @s {} merge value {transformation:[0.6843944063615166f,0.5964194394367618f,0.41939021066663673f,-0.8129646780954591f,0.7290680855222315f,-0.5534939255036126f,-0.40262166000297284f,0.6028985388060103f,-0.008001450744407652f,0.5813160299635133f,-0.8136385254481531f,-1.0439674316380556f,0f,0f,0f,1f],start_interpolation:0}
execute if entity @s[tag=aj.heiloang_aj.bone.leg_left_0] run data modify entity @s {} merge value {transformation:[0.6855886755590082f,0.6679228113567103f,0.28956395841781385f,-0.2807522795380184f,0.7279527277355475f,-0.6250118822658882f,-0.28185984674803777f,0.1535763331202303f,-0.007279706561441697f,0.4040287924094026f,-0.9147173010152259f,-0.8107378134340101f,0f,0f,0f,1f],start_interpolation:0}
execute if entity @s[tag=aj.heiloang_aj.bone.tail_4] run data modify entity @s {} merge value {transformation:[1.2304051778393703f,0.9710289654071965f,0.16751182159468875f,0.4335155520153984f,0.9853717332379262f,-1.21246944284434f,-0.2093197582458351f,-0.1553165826082603f,-0.00009679579806836233f,0.26809506186544946f,-1.553376770819497f,-5.037095268481109f,0f,0f,0f,1f],start_interpolation:0}
execute if entity @s[tag=aj.heiloang_aj.bone.tail_3] run data modify entity @s {} merge value {transformation:[0.7805222962313911f,0.6179309758958795f,0.09458463994773389f,0.2909922074895602f,0.6251279429730177f,-0.7715363065118561f,-0.11809649718923386f,0.022635226115616164f,9.558641317429154e-17f,0.15130445057039524f,-0.9884872094456209f,-3.7201090869146243f,0f,0f,0f,1f],start_interpolation:0}
execute if entity @s[tag=aj.heiloang_aj.bone.tail_2] run data modify entity @s {} merge value {transformation:[0.7805222962313911f,0.6179309758958795f,0.09458463994773389f,0.22822203334010227f,0.6251279429730177f,-0.7715363065118561f,-0.11809649718923386f,0.10100881509481464f,9.558641317429154e-17f,0.15130445057039524f,-0.9884872094456209f,-2.9433592696067823f,0f,0f,0f,1f],start_interpolation:0}
execute if entity @s[tag=aj.heiloang_aj.bone.tail_1] run data modify entity @s {} merge value {transformation:[0.7805222962313911f,0.6173972512297267f,0.09800805711600583f,0.16205721339647078f,0.6251279429730177f,-0.7708699085261898f,-0.12237090766659897f,0.18362089118684236f,9.558641317429154e-17f,0.15678079698356415f,-0.9876334247569786f,-2.168890113704628f,0f,0f,0f,1f],start_interpolation:0}
execute if entity @s[tag=aj.heiloang_aj.bone.tail_ring] run data modify entity @s {} merge value {transformation:[0.7805222962313911f,0.6189533964690745f,0.08764495470403982f,0.19384929031608988f,0.6251279429730177f,-0.7728128804715948f,-0.10943174444154714f,0.14392593728468228f,9.558641317429154e-17f,0.1402032266982229f,-0.99012274755376f,-2.3068297753726648f,0f,0f,0f,1f],start_interpolation:0}
execute if entity @s[tag=aj.heiloang_aj.bone.tail_0] run data modify entity @s {} merge value {transformation:[0.7805222962313911f,0.6189533964690745f,0.08764495470403982f,0.05743202740505235f,0.6251279429730177f,-0.7728128804715948f,-0.10943174444154714f,0.31425381414543574f,9.558641317429154e-17f,0.1402032266982229f,-0.99012274755376f,-0.9268953764760973f,0f,0f,0f,1f],start_interpolation:0}
execute if entity @s[tag=aj.heiloang_aj.bone.body_1] run data modify entity @s {} merge value {transformation:[0.7805222962313911f,0.6193313093535462f,0.08493335234228426f,0.06893644408211308f,0.6251279429730177f,-0.7732847349706281f,-0.10604609175131816f,0.29501162723506535f,9.558641317429154e-17f,0.13586555087963834f,-0.9907272844149254f,-0.568970649891898f,0f,0f,0f,1f],start_interpolation:0}