execute if entity @s[tag=aj.heiloang_aj.bone.head_lower] run data modify entity @s {} merge value {transformation:[0.7732947750984793f,0.20381713965875928f,0.021766129346169803f,-0.06379508065135073f,0.2035691529515439f,-0.7537086288118942f,-0.17459353602320365f,0.8909515695099961f,-0.023974794513892436f,0.1743039771084312f,-0.7804122838552711f,2.8285307354672784f,0f,0f,0f,1f],start_interpolation:0}
execute if entity @s[tag=aj.heiloang_aj.bone.horne_right] run data modify entity @s {} merge value {transformation:[0.43205784790672647f,0.6731126510119555f,0.015664453704663735f,0.3854035425757589f,0.662583142532496f,-0.4217621548952315f,-0.15198770979883022f,0.5046439501996739f,-0.11962272064273846f,0.09505810720705689f,-0.785273430698022f,2.689160760185977f,0f,0f,0f,1f],start_interpolation:0}
execute if entity @s[tag=aj.heiloang_aj.bone.horne_left] run data modify entity @s {} merge value {transformation:[0.7082075768008551f,-0.37174810430181815f,0.015664453704663735f,-0.2720516752129682f,-0.36240929664288174f,-0.6968208075085867f,-0.15198770979883022f,0.33156945636027124f,0.08427057534319327f,0.12745238001342366f,-0.785273430698022f,2.7095441304816883f,0f,0f,0f,1f],start_interpolation:0}
execute if entity @s[tag=aj.heiloang_aj.bone.head_upper] run data modify entity @s {} merge value {transformation:[1.1327028541948752f,0.29936580976245725f,0.022944900175248827f,-0.025684687030208035f,0.29818300601459774f,-1.1111641962602596f,-0.22262779762058157f,0.7253210836559817f,-0.035117679634086796f,0.22103473323113804f,-1.1502488894506953f,2.6299267623938407f,0f,0f,0f,1f],start_interpolation:0}
execute if entity @s[tag=aj.heiloang_aj.bone.neck_0] run data modify entity @s {} merge value {transformation:[0.9664394136066992f,0.25629286411451857f,0.01757349229711102f,-0.035831043972436624f,0.2551293320186881f,-0.9495441386462202f,-0.18241423383690844f,0.7096294079058002f,-0.03006465983905052f,0.18077581853385447f,-0.9830647077696245f,2.197363378157659f,0f,0f,0f,1f],start_interpolation:0}
execute if entity @s[tag=aj.heiloang_aj.bone.neck_1] run data modify entity @s {} merge value {transformation:[0.9660899086422784f,0.25761581783910853f,0.017446455761604314f,-0.026257854441208085f,0.2564699996108666f,-0.9495801898316554f,-0.18033469543845448f,0.6320664733506888f,-0.0298902612761502f,0.17869402194355918f,-0.9834505675439302f,1.84126063629169f,0f,0f,0f,1f],start_interpolation:0}
execute if entity @s[tag=aj.heiloang_aj.bone.neck_2] run data modify entity @s {} merge value {transformation:[0.9941593338473849f,0.10692819250456626f,0.014614396047405873f,-0.023852764669135114f,0.10786727707791013f,-0.980177057890028f,-0.16618539563345228f,0.5968160662813956f,-0.0034452082551553525f,0.1667911773258888f,-0.9859862238927695f,1.4316125464575085f,0f,0f,0f,1f],start_interpolation:0}
execute if entity @s[tag=aj.heiloang_aj.bone.neck_3] run data modify entity @s {} merge value {transformation:[0.9994589875522717f,0.02724009481222176f,0.018431208197218826f,-0.01497426737307084f,0.029864163597004948f,-0.9864070034911534f,-0.16158389522553226f,0.5370834791004754f,0.01377911222246859f,0.16204690894375498f,-0.986686847671608f,0.9170779343287421f,0f,0f,0f,1f],start_interpolation:0}
execute if entity @s[tag=aj.heiloang_aj.bone.wing_right_2] run data modify entity @s {} merge value {transformation:[-0.5494365836642588f,-1.7854643265024428f,-1.4296197346285948f,2.7304882213317616f,-2.0592910494950227f,1.026052881314887f,-0.49001210651994653f,-2.5088430456704436f,0.9954977751467077f,1.137061401092133f,-1.8026789942042811f,-0.6450760406164856f,0f,0f,0f,1f],start_interpolation:0}
execute if entity @s[tag=aj.heiloang_aj.bone.wing_right_1] run data modify entity @s {} merge value {transformation:[1.263994656362837f,-2.336143135583371f,-2.032725149067844f,1.9338544968797877f,-3.0924674503593685f,-1.0669724450772895f,-0.6967306816938812f,-0.4735486598541255f,-0.16180652043110533f,2.142714125685572f,-2.5631647622487113f,-0.5001418113550535f,0f,0f,0f,1f],start_interpolation:0}
execute if entity @s[tag=aj.heiloang_aj.bone.wing_right_0] run data modify entity @s {} merge value {transformation:[1.713923032852807f,-0.4130078814203989f,-1.3491820956940062f,0.3288747983623149f,-0.8459121619961786f,-1.9997450913519184f,-0.46244154636111623f,0.3095493891184901f,-1.129292013450723f,0.8711165590772242f,-1.7012511539622446f,0.5366048846662974f,0f,0f,0f,1f],start_interpolation:0}
execute if entity @s[tag=aj.heiloang_aj.bone.wing_left_2] run data modify entity @s {} merge value {transformation:[-1.023873898431489f,-1.7206409132008076f,1.2347684375020291f,-2.3473239932496117f,-2.1154940874073507f,0.766349228538938f,-0.6862722727775941f,2.705170583651626f,0.0997146557746385f,-1.409141481207005f,-1.8809447837952284f,-1.6892000582570925f,0f,0f,0f,1f],start_interpolation:0}
execute if entity @s[tag=aj.heiloang_aj.bone.wing_left_1] run data modify entity @s {} merge value {transformation:[0.6427883847349402f,-2.773383126561428f,1.755673061436611f,-1.9531900735192071f,-2.925115042558531f,-1.2956706612976152f,-0.9757859899334523f,0.8048908923284777f,1.4892091368063962f,-1.3478881050209466f,-2.674448088128724f,-0.6734983270662873f,0f,0f,0f,1f],start_interpolation:0}
execute if entity @s[tag=aj.heiloang_aj.bone.wing_left_0] run data modify entity @s {} merge value {transformation:[1.708119215071309f,-0.8079717599634767f,1.1652941183262255f,-0.35508271227556554f,-0.5307046851874099f,-2.0560374991308845f,-0.6476591227549799f,0.3060769332175966f,1.314945354082939f,0.2197531280076346f,-1.775113314272233f,0.5353373089091555f,0f,0f,0f,1f],start_interpolation:0}
execute if entity @s[tag=aj.heiloang_aj.bone.kazari_right] run data modify entity @s {} merge value {transformation:[2.4885878888965136f,-0.6804079675514155f,0.5008447918131911f,1.5345277306152658f,-0.5924374709395849f,-0.2946235944280241f,2.5434395941695325f,-2.390463583507078f,-0.6023440468872885f,-2.5213314188846967f,-0.4323652551727319f,-3.003911558728338f,0f,0f,0f,1f],start_interpolation:0}
execute if entity @s[tag=aj.heiloang_aj.bone.kazari_left] run data modify entity @s {} merge value {transformation:[2.5608864911081084f,0.31286588617146177f,0.5008447918131911f,-2.429191619829353f,-0.436705764503716f,-0.49706467850392f,2.5434395941695325f,-1.6579587332302719f,0.39751558895907185f,-2.5616228901245783f,-0.4323652551727319f,-3.2863726314047454f,0f,0f,0f,1f],start_interpolation:0}
execute if entity @s[tag=aj.heiloang_aj.bone.ring] run data modify entity @s {} merge value {transformation:[2.160956273690236f,0.009385363165383428f,-0.4279090837328587f,-0.2756314338161256f,-0.3993499064298367f,0.8366094667769515f,-1.9983819800322709f,-1.3622757472647935f,0.15399325055768356f,2.037872125733475f,0.8223682652712467f,0.3938115527413696f,0f,0f,0f,1f],start_interpolation:0}
execute if entity @s[tag=aj.heiloang_aj.bone.body_0] run data modify entity @s {} merge value {transformation:[1.1285456006564156f,0.005395714478815936f,0.002844194435574305f,-0.01173740837127277f,0.005729631986601051f,-1.1182646966291747f,-0.15199873528365998f,0.2774741895928593f,0.0020915291110510884f,0.1520109551177056f,-1.118275758016713f,-0.11827810532708272f,0f,0f,0f,1f],start_interpolation:0}
execute if entity @s[tag=aj.heiloang_aj.bone.leg_right_3] run data modify entity @s {} merge value {transformation:[0.9964869540917933f,-0.03756286621007195f,-0.0748517294853268f,0.47661141952576536f,-0.08374090480160598f,-0.4586526617590527f,-0.8846610631899343f,1.309976958779536f,-0.0011005398078501745f,0.8878213598148113f,-0.46018694230574464f,-1.4997115449594038f,0f,0f,0f,1f],start_interpolation:0}
execute if entity @s[tag=aj.heiloang_aj.bone.leg_right_2] run data modify entity @s {} merge value {transformation:[0.9963413841033681f,-0.06321849858462972f,-0.057508849403288355f,0.4408760402183576f,-0.08543729425704276f,-0.7531536070097202f,-0.652273035621038f,0.8826933141593453f,-0.0020772753838646826f,0.6548000196128232f,-0.7557993247165719f,-1.0658156816393753f,0f,0f,0f,1f],start_interpolation:0}
execute if entity @s[tag=aj.heiloang_aj.bone.leg_right_1] run data modify entity @s {} merge value {transformation:[0.9963117674163476f,-0.08367945581059404f,-0.018989754683951865f,0.4479937311324604f,-0.08578476791642542f,-0.9764054020177066f,-0.19817533777987184f,0.9492303354948097f,-0.001958494635901309f,0.1990734527401486f,-0.979982614495215f,-0.35936683257055024f,0f,0f,0f,1f],start_interpolation:0}
execute if entity @s[tag=aj.heiloang_aj.bone.leg_right_0] run data modify entity @s {} merge value {transformation:[0.9964139288970001f,-0.0678793213454522f,0.05051415676545582f,0.3658444632155501f,-0.08460480690997527f,-0.7912147139025764f,0.6056577442349685f,0.4151013756836221f,-0.0011440925530771045f,-0.6077595529794207f,-0.7941202785563939f,-0.8568548108976026f,0f,0f,0f,1f],start_interpolation:0}
execute if entity @s[tag=aj.heiloang_aj.bone.leg_left_3] run data modify entity @s {} merge value {transformation:[0.9419217270919618f,0.06685841195606074f,0.32911003142233375f,-0.6507610042300708f,0.3324576511546058f,-0.3242171225982532f,-0.8856382825978517f,1.3508737522750014f,0.047490738263984415f,0.943617088741415f,-0.327614742669372f,-1.9642650577247203f,0f,0f,0f,1f],start_interpolation:0}
execute if entity @s[tag=aj.heiloang_aj.bone.leg_left_2] run data modify entity @s {} merge value {transformation:[0.9419217270919618f,0.19313079442434017f,0.27474343718662153f,-0.5462635812377218f,0.3324576511546058f,-0.6519262682305236f,-0.6815159946617441f,0.9865346031232924f,0.047490738263984415f,0.7332752805297933f,-0.6782713267882515f,-1.4862993440132055f,0f,0f,0f,1f],start_interpolation:0}
execute if entity @s[tag=aj.heiloang_aj.bone.leg_left_1] run data modify entity @s {} merge value {transformation:[0.9418222935598378f,0.293383683612172f,0.16400238273829962f,-0.639963330978395f,0.3327645709741463f,-0.8825943730909305f,-0.33210677935359934f,1.1546201286312296f,0.04731286989899459f,0.3673597511682258f,-0.9288747523555263f,-0.8032799986824394f,0f,0f,0f,1f],start_interpolation:0}
execute if entity @s[tag=aj.heiloang_aj.bone.leg_left_0] run data modify entity @s {} merge value {transformation:[0.9420649260081697f,0.33166556251150153f,0.05011616335226593f,-0.3602853048488018f,0.33207533133819983f,-0.9432528553090923f,0.0001589587046886519f,0.47753337074523483f,0.04732493530736838f,0.01649259213023218f,-0.998743382908232f,-0.8568548108976026f,0f,0f,0f,1f],start_interpolation:0}
execute if entity @s[tag=aj.heiloang_aj.bone.tail_4] run data modify entity @s {} merge value {transformation:[1.5705477072838527f,-0.13183760154596175f,0.02920804087432962f,0.0025492065473017265f,-0.13503430243130182f,-1.5333677377801984f,0.33971087940983485f,0.4436379709522561f,1.9233662226333843e-16f,-0.3409642081525857f,-1.539024942113205f,-5.134828516688597f,0f,0f,0f,1f],start_interpolation:0}
execute if entity @s[tag=aj.heiloang_aj.bone.tail_3] run data modify entity @s {} merge value {transformation:[0.996324163320421f,-0.08534104079371527f,0.007420804545927029f,-0.005139961818795512f,-0.08566307012863493f,-0.9925787266089343f,0.08630938477085401f,0.3542073186597616f,1.2201451975235182e-16f,-0.08662781446874998f,-0.9962407448806577f,-3.8012710985320424f,0f,0f,0f,1f],start_interpolation:0}
execute if entity @s[tag=aj.heiloang_aj.bone.tail_2] run data modify entity @s {} merge value {transformation:[0.996324163320421f,-0.08558480416662295f,-0.0036609943491111422f,-0.0038370376155656897f,-0.08566307012863493f,-0.9954138729350664f,-0.04258004209190483f,0.36936128015919945f,1.2201451975235182e-16f,0.04273713682703382f,-0.9990863511908404f,-3.0182056780597843f,0f,0f,0f,1f],start_interpolation:0}
execute if entity @s[tag=aj.heiloang_aj.bone.tail_1] run data modify entity @s {} merge value {transformation:[0.996324163320421f,-0.08534172364572165f,-0.007412947392279183f,0.0005147591751600467f,-0.08566307012863493f,-0.9925866686772362f,-0.08621800032686582f,0.4199758599302677f,1.2201451975235182e-16f,0.08653609287114904f,-0.996248716250413f,-2.2381901409469047f,0f,0f,0f,1f],start_interpolation:0}
execute if entity @s[tag=aj.heiloang_aj.bone.tail_ring] run data modify entity @s {} merge value {transformation:[0.996324163320421f,-0.08563711738610101f,0.0021084851582551557f,-0.001838270889689915f,-0.08566307012863493f,-0.9960223139417781f,0.024523224628972887f,0.3926083991667317f,1.2201451975235182e-16f,-0.024613700572356942f,-0.9996970369787711f,-2.3826174968117835f,0f,0f,0f,1f],start_interpolation:0}
execute if entity @s[tag=aj.heiloang_aj.bone.tail_0] run data modify entity @s {} merge value {transformation:[0.996324163320421f,-0.08563711738610101f,0.0021084851582551557f,-0.002848536093520858f,-0.08566307012863493f,-0.9960223139417781f,0.024523224628972887f,0.38085827589392635f,1.2201451975235182e-16f,-0.024613700572356942f,-0.9996970369787711f,-0.9855845285245797f,0f,0f,0f,1f],start_interpolation:0}
execute if entity @s[tag=aj.heiloang_aj.bone.body_1] run data modify entity @s {} merge value {transformation:[0.996324163320421f,-0.08562683037385857f,0.0024914863013628975f,-0.012810876732893951f,-0.08566307012863493f,-0.9959026684650267f,0.02897780806714024f,0.30058627896560475f,1.2201451975235182e-16f,-0.02908471874311142f,-0.9995769500822006f,-0.6361995237824307f,0f,0f,0f,1f],start_interpolation:0}