execute if entity @s[tag=aj.heiloang_aj.bone.head_lower] run data modify entity @s {} merge value {transformation:[-0.39103506595494913f,0.6782170214511408f,0.16466101240898492f,-0.4573070024588921f,0.6968084083084509f,0.36874520521940823f,0.1359596106876589f,0.021630233941320035f,0.03936520423231753f,0.2098776916245259f,-0.770974536060763f,2.878540171784017f,0f,0f,0f,1f],start_interpolation:0}
execute if entity @s[tag=aj.heiloang_aj.bone.horne_right] run data modify entity @s {} merge value {transformation:[-0.7478719703806355f,0.237353926736384f,0.15604688199962785f,-0.19411414931755994f,0.26347558639098023f,0.7438737625183632f,0.13127239166215826f,0.5643638062992415f,-0.10615145451154048f,0.174111857435366f,-0.7735741268976695f,2.797258185174535f,0f,0f,0f,1f],start_interpolation:0}
execute if entity @s[tag=aj.heiloang_aj.bone.horne_left] run data modify entity @s {} merge value {transformation:[0.1712693863273631f,0.7657128495233989f,0.15604688199962785f,0.13834386375733776f,0.7640065086981324f,-0.19764011195652487f,0.13127239166215826f,-0.028062702444603363f,0.16419760039031986f,0.12092236443507748f,-0.7735741268976695f,2.763789888536219f,0f,0f,0f,1f],start_interpolation:0}
execute if entity @s[tag=aj.heiloang_aj.bone.head_upper] run data modify entity @s {} merge value {transformation:[-0.5727783887341606f,0.9964141469157307f,0.22857357158100491f,-0.3033394402655691f,1.0206675362800113f,0.5426108708043565f,0.1922845174969379f,0.11935268006650178f,0.05766116702939291f,0.2930774694703355f,-1.133112041726534f,2.6912604041039327f,0f,0f,0f,1f],start_interpolation:0}
execute if entity @s[tag=aj.heiloang_aj.bone.neck_0] run data modify entity @s {} merge value {transformation:[-0.4911899419510524f,0.8498360288553489f,0.1910789496137472f,-0.2771795466757624f,0.8696934521623328f,0.4662289953522168f,0.16206117103990916f,0.1572793153507896f,0.04863887531682965f,0.2457829285207448f,-0.9681038228700892f,2.2607519965991676f,0f,0f,0f,1f],start_interpolation:0}
execute if entity @s[tag=aj.heiloang_aj.bone.neck_1] run data modify entity @s {} merge value {transformation:[-0.49602202541261037f,0.8506437538219991f,0.17426231488532054f,-0.20306438887399844f,0.8669230323635421f,0.47381554411686355f,0.15473618229374045f,0.21957515806031952f,0.04905717341198014f,0.2278245689930285f,-0.9724656083892984f,1.9092651705242893f,0f,0f,0f,1f],start_interpolation:0}
execute if entity @s[tag=aj.heiloang_aj.bone.neck_2] run data modify entity @s {} merge value {transformation:[-0.47201954158803777f,0.8669703916218376f,0.15987461465191022f,-0.16660581011270167f,0.8798592086345093f,0.4519308106451751f,0.1469908683240222f,0.2646647992797535f,0.0551844664744887f,0.21004971421230942f,-0.9761320567521864f,1.5022054335696682f,0f,0f,0f,1f],start_interpolation:0}
execute if entity @s[tag=aj.heiloang_aj.bone.neck_3] run data modify entity @s {} merge value {transformation:[-0.4697046225373378f,0.8706731438150932f,0.145965215740599f,-0.11215324948585398f,0.8797528709144642f,0.447850277839558f,0.1595776135828233f,0.33640096001813236f,0.07356938007632857f,0.20336766035477027f,-0.9763345436053217f,0.9920275051488479f,0f,0f,0f,1f],start_interpolation:0}
execute if entity @s[tag=aj.heiloang_aj.bone.wing_right_2] run data modify entity @s {} merge value {transformation:[-1.9216120823751222f,-1.3223802249526495f,0.30379853825378134f,2.0916522844802845f,-1.2608502830446522f,1.545773699832737f,-1.2467623025150532f,0.5239154759215239f,0.501238042188713f,-1.1813002225855191f,-1.9715136863596048f,1.0096960662097034f,0f,0f,0f,1f],start_interpolation:0}
execute if entity @s[tag=aj.heiloang_aj.bone.wing_right_1] run data modify entity @s {} merge value {transformation:[1.3066735620224035f,-3.048480490163635f,0.43196027167248285f,1.2295776143313324f,-2.507316828523524f,-1.325903884014003f,-1.7727267089597636f,2.192471659508412f,1.7869485993207574f,0.3687334597622821f,-2.8032247701419384f,-0.11760246744621472f,0f,0f,0f,1f],start_interpolation:0}
execute if entity @s[tag=aj.heiloang_aj.bone.wing_right_0] run data modify entity @s {} merge value {transformation:[1.3637264900253303f,1.7281348714493123f,0.28670529552846175f,-0.036561779722165705f,1.567848019171668f,-1.042033631496013f,-1.1766131478148236f,0.7247434684382427f,-0.7813466894936398f,0.925265246787158f,-1.8605863521764396f,0.5942339538142255f,0f,0f,0f,1f],start_interpolation:0}
execute if entity @s[tag=aj.heiloang_aj.bone.wing_left_2] run data modify entity @s {} merge value {transformation:[-2.3233523776954192f,-0.15165918944588083f,-0.3355729810855877f,-1.3795894783014608f,-0.3195226537090969f,1.895882848872023f,1.3554001266934446f,0.6133144475436216f,0.1830710494445968f,1.3842701036757694f,-1.8931078356094073f,1.217794147161811f,0f,0f,0f,1f],start_interpolation:0}
execute if entity @s[tag=aj.heiloang_aj.bone.wing_left_1] run data modify entity @s {} merge value {transformation:[0.10107350059934819f,-3.308978859079986f,-0.47713921504976564f,-1.3061555292350697f,-2.709808071831308f,-0.36066415697374143f,1.9271949441123772f,-1.1901665173948541f,-1.9580457436470882f,0.3283276548451754f,-2.6917422963109576f,-0.023220890180746023f,0f,0f,0f,1f],start_interpolation:0}
execute if entity @s[tag=aj.heiloang_aj.bone.wing_left_0] run data modify entity @s {} merge value {transformation:[1.6186107494140995f,1.486003180446939f,-0.31669194745479595f,0.19681799919410192f,1.3565410716678443f,-1.204990093381232f,1.279138458389609f,0.081841408908785f,0.684321242370412f,-1.1261409425798672f,-1.7865920112566114f,0.5989627699478567f,0f,0f,0f,1f],start_interpolation:0}
execute if entity @s[tag=aj.heiloang_aj.bone.kazari_right] run data modify entity @s {} merge value {transformation:[0.3100186260079202f,0.06091167260812286f,-2.609032082636106f,2.456541534393213f,2.565844604882475f,-0.4869899413464992f,0.29351737457785876f,2.2921398961738766f,-0.47665512027031376f,-2.5818599407643457f,-0.11691591488193016f,-3.0519874258271984f,0f,0f,0f,1f],start_interpolation:0}
execute if entity @s[tag=aj.heiloang_aj.bone.kazari_left] run data modify entity @s {} merge value {transformation:[0.2146714895599782f,0.23181443419653147f,-2.609032082636106f,2.0978522106641773f,2.3604395443671606f,1.1176058772057895f,0.29351737457785876f,-1.0619605761779582f,1.1353904603765625f,-2.367295790536002f,-0.11691591488193016f,-3.4681395934435586f,0f,0f,0f,1f],start_interpolation:0}
execute if entity @s[tag=aj.heiloang_aj.bone.ring] run data modify entity @s {} merge value {transformation:[0.2324849752200952f,-0.5927809338047706f,2.1089067752270334f,1.980311797281815f,2.17396480356213f,-0.19869360783310666f,-0.2955066308280785f,0.18019631572109707f,0.2697295959920055f,2.11235837407099f,0.5640162500515228f,0.29563252593424394f,0f,0f,0f,1f],start_interpolation:0}
execute if entity @s[tag=aj.heiloang_aj.bone.body_0] run data modify entity @s {} merge value {transformation:[-0.3850819951263997f,1.0581274016141533f,0.07570095719623246f,0.06945601006631982f,1.0608031634278756f,0.38468223403577934f,0.019199042067965508f,0.3946019641543907f,-0.0078026552248039276f,0.0777068639709271f,-1.1258566239983316f,-0.05821071033804026f,0f,0f,0f,1f],start_interpolation:0}
execute if entity @s[tag=aj.heiloang_aj.bone.leg_right_3] run data modify entity @s {} merge value {transformation:[-0.08861085276748262f,-0.36210637649505084f,0.9279154535158064f,-0.6740428232644479f,0.99606230214282f,-0.029566668894710928f,0.08358051411911682f,0.7281751317012637f,-0.002829668136879449f,0.9316677434536924f,0.363300438736509f,-2.05846464215859f,0f,0f,0f,1f],start_interpolation:0}
execute if entity @s[tag=aj.heiloang_aj.bone.leg_right_2] run data modify entity @s {} merge value {transformation:[-0.08377951343167131f,0.38288362897182704f,0.919989738961537f,-0.4845817985903431f,0.9964794503848059f,0.03507608153112342f,0.07614705158584266f,0.7459154288985279f,-0.003114175644919463f,0.9231304323711715f,-0.38447432520295327f,-1.478892599626187f,0f,0f,0f,1f],start_interpolation:0}
execute if entity @s[tag=aj.heiloang_aj.bone.leg_right_1] run data modify entity @s {} merge value {transformation:[-0.0830534938582964f,0.8662564552788162f,0.49264781623966464f,-0.7671762236148485f,0.9965417861653483f,0.07346784663323966f,0.038819375799359956f,0.7240387761938192f,-0.0025662393316063f,0.49416821953546874f,-0.8693625165699507f,-0.828346970101002f,0f,0f,0f,1f],start_interpolation:0}
execute if entity @s[tag=aj.heiloang_aj.bone.leg_right_0] run data modify entity @s {} merge value {transformation:[-0.08654989703408825f,0.9898132642936989f,0.11304343037806819f,-0.03333300472737316f,0.9962425432139155f,0.08634904200478484f,0.006681170221275734f,0.751610627533029f,-0.0031480810120579927f,0.11319692916819046f,-0.9935675844213283f,-0.8125210541780356f,0f,0f,0f,1f],start_interpolation:0}
execute if entity @s[tag=aj.heiloang_aj.bone.leg_left_3] run data modify entity @s {} merge value {transformation:[-0.2439752172565978f,-0.39906385363988034f,0.8838688443896441f,-0.4975772288337511f,0.969777606404086f,-0.09782346848059137f,0.22352172854465074f,-0.14748604795155262f,-0.0027363263251485286f,0.9116899745705855f,0.41086969076061997f,-2.2270684104672798f,0f,0f,0f,1f],start_interpolation:0}
execute if entity @s[tag=aj.heiloang_aj.bone.leg_left_2] run data modify entity @s {} merge value {transformation:[-0.2439752172565978f,0.3385654755888416f,0.9087626269295509f,-0.3345401454981425f,0.969777606404086f,0.08781917958040066f,0.22763827844847873f,-0.10481519998693696f,-0.0027363263251485286f,0.9368357435736144f,-0.34975891994503194f,-1.640798797838594f,0f,0f,0f,1f],start_interpolation:0}
execute if entity @s[tag=aj.heiloang_aj.bone.leg_left_1] run data modify entity @s {} merge value {transformation:[-0.24464697316229445f,0.8110711031025799f,0.531329957968203f,-0.6485727041891297f,0.969606507546211f,0.20652471761537272f,0.1311897920492679f,-0.18188216210024175f,-0.0033285201767732156f,0.5472761704348685f,-0.8369454666987435f,-1.0091406240488212f,0f,0f,0f,1f],start_interpolation:0}
execute if entity @s[tag=aj.heiloang_aj.bone.leg_left_0] run data modify entity @s {} merge value {transformation:[-0.24300807994150447f,0.9064154097116295f,0.34548252939974056f,0.028119617268710928f,0.9700205466790568f,0.22805811075044338f,0.08396211729942425f,0.025397319112996752f,-0.00268553599997582f,0.3555286249491561f,-0.9346615348553482f,-0.8125210541780356f,0f,0f,0f,1f],start_interpolation:0}
execute if entity @s[tag=aj.heiloang_aj.bone.tail_4] run data modify entity @s {} merge value {transformation:[-0.1329160142267818f,1.5604574690594852f,0.17933260748175753f,0.5419075140502768f,1.5707283969069064f,0.13204688192193625f,0.015175236822807534f,0.43458110437281117f,-1.6277517137825238e-17f,0.17997353116176393f,-1.5660344478231758f,-5.059752325557118f,0f,0f,0f,1f],start_interpolation:0}
execute if entity @s[tag=aj.heiloang_aj.bone.tail_3] run data modify entity @s {} merge value {transformation:[-0.08431927031074216f,0.9899231172968125f,0.11376503195457469f,0.3640440331872927f,0.996438789216008f,0.0837679100989995f,0.009626867786665933f,0.41953018595854985f,-1.0326132449249083e-17f,0.11417162116308653f,-0.9934610414711753f,-3.7351503459307134f,0f,0f,0f,1f],start_interpolation:0}
execute if entity @s[tag=aj.heiloang_aj.bone.tail_2] run data modify entity @s {} merge value {transformation:[-0.08431927031074216f,0.9891514310557731f,0.12029009557972938f,0.2879286849937536f,0.996438789216008f,0.08370260952915266f,0.010179022730410239f,0.4130892578367363f,-1.0326132449249083e-17f,0.12072000496324807f,-0.992686597271099f,-2.9556711857767644f,0f,0f,0f,1f],start_interpolation:0}
execute if entity @s[tag=aj.heiloang_aj.bone.tail_1] run data modify entity @s {} merge value {transformation:[-0.08431927031074216f,0.9878088442598257f,0.1308585031869598f,0.20234750246262098f,0.996438789216008f,0.0835889989991449f,0.011073327957617717f,0.4058473249237942f,-1.0326132449249083e-17f,0.13132618340753122f,-0.991339212152738f,-2.1787359069005503f,0f,0f,0f,1f],start_interpolation:0}
execute if entity @s[tag=aj.heiloang_aj.bone.tail_ring] run data modify entity @s {} merge value {transformation:[-0.08431927031074216f,0.9908765138216022f,0.10513798082050219f,0.24818865391756023f,0.996438789216008f,0.08384858710611431f,0.00889684135209609f,0.4097264316814967f,-1.0326132449249083e-17f,0.10551373748027625f,-0.9944178453763505f,-2.3183687008470217f,0f,0f,0f,1f],start_interpolation:0}
execute if entity @s[tag=aj.heiloang_aj.bone.tail_0] run data modify entity @s {} merge value {transformation:[-0.08431927031074216f,0.9908765138216022f,0.10513798082050219f,0.07893131508395934f,0.996438789216008f,0.08384858710611431f,0.00889684135209609f,0.3954037703603571f,-1.0326132449249083e-17f,0.10551373748027625f,-0.9944178453763505f,-0.9316506274313361f,0f,0f,0f,1f],start_interpolation:0}
execute if entity @s[tag=aj.heiloang_aj.bone.body_1] run data modify entity @s {} merge value {transformation:[-0.08431927031074216f,0.9913735330528545f,0.10034330379534599f,0.11393397201988234f,0.996438789216008f,0.08389064518269979f,0.008491112799060795f,0.39530544369013304f,-1.0326132449249083e-17f,0.10070192457511162f,-0.9949166409236849f,-0.5747367336140192f,0f,0f,0f,1f],start_interpolation:0}