execute if entity @s[tag=aj.heiloang_aj.bone.head_lower] run data modify entity @s {} merge value {transformation:[-0.21461622197038666f,-0.7521460007185792f,-0.16797699506243408f,0.5098378326894024f,-0.7686533514836755f,0.22152835733276616f,-0.009859622221951577f,0.30586781552042197f,0.05578442901089009f,0.15875005669445783f,-0.7821039042093036f,2.9074324821256865f,0f,0f,0f,1f],start_interpolation:0}
execute if entity @s[tag=aj.heiloang_aj.bone.horne_right] run data modify entity @s {} merge value {transformation:[0.3514421851160219f,-0.7012040359900518f,-0.15748425455307624f,-0.05337014562905096f,-0.716265785925526f,-0.35608393620345435f,-0.012944276354549606f,0.1014129478327768f,-0.05875129303568176f,0.14668718515642915f,-0.7842392206957767f,2.8005121842701435f,0f,0f,0f,1f],start_interpolation:0}
execute if entity @s[tag=aj.heiloang_aj.bone.horne_left] run data modify entity @s {} merge value {transformation:[-0.6679055382571761f,-0.4112188000727275f,-0.15748425455307624f,0.12909656629017174f,-0.4171556058985951f,0.6825054184232043f,-0.012944276354549606f,0.7549220272641977f,0.1410084835489267f,0.07131235720205256f,-0.7842392206957767f,2.7530842627250847f,0f,0f,0f,1f],start_interpolation:0}
execute if entity @s[tag=aj.heiloang_aj.bone.head_upper] run data modify entity @s {} merge value {transformation:[-0.31436447653667315f,-1.1050449256610613f,-0.23067899896298227f,0.3429855868097329f,-1.125904212919501f,0.3242565604193875f,-0.0189604523972354f,0.33736154593604184f,0.08171163700442655f,0.21655370626181453f,-1.1487340044946563f,2.7086917689938055f,0f,0f,0f,1f],start_interpolation:0}
execute if entity @s[tag=aj.heiloang_aj.bone.neck_0] run data modify entity @s {} merge value {transformation:[-0.2682702774629833f,-0.9430159287783627f,-0.19685531819134527f,0.3211050720166773f,-0.9608166893545944f,0.27671191857058886f,-0.016180345443187007f,0.31297585544633977f,0.06973053626361261f,0.18480116934496296f,-0.9802990258697207f,2.2769663472259443f,0f,0f,0f,1f],start_interpolation:0}
execute if entity @s[tag=aj.heiloang_aj.bone.neck_1] run data modify entity @s {} merge value {transformation:[-0.2682702774629833f,-0.9430159287783627f,-0.19685531819134527f,0.23760457620223763f,-0.9608166893545944f,0.27671191857058886f,-0.016180345443187007f,0.31053507240771855f,0.06973053626361261f,0.18480116934496296f,-0.9802990258697207f,1.9220881606379778f,0f,0f,0f,1f],start_interpolation:0}
execute if entity @s[tag=aj.heiloang_aj.bone.neck_2] run data modify entity @s {} merge value {transformation:[-0.2682702774629833f,-0.9430159287783627f,-0.19685531819134527f,0.18854009078072376f,-0.9608166893545944f,0.27671191857058886f,-0.016180345443187007f,0.294629837946644f,0.06973053626361261f,0.18480116934496296f,-0.9802990258697207f,1.5141670494568862f,0f,0f,0f,1f],start_interpolation:0}
execute if entity @s[tag=aj.heiloang_aj.bone.neck_3] run data modify entity @s {} merge value {transformation:[-0.2682702774629833f,-0.9430159287783627f,-0.19685531819134527f,0.10950377310198163f,-0.9608166893545944f,0.27671191857058886f,-0.016180345443187007f,0.27955558418170967f,0.06973053626361261f,0.18480116934496296f,-0.9802990258697207f,1.0023871122521557f,0f,0f,0f,1f],start_interpolation:0}
execute if entity @s[tag=aj.heiloang_aj.bone.wing_right_2] run data modify entity @s {} merge value {transformation:[2.194846267075447f,-0.2683180320628729f,0.8026402082476864f,-1.4699268893644715f,-0.6437978016916523f,-1.9774599111944633f,1.0994328976689705f,1.7151560958462877f,0.5493179960305129f,-1.2454853429927224f,-1.9184869053366842f,0.9557613070510408f,0f,0f,0f,1f],start_interpolation:0}
execute if entity @s[tag=aj.heiloang_aj.bone.wing_right_1] run data modify entity @s {} merge value {transformation:[0.9221491847480633f,3.0057309602182056f,1.1412453937494f,-2.0910377497152f,2.607916583217015f,-1.3936488537431146f,1.5632442996352778f,-0.016077445766454868f,1.8803272983579662f,0.45884969232445205f,-2.7278278874964936f,-0.23382104916925373f,0f,0f,0f,1f],start_interpolation:0}
execute if entity @s[tag=aj.heiloang_aj.bone.wing_right_0] run data modify entity @s {} merge value {transformation:[-2.0302573155299006f,-0.4823690226384639f,0.7574796094523828f,-0.19657038540603688f,-0.07880707260548743f,1.9610281016854316f,1.0375732406473217f,0.06554030755886653f,-0.8945639597282435f,0.9220026629022525f,-1.8105431261244451f,0.5837228619320153f,0f,0f,0f,1f],start_interpolation:0}
execute if entity @s[tag=aj.heiloang_aj.bone.wing_left_2] run data modify entity @s {} merge value {transformation:[1.7225272294810303f,-1.4717471571965648f,-0.6328003281456512f,0.6872769554562539f,-1.5535661293904275f,-1.307785656429358f,-1.1873099699612932f,-0.768301226233808f,0.3910348215034815f,1.287335616085592f,-1.9296203736098654f,1.270687111351841f,0f,0f,0f,1f],start_interpolation:0}
execute if entity @s[tag=aj.heiloang_aj.bone.wing_left_1] run data modify entity @s {} merge value {transformation:[2.122579812057164f,2.423285495713977f,-0.8997561450802325f,2.090657304592122f,1.8321935012890553f,-2.2316559402205685f,-1.688193564497982f,0.4569534429857511f,-1.8234419892559037f,0.5784617045583187f,-2.743658167680142f,0.11858943758619672f,0f,0f,0f,1f],start_interpolation:0}
execute if entity @s[tag=aj.heiloang_aj.bone.wing_left_0] run data modify entity @s {} merge value {transformation:[-2.1370515337369898f,-0.06905028749446937f,-0.5971957802507575f,0.09814269056520264f,0.25173704055835466f,1.8998670955909835f,-1.1205059042689605f,0.6821186129972281f,0.545929669978928f,-1.146358180015134f,-1.8210501691466623f,0.6117752623743806f,0f,0f,0f,1f],start_interpolation:0}
execute if entity @s[tag=aj.heiloang_aj.bone.kazari_right] run data modify entity @s {} merge value {transformation:[-2.0206968509324055f,0.4595925144327917f,1.6163010690664825f,-2.834823590632575f,-1.5655689064343723f,0.40342066255930226f,-2.0719835802395603f,0.8000679496363443f,-0.610449362678013f,-2.5559531838932044f,-0.036401729470586286f,-3.2183517946546503f,0f,0f,0f,1f],start_interpolation:0}
execute if entity @s[tag=aj.heiloang_aj.bone.kazari_left] run data modify entity @s {} merge value {transformation:[-1.9018986642397757f,-0.8229353034435657f,1.6163010690664825f,-0.16844016603973144f,-1.5014969199068322f,-0.5993840432345521f,-2.0719835802395603f,2.884272616568795f,1.0174274711395908f,-2.4228880377801807f,-0.036401729470586286f,-3.4589850876199293f,0f,0f,0f,1f],start_interpolation:0}
execute if entity @s[tag=aj.heiloang_aj.bone.ring] run data modify entity @s {} merge value {transformation:[-1.7312512929120563f,0.4292716039266603f,-1.2928345356760063f,-1.1937988106520045f,-1.3532494955676266f,-0.3021651662809692f,1.711823092733705f,1.9075173397760392f,0.15624035752751478f,2.1394738577820145f,0.5011654899641907f,0.2418713938307075f,0f,0f,0f,1f],start_interpolation:0}
execute if entity @s[tag=aj.heiloang_aj.bone.body_0] run data modify entity @s {} merge value {transformation:[-0.48628334387770916f,-1.018420777668323f,-0.00007083950838232277f,0.0031343619970788245f,-1.0173683646133096f,0.48577725944148037f,0.0513268042180558f,0.37851024590973276f,-0.04628710499510109f,0.022179940501432162f,-1.1273943099413795f,-0.055092491622136364f,0f,0f,0f,1f],start_interpolation:0}
execute if entity @s[tag=aj.heiloang_aj.bone.leg_right_3] run data modify entity @s {} merge value {transformation:[-0.6174829976140261f,0.5208108018641898f,-0.5894665862618306f,-0.012034077012331834f,-0.7865792172714254f,-0.41151827268835517f,0.4603757663042924f,-0.11451012618175901f,-0.0028075993781904274f,0.7479363742359187f,0.6637644894693897f,-2.2551787121847644f,0f,0f,0f,1f],start_interpolation:0}
execute if entity @s[tag=aj.heiloang_aj.bone.leg_right_2] run data modify entity @s {} merge value {transformation:[-0.6206752301399849f,-0.12259524711476927f,-0.7744240854180255f,-0.05005919846698953f,-0.7840650438623469f,0.09444543231202218f,0.6134509493908469f,-0.0860109721243536f,-0.002065353193212773f,0.9879526636940983f,-0.15474258824229148f,-1.6470209704295833f,0f,0f,0f,1f],start_interpolation:0}
execute if entity @s[tag=aj.heiloang_aj.bone.leg_right_1] run data modify entity @s {} merge value {transformation:[-0.6210803910848848f,-0.5926115832055007f,-0.5129041423702059f,0.2673718773033259f,-0.7837454544025322f,0.46837289100162266f,0.40788466222469133f,-0.33866419261441544f,-0.0014867794775739634f,0.6553154556589156f,-0.7553538528804451f,-1.064825405868917f,0f,0f,0f,1f],start_interpolation:0}
execute if entity @s[tag=aj.heiloang_aj.bone.leg_right_0] run data modify entity @s {} merge value {transformation:[-0.6189897112267964f,-0.7101091522139495f,-0.3355543612253502f,-0.2516702589647106f,-0.7853936566338188f,0.5580584078215759f,0.2678201216843253f,0.11542449982129266f,-0.0029225869920881625f,0.4293201665443091f,-0.9031476363716181f,-0.8119711856380794f,0f,0f,0f,1f],start_interpolation:0}
execute if entity @s[tag=aj.heiloang_aj.bone.leg_left_3] run data modify entity @s {} merge value {transformation:[-0.55340938682034f,0.5635109661890462f,-0.6133461025912064f,0.4509129801185743f,-0.8328011259280818f,-0.38623724365041184f,0.39656408847782904f,0.587853088971867f,-0.01342889541453048f,0.7302576138610399f,0.6830398832908117f,-2.3283076676953205f,0f,0f,0f,1f],start_interpolation:0}
execute if entity @s[tag=aj.heiloang_aj.bone.leg_left_2] run data modify entity @s {} merge value {transformation:[-0.55340938682034f,-0.12125342306940223f,-0.8240361994312432f,0.41604451059116665f,-0.8328011259280818f,0.06460273708564704f,0.5497897516450828f,0.6012057582413548f,-0.01342889541453048f,0.9905170840298491f,-0.1367317483723159f,-1.7194399919589693f,0f,0f,0f,1f],start_interpolation:0}
execute if entity @s[tag=aj.heiloang_aj.bone.leg_left_1] run data modify entity @s {} merge value {transformation:[-0.5529901676056812f,-0.6173488615411288f,-0.559537539120757f,0.7645243624909761f,-0.8330697605674277f,0.39837607708703593f,0.38378545469164516f,0.360302795626224f,-0.014023143712070595f,0.678363386658372f,-0.7345927219090961f,-1.1501638124942457f,0f,0f,0f,1f],start_interpolation:0}
execute if entity @s[tag=aj.heiloang_aj.bone.leg_left_0] run data modify entity @s {} merge value {transformation:[-0.5540733837852364f,-0.7039323797420078f,-0.44438934520477835f,0.20031491351699504f,-0.8323633135291801f,0.46000533646207575f,0.309138164446152f,0.6871513558751651f,-0.013190893506570388f,0.5411786167035483f,-0.8408042014353474f,-0.8119711856380794f,0f,0f,0f,1f],start_interpolation:0}
execute if entity @s[tag=aj.heiloang_aj.bone.tail_4] run data modify entity @s {} merge value {transformation:[-0.9781326259620964f,-1.1431595630846993f,-0.4704223028770697f,-0.9389648416536812f,-1.2361676840573022f,0.904236866363161f,0.3729604671943256f,1.1230850134318495f,-0.0006217785563109855f,0.6003301312822821f,-1.457551958097446f,-4.929645502768195f,0f,0f,0f,1f],start_interpolation:0}
execute if entity @s[tag=aj.heiloang_aj.bone.tail_3] run data modify entity @s {} merge value {transformation:[-0.6201606603806761f,-0.7492396737283971f,-0.23246648495550565f,-0.6087600729936287f,-0.7844748113778288f,0.5923662377386576f,0.18357971211729177f,0.8623030137302912f,0.00016009348351039357f,0.29621301743629125f,-0.9551218889080931f,-3.661028179937619f,0f,0f,0f,1f],start_interpolation:0}
execute if entity @s[tag=aj.heiloang_aj.bone.tail_2] run data modify entity @s {} merge value {transformation:[-0.6201600280239237f,-0.7575986794989253f,-0.20358236776020242f,-0.4631964069118355f,-0.7844753252452553f,0.5988927456845548f,0.16101535096929714f,0.7471697643849884f,-0.000061014072525148954f,0.25956062873228514f,-0.9657268124523537f,-2.900121913100487f,0f,0f,0f,1f],start_interpolation:0}
execute if entity @s[tag=aj.heiloang_aj.bone.tail_1] run data modify entity @s {} merge value {transformation:[-0.6201646872232435f,-0.7641257418624745f,-0.1775038347315887f,-0.33738484030960303f,-0.7844716443033412f,0.6040808823032991f,0.14032293796696085f,0.6477115765070416f,0.0000023040225511295906f,0.22627005603656478f,-0.9740646086045326f,-2.1350830052459058f,0f,0f,0f,1f],start_interpolation:0}
execute if entity @s[tag=aj.heiloang_aj.bone.tail_ring] run data modify entity @s {} merge value {transformation:[-0.6201697941767379f,-0.760497317723643f,-0.19244026638395262f,-0.3886267742001736f,-0.7844676069735337f,0.6012198092209371f,0.15213584261953988f,0.6882214704932765f,-7.594889533664149e-17f,0.24531320945983331f,-0.9694438762839838f,-2.26679097190559f,0f,0f,0f,1f],start_interpolation:0}
execute if entity @s[tag=aj.heiloang_aj.bone.tail_0] run data modify entity @s {} merge value {transformation:[-0.6201697941767379f,-0.760497317723643f,-0.19244026638395262f,-0.10262257857281731f,-0.7844676069735337f,0.6012198092209371f,0.15213584261953988f,0.4621175988239326f,-7.594889533664149e-17f,0.24531320945983331f,-0.9694438762839838f,-0.9181179797337496f,0f,0f,0f,1f],start_interpolation:0}
execute if entity @s[tag=aj.heiloang_aj.bone.body_1] run data modify entity @s {} merge value {transformation:[-0.6201697941767379f,-0.761051866154817f,-0.1902353369199659f,-0.08760338579869471f,-0.7844676069735337f,0.6016582137941342f,0.1503927105390064f,0.4541311955158356f,-7.594889533664149e-17f,0.2425024758560669f,-0.9701507868386634f,-0.5598954728038235f,0f,0f,0f,1f],start_interpolation:0}