execute if entity @s[tag=aj.heiloang_aj.bone.head_lower] run data modify entity @s {} merge value {transformation:[-0.7847526792075485f,-0.07879175654577604f,0.13399661031908622f,-0.3310684181028196f,0.04753526864652215f,0.5349392803705885f,0.5929421258025945f,-0.6981303091618514f,-0.147998752397704f,0.5896031083848081f,-0.5200620577120532f,3.0026455492926085f,0f,0f,0f,1f],start_interpolation:0}
execute if entity @s[tag=aj.heiloang_aj.bone.horne_right] run data modify entity @s {} merge value {transformation:[-0.6016371149267931f,-0.5083686984306213f,0.13997874266659305f,-0.6037522335589824f,-0.5025743435524009f,0.6171195167050172f,0.08113280042399287f,-0.20723025135904977f,-0.15953623771870065f,-0.026921525917413956f,-0.7834688381147268f,2.767916684655715f,0f,0f,0f,1f],start_interpolation:0}
execute if entity @s[tag=aj.heiloang_aj.bone.horne_left] run data modify entity @s {} merge value {transformation:[-0.555523615834709f,0.5553332522593941f,0.15165253438348583f,0.0634444943032752f,0.5726676960969241f,0.5545960272742155f,0.06689511475958897f,-0.2476447367623229f,-0.058696014319299716f,0.1550104043819689f,-0.7826407556704205f,2.8937452239442427f,0f,0f,0f,1f],start_interpolation:0}
execute if entity @s[tag=aj.heiloang_aj.bone.head_upper] run data modify entity @s {} merge value {transformation:[-1.149486105686237f,0.04999028987631077f,0.22213684105157047f,-0.28312030074293043f,0.06962847313170949f,1.1656383121551568f,0.09798629172197694f,-0.5504478406104043f,-0.21678487254334688f,0.10931792421263749f,-1.1463926128871402f,2.792359399984236f,0f,0f,0f,1f],start_interpolation:0}
execute if entity @s[tag=aj.heiloang_aj.bone.neck_0] run data modify entity @s {} merge value {transformation:[-0.9938374983583783f,0.09176792483475013f,0.06217455129136994f,-0.26176230896609964f,0.10291762216980717f,0.972251214122885f,0.21008460125265888f,-0.5246997528787348f,-0.041170255083887636f,0.21518881153094244f,-0.9757042510352345f,2.3606869190518407f,0f,0f,0f,1f],start_interpolation:0}
execute if entity @s[tag=aj.heiloang_aj.bone.neck_1] run data modify entity @s {} merge value {transformation:[-0.9866052390764218f,-0.006573761947499639f,0.16299352097802355f,-0.20245545185475788f,0.07591952970598613f,0.8658753641947304f,0.4944654474175769f,-0.3337240142902675f,-0.14438257248081474f,0.5002165924222227f,-0.853778093786273f,2.055846335288414f,0f,0f,0f,1f],start_interpolation:0}
execute if entity @s[tag=aj.heiloang_aj.bone.neck_2] run data modify entity @s {} merge value {transformation:[-0.9813330642704566f,-0.014071585656428567f,0.19180043651323964f,-0.12338387751886115f,0.09453713661420629f,0.8332061895775641f,0.5448212325620422f,-0.13838240037836982f,-0.16747580950794777f,0.5527833536990325f,-0.8163224957716819f,1.702789295751608f,0f,0f,0f,1f],start_interpolation:0}
execute if entity @s[tag=aj.heiloang_aj.bone.neck_3] run data modify entity @s {} merge value {transformation:[-0.999135913627512f,0.009443755264535085f,0.04047519717333241f,-0.10266665532008643f,0.025982609708456787f,0.902013761843034f,0.430924677221572f,0.06277772932356229f,-0.032439637674526865f,0.43160397233144354f,-0.9014797174508496f,1.225821712275822f,0f,0f,0f,1f],start_interpolation:0}
execute if entity @s[tag=aj.heiloang_aj.bone.wing_right_2] run data modify entity @s {} merge value {transformation:[-2.180443717792745f,-0.8477834233516487f,-0.24597655772312524f,-4.396387281181757f,-0.8701146140953324f,1.9536252332734823f,0.9797065951476843f,1.474088678060428f,-0.1488010692061349f,0.9990934497474684f,-2.124440285533067f,1.8343061126594566f,0f,0f,0f,1f],start_interpolation:0}
execute if entity @s[tag=aj.heiloang_aj.bone.wing_right_1] run data modify entity @s {} merge value {transformation:[-3.2648216425340326f,0.6370531092139617f,-0.34974526641857806f,-2.2535286168781385f,0.43793712842971494f,3.0091450064864858f,1.3930097538711559f,1.1661697745233497f,0.5799736949932416f,1.3139362385132187f,-3.02066562981367f,1.500543993261992f,0f,0f,0f,1f],start_interpolation:0}
execute if entity @s[tag=aj.heiloang_aj.bone.wing_right_0] run data modify entity @s {} merge value {transformation:[-1.963339691331792f,1.0098563372495417f,-0.23213667215268297f,-0.42923589405344764f,0.8356477506288218f,1.8371822103079514f,0.9245833456195167f,0.3963234732537319f,0.6126908627604731f,0.7303093209352647f,-2.0049085272014024f,0.9145927729889178f,0f,0f,0f,1f],start_interpolation:0}
execute if entity @s[tag=aj.heiloang_aj.bone.wing_left_2] run data modify entity @s {} merge value {transformation:[-2.0555079923422315f,1.124772789681016f,0.20820439796363738f,4.3566513383737f,1.1325897618962655f,1.9412112899843068f,0.6946331155410244f,1.1496487942465885f,0.1603225841420271f,0.7072205494410165f,-2.2377917172479154f,1.5163141608093857f,0f,0f,0f,1f],start_interpolation:0}
execute if entity @s[tag=aj.heiloang_aj.bone.wing_left_1] run data modify entity @s {} merge value {transformation:[-3.3196613598547975f,-0.2818306300273024f,0.2960383839393247f,2.178705231977207f,-0.18277407496312262f,3.1903467731995137f,0.9876739731089517f,1.0149566124456806f,-0.36559658957431196f,0.9640942566024658f,-3.1818359748701326f,1.3253606783187062f,0f,0f,0f,1f],start_interpolation:0}
execute if entity @s[tag=aj.heiloang_aj.bone.wing_left_0] run data modify entity @s {} merge value {transformation:[-2.0706323294520184f,-0.7760628379204715f,0.1964897651963838f,0.2543310760037335f,-0.6895509894756677f,2.0057851905493127f,0.6555495422057603f,0.3788421379742835f,-0.4066954501113004f,0.5504109746106799f,-2.111882233905784f,0.9301536669202503f,0f,0f,0f,1f],start_interpolation:0}
execute if entity @s[tag=aj.heiloang_aj.bone.kazari_right] run data modify entity @s {} merge value {transformation:[-2.6262587551344385f,0.0604534251906342f,-0.07733384135471948f,-2.420877160102304f,0.07483328404543327f,-0.10683347858140592f,-2.6248536675421383f,2.5802677033601102f,-0.06352258838344096f,-2.6252242151468055f,0.10503756246291773f,-2.8241559688423474f,0f,0f,0f,1f],start_interpolation:0}
execute if entity @s[tag=aj.heiloang_aj.bone.kazari_left] run data modify entity @s {} merge value {transformation:[-2.6262587551344385f,0.0604534251906342f,-0.07733384135471948f,2.649666160851157f,0.07483328404543327f,-0.10683347858140592f,-2.6248536675421383f,2.43578635404152f,-0.06352258838344096f,-2.6252242151468055f,0.10503756246291773f,-2.7015122896437056f,0f,0f,0f,1f],start_interpolation:0}
execute if entity @s[tag=aj.heiloang_aj.bone.ring] run data modify entity @s {} merge value {transformation:[-2.2013987404518858f,-0.06542260792079992f,0.049897431734700695f,0.03571727168724269f,0.06272721487150722f,-0.46990173696510035f,2.151321440393246f,2.7277580567896837f,-0.053246294099604886f,2.151241159366855f,0.47143673191069374f,0.748829371644018f,0f,0f,0f,1f],start_interpolation:0}
execute if entity @s[tag=aj.heiloang_aj.bone.body_0] run data modify entity @s {} merge value {transformation:[-1.1279011997289152f,0.016117736290956593f,0.03509242317940831f,-0.0679960347160509f,0.028844604696016622f,1.0335137910614323f,0.45240425329944706f,0.5959336512000217f,-0.02567583236582672f,0.4530362438043504f,-1.0333205162821653f,0.30174795962312684f,0f,0f,0f,1f],start_interpolation:0}
execute if entity @s[tag=aj.heiloang_aj.bone.leg_right_3] run data modify entity @s {} merge value {transformation:[-0.9910664452616147f,0.10827622661239976f,-0.07786886301396156f,-0.5445552768709412f,-0.005934336122222921f,0.5474806123452668f,0.8367973247811205f,-0.41642623793845335f,0.13323694957216378f,0.8297838500818341f,-0.5419471168039119f,-0.9904242711804988f,0f,0f,0f,1f],start_interpolation:0}
execute if entity @s[tag=aj.heiloang_aj.bone.leg_right_2] run data modify entity @s {} merge value {transformation:[-0.9925491226005612f,0.041406833481063735f,-0.11459368815919894f,-0.5139660440064008f,0.002997408533654074f,0.948499293165175f,0.3167650650044058f,0.145492028008905f,0.12180827051944637f,0.3140614032418414f,-0.9415562544143748f,-0.7549967627456025f,0f,0f,0f,1f],start_interpolation:0}
execute if entity @s[tag=aj.heiloang_aj.bone.leg_right_1] run data modify entity @s {} merge value {transformation:[-0.9920598938139716f,-0.08192699129335357f,-0.09542083202021516f,-0.4527848256378867f,-0.11139794041770891f,0.9245805158528224f,0.3643368888487975f,-0.04218398467199991f,0.058375216971793036f,0.37207369942384694f,-0.9263657464741174f,-0.0733939562182574f,0f,0f,0f,1f],start_interpolation:0}
execute if entity @s[tag=aj.heiloang_aj.bone.leg_right_0] run data modify entity @s {} merge value {transformation:[-0.991530789906077f,0.1296612450768181f,0.007392847446025072f,-0.3217737780394313f,0.10773306384616435f,0.8529642176811706f,-0.5107304869594793f,0.5426202684486284f,-0.07252778517609075f,-0.5056085490581405f,-0.859709087713264f,-0.4981016526959439f,0f,0f,0f,1f],start_interpolation:0}
execute if entity @s[tag=aj.heiloang_aj.bone.leg_left_3] run data modify entity @s {} merge value {transformation:[-0.8596755805087546f,-0.5077584198059315f,0.056029308340536155f,1.0312537068823697f,-0.33666638411475275f,0.6456373268083118f,0.6854255525138485f,-0.07535418732043547f,-0.3842052082989419f,0.5703804251094179f,-0.7259838349219396f,-0.7446228424342716f,0f,0f,0f,1f],start_interpolation:0}
execute if entity @s[tag=aj.heiloang_aj.bone.leg_left_2] run data modify entity @s {} merge value {transformation:[-0.8596755805087546f,-0.4250622197916852f,0.2833372647265102f,0.7593703625956161f,-0.33666638411475275f,0.8885832098775263f,0.3115696149030731f,0.4503691613073319f,-0.3842052082989419f,0.17245865716024988f,-0.906997447342852f,-0.5969463097439085f,0f,0f,0f,1f],start_interpolation:0}
execute if entity @s[tag=aj.heiloang_aj.bone.leg_left_1] run data modify entity @s {} merge value {transformation:[-0.9178709442595682f,-0.37017863595441214f,0.14311082127840366f,0.630597017017775f,-0.2431045059802784f,0.8094334488212721f,0.534525669263306f,0.1339586740487868f,-0.313708668761533f,0.45583469527037024f,-0.8329475384030107f,0.025026070755669816f,0f,0f,0f,1f],start_interpolation:0}
execute if entity @s[tag=aj.heiloang_aj.bone.leg_left_0] run data modify entity @s {} merge value {transformation:[-0.8627860439047347f,-0.32641964912878113f,0.38607053125803376f,0.3870190325001408f,-0.46755912963757595f,0.8056707440957322f,-0.3637074544201443f,0.6811367477577067f,-0.19232447253474913f,-0.4943125173115408f,-0.8477419610313967f,-0.40018265166042316f,0f,0f,0f,1f],start_interpolation:0}
execute if entity @s[tag=aj.heiloang_aj.bone.tail_4] run data modify entity @s {} merge value {transformation:[-0.2746367405048477f,-1.2206310221202072f,-0.9588998551936092f,-2.0551448280610622f,-1.3491672506585488f,0.6692531685429002f,-0.4655129319722644f,2.3421262201999835f,0.7675785003522433f,0.7396042644014028f,-1.1613195690954041f,-3.4365881096914834f,0f,0f,0f,1f],start_interpolation:0}
execute if entity @s[tag=aj.heiloang_aj.bone.tail_3] run data modify entity @s {} merge value {transformation:[-0.5688401123113174f,-0.33910027915617863f,-0.7492876132046021f,-1.045006287497512f,-0.8038014190079313f,0.4221160634135354f,0.41919125445206507f,1.7709353337955065f,0.1741384662459265f,0.84073124700136f,-0.5126858344922888f,-2.7734188608894836f,0f,0f,0f,1f],start_interpolation:0}
execute if entity @s[tag=aj.heiloang_aj.bone.tail_2] run data modify entity @s {} merge value {transformation:[-0.8068902470955446f,-0.24347165524156794f,-0.5381911205473591f,-0.6280508672501933f,-0.5859418557464031f,0.4453256919553318f,0.6770208045318593f,1.2489641442390846f,0.07483495724961829f,0.8616301881772922f,-0.5019891911137249f,-2.364619340709438f,0f,0f,0f,1f],start_interpolation:0}
execute if entity @s[tag=aj.heiloang_aj.bone.tail_1] run data modify entity @s {} merge value {transformation:[-0.8426829127416725f,-0.16964453370911153f,-0.5109855582654258f,-0.2315880830018428f,-0.40683803216280684f,0.822268712759811f,0.3979409247642396f,0.9518661226592471f,0.35265893460836306f,0.5432263765677634f,-0.7619296421861751f,-1.7600078636122896f,0f,0f,0f,1f],start_interpolation:0}
execute if entity @s[tag=aj.heiloang_aj.bone.tail_ring] run data modify entity @s {} merge value {transformation:[-0.9594667942061281f,-0.188310108831709f,-0.20967301621239964f,-0.26756010600460167f,-0.23113201503301745f,0.951482170598027f,0.20312476624194237f,1.0105668945250588f,0.16124968974417372f,0.24335361502524805f,-0.9564400428733372f,-1.8899078587035016f,0f,0f,0f,1f],start_interpolation:0}
execute if entity @s[tag=aj.heiloang_aj.bone.tail_0] run data modify entity @s {} merge value {transformation:[-0.9594667942061281f,-0.188310108831709f,-0.20967301621239964f,0.029587232639187874f,-0.23113201503301745f,0.951482170598027f,0.20312476624194237f,0.7053219795643138f,0.16124968974417372f,0.24335361502524805f,-0.9564400428733372f,-0.5593556419372513f,0f,0f,0f,1f],start_interpolation:0}
execute if entity @s[tag=aj.heiloang_aj.bone.body_1] run data modify entity @s {} merge value {transformation:[-0.972536087882551f,-0.21340191773556072f,0.09291490339492303f,-0.015188427880055142f,-0.19005874903268968f,0.9585592462300367f,0.21223063723937835f,0.6989910014055268f,-0.1343548647508976f,0.18874266336387358f,-0.9727923608582046f,-0.20359198134054934f,0f,0f,0f,1f],start_interpolation:0}