execute if entity @s[tag=aj.heiloang_aj.bone.head_lower] run data modify entity @s {} merge value {transformation:[-0.782030479447405f,0.11918388573544153f,0.1192624441987638f,-0.20473393627249423f,0.1549437975199851f,0.28485382905353884f,0.7313348861387807f,0.16432022131190938f,0.06648871201450578f,0.7380064345617445f,-0.30153897545775676f,2.9819032036909903f,0f,0f,0f,1f],start_interpolation:0}
execute if entity @s[tag=aj.heiloang_aj.bone.horne_right] run data modify entity @s {} merge value {transformation:[-0.6756953805421162f,-0.41813412917563436f,-0.09273404300783417f,-0.47651051132129846f,-0.4132688038142136f,0.6820023255222613f,-0.06388836964735312f,0.6522710233413377f,0.11244842599171412f,-0.006056236517975395f,-0.7920345153408559f,2.740079966780578f,0f,0f,0f,1f],start_interpolation:0}
execute if entity @s[tag=aj.heiloang_aj.bone.horne_left] run data modify entity @s {} merge value {transformation:[-0.47745131784053835f,0.6365048494280174f,-0.08307716742252508f,0.1883718023048852f,0.641741904595777f,0.47099256506818304f,-0.07958223128486863f,0.5205378066898463f,-0.014407184947733874f,-0.11413842606725566f,-0.7916848190516044f,2.683551263825845f,0f,0f,0f,1f],start_interpolation:0}
execute if entity @s[tag=aj.heiloang_aj.bone.head_upper] run data modify entity @s {} merge value {transformation:[-1.1454986955325728f,0.21491056536220643f,-0.12168935791132919f,-0.20523363733887595f,0.2269578010123362f,1.1437061202124377f,-0.11657006283029346f,0.2680759560694511f,0.0973910031410477f,-0.13752044169617325f,-1.159640130826314f,2.7419784324177496f,0f,0f,0f,1f],start_interpolation:0}
execute if entity @s[tag=aj.heiloang_aj.bone.neck_0] run data modify entity @s {} merge value {transformation:[-0.987076470470772f,0.024134900810748518f,0.1584220565635307f,-0.1383886669731624f,0.05313115457221496f,0.9819647608433119f,0.18144500234440475f,0.27483120172664627f,-0.1511857197515249f,0.18751723927360103f,-0.9705566254054528f,2.3132487314734087f,0f,0f,0f,1f],start_interpolation:0}
execute if entity @s[tag=aj.heiloang_aj.bone.neck_1] run data modify entity @s {} merge value {transformation:[-0.9679959481185771f,0.0005573508958892966f,0.2509652043331817f,-0.04693908547687294f,0.074609768964507f,0.9554238031696389f,0.2856549294374705f,0.3908419692050414f,-0.23961891995641688f,0.29523727016899837f,-0.9248879540258258f,1.9799391255327914f,0f,0f,0f,1f],start_interpolation:0}
execute if entity @s[tag=aj.heiloang_aj.bone.neck_2] run data modify entity @s {} merge value {transformation:[-0.9791629447113379f,-0.013285496685781602f,0.20264111942553364f,0.036548660246140625f,0.0602931744978384f,0.9338443247862671f,0.3525613566082567f,0.5040222899906321f,-0.19391921207862445f,0.35743289250192567f,-0.913584734189726f,1.5935714968925074f,0f,0f,0f,1f],start_interpolation:0}
execute if entity @s[tag=aj.heiloang_aj.bone.neck_3] run data modify entity @s {} merge value {transformation:[-0.9989409194667056f,-0.0011444865517126724f,-0.045997060401134826f,0.012772896661011262f,-0.010156455772859523f,0.980516133523668f,0.196175835173272f,0.5817988608743578f,0.044876339212848504f,0.1964352362747828f,-0.979489311901117f,1.08192885319324f,0f,0f,0f,1f],start_interpolation:0}
execute if entity @s[tag=aj.heiloang_aj.bone.wing_right_2] run data modify entity @s {} merge value {transformation:[-1.3546424424994803f,-1.9216176774342428f,-0.07684634716286445f,-3.980760172691435f,-1.9040218110630691f,1.3268695240703567f,0.3843100511441563f,-1.330405995386468f,-0.27059342618799975f,0.2835115062683329f,-2.3194776200339393f,0.4665250470215796f,0f,0f,0f,1f],start_interpolation:0}
execute if entity @s[tag=aj.heiloang_aj.bone.wing_right_1] run data modify entity @s {} merge value {transformation:[-2.879008477089799f,-1.6989967939639459f,-0.10926507147897935f,-2.094159061414181f,-1.6924221584332293f,2.832725354008142f,0.5464367111602759f,-0.23066032753984622f,-0.18503026614390236f,0.5256384078049108f,-3.2979822373310372f,0.6378439650115934f,0f,0f,0f,1f],start_interpolation:0}
execute if entity @s[tag=aj.heiloang_aj.bone.wing_right_0] run data modify entity @s {} merge value {transformation:[-1.8863225034321713f,-1.1683012830668957f,-0.07252258289408536f,-0.34022256312688015f,-1.163281255718502f,1.8557033675234578f,0.3626868233835952f,0.854245275167089f,-0.1302464323479538f,0.3461749900647684f,-2.18897207453962f,0.7414426708911716f,0f,0f,0f,1f],start_interpolation:0}
execute if entity @s[tag=aj.heiloang_aj.bone.wing_left_2] run data modify entity @s {} merge value {transformation:[-1.5876599693096003f,1.7355077167455126f,-0.030410414164023715f,3.8940914580063604f,1.713267187248468f,1.5734482824238973f,0.35007435489623906f,-1.339094936386528f,0.27861689336896f,0.21412490274387713f,-2.3259619857330778f,0.3119148987030563f,0f,0f,0f,1f],start_interpolation:0}
execute if entity @s[tag=aj.heiloang_aj.bone.wing_left_1] run data modify entity @s {} merge value {transformation:[-2.5058880261986456f,2.2149208384136925f,-0.04323947981932366f,2.2540992689262462f,2.1856136778753825f,2.482448065660414f,0.49775819961393913f,0.08429271229690583f,0.36171373230539927f,0.34466803414249697f,-3.307202124908915f,0.5990519391783541f,0f,0f,0f,1f],start_interpolation:0}
execute if entity @s[tag=aj.heiloang_aj.bone.wing_left_0] run data modify entity @s {} merge value {transformation:[-2.053911971674958f,0.8420344166055375f,-0.02869937041223014f,0.3434720277975163f,0.8287738283110628f,2.032826779308231f,0.3303774006101972f,0.8578052235278434f,0.15159008581339145f,0.2949463113502144f,-2.195091597019129f,0.7224538803914856f,0f,0f,0f,1f],start_interpolation:0}
execute if entity @s[tag=aj.heiloang_aj.bone.kazari_right] run data modify entity @s {} merge value {transformation:[-2.6272385374624654f,-0.0664455985559338f,0.008534533430781371f,-2.5659435820701098f,-0.0048472036715102584f,-0.14538806462513795f,-2.6240634527079125f,3.0659523378832065f,0.0668158697085081f,-2.623226540284569f,0.14521827177733307f,-2.891498763076932f,0f,0f,0f,1f],start_interpolation:0}
execute if entity @s[tag=aj.heiloang_aj.bone.kazari_left] run data modify entity @s {} merge value {transformation:[-2.6272385374624654f,-0.0664455985559338f,0.008534533430781371f,2.5064914141532193f,-0.0048472036715102584f,-0.14538806462513795f,-2.6240634527079125f,3.075310881154629f,0.0668158697085081f,-2.623226540284569f,0.14521827177733307f,-3.020500812559612f,0f,0f,0f,1f],start_interpolation:0}
execute if entity @s[tag=aj.heiloang_aj.bone.ring] run data modify entity @s {} merge value {transformation:[-2.202220019611305f,0.05547173033481542f,0.00872686317487621f,0.05832803949730546f,-0.004063052826121929f,-0.4988666058434875f,2.145703121813444f,3.264120773549666f,0.05600680859452386f,2.1449898094144615f,0.4988068169975188f,0.5203759433522969f,0f,0f,0f,1f],start_interpolation:0}
execute if entity @s[tag=aj.heiloang_aj.bone.body_0] run data modify entity @s {} merge value {transformation:[-1.1281117770908238f,0.002313721630977425f,-0.03179372609292127f,-0.016872943023910538f,-0.005873996554766042f,1.091223856242133f,0.2878339237654186f,0.9662760160319429f,0.03133194043036517f,0.2878845570674754f,-1.0907764057076983f,0.08660577466147668f,0f,0f,0f,1f],start_interpolation:0}
execute if entity @s[tag=aj.heiloang_aj.bone.leg_right_3] run data modify entity @s {} merge value {transformation:[-0.9669074090910673f,0.24780000069067953f,-0.060706028551523475f,-0.731237203762055f,0.06718023100371083f,0.4768401189596626f,0.8764190307796964f,0.05712233270886202f,0.24612370630861063f,0.8433378093078914f,-0.4777075052630837f,-1.2364110797221428f,0f,0f,0f,1f],start_interpolation:0}
execute if entity @s[tag=aj.heiloang_aj.bone.leg_right_2] run data modify entity @s {} merge value {transformation:[-0.9669074090910673f,0.1625373473672057f,-0.19665114531990777f,-0.6231070193310432f,0.06718023100371083f,0.9057981423275238f,0.4183497841738356f,0.5882779128336271f,0.24612370630861063f,0.3912944365395946f,-0.8867422315002673f,-0.9565976357677286f,0f,0f,0f,1f],start_interpolation:0}
execute if entity @s[tag=aj.heiloang_aj.bone.leg_right_1] run data modify entity @s {} merge value {transformation:[-0.9836664366837258f,0.041412669834912735f,-0.17517229266949141f,-0.49639146076385426f,-0.041424240199232944f,0.8949715757091327f,0.44419580254278423f,0.34202833754753925f,0.17516955690375452f,0.4441968814049195f,-0.8786380124284892f,-0.3032584229760585f,0f,0f,0f,1f],start_interpolation:0}
execute if entity @s[tag=aj.heiloang_aj.bone.leg_right_0] run data modify entity @s {} merge value {transformation:[-0.9750561356134706f,0.16856044503127854f,-0.1444053626891417f,-0.34779132065804286f,0.2145160266293304f,0.8827130409345548f,-0.41809157093062177f,0.9509562665494151f,0.05699479556669757f,-0.4386400161122196f,-0.8968536834642439f,-0.6862222752522529f,0f,0f,0f,1f],start_interpolation:0}
execute if entity @s[tag=aj.heiloang_aj.bone.leg_left_3] run data modify entity @s {} merge value {transformation:[-0.9315250353492769f,-0.36272935823798036f,0.02623968730361556f,0.8992702672320231f,-0.2277891938716069f,0.6381847492670751f,0.7354130193015646f,0.20413620310930636f,-0.28350166079381633f,0.6790785215828747f,-0.6771108992269766f,-1.1423103333935527f,0f,0f,0f,1f],start_interpolation:0}
execute if entity @s[tag=aj.heiloang_aj.bone.leg_left_2] run data modify entity @s {} merge value {transformation:[-0.9315250353492769f,-0.3096287310447072f,0.19076466504353728f,0.7019591109744633f,-0.2277891938716069f,0.9056527279865095f,0.35763839201897263f,0.7380675562073516f,-0.28350166079381633f,0.2896949864982774f,-0.914168268495965f,-0.9229941956024961f,0f,0f,0f,1f],start_interpolation:0}
execute if entity @s[tag=aj.heiloang_aj.bone.leg_left_1] run data modify entity @s {} merge value {transformation:[-0.9701486673209061f,-0.22125289636348563f,0.09929108291401842f,0.6152864601894503f,-0.1316272678511294f,0.8242806438559553f,0.5506683961536729f,0.4113809128008068f,-0.2036806953383576f,0.5211607966982744f,-0.8287976823877484f,-0.299045879066201f,0f,0f,0f,1f],start_interpolation:0}
execute if entity @s[tag=aj.heiloang_aj.bone.leg_left_0] run data modify entity @s {} merge value {transformation:[-0.923719700040628f,-0.3009977599168319f,0.23694358881789027f,0.37802716498167305f,-0.3685640055095576f,0.866930884557666f,-0.33554644275094514f,1.0087837702030849f,-0.10441498742806553f,-0.39727973762213403f,-0.9117380766839154f,-0.6545095049315f,0f,0f,0f,1f],start_interpolation:0}
execute if entity @s[tag=aj.heiloang_aj.bone.tail_4] run data modify entity @s {} merge value {transformation:[-1.3681384488664297f,0.48074821333647627f,-0.6180070418650746f,-1.2531570000655308f,0.07367516070056096f,1.3177389694227482f,0.8619688758001025f,2.4330040869557314f,0.7795020969290468f,0.7192353769984706f,-1.166160931023142f,-4.312656980084344f,0f,0f,0f,1f],start_interpolation:0}
execute if entity @s[tag=aj.heiloang_aj.bone.tail_3] run data modify entity @s {} merge value {transformation:[-0.8049591275707679f,0.5578163163453399f,-0.20219238402923057f,-0.9975222792962027f,0.3934617130864495f,0.7569191813466555f,0.5217865782526271f,1.715974656072033f,0.4441043607932539f,0.3404619070151966f,-0.8287683672751943f,-3.2140432913002526f,0f,0f,0f,1f],start_interpolation:0}
execute if entity @s[tag=aj.heiloang_aj.bone.tail_2] run data modify entity @s {} merge value {transformation:[-0.7462388215992434f,0.34453915836075044f,-0.5695791336541731f,-0.5452470872217343f,0.08238130512526531f,0.8968584278935314f,0.43457827934930315f,1.3920854668191436f,0.6605610809789135f,0.277376510671702f,-0.6976541619051382f,-2.6627124136785576f,0f,0f,0f,1f],start_interpolation:0}
execute if entity @s[tag=aj.heiloang_aj.bone.tail_1] run data modify entity @s {} merge value {transformation:[-0.8518044958632365f,-0.05746872691489773f,-0.5206980374977022f,-0.13929963091325304f,-0.19864968426998927f,0.9551631167868435f,0.21954890860461154f,1.2366426618488346f,0.4847343641280357f,0.2904492481601964f,-0.8250283816188178f,-2.013059268486572f,0f,0f,0f,1f],start_interpolation:0}
execute if entity @s[tag=aj.heiloang_aj.bone.tail_ring] run data modify entity @s {} merge value {transformation:[-0.9917930934003688f,-0.04042591876009799f,-0.12129387855835598f,-0.1579842808365224f,-0.05696228755992147f,0.9890523518029121f,0.13612767238540907f,1.286880688019328f,0.11446290962258501f,0.14191966208221596f,-0.9832380443388069f,-2.149956311423911f,0f,0f,0f,1f],start_interpolation:0}
execute if entity @s[tag=aj.heiloang_aj.bone.tail_0] run data modify entity @s {} merge value {transformation:[-0.9917930934003688f,-0.04042591876009799f,-0.12129387855835598f,0.01236461228842791f,-0.05696228755992147f,0.9890523518029121f,0.13612767238540907f,1.0743750682597235f,0.11446290962258501f,0.14191966208221596f,-0.9832380443388069f,-0.7796779394513571f,0f,0f,0f,1f],start_interpolation:0}
execute if entity @s[tag=aj.heiloang_aj.bone.body_1] run data modify entity @s {} merge value {transformation:[-0.9958970520588781f,-0.08674325454020004f,0.02578118484884292f,0.00021006185035391735f,-0.07934523790180847f,0.9740121661913279f,0.2121429549468527f,1.0688288184841475f,-0.04351315804146557f,0.20922692920140795f,-0.9768985091472949f,-0.421300722991351f,0f,0f,0f,1f],start_interpolation:0}