execute if entity @s[tag=aj.heiloang_aj.bone.head_lower] run data modify entity @s {} merge value {transformation:[-0.770937432103889f,-0.09635894985202456f,0.19071032631841667f,-0.3745293600889362f,0.10601964932355404f,0.44743025002702363f,0.6546495286166986f,-0.6528943415307973f,-0.1855136376075155f,0.6561410855480475f,-0.41840598241117116f,3.050059161138756f,0f,0f,0f,1f],start_interpolation:0}
execute if entity @s[tag=aj.heiloang_aj.bone.horne_right] run data modify entity @s {} merge value {transformation:[-0.6503284756451263f,-0.4353607738800439f,0.16593333098463384f,-0.5851557170388473f,-0.4548538347278052f,0.6549680928357454f,-0.06422450000207763f,-0.18102264634755316f,-0.10090026163740592f,-0.14655304136617547f,-0.7799623986243357f,2.7284839585824177f,0f,0f,0f,1f],start_interpolation:0}
execute if entity @s[tag=aj.heiloang_aj.bone.horne_left] run data modify entity @s {} merge value {transformation:[-0.48646091793245605f,0.6102528092043985f,0.175918402057467f,0.07029528773587901f,0.6111856041334315f,0.5100631141543526f,-0.07929550352457673f,-0.27116055220243884f,-0.1726497397170491f,0.08618078925899875f,-0.7763793782284092f,2.8862076532763274f,0f,0f,0f,1f],start_interpolation:0}
execute if entity @s[tag=aj.heiloang_aj.bone.head_upper] run data modify entity @s {} merge value {transformation:[-1.1292498771099742f,0.17764400604303018f,0.25768087737372625f,-0.3055908984675561f,0.15529493183790888f,1.1556620429483062f,-0.1161500711752119f,-0.54777699125265f,-0.27173573852654853f,-0.07778150169244193f,-1.1372211037445181f,2.8208709650061263f,0f,0f,0f,1f],start_interpolation:0}
execute if entity @s[tag=aj.heiloang_aj.bone.neck_0] run data modify entity @s {} merge value {transformation:[-0.9804052340792898f,0.17033236578818878f,0.098956870175506f,-0.27368095265228665f,0.18272548946602368f,0.9740205691296461f,0.1337734144430891f,-0.5548649211888214f,-0.07360008484597964f,0.14923409823950773f,-0.9860589289861461f,2.389139827333393f,0f,0f,0f,1f],start_interpolation:0}
execute if entity @s[tag=aj.heiloang_aj.bone.neck_1] run data modify entity @s {} merge value {transformation:[-0.9787785873196319f,0.092158976015928f,0.18302786712487684f,-0.20584162781660598f,0.1603558252550829f,0.9005570597419538f,0.4040829017116269f,-0.39638830491941324f,-0.12758717142153167f,0.4248572763748111f,-0.8962241953886483f,2.067892561756392f,0f,0f,0f,1f],start_interpolation:0}
execute if entity @s[tag=aj.heiloang_aj.bone.neck_2] run data modify entity @s {} merge value {transformation:[-0.9746055125852108f,0.07289198582380321f,0.2117329762724294f,-0.12151643338441245f,0.1714238488989605f,0.8512228231957292f,0.4960177106710594f,-0.22165026603754232f,-0.1440762258916615f,0.5197176768913626f,-0.8421018806887086f,1.7053793723248256f,0f,0f,0f,1f],start_interpolation:0}
execute if entity @s[tag=aj.heiloang_aj.bone.neck_3] run data modify entity @s {} merge value {transformation:[-0.9952918973042415f,0.0886784153522351f,0.039117487280495994f,-0.10342059239252933f,0.09687886623995318f,0.8980595749275257f,0.4290728203429494f,-0.021352716691404705f,0.0029196637793719067f,0.4308423592587063f,-0.9024224825611379f,1.227942351317038f,0f,0f,0f,1f],start_interpolation:0}
execute if entity @s[tag=aj.heiloang_aj.bone.wing_right_2] run data modify entity @s {} merge value {transformation:[-2.301242318696624f,0.46720911259732734f,-0.1399122656053164f,-3.8194083579056786f,0.3722553306597082f,2.1186436956519312f,0.9520246141727454f,2.5978886875299714f,0.31509643881869887f,0.9091977465333662f,-2.1465436632557533f,2.120607976582003f,0f,0f,0f,1f],start_interpolation:0}
execute if entity @s[tag=aj.heiloang_aj.bone.wing_right_1] run data modify entity @s {} merge value {transformation:[-2.7230539002745644f,1.931999120019117f,-0.19893624442227809f,-2.0335492401521393f,1.7034439196456672f,2.5403011590922158f,1.353649735580422f,1.4620185169706104f,0.932992519649374f,1.0007338278783717f,-3.052093631741695f,1.556196224532802f,0f,0f,0f,1f],start_interpolation:0}
execute if entity @s[tag=aj.heiloang_aj.bone.wing_right_0] run data modify entity @s {} merge value {transformation:[-1.7392574326301966f,1.373298582499461f,-0.13204009370486028f,-0.41687890164002017f,1.2155804108997745f,1.625895409407044f,0.8984588929415936f,0.3385775073660954f,0.652493561406817f,0.6315972775226872f,-2.02576825706905f,0.9330562617772107f,0f,0f,0f,1f],start_interpolation:0}
execute if entity @s[tag=aj.heiloang_aj.bone.wing_left_2] run data modify entity @s {} merge value {transformation:[-2.334218616986131f,0.24649233658690872f,0.1556951586925129f,4.2387032151623f,0.28347898624463214f,2.212369022258159f,0.7474215544331028f,1.6181131801323592f,-0.06811107688237242f,0.7604214908045444f,-2.2250159648527297f,1.618399792224997f,0f,0f,0f,1f],start_interpolation:0}
execute if entity @s[tag=aj.heiloang_aj.bone.wing_left_1] run data modify entity @s {} merge value {transformation:[-3.1571877389282728f,-1.0818393650283782f,0.22137737539318492f,2.168267425959257f,-0.961091713360321f,3.0222710435512683f,1.0627319656064012f,0.9727004661433492f,-0.543771158274417f,0.9395318517679532f,-3.1636705896541084f,1.3105158366674483f,0f,0f,0f,1f],start_interpolation:0}
execute if entity @s[tag=aj.heiloang_aj.bone.wing_left_0] run data modify entity @s {} merge value {transformation:[-2.0486166443067417f,-0.8426030867460454f,0.1469349613789067f,0.26397340027276306f,-0.7572258869308973f,1.9640430676153813f,0.705367836461003f,0.27403914726895734f,-0.3977169858468452f,0.6007951953519581f,-2.099825309974832f,0.9237565783263426f,0f,0f,0f,1f],start_interpolation:0}
execute if entity @s[tag=aj.heiloang_aj.bone.kazari_right] run data modify entity @s {} merge value {transformation:[-2.6153789319826313f,-0.03800959605618853f,-0.2553791324781432f,-2.374657205216453f,0.256222714106552f,-0.06162200116927256f,-2.6148466185044232f,2.747666249554174f,0.03183004042592406f,-2.6270950093469763f,0.06502960054424843f,-2.705261629921949f,0f,0f,0f,1f],start_interpolation:0}
execute if entity @s[tag=aj.heiloang_aj.bone.kazari_left] run data modify entity @s {} merge value {transformation:[-2.6153789319826313f,-0.03800959605618853f,-0.2553791324781432f,2.6748803353630444f,0.256222714106552f,-0.06162200116927256f,-2.6148466185044232f,2.2529745634628546f,0.03183004042592406f,-2.6270950093469763f,0.06502960054424843f,-2.7667161985442577f,0f,0f,0f,1f],start_interpolation:0}
execute if entity @s[tag=aj.heiloang_aj.bone.ring] run data modify entity @s {} merge value {transformation:[-2.1922789882812728f,-0.022719509319541798f,0.21522766369764723f,0.209190900428478f,0.21477257677164924f,-0.4984617856745536f,2.135025731524806f,2.666351416791173f,0.026680771940377556f,2.1456807679388015f,0.49826545564613534f,0.7818807279244505f,0f,0f,0f,1f],start_interpolation:0}
execute if entity @s[tag=aj.heiloang_aj.bone.body_0] run data modify entity @s {} merge value {transformation:[-1.1234219349442576f,0.10331460741110432f,0.03002705312320449f,-0.06441000335442132f,0.10648977637993466f,1.0228333099818443f,0.4648917330473944f,0.5224270953455423f,0.015344691275027243f,0.4656076543880563f,-1.0279233573387658f,0.3102543437291634f,0f,0f,0f,1f],start_interpolation:0}
execute if entity @s[tag=aj.heiloang_aj.bone.leg_right_3] run data modify entity @s {} merge value {transformation:[-0.9897375710479834f,0.11882627413874791f,-0.07937163870262957f,-0.5537477793335007f,-0.0024467461322133927f,0.5412731457798712f,0.8408432642834973f,-0.4794479518028275f,0.1428760087957462f,0.8324083722740092f,-0.5354276308510166f,-0.980810680081572f,0f,0f,0f,1f],start_interpolation:0}
execute if entity @s[tag=aj.heiloang_aj.bone.leg_right_2] run data modify entity @s {} merge value {transformation:[-0.9918978631051671f,0.049907805090551434f,-0.11682397082125989f,-0.5178831692034619f,0.010289163592498065f,0.9481390072979747f,0.3176894017001169f,0.08220758601510444f,0.12662054446246027f,0.3139134177301996f,-0.9409705648366347f,-0.7455008054926364f,0f,0f,0f,1f],start_interpolation:0}
execute if entity @s[tag=aj.heiloang_aj.bone.leg_right_1] run data modify entity @s {} merge value {transformation:[-0.992595152484014f,-0.07301183906462622f,-0.09707798216711223f,-0.45486333528253936f,-0.103931011799553f,0.9241521471809115f,0.3676154970172399f,-0.10781406555656031f,0.06287454215784176f,0.37498277322740053f,-0.9248971357567984f,-0.0647159014668725f,0f,0f,0f,1f],start_interpolation:0}
execute if entity @s[tag=aj.heiloang_aj.bone.leg_right_0] run data modify entity @s {} merge value {transformation:[-0.991367771803958f,0.13110973236384843f,-0.00042321145492947576f,-0.3233269234025806f,0.1131311670320712f,0.8537850015853952f,-0.5081855075794551f,0.47756652809527894f,-0.06626673429721089f,-0.5038466127179053f,-0.8612475316529364f,-0.4884661456364416f,0f,0f,0f,1f],start_interpolation:0}
execute if entity @s[tag=aj.heiloang_aj.bone.leg_left_3] run data modify entity @s {} merge value {transformation:[-0.8617716473094317f,-0.5034853511423226f,0.06206552246360547f,1.0247894678748175f,-0.3290851701307708f,0.6479450095026952f,0.6869281006484984f,-0.14522863937633285f,-0.3860732815070086f,0.5715503178598047f,-0.7240702006440854f,-0.7396738457216246f,0f,0f,0f,1f],start_interpolation:0}
execute if entity @s[tag=aj.heiloang_aj.bone.leg_left_2] run data modify entity @s {} merge value {transformation:[-0.8617716473094317f,-0.41872530167460864f,0.2863891576702865f,0.7566161574931694f,-0.3290851701307708f,0.8910684547252296f,0.31256992784590265f,0.38195900407199673f,-0.3860732815070086f,0.17511747694361915f,-0.905693817233678f,-0.590441762392551f,0f,0f,0f,1f],start_interpolation:0}
execute if entity @s[tag=aj.heiloang_aj.bone.leg_left_1] run data modify entity @s {} merge value {transformation:[-0.9194089243288368f,-0.36547463474212427f,0.14531180690020332f,0.6266428743132594f,-0.23576013715374847f,0.807860244777039f,0.5401656992423974f,0.06145064514873211f,-0.3148084935222314f,0.4623744329749355f,-0.8289182686715078f,0.02917840400180005f,0f,0f,0f,1f],start_interpolation:0}
execute if entity @s[tag=aj.heiloang_aj.bone.leg_left_0] run data modify entity @s {} merge value {transformation:[-0.8657963944553047f,-0.3211271666023587f,0.3837628775925772f,0.386667026139462f,-0.4610930034932918f,0.8099152949064647f,-0.36253338771223426f,0.6120420830461285f,-0.19439610458476156f,-0.4908304778093095f,-0.8492912318961943f,-0.39366577216188703f,0f,0f,0f,1f],start_interpolation:0}
execute if entity @s[tag=aj.heiloang_aj.bone.tail_4] run data modify entity @s {} merge value {transformation:[-0.16820644997156858f,-1.1536880247547145f,-1.0609264326112346f,-2.1400205904738927f,-1.4569604260336155f,0.5084345121531457f,-0.3218928820449623f,2.41495345092482f,0.5777778732762107f,0.9462307604790873f,-1.1205688023335565f,-3.117535668412833f,0f,0f,0f,1f],start_interpolation:0}
execute if entity @s[tag=aj.heiloang_aj.bone.tail_3] run data modify entity @s {} merge value {transformation:[-0.5267085008071599f,-0.2616637289386683f,-0.8087708254724479f,-1.0524145376532519f,-0.8456908033879977f,0.2574906551268289f,0.46744585524670057f,1.7835756995427385f,0.08593730413759004f,0.9301777547760791f,-0.35690912607734715f,-2.6648685044528078f,0f,0f,0f,1f],start_interpolation:0}
execute if entity @s[tag=aj.heiloang_aj.bone.tail_2] run data modify entity @s {} merge value {transformation:[-0.7981970366084471f,-0.20743687888843734f,-0.5655540929270312f,-0.6133755546686783f,-0.6011369459664869f,0.3349657825059864f,0.7255565427616494f,1.2215847514067515f,0.03893408459920464f,0.919112542525221f,-0.39206666681732316f,-2.341088118182908f,0f,0f,0f,1f],start_interpolation:0}
execute if entity @s[tag=aj.heiloang_aj.bone.tail_1] run data modify entity @s {} merge value {transformation:[-0.8516493777102482f,-0.1553510474392974f,-0.5005590769382372f,-0.22481951658061727f,-0.40936823354086477f,0.7935516745684623f,0.4502148255635539f,0.8831504329108196f,0.3272781490007832f,0.5883381611361808f,-0.7394235736961047f,-1.7533029284343853f,0f,0f,0f,1f],start_interpolation:0}
execute if entity @s[tag=aj.heiloang_aj.bone.tail_ring] run data modify entity @s {} merge value {transformation:[-0.9577456313154266f,-0.20334380077946054f,-0.2034074835908897f,-0.26035740550993003f,-0.24410690058576984f,0.9486924553160293f,0.20098369663446028f,0.9414569939965429f,0.15210235626913882f,0.2421444277926023f,-0.958243679502437f,-1.8834996225784943f,0f,0f,0f,1f],start_interpolation:0}
execute if entity @s[tag=aj.heiloang_aj.bone.tail_0] run data modify entity @s {} merge value {transformation:[-0.9577456313154266f,-0.20334380077946054f,-0.2034074835908897f,0.028377315676546666f,-0.24410690058576984f,0.9486924553160293f,0.20098369663446028f,0.6392659762744305f,0.15210235626913882f,0.2421444277926023f,-0.958243679502437f,-0.5504005827080487f,0f,0f,0f,1f],start_interpolation:0}
execute if entity @s[tag=aj.heiloang_aj.bone.body_1] run data modify entity @s {} merge value {transformation:[-0.9741841732032479f,-0.20794160843167725f,0.08789473342101531f,-0.014242601529227544f,-0.18451418832560607f,0.9577250927534098f,0.22071964347790912f,0.6298745369748435f,-0.1300757893954409f,0.19880375799596842f,-0.9713688047388763f,-0.19443981691243184f,0f,0f,0f,1f],start_interpolation:0}