execute if entity @s[tag=aj.heiloang_aj.bone.head_lower] run data modify entity @s {} merge value {transformation:[-0.7941095308579109f,0.05417475577246381f,0.08034394088929417f,0.06571513255775778f,0.09521409230928995f,0.3129518882703749f,0.7300653342364127f,-0.37520659686014635f,0.018009153959764754f,0.734252144338034f,-0.3170953467155467f,2.9768671728280243f,0f,0f,0f,1f],start_interpolation:0}
execute if entity @s[tag=aj.heiloang_aj.bone.horne_right] run data modify entity @s {} merge value {transformation:[-0.637830468899356f,-0.47789342914454713f,-0.06921100580177439f,-0.24373693439753177f,-0.4116562117087697f,0.598075754917746f,-0.3359234358319664f,-0.024977066255480296f,0.2524112840290866f,-0.2322138276675921f,-0.7227484222983499f,2.5869753108896343f,0f,0f,0f,1f],start_interpolation:0}
execute if entity @s[tag=aj.heiloang_aj.bone.horne_left] run data modify entity @s {} merge value {transformation:[-0.5331274511935593f,0.5936242694768418f,-0.05818373889623203f,0.4314149887378641f,0.5520545965179429f,0.4615271904039052f,-0.3496117489176946f,-0.10592808753683858f,-0.22585580188976884f,-0.2731352763850972f,-0.7172072765573188f,2.5716639281930425f,0f,0f,0f,1f],start_interpolation:0}
execute if entity @s[tag=aj.heiloang_aj.bone.head_upper] run data modify entity @s {} merge value {transformation:[-1.1631917880623965f,0.11350546605854442f,-0.08522608614172829f,0.061082367031352926f,0.13946722206234022f,1.04473058017098f,-0.5121025495209162f,-0.3590980333574031f,0.02637935849141442f,-0.5184752997303159f,-1.0505472885192466f,2.7160061950406105f,0f,0f,0f,1f],start_interpolation:0}
execute if entity @s[tag=aj.heiloang_aj.bone.neck_0] run data modify entity @s {} merge value {transformation:[-0.9892636276010062f,0.07365097885996157f,0.12622602116309892f,0.11011892899653361f,0.07473935827111948f,0.9971954695210097f,0.0039017806184449277f,-0.4356661263724022f,-0.1255846464776601f,0.013293941467553083f,-0.991993834501676f,2.2905691387660214f,0f,0f,0f,1f],start_interpolation:0}
execute if entity @s[tag=aj.heiloang_aj.bone.neck_1] run data modify entity @s {} merge value {transformation:[-0.9813819837117904f,0.11401455972150833f,-0.15456416860780323f,0.0552248206850852f,0.05330324545097879f,0.934810562532758f,0.35112387586374905f,-0.29605820437493063f,0.18452145151798346f,0.33634787400651056f,-0.9234835903149536f,1.9582844979423726f,0f,0f,0f,1f],start_interpolation:0}
execute if entity @s[tag=aj.heiloang_aj.bone.neck_2] run data modify entity @s {} merge value {transformation:[-0.992234492158565f,0.12301499348144763f,-0.0183854276424006f,0.04356738278669366f,0.09214658812140385f,0.8262962615223194f,0.5556469153084748f,-0.09604861971260653f,0.08354471179206324f,0.5496378804021775f,-0.8312150633612114f,1.5992299013348288f,0f,0f,0f,1f],start_interpolation:0}
execute if entity @s[tag=aj.heiloang_aj.bone.neck_3] run data modify entity @s {} merge value {transformation:[-0.9859836151116707f,0.1300178150734367f,0.10455466749433283f,0.09452587930073879f,0.1660908387847237f,0.824308871289503f,0.5412288961107053f,0.16407566432031906f,-0.015815941423380803f,0.5510083960131237f,-0.8343498088451491f,1.1541105181875113f,0f,0f,0f,1f],start_interpolation:0}
execute if entity @s[tag=aj.heiloang_aj.bone.wing_right_2] run data modify entity @s {} merge value {transformation:[-1.2736399206910445f,1.9738083024548256f,-0.12449154149385029f,-3.4089913272799994f,1.688929606720074f,1.1625427513105824f,1.1530772486007197f,2.8720482708473623f,1.0290452576478324f,0.5349309701789825f,-2.0465802503632458f,2.409249300895917f,0f,0f,0f,1f],start_interpolation:0}
execute if entity @s[tag=aj.heiloang_aj.bone.wing_right_1] run data modify entity @s {} merge value {transformation:[-2.0846734300217853f,2.609602057534774f,-0.1770100685596054f,-2.041424996376105f,2.2225337583367453f,1.8866740542970035f,1.6395192828375185f,1.3919713436012444f,1.3790210861748085f,0.9042438205776021f,-2.909959231627218f,1.5506521434972913f,0f,0f,0f,1f],start_interpolation:0}
execute if entity @s[tag=aj.heiloang_aj.bone.wing_right_0] run data modify entity @s {} merge value {transformation:[-1.926068220365338f,1.097660243976452f,-0.11748701754770162f,-0.2508804054025317f,0.9075559431458305f,1.708965920514235f,1.0881992890006937f,0.5565529069297851f,0.6284929757438663f,0.896090102229954f,-1.931429291516034f,0.9505919781189894f,0f,0f,0f,1f],start_interpolation:0}
execute if entity @s[tag=aj.heiloang_aj.bone.wing_left_2] run data modify entity @s {} merge value {transformation:[-1.3452146076751674f,-1.9237726790535516f,-0.15189583583980404f,4.228398250334118f,-1.7297029333443161f,1.1199188954419481f,1.1346741542544994f,2.2692955242520916f,-0.8556292584983413f,0.7605631816491089f,-2.0549983515911565f,1.5137170490048337f,0f,0f,0f,1f],start_interpolation:0}
execute if entity @s[tag=aj.heiloang_aj.bone.wing_left_1] run data modify entity @s {} merge value {transformation:[-2.876795657730777f,-1.6925188938822322f,-0.2159752541681755f,2.348194193709652f,-1.5747390008751043f,2.4707305194945195f,1.6133525814468517f,1.2137396036696444f,-0.6568581244715036f,1.489325104465109f,-2.921928628564662f,1.1281151005430863f,0f,0f,0f,1f],start_interpolation:0}
execute if entity @s[tag=aj.heiloang_aj.bone.wing_left_0] run data modify entity @s {} merge value {transformation:[-2.065847633614282f,-0.8000778099761962f,-0.14334940765124526f,0.42554624145740333f,-0.7664814598533162f,1.7872397035526326f,1.0708316458464542f,0.5093990097893294f,-0.2705175158680089f,1.045968326494063f,-1.9393737477804036f,0.8609535797701678f,0f,0f,0f,1f],start_interpolation:0}
execute if entity @s[tag=aj.heiloang_aj.bone.kazari_right] run data modify entity @s {} merge value {transformation:[-2.5986211941260278f,-0.3141064326888145f,-0.2353194147085526f,-2.5167501584322522f,0.1965748371226325f,0.3222047810164621f,-2.600848438693919f,3.81541412521923f,0.33970047307220375f,-2.5892839582768614f,-0.29509720527460087f,-2.031083792127374f,0f,0f,0f,1f],start_interpolation:0}
execute if entity @s[tag=aj.heiloang_aj.bone.kazari_left] run data modify entity @s {} merge value {transformation:[-2.5986211941260278f,-0.3141064326888145f,-0.2353194147085526f,2.500433054685425f,0.1965748371226325f,0.3222047810164621f,-2.600848438693919f,3.435885175342905f,0.33970047307220375f,-2.5892839582768614f,-0.29509720527460087f,-2.6869467993400127f,0f,0f,0f,1f],start_interpolation:0}
execute if entity @s[tag=aj.heiloang_aj.bone.ring] run data modify entity @s {} merge value {transformation:[-2.178232214353065f,0.20802733306313967f,0.25486336503548074f,0.42455757950695094f,0.1647741670542839f,-0.7872575937223791f,2.050853783374633f,3.303841836687524f,0.2847458164927767f,2.046918756474989f,0.762869392599267f,1.1373726187297808f,0f,0f,0f,1f],start_interpolation:0}
execute if entity @s[tag=aj.heiloang_aj.bone.body_0] run data modify entity @s {} merge value {transformation:[-1.1161195024652915f,0.14536839601583623f,-0.08244793262469789f,0.03219515934702545f,0.07780501324129926f,0.9447311099092909f,0.6124392915397856f,0.8384036402722338f,0.14790541595501144f,0.6000029461152805f,-0.9443372430026428f,0.32902491565569736f,0f,0f,0f,1f],start_interpolation:0}
execute if entity @s[tag=aj.heiloang_aj.bone.leg_right_3] run data modify entity @s {} merge value {transformation:[-0.951428266796948f,0.30369865066350715f,-0.050511213853170464f,-0.7684736856410068f,0.10309472946751172f,0.46887605830899065f,0.877226720238642f,0.01357307361657989f,0.2900960701143265f,0.8294108580973538f,-0.4774116657293104f,-0.9012936886874725f,0f,0f,0f,1f],start_interpolation:0}
execute if entity @s[tag=aj.heiloang_aj.bone.leg_right_2] run data modify entity @s {} merge value {transformation:[-0.9525775337815366f,0.20858514330226013f,-0.22155875096294736f,-0.6311628726538818f,0.10847221072660572f,0.9130322922248046f,0.3931994568343171f,0.5503148802433391f,0.2843058593043213f,0.35052000135269695f,-0.8923597408091295f,-0.6460135990677607f,0f,0f,0f,1f],start_interpolation:0}
execute if entity @s[tag=aj.heiloang_aj.bone.leg_right_1] run data modify entity @s {} merge value {transformation:[-0.9765777229207899f,0.09551565278534126f,-0.19280225923944783f,-0.48794545662584676f,0.00005721851546775219f,0.8961825215591548f,0.44368556972017553f,0.30451624863840343f,0.2151649316707688f,0.4332824115110897f,-0.8751973514895073f,0.004078407905257264f,0f,0f,0f,1f],start_interpolation:0}
execute if entity @s[tag=aj.heiloang_aj.bone.leg_right_0] run data modify entity @s {} merge value {transformation:[-0.9716589177862734f,0.1409820470166383f,-0.18974459124150683f,-0.36267166487327784f,0.21428107590758727f,0.8642346021954231f,-0.45517268467693206f,0.8974535500623398f,0.09981266449852408f,-0.4829312733579359f,-0.8699510430010343f,-0.4109738420443573f,0f,0f,0f,1f],start_interpolation:0}
execute if entity @s[tag=aj.heiloang_aj.bone.leg_left_3] run data modify entity @s {} merge value {transformation:[-0.9449319846079468f,-0.32693422277768547f,0.014749862427759775f,0.846541706964565f,-0.21315668614134656f,0.6490304028657298f,0.7302901911632032f,0.17373069894584592f,-0.2483299652038121f,0.6869305278794202f,-0.6829778021642975f,-0.9258543603609117f,0f,0f,0f,1f],start_interpolation:0}
execute if entity @s[tag=aj.heiloang_aj.bone.leg_left_2] run data modify entity @s {} merge value {transformation:[-0.9449319846079468f,-0.2833563339541958f,0.16374593879826568f,0.666483688068686f,-0.21315668614134656f,0.9125398369443033f,0.3490490984702634f,0.7122559054973381f,-0.2483299652038121f,0.2949241156597785f,-0.9226873763004297f,-0.7029560377105282f,0f,0f,0f,1f],start_interpolation:0}
execute if entity @s[tag=aj.heiloang_aj.bone.leg_left_1] run data modify entity @s {} merge value {transformation:[-0.9793409047691447f,-0.19335298077130458f,0.05921162954019081f,0.6101867682818243f,-0.12129248566659931f,0.795968372599986f,0.5930619552300986f,0.35352967500778f,-0.16180088122989644f,0.5736279060919031f,-0.8029766498384916f,-0.09328894702572121f,0f,0f,0f,1f],start_interpolation:0}
execute if entity @s[tag=aj.heiloang_aj.bone.leg_left_0] run data modify entity @s {} merge value {transformation:[-0.9309270597204053f,-0.30961560561401996f,0.19368269473699673f,0.36345515067560075f,-0.3592119584247167f,0.8719591017667023f,-0.33264710095067007f,0.9551388769461471f,-0.06589065491403628f,-0.3792433277019772f,-0.9229479508555886f,-0.4349414218077732f,0f,0f,0f,1f],start_interpolation:0}
execute if entity @s[tag=aj.heiloang_aj.bone.tail_4] run data modify entity @s {} merge value {transformation:[0.07922744537759621f,0.15243465530860606f,1.5669527917099355f,2.28882169841549f,0.8344797735364481f,1.3263413917399731f,-0.17122027859895594f,2.290930770228526f,-1.3349984581059156f,0.8381148800169892f,-0.014033119275818138f,-3.3132602876394666f,0f,0f,0f,1f],start_interpolation:0}
execute if entity @s[tag=aj.heiloang_aj.bone.tail_3] run data modify entity @s {} merge value {transformation:[-0.38671905237610316f,0.19440481326063108f,0.901473872672097f,1.0790901672602105f,0.7773731992081234f,0.5946110633720295f,0.2052525090431584f,2.001128388589963f,-0.49612426233984575f,0.7801566841966321f,-0.3810725185854527f,-2.8243875490608863f,0f,0f,0f,1f],start_interpolation:0}
execute if entity @s[tag=aj.heiloang_aj.bone.tail_2] run data modify entity @s {} merge value {transformation:[-0.7413605881219226f,0.1250943339908823f,0.6593450431927844f,0.5651084719222739f,0.5522204716177079f,0.6720083331984718f,0.4934139751143337f,1.6270628383229757f,-0.381362070879936f,0.7299015054890553f,-0.5672801452359999f,-2.366871894835813f,0f,0f,0f,1f],start_interpolation:0}
execute if entity @s[tag=aj.heiloang_aj.bone.tail_1] run data modify entity @s {} merge value {transformation:[-0.9051501821260879f,0.09423910531775007f,0.4145143409171994f,0.2427630538290683f,0.2238183599329433f,0.934662562875941f,0.27624488287587423f,1.4269667157344423f,-0.36139796561967197f,0.3428190259992697f,-0.8671024310073605f,-1.6834540247756615f,0f,0f,0f,1f],start_interpolation:0}
execute if entity @s[tag=aj.heiloang_aj.bone.tail_ring] run data modify entity @s {} merge value {transformation:[-0.9786206390285097f,-0.03653294211987405f,0.20240303606294419f,0.27071681893423605f,0.03133604595284918f,0.9461249630546306f,0.3222818743102304f,1.502625103916019f,-0.20327247007765822f,0.32173420462384805f,-0.9247526179922863f,-1.8063693252693795f,0f,0f,0f,1f],start_interpolation:0}
execute if entity @s[tag=aj.heiloang_aj.bone.tail_0] run data modify entity @s {} merge value {transformation:[-0.9786206390285097f,-0.03653294211987405f,0.20240303606294419f,-0.011194474648714564f,0.03133604595284918f,0.9461249630546306f,0.3222818743102304f,1.031050677495635f,-0.20327247007765822f,0.32173420462384805f,-0.9247526179922863f,-0.5218523797171863f,0f,0f,0f,1f],start_interpolation:0}
execute if entity @s[tag=aj.heiloang_aj.bone.body_1] run data modify entity @s {} merge value {transformation:[-0.9963201121678061f,-0.06510150911490252f,-0.05574968700264172f,0.006846202508034868f,-0.07915015686050311f,0.948406377633888f,0.30701888465096894f,0.9903379337413697f,0.032885965986846205f,0.31030168606427116f,-0.9500691432031578f,-0.16600166702396674f,0f,0f,0f,1f],start_interpolation:0}