execute if entity @s[tag=aj.heiloang_aj.bone.head_lower] run data modify entity @s {} merge value {transformation:[-0.7951968061033087f,0.08000236145186136f,-0.03551987788862293f,0.29513864790651595f,-0.00005747291596389971f,0.32415318625919576f,0.7313854719194761f,-0.32349507986548787f,0.08753305809784599f,0.7269967909146069f,-0.3222012255406585f,2.9202224717619565f,0f,0f,0f,1f],start_interpolation:0}
execute if entity @s[tag=aj.heiloang_aj.bone.horne_right] run data modify entity @s {} merge value {transformation:[-0.5629363236374785f,-0.5607009603463824f,-0.09336556429521788f,-0.08455792888935404f,-0.4967606459358718f,0.5491540595694311f,-0.302751844763643f,0.008127361868997152f,0.27628166095290396f,-0.1550620905478128f,-0.7345911733039313f,2.579203358567687f,0f,0f,0f,1f],start_interpolation:0}
execute if entity @s[tag=aj.heiloang_aj.bone.horne_left] run data modify entity @s {} merge value {transformation:[-0.6096248432500496f,0.5117513861528751f,-0.08042430766231978f,0.591518395659679f,0.4966758989790306f,0.5421117015084874f,-0.31532198537517836f,0.008176225342149623f,-0.14720938103845238f,-0.29021616401948297f,-0.730824176034217f,2.5047827525728983f,0f,0f,0f,1f],start_interpolation:0}
execute if entity @s[tag=aj.heiloang_aj.bone.head_upper] run data modify entity @s {} merge value {transformation:[-1.164784401659974f,-0.05061365273252251f,-0.11780351525607448f,0.2660762478607007f,-0.0000841848904810212f,1.0769553781821242f,-0.46187576112792694f,-0.2941699193383397f,0.12821623517527236f,-0.45909419944241214f,-1.0704929824505203f,2.662104649962717f,0f,0f,0f,1f],start_interpolation:0}
execute if entity @s[tag=aj.heiloang_aj.bone.neck_0] run data modify entity @s {} merge value {transformation:[-0.9946794262507929f,0.016186704594343473f,-0.10173902686662972f,0.2222733246207419f,0.007668065664097182f,0.9964724004093594f,0.08357006635979336f,-0.3240796678540768f,0.10273285629419843f,0.08234528411988523f,-0.9912947162276466f,2.2323989722154174f,0f,0f,0f,1f],start_interpolation:0}
execute if entity @s[tag=aj.heiloang_aj.bone.neck_1] run data modify entity @s {} merge value {transformation:[-0.9124497430234134f,0.14078736769518013f,-0.3842061732377147f,0.0840402528523729f,-0.017601479500401238f,0.9245725310738521f,0.3805992941442321f,-0.1738597937418743f,0.40881004681380273f,0.3540403252189682f,-0.841147902418441f,1.930335361645959f,0f,0f,0f,1f],start_interpolation:0}
execute if entity @s[tag=aj.heiloang_aj.bone.neck_2] run data modify entity @s {} merge value {transformation:[-0.9410023275523065f,0.19930710650581643f,-0.27347997520370815f,-0.03471216328645831f,0.007252527389210728f,0.8198480833949097f,0.5725351700988874f,0.033286731068994296f,0.33832236164287216f,0.536773506658043f,-0.772924434962705f,1.5955994745945015f,0f,0f,0f,1f],start_interpolation:0}
execute if entity @s[tag=aj.heiloang_aj.bone.neck_3] run data modify entity @s {} merge value {transformation:[-0.978049212470024f,0.20304412713602304f,0.04682756049952353f,-0.01539586807171261f,0.19801364985290393f,0.835667472544364f,0.5122991994950277f,0.27816483437566863f,0.06488707466589613f,0.5103263247833537f,-0.8575294221042313f,1.1394698087930268f,0f,0f,0f,1f],start_interpolation:0}
execute if entity @s[tag=aj.heiloang_aj.bone.wing_right_2] run data modify entity @s {} merge value {transformation:[-1.4285341458017884f,-1.8689078421184522f,-0.007048281174429554f,-4.219229130100702f,-1.6722548979755227f,1.274239317721302f,1.055203167020945f,-0.7592693339816727f,-0.8345236706027198f,0.6458123916140883f,-2.1023968712786987f,0.16346842037451226f,0f,0f,0f,1f],start_interpolation:0}
execute if entity @s[tag=aj.heiloang_aj.bone.wing_right_1] run data modify entity @s {} merge value {transformation:[-2.9246965220544574f,-1.6227349112949463f,-0.010021698815375197f,-2.3042251442776216f,-1.45424896653695f,2.6117640983199366f,1.5003556281606247f,0.17002690923908015f,-0.7200895570057767f,1.3162972594712914f,-2.9893228877957614f,0.6804042822556184f,0f,0f,0f,1f],start_interpolation:0}
execute if entity @s[tag=aj.heiloang_aj.bone.wing_right_0] run data modify entity @s {} merge value {transformation:[-2.132838358956305f,-0.6159190606963417f,-0.0066517092172261845f,-0.32046978422408245f,-0.5533438149459451f,1.9053947239972053f,0.9958320984105105f,0.6926890854516297f,-0.27057560316045126f,0.9583917030288549f,-1.9841053869539813f,0.9161690372228435f,0f,0f,0f,1f],start_interpolation:0}
execute if entity @s[tag=aj.heiloang_aj.bone.wing_left_2] run data modify entity @s {} merge value {transformation:[-1.5300606195995954f,1.786596654923634f,-0.023725498671095215f,4.089117330101968f,1.5746037561584019f,1.3630326243092379f,1.0937737803044703f,-1.1639270975811458f,0.8444604891665225f,0.6955504755266588f,-2.082467772752386f,-0.15703310591770175f,0f,0f,0f,1f],start_interpolation:0}
execute if entity @s[tag=aj.heiloang_aj.bone.wing_left_1] run data modify entity @s {} merge value {transformation:[-2.833570904312217f,1.7767826796912025f,-0.03373443766529992f,2.2344406442511104f,1.5598012820896645f,2.5170614864180068f,1.5551978031371478f,-0.16635823301410402f,0.8515366483755604f,1.3017924395388547f,-2.9609864156616443f,0.44553241756414746f,0f,0f,0f,1f],start_interpolation:0}
execute if entity @s[tag=aj.heiloang_aj.bone.wing_left_0] run data modify entity @s {} merge value {transformation:[-2.026110691475144f,0.9070689762768932f,-0.02239058208494133f,0.34972267172160076f,0.7935792691695274f,1.7980900810563971f,1.0322325338560865f,0.5800450032057505f,0.43989477086511536f,0.9340759780031744f,-1.9652976003351093f,0.838936118174506f,0f,0f,0f,1f],start_interpolation:0}
execute if entity @s[tag=aj.heiloang_aj.bone.kazari_right] run data modify entity @s {} merge value {transformation:[-2.572769371260233f,-0.2162208401362563f,-0.4908935721235806f,-2.1531739244386396f,0.45100057678952576f,0.43009665491447635f,-2.5531324947450615f,4.330610161036795f,0.29039013515784673f,-2.5836283796781605f,-0.3839376950507176f,-2.1495769893485166f,0f,0f,0f,1f],start_interpolation:0}
execute if entity @s[tag=aj.heiloang_aj.bone.kazari_left] run data modify entity @s {} merge value {transformation:[-2.572769371260233f,-0.2162208401362563f,-0.4908935721235806f,2.8140969228429014f,0.45100057678952576f,0.43009665491447635f,-2.5531324947450615f,3.459858961096778f,0.29039013515784673f,-2.5836283796781605f,-0.3839376950507176f,-2.710236047568398f,0f,0f,0f,1f],start_interpolation:0}
execute if entity @s[tag=aj.heiloang_aj.bone.ring] run data modify entity @s {} merge value {transformation:[-2.156562540645597f,0.08285500119384936f,0.44192685236971774f,0.65017874845592f,0.37804047287667686f,-0.838041300202455f,2.0019236913044876f,3.45863459085882f,0.243412602252672f,2.0356198352630024f,0.8061814170101146f,1.0807691598997478f,0f,0f,0f,1f],start_interpolation:0}
execute if entity @s[tag=aj.heiloang_aj.bone.body_0] run data modify entity @s {} merge value {transformation:[-1.1058329442792876f,0.22492899239141734f,-0.013886096141751455f,-0.004971240445311316f,0.18586532274498554f,0.9496360239455082f,0.5807735184764734f,0.9232377203070521f,0.12743609019888588f,0.5667898608341736f,-0.9675544803824088f,0.28909231127698376f,0f,0f,0f,1f],start_interpolation:0}
execute if entity @s[tag=aj.heiloang_aj.bone.leg_right_3] run data modify entity @s {} merge value {transformation:[-0.9645233688304946f,0.26273281325657505f,-0.025809684580777204f,-0.7245684377049579f,0.11405061482445936f,0.502862411748708f,0.856809110659099f,0.044733594808690325f,0.23809058830209232f,0.823468799462711f,-0.5149873863245634f,-0.929793144763716f,0f,0f,0f,1f],start_interpolation:0}
execute if entity @s[tag=aj.heiloang_aj.bone.leg_right_2] run data modify entity @s {} merge value {transformation:[-0.9681172782678044f,0.19539146616700803f,-0.15675174789598215f,-0.5983392453874798f,0.13615170452456932f,0.9357006387741411f,0.3254643266975955f,0.5984575097158663f,0.21026566261373494f,0.29374562047249597f,-0.9324708368516602f,-0.7071500052620947f,0f,0f,0f,1f],start_interpolation:0}
execute if entity @s[tag=aj.heiloang_aj.bone.leg_right_1] run data modify entity @s {} merge value {transformation:[-0.9889061707479231f,0.07868146412935788f,-0.12599131977695935f,-0.5035293336865625f,0.02377674129235199f,0.921098979191181f,0.38860177187769135f,0.3933981302933557f,0.14662623240810646f,0.3812950271580068f,-0.9127512532088788f,-0.03446170847306068f,0f,0f,0f,1f],start_interpolation:0}
execute if entity @s[tag=aj.heiloang_aj.bone.leg_right_0] run data modify entity @s {} merge value {transformation:[-0.9755574438361728f,0.17340760826165438f,-0.1349721273923068f,-0.35073409857173604f,0.2183985640770027f,0.8330081685118776f,-0.5083300683626644f,0.9597909780773064f,0.024284583276964478f,-0.5253829009298459f,-0.8505192922124718f,-0.4764903213632159f,0f,0f,0f,1f],start_interpolation:0}
execute if entity @s[tag=aj.heiloang_aj.bone.leg_left_3] run data modify entity @s {} merge value {transformation:[-0.9206473635074254f,-0.3797364123336612f,0.09060181684042842f,0.8881488516420643f,-0.22030274265478694f,0.6969380419687934f,0.6824544433407136f,0.2153164492374282f,-0.3222966547229518f,0.6083400552361022f,-0.7252911439895915f,-0.8450413683524352f,0f,0f,0f,1f],start_interpolation:0}
execute if entity @s[tag=aj.heiloang_aj.bone.leg_left_2] run data modify entity @s {} merge value {transformation:[-0.9206473635074254f,-0.29619813548254825f,0.2543129894509694f,0.6960079226776222f,-0.22030274265478694f,0.9319659489537132f,0.28793431815187254f,0.7685395561285143f,-0.3222966547229518f,0.20906012180104305f,-0.9232652553989711f,-0.6743369222508591f,0f,0f,0f,1f],start_interpolation:0}
execute if entity @s[tag=aj.heiloang_aj.bone.leg_left_1] run data modify entity @s {} merge value {transformation:[-0.9619666259953689f,-0.2380582005704807f,0.13397202548379641f,0.5836017855381954f,-0.12486375345008591f,0.8194035165617225f,0.5594523394540765f,0.4352885716520386f,-0.24295936603770274f,0.5214462294306361f,-0.8179636766184241f,-0.0580119635142648f,0f,0f,0f,1f],start_interpolation:0}
execute if entity @s[tag=aj.heiloang_aj.bone.leg_left_0] run data modify entity @s {} merge value {transformation:[-0.9250688501095715f,-0.26434968320009583f,0.27270289244700735f,0.37547743603339157f,-0.3570472458263501f,0.8500819652271586f,-0.3871406936029199f,1.0173200332513486f,-0.12947929102668526f,-0.45549961293895846f,-0.8807696723932348f,-0.454824475111337f,0f,0f,0f,1f],start_interpolation:0}
execute if entity @s[tag=aj.heiloang_aj.bone.tail_4] run data modify entity @s {} merge value {transformation:[-0.6638673652225853f,0.41436354559432687f,1.3683703216463718f,2.389134484384762f,-0.44440017577744884f,1.374153331579376f,-0.6317162881911057f,0.5528307124567138f,-1.3589124213315111f,-0.651812731602777f,-0.4618999434500189f,-3.6328718969818774f,0f,0f,0f,1f],start_interpolation:0}
execute if entity @s[tag=aj.heiloang_aj.bone.tail_3] run data modify entity @s {} merge value {transformation:[-0.5642303395509249f,-0.08465261994966988f,0.8212661309623726f,1.2938695616378102f,-0.23934494654120625f,0.9687846563700188f,-0.06457775272655182f,0.613841975449002f,-0.7901633505139526f,-0.23300262555963025f,-0.5668788724118086f,-2.8692589536734228f,0f,0f,0f,1f],start_interpolation:0}
execute if entity @s[tag=aj.heiloang_aj.bone.tail_2] run data modify entity @s {} merge value {transformation:[-0.5853961157960068f,-0.011616700010855824f,0.8106641967496813f,0.6589072584736114f,-0.12111360654709469f,0.989930592502338f,-0.07327288950986965f,0.6893006798602477f,-0.8016500994324793f,-0.14107612947918502f,-0.5809084641929988f,-2.4169850870958896f,0f,0f,0f,1f],start_interpolation:0}
execute if entity @s[tag=aj.heiloang_aj.bone.tail_1] run data modify entity @s {} merge value {transformation:[-0.8460226995799888f,0.048719770451685435f,0.5309161664166231f,0.24482672236212852f,-0.011793241214100178f,0.9938621808981991f,-0.1099949309829385f,0.7920452271539258f,-0.5330164268172739f,-0.09931943086531665f,-0.8402554012891172f,-1.7620149506978644f,0f,0f,0f,1f],start_interpolation:0}
execute if entity @s[tag=aj.heiloang_aj.bone.tail_ring] run data modify entity @s {} merge value {transformation:[-0.9816656835642472f,-0.02203804834850049f,0.18933253850653525f,0.2713517180700277f,-0.06643238397020887f,0.9705710376427303f,-0.23147051485912506f,0.7888834388722972f,-0.17865951996010243f,-0.23980447309027164f,-0.9542403212050531f,-1.9065839773903344f,0f,0f,0f,1f],start_interpolation:0}
execute if entity @s[tag=aj.heiloang_aj.bone.tail_0] run data modify entity @s {} merge value {transformation:[-0.9816656835642472f,-0.02203804834850049f,0.18933253850653525f,0.007371072280243418f,-0.06643238397020887f,0.9705710376427303f,-0.23147051485912506f,1.0902933352696744f,-0.17865951996010243f,-0.23980447309027164f,-0.9542403212050531f,-0.5681869908739297f,0f,0f,0f,1f],start_interpolation:0}
execute if entity @s[tag=aj.heiloang_aj.bone.body_1] run data modify entity @s {} merge value {transformation:[-0.9964363553608921f,-0.08408942504222651f,0.006599872057064693f,0.0021495397676217502f,-0.07893573612287477f,0.9572169357302958f,0.27839699623710534f,1.0602653820121029f,-0.029727752653736558f,0.2768839225147801f,-0.9604434153946746f,-0.21085831740659147f,0f,0f,0f,1f],start_interpolation:0}