execute if entity @s[tag=aj.heiloang_aj.bone.head_lower] run data modify entity @s {} merge value {transformation:[-0.7931950384936758f,0.05440230887914901f,0.08878073945194376f,-0.5913810926509846f,0.10401840764825429f,0.3834233409554867f,0.694382252423587f,1.5670377694376025f,0.004669237554230557f,0.7000192357350978f,-0.38723541653819804f,2.3969378876115863f,0f,0f,0f,1f],start_interpolation:0}
execute if entity @s[tag=aj.heiloang_aj.bone.horne_right] run data modify entity @s {} merge value {transformation:[-0.6510243653932175f,-0.4642950117116673f,0.024442130922265562f,-0.863230964192071f,-0.4190762441121051f,0.6042091115616335f,0.3151292609815737f,2.1108492328722575f,-0.2013513776591801f,0.24364213840295432f,-0.7349123288591545f,2.3685881180110484f,0f,0f,0f,1f],start_interpolation:0}
execute if entity @s[tag=aj.heiloang_aj.bone.horne_left] run data modify entity @s {} merge value {transformation:[-0.5185850857100248f,0.6081408566325336f,0.03513128767031731f,-0.18885654246474792f,0.5724570732523746f,0.4707605515477019f,0.30112688752389566f,2.022412782689712f,0.2082364237170139f,0.22033883361938697f,-0.7403299198578944f,2.3646183322424417f,0f,0f,0f,1f],start_interpolation:0}
execute if entity @s[tag=aj.heiloang_aj.bone.head_upper] run data modify entity @s {} merge value {transformation:[-1.1618522625095742f,0.14357353297245454f,0.05145943189728905f,-0.5661975916118847f,0.1523635630629717f,1.074892145098115f,0.4410831366728143f,1.7712607442698203f,0.006839382438498065f,0.4440221046706803f,-1.0844167583598474f,2.235729432830694f,0f,0f,0f,1f],start_interpolation:0}
execute if entity @s[tag=aj.heiloang_aj.bone.neck_0] run data modify entity @s {} merge value {transformation:[-0.9493972959584291f,-0.25458352067219414f,0.18393478580457126f,-0.4683566371850354f,-0.16651229390445524f,0.9045481901329102f,0.3925127102476462f,1.87409856697912f,-0.26630514528543997f,0.34202310262528623f,-0.9011668917936753f,1.8256385042110037f,0f,0f,0f,1f],start_interpolation:0}
execute if entity @s[tag=aj.heiloang_aj.bone.neck_1] run data modify entity @s {} merge value {transformation:[-0.8767605960865986f,-0.19394706734644895f,0.44008566463540305f,-0.31042680323305805f,-0.11290159656411389f,0.9725100869785739f,0.20365991313510992f,1.9604466450896303f,-0.4674869908811864f,0.1288746126769679f,-0.8745554571119061f,1.5085911978140174f,0f,0f,0f,1f],start_interpolation:0}
execute if entity @s[tag=aj.heiloang_aj.bone.neck_2] run data modify entity @s {} merge value {transformation:[-0.9323476958580718f,-0.10781486927812167f,0.3451140796761069f,-0.16538522018875354f,-0.11231107799437015f,0.993648413168337f,0.007003768113542641f,1.9300128039818036f,-0.3436771679758305f,-0.03223018725647259f,-0.9385346127029761f,1.1250593821017068f,0f,0f,0f,1f],start_interpolation:0}
execute if entity @s[tag=aj.heiloang_aj.bone.neck_3] run data modify entity @s {} merge value {transformation:[-0.9988908594880824f,0.010416488496140294f,0.045918924187852636f,-0.14187442521108445f,-0.012311217009329018f,0.8835195249419044f,-0.4682325095315152f,1.66630695060337f,-0.04544760463334881f,-0.46827849172670843f,-0.8824113379933701f,0.6797514637154146f,0f,0f,0f,1f],start_interpolation:0}
execute if entity @s[tag=aj.heiloang_aj.bone.wing_right_2] run data modify entity @s {} merge value {transformation:[0.23206940998862705f,-2.318128082988827f,-0.32557946207812755f,-3.520023394121119f,-2.2945021368812837f,-0.16045692380134705f,-0.49304109947593366f,-1.0638888238925013f,0.4636590763866907f,0.36621274251964686f,-2.276946309077464f,1.2256532133321507f,0f,0f,0f,1f],start_interpolation:0}
execute if entity @s[tag=aj.heiloang_aj.bone.wing_right_1] run data modify entity @s {} merge value {transformation:[-2.3791806141235567f,-2.3048675427704413f,-0.4629297879398151f,-1.9552878539354146f,-2.204186578574923f,2.416056026992292f,-0.7010374984010413f,0.3898975940620335f,0.8174838867579145f,-0.19359147093187046f,-3.2375084880465725f,0.7396879893377527f,0f,0f,0f,1f],start_interpolation:0}
execute if entity @s[tag=aj.heiloang_aj.bone.wing_right_0] run data modify entity @s {} merge value {transformation:[-1.6102072961977099f,-1.4970715803417727f,-0.30726071438543306f,-0.4600549956821299f,-1.4297581713657586f,1.6333056592062933f,-0.4653001128492619f,1.716023155579603f,0.5398370445648406f,-0.1396041078825431f,-2.1488337903099475f,0.22034629704012532f,0f,0f,0f,1f],start_interpolation:0}
execute if entity @s[tag=aj.heiloang_aj.bone.wing_left_2] run data modify entity @s {} merge value {transformation:[-0.0148061467755386f,2.3025672975748255f,0.48118668360381267f,3.2716758093142158f,2.328081613615301f,0.08322814156370137f,-0.32662682547402166f,-0.9640417066615217f,-0.3367384514501512f,0.47416550160447885f,-2.2793311077428253f,1.2526123534340434f,0f,0f,0f,1f],start_interpolation:0}
execute if entity @s[tag=aj.heiloang_aj.bone.wing_left_1] run data modify entity @s {} merge value {transformation:[-2.0119933319943946f,2.5828272144656803f,0.6841821286218676f,1.943978214559234f,2.5522977475481143f,2.1112342306033374f,-0.46441899647791646f,0.7140593973559166f,-0.7904921332757938f,0.24271871918784788f,-3.240899347941076f,0.7843707061422406f,0f,0f,0f,1f],start_interpolation:0}
execute if entity @s[tag=aj.heiloang_aj.bone.wing_left_0] run data modify entity @s {} merge value {transformation:[-1.8543690133118607f,1.1329153677706072f,0.45411268638740526f,0.22282133657153008f,1.0907157926930142f,1.9088534575602143f,-0.3082491478179029f,1.726091712569797f,-0.5477724181070502f,-0.03436927449924039f,-2.151084408137335f,0.2576300745334814f,0f,0f,0f,1f],start_interpolation:0}
execute if entity @s[tag=aj.heiloang_aj.bone.kazari_right] run data modify entity @s {} merge value {transformation:[-2.623534610489941f,0.15423898105322326f,-0.01211085634076459f,-2.385871731950176f,-0.035386773137980665f,-0.7984958527171999f,-2.5036018729096217f,2.8461410756758636f,-0.15061245766710094f,-2.4990968165465994f,0.7991878237801053f,-3.895887309229842f,0f,0f,0f,1f],start_interpolation:0}
execute if entity @s[tag=aj.heiloang_aj.bone.kazari_left] run data modify entity @s {} merge value {transformation:[-2.623534610489941f,0.15423898105322326f,-0.01211085634076459f,2.679412056443721f,-0.035386773137980665f,-0.7984958527171999f,-2.5036018729096217f,2.9144626627373404f,-0.15061245766710094f,-2.4990968165465994f,0.7991878237801053f,-3.605098372388311f,0f,0f,0f,1f],start_interpolation:0}
execute if entity @s[tag=aj.heiloang_aj.bone.ring] run data modify entity @s {} merge value {transformation:[-2.199115291200177f,-0.1252926223118255f,-0.0334661110351356f,-0.053574797541176895f,-0.02966211827464028f,-0.06745821910340288f,2.201702939362821f,3.7740364058637317f,-0.12624729911190583f,2.198335150347565f,0.06565418491859783f,-0.4706475849903692f,0f,0f,0f,1f],start_interpolation:0}
execute if entity @s[tag=aj.heiloang_aj.bone.body_0] run data modify entity @s {} merge value {transformation:[-1.1267616314915785f,0.0012557897586136335f,0.06371047581200691f,-0.08185300662061205f,-0.016613350273241963f,1.0835316564253803f,-0.3151753830083236f,1.4831288595160461f,-0.06151908914157236f,-0.31561043780874404f,-1.0817845576430816f,-0.37011176812130053f,0f,0f,0f,1f],start_interpolation:0}
execute if entity @s[tag=aj.heiloang_aj.bone.leg_right_3] run data modify entity @s {} merge value {transformation:[-0.9803735305889084f,0.1888600212468951f,-0.05656529762372983f,-0.6995602572239986f,0.03695601014692298f,0.4578769799477203f,0.8882471078185254f,0.5006833775642892f,0.1936543153008973f,0.868723525414488f,-0.4558699842682817f,-1.8187005297513077f,0f,0f,0f,1f],start_interpolation:0}
execute if entity @s[tag=aj.heiloang_aj.bone.leg_right_2] run data modify entity @s {} merge value {transformation:[-0.9803735305889084f,0.12350624394049933f,-0.15366830586802435f,-0.6171960029443598f,0.03695601014692298f,0.8807624792918612f,0.4721140840789164f,1.0140761933542273f,0.1936543153008973f,0.45716918397827666f,-0.8680405194378755f,-1.4997053937184393f,0f,0f,0f,1f],start_interpolation:0}
execute if entity @s[tag=aj.heiloang_aj.bone.leg_right_1] run data modify entity @s {} merge value {transformation:[-0.9904429536285213f,-0.005808529933865436f,-0.13780064073732795f,-0.5203959699351401f,-0.06990725292207906f,0.8824072312613573f,0.46526385439506657f,0.7520171582261227f,0.11889378283366728f,0.47045057040848887f,-0.8743800828048566f,-0.8473997684169605f,0f,0f,0f,1f],start_interpolation:0}
execute if entity @s[tag=aj.heiloang_aj.bone.leg_right_0] run data modify entity @s {} merge value {transformation:[-0.9691209354247687f,0.22694724808207417f,-0.09643422167153397f,-0.32612213505328347f,0.24636117517083478f,0.9078179664694649f,-0.33937105227713593f,1.3834428111541215f,0.010525392622903848f,-0.35264923981658997f,-0.935696387599586f,-1.1684852062881768f,0f,0f,0f,1f],start_interpolation:0}
execute if entity @s[tag=aj.heiloang_aj.bone.leg_left_3] run data modify entity @s {} merge value {transformation:[-0.9160119929962096f,-0.3962872856627477f,0.06227692918861763f,0.9476521562167879f,-0.21831910289414505f,0.6227197803687157f,0.7513699784054682f,0.5841110742109189f,-0.33653944493715443f,0.6746676680852506f,-0.656935871787956f,-1.5518810980895448f,0f,0f,0f,1f],start_interpolation:0}
execute if entity @s[tag=aj.heiloang_aj.bone.leg_left_2] run data modify entity @s {} merge value {transformation:[-0.9160119929962096f,-0.32275482974426917f,0.2382254154448263f,0.7401188322733898f,-0.21831910289414505f,0.8993032367765761f,0.3789333155512574f,1.1131761247109384f,-0.33653944493715443f,0.29509830260426934f,-0.8942360951121748f,-1.330219097979452f,0f,0f,0f,1f],start_interpolation:0}
execute if entity @s[tag=aj.heiloang_aj.bone.leg_left_1] run data modify entity @s {} merge value {transformation:[-0.9571888567385458f,-0.23214777036799364f,0.17290721572197332f,0.6006826162865622f,-0.11701711204729079f,0.8566796479214588f,0.5024012105133475f,0.8229804694065019f,-0.26475741353863447f,0.46065973727940934f,-0.8471694744418012f,-0.6978490825640183f,0f,0f,0f,1f],start_interpolation:0}
execute if entity @s[tag=aj.heiloang_aj.bone.leg_left_0] run data modify entity @s {} merge value {transformation:[-0.9199920780561412f,-0.2648365715730824f,0.2889224232754506f,0.39347928455522085f,-0.35543902874967254f,0.8743971117097535f,-0.33029197367651864f,1.4266656952324634f,-0.16515953849364093f,-0.4065603047409526f,-0.8985716696254735f,-1.0613975166785017f,0f,0f,0f,1f],start_interpolation:0}
execute if entity @s[tag=aj.heiloang_aj.bone.tail_4] run data modify entity @s {} merge value {transformation:[-0.6426322547926946f,-0.7211893956869703f,-1.2456981995396772f,-2.016203787229836f,-0.10198543265404052f,1.3835945518111914f,-0.7484112849312408f,0.8468489102193735f,1.4357844964736517f,-0.22451355289764907f,-0.610713441753864f,-4.431078223291048f,0f,0f,0f,1f],start_interpolation:0}
execute if entity @s[tag=aj.heiloang_aj.bone.tail_3] run data modify entity @s {} merge value {transformation:[-0.7122061601645094f,-0.22687524146148896f,-0.6642966281982139f,-1.1225694732338536f,0.07266209596006029f,0.9174213260759718f,-0.3912266993338984f,1.3457082764626658f,0.6981995454269613f,-0.32690325063051406f,-0.636907889331564f,-3.571433297778036f,0f,0f,0f,1f],start_interpolation:0}
execute if entity @s[tag=aj.heiloang_aj.bone.tail_2] run data modify entity @s {} merge value {transformation:[-0.6354092790470909f,-0.1310324348093837f,-0.7609767073496932f,-0.5291186739630113f,-0.006778343017458485f,0.986405587742656f,-0.16418913038323563f,1.4922899956407976f,0.7721457777950957f,-0.09916913581346828f,-0.627659446145134f,-3.0817877715577082f,0f,0f,0f,1f],start_interpolation:0}
execute if entity @s[tag=aj.heiloang_aj.bone.tail_1] run data modify entity @s {} merge value {transformation:[-0.7649870159219225f,-0.06126842843080842f,-0.6411248280549514f,-0.029123584178130706f,-0.160398489019328f,0.9822229207208897f,0.09752158084670937f,1.4326667994341438f,0.6237525071622466f,0.17743819681270337f,-0.7612151444372792f,-2.483912369301255f,0f,0f,0f,1f],start_interpolation:0}
execute if entity @s[tag=aj.heiloang_aj.bone.tail_ring] run data modify entity @s {} merge value {transformation:[-0.997733242870251f,-0.029276639668023983f,-0.06059087754242723f,-0.03873896269186284f,-0.02714602150595712f,0.9989940280134902f,-0.03569349394189378f,1.4585211764323274f,0.06157491037761112f,-0.033967784195183814f,-0.9975242954679643f,-2.628317602819031f,0f,0f,0f,1f],start_interpolation:0}
execute if entity @s[tag=aj.heiloang_aj.bone.tail_0] run data modify entity @s {} merge value {transformation:[-0.997733242870251f,-0.029276639668023983f,-0.06059087754242723f,0.04656197641625235f,-0.02714602150595712f,0.9989940280134902f,-0.03569349394189378f,1.485807899314259f,0.06157491037761112f,-0.033967784195183814f,-0.9975242954679643f,-1.2341083699362114f,0f,0f,0f,1f],start_interpolation:0}
execute if entity @s[tag=aj.heiloang_aj.bone.body_1] run data modify entity @s {} merge value {transformation:[-0.9873666028412863f,-0.07208436854899411f,0.14110646832994764f,-0.0051301654944345245f,-0.05930620904090697f,0.9939206107612658f,0.09276094584009192f,1.5235800603050489f,-0.14693524139175723f,0.0832205702626761f,-0.9856390675710358f,-0.881243084622796f,0f,0f,0f,1f],start_interpolation:0}