execute if entity @s[tag=aj.heiloang_aj.bone.head_lower] run data modify entity @s {} merge value {transformation:[-0.7953557503460305f,0.0365766063567364f,0.07791907506462874f,0.04589028742126662f,0.08604816688705966f,0.3565629585092191f,0.7109560954057074f,-0.36096281130750996f,-0.0022233683634613893f,0.7152097653741712f,-0.35842718667330925f,2.966308940330527f,0f,0f,0f,1f],start_interpolation:0}
execute if entity @s[tag=aj.heiloang_aj.bone.horne_right] run data modify entity @s {} merge value {transformation:[-0.6393328956310135f,-0.4786178273762611f,-0.04667358869522713f,-0.25742812545149457f,-0.4197397020815037f,0.5932936154677441f,-0.33439687250592387f,-0.013066311105763007f,0.2346743084800596f,-0.24275020321894758f,-0.7252587867627428f,2.569568552399105f,0f,0f,0f,1f],start_interpolation:0}
execute if entity @s[tag=aj.heiloang_aj.bone.horne_left] run data modify entity @s {} merge value {transformation:[-0.5334626432324652f,0.5951031097310264f,-0.035635615104744306f,0.4187833334927005f,0.5466224287212725f,0.469166305296067f,-0.3479754278590585f,-0.08622446259314115f,-0.23795278669158096f,-0.2563888975039666f,-0.7194742556495066f,2.57145886018172f,0f,0f,0f,1f],start_interpolation:0}
execute if entity @s[tag=aj.heiloang_aj.bone.head_upper] run data modify entity @s {} merge value {transformation:[-1.165017219213107f,0.11477083090383224f,-0.052198158115051844f,0.04779875735847795f,0.1260412036519928f,1.0476048010985302f,-0.5097057073422525f,-0.34407976202571117f,-0.0032567343945891568f,-0.5123611514244161f,-1.053867902819006f,2.7054627817308705f,0f,0f,0f,1f],start_interpolation:0}
execute if entity @s[tag=aj.heiloang_aj.bone.neck_0] run data modify entity @s {} merge value {transformation:[-0.9876167748896973f,0.06742692050127058f,0.1416570377644128f,0.1047680513151407f,0.06993816943792056f,0.9974689645551581f,0.012818627263989246f,-0.404381358618794f,-0.14043417821935542f,0.022567125226215456f,-0.9898327972172263f,2.2805175198166907f,0f,0f,0f,1f],start_interpolation:0}
execute if entity @s[tag=aj.heiloang_aj.bone.neck_1] run data modify entity @s {} merge value {transformation:[-0.9753175377968417f,0.11762124189230387f,-0.18687146363642132f,0.03814736526161104f,0.04434110865747795f,0.9334026102373589f,0.35608065558958746f,-0.2629849440569f,0.21630896086138435f,0.33900562039263704f,-0.9155793918570204f,1.9511460643475493f,0f,0f,0f,1f],start_interpolation:0}
execute if entity @s[tag=aj.heiloang_aj.bone.neck_2] run data modify entity @s {} merge value {transformation:[-0.9908454123724381f,0.13040973615453433f,-0.03490944709670904f,0.01947052519750074f,0.08865045628790555f,0.8235434015350284f,0.5602832876215932f,-0.060983103858840704f,0.10181584051825784f,0.552059386754921f,-0.8275650839150605f,1.5935060702725388f,0f,0f,0f,1f],start_interpolation:0}
execute if entity @s[tag=aj.heiloang_aj.bone.neck_3] run data modify entity @s {} merge value {transformation:[-0.9809542580770545f,0.13870828050091344f,0.13597336680753158f,0.08647774812271809f,0.19050147011157215f,0.8236952502206583f,0.5340742688514929f,0.1954535201686508f,-0.03792009290370202f,0.5498055544321163f,-0.834431494413872f,1.1483735431558433f,0f,0f,0f,1f],start_interpolation:0}
execute if entity @s[tag=aj.heiloang_aj.bone.wing_right_2] run data modify entity @s {} merge value {transformation:[-1.3597695619680528f,1.9163415300742432f,-0.11062497357707018f,-3.4058292591119295f,1.6404442200328402f,1.2305341593892587f,1.1525209108116108f,2.940486396994639f,0.9967675283771358f,0.5890643674590136f,-2.0476898377645125f,2.3995985650722664f,0f,0f,0f,1f],start_interpolation:0}
execute if entity @s[tag=aj.heiloang_aj.bone.wing_right_1] run data modify entity @s {} merge value {transformation:[-2.107314592492648f,2.5926246692672135f,-0.15729369178265853f,-2.023739320706265f,2.2131811404097403f,1.8983197170820403f,1.6387282460408752f,1.466544832248792f,1.3595121260592664f,0.9283848065024727f,-2.911536914252192f,1.5537982786253763f,0f,0f,0f,1f],start_interpolation:0}
execute if entity @s[tag=aj.heiloang_aj.bone.wing_right_0] run data modify entity @s {} merge value {transformation:[-1.902346589744309f,1.139551646992489f,-0.10440065289500255f,-0.2551539372096187f,0.950232548844121f,1.6859486413275493f,1.087674253590198f,0.5914275609342862f,0.637601408095529f,0.8873551840399058f,-1.9324764479165333f,0.9452577282935066f,0f,0f,0f,1f],start_interpolation:0}
execute if entity @s[tag=aj.heiloang_aj.bone.wing_left_2] run data modify entity @s {} merge value {transformation:[-1.445899356747962f,-1.8498196678900598f,-0.1453212054861522f,4.221158341101053f,-1.6638443728163392f,1.2110074095764731f,1.13958718987153f,2.2991909704301863f,-0.8213239065826837f,0.8032460747236785f,-2.0527539526786374f,1.5261381523993665f,0f,0f,0f,1f],start_interpolation:0}
execute if entity @s[tag=aj.heiloang_aj.bone.wing_left_1] run data modify entity @s {} merge value {transformation:[-2.880003273181022f,-1.6882254567847879f,-0.20662702250770193f,2.3387119746726817f,-1.5653745458831976f,2.472109474990468f,1.6203382510029585f,1.2496598456688566f,-0.6651334080224632f,1.4919076122957973f,-2.918737398055241f,1.1350696745606483f,0f,0f,0f,1f],start_interpolation:0}
execute if entity @s[tag=aj.heiloang_aj.bone.wing_left_0] run data modify entity @s {} merge value {transformation:[-2.0608990551718493f,-0.8138098155317036f,-0.1371446992633481f,0.4207165617528272f,-0.7747956094084458f,1.7808592893748598f,1.0754682492238739f,0.5376232113027679f,-0.284230272900644f,1.0462570313223818f,-1.9372556301054598f,0.8551705391419197f,0f,0f,0f,1f],start_interpolation:0}
execute if entity @s[tag=aj.heiloang_aj.bone.kazari_right] run data modify entity @s {} merge value {transformation:[-2.5963099290377225f,-0.31069094271092035f,-0.26365902042939193f,-2.482272602627765f,0.22267690280639058f,0.34234848773396853f,-2.5961669242286924f,3.9136221800584465f,0.3412622714173661f,-2.5871101328741135f,-0.31188364984941896f,-2.028682627030264f,0f,0f,0f,1f],start_interpolation:0}
execute if entity @s[tag=aj.heiloang_aj.bone.kazari_left] run data modify entity @s {} merge value {transformation:[-2.5963099290377225f,-0.31069094271092035f,-0.26365902042939193f,2.5304482285050667f,0.22267690280639058f,0.34234848773396853f,-2.5961669242286924f,3.4836977181035365f,0.3412622714173661f,-2.5871101328741135f,-0.31188364984941896f,-2.687561013497615f,0f,0f,0f,1f],start_interpolation:0}
execute if entity @s[tag=aj.heiloang_aj.bone.ring] run data modify entity @s {} merge value {transformation:[-2.1762948515382634f,0.20008758923433548f,0.27682478499308794f,0.45424466543371284f,0.186653600833259f,-0.7985622867470714f,2.0445989810388974f,3.3546731402318906f,0.28605495669198916f,2.0433280491892907f,0.7719516376899938f,1.138949272361345f,0f,0f,0f,1f],start_interpolation:0}
execute if entity @s[tag=aj.heiloang_aj.bone.body_0] run data modify entity @s {} merge value {transformation:[-1.115201845661669f,0.15508844513304532f,-0.07697268058665752f,0.030308558523812385f,0.08877841258910886f,0.9429595309886505f,0.6136758853934999f,0.8707590252008254f,0.14864593108672416f,0.6003559552811585f,-0.9439965519362252f,0.32364505066896276f,0f,0f,0f,1f],start_interpolation:0}
execute if entity @s[tag=aj.heiloang_aj.bone.leg_right_3] run data modify entity @s {} merge value {transformation:[-0.9520335074663879f,0.3024133242800736f,-0.046673139589299875f,-0.7672973965244898f,0.10710884831348093f,0.47222676139430153f,0.8749454728358843f,0.0431923315027718f,0.28663547455645977f,0.8279783011171999f,-0.48196684284799984f,-0.902447529080925f,0f,0f,0f,1f],start_interpolation:0}
execute if entity @s[tag=aj.heiloang_aj.bone.leg_right_2] run data modify entity @s {} merge value {transformation:[-0.9534470723248534f,0.20999331493322826f,-0.21642894436401083f,-0.6293721670049132f,0.11386996424412918f,0.9152689023797269f,0.38641489047350436f,0.5816144883582083f,0.2792352261413427f,0.34378138986856704f,-0.8965723866268854f,-0.6510670155769894f,0f,0f,0f,1f],start_interpolation:0}
execute if entity @s[tag=aj.heiloang_aj.bone.leg_right_1] run data modify entity @s {} merge value {transformation:[-0.9775321802503487f,0.09684336817776025f,-0.18722232402944564f,-0.48999243877039556f,0.005073983993757875f,0.8987630639404529f,0.4384053028680198f,0.33973549261974567f,0.21072515573948697f,0.42760532847049026f,-0.87906119912223f,0.0013252405547317103f,0f,0f,0f,1f],start_interpolation:0}
execute if entity @s[tag=aj.heiloang_aj.bone.leg_right_0] run data modify entity @s {} merge value {transformation:[-0.9716775534461705f,0.1442448581454427f,-0.1871794674302331f,-0.36216142928185685f,0.2165950848873139f,0.8603693821145473f,-0.46135788225897834f,0.9293485877389296f,0.09449498045675146f,-0.488833250933724f,-0.8672443435676274f,-0.41766421943838133f,0f,0f,0f,1f],start_interpolation:0}
execute if entity @s[tag=aj.heiloang_aj.bone.leg_left_3] run data modify entity @s {} merge value {transformation:[-0.9439700024505037f,-0.3293405786867512f,0.02134051789137356f,0.8476625505222084f,-0.21204776334987316f,0.6547883018046089f,0.7254571151199445f,0.20143117604020477f,-0.252895987575747f,0.6802845456499156f,-0.6879364479499362f,-0.9215030850868513f,0f,0f,0f,1f],start_interpolation:0}
execute if entity @s[tag=aj.heiloang_aj.bone.leg_left_2] run data modify entity @s {} merge value {transformation:[-0.9439700024505037f,-0.28250309851134137f,0.1706242474125163f,0.6677989546862209f,-0.21204776334987316f,0.9153261806324163f,0.3423649063604346f,0.7419663367594487f,-0.252895987575747f,0.2870017114589464f,-0.923944607153331f,-0.7033637318752854f,0f,0f,0f,1f],start_interpolation:0}
execute if entity @s[tag=aj.heiloang_aj.bone.leg_left_1] run data modify entity @s {} merge value {transformation:[-0.9786700277309507f,-0.1948849250576282f,0.06499879080708226f,0.6073034406411191f,-0.11980231821880008f,0.7984207730529442f,0.5900607373033221f,0.3855419597570443f,-0.16689032737250398f,0.5696877523194801f,-0.804738145912493f,-0.09274947611173123f,0f,0f,0f,1f],start_interpolation:0}
execute if entity @s[tag=aj.heiloang_aj.bone.leg_left_0] run data modify entity @s {} merge value {transformation:[-0.9314329808442804f,-0.3051354124452727f,0.19830527544014515f,0.36413815886955386f,-0.3572603455907992f,0.8704331484071172f,-0.3386903890316584f,0.9856994205930083f,-0.06926505369868116f,-0.3863140098752916f,-0.9197629249487022f,-0.4394744455790121f,0f,0f,0f,1f],start_interpolation:0}
execute if entity @s[tag=aj.heiloang_aj.bone.tail_4] run data modify entity @s {} merge value {transformation:[0.17193895454483094f,0.3655747199488391f,1.5236950100765025f,2.408020799190073f,0.5151516088105059f,1.4344454139902898f,-0.40229285093057193f,1.8692630483326842f,-1.4798345108618234f,0.5418263948020879f,0.036991107658383315f,-3.414309190950513f,0f,0f,0f,1f],start_interpolation:0}
execute if entity @s[tag=aj.heiloang_aj.bone.tail_3] run data modify entity @s {} merge value {transformation:[-0.3240081652358373f,0.2850786101704656f,0.9020803150960464f,1.195112280795475f,0.6888423514630451f,0.7246775594652988f,0.018402435661642014f,1.8257574212072745f,-0.6484712204033183f,0.6273536648738844f,-0.43117566661157597f,-2.85449445479734f,0f,0f,0f,1f],start_interpolation:0}
execute if entity @s[tag=aj.heiloang_aj.bone.tail_2] run data modify entity @s {} merge value {transformation:[-0.6724769375346057f,0.1587826510687087f,0.722885079527632f,0.6319942225603645f,0.5398866847973641f,0.7733364200196079f,0.33237501267358854f,1.579636642677613f,-0.5062579738261804f,0.6137905597114128f,-0.6057755465075831f,-2.368958248355975f,0f,0f,0f,1f],start_interpolation:0}
execute if entity @s[tag=aj.heiloang_aj.bone.tail_1] run data modify entity @s {} merge value {transformation:[-0.8756980050630476f,0.1120848049465302f,0.46967009743935917f,0.2668467651686967f,0.2429597154286054f,0.9428640258965566f,0.22798685345648417f,1.4173919888297495f,-0.417281176914859f,0.31375854597163655f,-0.8528962388370079f,-1.697133108445008f,0f,0f,0f,1f],start_interpolation:0}
execute if entity @s[tag=aj.heiloang_aj.bone.tail_ring] run data modify entity @s {} merge value {transformation:[-0.974747738255414f,-0.0335713101887312f,0.2207709534747879f,0.29753199277967135f,0.03271695927351126f,0.9564973555767661f,0.2899006887721186f,1.488718657544682f,-0.22089917913349147f,0.2898029949929181f,-0.9312452828075342f,-1.8219718000343663f,0f,0f,0f,1f],start_interpolation:0}
execute if entity @s[tag=aj.heiloang_aj.bone.tail_0] run data modify entity @s {} merge value {transformation:[-0.974747738255414f,-0.0335713101887312f,0.2207709534747879f,-0.010104366411407772f,0.03271695927351126f,0.9564973555767661f,0.2899006887721186f,1.062143132027958f,-0.22089917913349147f,0.2898029949929181f,-0.9312452828075342f,-0.5276637254061306f,0f,0f,0f,1f],start_interpolation:0}
execute if entity @s[tag=aj.heiloang_aj.bone.body_1] run data modify entity @s {} merge value {transformation:[-0.9965571738146815f,-0.06436265083234904f,-0.05226134801483859f,0.006762763864116734f,-0.07731909482985572f,0.9490085633820834f,0.30562150480973316f,1.0219586418511635f,0.029925856599047125f,0.3086101032132731f,-0.9507177537531873f,-0.17169542635964746f,0f,0f,0f,1f],start_interpolation:0}