execute if entity @s[tag=aj.heiloang_aj.bone.head_lower] run data modify entity @s {} merge value {transformation:[-0.7206532678714455f,0.01963309933507426f,-0.34680456876561755f,0.20205984826785245f,-0.14383926154127571f,0.7101567874187683f,0.33909822193918226f,3.166736698363255f,0.31617895936552654f,0.3678204435503191f,-0.6361909988053738f,2.2982509323046187f,0f,0f,0f,1f],start_interpolation:0}
execute if entity @s[tag=aj.heiloang_aj.bone.horne_right] run data modify entity @s {} merge value {transformation:[-0.5351620582177615f,-0.4745459581193371f,-0.3583402085682401f,-0.1961318382855104f,-0.5946404232469008f,0.4287633451024295f,0.3202573354933835f,3.6016556550777863f,0.00208290299245914f,0.48059143513922026f,-0.6395526045494213f,2.449001891526714f,0f,0f,0f,1f],start_interpolation:0}
execute if entity @s[tag=aj.heiloang_aj.bone.horne_left] run data modify entity @s {} merge value {transformation:[-0.527480585981783f,0.4910577188360992f,-0.3473133285432643f,0.4165675700587925f,0.3825415678911274f,0.6303799035783177f,0.31029522394002285f,3.723947795240179f,0.46414025924036456f,0.03851615162600658f,-0.6504539382740406f,2.1801865402741436f,0f,0f,0f,1f],start_interpolation:0}
execute if entity @s[tag=aj.heiloang_aj.bone.head_upper] run data modify entity @s {} merge value {transformation:[-1.0555948904463965f,0.008327258423538621f,-0.50873588081696f,0.1037789652999903f,-0.21069215432412217f,1.0593342938767802f,0.454512686646747f,3.3716465791426597f,0.46313103520463916f,0.500902807921588f,-0.9527686674353579f,2.1690913145102884f,0f,0f,0f,1f],start_interpolation:0}
execute if entity @s[tag=aj.heiloang_aj.bone.neck_0] run data modify entity @s {} merge value {transformation:[-0.9714946133408661f,0.030321314455824866f,-0.23511451282162996f,0.001951669293900199f,-0.016096639803887564f,0.9810602426841382f,0.19303289463602719f,3.38961310774435f,0.23651451210592833f,0.19131497096205158f,-0.9526066698533471f,1.748652657549491f,0f,0f,0f,1f],start_interpolation:0}
execute if entity @s[tag=aj.heiloang_aj.bone.neck_1] run data modify entity @s {} merge value {transformation:[-0.9643390973102798f,-0.008422771209591413f,-0.2645357486691466f,-0.09454072639879928f,-0.22208712437228703f,0.5694373045610476f,0.7914660228729322f,3.6851040605833623f,0.14397018645137363f,0.8219916137646412f,-0.5510012452923831f,1.55815034285794f,0f,0f,0f,1f],start_interpolation:0}
execute if entity @s[tag=aj.heiloang_aj.bone.neck_2] run data modify entity @s {} merge value {transformation:[-0.9897849224783835f,-0.028367529917002914f,-0.13971789606513735f,-0.15084641657569064f,-0.11624971006759931f,0.7279152985089832f,0.6757405738194034f,3.937625524001699f,0.08253370307734693f,0.6850799963821637f,-0.7237773044337288f,1.2385842105364413f,0f,0f,0f,1f],start_interpolation:0}
execute if entity @s[tag=aj.heiloang_aj.bone.neck_3] run data modify entity @s {} merge value {transformation:[-0.9945706253452886f,-0.07965981456382189f,-0.06695957843310524f,-0.18356893643039146f,-0.08312566746173475f,0.9952499993706607f,0.0506711176286902f,3.9397466045772864f,0.06260506855936465f,0.05596206479711935f,-0.9964681895044718f,0.7215567311162339f,0f,0f,0f,1f],start_interpolation:0}
execute if entity @s[tag=aj.heiloang_aj.bone.wing_right_2] run data modify entity @s {} merge value {transformation:[1.2117094905567796f,-1.7566857649192211f,-0.9896419757396141f,-1.5648675861852899f,-1.8658044701920786f,-0.5392723978930035f,-1.327228302215934f,1.3405995347964128f,0.7642707608085574f,1.4686103671573019f,-1.6711223174777505f,2.9313572281302074f,0f,0f,0f,1f],start_interpolation:0}
execute if entity @s[tag=aj.heiloang_aj.bone.wing_right_1] run data modify entity @s {} merge value {transformation:[0.2991489027657441f,-3.0195522072117984f,-1.4071365160482485f,-1.739317261048634f,-2.6926901419388436f,0.6126557761375545f,-1.8871384348718705f,3.1322636535384425f,1.9614149245836312f,1.3016052169485348f,-2.3761090306913397f,1.6833342094187471f,0f,0f,0f,1f],start_interpolation:0}
execute if entity @s[tag=aj.heiloang_aj.bone.wing_right_0] run data modify entity @s {} merge value {transformation:[-1.3401780845850508f,-1.5033435931332142f,-0.9339597114347381f,-0.5002692761350398f,-0.9111303870403767f,1.5903947932236928f,-1.252551723282762f,3.9696893169759604f,1.517288410095323f,-0.37283031351042556f,-1.5770965214336505f,0.25942253801249987f,0f,0f,0f,1f],start_interpolation:0}
execute if entity @s[tag=aj.heiloang_aj.bone.wing_left_2] run data modify entity @s {} merge value {transformation:[1.0500424045759744f,2.099509458337987f,0.15181234884765615f,2.217074731693226f,1.812247824199407f,-0.8153515027039189f,-1.2587834432673402f,1.1869724442103358f,-1.0708616990992932f,0.6788504752217519f,-1.9814119359725229f,2.224959193244712f,0f,0f,0f,1f],start_interpolation:0}
execute if entity @s[tag=aj.heiloang_aj.bone.wing_left_1] run data modify entity @s {} merge value {transformation:[-0.6374780946932913f,3.2763159803051547f,0.2158565470011937f,1.796422244619501f,2.749107858182633f,0.6528186632404227f,-1.789819138880652f,3.0140936199734973f,-1.79534020056498f,-0.1637075533445375f,-2.8172987371085156f,1.0923806516513352f,0f,0f,0f,1f],start_interpolation:0}
execute if entity @s[tag=aj.heiloang_aj.bone.wing_left_0] run data modify entity @s {} merge value {transformation:[-1.7393038081019865f,1.3721136225264772f,0.14327061805964905f,0.17979879548386024f,1.1002613609744594f,1.518743204667872f,-1.1879579183716016f,4.027952730522065f,-0.8322542884651035f,-0.8597227955291326f,-1.8699276761893797f,0.3032897656745735f,0f,0f,0f,1f],start_interpolation:0}
execute if entity @s[tag=aj.heiloang_aj.bone.kazari_right] run data modify entity @s {} merge value {transformation:[-2.61306597078342f,0.27564452265020783f,0.05269267523000301f,-2.3733618234882106f,-0.2230957385000486f,-1.7409947466607194f,-1.956025503954164f,3.2778495380571435f,-0.1702489716652451f,-1.9493146430961226f,1.7544394826879068f,-3.7880228714155146f,0f,0f,0f,1f],start_interpolation:0}
execute if entity @s[tag=aj.heiloang_aj.bone.kazari_left] run data modify entity @s {} merge value {transformation:[-2.61306597078342f,0.27564452265020783f,0.05269267523000301f,2.6717100604086172f,-0.2230957385000486f,-1.7409947466607194f,-1.956025503954164f,3.7085826501593036f,-0.1702489716652451f,-1.9493146430961226f,1.7544394826879068f,-3.4593215260173484f,0f,0f,0f,1f],start_interpolation:0}
execute if entity @s[tag=aj.heiloang_aj.bone.ring] run data modify entity @s {} merge value {transformation:[-2.190340203741972f,-0.193175567798969f,-0.1342359030257982f,-0.19585004874164091f,-0.1870046798602865f,0.667287850402204f,2.09109599497488f,5.485791879624977f,-0.14270713845479938f,2.0905349579701316f,-0.6798709788797361f,-0.9391582215952781f,0f,0f,0f,1f],start_interpolation:0}
execute if entity @s[tag=aj.heiloang_aj.bone.body_0] run data modify entity @s {} merge value {transformation:[-1.1221279369483321f,-0.07281700928792487f,0.09580684848232777f,-0.1011073951519716f,-0.0961359704572271f,1.0828811038387605f,-0.30295010491971813f,3.7679928483466028f,-0.07238193311870439f,-0.3093841851888737f,-1.082910272206654f,-0.32871481983488965f,0f,0f,0f,1f],start_interpolation:0}
execute if entity @s[tag=aj.heiloang_aj.bone.leg_right_3] run data modify entity @s {} merge value {transformation:[-0.9211680673487803f,0.13393610347103652f,0.3653909028477705f,-0.6114457375438374f,0.22840020909547976f,0.9462639484823986f,0.2289495234492553f,2.1638712760396435f,-0.315091631405936f,0.29435634864819166f,-0.9022591666635755f,-1.2448913969649027f,0f,0f,0f,1f],start_interpolation:0}
execute if entity @s[tag=aj.heiloang_aj.bone.leg_right_2] run data modify entity @s {} merge value {transformation:[-0.9589652196339987f,-0.075116606287598f,-0.2733920316910325f,-0.6442325312158775f,-0.15882892505660703f,0.9410862985989951f,0.29854639698814867f,2.7221405857302283f,0.23485970300943326f,0.3297181736712075f,-0.914399718861092f,-1.001222862847969f,0f,0f,0f,1f],start_interpolation:0}
execute if entity @s[tag=aj.heiloang_aj.bone.leg_right_1] run data modify entity @s {} merge value {transformation:[-0.9381111453110955f,-0.2541414914506061f,-0.23528616909280042f,-0.49728688294356177f,-0.2830485901220447f,0.9540855710985037f,0.09800111556285623f,2.724613770093297f,0.19957698933751616f,0.15853335719937023f,-0.9669726986746159f,-0.3069976307397233f,0f,0f,0f,1f],start_interpolation:0}
execute if entity @s[tag=aj.heiloang_aj.bone.leg_right_0] run data modify entity @s {} merge value {transformation:[-0.9829535903059493f,0.17796000002813303f,0.04617875804556311f,-0.32868646163783305f,0.08795996783350253f,0.6757530320278217f,-0.7318612462509096f,3.1657640793544086f,-0.16144746316796982f,-0.7153237575358394f,-0.6798872248700033f,-0.8695781486058854f,0f,0f,0f,1f],start_interpolation:0}
execute if entity @s[tag=aj.heiloang_aj.bone.leg_left_3] run data modify entity @s {} merge value {transformation:[-0.9603748420459111f,0.02835124249871536f,-0.27726588288873666f,0.626917930433021f,-0.15065935367705302f,0.7841358459200455f,0.6020238652187024f,2.0764023665766063f,0.23448224221655725f,0.6199412731799951f,-0.7487929592972027f,-1.2188969935886342f,0f,0f,0f,1f],start_interpolation:0}
execute if entity @s[tag=aj.heiloang_aj.bone.leg_left_2] run data modify entity @s {} merge value {transformation:[-0.9603748420459111f,-0.11625485355740217f,-0.2533080570957793f,0.568163985845132f,-0.15065935367705302f,0.9811654565956336f,0.12089708819112845f,2.6674282441896744f,0.23448224221655725f,0.15426975013860603f,-0.9598015014977147f,-1.0797915066822716f,0f,0f,0f,1f],start_interpolation:0}
execute if entity @s[tag=aj.heiloang_aj.bone.leg_left_1] run data modify entity @s {} merge value {transformation:[-0.9701899136320404f,-0.04310340652169814f,-0.2384819234929124f,0.7332078069309311f,-0.020409922340865555f,0.9950923951757126f,-0.09682231216771547f,2.810452925133518f,0.2414849199364091f,-0.08906863314145946f,-0.9663083421111597f,-0.4046231640853139f,0f,0f,0f,1f],start_interpolation:0}
execute if entity @s[tag=aj.heiloang_aj.bone.leg_left_0] run data modify entity @s {} merge value {transformation:[-0.8933784929221418f,-0.4143920499546479f,-0.17364935162144238f,0.3865239955922309f,-0.21926001199734116f,0.7394316204358538f,-0.6365264533690118f,3.2998107474442366f,0.39217332331902494f,-0.5305846846960356f,-0.7514519125286193f,-0.828740828427636f,0f,0f,0f,1f],start_interpolation:0}
execute if entity @s[tag=aj.heiloang_aj.bone.tail_4] run data modify entity @s {} merge value {transformation:[-1.4038894825543327f,-0.6321855835551018f,-0.33806814757692993f,-0.8009785140272621f,0.5153795364954923f,-0.37327364908869365f,-1.4421876022020765f,0.027000768942663678f,0.49832982834935025f,-1.3949417674328846f,0.5391281956420017f,-2.884291891574212f,0f,0f,0f,1f],start_interpolation:0}
execute if entity @s[tag=aj.heiloang_aj.bone.tail_3] run data modify entity @s {} merge value {transformation:[-0.9551169845144708f,-0.2803604022974205f,-0.09565349296085525f,-0.6658374318138492f,0.09703038188027635f,0.008998728852180393f,-0.9952407386513135f,1.3567260059941453f,0.2798868537179829f,-0.9598526281167714f,0.018608638133268407f,-2.8841068332906135f,0f,0f,0f,1f],start_interpolation:0}
execute if entity @s[tag=aj.heiloang_aj.bone.tail_2] run data modify entity @s {} merge value {transformation:[-0.9368160612027119f,-0.33313619407025796f,-0.10675178533879404f,-0.5883371821592371f,-0.10826506287520701f,0.5662797892705107f,-0.8170715246686626f,2.00683894155968f,0.3326474765172043f,-0.7538882387092458f,-0.5665670127201254f,-2.454258400451973f,0f,0f,0f,1f],start_interpolation:0}
execute if entity @s[tag=aj.heiloang_aj.bone.tail_1] run data modify entity @s {} merge value {transformation:[-0.8284468034044282f,-0.2510043447742334f,-0.5006722608987262f,-0.2013081570584388f,0.14719019230667374f,0.7649493783166758f,-0.6270466457143801f,2.5097859202029817f,0.540380367165304f,-0.5931688355918477f,-0.5967744894555248f,-1.9979055957478684f,0f,0f,0f,1f],start_interpolation:0}
execute if entity @s[tag=aj.heiloang_aj.bone.tail_ring] run data modify entity @s {} merge value {transformation:[-0.9793551944429119f,0.06314825140566796f,-0.19203047013974817f,-0.22694583282869993f,0.16214179964237982f,0.812697965345838f,-0.5596713803040717f,2.4545627727131354f,0.12072050333897935f,-0.579253239496458f,-0.8061589450018166f,-2.1317222215597f,0f,0f,0f,1f],start_interpolation:0}
execute if entity @s[tag=aj.heiloang_aj.bone.tail_0] run data modify entity @s {} merge value {transformation:[-0.9793551944429119f,0.06314825140566796f,-0.19203047013974817f,0.039874617233688986f,0.16214179964237982f,0.812697965345838f,-0.5596713803040717f,3.2180037974604474f,0.12072050333897935f,-0.579253239496458f,-0.8061589450018166f,-0.9925098402736903f,0f,0f,0f,1f],start_interpolation:0}
execute if entity @s[tag=aj.heiloang_aj.bone.body_1] run data modify entity @s {} merge value {transformation:[-0.9813417542394544f,-0.11857182064797028f,0.1513574733353323f,-0.018723640453265536f,-0.1839257117725711f,0.8083265750456274f,-0.5592669135788012f,3.47229190387173f,-0.05603297185749956f,-0.576670505074805f,-0.8150530256624937f,-0.7465087703687725f,0f,0f,0f,1f],start_interpolation:0}