execute if entity @s[tag=aj.heiloang_aj.bone.head_lower] run data modify entity @s {} merge value {transformation:[-0.7804229457887512f,0.1435076834496778f,0.10171317750082931f,0.04604091828287649f,0.14257054392952706f,0.2451329669629599f,0.7480531187767183f,-0.38152489231867126f,0.10302264649118122f,0.7478739020041035f,-0.26470920084332084f,3.023697978008314f,0f,0f,0f,1f],start_interpolation:0}
execute if entity @s[tag=aj.heiloang_aj.bone.horne_right] run data modify entity @s {} merge value {transformation:[-0.6390939628667468f,-0.45418136261520686f,-0.15899118365579723f,-0.27275839730057805f,-0.39120411753477596f,0.6443007006977175f,-0.2680222854619878f,0.019296411501579236f,0.2802110723206964f,-0.13636677356828575f,-0.7368078840616876f,2.6948420085572407f,0f,0f,0f,1f],start_interpolation:0}
execute if entity @s[tag=aj.heiloang_aj.bone.horne_left] run data modify entity @s {} merge value {transformation:[-0.5116823392465379f,0.5967687939693337f,-0.14848633017075363f,0.39075719120901814f,0.6014321794066408f,0.4453169512878183f,-0.2827934696380042f,-0.10191706494730471f,-0.12829854744839847f,-0.29250610154338647f,-0.7334709696249205f,2.6072521545104386f,0f,0f,0f,1f],start_interpolation:0}
execute if entity @s[tag=aj.heiloang_aj.bone.head_upper] run data modify entity @s {} merge value {transformation:[-1.1431440204177181f,0.13812319871165452f,-0.21749906427586568f,0.018494583186646242f,0.20883376848437302f,1.0760878528597109f,-0.4142288044890077f,-0.34294421943271985f,0.15090499701412f,-0.44285327965979665f,-1.0743699395323432f,2.766633532451984f,0f,0f,0f,1f],start_interpolation:0}
execute if entity @s[tag=aj.heiloang_aj.bone.neck_0] run data modify entity @s {} merge value {transformation:[-0.9920084523879424f,0.1021810223673795f,0.07401532989075162f,0.04295457203008313f,0.10577590861198961f,0.9933074061435502f,0.046388080987252445f,-0.4010516457086317f,-0.06877999380770343f,0.05384640719982131f,-0.9961776331977561f,2.336181233020009f,0f,0f,0f,1f],start_interpolation:0}
execute if entity @s[tag=aj.heiloang_aj.bone.neck_1] run data modify entity @s {} merge value {transformation:[-0.9940636957784328f,0.08346915926069284f,0.06978730678022067f,0.06942464928429451f,0.10191170459059909f,0.9389474114579324f,0.3286210020432143f,-0.2695913066433562f,-0.038096892297955307f,0.333782351194249f,-0.9418800182764665f,1.9971615701653875f,0f,0f,0f,1f],start_interpolation:0}
execute if entity @s[tag=aj.heiloang_aj.bone.neck_2] run data modify entity @s {} merge value {transformation:[-0.9931005112021898f,0.06648670410500633f,0.09659654666292508f,0.10678154792895339f,0.10624658959275263f,0.8587677392382969f,0.5012281239550046f,-0.09297091914910044f,-0.049628992029443f,0.5080329597780028f,-0.8599066664059208f,1.6277436036218154f,0f,0f,0f,1f],start_interpolation:0}
execute if entity @s[tag=aj.heiloang_aj.bone.neck_3] run data modify entity @s {} merge value {transformation:[-0.9966651464037142f,0.06376936418059476f,-0.05091221990903293f,0.07889021926069052f,0.03072011228765671f,0.8712457524868824f,0.48988479612517016f,0.13944615789201464f,0.07559669731606541f,0.48668707293862723f,-0.8702992774840931f,1.165577991693747f,0f,0f,0f,1f],start_interpolation:0}
execute if entity @s[tag=aj.heiloang_aj.bone.wing_right_2] run data modify entity @s {} merge value {transformation:[-2.325039505323381f,0.32308908047985124f,-0.15290765540449472f,-4.487688563978507f,0.2332595027255962f,2.1339154873067203f,0.9620658520817251f,0.6122397831456112f,0.2708455452740973f,0.9357318768900701f,-2.1411736388013867f,1.238028235840635f,0f,0f,0f,1f],start_interpolation:0}
execute if entity @s[tag=aj.heiloang_aj.bone.wing_right_1] run data modify entity @s {} merge value {transformation:[-3.28819477707552f,0.5724727648327874f,-0.2174139242044421f,-2.331540407140535f,0.4355044201814785f,3.0209816883597833f,1.3679270124890672f,0.3062952321939502f,0.4304994551862581f,1.3164966179294104f,-3.0444581861087787f,1.002491580119159f,0f,0f,0f,1f],start_interpolation:0}
execute if entity @s[tag=aj.heiloang_aj.bone.wing_right_0] run data modify entity @s {} merge value {transformation:[-2.210007769854835f,-0.1531075668005058f,-0.14430429712827686f,-0.2771111915278011f,-0.19895493477301598f,2.016053243134953f,0.9079351600056593f,0.4986264661335363f,0.06842946083904411f,0.9167809955673529f,-2.0207003773582586f,0.9226455209974691f,0f,0f,0f,1f],start_interpolation:0}
execute if entity @s[tag=aj.heiloang_aj.bone.wing_left_2] run data modify entity @s {} merge value {transformation:[-2.3067850837365733f,-0.44773507602540746f,-0.10886636518217631f,4.631567686842752f,-0.4547280817208181f,2.1222507077240182f,0.9071109698269646f,0.20946434060912464f,-0.07443759443964792f,0.9105829130740561f,-2.1676885867837687f,0.5006546667046148f,0f,0f,0f,1f],start_interpolation:0}
execute if entity @s[tag=aj.heiloang_aj.bone.wing_left_1] run data modify entity @s {} merge value {transformation:[-3.3132858376935186f,0.4305749634454354f,-0.1547931894287292f,2.4646548060794955f,0.3383683792314191f,3.0674371873603903f,1.2897886316892702f,0.41137707141452046f,0.3079976794975232f,1.2620035956179128f,-3.082158841943679f,0.7491989786536982f,0f,0f,0f,1f],start_interpolation:0}
execute if entity @s[tag=aj.heiloang_aj.bone.wing_left_0] run data modify entity @s {} merge value {transformation:[-2.2145133053444885f,0.1173674097444457f,-0.10274099270547363f,0.404054547467765f,0.06878016112948063f,2.0471466671266865f,0.8560723174516865f,0.4822136124268147f,0.14000039245384094f,0.8507734213067414f,-2.0457234602239844f,0.8630183853285804f,0f,0f,0f,1f],start_interpolation:0}
execute if entity @s[tag=aj.heiloang_aj.bone.kazari_right] run data modify entity @s {} merge value {transformation:[-2.6174063447688356f,-0.21997101304456942f,-0.08756122623764336f,-2.5979892974862095f,0.07508518657962138f,0.15055864652308285f,-2.6227017553030487f,3.316520937044042f,0.22453603202247366f,-2.6145391632051598f,-0.14366183538546176f,-2.292447027132764f,0f,0f,0f,1f],start_interpolation:0}
execute if entity @s[tag=aj.heiloang_aj.bone.kazari_left] run data modify entity @s {} merge value {transformation:[-2.6174063447688356f,-0.21997101304456942f,-0.08756122623764336f,2.455462588677783f,0.07508518657962138f,0.15055864652308285f,-2.6227017553030487f,3.1715532370527457f,0.22453603202247366f,-2.6145391632051598f,-0.14366183538546176f,-2.725960927946648f,0f,0f,0f,1f],start_interpolation:0}
execute if entity @s[tag=aj.heiloang_aj.bone.ring] run data modify entity @s {} merge value {transformation:[-2.193978418676393f,0.15947505906824402f,0.11812150397553141f,0.22544918102870173f,0.06293836616053926f,-0.6843782762358883f,2.0929862452642785f,3.1127340514948303f,0.18821197154087538f,2.0878506570958573f,0.6770392700701512f,0.9934685274186577f,0f,0f,0f,1f],start_interpolation:0}
execute if entity @s[tag=aj.heiloang_aj.bone.body_0] run data modify entity @s {} merge value {transformation:[-1.123939113329399f,0.07109796972358692f,-0.0732005749101879f,0.017500025895284283f,0.027081585561745197f,0.9883470242685256f,0.5441407201089492f,0.7541234369666414f,0.09838614327973216f,0.540155176091471f,-0.9860045276213522f,0.2950765982114551f,0f,0f,0f,1f],start_interpolation:0}
execute if entity @s[tag=aj.heiloang_aj.bone.leg_right_3] run data modify entity @s {} merge value {transformation:[-0.9580845383998171f,0.2800968996940847f,-0.06016430886307991f,-0.7500597767754809f,0.0839208741204107f,0.4751908933386676f,0.8758715098545367f,-0.10507586914593459f,0.273918426116383f,0.834109909825894f,-0.4787790243569183f,-0.9691817800770715f,0f,0f,0f,1f],start_interpolation:0}
execute if entity @s[tag=aj.heiloang_aj.bone.leg_right_2] run data modify entity @s {} merge value {transformation:[-0.9581123481203844f,0.18516672670396844f,-0.21848114724383402f,-0.6271368725001361f,0.08405165799791908f,0.9110823798898374f,0.40356438871891426f,0.4299910396920923f,0.2737810204653435f,0.36829632142611457f,-0.8884828487128759f,-0.7032733124205792f,0f,0f,0f,1f],start_interpolation:0}
execute if entity @s[tag=aj.heiloang_aj.bone.leg_right_1] run data modify entity @s {} merge value {transformation:[-0.9787196477052518f,0.0691011988792491f,-0.1932171718796205f,-0.4856096812753219f,-0.02448118733650377f,0.8955501414177529f,0.4442866368384694f,0.18372080348964337f,0.20373640485270011f,0.43956224646811215f,-0.8748008395158313f,-0.05298965278609519f,0f,0f,0f,1f],start_interpolation:0}
execute if entity @s[tag=aj.heiloang_aj.bone.leg_right_0] run data modify entity @s {} merge value {transformation:[-0.9747889361039079f,0.14242108414720883f,-0.171763688944274f,-0.3579594303654537f,0.20555261570620428f,0.8726550702479763f,-0.44296867896820563f,0.7839474011708094f,0.08680237453980821f,-0.4671074428446128f,-0.8799295338908779f,-0.4566850594814679f,0f,0f,0f,1f],start_interpolation:0}
execute if entity @s[tag=aj.heiloang_aj.bone.leg_left_3] run data modify entity @s {} merge value {transformation:[-0.939990998304224f,-0.34113436500375016f,0.006653429229869057f,0.8689994479309635f,-0.22693520447309545f,0.6396406424418197f,0.7344115069273971f,0.06285749646773076f,-0.2547888068141595f,0.6888303082400659f,-0.6786718429197668f,-0.9595555696470391f,0f,0f,0f,1f],start_interpolation:0}
execute if entity @s[tag=aj.heiloang_aj.bone.leg_left_2] run data modify entity @s {} merge value {transformation:[-0.939990998304224f,-0.2995218038971714f,0.16341239884786318f,0.6791255783822447f,-0.22693520447309545f,0.9064726565852284f,0.3561007383228413f,0.5973600599853817f,-0.2547888068141595f,0.29764746236698003f,-0.9200481792105857f,-0.7351254608023341f,0f,0f,0f,1f],start_interpolation:0}
execute if entity @s[tag=aj.heiloang_aj.bone.leg_left_1] run data modify entity @s {} merge value {transformation:[-0.9762530141611385f,-0.2074609351128252f,0.06236996667791378f,0.6195409257065092f,-0.13388446741643503f,0.8041402464350396f,0.5791661363097906f,0.24905260182926903f,-0.17030854859903397f,0.5570623165010408f,-0.8128201361977844f,-0.11975614336673729f,0f,0f,0f,1f],start_interpolation:0}
execute if entity @s[tag=aj.heiloang_aj.bone.leg_left_0] run data modify entity @s {} merge value {transformation:[-0.9256073676828465f,-0.31753827343069485f,0.2059622436221872f,0.3680413410999265f,-0.3711795774277616f,0.867971182426385f,-0.3299268824723006f,0.8474998774140763f,-0.0740048795133149f,-0.381831731766751f,-0.9212642435394005f,-0.46347892962921544f,0f,0f,0f,1f],start_interpolation:0}
execute if entity @s[tag=aj.heiloang_aj.bone.tail_4] run data modify entity @s {} merge value {transformation:[-1.2163619603875697f,0.2612091199580165f,0.9680329233350188f,0.7881603609636838f,0.9919388116037519f,0.5354150229360817f,1.101926726663876f,3.0492290374790505f,-0.1462030746732771f,1.4594365051460059f,-0.5775154648067589f,-3.4356947935111077f,0f,0f,0f,1f],start_interpolation:0}
execute if entity @s[tag=aj.heiloang_aj.bone.tail_3] run data modify entity @s {} merge value {transformation:[-0.6690164504655642f,0.39560973711132597f,0.6292137354740163f,-0.0629959521635594f,0.7170921234860993f,0.12095989946316421f,0.6864019151751091f,2.12881937681626f,0.1954376510313565f,0.9104183865808999f,-0.3646127890444559f,-2.972217351144982f,0f,0f,0f,1f],start_interpolation:0}
execute if entity @s[tag=aj.heiloang_aj.bone.tail_2] run data modify entity @s {} merge value {transformation:[-0.903020608038741f,0.42464047435783575f,0.06507110721737717f,-0.10618844764824806f,0.2948786271464622f,0.5025363829306334f,0.8127138359122559f,1.5016457830131065f,0.31241058994464443f,0.7530854210301432f,-0.5790181101850711f,-2.5050873002278506f,0f,0f,0f,1f],start_interpolation:0}
execute if entity @s[tag=aj.heiloang_aj.bone.tail_1] run data modify entity @s {} merge value {transformation:[-0.9924148570350002f,-0.012909790742264005f,-0.12225419763423877f,-0.010866579829579833f,-0.05377149454238232f,0.9398789167690034f,0.33724805142180303f,1.2539646588232891f,0.1105503410708402f,0.3412637676579739f,-0.9334439795579622f,-1.7698507300044757f,0f,0f,0f,1f],start_interpolation:0}
execute if entity @s[tag=aj.heiloang_aj.bone.tail_ring] run data modify entity @s {} merge value {transformation:[-0.9994810074191662f,-0.03181159545590626f,-0.005073283248421427f,-0.012582285315067287f,-0.03197818378697141f,0.9607904195976386f,0.27542542615212606f,1.3233442731158664f,-0.003887360294033533f,0.2754447167835016f,-0.9613090535441768f,-1.899455132925635f,0f,0f,0f,1f],start_interpolation:0}
execute if entity @s[tag=aj.heiloang_aj.bone.tail_0] run data modify entity @s {} merge value {transformation:[-0.9994810074191662f,-0.03181159545590626f,-0.005073283248421427f,-0.004776593181526873f,-0.03197818378697141f,0.9607904195976386f,0.27542542615212606f,0.9168922348051285f,-0.003887360294033533f,0.2754447167835016f,-0.9613090535441768f,-0.5628265337113938f,0f,0f,0f,1f],start_interpolation:0}
execute if entity @s[tag=aj.heiloang_aj.bone.body_1] run data modify entity @s {} merge value {transformation:[-0.9961471668189771f,-0.08127590614616112f,-0.032940083768042416f,0.004101502541447962f,-0.08720048468582028f,0.9579022648139249f,0.27353121674666536f,0.8886486419444047f,0.009321883344220998f,0.27534973786890315f,-0.9612989255930973f,-0.2054245161748412f,0f,0f,0f,1f],start_interpolation:0}