execute if entity @s[tag=aj.heiloang_aj.bone.head_lower] run data modify entity @s {} merge value {transformation:[-0.7988285309014908f,0.04248738115515218f,-0.008234115638178411f,0.21733281604114646f,0.0073486106111910155f,0.283162535742997f,0.7481744290429079f,-0.26689533501727913f,0.042649456501240135f,0.7470032133760691f,-0.2831381695673969f,2.9271512671897115f,0f,0f,0f,1f],start_interpolation:0}
execute if entity @s[tag=aj.heiloang_aj.bone.horne_right] run data modify entity @s {} merge value {transformation:[-0.5819452311306125f,-0.5462209076918861f,-0.05461197638421541f,-0.13965132231618974f,-0.48967770207905786f,0.5525116512947584f,-0.3081340994925957f,0.06501596797629369f,0.24810380096022588f,-0.1907186283082791f,-0.7362546494014808f,2.562687027842929f,0f,0f,0f,1f],start_interpolation:0}
execute if entity @s[tag=aj.heiloang_aj.bone.horne_left] run data modify entity @s {} merge value {transformation:[-0.5959711125313776f,0.5320274512372288f,-0.042014570783601726f,0.5395126946562577f,0.5005136302004048f,0.5353374599323416f,-0.32078015832778844f,0.05876817923465913f,-0.18521484554895873f,-0.26525571647601986f,-0.7316658157007672f,2.5264264599255744f,0f,0f,0f,1f],start_interpolation:0}
execute if entity @s[tag=aj.heiloang_aj.bone.head_upper] run data modify entity @s {} merge value {transformation:[-1.1701040613512312f,-0.015205046045082186f,-0.06154189291955023f,0.20308199075697017f,0.01076406110800732f,1.0734373384855065f,-0.46987075641458637f,-0.2395023548817727f,0.062471857646604026f,-0.46974801683447187f,-1.0717257951930914f,2.6675825158255195f,0f,0f,0f,1f],start_interpolation:0}
execute if entity @s[tag=aj.heiloang_aj.bone.neck_0] run data modify entity @s {} merge value {transformation:[-0.9993773409608459f,0.016415497787327954f,-0.03123238393756167f,0.18923391062254225f,0.013958403273794703f,0.9969082510735497f,0.07732465272810835f,-0.28457978690680874f,0.03240514391381649f,0.07684055162393544f,-0.9965166512778671f,2.2351010689084f,0f,0f,0f,1f],start_interpolation:0}
execute if entity @s[tag=aj.heiloang_aj.bone.neck_1] run data modify entity @s {} merge value {transformation:[-0.9135833145932855f,0.1372451620833049f,-0.3827914481561382f,0.05147208895305129f,-0.017774902467287676f,0.9269481929011834f,0.374768062299216f,-0.13645494215886145f,0.40626294458026135f,0.3491859292153079f,-0.8444048831567813f,1.9317901254893366f,0f,0f,0f,1f],start_interpolation:0}
execute if entity @s[tag=aj.heiloang_aj.bone.neck_2] run data modify entity @s {} merge value {transformation:[-0.9504867664407631f,0.1915291021824746f,-0.2447274194653258f,-0.055236817475188604f,0.018062817594402508f,0.8202173156178316f,0.5717668141657313f,0.07036433440011564f,0.3102396516268249f,0.5390363236163717f,-0.7830652593370572f,1.5928226797181142f,0f,0f,0f,1f],start_interpolation:0}
execute if entity @s[tag=aj.heiloang_aj.bone.neck_3] run data modify entity @s {} merge value {transformation:[-0.9754619467561103f,0.19719507965919372f,0.09791879793473714f,-0.009339164891759092f,0.21944868661000475f,0.8349006469272294f,0.5047605211440747f,0.31135974130102273f,0.017783823433773285f,0.5138628322020362f,-0.8576880116367362f,1.1365253028857907f,0f,0f,0f,1f],start_interpolation:0}
execute if entity @s[tag=aj.heiloang_aj.bone.wing_right_2] run data modify entity @s {} merge value {transformation:[-1.716174960787418f,-1.6087715508479106f,-0.013176018735581477f,-4.398153480588401f,-1.4370184630828304f,1.5241901155290523f,1.070232888115294f,-0.28598303677781806f,-0.7233930100895174f,0.7888438344989145f,-2.094756301827896f,0.3863837828572629f,0f,0f,0f,1f],start_interpolation:0}
execute if entity @s[tag=aj.heiloang_aj.bone.wing_right_1] run data modify entity @s {} merge value {transformation:[-3.1300586175046607f,-1.1788133194169081f,-0.018734509603956784f,-2.348562671706027f,-1.0577347689667118f,2.7843789911495636f,1.5217258508232938f,0.3833830849306093f,-0.5207196773732943f,1.4299830644137814f,-2.978459035472205f,0.7726233069031163f,0f,0f,0f,1f],start_interpolation:0}
execute if entity @s[tag=aj.heiloang_aj.bone.wing_right_0] run data modify entity @s {} merge value {transformation:[-2.184386468260211f,-0.395854943485648f,-0.012434669262028344f,-0.31690742491775736f,-0.3580838856635586f,1.9442333358994048f,1.010016171358439f,0.7245425997316902f,-0.1692090071768316f,0.9958190595160581f,-1.9768947145952873f,0.9141621437201777f,0f,0f,0f,1f],start_interpolation:0}
execute if entity @s[tag=aj.heiloang_aj.bone.wing_left_2] run data modify entity @s {} merge value {transformation:[-1.7862713369387624f,1.530299366072601f,-0.03153676187894588f,4.29160696028475f,1.3412546131845877f,1.588292428623199f,1.1008811153391136f,-0.7490311466291457f,0.7374596800931403f,0.8179773943679758f,-2.0786154547825597f,0.01674053889999505f,0f,0f,0f,1f],start_interpolation:0}
execute if entity @s[tag=aj.heiloang_aj.bone.wing_left_1] run data modify entity @s {} merge value {transformation:[-3.0248346225437373f,1.4267387863506944f,-0.04484099333460274f,2.311875449429703f,1.2419564972239836f,2.6822728950149117f,1.5653034685234222f,0.040285260068537165f,0.7036606697576752f,1.3989450757949253f,-2.9555089425757637f,0.5224056590404902f,0f,0f,0f,1f],start_interpolation:0}
execute if entity @s[tag=aj.heiloang_aj.bone.wing_left_0] run data modify entity @s {} merge value {transformation:[-2.104648432941858f,0.7056693110718897f,-0.029762344106345824f,0.35404837928203536f,0.6104566030330468f,1.864496303479427f,1.0389399742645886f,0.6164150873885372f,0.35524316957365026f,0.9767724185924145f,-1.9616620332637298f,0.8371018365488415f,0f,0f,0f,1f],start_interpolation:0}
execute if entity @s[tag=aj.heiloang_aj.bone.kazari_right] run data modify entity @s {} merge value {transformation:[-2.575796107835705f,-0.21776533281532534f,-0.47404942699945696f,-2.168513038059699f,0.4338217195695587f,0.4321954619972272f,-2.5557535066619717f,4.365280320373105f,0.28972972758140375f,-2.583148375724686f,-0.3876484780090999f,-2.14189802985954f,0f,0f,0f,1f],start_interpolation:0}
execute if entity @s[tag=aj.heiloang_aj.bone.kazari_left] run data modify entity @s {} merge value {transformation:[-2.575796107835705f,-0.21776533281532534f,-0.47404942699945696f,2.8046015589654805f,0.4338217195695587f,0.4321954619972272f,-2.5557535066619717f,3.5276965071454676f,0.28972972758140375f,-2.583148375724686f,-0.3876484780090999f,-2.7012820327486042f,0f,0f,0f,1f],start_interpolation:0}
execute if entity @s[tag=aj.heiloang_aj.bone.ring] run data modify entity @s {} merge value {transformation:[-2.1590996303637735f,0.08712829905841098f,0.4285133970487184f,0.638695660180225f,0.36364070568979795f,-0.8411904120877647f,2.0032699302792603f,3.50624531536138f,0.2428590313586677f,2.034141990102666f,0.8100692197415755f,1.0883005617474453f,0f,0f,0f,1f],start_interpolation:0}
execute if entity @s[tag=aj.heiloang_aj.bone.body_0] run data modify entity @s {} merge value {transformation:[-1.107092486429999f,0.2184310749824784f,-0.016925362918277887f,-0.002449819902628771f,0.17841287867572572f,0.9494686208730929f,0.5833785723161777f,0.9588640061914001f,0.1271512766375444f,0.5696047571755521f,-0.9659375494254774f,0.2879616027541898f,0f,0f,0f,1f],start_interpolation:0}
execute if entity @s[tag=aj.heiloang_aj.bone.leg_right_3] run data modify entity @s {} merge value {transformation:[-0.9636856387127751f,0.2658949829225745f,-0.024695096585241133f,-0.7290157873904941f,0.11679461001020991f,0.5028429720034334f,0.8564507951886771f,0.0828096571421939f,0.24014372532155318f,0.8224650774126268f,-0.5156376514814722f,-0.9287764154289957f,0f,0f,0f,1f],start_interpolation:0}
execute if entity @s[tag=aj.heiloang_aj.bone.leg_right_2] run data modify entity @s {} merge value {transformation:[-0.9670570631790597f,0.19812279780597383f,-0.15983739720423798f,-0.6009798686270137f,0.13741241579791247f,0.9348454972462638f,0.3273862004773068f,0.6359228191334589f,0.21428594106957596f,0.2946374946742505f,-0.9312734733642998f,-0.7056473405893267f,0f,0f,0f,1f],start_interpolation:0}
execute if entity @s[tag=aj.heiloang_aj.bone.leg_right_1] run data modify entity @s {} merge value {transformation:[-0.9882749242124987f,0.08163841716784584f,-0.12902652058824365f,-0.503806246114649f,0.025143837168868175f,0.9205324255866034f,0.38985617975872816f,0.42993576085038254f,0.15060033740070153f,0.3820408646806951f,-0.9117918161997406f,-0.033580058250332556f,0f,0f,0f,1f],start_interpolation:0}
execute if entity @s[tag=aj.heiloang_aj.bone.leg_right_0] run data modify entity @s {} merge value {transformation:[-0.9750526799952349f,0.17293487569031563f,-0.13916105778587956f,-0.3516569827974501f,0.22019025437421902f,0.8328487471039187f,-0.5078180937363789f,0.9961819881472778f,0.028080653709032153f,-0.5257913019605858f,-0.8501499771627742f,-0.47601914812855484f,0f,0f,0f,1f],start_interpolation:0}
execute if entity @s[tag=aj.heiloang_aj.bone.leg_left_3] run data modify entity @s {} merge value {transformation:[-0.9229273731693173f,-0.37509619496432706f,0.08664818739054606f,0.8841192794308989f,-0.21888022358672773f,0.6964306175888622f,0.6834294715677837f,0.24968429530484393f,-0.31669624496890986f,0.6117901923111216f,-0.7248560195062967f,-0.852190857654927f,0f,0f,0f,1f],start_interpolation:0}
execute if entity @s[tag=aj.heiloang_aj.bone.leg_left_2] run data modify entity @s {} merge value {transformation:[-0.9229273731693173f,-0.2937999163368792f,0.24877032181356853f,0.6936983990811421f,-0.21888022358672773f,0.9320552605540124f,0.28872900615666597f,0.8029242287223921f,-0.31669624496890986f,0.21202499954966314f,-0.9245263046493364f,-0.6796237260818458f,0f,0f,0f,1f],start_interpolation:0}
execute if entity @s[tag=aj.heiloang_aj.bone.leg_left_1] run data modify entity @s {} merge value {transformation:[-0.9636196232248885f,-0.23365602115249348f,0.12977706082012055f,0.5845828322279959f,-0.12339882272519281f,0.8196329490009171f,0.5594412922390485f,0.4696982635452389f,-0.23708638148565217f,0.5230742707218979f,-0.8186472714318386f,-0.06269418206171712f,0f,0f,0f,1f],start_interpolation:0}
execute if entity @s[tag=aj.heiloang_aj.bone.leg_left_0] run data modify entity @s {} merge value {transformation:[-0.9263187570889235f,-0.26607165770752866f,0.2667197653530751f,0.37475203530097423f,-0.3557328757112383f,0.8508367268612056f,-0.38669236527545153f,1.0523587763340785f,-0.12404709349051458f,-0.45308138031580847f,-0.8827964552532351f,-0.4576806375330673f,0f,0f,0f,1f],start_interpolation:0}
execute if entity @s[tag=aj.heiloang_aj.bone.tail_4] run data modify entity @s {} merge value {transformation:[-0.46318082422277335f,0.598003236722835f,1.3830075981819476f,2.4925797219988484f,-0.5085794139910169f,1.2999179577997055f,-0.7324033358348885f,0.30008607289175726f,-1.4183317198118852f,-0.6614074353577616f,-0.1890230163673254f,-3.428289910240511f,0f,0f,0f,1f],start_interpolation:0}
execute if entity @s[tag=aj.heiloang_aj.bone.tail_3] run data modify entity @s {} merge value {transformation:[-0.4945731370651578f,0.07547874147195185f,0.8658523960117792f,1.3335538530079694f,-0.20639101424846906f,0.9575263759846043f,-0.20136034498202168f,0.5441764906849343f,-0.8442749323123463f,-0.27829157170061913f,-0.45798868958674316f,-2.809007054550568f,0f,0f,0f,1f],start_interpolation:0}
execute if entity @s[tag=aj.heiloang_aj.bone.tail_2] run data modify entity @s {} merge value {transformation:[-0.5454860534324468f,0.08865869899026216f,0.8334174227864737f,0.6826078053967126f,-0.0978186112272928f,0.9808587703537114f,-0.16836743128577242f,0.6939284791160565f,-0.8323920259158286f,-0.17336582048823718f,-0.5263723088064024f,-2.400024930295475f,0f,0f,0f,1f],start_interpolation:0}
execute if entity @s[tag=aj.heiloang_aj.bone.tail_1] run data modify entity @s {} merge value {transformation:[-0.8299464793897646f,0.07990672814172015f,0.5520903514337308f,0.2525066568049573f,-0.0009399654591039086f,0.9894859232469698f,-0.14462615310180826f,0.8236629191504061f,-0.557842233802238f,-0.12055091245518325f,-0.82114524884015f,-1.7603476765125772f,0f,0f,0f,1f],start_interpolation:0}
execute if entity @s[tag=aj.heiloang_aj.bone.tail_ring] run data modify entity @s {} merge value {transformation:[-0.980452740314534f,-0.011580529779096734f,0.1964136332838339f,0.2803735988789952f,-0.058490305022130415f,0.9702915073532151f,-0.23476216683410508f,0.8200194261606539f,-0.18785981003966518f,-0.24166150311595255f,-0.9520023160074766f,-1.904652680859363f,0f,0f,0f,1f],start_interpolation:0}
execute if entity @s[tag=aj.heiloang_aj.bone.tail_0] run data modify entity @s {} merge value {transformation:[-0.980452740314534f,-0.011580529779096734f,0.1964136332838339f,0.006265071090828559f,-0.058490305022130415f,0.9702915073532151f,-0.23476216683410508f,1.1260337475381852f,-0.18785981003966518f,-0.24166150311595255f,-0.9520023160074766f,-0.5693400018887349f,0f,0f,0f,1f],start_interpolation:0}
execute if entity @s[tag=aj.heiloang_aj.bone.body_1] run data modify entity @s {} merge value {transformation:[-0.9967073228723232f,-0.08103821720682299f,0.0027055285298836396f,0.0026290899570383646f,-0.07708028778029996f,0.9573270832795318f,0.2785381210089757f,1.095958298732189f,-0.02516230848694877f,0.2774124419910621f,-0.9604213633922161f,-0.21199567175201728f,0f,0f,0f,1f],start_interpolation:0}