execute if entity @s[tag=aj.heiloang_aj.bone.head_lower] run data modify entity @s {} merge value {transformation:[-0.7694474364970351f,0.13886420727255713f,-0.1693144246858655f,-0.6054882319384473f,0.04887652081802874f,0.7118733868462975f,0.3617283052412497f,0.5202051101105758f,0.21345193412303873f,0.3375692714666818f,-0.6931704399212275f,2.6430291073619636f,0f,0f,0f,1f],start_interpolation:0}
execute if entity @s[tag=aj.heiloang_aj.bone.horne_right] run data modify entity @s {} merge value {transformation:[-0.6543514945180726f,-0.42063564040210183f,-0.18678806076802276f,-0.9077930667860005f,-0.45820498347808797f,0.564865213184726f,0.33312983062106516f,1.0444658823343023f,-0.043270252342806154f,0.3794640285419529f,-0.702947178886794f,2.707831880384618f,0f,0f,0f,1f],start_interpolation:0}
execute if entity @s[tag=aj.heiloang_aj.bone.horne_left] run data modify entity @s {} merge value {transformation:[-0.48024081907374966f,0.6148353834920207f,-0.17704860039433823f,-0.2536088562762213f,0.5302760856806096f,0.5063483981124814f,0.3200290185032837f,1.0029110643348143f,0.3580167993972142f,0.07475794897630653f,-0.7115020874278805f,2.5263550459932107f,0f,0f,0f,1f],start_interpolation:0}
execute if entity @s[tag=aj.heiloang_aj.bone.head_upper] run data modify entity @s {} merge value {transformation:[-1.1270673687949446f,0.18874826910534892f,-0.2593363636426168f,-0.6355486579899086f,0.07159310578122806f,1.071583292471755f,0.4687705055781474f,0.7293858340756654f,0.3126590568050741f,0.43502350580759314f,-1.0421904701121738f,2.4891811513346065f,0f,0f,0f,1f],start_interpolation:0}
execute if entity @s[tag=aj.heiloang_aj.bone.neck_0] run data modify entity @s {} merge value {transformation:[-0.9915779240897247f,-0.09556119977842471f,-0.08741440130104772f,-0.6652630903429517f,-0.122807936958269f,0.4794393534520191f,0.8689396509433576f,1.0667325516503037f,-0.041127011537023306f,0.8723565575258883f,-0.4871371526209183f,2.217819244408708f,0f,0f,0f,1f],start_interpolation:0}
execute if entity @s[tag=aj.heiloang_aj.bone.neck_1] run data modify entity @s {} merge value {transformation:[-0.9926679190157909f,-0.12081823983596215f,-0.0036545149882799693f,-0.6681030788528646f,-0.10036250524210624f,0.8069959847150792f,0.5819663634569168f,1.2888553430824965f,-0.0673629727549776f,0.5780661152296334f,-0.8132046460300955f,1.9287341055124019f,0f,0f,0f,1f],start_interpolation:0}
execute if entity @s[tag=aj.heiloang_aj.bone.neck_2] run data modify entity @s {} merge value {transformation:[-0.9891649880501723f,-0.0809152342278952f,0.12249633172282226f,-0.6151919797614326f,-0.03934081479081979f,0.9499775576736763f,0.30983050238469334f,1.3839837975504539f,-0.14143877370543523f,0.30165437969007153f,-0.9428678107277293f,1.532235775246522f,0f,0f,0f,1f],start_interpolation:0}
execute if entity @s[tag=aj.heiloang_aj.bone.neck_3] run data modify entity @s {} merge value {transformation:[-0.9686802081161082f,0.039800641259959066f,0.24510112884160593f,-0.489315967864813f,0.0019012601457120415f,0.9882306578449517f,-0.15295931519587946f,1.2808961112685484f,-0.24830432862516083f,-0.1477026602693064f,-0.9573551506809675f,1.040381289315868f,0f,0f,0f,1f],start_interpolation:0}
execute if entity @s[tag=aj.heiloang_aj.bone.wing_right_2] run data modify entity @s {} merge value {transformation:[-2.229064709420706f,0.5154527884001754f,-0.5469505923451178f,-3.856695843429693f,0.5638555833164827f,2.2788224178507055f,-0.15037046047977679f,3.55764660380306f,0.49690382238318503f,-0.27359242890210783f,-2.2829388472907968f,1.1194867972950653f,0f,0f,0f,1f],start_interpolation:0}
execute if entity @s[tag=aj.heiloang_aj.bone.wing_right_1] run data modify entity @s {} merge value {transformation:[-1.744456204977505f,2.7457768296965903f,-0.777689477437378f,-2.702736983959987f,2.844454656858428f,1.7465919131003522f,-0.2138063775214766f,1.6985837854115635f,0.23058409939084157f,-0.7728810150946858f,-3.246029063719905f,1.017905073511237f,0f,0f,0f,1f],start_interpolation:0}
execute if entity @s[tag=aj.heiloang_aj.bone.wing_right_0] run data modify entity @s {} merge value {transformation:[-2.1420986612363166f,0.2708786909069138f,-0.5161763849132752f,-0.7144527487195036f,0.3115669762664687f,2.1934419553771454f,-0.14190985762607985f,1.407649644617319f,0.4926858480104237f,-0.2093731673444361f,-2.1544891580062333f,0.5423746073120439f,0f,0f,0f,1f],start_interpolation:0}
execute if entity @s[tag=aj.heiloang_aj.bone.wing_left_2] run data modify entity @s {} merge value {transformation:[-2.1604590884911112f,-0.34025490439973466f,0.8661519112194415f,3.1205528900789092f,-0.4488162560359415f,2.2989833045535573f,-0.21636945261033633f,3.3798460959542282f,-0.8152033498428747f,-0.3639757845474668f,-2.176359605623349f,1.7428194145322866f,0f,0f,0f,1f],start_interpolation:0}
execute if entity @s[tag=aj.heiloang_aj.bone.wing_left_1] run data modify entity @s {} merge value {transformation:[-1.9003349051431209f,-2.4615502441503456f,1.2315504117648046f,1.8576322910228211f,-2.709022524759473f,1.9374644388488125f,-0.3076479829969161f,1.6108808628195959f,-0.48697328626989345f,-1.1722716053115134f,-3.0944878533837983f,1.4710694869849243f,0f,0f,0f,1f],start_interpolation:0}
execute if entity @s[tag=aj.heiloang_aj.bone.wing_left_0] run data modify entity @s {} merge value {transformation:[-2.0600342960006905f,-0.12840094405441793f,0.8174178226995501f,-0.05190696847484949f,-0.2181368446353059f,2.199800116033691f,-0.2041954125604021f,1.4063492444686068f,-0.7981697916568202f,-0.26980112502377507f,-2.0539066036756424f,0.7122066982009736f,0f,0f,0f,1f],start_interpolation:0}
execute if entity @s[tag=aj.heiloang_aj.bone.kazari_right] run data modify entity @s {} merge value {transformation:[-2.5456485981336403f,0.6043200765018995f,-0.24767044335814828f,-1.9275090992270862f,0.005348895168262682f,-0.9773033561304159f,-2.4396146679287187f,2.432049827451246f,-0.6530810001040935f,-2.3635874394211043f,0.9454151532898514f,-3.537428510959776f,0f,0f,0f,1f],start_interpolation:0}
execute if entity @s[tag=aj.heiloang_aj.bone.kazari_left] run data modify entity @s {} merge value {transformation:[-2.5456485981336403f,0.6043200765018995f,-0.24767044335814828f,2.987399407608264f,0.005348895168262682f,-0.9773033561304159f,-2.4396146679287187f,2.4217226635277025f,-0.6530810001040935f,-2.3635874394211043f,0.9454151532898514f,-2.276518672336543f,0f,0f,0f,1f],start_interpolation:0}
execute if entity @s[tag=aj.heiloang_aj.bone.ring] run data modify entity @s {} merge value {transformation:[-2.1338291996584453f,-0.5434346118657796f,-0.06616687309611341f,-0.23804685232761652f,0.0044835837532009966f,-0.28359510516065184f,2.1846006499105677f,3.0805910335405318f,-0.5474295661961968f,2.1159345275171524f,0.2758046973839207f,0.09194135587139937f,0f,0f,0f,1f],start_interpolation:0}
execute if entity @s[tag=aj.heiloang_aj.bone.body_0] run data modify entity @s {} merge value {transformation:[-1.093215753755282f,0.03533760337228622f,0.2779981033511694f,-0.22429833625402773f,0.0021456901110034187f,1.1205760943944607f,-0.13400368884205355f,1.2718931994612954f,-0.28022685041389617f,-0.12927817448136156f,-1.0855470703048986f,0.006430520748504531f,0f,0f,0f,1f],start_interpolation:0}
execute if entity @s[tag=aj.heiloang_aj.bone.leg_right_3] run data modify entity @s {} merge value {transformation:[-0.9896345263672567f,-0.03225918144170402f,0.13993873457540973f,-0.5727211599773894f,0.10341338812246455f,0.5160509116632814f,0.850292377790445f,-0.07305705838615006f,-0.0996452476482863f,0.8559502332403485f,-0.5073657682943384f,-1.5578030535143712f,0f,0f,0f,1f],start_interpolation:0}
execute if entity @s[tag=aj.heiloang_aj.bone.leg_right_2] run data modify entity @s {} merge value {transformation:[-0.9896345263672567f,0.0372505130544509f,0.13869355968838618f,-0.5566091953891377f,0.10341338812246455f,0.854967506061896f,0.5082678769461382f,0.42294201216878646f,-0.0996452476482863f,0.5173422105874236f,-0.8499575646852195f,-1.2030647314992038f,0f,0f,0f,1f],start_interpolation:0}
execute if entity @s[tag=aj.heiloang_aj.bone.leg_right_1] run data modify entity @s {} merge value {transformation:[-0.9858673042006074f,-0.07453314940524099f,0.15003488976889068f,-0.6680735169718728f,-0.008466155106454959f,0.9166017795996427f,0.399711773472438f,0.20970548019214108f,-0.1673140242954567f,0.3927925499223529f,-0.904278734682816f,-0.5354917395893406f,0f,0f,0f,1f],start_interpolation:0}
execute if entity @s[tag=aj.heiloang_aj.bone.leg_right_0] run data modify entity @s {} merge value {transformation:[-0.8533893623078284f,0.5022842093635915f,0.13941724901829783f,-0.2609322001484122f,0.46485136283640405f,0.8543205550380719f,-0.23248569785812373f,0.8013684040677447f,-0.23588091650020393f,-0.1335925232317765f,-0.9625555729242811f,-0.6894640395475915f,0f,0f,0f,1f],start_interpolation:0}
execute if entity @s[tag=aj.heiloang_aj.bone.leg_left_3] run data modify entity @s {} merge value {transformation:[-0.8544232673430844f,-0.45111721144533085f,0.25778700851780134f,0.9379586629543403f,-0.1713804485654224f,0.7130740819412841f,0.6798191638319043f,-0.28143693802449854f,-0.4904993599101665f,0.5366736580095799f,-0.6865797570030253f,-0.6428605045854728f,0f,0f,0f,1f],start_interpolation:0}
execute if entity @s[tag=aj.heiloang_aj.bone.leg_left_2] run data modify entity @s {} merge value {transformation:[-0.8544232673430844f,-0.2811130598920563f,0.43696261599923336f,0.7463752885032486f,-0.1713804485654224f,0.9464099916905161f,0.2737459944508266f,0.2812401796123494f,-0.4904993599101665f,0.15900809786448789f,-0.8568119996482508f,-0.5057320158524152f,0f,0f,0f,1f],start_interpolation:0}
execute if entity @s[tag=aj.heiloang_aj.bone.leg_left_1] run data modify entity @s {} merge value {transformation:[-0.8849521719649786f,-0.11810208292303206f,0.45045704716843804f,0.4196536267608533f,-0.04713083646200669f,0.9850539459453012f,0.16567259227761005f,0.23828729777121838f,-0.4632907700233827f,0.1253819029478851f,-0.8772918789230344f,0.122723088966252f,0f,0f,0f,1f],start_interpolation:0}
execute if entity @s[tag=aj.heiloang_aj.bone.leg_left_0] run data modify entity @s {} merge value {transformation:[-0.9032631811235374f,-0.048168547166979214f,0.42637473739705806f,0.3806053131413904f,-0.271959540040694f,0.8328672524218974f,-0.4820478694321277f,0.8044157311054264f,-0.33189401050251266f,-0.5513727694645629f,-0.7653982198081831f,-0.343656973517378f,0f,0f,0f,1f],start_interpolation:0}
execute if entity @s[tag=aj.heiloang_aj.bone.tail_4] run data modify entity @s {} merge value {transformation:[-0.742850919937263f,0.5626778060964823f,-1.2713852920977518f,-0.5087199934128428f,-0.6554647331695941f,1.1295018481256445f,0.8828623462008902f,0.1303531763022185f,1.2261292174999128f,0.944708222307225f,-0.29830836459249366f,-3.9386872029894815f,0f,0f,0f,1f],start_interpolation:0}
execute if entity @s[tag=aj.heiloang_aj.bone.tail_3] run data modify entity @s {} merge value {transformation:[-0.7701400967844756f,0.13119900091239933f,-0.6242363762905738f,0.32203526702796337f,-0.08456045675851923f,0.948982986555068f,0.3037775837381918f,-0.3003593403478893f,0.6322450161745752f,0.28673701084549885f,-0.719755601668927f,-2.9843472333503285f,0f,0f,0f,1f],start_interpolation:0}
execute if entity @s[tag=aj.heiloang_aj.bone.tail_2] run data modify entity @s {} merge value {transformation:[-0.9649255869151313f,0.10362789056377436f,-0.24120504143527335f,0.5127920960323825f,0.09711870606867741f,0.9945180448126754f,0.0387532640369726f,-0.31253330141011126f,0.24389868521178057f,0.013968494524317254f,-0.9697001147327398f,-2.224816839119634f,0f,0f,0f,1f],start_interpolation:0}
execute if entity @s[tag=aj.heiloang_aj.bone.tail_1] run data modify entity @s {} merge value {transformation:[-0.9932744962188996f,0.11571479951870565f,0.003982503413313465f,0.5116341051837362f,0.10719748470109369f,0.9320731675885692f,-0.346046686929914f,-0.026361239286396554f,-0.04375470757358685f,-0.34329243427980893f,-0.9382088414267863f,-1.4974178963961389f,0f,0f,0f,1f],start_interpolation:0}
execute if entity @s[tag=aj.heiloang_aj.bone.tail_ring] run data modify entity @s {} merge value {transformation:[-0.8991174069483394f,0.3110802669825026f,0.30792362042654237f,0.5655331933466459f,0.033543643521819856f,0.7503929990959606f,-0.6601402660700609f,-0.09795490770569881f,-0.4364203392393342f,-0.5832147240955639f,-0.685126173121681f,-1.6139640705878466f,0f,0f,0f,1f],start_interpolation:0}
execute if entity @s[tag=aj.heiloang_aj.bone.tail_0] run data modify entity @s {} merge value {transformation:[-0.8991174069483394f,0.3110802669825026f,0.30792362042654237f,0.12836544049000548f,0.033543643521819856f,0.7503929990959606f,-0.6601402660700609f,0.8072389621617473f,-0.4364203392393342f,-0.5832147240955639f,-0.685126173121681f,-0.6437328536448261f,0f,0f,0f,1f],start_interpolation:0}
execute if entity @s[tag=aj.heiloang_aj.bone.body_1] run data modify entity @s {} merge value {transformation:[-0.8802549548009716f,0.2119982715824893f,0.42450906632765417f,-0.0032283133185294546f,-0.004181243759328818f,0.8911428294165773f,-0.45370361997678854f,1.029713834186859f,-0.47448259372601304f,-0.40114983538006616f,-0.7835464745792562f,-0.39513531034132593f,0f,0f,0f,1f],start_interpolation:0}