execute if entity @s[tag=aj.heiloang_aj.bone.head_lower] run data modify entity @s {} merge value {transformation:[-0.7884279388304405f,0.07076510051999707f,0.11564465322693365f,-0.46262455385890533f,0.13473403199867953f,0.33293997859570645f,0.7148410391647007f,1.0040644182914606f,0.015103837027782521f,0.7239773968854866f,-0.34004206049539365f,2.7062795142168974f,0f,0f,0f,1f],start_interpolation:0}
execute if entity @s[tag=aj.heiloang_aj.bone.horne_right] run data modify entity @s {} merge value {transformation:[-0.6725193900976346f,-0.43325876255333046f,0.0021247619777872914f,-0.7177067970635647f,-0.422512377631495f,0.6566912867575265f,0.1738960742654217f,1.5438978820102167f,-0.0959216382829566f,0.14506342946277312f,-0.7808685169358621f,2.588170028961311f,0f,0f,0f,1f],start_interpolation:0}
execute if entity @s[tag=aj.heiloang_aj.bone.horne_left] run data modify entity @s {} merge value {transformation:[-0.4900607119175706f,0.6322135481803275f,0.012104880506824456f,-0.04738536346992417f,0.621185074210848f,0.4784729582190599f,0.15872218443168198f,1.4293470080049393f,0.11819307176187187f,0.10662859724455906f,-0.7840030229770487f,2.5753287467202903f,0f,0f,0f,1f],start_interpolation:0}
execute if entity @s[tag=aj.heiloang_aj.bone.head_upper] run data modify entity @s {} merge value {transformation:[-1.1548695341003585f,0.19779809366571424f,0.017730926344383793f,-0.4379909502077358f,0.19735504172086582f,1.1314417510711496f,0.232492287700917f,1.1741172878538317f,0.022123722882370144f,0.2321154679793228f,-1.1483880279812066f,2.5092906688689682f,0f,0f,0f,1f],start_interpolation:0}
execute if entity @s[tag=aj.heiloang_aj.bone.neck_0] run data modify entity @s {} merge value {transformation:[-0.9692361286891075f,-0.13530242595492975f,0.2056078315008028f,-0.33946550034963063f,-0.06637932796501933f,0.9480923428280671f,0.31098986203684953f,1.2388475542903756f,-0.23701289345236934f,0.2877745002627875f,-0.9279066361093872f,2.0916475578085576f,0f,0f,0f,1f],start_interpolation:0}
execute if entity @s[tag=aj.heiloang_aj.bone.neck_1] run data modify entity @s {} merge value {transformation:[-0.9163252708392529f,-0.11228237702970319f,0.3843704799147942f,-0.20081667637579248f,-0.02317214150280671f,0.9731427881588927f,0.22903311051572814f,1.3344486050222146f,-0.3997637425774673f,0.20096213987439382f,-0.8943171520537672f,1.7682998189132588f,0f,0f,0f,1f],start_interpolation:0}
execute if entity @s[tag=aj.heiloang_aj.bone.neck_2] run data modify entity @s {} merge value {transformation:[-0.952602677637746f,-0.07736709613860926f,0.29421500810202655f,-0.07765407888081119f,-0.03558514798360937f,0.9888201915993061f,0.14480444029274647f,1.3606473923976474f,-0.30212883973626375f,0.12747141295439599f,-0.944705881784923f,1.3768863147025554f,0f,0f,0f,1f],start_interpolation:0}
execute if entity @s[tag=aj.heiloang_aj.bone.neck_3] run data modify entity @s {} merge value {transformation:[-0.9999025805955671f,-0.012276032436536445f,0.006642916975408078f,-0.07391908987554623f,-0.013409356939243892f,0.9769648793550664f,-0.21297843471397798f,1.2267726266734817f,-0.0038753664086137105f,-0.21304676372655218f,-0.9770343177191073f,0.8764302489750103f,0f,0f,0f,1f],start_interpolation:0}
execute if entity @s[tag=aj.heiloang_aj.bone.wing_right_2] run data modify entity @s {} merge value {transformation:[-0.0997773418356128f,-2.3477815940177567f,-0.10743405032236406f,-3.469006112390544f,-2.3338497749425655f,0.11165465967354252f,-0.2724967363010572f,-1.5502216521582897f,0.27706626712352017f,0.09503067970731528f,-2.334047870086989f,0.8989044469176003f,0f,0f,0f,1f],start_interpolation:0}
execute if entity @s[tag=aj.heiloang_aj.bone.wing_right_1] run data modify entity @s {} merge value {transformation:[-2.3429642590422746f,-2.3821004733378155f,-0.15275663217759392f,-1.9327011189815217f,-2.3560803333757114f,2.342217780188468f,-0.3874533594501405f,-0.001758597958552155f,0.38291345814776584f,-0.16380469466031705f,-3.318699154559894f,0.69869556677944f,0f,0f,0f,1f],start_interpolation:0}
execute if entity @s[tag=aj.heiloang_aj.bone.wing_right_0] run data modify entity @s {} merge value {transformation:[-1.6383630888535816f,-1.4946192175914936f,-0.10138926712597385f,-0.40962954711882577f,-1.477400955055188f,1.636933944770922f,-0.25716469131419034f,1.3703491847731997f,0.247896766990147f,-0.12231375582042135f,-2.2027225286115666f,0.4504631792475309f,0f,0f,0f,1f],start_interpolation:0}
execute if entity @s[tag=aj.heiloang_aj.bone.wing_left_2] run data modify entity @s {} merge value {transformation:[-0.38736886420785677f,2.313326426169505f,0.17900339479782668f,3.3255519242531077f,2.3063536951396766f,0.4037292218132316f,-0.22652009776320012f,-1.4163585845344784f,-0.25348373178348615f,0.1382011858158751f,-2.3345711461168217f,0.9358904791191744f,0f,0f,0f,1f],start_interpolation:0}
execute if entity @s[tag=aj.heiloang_aj.bone.wing_left_1] run data modify entity @s {} merge value {transformation:[-1.9519841687495292f,2.7041074127397597f,0.25451852234579836f,2.0436804120046235f,2.684907433849108f,1.968439683750632f,-0.3220808221510638f,0.3463989045270759f,-0.4101812398355173f,0.01634272625946332f,-3.3194431820239676f,0.7178402107762104f,0f,0f,0f,1f],start_interpolation:0}
execute if entity @s[tag=aj.heiloang_aj.bone.wing_left_0] run data modify entity @s {} merge value {transformation:[-1.9039324654355092f,1.129116126946992f,0.16893175820101242f,0.2741372484870836f,1.1130737814229692f,1.9088653792129107f,-0.21377493106330306f,1.379984278976201f,-0.2539841021982146f,-0.09863942371370688f,-2.2032163624846275f,0.4639418751331067f,0f,0f,0f,1f],start_interpolation:0}
execute if entity @s[tag=aj.heiloang_aj.bone.kazari_right] run data modify entity @s {} merge value {transformation:[-2.627237454255216f,0.06424200308080685f,0.019144517622225986f,-2.477010082180212f,-0.031576154730308684f,-0.5239273424300949f,-2.575145291990888f,2.924783895204808f,-0.059131159021870355f,-2.574537491172066f,0.52452874195646f,-3.511036792884301f,0f,0f,0f,1f],start_interpolation:0}
execute if entity @s[tag=aj.heiloang_aj.bone.kazari_left] run data modify entity @s {} merge value {transformation:[-2.627237454255216f,0.06424200308080685f,0.019144517622225986f,2.5954228226843465f,-0.031576154730308684f,-0.5239273424300949f,-2.575145291990888f,2.9857482842453553f,-0.059131159021870355f,-2.574537491172066f,0.52452874195646f,-3.3968716890641204f,0f,0f,0f,1f],start_interpolation:0}
execute if entity @s[tag=aj.heiloang_aj.bone.ring] run data modify entity @s {} merge value {transformation:[-2.2022191116386733f,-0.04622870696614053f,-0.031940206161516674f,-0.02423787599605251f,-0.026467958313596208f,-0.2511452708284525f,2.188413074788953f,3.5592613604620666f,-0.04956528321427417f,2.188084835050225f,0.25050812982246073f,-0.06900450768790947f,0f,0f,0f,1f],start_interpolation:0}
execute if entity @s[tag=aj.heiloang_aj.bone.body_0] run data modify entity @s {} merge value {transformation:[-1.1282309164736082f,-0.014386841128889199f,0.023246372902624622f,-0.053568289409563666f,-0.01589812671925499f,1.1259718554448592f,-0.07474627917530469f,1.2740372075474549f,-0.022240157769545795f,-0.075051818672609f,-1.1258441170224203f,-0.189741169522898f,0f,0f,0f,1f],start_interpolation:0}
execute if entity @s[tag=aj.heiloang_aj.bone.leg_right_3] run data modify entity @s {} merge value {transformation:[-0.9745706900027474f,0.21572973093859316f,-0.0606024205517459f,-0.7146901221758396f,0.048122568980869675f,0.4656346848681829f,0.883667674299784f,0.32418623080796016f,0.21885197861168615f,0.8582802709120547f,-0.46417538497951377f,-1.5859936971300228f,0f,0f,0f,1f],start_interpolation:0}
execute if entity @s[tag=aj.heiloang_aj.bone.leg_right_2] run data modify entity @s {} merge value {transformation:[-0.9745706900027474f,0.1405321323131071f,-0.17453564098802238f,-0.6209865199148629f,0.048122568980869675f,0.8919838223452021f,0.4494986974721105f,0.8454706295110975f,0.21885197861168615f,0.4296691523276648f,-0.8760640564455181f,-1.283345120241884f,0f,0f,0f,1f],start_interpolation:0}
execute if entity @s[tag=aj.heiloang_aj.bone.leg_right_1] run data modify entity @s {} merge value {transformation:[-0.9875573643756218f,0.014450846413690988f,-0.156593822053754f,-0.5094045558339582f,-0.05945839457466925f,0.8875399448617101f,0.4568780423586533f,0.5897141900897447f,0.14558554661118595f,0.4605040926124333f,-0.8756373845977121f,-0.6308990136022842f,0f,0f,0f,1f],start_interpolation:0}
execute if entity @s[tag=aj.heiloang_aj.bone.leg_right_0] run data modify entity @s {} merge value {transformation:[-0.9725510457369259f,0.2001334022104812f,-0.11870587498379973f,-0.3360969672872119f,0.2304848991170232f,0.8986128989270058f,-0.3733250181290001f,1.2126991880317495f,0.03195582443041263f,-0.3904375484013549f,-0.9200746415825795f,-0.9793107077222075f,0f,0f,0f,1f],start_interpolation:0}
execute if entity @s[tag=aj.heiloang_aj.bone.leg_left_3] run data modify entity @s {} merge value {transformation:[-0.923244976888632f,-0.3814661338281547f,0.04585086032028063f,0.927134157031844f,-0.22258883386959066f,0.6283197601452049f,0.7454317474106184f,0.4374594560633953f,-0.3131659682763841f,0.67801022687956f,-0.6650031643234807f,-1.3970226161544808f,0f,0f,0f,1f],start_interpolation:0}
execute if entity @s[tag=aj.heiloang_aj.bone.leg_left_2] run data modify entity @s {} merge value {transformation:[-0.923244976888632f,-0.3171930220276637f,0.21681166810591068f,0.7239936847035215f,-0.22258883386959066f,0.9015285095769596f,0.37108025743297285f,0.968248370360096f,-0.3131659682763841f,0.29433812732451714f,-0.902935292873532f,-1.175412536369408f,0f,0f,0f,1f],start_interpolation:0}
execute if entity @s[tag=aj.heiloang_aj.bone.leg_left_1] run data modify entity @s {} merge value {transformation:[-0.9634498281864134f,-0.22859882002775928f,0.13966749102596043f,0.6082788026787029f,-0.12363713244771526f,0.8419558188957721f,0.5251897357219157f,0.6608671218438631f,-0.23765161065660106f,0.4887258725599308f,-0.8394454916448462f,-0.5463857903391642f,0f,0f,0f,1f],start_interpolation:0}
execute if entity @s[tag=aj.heiloang_aj.bone.leg_left_0] run data modify entity @s {} merge value {transformation:[-0.9220140635188715f,-0.2814809551706226f,0.26581673865588773f,0.38728539951426283f,-0.36154020784933055f,0.8715892273944328f,-0.3310904661844528f,1.262227018618733f,-0.13848734520410655f,-0.4013735050625657f,-0.9053842083072297f,-0.9056415861405962f,0f,0f,0f,1f],start_interpolation:0}
execute if entity @s[tag=aj.heiloang_aj.bone.tail_4] run data modify entity @s {} merge value {transformation:[-0.8771488570166784f,-0.25669826665057255f,-1.28435596554094f,-2.0715184840897014f,-0.17071256841188176f,1.55499117572705f,-0.19420099403684782f,1.389082622011003f,1.2985844082339149f,0.031029131429557332f,-0.8930677977523176f,-4.414999559026188f,0f,0f,0f,1f],start_interpolation:0}
execute if entity @s[tag=aj.heiloang_aj.bone.tail_3] run data modify entity @s {} merge value {transformation:[-0.7613233385808555f,0.07759786677236037f,-0.6437121602117511f,-1.2133383544782927f,0.1528032710651304f,0.9863209733161311f,-0.06182311823675884f,1.4459551139695976f,0.6301094623030956f,-0.14542870648224504f,-0.7627663841878487f,-3.3919038952690954f,0f,0f,0f,1f],start_interpolation:0}
execute if entity @s[tag=aj.heiloang_aj.bone.tail_2] run data modify entity @s {} merge value {transformation:[-0.6371530021043713f,0.0194015326980905f,-0.7704931099226988f,-0.6096877834064255f,0.006824482078943456f,0.9997859441205831f,0.01953183000306176f,1.4489277802762834f,0.7707071287809274f,0.007186547702426174f,-0.637149021170385f,-2.892884913466161f,0f,0f,0f,1f],start_interpolation:0}
execute if entity @s[tag=aj.heiloang_aj.bone.tail_1] run data modify entity @s {} merge value {transformation:[-0.7595875228081563f,-0.0634228724544405f,-0.6473054413828113f,-0.10489901901864303f,-0.19751504272392503f,0.9707268521113391f,0.1366645033934432f,1.3585207985501393f,0.6196891181003055f,0.23166121349858754f,-0.7498789762811247f,-2.3029528046932715f,0f,0f,0f,1f],start_interpolation:0}
execute if entity @s[tag=aj.heiloang_aj.bone.tail_ring] run data modify entity @s {} merge value {transformation:[-0.9932319425857633f,-0.04013291237689626f,-0.10899384189695893f,-0.1218069738304197f,-0.04404881230414018f,0.9984587958683785f,0.03375996279118705f,1.3943395579568114f,0.10747097450896001f,0.03833252270874009f,-0.9934689765367001f,-2.4445328644471074f,0f,0f,0f,1f],start_interpolation:0}
execute if entity @s[tag=aj.heiloang_aj.bone.tail_0] run data modify entity @s {} merge value {transformation:[-0.9932319425857633f,-0.04013291237689626f,-0.10899384189695893f,0.031353377236738686f,-0.04404881230414018f,0.9984587958683785f,0.03375996279118705f,1.3246188413676614f,0.10747097450896001f,0.03833252270874009f,-0.9934689765367001f,-1.0576222223892486f,0f,0f,0f,1f],start_interpolation:0}
execute if entity @s[tag=aj.heiloang_aj.bone.body_1] run data modify entity @s {} merge value {transformation:[-0.9925544483398075f,-0.08181398045503535f,0.09023380565488404f,-0.0031239659598738243f,-0.06795723924415499f,0.9867725775335795f,0.14717912169206748f,1.342779701320444f,-0.10108155477223808f,0.1399512516194079f,-0.9849853635739915f,-0.7011194605031376f,0f,0f,0f,1f],start_interpolation:0}