execute if entity @s[tag=aj.heiloang_aj.bone.head_lower] run data modify entity @s {} merge value {transformation:[-0.7676594711168641f,0.2248894427430283f,-0.011120923851319854f,0.4724128877671757f,0.046003270707281885f,0.1953277293051499f,0.7744228672041692f,-0.7788587742689412f,0.22041468982082207f,0.7424768122353884f,-0.20036353910820864f,2.9435079551505186f,0f,0f,0f,1f],start_interpolation:0}
execute if entity @s[tag=aj.heiloang_aj.bone.horne_right] run data modify entity @s {} merge value {transformation:[-0.5507612056088794f,-0.5299263919593369f,-0.23630512796216033f,0.07194929622999058f,-0.48190136383115145f,0.5992383869162023f,-0.22064548756714683f,-0.38942995648936163f,0.3231612135357984f,-0.009559014124226488f,-0.7317618843005169f,2.7018241170640893f,0f,0f,0f,1f],start_interpolation:0}
execute if entity @s[tag=aj.heiloang_aj.bone.horne_left] run data modify entity @s {} merge value {transformation:[-0.5811946552753404f,0.5020170803010339f,-0.2240348717619732f,0.7246133785735485f,0.5497357016543913f,0.5318377905831329f,-0.23439117482150562f,-0.4285419372446927f,0.0018522974740521891f,-0.32423358184135886f,-0.7313474915526754f,2.514427547778426f,0f,0f,0f,1f],start_interpolation:0}
execute if entity @s[tag=aj.heiloang_aj.bone.head_upper] run data modify entity @s {} merge value {transformation:[-1.1244484018052048f,-0.03299200886327116f,-0.3281606792851443f,0.4045390157661055f,0.06738444085025883f,1.1183674404708455f,-0.34333033309917094f,-0.7219455392561962f,0.3228579272822947f,-0.34832155811240834f,-1.0712595219390701f,2.6975741851092403f,0f,0f,0f,1f],start_interpolation:0}
execute if entity @s[tag=aj.heiloang_aj.bone.neck_0] run data modify entity @s {} merge value {transformation:[-0.9137502719979962f,0.1314706208085387f,-0.38441633197329894f,0.23046688808767f,0.08252518487790642f,0.9865306623872341f,0.14123330354655111f,-0.7389166379902012f,0.39780652871019534f,0.09732794066465314f,-0.9122922983789363f,2.2992341013840782f,0f,0f,0f,1f],start_interpolation:0}
execute if entity @s[tag=aj.heiloang_aj.bone.neck_1] run data modify entity @s {} merge value {transformation:[-0.9720261859985619f,0.1770069559780253f,-0.15438144729365127f,0.17642581686671355f,0.11157608225235822f,0.9263927732337265f,0.3596487280243599f,-0.5963076649906922f,0.2066781836631627f,0.33236270433927784f,-0.9202277767824538f,1.9680860061451366f,0f,0f,0f,1f],start_interpolation:0}
execute if entity @s[tag=aj.heiloang_aj.bone.neck_2] run data modify entity @s {} merge value {transformation:[-0.9447021957778131f,0.2234342919716927f,-0.24003099479793572f,0.07057214594441902f,0.06631305436935216f,0.8469989044556004f,0.5274423519885558f,-0.40855021590008744f,0.3211546981016869f,0.48235875966143754f,-0.8149783352121047f,1.6179402167610293f,0f,0f,0f,1f],start_interpolation:0}
execute if entity @s[tag=aj.heiloang_aj.bone.neck_3] run data modify entity @s {} merge value {transformation:[-0.9431295628812777f,0.21534514545181516f,-0.25324513015990335f,-0.06569706079187851f,0.062310843666342555f,0.8628278442948115f,0.5016427711740267f,-0.16984453660193288f,0.32653328525735087f,0.4573342097852562f,-0.8271767853241149f,1.1788013107980875f,0f,0f,0f,1f],start_interpolation:0}
execute if entity @s[tag=aj.heiloang_aj.bone.wing_right_2] run data modify entity @s {} merge value {transformation:[-1.7984119632729028f,1.515787121412237f,0.04098559794261992f,-4.374442613773807f,1.4111982768024747f,1.649835010210466f,0.9056157402312336f,1.3731483247364191f,0.5548061285058373f,0.7169448011985602f,-2.170658038044622f,1.2947660549754754f,0f,0f,0f,1f],start_interpolation:0}
execute if entity @s[tag=aj.heiloang_aj.bone.wing_right_1] run data modify entity @s {} merge value {transformation:[-2.9964110217458586f,1.4850399572735407f,0.058275955255465736f,-2.413524949163445f,1.3908556063610165f,2.755841874414594f,1.2876626182262128f,0.4429392987903216f,0.5236988103042298f,1.1777990751499405f,-3.0863809984449224f,0.9988479255060106f,0f,0f,0f,1f],start_interpolation:0}
execute if entity @s[tag=aj.heiloang_aj.bone.wing_right_0] run data modify entity @s {} merge value {transformation:[-2.207962036546773f,0.22761269360003109f,0.03867954084997412f,-0.3595317164477515f,0.22491022611399117f,2.0365091687201287f,0.8546612170376061f,0.24059542618770305f,0.052144370334483464f,0.8539454709938958f,-2.048525835133995f,0.9339260043433418f,0f,0f,0f,1f],start_interpolation:0}
execute if entity @s[tag=aj.heiloang_aj.bone.wing_left_2] run data modify entity @s {} merge value {transformation:[-2.1426524231385726f,-0.9708814671797069f,0.002403461335077113f,4.48499549101339f,-0.8779291398824705f,1.9399892081935608f,0.9996290830896992f,0.06266191474995109f,-0.4145564199052229f,0.9096191813613573f,-2.129392384211014f,0.8131411649732562f,0f,0f,0f,1f],start_interpolation:0}
execute if entity @s[tag=aj.heiloang_aj.bone.wing_left_1] run data modify entity @s {} merge value {transformation:[-3.296444480123929f,-0.5662692678993456f,0.0034173956768249717f,2.326701897885008f,-0.5111659153859612f,2.9842469410306f,1.4213368266519857f,-0.2936321697961191f,-0.24368415891909206f,1.4002957130842906f,-3.027706841738422f,0.6996609911114484f,0f,0f,0f,1f],start_interpolation:0}
execute if entity @s[tag=aj.heiloang_aj.bone.wing_left_0] run data modify entity @s {} merge value {transformation:[-2.1702055121087f,0.4675498800595272f,0.002268230440888035f,0.30815523425227187f,0.4241768569927806f,1.9643062226956656f,0.9433848935990073f,0.10846802491757723f,0.19667747508227104f,0.9226582103549534f,-2.009581995754305f,0.8664869447802251f,0f,0f,0f,1f],start_interpolation:0}
execute if entity @s[tag=aj.heiloang_aj.bone.kazari_right] run data modify entity @s {} merge value {transformation:[-2.5633473558405595f,-0.21011129199115403f,-0.540345969578076f,-2.187359662975563f,0.5213605879658338f,0.23594919722279398f,-2.5650304680845584f,3.4647752349975933f,0.2535816617529407f,-2.609032657876091f,-0.18845455556947935f,-2.3527014235642323f,0f,0f,0f,1f],start_interpolation:0}
execute if entity @s[tag=aj.heiloang_aj.bone.kazari_left] run data modify entity @s {} merge value {transformation:[-2.5633473558405595f,-0.21011129199115403f,-0.540345969578076f,2.761720007498763f,0.5213605879658338f,0.23594919722279398f,-2.5650304680845584f,2.4581792771734743f,0.2535816617529407f,-2.609032657876091f,-0.18845455556947935f,-2.8422940041901397f,0f,0f,0f,1f],start_interpolation:0}
execute if entity @s[tag=aj.heiloang_aj.bone.ring] run data modify entity @s {} merge value {transformation:[-2.148664761023982f,0.06596208005444429f,0.48147173802070015f,0.5973855773182695f,0.43701807349538535f,-0.692360403749062f,2.0451353403975117f,2.77248059288053f,0.21255877765024098f,2.090266098155772f,0.6622180084598336f,0.9268092493854742f,0f,0f,0f,1f],start_interpolation:0}
execute if entity @s[tag=aj.heiloang_aj.bone.body_0] run data modify entity @s {} merge value {transformation:[-1.1016988030812855f,0.244714599786625f,0.005185352274303877f,-0.035279302874198025f,0.21801324659846044f,0.9701804967225806f,0.5337343946425033f,0.4331541663222215f,0.11127599711768718f,0.5220315549543652f,-0.9943606408316179f,0.2985530994498965f,0f,0f,0f,1f],start_interpolation:0}
execute if entity @s[tag=aj.heiloang_aj.bone.leg_right_3] run data modify entity @s {} merge value {transformation:[-0.9775714081420293f,0.20141872034351305f,-0.06151943659033248f,-0.6420961560180681f,0.050870283273296436f,0.5092880547579965f,0.8590913173583528f,-0.4952753904356342f,0.20436818799144063f,0.8366935976664321f,-0.5081116682001091f,-0.9626246643007763f,0f,0f,0f,1f],start_interpolation:0}
execute if entity @s[tag=aj.heiloang_aj.bone.leg_right_2] run data modify entity @s {} merge value {transformation:[-0.9827280487437995f,0.12877592729468074f,-0.13289974703361856f,-0.5575067713456288f,0.08060931285049756f,0.9443325444258938f,0.3189642365844288f,0.06400497261672591f,0.1665764716098144f,0.3027421445512863f,-0.938402617759836f,-0.7342301328313281f,0f,0f,0f,1f],start_interpolation:0}
execute if entity @s[tag=aj.heiloang_aj.bone.leg_right_1] run data modify entity @s {} merge value {transformation:[-0.9942267109808394f,0.00905149922273911f,-0.1069173397258057f,-0.4813833038861841f,-0.03267827190355381f,0.9235581881648258f,0.38206335026943f,-0.13625608957370028f,0.10220263067856908f,0.38335146202346027f,-0.9179304324658026f,-0.05773287655076814f,0f,0f,0f,1f],start_interpolation:0}
execute if entity @s[tag=aj.heiloang_aj.bone.leg_right_0] run data modify entity @s {} merge value {transformation:[-0.9855164991759608f,0.15482794132218547f,-0.06917758623927536f,-0.33736615909541f,0.16847464246493674f,0.8474323027155362f,-0.5034627962030117f,0.4428043336011629f,-0.01932678706537167f,-0.5078255614875815f,-0.8612430983186757f,-0.48608392980856585f,0f,0f,0f,1f],start_interpolation:0}
execute if entity @s[tag=aj.heiloang_aj.bone.leg_left_3] run data modify entity @s {} merge value {transformation:[-0.8880995844207731f,-0.44882429900290494f,0.09917598890962048f,0.9577858970317623f,-0.26561248259946796f,0.6771993027871097f,0.6861859175121561f,-0.24150166313362836f,-0.3751388239558757f,0.5830590475493911f,-0.7206337556843968f,-0.7834423526043306f,0f,0f,0f,1f],start_interpolation:0}
execute if entity @s[tag=aj.heiloang_aj.bone.leg_left_2] run data modify entity @s {} merge value {transformation:[-0.8880995844207731f,-0.3541966037191625f,0.2929571539755613f,0.7285480708400187f,-0.26561248259946796f,0.9156188761184907f,0.3018146497154488f,0.30112457013974775f,-0.3751388239558757f,0.19022838802166783f,-0.9072397826107934f,-0.6249471144839944f,0f,0f,0f,1f],start_interpolation:0}
execute if entity @s[tag=aj.heiloang_aj.bone.leg_left_1] run data modify entity @s {} merge value {transformation:[-0.9386135901505794f,-0.3077784363258333f,0.15581066239980185f,0.5954978912331035f,-0.171968145496063f,0.808997383625874f,0.5620944673461348f,-0.03477199015336774f,-0.29905097444964956f,0.5007950353381261f,-0.8122640255861389f,-0.01419433014925775f,0f,0f,0f,1f],start_interpolation:0}
execute if entity @s[tag=aj.heiloang_aj.bone.leg_left_0] run data modify entity @s {} merge value {transformation:[-0.8970580348983742f,-0.27865826695076146f,0.3429817083814605f,0.3826695510616372f,-0.402166882114409f,0.8364733450378043f,-0.37225547943803494f,0.5366927139006646f,-0.18316299013349333f,-0.47187065314688126f,-0.8624322615394749f,-0.4236680486569283f,0f,0f,0f,1f],start_interpolation:0}
execute if entity @s[tag=aj.heiloang_aj.bone.tail_4] run data modify entity @s {} merge value {transformation:[-0.2638102072058351f,-1.0967675967213395f,-1.101071921830625f,-1.5352759251149437f,-1.551277310781253f,0.2532394026107815f,0.11942727372042358f,2.3881357482308285f,0.09379362087569008f,1.1035510896352312f,-1.1217094601257476f,-2.9192016053363443f,0f,0f,0f,1f],start_interpolation:0}
execute if entity @s[tag=aj.heiloang_aj.bone.tail_3] run data modify entity @s {} merge value {transformation:[-0.4831241772221192f,-0.23842851612804125f,-0.8424623861517088f,-0.4032536049817504f,-0.8315632676724565f,-0.17620012363128645f,0.5267409688739104f,1.6888400799320213f,-0.2740320441870928f,0.9550420719158397f,-0.11314185622192818f,-2.7929344781068606f,0f,0f,0f,1f],start_interpolation:0}
execute if entity @s[tag=aj.heiloang_aj.bone.tail_2] run data modify entity @s {} merge value {transformation:[-0.8316288228328741f,-0.39716894664845864f,-0.3881369975302046f,-0.10659861257086756f,-0.4938208807840936f,0.2091702376129172f,0.8440312490652095f,1.0317851521551502f,-0.254036294129855f,0.8935908680795198f,-0.3700823175317356f,-2.486834118319699f,0f,0f,0f,1f],start_interpolation:0}
execute if entity @s[tag=aj.heiloang_aj.bone.tail_1] run data modify entity @s {} merge value {transformation:[-0.9718391967883786f,-0.2003271122997407f,-0.12408716155737581f,-0.013009554084577983f,-0.2356368278145233f,0.8305445024338195f,0.5046494970318189f,0.6514356830267827f,0.0019649333901948472f,0.5196776669769505f,-0.8543601474098416f,-1.8103872383478696f,0f,0f,0f,1f],start_interpolation:0}
execute if entity @s[tag=aj.heiloang_aj.bone.tail_ring] run data modify entity @s {} merge value {transformation:[-0.9782859877970342f,-0.2055411846368255f,-0.02663357839403757f,-0.023211858893150257f,-0.20674751059845714f,0.9768055437399117f,0.05573505701366138f,0.6897408526716666f,0.014559977380538491f,0.060031251336829766f,-0.9980903044923404f,-1.951958431520491f,0f,0f,0f,1f],start_interpolation:0}
execute if entity @s[tag=aj.heiloang_aj.bone.tail_0] run data modify entity @s {} merge value {transformation:[-0.9782859877970342f,-0.2055411846368255f,-0.02663357839403757f,0.01863704675883069f,-0.20674751059845714f,0.9768055437399117f,0.05573505701366138f,0.5898124092615501f,0.014559977380538491f,0.060031251336829766f,-0.9980903044923404f,-0.5590825663381604f,0f,0f,0f,1f],start_interpolation:0}
execute if entity @s[tag=aj.heiloang_aj.bone.body_1] run data modify entity @s {} merge value {transformation:[-0.9879624938051954f,-0.14681843225500674f,0.04872841865278665f,-0.005853046660782615f,-0.12882444166525414f,0.9552515768396685f,0.26626807577132156f,0.5640621478833907f,-0.08564096019928073f,0.2567854608335695f,-0.9626665326272834f,-0.2022214131934088f,0f,0f,0f,1f],start_interpolation:0}