execute if entity @s[tag=aj.heiloang_aj.bone.head_lower] run data modify entity @s {} merge value {transformation:[-0.7965766994161851f,0.06376011471323277f,0.037419376250434344f,-0.7016724450303508f,0.06804037982135092f,0.4739088511820875f,0.6409219199598652f,2.1466419078401247f,0.028914851910091105f,0.6413618701973398f,-0.4773037636516062f,1.9679038656111876f,0f,0f,0f,1f],start_interpolation:0}
execute if entity @s[tag=aj.heiloang_aj.bone.horne_right] run data modify entity @s {} merge value {transformation:[-0.6364964962146464f,-0.4846335923571108f,0.0015784376832504044f,-0.995411054433914f,-0.401280286734319f,0.5284793315517536f,0.4468598523038673f,2.6743926019496387f,-0.27174683399241445f,0.35473916795534904f,-0.663561437195868f,2.0429625364549797f,0f,0f,0f,1f],start_interpolation:0}
execute if entity @s[tag=aj.heiloang_aj.bone.horne_left] run data modify entity @s {} merge value {transformation:[-0.538099398806481f,0.5918502121814139f,0.01274218760333487f,-0.3181615445902734f,0.5016095467947888f,0.44669826109991256f,0.4345670559242159f,2.616544671025526f,0.31438336401347655f,0.30028984310350765f,-0.671557228060603f,2.0183791293610205f,0f,0f,0f,1f],start_interpolation:0}
execute if entity @s[tag=aj.heiloang_aj.bone.head_upper] run data modify entity @s {} merge value {transformation:[-1.1668056348873428f,0.10666940308735215f,0.018664437846674837f,-0.686922128277565f,0.0996638473528193f,0.9787963479926427f,0.6365429593413934f,2.378120622168786f,0.0423537522066037f,0.6354065312862728f,-0.9836802387324699f,1.8473657760494542f,0f,0f,0f,1f],start_interpolation:0}
execute if entity @s[tag=aj.heiloang_aj.bone.neck_0] run data modify entity @s {} merge value {transformation:[-0.9246199504210311f,-0.36662916982533683f,0.10325211434442322f,-0.6155431707069916f,-0.27373090448732873f,0.8281053873566523f,0.48919613587950284f,2.5279327987390805f,-0.2648572053238468f,0.42405721225333814f,-0.8660404964688251f,1.4463864797680683f,0f,0f,0f,1f],start_interpolation:0}
execute if entity @s[tag=aj.heiloang_aj.bone.neck_1] run data modify entity @s {} merge value {transformation:[-0.8394998030453816f,-0.27782085419287406f,0.4669642959181214f,-0.4488669020947533f,-0.2113816011826778f,0.958688159178742f,0.1903544907059504f,2.609260296469387f,-0.500557588463318f,0.061094896890135086f,-0.8635447378137229f,1.132504850593167f,0f,0f,0f,1f],start_interpolation:0}
execute if entity @s[tag=aj.heiloang_aj.bone.neck_2] run data modify entity @s {} merge value {transformation:[-0.9125472632480878f,-0.12170640782614052f,0.3904421117559964f,-0.28478426221301834f,-0.1884684778650797f,0.9724239385882539f,-0.13737291039985688f,2.5203721803327865f,-0.36295609264709255f,-0.19894530392689425f,-0.9103206253050574f,0.7661229142763185f,0f,0f,0f,1f],start_interpolation:0}
execute if entity @s[tag=aj.heiloang_aj.bone.neck_3] run data modify entity @s {} merge value {transformation:[-0.9937909034486694f,0.06796083933117474f,0.08809633670067872f,-0.24084016464587066f,-0.013821514831244943f,0.7102406799462222f,-0.7038232322659557f,2.138944291769407f,-0.11040201968463602f,-0.7006707506860337f,-0.704891405240994f,0.4183092301304048f,0f,0f,0f,1f],start_interpolation:0}
execute if entity @s[tag=aj.heiloang_aj.bone.wing_right_2] run data modify entity @s {} merge value {transformation:[-0.1449428129482881f,-2.2658466483164466f,-0.615228862789101f,-4.065411972164083f,-2.2852602025083693f,0.277563590546299f,-0.48385975897512057f,0.16118953834292338f,0.5386588847564406f,0.5678674368522818f,-2.2183212540921065f,1.3056053810122907f,0f,0f,0f,1f],start_interpolation:0}
execute if entity @s[tag=aj.heiloang_aj.bone.wing_right_1] run data modify entity @s {} merge value {transformation:[-2.8635737393306204f,-1.4906167591636386f,-0.8747719071944052f,-2.177269662809004f,-1.3435345975969086f,2.9847634942101027f,-0.6879828788500554f,1.0512929801657493f,1.0872345641011232f,-0.23762856274275648f,-3.154151619959423f,0.6417613171240306f,0f,0f,0f,1f],start_interpolation:0}
execute if entity @s[tag=aj.heiloang_aj.bone.wing_right_0] run data modify entity @s {} merge value {transformation:[-1.7751004924408127f,-1.200127833048519f,-0.5806129744318912f,-0.5308565393549223f,-1.1123386909377706f,1.8661690126335566f,-0.45663536101482716f,2.082247847056391f,0.7349291655521839f,-0.07420512535236556f,-2.093507277511165f,-0.05859715396189441f,0f,0f,0f,1f],start_interpolation:0}
execute if entity @s[tag=aj.heiloang_aj.bone.wing_left_2] run data modify entity @s {} merge value {transformation:[-0.320808665001219f,2.1694514907809035f,0.8509630050299815f,3.598051031943787f,2.310510099142335f,0.4080343243987062f,-0.16919538467338283f,0.10876411600527747f,-0.30364599213956067f,0.8127510231196343f,-2.186506549772165f,1.4776626086326432f,0f,0f,0f,1f],start_interpolation:0}
execute if entity @s[tag=aj.heiloang_aj.bone.wing_left_1] run data modify entity @s {} merge value {transformation:[-2.5708836717686636f,1.764592757886855f,1.2099538495110187f,1.896438647817726f,1.8101750480485377f,2.802250839161922f,-0.24057286367912603f,1.297578469165264f,-1.1406323748499094f,0.4699163820612813f,-3.1089154302127118f,0.7781698019570672f,0f,0f,0f,1f],start_interpolation:0}
execute if entity @s[tag=aj.heiloang_aj.bone.wing_left_0] run data modify entity @s {} merge value {transformation:[-1.885840384022962f,0.8526798367151378f,0.8030835212153034f,0.14880679242398406f,0.8554402023704819f,2.042333411590716f,-0.15967559634638961f,2.091965783596133f,-0.8001425536468322f,0.17381407296209378f,-2.0634826294117072f,0.017395333830357296f,0f,0f,0f,1f],start_interpolation:0}
execute if entity @s[tag=aj.heiloang_aj.bone.kazari_right] run data modify entity @s {} merge value {transformation:[-2.6108614866195974f,0.28273579976003177f,-0.10165113760706111f,-2.220956855970683f,-0.036183804146520546f,-1.178564212911755f,-2.348733130203903f,2.6529337498005647f,-0.2982670255999491f,-2.3319341869216634f,1.1747297211963306f,-4.305215576699592f,0f,0f,0f,1f],start_interpolation:0}
execute if entity @s[tag=aj.heiloang_aj.bone.kazari_left] run data modify entity @s {} merge value {transformation:[-2.6108614866195974f,0.28273579976003177f,-0.10165113760706111f,2.819858808910724f,-0.036183804146520546f,-1.178564212911755f,-2.348733130203903f,2.7227941723819775f,-0.2982670255999491f,-2.3319341869216634f,1.1747297211963306f,-3.729348529494238f,0f,0f,0f,1f],start_interpolation:0}
execute if entity @s[tag=aj.heiloang_aj.bone.ring] run data modify entity @s {} merge value {transformation:[-2.188492347489386f,-0.25170313815490575f,-0.008547573187593015f,-0.06948035834028862f,-0.03033021050084248f,0.1891872949807173f,2.1945875538544546f,3.9651062984753134f,-0.25001521772764035f,2.180316486991024f,-0.19141236439621395f,-0.9428117027947913f,0f,0f,0f,1f],start_interpolation:0}
execute if entity @s[tag=aj.heiloang_aj.bone.body_0] run data modify entity @s {} merge value {transformation:[-1.121460106916889f,0.048868406692091367f,0.11658251738150845f,-0.1261471512988104f,-0.016034818477475312f,0.9774197729691012f,-0.5639555372040412f,1.7108271606694683f,-0.12538935013799124f,-0.5620630233115149f,-0.970574595090746f,-0.5527370221432807f,0f,0f,0f,1f],start_interpolation:0}
execute if entity @s[tag=aj.heiloang_aj.bone.leg_right_3] run data modify entity @s {} merge value {transformation:[-0.9890735433460134f,0.14148314399131054f,-0.04142518339483753f,-0.6706890006565751f,0.027059292515621187f,0.45045018309358725f,0.8923914092143133f,0.6687235481951476f,0.1449183236913672f,0.8815197970081489f,-0.44935679247252536f,-2.0728314161307386f,0f,0f,0f,1f],start_interpolation:0}
execute if entity @s[tag=aj.heiloang_aj.bone.leg_right_2] run data modify entity @s {} merge value {transformation:[-0.9890735433460134f,0.09605673102271732f,-0.11183304644956771f,-0.6069927941861062f,0.027059292515621187f,0.863987030521423f,0.502786441522967f,1.1704667530159754f,0.1449183236913672f,0.4942666441466622f,-0.857145940865662f,-1.731788163451864f,0f,0f,0f,1f],start_interpolation:0}
execute if entity @s[tag=aj.heiloang_aj.bone.leg_right_1] run data modify entity @s {} merge value {transformation:[-0.994495827792661f,-0.03676209908637093f,-0.0981152209076331f,-0.5405196961847407f,-0.07910922011917043f,0.8774595443141592f,0.4730818950077512f,0.9025196484345493f,0.06870065352765173f,0.4782397893972773f,-0.8755380768659473f,-1.0780806681060147f,0f,0f,0f,1f],start_interpolation:0}
execute if entity @s[tag=aj.heiloang_aj.bone.leg_right_0] run data modify entity @s {} merge value {transformation:[-0.9598885965989732f,0.2749150766166573f,-0.05509612298620442f,-0.3087498312898637f,0.2788533200118458f,0.9155538904377327f,-0.2898308120657692f,1.5417636962018493f,-0.029235390156873625f,-0.29356902825943604f,-0.9554907208388712f,-1.3559049176395854f,0f,0f,0f,1f],start_interpolation:0}
execute if entity @s[tag=aj.heiloang_aj.bone.leg_left_3] run data modify entity @s {} merge value {transformation:[-0.9028926539790667f,-0.4199555963866497f,0.09177228587199238f,0.9767270002626425f,-0.21174934580285873f,0.6202974473388871f,0.7552438621908302f,0.6978972506005089f,-0.37409500122655825f,0.662471413638652f,-0.6489873312853708f,-1.6724631016710279f,0f,0f,0f,1f],start_interpolation:0}
execute if entity @s[tag=aj.heiloang_aj.bone.leg_left_2] run data modify entity @s {} merge value {transformation:[-0.9028926539790667f,-0.33012943771397757f,0.27531692600581303f,0.7629586702408264f,-0.21174934580285873f,0.8989433616032773f,0.38348800135266375f,1.2265285519537819f,-0.37409500122655825f,0.2879503203402496f,-0.8815540500010474f,-1.4557466998699191f,0f,0f,0f,1f],start_interpolation:0}
execute if entity @s[tag=aj.heiloang_aj.bone.leg_left_1] run data modify entity @s {} merge value {transformation:[-0.9449794970152402f,-0.23244676366333192f,0.23017873985941115f,0.5830875740921395f,-0.1061140906731178f,0.8833950718354651f,0.4564569495773185f,0.9707580817250934f,-0.3094407051139857f,0.4069172509482199f,-0.8594561076048636f,-0.8187414656590235f,0f,0f,0f,1f],start_interpolation:0}
execute if entity @s[tag=aj.heiloang_aj.bone.leg_left_0] run data modify entity @s {} merge value {transformation:[-0.9155566933766911f,-0.2342163090311254f,0.3269536080195107f,0.4009775867988214f,-0.34458883149595265f,0.8760296640063082f,-0.3373878554264345f,1.5755492192190035f,-0.20739932116907567f,-0.4215622710405084f,-0.8827631467238398f,-1.193708356257451f,0f,0f,0f,1f],start_interpolation:0}
execute if entity @s[tag=aj.heiloang_aj.bone.tail_4] run data modify entity @s {} merge value {transformation:[-0.5112752130477584f,-0.9376837921363743f,-1.1593968803543466f,-1.7200395036224947f,0.01309894374858867f,1.2227846908417221f,-0.9947262845644822f,0.5105295279453205f,1.491066879077969f,-0.3322665639144812f,-0.388809537317211f,-4.538596204340649f,0f,0f,0f,1f],start_interpolation:0}
execute if entity @s[tag=aj.heiloang_aj.bone.tail_3] run data modify entity @s {} merge value {transformation:[-0.6730891265864567f,-0.37982313708751503f,-0.6345749854856235f,-0.8621308751403619f,0.05664078694629629f,0.8290472724520925f,-0.5563024728453488f,1.2322895146470174f,0.737389211288845f,-0.41038397211970223f,-0.5365092231286156f,-3.8109371776170935f,0f,0f,0f,1f],start_interpolation:0}
execute if entity @s[tag=aj.heiloang_aj.bone.tail_2] run data modify entity @s {} merge value {transformation:[-0.6979141251566023f,-0.1530367330929423f,-0.6996396445536327f,-0.3171090145684756f,0.01802598285472108f,0.972839660514447f,-0.23077707614114684f,1.4307617458631343f,0.7159545640953868f,-0.17367427343845407f,-0.6761999030587107f,-3.284645682497844f,0f,0f,0f,1f],start_interpolation:0}
execute if entity @s[tag=aj.heiloang_aj.bone.tail_1] run data modify entity @s {} merge value {transformation:[-0.8294967922802031f,-0.049354049257140424f,-0.556326567241559f,0.11681867233700728f,-0.08316775291371059f,0.995897508616628f,0.035654974498340236f,1.4197173598815889f,0.5522845249254565f,0.0758441174588845f,-0.8301984542112479f,-2.634576612295799f,0f,0f,0f,1f],start_interpolation:0}
execute if entity @s[tag=aj.heiloang_aj.bone.tail_ring] run data modify entity @s {} merge value {transformation:[-0.9993272372775428f,0.005085210899760953f,0.03632097830921446f,0.1221959871434348f,-0.0007537511343216996f,0.9872838152326507f,-0.1589657196973248f,1.4274934012476261f,-0.03666748824859675f,-0.15888615046556406f,-0.986615774501793f,-2.7812885526667044f,0f,0f,0f,1f],start_interpolation:0}
execute if entity @s[tag=aj.heiloang_aj.bone.tail_0] run data modify entity @s {} merge value {transformation:[-0.9993272372775428f,0.005085210899760953f,0.03632097830921446f,0.0713443058464994f,-0.0007537511343216996f,0.9872838152326507f,-0.1589657196973248f,1.6272437031828684f,-0.03666748824859675f,-0.15888615046556406f,-0.986615774501793f,-1.3994947460876923f,0f,0f,0f,1f],start_interpolation:0}
execute if entity @s[tag=aj.heiloang_aj.bone.body_1] run data modify entity @s {} merge value {transformation:[-0.973818464842368f,-0.04386507848148127f,0.22305481931997576f,-0.007207964572061341f,-0.046357186322411995f,0.9989072296126634f,-0.0059462512411431745f,1.7000328827992348f,-0.2225502388413068f,-0.016130763074545085f,-0.97478776647756f,-1.0572316902323862f,0f,0f,0f,1f],start_interpolation:0}