execute if entity @s[tag=aj.heiloang_aj.bone.head_lower] run data modify entity @s {} merge value {transformation:[-0.7816056428389244f,0.14742126596364613f,0.08578804942430786f,0.07864099898225002f,0.13847878668260064f,0.31355087281375765f,0.7228481692559275f,-0.4218389652042262f,0.09958034304653901f,0.7210775412529545f,-0.3318598119377019f,3.01924098123554f,0f,0f,0f,1f],start_interpolation:0}
execute if entity @s[tag=aj.heiloang_aj.bone.horne_right] run data modify entity @s {} merge value {transformation:[-0.6354128775075647f,-0.4599962250619174f,-0.15701575725494057f,-0.24391497248460384f,-0.3887674434531021f,0.6360947684562663f,-0.2902469990430713f,-0.033376302462646334f,0.29173678206303677f,-0.15423008290004656f,-0.7287679545096292f,2.679400761745489f,0f,0f,0f,1f],start_interpolation:0}
execute if entity @s[tag=aj.heiloang_aj.bone.horne_left] run data modify entity @s {} merge value {transformation:[-0.5171073760685299f,0.5925990182409613f,-0.1463774750273031f,0.42060614505704963f,0.5929619855531922f,0.4421299235669626f,-0.3048232510414654f,-0.1511109669001934f,-0.14490012182305503f,-0.30552828717897923f,-0.7250216689376552f,2.5947375540873217f,0f,0f,0f,1f],start_interpolation:0}
execute if entity @s[tag=aj.heiloang_aj.bone.head_upper] run data modify entity @s {} merge value {transformation:[-1.1448764054893856f,0.12825151912869828f,-0.21441006598311793f,0.05060300780223667f,0.20284026476300637f,1.0642640376981107f,-0.44649747754426256f,-0.39082195290134936f,0.1458627969859942f,-0.4733452421897751f,-1.061993615118154f,2.7612076228007383f,0f,0f,0f,1f],start_interpolation:0}
execute if entity @s[tag=aj.heiloang_aj.bone.neck_0] run data modify entity @s {} merge value {transformation:[-0.9924938276154132f,0.10105991953442554f,0.06886867799661647f,0.07421216279438837f,0.10296482908015889f,0.9943786072077488f,0.024686625935348205f,-0.44586789224653556f,-0.0659867116759117f,0.031592375524381655f,-0.9973202473082186f,2.332403692092228f,0f,0f,0f,1f],start_interpolation:0}
execute if entity @s[tag=aj.heiloang_aj.bone.neck_1] run data modify entity @s {} merge value {transformation:[-0.9953812258314303f,0.09145613955047029f,0.02918886432946112f,0.08598935676199969f,0.09596082295293523f,0.9390500751770634f,0.33011585355469925f,-0.31386160172230887f,0.0027813163276075754f,0.3313921104197819f,-0.9434890213622036f,1.9927679246834566f,0f,0f,0f,1f],start_interpolation:0}
execute if entity @s[tag=aj.heiloang_aj.bone.neck_2] run data modify entity @s {} merge value {transformation:[-0.9941969355416591f,0.07860090587188998f,0.07344624534781938f,0.1134532172724445f,0.10527564068145914f,0.8513062705843002f,0.5139987092814136f,-0.1317577352674825f,-0.02212448504897034f,0.5187480421745887f,-0.8546408461461159f,1.6251487584961892f,0f,0f,0f,1f],start_interpolation:0}
execute if entity @s[tag=aj.heiloang_aj.bone.neck_3] run data modify entity @s {} merge value {transformation:[-0.9963240310662642f,0.07669390722274612f,-0.03816372249634705f,0.09184625204980207f,0.0463249814948029f,0.8571052424502701f,0.5130541876388599f,0.11299193200814117f,0.07205845689005241f,0.5094002826453602f,-0.8575073940389386f,1.1690529174864277f,0f,0f,0f,1f],start_interpolation:0}
execute if entity @s[tag=aj.heiloang_aj.bone.wing_right_2] run data modify entity @s {} merge value {transformation:[-2.170033699875784f,0.8926198876657488f,-0.16661177589836643f,-4.371950834434145f,0.7388430259133766f,1.9866307105188745f,1.0202869250379742f,1.1609362570408246f,0.5278643109584008f,0.888878035777611f,-2.1130146977836084f,1.5541329559088886f,0f,0f,0f,1f],start_interpolation:0}
execute if entity @s[tag=aj.heiloang_aj.bone.wing_right_1] run data modify entity @s {} merge value {transformation:[-3.129502253237617f,1.1564225571719475f,-0.23689932280310239f,-2.3194050770627563f,0.9473762387649909f,2.8609682032695822f,1.4507094729834498f,0.5186005313926693f,0.7042106801974634f,1.2902583392655562f,-3.0044199953986976f,1.1387834788007318f,0f,0f,0f,1f],start_interpolation:0}
execute if entity @s[tag=aj.heiloang_aj.bone.wing_right_0] run data modify entity @s {} merge value {transformation:[-2.2105297982499637f,0.13127995051660563f,-0.15723735447192666f,-0.26459398120049915f,0.05026740356346388f,1.999683595793689f,0.9628804208480978f,0.4795640010409259f,0.19857290648011522f,0.9552125895872494f,-1.9941258008225202f,0.9381006238066225f,0f,0f,0f,1f],start_interpolation:0}
execute if entity @s[tag=aj.heiloang_aj.bone.wing_left_2] run data modify entity @s {} merge value {transformation:[-2.136013989663117f,-0.977577205763086f,-0.12394776745425834f,4.659570187024292f,-0.9384051773728775f,1.927692695286355f,0.967973451051429f,0.7135925288355606f,-0.3006924764011172f,0.9283962977269306f,-2.1403832262760094f,0.7021631606352692f,0f,0f,0f,1f],start_interpolation:0}
execute if entity @s[tag=aj.heiloang_aj.bone.wing_left_1] run data modify entity @s {} merge value {transformation:[-3.338156236714558f,-0.11345602132365672f,-0.17623689570887116f,2.476700457413778f,-0.176098731020009f,3.043342324672326f,1.3763268160909978f,0.577357760267798f,0.11367035284908776f,1.3829005745112142f,-3.043334326819798f,0.822887185024198f,0f,0f,0f,1f],start_interpolation:0}
execute if entity @s[tag=aj.heiloang_aj.bone.wing_left_0] run data modify entity @s {} merge value {transformation:[-2.2148987008963537f,-0.09455615136190076f,-0.11697383898661295f,0.4156276411613995f,-0.13443196110790545f,2.0188677163635607f,0.9135103675698831f,0.4596418233679755f,0.06746697414530568f,0.9184945716032323f,-2.0199544374403766f,0.869447930018515f,0f,0f,0f,1f],start_interpolation:0}
execute if entity @s[tag=aj.heiloang_aj.bone.kazari_right] run data modify entity @s {} merge value {transformation:[-2.6137503303035277f,-0.25255140671639215f,-0.10675760563080221f,-2.6047576224151174f,0.08909103079164621f,0.1854901196395315f,-2.6200241205578325f,3.3755369252234733f,0.25931098632131344f,-2.6093450118828536f,-0.175916485558869f,-2.2125150798795583f,0f,0f,0f,1f],start_interpolation:0}
execute if entity @s[tag=aj.heiloang_aj.bone.kazari_left] run data modify entity @s {} merge value {transformation:[-2.6137503303035277f,-0.25255140671639215f,-0.10675760563080221f,2.4416355610631126f,0.08909103079164621f,0.1854901196395315f,-2.6200241205578325f,3.2035280055942583f,0.25931098632131344f,-2.6093450118828536f,-0.175916485558869f,-2.713169323171775f,0f,0f,0f,1f],start_interpolation:0}
execute if entity @s[tag=aj.heiloang_aj.bone.ring] run data modify entity @s {} merge value {transformation:[-2.1909138517812736f,0.18217536238243057f,0.14012464878743278f,0.2599679568332037f,0.0746784308997955f,-0.7059425492229139f,2.085424305732296f,3.1193545620268557f,0.2173612472712552f,2.0787937705124846f,0.6959143867223897f,1.03810020596563f,0f,0f,0f,1f],start_interpolation:0}
execute if entity @s[tag=aj.heiloang_aj.bone.body_0] run data modify entity @s {} merge value {transformation:[-1.1223812992008018f,0.08505191829088263f,-0.08172371954967908f,0.023900483307815835f,0.03287205070287943f,0.9765036126325543f,0.5648119144775824f,0.7458647263197218f,0.11327852146184153f,0.559338217582426f,-0.9736329446279062f,0.3121836228813794f,0f,0f,0f,1f],start_interpolation:0}
execute if entity @s[tag=aj.heiloang_aj.bone.leg_right_3] run data modify entity @s {} merge value {transformation:[-0.9554955326048791f,0.28859222102391746f,-0.061178567624622746f,-0.7567161437218317f,0.08566826395281633f,0.46988368508521305f,0.8785614782370387f,-0.09982674196826075f,0.2822928191141758f,0.8342205058947079f,-0.47369495650824595f,-0.9459009758391913f,0f,0f,0f,1f],start_interpolation:0}
execute if entity @s[tag=aj.heiloang_aj.bone.leg_right_2] run data modify entity @s {} merge value {transformation:[-0.9556069609000041f,0.19091670382220882f,-0.22442403721776508f,-0.6300158225148205f,0.08618017434447418f,0.9094751341854554f,0.40672835879528213f,0.4341133969472973f,0.2817593189752805f,0.3693315482056879f,-0.8855540038137572f,-0.6795010750110092f,0f,0f,0f,1f],start_interpolation:0}
execute if entity @s[tag=aj.heiloang_aj.bone.leg_right_1] run data modify entity @s {} merge value {transformation:[-0.9771608280756949f,0.0758214142413249f,-0.19851405294554636f,-0.4842464963567889f,-0.021941945286890852f,0.8931849478658759f,0.44915387112086613f,0.18423113930928037f,0.21136524575116142f,0.44325135312627945f,-0.8711216739585081f,-0.03153658991018693f,0f,0f,0f,1f],start_interpolation:0}
execute if entity @s[tag=aj.heiloang_aj.bone.leg_right_0] run data modify entity @s {} merge value {transformation:[-0.9739075290003311f,0.13861629656941118f,-0.1796932032155084f,-0.35994218802077615f,0.20568356769602777f,0.8737403570940079f,-0.4407630410606919f,0.7853945514856111f,0.09590826312837995f,-0.46622238332218335f,-0.8794534065844992f,-0.4348820092443103f,0f,0f,0f,1f],start_interpolation:0}
execute if entity @s[tag=aj.heiloang_aj.bone.leg_left_3] run data modify entity @s {} merge value {transformation:[-0.9423300449540116f,-0.3346729519846467f,0.0028463286620895867f,0.8611835450980697f,-0.22395248185806416f,0.6368516223526088f,0.7377433815199315f,0.06807748305212857f,-0.24871544432661138f,0.6945603115041428f,-0.6750752561282954f,-0.9520322656923869f,0f,0f,0f,1f],start_interpolation:0}
execute if entity @s[tag=aj.heiloang_aj.bone.leg_left_2] run data modify entity @s {} merge value {transformation:[-0.9423300449540116f,-0.2955597557569945f,0.1570303064820164f,0.674020422483794f,-0.22395248185806416f,0.9055106810100937f,0.36041044996815697f,0.6017916666347041f,-0.24871544432661138f,0.3044582686568088f,-0.9194812615817214f,-0.723486676637492f,0f,0f,0f,1f],start_interpolation:0}
execute if entity @s[tag=aj.heiloang_aj.bone.leg_left_1] run data modify entity @s {} merge value {transformation:[-0.9777902651356503f,-0.2020350986909585f,0.05574958567459584f,0.619514632084734f,-0.13166378556117184f,0.7990864401229643f,0.5866221175367576f,0.24784365189101998f,-0.16306699536588087f,0.5662531943473186f,-0.8079396480640129f,-0.11087118976600363f,0f,0f,0f,1f],start_interpolation:0}
execute if entity @s[tag=aj.heiloang_aj.bone.leg_left_0] run data modify entity @s {} merge value {transformation:[-0.9266650013197372f,-0.31953061263310073f,0.19797010612566365f,0.36598258811058115f,-0.36958119555268565f,0.8705859958825855f,-0.32479187746459187f,0.8486050306722404f,-0.06856905441187593f,-0.3741392940649809f,-0.924834078856104f,-0.44901879799557326f,0f,0f,0f,1f],start_interpolation:0}
execute if entity @s[tag=aj.heiloang_aj.bone.tail_4] run data modify entity @s {} merge value {transformation:[-0.9928052003127443f,0.09711804338514703f,1.2205573659474949f,1.165074551813432f,1.1806256421877115f,0.49241375365765533f,0.9211439365839118f,3.0420400335122473f,-0.32452317471715386f,1.4943062418880182f,-0.38286802976179873f,-3.2108128997539094f,0f,0f,0f,1f],start_interpolation:0}
execute if entity @s[tag=aj.heiloang_aj.bone.tail_3] run data modify entity @s {} merge value {transformation:[-0.624689275433401f,0.27978139418903625f,0.7290306445027751f,0.1835540265631496f,0.7691789186525488f,0.059498348253193944f,0.6362576032202972f,2.190243366287491f,0.13463692011847259f,0.9582183039478952f,-0.2523699303011976f,-2.898575412226853f,0f,0f,0f,1f],start_interpolation:0}
execute if entity @s[tag=aj.heiloang_aj.bone.tail_2] run data modify entity @s {} merge value {transformation:[-0.9098085924880224f,0.35906398662456f,0.20813788349130824f,0.02714216282508597f,0.3588121275093311f,0.4284795237199278f,0.8292521660538315f,1.5487672411657043f,0.20857176747391065f,0.8291431428058857f,-0.5186708653383065f,-2.477307679447896f,0f,0f,0f,1f],start_interpolation:0}
execute if entity @s[tag=aj.heiloang_aj.bone.tail_1] run data modify entity @s {} merge value {transformation:[-0.9999322610882684f,0.006302767814731567f,-0.00978510872584587f,0.03489553050332763f,0.0024764105193778255f,0.9366520820934628f,0.35025240113512474f,1.2908689074083266f,0.011372802022481324f,0.3502044434724583f,-0.9366042425412684f,-1.7394504122931855f,0f,0f,0f,1f],start_interpolation:0}
execute if entity @s[tag=aj.heiloang_aj.bone.tail_ring] run data modify entity @s {} merge value {transformation:[-0.9989439812292108f,-0.03098803409910993f,0.03392144024958858f,0.03880920200041149f,-0.0192775321231837f,0.9528689778358849f,0.3027690338083398f,1.3639323196819186f,-0.041704905241153944f,0.3017953823713482f,-0.9524601031319674f,-1.8669658887797753f,0f,0f,0f,1f],start_interpolation:0}
execute if entity @s[tag=aj.heiloang_aj.bone.tail_0] run data modify entity @s {} merge value {transformation:[-0.9989439812292108f,-0.03098803409910993f,0.03392144024958858f,-0.007875444518726784f,-0.0192775321231837f,0.9528689778358849f,0.3027690338083398f,0.9194629907146246f,-0.041704905241153944f,0.3017953823713482f,-0.9524601031319674f,-0.5432938146236388f,0f,0f,0f,1f],start_interpolation:0}
execute if entity @s[tag=aj.heiloang_aj.bone.body_1] run data modify entity @s {} merge value {transformation:[-0.9960428934632815f,-0.07749036105248112f,-0.04351779320289605f,0.004988719874405427f,-0.08673122981389728f,0.9543973019889087f,0.2856632348260113f,0.8867049225722992f,0.019397117215267937f,0.28830718669545496f,-0.9573414844993865f,-0.1863986682478494f,0f,0f,0f,1f],start_interpolation:0}