execute if entity @s[tag=aj.heiloang_aj.bone.head_lower] run data modify entity @s {} merge value {transformation:[-0.7638574235393857f,-0.1304976910802394f,0.19872641778711267f,-0.2805580231398337f,0.14775127985392064f,0.2633167033128345f,0.7408332289105215f,-0.5690123430903822f,-0.1862562638015164f,0.744066305095982f,-0.22731902211542457f,3.0962809853142197f,0f,0f,0f,1f],start_interpolation:0}
execute if entity @s[tag=aj.heiloang_aj.bone.horne_right] run data modify entity @s {} merge value {transformation:[-0.7017350561974549f,-0.3675156551795286f,0.11180408803579915f,-0.4557675933398109f,-0.3818894180028668f,0.6422145140683494f,-0.28586883414843584f,-0.17548339739575491f,0.041573829760880865f,-0.3041262256332327f,-0.7387684722300332f,2.666311747731966f,0f,0f,0f,1f],start_interpolation:0}
execute if entity @s[tag=aj.heiloang_aj.bone.horne_left] run data modify entity @s {} merge value {transformation:[-0.4246144776620677f,0.6672666169461882f,0.12024062237429753f,0.19366398815337474f,0.5997567582448387f,0.43582009075864303f,-0.3005872243305935f,-0.3011015355275582f,-0.3162188740404527f,-0.06939820170809397f,-0.7315664790709528f,2.8246668232160155f,0f,0f,0f,1f],start_interpolation:0}
execute if entity @s[tag=aj.heiloang_aj.bone.head_upper] run data modify entity @s {} merge value {transformation:[-1.1188792575649038f,0.3004182793418294f,0.1761254576383117f,-0.21387331811878943f,0.21642238094802663f,1.0641737858279035f,-0.4402926515188451f,-0.5367950054225293f,-0.2728235188098662f,-0.38787256076448945f,-1.071580289381155f,2.8455927499767752f,0f,0f,0f,1f],start_interpolation:0}
execute if entity @s[tag=aj.heiloang_aj.bone.neck_0] run data modify entity @s {} merge value {transformation:[-0.967438334345752f,0.241601764849431f,0.075443067673294f,-0.1997523702938755f,0.24272755991625528f,0.9700760056572406f,0.005989566361109755f,-0.6104787165893675f,-0.07173841993951115f,0.02410664783278088f,-0.9971321219551843f,2.4170659063950524f,0f,0f,0f,1f],start_interpolation:0}
execute if entity @s[tag=aj.heiloang_aj.bone.neck_1] run data modify entity @s {} merge value {transformation:[-0.9651364462575727f,0.22360103486492133f,0.13606695893066706f,-0.1473828439665131f,0.25152829608532346f,0.9361275033206147f,0.2457617012374518f,-0.509244509641152f,-0.07242345182133621f,0.27141826529187185f,-0.9597327591013207f,2.0707627363332177f,0f,0f,0f,1f],start_interpolation:0}
execute if entity @s[tag=aj.heiloang_aj.bone.neck_2] run data modify entity @s {} merge value {transformation:[-0.9672567543465933f,0.19434716018066223f,0.16322852845200178f,-0.08700560046343274f,0.24666068599265245f,0.8713104231541335f,0.4242365525135697f,-0.36459570781230005f,-0.05977354897049367f,0.45060773166100543f,-0.8907186957793102f,1.690642695087556f,0f,0f,0f,1f],start_interpolation:0}
execute if entity @s[tag=aj.heiloang_aj.bone.neck_3] run data modify entity @s {} merge value {transformation:[-0.9816368990793422f,0.1907143969371327f,-0.004125186880495277f,-0.0937587721889179f,0.16979742915119295f,0.8834206280744912f,0.4367342749843631f,-0.15997885529250105f,0.08693578906031042f,0.4280140332902386f,-0.8995811002278137f,1.2147445808859976f,0f,0f,0f,1f],start_interpolation:0}
execute if entity @s[tag=aj.heiloang_aj.bone.wing_right_2] run data modify entity @s {} merge value {transformation:[-0.46789317837699634f,2.305039962721267f,-0.03798355179836976f,-2.302215003055244f,2.1521654911679495f,0.4506355967167099f,0.8358751485231528f,3.655716510566168f,0.8263387190342103f,0.1315079296115721f,-2.1985099481683466f,2.245994874792621f,0f,0f,0f,1f],start_interpolation:0}
execute if entity @s[tag=aj.heiloang_aj.bone.wing_right_1] run data modify entity @s {} merge value {transformation:[-0.8096884555712293f,3.2447968461534695f,-0.05400745325576103f,-1.7712756993887337f,3.0287291604982487f,0.7755539301840272f,1.188500966185422f,1.6546708241640806f,1.1655140711987346f,0.23880599127451813f,-3.125982632912273f,1.5304712375625362f,0f,0f,0f,1f],start_interpolation:0}
execute if entity @s[tag=aj.heiloang_aj.bone.wing_right_0] run data modify entity @s {} merge value {transformation:[-1.4860116825744283f,1.648903973705019f,-0.03584640500960899f,-0.3893847561756091f,1.5329381760810596f,1.3986510539973955f,0.7888445838473171f,0.235168392349292f,0.6084980095001036f,0.503280155233416f,-2.0748106558870956f,0.9478595608802188f,0f,0f,0f,1f],start_interpolation:0}
execute if entity @s[tag=aj.heiloang_aj.bone.wing_left_2] run data modify entity @s {} merge value {transformation:[-1.538758631346859f,-1.7785138997971686f,0.051828457480571986f,3.684809015962809f,-1.6424404440978502f,1.4461740621971944f,0.8628707758063953f,2.3067504201590623f,-0.6842421123902019f,0.5282470031882245f,-2.187771432662805f,1.8105756962141522f,0f,0f,0f,1f],start_interpolation:0}
execute if entity @s[tag=aj.heiloang_aj.bone.wing_left_1] run data modify entity @s {} merge value {transformation:[-2.267171004671549f,-2.4579918116040704f,0.07369302927643347f,2.1993301239558845f,-2.2687954389989144f,2.1294457078493227f,1.2268850827195752f,0.8026630496640261f,-0.9485365909938963f,0.7816367470311476f,-3.110713921937574f,1.2368788232921701f,0f,0f,0f,1f],start_interpolation:0}
execute if entity @s[tag=aj.heiloang_aj.bone.wing_left_0] run data modify entity @s {} merge value {transformation:[-2.0617642976155497f,-0.8216663346019588f,0.04891232625464007f,0.2820213683502575f,-0.7478782241860646f,1.9250867464182142f,0.8143213005646067f,0.11356961224827783f,-0.3438112023569872f,0.7398009552215484f,-2.0646763435916844f,0.900540498301258f,0f,0f,0f,1f],start_interpolation:0}
execute if entity @s[tag=aj.heiloang_aj.bone.kazari_right] run data modify entity @s {} merge value {transformation:[-2.578302107481311f,-0.1687486634231735f,-0.480366859500709f,-2.276198581961674f,0.4772568850792993f,0.06269549828984305f,-2.5836341321276217f,3.043023775103328f,0.17735359245892235f,-2.6219197836019577f,-0.03086324925916952f,-2.5091688458839267f,0f,0f,0f,1f],start_interpolation:0}
execute if entity @s[tag=aj.heiloang_aj.bone.kazari_left] run data modify entity @s {} merge value {transformation:[-2.578302107481311f,-0.1687486634231735f,-0.480366859500709f,2.7017543729520788f,0.4772568850792993f,0.06269549828984305f,-2.5836341321276217f,2.1215792653851615f,0.17735359245892235f,-2.6219197836019577f,-0.03086324925916952f,-2.851587151746426f,0f,0f,0f,1f],start_interpolation:0}
execute if entity @s[tag=aj.heiloang_aj.bone.ring] run data modify entity @s {} merge value {transformation:[-2.161200224774977f,0.03936889736243055f,0.4249587793387537f,0.4582112420594618f,0.40004919684000356f,-0.5772131872532801f,2.087992304189029f,2.599522591869657f,0.1486624173228897f,2.1256061046594237f,0.5591283030703585f,0.8413011001622656f,0f,0f,0f,1f],start_interpolation:0}
execute if entity @s[tag=aj.heiloang_aj.bone.body_0] run data modify entity @s {} merge value {transformation:[-1.1078355253102985f,0.21451146046284347f,0.01837547627210832f,-0.05409438722069955f,0.20064077986394446f,0.9937215060495157f,0.4958963821283075f,0.40990784780683115f,0.07807754000810341f,0.49005589240662556f,-1.0136081570318496f,0.3130653299867061f,0f,0f,0f,1f],start_interpolation:0}
execute if entity @s[tag=aj.heiloang_aj.bone.leg_right_3] run data modify entity @s {} merge value {transformation:[-0.9856919804892884f,0.14910854532037454f,-0.07860000834317021f,-0.5828118958863078f,0.011818191250486061f,0.5263016082470738f,0.8502158240776931f,-0.5636106738839266f,0.16814175553583227f,0.837122009547584f,-0.5205334678734338f,-0.9712499464173754f,0f,0f,0f,1f],start_interpolation:0}
execute if entity @s[tag=aj.heiloang_aj.bone.leg_right_2] run data modify entity @s {} merge value {transformation:[-0.9894975184524711f,0.07633555661401753f,-0.12274992371822413f,-0.5305947685705179f,0.03347496853769412f,0.947114304566854f,0.3191456102882275f,-0.002647044536747689f,0.14062036644029244f,0.3116847395707285f,-0.9397225844157014f,-0.7373543956582425f,0f,0f,0f,1f],start_interpolation:0}
execute if entity @s[tag=aj.heiloang_aj.bone.leg_right_1] run data modify entity @s {} merge value {transformation:[-0.9938438411434228f,-0.04541998188259803f,-0.10105169304406182f,-0.4626995803123342f,-0.08033706533793199f,0.923531938850443f,0.37501295158438286f,-0.19793511331769642f,0.0762913845344f,0.38082250874774487f,-0.921495437577907f,-0.05853142412147577f,0f,0f,0f,1f],start_interpolation:0}
execute if entity @s[tag=aj.heiloang_aj.bone.leg_right_0] run data modify entity @s {} merge value {transformation:[-0.9902085716064287f,0.13753566180922575f,-0.023894067210384f,-0.3280929290703032f,0.1307679790560312f,0.8539975223988389f,-0.5035751854393207f,0.38727493416616343f,-0.04885407220240129f,-0.5017690439508431f,-0.8636209273529096f,-0.4815524475630395f,0f,0f,0f,1f],start_interpolation:0}
execute if entity @s[tag=aj.heiloang_aj.bone.leg_left_3] run data modify entity @s {} merge value {transformation:[-0.8694209101203114f,-0.48784913324184687f,0.07816971434480269f,1.0036224888080878f,-0.30655632046198633f,0.6567312391809331f,0.6890045731841581f,-0.2535120944591025f,-0.3874667771956421f,0.57507156309372f,-0.7205291069003168f,-0.7472923681966429f,0f,0f,0f,1f],start_interpolation:0}
execute if entity @s[tag=aj.heiloang_aj.bone.leg_left_2] run data modify entity @s {} merge value {transformation:[-0.8694209101203114f,-0.39799925205891973f,0.29275224406673606f,0.7477542434497078f,-0.30655632046198633f,0.8992321136199631f,0.3120974658970839f,0.2786628483454242f,-0.3874667771956421f,0.1815990120983974f,-0.9038203888906848f,-0.5942067001260715f,0f,0f,0f,1f],start_interpolation:0}
execute if entity @s[tag=aj.heiloang_aj.bone.leg_left_1] run data modify entity @s {} merge value {transformation:[-0.9250242158723977f,-0.3486489594556882f,0.1509109112030061f,0.6150932168074325f,-0.21353242575887582f,0.805689126271661f,0.5525114794799629f,-0.05072003934864344f,-0.3142198326000222f,0.47886212512379067f,-0.8197298103172417f,0.02016759815417668f,0f,0f,0f,1f],start_interpolation:0}
execute if entity @s[tag=aj.heiloang_aj.bone.leg_left_0] run data modify entity @s {} merge value {transformation:[-0.8758080139704786f,-0.3054591144019536f,0.3737044983591449f,0.3855240336154607f,-0.4410474931879545f,0.8209857139657296f,-0.362573532151483f,0.5086796313236709f,-0.1960546643610071f,-0.48236623730621486f,-0.8537478443248553f,-0.39685342660174683f,0f,0f,0f,1f],start_interpolation:0}
execute if entity @s[tag=aj.heiloang_aj.bone.tail_4] run data modify entity @s {} merge value {transformation:[0.02591813034299732f,-0.9542308696973465f,-1.2544425301797777f,-2.1698213997846616f,-1.573783821372828f,0.05274733718704447f,-0.07263997310358672f,2.401984638559406f,0.08594822739496713f,1.2536010248177034f,-0.9518149696612997f,-2.442445420241974f,0f,0f,0f,1f],start_interpolation:0}
execute if entity @s[tag=aj.heiloang_aj.bone.tail_3] run data modify entity @s {} merge value {transformation:[-0.44281754055124134f,-0.07071643912994038f,-0.8938186678610662f,-0.97354793848727f,-0.8820378787114926f,-0.14465065322316456f,0.448425433088091f,1.8065201458642528f,-0.16100250401245314f,0.9869525691536009f,0.0016792685392092443f,-2.470448922431199f,0f,0f,0f,1f],start_interpolation:0}
execute if entity @s[tag=aj.heiloang_aj.bone.tail_2] run data modify entity @s {} merge value {transformation:[-0.7897990308590641f,-0.15517981662965913f,-0.5934110846326249f,-0.5117421944697486f,-0.6088824936606275f,0.08159725922439631f,0.7890525940649853f,1.190182746637399f,-0.07402431875876284f,0.9845105950663263f,-0.15893170997144979f,-2.328018384951692f,0f,0f,0f,1f],start_interpolation:0}
execute if entity @s[tag=aj.heiloang_aj.bone.tail_1] run data modify entity @s {} merge value {transformation:[-0.8929629449772706f,-0.1370380344172769f,-0.4287630534695933f,-0.17898443275591977f,-0.3819429938954104f,0.7347225961196445f,0.5606266638016961f,0.7644696141298812f,0.23819472771606556f,0.6643818810550592f,-0.7084207703152205f,-1.7631771570052517f,0f,0f,0f,1f],start_interpolation:0}
execute if entity @s[tag=aj.heiloang_aj.bone.tail_ring] run data modify entity @s {} merge value {transformation:[-0.9601998503176641f,-0.22592887343189633f,-0.16423273607819372f,-0.20959309268536705f,-0.25454928667529253f,0.9498658373250584f,0.1815476569275008f,0.8200194629824267f,0.1149822077672681f,0.21612735882474468f,-0.9695710683928254f,-1.8958086012823643f,0f,0f,0f,1f],start_interpolation:0}
execute if entity @s[tag=aj.heiloang_aj.bone.tail_0] run data modify entity @s {} merge value {transformation:[-0.9601998503176641f,-0.22592887343189633f,-0.16423273607819372f,0.024928761648547244f,-0.25454928667529253f,0.9498658373250584f,0.1815476569275008f,0.5449521350937444f,0.1149822077672681f,0.21612735882474468f,-0.9695710683928254f,-0.5462984436762701f,0f,0f,0f,1f],start_interpolation:0}
execute if entity @s[tag=aj.heiloang_aj.bone.body_1] run data modify entity @s {} merge value {transformation:[-0.9791553170646811f,-0.189246772059569f,0.07375991003924426f,-0.011385862542540337f,-0.16657963719220908f,0.9559986882856757f,0.24149064675258017f,0.528081225026009f,-0.1162157026260904f,0.22416995173551021f,-0.9675958573712597f,-0.18991474073252815f,0f,0f,0f,1f],start_interpolation:0}