execute if entity @s[tag=aj.red_knight.bone.head] run data modify entity @s {} merge value {transformation:[-0.9752266299092234f,0.02634525564132092f,0.21963366732150205f,0f,0f,0.9928826045698137f,-0.11909716009486983f,1.625f,-0.2212080927902475f,-0.11614672207107915f,-0.9682855563501114f,0f,0f,0f,0f,1f],start_interpolation:0}
execute if entity @s[tag=aj.red_knight.bone.body] run data modify entity @s {} merge value {transformation:[-0.977489601006802f,0f,-0.21098360107734207f,0.5636900510106095f,0f,1f,0f,0.625f,0.21098360107734207f,0f,-0.977489601006802f,0.3898462374983969f,0f,0f,0f,1f],start_interpolation:0}
execute if entity @s[tag=aj.red_knight.bone.left_hand] run data modify entity @s {} merge value {transformation:[-0.9274008303185332f,-0.3203537150238544f,0.19313517855354656f,0.4942621952338726f,-0.3726334324340836f,0.8363719725776269f,-0.4020276713349502f,1.322673421347359f,-0.03274179220642148f,-0.4448094207152369f,-0.8950265662459898f,0.03200507263878541f,0f,0f,0f,1f],start_interpolation:0}
execute if entity @s[tag=aj.red_knight.bone.left_arm] run data modify entity @s {} merge value {transformation:[-0.9274008303185332f,-0.3626955819708827f,0.09154023565240549f,0.32295727397306345f,-0.3726334324340836f,0.9171717381752674f,-0.14121022528468657f,1.5859999999999999f,-0.03274179220642148f,-0.16506943239546618f,-0.985738331166923f,-0.021625486997699117f,0f,0f,0f,1f],start_interpolation:0}
execute if entity @s[tag=aj.red_knight.bone.weapon] run data modify entity @s {} merge value {transformation:[1.6330214420913023f,-0.1525843669866084f,-0.2962039135445673f,-0.2337234614921404f,0.03440584163967308f,-1.3964937935848798f,0.9090649593498553f,1.887979555327179f,-0.3314136169635872f,-0.8968282294887827f,-1.3651527090625812f,0.6825145711636837f,0f,0f,0f,1f],start_interpolation:0}
execute if entity @s[tag=aj.red_knight.bone.right_hand] run data modify entity @s {} merge value {transformation:[-0.9798128652547813f,-0.1384075568395685f,0.1442570528290294f,-0.2769758230045056f,-0.02064350498380394f,-0.6476812230764679f,-0.7616317213562958f,1.6855791731157828f,0.19884817017815237f,-0.7492345303600684f,0.6317491778648612f,0.4483787804261624f,0f,0f,0f,1f],start_interpolation:0}
execute if entity @s[tag=aj.red_knight.bone.right_arm] run data modify entity @s {} merge value {transformation:[-0.9798128652547813f,-0.17440019734853324f,0.09773085616123715f,-0.27023758059749836f,-0.02064350498380394f,-0.39798205496726546f,-0.9171609071618873f,1.5625f,0.19884817017815237f,-0.9006635637621991f,0.38634770625432124f,0.15449340611434065f,0f,0f,0f,1f],start_interpolation:0}
execute if entity @s[tag=aj.red_knight.bone.waist] run data modify entity @s {} merge value {transformation:[-0.8822912264349534f,-0.06924945029833147f,-0.4655821145504677f,-0.18542704715626607f,0f,0.9891188127719618f,-0.14711891183863732f,0.8918151298530667f,0.4707039321653325f,-0.1298017251578871f,-0.8726908504104592f,0.1171635488503104f,0f,0f,0f,1f],start_interpolation:0}
execute if entity @s[tag=aj.red_knight.bone.left_foot] run data modify entity @s {} merge value {transformation:[-0.8758508973207861f,0.2079618755993738f,-0.4354733791629109f,0.14261440263961847f,-0.0648637287270543f,0.8434630651392147f,0.5332567434562678f,0.4050837702731399f,0.4782027837204599f,0.4952998243924092f,-0.7252586997746746f,-0.06746635411938358f,0f,0f,0f,1f],start_interpolation:0}
execute if entity @s[tag=aj.red_knight.bone.left_leg] run data modify entity @s {} merge value {transformation:[-0.8758508973207861f,0.0878356857015004f,-0.4745209141647194f,0.10222909819013563f,-0.0648637287270543f,0.9529467201119641f,0.2961169453500979f,0.9026726453076712f,0.4782027837204599f,0.2901334881484676f,-0.8289418898190669f,-0.07394066886244151f,0f,0f,0f,1f],start_interpolation:0}
execute if entity @s[tag=aj.red_knight.bone.right_foot] run data modify entity @s {} merge value {transformation:[-0.8813453195595762f,0.24628446636922202f,-0.4032051454478927f,0.022890808949524263f,0.16665601508001981f,0.9605919632594537f,0.22246090164115762f,0.6214170662860049f,0.44210428671081325f,0.1288683116463319f,-0.8876580185664675f,0.43131200142669235f,0f,0f,0f,1f],start_interpolation:0}
execute if entity @s[tag=aj.red_knight.bone.right_leg] run data modify entity @s {} merge value {transformation:[-0.8813453195595762f,-0.13531746312073176f,-0.4526804743580158f,-0.11834370841860271f,0.16665601508001981f,0.807490037459657f,-0.565849460582097f,0.9026726453076712f,0.44210428671081325f,-0.5741506976203821f,-0.6891260959316168f,0.04373531417889162f,0f,0f,0f,1f],start_interpolation:0}