execute if entity @s[tag=aj.red_knight.bone.head] run data modify entity @s {} merge value {transformation:[-0.9659258262890684f,0.08852132690137686f,0.2432103468016939f,0f,0f,0.9396926207859084f,-0.3420201433256687f,1.625f,-0.25881904510252063f,-0.3303660895493521f,-0.9076733711903686f,0f,0f,0f,0f,1f],start_interpolation:0}
execute if entity @s[tag=aj.red_knight.bone.body] run data modify entity @s {} merge value {transformation:[-0.9063077870366499f,0f,-0.42261826174069944f,0.6361409060437794f,0f,1f,0f,0.625f,0.42261826174069944f,0f,-0.9063077870366499f,0.2550515833273721f,0f,0f,0f,1f],start_interpolation:0}
execute if entity @s[tag=aj.red_knight.bone.left_hand] run data modify entity @s {} merge value {transformation:[-0.8373192145987589f,-0.22562940904310377f,-0.49798383772827115f,0.4343849430322408f,-0.38268343236508967f,0.8923991008325228f,0.23911761839433446f,1.3075429955126547f,0.39044836208773004f,0.39078794071486456f,-0.8335675509128485f,-0.2917992815772438f,0f,0f,0f,1f],start_interpolation:0}
execute if entity @s[tag=aj.red_knight.bone.left_arm] run data modify entity @s {} merge value {transformation:[-0.8373192145987589f,-0.22562940904310377f,-0.49798383772827115f,0.3115433017938484f,-0.38268343236508967f,0.8923991008325228f,0.23911761839433446f,1.5625f,0.39044836208773004f,0.39078794071486456f,-0.8335675509128485f,-0.14527502747336543f,0f,0f,0f,1f],start_interpolation:0}
execute if entity @s[tag=aj.red_knight.bone.weapon] run data modify entity @s {} merge value {transformation:[1.6666666666666667f,-1.1125641011398852e-16f,2.759423928488973e-16f,-0.3740433017938484f,-6.137639914132569e-17f,-1.6666666666666663f,5.551115123125783e-16f,2.1585730942176418f,1.9466106850439829e-16f,-4.625929269271486e-16f,-1.6666666666666663f,0.33321615216353623f,0f,0f,0f,1f],start_interpolation:0}
execute if entity @s[tag=aj.red_knight.bone.right_hand] run data modify entity @s {} merge value {transformation:[-1f,-1.3877787807814457e-17f,-5.551115123125783e-17f,-0.3740433017938484f,0f,-0.9537169507482266f,-0.30070579950427334f,1.8605365471088209f,0f,-0.3007057995042733f,0.9537169507482267f,0.23924558981845084f,0f,0f,0f,1f],start_interpolation:0}
execute if entity @s[tag=aj.red_knight.bone.right_arm] run data modify entity @s {} merge value {transformation:[-1f,-1.3877787807814457e-17f,-5.551115123125783e-17f,-0.3115433017938484f,0f,-0.9537169507482266f,-0.30070579950427334f,1.5625f,0f,-0.3007057995042733f,0.9537169507482267f,0.14527502747336543f,0f,0f,0f,1f],start_interpolation:0}
execute if entity @s[tag=aj.red_knight.bone.waist] run data modify entity @s {} merge value {transformation:[-0.7071067811865476f,0f,-0.7071067811865475f,-0.15467960838455727f,0f,1f,0f,0.890625f,0.7071067811865475f,0f,-0.7071067811865476f,0.15467960838455724f,0f,0f,0f,1f],start_interpolation:0}
execute if entity @s[tag=aj.red_knight.bone.left_foot] run data modify entity @s {} merge value {transformation:[-0.7071067811865476f,0.6644630243886746f,-0.24184476264797525f,0.051731179558537524f,0f,0.3420201433256688f,0.9396926207859083f,0.4074077541975845f,0.7071067811865475f,0.6644630243886747f,-0.24184476264797528f,-0.12504551573809936f,0f,0f,0f,1f],start_interpolation:0}
execute if entity @s[tag=aj.red_knight.bone.left_leg] run data modify entity @s {} merge value {transformation:[-0.7071067811865476f,0.27059805007309845f,-0.6532814824381882f,0.06629126073623884f,0f,0.9238795325112867f,0.3826834323650897f,0.90625f,0.7071067811865475f,0.2705980500730985f,-0.6532814824381883f,-0.11048543456039804f,0f,0f,0f,1f],start_interpolation:0}
execute if entity @s[tag=aj.red_knight.bone.right_foot] run data modify entity @s {} merge value {transformation:[-0.7044160264027587f,0.29975653106692546f,-0.6433848644704592f,0.11803606830129931f,0.08715574274765818f,0.9361168066628591f,0.3407186534216102f,0.5553959440583746f,0.7044160264027586f,0.1839329942290251f,-0.68554118430689f,0.33822311301570607f,0f,0f,0f,1f],start_interpolation:0}
execute if entity @s[tag=aj.red_knight.bone.right_leg] run data modify entity @s {} merge value {transformation:[-0.7044160264027587f,-0.24298192475747057f,-0.6669016764022285f,-0.11048543456039805f,0.08715574274765818f,0.9028590122851735f,-0.4210100716628344f,0.90625f,0.7044160264027586f,-0.35469055270276906f,-0.6148110877093484f,0.06629126073623882f,0f,0f,0f,1f],start_interpolation:0}