execute if entity @s[tag=aj.heiloang_aj.bone.head_lower] run data modify entity @s {} merge value {transformation:[-0.37523897127846373f,0.6787324959030705f,-0.19625981106448817f,1.3008019632208583f,0.15219343098614638f,0.29465286787807315f,0.7280225594141242f,3.0659660477267607f,0.6899513562553128f,0.3041412278143411f,-0.2673298328751202f,1.8994870022995536f,0f,0f,0f,1f],start_interpolation:0}
execute if entity @s[tag=aj.heiloang_aj.bone.horne_right] run data modify entity @s {} merge value {transformation:[-0.16419163354971916f,-0.37624020908400596f,-0.6866472256848477f,0.858692240027453f,-0.3878510927708454f,0.6485399681701596f,-0.26261652560779514f,3.479549751373757f,0.6801563329917144f,0.2789968006165524f,-0.3155125162921305f,1.9621326932266574f,0f,0f,0f,1f],start_interpolation:0}
execute if entity @s[tag=aj.heiloang_aj.bone.horne_left] run data modify entity @s {} merge value {transformation:[-0.3891187452733937f,0.1307753399390021f,-0.6866472256848477f,1.177720413408403f,0.6122686277257683f,0.442899184894819f,-0.26261652560779514f,3.350154896349335f,0.337214663945186f,-0.6532519594179137f,-0.3155125162921305f,1.3755360501383904f,0f,0f,0f,1f],start_interpolation:0}
execute if entity @s[tag=aj.heiloang_aj.bone.head_upper] run data modify entity @s {} merge value {transformation:[-0.5496406641544118f,-0.24383687504724597f,-1.005783690002523f,1.078613560335548f,0.22292913287273258f,1.0842004125256877f,-0.38467412129715817f,3.111179109583125f,1.010623497858876f,-0.37177299020547905f,-0.4621548460518055f,1.7694197476671998f,0f,0f,0f,1f],start_interpolation:0}
execute if entity @s[tag=aj.heiloang_aj.bone.neck_0] run data modify entity @s {} merge value {transformation:[-0.5130425575121208f,0.5590954230114245f,-0.651306104799501f,0.7634751187401024f,0.563435794702688f,0.7917783847508414f,0.2358539689916179f,3.1594767524437275f,0.647554970198803f,-0.2459660493015749f,-0.7212303814744652f,1.4764771612243783f,0f,0f,0f,1f],start_interpolation:0}
execute if entity @s[tag=aj.heiloang_aj.bone.neck_1] run data modify entity @s {} merge value {transformation:[-0.4527005962932946f,0.5751866423273776f,-0.6813387531939255f,0.5224011808354967f,0.7515809489396841f,0.6573000966409511f,0.055521708787827084f,3.1879132421706307f,0.47977937357354095f,-0.48694651599939964f,-0.7298594681508398f,1.2044633011836803f,0f,0f,0f,1f],start_interpolation:0}
execute if entity @s[tag=aj.heiloang_aj.bone.neck_2] run data modify entity @s {} merge value {transformation:[-0.6498940427742963f,0.36531852066631226f,-0.6664683875658757f,0.2370376838759009f,0.5832471788727354f,0.8019612007019906f,-0.12915479435784355f,3.1081062934022614f,0.48729914991048007f,-0.47265273830455956f,-0.734260803440933f,0.9194046077687454f,0f,0f,0f,1f],start_interpolation:0}
execute if entity @s[tag=aj.heiloang_aj.bone.neck_3] run data modify entity @s {} merge value {transformation:[-0.8617867060139345f,0.3192460777674485f,-0.3942151889105143f,0.02530038078397373f,0.4765041781116176f,0.7759897850282127f,-0.4132597509727266f,2.875452809642186f,0.17397540510033077f,-0.5439869441098456f,-0.8208597706418601f,0.5077830002968828f,0f,0f,0f,1f],start_interpolation:0}
execute if entity @s[tag=aj.heiloang_aj.bone.wing_right_2] run data modify entity @s {} merge value {transformation:[-2.2672476662518832f,-0.6064500661660621f,-0.15931837133103852f,-4.159464014668872f,-0.624973018700705f,2.2340041957483616f,0.3901409816923259f,4.088169460368973f,0.05072230369890552f,0.41835341153969635f,-2.314299824413764f,0.5861428729174666f,0f,0f,0f,1f],start_interpolation:0}
execute if entity @s[tag=aj.heiloang_aj.bone.wing_right_1] run data modify entity @s {} merge value {transformation:[-3.3180320341005367f,0.3557622297943795f,-0.22652909180584685f,-1.9836421877368022f,0.31417772054396303f,3.283411112027817f,0.5547275026768127f,3.874031892309887f,0.2813797318508393f,0.5290212454750611f,-3.290620114999536f,0.45198275189419096f,0f,0f,0f,1f],start_interpolation:0}
execute if entity @s[tag=aj.heiloang_aj.bone.wing_right_0] run data modify entity @s {} merge value {transformation:[-1.7787716644888523f,1.319759427301099f,-0.15035431374400324f,-0.330365437473189f,1.284319662253001f,1.7729521616308461f,0.36818967627955745f,2.682404046010322f,0.3389607215620897f,0.20802809093577487f,-2.184085607896294f,0.11919879550448487f,0f,0f,0f,1f],start_interpolation:0}
execute if entity @s[tag=aj.heiloang_aj.bone.wing_left_2] run data modify entity @s {} merge value {transformation:[-1.991574759970325f,1.058793355784925f,0.6679540489553486f,4.3159451534922875f,1.0253460503364742f,2.099699176007281f,-0.27111778557436483f,2.5380684511462026f,-0.7182419222166994f,0.061611738662792154f,-2.2391758620417503f,1.3762533203428644f,0f,0f,0f,1f],start_interpolation:0}
execute if entity @s[tag=aj.heiloang_aj.bone.wing_left_1] run data modify entity @s {} merge value {transformation:[-3.1259519961541997f,0.7166846541557549f,0.9497399629041697f,2.2548784901441126f,0.6307582725881506f,3.262017499813782f,-0.3854926787505269f,2.956902233158037f,-1.0088542472533777f,-0.1811731500700123f,-3.183804040827973f,0.764177401063457f,0f,0f,0f,1f],start_interpolation:0}
execute if entity @s[tag=aj.heiloang_aj.bone.wing_left_0] run data modify entity @s {} merge value {transformation:[-2.0884778757176874f,-0.41145089648883404f,0.6303715748796634f,0.3173837424618057f,-0.5003450286253656f,2.1476938352699695f,-0.2558633273317038f,2.489467237422725f,-0.5624188963464997f,-0.3827784603682696f,-2.113188499710918f,0.22411747278276833f,0f,0f,0f,1f],start_interpolation:0}
execute if entity @s[tag=aj.heiloang_aj.bone.kazari_right] run data modify entity @s {} merge value {transformation:[-2.5340170546315766f,-0.23021010992149188f,-0.6577469579424072f,-2.0012726539190147f,0.4088180830235439f,-2.4999400812289942f,-0.7000268236389098f,0.9740517438532237f,-0.5643540824566698f,-0.7772857158799206f,2.4462627769844723f,-3.3309370426109233f,0f,0f,0f,1f],start_interpolation:0}
execute if entity @s[tag=aj.heiloang_aj.bone.kazari_left] run data modify entity @s {} merge value {transformation:[-2.5340170546315766f,-0.23021010992149188f,-0.6577469579424072f,2.8911787187510662f,0.4088180830235439f,-2.4999400812289942f,-0.7000268236389098f,0.1847426948848504f,-0.5643540824566698f,-0.7772857158799206f,2.4462627769844723f,-2.24133312682807f,0f,0f,0f,1f],start_interpolation:0}
execute if entity @s[tag=aj.heiloang_aj.bone.ring] run data modify entity @s {} merge value {transformation:[-1.955737390478461f,-0.7502773448674299f,0.6819834683093186f,0.5413898184600582f,-0.3116153159990245f,1.8548202762549557f,1.1469367565007014f,3.4534314824957364f,-0.9648385564970726f,0.9217656613023725f,-1.7528151389477655f,-1.6156058493817465f,0f,0f,0f,1f],start_interpolation:0}
execute if entity @s[tag=aj.heiloang_aj.bone.body_0] run data modify entity @s {} merge value {transformation:[-1.0688010234183583f,0.29259927619345527f,-0.2137812242658587f,-0.14512080245776293f,0.31835016525098475f,0.44008355082473277f,-0.989258316374363f,1.9914472454798942f,-0.1731182271230099f,-0.9971782728290035f,-0.49931748174205254f,-0.0656804877642449f,0f,0f,0f,1f],start_interpolation:0}
execute if entity @s[tag=aj.heiloang_aj.bone.leg_right_3] run data modify entity @s {} merge value {transformation:[-0.7170068386804883f,-0.17667173611106818f,0.6743057844516192f,-0.6113063811691269f,0.1798201568213921f,0.8877279306842476f,0.4237969234005758f,0.12623103452438744f,-0.6734730168953633f,0.4251190641956259f,-0.6047378578948841f,-0.7106933598824315f,0f,0f,0f,1f],start_interpolation:0}
execute if entity @s[tag=aj.heiloang_aj.bone.leg_right_2] run data modify entity @s {} merge value {transformation:[-0.7170068386804883f,0.3256213185475577f,0.6163375294372089f,-0.44234584685662853f,0.1798201568213921f,0.9406640720722149f,-0.287777370050615f,0.7119048421581453f,-0.6734730168953633f,-0.09550843114546823f,-0.7330158491424241f,-0.7341982401629521f,0f,0f,0f,1f],start_interpolation:0}
execute if entity @s[tag=aj.heiloang_aj.bone.leg_right_1] run data modify entity @s {} merge value {transformation:[-0.7383204487284621f,0.2006612947941412f,0.6439083473297587f,-0.8816419440440588f,0.05076535808207369f,0.9685417354329238f,-0.2436181133318685f,0.9565196363791583f,-0.6725368342389889f,-0.1471799969293351f,-0.7252808112005169f,-0.23346841827602283f,0f,0f,0f,1f],start_interpolation:0}
execute if entity @s[tag=aj.heiloang_aj.bone.leg_right_0] run data modify entity @s {} merge value {transformation:[-0.5799129519986161f,0.7257800151294586f,0.3700599110183831f,-0.3055502398672059f,0.19010902879182134f,0.5622582216716615f,-0.8048131766655235f,1.306152167105413f,-0.7921865470178606f,-0.3963698548089949f,-0.46403815890788025f,-0.5257216960074578f,0f,0f,0f,1f],start_interpolation:0}
execute if entity @s[tag=aj.heiloang_aj.bone.leg_left_3] run data modify entity @s {} merge value {transformation:[-0.8873197292592596f,-0.34005392392909284f,0.31149161607931086f,0.8741012002439934f,-0.3208999063288132f,0.9404059307074559f,0.11251637928942854f,0.14934325704584683f,-0.3311901994102982f,-0.00011962721373351415f,-0.943564008164733f,-0.20855174721816583f,0f,0f,0f,1f],start_interpolation:0}
execute if entity @s[tag=aj.heiloang_aj.bone.leg_left_2] run data modify entity @s {} merge value {transformation:[-0.8873197292592596f,-0.2828499312857532f,0.36422467576884293f,0.6848930819250901f,-0.3208999063288132f,0.9459374854884547f,-0.047175456181561784f,0.7268732755307198f,-0.3311901994102982f,-0.15873937734356944f,-0.9301155099745099f,-0.26121403174393143f,0f,0f,0f,1f],start_interpolation:0}
execute if entity @s[tag=aj.heiloang_aj.bone.leg_left_1] run data modify entity @s {} merge value {transformation:[-0.9280540666283005f,-0.21321425069230743f,0.30537736117202885f,0.4534035094478746f,-0.1975632382163167f,0.9768832933683425f,0.08165658603752601f,0.7425911118371877f,-0.3157283901079484f,0.015450386388010051f,-0.948723810832375f,0.4093926641210677f,0f,0f,0f,1f],start_interpolation:0}
execute if entity @s[tag=aj.heiloang_aj.bone.leg_left_0] run data modify entity @s {} merge value {transformation:[-0.8954922847223443f,-0.24370286022576068f,0.3724278237733307f,0.2681531555132752f,-0.41146761014665467f,0.7722922902624998f,-0.48400312416481706f,1.2592996653905781f,-0.1696701912622144f,-0.5866630500712363f,-0.7918576209636158f,-0.07869658341474084f,0f,0f,0f,1f],start_interpolation:0}
execute if entity @s[tag=aj.heiloang_aj.bone.tail_4] run data modify entity @s {} merge value {transformation:[-0.9456346926197606f,0.7303734523903476f,1.0281945398829f,1.392896966702453f,0.10517031062253226f,1.3263028369120509f,-0.845407803518681f,-1.3900827341778657f,-1.2568088946077542f,-0.4385541796974751f,-0.8443672172653223f,-3.324176191070723f,0f,0f,0f,1f],start_interpolation:0}
execute if entity @s[tag=aj.heiloang_aj.bone.tail_3] run data modify entity @s {} merge value {transformation:[-0.7975866515577649f,0.43988862735319323f,0.4127390565262703f,0.8298644175113493f,0.10718946764062677f,0.7767120815249701f,-0.6206679953405585f,-0.5809438639721721f,-0.5936042042335883f,-0.45079522838920105f,-0.6666466161151173f,-2.421557229562811f,0f,0f,0f,1f],start_interpolation:0}
execute if entity @s[tag=aj.heiloang_aj.bone.tail_2] run data modify entity @s {} merge value {transformation:[-0.797215402249185f,0.47032550862639305f,0.3784726124199667f,0.5421132090291196f,0.2309785848699567f,0.816859729398044f,-0.52857267789702f,-0.15214742992270325f,-0.5577602493438755f,-0.33396721159880227f,-0.7598482781639889f,-1.8326976087163178f,0f,0f,0f,1f],start_interpolation:0}
execute if entity @s[tag=aj.heiloang_aj.bone.tail_1] run data modify entity @s {} merge value {transformation:[-0.8919047928998458f,0.35859992397613216f,0.2755212059471919f,0.33285365166477643f,0.11175095519126252f,0.765136851893622f,-0.6340956725038882f,0.35631142802121163f,-0.4381980881018575f,-0.5347632115232217f,-0.7225031094640678f,-1.2771032968409601f,0f,0f,0f,1f],start_interpolation:0}
execute if entity @s[tag=aj.heiloang_aj.bone.tail_ring] run data modify entity @s {} merge value {transformation:[-0.8066121376173987f,0.5463881657407578f,0.22547024590118458f,0.38220164598807055f,0.273009879408769f,0.6827170686720831f,-0.6777632402904481f,0.2800862370520366f,-0.524254199023241f,-0.48513645140542516f,-0.6998572413887361f,-1.3927245383981712f,0f,0f,0f,1f],start_interpolation:0}
execute if entity @s[tag=aj.heiloang_aj.bone.tail_0] run data modify entity @s {} merge value {transformation:[-0.8066121376173987f,0.5463881657407578f,0.22547024590118458f,0.054895935898586136f,0.273009879408769f,0.6827170686720831f,-0.6777632402904481f,1.211426861850782f,-0.524254199023241f,-0.48513645140542516f,-0.6998572413887361f,-0.404131693362176f,0f,0f,0f,1f],start_interpolation:0}
execute if entity @s[tag=aj.heiloang_aj.bone.body_1] run data modify entity @s {} merge value {transformation:[-0.7871796206899012f,0.5497430891747034f,0.2795188377822812f,-0.002148402809199539f,0.06428641494059309f,0.5239055097565646f,-0.8493469689713387f,1.546856875f,-0.6133640856983632f,-0.6506193608795916f,-0.4477487527889303f,-0.2907942637078305f,0f,0f,0f,1f],start_interpolation:0}