execute if entity @s[tag=aj.heiloang_aj.bone.head_lower] run data modify entity @s {} merge value {transformation:[-0.5692576175957799f,0.5614722112071817f,-0.026357557764231824f,-0.23235593590433504f,0.5619787497327564f,0.5677702259023446f,-0.042624587125364766f,4.782372039168585f,-0.011209355823799783f,-0.04884594784542588f,-0.7984287217536062f,1.1177213356570102f,0f,0f,0f,1f],start_interpolation:0}
execute if entity @s[tag=aj.heiloang_aj.bone.horne_right] run data modify entity @s {} merge value {transformation:[-0.40030507982415475f,-0.40575152117570273f,-0.5613568794720347f,-0.6443339997374876f,0.4447374284476041f,0.34648803411948337f,-0.5675866999409229f,4.840314884818565f,0.5310032606347999f,-0.5960803178059306f,0.05218995995008907f,0.6734762778178489f,0f,0f,0f,1f],start_interpolation:0}
execute if entity @s[tag=aj.heiloang_aj.bone.horne_left] run data modify entity @s {} merge value {transformation:[-0.4390964006956306f,0.3634182229409552f,-0.5613568794720347f,-0.16035117325755557f,0.3839309634460958f,-0.41284664629560064f,-0.5675866999409229f,4.362520551795775f,-0.5475320686530563f,-0.5809344557494531f,0.05218995995008907f,0.6830064721392435f,0f,0f,0f,1f],start_interpolation:0}
execute if entity @s[tag=aj.heiloang_aj.bone.head_upper] run data modify entity @s {} merge value {transformation:[-0.8338343268138585f,-0.04205253154131046f,-0.8222615231286498f,-0.39685342729254186f,0.8231724231397983f,-0.06591850264299169f,-0.8313868084059655f,4.614381475901195f,-0.01641918417680633f,-1.1692084707186627f,0.07644654858589173f,1.0034884855356823f,0f,0f,0f,1f],start_interpolation:0}
execute if entity @s[tag=aj.heiloang_aj.bone.neck_0] run data modify entity @s {} merge value {transformation:[-0.8923343532372731f,0.4115600830938966f,-0.18535830177351817f,-0.5025753084645764f,0.40140930808147746f,0.5357591494840215f,-0.7428544279532203f,4.260869744074089f,-0.20642182398711406f,-0.7372790731791472f,-0.6432803423344527f,0.7769656435727739f,0f,0f,0f,1f],start_interpolation:0}
execute if entity @s[tag=aj.heiloang_aj.bone.neck_1] run data modify entity @s {} merge value {transformation:[-0.7803827051555028f,0.6057876779575035f,0.15499717006782943f,-0.4385366991799749f,0.11423250549961775f,0.3818183594572995f,-0.9171508464089291f,3.9314602245786823f,-0.6147794467786474f,-0.6980229434740606f,-0.3671650884852051f,0.634469178613949f,0f,0f,0f,1f],start_interpolation:0}
execute if entity @s[tag=aj.heiloang_aj.bone.neck_2] run data modify entity @s {} merge value {transformation:[-0.9314545581764111f,0.3474082877529783f,0.10816601893816152f,-0.4058542371699351f,0.11940435646128197f,0.5726624064461793f,-0.8110489306455788f,3.579898011600487f,-0.34370773298029567f,-0.7425397294716384f,-0.5748910718090269f,0.42376606937492467f,0f,0f,0f,1f],start_interpolation:0}
execute if entity @s[tag=aj.heiloang_aj.bone.neck_3] run data modify entity @s {} merge value {transformation:[-0.9265511876564475f,0.30337752984166294f,0.22240721894668208f,-0.2981051674720553f,0.05593393230971914f,0.6957830810500071f,-0.7160707362690715f,3.192482148544765f,-0.37198695120769826f,-0.6510360808063784f,-0.6616477383166001f,0.09712901728791154f,0f,0f,0f,1f],start_interpolation:0}
execute if entity @s[tag=aj.heiloang_aj.bone.wing_right_2] run data modify entity @s {} merge value {transformation:[-1.9701735288935445f,0.7957702861268705f,1.0093274612759338f,-3.9728058747462116f,0.7618716446708966f,2.210803092816606f,-0.2558853027432341f,4.327538559186633f,-1.035154031733745f,0.11258482504801509f,-2.109349851038297f,-2.1436291091716035f,0f,0f,0f,1f],start_interpolation:0}
execute if entity @s[tag=aj.heiloang_aj.bone.wing_right_1] run data modify entity @s {} merge value {transformation:[-2.705236725602453f,1.3451113942810555f,1.435126603588334f,-2.2234729944527176f,1.3235648508110829f,3.0500851734358077f,-0.3638341564291156f,3.4665122593843716f,-1.455022033183399f,0.2736321338262824f,-2.9992090809392598f,-1.1453693014791653f,0f,0f,0f,1f],start_interpolation:0}
execute if entity @s[tag=aj.heiloang_aj.bone.wing_right_0] run data modify entity @s {} merge value {transformation:[-1.859488319184883f,0.7505833242968284f,0.9525375919629092f,-0.4862787411628723f,0.7185415649568665f,2.086571736863296f,-0.24148790104810752f,2.7962421986739106f,-0.9769345987548574f,0.10603329765128135f,-1.9906671568961192f,-0.2526541897435838f,0f,0f,0f,1f],start_interpolation:0}
execute if entity @s[tag=aj.heiloang_aj.bone.wing_left_2] run data modify entity @s {} merge value {transformation:[-1.8417367871307355f,-0.9031439210408222f,1.1514828140868494f,3.479190576232461f,-1.2792508841829873f,1.8924916489554673f,-0.5617548756102301f,5.090147416566604f,-0.7107030241721266f,-1.0660123933809726f,-1.9728392724476493f,1.32607382251402f,0f,0f,0f,1f],start_interpolation:0}
execute if entity @s[tag=aj.heiloang_aj.bone.wing_left_1] run data modify entity @s {} merge value {transformation:[-2.5292980416015367f,-1.452334458449831f,1.637252213450897f,1.79830403683965f,-1.9906775044515133f,2.5664055804688326f,-0.7987391581167903f,3.7989671874892195f,-0.909435683773911f,-1.5784504395886692f,-2.8051095735712384f,0.7733274824908759f,0f,0f,0f,1f],start_interpolation:0}
execute if entity @s[tag=aj.heiloang_aj.bone.wing_left_0] run data modify entity @s {} merge value {transformation:[-1.808200359521161f,-0.691307732686935f,1.0866945654390614f,0.12516063621263887f,-1.0404517137512048f,1.8880687601283395f,-0.5301477043047643f,2.8269661764842615f,-0.7591256096192005f,-0.9411110326389127f,-1.8618373540848285f,0.05232034368241603f,0f,0f,0f,1f],start_interpolation:0}
execute if entity @s[tag=aj.heiloang_aj.bone.kazari_right] run data modify entity @s {} merge value {transformation:[-2.3921527529334354f,0.09269561787955605f,-1.0843813524840622f,-1.470955207269546f,0.11059225974296628f,-2.58428474239396f,-0.46487838288199634f,0.5090972361702453f,-1.0827025202123532f,-0.46877508595483547f,2.3483771758535954f,-3.3876609700415496f,0f,0f,0f,1f],start_interpolation:0}
execute if entity @s[tag=aj.heiloang_aj.bone.kazari_left] run data modify entity @s {} merge value {transformation:[-2.3921527529334354f,0.09269561787955605f,-1.0843813524840622f,3.1475973783709166f,0.11059225974296628f,-2.58428474239396f,-0.46487838288199634f,0.2955756846884902f,-1.0827025202123532f,-0.46877508595483547f,2.3483771758535954f,-1.2972766841408259f,0f,0f,0f,1f],start_interpolation:0}
execute if entity @s[tag=aj.heiloang_aj.bone.ring] run data modify entity @s {} merge value {transformation:[-1.855437493049465f,-0.787372386406221f,0.8890009675446467f,0.7597954613285242f,-0.47974006249798734f,2.0055314923696526f,0.7749962524632036f,3.421549578858186f,-1.0863367192564066f,0.4591453408481412f,-1.8606408503944825f,-2.0469187400756454f,0f,0f,0f,1f],start_interpolation:0}
execute if entity @s[tag=aj.heiloang_aj.bone.body_0] run data modify entity @s {} merge value {transformation:[-1.0088890152864618f,0.49309898704336474f,0.11246652723719329f,-0.1409125323891451f,-0.05069526900903488f,0.15110049464462008f,-1.117251541129358f,2.1579938789070363f,-0.5032149843477325f,-1.0038298687689224f,-0.1129276318398336f,-0.11380719289011523f,0f,0f,0f,1f],start_interpolation:0}
execute if entity @s[tag=aj.heiloang_aj.bone.leg_right_3] run data modify entity @s {} merge value {transformation:[-0.6855061247287236f,-0.15043074561607378f,0.7123566127529103f,-0.6380703166256826f,0.14351022014782222f,0.9313081679014505f,0.33476844700952063f,0.24658161317436333f,-0.7137829990077735f,0.33171627511087687f,-0.6168291036859671f,-0.627033701508794f,0f,0f,0f,1f],start_interpolation:0}
execute if entity @s[tag=aj.heiloang_aj.bone.leg_right_2] run data modify entity @s {} merge value {transformation:[-0.6855061247287236f,0.3529525404174043f,0.636793417971879f,-0.4534524179036295f,0.14351022014782222f,0.9229805435885207f,-0.35708785035360935f,0.8247704702739654f,-0.7137829990077735f,-0.15339954488178445f,-0.6833611124124126f,-0.68808963895717f,0f,0f,0f,1f],start_interpolation:0}
execute if entity @s[tag=aj.heiloang_aj.bone.leg_right_1] run data modify entity @s {} merge value {transformation:[-0.7113602271059161f,0.23973731777953752f,0.6606759006923839f,-0.9016466480753161f,0.015768588855476537f,0.9452329655072218f,-0.32601532559671126f,1.1257772587586568f,-0.7026506805641951f,-0.2214964094117457f,-0.676181456208596f,-0.22758485243508186f,0f,0f,0f,1f],start_interpolation:0}
execute if entity @s[tag=aj.heiloang_aj.bone.leg_right_0] run data modify entity @s {} merge value {transformation:[-0.5394693121361999f,0.757990686163831f,0.36663739709988663f,-0.3037143317930795f,0.14707796914646068f,0.5135690956342526f,-0.8453489545750726f,1.4386608982043598f,-0.8290602705805219f,-0.40211553526107413f,-0.38853849750912905f,-0.5176146954181338f,0f,0f,0f,1f],start_interpolation:0}
execute if entity @s[tag=aj.heiloang_aj.bone.leg_left_3] run data modify entity @s {} merge value {transformation:[-0.8809897705244434f,-0.30199673433521257f,0.36421833655399005f,0.8228459308216414f,-0.3272794383596675f,0.944892284752105f,-0.008169421211272843f,0.27537895487823394f,-0.3416799576478979f,-0.12639834914591894f,-0.9312777587137561f,-0.02847829781513972f,0f,0f,0f,1f],start_interpolation:0}
execute if entity @s[tag=aj.heiloang_aj.bone.leg_left_2] run data modify entity @s {} merge value {transformation:[-0.8809897705244434f,-0.24575185823729706f,0.4043056373638686f,0.6543093613077684f,-0.3272794383596675f,0.9336348817741743f,-0.1456505295613577f,0.8500725297866399f,-0.3416799576478979f,-0.2606375485371184f,-0.9029523103875928f,-0.14439494975040867f,0f,0f,0f,1f],start_interpolation:0}
execute if entity @s[tag=aj.heiloang_aj.bone.leg_left_1] run data modify entity @s {} merge value {transformation:[-0.9177413208882776f,-0.17647884767907102f,0.35581748728260465f,0.38998560423601614f,-0.2017429437045511f,0.9788175987846277f,-0.03486965693719124f,0.948159846408918f,-0.3421266616322991f,-0.10378499232240818f,-0.9339047182496595f,0.5068036703710768f,0f,0f,0f,1f],start_interpolation:0}
execute if entity @s[tag=aj.heiloang_aj.bone.leg_left_0] run data modify entity @s {} merge value {transformation:[-0.9000548080175717f,-0.18682990167629315f,0.39369522527467715f,0.24755230276669157f,-0.39991410678637274f,0.7130248868070388f,-0.5759029588281924f,1.4157926797380602f,-0.173118600264991f,-0.6757885014066426f,-0.7164773908567209f,-0.041437904423566346f,0f,0f,0f,1f],start_interpolation:0}
execute if entity @s[tag=aj.heiloang_aj.bone.tail_4] run data modify entity @s {} merge value {transformation:[-1.4249113755440528f,0.6575025985188883f,-0.14890355426831914f,0.2925102245662866f,0.6543882900490222f,1.4326650955141222f,0.06403946931307425f,-1.0212829319536851f,0.16204289981219533f,-0.0039269229803047465f,-1.567986301465684f,-3.4255641067380287f,0f,0f,0f,1f],start_interpolation:0}
execute if entity @s[tag=aj.heiloang_aj.bone.tail_3] run data modify entity @s {} merge value {transformation:[-0.9157708615706766f,0.2624749473952258f,-0.30408984048792886f,0.6920209640801004f,0.3570351082287052f,0.878758594590413f,-0.31671637773503014f,-0.6209841013776194f,0.18409144627118673f,-0.39861037922180975f,-0.8984542865312778f,-2.2145379436628625f,0f,0f,0f,1f],start_interpolation:0}
execute if entity @s[tag=aj.heiloang_aj.bone.tail_2] run data modify entity @s {} merge value {transformation:[-0.9139090981721989f,0.3844359219976313f,0.1303041908608813f,0.597016426930927f,0.2774329878059827f,0.8259015094332914f,-0.4908336113112626f,-0.22157216314355466f,-0.2963124998293579f,-0.4124266220719043f,-0.8614541101249881f,-1.5475544098202505f,0f,0f,0f,1f],start_interpolation:0}
execute if entity @s[tag=aj.heiloang_aj.bone.tail_1] run data modify entity @s {} merge value {transformation:[-0.902640477901115f,0.32892707168382573f,0.27757368241234587f,0.3856517513292636f,0.015663035517375117f,0.6696047146403811f,-0.7425524866632355f,0.3700307176161509f,-0.43011026141308f,-0.6659102849820511f,-0.6095643160342435f,-1.0824350516520227f,0f,0f,0f,1f],start_interpolation:0}
execute if entity @s[tag=aj.heiloang_aj.bone.tail_ring] run data modify entity @s {} merge value {transformation:[-0.7489947651716757f,0.6033326520124282f,0.2738549849118622f,0.4437191287756505f,0.2009808576428541f,0.6007252862946573f,-0.7737802176764047f,0.2774641917388476f,-0.631358485019857f,-0.5245177226956699f,-0.5711984085863502f,-1.1807884641233517f,0f,0f,0f,1f],start_interpolation:0}
execute if entity @s[tag=aj.heiloang_aj.bone.tail_0] run data modify entity @s {} merge value {transformation:[-0.7489947651716757f,0.6033326520124282f,0.2738549849118622f,0.04753804491423428f,0.2009808576428541f,0.6007252862946573f,-0.7737802176764047f,1.3447836390605818f,-0.631358485019857f,-0.5245177226956699f,-0.5711984085863502f,-0.3710292735776172f,0f,0f,0f,1f],start_interpolation:0}
execute if entity @s[tag=aj.heiloang_aj.bone.body_1] run data modify entity @s {} merge value {transformation:[-0.7563940945546704f,0.5956268682447632f,0.27036384290018467f,-0.003140410865077345f,0.03137753006711205f,0.44589047025018635f,-0.8945373883449225f,1.6906918749999997f,-0.6533631641971469f,-0.6681394482927967f,-0.35595821848257586f,-0.2910798540071709f,0f,0f,0f,1f],start_interpolation:0}