execute if entity @s[tag=aj.heiloang_aj.bone.head_lower] run data modify entity @s {} merge value {transformation:[-0.7911055427591164f,0.11804230212228176f,0.014766012511025814f,-0.46261015820535517f,0.10205786935110353f,0.6224207524261512f,0.4921144158148355f,0.5044516920924506f,0.06112455741612294f,0.4885267872480849f,-0.6305595662756593f,2.6576667824837434f,0f,0f,0f,1f],start_interpolation:0}
execute if entity @s[tag=aj.heiloang_aj.bone.horne_right] run data modify entity @s {} merge value {transformation:[-0.6631088861881516f,-0.4473279596543742f,-0.013575771424254354f,-0.73544008797868f,-0.4119671616716467f,0.6006480209263988f,0.330915416173692f,1.0483858458426956f,-0.17484182212078525f,0.2812821563282233f,-0.7282243375285041f,2.669347350112826f,0f,0f,0f,1f],start_interpolation:0}
execute if entity @s[tag=aj.heiloang_aj.bone.horne_left] run data modify entity @s {} merge value {transformation:[-0.5034194892141868f,0.6215983561026877f,-0.013575771424254354f,-0.0628421555248792f,0.5624570699030411f,0.46274942663895086f,0.330915416173692f,0.9616162453203874f,0.26497332393169853f,0.19869185145787563f,-0.7282243375285041f,2.6173792513976384f,0f,0f,0f,1f],start_interpolation:0}
execute if entity @s[tag=aj.heiloang_aj.bone.head_upper] run data modify entity @s {} merge value {transformation:[-1.1587916213949847f,0.17311458471109828f,-0.019885450587962174f,-0.4479950486147539f,0.14949181557876268f,1.0563446877376916f,0.4847166287258198f,0.7150845515945691f,0.08953372358920149f,0.4767906811680183f,-1.0666848040033148f,2.5035577459662f,0f,0f,0f,1f],start_interpolation:0}
execute if entity @s[tag=aj.heiloang_aj.bone.neck_0] run data modify entity @s {} merge value {transformation:[-0.9932011529687165f,0.05304013321521264f,-0.10362535408925982f,-0.4950349104352992f,-0.07434260115930019f,0.3960063174739992f,0.9152333987423924f,1.080696916671101f,0.08958039626213535f,0.9167146452354704f,-0.38937078962901706f,2.2764562080322728f,0f,0f,0f,1f],start_interpolation:0}
execute if entity @s[tag=aj.heiloang_aj.bone.neck_1] run data modify entity @s {} merge value {transformation:[-0.9934736665298916f,0.021195541351748184f,-0.11207507724048155f,-0.5356063795264041f,-0.060491127889842886f,0.735114172538422f,0.6752391996765038f,1.3359075040563728f,0.09670003804688102f,0.677611911317944f,-0.7290344301072307f,2.019282473912094f,0f,0f,0f,1f],start_interpolation:0}
execute if entity @s[tag=aj.heiloang_aj.bone.neck_2] run data modify entity @s {} merge value {transformation:[-0.9984112748975008f,-0.0362674577360723f,-0.04312305261584681f,-0.5520626615927783f,-0.05158816338609805f,0.8961701248794229f,0.44070145072605377f,1.4864704119479983f,0.02266247020949244f,0.4422259363526312f,-0.8966173284412042f,1.6370261009005693f,0f,0f,0f,1f],start_interpolation:0}
execute if entity @s[tag=aj.heiloang_aj.bone.neck_3] run data modify entity @s {} merge value {transformation:[-0.9839438206833117f,-0.014126529349380048f,0.17791851760754968f,-0.45964773716451435f,-0.01053402468230289f,0.9997214432444226f,0.021120375027000732f,1.4731907016245034f,-0.17816731480021664f,0.018907064442414856f,-0.9838185456937935f,1.1274421453047274f,0f,0f,0f,1f],start_interpolation:0}
execute if entity @s[tag=aj.heiloang_aj.bone.wing_right_2] run data modify entity @s {} merge value {transformation:[-2.1722490839866095f,-0.8843436878279191f,-0.18123511039326196f,-4.686097607077657f,-0.8774686700131602f,2.1794149118836126f,-0.11736857043385071f,2.5504592310968617f,0.21203456460133555f,-0.040778548027922974f,-2.3424249101638375f,0.8669054355286683f,0f,0f,0f,1f],start_interpolation:0}
execute if entity @s[tag=aj.heiloang_aj.bone.wing_right_1] run data modify entity @s {} merge value {transformation:[-2.9476113777671062f,1.559615631034782f,-0.2576917189004659f,-2.7523227430360944f,1.5737036140696672f,2.9466635452678234f,-0.1668821708683322f,1.5226661024083072f,0.14920748514054566f,-0.26831289071089687f,-3.3306101681158053f,0.8198892840179466f,0f,0f,0f,1f],start_interpolation:0}
execute if entity @s[tag=aj.heiloang_aj.bone.wing_right_0] run data modify entity @s {} merge value {transformation:[-2.21089191928536f,-0.10537056460912846f,-0.17103790618645878f,-0.697285454813268f,-0.09700276517141637f,2.2151121005505487f,-0.11076482087573511f,1.6120030125577025f,0.1759186880004321f,-0.10283689079551234f,-2.2106282340329675f,0.6385422157541649f,0f,0f,0f,1f],start_interpolation:0}
execute if entity @s[tag=aj.heiloang_aj.bone.wing_left_2] run data modify entity @s {} merge value {transformation:[-2.0117533074768312f,0.9887834115157526f,0.7132545136823925f,3.8451868580185695f,0.9850198588823209f,2.129145309564356f,-0.17335551531047869f,2.350907994526727f,-0.7184431179881178f,0.15041150950768087f,-2.23490310088472f,1.9348932174086086f,0f,0f,0f,1f],start_interpolation:0}
execute if entity @s[tag=aj.heiloang_aj.bone.wing_left_1] run data modify entity @s {} merge value {transformation:[-2.9170873855397113f,-1.2842575907706457f,1.0141510728550587f,1.9198876531856006f,-1.4154465146432886f,3.020426062773397f,-0.24648800458310166f,1.4279397821475646f,-0.8211766693040287f,-0.6441487504972492f,-3.1777287546176076f,1.445600759375174f,0f,0f,0f,1f],start_interpolation:0}
execute if entity @s[tag=aj.heiloang_aj.bone.wing_left_0] run data modify entity @s {} merge value {transformation:[-2.1027144794895283f,0.23215720301875065f,0.6731232062792004f,-0.030506232512865772f,0.19115487058973477f,2.2056958795992014f,-0.1636016569871068f,1.6044264827990107f,-0.6858947683099078f,-0.09699855568829761f,-2.109156145713133f,0.7907250201754807f,0f,0f,0f,1f],start_interpolation:0}
execute if entity @s[tag=aj.heiloang_aj.bone.kazari_right] run data modify entity @s {} merge value {transformation:[-2.5513560048738357f,0.5673929541742532f,-0.27480531382031986f,-1.9525488450418917f,0.005364710108679252f,-1.1259926155955218f,-2.374654088086526f,2.4968536748980257f,-0.630415692092068f,-2.3058785860782036f,1.0919570458522212f,-3.372353123369718f,0f,0f,0f,1f],start_interpolation:0}
execute if entity @s[tag=aj.heiloang_aj.bone.kazari_left] run data modify entity @s {} merge value {transformation:[-2.5513560048738357f,0.5673929541742532f,-0.27480531382031986f,2.973379007495738f,0.005364710108679252f,-1.1259926155955218f,-2.374654088086526f,2.4864959769152075f,-0.630415692092068f,-2.3058785860782036f,1.0919570458522212f,-2.1552034153631063f,0f,0f,0f,1f],start_interpolation:0}
execute if entity @s[tag=aj.heiloang_aj.bone.ring] run data modify entity @s {} merge value {transformation:[-2.106401433645791f,-0.6449203047897909f,-0.008779896857539441f,-0.22078253662605613f,0.03551438284421793f,-0.1459158610744547f,2.1978110873963033f,3.2662378997713004f,-0.6440015642296069f,2.101359714028222f,0.1499187223567365f,0.17013768670875531f,0f,0f,0f,1f],start_interpolation:0}
execute if entity @s[tag=aj.heiloang_aj.bone.body_0] run data modify entity @s {} merge value {transformation:[-1.1002010303745744f,0.03670448856528517f,0.24872243408980874f,-0.22200770416945378f,0.012501448108143099f,1.1230761556919102f,-0.11043567471226486f,1.4866036014611863f,-0.251105122400157f,-0.10490521899845888f,-1.0952595530142437f,0.08690531359586462f,0f,0f,0f,1f],start_interpolation:0}
execute if entity @s[tag=aj.heiloang_aj.bone.leg_right_3] run data modify entity @s {} merge value {transformation:[-0.9719133918698759f,-0.07353699767125277f,0.22355462123939848f,-0.5418026271286326f,0.14686288941574963f,0.552737402755509f,0.8203125351398401f,0.05893755542571988f,-0.18389032170413439f,0.8301046160386005f,-0.526413027968493f,-1.4188240134625465f,0f,0f,0f,1f],start_interpolation:0}
execute if entity @s[tag=aj.heiloang_aj.bone.leg_right_2] run data modify entity @s {} merge value {transformation:[-0.9719133918698759f,0.04570143040877722f,0.23085869696111613f,-0.5248990674147475f,0.14686288941574963f,0.8842931900460125f,0.44323452680347936f,0.5758401596423391f,-0.18389032170413439f,0.46469014762187355f,-0.8661682378653186f,-1.0953430744205885f,0f,0f,0f,1f],start_interpolation:0}
execute if entity @s[tag=aj.heiloang_aj.bone.leg_right_1] run data modify entity @s {} merge value {transformation:[-0.9688940975763759f,-0.05563725808885925f,0.24114046361822722f,-0.6992315393899735f,0.03149429226668487f,0.9387568011485415f,0.3431381323198842f,0.40418684821034856f,-0.24546351508173364f,0.3400590592966337f,-0.9078036676253339f,-0.42924162345966216f,0f,0f,0f,1f],start_interpolation:0}
execute if entity @s[tag=aj.heiloang_aj.bone.leg_right_0] run data modify entity @s {} merge value {transformation:[-0.8170505791726359f,0.539336618085906f,0.2038243446336026f,-0.2619915421277422f,0.47781838983217007f,0.831236616943346f,-0.284139530848443f,0.9750356712880934f,-0.3226731123162456f,-0.1347653480841361f,-0.936867313734399f,-0.5792060942288435f,0f,0f,0f,1f],start_interpolation:0}
execute if entity @s[tag=aj.heiloang_aj.bone.leg_left_3] run data modify entity @s {} merge value {transformation:[-0.8496397600591044f,-0.4483583459073283f,0.2776455866423094f,0.9387633644264661f,-0.18631242429280703f,0.7477285574330044f,0.637330122427377f,-0.1300433629529354f,-0.49335581346614793f,0.48977218995610894f,-0.7188346425046251f,-0.4941856546088147f,0f,0f,0f,1f],start_interpolation:0}
execute if entity @s[tag=aj.heiloang_aj.bone.leg_left_2] run data modify entity @s {} merge value {transformation:[-0.8496397600591044f,-0.2844237527146902f,0.44408941331493185f,0.7448302538498626f,-0.18631242429280703f,0.9496809449693187f,0.2517812211351733f,0.4356593404525345f,-0.49335581346614793f,0.1311839611152017f,-0.859878369111167f,-0.3738347074491995f,0f,0f,0f,1f],start_interpolation:0}
execute if entity @s[tag=aj.heiloang_aj.bone.leg_left_1] run data modify entity @s {} merge value {transformation:[-0.8814030756149567f,-0.1272918215699939f,0.45489054777813054f,0.41429028995955164f,-0.061921833802838305f,0.9858325175381715f,0.15588436054602955f,0.3996717656487747f,-0.46828869812860996f,0.10922929792754188f,-0.8767979560190977f,0.25305925472777674f,0f,0f,0f,1f],start_interpolation:0}
execute if entity @s[tag=aj.heiloang_aj.bone.leg_left_0] run data modify entity @s {} merge value {transformation:[-0.8962749040862723f,-0.06053649682952217f,0.4393479587488174f,0.36733354655490336f,-0.28747898148530715f,0.8336385710859555f,-0.471595767582722f,0.9665081356925345f,-0.33770864885180785f,-0.5489827550564548f,-0.7645723007939214f,-0.2117290092727755f,0f,0f,0f,1f],start_interpolation:0}
execute if entity @s[tag=aj.heiloang_aj.bone.tail_4] run data modify entity @s {} merge value {transformation:[-0.8734609106983657f,0.21316432855607537f,-1.2947900873117975f,-0.4909007691366234f,-0.07796589603572109f,1.5442260373820427f,0.3068250775513235f,-0.4006012814589614f,1.3099014162237563f,0.23405400699468026f,-0.8451221008069809f,-3.902042773245256f,0f,0f,0f,1f],start_interpolation:0}
execute if entity @s[tag=aj.heiloang_aj.bone.tail_3] run data modify entity @s {} merge value {transformation:[-0.826062480936996f,0.06939636539821038f,-0.559289658457702f,0.2546779421166796f,0.06669444838015f,0.9974537298828504f,0.025256826761432705f,-0.46038602654674154f,0.5596182878922761f,-0.016437798280414112f,-0.8285874550367086f,-2.7943557587954824f,0f,0f,0f,1f],start_interpolation:0}
execute if entity @s[tag=aj.heiloang_aj.bone.tail_2] run data modify entity @s {} merge value {transformation:[-0.9644054522151718f,0.11223976121402597f,-0.23942506080247344f,0.44419838516239657f,0.15788118346866728f,0.9707523368039311f,-0.180868550323819f,-0.30103030644978346f,0.212121794363952f,-0.21223132801809752f,-0.953919392697041f,-2.05131434067659f,0f,0f,0f,1f],start_interpolation:0}
execute if entity @s[tag=aj.heiloang_aj.bone.tail_1] run data modify entity @s {} merge value {transformation:[-0.989333314475589f,0.14304641253214145f,0.02751938826408623f,0.42510825392487167f,0.10981598773825121f,0.8565221349327249f,-0.5042918611353537f,0.10753212203833684f,-0.09570810679256689f,-0.4958906696359301f,-0.8630946657593308f,-1.3851932399183071f,0f,0f,0f,1f],start_interpolation:0}
execute if entity @s[tag=aj.heiloang_aj.bone.tail_ring] run data modify entity @s {} merge value {transformation:[-0.9095684906220561f,0.3382145596644985f,0.24144579619132692f,0.4702955502490312f,0.09122883657966908f,0.7293663765774135f,-0.6780132654267573f,0.03271782886656949f,-0.40541640352091624f,-0.5946726833723606f,-0.6942635950464935f,-1.5034078987782449f,0f,0f,0f,1f],start_interpolation:0}
execute if entity @s[tag=aj.heiloang_aj.bone.tail_0] run data modify entity @s {} merge value {transformation:[-0.9095684906220561f,0.3382145596644985f,0.24144579619132692f,0.1253775368055477f,0.09122883657966908f,0.7293663765774135f,-0.6780132654267573f,0.9633536143544694f,-0.40541640352091624f,-0.5946726833723606f,-0.6942635950464935f,-0.5201537102361455f,0f,0f,0f,1f],start_interpolation:0}
execute if entity @s[tag=aj.heiloang_aj.bone.body_1] run data modify entity @s {} merge value {transformation:[-0.8634982616257634f,0.27317957533374604f,0.4239618753965488f,-0.0017534254585988634f,0.011700649306912076f,0.8512317423368646f,-0.5246595235425946f,1.2079082149328488f,-0.5042160717143804f,-0.4480819573009159f,-0.7382335081573436f,-0.2907120204099758f,0f,0f,0f,1f],start_interpolation:0}