execute if entity @s[tag=aj.heiloang_aj.bone.head_lower] run data modify entity @s {} merge value {transformation:[-0.5624304133928992f,-0.33165986943742926f,0.4622485923130976f,-0.20084972578496077f,0.46933147398604746f,0.09690370297301171f,0.6405760219335425f,1.0717728492763956f,-0.3215587001105345f,0.7215340625049282f,0.12644603207834404f,2.368732384837804f,0f,0f,0f,1f],start_interpolation:0}
execute if entity @s[tag=aj.heiloang_aj.bone.horne_right] run data modify entity @s {} merge value {transformation:[-0.5336286686137861f,-0.250148814838857f,0.5409861499781614f,-0.1917489446402264f,-0.041468828107783795f,0.7399537404461387f,0.3012454120731723f,1.6798072991513084f,-0.5945761350145543f,0.17289890813560285f,-0.5065423844424778f,2.394193205800953f,0f,0f,0f,1f],start_interpolation:0}
execute if entity @s[tag=aj.heiloang_aj.bone.horne_left] run data modify entity @s {} merge value {transformation:[-0.29570572604088174f,0.5097961446680838f,0.5409861499781614f,0.2864293928264165f,0.7335237465509901f,0.10580224454454351f,0.3012454120731723f,1.280781679968371f,0.12042025092331377f,0.6073827260721985f,-0.5065423844424778f,2.6675824126349292f,0f,0f,0f,1f],start_interpolation:0}
execute if entity @s[tag=aj.heiloang_aj.bone.head_upper] run data modify entity @s {} merge value {transformation:[-0.8238340087775841f,0.2579252735450305f,0.7924229878342615f,-0.019221387062500535f,0.6874650098079127f,0.8401466863708669f,0.441256748469481f,1.2504149272146754f,-0.4710111449544082f,0.7751065804434731f,-0.7419706211717305f,2.3101870807599973f,0f,0f,0f,1f],start_interpolation:0}
execute if entity @s[tag=aj.heiloang_aj.bone.neck_0] run data modify entity @s {} merge value {transformation:[-0.8507216932959991f,0.524862011605174f,0.028150831770281964f,-0.04107782549625892f,0.20200447231238175f,0.2770348953117044f,0.9393858951173522f,1.6339803064406266f,0.4852492078524027f,0.804842553269522f,-0.34170406893277105f,2.110537000401512f,0f,0f,0f,1f],start_interpolation:0}
execute if entity @s[tag=aj.heiloang_aj.bone.neck_1] run data modify entity @s {} merge value {transformation:[-0.8175306885480319f,0.5569274326889921f,-0.14654490097109932f,-0.08752023616034518f,0.25116374427194077f,0.5738083723888324f,0.779525961940831f,1.9251753066850197f,0.518228083806233f,0.6004796303746925f,-0.608985933055594f,1.8961415903213552f,0f,0f,0f,1f],start_interpolation:0}
execute if entity @s[tag=aj.heiloang_aj.bone.neck_2] run data modify entity @s {} merge value {transformation:[-0.8810632897019044f,0.2965131718952936f,-0.368520580744482f,-0.2484783953930649f,-0.023512453109913276f,0.7506972021361249f,0.6602278964522386f,2.170576087006736f,0.47241363664527314f,0.5903673852759704f,-0.6544399944334099f,1.6081644017211758f,0f,0f,0f,1f],start_interpolation:0}
execute if entity @s[tag=aj.heiloang_aj.bone.neck_3] run data modify entity @s {} merge value {transformation:[-0.9927535163309888f,0.00564505613657388f,-0.1200357828052614f,-0.310733615085455f,-0.02427672988160151f,0.9688781770620245f,0.2463447145753764f,2.274596880644215f,0.11769068016930086f,0.24747365789954878f,-0.9617201736716894f,1.1044813278779666f,0f,0f,0f,1f],start_interpolation:0}
execute if entity @s[tag=aj.heiloang_aj.bone.wing_right_2] run data modify entity @s {} merge value {transformation:[1.3032584119320183f,-1.9369042539880181f,-0.2889557560121605f,-2.630248718562479f,-1.8831167226523104f,-1.3347567035880121f,0.45373115103009165f,-1.1312446231180668f,-0.5375545804071082f,-0.02006139155166291f,-2.290023716028582f,0.16442658239959362f,0f,0f,0f,1f],start_interpolation:0}
execute if entity @s[tag=aj.heiloang_aj.bone.wing_right_1] run data modify entity @s {} merge value {transformation:[-0.7285336080556098f,-3.2384649179509246f,-0.41085585067586133f,-2.1470137814016663f,-3.218477983162041f,0.6421894961441739f,0.645144089210532f,0.9661355343169464f,-0.5457627934686193f,0.5358697594968409f,-3.256102785082517f,0.5712864223768445f,0f,0f,0f,1f],start_interpolation:0}
execute if entity @s[tag=aj.heiloang_aj.bone.wing_right_0] run data modify entity @s {} merge value {transformation:[-1.6621806352002682f,-1.4460952704782917f,-0.2726976433076547f,-0.6031621034675926f,-1.4693302083372548f,1.6081392466482065f,0.4282019409780105f,2.3362304360094455f,-0.0813896481920782f,0.501095432118528f,-2.1611753961853983f,0.629664976362933f,0f,0f,0f,1f],start_interpolation:0}
execute if entity @s[tag=aj.heiloang_aj.bone.wing_left_2] run data modify entity @s {} merge value {transformation:[1.1514534946498738f,1.9267249906970574f,0.7038903793937127f,2.3816342195738898f,2.019148790599074f,-1.2069025738564285f,0.0005873346823799443f,-0.9059996095883556f,0.36161999032395187f,0.6038981650602686f,-2.244574346096817f,1.3880108039334889f,0f,0f,0f,1f],start_interpolation:0}
execute if entity @s[tag=aj.heiloang_aj.bone.wing_left_1] run data modify entity @s {} merge value {transformation:[-0.996113108085486f,3.032046117439056f,1.000836545357442f,1.7142340587213192f,3.1777219151086666f,1.043696079196001f,0.0008351101701206239f,1.174499482338798f,-0.3115459501235328f,0.9511117751839904f,-3.191479952148843f,1.232591974747637f,0f,0f,0f,1f],start_interpolation:0}
execute if entity @s[tag=aj.heiloang_aj.bone.wing_left_0] run data modify entity @s {} merge value {transformation:[-1.7662116596721482f,1.1694531011414546f,0.6642859455601859f,0.07675939735020831f,1.225753321523569f,1.8509263863099632f,0.0005542882617334688f,2.3146091140746696f,-0.553556833588109f,0.3672205831542869f,-2.118283237741292f,0.700734042908878f,0f,0f,0f,1f],start_interpolation:0}
execute if entity @s[tag=aj.heiloang_aj.bone.kazari_right] run data modify entity @s {} merge value {transformation:[-2.5868538326611166f,0.28126087505869335f,-0.36871365199021616f,-2.1471886851991324f,0.06226336932390951f,-1.859981112501819f,-1.855657221184232f,2.362849402031746f,-0.4595440238357783f,-1.8352745761476599f,1.8241317685022398f,-3.1766488441463325f,0f,0f,0f,1f],start_interpolation:0}
execute if entity @s[tag=aj.heiloang_aj.bone.kazari_left] run data modify entity @s {} merge value {transformation:[-2.5868538326611166f,0.28126087505869335f,-0.36871365199021616f,2.847275168691471f,0.06226336932390951f,-1.859981112501819f,-1.855657221184232f,2.2426369093182292f,-0.4595440238357783f,-1.8352745761476599f,1.8241317685022398f,-2.289402727902427f,0f,0f,0f,1f],start_interpolation:0}
execute if entity @s[tag=aj.heiloang_aj.bone.ring] run data modify entity @s {} merge value {transformation:[-1.9988445822307375f,-0.8836700674695968f,0.27690040398875576f,-0.128756506427839f,-0.027757639852456575f,0.7155909103868818f,2.083287173719823f,3.9283802352619084f,-0.9256220261535913f,1.8867917602676731f,-0.6604294086951068f,-0.13337320979961614f,0f,0f,0f,1f],start_interpolation:0}
execute if entity @s[tag=aj.heiloang_aj.bone.body_0] run data modify entity @s {} merge value {transformation:[-1.1218860917603017f,0.06774579755421616f,0.10214930232856632f,-0.20763796527616885f,0.03567567775827222f,1.0802770269625857f,-0.32462465551932174f,2.0821963853953f,-0.11726559200787609f,-0.31947523827097063f,-1.076028219425691f,0.05962587102040978f,0f,0f,0f,1f],start_interpolation:0}
execute if entity @s[tag=aj.heiloang_aj.bone.leg_right_3] run data modify entity @s {} merge value {transformation:[-0.8941662112673466f,-0.1664534699259279f,0.4156441133679353f,-0.48349183098804727f,0.21940749211965246f,0.6463226675740594f,0.7308401752652328f,0.4885602035195039f,-0.3902910952475903f,0.7446880230872321f,-0.5413987525298396f,-1.2318829303351844f,0f,0f,0f,1f],start_interpolation:0}
execute if entity @s[tag=aj.heiloang_aj.bone.leg_right_2] run data modify entity @s {} merge value {transformation:[-0.8941662112673466f,0.11130171096584465f,0.43368043045988874f,-0.43625982797587576f,0.21940749211965246f,0.9532628128857502f,0.207726652047617f,1.0585197274581895f,-0.3902910952475903f,0.28089488906924376f,-0.8767958270117473f,-1.0196820126570654f,0f,0f,0f,1f],start_interpolation:0}
execute if entity @s[tag=aj.heiloang_aj.bone.leg_right_1] run data modify entity @s {} merge value {transformation:[-0.8952369087424801f,0.0077446433458970565f,0.445523173050127f,-0.7500523779336857f,0.09649020390012217f,0.9794946465989824f,0.17686118238677317f,1.0072545042638907f,-0.43501783615907236f,0.201321280006311f,-0.8776270417666603f,-0.3852894484157853f,0f,0f,0f,1f],start_interpolation:0}
execute if entity @s[tag=aj.heiloang_aj.bone.leg_right_0] run data modify entity @s {} merge value {transformation:[-0.7375297758093575f,0.586785738597421f,0.33426385801231623f,-0.2722255104270543f,0.41017879457472944f,0.7824526198378993f,-0.4685309532891394f,1.5324751813286692f,-0.536472912900382f,-0.20844758258969304f,-0.8177691722220227f,-0.5733353512709627f,0f,0f,0f,1f],start_interpolation:0}
execute if entity @s[tag=aj.heiloang_aj.bone.leg_left_3] run data modify entity @s {} merge value {transformation:[-0.8505523844945653f,-0.4490920480084311f,0.27363657220152815f,0.9969985166521057f,-0.26332213879917543f,0.8140952753828423f,0.5176005543056938f,0.4515181232561446f,-0.45521653358466346f,0.36819181823463526f,-0.8106865562819182f,-0.49577809211816765f,0f,0f,0f,1f],start_interpolation:0}
execute if entity @s[tag=aj.heiloang_aj.bone.leg_left_2] run data modify entity @s {} merge value {transformation:[-0.8505523844945653f,-0.33708049134496015f,0.40365503042232653f,0.7729479935010289f,-0.26332213879917543f,0.937393387445756f,0.2279365885311053f,1.0108726563235484f,-0.45521653358466346f,0.087580702940835f,-0.8860629368298574f,-0.40071064283574476f,0f,0f,0f,1f],start_interpolation:0}
execute if entity @s[tag=aj.heiloang_aj.bone.leg_left_1] run data modify entity @s {} merge value {transformation:[-0.8947517432030471f,-0.23217455163167575f,0.381463360769732f,0.48634655504291496f,-0.14463865475244791f,0.9588439986289984f,0.24433142623198395f,0.9104481935328318f,-0.42249139350584475f,0.16344162220127267f,-0.8915087540488347f,0.24063353608049695f,0f,0f,0f,1f],start_interpolation:0}
execute if entity @s[tag=aj.heiloang_aj.bone.leg_left_0] run data modify entity @s {} merge value {transformation:[-0.8737753150250166f,-0.19608139743508676f,0.44504919327287457f,0.3415653325312692f,-0.37757416170291963f,0.8502851066801334f,-0.36667831920130134f,1.4932666227795637f,-0.30651990354179365f,-0.4884335399395269f,-0.8169934062126034f,-0.1823293614017862f,0f,0f,0f,1f],start_interpolation:0}
execute if entity @s[tag=aj.heiloang_aj.bone.tail_4] run data modify entity @s {} merge value {transformation:[-1.3691006691038037f,-0.026962495318178504f,-0.7808269625169264f,-0.46937597660810604f,0.7788487278515127f,-0.17160204116262479f,-1.3597064985799598f,-1.4533027014553366f,-0.061744478872785426f,-1.5667418826988417f,0.16236334565932653f,-3.187032990689226f,0f,0f,0f,1f],start_interpolation:0}
execute if entity @s[tag=aj.heiloang_aj.bone.tail_3] run data modify entity @s {} merge value {transformation:[-0.9633237279065462f,0.05036841301281765f,-0.2635724155195399f,-0.11847350188066896f,0.258884283735156f,0.4329169672740403f,-0.8634592214350267f,-0.310744007513134f,0.07061390009884697f,-0.9000255120921946f,-0.4300787773141247f,-2.5888194531232087f,0f,0f,0f,1f],start_interpolation:0}
execute if entity @s[tag=aj.heiloang_aj.bone.tail_2] run data modify entity @s {} merge value {transformation:[-0.9342561197388206f,0.18227952341245965f,-0.3064958043352132f,0.12484295980654855f,0.3479577242451426f,0.6540767556738334f,-0.6716464991536348f,0.22710518365032295f,0.0780443775598467f,-0.734137434702603f,-0.6745007799102809f,-2.0740980333854755f,0f,0f,0f,1f],start_interpolation:0}
execute if entity @s[tag=aj.heiloang_aj.bone.tail_1] run data modify entity @s {} merge value {transformation:[-0.9755232668802921f,0.21721304163303645f,-0.034246902337689664f,0.15527487844111187f,0.17481067891938332f,0.6715674149681603f,-0.7200266895669403f,0.8011376253427679f,-0.13340008362421193f,-0.7083895126958807f,-0.6931007978581079f,-1.544413536565876f,0f,0f,0f,1f],start_interpolation:0}
execute if entity @s[tag=aj.heiloang_aj.bone.tail_ring] run data modify entity @s {} merge value {transformation:[-0.9272344714128571f,0.372515744662566f,0.03831781572863152f,0.17233501176564364f,0.29308046225643736f,0.7855673553276079f,-0.5449658456152466f,0.7471863176095005f,-0.23310958295890027f,-0.49408091465070947f,-0.8375822181198964f,-1.6801043027442326f,0f,0f,0f,1f],start_interpolation:0}
execute if entity @s[tag=aj.heiloang_aj.bone.tail_0] run data modify entity @s {} merge value {transformation:[-0.9272344714128571f,0.372515744662566f,0.03831781572863152f,0.11039139607898678f,0.29308046225643736f,0.7855673553276079f,-0.5449658456152466f,1.490698230996617f,-0.23310958295890027f,-0.49408091465070947f,-0.8375822181198964f,-0.4989213263848733f,0f,0f,0f,1f],start_interpolation:0}
execute if entity @s[tag=aj.heiloang_aj.bone.body_1] run data modify entity @s {} merge value {transformation:[-0.8421836907944965f,0.36337199936496245f,0.39835589745511424f,-0.0014311190301880999f,0.05379814464234368f,0.7917459088717689f,-0.6084769308838733f,1.7603919209464782f,-0.5365001310277578f,-0.49101853922466726f,-0.6863442310858834f,-0.29065764261731547f,0f,0f,0f,1f],start_interpolation:0}