execute if entity @s[tag=aj.heiloang_aj.bone.head_lower] run data modify entity @s {} merge value {transformation:[-0.685228496096097f,0.0456950082465041f,0.410333857193424f,0.41531379163501797f,0.3608627791260187f,-0.32001806279315165f,0.638252688304221f,0.7148446617007217f,0.20059900991612004f,0.7317789322653874f,0.2534948352791471f,2.2621218225468214f,0f,0f,0f,1f],start_interpolation:0}
execute if entity @s[tag=aj.heiloang_aj.bone.horne_right] run data modify entity @s {} merge value {transformation:[-0.7835037052875137f,-0.1592222173564275f,-0.027753005257805864f,0.35060163395246946f,-0.15530035500425005f,0.7036250761343927f,0.3475536677556782f,1.3179370120075697f,-0.044763193991170264f,0.3457745475522641f,-0.7200251514556528f,2.3124102258390433f,0f,0f,0f,1f],start_interpolation:0}
execute if entity @s[tag=aj.heiloang_aj.bone.horne_left] run data modify entity @s {} merge value {transformation:[-0.22690317612876043f,0.76664510652703f,-0.027753005257805864f,0.9331829013333711f,0.6874122525001123f,0.2160343563933706f,0.3475536677556782f,1.0111314771946287f,0.34055740158657966f,0.07472909403880926f,-0.7200251514556528f,2.1418609476083583f,0f,0f,0f,1f],start_interpolation:0}
execute if entity @s[tag=aj.heiloang_aj.bone.head_upper] run data modify entity @s {} merge value {transformation:[-1.0037055703691606f,0.6033942846625228f,-0.04065190827650259f,0.4734775496612897f,0.5285827772943141f,0.913559984841756f,0.5090879236868235f,0.9146512894876982f,0.29383241474988475f,0.4177147396639647f,-1.054674841223454f,2.1039330529978804f,0f,0f,0f,1f],start_interpolation:0}
execute if entity @s[tag=aj.heiloang_aj.bone.neck_0] run data modify entity @s {} merge value {transformation:[-0.4506372825233404f,0.8903460397633253f,-0.06488427450270468f,0.38740305246690354f,0.470037648459733f,0.29843832706457163f,0.8306618890796331f,1.2500652563624794f,0.7589404776597594f,0.3438291645812829f,-0.5529835955549796f,1.844031320824039f,0f,0f,0f,1f],start_interpolation:0}
execute if entity @s[tag=aj.heiloang_aj.bone.neck_1] run data modify entity @s {} merge value {transformation:[-0.32617804183173027f,0.9042566742395581f,-0.27554990858287676f,0.29829229904137033f,0.5640872410304981f,0.4200924843885163f,0.7108641846843076f,1.514323251102337f,0.7585601291482562f,0.07643410006991584f,-0.6471045965012789f,1.6092041431399693f,0f,0f,0f,1f],start_interpolation:0}
execute if entity @s[tag=aj.heiloang_aj.bone.neck_2] run data modify entity @s {} merge value {transformation:[-0.5650905032963025f,0.6756296226182479f,-0.47349481108567126f,0.0816088359166124f,0.12646235408261483f,0.6380639399249383f,0.7595272750647921f,1.804192093811964f,0.8152790909156294f,0.36932238167783554f,-0.44600558551165714f,1.414052243342403f,0f,0f,0f,1f],start_interpolation:0}
execute if entity @s[tag=aj.heiloang_aj.bone.neck_3] run data modify entity @s {} merge value {transformation:[-0.9016391917746461f,0.26349733403141384f,-0.3429517791385554f,-0.10224962710282827f,0.15081546348441374f,0.9347562816524994f,0.32169145137099137f,1.9480311280908846f,0.40534116967061784f,0.23832718869136799f,-0.882552370854288f,0.9515600006421616f,0f,0f,0f,1f],start_interpolation:0}
execute if entity @s[tag=aj.heiloang_aj.bone.wing_right_2] run data modify entity @s {} merge value {transformation:[-0.8137816308431214f,1.6385478464883578f,-1.478680634346607f,-3.4153621288876366f,1.9922601800190425f,1.2235859542360545f,0.25944709292598744f,3.3829029959070978f,0.9498604311865041f,-1.1625723090137745f,-1.8110126432196922f,3.1040024614692086f,0f,0f,0f,1f],start_interpolation:0}
execute if entity @s[tag=aj.heiloang_aj.bone.wing_right_1] run data modify entity @s {} merge value {transformation:[-2.133620876231269f,1.4881013400820835f,-2.1024830869845355f,-1.9864544287120314f,1.649493810776201f,2.886226396082046f,0.368898538449602f,2.297337167462747f,1.9783960416511965f,-0.801542491141395f,-2.5750140796068908f,1.8478877870966626f,0f,0f,0f,1f],start_interpolation:0}
execute if entity @s[tag=aj.heiloang_aj.bone.wing_right_0] run data modify entity @s {} merge value {transformation:[-1.6571091384166023f,0.484786210135144f,-1.3954825809873048f,-0.45632017960014315f,0.4270969254643477f,2.164725627640983f,0.2448492868955391f,1.9020458821646786f,1.4142056143415245f,-0.08570465271592075f,-1.7091159097228468f,0.51879784351446f,0f,0f,0f,1f],start_interpolation:0}
execute if entity @s[tag=aj.heiloang_aj.bone.wing_left_2] run data modify entity @s {} merge value {transformation:[-1.4391650091559924f,-1.7031684496652226f,0.749397968243178f,3.98209692318254f,-1.8107349452065902f,1.5000551279565038f,-0.0681878113748653f,3.243781639299244f,-0.4285079240220979f,-0.6185691970001167f,-2.228750572382184f,1.6990071337168593f,0f,0f,0f,1f],start_interpolation:0}
execute if entity @s[tag=aj.heiloang_aj.bone.wing_left_1] run data modify entity @s {} merge value {transformation:[-2.7766323721943915f,-1.5304088841788674f,1.0655421576871285f,2.1479742705435965f,-1.6423106806645387f,2.912152873725623f,-0.09695380924326162f,2.1700063215191014f,-0.8833725549038343f,-0.6036829136044786f,-3.168980694476488f,1.1688608136465506f,0f,0f,0f,1f],start_interpolation:0}
execute if entity @s[tag=aj.heiloang_aj.bone.wing_left_0] run data modify entity @s {} merge value {transformation:[-2.076597130899869f,-0.3405374764142419f,0.7072330472311443f,0.22214623921188947f,-0.3804296644936679f,2.1862141228252217f,-0.06435122013437282f,1.8156429089959083f,-0.6865985918363549f,-0.18138918467473975f,-2.1033497895907303f,0.5133769738220288f,0f,0f,0f,1f],start_interpolation:0}
execute if entity @s[tag=aj.heiloang_aj.bone.kazari_right] run data modify entity @s {} merge value {transformation:[-2.5748348737322138f,-0.0865732206656403f,-0.519230814794581f,-2.271927332720896f,0.2908621959299755f,-2.3946192760630036f,-1.043104929641567f,1.0327702906866332f,-0.43874223018471625f,-1.0794321603173234f,2.355674352554162f,-2.9728859015339633f,0f,0f,0f,1f],start_interpolation:0}
execute if entity @s[tag=aj.heiloang_aj.bone.kazari_left] run data modify entity @s {} merge value {transformation:[-2.5748348737322138f,-0.0865732206656403f,-0.519230814794581f,2.699331400271922f,0.2908621959299755f,-2.3946192760630036f,-1.043104929641567f,0.47119982014284356f,-0.43874223018471625f,-1.0794321603173234f,2.355674352554162f,-2.1258020106058364f,0f,0f,0f,1f],start_interpolation:0}
execute if entity @s[tag=aj.heiloang_aj.bone.ring] run data modify entity @s {} merge value {transformation:[-1.9042177312684856f,-0.9419738501250352f,0.5827232476805334f,0.05658171385310837f,-0.29050616875816254f,1.5431003537621886f,1.545112859928521f,3.2986547438162055f,-1.0688719678334653f,1.258750511294298f,-1.4580761819878238f,-0.6969144036793455f,0f,0f,0f,1f],start_interpolation:0}
execute if entity @s[tag=aj.heiloang_aj.bone.body_0] run data modify entity @s {} merge value {transformation:[-1.1194851730326565f,0.11168148992261227f,-0.08906496565082436f,-0.17431685810490177f,0.14256689010156406f,0.9175841372541077f,-0.64137852228156f,1.440887715669422f,0.00894455949086587f,-0.6474712131098759f,-0.9243123925314505f,0.015087116485952234f,0f,0f,0f,1f],start_interpolation:0}
execute if entity @s[tag=aj.heiloang_aj.bone.leg_right_3] run data modify entity @s {} merge value {transformation:[-0.7783136993575146f,-0.2258078125738215f,0.5858656989217299f,-0.5127465581550179f,0.2280424405790163f,0.767710591498143f,0.5988464686347725f,-0.3088600181394376f,-0.5849995134076493f,0.5996926541839559f,-0.546025905823722f,-0.948990707779085f,0f,0f,0f,1f],start_interpolation:0}
execute if entity @s[tag=aj.heiloang_aj.bone.leg_right_2] run data modify entity @s {} merge value {transformation:[-0.7783136993575146f,0.23170878593875188f,0.5835570442649208f,-0.39935565745265755f,0.2280424405790163f,0.9702670862772013f,-0.08110750015822443f,0.2850677123998478f,-0.5849995134076493f,0.0699486940974616f,-0.8080116023343189f,-0.8683290376082269f,0f,0f,0f,1f],start_interpolation:0}
execute if entity @s[tag=aj.heiloang_aj.bone.leg_right_1] run data modify entity @s {} merge value {transformation:[-0.7879876028206596f,0.10258520477268568f,0.6070846840126154f,-0.820030736391327f,0.09956484323453292f,0.9942751336969584f,-0.03877886671344222f,0.38707391561973553f,-0.6075873433446696f,0.02988702517217473f,-0.7936903589774318f,-0.3060346080186923f,0f,0f,0f,1f],start_interpolation:0}
execute if entity @s[tag=aj.heiloang_aj.bone.leg_right_0] run data modify entity @s {} merge value {transformation:[-0.6423217937426525f,0.6543591274245292f,0.39904491681943577f,-0.29190810097282094f,0.2834809215456383f,0.6865625964119033f,-0.6695299607394594f,0.8332657345480201f,-0.7120823550705755f,-0.316932064588541f,-0.6264924469080119f,-0.554098872249323f,0f,0f,0f,1f],start_interpolation:0}
execute if entity @s[tag=aj.heiloang_aj.bone.leg_left_3] run data modify entity @s {} merge value {transformation:[-0.8712391474878353f,-0.417929105997867f,0.25744438281790927f,0.9827109566533836f,-0.32344132967648603f,0.8833045074095505f,0.33935063495900264f,-0.2511653364002695f,-0.3692262912385535f,0.21238740440477022f,-0.904745011762114f,-0.4679652065198975f,0f,0f,0f,1f],start_interpolation:0}
execute if entity @s[tag=aj.heiloang_aj.bone.leg_left_2] run data modify entity @s {} merge value {transformation:[-0.8712391474878353f,-0.35398835198970724f,0.3400508705183412f,0.7513780220973645f,-0.32344132967648603f,0.9351107528110834f,0.1447535361716456f,0.3107253024011809f,-0.3692262912385535f,0.016128441731935284f,-0.9291995583433748f,-0.41431882810169207f,0f,0f,0f,1f],start_interpolation:0}
execute if entity @s[tag=aj.heiloang_aj.bone.leg_left_1] run data modify entity @s {} merge value {transformation:[-0.9200347520976532f,-0.2801774266770304f,0.27392821051006666f,0.537052781461198f,-0.20787989904858428f,0.9416055792326062f,0.264886543126635f,0.1945024269298522f,-0.33214756134007734f,0.18676065629212607f,-0.9245531108363512f,0.2520930171758645f,0f,0f,0f,1f],start_interpolation:0}
execute if entity @s[tag=aj.heiloang_aj.bone.leg_left_0] run data modify entity @s {} merge value {transformation:[-0.8698623675972027f,-0.3083707610734189f,0.3850284861580888f,0.3063345565241769f,-0.4398245942409389f,0.8382614790959821f,-0.3222918226772283f,0.7692825181585694f,-0.22336917365425013f,-0.4496945256269158f,-0.86480115973685f,-0.14279112268951566f,0f,0f,0f,1f],start_interpolation:0}
execute if entity @s[tag=aj.heiloang_aj.bone.tail_4] run data modify entity @s {} merge value {transformation:[-0.08061181669186335f,1.2504813973498716f,0.9563745989826495f,1.7620031974533212f,-0.2692237594258749f,0.9325701108443247f,-1.2420490809175277f,-1.622616485905655f,-1.5510882199468574f,-0.22685596075349135f,0.16587968742547793f,-3.073986961609613f,0f,0f,0f,1f],start_interpolation:0}
execute if entity @s[tag=aj.heiloang_aj.bone.tail_3] run data modify entity @s {} merge value {transformation:[-0.41337414311614035f,0.651413165895668f,0.6362253571658234f,0.8948006445356111f,-0.04296986617530016f,0.6839838523945703f,-0.7282305131373987f,-0.6673194651373846f,-0.9095468148500514f,-0.32837018281394736f,-0.2547501023255169f,-2.724988843098534f,0f,0f,0f,1f],start_interpolation:0}
execute if entity @s[tag=aj.heiloang_aj.bone.tail_2] run data modify entity @s {} merge value {transformation:[-0.7004580354086203f,0.525421723886921f,0.48300160734638575f,0.5262098408788052f,0.2616133124535049f,0.8186842076766659f,-0.5111894392961714f,-0.2521007736942298f,-0.6640158246447149f,-0.2317070999527753f,-0.7109112493503489f,-2.172578623573348f,0f,0f,0f,1f],start_interpolation:0}
execute if entity @s[tag=aj.heiloang_aj.bone.tail_1] run data modify entity @s {} merge value {transformation:[-0.9027338208396191f,0.3334485553538533f,0.27181558020969093f,0.3194214015831296f,0.17942056654817506f,0.8660853639611092f,-0.46658804381583185f,0.1271581745353112f,-0.3909986048719797f,-0.3724355021541058f,-0.8416720784981433f,-1.5211139633501825f,0f,0f,0f,1f],start_interpolation:0}
execute if entity @s[tag=aj.heiloang_aj.bone.tail_ring] run data modify entity @s {} merge value {transformation:[-0.8748844209431172f,0.4444178017357752f,0.19253588624297452f,0.36087387057622694f,0.30355367005481776f,0.8129068249860947f,-0.4970288354686051f,0.08094370833915021f,-0.37740219843991f,-0.37639781002467076f,-0.8461041716132564f,-1.6543794566702097f,0f,0f,0f,1f],start_interpolation:0}
execute if entity @s[tag=aj.heiloang_aj.bone.tail_0] run data modify entity @s {} merge value {transformation:[-0.8748844209431172f,0.4444178017357752f,0.19253588624297452f,0.0818783153309438f,0.30355367005481776f,0.8129068249860947f,-0.4970288354686051f,0.7568746427611527f,-0.37740219843991f,-0.37639781002467076f,-0.8461041716132564f,-0.463951360328882f,0f,0f,0f,1f],start_interpolation:0}
execute if entity @s[tag=aj.heiloang_aj.bone.body_1] run data modify entity @s {} merge value {transformation:[-0.8208499932211266f,0.4617417149440795f,0.3361545437880871f,-0.0011917135351582383f,0.08779150413527642f,0.6835747627956223f,-0.7245813932682612f,1.0596450231481478f,-0.5643562176768696f,-0.5652611187313429f,-0.6016493390838626f,-0.2906245293850083f,0f,0f,0f,1f],start_interpolation:0}