execute if entity @s[tag=aj.heiloang_aj.bone.head_lower] run data modify entity @s {} merge value {transformation:[-0.43016413472304926f,0.6667700581157319f,-0.10186514025079266f,1.2647935875068244f,0.1011614071822575f,0.1832262605694004f,0.7721363267808733f,2.698461201883781f,0.6668771902643511f,0.4023006674591748f,-0.1828359539779489f,1.9967621066552041f,0f,0f,0f,1f],start_interpolation:0}
execute if entity @s[tag=aj.heiloang_aj.bone.horne_right] run data modify entity @s {} merge value {transformation:[-0.24644488930386682f,-0.3677760575357236f,-0.6663375181088671f,0.8400321643576585f,-0.4465406405301583f,0.6370514204591076f,-0.1864589607553078f,3.1289235699605085f,0.6163330048690566f,0.31449365525319195f,-0.4015312788744679f,2.065441455300348f,0f,0f,0f,1f],start_interpolation:0}
execute if entity @s[tag=aj.heiloang_aj.bone.horne_left] run data modify entity @s {} merge value {transformation:[-0.3878556459758156f,0.21345329663698764f,-0.6663375181088671f,1.2057577116991949f,0.595708666280757f,0.5003641082972001f,-0.1864589607553078f,3.0429161415741532f,0.3670138727659819f,-0.5865777435964902f,-0.4015312788744679f,1.4984624681375969f,0f,0f,0f,1f],start_interpolation:0}
execute if entity @s[tag=aj.heiloang_aj.bone.head_upper] run data modify entity @s {} merge value {transformation:[-0.6300936704389546f,-0.1532992476572365f,-0.976034538087916f,1.0583204460267612f,0.14817870020539123f,1.129871859578868f,-0.273120424240356f,2.770298967197251f,0.976825036369465f,-0.27027954787500397f,-0.5881529790133487f,1.8534527371468896f,0f,0f,0f,1f],start_interpolation:0}
execute if entity @s[tag=aj.heiloang_aj.bone.neck_0] run data modify entity @s {} merge value {transformation:[-0.5003030195388353f,0.6125712558520199f,-0.6119259310931373f,0.7564994711410982f,0.5348519181728711f,0.774419080568052f,0.33794750077332025f,2.863451592506321f,0.6809040418936605f,-0.15821360294238948f,-0.7150791156067023f,1.5573329199343258f,0f,0f,0f,1f],start_interpolation:0}
execute if entity @s[tag=aj.heiloang_aj.bone.neck_1] run data modify entity @s {} merge value {transformation:[-0.4230168296908364f,0.6190237445090857f,-0.6617147161218827f,0.5231231271949396f,0.726240146455735f,0.6683340583742563f,0.16094979370272197f,2.9304400136203737f,0.5418782256875305f,-0.4124793208767514f,-0.7322764494197442f,1.2853681224659164f,0f,0f,0f,1f],start_interpolation:0}
execute if entity @s[tag=aj.heiloang_aj.bone.neck_2] run data modify entity @s {} merge value {transformation:[-0.6232177253154181f,0.39797601269964766f,-0.6732122697696217f,0.23390140601502754f,0.5532425647760815f,0.8327836927028589f,-0.01984907272830555f,2.8943935442802835f,0.5527407451714221f,-0.38481997672142754f,-0.7391828286313614f,0.9953485003607916f,0f,0f,0f,1f],start_interpolation:0}
execute if entity @s[tag=aj.heiloang_aj.bone.neck_3] run data modify entity @s {} merge value {transformation:[-0.8598702097030637f,0.312324854775142f,-0.4038272001176936f,0.017357493189672557f,0.4586358736272136f,0.8200283369700219f,-0.34235458517213246f,2.6973670352385546f,0.22422390124028196f,-0.47959014966517677f,-0.8483613206981571f,0.5679353918613246f,0f,0f,0f,1f],start_interpolation:0}
execute if entity @s[tag=aj.heiloang_aj.bone.wing_right_2] run data modify entity @s {} merge value {transformation:[-2.296193904252102f,-0.35339345636926595f,-0.3690293015356381f,-4.091389537556728f,-0.418567171264923f,2.275382057290917f,0.4254574277396535f,4.089652903621638f,0.2930376827914417f,0.48096316353224555f,-2.2839394383630847f,1.0365447139192816f,0f,0f,0f,1f],start_interpolation:0}
execute if entity @s[tag=aj.heiloang_aj.bone.wing_right_1] run data modify entity @s {} merge value {transformation:[-3.2303372413213878f,0.690521511496868f,-0.5247095600350761f,-1.9684464846555578f,0.5933861493951388f,3.235607514509823f,0.6049426936938496f,3.6919485605179982f,0.6324815870348572f,0.4911647657432702f,-3.247451768364577f,0.6718551085061198f,0f,0f,0f,1f],start_interpolation:0}
execute if entity @s[tag=aj.heiloang_aj.bone.wing_right_0] run data modify entity @s {} merge value {transformation:[-1.7528570095016904f,1.3170433571875677f,-0.34826584605569627f,-0.34086010024873986f,1.260013172997102f,1.783129065454673f,0.40151904040097286f,2.523195984668935f,0.5179373592574334f,0.11936302282886485f,-2.155433450762651f,0.17282998247651737f,0f,0f,0f,1f],start_interpolation:0}
execute if entity @s[tag=aj.heiloang_aj.bone.wing_left_2] run data modify entity @s {} merge value {transformation:[-2.0775502145044356f,0.8803542693065177f,0.6650845608246866f,4.344378499057466f,0.8408831327740612f,2.181397921343904f,-0.2607578802137773f,2.546051571207689f,-0.7143365240204784f,0.007448193827315115f,-2.2412594363839395f,1.3953545544652548f,0f,0f,0f,1f],start_interpolation:0}
execute if entity @s[tag=aj.heiloang_aj.bone.wing_left_1] run data modify entity @s {} merge value {transformation:[-3.175948453708102f,0.45419981220795275f,0.9456599404010784f,2.2506403284690726f,0.3621628971569562f,3.3043293004368977f,-0.3707622999943188f,2.7888070096719617f,-0.9845853077372173f,-0.24965812176746338f,-3.186766600635124f,0.7992130202651655f,0f,0f,0f,1f],start_interpolation:0}
execute if entity @s[tag=aj.heiloang_aj.bone.wing_left_0] run data modify entity @s {} merge value {transformation:[-2.0911071971216773f,-0.402130790131976f,0.6276635386684108f,0.31067827250857977f,-0.4876577613059343f,2.151750782418408f,-0.24608632265904504f,2.333251145671481f,-0.5637912716458136f,-0.3696747191648355f,-2.1151548416194954f,0.25786084757399313f,0f,0f,0f,1f],start_interpolation:0}
execute if entity @s[tag=aj.heiloang_aj.bone.kazari_right] run data modify entity @s {} merge value {transformation:[-2.540474165122672f,-0.2278178662514987f,-0.6332142012914188f,-2.043049527635441f,0.40209057138507f,-2.496822458606667f,-0.7148922794077692f,0.9072380405392994f,-0.5396150269439713f,-0.7879383342433737f,2.4484360299346775f,-3.280097670992341f,0f,0f,0f,1f],start_interpolation:0}
execute if entity @s[tag=aj.heiloang_aj.bone.kazari_left] run data modify entity @s {} merge value {transformation:[-2.540474165122672f,-0.2278178662514987f,-0.6332142012914188f,2.8618686510602345f,0.40209057138507f,-2.496822458606667f,-0.7148922794077692f,0.13091786372162706f,-0.5396150269439713f,-0.7879383342433737f,2.4484360299346775f,-2.2382576902944704f,0f,0f,0f,1f],start_interpolation:0}
execute if entity @s[tag=aj.heiloang_aj.bone.ring] run data modify entity @s {} merge value {transformation:[-1.9509662263361138f,-0.7718551625284801f,0.6714884046340539f,0.4869550354746776f,-0.31766214489278555f,1.8314651883317774f,1.1822657532953373f,3.3740193763294535f,-0.9724956715492197f,0.9502111122224418f,-1.7332851169992347f,-1.5187680464965565f,0f,0f,0f,1f],start_interpolation:0}
execute if entity @s[tag=aj.heiloang_aj.bone.body_0] run data modify entity @s {} merge value {transformation:[-1.0750532785996567f,0.27364627944236114f,-0.20743803377673f,-0.14907915777799524f,0.31341334671220694f,0.5033841873455046f,-0.9602233125533005f,1.8472628343911468f,-0.1403028802714206f,-0.9723036817864738f,-0.5555115013297962f,-0.05575626129983274f,0f,0f,0f,1f],start_interpolation:0}
execute if entity @s[tag=aj.heiloang_aj.bone.leg_right_3] run data modify entity @s {} merge value {transformation:[-0.721322139208297f,-0.1855053671179771f,0.6672946352687026f,-0.5986911547719718f,0.18702261057647446f,0.8755034980196768f,0.4455515324723617f,-0.00704041965118829f,-0.6668709879887761f,0.44618536924212787f,-0.596826358041549f,-0.7387312936573632f,0f,0f,0f,1f],start_interpolation:0}
execute if entity @s[tag=aj.heiloang_aj.bone.leg_right_2] run data modify entity @s {} merge value {transformation:[-0.721322139208297f,0.3161684166153902f,0.6162239072146449f,-0.43547436730061984f,0.18702261057647446f,0.9455897639028176f,-0.2662377537754066f,0.5806129315431836f,-0.6668709879887761f,-0.07679538226437022f,-0.7412054739690894f,-0.7504688239745287f,0f,0f,0f,1f],start_interpolation:0}
execute if entity @s[tag=aj.heiloang_aj.bone.leg_right_1] run data modify entity @s {} merge value {transformation:[-0.741287673698582f,0.19002403267710408f,0.6437262242814685f,-0.8754405190894202f,0.057761907651665084f,0.9735887353108341f,-0.2208812724073521f,0.8095628480220156f,-0.6686973507103082f,-0.12655370986652775f,-0.7326854793648045f,-0.24296558841114574f,0f,0f,0f,1f],start_interpolation:0}
execute if entity @s[tag=aj.heiloang_aj.bone.leg_right_0] run data modify entity @s {} merge value {transformation:[-0.5844426040381789f,0.7192996769303155f,0.37554602561206235f,-0.30354960728619274f,0.20111242711844274f,0.5767820881987151f,-0.7917551480045193f,1.1702887929859382f,-0.7861174430348186f,-0.3872084677548684f,-0.48175612944240326f,-0.529939653676565f,0f,0f,0f,1f],start_interpolation:0}
execute if entity @s[tag=aj.heiloang_aj.bone.leg_left_3] run data modify entity @s {} merge value {transformation:[-0.8849698327723838f,-0.3498751522237251f,0.3072714971149202f,0.8872350520190248f,-0.3213621181251135f,0.9364411433797217f,0.14072801433907844f,0.019514024486649295f,-0.33697890752532234f,0.02579462816371833f,-0.941158782055895f,-0.24061339597695713f,0f,0f,0f,1f],start_interpolation:0}
execute if entity @s[tag=aj.heiloang_aj.bone.leg_left_2] run data modify entity @s {} merge value {transformation:[-0.8849698327723838f,-0.2913437351316013f,0.36324540338782896f,0.692907334539517f,-0.3213621181251135f,0.9466609200386621f,-0.023653572789206823f,0.5963743209075507f,-0.33697890752532234f,-0.13766601058765784f,-0.9313931959231391f,-0.2803989100842914f,0f,0f,0f,1f],start_interpolation:0}
execute if entity @s[tag=aj.heiloang_aj.bone.leg_left_1] run data modify entity @s {} merge value {transformation:[-0.9268052773499084f,-0.22214583021543724f,0.3027923512809623f,0.46257130335672225f,-0.19879509438268544f,0.9742603045886862f,0.10628908388042213f,0.5945138442265975f,-0.3186102451675694f,0.03831564981380803f,-0.9471110930897213f,0.39078635826438934f,0f,0f,0f,1f],start_interpolation:0}
execute if entity @s[tag=aj.heiloang_aj.bone.leg_left_0] run data modify entity @s {} merge value {transformation:[-0.8921317449058439f,-0.25141961429943077f,0.37535200449282236f,0.27200198998458824f,-0.4155335319132957f,0.782706990133728f,-0.4633590955743311f,1.1200757336290104f,-0.17729307258580712f,-0.5693487025903594f,-0.8027510331801249f,-0.08566361152975649f,0f,0f,0f,1f],start_interpolation:0}
execute if entity @s[tag=aj.heiloang_aj.bone.tail_4] run data modify entity @s {} merge value {transformation:[-0.8001109313737104f,0.8038239746237977f,1.0947802880048434f,1.5050531796130844f,0.031974188005907137f,1.2814203694927255f,-0.9174932433746646f,-1.506503299887748f,-1.3578123995918325f,-0.4434898174217757f,-0.6667208059191961f,-3.274958623048563f,0f,0f,0f,1f],start_interpolation:0}
execute if entity @s[tag=aj.heiloang_aj.bone.tail_3] run data modify entity @s {} merge value {transformation:[-0.7399780805999459f,0.4748503800153544f,0.47639223002783493f,0.8560471198638872f,0.07746319571742086f,0.7637009011358655f,-0.6409059111238645f,-0.6699805062543511f,-0.6681555908176363f,-0.437353461405692f,-0.6019053548985875f,-2.4592055338477934f,0f,0f,0f,1f],start_interpolation:0}
execute if entity @s[tag=aj.heiloang_aj.bone.tail_2] run data modify entity @s {} merge value {transformation:[-0.776682195616186f,0.4814739416770294f,0.4061374280939951f,0.5468380425807283f,0.23107940512906178f,0.8176108290422243f,-0.5273659457701882f,-0.2421152208696924f,-0.5859753199052153f,-0.3157457453693888f,-0.7462824858879572f,-1.8806350221654218f,0f,0f,0f,1f],start_interpolation:0}
execute if entity @s[tag=aj.heiloang_aj.bone.tail_1] run data modify entity @s {} merge value {transformation:[-0.8901044355666189f,0.3594921593640867f,0.28014189465407846f,0.33398255215476186f,0.1229992497933315f,0.7813478672203887f,-0.6118551257776852f,0.24923675330065398f,-0.43884539229084807f,-0.510157718500755f,-0.7396984682417529f,-1.3111872285683024f,0f,0f,0f,1f],start_interpolation:0}
execute if entity @s[tag=aj.heiloang_aj.bone.tail_ring] run data modify entity @s {} merge value {transformation:[-0.8142563235363676f,0.5357106328891806f,0.22360849132023536f,0.3827318347002225f,0.2809743962629951f,0.7007710776679288f,-0.6557234823832183f,0.1767387859299383f,-0.5079764051859925f,-0.47109873117384116f,-0.7211282529902104f,-1.4294298941322499f,0f,0f,0f,1f],start_interpolation:0}
execute if entity @s[tag=aj.heiloang_aj.bone.tail_0] run data modify entity @s {} merge value {transformation:[-0.8142563235363676f,0.5357106328891806f,0.22360849132023536f,0.058268081786563584f,0.2809743962629951f,0.7007710776679288f,-0.6557234823832183f,1.076884120007302f,-0.5079764051859925f,-0.47109873117384116f,-0.7211282529902104f,-0.41144077282593794f,0f,0f,0f,1f],start_interpolation:0}
execute if entity @s[tag=aj.heiloang_aj.bone.body_1] run data modify entity @s {} merge value {transformation:[-0.7897155423432841f,0.5420658831020806f,0.28725239869879915f,-0.0020298267800280454f,0.06889744306298176f,0.5436444893616882f,-0.8364830013371773f,1.4091715046296294f,-0.6095920804282448f,-0.6407926712778717f,-0.4666714560756139f,-0.2907677455833301f,0f,0f,0f,1f],start_interpolation:0}