execute if entity @s[tag=aj.heiloang_aj.bone.head_lower] run data modify entity @s {} merge value {transformation:[-0.7882303011857081f,0.10145703728218672f,0.09164857815923239f,-0.44118020983107464f,0.1366875698224465f,0.5726809756119237f,0.5416207237802195f,0.59081424318644f,0.0030822960146248413f,0.5493113595749648f,-0.5815905171967491f,2.6375914867131987f,0f,0f,0f,1f],start_interpolation:0}
execute if entity @s[tag=aj.heiloang_aj.bone.horne_right] run data modify entity @s {} merge value {transformation:[-0.6650708870160605f,-0.44093091560324593f,0.05710203944653585f,-0.6900058148295266f,-0.3778641237660005f,0.6146895262652833f,0.3455075835207009f,1.1462515985539674f,-0.23430625090727533f,0.2602627786777142f,-0.7192801031731186f,2.641074648456699f,0f,0f,0f,1f],start_interpolation:0}
execute if entity @s[tag=aj.heiloang_aj.bone.horne_left] run data modify entity @s {} merge value {transformation:[-0.4972177874864213f,0.6241104300507678f,0.05710203944653585f,-0.019852412761437566f,0.5794174186734831f,0.4299999589156299f,0.3455075835207009f,1.0300398266909234f,0.23885126490112144f,0.2560980406688076f,-0.7192801031731186f,2.638454080385065f,0f,0f,0f,1f],start_interpolation:0}
execute if entity @s[tag=aj.heiloang_aj.bone.head_upper] run data modify entity @s {} merge value {transformation:[-1.1545800394192958f,0.1819646148596931f,0.08364163983029956f,-0.40551692989245725f,0.2002165350866741f,1.0377608019775357f,0.5060908706515347f,0.8035673638148595f,0.004514870144822102f,0.5129361648567057f,-1.053583513125405f,2.489964801477639f,0f,0f,0f,1f],start_interpolation:0}
execute if entity @s[tag=aj.heiloang_aj.bone.neck_0] run data modify entity @s {} merge value {transformation:[-0.991322919037444f,0.09290149212570795f,-0.09299560716452407f,-0.4506363651814169f,-0.050618917827181205f,0.383110257558792f,0.922314618615167f,1.1730406731471184f,0.12131197529133933f,0.9190189569938441f,-0.3750834058404349f,2.2687997751303874f,0f,0f,0f,1f],start_interpolation:0}
execute if entity @s[tag=aj.heiloang_aj.bone.neck_1] run data modify entity @s {} merge value {transformation:[-0.9908160483833118f,0.06716697253485074f,-0.117354829753962f,-0.4925576313790845f,-0.032857805515727805f,0.7222886141112315f,0.6908107718774853f,1.433764849875972f,0.13116372548372285f,0.6883224213446625f,-0.7134481911053188f,2.017438822219025f,0f,0f,0f,1f],start_interpolation:0}
execute if entity @s[tag=aj.heiloang_aj.bone.neck_2] run data modify entity @s {} merge value {transformation:[-0.996690510638375f,-0.014553798244255213f,-0.07997632749808506f,-0.5248441825364765f,-0.05004714642839474f,0.8851380578169136f,0.4626293351469155f,1.5936835789209203f,0.0640570771873823f,0.46510085525697303f,-0.8829370789028185f,1.6400219282209347f,0f,0f,0f,1f],start_interpolation:0}
execute if entity @s[tag=aj.heiloang_aj.bone.neck_3] run data modify entity @s {} merge value {transformation:[-0.9883193196556377f,-0.022790118653776614f,0.15068355214542917f,-0.4463135530903673f,-0.016384619766557397f,0.9989140281228911f,0.04361546347805281f,1.5920646294372816f,-0.1515139156332606f,0.040637112484117444f,-0.9876194400974649f,1.127944789495303f,0f,0f,0f,1f],start_interpolation:0}
execute if entity @s[tag=aj.heiloang_aj.bone.wing_right_2] run data modify entity @s {} merge value {transformation:[-1.8344077740577145f,-1.4718761891842351f,-0.04587601236071745f,-4.857794658940154f,-1.470461133750575f,1.8348055431787216f,-0.06934464053276353f,1.9562471039873528f,0.07917183164863784f,-0.025398991203168648f,-2.3508855179783357f,0.680943089811934f,0f,0f,0f,1f],start_interpolation:0}
execute if entity @s[tag=aj.heiloang_aj.bone.wing_right_1] run data modify entity @s {} merge value {transformation:[-3.2455591130787567f,0.8057977003499864f,-0.06522946053819281f,-2.731876209395881f,0.8074671685494516f,3.2443017504886402f,-0.09859866323168645f,1.4290839019026833f,0.03951693467568791f,-0.1114225775460996f,-3.342640003647838f,0.7059263429299438f,0f,0f,0f,1f],start_interpolation:0}
execute if entity @s[tag=aj.heiloang_aj.bone.wing_right_0] run data modify entity @s {} merge value {transformation:[-2.196599616544449f,-0.3185524842979791f,-0.0432947958115567f,-0.6891085705402109f,-0.3172112528943996f,2.1962454871879267f,-0.06544296023127245f,1.7236057818564772f,0.052222079946549586f,-0.058566840056916813f,-2.218612805248316f,0.6395687168297508f,0f,0f,0f,1f],start_interpolation:0}
execute if entity @s[tag=aj.heiloang_aj.bone.wing_left_2] run data modify entity @s {} merge value {transformation:[-1.682747937664977f,1.5058346734549521f,0.6590882496495374f,4.001598391323582f,1.537405742742304f,1.7755765325034942f,-0.1314821878691536f,1.8046364260251497f,-0.5816519292396947f,0.3366985591960434f,-2.2543050192394234f,1.9203558187448402f,0f,0f,0f,1f],start_interpolation:0}
execute if entity @s[tag=aj.heiloang_aj.bone.wing_left_1] run data modify entity @s {} merge value {transformation:[-3.1547713776163766f,-0.5970060248866017f,0.9371340000883357f,1.92185494968267f,-0.6744745938936166f,3.2706807487813254f,-0.18694981851626835f,1.3658900539947738f,-0.8830177518399656f,-0.36530811474743247f,-3.2053156481281477f,1.3909946030678237f,0f,0f,0f,1f],start_interpolation:0}
execute if entity @s[tag=aj.heiloang_aj.bone.wing_left_0] run data modify entity @s {} merge value {transformation:[-2.0937702572364185f,0.397034475433024f,0.6220046102962288f,-0.020629450303471603f,0.37731605446925304f,2.184178489249261f,-0.12408433479118365f,1.7158469081669148f,-0.6341598418000746f,-0.011311605475715263f,-2.127466413983935f,0.7840920946716565f,0f,0f,0f,1f],start_interpolation:0}
execute if entity @s[tag=aj.heiloang_aj.bone.kazari_right] run data modify entity @s {} merge value {transformation:[-2.555309656588353f,0.5464013785150205f,-0.2805499617883617f,-1.96964929369475f,-0.00006960254202081913f,-1.200665636596599f,-2.3377921662987546f,2.5180291205239933f,-0.6142171787389633f,-2.2730415199043823f,1.167428667923218f,-3.3577270936354595f,0f,0f,0f,1f],start_interpolation:0}
execute if entity @s[tag=aj.heiloang_aj.bone.kazari_left] run data modify entity @s {} merge value {transformation:[-2.555309656588353f,0.5464013785150205f,-0.2805499617883617f,2.9639119126604454f,-0.00006960254202081913f,-1.200665636596599f,-2.3377921662987546f,2.518163502828812f,-0.6142171787389633f,-2.2730415199043823f,1.167428667923218f,-2.171852012902868f,0f,0f,0f,1f],start_interpolation:0}
execute if entity @s[tag=aj.heiloang_aj.bone.ring] run data modify entity @s {} merge value {transformation:[-2.0979597140076565f,-0.671784978351676f,0.014009534109997317f,-0.2130972221987271f,0.03593203165873353f,-0.06630088470358438f,2.201644696033497f,3.3743608305836226f,-0.6709696068271772f,2.0969586122125996f,0.07409892823531972f,0.14490911237035622f,0f,0f,0f,1f],start_interpolation:0}
execute if entity @s[tag=aj.heiloang_aj.bone.body_0] run data modify entity @s {} merge value {transformation:[-1.1030059010102211f,0.03987682148568243f,0.2354574215914689f,-0.22081202238852446f,0.012802319781879788f,1.1209908237377295f,-0.12987705587086212f,1.5869842035013826f,-0.23846689263398008f,-0.1242649916174284f,-1.0960584514128286f,0.08463618786773269f,0f,0f,0f,1f],start_interpolation:0}
execute if entity @s[tag=aj.heiloang_aj.bone.leg_right_3] run data modify entity @s {} merge value {transformation:[-0.966846505929024f,-0.08193215012918523f,0.24185730658395702f,-0.5348154676010467f,0.1557513515108068f,0.5613457990461563f,0.812792968963062f,0.1425720640500402f,-0.20235945857655047f,0.823515644458829f,-0.5299741813109055f,-1.4033871899978103f,0f,0f,0f,1f],start_interpolation:0}
execute if entity @s[tag=aj.heiloang_aj.bone.leg_right_2] run data modify entity @s {} merge value {transformation:[-0.966846505929024f,0.05014664295000304f,0.25038599835790026f,-0.5161296483376807f,0.1557513515108068f,0.8928289230467741f,0.42260860222396607f,0.6656390472637445f,-0.20235945857655047f,0.447595608079416f,-0.8710389320533398f,-1.0900730956283393f,0f,0f,0f,1f],start_interpolation:0}
execute if entity @s[tag=aj.heiloang_aj.bone.leg_right_1] run data modify entity @s {} merge value {transformation:[-0.9641519754066211f,-0.05025920172732343f,0.26054746393170297f,-0.7037525135491529f,0.03956195057280884f,0.9436972770948735f,0.32843614489059514f,0.5047307747244798f,-0.26238487072692374f,0.32697012378113927f,-0.9078792418423067f,-0.4249009364386451f,0f,0f,0f,1f],start_interpolation:0}
execute if entity @s[tag=aj.heiloang_aj.bone.leg_right_0] run data modify entity @s {} merge value {transformation:[-0.8110318606991158f,0.543238001566613f,0.2170709436678302f,-0.2629866129717855f,0.47361400515338664f,0.8275392862922791f,-0.30144403090031996f,1.071863705259493f,-0.3433905867281419f,-0.14167287424478214f,-0.9284458528367309f,-0.5785960778686635f,0f,0f,0f,1f],start_interpolation:0}
execute if entity @s[tag=aj.heiloang_aj.bone.leg_left_3] run data modify entity @s {} merge value {transformation:[-0.849555636669968f,-0.4486767685173715f,0.2773884957872155f,0.9455138913060814f,-0.19374469773779224f,0.7545089007870406f,0.6270401189171417f,-0.031238871405178115f,-0.4906304233338741f,0.4789629171720299f,-0.7279260344796594f,-0.4941396376876201f,0f,0f,0f,1f],start_interpolation:0}
execute if entity @s[tag=aj.heiloang_aj.bone.leg_left_2] run data modify entity @s {} merge value {transformation:[-0.849555636669968f,-0.28971498040049704f,0.4408179333169474f,0.7485170789740077f,-0.19374469773779224f,0.9486430361057393f,0.250078751889433f,0.5339129102896297f,-0.4906304233338741f,0.12704967603116807f,-0.8620557798191475f,-0.37620037332423395f,0f,0f,0f,1f],start_interpolation:0}
execute if entity @s[tag=aj.heiloang_aj.bone.leg_left_1] run data modify entity @s {} merge value {transformation:[-0.882615391843583f,-0.13795281932840925f,0.44939858669130417f,0.421052052966224f,-0.06983238618185558f,0.9838414969724146f,0.1648615985462551f,0.49144126736589555f,-0.4648801005861043f,0.11412680874545522f,-0.8779872229165022f,0.2519004381478521f,0f,0f,0f,1f],start_interpolation:0}
execute if entity @s[tag=aj.heiloang_aj.bone.leg_left_0] run data modify entity @s {} merge value {transformation:[-0.8941778518314029f,-0.07304683261025952f,0.4417127228638385f,0.36519112680088234f,-0.29633424776880507f,0.8361228473981002f,-0.4616108725519685f,1.0604460084353022f,-0.33560688743450107f,-0.543656825860305f,-0.7692888097470443f,-0.2092391264924972f,0f,0f,0f,1f],start_interpolation:0}
execute if entity @s[tag=aj.heiloang_aj.bone.tail_4] run data modify entity @s {} merge value {transformation:[-0.9159072193579638f,0.05939473405424979f,-1.2815773854052908f,-0.5149737911793402f,0.15049007973908535f,1.5687551704139715f,-0.03484702121026696f,-0.5619295128268046f,1.2740961757715779f,-0.14259679012421736f,-0.9171692613788273f,-3.9010734396768276f,0f,0f,0f,1f],start_interpolation:0}
execute if entity @s[tag=aj.heiloang_aj.bone.tail_3] run data modify entity @s {} merge value {transformation:[-0.8418495189485451f,0.04127511890515586f,-0.5381317236564559f,0.2030651131738305f,0.11915136713907348f,0.9866833281823247f,-0.11072019506820108f,-0.4397243366188248f,0.5263956108812009f,-0.1573288735306272f,-0.8355568720312166f,-2.780395796844923f,0f,0f,0f,1f],start_interpolation:0}
execute if entity @s[tag=aj.heiloang_aj.bone.tail_2] run data modify entity @s {} merge value {transformation:[-0.9601833423528157f,0.11272023119695392f,-0.2556210056843541f,0.40527575924864806f,0.18035580653246427f,0.9488773553217826f,-0.259043524542814f,-0.21955726762007255f,0.21335353786192449f,-0.29483200985721425f,-0.9314259787258221f,-2.056475836322696f,0f,0f,0f,1f],start_interpolation:0}
execute if entity @s[tag=aj.heiloang_aj.bone.tail_1] run data modify entity @s {} merge value {transformation:[-0.9892797926500089f,0.14471137927841435f,0.01959868775438986f,0.3924036608065172f,0.11139576422876955f,0.8345912782647502f,-0.5394890007741572f,0.21614083478133905f,-0.09442709127280974f,-0.5315223560225375f,-0.8417645213965763f,-1.407625711406542f,0f,0f,0f,1f],start_interpolation:0}
execute if entity @s[tag=aj.heiloang_aj.bone.tail_ring] run data modify entity @s {} merge value {transformation:[-0.9168140046186732f,0.3356279174100685f,0.21634690196545783f,0.43390383307919145f,0.11258508460933582f,0.7370803598115171f,-0.6663611197418657f,0.14324029152558893f,-0.38311444720681037f,-0.5865717724499745f,-0.7135522938834374f,-1.5283610512023322f,0f,0f,0f,1f],start_interpolation:0}
execute if entity @s[tag=aj.heiloang_aj.bone.tail_0] run data modify entity @s {} merge value {transformation:[-0.9168140046186732f,0.3356279174100685f,0.21634690196545783f,0.12410491339486618f,0.11258508460933582f,0.7370803598115171f,-0.6663611197418657f,1.0574248876126102f,-0.38311444720681037f,-0.5865717724499745f,-0.7135522938834374f,-0.5183455294633357f,0f,0f,0f,1f],start_interpolation:0}
execute if entity @s[tag=aj.heiloang_aj.bone.body_1] run data modify entity @s {} merge value {transformation:[-0.8619239818027264f,0.2812902452385274f,0.42185642999364387f,-0.001717707737763009f,0.015666245533126233f,0.8463795023210136f,-0.532349797409306f,1.3043284696296613f,-0.5067954403348839f,-0.45223615068289535f,-0.7339215528047182f,-0.2907054353256573f,0f,0f,0f,1f],start_interpolation:0}