execute if entity @s[tag=aj.heiloang_aj.bone.head_lower] run data modify entity @s {} merge value {transformation:[-0.4284046939853345f,-0.4244867561106039f,0.5256238313261951f,-1.9774682507996488f,-0.20585924072818634f,0.6748027241586136f,0.3771780169560902f,3.941048135469344f,-0.6434993326944068f,0.06672538763327279f,-0.47059146981967576f,0.6740819117658262f,0f,0f,0f,1f],start_interpolation:0}
execute if entity @s[tag=aj.heiloang_aj.bone.horne_right] run data modify entity @s {} merge value {transformation:[-0.6721575238093374f,0.09941206122974089f,0.4222813105840161f,-1.7441753557491673f,-0.40468126958347084f,0.13692188981501557f,-0.6763767190980149f,3.881193127797544f,-0.15632444861508543f,-0.7819012969496464f,-0.06475359907874306f,0.11512862835850635f,0f,0f,0f,1f],start_interpolation:0}
execute if entity @s[tag=aj.heiloang_aj.bone.horne_left] run data modify entity @s {} merge value {transformation:[0.04045138009241006f,0.6782640935358918f,0.4222813105840161f,-1.379945684922836f,0.10113056405980783f,0.4150748641813307f,-0.6763767190980149f,4.0562146542646484f,-0.7925504998809633f,0.08758239860145972f,-0.06475359907874306f,0.662231761015291f,0f,0f,0f,1f],start_interpolation:0}
execute if entity @s[tag=aj.heiloang_aj.bone.head_upper] run data modify entity @s {} merge value {transformation:[-0.6275164856323684f,0.7725183812955008f,0.6185471067107022f,-1.7726439238952798f,-0.3015374693376292f,0.5483357516679166f,-0.9907397087167948f,3.809342862956202f,-0.9425817350474499f,-0.6897139743425243f,-0.09484945309056587f,0.5790549978563386f,0f,0f,0f,1f],start_interpolation:0}
execute if entity @s[tag=aj.heiloang_aj.bone.neck_0] run data modify entity @s {} merge value {transformation:[-0.5228917690267513f,0.06967056084139422f,0.8495470621667289f,-1.4132746668684866f,-0.37550523864619095f,0.8759079570469125f,-0.3029539016602544f,3.6222841637460172f,-0.7652319998754248f,-0.47742147389277495f,-0.4318434005895059f,0.4263361752354501f,0f,0f,0f,1f],start_interpolation:0}
execute if entity @s[tag=aj.heiloang_aj.bone.neck_1] run data modify entity @s {} merge value {transformation:[-0.3844224561083271f,0.29043242755310883f,0.8762809938970771f,-1.09036358902042f,-0.23868591864919234f,0.8856751249907816f,-0.39825695877304423f,3.4882314187193852f,-0.8917670141232141f,-0.36225485227691767f,-0.27115127608697687f,0.3230157276324365f,0f,0f,0f,1f],start_interpolation:0}
execute if entity @s[tag=aj.heiloang_aj.bone.neck_2] run data modify entity @s {} merge value {transformation:[-0.5642436888342395f,0.2837025098815905f,0.7753334414931525f,-0.7821402816740126f,-0.32809274153677337f,0.7847170342867265f,-0.5259033457310651f,3.2464146362006447f,-0.7576174579308572f,-0.5511189181901945f,-0.3496908998690922f,0.19818396220038614f,0f,0f,0f,1f],start_interpolation:0}
execute if entity @s[tag=aj.heiloang_aj.bone.neck_3] run data modify entity @s {} merge value {transformation:[-0.8289437745435f,0.3428835527219096f,0.44190846101695797f,-0.5617560069313388f,-0.20309089882575088f,0.5516330892404304f,-0.808983944011998f,2.8144069603771174f,-0.5211586183300856f,-0.7603497906410316f,-0.3876362862431944f,0.015995004687143932f,0f,0f,0f,1f],start_interpolation:0}
execute if entity @s[tag=aj.heiloang_aj.bone.wing_right_2] run data modify entity @s {} merge value {transformation:[-0.9998423388207811f,1.9682237429107068f,0.8123955943165652f,-3.4694228466636274f,1.583643053362743f,1.2873231208364215f,-1.1698076202593797f,4.238768987128335f,-1.423364318563005f,0.049703991022367076f,-1.8722017883334932f,-2.777931200354993f,0f,0f,0f,1f],start_interpolation:0}
execute if entity @s[tag=aj.heiloang_aj.bone.wing_right_1] run data modify entity @s {} merge value {transformation:[-1.9150072960999291f,2.4871011897867192f,1.155116228154346f,-2.233207270117626f,1.8740770409961027f,2.2155048738672773f,-1.663307599688534f,3.0370829278256797f,-2.0019493183383372f,-0.30509768686737776f,-2.662016735704876f,-1.426718366688903f,0f,0f,0f,1f],start_interpolation:0}
execute if entity @s[tag=aj.heiloang_aj.bone.wing_right_0] run data modify entity @s {} merge value {transformation:[-1.7380414117792593f,1.1488274293882017f,0.7666861081470396f,-0.6104637526275127f,0.6992363464977254f,1.7946248380425955f,-1.1039883253083345f,2.377855310979829f,-1.1910837849105629f,-0.622830015466406f,-1.7668622439673232f,-0.333023471253848f,0f,0f,0f,1f],start_interpolation:0}
execute if entity @s[tag=aj.heiloang_aj.bone.wing_left_2] run data modify entity @s {} merge value {transformation:[-1.4261717608625077f,-0.9935756093705832f,1.5850607632842395f,2.9559108599330837f,-1.8616540751319552f,0.9498288522185702f,-1.0796505278833255f,5.07605207229623f,-0.1839951613057393f,-1.9089810544575962f,-1.3621722066827844f,1.5054347771811754f,0f,0f,0f,1f],start_interpolation:0}
execute if entity @s[tag=aj.heiloang_aj.bone.wing_left_1] run data modify entity @s {} merge value {transformation:[-2.264607296947066f,-0.9896581378417809f,2.253741186054344f,1.4389427139657385f,-2.3324244049622527f,1.8413127477488545f,-1.535116455847582f,3.5723274049294567f,-0.7864915502728457f,-2.6110080252808685f,-1.9368239223451145f,1.0199718768949324f,0f,0f,0f,1f],start_interpolation:0}
execute if entity @s[tag=aj.heiloang_aj.bone.wing_left_0] run data modify entity @s {} merge value {transformation:[-1.632916173928787f,-0.15600030327167172f,1.4958772256776014f,-0.06788425858735853f,-1.0904103477495903f,1.6435449677226173f,-1.0189039270678446f,2.54994067021851f,-1.0358523265612665f,-1.4841913099236248f,-1.2855295068977628f,0.04619369982240257f,0f,0f,0f,1f],start_interpolation:0}
execute if entity @s[tag=aj.heiloang_aj.bone.kazari_right] run data modify entity @s {} merge value {transformation:[-2.217973853981864f,0.5633280592819496f,-1.2923326465096823f,-0.9610817095541728f,-0.25963793623062326f,-2.5311744319447373f,-0.6577342363716413f,0.08985326678735928f,-1.3856588013212314f,-0.42741979510911193f,2.1918330670071895f,-3.4198042524494605f,0f,0f,0f,1f],start_interpolation:0}
execute if entity @s[tag=aj.heiloang_aj.bone.kazari_left] run data modify entity @s {} merge value {transformation:[-2.217973853981864f,0.5633280592819496f,-1.2923326465096823f,3.3211819818548047f,-0.25963793623062326f,-2.5311744319447373f,-0.6577342363716413f,0.5911387554493228f,-1.3856588013212314f,-0.42741979510911193f,2.1918330670071895f,-0.7444993281256256f,0f,0f,0f,1f],start_interpolation:0}
execute if entity @s[tag=aj.heiloang_aj.bone.ring] run data modify entity @s {} merge value {transformation:[-1.6851353690913577f,-1.0357296728178502f,0.9697984937428965f,0.7038179577415827f,-0.676044548412399f,1.909878750055297f,0.8650163087671361f,3.3284982992132175f,-1.2474809987263284f,0.36407896219896424f,-1.7788097011442559f,-2.0280634749112663f,0f,0f,0f,1f],start_interpolation:0}
execute if entity @s[tag=aj.heiloang_aj.bone.body_0] run data modify entity @s {} merge value {transformation:[-0.8952686263132422f,0.5827737497834654f,0.3640346401651808f,-0.15871924918480715f,-0.28394479494065256f,0.23069495061647535f,-1.067617707385863f,1.8348845096763944f,-0.6257170415635048f,-0.9385131710642395f,-0.03638114310511061f,-0.11616675144924415f,0f,0f,0f,1f],start_interpolation:0}
execute if entity @s[tag=aj.heiloang_aj.bone.leg_right_3] run data modify entity @s {} merge value {transformation:[-0.6741814587066514f,-0.17897966954974648f,0.716551211445515f,-0.5970502234891313f,0.13546763928519592f,0.9237665897129123f,0.3581952071659699f,-0.08310885947042357f,-0.7260357287645476f,0.33855806831035606f,-0.598540353643171f,-0.6605612300955924f,0f,0f,0f,1f],start_interpolation:0}
execute if entity @s[tag=aj.heiloang_aj.bone.leg_right_2] run data modify entity @s {} merge value {transformation:[-0.6741814587066514f,0.33295274538608144f,0.6592585456981523f,-0.42565573617163777f,0.13546763928519592f,0.9332227636627892f,-0.33278189867852176f,0.5001624618085085f,-0.7260357287645476f,-0.13504718701793453f,-0.674265806515409f,-0.7108846440407224f,0f,0f,0f,1f],start_interpolation:0}
execute if entity @s[tag=aj.heiloang_aj.bone.leg_right_1] run data modify entity @s {} merge value {transformation:[-0.6972991874651533f,0.22225692922926876f,0.6814511725501782f,-0.8898218919246901f,0.007056000276778497f,0.9527938748572062f,-0.30353590379835543f,0.78587474035608f,-0.7167454611091242f,-0.2068470194229689f,-0.6659506397138624f,-0.2564992494433601f,0f,0f,0f,1f],start_interpolation:0}
execute if entity @s[tag=aj.heiloang_aj.bone.leg_right_0] run data modify entity @s {} merge value {transformation:[-0.5211235239458218f,0.7579740528013457f,0.39230805251764966f,-0.2908333103466251f,0.14734974222013997f,0.5326558940169983f,-0.8334061147103556f,1.113497381151391f,-0.8406654068402879f,-0.3765010409664953f,-0.3892667978304834f,-0.5274468843944834f,0f,0f,0f,1f],start_interpolation:0}
execute if entity @s[tag=aj.heiloang_aj.bone.leg_left_3] run data modify entity @s {} merge value {transformation:[-0.8609883389393882f,-0.3192912978229425f,0.39591936975214265f,0.8394712517455949f,-0.34107575763198605f,0.9398951555350146f,0.016261124117884634f,-0.027037007818939696f,-0.3773147330361748f,-0.12103786075584583f,-0.9181412900515303f,-0.00017558345288606891f,0f,0f,0f,1f],start_interpolation:0}
execute if entity @s[tag=aj.heiloang_aj.bone.leg_left_2] run data modify entity @s {} merge value {transformation:[-0.8609883389393882f,-0.2517297013080026f,0.44196293700917577f,0.6655224742259003f,-0.34107575763198605f,0.930357533067911f,-0.1345443726788952f,0.5451393740985682f,-0.3773147330361748f,-0.2665839795321064f,-0.8868858856079882f,-0.12046673556136223f,0f,0f,0f,1f],start_interpolation:0}
execute if entity @s[tag=aj.heiloang_aj.bone.leg_left_1] run data modify entity @s {} merge value {transformation:[-0.8996938585050339f,-0.18773228609994816f,0.39409078868201275f,0.3733471515734591f,-0.21614213610814295f,0.9759448388343156f,-0.028535040761679897f,0.6385411381558206f,-0.3792539228102102f,-0.1108524258117472f,-0.9186284350730267f,0.5194219300569214f,0f,0f,0f,1f],start_interpolation:0}
execute if entity @s[tag=aj.heiloang_aj.bone.leg_left_0] run data modify entity @s {} merge value {transformation:[-0.8861042992304371f,-0.16916386920149268f,0.43151217392110236f,0.2468726226661995f,-0.41364424373550973f,0.7086322482147578f,-0.571610686057019f,1.1027587443474527f,-0.20908756660742361f,-0.6849992132454445f,-0.6978957424596512f,-0.0355940554314253f,0f,0f,0f,1f],start_interpolation:0}
execute if entity @s[tag=aj.heiloang_aj.bone.tail_4] run data modify entity @s {} merge value {transformation:[-1.297276208335082f,0.7297136174822215f,-0.5190826903648746f,0.10078673639693858f,0.6172216666393059f,1.3906274911191f,0.4123675046150805f,-1.1030016881705174f,0.648819094360226f,0.1361160574380583f,-1.4301610277828045f,-3.3471597779003686f,0f,0f,0f,1f],start_interpolation:0}
execute if entity @s[tag=aj.heiloang_aj.bone.tail_3] run data modify entity @s {} merge value {transformation:[-0.8293340266776589f,0.23558701514695404f,-0.5066594817910435f,0.7716971140086103f,0.36814402574448524f,0.9125121386280828f,-0.17830191576381357f,-0.8885498389152109f,0.42032731115556077f,-0.33439550707291366f,-0.8435073184899967f,-2.2112363553212133f,0f,0f,0f,1f],start_interpolation:0}
execute if entity @s[tag=aj.heiloang_aj.bone.tail_2] run data modify entity @s {} merge value {transformation:[-0.9341768181730485f,0.34351085700665596f,0.09650887786432738f,0.7024066059983536f,0.26674011403292197f,0.8519770811752805f,-0.45053830549438634f,-0.5202127244400341f,-0.23698815150505456f,-0.39513965160510256f,-0.8875253640181866f,-1.5235231967297986f,0f,0f,0f,1f],start_interpolation:0}
execute if entity @s[tag=aj.heiloang_aj.bone.tail_1] run data modify entity @s {} merge value {transformation:[-0.8929113019749935f,0.307187816561396f,0.32915809599881346f,0.450362303859862f,-0.039075043913181444f,0.675452483064637f,-0.736367492536844f,0.0666554338181623f,-0.4485337754824099f,-0.6703727235486673f,-0.5911157786537563f,-1.0728964703360386f,0f,0f,0f,1f],start_interpolation:0}
execute if entity @s[tag=aj.heiloang_aj.bone.tail_ring] run data modify entity @s {} merge value {transformation:[-0.7364654536676751f,0.597711881963302f,0.31679510999059446f,0.5144261711479272f,0.1764212412826905f,0.6218004354584806f,-0.763046370863474f,-0.023714912016955747f,-0.6530652196973438f,-0.5060679051506143f,-0.5633836119360667f,-1.1695546168265873f,0f,0f,0f,1f],start_interpolation:0}
execute if entity @s[tag=aj.heiloang_aj.bone.tail_0] run data modify entity @s {} merge value {transformation:[-0.7364654536676751f,0.597711881963302f,0.31679510999059446f,0.05838903488925247f,0.1764212412826905f,0.6218004354584806f,-0.763046370863474f,1.0281342053525024f,-0.6530652196973438f,-0.5060679051506143f,-0.5633836119360667f,-0.3711288124113362f,0f,0f,0f,1f],start_interpolation:0}
execute if entity @s[tag=aj.heiloang_aj.bone.body_1] run data modify entity @s {} merge value {transformation:[-0.7377874277892857f,0.6027323242503351f,0.3039464701223853f,-0.0036515230881107577f,0.014734505868567564f,0.4645411081586813f,-0.8854289656248622f,1.372208155f,-0.6748722884612158f,-0.6487798579907462f,-0.3516135522596198f,-0.2912738839449257f,0f,0f,0f,1f],start_interpolation:0}