execute if entity @s[tag=aj.heiloang_aj.bone.head_lower] run data modify entity @s {} merge value {transformation:[-0.5373611559939752f,-0.4611202803659514f,0.37230508331749246f,0.022024198213108998f,0.5094333928625354f,-0.10257357583668159f,0.6082403141659078f,0.7425956796983303f,-0.30285410062501106f,0.6456367001459126f,0.3625364052882316f,2.2524697375123424f,0f,0f,0f,1f],start_interpolation:0}
execute if entity @s[tag=aj.heiloang_aj.bone.horne_right] run data modify entity @s {} merge value {transformation:[-0.5621246617616801f,-0.18194370052941933f,0.5393629153705117f,0.08086801883946806f,-0.00508677988844114f,0.7596080502747196f,0.2509377106538706f,1.34817103226066f,-0.5692011852672862f,0.17289331911759984f,-0.5348999073610096f,2.2683715298438067f,0f,0f,0f,1f],start_interpolation:0}
execute if entity @s[tag=aj.heiloang_aj.bone.horne_left] run data modify entity @s {} merge value {transformation:[-0.23024374223121538f,0.5441281693557023f,0.5393629153705117f,0.5377324736655458f,0.7562741702321127f,0.07127162697401873f,0.2509377106538706f,0.9150507616489324f,0.12262625576561922f,0.5821038485546103f,-0.5348999073610096f,2.525858086195191f,0f,0f,0f,1f],start_interpolation:0}
execute if entity @s[tag=aj.heiloang_aj.bone.head_upper] run data modify entity @s {} merge value {transformation:[-0.787113187271075f,0.3597823565419363f,0.7900453143618414f,0.21445355015069492f,0.7462052980302204f,0.8253690426099833f,0.36756728512302334f,0.9053540686002685f,-0.4436131152430006f,0.7499898078122206f,-0.7835080118047228f,2.1831152176763853f,0f,0f,0f,1f],start_interpolation:0}
execute if entity @s[tag=aj.heiloang_aj.bone.neck_0] run data modify entity @s {} merge value {transformation:[-0.6405959400123247f,0.7664838862028707f,0.04625250080883034f,0.18425191448844233f,0.3504714823336373f,0.23825267423838783f,0.9057623326729367f,1.276967418202819f,0.6832324507154132f,0.5964378554464844f,-0.4212544395965572f,1.9629978893503233f,0f,0f,0f,1f],start_interpolation:0}
execute if entity @s[tag=aj.heiloang_aj.bone.neck_1] run data modify entity @s {} merge value {transformation:[-0.565675135990297f,0.8041123696581148f,-0.1827975313979111f,0.12768646339273834f,0.4158175364020421f,0.4695717166705826f,0.7788441303133629f,1.5666125890719167f,0.7121147498422539f,0.36456234016400174f,-0.5999890692264744f,1.7489351829449031f,0f,0f,0f,1f],start_interpolation:0}
execute if entity @s[tag=aj.heiloang_aj.bone.neck_2] run data modify entity @s {} merge value {transformation:[-0.7237782035763214f,0.5274063707133271f,-0.44495801168068605f,-0.07233462129416629f,0.01447422068353535f,0.6562982287081862f,0.754362732331139f,1.8537538425635915f,0.6898808657757058f,0.5395508827955839f,-0.48264814918433985f,1.5330616102592682f,0f,0f,0f,1f],start_interpolation:0}
execute if entity @s[tag=aj.heiloang_aj.bone.neck_3] run data modify entity @s {} merge value {transformation:[-0.958293287270282f,0.12135165701713266f,-0.25874263450756f,-0.20917261671606976f,0.027568589905988483f,0.940400933582126f,0.33894845768709636f,2.0063866853088057f,0.28445377203213895f,0.3176788621502257f,-0.9045253960611752f,1.0572767270520647f,0f,0f,0f,1f],start_interpolation:0}
execute if entity @s[tag=aj.heiloang_aj.bone.wing_right_2] run data modify entity @s {} merge value {transformation:[-2.08665531375766f,0.3375545093088697f,-1.032231834973703f,-4.072451183573635f,0.37798415670585384f,2.321783921172129f,-0.004838076781582359f,0.3780906833580088f,1.0181225786550925f,-0.17015399775740808f,-2.1137762507419944f,2.295088561323619f,0f,0f,0f,1f],start_interpolation:0}
execute if entity @s[tag=aj.heiloang_aj.bone.wing_right_1] run data modify entity @s {} merge value {transformation:[-2.7389035553647383f,-1.2375386212595099f,-1.4676935130338022f,-2.2569118429160158f,-1.374149471117508f,3.0494072673344315f,-0.006879088269999716f,1.277875763073971f,1.3406488422916218f,0.5973543769983312f,-3.005502820301965f,1.4630680258040392f,0f,0f,0f,1f],start_interpolation:0}
execute if entity @s[tag=aj.heiloang_aj.bone.wing_right_0] run data modify entity @s {} merge value {transformation:[-1.860205309905531f,-0.7204593333837617f,-0.9741532497197205f,-0.5344951427389035f,-0.7996932647280737f,2.0709586754089973f,-0.004565862105281852f,2.02165476131806f,0.9102345232673947f,0.3470857440005787f,-1.994844504958655f,0.6004443469085737f,0f,0f,0f,1f],start_interpolation:0}
execute if entity @s[tag=aj.heiloang_aj.bone.wing_left_2] run data modify entity @s {} merge value {transformation:[-2.217133851970393f,-0.06822398410054684f,0.7830957647448895f,3.988582689646133f,-0.14081205441519185f,2.3400423912682076f,-0.19480651611317032f,0.8422443224196793f,-0.7733469170426089f,-0.23048449271529328f,-2.209612511468803f,2.051342285818699f,0f,0f,0f,1f],start_interpolation:0}
execute if entity @s[tag=aj.heiloang_aj.bone.wing_left_1] run data modify entity @s {} merge value {transformation:[-2.974695055403738f,1.0481527431448667f,1.1134558488303155f,2.024055859361325f,1.0150292181865652f,3.1749349405967546f,-0.27698841511054434f,1.5110164076301085f,-1.1437323928629972f,0.09155721116204883f,-3.1417689704209804f,1.3503196828908988f,0f,0f,0f,1f],start_interpolation:0}
execute if entity @s[tag=aj.heiloang_aj.bone.wing_left_0] run data modify entity @s {} merge value {transformation:[-2.0238349858918703f,0.5350882751587097f,0.7390348352193751f,0.1475582022086653f,0.5025139936404844f,2.1545487784959447f,-0.1838457159607527f,1.9769440859045542f,-0.7615586885300062f,-0.00031443490188513666f,-2.0852885328067066f,0.6252582786033005f,0f,0f,0f,1f],start_interpolation:0}
execute if entity @s[tag=aj.heiloang_aj.bone.kazari_right] run data modify entity @s {} merge value {transformation:[-2.590551804282208f,0.06795537891475095f,-0.4373712431824922f,-2.2546216783984265f,0.19048145391481303f,-2.172990002954768f,-1.4658449615595073f,1.6368445175426105f,-0.3995351719197504f,-1.4766064817992122f,2.137024832065333f,-3.0545761025199045f,0f,0f,0f,1f],start_interpolation:0}
execute if entity @s[tag=aj.heiloang_aj.bone.kazari_left] run data modify entity @s {} merge value {transformation:[-2.590551804282208f,0.06795537891475095f,-0.4373712431824922f,2.7469818852666767f,0.19048145391481303f,-2.172990002954768f,-1.4658449615595073f,1.2690801218885281f,-0.3995351719197504f,-1.4766064817992122f,2.137024832065333f,-2.283189660303178f,0f,0f,0f,1f],start_interpolation:0}
execute if entity @s[tag=aj.heiloang_aj.bone.ring] run data modify entity @s {} merge value {transformation:[-1.9384422030018142f,-0.9433914861259552f,0.45318938128619335f,-0.05678490206890399f,-0.13408320154821723f,1.1698875629237226f,1.8618031772888888f,3.5457192958925954f,-1.0379738948875743f,1.610683668448117f,-1.0868461710428317f,-0.357732801898965f,0f,0f,0f,1f],start_interpolation:0}
execute if entity @s[tag=aj.heiloang_aj.bone.body_0] run data modify entity @s {} merge value {transformation:[-1.1254036835353978f,0.08406630097365257f,0.007195975489073799f,-0.19363327298054164f,0.07377364127960281f,1.0271385463791625f,-0.4617317753112985f,1.6795535371065164f,-0.040943557185234576f,-0.45996917235873763f,-1.0297593706989565f,0.041251032820324274f,0f,0f,0f,1f],start_interpolation:0}
execute if entity @s[tag=aj.heiloang_aj.bone.leg_right_3] run data modify entity @s {} merge value {transformation:[-0.8335799176202229f,-0.20971446103260186f,0.5110424305026616f,-0.480652024164307f,0.2344474614191291f,0.7033650324808626f,0.6710529181199653f,0.00424561521316158f,-0.5001788767774867f,0.6791888367140617f,-0.5371439428203686f,-1.0984549742813932f,0f,0f,0f,1f],start_interpolation:0}
execute if entity @s[tag=aj.heiloang_aj.bone.leg_right_2] run data modify entity @s {} merge value {transformation:[-0.8335799176202229f,0.16747684542186148f,0.5263991139694332f,-0.40362941780373346f,0.2344474614191291f,0.9701102711705601f,0.0626134937813553f,0.5912975760632394f,-0.5001788767774867f,0.1756062869515889f,-0.8479289611805271f,-0.9516508058395762f,0f,0f,0f,1f],start_interpolation:0}
execute if entity @s[tag=aj.heiloang_aj.bone.leg_right_1] run data modify entity @s {} merge value {transformation:[-0.8381525677798041f,0.05141345875878198f,0.543007301408167f,-0.7829312442545829f,0.10832613851914506f,0.9914066898074214f,0.07333636968532092f,0.6139767039132161f,-0.5345705948119966f,0.12028895071264895f,-0.8365194842314182f,-0.3523482155783405f,0f,0f,0f,1f],start_interpolation:0}
execute if entity @s[tag=aj.heiloang_aj.bone.leg_right_0] run data modify entity @s {} merge value {transformation:[-0.6861411196953883f,0.6181866772244732f,0.3834782861718819f,-0.28070178851127625f,0.3496145727203661f,0.7424903468776062f,-0.571382302259291f,1.1052555932750452f,-0.6379498525783313f,-0.25797929547879794f,-0.7255802289888751f,-0.5667011095625201f,0f,0f,0f,1f],start_interpolation:0}
execute if entity @s[tag=aj.heiloang_aj.bone.leg_left_3] run data modify entity @s {} merge value {transformation:[-0.8578485889670253f,-0.4411074085894564f,0.26366655551051255f,1.007244483214994f,-0.3016940407835992f,0.8476235794417721f,0.43648020955134004f,0.034628131836764275f,-0.4160246436966779f,0.2948873033241889f,-0.8602121681162387f,-0.49943803408135584f,0f,0f,0f,1f],start_interpolation:0}
execute if entity @s[tag=aj.heiloang_aj.bone.leg_left_2] run data modify entity @s {} merge value {transformation:[-0.8578485889670253f,-0.35757973256218434f,0.3690969158202768f,0.7723570073078838f,-0.3016940407835992f,0.9318506422912132f,0.20158146297990143f,0.59185502284226f,-0.4160246436966779f,0.06157203360463384f,-0.9072664330365376f,-0.4191883231614615f,0f,0f,0f,1f],start_interpolation:0}
execute if entity @s[tag=aj.heiloang_aj.bone.leg_left_1] run data modify entity @s {} merge value {transformation:[-0.9064785501001786f,-0.2735040915596176f,0.3217019585088444f,0.5248222205391266f,-0.18602409882095622f,0.9426239494904044f,0.277227568082546f,0.4670004169587515f,-0.37906684485210396f,0.19145652704272048f,-0.905346743179988f,0.23402348767161918f,0f,0f,0f,1f],start_interpolation:0}
execute if entity @s[tag=aj.heiloang_aj.bone.leg_left_0] run data modify entity @s {} merge value {transformation:[-0.8661664046935293f,-0.2697871399498093f,0.4206788068086948f,0.32482769319829374f,-0.4200821984164757f,0.849026182392272f,-0.3204457648120587f,1.0504816229483742f,-0.2707151749604477f,-0.45427903399794545f,-0.8487307307479962f,-0.16483539438921124f,0f,0f,0f,1f],start_interpolation:0}
execute if entity @s[tag=aj.heiloang_aj.bone.tail_4] run data modify entity @s {} merge value {transformation:[-0.9802713553294186f,1.2299703194532805f,0.10533492712435856f,0.6877790722133803f,-0.03937547433289497f,0.1032842045735187f,-1.5724618624292128f,-1.748986197002654f,-1.233844400898816f,-0.9804895461132079f,-0.03350534317136553f,-3.272572353035546f,0f,0f,0f,1f],start_interpolation:0}
execute if entity @s[tag=aj.heiloang_aj.bone.tail_3] run data modify entity @s {} merge value {transformation:[-0.8013253599907455f,0.5292868105266401f,0.27880663485333135f,0.30138980417143124f,-0.0060139756010184064f,0.45890265073512704f,-0.8884662003957968f,-0.5736884032739293f,-0.5981985452449484f,-0.7136272341711818f,-0.36454721383658484f,-2.766794949429573f,0f,0f,0f,1f],start_interpolation:0}
execute if entity @s[tag=aj.heiloang_aj.bone.tail_2] run data modify entity @s {} merge value {transformation:[-0.8903909164174861f,0.4478003841757751f,0.08172412063312468f,0.24558113073458607f,0.2950602453265596f,0.7044874856876463f,-0.6454741157764026f,-0.05541118425749292f,-0.34661717728505576f,-0.5506107503868105f,-0.7593973491983058f,-2.1822464834168667f,0f,0f,0f,1f],start_interpolation:0}
execute if entity @s[tag=aj.heiloang_aj.bone.tail_1] run data modify entity @s {} merge value {transformation:[-0.9432434868121625f,0.3231115406660188f,0.07675061481750867f,0.19105857857721426f,0.2137032384393105f,0.7674348131100946f,-0.6044623507773046f,0.42992846842859145f,-0.254209855172818f,-0.5537533204551515f,-0.7929278716364492f,-1.571936951461973f,0f,0f,0f,1f],start_interpolation:0}
execute if entity @s[tag=aj.heiloang_aj.bone.tail_ring] run data modify entity @s {} merge value {transformation:[-0.9057408705700493f,0.4167657013856354f,0.07707026357518693f,0.21506014170842086f,0.3308287517059701f,0.808867776582479f,-0.4860918195682646f,0.3851604623586905f,-0.26492605085887455f,-0.4147761687405099f,-0.8705026808811476f,-1.7098989983481876f,0f,0f,0f,1f],start_interpolation:0}
execute if entity @s[tag=aj.heiloang_aj.bone.tail_0] run data modify entity @s {} merge value {transformation:[-0.9057408705700493f,0.4167657013856354f,0.07707026357518693f,0.09798334854030709f,0.3308287517059701f,0.808867776582479f,-0.4860918195682646f,1.0459047466169975f,-0.26492605085887455f,-0.4147761687405099f,-0.8705026808811476f,-0.48452141742240973f,0f,0f,0f,1f],start_interpolation:0}
execute if entity @s[tag=aj.heiloang_aj.bone.body_1] run data modify entity @s {} merge value {transformation:[-0.8308482598618225f,0.4134320754308865f,0.37251186301846984f,-0.0012513147531838782f,0.07515547848001405f,0.7466121468510105f,-0.6610007233195476f,1.3308120566756003f,-0.551400782679007f,-0.5211949934328175f,-0.6513930884508552f,-0.2906321976685888f,0f,0f,0f,1f],start_interpolation:0}