execute if entity @s[tag=aj.heiloang_aj.bone.head_lower] run data modify entity @s {} merge value {transformation:[-0.5980491699166132f,-0.13602141210981275f,0.5136490687324394f,-1.6276910405160774f,-0.03944641477533726f,0.7825749119409675f,0.16130867168865765f,4.353206355748321f,-0.5298878850506227f,0.09526112873695952f,-0.5917297919053411f,0.7913385861029157f,0f,0f,0f,1f],start_interpolation:0}
execute if entity @s[tag=aj.heiloang_aj.bone.horne_right] run data modify entity @s {} merge value {transformation:[-0.7860646429644957f,-0.027385718713190732f,0.14612460262276722f,-1.5515065521430806f,-0.14846677384843537f,0.10363497289211632f,-0.7792415604013225f,4.223583066441704f,0.007745588688870875f,-0.7927861091140612f,-0.10691207158993091f,0.20156685360217286f,0f,0f,0f,1f],start_interpolation:0}
execute if entity @s[tag=aj.heiloang_aj.bone.horne_left] run data modify entity @s {} merge value {transformation:[-0.0957915555907562f,0.780686607023485f,0.14612460262276722f,-1.0430451478799763f,0.09030087858389901f,0.1569341959876434f,-0.7792415604013225f,4.257120408283696f,-0.7890942460850154f,-0.0768119765653148f,-0.10691207158993091f,0.6520775334722122f,0f,0f,0f,1f],start_interpolation:0}
execute if entity @s[tag=aj.heiloang_aj.bone.head_upper] run data modify entity @s {} merge value {transformation:[-0.8760074728646071f,0.7483047786662682f,0.21403966480676387f,-1.504090794752829f,-0.05778012220254464f,0.2588409986920196f,-1.1414135566368473f,4.16047530274337f,-0.776166526825026f,-0.8638306593432217f,-0.15660212966314105f,0.6652151603580629f,0f,0f,0f,1f],start_interpolation:0}
execute if entity @s[tag=aj.heiloang_aj.bone.neck_0] run data modify entity @s {} merge value {transformation:[-0.700875088458536f,0.24330394402937433f,0.6705052581434319f,-1.2326362827431294f,-0.22636250090512178f,0.8155636060465823f,-0.5325561216212559f,3.8790213662436845f,-0.6764126910120906f,-0.5250325659538141f,-0.516533325280892f,0.47932167427715305f,0f,0f,0f,1f],start_interpolation:0}
execute if entity @s[tag=aj.heiloang_aj.bone.neck_1] run data modify entity @s {} merge value {transformation:[-0.4741278580317099f,0.4672598729552455f,0.7462378879178612f,-0.9549005079954516f,-0.18034270805334457f,0.7780491774835794f,-0.6017607373941174f,3.6694755113448814f,-0.8617884206058055f,-0.4198900910273705f,-0.2846278791102124f,0.3703712651035327f,0f,0f,0f,1f],start_interpolation:0}
execute if entity @s[tag=aj.heiloang_aj.bone.neck_2] run data modify entity @s {} merge value {transformation:[-0.6749639265960689f,0.35436574072833615f,0.6471851509360161f,-0.7015608608874269f,-0.2400897274699735f,0.7239091029621582f,-0.6467708507747683f,3.3801652415502548f,-0.6976966536808172f,-0.5919294995576596f,-0.4035329565178146f,0.22484283435992114f,0f,0f,0f,1f],start_interpolation:0}
execute if entity @s[tag=aj.heiloang_aj.bone.neck_3] run data modify entity @s {} merge value {transformation:[-0.8543312410105076f,0.3281561052112995f,0.40302816433345734f,-0.5009404961276858f,-0.15732514073185305f,0.5757901466031001f,-0.8023182081745891f,2.9510220906822275f,-0.4953452641614215f,-0.7488519731477852f,-0.44028830507466415f,0.015128023078522512f,0f,0f,0f,1f],start_interpolation:0}
execute if entity @s[tag=aj.heiloang_aj.bone.wing_right_2] run data modify entity @s {} merge value {transformation:[-1.160530279673236f,1.8432422468175642f,0.8883712601325565f,-3.429143207324884f,1.5280415973326675f,1.4599619217995192f,-1.0330421433985606f,4.443541178322665f,-1.360821205413701f,0.06741819311876868f,-1.9176017418781222f,-2.7270704614727004f,0f,0f,0f,1f],start_interpolation:0}
execute if entity @s[tag=aj.heiloang_aj.bone.wing_right_1] run data modify entity @s {} merge value {transformation:[-1.906490936766499f,2.4406925373566843f,1.2631433089790671f,-2.200146993819719f,1.9517942346818808f,2.2847779893875213f,-1.4688456615903815f,3.188013682774411f,-1.9346861105589626f,-0.10014115138995343f,-2.726569305245793f,-1.418913944157762f,0f,0f,0f,1f],start_interpolation:0}
execute if entity @s[tag=aj.heiloang_aj.bone.wing_right_0] run data modify entity @s {} merge value {transformation:[-1.7331162002559357f,1.1053576240003484f,0.8383869986317367f,-0.5814097865147627f,0.715713731477756f,1.8616360584075065f,-0.9749179660931216f,2.5144946537725437f,-1.1884704838508247f,-0.49081127646099093f,-1.8097077664402388f,-0.32799320004842303f,0f,0f,0f,1f],start_interpolation:0}
execute if entity @s[tag=aj.heiloang_aj.bone.wing_left_2] run data modify entity @s {} merge value {transformation:[-1.4674458557060794f,-1.0650648122371196f,1.4986045551199847f,3.0292984251554507f,-1.8245600780884494f,1.0795303983270863f,-1.019397197786339f,5.252480807245011f,-0.22618397011709057f,-1.7982844800373157f,-1.4995298419304635f,1.2712111723426522f,0f,0f,0f,1f],start_interpolation:0}
execute if entity @s[tag=aj.heiloang_aj.bone.wing_left_1] run data modify entity @s {} merge value {transformation:[-2.232007463890818f,-1.290349113576918f,2.130812197057013f,1.5355442475338288f,-2.421523989071994f,1.795146587275583f,-1.44944440163867f,3.6891176021130976f,-0.5844510453276046f,-2.509913677436754f,-2.1321278292661963f,0.9209992302863135f,0f,0f,0f,1f],start_interpolation:0}
execute if entity @s[tag=aj.heiloang_aj.bone.wing_left_0] run data modify entity @s {} merge value {transformation:[-1.6859939887312008f,-0.29261040255983367f,1.414285481179817f,-0.021305830567640432f,-1.0973457365835018f,1.6729345240477644f,-0.9620407541529055f,2.6607358989364474f,-0.9389657098980057f,-1.429709491667049f,-1.415158706673171f,0.03629871284773914f,0f,0f,0f,1f],start_interpolation:0}
execute if entity @s[tag=aj.heiloang_aj.bone.kazari_right] run data modify entity @s {} merge value {transformation:[-2.263581202090232f,0.43730711438308634f,-1.2616785715109566f,-1.0835940050709947f,-0.17533129274185955f,-2.5589999248566464f,-0.5724058970043864f,0.18296368962812282f,-1.3237557432870535f,-0.40884234229084676f,2.233246260451571f,-3.4004147311234734f,0f,0f,0f,1f],start_interpolation:0}
execute if entity @s[tag=aj.heiloang_aj.bone.kazari_left] run data modify entity @s {} merge value {transformation:[-2.263581202090232f,0.43730711438308634f,-1.2616785715109566f,3.286724236897852f,-0.17533129274185955f,-2.5589999248566464f,-0.5724058970043864f,0.5214775217584464f,-1.3237557432870535f,-0.40884234229084676f,2.233246260451571f,-0.8446266430017617f,0f,0f,0f,1f],start_interpolation:0}
execute if entity @s[tag=aj.heiloang_aj.bone.ring] run data modify entity @s {} merge value {transformation:[-1.7306733180456841f,-0.9618631271988485f,0.9656684091985311f,0.7403479159974653f,-0.6332570873802386f,1.9495518076273648f,0.806944543598628f,3.355127721135098f,-1.2069306580211923f,0.3563612769313648f,-1.8081071076726638f,-2.0555944771291905f,0f,0f,0f,1f],start_interpolation:0}
execute if entity @s[tag=aj.heiloang_aj.bone.body_0] run data modify entity @s {} merge value {transformation:[-0.9241843909351337f,0.5711415080075097f,0.3055044440273126f,-0.15413858611748804f,-0.24130141316866033f,0.19039077089400055f,-1.0858993315675582f,1.950107245606473f,-0.6010900227855535f,-0.9545685455361338f,-0.03379426457798671f,-0.1162778269697069f,0f,0f,0f,1f],start_interpolation:0}
execute if entity @s[tag=aj.heiloang_aj.bone.leg_right_3] run data modify entity @s {} merge value {transformation:[-0.6767698599200017f,-0.17077213048612f,0.7161141222969236f,-0.607688987954178f,0.13687200266289498f,0.9265778109562184f,0.3503135954122127f,0.032423521142573075f,-0.7233592548595132f,0.3350976569491564f,-0.603706011827177f,-0.6512502666184143f,0f,0f,0f,1f],start_interpolation:0}
execute if entity @s[tag=aj.heiloang_aj.bone.leg_right_2] run data modify entity @s {} merge value {transformation:[-0.6767698599200017f,0.3381077040364072f,0.6539615716348255f,-0.4329094373379126f,0.13687200266289498f,0.9305988755787495f,-0.33948753682368954f,0.6144153899306372f,-0.7233592548595132f,-0.14024590276652188f,-0.6760787492343575f,-0.7046499281467784f,0f,0f,0f,1f],start_interpolation:0}
execute if entity @s[tag=aj.heiloang_aj.bone.leg_right_1] run data modify entity @s {} merge value {transformation:[-0.700654781376731f,0.2272893050521972f,0.67633013325063f,-0.893084247497357f,0.008647333550839126f,0.9505397385384564f,-0.3104825745218302f,0.9048602154086863f,-0.7134480366196169f,-0.21169264812017577f,-0.6679656591288816f,-0.24920645137874153f,0f,0f,0f,1f],start_interpolation:0}
execute if entity @s[tag=aj.heiloang_aj.bone.leg_right_0] run data modify entity @s {} merge value {transformation:[-0.5252879169456118f,0.7582963685156816f,0.38608188484681577f,-0.2941296299055068f,0.14679453051194039f,0.5276720556425614f,-0.8366681346302923f,1.2286420904811237f,-0.8381670299664138f,-0.38281695258946347f,-0.3884935143440587f,-0.5248061610088144f,0f,0f,0f,1f],start_interpolation:0}
execute if entity @s[tag=aj.heiloang_aj.bone.leg_left_3] run data modify entity @s {} merge value {transformation:[-0.8660933806878754f,-0.31405409730738953f,0.38891166078312367f,0.8349654454899705f,-0.33819760471123533f,0.9410508189090041f,0.006762869086144818f,0.08237282781011246f,-0.36810954360927667f,-0.1256717159711522f,-0.921250228607101f,-0.004252836272524388f,0f,0f,0f,1f],start_interpolation:0}
execute if entity @s[tag=aj.heiloang_aj.bone.leg_left_2] run data modify entity @s {} merge value {transformation:[-0.8660933806878754f,-0.25005513272781604f,0.432844875821721f,0.6624652817472825f,-0.33819760471123533f,0.9307509830800326f,-0.1390143433719568f,0.6549993819197081f,-0.36810954360927667f,-0.2667865028295613f,-0.8906853124486461f,-0.12448791242631096f,0f,0f,0f,1f],start_interpolation:0}
execute if entity @s[tag=aj.heiloang_aj.bone.leg_left_1] run data modify entity @s {} merge value {transformation:[-0.9042549124424925f,-0.1844083053514364f,0.38511898192770455f,0.37687026342486807f,-0.21309626876263704f,0.976481342908633f,-0.03277448993951115f,0.7514328999031212f,-0.3700176125038676f,-0.11170391160905924f,-0.9222847730328052f,0.51791684720859f,0f,0f,0f,1f],start_interpolation:0}
execute if entity @s[tag=aj.heiloang_aj.bone.leg_left_0] run data modify entity @s {} merge value {transformation:[-0.8897753118572336f,-0.1730860227362164f,0.42230453838754883f,0.24677719272016535f,-0.4103951679335035f,0.7082748599739267f,-0.5743888307285808f,1.2153194050153282f,-0.19968900957787916f,-0.6843887429394734f,-0.7012391517817107f,-0.03653931863106119f,0f,0f,0f,1f],start_interpolation:0}
execute if entity @s[tag=aj.heiloang_aj.bone.tail_4] run data modify entity @s {} merge value {transformation:[-1.3142630090035303f,0.7339991081808386f,-0.4677738941437352f,0.10394143157884994f,0.6469320773640493f,1.3905419430136754f,0.3643162852314772f,-1.0348616676968572f,0.5822765615496609f,0.11177109464061397f,-1.4605874133239738f,-3.3554511417151156f,0f,0f,0f,1f],start_interpolation:0}
execute if entity @s[tag=aj.heiloang_aj.bone.tail_3] run data modify entity @s {} merge value {transformation:[-0.8419299730720743f,0.2420342020689585f,-0.4822586084993186f,0.7420761626146597f,0.37432746261644945f,0.9057024115219672f,-0.19895248803275614f,-0.7926363118296479f,0.3886294780044187f,-0.34802670413653003f,-0.8531380556708728f,-2.2063021981830513f,0f,0f,0f,1f],start_interpolation:0}
execute if entity @s[tag=aj.heiloang_aj.bone.tail_2] run data modify entity @s {} merge value {transformation:[-0.931257253708758f,0.35238284051691793f,0.09266208029205061f,0.6759597882422281f,0.2740044326738612f,0.8449211320332135f,-0.45937985536894055f,-0.41750517599352066f,-0.2401697280880702f,-0.4024110017792028f,-0.8833933933175869f,-1.521957220217887f,0f,0f,0f,1f],start_interpolation:0}
execute if entity @s[tag=aj.heiloang_aj.bone.tail_1] run data modify entity @s {} merge value {transformation:[-0.8968733817269576f,0.3110896952457211f,0.31439042393427896f,0.43552210739051433f,-0.027266661151824717f,0.6705861355880954f,-0.7413304013371207f,0.1731592376243336f,-0.44144610808034407f,-0.6734518811830205f,-0.5929484778560176f,-1.069950268866108f,0f,0f,0f,1f],start_interpolation:0}
execute if entity @s[tag=aj.heiloang_aj.bone.tail_ring] run data modify entity @s {} merge value {transformation:[-0.7378683142121213f,0.6009482767517761f,0.3072645758150999f,0.4983167422229191f,0.1802433618052308f,0.6141550754691152f,-0.7683266712803053f,0.08179295217699356f,-0.6504326878370361f,-0.5115415055932375f,-0.5614825078740142f,-1.1665049761623871f,0f,0f,0f,1f],start_interpolation:0}
execute if entity @s[tag=aj.heiloang_aj.bone.tail_0] run data modify entity @s {} merge value {transformation:[-0.7378683142121213f,0.6009482767517761f,0.3072645758150999f,0.05551967876825373f,0.1802433618052308f,0.6141550754691152f,-0.7683266712803053f,1.141190877664383f,-0.6504326878370361f,-0.5115415055932375f,-0.5614825078740142f,-0.37061114116741545f,0f,0f,0f,1f],start_interpolation:0}
execute if entity @s[tag=aj.heiloang_aj.bone.body_1] run data modify entity @s {} merge value {transformation:[-0.742179375077031f,0.6016450110601137f,0.2952847030862648f,-0.003538913771053075f,0.018280084405950643f,0.4585997381433161f,-0.8884549052647486f,1.485898235f,-0.6699519488175097f,-0.6539950770773107f,-0.3513613886502943f,-0.2912282481329695f,0f,0f,0f,1f],start_interpolation:0}