execute if entity @s[tag=aj.heiloang_aj.bone.head_lower] run data modify entity @s {} merge value {transformation:[-0.7356055218138031f,-0.01568443929964558f,0.31406769117643824f,-0.36825709243729937f,0.2685245626479803f,0.38446766317143954f,0.6481351519785077f,0.8534956657964875f,-0.16364313469178504f,0.7013833576150409f,-0.3482560984805551f,2.550139172036477f,0f,0f,0f,1f],start_interpolation:0}
execute if entity @s[tag=aj.heiloang_aj.bone.horne_right] run data modify entity @s {} merge value {transformation:[-0.6395811042593506f,-0.39085360565440785f,0.2795880362628894f,-0.5226093664243475f,-0.24632760463507822f,0.6662860383438658f,0.3679478581304435f,1.4422276561798193f,-0.41262419011630264f,0.20807780769458623f,-0.6530274907504892f,2.547495524828997f,0f,0f,0f,1f],start_interpolation:0}
execute if entity @s[tag=aj.heiloang_aj.bone.horne_left] run data modify entity @s {} merge value {transformation:[-0.44510945587205436f,0.6030821687564186f,0.2795880362628894f,0.10280244822174783f,0.6422817534694908f,0.3034609082853591f,0.3679478581304435f,1.2139280730165063f,0.17132344105066316f,0.4291892063771872f,-0.6530274907504892f,2.6866249179439525f,0f,0f,0f,1f],start_interpolation:0}
execute if entity @s[tag=aj.heiloang_aj.bone.head_upper] run data modify entity @s {} merge value {transformation:[-1.0774965782148136f,0.21082100181102365f,0.40953356581697387f,-0.2661913430398034f,0.3933280662526954f,0.9633153040445644f,0.5389608238930205f,1.0645103856787625f,-0.23970037261815946f,0.6330404746846167f,-0.9565383427640478f,2.4344466102199f,0f,0f,0f,1f],start_interpolation:0}
execute if entity @s[tag=aj.heiloang_aj.bone.neck_0] run data modify entity @s {} merge value {transformation:[-0.9700252631229226f,0.2377888909823259f,-0.05007426713094f,-0.30250864669220945f,0.03510055123745281f,0.3410100210905139f,0.9394041285935857f,1.444002019898557f,0.2404556928129008f,0.9094881026386452f,-0.33913485658750125f,2.2291969777195835f,0f,0f,0f,1f],start_interpolation:0}
execute if entity @s[tag=aj.heiloang_aj.bone.neck_1] run data modify entity @s {} merge value {transformation:[-0.9634182675303268f,0.23442520953525545f,-0.12988480636015814f,-0.3469071630645728f,0.0649883892145357f,0.674527268272392f,0.7353838954072114f,1.7203707266631172f,0.2600033673938939f,0.70004127413413f,-0.6650868089599279f,1.9956034692389755f,0f,0f,0f,1f],start_interpolation:0}
execute if entity @s[tag=aj.heiloang_aj.bone.neck_2] run data modify entity @s {} merge value {transformation:[-0.977243454557986f,0.07557432524691327f,-0.19820129133546982f,-0.4306631913421656f,-0.04354401255139856f,0.8430077813615444f,0.5361359897776031f,1.9118246039270503f,0.20760334653973572f,0.532565866280745f,-0.8205330271099036f,1.6414985783267966f,0f,0f,0f,1f],start_interpolation:0}
execute if entity @s[tag=aj.heiloang_aj.bone.neck_3] run data modify entity @s {} merge value {transformation:[-0.9977905559597532f,-0.036715320202759666f,0.05537139785065649f,-0.40111938558159077f,-0.029911563250110934f,0.9924371532155389f,0.11905374963171647f,1.9494018131499078f,-0.059323728991538274f,0.11713446196506672f,-0.9913426314845402f,1.1256422091189853f,0f,0f,0f,1f],start_interpolation:0}
execute if entity @s[tag=aj.heiloang_aj.bone.wing_right_2] run data modify entity @s {} merge value {transformation:[0.008155190980381876f,-2.347942294485436f,0.14379318811247377f,-4.368989515870629f,-2.3407754951142254f,0.006141683015417406f,0.2330415575031577f,0.028027304247720153f,-0.23297978593395813f,-0.14389325146515375f,-2.336362805270183f,0.1763334845944528f,0f,0f,0f,1f],start_interpolation:0}
execute if entity @s[tag=aj.heiloang_aj.bone.wing_right_1] run data modify entity @s {} merge value {transformation:[-2.8575857519684833f,-1.7261578275906195f,0.2044543892763233f,-2.5011872495762955f,-1.7034828613661768f,2.8592953333823585f,0.3313534524183629f,1.1382869403221088f,-0.34578690559132286f,0.17896402891503188f,-3.32199067806881f,0.45326794111976676f,0f,0f,0f,1f],start_interpolation:0}
execute if entity @s[tag=aj.heiloang_aj.bone.wing_right_0] run data modify entity @s {} merge value {transformation:[-1.9771067386446928f,-1.000516733090215f,0.13570265587758584f,-0.6611408189149642f,-0.9854239477355293f,1.9771117003447223f,0.21992946048523068f,2.0566184643785896f,-0.2199740603686511f,0.13563034751295241f,-2.2049072138297436f,0.6401969212264835f,0f,0f,0f,1f],start_interpolation:0}
execute if entity @s[tag=aj.heiloang_aj.bone.wing_left_2] run data modify entity @s {} merge value {transformation:[-0.049692668838046974f,2.2754896653765337f,0.5943512662974253f,3.6832865347249513f,2.3518192462164724f,0.0499175188202376f,0.005520938472854043f,0.11320360229508841f,-0.007271733668254011f,0.5943324241537157f,-2.2760255046484064f,1.678832825462252f,0f,0f,0f,1f],start_interpolation:0}
execute if entity @s[tag=aj.heiloang_aj.bone.wing_left_1] run data modify entity @s {} merge value {transformation:[-2.8093175882047356f,1.6064811739973632f,0.8450867997404674f,1.8311183412863556f,1.6621266569813782f,2.9024975669518396f,0.007850024876120059f,1.201308442531243f,-0.7295810014353703f,0.4265499787020309f,-3.236199229175153f,1.2503992850498413f,0f,0f,0f,1f],start_interpolation:0}
execute if entity @s[tag=aj.heiloang_aj.bone.wing_left_0] run data modify entity @s {} merge value {transformation:[-1.960246914542734f,0.8781867351667832f,0.5609100571417835f,0.012337753959608982f,0.9088743785420675f,2.025418528792797f,0.005210302543101097f,2.0467180134114855f,-0.5096855874511883f,0.23423885544445153f,-2.147964794996559f,0.7591092166619267f,0f,0f,0f,1f],start_interpolation:0}
execute if entity @s[tag=aj.heiloang_aj.bone.kazari_right] run data modify entity @s {} merge value {transformation:[-2.5681741638050957f,0.4672207963479291f,-0.3050514389086853f,-2.0296507110141815f,-0.0026640536458302586f,-1.4470234329958f,-2.1938519265746885f,2.5610164719859045f,-0.5579825765545232f,-2.1435246908718613f,1.4145061090149171f,-3.300516065707464f,0f,0f,0f,1f],start_interpolation:0}
execute if entity @s[tag=aj.heiloang_aj.bone.kazari_left] run data modify entity @s {} merge value {transformation:[-2.5681741638050957f,0.4672207963479291f,-0.3050514389086853f,2.9287481245417486f,-0.0026640536458302586f,-1.4470234329958f,-2.1938519265746885f,2.566159986269909f,-0.5579825765545232f,-2.1435246908718613f,1.4145061090149171f,-2.223213678337751f,0f,0f,0f,1f],start_interpolation:0}
execute if entity @s[tag=aj.heiloang_aj.bone.ring] run data modify entity @s {} merge value {transformation:[-2.06602671364286f,-0.7582270749836695f,0.09773232351593603f,-0.1865529740650207f,0.027760404508517463f,0.20702805144317532f,2.1930104951051175f,3.69237707887166f,-0.7639955917671502f,2.0579497988195388f,-0.18460673628828145f,0.05552882013872146f,0f,0f,0f,1f],start_interpolation:0}
execute if entity @s[tag=aj.heiloang_aj.bone.body_0] run data modify entity @s {} merge value {transformation:[-1.1112551126825305f,0.04990312857603815f,0.19045768095021529f,-0.216872824656805f,0.016335971474338434f,1.1113150029292345f,-0.19586851773079467f,1.881276869197824f,-0.19620801846662697f,-0.1901079113566619f,-1.0949948728038323f,0.07646072524426734f,0f,0f,0f,1f],start_interpolation:0}
execute if entity @s[tag=aj.heiloang_aj.bone.leg_right_3] run data modify entity @s {} merge value {transformation:[-0.9460936463699308f,-0.1117108476371673f,0.30401891194238934f,-0.5123124580441483f,0.18286374318723744f,0.5905053245490376f,0.7860434549735708f,0.3821521498519229f,-0.267334366900331f,0.7992647547586604f,-0.5382454719499066f,-1.3485187368941545f,0f,0f,0f,1f],start_interpolation:0}
execute if entity @s[tag=aj.heiloang_aj.bone.leg_right_2] run data modify entity @s {} merge value {transformation:[-0.9460936463699308f,0.06747328312053741f,0.3167872604183831f,-0.4862214924986744f,0.18286374318723744f,0.9185430157970509f,0.3504847779262472f,0.924260664214452f,-0.267334366900331f,0.3895203257795344f,-0.8813661282796182f,-1.0700379104932205f,0f,0f,0f,1f],start_interpolation:0}
execute if entity @s[tag=aj.heiloang_aj.bone.leg_right_1] run data modify entity @s {} merge value {transformation:[-0.9445336200125515f,-0.03145941659959206f,0.32690449029219315f,-0.7192564364056147f,0.06408488821042208f,0.9586109509957373f,0.2774133589683559f,0.8004751431109371f,-0.32210148675385375f,0.2829758819020828f,-0.9034241985317282f,-0.41131211566943104f,0f,0f,0f,1f],start_interpolation:0}
execute if entity @s[tag=aj.heiloang_aj.bone.leg_right_0] run data modify entity @s {} merge value {transformation:[-0.7880971987068441f,0.5572937400380662f,0.26139336775214783f,-0.2660620459814122f,0.45612965450362886f,0.8138677623808787f,-0.35995139066204734f,1.3543072403396015f,-0.41333829204759814f,-0.16444741612906516f,-0.895605104750776f,-0.5769061647036222f,0f,0f,0f,1f],start_interpolation:0}
execute if entity @s[tag=aj.heiloang_aj.bone.leg_left_3] run data modify entity @s {} merge value {transformation:[-0.8491234902186883f,-0.4498602357443111f,0.2767942677421376f,0.9669862082405819f,-0.21868437928267123f,0.7764334288517816f,0.5910399925717533f,0.2586461404070126f,-0.48079771278219086f,0.44133535872116403f,-0.757665269446789f,-0.49409875575910717f,0f,0f,0f,1f],start_interpolation:0}
execute if entity @s[tag=aj.heiloang_aj.bone.leg_left_2] run data modify entity @s {} merge value {transformation:[-0.8491234902186883f,-0.30744446280901955f,0.42949645009814313f,0.7597407210053625f,-0.21868437928267123f,0.9448042919413923f,0.2439712937762907f,0.8217513924865749f,-0.48079771278219086f,0.11323759189066981f,-0.8694888194601562f,-0.3842091129284937f,0f,0f,0f,1f],start_interpolation:0}
execute if entity @s[tag=aj.heiloang_aj.bone.leg_left_1] run data modify entity @s {} merge value {transformation:[-0.8864468849499244f,-0.1733113395175537f,0.42915626496324955f,0.4439048066687444f,-0.09651544666515288f,0.9760782146686445f,0.19482322090628096f,0.7575551584182139f,-0.45265515430358416f,0.13128022868620715f,-0.8819687142061761f,0.24798890338396282f,0f,0f,0f,1f],start_interpolation:0}
execute if entity @s[tag=aj.heiloang_aj.bone.leg_left_0] run data modify entity @s {} merge value {transformation:[-0.8866916133000214f,-0.11578960774560965f,0.4476279142787267f,0.3574875740379373f,-0.3258797745310344f,0.8432928254301254f,-0.42738692437845827f,1.3330386412307518f,-0.3279944442441173f,-0.524833285259418f,-0.7854741671301475f,-0.20021569211075926f,0f,0f,0f,1f],start_interpolation:0}
execute if entity @s[tag=aj.heiloang_aj.bone.tail_4] run data modify entity @s {} merge value {transformation:[-1.079720211955892f,-0.2753563158266785f,-1.1150056174369511f,-0.5592249621848397f,0.73412404590402f,1.0114456823272358f,-0.9606736597902421f,-1.0263368711695728f,0.8832443109395666f,-1.177289639266236f,-0.5645555385938037f,-3.68726167168239f,0f,0f,0f,1f],start_interpolation:0}
execute if entity @s[tag=aj.heiloang_aj.bone.tail_3] run data modify entity @s {} merge value {transformation:[-0.8917105560073295f,-0.02034205860639913f,-0.4521487420714041f,0.045521372549646055f,0.2428366940925274f,0.8215259165019201f,-0.5158735392689686f,-0.35840656959436484f,0.38194583949470035f,-0.5698081862937155f,-0.7276235335153438f,-2.7000517977128995f,0f,0f,0f,1f],start_interpolation:0}
execute if entity @s[tag=aj.heiloang_aj.bone.tail_2] run data modify entity @s {} merge value {transformation:[-0.9468332603023959f,0.1175353531123918f,-0.29948659060779464f,0.28216674389691265f,0.2557324693443866f,0.8397796394143318f,-0.4789269895799953f,0.031936037258871286f,0.19521188823470173f,-0.5300524483425012f,-0.8251889000089387f,-2.063612947237118f,0f,0f,0f,1f],start_interpolation:0}
execute if entity @s[tag=aj.heiloang_aj.bone.tail_1] run data modify entity @s {} merge value {transformation:[-0.987273458130135f,0.15897560048730838f,-0.004228158164549994f,0.28815588789546487f,0.12498145052967405f,0.7591732295361959f,-0.6387766781740555f,0.5439523157174765f,-0.09834000150123742f,-0.6311757013742544f,-0.7693805807917525f,-1.4730128518207968f,0f,0f,0f,1f],start_interpolation:0}
execute if entity @s[tag=aj.heiloang_aj.bone.tail_ring] run data modify entity @s {} merge value {transformation:[-0.9315811311607326f,0.3368911830062625f,0.13660500312188834f,0.3182357314225428f,0.1838298924669526f,0.7607394620755081f,-0.6224805550992376f,0.47809152576182457f,-0.3136290271975456f,-0.5547790566105639f,-0.7706211985440147f,-1.6009633701513375f,0f,0f,0f,1f],start_interpolation:0}
execute if entity @s[tag=aj.heiloang_aj.bone.tail_0] run data modify entity @s {} merge value {transformation:[-0.9315811311607326f,0.3368911830062625f,0.13660500312188834f,0.11979972516757176f,0.1838298924669526f,0.7607394620755081f,-0.6224805550992376f,1.330444754110026f,-0.3136290271975456f,-0.5547790566105639f,-0.7706211985440147f,-0.5119466916472668f,0f,0f,0f,1f],start_interpolation:0}
execute if entity @s[tag=aj.heiloang_aj.bone.body_1] run data modify entity @s {} merge value {transformation:[-0.855573729074122f,0.3095584579101711f,0.41493030168267764f,-0.0016104082661810473f,0.029182689023491734f,0.8290832210816645f,-0.5583631284229017f,1.5852313856831173f,-0.5168577800319535f,-0.46561204200184564f,-0.7183755713854085f,-0.2906864938443566f,0f,0f,0f,1f],start_interpolation:0}