execute if entity @s[tag=aj.heiloang_aj.bone.head_lower] run data modify entity @s {} merge value {transformation:[-0.5011673084060327f,0.5991061960976306f,-0.17292511322095416f,0.06998523205497786f,0.6146871344042533f,0.5119562855355013f,-0.007777435218630576f,4.81479360852826f,0.10483823626397057f,-0.13774079823392854f,-0.7810482806580784f,1.1938454852117553f,0f,0f,0f,1f],start_interpolation:0}
execute if entity @s[tag=aj.heiloang_aj.bone.horne_right] run data modify entity @s {} merge value {transformation:[-0.2704389374724815f,-0.4466891399767629f,-0.6060788672487889f,-0.3923236836550955f,0.44335749827298176f,0.4260122417086359f,-0.5118082635514066f,4.944272066033322f,0.6085202624595822f,-0.5089031166550296f,0.1035408520098175f,0.8197562373666243f,0f,0f,0f,1f],start_interpolation:0}
execute if entity @s[tag=aj.heiloang_aj.bone.horne_left] run data modify entity @s {} merge value {transformation:[-0.46855965940331445f,0.23047831189566353f,-0.6060788672487889f,0.033768761951713494f,0.4630322885770477f,-0.4045409757930534f,-0.5118082635514066f,4.421665064362826f,-0.4539305512024406f,-0.6505584882623007f,0.1035408520098175f,0.7306227688949964f,0f,0f,0f,1f],start_interpolation:0}
execute if entity @s[tag=aj.heiloang_aj.bone.head_upper] run data modify entity @s {} merge value {transformation:[-0.7340973441704467f,-0.2147768552555239f,-0.8877691727743449f,-0.12621962998666064f,0.9003783472969902f,0.02132886226204248f,-0.7496839492435117f,4.672313156564689f,0.1535644275235575f,-1.1517717197783401f,0.15166405150268045f,1.0962116233285524f,0f,0f,0f,1f],start_interpolation:0}
execute if entity @s[tag=aj.heiloang_aj.bone.neck_0] run data modify entity @s {} merge value {transformation:[-0.8625086812918135f,0.38361730646520903f,-0.3300250549225539f,-0.2920302113183749f,0.4977417327402044f,0.5254825020030187f,-0.6900154401007463f,4.34201210147581f,-0.09127947296646652f,-0.7594115499971184f,-0.6441755626736697f,0.8706715542620581f,0f,0f,0f,1f],start_interpolation:0}
execute if entity @s[tag=aj.heiloang_aj.bone.neck_1] run data modify entity @s {} merge value {transformation:[-0.8237760968949391f,0.5667857679072271f,0.012117569160301739f,-0.28053868806592125f,0.2278146828408481f,0.3505312817858025f,-0.9084207674705188f,4.01539288711547f,-0.5191275493235392f,-0.7455747539901131f,-0.4178814111035802f,0.7091022154534994f,0f,0f,0f,1f],start_interpolation:0}
execute if entity @s[tag=aj.heiloang_aj.bone.neck_2] run data modify entity @s {} merge value {transformation:[-0.9454002510215892f,0.32512052373907435f,-0.022693840837241935f,-0.3007356621787706f,0.21597543605621528f,0.5728307200149465f,-0.7907082756791444f,3.6721606459105836f,-0.24407575952692193f,-0.7524371144825248f,-0.61177235338038f,0.4836168633919703f,0f,0f,0f,1f],start_interpolation:0}
execute if entity @s[tag=aj.heiloang_aj.bone.neck_3] run data modify entity @s {} merge value {transformation:[-0.938013554753617f,0.31659178518024467f,0.1410681135298441f,-0.23539957924494742f,0.13228626652735942f,0.7032129426821973f,-0.6985641709481651f,3.29362450702168f,-0.3203606011773852f,-0.6366012871496811f,-0.7015040173888059f,0.1360046303132017f,0f,0f,0f,1f],start_interpolation:0}
execute if entity @s[tag=aj.heiloang_aj.bone.wing_right_2] run data modify entity @s {} merge value {transformation:[-2.1319413817777204f,0.29677554451307f,0.9488552192846305f,-4.147253294576868f,0.3008657746830159f,2.332421913320822f,-0.05351457938014361f,4.167101187332535f,-0.9475662175326335f,0.07285808644766635f,-2.1518331647576887f,-1.91344513600142f,0f,0f,0f,1f],start_interpolation:0}
execute if entity @s[tag=aj.heiloang_aj.bone.wing_right_1] run data modify entity @s {} merge value {transformation:[-2.957279350711055f,0.7883717445140063f,1.3491432863895312f,-2.2315953958630073f,0.8288948361086979f,3.239500326378362f,-0.07609046567622108f,3.6255664602380566f,-1.3246323887895606f,0.2670700296671848f,-3.0596145846696494f,-0.9996347546163333f,0f,0f,0f,1f],start_interpolation:0}
execute if entity @s[tag=aj.heiloang_aj.bone.wing_right_0] run data modify entity @s {} merge value {transformation:[-1.9016275200584731f,0.7143879553151598f,0.8954678242443364f,-0.45566384486383654f,0.75963603112077f,2.0853782603622046f,-0.05050357840579382f,2.9186043022726857f,-0.8574181448857641f,0.26314893218352714f,-2.030760144456091f,-0.21840640641091436f,0f,0f,0f,1f],start_interpolation:0}
execute if entity @s[tag=aj.heiloang_aj.bone.wing_left_2] run data modify entity @s {} merge value {transformation:[-2.0294480876001972f,-0.5617645955829575f,1.0484927301638411f,3.730621713556091f,-0.826180403862543f,2.1574419117905337f,-0.4432226797492882f,4.7848858593765575f,-0.8557700662738996f,-0.7506270330331377f,-2.058589968223503f,1.4379094253410685f,0f,0f,0f,1f],start_interpolation:0}
execute if entity @s[tag=aj.heiloang_aj.bone.wing_left_1] run data modify entity @s {} merge value {transformation:[-2.792225226338224f,-1.0808190352250546f,1.4908142980920314f,1.8798199491036385f,-1.472968721374064f,2.9360563287683483f,-0.6302024698880373f,3.8300947428564878f,-1.10501592936668f,-1.1826335951149496f,-2.927035419746639f,0.758968182525979f,0f,0f,0f,1f],start_interpolation:0}
execute if entity @s[tag=aj.heiloang_aj.bone.wing_left_0] run data modify entity @s {} merge value {transformation:[-1.8500395854958924f,-0.7257029808782958f,0.9894992246801115f,0.16698166885203453f,-0.9864116077995245f,1.9443327969004582f,-0.4182847294554248f,2.9092545451530203f,-0.7298942883024516f,-0.7882418147000303f,-1.9427632818904779f,0.06450115331054693f,0f,0f,0f,1f],start_interpolation:0}
execute if entity @s[tag=aj.heiloang_aj.bone.kazari_right] run data modify entity @s {} merge value {transformation:[-2.4212497400609974f,0.026246185102232377f,-1.021631549326067f,-1.5539159579110327f,0.17493251267275034f,-2.5778069064207427f,-0.48081218555249244f,0.665611597459569f,-1.0068855450451157f,-0.5109724841254624f,2.373174837259594f,-3.398103055317965f,0f,0f,0f,1f],start_interpolation:0}
execute if entity @s[tag=aj.heiloang_aj.bone.kazari_left] run data modify entity @s {} merge value {transformation:[-2.4212497400609974f,0.026246185102232377f,-1.021631549326067f,3.1208144637675157f,0.17493251267275034f,-2.5778069064207427f,-0.48081218555249244f,0.3278676938871219f,-1.0068855450451157f,-0.5109724841254624f,2.373174837259594f,-1.4540993407518625f,0f,0f,0f,1f],start_interpolation:0}
execute if entity @s[tag=aj.heiloang_aj.bone.ring] run data modify entity @s {} merge value {transformation:[-1.8809518451601261f,-0.7634184656601761f,0.8556510318241934f,0.7504767451848047f,-0.4449231176811222f,2.000875349773108f,0.8071353912493743f,3.5105645379904167f,-1.056877410736768f,0.5163490745062228f,-1.8626110860066685f,-2.0266209795791688f,0f,0f,0f,1f],start_interpolation:0}
execute if entity @s[tag=aj.heiloang_aj.bone.body_0] run data modify entity @s {} merge value {transformation:[-1.0273793976136836f,0.4641842367361462f,0.05173918884462531f,-0.13831114078696854f,0.015427313978559239f,0.1586763278073926f,-1.1172449135774312f,2.2599332334421165f,-0.4668039709342942f,-1.0163696145088736f,-0.1507953426360787f,-0.11183760852007682f,0f,0f,0f,1f],start_interpolation:0}
execute if entity @s[tag=aj.heiloang_aj.bone.leg_right_3] run data modify entity @s {} merge value {transformation:[-0.6883610792645263f,-0.14750053220939585f,0.7102130789782192f,-0.6435692097537983f,0.1459160180590594f,0.9309346037059234f,0.3347675003591062f,0.3514670788929556f,-0.7105403156947293f,0.33407238230784786f,-0.6192964582101161f,-0.6238150174748707f,0f,0f,0f,1f],start_interpolation:0}
execute if entity @s[tag=aj.heiloang_aj.bone.leg_right_2] run data modify entity @s {} merge value {transformation:[-0.6883610792645263f,0.3552840826986133f,0.6324019648410195f,-0.457326125666581f,0.1459160180590594f,0.9218370025519841f,-0.35906135464536154f,0.9290535572006889f,-0.7105403156947293f,-0.1548862850835369f,-0.6863983526098065f,-0.6856318776842243f,0f,0f,0f,1f],start_interpolation:0}
execute if entity @s[tag=aj.heiloang_aj.bone.leg_right_1] run data modify entity @s {} merge value {transformation:[-0.714461711290361f,0.24093778794224682f,0.6568816068680461f,-0.9027528707335775f,0.018221986387682743f,0.9449278389816251f,-0.3267710793959644f,1.2305707206829621f,-0.6994372182777641f,-0.22149573688677035f,-0.6795051259768763f,-0.22278176373000058f,0f,0f,0f,1f],start_interpolation:0}
execute if entity @s[tag=aj.heiloang_aj.bone.leg_right_0] run data modify entity @s {} merge value {transformation:[-0.5438232012353773f,0.7568856946633283f,0.3624643030866866f,-0.30575197294316986f,0.14817820522703254f,0.5117349958887188f,-0.8462685823534208f,1.542012765335375f,-0.826014252476192f,-0.4065111796701094f,-0.3904473274456034f,-0.516261434863071f,0f,0f,0f,1f],start_interpolation:0}
execute if entity @s[tag=aj.heiloang_aj.bone.leg_left_3] run data modify entity @s {} merge value {transformation:[-0.8842403938695242f,-0.3009983830510132f,0.3570978846901008f,0.821796305944949f,-0.32459649961146353f,0.9458301180341474f,-0.006519222307638101f,0.3753573241738295f,-0.335791659052833f,-0.12167728309009365f,-0.9340442176312419f,-0.03939289658277344f,0f,0f,0f,1f],start_interpolation:0}
execute if entity @s[tag=aj.heiloang_aj.bone.leg_left_2] run data modify entity @s {} merge value {transformation:[-0.8842403938695242f,-0.24588069656553174f,0.3970662525396963f,0.653522915050485f,-0.32459649961146353f,0.9348319550377036f,-0.14396641372337748f,0.950699487961898f,-0.335791659052833f,-0.25618723406296895f,-0.9064281895515559f,-0.1524389535017705f,0f,0f,0f,1f],start_interpolation:0}
execute if entity @s[tag=aj.heiloang_aj.bone.leg_left_1] run data modify entity @s {} merge value {transformation:[-0.9208266228632425f,-0.17602880084002337f,0.34798303392708596f,0.39476115964824504f,-0.1990116394004871f,0.9795024021170343f,-0.031135375862359482f,1.046203198395366f,-0.33536949475079947f,-0.09792295707229898f,-0.936983669264737f,0.5013723406171091f,0f,0f,0f,1f],start_interpolation:0}
execute if entity @s[tag=aj.heiloang_aj.bone.leg_left_0] run data modify entity @s {} merge value {transformation:[-0.9020081394190002f,-0.19146066108021875f,0.38694202625276997f,0.24841912113264936f,-0.3979485991967961f,0.716242462087076f,-0.5732657742275842f,1.5164353344908053f,-0.16738646545996919f,-0.6710734317212754f,-0.7222480324782126f,-0.0436068171994293f,0f,0f,0f,1f],start_interpolation:0}
execute if entity @s[tag=aj.heiloang_aj.bone.tail_4] run data modify entity @s {} merge value {transformation:[-1.4467975092880903f,0.6255174716207687f,-0.018953192412169566f,0.39092835345726584f,0.6258008533758881f,1.445961262459674f,-0.04923091577160315f,-0.9760491345897646f,-0.0021500510370944846f,-0.05270942848164145f,-1.5754591258161388f,-3.4442689220083382f,0f,0f,0f,1f],start_interpolation:0}
execute if entity @s[tag=aj.heiloang_aj.bone.tail_3] run data modify entity @s {} merge value {transformation:[-0.9346885539562466f,0.27086695253115844f,-0.23019209614941943f,0.6914690279225948f,0.3402417649729034f,0.8692244558850453f,-0.3587260607475722f,-0.5193630833901686f,0.102921564656315f,-0.4136181080632597f,-0.9046143997366315f,-2.2246191747318314f,0f,0f,0f,1f],start_interpolation:0}
execute if entity @s[tag=aj.heiloang_aj.bone.tail_2] run data modify entity @s {} merge value {transformation:[-0.9064561796687609f,0.39387205421113314f,0.15232202484150836f,0.5793969249021311f,0.2732701010974551f,0.8220785342582896f,-0.4995100953513645f,-0.11322730390915137f,-0.32196373427220293f,-0.41115895761036836f,-0.8528116236252026f,-1.5643795475888393f,0f,0f,0f,1f],start_interpolation:0}
execute if entity @s[tag=aj.heiloang_aj.bone.tail_1] run data modify entity @s {} merge value {transformation:[-0.9026090828944864f,0.33427945188000807f,0.27120857568885154f,0.37309688371750765f,0.027718419325208226f,0.6738689338450572f,-0.7383307857787309f,0.4751483956283571f,-0.4295678441253327f,-0.6589066003989698f,-0.6175059183879832f,-1.0929356578636953f,0f,0f,0f,1f],start_interpolation:0}
execute if entity @s[tag=aj.heiloang_aj.bone.tail_ring] run data modify entity @s {} merge value {transformation:[-0.7539064159035742f,0.6011913324608905f,0.2649416876094173f,0.42981694046591246f,0.2085111386494375f,0.6013754872085082f,-0.7712785673437612f,0.38296154164757534f,-0.6230154260678802f,-0.5262285674102353f,-0.5787359274512249f,-1.1924253301761207f,0f,0f,0f,1f],start_interpolation:0}
execute if entity @s[tag=aj.heiloang_aj.bone.tail_0] run data modify entity @s {} merge value {transformation:[-0.7539064159035742f,0.6011913324608905f,0.2649416876094173f,0.04613522739819808f,0.2085111386494375f,0.6013754872085082f,-0.7712785673437612f,1.44677174151724f,-0.6230154260678802f,-0.5262285674102353f,-0.5787359274512249f,-0.37209832085316097f,0f,0f,0f,1f],start_interpolation:0}
execute if entity @s[tag=aj.heiloang_aj.bone.body_1] run data modify entity @s {} merge value {transformation:[-0.7603793094907535f,0.5927335390980314f,0.2655000137979045f,-0.0030253799078753937f,0.035094845999817985f,0.4456893479782611f,-0.894499500772897f,1.7926411150000003f,-0.6485303828523488f,-0.6708412306403321f,-0.3596948509366668f,-0.2910407213544841f,0f,0f,0f,1f],start_interpolation:0}