execute if entity @s[tag=aj.heiloang_aj.bone.head_lower] run data modify entity @s {} merge value {transformation:[-0.5347855637480671f,0.5864412720870072f,-0.10045414476085444f,-0.0796638464778297f,0.5933227310022829f,0.5357200783985367f,-0.031179071132064057f,4.805766435327286f,0.04441326021195466f,-0.09534480580313838f,-0.7930553765807953f,1.1536356362791593f,0f,0f,0f,1f],start_interpolation:0}
execute if entity @s[tag=aj.heiloang_aj.bone.horne_right] run data modify entity @s {} merge value {transformation:[-0.3342459565389905f,-0.42681730999199236f,-0.5883082732960117f,-0.5185651157965461f,0.4513660355131203f,0.38564913978274534f,-0.5362307739863473f,4.8994845897531825f,0.5696914450143198f,-0.5559691761923753f,0.07968646435542182f,0.7425157593847507f,0f,0f,0f,1f],start_interpolation:0}
execute if entity @s[tag=aj.heiloang_aj.bone.horne_left] run data modify entity @s {} merge value {transformation:[-0.4543245958703611f,0.2957744700928366f,-0.5883082732960117f,-0.06389042949793947f,0.4235207704514254f,-0.4160369142591002f,-0.5362307739863473f,4.3950416038550415f,-0.5042016645980698f,-0.6159795035673408f,0.07968646435542182f,0.7047556055525469f,0f,0f,0f,1f],start_interpolation:0}
execute if entity @s[tag=aj.heiloang_aj.bone.head_upper] run data modify entity @s {} merge value {transformation:[-0.7833405241390751f,-0.1301737258354922f,-0.8617392510171655f,-0.2615122734718325f,0.8690843033038691f,-0.030186233955856713f,-0.785457431965852f,4.65064835951428f,0.06505543322696589f,-1.164175976724167f,0.116722740826213f,1.047810638180282f,0f,0f,0f,1f],start_interpolation:0}
execute if entity @s[tag=aj.heiloang_aj.bone.neck_0] run data modify entity @s {} merge value {transformation:[-0.8786895312963482f,0.4003706584140706f,-0.26001546775391504f,-0.3984552095331946f,0.4525874438437037f,0.5253435691948884f,-0.7205405887114186f,4.3073304019031236f,-0.15188585604073288f,-0.7508112080854007f,-0.6428166274670521f,0.8223340964436651f,0f,0f,0f,1f],start_interpolation:0}
execute if entity @s[tag=aj.heiloang_aj.bone.neck_1] run data modify entity @s {} merge value {transformation:[-0.8037768431944826f,0.5889428871134404f,0.08419656799892325f,-0.36042408033436557f,0.1680765548289352f,0.36055102402223294f,-0.9174711062444174f,3.977538668650177f,-0.5706952409659188f,-0.7232905604216084f,-0.38879005535616185f,0.6716428112645225f,0f,0f,0f,1f],start_interpolation:0}
execute if entity @s[tag=aj.heiloang_aj.bone.neck_2] run data modify entity @s {} merge value {transformation:[-0.9406853074064944f,0.3365290274410278f,0.04312036779927925f,-0.35403272800660357f,0.16736011139127518f,0.570813129810567f,-0.8038426238704718f,3.6289915866661984f,-0.2951300485288633f,-0.7489463161839177f,-0.5932770600064442f,0.4536198413369661f,0f,0f,0f,1f],start_interpolation:0}
execute if entity @s[tag=aj.heiloang_aj.bone.neck_3] run data modify entity @s {} merge value {transformation:[-0.93305428596967f,0.30954486193373426f,0.18328032596013843f,-0.26668117508503475f,0.09343292397129807f,0.7005293900087795f,-0.7074806445777164f,3.24590615825643f,-0.34739025339206475f,-0.6429934309029548f,-0.6825536313461706f,0.11596922678642646f,0f,0f,0f,1f],start_interpolation:0}
execute if entity @s[tag=aj.heiloang_aj.bone.wing_right_2] run data modify entity @s {} merge value {transformation:[-2.0646918410105486f,0.5502097921259533f,0.9838154261009504f,-4.069009057415662f,0.5378303498703519f,2.28517560522403f,-0.1492882258194823f,4.251734176305452f,-0.990637230646928f,0.09390231231822327f,-2.131524393320068f,-2.0307552926485535f,0f,0f,0f,1f],start_interpolation:0}
execute if entity @s[tag=aj.heiloang_aj.bone.wing_right_1] run data modify entity @s {} merge value {transformation:[-2.8433792963498026f,1.0703392742145879f,1.3988519535901898f,-2.228679855889746f,1.0839951240748766f,3.157073932533794f,-0.21226758678021354f,3.545252524390735f,-1.3882966257148348f,0.2729043705941544f,-3.0307382692075886f,-1.0757021191550096f,0f,0f,0f,1f],start_interpolation:0}
execute if entity @s[tag=aj.heiloang_aj.bone.wing_right_0] run data modify entity @s {} merge value {transformation:[-1.8816753891849234f,0.7250226991582036f,0.9284609929561493f,-0.47104182828706975f,0.7356999510197095f,2.089807648665572f,-0.14088851496296384f,2.8598294099580026f,-0.9200235387235283f,0.1882712864040219f,-2.0115940472447242f,-0.23608922216291955f,0f,0f,0f,1f],start_interpolation:0}
execute if entity @s[tag=aj.heiloang_aj.bone.wing_left_2] run data modify entity @s {} merge value {transformation:[-1.9402995223938084f,-0.7495283892187634f,1.098645058003035f,3.605411111316566f,-1.0687903123473994f,2.035236573423259f,-0.49907450821866994f,4.955427681424645f,-0.7915181854838936f,-0.9108212175155366f,-2.019277018661087f,1.386306722110258f,0f,0f,0f,1f],start_interpolation:0}
execute if entity @s[tag=aj.heiloang_aj.bone.wing_left_1] run data modify entity @s {} merge value {transformation:[-2.6618959776819f,-1.2889130604755443f,1.5621240986030804f,1.838853330486944f,-1.7524204775544339f,2.7591096590606474f,-0.7096161864177902f,3.8188826834162466f,-1.0151606014561503f,-1.3831976665371453f,-2.871137743375853f,0.7653449413429857f,0f,0f,0f,1f],start_interpolation:0}
execute if entity @s[tag=aj.heiloang_aj.bone.wing_left_0] run data modify entity @s {} merge value {transformation:[-1.8286136892387117f,-0.7138319752923277f,1.0368297288267927f,0.14632323967965677f,-1.0154457944837032f,1.9171422591775305f,-0.4709940514921964f,2.8706145097085463f,-0.7439367002602765f,-0.862211962991657f,-1.9056622777606542f,0.058114101295636905f,0f,0f,0f,1f],start_interpolation:0}
execute if entity @s[tag=aj.heiloang_aj.bone.kazari_right] run data modify entity @s {} merge value {transformation:[-2.4071251004882432f,0.05746455449703439f,-1.0532410759803155f,-1.514268999527216f,0.14423282504958376f,-2.5816095629224844f,-0.4704881989610783f,0.5888278193387966f,-1.044899914505659f,-0.4887331359339992f,2.361396679734777f,-3.39215662880743f,0f,0f,0f,1f],start_interpolation:0}
execute if entity @s[tag=aj.heiloang_aj.bone.kazari_left] run data modify entity @s {} merge value {transformation:[-2.4071251004882432f,0.05746455449703439f,-1.0532410759803155f,3.1331908431550755f,0.14423282504958376f,-2.5816095629224844f,-0.4704881989610783f,0.3103561012388112f,-1.044899914505659f,-0.4887331359339992f,2.361396679734777f,-1.3747582014044548f,0f,0f,0f,1f],start_interpolation:0}
execute if entity @s[tag=aj.heiloang_aj.bone.ring] run data modify entity @s {} merge value {transformation:[-1.868843112993447f,-0.7738397797637346f,0.8726532530485432f,0.7557976752217411f,-0.46151535673848415f,2.0043405994813224f,0.7890175045900006f,3.4667429337932996f,-1.0711467127781984f,0.48653575645588143f,-1.8624859632164725f,-2.0377266054640666f,0f,0f,0f,1f],start_interpolation:0}
execute if entity @s[tag=aj.heiloang_aj.bone.body_0] run data modify entity @s {} merge value {transformation:[-1.018666540854286f,0.4787806627227552f,0.08209708572413695f,-0.13953155038420462f,-0.01779566228429118f,0.153823092171884f,-1.1178882532061143f,2.2111035392487897f,-0.48544224052455565f,-1.0103266349330364f,-0.131294698282376f,-0.11291087706711325f,0f,0f,0f,1f],start_interpolation:0}
execute if entity @s[tag=aj.heiloang_aj.bone.leg_right_3] run data modify entity @s {} merge value {transformation:[-0.6868959896211964f,-0.14878674008083537f,0.7113623587303696f,-0.6410443876371389f,0.14468356184408368f,0.9312298880730887f,0.33448103457668826f,0.30111307179182056f,-0.7122082324534212f,0.3326761210779947f,-0.6181310800227351f,-0.6251644275077528f,0f,0f,0f,1f],start_interpolation:0}
execute if entity @s[tag=aj.heiloang_aj.bone.leg_right_2] run data modify entity @s {} merge value {transformation:[-0.6868959896211964f,0.3542636386883028f,0.6345637664928883f,-0.45552391004998577f,0.14468356184408368f,0.9223272217471368f,-0.3583003809045103f,0.8789617929157117f,-0.7122082324534212f,-0.15430414876966664f,-0.6847989948138374f,-0.6867026952093098f,0f,0f,0f,1f],start_interpolation:0}
execute if entity @s[tag=aj.heiloang_aj.bone.leg_right_1] run data modify entity @s {} merge value {transformation:[-0.7128953262859714f,0.24050325685051238f,0.6587400376506005f,-0.9022946386424219f,0.016972359190859133f,0.9449943981047748f,-0.3266458733461831f,1.180395604169358f,-0.701065041763683f,-0.2216839439266872f,-0.6777639974371572f,-0.22509530078316153f,0f,0f,0f,1f],start_interpolation:0}
execute if entity @s[tag=aj.heiloang_aj.bone.leg_right_0] run data modify entity @s {} merge value {transformation:[-0.5416137027605649f,0.7575183115053638f,0.36444561283688554f,-0.3047777696991719f,0.1475556462092076f,0.5124793497582223f,-0.8459268569700177f,1.4924269385983246f,-0.8275759350378512f,-0.4043895693578808f,-0.3893419421803592f,-0.5168941598812338f,0f,0f,0f,1f],start_interpolation:0}
execute if entity @s[tag=aj.heiloang_aj.bone.leg_left_3] run data modify entity @s {} merge value {transformation:[-0.8826772108548658f,-0.30133490900388454f,0.36066357461364934f,0.8221326157652884f,-0.32588663973971416f,0.9453774868234578f,-0.007701002955518815f,0.327349657085359f,-0.3386426427321766f,-0.12433294021691815f,-0.9326641842058608f,-0.03366591535852813f,0f,0f,0f,1f],start_interpolation:0}
execute if entity @s[tag=aj.heiloang_aj.bone.leg_left_2] run data modify entity @s {} merge value {transformation:[-0.8826772108548658f,-0.24570436377677354f,0.40063737601292987f,0.6537979910400888f,-0.32588663973971416f,0.9342156213240449f,-0.14504851227533078f,0.9023680270434293f,-0.3386426427321766f,-0.25859338447682667f,-0.9046826084479506f,-0.1482577075156486f,0f,0f,0f,1f],start_interpolation:0}
execute if entity @s[tag=aj.heiloang_aj.bone.leg_left_1] run data modify entity @s {} merge value {transformation:[-0.9193290065416725f,-0.1761222457431266f,0.35187374480841715f,0.39228382303955556f,-0.2003201961561518f,0.9791653727557756f,-0.03327148641109723f,0.9993537368565418f,-0.3386827375923701f,-0.1010748601307005f,-0.9354559721902989f,0.5042389783838648f,0f,0f,0f,1f],start_interpolation:0}
execute if entity @s[tag=aj.heiloang_aj.bone.leg_left_0] run data modify entity @s {} merge value {transformation:[-0.9010962030164841f,-0.1890777089361747f,0.3902246185118545f,0.24793684335806537f,-0.398843174761029f,0.7145251884821564f,-0.574785070240244f,1.4681966203887291f,-0.1701462748808169f,-0.6735750700612264f,-0.7192682880095547f,-0.04246646015343253f,0f,0f,0f,1f],start_interpolation:0}
execute if entity @s[tag=aj.heiloang_aj.bone.tail_4] run data modify entity @s {} merge value {transformation:[-1.4374139372356143f,0.6413433846894939f,-0.0858731602044948f,0.3395835844848868f,0.6418692813605831f,1.439717875448665f,0.008404073232963f,-0.9968203927674915f,0.08184963270615284f,-0.027303218057213134f,-1.5739788866427855f,-3.435516252371703f,0f,0f,0f,1f],start_interpolation:0}
execute if entity @s[tag=aj.heiloang_aj.bone.tail_3] run data modify entity @s {} merge value {transformation:[-0.9257928257986778f,0.26639663079470083f,-0.26821722316236607f,0.6910546720774782f,0.3493032511362204f,0.8741237126449588f,-0.33748329401240007f,-0.5686493462128743f,0.14455062243160816f,-0.4061287604849296f,-0.9023106712555324f,-2.2191404955108527f,0f,0f,0f,1f],start_interpolation:0}
execute if entity @s[tag=aj.heiloang_aj.bone.tail_2] run data modify entity @s {} merge value {transformation:[-0.9103511131453464f,0.38913847321512895f,0.14082648706414091f,0.5878970926118963f,0.27557741593133644f,0.8239024749016836f,-0.4952189411558163f,-0.16584021707141638f,-0.30873603389244275f,-0.41201451493203345f,-0.8572783100380447f,-1.555419083938872f,0f,0f,0f,1f],start_interpolation:0}
execute if entity @s[tag=aj.heiloang_aj.bone.tail_1] run data modify entity @s {} merge value {transformation:[-0.9026926109639776f,0.33162862018963574f,0.27416875894630155f,0.3792389415304991f,0.021722597797574766f,0.6714882712552882f,-0.7406967195225783f,0.4243442192612984f,-0.4297373370513223f,-0.6626657979990386f,-0.6133513359456682f,-1.0872854288187428f,0f,0f,0f,1f],start_interpolation:0}
execute if entity @s[tag=aj.heiloang_aj.bone.tail_ring] run data modify entity @s {} merge value {transformation:[-0.7513550814854817f,0.6024299041715622f,0.2693394736866235f,0.4366294074232005f,0.20468019022833212f,0.6007755907349571f,-0.772770799982218f,0.33192431446949855f,-0.6273528203921928f,-0.5254968126800634f,-0.5747012603162236f,-1.1861725938309085f,0f,0f,0f,1f],start_interpolation:0}
execute if entity @s[tag=aj.heiloang_aj.bone.tail_0] run data modify entity @s {} merge value {transformation:[-0.7513550814854817f,0.6024299041715622f,0.2693394736866235f,0.04677643990821952f,0.20468019022833212f,0.6007755907349571f,-0.772770799982218f,1.397832569522514f,-0.6273528203921928f,-0.5254968126800634f,-0.5747012603162236f,-0.371498145941654f,0f,0f,0f,1f],start_interpolation:0}
execute if entity @s[tag=aj.heiloang_aj.bone.body_1] run data modify entity @s {} merge value {transformation:[-0.7583808688592684f,0.5942669872949748f,0.2677782768628092f,-0.0030829574770151894f,0.03324646995469739f,0.44555392991006937f,-0.8946375622436409f,1.743746555f,-0.6509632324362203f,-0.6695733293322302f,-0.35765685602703096f,-0.29106010516485625f,0f,0f,0f,1f],start_interpolation:0}