execute if entity @s[tag=aj.heiloang_aj.bone.head_lower] run data modify entity @s {} merge value {transformation:[-0.6819385522215886f,-0.05164517906461528f,0.4150814214986111f,0.37254700747880143f,0.3823114848913658f,-0.3990383675561716f,0.5784516485742476f,0.616561539991479f,0.16969896733357767f,0.6914485929535832f,0.3648302396847444f,2.255444089397185f,0f,0f,0f,1f],start_interpolation:0}
execute if entity @s[tag=aj.heiloang_aj.bone.horne_right] run data modify entity @s {} merge value {transformation:[-0.7850006796057569f,-0.15271882363696798f,0.0212342630067675f,0.3259438592119912f,-0.12754780995822296f,0.7050865882359283f,0.3557870982268464f,1.2209795785151687f,-0.08663422645445057f,0.3457309127005559f,-0.7162155030504995f,2.3097022789638038f,0f,0f,0f,1f],start_interpolation:0}
execute if entity @s[tag=aj.heiloang_aj.bone.horne_left] run data modify entity @s {} merge value {transformation:[-0.22055499969441233f,0.7687031925160435f,0.0212342630067675f,0.9057280163107858f,0.6912869967834834f,0.18851479733271004f,0.3557870982268464f,0.8959383540605296f,0.3368646318447074f,0.11643699155444616f,-0.7162155030504995f,2.165424216936796f,0f,0f,0f,1f],start_interpolation:0}
execute if entity @s[tag=aj.heiloang_aj.bone.head_upper] run data modify entity @s {} merge value {transformation:[-0.9988865428303776f,0.6118989821582007f,0.031103417595737867f,0.44556208549151344f,0.5600003052817504f,0.8876747623963641f,0.521148046805229f,0.8158664168186881f,0.24857080487604127f,0.4591026728721119f,-1.0490945634807955f,2.1028801273273743f,0f,0f,0f,1f],start_interpolation:0}
execute if entity @s[tag=aj.heiloang_aj.bone.neck_0] run data modify entity @s {} merge value {transformation:[-0.4568414276378178f,0.888653890456776f,-0.03987697292770229f,0.3703052585439476f,0.4605446752023794f,0.27463484023730295f,0.8440819312546417f,1.1585993394871419f,0.7610482981628536f,0.3672464669726143f,-0.5347293898408404f,1.8492449319269135f,0f,0f,0f,1f],start_interpolation:0}
execute if entity @s[tag=aj.heiloang_aj.bone.neck_1] run data modify entity @s {} merge value {transformation:[-0.33732277259614085f,0.9051156956201039f,-0.2588028682804495f,0.28730724440634403f,0.5486152934586275f,0.41241414607820454f,0.7272797480322748f,1.428742706393023f,0.7650062789751183f,0.10334480952965633f,-0.635676996179603f,1.6189175377571554f,0f,0f,0f,1f],start_interpolation:0}
execute if entity @s[tag=aj.heiloang_aj.bone.neck_2] run data modify entity @s {} merge value {transformation:[-0.5743408110495598f,0.6732649191188155f,-0.465668316988464f,0.07391034092578298f,0.10329000713574668f,0.6239027150807954f,0.7746460976089075f,1.7252818920334405f,0.8120737695485747f,0.396811984192447f,-0.42787432969555683f,1.43027447235378f,0f,0f,0f,1f],start_interpolation:0}
execute if entity @s[tag=aj.heiloang_aj.bone.neck_3] run data modify entity @s {} merge value {transformation:[-0.9065491627390815f,0.2511257445212831f,-0.3392705056082853f,-0.10774346953726822f,0.13022808260407487f,0.9309580883276858f,0.3411124217593474f,1.8792632564874374f,0.4015087322068309f,0.265052632916355f,-0.8766628997201671f,0.9701828409267326f,0f,0f,0f,1f],start_interpolation:0}
execute if entity @s[tag=aj.heiloang_aj.bone.wing_right_2] run data modify entity @s {} merge value {transformation:[-0.7219152505460502f,1.6614447338822758f,-1.5006717741081477f,-3.4242568969798324f,2.0620019446108206f,1.1076161196438623f,0.2343299345949517f,3.233972929345798f,0.8721022633677976f,-1.243528823180603f,-1.7962877593717657f,3.1496993725444904f,0f,0f,0f,1f],start_interpolation:0}
execute if entity @s[tag=aj.heiloang_aj.bone.wing_right_1] run data modify entity @s {} merge value {transformation:[-2.1346211075761548f,1.4414284681101452f,-2.1337515017714668f,-1.9942186023857762f,1.627311884653873f,2.9031125237759436f,0.33318534970722685f,2.163473356390153f,1.9956120690291015f,-0.8254940451129292f,-2.554077294117875f,1.8819945177073887f,0f,0f,0f,1f],start_interpolation:0}
execute if entity @s[tag=aj.heiloang_aj.bone.wing_right_0] run data modify entity @s {} merge value {transformation:[-1.6602210417698662f,0.40784872913393433f,-1.4162363879693296f,-0.46135625416140474f,0.34725773668046184f,2.1814918748030774f,0.22114534696374405f,1.8422525745650673f,1.4322982080489184f,-0.05614814611352957f,-1.695219522335639f,0.5361875741271116f,0f,0f,0f,1f],start_interpolation:0}
execute if entity @s[tag=aj.heiloang_aj.bone.wing_left_2] run data modify entity @s {} merge value {transformation:[-1.3341360307912464f,-1.784591331600292f,0.7542485245876744f,3.9638844493224124f,-1.8938534062671206f,1.3943904461019299f,-0.050700746652219575f,3.1885222576909644f,-0.4086273770025823f,-0.6359914066383014f,-2.227580437103727f,1.7294724575151113f,0f,0f,0f,1f],start_interpolation:0}
execute if entity @s[tag=aj.heiloang_aj.bone.wing_left_1] run data modify entity @s {} merge value {transformation:[-2.7528234158190625f,-1.568137948815306f,1.0724389902011187f,2.145245019424539f,-1.67632159907163f,2.8934352873682068f,-0.07208957759893994f,2.0921010885816673f,-0.8939395453296619f,-0.5968202277049475f,-3.167316920991332f,1.1923824253687376f,0f,0f,0f,1f],start_interpolation:0}
execute if entity @s[tag=aj.heiloang_aj.bone.wing_left_0] run data modify entity @s {} merge value {transformation:[-2.0782676596904377f,-0.3202016254381962f,0.7118106867359947f,0.21789988019505907f,-0.353970275523752f,2.1910763580058172f,-0.04784806614275193f,1.7624805350836779f,-0.6956353777162789f,-0.15828869970626155f,-2.102245492042932f,0.5285020870024641f,0f,0f,0f,1f],start_interpolation:0}
execute if entity @s[tag=aj.heiloang_aj.bone.kazari_right] run data modify entity @s {} merge value {transformation:[-2.5789368097921477f,-0.08317704040286705f,-0.4990357698654172f,-2.29479554717901f,0.2881852440992051f,-2.372166447647962f,-1.0939130670638242f,1.0401921310149431f,-0.4158177301881573f,-1.1281746820237193f,2.3369184176299567f,-2.962528662645659f,0f,0f,0f,1f],start_interpolation:0}
execute if entity @s[tag=aj.heiloang_aj.bone.kazari_left] run data modify entity @s {} merge value {transformation:[-2.5789368097921477f,-0.08317704040286705f,-0.4990357698654172f,2.684382833659251f,0.2881852440992051f,-2.372166447647962f,-1.0939130670638242f,0.4837900774062669f,-0.4158177301881573f,-1.1281746820237193f,2.3369184176299567f,-2.159705326819537f,0f,0f,0f,1f],start_interpolation:0}
execute if entity @s[tag=aj.heiloang_aj.bone.ring] run data modify entity @s {} merge value {transformation:[-1.9099327824723609f,-0.9400084566482119f,0.5669807348149145f,0.03630710175622115f,-0.272108885822483f,1.5076728656452734f,1.5829736479921084f,3.2614477605683003f,-1.0635035526399808f,1.3023950696354945f,-1.4232545667923655f,-0.6448667219878925f,0f,0f,0f,1f],start_interpolation:0}
execute if entity @s[tag=aj.heiloang_aj.bone.body_0] run data modify entity @s {} merge value {transformation:[-1.1207882218179628f,0.10297375610814312f,-0.08296109524821478f,-0.1749817373741137f,0.1316256972281079f,0.9366538016934882f,-0.6156352065468834f,1.398310060427992f,0.012681230264338013f,-0.6210703963833649f,-0.9422118260098771f,0.01963950796124042f,0f,0f,0f,1f],start_interpolation:0}
execute if entity @s[tag=aj.heiloang_aj.bone.leg_right_3] run data modify entity @s {} merge value {transformation:[-0.7849540051710943f,-0.22497706737793918f,0.5772629634056561f,-0.5093567254155479f,0.22920470320940003f,0.7601834640796566f,0.6079361027003939f,-0.34375119434678764f,-0.5755974407453083f,0.6095132649039523f,-0.5451432528368816f,-0.9613631598450805f,0f,0f,0f,1f],start_interpolation:0}
execute if entity @s[tag=aj.heiloang_aj.bone.leg_right_2] run data modify entity @s {} merge value {transformation:[-0.7849540051710943f,0.22539822466208864f,0.5770986484865791f,-0.39949911851230147f,0.22920470320940003f,0.9710349612959319f,-0.06750042938899452f,0.25000159819962714f,-0.5755974407453083f,0.07928899204925241f,-0.8138801152180002f,-0.8747440046355288f,0f,0f,0f,1f],start_interpolation:0}
execute if entity @s[tag=aj.heiloang_aj.bone.leg_right_1] run data modify entity @s {} merge value {transformation:[-0.7940132438967031f,0.09652906952058726f,0.6001875600627891f,-0.815762037713373f,0.10091395810848978f,0.9945434818829024f,-0.026450627650601133f,0.3433287870690904f,-0.5994658802429982f,0.039565153629455396f,-0.7994218267240176f,-0.3076787253256964f,0f,0f,0f,1f],start_interpolation:0}
execute if entity @s[tag=aj.heiloang_aj.bone.leg_right_0] run data modify entity @s {} merge value {transformation:[-0.6492572011142844f,0.6483262676695533f,0.39766586156082373f,-0.29188928053063673f,0.2884867849164376f,0.693704040522215f,-0.659962180046501f,0.7952020507058302f,-0.7037332319351011f,-0.31376385198556556f,-0.6374259042879867f,-0.554466943035219f,0f,0f,0f,1f],start_interpolation:0}
execute if entity @s[tag=aj.heiloang_aj.bone.leg_left_3] run data modify entity @s {} merge value {transformation:[-0.8713689664707719f,-0.4213157591897962f,0.2514143101137728f,0.9881622202723183f,-0.3236881577685483f,0.8787535671039166f,0.3507394258171521f,-0.2839235417055113f,-0.3687032692993948f,0.22424361609746607f,-0.9020935094808465f,-0.48295611298835706f,0f,0f,0f,1f],start_interpolation:0}
execute if entity @s[tag=aj.heiloang_aj.bone.leg_left_2] run data modify entity @s {} merge value {transformation:[-0.8713689664707719f,-0.3577294565676307f,0.3357763544019832f,0.7547556653508446f,-0.3236881577685483f,0.9334650222612493f,0.15449604763620492f,0.2765065621554506f,-0.3687032692993948f,0.025936231773961746f,-0.9291852404603214f,-0.4233454653952383f,0f,0f,0f,1f],start_interpolation:0}
execute if entity @s[tag=aj.heiloang_aj.bone.leg_left_1] run data modify entity @s {} merge value {transformation:[-0.9204277190642015f,-0.2827042174786657f,0.2699835909792414f,0.5430241691609841f,-0.2085633798512564f,0.939278936617982f,0.2725002675426452f,0.15473655696392175f,-0.33062687513765665f,0.19450810945965175f,-0.9235001162918933f,0.24290497733607475f,0f,0f,0f,1f],start_interpolation:0}
execute if entity @s[tag=aj.heiloang_aj.bone.leg_left_0] run data modify entity @s {} merge value {transformation:[-0.8691664715629681f,-0.3124861881974383f,0.3832780021037146f,0.30920656782444195f,-0.4410827460702367f,0.8403161986102623f,-0.3151423447782557f,0.7314542801993843f,-0.2235970836793696f,-0.4429684735272174f,-0.8682069313424351f,-0.14730334333319728f,0f,0f,0f,1f],start_interpolation:0}
execute if entity @s[tag=aj.heiloang_aj.bone.tail_4] run data modify entity @s {} merge value {transformation:[-0.07445285702587154f,1.2660420719037686f,0.9361883399925314f,1.7479115186956342f,-0.27238523217564603f,0.9127486126084994f,-1.256005819716434f,-1.6453240189007734f,-1.5508440995345016f,-0.22109230207889546f,0.17565630244357863f,-3.085350891615252f,0f,0f,0f,1f],start_interpolation:0}
execute if entity @s[tag=aj.heiloang_aj.bone.tail_3] run data modify entity @s {} merge value {transformation:[-0.40997313025693327f,0.6545016382065901f,0.6352555690839877f,0.8819243038601275f,-0.04564243216982558f,0.6808835380744255f,-0.7309681087194396f,-0.6862877762005544f,-0.9109548840930348f,-0.32867189287211906f,-0.2492709088179042f,-2.7436668543397476f,0f,0f,0f,1f],start_interpolation:0}
execute if entity @s[tag=aj.heiloang_aj.bone.tail_2] run data modify entity @s {} merge value {transformation:[-0.7045992307884783f,0.5238837329237881f,0.47862904043749943f,0.5167291209980831f,0.2632383403312547f,0.8193437857479501f,-0.5092949410075296f,-0.27254042642604365f,-0.6589730648151948f,-0.23285530943926067f,-0.7152152855707261f,-2.1879075522413243f,0f,0f,0f,1f],start_interpolation:0}
execute if entity @s[tag=aj.heiloang_aj.bone.tail_1] run data modify entity @s {} merge value {transformation:[-0.9061351964799892f,0.3288085281275154f,0.26609013046482594f,0.31433667411486055f,0.18044607900651427f,0.8694467771551387f,-0.45989293782979196f,0.10154316278463638f,-0.3825679263494862f,-0.3687102568754486f,-0.8471685358908787f,-1.532084574841111f,0f,0f,0f,1f],start_interpolation:0}
execute if entity @s[tag=aj.heiloang_aj.bone.tail_ring] run data modify entity @s {} merge value {transformation:[-0.8796382212586484f,0.43708884861102076f,0.18758981347827242f,0.35485104787496013f,0.30254628424281405f,0.8184877476707506f,-0.4884092063052536f,0.05674049426353234f,-0.3670181815547933f,-0.37286880445104786f,-0.852212713514331f,-1.666118459338521f,0f,0f,0f,1f],start_interpolation:0}
execute if entity @s[tag=aj.heiloang_aj.bone.tail_0] run data modify entity @s {} merge value {transformation:[-0.8796382212586484f,0.43708884861102076f,0.18758981347827242f,0.08293026853173464f,0.30254628424281405f,0.8184877476707506f,-0.4884092063052536f,0.7205045607830358f,-0.3670181815547933f,-0.37286880445104786f,-0.852212713514331f,-0.467237083107775f,0f,0f,0f,1f],start_interpolation:0}
execute if entity @s[tag=aj.heiloang_aj.bone.body_1] run data modify entity @s {} merge value {transformation:[-0.8247648623251006f,0.45378142302467717f,0.33740975384768707f,-0.0011314096262738788f,0.0874684483500587f,0.6918779528923341f,-0.716696706316379f,1.0210902546296292f,-0.5586700210473897f,-0.5615935526866491f,-0.6103281815250686f,-0.2906171573333362f,0f,0f,0f,1f],start_interpolation:0}