execute if entity @s[tag=aj.heiloang_aj.bone.head_lower] run data modify entity @s {} merge value {transformation:[-0.669116797033667f,-0.1398176210272918f,0.4156124935293394f,-0.30878817154798394f,0.36143873903827833f,0.25346875934794155f,0.6671698628962752f,0.9959914275201187f,-0.24828360769455965f,0.7457912716604316f,-0.14883087470444423f,2.477192025112532f,0f,0f,0f,1f],start_interpolation:0}
execute if entity @s[tag=aj.heiloang_aj.bone.horne_right] run data modify entity @s {} merge value {transformation:[-0.5984966896605227f,-0.33727361501472375f,0.4099368501126679f,-0.3925163989323573f,-0.15188715637877348f,0.7007527519673739f,0.35478989886596596f,1.59879474968185f,-0.5086570595131519f,0.1875955469222347f,-0.5882821657864372f,2.484588550384627f,0f,0f,0f,1f],start_interpolation:0}
execute if entity @s[tag=aj.heiloang_aj.bone.horne_left] run data modify entity @s {} merge value {transformation:[-0.38815261060328204f,0.5668238966394775f,0.4099368501126679f,0.17636670190566645f,0.6848483382550761f,0.21238380647294816f,0.35478989886596596f,1.2914995337515058f,0.14254930540384275f,0.5230714950621f,-0.5882821657864372f,2.6956792736465416f,0f,0f,0f,1f],start_interpolation:0}
execute if entity @s[tag=aj.heiloang_aj.bone.head_upper] run data modify entity @s {} merge value {transformation:[-0.9801055563749896f,0.2280278376802274f,0.6004652496237832f,-0.16775706509321608f,0.5294264289747942f,0.9070803723442594f,0.5196873741113953f,1.1971381177260314f,-0.36367962146079863f,0.7059536923557241f,-0.8617010093898286f,2.3878632274149223f,0f,0f,0f,1f],start_interpolation:0}
execute if entity @s[tag=aj.heiloang_aj.bone.neck_0] run data modify entity @s {} merge value {transformation:[-0.9365775995585159f,0.35007352280791204f,-0.01645990990456221f,-0.19711623096449693f,0.10057203371147434f,0.3134653777112053f,0.9442588220458994f,1.5804696409838632f,0.3357196241513829f,0.882716254299891f,-0.32879225713879573f,2.188726989414203f,0f,0f,0f,1f],start_interpolation:0}
execute if entity @s[tag=aj.heiloang_aj.bone.neck_1] run data modify entity @s {} merge value {transformation:[-0.9219081631829128f,0.36272180097558393f,-0.1360817171913134f,-0.24217089406158315f,0.13847117859082878f,0.6365766673846048f,0.7586803537993962f,1.8648529194378347f,0.36181635031653037f,0.680590215650019f,-0.6370917414353179f,1.965091022253191f,0f,0f,0f,1f],start_interpolation:0}
execute if entity @s[tag=aj.heiloang_aj.bone.neck_2] run data modify entity @s {} merge value {transformation:[-0.9488813097637618f,0.1557561616565063f,-0.2745255508819535f,-0.3598920961921979f,-0.03717219473749465f,0.8085632713493833f,0.5872339092416081f,2.0784012283708306f,0.3134365771881216f,0.5674199981766733f,-0.7614407775722142f,1.634033970552224f,0f,0f,0f,1f],start_interpolation:0}
execute if entity @s[tag=aj.heiloang_aj.bone.neck_3] run data modify entity @s {} merge value {transformation:[-0.9994134867680173f,-0.030716430812784263f,-0.01513880260514014f,-0.36698258977268783f,-0.03286089338868372f,0.9846214386247623f,0.1715831701717886f,2.143351680021634f,0.00963556702490917f,0.17198000895053722f,-0.9850533144807346f,1.1201041694166953f,0f,0f,0f,1f],start_interpolation:0}
execute if entity @s[tag=aj.heiloang_aj.bone.wing_right_2] run data modify entity @s {} merge value {transformation:[1.0694466286924622f,-2.0947943734426455f,0.041187955671148885f,-3.4770125714213362f,-2.063639375388535f,-1.045137996747786f,0.4273816823648909f,-0.78079699188084f,-0.3622877903619553f,-0.23043243493064286f,-2.3128390467578135f,-0.0030819626550116497f,0f,0f,0f,1f],start_interpolation:0}
execute if entity @s[tag=aj.heiloang_aj.bone.wing_right_1] run data modify entity @s {} merge value {transformation:[-1.8130036854025953f,-2.8101257453976136f,0.05856368046932894f,-2.2908973913597412f,-2.7579976007800178f,1.7920364330050331f,0.6076787224959046f,1.015668368571309f,-0.541927710777246f,0.2811004993522815f,-3.288543087516967f,0.40176053388435806f,0f,0f,0f,1f],start_interpolation:0}
execute if entity @s[tag=aj.heiloang_aj.bone.wing_right_0] run data modify entity @s {} merge value {transformation:[-1.7750200129283402f,-1.3327389230190847f,0.038870512908937414f,-0.6395933150684097f,-1.305104278692035f,1.7499781935657825f,0.4033350267258966f,2.2328131081526554f,-0.2727760536477045f,0.2996385908292993f,-2.1827070209815638f,0.6379799852473387f,0f,0f,0f,1f],start_interpolation:0}
execute if entity @s[tag=aj.heiloang_aj.bone.wing_left_2] run data modify entity @s {} merge value {transformation:[0.8891889479704785f,2.0852321079319958f,0.6282722954083254f,3.024313038451477f,2.1575842494150135f,-0.9357770268047751f,0.052226134278483695f,-0.6073972346341185f,0.29622496148098787f,0.5565109329338535f,-2.2663014715702947f,1.4668895054922904f,0f,0f,0f,1f],start_interpolation:0}
execute if entity @s[tag=aj.heiloang_aj.bone.wing_left_1] run data modify entity @s {} merge value {transformation:[-1.9433048227365375f,2.571530336806244f,0.8933178973434271f,1.7384052081946895f,2.68016568394056f,1.9996040505335557f,0.07425847168656213f,1.1462257471395092f,-0.47696650349510283f,0.7589691303834186f,-3.2223729744659737f,1.203636872911146f,0f,0f,0f,1f],start_interpolation:0}
execute if entity @s[tag=aj.heiloang_aj.bone.wing_left_0] run data modify entity @s {} merge value {transformation:[-1.8344760326092469f,1.1007000381450076f,0.5929225175432421f,0.03686401745688475f,1.153601786366149f,1.8960943141743234f,0.049287627743993666f,2.219615999739602f,-0.4819757299647644f,0.34883488613293784f,-2.1387878852147892f,0.7381940294654393f,0f,0f,0f,1f],start_interpolation:0}
execute if entity @s[tag=aj.heiloang_aj.bone.kazari_right] run data modify entity @s {} merge value {transformation:[-2.5766870301755187f,0.4001815872186107f,-0.32773287038792726f,-2.075327815915537f,0.012205011796848995f,-1.6176543417634233f,-2.071211156984539f,2.540783629133091f,-0.5171123425026286f,-2.032220292286589f,1.584154568659985f,-3.253468631457883f,0f,0f,0f,1f],start_interpolation:0}
execute if entity @s[tag=aj.heiloang_aj.bone.kazari_left] run data modify entity @s {} merge value {transformation:[-2.5766870301755187f,0.4001815872186107f,-0.32773287038792726f,2.8995068935360355f,0.012205011796848995f,-1.6176543417634233f,-2.071211156984539f,2.5172192941536524f,-0.5171123425026286f,-2.032220292286589f,1.584154568659985f,-2.255074802467077f,0f,0f,0f,1f],start_interpolation:0}
execute if entity @s[tag=aj.heiloang_aj.bone.ring] run data modify entity @s {} merge value {transformation:[-2.0403600264690067f,-0.8139944185894541f,0.16513732066567724f,-0.16550610391280784f,0.012395044196787306f,0.4081032682513993f,2.1647688955419495f,3.8541233291623733f,-0.830483961946757f,2.005938955883695f,-0.37340538293050207f,-0.01459714071281637f,0f,0f,0f,1f],start_interpolation:0}
execute if entity @s[tag=aj.heiloang_aj.bone.body_0] run data modify entity @s {} merge value {transformation:[-1.1161701345178765f,0.056965344268736944f,0.15675316998505492f,-0.21368243296705922f,0.021775531972808352f,1.1013880166347418f,-0.2451991822138982f,2.027817802576733f,-0.1653554745247962f,-0.23948227972734745f,-1.0903935898009238f,0.07009437213261427f,0f,0f,0f,1f],start_interpolation:0}
execute if entity @s[tag=aj.heiloang_aj.bone.leg_right_3] run data modify entity @s {} merge value {transformation:[-0.9276168006823458f,-0.13369068977123982f,0.34878914914363274f,-0.49850274417537194f,0.19950513353113297f,0.6120930441901257f,0.7652057285127898f,0.4904683478822972f,-0.31579229374158907f,0.7794029155209483f,-0.5411158124568816f,-1.305179568154707f,0f,0f,0f,1f],start_interpolation:0}
execute if entity @s[tag=aj.heiloang_aj.bone.leg_right_2] run data modify entity @s {} merge value {transformation:[-0.9276168006823458f,0.0828163344806773f,0.36423690894119143f,-0.4653189303210233f,0.19950513353113297f,0.9342241331556512f,0.295673757246558f,1.0446997197329844f,-0.31579229374158907f,0.3469390778980603f,-0.8831242853872094f,-1.0525130459263439f,0f,0f,0f,1f],start_interpolation:0}
execute if entity @s[tag=aj.heiloang_aj.bone.leg_right_1] run data modify entity @s {} merge value {transformation:[-0.9269901308145871f,-0.016793554540512262f,0.37470958607733706f,-0.7309855212810347f,0.07900125075453712f,0.9678457168503952f,0.23881681421868728f,0.9488423072151212f,-0.3666716511425083f,0.2509833558231285f,-0.8958567158581707f,-0.401528843356206f,0f,0f,0f,1f],start_interpolation:0}
execute if entity @s[tag=aj.heiloang_aj.bone.leg_right_0] run data modify entity @s {} merge value {transformation:[-0.7692326037546744f,0.568377251600411f,0.2919392080279162f,-0.2683158256607561f,0.4401882038471595f,0.8025611494293977f,-0.4026536310780957f,1.4921110631276142f,-0.4631582305374865f,-0.1812261054311068f,-0.86754916413749f,-0.5756906879494861f,0f,0f,0f,1f],start_interpolation:0}
execute if entity @s[tag=aj.heiloang_aj.bone.leg_left_3] run data modify entity @s {} merge value {transformation:[-0.8491739505101463f,-0.45020508474813964f,0.2760778575726639f,0.9805960890909051f,-0.23655925489012886f,0.7916445370439751f,0.5633281866676452f,0.402268995716492f,-0.47216874176592716f,0.4130548494272288f,-0.7787440983171752f,-0.4944230174241072f,0f,0f,0f,1f],start_interpolation:0}
execute if entity @s[tag=aj.heiloang_aj.bone.leg_left_2] run data modify entity @s {} merge value {transformation:[-0.8491739505101463f,-0.3197634741560747f,0.4203033694495311f,0.766292078201259f,-0.23655925489012886f,0.9418601422905423f,0.23861934391466755f,0.9638361535953424f,-0.47216874176592716f,0.10320267903536577f,-0.8754461070443481f,-0.390355401861573f,0f,0f,0f,1f],start_interpolation:0}
execute if entity @s[tag=aj.heiloang_aj.bone.leg_left_1] run data modify entity @s {} merge value {transformation:[-0.8893984222654677f,-0.19777485426634772f,0.4121353582157465f,0.4606300678057691f,-0.11574374105789426f,0.969615711490206f,0.21551974024962184f,0.8845507041835254f,-0.4422373038060221f,0.1439808287629512f,-0.885265885523165f,0.2451226591250876f,0f,0f,0f,1f],start_interpolation:0}
execute if entity @s[tag=aj.heiloang_aj.bone.leg_left_0] run data modify entity @s {} merge value {transformation:[-0.8812989076151189f,-0.14731932383328863f,0.4490091895069641f,0.3514668898625123f,-0.34679674421700685f,0.8470635944408001f,-0.40275958731421324f,1.4636941562075578f,-0.3210050679302153f,-0.5106665093760644f,-0.7976060823268485f,-0.1932981422372785f,0f,0f,0f,1f],start_interpolation:0}
execute if entity @s[tag=aj.heiloang_aj.bone.tail_4] run data modify entity @s {} merge value {transformation:[-1.2010955944410902f,-0.30602440801896375f,-0.9739470203242682f,-0.5580243068576158f,0.8990480776405295f,0.39541125893380985f,-1.2329707434026655f,-1.244363190712543f,0.48366960912666995f,-1.494942594781718f,-0.12674664177891212f,-3.438611744392621f,0f,0f,0f,1f],start_interpolation:0}
execute if entity @s[tag=aj.heiloang_aj.bone.tail_3] run data modify entity @s {} merge value {transformation:[-0.9233110372064963f,-0.024070461435481486f,-0.38329797998286746f,-0.04518731120344427f,0.27964451336654456f,0.6419441968852644f,-0.7139373881716249f,-0.3070691236897424f,0.2632407162971793f,-0.7663734474599285f,-0.5859829897801915f,-2.6355486085108515f,0f,0f,0f,1f],start_interpolation:0}
execute if entity @s[tag=aj.heiloang_aj.bone.tail_2] run data modify entity @s {} merge value {transformation:[-0.9392611329207433f,0.1308069943588549f,-0.3172980529584824f,0.2056469080499837f,0.302946741009851f,0.7504551005701409f,-0.5874014080165026f,0.16657699347459565f,0.1612817295788696f,-0.6478477230453634f,-0.7445008606099701f,-2.0644406125532835f,0f,0f,0f,1f],start_interpolation:0}
execute if entity @s[tag=aj.heiloang_aj.bone.tail_1] run data modify entity @s {} merge value {transformation:[-0.9839328905040509f,0.17748658045384835f,-0.019354088538156025f,0.22376937651316983f,0.14189744285260708f,0.711602770786657f,-0.6881036348695183f,0.7163381739304963f,-0.10835673812105233f,-0.6797940940958164f,-0.7253542630578618f,-1.5090675554477566f,0f,0f,0f,1f],start_interpolation:0}
execute if entity @s[tag=aj.heiloang_aj.bone.tail_ring] run data modify entity @s {} merge value {transformation:[-0.9338403854572821f,0.3466959273857823f,0.08800038876679378f,0.2471684665697439f,0.23182485194967645f,0.7739922716803794f,-0.5892310254879289f,0.6556666266413566f,-0.2723956176363804f,-0.529847050867661f,-0.8031579733647277f,-1.6409205861877287f,0f,0f,0f,1f],start_interpolation:0}
execute if entity @s[tag=aj.heiloang_aj.bone.tail_0] run data modify entity @s {} merge value {transformation:[-0.9338403854572821f,0.3466959273857823f,0.08800038876679378f,0.11640669565221866f,0.23182485194967645f,0.7739922716803794f,-0.5892310254879289f,1.4612741232764868f,-0.2723956176363804f,-0.529847050867661f,-0.8031579733647277f,-0.5070166567713723f,0f,0f,0f,1f],start_interpolation:0}
execute if entity @s[tag=aj.heiloang_aj.bone.body_1] run data modify entity @s {} merge value {transformation:[-0.8504051515891767f,0.33062701471064726f,0.40926379670588336f,-0.0015387585106544095f,0.03899089702210115f,0.8153435841399491f,-0.5776630070821858f,1.7218459634277528f,-0.5246816064052572f,-0.4752900345529525f,-0.7062638281511037f,-0.29067454523724773f,0f,0f,0f,1f],start_interpolation:0}