execute if entity @s[tag=aj.heiloang_aj.bone.head_lower] run data modify entity @s {} merge value {transformation:[-0.6798600200883175f,-0.07034238030624095f,0.4157430728447132f,0.33563854986160424f,0.3986861950199091f,-0.3640102047189047f,0.5903777509027996f,0.534028498607f,0.1372576809729033f,0.7089065667585206f,0.344400651306857f,2.252256976524944f,0f,0f,0f,1f],start_interpolation:0}
execute if entity @s[tag=aj.heiloang_aj.bone.horne_right] run data modify entity @s {} merge value {transformation:[-0.7823139315483885f,-0.1525742779053189f,0.06860030777608508f,0.30191371675350465f,-0.10593774360860853f,0.7057409759949957f,0.3615340499603707f,1.138955391268671f,-0.12946855596792545f,0.3444572027455681f,-0.7103429653993051f,2.310248872706878f,0f,0f,0f,1f],start_interpolation:0}
execute if entity @s[tag=aj.heiloang_aj.bone.horne_left] run data modify entity @s {} merge value {transformation:[-0.22017683848039593f,0.7660392663367876f,0.06860030777608508f,0.879930705832592f,0.6938223357830893f,0.1670439974609998f,0.3615340499603707f,0.7999923882627442f,0.33186251093679703f,0.15899731237491255f,-0.7103429653993051f,2.1935523923437157f,0f,0f,0f,1f],start_interpolation:0}
execute if entity @s[tag=aj.heiloang_aj.bone.head_upper] run data modify entity @s {} merge value {transformation:[-0.9958419609248653f,0.6093963109713244f,0.10048401582271504f,0.42182876205361697f,0.5839855713102874f,0.8669964107571974f,0.529566038030702f,0.732696175008746f,0.20105161964708446f,0.5001154589779028f,-1.0404926171427673f,2.105860939207751f,0f,0f,0f,1f],start_interpolation:0}
execute if entity @s[tag=aj.heiloang_aj.bone.neck_0] run data modify entity @s {} merge value {transformation:[-0.4693532311204463f,0.88281390611891f,-0.01863200471954682f,0.3560580262858312f,0.4489647456282732f,0.25675801539713355f,0.855865631225057f,1.0816589533337335f,0.7603539975693798f,0.39333818616096455f,-0.5168625249404966f,1.8581525455486423f,0f,0f,0f,1f],start_interpolation:0}
execute if entity @s[tag=aj.heiloang_aj.bone.neck_1] run data modify entity @s {} merge value {transformation:[-0.35562397373073174f,0.9020894611542842f,-0.24447125267060882f,0.278244150818082f,0.5319100462934868f,0.4104226208389595f,0.7406922268768186f,1.3566644771355962f,0.7685071840653308f,0.13337119770794853f,-0.625786570375174f,1.6318037434704888f,0f,0f,0f,1f],start_interpolation:0}
execute if entity @s[tag=aj.heiloang_aj.bone.neck_2] run data modify entity @s {} merge value {transformation:[-0.5868543392339558f,0.6655405617828041f,-0.4611482897551572f,0.06695845364203351f,0.08467139994638823f,0.6168555237016663f,0.7825087966980702f,1.656662001609495f,0.8052532139354649f,0.42017261155455193f,-0.4183565918520128f,1.4462780777567668f,0f,0f,0f,1f],start_interpolation:0}
execute if entity @s[tag=aj.heiloang_aj.bone.neck_3] run data modify entity @s {} merge value {transformation:[-0.9117843931003321f,0.23687329094906248f,-0.3354702140781199f,-0.1123835649753388f,0.11185495787398277f,0.9292466216913766f,0.35212097988358104f,1.8163817401967144f,0.39514261842740833f,0.2835344072773611f,-0.8737680189799847f,0.9872369878443943f,0f,0f,0f,1f],start_interpolation:0}
execute if entity @s[tag=aj.heiloang_aj.bone.wing_right_2] run data modify entity @s {} merge value {transformation:[-0.6599489673980615f,1.675414579494394f,-1.5136146648235345f,-3.44504584611923f,2.1074249013556834f,1.0230893995974761f,0.21359862335294225f,3.079299683169115f,0.8104342366270244f,-1.2960903030151507f,-1.7879939264029598f,3.185187812129427f,0f,0f,0f,1f],start_interpolation:0}
execute if entity @s[tag=aj.heiloang_aj.bone.wing_right_1] run data modify entity @s {} merge value {transformation:[-2.1515087018144206f,1.3879697174150416f,-2.1521545349847977f,-2.0036709512515256f,1.5858526034098908f,2.929172510813357f,0.30370824001572316f,2.0363927203039607f,2.0107960113285723f,-0.8250498399091923f,-2.54228458977175f,1.9073623397218118f,0f,0f,0f,1f],start_interpolation:0}
execute if entity @s[tag=aj.heiloang_aj.bone.wing_right_0] run data modify entity @s {} merge value {transformation:[-1.6660241876118507f,0.33509851533467544f,-1.4284510461730096f,-0.4655088587436849f,0.2685505805268073f,2.194457995519271f,0.20158048417507704f,1.7882226878649987f,1.4424437569593433f,-0.0215195474404056f,-1.6873923423694246f,0.5521814990808716f,0f,0f,0f,1f],start_interpolation:0}
execute if entity @s[tag=aj.heiloang_aj.bone.wing_left_2] run data modify entity @s {} merge value {transformation:[-1.2564161599719963f,-1.8384246957261177f,0.7584122081207278f,3.955915562716519f,-1.9483444884432441f,1.317728851980295f,-0.033472874578283955f,3.117226188020012f,-0.39868307417679727f,-0.6460350742212302f,-2.2264919706933406f,1.7612126343435932f,0f,0f,0f,1f],start_interpolation:0}
execute if entity @s[tag=aj.heiloang_aj.bone.wing_left_1] run data modify entity @s {} merge value {transformation:[-2.7427390340979843f,-1.5816898673628506f,1.0783591828407344f,2.14378848805535f,-1.6847675121326886f,2.8890330606088632f,-0.047593882707941286f,2.0149026442436746f,-0.9089333274764879f,-0.5822060727016456f,-3.165769269547584f,1.2142823565223875f,0f,0f,0f,1f],start_interpolation:0}
execute if entity @s[tag=aj.heiloang_aj.bone.wing_left_0] run data modify entity @s {} merge value {transformation:[-2.080533031142097f,-0.2958013100896975f,0.7157401003687682f,0.21436776601883295f,-0.3231043524744774f,2.1961342580897565f,-0.03158952131012956f,1.7141216214451775f,-0.7038365461800948f,-0.1337755784654775f,-2.1012182682595117f,0.5427821313775902f,0f,0f,0f,1f],start_interpolation:0}
execute if entity @s[tag=aj.heiloang_aj.bone.kazari_right] run data modify entity @s {} merge value {transformation:[-2.5833940517967076f,-0.08230233623882367f,-0.47557511199312f,-2.319187286813995f,0.2863104186283509f,-2.3460755602750605f,-1.149271942675522f,1.0560852679061186f,-0.38855077645334324f,-1.1815354330217693f,2.315139845276698f,-2.954260017844535f,0f,0f,0f,1f],start_interpolation:0}
execute if entity @s[tag=aj.heiloang_aj.bone.kazari_left] run data modify entity @s {} merge value {transformation:[-2.5833940517967076f,-0.08230233623882367f,-0.47557511199312f,2.668596734512625f,0.2863104186283509f,-2.3460755602750605f,-1.149271942675522f,0.503302958068161f,-0.38855077645334324f,-1.1815354330217693f,2.315139845276698f,-2.204081254786617f,0f,0f,0f,1f],start_interpolation:0}
execute if entity @s[tag=aj.heiloang_aj.bone.ring] run data modify entity @s {} merge value {transformation:[-1.9178436258642286f,-0.9343937567470805f,0.5492817308704643f,0.01943907655853805f,-0.25103320783673716f,1.468953240254314f,1.6223701773311718f,3.2266868591663216f,-1.0544118934643962f,1.3498188660270152f,-1.38532699158805f,-0.5960589496529647f,0f,0f,0f,1f],start_interpolation:0}
execute if entity @s[tag=aj.heiloang_aj.bone.body_0] run data modify entity @s {} merge value {transformation:[-1.1218120452384392f,0.09572246760519093f,-0.07763581835207567f,-0.17537275415114933f,0.12226846143416947f,0.9538029050727437f,-0.5907307487773001f,1.3606297329280537f,0.015509172580906736f,-0.5956085991723439f,-0.9584686943742542f,0.0240692666118974f,0f,0f,0f,1f],start_interpolation:0}
execute if entity @s[tag=aj.heiloang_aj.bone.leg_right_3] run data modify entity @s {} merge value {transformation:[-0.7919877434293341f,-0.22337011509670093f,0.5682087696783621f,-0.5066743907400242f,0.22999916384380842f,0.7529512803948004f,0.6165750189417178f,-0.37404153325341905f,-0.5655579536076392f,0.6190073998212925f,-0.5449532457721694f,-0.9729474739869096f,0f,0f,0f,1f],start_interpolation:0}
execute if entity @s[tag=aj.heiloang_aj.bone.leg_right_2] run data modify entity @s {} merge value {transformation:[-0.7919877434293341f,0.21919055709457685f,0.5698341108939341f,-0.4002494675342556f,0.22999916384380842f,0.9716859598147162f,-0.0540997239373987f,0.21947497463882584f,-0.5655579536076392f,0.0882150507539545f,-0.8199770154898349f,-0.8806119928302509f,0f,0f,0f,1f],start_interpolation:0}
execute if entity @s[tag=aj.heiloang_aj.bone.leg_right_1] run data modify entity @s {} merge value {transformation:[-0.8004719941885141f,0.09064373221856925f,0.5924764133105652f,-0.8115130068760946f,0.10190161516709159f,0.9946887516892171f,-0.014503381994725617f,0.30438274925772535f,-0.5906442646349843f,0.0487647523569561f,-0.8054572313793971f,-0.3085973216022287f,0f,0f,0f,1f],start_interpolation:0}
execute if entity @s[tag=aj.heiloang_aj.bone.leg_right_0] run data modify entity @s {} merge value {transformation:[-0.6566571827822436f,0.6421083203328187f,0.39559859612978054f,-0.2920549692605585f,0.2932303834729386f,0.7006330821220579f,-0.6504838402638909f,0.7617857259145376f,-0.6948505497650559f,-0.3111433579485699f,-0.6483614148726679f,-0.5545290206780231f,0f,0f,0f,1f],start_interpolation:0}
execute if entity @s[tag=aj.heiloang_aj.bone.leg_left_3] run data modify entity @s {} merge value {transformation:[-0.8717542052970398f,-0.42431975568387786f,0.244943565915295f,0.9932235951909343f,-0.32400608863918556f,0.8742968209712583f,0.3614209780357084f,-0.31213731076617934f,-0.36751144209624625f,0.23570705075564843f,-0.8996541147309957f,-0.4976432708923726f,0f,0f,0f,1f],start_interpolation:0}
execute if entity @s[tag=aj.heiloang_aj.bone.leg_left_2] run data modify entity @s {} merge value {transformation:[-0.8717542052970398f,-0.3612461923729469f,0.33097702947934937f,0.7579046366532018f,-0.32400608863918556f,0.931798312307071f,0.1636213913473134f,0.24684861524006352f,-0.36751144209624625f,0.035399063232552624f,-0.9293450630689308f,-0.43226993703176275f,0f,0f,0f,1f],start_interpolation:0}
execute if entity @s[tag=aj.heiloang_aj.bone.leg_left_1] run data modify entity @s {} merge value {transformation:[-0.921022943070789f,-0.28485725240319215f,0.2656559506025148f,0.5490652142184489f,-0.20928185082000805f,0.9371242995518954f,0.2792832864793765f,0.12013056288383883f,-0.32850851625882344f,0.2016293454402746f,-0.9227284333988808f,0.23397059305251278f,0f,0f,0f,1f],start_interpolation:0}
execute if entity @s[tag=aj.heiloang_aj.bone.leg_left_0] run data modify entity @s {} merge value {transformation:[-0.8686839403023132f,-0.31658678834000326f,0.3810000227157589f,0.3121158048932794f,-0.44229278578502945f,0.8420561696484206f,-0.308736941099617f,0.6985075557174871f,-0.22308138313934867f,-0.4367083839424111f,-0.8715047239636988f,-0.1518681920499732f,0f,0f,0f,1f],start_interpolation:0}
execute if entity @s[tag=aj.heiloang_aj.bone.tail_4] run data modify entity @s {} merge value {transformation:[-0.07641470146843166f,1.2790999855068002f,0.9181058676229381f,1.7298692462810712f,-0.2725378575985252f,0.8945657758923511f,-1.2689876092639347f,-1.664106141862097f,-1.5507218555443043f,-0.22024909390572736f,0.1777819649419188f,-3.101473650135641f,0f,0f,0f,1f],start_interpolation:0}
execute if entity @s[tag=aj.heiloang_aj.bone.tail_3] run data modify entity @s {} merge value {transformation:[-0.41064731742548305f,0.6558010967823893f,0.6334774677526185f,0.8662242279478716f,-0.047530447918734814f,0.6784182065167087f,-0.7331368177818497f,-0.7021074647139416f,-0.9105545767343651f,-0.3311701353166796f,-0.24742009672302923f,-2.762197685950957f,0f,0f,0f,1f],start_interpolation:0}
execute if entity @s[tag=aj.heiloang_aj.bone.tail_2] run data modify entity @s {} merge value {transformation:[-0.7105027056612576f,0.5213564701988376f,0.47262388453170767f,0.5056849090700772f,0.2644299478230775f,0.8202168057261829f,-0.5072683651664294f,-0.2899309737480101f,-0.652121697187202f,-0.23543963682045127f,-0.7206285239091894f,-2.2022470338947713f,0f,0f,0f,1f],start_interpolation:0}
execute if entity @s[tag=aj.heiloang_aj.bone.tail_1] run data modify entity @s {} merge value {transformation:[-0.9099103741153458f,0.3236842316789975f,0.25940630146480337f,0.3084292355086856f,0.1808843356011115f,0.8724007398942161f,-0.4540900859589088f,0.07966765887978f,-0.3732880499177757f,-0.3662587435057376f,-0.8523558908074622f,-1.5423288101990522f,0f,0f,0f,1f],start_interpolation:0}
execute if entity @s[tag=aj.heiloang_aj.bone.tail_ring] run data modify entity @s {} merge value {transformation:[-0.884420818048638f,0.42968904561158905f,0.18211847979702586f,0.3479278326937601f,0.30119146440005773f,0.8236167461942142f,-0.4805612938647934f,0.036151870124918606f,-0.35648775347089656f,-0.37016588101803394f,-0.857842469312062f,-1.6770879016574896f,0f,0f,0f,1f],start_interpolation:0}
execute if entity @s[tag=aj.heiloang_aj.bone.tail_0] run data modify entity @s {} merge value {transformation:[-0.884420818048638f,0.42968904561158905f,0.18211847979702586f,0.08381716716839382f,0.30119146440005773f,0.8236167461942142f,-0.4805612938647934f,0.6888372916234575f,-0.35648775347089656f,-0.37016588101803394f,-0.857842469312062f,-0.47040339548651655f,0f,0f,0f,1f],start_interpolation:0}
execute if entity @s[tag=aj.heiloang_aj.bone.body_1] run data modify entity @s {} merge value {transformation:[-0.8289839744018412f,0.44548154948878205f,0.338129796453967f,-0.001071060144374748f,0.08682410878992672f,0.699769540638298f,-0.709072749531175f,0.987301875f,-0.5524917595021326f,-0.5584521278139598f,-0.6187762734804062f,-0.2906101681554807f,0f,0f,0f,1f],start_interpolation:0}