execute if entity @s[tag=aj.heiloang_aj.bone.head_lower] run data modify entity @s {} merge value {transformation:[-0.28641997387016427f,0.6689047917405397f,-0.3324604911185085f,1.1985975247440055f,0.3489499270333387f,0.4346412751977879f,0.5738648885564166f,3.788022940348386f,0.6604525319745866f,0.0604428778350775f,-0.44738027619394627f,1.6747858243957785f,0f,0f,0f,1f],start_interpolation:0}
execute if entity @s[tag=aj.heiloang_aj.bone.horne_right] run data modify entity @s {} merge value {transformation:[0.004480413136847328f,-0.4288447015210888f,-0.6753311394237731f,0.710515102848227f,-0.13614007356859947f,0.6650820465455114f,-0.4232395914036997f,4.151540786447708f,0.7883183406891277f,0.11729489903709733f,-0.06925388359520152f,1.6829891688303165f,0f,0f,0f,1f],start_interpolation:0}
execute if entity @s[tag=aj.heiloang_aj.bone.horne_left] run data modify entity @s {} merge value {transformation:[-0.4268223242252875f,-0.04183964229665635f,-0.6753311394237731f,0.9540293646326408f,0.6506858193350538f,0.19358773924166586f,-0.4232395914036997f,3.854863558483963f,0.18555502703832555f,-0.7750956273569015f,-0.06925388359520152f,1.1214724261455231f,0f,0f,0f,1f],start_interpolation:0}
execute if entity @s[tag=aj.heiloang_aj.bone.head_upper] run data modify entity @s {} merge value {transformation:[-0.41954081722566994f,-0.4675626289413501f,-0.9892081697494574f,0.9550016121351113f,0.5111331293702588f,0.8529748391006973f,-0.6199507724983543f,3.762265129562614f,0.9674143575230753f,-0.6534380033932776f,-0.10144135734316131f,1.5835336210770947f,0f,0f,0f,1f],start_interpolation:0}
execute if entity @s[tag=aj.heiloang_aj.bone.neck_0] run data modify entity @s {} merge value {transformation:[-0.592854762979772f,0.3901334360770036f,-0.7044992065765221f,0.628299050166961f,0.6132179338357434f,0.7857595097553651f,-0.08090586166174965f,3.6753708970721943f,0.5220028693737429f,-0.47997697328492606f,-0.7050780875064977f,1.313024680388891f,0f,0f,0f,1f],start_interpolation:0}
execute if entity @s[tag=aj.heiloang_aj.bone.neck_1] run data modify entity @s {} merge value {transformation:[-0.6279433107631576f,0.47113950020572154f,-0.6194471485233488f,0.40847714086425513f,0.7471802579766267f,0.5876436736630237f,-0.31047797811408046f,3.569580707939813f,0.21773575856479477f,-0.6578012497325681f,-0.7210330472956734f,1.042093726799401f,0f,0f,0f,1f],start_interpolation:0}
execute if entity @s[tag=aj.heiloang_aj.bone.neck_2] run data modify entity @s {} merge value {transformation:[-0.7642034492931118f,0.3035999726418025f,-0.5690519701225957f,0.16510356551749542f,0.5756496862490375f,0.7189847925794423f,-0.3894718305100913f,3.3858767849570977f,0.29089607561790104f,-0.6252103043387824f,-0.7242178874749721f,0.7662638794952129f,0f,0f,0f,1f],start_interpolation:0}
execute if entity @s[tag=aj.heiloang_aj.bone.neck_3] run data modify entity @s {} merge value {transformation:[-0.8918123257932378f,0.34304766365814815f,-0.29493910561663783f,0.004165250375823659f,0.4517344519174618f,0.710732045450317f,-0.5392549902604882f,3.0896010626016586f,0.024632509293342306f,-0.6141484022845737f,-0.7888060467930116f,0.3729291215266532f,0f,0f,0f,1f],start_interpolation:0}
execute if entity @s[tag=aj.heiloang_aj.bone.wing_right_2] run data modify entity @s {} merge value {transformation:[-2.111760871037956f,-0.9899325829022296f,0.3067173147746018f,-4.215081777964539f,-0.9544828677767394f,2.1290113206700707f,0.2997486578791982f,3.771970246427096f,-0.4037381391381233f,0.1446384599206188f,-2.312931308369983f,-0.43069660925767034f,0f,0f,0f,1f],start_interpolation:0}
execute if entity @s[tag=aj.heiloang_aj.bone.wing_right_1] run data modify entity @s {} merge value {transformation:[-3.2958614453163535f,-0.3665021780206654f,0.4361103755740087f,-2.0638569859495717f,-0.31088574684793857f,3.3028655396249453f,0.42620189167203454f,3.9690284120791017f,-0.4773532848781858f,0.3794392620224348f,-3.288674271002203f,-0.06813015707093346f,0f,0f,0f,1f],start_interpolation:0}
execute if entity @s[tag=aj.heiloang_aj.bone.wing_right_0] run data modify entity @s {} merge value {transformation:[-1.8582024737004625f,1.1797018961403045f,0.28945984691568505f,-0.333173993705031f,1.2113988670296079f,1.8387196180423142f,0.28288328191271545f,2.8445422824627014f,-0.08942232211737464f,0.39473231748781024f,-2.182794091488667f,-0.002453499688331501f,0f,0f,0f,1f],start_interpolation:0}
execute if entity @s[tag=aj.heiloang_aj.bone.wing_left_2] run data modify entity @s {} merge value {transformation:[-1.90416353217128f,1.1826034717247267f,0.7135728958800398f,4.217725214122169f,1.1576142543567027f,2.029366690817031f,-0.2741825644228934f,2.618007178256287f,-0.7534364519852864f,0.12921249625312084f,-2.2246828200785984f,1.3800214190504012f,0f,0f,0f,1f],start_interpolation:0}
execute if entity @s[tag=aj.heiloang_aj.bone.wing_left_1] run data modify entity @s {} merge value {transformation:[-3.029201749404097f,0.9908252752198488f,1.0146037691102214f,2.2190158276419725f,0.9140553004137079f,3.193702923465387f,-0.38985037813787743f,3.2223869281927398f,-1.0842778435865785f,-0.0758002871640403f,-3.1631969030196463f,0.7182507904002935f,0f,0f,0f,1f],start_interpolation:0}
execute if entity @s[tag=aj.heiloang_aj.bone.wing_left_0] run data modify entity @s {} merge value {transformation:[-2.0582986086598205f,-0.4881673810944326f,0.673423674683664f,0.3099367123858023f,-0.5886095790190597f,2.1248492343428946f,-0.25875566621703033f,2.672831583000172f,-0.5876611277565086f,-0.4184594835199895f,-2.099510909611124f,0.154822043412587f,0f,0f,0f,1f],start_interpolation:0}
execute if entity @s[tag=aj.heiloang_aj.bone.kazari_right] run data modify entity @s {} merge value {transformation:[-2.5148969159512164f,-0.16704720007518364f,-0.7444856772580374f,-1.8547381931085196f,0.361330927287814f,-2.5193016909069605f,-0.6553084309963696f,0.8980852621039628f,-0.6720146216271218f,-0.7294411639718709f,2.433758846964706f,-3.4169653171389043f,0f,0f,0f,1f],start_interpolation:0}
execute if entity @s[tag=aj.heiloang_aj.bone.kazari_left] run data modify entity @s {} merge value {transformation:[-2.5148969159512164f,-0.16704720007518364f,-0.7444856772580374f,3.0007977418531233f,0.361330927287814f,-2.5193016909069605f,-0.6553084309963696f,0.20046012656420198f,-0.6720146216271218f,-0.7294411639718709f,2.433758846964706f,-2.1195001512969194f,0f,0f,0f,1f],start_interpolation:0}
execute if entity @s[tag=aj.heiloang_aj.bone.ring] run data modify entity @s {} merge value {transformation:[-1.947430656336878f,-0.7437625721748718f,0.7122200227283468f,0.6404319339602049f,-0.34118719835667966f,1.9035686837588133f,1.054961538481045f,3.476041020715572f,-0.971612793360023f,0.822295438530819f,-1.7979780525174858f,-1.806901473075256f,0f,0f,0f,1f],start_interpolation:0}
execute if entity @s[tag=aj.heiloang_aj.bone.body_0] run data modify entity @s {} merge value {transformation:[-1.0611474350460246f,0.3351444944436117f,-0.18787406653674352f,-0.13746131896726038f,0.2833265977053819f,0.30984413657368737f,-1.047556693454475f,2.137198346217478f,-0.25950825818383777f,-1.0321468668812184f,-0.3754739472444773f,-0.08776662404387398f,0f,0f,0f,1f],start_interpolation:0}
execute if entity @s[tag=aj.heiloang_aj.bone.leg_right_3] run data modify entity @s {} merge value {transformation:[-0.7074781822877036f,-0.15740067187817913f,0.6889845064144657f,-0.6366610280091931f,0.16373789449168216f,0.9118532249694388f,0.3764486658500271f,0.25081756535393207f,-0.6875060170604456f,0.37914209025790385f,-0.6193438075096496f,-0.6540354797520211f,0f,0f,0f,1f],start_interpolation:0}
execute if entity @s[tag=aj.heiloang_aj.bone.leg_right_2] run data modify entity @s {} merge value {transformation:[-0.7074781822877036f,0.344431633448562f,0.6171235463558675f,-0.45629743639825426f,0.16373789449168216f,0.9293274013006514f,-0.3309690062516567f,0.8316342603767803f,-0.6875060170604456f,-0.13310684081493973f,-0.7138753710795384f,-0.701310125222175f,0f,0f,0f,1f],start_interpolation:0}
execute if entity @s[tag=aj.heiloang_aj.bone.leg_right_1] run data modify entity @s {} merge value {transformation:[-0.7316031288130561f,0.2228771922258759f,0.6442690580001937f,-0.8941802584452314f,0.03534986197048667f,0.9561800627207204f,-0.2906373598043912f,1.1084991650374545f,-0.6808136669967887f,-0.189856379510696f,-0.7074230035766974f,-0.2163851085379211f,0f,0f,0f,1f],start_interpolation:0}
execute if entity @s[tag=aj.heiloang_aj.bone.leg_right_0] run data modify entity @s {} merge value {transformation:[-0.5691191950948545f,0.7396236093394023f,0.35924957659312606f,-0.3090936545639824f,0.16718559004629366f,0.531869010773834f,-0.8301592219925863f,1.435049862154799f,-0.8050790770200512f,-0.4123981957843882f,-0.4263512728470782f,-0.517341658024863f,0f,0f,0f,1f],start_interpolation:0}
execute if entity @s[tag=aj.heiloang_aj.bone.leg_left_3] run data modify entity @s {} merge value {transformation:[-0.8911107303160151f,-0.31887020832271085f,0.3228675526588101f,0.845864406013904f,-0.3199762920585365f,0.9460412125903706f,0.051197623001579456f,0.26814093796540994f,-0.3217714077355673f,-0.05768721110239888f,-0.9450583827674874f,-0.13496666704884197f,0f,0f,0f,1f],start_interpolation:0}
execute if entity @s[tag=aj.heiloang_aj.bone.leg_left_2] run data modify entity @s {} merge value {transformation:[-0.8911107303160151f,-0.26429622901603433f,0.3688755476357337f,0.6677209430063455f,-0.3199762920585365f,0.9423657543982101f,-0.09778526196704039f,0.8458863295219389f,-0.3217714077355673f,-0.20516892616913632f,-0.9243207629921958f,-0.21614005938437508f,0f,0f,0f,1f],start_interpolation:0}
execute if entity @s[tag=aj.heiloang_aj.bone.leg_left_1] run data modify entity @s {} merge value {transformation:[-0.9294660836812396f,-0.1935989345974162f,0.3140258776104359f,0.4316012995028761f,-0.19522650976461872f,0.9803978710175939f,0.026582407515024498f,0.9007299377070899f,-0.31301662762764587f,-0.0365987298538481f,-0.9490422139197501f,0.4507838535740978f,0f,0f,0f,1f],start_interpolation:0}
execute if entity @s[tag=aj.heiloang_aj.bone.leg_left_0] run data modify entity @s {} merge value {transformation:[-0.9020150992666975f,-0.22481499989226306f,0.3685471157373664f,0.25965221520544296f,-0.40234030621792927f,0.7472571537064516f,-0.5288941521958772f,1.3964523935721982f,-0.15649612994369194f,-0.6253518705960464f,-0.7644893715773116f,-0.06324853418813559f,0f,0f,0f,1f],start_interpolation:0}
execute if entity @s[tag=aj.heiloang_aj.bone.tail_4] run data modify entity @s {} merge value {transformation:[-1.2551698588969054f,0.598962782610772f,0.7420556408057001f,1.0548258633172407f,0.304356831594213f,1.4140770990595553f,-0.6265837858298916f,-1.2722008342168083f,-0.9037532340558062f,-0.35564576006209964f,-1.2416120766854666f,-3.419518403179917f,0f,0f,0f,1f],start_interpolation:0}
execute if entity @s[tag=aj.heiloang_aj.bone.tail_3] run data modify entity @s {} merge value {transformation:[-0.908338067583238f,0.36052500579912944f,0.21199923389646214f,0.762117344425363f,0.19132185439631808f,0.808924696228372f,-0.5559107696943731f,-0.5504390890303841f,-0.3719111493482056f,-0.46439482773322716f,-0.80375340805817f,-2.333325943919786f,0f,0f,0f,1f],start_interpolation:0}
execute if entity @s[tag=aj.heiloang_aj.bone.tail_2] run data modify entity @s {} merge value {transformation:[-0.8450040894618481f,0.44268811695705346f,0.2999921997282117f,0.5353113639349787f,0.23926337419373067f,0.8146807425422782f,-0.5282502489352878f,-0.12193492694780639f,-0.47824797601472807f,-0.3745964746707857f,-0.7943276116326534f,-1.7182113016036538f,0f,0f,0f,1f],start_interpolation:0}
execute if entity @s[tag=aj.heiloang_aj.bone.tail_1] run data modify entity @s {} merge value {transformation:[-0.8971724560336071f,0.3532849093965077f,0.2650874514708814f,0.33411587175616997f,0.08358345208152608f,0.7251362962665232f,-0.6835138318827241f,0.42446795278078053f,-0.4336996549142746f,-0.5910728589857348f,-0.6801010841762192f,-1.1967045625202188f,0f,0f,0f,1f],start_interpolation:0}
execute if entity @s[tag=aj.heiloang_aj.bone.tail_ring] run data modify entity @s {} merge value {transformation:[-0.7881056301822744f,0.5701332017280892f,0.2320294118474599f,0.3851429197108355f,0.2507699354858651f,0.6416403279082197f,-0.7248531775871909f,0.3402015895327426f,-0.5621422908227198f,-0.5130748696721661f,-0.6486526211921713f,-1.305833826163075f,0f,0f,0f,1f],start_interpolation:0}
execute if entity @s[tag=aj.heiloang_aj.bone.tail_0] run data modify entity @s {} merge value {transformation:[-0.7881056301822744f,0.5701332017280892f,0.2320294118474599f,0.04813816194157036f,0.2507699354858651f,0.6416403279082197f,-0.7248531775871909f,1.3382503280447935f,-0.5621422908227198f,-0.5130748696721661f,-0.6486526211921713f,-0.3881374115959012f,0f,0f,0f,1f],start_interpolation:0}
execute if entity @s[tag=aj.heiloang_aj.bone.body_1] run data modify entity @s {} merge value {transformation:[-0.7803773894995435f,0.5666275447045693f,0.26446995205495305f,-0.002443286840173476f,0.05295966682974197f,0.4813138955438935f,-0.8749469741908048f,1.6797071064814812f,-0.623062118610304f,-0.6687825951222364f,-0.40561488731850825f,-0.2908671244609006f,0f,0f,0f,1f],start_interpolation:0}