execute if entity @s[tag=aj.heiloang_aj.bone.head_lower] run data modify entity @s {} merge value {transformation:[-0.6075381336336885f,0.5200975217271975f,0.01989934858537788f,-0.4043714296932007f,0.5156565682785234f,0.6056236503586481f,-0.08554704972985591f,4.841293556840718f,-0.070680405857009f,-0.05213983141028869f,-0.7951639568091573f,1.084517040470177f,0f,0f,0f,1f],start_interpolation:0}
execute if entity @s[tag=aj.heiloang_aj.bone.horne_right] run data modify entity @s {} merge value {transformation:[-0.47668177264848033f,-0.379063318121948f,-0.5187345067364247f,-0.780436468541491f,0.42007462168051324f,0.30483726321497434f,-0.6087787407388484f,4.86028398398347f,0.48611912104408783f,-0.6351261636950438f,0.017405641193014965f,0.6063419469226148f,0f,0f,0f,1f],start_interpolation:0}
execute if entity @s[tag=aj.heiloang_aj.bone.horne_left] run data modify entity @s {} merge value {transformation:[-0.4191664217035981f,0.44183030955008057f,-0.5187345067364247f,-0.2639075473261291f,0.3402891810575621f,-0.39190779282835847f,-0.6087787407388484f,4.421872769633069f,-0.5903412438339164f,-0.5396241835604523f,0.017405641193014965f,0.6664344279822438f,0f,0f,0f,1f],start_interpolation:0}
execute if entity @s[tag=aj.heiloang_aj.bone.head_upper] run data modify entity @s {} merge value {transformation:[-0.8899066696932861f,0.06235070256392592f,-0.7598293371048467f,-0.5452742279165148f,0.7553208498001741f,-0.08649305264573097f,-0.8917238799657468f,4.659298402781013f,-0.10353089148920036f,-1.1669590627497644f,0.025495348078498497f,0.9606075435848529f,0f,0f,0f,1f],start_interpolation:0}
execute if entity @s[tag=aj.heiloang_aj.bone.neck_0] run data modify entity @s {} merge value {transformation:[-0.9025563300519444f,0.42075996655880465f,-0.0913954135862382f,-0.6113853608130616f,0.33682230058343626f,0.5577221874686185f,-0.758614987615523f,4.297647025590731f,-0.2682215668301997f,-0.7154767726115592f,-0.645097030639965f,0.7319202940224558f,0f,0f,0f,1f],start_interpolation:0}
execute if entity @s[tag=aj.heiloang_aj.bone.neck_1] run data modify entity @s {} merge value {transformation:[-0.748647982914102f,0.6207744717304761f,0.23273429684168823f,-0.5188350503826559f,0.06286685878086926f,0.41594081678559297f,-0.9072160685298513f,3.9722833978985053f,-0.6599802692093704f,-0.6645542055991236f,-0.3504193945472267f,0.5959432100955937f,0f,0f,0f,1f],start_interpolation:0}
execute if entity @s[tag=aj.heiloang_aj.bone.neck_2] run data modify entity @s {} merge value {transformation:[-0.9145769194583149f,0.36107496437941744f,0.18213711453885958f,-0.4562972514556691f,0.06769811461612085f,0.5807129851309429f,-0.8112887243008691f,3.620353087091046f,-0.398705434715357f,-0.7296556030064537f,-0.5555507873540695f,0.39273392585767086f,0f,0f,0f,1f],start_interpolation:0}
execute if entity @s[tag=aj.heiloang_aj.bone.neck_3] run data modify entity @s {} merge value {transformation:[-0.9183014499790327f,0.29921700944340374f,0.25921348002399924f,-0.3294001894481833f,0.01851152042992668f,0.686513667708837f,-0.7268812197741338f,3.227567269252278f,-0.395448821692237f,-0.6626976424499385f,-0.635965458270742f,0.07966985298654017f,0f,0f,0f,1f],start_interpolation:0}
execute if entity @s[tag=aj.heiloang_aj.bone.wing_right_2] run data modify entity @s {} merge value {transformation:[-1.8541179519872029f,1.0228697840213403f,1.0244803713961164f,-3.8644414511684655f,0.9621415407659534f,2.1144876379550235f,-0.3698671258559018f,4.480038413372416f,-1.081714510382617f,0.1274968242448616f,-2.0849974302516956f,-2.2519531330709723f,0f,0f,0f,1f],start_interpolation:0}
execute if entity @s[tag=aj.heiloang_aj.bone.wing_right_1] run data modify entity @s {} merge value {transformation:[-2.5502320372854035f,1.6005130611784624f,1.4566719843191491f,-2.2169207297925735f,1.535147598486096f,2.924716898809436f,-0.5259008324588184f,3.482950796234105f,-1.5254039398682273f,0.26759629241761723f,-2.96458324514911f,-1.2081398283714408f,0f,0f,0f,1f],start_interpolation:0}
execute if entity @s[tag=aj.heiloang_aj.bone.wing_right_0] run data modify entity @s {} merge value {transformation:[-1.8362184349354322f,0.7886230344306788f,0.9668379226988459f,-0.5012557716675268f,0.7074330419818842f,2.0751139799727056f,-0.34905653014102084f,2.822150787746833f,-1.0277355449314425f,0.01938245823367241f,-1.9676849265055847f,-0.2679892027192827f,0f,0f,0f,1f],start_interpolation:0}
execute if entity @s[tag=aj.heiloang_aj.bone.wing_left_2] run data modify entity @s {} merge value {transformation:[-1.7438201232998307f,-1.0190455157350062f,1.2059077994423724f,3.3598954252344084f,-1.4520887882624915f,1.7405063080034318f,-0.6290087035356805f,5.2794520591047345f,-0.6197624826479393f,-1.210685770537362f,-1.9192994650240027f,1.2636812113464575f,0f,0f,0f,1f],start_interpolation:0}
execute if entity @s[tag=aj.heiloang_aj.bone.wing_left_1] run data modify entity @s {} merge value {transformation:[-2.4063696411061026f,-1.567361910175463f,1.7146371528093076f,1.7583149722417935f,-2.1821394161684404f,2.3718342358305025f,-0.8943649697111302f,3.864373139790659f,-0.7967882351459147f,-1.7621003868036178f,-2.728983237042616f,0.7835289819585993f,0f,0f,0f,1f],start_interpolation:0}
execute if entity @s[tag=aj.heiloang_aj.bone.wing_left_0] run data modify entity @s {} merge value {transformation:[-1.7887477891852477f,-0.6584883217921303f,1.138057325774177f,0.10367664182068786f,-1.0613925219718465f,1.8572733207421483f,-0.5936174916237511f,2.872385759140387f,-0.7760330282836743f,-1.0224132932052556f,-1.8113099670928918f,0.047200841248896064f,0f,0f,0f,1f],start_interpolation:0}
execute if entity @s[tag=aj.heiloang_aj.bone.kazari_right] run data modify entity @s {} merge value {transformation:[-2.376313395288743f,0.13249219666278472f,-1.1146527054428226f,-1.4233664119876548f,0.0739061199009468f,-2.5855912539669816f,-0.4648934731816234f,0.520541743678867f,-1.1200637130845386f,-0.45170108898380573f,2.3341580052340847f,-3.3851575556692888f,0f,0f,0f,1f],start_interpolation:0}
execute if entity @s[tag=aj.heiloang_aj.bone.kazari_left] run data modify entity @s {} merge value {transformation:[-2.376313395288743f,0.13249219666278472f,-1.1146527054428226f,3.16460497179809f,0.0739061199009468f,-2.5855912539669816f,-0.4648934731816234f,0.37785047919143144f,-1.1200637130845386f,-0.45170108898380573f,2.3341580052340847f,-1.2226396513234872f,0f,0f,0f,1f],start_interpolation:0}
execute if entity @s[tag=aj.heiloang_aj.bone.ring] run data modify entity @s {} merge value {transformation:[-1.840635946990999f,-0.8044884150414321f,0.9043140972542126f,0.7623459290557543f,-0.49970210705101675f,2.0041723172982544f,0.7658442482438205f,3.4692149450626686f,-1.1023989298966832f,0.43476200204651394f,-1.8570473571568338f,-2.054191261397305f,0f,0f,0f,1f],start_interpolation:0}
execute if entity @s[tag=aj.heiloang_aj.bone.body_0] run data modify entity @s {} merge value {transformation:[-0.9981523754302961f,0.5069638293111252f,0.14258992647004023f,-0.1424431678327801f,-0.08288885652037528f,0.15052272743793255f,-1.115403389777467f,2.194756026798249f,-0.5200708113567573f,-0.9969869408535499f,-0.09589456126328552f,-0.11454033942339178f,0f,0f,0f,1f],start_interpolation:0}
execute if entity @s[tag=aj.heiloang_aj.bone.leg_right_3] run data modify entity @s {} merge value {transformation:[-0.6841784250670675f,-0.15241901566846638f,0.7132098753770892f,-0.634682098716359f,0.14239485685334125f,0.9311801727283895f,0.3355997477043795f,0.2820332761471025f,-0.7152786781489183f,0.3311675249479974f,-0.6153897001131508f,-0.6293813272487702f,0f,0f,0f,1f],start_interpolation:0}
execute if entity @s[tag=aj.heiloang_aj.bone.leg_right_2] run data modify entity @s {} merge value {transformation:[-0.6841784250670675f,0.3513797640191938f,0.6390869613053947f,-0.45112894166568335f,0.14239485685334125f,0.9237789581286634f,-0.35546609016956543f,0.8606312059037095f,-0.7152786781489183f,-0.15219953336504294f,-0.6820643038812391f,-0.6897686166273234f,0f,0f,0f,1f],start_interpolation:0}
execute if entity @s[tag=aj.heiloang_aj.bone.leg_right_1] run data modify entity @s {} merge value {transformation:[-0.7098466127881277f,0.2386657469133147f,0.6626888014472039f,-0.9008239779847222f,0.01461066571480701f,0.9456300280996199f,-0.3249159559081119f,1.1608920560107143f,-0.7042047392346861f,-0.22095816619129865f,-0.6747393378429822f,-0.23024102302074834f,0f,0f,0f,1f],start_interpolation:0}
execute if entity @s[tag=aj.heiloang_aj.bone.leg_right_0] run data modify entity @s {} merge value {transformation:[-0.5373785288091896f,0.7583202111372198f,0.36901866369558267f,-0.30256586259522217f,0.14673321570599188f,0.514966074478485f,-0.8445586454147505f,1.474861968152117f,-0.8304779829612884f,-0.3997003871864797f,-0.3880024746049027f,-0.5184191938608149f,0f,0f,0f,1f],start_interpolation:0}
execute if entity @s[tag=aj.heiloang_aj.bone.leg_left_3] run data modify entity @s {} merge value {transformation:[-0.8791827366295045f,-0.30296380383900595f,0.3677643935674794f,0.8238960307246457f,-0.3287549059867392f,0.9443818500636001f,-0.00794563151061184f,0.3135722776157809f,-0.3449027796384161f,-0.12789001068829595f,-0.9298850562106276f,-0.023793495782402307f,0f,0f,0f,1f],start_interpolation:0}
execute if entity @s[tag=aj.heiloang_aj.bone.leg_left_2] run data modify entity @s {} merge value {transformation:[-0.8791827366295045f,-0.2459961009034649f,0.4080730742807566f,0.6550331783823545f,-0.3287549059867392f,0.9330924467560563f,-0.14580362682885017f,0.8879431747680518f,-0.3449027796384161f,-0.2623440568167851f,-0.9012311958929328f,-0.1408292172682445f,0f,0f,0f,1f],start_interpolation:0}
execute if entity @s[tag=aj.heiloang_aj.bone.leg_left_1] run data modify entity @s {} merge value {transformation:[-0.9160653234169692f,-0.1770756221529075f,0.3598173804475327f,0.38784218034481344f,-0.2032586007748944f,0.9784648428760674f,-0.035951251251450045f,0.9867672131663621f,-0.34570256644114716f,-0.10606967188915745f,-0.9323298559315426f,0.5090866181175113f,0f,0f,0f,1f],start_interpolation:0}
execute if entity @s[tag=aj.heiloang_aj.bone.leg_left_0] run data modify entity @s {} merge value {transformation:[-0.8988915292631708f,-0.18469576012175465f,0.39734304424761935f,0.24725586619626533f,-0.40113845501979467f,0.7117381673881579f,-0.5766426284860309f,1.4533659871219617f,-0.17630076155039828f,-0.6777287490404947f,-0.7138639815824552f,-0.04051106103102747f,0f,0f,0f,1f],start_interpolation:0}
execute if entity @s[tag=aj.heiloang_aj.bone.tail_4] run data modify entity @s {} merge value {transformation:[-1.4100333541773282f,0.673418570386536f,-0.20776845971817318f,0.2500153064947227f,0.6633650419547197f,1.4251519337175316f,0.11723118450850814f,-0.9555800019216232f,0.2379225187062394f,0.017428670844594513f,-1.558185958161844f,-3.4147855644996334f,0f,0f,0f,1f],start_interpolation:0}
execute if entity @s[tag=aj.heiloang_aj.bone.tail_3] run data modify entity @s {} merge value {transformation:[-0.9049457163224053f,0.25900576354559185f,-0.3376229627260178f,0.6944275736162149f,0.3634266426344288f,0.8831446656395682f,-0.29660845398579294f,-0.5822662684645211f,0.2213466194302416f,-0.3911157296792603f,-0.8933275771318512f,-2.2108059360821692f,0f,0f,0f,1f],start_interpolation:0}
execute if entity @s[tag=aj.heiloang_aj.bone.tail_2] run data modify entity @s {} merge value {transformation:[-0.9171535905761989f,0.3797655790063956f,0.12086106194768964f,0.6067316792396208f,0.2787870501404704f,0.8280768295688159f,-0.4863810697439126f,-0.1863009271788153f,-0.2847930335650102f,-0.4123916455666812f,-0.8653473630280755f,-1.5407733461956894f,0f,0f,0f,1f],start_interpolation:0}
execute if entity @s[tag=aj.heiloang_aj.bone.tail_1] run data modify entity @s {} merge value {transformation:[-0.9024334964461629f,0.32620541972505884f,0.28143171220378066f,0.39230604351561066f,0.009552364670518882f,0.6682219257679013f,-0.7439006723025855f,0.4063321877023037f,-0.4307232717431865f,-0.6686325463698546f,-0.6061418819994288f,-1.0783745466201933f,0f,0f,0f,1f],start_interpolation:0}
execute if entity @s[tag=aj.heiloang_aj.bone.tail_ring] run data modify entity @s {} merge value {transformation:[-0.7468254502562242f,0.6039083449308843f,0.27847164626300497f,0.45105472493898274f,0.19743230204022f,0.6012064621018173f,-0.7743198796609289f,0.3137030320180185f,-0.6350371902185631f,-0.5233024945954836f,-0.5682273015171448f,-1.1762632984228472f,0f,0f,0f,1f],start_interpolation:0}
execute if entity @s[tag=aj.heiloang_aj.bone.tail_0] run data modify entity @s {} merge value {transformation:[-0.7468254502562242f,0.6039083449308843f,0.27847164626300497f,0.04841161833504667f,0.19743230204022f,0.6012064621018173f,-0.7743198796609289f,1.381765460397102f,-0.6350371902185631f,-0.5233024945954836f,-0.5682273015171448f,-0.3706819069400443f,0f,0f,0f,1f],start_interpolation:0}
execute if entity @s[tag=aj.heiloang_aj.bone.body_1] run data modify entity @s {} merge value {transformation:[-0.7544115363481675f,0.5968294175245591f,0.2732359423686663f,-0.003197737757847769f,0.029494680230108587f,0.44666498594444004f,-0.8942149932591025f,1.727620795f,-0.6557387419261739f,-0.6665471001426295f,-0.3545725111010865f,-0.2910999670859476f,0f,0f,0f,1f],start_interpolation:0}