execute if entity @s[tag=aj.grey_guardian.bone.head] run data modify entity @s {} merge value {transformation:[-0.7836944952897885f,-0.22932181430682164f,-0.5772646217598225f,-0.08112047804690845f,0.1600959361960851f,0.8233804721380846f,-0.5444390593217608f,1.1276558561884014f,0.6001601696763808f,-0.5190916138647325f,-0.6085652529920885f,-0.24242599024329692f,0f,0f,0f,1f],start_interpolation:0}
execute if entity @s[tag=aj.grey_guardian.bone.sword] run data modify entity @s {} merge value {transformation:[-0.000009625371972525895f,0.0000016120228985162535f,0.0000021802744242806145f,-0.12224156287865122f,7.690585491892444e-7f,-0.000006087604978281109f,0.000007896177212824317f,1.951247030336994f,0.0000026001467917084667f,0.000007768040151998846f,0.0000057355722346163355f,-0.5462375202410373f,0f,0f,0f,1f],start_interpolation:0}
execute if entity @s[tag=aj.grey_guardian.bone.axe] run data modify entity @s {} merge value {transformation:[-0.8730120139025082f,-0.28525845784625825f,0.5543426675613234f,-0.11538711716969109f,0.5650394895575422f,-0.7651092736656763f,0.49614144340225863f,2.002436702188302f,0.26343605693295247f,0.6957395840743132f,0.7728945803469334f,-0.5819143549905923f,0f,0f,0f,1f],start_interpolation:0}
execute if entity @s[tag=aj.grey_guardian.bone.left_arm_2] run data modify entity @s {} merge value {transformation:[-0.8137984672450883f,-0.1477634282919384f,0.5620480619742029f,0.0176428175465755f,0.5267147109228961f,-0.5962072747599355f,0.60589479187458f,1.9970074441092658f,0.24556805168212428f,0.789115235426831f,0.5630217377777714f,0.058643225655341316f,0f,0f,0f,1f],start_interpolation:0}
execute if entity @s[tag=aj.grey_guardian.bone.left_arm] run data modify entity @s {} merge value {transformation:[0.15113657105503117f,-0.33434642777656465f,0.9302527630288326f,-0.04713863877692853f,0.5759970602577659f,-0.7350096210277249f,-0.35775444591380223f,1.5422809901800716f,0.8033586518262803f,0.5898926370363762f,0.0814957256923986f,0.14401847829676206f,0f,0f,0f,1f],start_interpolation:0}
execute if entity @s[tag=aj.grey_guardian.bone.left_shoulder] run data modify entity @s {} merge value {transformation:[-0.3210058963013518f,-0.9465297330027919f,0.032197501167466426f,-0.20771473368526716f,0.9151621333114742f,-0.31876036720680495f,-0.24671866174040064f,1.325595459470915f,0.24378983631923054f,-0.04973221129053015f,0.9685521270781435f,0.12747100531754046f,0f,0f,0f,1f],start_interpolation:0}
execute if entity @s[tag=aj.grey_guardian.bone.right_arm_2] run data modify entity @s {} merge value {transformation:[0.460197888895799f,0.13268772775719784f,-0.8778450147711049f,-0.04679278634579262f,0.3905264971104321f,0.8577197841359718f,0.3343737832970723f,0.17458049337749748f,0.7973123341015773f,-0.4966998477998291f,0.3429027603929733f,-0.7087868364111944f,0f,0f,0f,1f],start_interpolation:0}
execute if entity @s[tag=aj.grey_guardian.bone.right_arm] run data modify entity @s {} merge value {transformation:[0.4286138748083239f,-0.15094905391412233f,-0.8907887120098826f,-0.09681921606022187f,0.40044535792119446f,0.9155515935148663f,0.037533917085157686f,0.6114387852359209f,0.8098973154920076f,-0.3727997622515611f,0.4528649640058485f,-0.7053862240298994f,0f,0f,0f,1f],start_interpolation:0}
execute if entity @s[tag=aj.grey_guardian.bone.right_shoulder] run data modify entity @s {} merge value {transformation:[0.4286138748083239f,-0.15094905391412233f,-0.8907887120098826f,-0.08123677766749506f,0.40044535792119446f,0.9155515935148663f,0.037533917085157686f,0.8939324222741586f,0.8098973154920076f,-0.3727997622515611f,0.4528649640058485f,-0.6131055315548398f,0f,0f,0f,1f],start_interpolation:0}
execute if entity @s[tag=aj.grey_guardian.bone.upper_body] run data modify entity @s {} merge value {transformation:[-0.14596796341252033f,-0.22932181430682164f,-0.9623434205834362f,-0.0006423404550704319f,0.4981814729139028f,0.8233804721380846f,-0.2717716286645815f,0.61783125f,0.8546979429614505f,-0.5190916138647325f,-0.005943291408974802f,0.0709748202864211f,0f,0f,0f,1f],start_interpolation:0}
execute if entity @s[tag=aj.grey_guardian.bone.body] run data modify entity @s {} merge value {transformation:[-0.9961946980917457f,0f,-0.08715574274765692f,-6.5972488474317385e-18f,0f,1f,0f,0.385416875f,0.08715574274765692f,0f,-0.9961946980917457f,0.053870625f,0f,0f,0f,1f],start_interpolation:0}