execute if entity @s[tag=aj.grey_guardian.bone.head] run data modify entity @s {} merge value {transformation:[-0.9684851752734658f,-0.14542220926363805f,0.20220990660303317f,-0.06747321609508578f,-0.17776347738833462f,0.9722314267013964f,-0.15220446458949344f,1.215925191773471f,-0.17446091648942974f,-0.18335330372548514f,-0.9674424813034719f,0.00024884842880443236f,0f,0f,0f,1f],start_interpolation:0}
execute if entity @s[tag=aj.grey_guardian.bone.sword] run data modify entity @s {} merge value {transformation:[0.0000037140325967803435f,0.000009225528200604571f,-0.000001046704967936483f,-1.1422384480000196f,0.00000918809542151267f,-0.0000034897382512923307f,0.0000018440795705839403f,1.294203256819869f,0.0000013359881718155237f,-0.000001646619675977719f,-0.000009772603504054182f,1.2697625634121108f,0f,0f,0f,1f],start_interpolation:0}
execute if entity @s[tag=aj.grey_guardian.bone.axe] run data modify entity @s {} merge value {transformation:[0.05202893245793447f,0.39703038942515906f,0.9804281547721501f,-1.2022144108594852f,1.0343244698625154f,0.1864216221723513f,-0.13038165683862007f,1.3073516460445307f,-0.22146193316378884f,0.9639467595615768f,-0.37860370243807945f,1.2567162532883425f,0f,0f,0f,1f],start_interpolation:0}
execute if entity @s[tag=aj.grey_guardian.bone.left_arm_2] run data modify entity @s {} merge value {transformation:[0.049128090271058994f,0.9956505995488076f,-0.07916005535886833f,-0.7472261916636517f,0.9766563241722183f,-0.06448171324134624f,-0.20490127650132262f,1.2323763558867786f,-0.2091144547866778f,-0.06724576027944924f,-0.975576318144157f,0.7925989397181202f,0f,0f,0f,1f],start_interpolation:0}
execute if entity @s[tag=aj.grey_guardian.bone.left_arm] run data modify entity @s {} merge value {transformation:[-0.964630679640862f,0.033965696372984244f,-0.26140769568914207f,-0.5660784874260766f,0.2599711229034254f,-0.041513944036234096f,-0.9647235913498167f,1.057188038978414f,-0.04361957303712294f,-0.9985604257732502f,0.03121552382396381f,0.39920819043914896f,0f,0f,0f,1f],start_interpolation:0}
execute if entity @s[tag=aj.grey_guardian.bone.left_shoulder] run data modify entity @s {} merge value {transformation:[-0.8350705902894959f,-0.017507488080803726f,-0.5498641624025462f,-0.46178263451026724f,0.2699107328703455f,0.8578944684503066f,-0.43722451587686495f,1.1927346434298975f,0.4793801263245546f,-0.5135275736155427f,-0.7116769812362823f,0.1900178144106239f,0f,0f,0f,1f],start_interpolation:0}
execute if entity @s[tag=aj.grey_guardian.bone.right_arm_2] run data modify entity @s {} merge value {transformation:[-0.4044696325511772f,0.012070374507668957f,-0.9144717723380864f,0.6093738322236109f,-0.02350319415867748f,0.9994454635124523f,0.023587397667372417f,0.6271723848046199f,0.9142493730969989f,0.0310333936852525f,-0.40396164702620085f,-0.5503112296704396f,0f,0f,0f,1f],start_interpolation:0}
execute if entity @s[tag=aj.grey_guardian.bone.right_arm] run data modify entity @s {} merge value {transformation:[-0.3843758452237131f,-0.20393190042102108f,-0.9003704735269962f,0.4101946172659286f,-0.034403197217058035f,0.9777827152626422f,-0.20677858147027492f,1.0060974519730108f,0.9225354354331332f,-0.048505069057632216f,-0.38285196701324903f,-0.4497985001270037f,0f,0f,0f,1f],start_interpolation:0}
execute if entity @s[tag=aj.grey_guardian.bone.right_shoulder] run data modify entity @s {} merge value {transformation:[-0.3843758452237131f,-0.20393190042102108f,-0.9003704735269962f,0.2554930123902481f,-0.034403197217058035f,0.9777827152626422f,-0.20677858147027492f,1.2083944490643772f,0.9225354354331332f,-0.048505069057632216f,-0.38285196701324903f,-0.2958357384807673f,0f,0f,0f,1f],start_interpolation:0}
execute if entity @s[tag=aj.grey_guardian.bone.upper_body] run data modify entity @s {} merge value {transformation:[-0.8278064310966128f,-0.14542220926363805f,-0.5418384387324066f,-0.01395158591112285f,-0.018072951270494353f,0.9722314267013964f,-0.2333225693466915f,0.61783125f,0.560722641835929f,-0.18335330372548514f,-0.8074476360393203f,0.0637862363387329f,0f,0f,0f,1f],start_interpolation:0}
execute if entity @s[tag=aj.grey_guardian.bone.body] run data modify entity @s {} merge value {transformation:[-0.6762682308089843f,0f,0.7366554689938074f,-6.5972488474317385e-18f,0f,1f,0f,0.385416875f,-0.7366554689938074f,0f,-0.6762682308089843f,0.053870625f,0f,0f,0f,1f],start_interpolation:0}