execute if entity @s[tag=aj.grey_guardian.bone.head] run data modify entity @s {} merge value {transformation:[0.9570016093703502f,0.0006542407167263176f,-0.2900818705669907f,-0.015347697109883257f,-0.034669791430711944f,0.9930875974895892f,-0.11213843798852616f,1.2206297297456818f,0.28800334238461633f,0.1173737435776851f,0.9504091114324658f,0.06378349410061815f,0f,0f,0f,1f],start_interpolation:0}
execute if entity @s[tag=aj.grey_guardian.bone.sword] run data modify entity @s {} merge value {transformation:[-0.0000017451301427819811f,-0.000009246505130295474f,0.000003384769365876096f,0.9777089769935621f,0.000009390741642210908f,-5.291529164242797e-7f,0.000003396169695448935f,1.0283473752775123f,-0.000002961163993094567f,0.0000037712252738943085f,0.000008775498147657547f,-1.214055445531937f,0f,0f,0f,1f],start_interpolation:0}
execute if entity @s[tag=aj.grey_guardian.bone.axe] run data modify entity @s {} merge value {transformation:[0.22221145044832932f,-0.5186427624155057f,-0.8666182331426898f,1.0404713946957074f,1.0095309273814075f,0.08822645944781468f,0.206055342676264f,1.0274797468320005f,-0.029407204589677532f,-0.8902927510538375f,0.5252708248807507f,-1.2134821977401935f,0f,0f,0f,1f],start_interpolation:0}
execute if entity @s[tag=aj.grey_guardian.bone.left_arm_2] run data modify entity @s {} merge value {transformation:[0.21488063423446932f,-0.9500555189350707f,0.22632018021379774f,0.6835658104173934f,0.976226227394484f,0.2156902444464727f,-0.02144927499367602f,1.1687783956009963f,-0.028437052908585676f,0.22554872952786614f,0.9738167715901382f,-0.683676997441172f,0f,0f,0f,1f],start_interpolation:0}
execute if entity @s[tag=aj.grey_guardian.bone.left_arm] run data modify entity @s {} merge value {transformation:[0.9883309130985376f,-0.023321958500975792f,0.15052605244770612f,0.4898003350396994f,0.15205779997173954f,0.09287689412202277f,-0.9839981239850007f,1.067998098407949f,0.008968371176824363f,0.9954044247389726f,0.09533939127406543f,-0.27068790436565593f,0f,0f,0f,1f],start_interpolation:0}
execute if entity @s[tag=aj.grey_guardian.bone.left_shoulder] run data modify entity @s {} merge value {transformation:[0.8398946644994469f,0.07776872848149052f,0.5371489341102089f,0.39773781395868185f,0.14905934662845502f,0.9185744211173227f,-0.3660633060710587f,1.2375277373776594f,-0.5218795490609491f,0.387521686798749f,0.7599135993865306f,-0.08149140846859775f,0f,0f,0f,1f],start_interpolation:0}
execute if entity @s[tag=aj.grey_guardian.bone.right_arm_2] run data modify entity @s {} merge value {transformation:[0.5627176836030473f,-0.08499722475269042f,0.8222677668161154f,-0.6547342759191354f,0.05160744660904632f,0.9963716825547747f,0.06767674384499957f,0.564512688768431f,-0.8250366537402538f,0.004352239344047479f,0.5650624549532349f,0.5552790540996769f,0f,0f,0f,1f],start_interpolation:0}
execute if entity @s[tag=aj.grey_guardian.bone.right_arm] run data modify entity @s {} merge value {transformation:[0.49156585330489516f,0.044747496298336804f,0.8696899869721743f,-0.5053928167832853f,0.01271307154423329f,0.9982037881312911f,-0.05854549660094796f,0.9683603015879952f,-0.870747603887913f,0.03983539801948436f,0.4901140187630706f,0.466039997610298f,0f,0f,0f,1f],start_interpolation:0}
execute if entity @s[tag=aj.grey_guardian.bone.right_shoulder] run data modify entity @s {} merge value {transformation:[0.49156585330489516f,0.044747496298336804f,0.8696899869721743f,-0.3663404021872424f,0.01271307154423329f,0.9982037881312911f,-0.05854549660094796f,1.1900633083948398f,-0.870747603887913f,0.03983539801948436f,0.4901140187630706f,0.3243593838169999f,0f,0f,0f,1f],start_interpolation:0}
execute if entity @s[tag=aj.grey_guardian.bone.upper_body] run data modify entity @s {} merge value {transformation:[0.8818211853694115f,0.0006542407167263176f,0.47158346981501664f,0.014077245048359456f,0.054778605310374325f,0.9930875974895892f,-0.10380909455633366f,0.61783125f,-0.4683916111908245f,0.1173737435776851f,0.8756898439999309f,0.04413423606443005f,0f,0f,0f,1f],start_interpolation:0}
execute if entity @s[tag=aj.grey_guardian.bone.body] run data modify entity @s {} merge value {transformation:[0.6667926498504694f,0f,-0.7452432905470465f,-6.5972488474317385e-18f,0f,1f,0f,0.385416875f,0.7452432905470465f,0f,0.6667926498504694f,0.053870625f,0f,0f,0f,1f],start_interpolation:0}