execute if entity @s[tag=aj.grey_guardian.bone.head] run data modify entity @s {} merge value {transformation:[0.10484211157388396f,0.14495411601755698f,0.9838680988274281f,0.03138451837214848f,-0.12073741493523271f,0.9838575082667788f,-0.13208663846825222f,1.2196241293596217f,-0.9871325180924226f,-0.10494144880195802f,0.12065108390669077f,0.016042766865174155f,0f,0f,0f,1f],start_interpolation:0}
execute if entity @s[tag=aj.grey_guardian.bone.sword] run data modify entity @s {} merge value {transformation:[-0.0000016719245895628637f,0.0000033613049752587354f,0.00000926856499303511f,-1.3551015320803366f,0.000009406262615732977f,-0.0000022729752995104237f,0.000002521072567713929f,1.1737232314924388f,0.000002954131305592096f,0.000009139759961351087f,-0.000002781707403413301f,-0.8935908916649863f,0f,0f,0f,1f],start_interpolation:0}
execute if entity @s[tag=aj.grey_guardian.bone.axe] run data modify entity @s {} merge value {transformation:[0.12101403291208587f,-0.8977249916580916f,0.5281324009716695f,-1.3526414104669693f,1.0380073656209365f,0.14778544925804982f,0.013362622106021939f,1.1810340869637477f,-0.08587608817537361f,0.5212750618486791f,0.9057460997098583f,-0.9558861696713796f,0f,0f,0f,1f],start_interpolation:0}
execute if entity @s[tag=aj.grey_guardian.bone.left_arm_2] run data modify entity @s {} merge value {transformation:[0.11540971953224187f,0.22291302175154004f,0.967982634849968f,-0.8200032801042691f,0.9899359277261909f,0.0545358326288288f,-0.13058599448779362f,1.1969917196495299f,-0.08189905759149457f,0.9733116806517214f,-0.21437564384170893f,-0.5763042542174581f,0f,0f,0f,1f],start_interpolation:0}
execute if entity @s[tag=aj.grey_guardian.bone.left_arm] run data modify entity @s {} merge value {transformation:[-0.08469287076082893f,0.9963992305038128f,0.003961198518008968f,-0.39757959725089453f,0.20457966008877754f,0.021279564021853492f,-0.9786185890493804f,1.057044890900599f,-0.9751791016629971f,-0.08207163704014547f,-0.20564524325473912f,-0.43405505022070795f,0f,0f,0f,1f],start_interpolation:0}
execute if entity @s[tag=aj.grey_guardian.bone.left_shoulder] run data modify entity @s {} merge value {transformation:[-0.6091692638769733f,0.4379396803188028f,0.6611517559152749f,-0.18722006293209467f,0.2030049514056568f,0.8920279262987421f,-0.40382566586084245f,1.2113314708560574f,-0.7666171128095f,-0.11178110352573305f,-0.6322999187428353f,-0.3636587583897858f,0f,0f,0f,1f],start_interpolation:0}
execute if entity @s[tag=aj.grey_guardian.bone.right_arm_2] run data modify entity @s {} merge value {transformation:[-0.9299782205344479f,-0.011839712675944927f,0.36742391121881635f,0.6326588469244097f,0.0026179291491204076f,0.9992425824593143f,0.038825350571634804f,0.6043720801051562f,-0.36760529889890303f,0.03706862020349866f,-0.9292428431888282f,0.6128434332932643f,0f,0f,0f,1f],start_interpolation:0}
execute if entity @s[tag=aj.grey_guardian.bone.right_arm] run data modify entity @s {} merge value {transformation:[-0.9473132875749953f,0.02990993156462351f,0.3189089700489053f,0.5167238660670015f,-0.01820028220860831f,0.9889957950793135f,-0.14681984553514382f,0.9941315874150858f,-0.31979100192372684f,-0.14488862380889683f,-0.9363444888391148f,0.44549355526787293f,0f,0f,0f,1f],start_interpolation:0}
execute if entity @s[tag=aj.grey_guardian.bone.right_shoulder] run data modify entity @s {} merge value {transformation:[-0.9473132875749953f,0.02990993156462351f,0.3189089700489053f,0.35135222921337145f,-0.01820028220860831f,0.9889957950793135f,-0.14681984553514382f,1.2043778910747052f,-0.31979100192372684f,-0.14488862380889683f,-0.9363444888391148f,0.3150715207842417f,0f,0f,0f,1f],start_interpolation:0}
execute if entity @s[tag=aj.grey_guardian.bone.upper_body] run data modify entity @s {} merge value {transformation:[-0.6215652364261808f,0.14495411601755698f,0.7698343725218006f,-0.011436131717800467f,0.008025112921400054f,0.9838575082667788f,-0.17877360260867403f,0.61783125f,-0.7833212970608324f,-0.10494144880195802f,-0.6126948978849762f,0.04113559500437894f,0f,0f,0f,1f],start_interpolation:0}
execute if entity @s[tag=aj.grey_guardian.bone.body] run data modify entity @s {} merge value {transformation:[0.655074084300106f,0f,0.7555646524807641f,-6.5972488474317385e-18f,0f,1f,0f,0.385416875f,-0.7555646524807641f,0f,0.655074084300106f,0.053870625f,0f,0f,0f,1f],start_interpolation:0}