execute if entity @s[tag=aj.grey_guardian.bone.head] run data modify entity @s {} merge value {transformation:[-0.7765432375317872f,0.14897239692316153f,-0.6121991711841974f,0.15077549462480924f,0.018560719234649595f,0.9766331242544252f,0.21411034610810611f,1.195255732242353f,0.6297905206853647f,0.15490308442380513f,-0.761162883022319f,0.16724362945093557f,0f,0f,0f,1f],start_interpolation:0}
execute if entity @s[tag=aj.grey_guardian.bone.sword] run data modify entity @s {} merge value {transformation:[0.000006630496586141786f,-0.0000071215570229110135f,-0.0000023064996402750534f,0.705775668620103f,0.000007228000660839482f,0.000006892291119393535f,-5.023241706637719e-7f,0.2939438944100121f,0.000001947439721292066f,-0.000001334072222541146f,0.000009717393160564103f,0.5555648750662345f,0f,0f,0f,1f],start_interpolation:0}
execute if entity @s[tag=aj.grey_guardian.bone.axe] run data modify entity @s {} merge value {transformation:[0.6928190945290033f,0.3944033765526613f,-0.6176188562889263f,0.7340547823409956f,0.44636359338789344f,0.4469513338080212f,0.786129391721775f,0.24442037537750594f,0.5811769245054632f,-0.8134407505128199f,0.13248736034535782f,0.5817930137300162f,0f,0f,0f,1f],start_interpolation:0}
execute if entity @s[tag=aj.grey_guardian.bone.left_arm_2] run data modify entity @s {} merge value {transformation:[0.6870023536665026f,-0.46648453846224275f,-0.5571534271925049f,0.2968840793251486f,0.44261603305981523f,0.8767227112516744f,-0.18827728183162612f,0.612265675597352f,0.576297504189527f,-0.11725810398936849f,0.8087841020406745f,0.9005594894260597f,0f,0f,0f,1f],start_interpolation:0}
execute if entity @s[tag=aj.grey_guardian.bone.left_arm] run data modify entity @s {} merge value {transformation:[-0.0019894249886709403f,-0.5208600454605349f,-0.8536397690074332f,-0.007678061927557933f,-0.014265656136052893f,0.8535693739878087f,-0.5207838465669496f,0.9049652119642749f,0.9998962612407459f,0.01114167101066324f,-0.009128522545724382f,0.7009834330561765f,0f,0f,0f,1f],start_interpolation:0}
execute if entity @s[tag=aj.grey_guardian.bone.left_shoulder] run data modify entity @s {} merge value {transformation:[-0.2467776470647685f,0.1669558694481739f,-0.954581861636801f,0.03578069418231836f,-0.12769717967156924f,0.9708551998807627f,0.20281422821984452f,1.1461811627510667f,0.9606217898908516f,0.17194742952800582f,-0.2182655682090236f,0.5872410841261273f,0f,0f,0f,1f],start_interpolation:0}
execute if entity @s[tag=aj.grey_guardian.bone.right_arm_2] run data modify entity @s {} merge value {transformation:[0.3025537680508271f,0.16334129546562573f,-0.9390318624167432f,-0.023593493067217947f,-0.1534767997712557f,0.9806988071914629f,0.12113926491941303f,0.732423792251434f,0.9406944718505684f,0.10746846406668804f,0.32178321873728416f,-0.7313446660950039f,0f,0f,0f,1f],start_interpolation:0}
execute if entity @s[tag=aj.grey_guardian.bone.right_arm] run data modify entity @s {} merge value {transformation:[0.4232630636147028f,0.16180846206411006f,-0.891440632114076f,0.05256100882899431f,-0.23444689526865786f,0.9699704538070374f,0.06474544030475624f,1.0938885517438623f,0.8751474345950987f,0.18159113509700095f,0.44848815745323733f,-0.49280097096553577f,0f,0f,0f,1f],start_interpolation:0}
execute if entity @s[tag=aj.grey_guardian.bone.right_shoulder] run data modify entity @s {} merge value {transformation:[0.4232630636147028f,0.16180846206411006f,-0.891440632114076f,0.13647300794413889f,-0.23444689526865786f,0.9699704538070374f,0.06474544030475624f,1.2659928774223084f,0.8751474345950987f,0.18159113509700095f,0.44848815745323733f,-0.2649851000427693f,0f,0f,0f,1f],start_interpolation:0}
execute if entity @s[tag=aj.grey_guardian.bone.upper_body] run data modify entity @s {} merge value {transformation:[-0.11620880376215253f,0.14897239692316153f,-0.9819891745244127f,0.002829028310790547f,-0.13827446722072026f,0.9766331242544252f,0.16452328808976086f,0.61783125f,0.9835525840762126f,0.15490308442380513f,-0.09289428826895657f,0.07075146314486103f,0f,0f,0f,1f],start_interpolation:0}
execute if entity @s[tag=aj.grey_guardian.bone.body] run data modify entity @s {} merge value {transformation:[-0.9580009022189927f,0f,-0.2867651850340203f,-6.5972488474317385e-18f,0f,1f,0f,0.385416875f,0.2867651850340203f,0f,-0.9580009022189927f,0.053870625f,0f,0f,0f,1f],start_interpolation:0}