execute if entity @s[tag=aj.grey_guardian.bone.head] run data modify entity @s {} merge value {transformation:[-0.7293258849798634f,0.1326874495204092f,-0.6711764255679037f,0.14048214968360878f,0.008333327040450395f,0.9826634051379325f,0.18521119799612693f,1.2004904381059114f,0.6841157132815879f,0.12948618823060815f,-0.7177875855005655f,0.14798013958787437f,0f,0f,0f,1f],start_interpolation:0}
execute if entity @s[tag=aj.grey_guardian.bone.sword] run data modify entity @s {} merge value {transformation:[0.0000059212966230964395f,-0.000007738856635618095f,0.000002246852081169658f,0.7023709877651985f,0.000007303431359116438f,0.000006332043435117304f,0.0000025622482936792916f,0.2388037956041723f,-0.000003405603717989113f,1.2378977800127157e-7f,0.000009401411564593963f,0.3877494997764361f,0f,0f,0f,1f],start_interpolation:0}
execute if entity @s[tag=aj.grey_guardian.bone.axe] run data modify entity @s {} merge value {transformation:[0.8292022484106106f,-0.056402828847414196f,-0.591437331951142f,0.7448307749447443f,0.5918316307667458f,0.1674711860777649f,0.8137840549890181f,0.19900097848399045f,0.052102951465827815f,-1.0046531183589709f,0.16885840138066466f,0.41126767763811956f,0f,0f,0f,1f],start_interpolation:0}
execute if entity @s[tag=aj.grey_guardian.bone.left_arm_2] run data modify entity @s {} merge value {transformation:[0.8128825319325301f,-0.5695891929537483f,-0.12161472176203017f,0.4512579099208276f,0.5801836589536128f,0.8102130807604702f,0.08331677890932432f,0.6580358019071417f,0.05107750152617396f,-0.13828562844679465f,0.989074402561768f,0.773403644235474f,0f,0f,0f,1f],start_interpolation:0}
execute if entity @s[tag=aj.grey_guardian.bone.left_arm] run data modify entity @s {} merge value {transformation:[0.38164599489457235f,-0.5550683119767895f,-0.7390842331021337f,0.06740222747175104f,0.07120050227942498f,0.8148863326554588f,-0.5752310434308066f,0.9117048771476692f,0.9215621645098554f,0.16691145524071765f,0.3505192477644221f,0.6923571509851849f,0f,0f,0f,1f],start_interpolation:0}
execute if entity @s[tag=aj.grey_guardian.bone.left_shoulder] run data modify entity @s {} merge value {transformation:[0.062407420206832716f,0.14131832638921846f,-0.9879951642238326f,0.05747220229433982f,-0.14425409309777773f,0.9808073260193895f,0.13117829794303948f,1.1553144713531696f,0.9875707926663614f,0.1343358472383506f,0.08159540194820447f,0.5758801981244315f,0f,0f,0f,1f],start_interpolation:0}
execute if entity @s[tag=aj.grey_guardian.bone.right_arm_2] run data modify entity @s {} merge value {transformation:[0.3935125027439515f,0.20371384062289813f,-0.8964644897166089f,-0.09191380539665814f,-0.1713279469068823f,0.9743065708538229f,0.1461965820384908f,0.731701353454805f,0.9032135100810129f,0.09605923760749455f,0.41830369120700195f,-0.7419346216013434f,0f,0f,0f,1f],start_interpolation:0}
execute if entity @s[tag=aj.grey_guardian.bone.right_arm] run data modify entity @s {} merge value {transformation:[0.48631350837271464f,0.16106620801357402f,-0.8588112995357884f,-0.004169878928893783f,-0.23554060755989073f,0.9706454642469714f,0.04866215086798835f,1.0922642378031535f,0.8414391206525514f,0.17861987395838513f,0.509975633596892f,-0.5060219581039825f,0f,0f,0f,1f],start_interpolation:0}
execute if entity @s[tag=aj.grey_guardian.bone.right_shoulder] run data modify entity @s {} merge value {transformation:[0.48631350837271464f,0.16106620801357402f,-0.8588112995357884f,0.09309991762545172f,-0.23554060755989073f,0.9706454642469714f,0.04866215086798835f,1.2636861483817938f,0.8414391206525514f,0.17861987395838513f,0.509975633596892f,-0.28305490042757125f,0f,0f,0f,1f],start_interpolation:0}
execute if entity @s[tag=aj.grey_guardian.bone.upper_body] run data modify entity @s {} merge value {transformation:[-0.04111787707252859f,0.1326874495204092f,-0.9903046808557542f,0.0019889468425540705f,-0.12507154199459797f,0.9826634051379325f,0.13685664611489334f,0.61783125f,0.9912953291366513f,0.12948618823060815f,-0.023809609181285885f,0.07087092464776339f,0f,0f,0f,1f],start_interpolation:0}
execute if entity @s[tag=aj.grey_guardian.bone.body] run data modify entity @s {} merge value {transformation:[-0.9710356125328822f,0f,-0.23893480113388735f,-6.5972488474317385e-18f,0f,1f,0f,0.385416875f,0.23893480113388735f,0f,-0.9710356125328822f,0.053870625f,0f,0f,0f,1f],start_interpolation:0}