execute if entity @s[tag=aj.grey_guardian.bone.head] run data modify entity @s {} merge value {transformation:[-0.8177333510375864f,0.14095541907964676f,-0.5580714438429191f,0.1449325755093077f,0.02348486282679263f,0.9769150712842799f,0.21233323978039087f,1.1952832247548852f,0.5751179251413104f,0.16052574039608528f,-0.8021663536021955f,0.17474431149530234f,0f,0f,0f,1f],start_interpolation:0}
execute if entity @s[tag=aj.grey_guardian.bone.sword] run data modify entity @s {} merge value {transformation:[0.000006055457421851747f,-0.000006825964315472483f,-0.00000409116689662459f,0.6780354614111106f,0.000007162513516503279f,0.000006915301858371173f,-9.364829595438817e-7f,0.31291067241753506f,0.0000034684053307029257f,-0.000002363220550753671f,0.00000907663776353596f,0.6673434211738849f,0f,0f,0f,1f],start_interpolation:0}
execute if entity @s[tag=aj.grey_guardian.bone.axe] run data modify entity @s {} merge value {transformation:[0.5642525931844046f,0.5342372130106969f,-0.6399084368633039f,0.7014648738670325f,0.4225100928700693f,0.4828268828367084f,0.7756523827609325f,0.2624010335915241f,0.7185940639590612f,-0.7033789858208374f,0.04640872545168426f,0.6963268903521074f,0f,0f,0f,1f],start_interpolation:0}
execute if entity @s[tag=aj.grey_guardian.bone.left_arm_2] run data modify entity @s {} merge value {transformation:[0.5605447461597026f,-0.4466885746677845f,-0.6973226690808334f,0.20756450671895743f,0.4197336717961074f,0.8791264928034686f,-0.2257437804494971f,0.6141748717658523f,0.71387199995049f,-0.16615031421076504f,0.6802799723454687f,0.9420056411710844f,0f,0f,0f,1f],start_interpolation:0}
execute if entity @s[tag=aj.grey_guardian.bone.left_arm] run data modify entity @s {} merge value {transformation:[-0.16254357449974466f,-0.509705660821313f,-0.8448548548215571f,-0.058892754165548136f,-0.015569495071079367f,0.8574600242603176f,-0.5143149789950971f,0.9094273594803306f,0.9865785205507351f,-0.07044463160670245f,-0.1473104771077685f,0.6968766641603313f,0f,0f,0f,1f],start_interpolation:0}
execute if entity @s[tag=aj.grey_guardian.bone.left_shoulder] run data modify entity @s {} merge value {transformation:[-0.36678051775371145f,0.15556570995422625f,-0.9172084614103583f,0.0013398011988735832f,-0.11034348764629157f,0.9716853344349091f,0.20893043238880143f,1.1484080574280804f,0.9237404216176598f,0.17783959269677935f,-0.33922958706320355f,0.5861003778017564f,0f,0f,0f,1f],start_interpolation:0}
execute if entity @s[tag=aj.grey_guardian.bone.right_arm_2] run data modify entity @s {} merge value {transformation:[0.23341991696618783f,0.14837455253689777f,-0.9609891438111946f,0.031782877397453446f,-0.1426894523368789f,0.9828176541772888f,0.11708620255714372f,0.7265388436232216f,0.9618497089230206f,0.10979276295333075f,0.2505806988731857f,-0.7292068099524552f,0f,0f,0f,1f],start_interpolation:0}
execute if entity @s[tag=aj.grey_guardian.bone.right_arm] run data modify entity @s {} merge value {transformation:[0.36269330251606685f,0.15016775586179362f,-0.9197299676586717f,0.09197623375577557f,-0.226940600225264f,0.9714527744513447f,0.06911925187805176f,1.0900520177012611f,0.9038537117694354f,0.1836549811745311f,0.38641857565391036f,-0.4892186704079583f,0f,0f,0f,1f],start_interpolation:0}
execute if entity @s[tag=aj.grey_guardian.bone.right_shoulder] run data modify entity @s {} merge value {transformation:[0.36269330251606685f,0.15016775586179362f,-0.9197299676586717f,0.1604326045614187f,-0.226940600225264f,0.9714527744513447f,0.06911925187805176f,1.2641139691061087f,0.9038537117694354f,0.1836549811745311f,0.38641857565391036f,-0.25775084126903014f,0f,0f,0f,1f],start_interpolation:0}
execute if entity @s[tag=aj.grey_guardian.bone.upper_body] run data modify entity @s {} merge value {transformation:[-0.18360869539318114f,0.14095541907964676f,-0.9728409000489726f,0.0022020528446542236f,-0.13353596795996264f,0.9769150712842799f,0.1667485794800845f,0.61783125f,0.9738870531211562f,0.16052574039608528f,-0.16054748342244043f,0.0708446363386789f,0f,0f,0f,1f],start_interpolation:0}
execute if entity @s[tag=aj.grey_guardian.bone.body] run data modify entity @s {} merge value {transformation:[-0.9679618554594557f,0f,-0.2510972846836218f,-6.5972488474317385e-18f,0f,1f,0f,0.385416875f,0.2510972846836218f,0f,-0.9679618554594557f,0.053870625f,0f,0f,0f,1f],start_interpolation:0}