execute if entity @s[tag=aj.grey_guardian.bone.head] run data modify entity @s {} merge value {transformation:[-0.937133779764366f,-0.07806151837291024f,-0.34012744401748707f,0.006856749920862866f,0.11452680587287214f,0.8518802016193288f,-0.5110613787262439f,1.1454115538400453f,0.3296420627910075f,-0.5178865912903401f,-0.7893855768891159f,-0.222658819458198f,0f,0f,0f,1f],start_interpolation:0}
execute if entity @s[tag=aj.grey_guardian.bone.sword] run data modify entity @s {} merge value {transformation:[-0.000009196251038923915f,0.0000020073191645288754f,-0.0000033763347880217672f,-0.1295329642672154f,-0.000003859558191367049f,-0.000003020442429798479f,0.00000871669307109782f,1.7900462174597396f,7.29916020198512e-7f,0.00000931920582989711f,0.000003552411195718961f,-0.6806736270811051f,0f,0f,0f,1f],start_interpolation:0}
execute if entity @s[tag=aj.grey_guardian.bone.axe] run data modify entity @s {} merge value {transformation:[-1.0594416014757002f,-0.08154632113152259f,-0.023832173761229685f,-0.13739450136453624f,0.07109923890895009f,-1.0142280600398268f,0.30971054613636567f,1.8308020468158102f,-0.04650455056055117f,0.30712525404374097f,1.0164377438089343f,-0.7277624906895536f,0f,0f,0f,1f],start_interpolation:0}
execute if entity @s[tag=aj.grey_guardian.bone.left_arm_2] run data modify entity @s {} merge value {transformation:[-0.9968001407404797f,-0.06918667921041205f,0.04003352144885361f,-0.199964397242117f,0.06689536379566834f,-0.4478919272303434f,0.8915816461909336f,2.000125079542745f,-0.04375488226935875f,0.8914067673860937f,0.45108700417532555f,-0.0989102240840356f,0f,0f,0f,1f],start_interpolation:0}
execute if entity @s[tag=aj.grey_guardian.bone.left_arm] run data modify entity @s {} merge value {transformation:[-0.7636491859401116f,-0.3900109880745367f,0.5145205049306868f,-0.14701444002651853f,0.5357332205188989f,-0.8275354741183616f,0.1678539707845728f,1.573477010818822f,0.360319076993509f,0.40382727527598117f,0.8408886338259803f,0.08392698830724182f,0f,0f,0f,1f],start_interpolation:0}
execute if entity @s[tag=aj.grey_guardian.bone.left_shoulder] run data modify entity @s {} merge value {transformation:[-0.5657020784061011f,-0.7264781826790854f,-0.39014178009835265f,-0.2354927665449198f,0.7709847713178963f,-0.6338016482863722f,0.06227321274327805f,1.318598577255241f,-0.29251263371504f,-0.2655652852327878f,0.918646525273089f,0.09874893748395952f,0f,0f,0f,1f],start_interpolation:0}
execute if entity @s[tag=aj.grey_guardian.bone.right_arm_2] run data modify entity @s {} merge value {transformation:[0.2250486602402802f,0.33034095876477587f,-0.9166394882866568f,0.21906007341352168f,0.36285975316862695f,0.8446849662881595f,0.39349727731862943f,0.21964995860846281f,0.9042598631225753f,-0.4211676135330683f,0.07022778122938252f,-0.6749899046178649f,0f,0f,0f,1f],start_interpolation:0}
execute if entity @s[tag=aj.grey_guardian.bone.right_arm] run data modify entity @s {} merge value {transformation:[0.13710928325361849f,-0.058882615227351554f,-0.9888042688366929f,0.1547620696834947f,0.3953402497024687f,0.9185347421081385f,0.00012043888690324578f,0.6545841390363363f,0.9082439823147024f,-0.39093063983822435f,0.14921830794110985f,-0.6825662105691519f,0f,0f,0f,1f],start_interpolation:0}
execute if entity @s[tag=aj.grey_guardian.bone.right_shoulder] run data modify entity @s {} merge value {transformation:[0.13710928325361849f,-0.058882615227351554f,-0.9888042688366929f,0.13028830856659515f,0.3953402497024687f,0.9185347421081385f,0.00012043888690324578f,0.9353056286913835f,0.9082439823147024f,-0.39093063983822435f,0.14921830794110985f,-0.5868704749291799f,0f,0f,0f,1f],start_interpolation:0}
execute if entity @s[tag=aj.grey_guardian.bone.upper_body] run data modify entity @s {} merge value {transformation:[-0.42214722841795077f,-0.07806151837291024f,-0.9031600726827768f,-0.0006423404550704122f,0.44235764756021667f,0.8518802016193288f,-0.2803922854395302f,0.61783125f,0.7912720323529918f,-0.5178865912903401f,-0.3250877564253055f,0.0709748202864211f,0f,0f,0f,1f],start_interpolation:0}