execute if entity @s[tag=aj.grey_guardian.bone.head] run data modify entity @s {} merge value {transformation:[-0.9593959346823367f,0.06819254495170939f,-0.27369548284181516f,0.09302677861205272f,-0.005232710877997232f,0.9658651880489372f,0.2589923884056412f,1.1880050776528774f,0.28201428909165677f,0.24990841388036603f,-0.926290302993574f,0.2463197094019858f,0f,0f,0f,1f],start_interpolation:0}
execute if entity @s[tag=aj.grey_guardian.bone.sword] run data modify entity @s {} merge value {transformation:[0.000002102606143419639f,0.0000063987808232614f,-0.000007391525646408605f,-0.5046647620150185f,0.000006985712806448791f,0.000004305937114897478f,0.00000571478102365836f,0.37860778968320385f,0.000006839507583991067f,-0.0000063651009055953325f,-0.0000035646355311754035f,1.547412906239565f,0f,0f,0f,1f],start_interpolation:0}
execute if entity @s[tag=aj.grey_guardian.bone.axe] run data modify entity @s {} merge value {transformation:[-0.2650468639179889f,0.9667445687230087f,0.16760229670790883f,-0.559997568165022f,0.736291967012807f,0.08122648574651015f,0.6958533095528442f,0.3576521261736109f,0.6485057673834627f,0.30289045535935727f,-0.7215490785889416f,1.5683734214624214f,0f,0f,0f,1f],start_interpolation:0}
execute if entity @s[tag=aj.grey_guardian.bone.left_arm_2] run data modify entity @s {} merge value {transformation:[-0.26078708662064265f,0.7098890979924057f,-0.6542534401922896f,-0.5075880198284117f,0.7244584378061756f,0.5918378359314245f,0.3533948893963288f,0.8332606855263073f,0.6380831194627804f,-0.3818186015787295f,-0.6686288119316355f,1.1221781816732905f,0f,0f,0f,1f],start_interpolation:0}
execute if entity @s[tag=aj.grey_guardian.bone.left_arm] run data modify entity @s {} merge value {transformation:[-0.678425630298217f,0.5213464761341182f,-0.5176258455457998f,-0.2146011346011727f,0.708057941801592f,0.6519084619286609f,-0.27142090619092135f,0.9245875671417454f,0.19594033583251924f,-0.5506479901791568f,-0.8114149220377296f,0.769928547849151f,0f,0f,0f,1f],start_interpolation:0}
execute if entity @s[tag=aj.grey_guardian.bone.left_shoulder] run data modify entity @s {} merge value {transformation:[-0.616451374024511f,-0.12488243690242584f,-0.777426575579073f,-0.17443764082518615f,0.0898912872717808f,0.9697254829425721f,-0.22705075248590856f,1.1188737635690411f,0.7822450127267765f,-0.20984962398133272f,-0.5865627633757351f,0.5864867642167426f,0f,0f,0f,1f],start_interpolation:0}
execute if entity @s[tag=aj.grey_guardian.bone.right_arm_2] run data modify entity @s {} merge value {transformation:[0.13413619092149676f,0.43627410198948197f,-0.8897597373551711f,0.28233194135272155f,-0.29044059922812204f,0.8757518870809233f,0.3856201376927957f,0.7609839394079994f,0.9474448483184027f,0.20669673487375761f,0.24418173393488374f,-0.660088684712254f,0f,0f,0f,1f],start_interpolation:0}
execute if entity @s[tag=aj.grey_guardian.bone.right_arm] run data modify entity @s {} merge value {transformation:[0.05950042498213404f,0.06858010470429769f,-0.9958697046630614f,0.2572476937508596f,-0.2597014326980101f,0.9643469714301214f,0.05089287325503805f,1.115352352270862f,0.9638541722073658f,0.25560064149430456f,0.07518940607661168f,-0.40094937181800366f,0f,0f,0f,1f],start_interpolation:0}
execute if entity @s[tag=aj.grey_guardian.bone.right_shoulder] run data modify entity @s {} merge value {transformation:[0.05950042498213404f,0.06858010470429769f,-0.9958697046630614f,0.24568561995209914f,-0.2597014326980101f,0.9643469714301214f,0.05089287325503805f,1.2807623987482724f,0.9638541722073658f,0.25560064149430456f,0.07518940607661168f,-0.15383193307511742f,0f,0f,0f,1f],start_interpolation:0}
execute if entity @s[tag=aj.grey_guardian.bone.upper_body] run data modify entity @s {} merge value {transformation:[-0.48486343935911236f,0.06819254495170939f,-0.8719273031542603f,-0.0006423404550704122f,-0.18683535946314955f,0.9658651880489372f,0.1794351887715086f,0.61783125f,0.8544003708023118f,0.24990841388036603f,-0.45557193838588395f,0.0709748202864211f,0f,0f,0f,1f],start_interpolation:0}