execute if entity @s[tag=aj.grey_guardian.bone.head] run data modify entity @s {} merge value {transformation:[-0.9615362204207261f,0.07915484406046894f,-0.26302586846313725f,0.0992762097996871f,0.017988518909976492f,0.9736690720144872f,0.22725525602254582f,1.1929685352793757f,0.27408850761469383f,0.21378271413800104f,-0.9376419578545638f,0.22541352703622283f,0f,0f,0f,1f],start_interpolation:0}
execute if entity @s[tag=aj.grey_guardian.bone.sword] run data modify entity @s {} merge value {transformation:[0.0000023913485679038832f,0.0000037934933432908837f,-0.000008938168731971434f,-0.2738386562441304f,0.000006834108473046631f,0.000005881538687475644f,0.000004324634556394279f,0.2976077338280491f,0.000006897565759412256f,-0.000007142612331782752f,-0.0000011860335882464062f,1.4670829080882002f,0f,0f,0f,1f],start_interpolation:0}
execute if entity @s[tag=aj.grey_guardian.bone.axe] run data modify entity @s {} merge value {transformation:[-0.22771894577512666f,0.9726374422638505f,-0.13829627784314996f,-0.31778294730336365f,0.6223607072124449f,0.25266590899754815f,0.7522183601669387f,0.26474846033889377f,0.7601424897194347f,0.08450868097803726f,-0.657302860929619f,1.4975684767565889f,0f,0f,0f,1f],start_interpolation:0}
execute if entity @s[tag=aj.grey_guardian.bone.left_arm_2] run data modify entity @s {} merge value {transformation:[-0.2258070728092751f,0.4783363466785652f,-0.8486492239526942f,-0.46100348360370247f,0.617135517858623f,0.7442864521762208f,0.2553065406610325f,0.767569607633479f,0.7537605179807949f,-0.4660815556886344f,-0.4632634941155913f,1.1042502515087937f,0f,0f,0f,1f],start_interpolation:0}
execute if entity @s[tag=aj.grey_guardian.bone.left_arm] run data modify entity @s {} merge value {transformation:[-0.7212787496305253f,0.3243794867228768f,-0.6119925766909504f,-0.24965125917940603f,0.576073463147931f,0.7715126038922052f,-0.27001419794562376f,0.9344488778624613f,0.3845729194680445f,-0.5473081861518901f,-0.7433420605501568f,0.7224868887449684f,0f,0f,0f,1f],start_interpolation:0}
execute if entity @s[tag=aj.grey_guardian.bone.left_shoulder] run data modify entity @s {} merge value {transformation:[-0.7095476972237884f,-0.028580526237207193f,-0.7040775659573477f,-0.17171541530638282f,0.07005530136251559f,0.9913658835005263f,-0.11084195858170265f,1.140277067073638f,0.7011663997336339f,-0.1279720225331501f,-0.7014191623653783f,0.5657326827326046f,0f,0f,0f,1f],start_interpolation:0}
execute if entity @s[tag=aj.grey_guardian.bone.right_arm_2] run data modify entity @s {} merge value {transformation:[0.06606247425977435f,0.36067610522354737f,-0.930348588764152f,0.28993646396899025f,-0.22499522957045312f,0.9137572273411405f,0.3382674624500126f,0.7287322444810602f,0.9721177378101975f,0.18697720877851437f,0.1415154664062557f,-0.6617956442564005f,0f,0f,0f,1f],start_interpolation:0}
execute if entity @s[tag=aj.grey_guardian.bone.right_arm] run data modify entity @s {} merge value {transformation:[0.04853805189404192f,0.07939095349450088f,-0.9956611542194288f,0.267544287295861f,-0.22225733620905413f,0.9727021167868581f,0.06672532127776475f,1.0933351032229168f,0.9737790991901535f,0.21805427879681571f,0.06485828766482948f,-0.41700446626768073f,0f,0f,0f,1f],start_interpolation:0}
execute if entity @s[tag=aj.grey_guardian.bone.right_shoulder] run data modify entity @s {} merge value {transformation:[0.04853805189404192f,0.07939095349450088f,-0.9956611542194288f,0.2562563702793203f,-0.22225733620905413f,0.9727021167868581f,0.06672532127776475f,1.2684931470426262f,0.9737790991901535f,0.21805427879681571f,0.06485828766482948f,-0.17668502017204799f,0f,0f,0f,1f],start_interpolation:0}
execute if entity @s[tag=aj.grey_guardian.bone.upper_body] run data modify entity @s {} merge value {transformation:[-0.49392140659821304f,0.07915484406046894f,-0.8658961570337436f,-0.0006423404550704122f,-0.14797392888908034f,0.9736690720144872f,0.17341353629857395f,0.61783125f,0.8568228291036438f,0.21378271413800104f,-0.4692031443443423f,0.0709748202864211f,0f,0f,0f,1f],start_interpolation:0}