execute if entity @s[tag=aj.grey_guardian.bone.head] run data modify entity @s {} merge value {transformation:[-0.7913313299535488f,-0.21847299047213037f,-0.571020383758857f,-0.0745219634226787f,0.18613884082268214f,0.803544810788807f,-0.5653919604942828f,1.115452197023586f,0.582363338622149f,-0.5537014443619819f,-0.5952038746012321f,-0.262990929663491f,0f,0f,0f,1f],start_interpolation:0}
execute if entity @s[tag=aj.grey_guardian.bone.sword] run data modify entity @s {} merge value {transformation:[-0.000008990566060344291f,0.0000035874023214593112f,0.000002510033166827435f,-0.27536857861624897f,7.3482036755654e-7f,-0.000004415221727902749f,0.000008942363005429806f,1.8324667139893425f,0.0000043162206780943765f,0.000008224132883012278f,0.0000037059246323349193f,-0.6023806868073787f,0f,0f,0f,1f],start_interpolation:0}
execute if entity @s[tag=aj.grey_guardian.bone.axe] run data modify entity @s {} merge value {transformation:[-0.8553921054955899f,-0.14792460378464847f,0.6322444231581239f,-0.2799765304751641f,0.5581159464581497f,-0.701914034913398f,0.5908753092356194f,1.8762799776405026f,0.33184527920179563f,0.7992154605300874f,0.6359588913481236f,-0.6470949706087392f,0f,0f,0f,1f],start_interpolation:0}
execute if entity @s[tag=aj.grey_guardian.bone.left_arm_2] run data modify entity @s {} merge value {transformation:[-0.7965116686345479f,0.05779692089430788f,0.6018543658262736f,-0.02841681160188557f,0.5196983476336545f,-0.44328123349546283f,0.7303529116102642f,1.999097525223442f,0.3090028951253659f,0.8945173357548071f,0.3230417106787667f,-0.05576256633599472f,0f,0f,0f,1f],start_interpolation:0}
execute if entity @s[tag=aj.grey_guardian.bone.left_arm] run data modify entity @s {} merge value {transformation:[0.153916734490914f,-0.2517290193754772f,0.9554800571691252f,-0.05744043116376704f,0.6701535951342558f,-0.6840015488241444f,-0.28815974759637f,1.5535794746086347f,0.7260880096601826f,0.6846710027527326f,0.06341782255235687f,0.08183472591174237f,0f,0f,0f,1f],start_interpolation:0}
execute if entity @s[tag=aj.grey_guardian.bone.left_shoulder] run data modify entity @s {} merge value {transformation:[-0.36834642439919973f,-0.9271981870841693f,0.06800318742643414f,-0.20543345901919613f,0.9195288081099994f,-0.3741294092349473f,-0.12039084766423579f,1.3280257296548408f,0.13706816803375102f,0.018185351614399922f,0.9903946740055359f,0.09715439236437451f,0f,0f,0f,1f],start_interpolation:0}
execute if entity @s[tag=aj.grey_guardian.bone.right_arm_2] run data modify entity @s {} merge value {transformation:[0.4633487880349564f,0.16361606415975607f,-0.8709406892408964f,-0.04053342729968951f,0.406049017951222f,0.8343672666126458f,0.3727672992983562f,0.14531699186552616f,0.7876751206223194f,-0.5263658879089834f,0.32016691958789545f,-0.6968981321361322f,0f,0f,0f,1f],start_interpolation:0}
execute if entity @s[tag=aj.grey_guardian.bone.right_arm] run data modify entity @s {} merge value {transformation:[0.4204987445785041f,-0.1382603011323627f,-0.8966966571470479f,-0.08704228686601109f,0.42243287361536364f,0.9044957473967172f,0.05863369534934784f,0.5824381317071774f,0.802951600718853f,-0.4034495409243171f,0.43874502257118464f,-0.7079167566136162f,0f,0f,0f,1f],start_interpolation:0}
execute if entity @s[tag=aj.grey_guardian.bone.right_shoulder] run data modify entity @s {} merge value {transformation:[0.4204987445785041f,-0.1382603011323627f,-0.8966966571470479f,-0.07045067921818496f,0.42243287361536364f,0.9044957473967172f,0.05863369534934784f,0.8675687327601058f,0.802951600718853f,-0.4034495409243171f,0.43874502257118464f,-0.6243317552324615f,0f,0f,0f,1f],start_interpolation:0}
execute if entity @s[tag=aj.grey_guardian.bone.upper_body] run data modify entity @s {} merge value {transformation:[-0.15578336402389115f,-0.21847299047213037f,-0.9633281351271562f,-0.0006423404550704122f,0.5314125258817859f,0.803544810788807f,-0.26817245270594203f,0.61783125f,0.832665761773198f,-0.5537014443619819f,-0.009079630064879413f,0.0709748202864211f,0f,0f,0f,1f],start_interpolation:0}