execute if entity @s[tag=aj.grey_guardian.bone.head] run data modify entity @s {} merge value {transformation:[0.9608063473223789f,0.15528279163481562f,-0.22964846519654014f,0.07498799208454687f,-0.19710858716468005f,0.9651682700455729f,-0.17204190002199962f,1.2133215404850135f,0.19493426535879171f,0.2105646340659666f,0.9579473717640723f,0.12355069095941076f,0f,0f,0f,1f],start_interpolation:0}
execute if entity @s[tag=aj.grey_guardian.bone.sword] run data modify entity @s {} merge value {transformation:[-0.000003814977172071044f,-0.000008844366730095637f,0.0000026875874534895173f,1.1174056030026138f,0.000009243196284677235f,-0.0000036802572286608873f,0.0000010094697488376158f,1.501106882763633f,9.62892491705701e-8f,0.000002869300241255124f,0.000009579031501463365f,-1.1296141421363093f,0f,0f,0f,1f],start_interpolation:0}
execute if entity @s[tag=aj.grey_guardian.bone.axe] run data modify entity @s {} merge value {transformation:[-0.006178041606857614f,-0.5552888416625998f,-0.9094695738095119f,1.1788200762725654f,1.0175088377054813f,0.26703846165033446f,-0.16995586706261917f,1.513499740228253f,0.31647490982933824f,-0.8694041257567013f,0.5286765259817019f,-1.125756419387746f,0f,0f,0f,1f],start_interpolation:0}
execute if entity @s[tag=aj.grey_guardian.bone.left_arm_2] run data modify entity @s {} merge value {transformation:[-0.0057976723739822655f,-0.9706720200137309f,0.2403377135563775f,0.8076980764222879f,0.9548629248627578f,-0.07675414991530488f,-0.2869592221785501f,1.3960566275509678f,0.29699020475023f,0.22782587656638614f,0.9273037195273047f,-0.5999085031527609f,0f,0f,0f,1f],start_interpolation:0}
execute if entity @s[tag=aj.grey_guardian.bone.left_arm] run data modify entity @s {} merge value {transformation:[0.9195795539024471f,-0.1068581773768727f,0.3780936047756816f,0.618851332998839f,0.3397028934857155f,-0.267294502587504f,-0.9017514031283409f,1.119837025918346f,0.19742185340536414f,0.9576716445704088f,-0.20949852740245983f,-0.27386961295364093f,0f,0f,0f,1f],start_interpolation:0}
execute if entity @s[tag=aj.grey_guardian.bone.left_shoulder] run data modify entity @s {} merge value {transformation:[0.8272922757495893f,-0.16974988600961735f,0.5355114066803689f,0.4737159438636543f,0.4794745397449128f,0.710088115473006f,-0.5156345934868983f,1.188457790946215f,-0.29273137211694533f,0.6833446015472111f,0.668841161498613f,-0.05652649766289318f,0f,0f,0f,1f],start_interpolation:0}
execute if entity @s[tag=aj.grey_guardian.bone.right_arm_2] run data modify entity @s {} merge value {transformation:[0.4031125100080336f,-0.017769100854477415f,0.9149779031921189f,-0.6277454768571511f,-0.029540145495856155f,0.9990378255661085f,0.03241609002062576f,0.628583356635883f,-0.9146735396189762f,-0.04009591179864937f,0.4021997436323503f,0.6527776731292955f,0f,0f,0f,1f],start_interpolation:0}
execute if entity @s[tag=aj.grey_guardian.bone.right_arm] run data modify entity @s {} merge value {transformation:[0.4033834676091523f,0.22442585194269463f,0.8870821918173151f,-0.4181011707029191f,-0.0354636816705797f,0.9725619340215639f,-0.22992523083516314f,1.0037751151439176f,-0.914343537923238f,0.06128883643887355f,0.4002743723822264f,0.5598272334059711f,0f,0f,0f,1f],start_interpolation:0}
execute if entity @s[tag=aj.grey_guardian.bone.right_shoulder] run data modify entity @s {} merge value {transformation:[0.4033834676091523f,0.22442585194269463f,0.8870821918173151f,-0.255666334215668f,-0.0354636816705797f,0.9725619340215639f,-0.22992523083516314f,1.2038159525326628f,-0.914343537923238f,0.06128883643887355f,0.4002743723822264f,0.41096561703290874f,0f,0f,0f,1f],start_interpolation:0}
execute if entity @s[tag=aj.grey_guardian.bone.upper_body] run data modify entity @s {} merge value {transformation:[0.8417786706282878f,0.15528279163481562f,0.5170066965691751f,0.014099550586376543f,-0.01772482446047094f,0.9651682700455729f,-0.2610288127680189f,0.61783125f,-0.5395317416733867f,0.2105646340659666f,0.8152104235150257f,0.04416656549284226f,0f,0f,0f,1f],start_interpolation:0}
execute if entity @s[tag=aj.grey_guardian.bone.body] run data modify entity @s {} merge value {transformation:[0.6650807453298518f,0f,-0.7467714524481295f,-6.5972488474317385e-18f,0f,1f,0f,0.385416875f,0.7467714524481295f,0f,0.6650807453298518f,0.053870625f,0f,0f,0f,1f],start_interpolation:0}