# This file was generated by Animated Java via MC-Build. It is not recommended to edit this file directly.
$data merge entity $(bone_head) { transformation: [-0.8541397124261102f,-0.19447170113891693f,-0.48231328938023f,0f,-1.3877787807814457e-17f,0.9274477837009771f,-0.3739526821780339f,1.6933761826336533f,0.5200436055338453f,-0.3194078364165185f,-0.7921699832605857f,0f,0f,0f,0f,1f], start_interpolation: 0, interpolation_duration: 1 }
$data merge entity $(bone_bust) { transformation: [-0.2960785334087003f,-0.4775817998140614f,-0.8271959420481431f,0.06865238372327143f,0f,0.8660254037844387f,-0.49999999999999994f,1.5840011826336533f,0.9551635996281229f,-0.1480392667043501f,-0.2564115314471741f,0.02128064458875034f,0f,0f,0f,1f], start_interpolation: 0, interpolation_duration: 1 }
$data merge entity $(bone_left_wing) { transformation: [0.1835701043825973f,0f,-0.983006620922241f,-0.10089054161547151f,0f,1f,0f,1.4746261826336533f,0.983006620922241f,0f,0.1835701043825973f,-0.09670754165284523f,0f,0f,0f,1f], start_interpolation: 0, interpolation_duration: 1 }
$data merge entity $(bone_right_wing) { transformation: [-0.7073809800284372f,0f,-0.7068324759757489f,-0.1379003582915591f,0f,1f,0f,1.4746261826336533f,0.7068324759757489f,0f,-0.7073809800284372f,0.02268790830067008f,0f,0f,0f,1f], start_interpolation: 0, interpolation_duration: 1 }
$data merge entity $(bone_body) { transformation: [-0.2960785334087003f,0f,-0.9551635996281229f,0.6256210665184117f,0f,1f,0f,0.4121261826336533f,0.9551635996281229f,0f,-0.2960785334087003f,-0.3295425331097113f,0f,0f,0f,1f], start_interpolation: 0, interpolation_duration: 1 }
$data merge entity $(bone_right_ring) { transformation: [-0.9370201956673748f,-0.04821353495948657f,-0.3459315076112398f,-0.11449797133794906f,0.1255130090287151f,-0.9707486230188782f,-0.20467925022217f,2.0699286254462272f,-0.32594422448638755f,-0.23520749553035591f,0.91566249053366f,0.4254013320148469f,0f,0f,0f,1f], start_interpolation: 0, interpolation_duration: 1 }
$data merge entity $(bone_sword) { transformation: [-0.0000053672277894839065f,-4.821353495948658e-7f,0.00000842380029205719f,-0.10756165945135923f,-0.0000017341685649616627f,-0.000009707486230188783f,-0.0000016605331911750544f,2.2742660268548907f,0.000008257452709164644f,-0.0000023520749553035594f,0.000005126618589337739f,0.510667852924092f,0f,0f,0f,1f], start_interpolation: 0, interpolation_duration: 1 }
$data merge entity $(bone_right_hand) { transformation: [-0.5367227789483906f,-0.04821353495948657f,0.8423800292057189f,-0.04305820843733269f,-0.17341685649616626f,-0.9707486230188782f,-0.16605331911750543f,1.9026816544322613f,0.8257452709164643f,-0.23520749553035591f,0.5126618589337738f,0.4367122101132701f,0f,0f,0f,1f], start_interpolation: 0, interpolation_duration: 1 }
$data merge entity $(bone_right_arm) { transformation: [-0.5367227789483906f,0.058739405962048664f,0.8417115543611974f,-0.10177699585924072f,-0.17341685649616626f,-0.9839561895235829f,-0.041914329067985034f,1.5683761826336533f,0.8257452709164643f,-0.16846334700894705f,0.5382981035389574f,0.3283374873721673f,0f,0f,0f,1f], start_interpolation: 0, interpolation_duration: 1 }
$data merge entity $(bone_left_ring) { transformation: [0.8294704355463223f,-0.25365417902642323f,-0.4976327501451504f,0.15496551702253075f,-0.4545242341554051f,0.21128576599907128f,-0.8653126866350846f,1.514777419135595f,0.3246328959302136f,0.9439374357173345f,0.059963324885684885f,-0.8260012416750713f,0f,0f,0f,1f], start_interpolation: 0, interpolation_duration: 1 }
$data merge entity $(bone_left_hand) { transformation: [-0.3104669941544673f,-0.25365417902642323f,-0.9161166972624837f,0.02944611118129427f,-0.9420048748404439f,0.21128576599907128f,0.2607396035569304f,1.572235157906412f,0.12742472804573488f,0.9439374357173345f,-0.30454072984389724f,-0.7070617107671031f,0f,0f,0f,1f], start_interpolation: 0, interpolation_duration: 1 }
$data merge entity $(bone_left_arm) { transformation: [-0.3104669941544673f,-0.044503102634144476f,-0.94954184710134f,0.10177699585924072f,-0.9420048748404439f,0.14830570256895403f,0.3010518798519094f,1.5996261826336533f,0.12742472804573488f,0.987939721056636f,-0.08796616531943835f,-0.3283374873721673f,0f,0f,0f,1f], start_interpolation: 0, interpolation_duration: 1 }
$data merge entity $(bone_leftfoot) { transformation: [-0.2821527122245566f,-0.22992060290828642f,-0.931410952986176f,0.25979162974521713f,0.0019182332414355574f,0.9707202231445764f,-0.24020526380447055f,0.5671857637720591f,0.9593675871977112f,-0.06956123012450174f,-0.27345030242807955f,-0.035045770873404436f,0f,0f,0f,1f], start_interpolation: 0, interpolation_duration: 1 }
$data merge entity $(bone_leftleg) { transformation: [-0.2941292076019497f,-0.2681502481336413f,-0.917378577066914f,0.016115612934222347f,0.0436193209292267f,0.9550700795175137f,-0.2931526872673749f,0.9121261826336533f,0.9547697963787514f,-0.12624019817901422f,-0.26921747396222434f,-0.12587216787183067f,0f,0f,0f,1f], start_interpolation: 0, interpolation_duration: 1 }
$data merge entity $(bone_rightfoot) { transformation: [-0.31363357317413937f,0.009878518029152905f,-0.9494927049006588f,0.24138296025796258f,-0.004082907205246254f,0.9999226090191436f,0.011751844157497193f,0.6115360749528151f,0.9495353135332962f,0.007562463480669149f,-0.31356896769184356f,0.22469871844742162f,0f,0f,0f,1f], start_interpolation: 0, interpolation_duration: 1 }
$data merge entity $(bone_rightleg) { transformation: [-0.29579673225052666f,-0.41537433155066006f,-0.8602141930233147f,-0.05790402041795272f,-0.04361938736533599f,0.9054451828447543f,-0.4222160228000618f,0.9121261826336533f,0.9542544955282019f,-0.08736810374542828f,-0.2859461001869847f,0.11291873203520005f,0f,0f,0f,1f], start_interpolation: 0, interpolation_duration: 1 }
$data merge entity $(bone_skirt_right_back) { transformation: [-0.36645565337287234f,-0.07999128848634865f,-0.9269906406632998f,-0.22100520803660675f,0.237211310232609f,0.9553430019390864f,-0.17621164247501836f,0.8949823176218478f,0.8996894177485862f,-0.2844664170201968f,-0.33111600562174776f,0.09668223914222043f,0f,0f,0f,1f], start_interpolation: 0, interpolation_duration: 1 }
$data merge entity $(bone_skirt_right) { transformation: [-0.36645565337287234f,-0.2408760835131742f,-0.8987151754045414f,0.035361451097591624f,0.237211310232609f,0.9098030100647422f,-0.3405719853054027f,0.941318353804715f,0.8996894177485862f,-0.3379899336792279f,-0.2762639251200216f,0.22362113324182156f,0f,0f,0f,1f], start_interpolation: 0, interpolation_duration: 1 }
$data merge entity $(bone_skirt_left_back) { transformation: [-0.20666370303000292f,-0.3773693840936849f,-0.9027084035272297f,-0.12803374822416158f,-0.237211310232609f,0.914424706592056f,-0.3279607450164749f,0.8974224458462111f,0.9492212113873434f,0.14635506114509755f,-0.2784946820489738f,-0.20422394225115018f,0f,0f,0f,1f], start_interpolation: 0, interpolation_duration: 1 }
$data merge entity $(bone_skirt_left) { transformation: [-0.20666370303000292f,-0.38190314018401383f,-0.9007997032456861f,0.1556433552948761f,-0.237211310232609f,0.9127642688713304f,-0.33255403135357486f,0.941318353804715f,0.9492212113873434f,0.1449530302869691f,-0.27922698806342f,-0.16441407910710334f,0f,0f,0f,1f], start_interpolation: 0, interpolation_duration: 1 }
$data merge entity $(bone_skirt_back_middle) { transformation: [-0.2960785334087003f,-0.20988320781161252f,-0.9318189422485791f,-0.12140025099241775f,0f,0.9755595194491994f,-0.21973534993725374f,0.927514922209248f,0.9551635996281229f,-0.06505892014746964f,-0.2888422317714153f,-0.03763125843915886f,0f,0f,0f,1f], start_interpolation: 0, interpolation_duration: 1 }
$data merge entity $(bone_skirt_front_middle) { transformation: [-0.2960785334087003f,-0.39494464342354507f,-0.8696874327513316f,0.16009965627185918f,0f,0.9105114904817666f,-0.41348376715497764f,1.0314380570072401f,0.9551635996281229f,-0.12242366736755028f,-0.2695829067536112f,0.0496271753306599f,0f,0f,0f,1f], start_interpolation: 0, interpolation_duration: 1 }
$data merge entity $(bone_lower) { transformation: [-0.2960785334087003f,0f,-0.9551635996281229f,0f,0f,1f,0f,1.0058761826336533f,0.9551635996281229f,0f,-0.2960785334087003f,0f,0f,0f,0f,1f], start_interpolation: 0, interpolation_duration: 1 }
data modify entity @s data merge value {"locators":{"locator_right_hand":{"posx":-0.10093791463059346,"posy":2.3429516756702866,"posz":0.49155344013275953,"roty":121.3241664043993,"rotx":-9.558429375962392},"locator_left_hand":{"posx":0.22630575487371224,"posy":1.455353297448356,"posz":-1.0914836454705716,"roty":288.3881326275584,"rotx":15.113952118999435}},"cameras":{}}