# This file was generated by Animated Java via MC-Build. It is not recommended to edit this file directly.
$data merge entity $(bone_head) { transformation: [-0.840180323142795f,-0.19921664481205922f,-0.5043904767474248f,0f,0f,0.9300826924138434f,-0.3673502215491587f,1.6977282453200968f,0.542307131249137f,-0.3086404278477495f,-0.7814371770617837f,0f,0f,0f,0f,1f], start_interpolation: 0, interpolation_duration: 1 }
$data merge entity $(bone_bust) { transformation: [-0.274049016749625f,-0.48085786268360103f,-0.8328702493869756f,0.06912331776076774f,0f,0.8660254037844387f,-0.49999999999999994f,1.5883532453200968f,0.9617157253672022f,-0.13702450837481248f,-0.2373334103873224f,0.019697273078879307f,0f,0f,0f,1f], start_interpolation: 0, interpolation_duration: 1 }
$data merge entity $(bone_left_wing) { transformation: [0.21595793900212046f,0f,-0.976402667234147f,-0.10308640212404874f,0f,1f,0f,1.4789782453200968f,0.976402667234147f,0f,0.21595793900212046f,-0.09436335992915329f,0f,0f,0f,1f], start_interpolation: 0, interpolation_duration: 1 }
$data merge entity $(bone_right_wing) { transformation: [-0.6981958213850941f,0f,-0.7159068340226917f,-0.13734252921775192f,0f,1f,0f,1.4789782453200968f,0.7159068340226917f,0f,-0.6981958213850941f,0.025851105741747038f,0f,0f,0f,1f], start_interpolation: 0, interpolation_duration: 1 }
$data merge entity $(bone_body) { transformation: [-0.274049016749625f,0f,-0.9617157253672022f,0.6178823710584136f,0f,1f,0f,0.4164782453200968f,0.9617157253672022f,0f,-0.274049016749625f,-0.3438333543087886f,0f,0f,0f,1f], start_interpolation: 0, interpolation_duration: 1 }
$data merge entity $(bone_right_ring) { transformation: [-0.9846935458806109f,-0.10294064604639373f,0.14064794379094403f,-0.07857803115695162f,0.06175573461490763f,-0.9606655279465242f,-0.2707544508542734f,2.071110504684992f,0.1629872692673957f,-0.25792434318376606f,0.95231832033726f,0.4413138589996916f,0f,0f,0f,1f], start_interpolation: 0, interpolation_duration: 1 }
$data merge entity $(bone_sword) { transformation: [-0.000005137572984867605f,-0.0000010294064604639375f,0.000008517374370327614f,-0.05880628295837735f,-0.0000017068629824654227f,-0.000009606655279465242f,-0.0000021906147768633003f,2.2724993065142405f,0.000008407851246558054f,-0.000002579243431837661f,0.0000047597836857439725f,0.5314465062256093f,0f,0f,0f,1f], start_interpolation: 0, interpolation_duration: 1 }
$data merge entity $(bone_right_hand) { transformation: [-0.5137572984867604f,-0.10294064604639373f,0.8517374370327613f,-0.014812122379879264f,-0.17068629824654225f,-0.9606655279465242f,-0.21906147768633003f,1.900469502410254f,0.8407851246558053f,-0.25792434318376606f,0.47597836857439724f,0.4456361524310779f,0f,0f,0f,1f], start_interpolation: 0, interpolation_duration: 1 }
$data merge entity $(bone_right_arm) { transformation: [-0.5137572984867604f,0.0030217700166265266f,0.8579302460908769f,-0.0942043495076836f,-0.17068629824654225f,-0.9803635638952479f,-0.09875965865423317f,1.5727282453200968f,0.8407851246558053f,-0.19717543328867024f,0.5041847108599655f,0.33058978059497574f,0f,0f,0f,1f], start_interpolation: 0, interpolation_duration: 1 }
$data merge entity $(bone_left_ring) { transformation: [0.5194815647221523f,-0.2142380663267269f,-0.8271885848163097f,0.13327480363372562f,-0.7978993288537876f,0.22479206262949733f,-0.5593077771616012f,1.510326438234753f,0.3057704448250344f,0.9505632959016252f,-0.05416507690513721f,-0.8301108695919612f,0f,0f,0f,1f], start_interpolation: 0, interpolation_duration: 1 }
$data merge entity $(bone_left_hand) { transformation: [-0.31226694005207434f,-0.2142380663267269f,-0.9255222358685389f,0.01303239615749903f,-0.9378513911571649f,0.22479206262949733f,0.2643923158553332f,1.5702369776320495f,0.1514071539098612f,0.9505632959016252f,-0.2711185980886491f,-0.7070027231781432f,0f,0f,0f,1f], start_interpolation: 0, interpolation_duration: 1 }
$data merge entity $(bone_left_arm) { transformation: [-0.31226694005207434f,-0.020982122516332913f,-0.949762659133967f,0.0942043495076836f,-0.9378513911571649f,0.16614676264325512f,0.30468019523384837f,1.6039782453200968f,0.1514071539098612f,0.9858777833980614f,-0.0715602539615404f,-0.33058978059497574f,0f,0f,0f,1f], start_interpolation: 0, interpolation_duration: 1 }
$data merge entity $(bone_leftfoot) { transformation: [-0.26013505871477827f,-0.22536168186446215f,-0.9389046083467052f,0.25804461183561944f,0.0018851131304986543f,0.9722611376396214f,-0.23389041575959083f,0.5708643398050274f,0.9655704001138106f,-0.06261303844192509f,-0.252494375860386f,-0.041223534903624987f,0f,0f,0f,1f], start_interpolation: 0, interpolation_duration: 1 }
$data merge entity $(bone_leftleg) { transformation: [-0.27210925607141256f,-0.2685780417135988f,-0.9240251015365063f,0.013218595601295579f,0.043619320929226706f,0.9558293774567421f,-0.2906674320117925f,0.9164782453200968f,0.9612772272356896f,-0.11939864613949888f,-0.24837482903490674f,-0.12620928791229832f,0f,0f,0f,1f], start_interpolation: 0, interpolation_duration: 1 }
$data merge entity $(bone_rightfoot) { transformation: [-0.2917287677524672f,0.013781398409969392f,-0.9564017979507842f,0.2464831740767457f,-0.004082907205246255f,0.9998691458902127f,0.01565314554746733f,0.6158881376392586f,0.9564923710800732f,0.008471372653976392f,-0.2916343256733971f,0.21909197263218813f,0f,0f,0f,1f], start_interpolation: 0, interpolation_duration: 1 }
$data merge entity $(bone_rightleg) { transformation: [-0.27378818280996964f,-0.4172724956816526f,-0.8665585354153635f,-0.05529365858611067f,-0.04361938736533599f,0.9054451828447543f,-0.4222160228000618f,0.9164782453200968f,0.9608003850954097f,-0.07779900520466065f,-0.2661013618711444f,0.11421964342950222f,0f,0f,0f,1f], start_interpolation: 0, interpolation_duration: 1 }
$data merge entity $(bone_skirt_right_back) { transformation: [-0.34427166452526636f,-0.0866361500148202f,-0.9348642674290275f,-0.21897023591799447f,0.23512207046104325f,0.9560480277781462f,-0.17518498954998735f,0.8995621376887112f,0.9089524921507806f,-0.2801184501101749f,-0.30877017492102243f,0.10202338746968016f,0f,0f,0f,1f], start_interpolation: 0, interpolation_duration: 1 }
$data merge entity $(bone_skirt_right) { transformation: [-0.34427166452526636f,-0.24918797210351679f,-0.9051974235292208f,0.04043229818965412f,0.23512207046104325f,0.9105293712035274f,-0.34007922041462835f,0.9456488974320125f,0.9089524921507806f,-0.3299115316787912f,-0.2548798702884149f,0.2227325870979332f,0f,0f,0f,1f], start_interpolation: 0, interpolation_duration: 1 }
$data merge entity $(bone_skirt_left_back) { transformation: [-0.1865619476641312f,-0.36879191847347503f,-0.9105971450385839f,-0.13289739025842456f,-0.23512207046104322f,0.9166953384715713f,-0.3230901861812019f,0.9028465888413321f,0.9538932076841087f,0.15382515169225489f,-0.25773158720067f,-0.2014282179201737f,0f,0f,0f,1f], start_interpolation: 0, interpolation_duration: 1 }
$data merge entity $(bone_skirt_left) { transformation: [-0.1865619476641312f,-0.374940705087629f,-0.9080826544715838f,0.15176471124418928f,-0.23512207046104322f,0.9144897315432365f,-0.3292812519474672f,0.9456488974320125f,0.9538932076841087f,0.15207892217651586f,-0.2587658203158814f,-0.1679644263324927f,0f,0f,0f,1f], start_interpolation: 0, interpolation_duration: 1 }
$data merge entity $(bone_skirt_back_middle) { transformation: [-0.274049016749625f,-0.20489612057110618f,-0.9396354166342787f,-0.12233676082789217f,0f,0.9770407115631881f,-0.21305268819730772f,0.9326331165287848f,0.9617157253672022f,-0.05838687971633663f,-0.26775704632824565f,-0.03486089301952185f,0f,0f,0f,1f], start_interpolation: 0, interpolation_duration: 1 }
$data merge entity $(bone_skirt_front_middle) { transformation: [-0.274049016749625f,-0.39461453247098804f,-0.8770270846338027f,0.16143906869447774f,0f,0.9119400478753078f,-0.4103234688403544f,1.0355335077623682f,0.9617157253672022f,-0.11244874318499454f,-0.24991627345483408f,0.04600342582919109f,0f,0f,0f,1f], start_interpolation: 0, interpolation_duration: 1 }
$data merge entity $(bone_lower) { transformation: [-0.274049016749625f,0f,-0.9617157253672022f,0f,0f,1f,0f,1.0102282453200968f,0.9617157253672022f,0f,-0.274049016749625f,0f,0f,0f,0f,1f], start_interpolation: 0, interpolation_duration: 1 }
data modify entity @s data merge value {"locators":{"locator_right_hand":{"posx":-0.049625974456403384,"posy":2.341297684419952,"posz":0.5138550805201259,"roty":119.19786783222412,"rotx":-12.653915054475991},"locator_left_hand":{"posx":0.19352925978811758,"posy":1.447103670620207,"posz":-1.0974567965642934,"roty":286.32719696028744,"rotx":15.330847242448113}},"cameras":{}}