# This file was generated by Animated Java via MC-Build. It is not recommended to edit this file directly.
$data merge entity $(bone_head) { transformation: [-0.8168763545629336f,-0.18988060798640677f,-0.5446635439119136f,0f,0f,0.9442639475794453f,-0.32918930313982353f,1.7127055821641834f,0.5768128130996852f,-0.26890695790997154f,-0.7713468912439023f,0f,0f,0f,0f,1f], start_interpolation: 0, interpolation_duration: 1 }
$data merge entity $(bone_bust) { transformation: [-0.26254467471178766f,-0.48245991900376595f,-0.8356450923300881f,0.06935361335679147f,0f,0.8660254037844387f,-0.49999999999999994f,1.6033305821641834f,0.964919838007532f,-0.1312723373558938f,-0.22737035792873003f,0.018870398494909735f,0f,0f,0f,1f], start_interpolation: 0, interpolation_duration: 1 }
$data merge entity $(bone_left_wing) { transformation: [0.2661707577107997f,0f,-0.9639258932820816f,-0.1042059375814548f,0f,1f,0f,1.4939555821641834f,0.9639258932820816f,0f,0.2661707577107997f,-0.09312557421444417f,0f,0f,0f,1f], start_interpolation: 0, interpolation_duration: 1 }
$data merge entity $(bone_right_wing) { transformation: [-0.7178681071638484f,0f,-0.6961791297625874f,-0.13702402192042817f,0f,1f,0f,1.4939555821641834f,0.6961791297625874f,0f,-0.7178681071638484f,0.027489405536497313f,0f,0f,0f,1f], start_interpolation: 0, interpolation_duration: 1 }
$data merge entity $(bone_body) { transformation: [-0.26254467471178766f,0f,-0.964919838007532f,0.6137322563596599f,0f,1f,0f,0.43145558216418345f,0.964919838007532f,0f,-0.26254467471178766f,-0.35118758164787217f,0f,0f,0f,1f], start_interpolation: 0, interpolation_duration: 1 }
$data merge entity $(bone_right_ring) { transformation: [-0.2534050519454994f,-0.24559984728625583f,0.9356637187908198f,0.014421067679221536f,-0.272978174388307f,-0.9097695967386276f,-0.31273342827024747f,2.0565571676509924f,0.9280456863517689f,-0.3346640044328085f,0.16349681397773885f,0.49102993725077915f,0f,0f,0f,1f], start_interpolation: 0, interpolation_duration: 1 }
$data merge entity $(bone_sword) { transformation: [-0.0000050640278893607056f,-0.0000024559984728625585f,0.000008265814723127644f,0.06523628262372475f,-0.0000017397057466263823f,-0.000009097695967386277f,-0.0000037689988060702067f,2.244243625844875f,0.000008445652458568972f,-0.0000033466400443280854f,0.000004179827145082392f,0.5971613320676753f,0f,0f,0f,1f], start_interpolation: 0, interpolation_duration: 1 }
$data merge entity $(bone_right_hand) { transformation: [-0.5064027889360705f,-0.24559984728625583f,0.8265814723127644f,0.05353810457006572f,-0.1739705746626382f,-0.9097695967386276f,-0.3768998806070206f,1.8790713043536735f,0.8445652458568971f,-0.3346640044328085f,0.4179827145082391f,0.47792456604330025f,0f,0f,0f,1f], start_interpolation: 0, interpolation_duration: 1 }
$data merge entity $(bone_right_arm) { transformation: [-0.5064027889360705f,-0.1888278651066379f,0.8413680839662501f,-0.090249731932177f,-0.1739705746626382f,-0.9332914546167899f,-0.31416763024033484f,1.5877055821641834f,0.8445652458568971f,-0.3054686532175532f,0.43977090330322355f,0.33169119431508914f,0f,0f,0f,1f], start_interpolation: 0, interpolation_duration: 1 }
$data merge entity $(bone_left_ring) { transformation: [-0.5632731525561625f,-0.136556852189833f,-0.8149083271935846f,0.11406349566253743f,-0.8204995210330412f,0.20880426888014753f,0.532147830289645f,1.5252154927829444f,0.09748790485999713f,0.9683764781413432f,-0.22965867061484305f,-0.8402160147999317f,0f,0f,0f,1f], start_interpolation: 0, interpolation_duration: 1 }
$data merge entity $(bone_left_hand) { transformation: [-0.3112624762232573f,-0.136556852189833f,-0.940461534043456f,0.004558218691302018f,-0.9370703343197069f,0.20880426888014753f,0.2798213105454616f,1.5840744076591045f,0.15816086568212384f,0.9683764781413432f,-0.19295630891279508f,-0.7069968440509213f,0f,0f,0f,1f], start_interpolation: 0, interpolation_duration: 1 }
$data merge entity $(bone_left_arm) { transformation: [-0.3112624762232573f,-0.009059497701812524f,-0.9502807987099167f,0.090249731932177f,-0.9370703343197069f,0.16934670294177723f,0.30532095037959983f,1.6189555821641834f,0.15816086568212384f,0.9855149008026923f,-0.06120066063810797f,-0.33169119431508914f,0f,0f,0f,1f], start_interpolation: 0, interpolation_duration: 1 }
$data merge entity $(bone_leftfoot) { transformation: [-0.24914053875076037f,-0.19374209696385614f,-0.9488904003176706f,0.2528965327144538f,0.0017153750306195398f,0.9796958303666057f,-0.2004822621849407f,0.5823340589274176f,0.9684658225458892f,-0.05157596171022681f,-0.24374960663389791f,-0.045396611317735036f,0f,0f,0f,1f], start_interpolation: 0, interpolation_duration: 1 }
$data merge entity $(bone_leftleg) { transformation: [-0.2606102888947964f,-0.257264202303722f,-0.9305360861004804f,0.011710462882558698f,0.0436193209292267f,0.9597207227995243f,-0.2775490750675127f,0.9314555821641834f,0.964458206540773f,-0.11292149681167139f,-0.23889140502321926f,-0.12635814451026187f,0f,0f,0f,1f], start_interpolation: 0, interpolation_duration: 1 }
$data merge entity $(bone_rightfoot) { transformation: [-0.28028554225259134f,0.03359642864500445f,-0.9593285645629823f,0.2490819920973736f,-0.004082907205246262f,0.9993365710122283f,0.03619043666875604f,0.6308654744833453f,0.9599079876076272f,0.014060505674513085f,-0.2799624215984224f,0.21613284985770842f,0f,0f,0f,1f], start_interpolation: 0, interpolation_duration: 1 }
$data merge entity $(bone_rightleg) { transformation: [-0.2622947903565988f,-0.41817181575412454f,-0.8696745227156459f,-0.05392570579538822f,-0.04361938736533599f,0.9054451828447543f,-0.4222160228000618f,0.9314555821641834f,0.9640014481304792f,-0.07281039329744171f,-0.25573395283030215f,0.11487181499162115f,0f,0f,0f,1f], start_interpolation: 0, interpolation_duration: 1 }
$data merge entity $(bone_skirt_right_back) { transformation: [-0.326107614441432f,-0.09042742735279954f,-0.9409977174178866f,-0.2189718298421779f,0.22395538795947814f,0.9596872421553985f,-0.16983633724290353f,0.9157275039639764f,0.9184213673511947f,-0.26612643165705996f,-0.2927096075742001f,0.10610465044894797f,0f,0f,0f,1f], start_interpolation: 0, interpolation_duration: 1 }
$data merge entity $(bone_skirt_right) { transformation: [-0.326107614441432f,-0.2560737454679342f,-0.909989044266656f,0.042776334998270285f,0.22395538795947814f,0.9142817766590875f,-0.3375393563320019f,0.9605164427648927f,0.9184213673511947f,-0.31387110372113924f,-0.2408051541010613f,0.2221487117521675f,0f,0f,0f,1f], start_interpolation: 0, interpolation_duration: 1 }
$data merge entity $(bone_skirt_left_back) { transformation: [-0.18418514483307769f,-0.33982953916698433f,-0.9222752933546325f,-0.13631164435994414f,-0.2239553879594781f,0.9281562213047269f,-0.29727094216766403f,0.9234795759047405f,0.9570369985673166f,0.15179562959086154f,-0.24705924433296586f,-0.20085704228259033f,0f,0f,0f,1f], start_interpolation: 0, interpolation_duration: 1 }
$data merge entity $(bone_skirt_left) { transformation: [-0.18418514483307769f,-0.35444352212377644f,-0.9167582135150524f,0.14943510909993402f,-0.2239553879594781f,0.9233147446258675f,-0.31198376009079193f,0.9605164427648927f,0.9570369985673166f,0.14785016733491094f,-0.24944039647238575f,-0.1698499724383924f,0f,0f,0f,1f], start_interpolation: 0, interpolation_duration: 1 }
$data merge entity $(bone_skirt_back_middle) { transformation: [-0.26254467471178766f,-0.175259255329901f,-0.9488701108169075f,-0.12325009461030227f,0f,0.9833667766394298f,-0.18163089660566495f,0.9516504599093344f,0.964919838007532f,-0.04768622466694464f,-0.25817771049517824f,-0.03353507174697167f,0f,0f,0f,1f], start_interpolation: 0, interpolation_duration: 1 }
$data merge entity $(bone_skirt_front_middle) { transformation: [-0.26254467471178766f,-0.379794516770715f,-0.8870323662704652f,0.1632368471131516f,0f,0.9192808887649186f,-0.3936021437334678f,1.0491453849377068f,0.964919838007532f,-0.10333814679236558f,-0.24135230190954862f,0.04441505215064888f,0f,0f,0f,1f], start_interpolation: 0, interpolation_duration: 1 }
$data merge entity $(bone_lower) { transformation: [-0.26254467471178766f,0f,-0.964919838007532f,0f,0f,1f,0f,1.0252055821641834f,0.964919838007532f,0f,-0.26254467471178766f,0f,0f,0f,0f,1f], start_interpolation: 0, interpolation_duration: 1 }
data modify entity @s data merge value {"locators":{"locator_right_hand":{"posx":0.083496024728481,"posy":2.3124298667337313,"posz":0.5851541884975066,"roty":116.82464539386342,"rotx":-22.141785827454136},"locator_left_hand":{"posx":0.15247011034092794,"posy":1.466489292160403,"posz":-1.1125718992771845,"roty":281.59457953341024,"rotx":16.249540256487425}},"cameras":{}}