# This file was generated by Animated Java via MC-Build. It is not recommended to edit this file directly.
$data merge entity $(bone_head) { transformation: [-0.8099900564633595f,-0.1783820852734415f,-0.5586554753011755f,0f,0f,0.9526158443705512f,-0.3041760231415055f,1.718626699388423f,0.5864436106144253f,-0.24637955415918822f,-0.7716093615695936f,0f,0f,0f,0f,1f], start_interpolation: 0, interpolation_duration: 1 }
$data merge entity $(bone_bust) { transformation: [-0.273196686889972f,-0.48097909784946535f,-0.8330802348539167f,0.06914074531586079f,0f,0.8660254037844387f,-0.49999999999999994f,1.609251699388423f,0.9619581956989308f,-0.13659834344498598f,-0.2365952710764589f,0.01963601187021674f,0f,0f,0f,1f], start_interpolation: 0, interpolation_duration: 1 }
$data merge entity $(bone_left_wing) { transformation: [0.2734277363535146f,0f,-0.9618925475293967f,-0.10316998153174306f,0f,1f,0f,1.499876699388423f,0.9618925475293967f,0f,0.2734277363535146f,-0.09427197309242968f,0f,0f,0f,1f], start_interpolation: 0, interpolation_duration: 1 }
$data merge entity $(bone_right_wing) { transformation: [-0.7381904142520094f,0f,-0.6745924045721583f,-0.13731956739298945f,0f,1f,0f,1.499876699388423f,0.6745924045721583f,0f,-0.7381904142520094f,0.025972801369936682f,0f,0f,0f,1f], start_interpolation: 0, interpolation_duration: 1 }
$data merge entity $(bone_body) { transformation: [-0.273196686889972f,0f,-0.9619581956989308f,0.6175774412944515f,0f,1f,0f,0.43737669938842294f,0.9619581956989308f,0f,-0.273196686889972f,-0.3443807544044794f,0f,0f,0f,1f], start_interpolation: 0, interpolation_duration: 1 }
$data merge entity $(bone_right_ring) { transformation: [-0.006924894716844987f,-0.30097286277166646f,0.9536075616878195f,0.05070990986508156f,-0.40534459554078195f,-0.8709256028488763f,-0.2778207212721935f,2.0346769680153582f,0.9141377383627921f,-0.3884635506419484f,-0.1159666552229991f,0.5224120771608076f,0f,0f,0f,1f], start_interpolation: 0, interpolation_duration: 1 }
$data merge entity $(bone_sword) { transformation: [-0.000005292820747090966f,-0.0000030097286277166648f,0.00000793269072425405f,0.1124024880183713f,-0.0000018629339622774962f,-0.000008709256028488763f,-0.000004547343893134241f,2.2122650501734102f,0.00000827741056075851f,-0.0000038846355064194845f,0.000004048960532150016f,0.6395818876975886f,0f,0f,0f,1f], start_interpolation: 0, interpolation_duration: 1 }
$data merge entity $(bone_right_hand) { transformation: [-0.5292820747090965f,-0.30097286277166646f,0.7932690724254049f,0.07805187559689039f,-0.1862933962277496f,-0.8709256028488763f,-0.454734389313424f,1.8559634935720877f,0.827741056075851f,-0.3884635506419484f,0.4048960532150016f,0.49967365236190964f,0f,0f,0f,1f], start_interpolation: 0, interpolation_duration: 1 }
$data merge entity $(bone_right_arm) { transformation: [-0.5292820747090965f,-0.28201938577727753f,0.8002034437800438f,-0.09391136111842788f,-0.1862933962277496f,-0.8814953036765287f,-0.43389030885484825f,1.593626699388423f,0.827741056075851f,-0.3787229800817902f,0.4140213139977252f,0.3306731297715075f,0f,0f,0f,1f], start_interpolation: 0, interpolation_duration: 1 }
$data merge entity $(bone_left_ring) { transformation: [-0.7733100695552564f,-0.11786114023301303f,-0.6229769561929385f,0.11967284596394816f,-0.6338512502268401f,0.16691342279703744f,0.7552300986295825f,1.548755150177044f,0.014970935519069917f,0.9789017626468711f,-0.2037822616827391f,-0.8455993726217891f,0f,0f,0f,1f], start_interpolation: 0, interpolation_duration: 1 }
$data merge entity $(bone_left_hand) { transformation: [-0.30437893387339904f,-0.11786114023301303f,-0.9452313030349063f,0.012641608143017402f,-0.9443953459075348f,0.16691342279703744f,0.28329726422675683f,1.6013944910103395f,0.12438205353780116f,0.9789017626468711f,-0.16211244197953492f,-0.7078440136437969f,0f,0f,0f,1f], start_interpolation: 0, interpolation_duration: 1 }
$data merge entity $(bone_left_arm) { transformation: [-0.30437893387339904f,-0.021358544777316413f,-0.9523115441803108f,0.09391136111842788f,-0.9443953459075348f,0.13731150042293983f,0.29876911232553555f,1.624876699388423f,0.12438205353780116f,0.9902976140618517f,-0.06196563839034647f,-0.3306731297715075f,0f,0f,0f,1f], start_interpolation: 0, interpolation_duration: 1 }
$data merge entity $(bone_leftfoot) { transformation: [-0.2601816044936608f,-0.17275915040506418f,-0.9499788464141843f,0.2504511001430386f,0.001612644774161523f,0.9837842759886761f,-0.1793485369170011f,0.5860826889077213f,0.9655583524883085f,-0.04819516852088975f,-0.2556839722612788f,-0.0433264048974078f,0f,0f,0f,1f], start_interpolation: 0, interpolation_duration: 1 }
$data merge entity $(bone_leftleg) { transformation: [-0.271257315547514f,-0.24799830645371349f,-0.930008768108154f,0.01310675033033239f,0.043619320929226706f,0.9620758740903391f,-0.2692719208067991f,0.9373766993884229f,0.9615179788249565f,-0.11360832931347947f,-0.25015260123966415f,-0.1262209519880845f,0f,0f,0f,1f], start_interpolation: 0, interpolation_duration: 1 }
$data merge entity $(bone_rightfoot) { transformation: [-0.29088105961506383f,0.045790410192869446f,-0.9556628314900535f,0.24667722516660678f,-0.004082907205246268f,0.9987855535500156f,0.04909936749635735f,0.6367865917075848f,0.956750510334837f,0.01818395870424659f,-0.2903408421491389f,0.21887346609151592f,0f,0f,0f,1f], start_interpolation: 0, interpolation_duration: 1 }
$data merge entity $(bone_rightleg) { transformation: [-0.2729366641794822f,-0.4173412732645143f,-0.8667940003117987f,-0.055192421392160615f,-0.04361938736533599f,0.9054451828447543f,-0.4222160228000618f,0.9373766993884229f,0.9610426246491096f,-0.07742920956062754f,-0.26533335846509587f,0.11426859693664822f,0f,0f,0f,1f], start_interpolation: 0, interpolation_duration: 1 }
$data merge entity $(bone_skirt_right_back) { transformation: [-0.33188079324113856f,-0.08779498708946556f,-0.9392269051297419f,-0.22088607212725175f,0.2167941620884669f,0.9619101582114589f,-0.16652068584402885f,0.9223863415884526f,0.9180715823736143f,-0.2588839272175211f,-0.3002060656722996f,0.10454675054169077f,0f,0f,0f,1f], start_interpolation: 0, interpolation_duration: 1 }
$data merge entity $(bone_skirt_right) { transformation: [-0.33188079324113856f,-0.25447304673207194f,-0.9083493862851064f,0.0401204833974033f,0.2167941620884669f,0.9165766798165086f,-0.3359873231253002f,0.9663715512941761f,0.9180715823736143f,-0.3084325834010442f,-0.24902592462345316f,0.2225520652537777f,0f,0f,0f,1f], start_interpolation: 0, interpolation_duration: 1 }
$data merge entity $(bone_skirt_left_back) { transformation: [-0.20020538809929905f,-0.3241988266155081f,-0.9245609354699865f,-0.13465689533609904f,-0.2167941620884669f,0.9349334050621974f,-0.2808911165970981f,0.9329658807166148f,0.9554674739939442f,0.14420349829297738f,-0.2574631181736497f,-0.20299455971539315f,0f,0f,0f,1f], start_interpolation: 0, interpolation_duration: 1 }
$data merge entity $(bone_skirt_left) { transformation: [-0.20020538809929905f,-0.344124630574079f,-0.9173309333104726f,0.15110663744645442f,-0.2167941620884669f,0.9286378815763513f,-0.3010514510606884f,0.9663715512941761f,0.9554674739939442f,0.13859986844741295f,-0.260522518424015f,-0.16824345174891298f,0f,0f,0f,1f], start_interpolation: 0, interpolation_duration: 1 }
$data merge entity $(bone_skirt_back_middle) { transformation: [-0.273196686889972f,-0.15738621281819953f,-0.948995864209685f,-0.12315251315691732f,0f,0.9865250573806611f,-0.16361024161122437f,0.9601170400221399f,0.9619581956989308f,-0.04469777594945434f,-0.26951537721033614f,-0.03497538534114585f,0f,0f,0f,1f], start_interpolation: 0, interpolation_duration: 1 }
$data merge entity $(bone_skirt_front_middle) { transformation: [-0.273196686889972f,-0.368447558225542f,-0.8886000040006631f,0.16351340350260535f,0f,0.9237407695820212f,-0.38301826407106876f,1.054195618478605f,0.9619581956989308f,-0.1046393207625644f,-0.2523629177950013f,0.04643790166635885f,0f,0f,0f,1f], start_interpolation: 0, interpolation_duration: 1 }
$data merge entity $(bone_lower) { transformation: [-0.273196686889972f,0f,-0.9619581956989308f,0f,0f,1f,0f,1.031126699388423f,0.9619581956989308f,0f,-0.273196686889972f,0f,0f,0f,0f,1f], start_interpolation: 0, interpolation_duration: 1 }
data modify entity @s data merge value {"locators":{"locator_right_hand":{"posx":0.13535852751961275,"posy":2.2796247938166045,"posz":0.6316674507788557,"roty":117.04042635697536,"rotx":-27.047845673654596},"locator_left_hand":{"posx":0.15282129165448308,"posy":1.5018107500153772,"posz":-1.1209154933662215,"roty":279.7318647458659,"rotx":16.45709472754765}},"cameras":{}}