# This file was generated by Animated Java via MC-Build. It is not recommended to edit this file directly.
$data merge entity $(bone_head) { transformation: [-0.5481580747043207f,-0.2553669554833776f,0.7964360885743458f,0f,-1.3877787807814457e-17f,0.9522478853384153f,0.30532599769511315f,1.6382726707218764f,-0.8363747516134454f,0.16736691105372903f,-0.5219823674683665f,0f,0f,0f,0f,1f], start_interpolation: 0, interpolation_duration: 1 }
$data merge entity $(bone_bust) { transformation: [-0.10645689679246838f,0.49715865906300916f,0.8611040569199453f,-0.0714665572403076f,0f,0.8660254037844387f,-0.49999999999999994f,1.5288976707218764f,-0.9943173181260184f,-0.05322844839623418f,-0.09219437703033574f,0.007651589456958652f,0f,0f,0f,1f], start_interpolation: 0, interpolation_duration: 1 }
$data merge entity $(bone_left_wing) { transformation: [-0.486843638164838f,0f,0.8734891367260524f,0.1309432208152816f,0f,1f,0f,1.4195226707218764f,-0.8734891367260524f,0f,-0.486843638164838f,0.04883772028381761f,0f,0f,0f,1f], start_interpolation: 0, interpolation_duration: 1 }
$data merge entity $(bone_right_wing) { transformation: [0.29088773865718676f,0f,0.9567571915062401f,0.11763610871622304f,0f,1f,0f,1.4195226707218764f,-0.9567571915062401f,0f,0.29088773865718676f,-0.07545194448193471f,0f,0f,0f,1f], start_interpolation: 0, interpolation_duration: 1 }
$data merge entity $(bone_body) { transformation: [-0.10645689679246838f,0f,0.9943173181260184f,-0.443930210666775f,0f,1f,0f,0.35702267072187643f,-0.9943173181260184f,0f,-0.10645689679246838f,0.5503871074592434f,0f,0f,0f,1f], start_interpolation: 0, interpolation_duration: 1 }
$data merge entity $(bone_right_ring) { transformation: [0.14207238744386536f,0.8559782031434422f,0.49710839106710336f,-0.055278378029871955f,-0.3480932381511416f,0.513329710832986f,-0.7844257170246114f,1.1996120745106844f,-0.9266318223973602f,-0.06159483516859955f,0.3708902020829078f,-0.36811345224077113f,0f,0f,0f,1f], start_interpolation: 0, interpolation_duration: 1 }
$data merge entity $(bone_sword) { transformation: [-0.0000012528245574710366f,0.000008559782031434422f,0.000005016030522487867f,-0.2386011390182097f,9.035808084963077e-7f,0.00000513329710832986f,-0.000008534213643923468f,1.0768101814738893f,-0.000009879978357805985f,-6.159483516859955e-7f,-0.0000014165575446626392f,-0.3877278855793191f,0f,0f,0f,1f], start_interpolation: 0, interpolation_duration: 1 }
$data merge entity $(bone_right_hand) { transformation: [-0.12528245574710364f,0.8559782031434422f,0.5016030522487867f,0.12549350235961462f,0.09035808084963076f,0.513329710832986f,-0.8534213643923467f,1.199811588916556f,-0.9879978357805985f,-0.06159483516859955f,-0.1416557544662639f,-0.39101787221707707f,0f,0f,0f,1f], start_interpolation: 0, interpolation_duration: 1 }
$data merge entity $(bone_right_arm) { transformation: [-0.12528245574710364f,-0.2068995521620902f,0.9703076221472763f,-0.036594558272411f,0.09035808084963076f,0.9715691207368367f,0.2188352367783163f,1.5132726707218764f,-0.9879978357805985f,0.11509135043858294f,-0.1030255189119506f,-0.3417965781058188f,0f,0f,0f,1f], start_interpolation: 0, interpolation_duration: 1 }
$data merge entity $(bone_left_ring) { transformation: [0.6268277761000863f,0.08867421924344732f,0.7740954863264515f,0.12237746034760433f,-0.18347938512426992f,0.9823626159746488f,0.03604172540077196f,1.073351510036432f,-0.7572464951017205f,-0.16462251843842593f,0.6320420651184144f,0.44138789994133365f,0f,0f,0f,1f], start_interpolation: 0, interpolation_duration: 1 }
$data merge entity $(bone_left_hand) { transformation: [0.15625889927119485f,0.08867421924344732f,0.9837276245181488f,0.2284572719029694f,-0.17694682250466118f,0.9823626159746488f,-0.06044429452767852f,1.221179016170501f,-0.9717370932531384f,-0.16462251843842593f,0.16919352239057975f,0.43152752415944645f,0f,0f,0f,1f], start_interpolation: 0, interpolation_duration: 1 }
$data merge entity $(bone_left_arm) { transformation: [0.15625889927119485f,-0.2744271220342629f,0.9488271239222382f,0.036594558272411f,-0.17694682250466118f,0.9373088581731283f,0.3002364508111738f,1.5445226707218764f,-0.9717370932531384f,-0.21480656200912074f,0.09790384320221175f,0.3417965781058188f,0f,0f,0f,1f], start_interpolation: 0, interpolation_duration: 1 }
$data merge entity $(bone_leftfoot) { transformation: [-0.11384881347696611f,-0.17267445897908218f,0.9783772170723153f,-0.1642022120611064f,0.00037231491281888157f,0.9847726881521119f,0.17384652441527026f,0.4737692128929619f,-0.9934980166318869f,0.020156484960051207f,-0.11205091281449946f,0.12681493008278544f,0f,0f,0f,1f], start_interpolation: 0, interpolation_duration: 1 }
$data merge entity $(bone_leftleg) { transformation: [-0.10809082164690755f,0.13436388485270073f,0.9850191473890173f,0.0350578034330652f,0.043619320929226706f,0.9905111625311009f,-0.1303264813572442f,0.8570226707218764f,-0.9931836331300319f,0.028878769859139907f,-0.11292602682310789f,0.12196092014841706f,0f,0f,0f,1f], start_interpolation: 0, interpolation_duration: 1 }
$data merge entity $(bone_rightfoot) { transformation: [-0.0881083262832781f,-0.2585831240166362f,0.9619624165285026f,-0.31064033786725553f,-0.004082907205246261f,0.9658038299055285f,0.25924176362724904f,0.5564325630410383f,-0.9961025312227215f,0.018913754614301774f,-0.08615112987115853f,-0.1107150760489652f,0f,0f,0f,1f], start_interpolation: 0, interpolation_duration: 1 }
$data merge entity $(bone_rightleg) { transformation: [-0.10635557341563892f,0.4160081397052172f,0.9031199918628947f,0.008443579234948104f,-0.04361938736533599f,0.9054451828447543f,-0.4222160228000618f,0.8570226707218764f,-0.993370948361841f,-0.08429856797261776f,-0.07815312142494718f,-0.12661840938308755f,0f,0f,0f,1f], start_interpolation: 0, interpolation_duration: 1 }
$data merge entity $(bone_skirt_right_back) { transformation: [-0.09599113030969308f,0.12427226677968142f,0.9875941001298597f,0.1710370564482382f,0.08656642679446329f,0.989458785923876f,-0.11609291412523023f,0.8534148184234647f,-0.991610788895475f,0.07434860232370835f,-0.1057370733404548f,-0.19090903670538256f,0f,0f,0f,1f], start_interpolation: 0, interpolation_duration: 1 }
$data merge entity $(bone_skirt_right) { transformation: [-0.09599113030969308f,0.32141376039393155f,0.9420609839767806f,-0.11700567814202999f,0.08656642679446329f,0.9455411553587207f,-0.3137804603141096f,0.8852744515142149f,-0.991610788895475f,0.05143071215069884f,-0.11858720501709115f,-0.19175864195672795f,0f,0f,0f,1f], start_interpolation: 0, interpolation_duration: 1 }
$data merge entity $(bone_skirt_left_back) { transformation: [-0.11611246201022121f,-0.009651881213742247f,0.9931891750089511f,0.20698198783852426f,-0.08656642679446329f,0.9962459842944555f,-0.0004387815065050177f,0.9117592926994091f,-0.989456492180411f,-0.08602778601247058f,-0.11651210287274368f,0.14533793087104147f,0f,0f,0f,1f], start_interpolation: 0, interpolation_duration: 1 }
$data merge entity $(bone_skirt_left) { transformation: [-0.11611246201022121f,0.10571560695856473f,0.9875941001298597f,-0.07375756382008972f,-0.08656642679446329f,0.989458785923876f,-0.11609291412523023f,0.8852744515142149f,-0.989456492180411f,-0.09897232645255699f,-0.10573707334045482f,0.21218276853196702f,0f,0f,0f,1f], start_interpolation: 0, interpolation_duration: 1 }
$data merge entity $(bone_skirt_back_middle) { transformation: [-0.10645689679246838f,0.025899050994108178f,0.9939799637230735f,0.12786916311149904f,0f,0.9996607175628994f,-0.026047068196418333f,0.9219565239081923f,-0.9943173181260184f,-0.002772890050732491f,-0.10642077783707847f,-0.013690352216690368f,0f,0f,0f,1f], start_interpolation: 0, interpolation_duration: 1 }
$data merge entity $(bone_skirt_front_middle) { transformation: [-0.10645689679246838f,0.2010684341991461f,0.9737753405657906f,-0.18075399317908214f,0f,0.9793406217655515f,-0.20221757233203796f,0.9582355595723268f,-0.9943173181260184f,-0.021527455227375272f,-0.10425756349596714f,0.019352483202201766f,0f,0f,0f,1f], start_interpolation: 0, interpolation_duration: 1 }
$data merge entity $(bone_lower) { transformation: [-0.10645689679246838f,0f,0.9943173181260184f,0f,0f,1f,0f,0.9507726707218764f,-0.9943173181260184f,0f,-0.10645689679246838f,0f,0f,0f,0f,1f], start_interpolation: 0, interpolation_duration: 1 }
data modify entity @s data merge value {"locators":{"locator_right_hand":{"posx":-0.2960222476639651,"posy":1.0552380933389072,"posz":-0.35078990484960254,"roty":74.22999737934377,"rotx":-58.58576907401336},"locator_left_hand":{"posx":0.09743783618538476,"posy":0.797062024293562,"posz":0.4876879832521409,"roty":99.75894969327643,"rotx":-3.465315256056989}},"cameras":{}}