# This file was generated by Animated Java via MC-Build. It is not recommended to edit this file directly.
$data merge entity $(bone_head) { transformation: [-0.7992065301347833f,-0.1380798403778103f,-0.5849810936014586f,0f,0f,0.9732547418514315f,-0.2297285516946108f,1.7283135228016935f,0.601056504989273f,-0.18360055867273903f,-0.7778315451723067f,0f,0f,0f,0f,1f], start_interpolation: 0, interpolation_duration: 1 }
$data merge entity $(bone_bust) { transformation: [-0.3247174028558323f,-0.47290554244017985f,-0.8190964266873116f,0.06798017172577575f,0f,0.8660254037844387f,-0.49999999999999994f,1.6189385228016935f,0.9458110848803598f,-0.1623587014279161f,-0.2812135199240564f,0.023339063330262977f,0f,0f,0f,1f], start_interpolation: 0, interpolation_duration: 1 }
$data merge entity $(bone_left_wing) { transformation: [0.2580020730561928f,0f,-0.9661443630735042f,-0.09793154793155545f,0f,1f,0f,1.5095635228016935f,0.9661443630735042f,0f,0.2580020730561928f,-0.09970286816200152f,0f,0f,0f,1f], start_interpolation: 0, interpolation_duration: 1 }
$data merge entity $(bone_right_wing) { transformation: [-0.7970409401653976f,0f,-0.603925276586648f,-0.13852122328853456f,0f,1f,0f,1.5095635228016935f,0.603925276586648f,0f,-0.7970409401653976f,0.018523517448043425f,0f,0f,0f,1f], start_interpolation: 0, interpolation_duration: 1 }
$data merge entity $(bone_body) { transformation: [-0.3247174028558323f,0f,-0.9458110848803598f,0.635264243868096f,0f,1f,0f,0.4470635228016935f,0.9458110848803598f,0f,-0.3247174028558323f,-0.31054684101226376f,0f,0f,0f,1f], start_interpolation: 0, interpolation_duration: 1 }
$data merge entity $(bone_right_ring) { transformation: [0.5333031803762891f,-0.47624651077530844f,0.6991258676196141f,0.16728710505469038f,-0.6924883321118739f,-0.7204556847638155f,0.037463531339369915f,1.8788514385929616f,0.4858473296102897f,-0.5041159264155862f,-0.7140164599256137f,0.5868215470859107f,0f,0f,0f,1f], start_interpolation: 0, interpolation_duration: 1 }
$data merge entity $(bone_sword) { transformation: [-0.000005701693588027877f,-0.000004762465107753085f,0.0000066939985304507005f,0.26410760952803125f,-0.0000018342436492004736f,-0.000007204556847638156f,-0.0000066880423790910466f,2.0202690420139646f,0.000008007886142023346f,-0.000005041159264155862f,0.000003234265420432586f,0.7271750899025691f,0f,0f,0f,1f], start_interpolation: 0, interpolation_duration: 1 }
$data merge entity $(bone_right_hand) { transformation: [-0.5701693588027876f,-0.47624651077530844f,0.66939985304507f,0.15562982396902375f,-0.18342436492004735f,-0.7204556847638155f,-0.6688042379091046f,1.7035798405446367f,0.8007886142023345f,-0.5041159264155862f,0.3234265420432586f,0.5383746719000309f,0f,0f,0f,1f], start_interpolation: 0, interpolation_duration: 1 }
$data merge entity $(bone_right_arm) { transformation: [-0.5701693588027876f,-0.635456607250263f,0.5206743728900073f,-0.11162160723169234f,-0.18342436492004735f,-0.5193193018736f,-0.8346633842784726f,1.6033135228016935f,0.8007886142023345f,-0.5714038528077151f,0.17954172874405436f,0.32512256042762366f,0f,0f,0f,1f], start_interpolation: 0, interpolation_duration: 1 }
$data merge entity $(bone_left_ring) { transformation: [-0.9886434986292484f,-0.10666438983201146f,0.10586189380454014f,0.15590437259211848f,0.08863510131153499f,0.1549937324720162f,0.9839312789569638f,1.5565121329765796f,-0.1213583595538971f,0.9821403417211602f,-0.14377933693764638f,-0.8454286277541261f,0f,0f,0f,1f], start_interpolation: 0, interpolation_duration: 1 }
$data merge entity $(bone_left_hand) { transformation: [-0.31305490520335516f,-0.10666438983201146f,-0.9437263026269231f,0.05076372080959267f,-0.9427734030396173f,0.1549937324720162f,0.2952206859545784f,1.6084068429835738f,0.11478212774302927f,0.9821403417211602f,-0.14908189801121102f,-0.7059456272987458f,0f,0f,0f,1f], start_interpolation: 0, interpolation_duration: 1 }
$data merge entity $(bone_left_arm) { transformation: [-0.31305490520335516f,-0.07441608306565642f,-0.9468151207650223f,0.11162160723169234f,-0.9427734030396173f,0.14483491517775127f,0.3003350759843951f,1.6345635228016935f,0.11478212774302927f,0.9866534821945435f,-0.11549878451379464f,-0.32512256042762366f,0f,0f,0f,1f], start_interpolation: 0, interpolation_duration: 1 }
$data merge entity $(bone_leftfoot) { transformation: [-0.3129458530295565f,-0.10955174574183284f,-0.9434316658224485f,0.24369708320594316f,0.0013244154828166085f,0.9932741390799893f,-0.11577880012564809f,0.5894373937353231f,0.9497700453242524f,-0.0374819908732542f,-0.31069593071835555f,-0.032433015959465156f,0f,0f,0f,1f], start_interpolation: 0, interpolation_duration: 1 }
$data merge entity $(bone_leftleg) { transformation: [-0.3227570988225383f,-0.21788597057585246f,-0.9210611049142599f,0.019900057875221165f,0.04361932092922669f,0.9686836993890034f,-0.2444365876453602f,0.9470635228016935f,0.945476181615027f,-0.11906970380518081f,-0.3031455024149544f,-0.1253295787975163f,0f,0f,0f,1f], start_interpolation: 0, interpolation_duration: 1 }
$data merge entity $(bone_rightfoot) { transformation: [-0.34209492982680106f,0.08091753171385113f,-0.9361748832606727f,0.2345046158705103f,-0.004082907205246268f,0.9961479594088811f,0.08759322367783617f,0.6464734151208553f,0.9396565270648365f,0.033787512883608234f,-0.3404467874978271f,0.23186813647035512f,0f,0f,0f,1f], start_interpolation: 0, interpolation_duration: 1 }
$data merge entity $(bone_rightleg) { transformation: [-0.32440834383979894f,-0.41255395672143025f,-0.8512099971455993f,-0.061279292838736905f,-0.04361938736533599f,0.9054451828447543f,-0.4222160228000618f,0.9470635228016935f,0.944910882302131f,-0.0998411421044544f,-0.31172932305172474f,0.11112319242257365f,0f,0f,0f,1f], start_interpolation: 0, interpolation_duration: 1 }
$data merge entity $(bone_skirt_right_back) { transformation: [-0.36929953561594175f,-0.07572138938450526f,-0.9262203432140379f,-0.228439064370639f,0.19481052032908575f,0.9682217806698299f,-0.15682934867445816f,0.934235304949453f,0.9086620461772136f,-0.23835447263733908f,-0.3428125307085716f,0.09472319257050232f,0f,0f,0f,1f], start_interpolation: 0, interpolation_duration: 1 }
$data merge entity $(bone_skirt_right) { transformation: [-0.36929953561594175f,-0.24411323420516015f,-0.8966752934478269f,0.027467328561386672f,0.19481052032908575f,0.9231078996515086f,-0.33154285811956663f,0.9758753188276457f,0.9086620461772136f,-0.2971204040231448f,-0.2933474924899863f,0.22419288902779544f,0f,0f,0f,1f], start_interpolation: 0, interpolation_duration: 1 }
$data merge entity $(bone_skirt_left_back) { transformation: [-0.2667183508059099f,-0.27849711274286165f,-0.9226595686044042f,-0.12484586176043957f,-0.19481052032908575f,0.9531571949515445f,-0.23138760312776974f,0.9533307074318388f,0.9438803857017511f,0.11802847074326261f,-0.30847868253984806f,-0.21190450660934543f,0f,0f,0f,1f], start_interpolation: 0, interpolation_duration: 1 }
$data merge entity $(bone_skirt_left) { transformation: [-0.2667183508059099f,-0.31406413700293434f,-0.9111668558458312f,0.15938377347156854f,-0.19481052032908575f,0.9434682352545019f,-0.2681726127606374f,0.9758753188276457f,0.9438803857017511f,0.10597833228711429f,-0.3128232896910899f,-0.16004286420485075f,0f,0f,0f,1f], start_interpolation: 0, interpolation_duration: 1 }
$data merge entity $(bone_skirt_back_middle) { transformation: [-0.3247174028558323f,-0.10801059286005008f,-0.9396234991274877f,-0.12174473806294417f,0f,0.9934579052288705f,-0.11419890778052463f,0.9774232396997488f,0.9458110848803598f,-0.03708237274346465f,-0.3225930708325144f,-0.041797601854247135f,0f,0f,0f,1f], start_interpolation: 0, interpolation_duration: 1 }
$data merge entity $(bone_skirt_front_middle) { transformation: [-0.3247174028558323f,-0.33208887472600274f,-0.8855933533884389f,0.1629949043888781f,0f,0.9363321783233931f,-0.3511154394727889f,1.0612271811874479f,0.9458110848803598f,-0.11401329360818818f,-0.3040433531555162f,0.055959676174218466f,0f,0f,0f,1f], start_interpolation: 0, interpolation_duration: 1 }
$data merge entity $(bone_lower) { transformation: [-0.3247174028558323f,0f,-0.9458110848803598f,0f,0f,1f,0f,1.0408135228016935f,0.9458110848803598f,0f,-0.3247174028558323f,0f,0f,0f,0f,1f], start_interpolation: 0, interpolation_duration: 1 }
data modify entity @s data merge value {"locators":{"locator_right_hand":{"posx":0.3012314362102459,"posy":2.0814795999327846,"posz":0.7286041513902943,"roty":115.78792743352967,"rotx":-41.97484226632832},"locator_left_hand":{"posx":0.18590373223237172,"posy":1.512920145718825,"posz":-1.1216555988632022,"roty":278.9769200600872,"rotx":17.170771135296686}},"cameras":{}}