# This file was generated by Animated Java via MC-Build. It is not recommended to edit this file directly.
$data merge entity $(bone_head) { transformation: [-0.7980368616892544f,-0.11876227551231361f,-0.5907898859157146f,0f,0f,0.9803873546938732f,-0.19708027490428814f,1.7299197724818134f,0.6026086353390282f,-0.15727732408547362f,-0.7823852477797284f,0f,0f,0f,0f,1f], start_interpolation: 0, interpolation_duration: 1 }
$data merge entity $(bone_bust) { transformation: [-0.3530264172783132f,-0.46780667713908225f,-0.8102649329248606f,0.0672472098387431f,0f,0.8660254037844387f,-0.49999999999999994f,1.6205447724818134f,0.9356133542781646f,-0.17651320863915657f,-0.3057298455700249f,0.02537377374187877f,0f,0f,0f,1f], start_interpolation: 0, interpolation_duration: 1 }
$data merge entity $(bone_left_wing) { transformation: [0.23881061348628985f,0f,-0.971066161951029f,-0.09488751820487606f,0f,1f,0f,1.5111697724818134f,0.971066161951029f,0f,0.23881061348628985f,-0.1026041368021744f,0f,0f,0f,1f], start_interpolation: 0, interpolation_duration: 1 }
$data merge entity $(bone_right_wing) { transformation: [-0.8207647873183092f,0f,-0.5712662810794376f,-0.1390158203646652f,0f,1f,0f,1.5111697724818134f,0.5712662810794376f,0f,-0.8207647873183092f,0.014347532482596126f,0f,0f,0f,1f], start_interpolation: 0, interpolation_duration: 1 }
$data merge entity $(bone_body) { transformation: [-0.3530264172783132f,0f,-0.9356133542781646f,0.6443198857782388f,0f,1f,0f,0.4486697724818134f,0.9356133542781646f,0f,-0.3530264172783132f,-0.2912934684999257f,0f,0f,0f,1f], start_interpolation: 0, interpolation_duration: 1 }
$data merge entity $(bone_right_ring) { transformation: [0.6040881734827486f,-0.6282787460294853f,0.4902481983096867f,0.222511508256839f,-0.7845194875934319f,-0.5769368407331465f,0.22731708116856114f,1.741131567321566f,0.14002375600024147f,-0.5219288256960644f,-0.8414176422342903f,0.5761807592360397f,0f,0f,0f,1f], start_interpolation: 0, interpolation_duration: 1 }
$data merge entity $(bone_sword) { transformation: [-0.000005519181486915387f,-0.000006282787460294854f,0.000005483175853759588f,0.3512675040756777f,-0.0000014229290791730504f,-0.000005769368407331466f,-0.000008042988313812801f,1.8503226786191935f,0.000008216684766384447f,-0.000005219288256960644f,0.0000022902230329421003f,0.7196083032409772f,0f,0f,0f,1f], start_interpolation: 0, interpolation_duration: 1 }
$data merge entity $(bone_right_hand) { transformation: [-0.5519181486915387f,-0.6282787460294853f,0.5483175853759588f,0.17574772781872805f,-0.14229290791730503f,-0.5769368407331465f,-0.80429883138128f,1.5755821705150168f,0.8216684766384446f,-0.5219288256960644f,0.22902230329421f,0.5161002211548619f,0f,0f,0f,1f], start_interpolation: 0, interpolation_duration: 1 }
$data merge entity $(bone_right_arm) { transformation: [-0.5519181486915387f,-0.8018222237285889f,0.22905780641542212f,-0.12135283093942016f,-0.14229290791730503f,-0.18010022822114813f,-0.9733019244567058f,1.6049197724818134f,0.8216684766384446f,-0.5697762976200665f,-0.014693031308321114f,0.3216170905331191f,0f,0f,0f,1f], start_interpolation: 0, interpolation_duration: 1 }
$data merge entity $(bone_left_ring) { transformation: [-0.8863651584290572f,-0.11120370702613394f,0.44943357848149085f,0.17474714099700034f,0.41196359052776915f,0.25356819329274183f,0.8752080732201476f,1.50372604392355f,-0.2112884426619238f,0.9609042131731447f,-0.17894213339400658f,-0.8317572745647245f,0f,0f,0f,1f], start_interpolation: 0, interpolation_duration: 1 }
$data merge entity $(bone_left_hand) { transformation: [-0.35227163130921335f,-0.11120370702613394f,-0.9292676865781956f,0.07025271615746105f,-0.9141754282113296f,0.25356819329274183f,0.31620635320133406f,1.572990419738166f,0.2004694097097555f,0.9609042131731447f,-0.19098457758866733f,-0.6995207954053582f,0f,0f,0f,1f], start_interpolation: 0, interpolation_duration: 1 }
$data merge entity $(bone_left_arm) { transformation: [-0.35227163130921335f,-0.0964613958567869f,-0.9309134744347114f,0.12135283093942016f,-0.9141754282113296f,0.2485246590834005f,0.3201855404013612f,1.6361697724818134f,0.2004694097097555f,0.9638105067578583f,-0.17573082493911635f,-0.3216170905331191f,0f,0f,0f,1f], start_interpolation: 0, interpolation_duration: 1 }
$data merge entity $(bone_leftfoot) { transformation: [-0.3418431952316806f,-0.08117314440016948f,-0.9362447065281514f,0.24059959857854596f,0.0012030561536500173f,0.9962239287447368f,-0.08681265145296027f,0.5882532410479235f,0.9397562356960907f,-0.03080266911472509f,-0.34045471511747705f,-0.0264436472468583f,0f,0f,0f,1f], start_interpolation: 0, interpolation_duration: 1 }
$data merge entity $(bone_leftleg) { transformation: [-0.35105692464849503f,-0.20357005333484204f,-0.913957476604678f,0.0236617600349543f,0.04361932092922669f,0.9714659330813323f,-0.2331336434410305f,0.9486697724818134f,0.9353375810358601f,-0.12170938438619258f,-0.3321602553803209f,-0.12467412216273367f,0f,0f,0f,1f], start_interpolation: 0, interpolation_duration: 1 }
$data merge entity $(bone_rightfoot) { transformation: [-0.37021090925134437f,0.0960266613600459f,-0.9239711916392934f,0.22742238805180784f,-0.004082907205246255f,0.9944650154116763f,0.10498887079594471f,0.6480796648009752f,0.9289387560760108f,0.04264051395442267f,-0.3677697296266462f,0.23881856081055286f,0f,0f,0f,1f], start_interpolation: 0, interpolation_duration: 1 }
$data merge entity $(bone_rightleg) { transformation: [-0.3526904143533136f,-0.4093633382134122f,-0.8414458562201489f,-0.064594844284624f,-0.04361938736533599f,0.9054451828447543f,-0.4222160228000618f,0.9486697724818134f,0.934722857679837f,-0.11220819127853843f,-0.33719801473442607f,0.10922921640680748f,0f,0f,0f,1f], start_interpolation: 0, interpolation_duration: 1 }
$data merge entity $(bone_skirt_right_back) { transformation: [-0.3917352895470641f,-0.06966494204765891f,-0.9174367873444875f,-0.23214763819729684f,0.18457739695807246f,0.9709085493451234f,-0.15253777676605326f,0.9368020144747512f,0.9013737556949726f,-0.22909252422993753f,-0.36748056803904f,0.0886867694898498f,0f,0f,0f,1f], start_interpolation: 0, interpolation_duration: 1 }
$data merge entity $(bone_skirt_right) { transformation: [-0.3917352895470641f,-0.23827643250669642f,-0.8886888120345388f,0.020446639420739918f,0.18457739695807246f,0.9258970326295257f,-0.3296147288881691f,0.9774056360901432f,0.9013737556949726f,-0.2931535888910809f,-0.31872609849935285f,0.22481851386395324f,0f,0f,0f,1f], start_interpolation: 0, interpolation_duration: 1 }
$data merge entity $(bone_skirt_left_back) { transformation: [-0.30134751599378645f,-0.2574312557589971f,-0.9181061067015732f,-0.11886409275675597f,-0.18457739695807251f,0.9604021951010818f,-0.20870747034355425f,0.9597853237666583f,0.9354789463887239f,0.10656815754890986f,-0.33693080693233435f,-0.21642127728740806f,0f,0f,0f,1f], start_interpolation: 0, interpolation_duration: 1 }
$data merge entity $(bone_skirt_left) { transformation: [-0.30134751599378645f,-0.29987729080336745f,-0.9051316396330465f,0.16386362144005467f,-0.18457739695807251f,0.9496493123546716f,-0.253174580233643f,0.9774056360901432f,0.9354789463887239f,0.090773311081682f,-0.3415250310866122f,-0.15527441131155112f,0f,0f,0f,1f], start_interpolation: 0, interpolation_duration: 1 }
$data merge entity $(bone_skirt_back_middle) { transformation: [-0.3530264172783132f,-0.08747113816351632f,-0.9315155117828244f,-0.12064701062872944f,0f,0.9956201539058817f,-0.09349069010563793f,0.9824874846362676f,0.9356133542781646f,-0.033004683376870396f,-0.35148021590347617f,-0.045522631461859336f,0f,0f,0f,1f], start_interpolation: 0, interpolation_duration: 1 }
$data merge entity $(bone_skirt_front_middle) { transformation: [-0.3530264172783132f,-0.3148595633160519f,-0.881042453058911f,0.16220662675659758f,0f,0.9416736614866346f,-0.3365274361212697f,1.061604540959281f,0.9356133542781646f,-0.11880307508974824f,-0.33243567895997767f,0.061203940752706965f,0f,0f,0f,1f], start_interpolation: 0, interpolation_duration: 1 }
$data merge entity $(bone_lower) { transformation: [-0.3530264172783132f,0f,-0.9356133542781646f,0f,0f,1f,0f,1.0424197724818134f,0.9356133542781646f,0f,-0.3530264172783132f,0f,0f,0f,0f,1f], start_interpolation: 0, interpolation_duration: 1 }
data modify entity @s data merge value {"locators":{"locator_right_hand":{"posx":0.39921490557763173,"posy":1.9033950537777633,"posz":0.7229732414630579,"roty":112.6694083895222,"rotx":-53.54259384334624},"locator_left_hand":{"posx":0.2060231835981005,"posy":1.4324099895599662,"posz":-1.1020115845196714,"roty":281.6138032256039,"rotx":18.433655599626896}},"cameras":{}}