# This file was generated by Animated Java via MC-Build. It is not recommended to edit this file directly.
$data merge entity $(bone_head) { transformation: [-0.81131265832244f,-0.04923135991476098f,-0.5825358732702379f,0f,0f,0.9964478646704314f,-0.084211952796129f,1.7233876461151463f,0.5846124959712847f,-0.06832222328555125f,-0.8084307659654868f,0f,0f,0f,0f,1f], start_interpolation: 0, interpolation_duration: 1 }
$data merge entity $(bone_bust) { transformation: [-0.4706015690501306f,-0.4411729148552625f,-0.7641339034525731f,0.06341860651044395f,0f,0.8660254037844387f,-0.49999999999999994f,1.6140126461151463f,0.8823458297105251f,-0.23530078452506528f,-0.4075529138582298f,0.03382448777547814f,0f,0f,0f,1f], start_interpolation: 0, interpolation_duration: 1 }
$data merge entity $(bone_left_wing) { transformation: [0.11550749137407723f,0f,-0.9933066089765372f,-0.08088063064818252f,0f,1f,0f,1.5046376461151463f,0.9933066089765372f,0f,0.11550749137407723f,-0.11397181048817417f,0f,0f,0f,1f], start_interpolation: 0, interpolation_duration: 1 }
$data merge entity $(bone_right_wing) { transformation: [-0.8892535906085375f,0f,-0.457414529272763f,-0.13970582677944876f,0f,1f,0f,1.5046376461151463f,0.457414529272763f,0f,-0.8892535906085375f,-0.003678581774358536f,0f,0f,0f,1f], start_interpolation: 0, interpolation_duration: 1 }
$data merge entity $(bone_body) { transformation: [-0.4706015690501306f,0f,-0.8823458297105251f,0.6764736993803279f,0f,1f,0f,0.4421376461151463f,0.8823458297105251f,0f,-0.4706015690501306f,-0.20587213033019724f,0f,0f,0f,1f], start_interpolation: 0, interpolation_duration: 1 }
$data merge entity $(bone_right_ring) { transformation: [-0.028106630850028125f,-0.023214548177631855f,0.999335330134569f,-0.30608003331905737f,-0.20741132442874988f,0.978108041271323f,0.01688792761376242f,1.1885040849998703f,-0.9778499679403643f,-0.20679880162439102f,-0.032306281830994765f,0.34158999873666096f,0f,0f,0f,1f], start_interpolation: 0, interpolation_duration: 1 }
$data merge entity $(bone_sword) { transformation: [-0.0000029411054582409476f,-2.3214548177631858e-7f,-0.0000095548944085634f,-0.32512232797558366f,0.000001910188413526602f,0.000009781080412713231f,-8.256186679492584e-7f,0.9792222605953684f,0.000009364885418857724f,-0.0000020679880162439104f,-0.0000028323747379782836f,0.41166691799783584f,0f,0f,0f,1f], start_interpolation: 0, interpolation_duration: 1 }
$data merge entity $(bone_right_hand) { transformation: [-0.29411054582409474f,-0.023214548177631855f,-0.9554894408563399f,-0.3992844415520942f,0.19101884135266015f,0.978108041271323f,-0.08256186679492583f,1.3335932914364903f,0.9364885418857724f,-0.20679880162439102f,-0.2832374737978283f,0.28272417281430345f,0f,0f,0f,1f], start_interpolation: 0, interpolation_duration: 1 }
$data merge entity $(bone_right_arm) { transformation: [-0.29411054582409474f,0.46289989028367917f,-0.8361953589983687f,-0.1617692893609824f,0.19101884135266015f,0.8857080341594772f,0.42312300867908587f,1.5983876461151463f,0.9364885418857724f,-0.035284129587000945f,-0.34891867407169175f,0.303306378962993f,0f,0f,0f,1f], start_interpolation: 0, interpolation_duration: 1 }
$data merge entity $(bone_left_ring) { transformation: [0.3634846289073272f,-0.0009182874451512625f,0.9315997430743905f,0.15964381282607742f,0.47994345751588097f,0.8572650991113099f,-0.18641573815903445f,1.1760890154858594f,-0.798456762846808f,0.5148744571192516f,0.31204341247709694f,-0.5782685111257484f,0f,0f,0f,1f], start_interpolation: 0, interpolation_duration: 1 }
$data merge entity $(bone_left_hand) { transformation: [-0.6432466603675382f,-0.0009182874451512625f,-0.7656584686883421f,0.08771984897324046f,-0.39472469517697145f,0.8572650991113099f,0.3305888153932661f,1.3410293886651203f,0.6560687074868422f,0.5148744571192516f,-0.551795382784869f,-0.5495501943369467f,0f,0f,0f,1f], start_interpolation: 0, interpolation_duration: 1 }
$data merge entity $(bone_left_arm) { transformation: [-0.6432466603675382f,0.006056407939137948f,-0.7656350657126955f,0.1617692893609824f,-0.39472469517697145f,0.8542180783189771f,0.33838423380896576f,1.6296376461151463f,0.6560687074868422f,0.5198795962488897f,-0.5470823123266146f,-0.303306378962993f,0f,0f,0f,1f], start_interpolation: 0, interpolation_duration: 1 }
$data merge entity $(bone_leftfoot) { transformation: [-0.4617367680706698f,0.022364111642961593f,-0.8867350244137611f,0.22734207849229032f,0.0007909069307295779f,0.9996920916894493f,0.02480113464744249f,0.5714713310601448f,0.8870166466746152f,0.010750270880066096f,-0.4616122834133921f,-0.0025108166905053325f,0f,0f,0f,1f], start_interpolation: 0, interpolation_duration: 1 }
$data merge entity $(bone_leftleg) { transformation: [-0.4686129613432457f,-0.14741558646047595f,-0.8710169558221168f,0.03952388110634859f,0.0436193209292267f,0.9809146953821066f,-0.18948275706539114f,0.9421376461151463f,0.8823260436498441f,-0.12678724404269875f,-0.45323917245232714f,-0.12058763803678725f,0f,0f,0f,1f], start_interpolation: 0, interpolation_duration: 1 }
$data merge entity $(bone_rightfoot) { transformation: [-0.48678314948212686f,0.1477592171421544f,-0.8609351770776931f,0.1947656533037349f,-0.004082907205246268f,0.9851941302943262f,0.17139386074874285f,0.6415475384343081f,0.8735133057080554f,0.08694676177491456f,-0.4789726144236656f,0.2661232569092377f,0f,0f,0f,1f], start_interpolation: 0, interpolation_duration: 1 }
$data merge entity $(bone_rightleg) { transformation: [-0.4701536606331648f,-0.39149955989373136f,-0.7910016624484738f,-0.07812651115618406f,-0.04361938736533599f,0.9054451828447543f,-0.4222160228000618f,0.9421376461151463f,0.8815060319924689f,-0.16400340077646014f,-0.44277533817348963f,0.09999881939084403f,0f,0f,0f,1f], start_interpolation: 0, interpolation_duration: 1 }
$data merge entity $(bone_skirt_right_back) { transformation: [-0.4907657807137191f,-0.049151657335034016f,-0.8699040539402452f,-0.2452117824582225f,0.143911089532401f,0.9801217881019675f,-0.13656822030545462f,0.93386324444415f,0.8593244711923727f,-0.19221184945008288f,-0.4739367659729805f,0.0603225947792323f,0f,0f,0f,1f], start_interpolation: 0, interpolation_duration: 1 }
$data merge entity $(bone_skirt_right) { transformation: [-0.4907657807137191f,-0.21561571422569348f,-0.8441912178288741f,-0.009643450952049534f,0.143911089532401f,0.9355291346014544f,-0.32260631832227205f,0.9706229221075857f,0.8593244711923727f,-0.2798126196060462f,-0.4280961937685864f,0.22506682772678677f,0f,0f,0f,1f], start_interpolation: 0, interpolation_duration: 1 }
$data merge entity $(bone_skirt_left_back) { transformation: [-0.44025025460019707f,-0.1726127097287682f,-0.8811268726832439f,-0.09056867823445447f,-0.143911089532401f,0.9822250795198729f,-0.1205134493398003f,0.9718921575360432f,0.8862670656376999f,0.07374785150952778f,-0.4572657244575299f,-0.2330881323047045f,0f,0f,0f,1f], start_interpolation: 0, interpolation_duration: 1 }
$data merge entity $(bone_skirt_left) { transformation: [-0.44025025460019707f,-0.23932559902056688f,-0.8653918020052583f,0.18153843647456602f,-0.143911089532401f,0.9701697606940967f,-0.19509032201612828f,0.9706229221075857f,0.8862670656376999f,0.03865091316134968f,-0.46155909185903254f,-0.13338616559311406f,0f,0f,0f,1f], start_interpolation: 0, interpolation_duration: 1 }
$data merge entity $(bone_skirt_back_middle) { transformation: [-0.4706015690501306f,-0.019855137876464563f,-0.8821224046057675f,-0.11411553468038038f,0f,0.9997467828404303f,-0.0225026709572351f,0.9892459941917595f,0.8823458297105251f,-0.010589792260293648f,-0.47048240465752666f,-0.06086383350528234f,0f,0f,0f,1f], start_interpolation: 0, interpolation_duration: 1 }
$data merge entity $(bone_skirt_front_middle) { transformation: [-0.4706015690501306f,-0.24690596356225386f,-0.847095985331621f,0.15631940344626283f,0f,0.9600498543859287f,-0.2798290140309921f,1.0502117198217995f,0.8823458297105251f,-0.13168797306873586f,-0.4518009678403674f,0.08337338270066533f,0f,0f,0f,1f], start_interpolation: 0, interpolation_duration: 1 }
$data merge entity $(bone_lower) { transformation: [-0.4706015690501306f,0f,-0.8823458297105251f,0f,0f,1f,0f,1.0358876461151463f,0.8823458297105251f,0f,-0.4706015690501306f,0f,0f,0f,0f,1f], start_interpolation: 0, interpolation_duration: 1 }
data modify entity @s data merge value {"locators":{"locator_right_hand":{"posx":-0.2995509416440984,"posy":0.9134111983923108,"posz":0.3997521616935209,"roty":286.5114993680868,"rotx":-4.735837219349079},"locator_left_hand":{"posx":0.15990208117002622,"posy":0.9349832063608036,"posz":-0.7230769521905378,"roty":305.77956971533376,"rotx":19.304518075914913}},"cameras":{}}