# This file was generated by Animated Java via MC-Build. It is not recommended to edit this file directly.
$data merge entity $(bone_head) { transformation: [-0.8681576230931196f,0.013435083593511917f,-0.4961066820696334f,0f,0f,0.9996335102782221f,0.027071112441857045f,1.679948963812871f,0.4962885667283752f,0.023501992632009187f,-0.8678394522473728f,0f,0f,0f,0f,1f], start_interpolation: 0, interpolation_duration: 1 }
$data merge entity $(bone_bust) { transformation: [-0.6196967669355277f,-0.39242066620198984f,-0.6796925318018735f,0.05641047076653605f,0f,0.8660254037844387f,-0.49999999999999994f,1.570573963812871f,0.7848413324039798f,-0.3098483834677638f,-0.5366731428092516f,0.044540705123491064f,0f,0f,0f,1f], start_interpolation: 0, interpolation_duration: 1 }
$data merge entity $(bone_left_wing) { transformation: [-0.12349745831600922f,0f,-0.9923448885289257f,-0.05937411861702713f,0f,1f,0f,1.461198963812871f,0.9923448885289257f,0f,-0.12349745831600922f,-0.12651467914218972f,0f,0f,0f,1f], start_interpolation: 0, interpolation_duration: 1 }
$data merge entity $(bone_right_wing) { transformation: [-0.936635474831322f,0f,-0.3503055627413075f,-0.1368362144839681f,0f,1f,0f,1.461198963812871f,0.3503055627413075f,0f,-0.936635474831322f,-0.02840951259169222f,0f,0f,0f,1f], start_interpolation: 0, interpolation_duration: 1 }
$data merge entity $(bone_body) { transformation: [-0.6196967669355277f,0f,-0.7848413324039798f,0.7022690496697537f,0f,1f,0f,0.39869896381287107f,0.7848413324039798f,0f,-0.6196967669355277f,-0.08257228273422607f,0f,0f,0f,1f], start_interpolation: 0, interpolation_duration: 1 }
$data merge entity $(bone_right_ring) { transformation: [0.8021646368488522f,0.595145222132984f,0.04831210988385848f,-0.5629438900627295f,-0.5956583141231349f,0.8032250771703364f,-0.004544031326037423f,1.2622837152496376f,-0.04150985672263785f,-0.025132448686670167f,0.9988219520104062f,0.22946315717006388f,0f,0f,0f,1f], start_interpolation: 0, interpolation_duration: 1 }
$data merge entity $(bone_sword) { transformation: [-0.0000033495669812763988f,0.000005951452221329841f,-0.00000730483521341659f,-0.715013109241772f,0.0000027636955171312317f,0.000008032250771703366f,0.0000052768299791692605f,1.1034598249521135f,0.000009007906978123812f,-2.513244868667017e-7f,-0.000004335256379473945f,0.25633675153398183f,0f,0f,0f,1f], start_interpolation: 0, interpolation_duration: 1 }
$data merge entity $(bone_right_hand) { transformation: [-0.33495669812763984f,0.595145222132984f,-0.730483521341659f,-0.5384352792302313f,0.27636955171312316f,0.8032250771703364f,0.527682997916926f,1.4372579146122144f,0.9007906978123811f,-0.025132448686670167f,-0.43352563794739446f,0.18489318350520342f,0f,0f,0f,1f], start_interpolation: 0, interpolation_duration: 1 }
$data merge entity $(bone_right_arm) { transformation: [-0.33495669812763984f,0.8201606629556789f,-0.46383240218804267f,-0.21302076363408765f,0.27636955171312316f,0.5561359072281511f,0.7837938016962169f,1.554948963812871f,0.9007906978123811f,0.1343478307663445f,-0.4129488819491598f,0.2697892080138681f,0f,0f,0f,1f], start_interpolation: 0, interpolation_duration: 1 }
$data merge entity $(bone_left_ring) { transformation: [0.911319017596542f,-0.027149073806650804f,-0.41080479057371644f,0.20054690320572147f,-0.08215276130920367f,0.9657640464627161f,-0.24607058005627935f,1.0944731119859235f,0.40342108519033426f,0.25799754718097967f,0.8778887706722597f,-0.4367467650804636f,0f,0f,0f,1f], start_interpolation: 0, interpolation_duration: 1 }
$data merge entity $(bone_left_hand) { transformation: [-0.7914109075403775f,-0.027149073806650804f,-0.6106813434333467f,0.13905348447655602f,-0.17843628608093318f,0.9657640464627161f,0.18830905015320992f,1.2630277176975864f,0.5846616690324067f,0.25799754718097967f,-0.7691605803815212f,-0.46854345274420317f,0f,0f,0f,1f], start_interpolation: 0, interpolation_duration: 1 }
$data merge entity $(bone_left_arm) { transformation: [-0.7914109075403775f,0.044836584922716693f,-0.6096379713228041f,0.21302076363408765f,-0.17843628608093318f,0.936926804421461f,0.30054725912280855f,1.586198963812871f,0.5846616690324067f,0.34663791455791054f,-0.7334936188919322f,-0.2697892080138681f,0f,0f,0f,1f], start_interpolation: 0, interpolation_duration: 1 }
$data merge entity $(bone_leftfoot) { transformation: [-0.6138426178911891f,0.13746445467082286f,-0.7773678435351857f,0.20604358775833642f,0.00037231491281888157f,0.9847726881521119f,0.1738465244152702f,0.5154455059839566f,0.7894283386363183f,0.10642498001746001f,-0.6045466249894923f,0.024298824690405035f,0f,0f,0f,1f], start_interpolation: 0, interpolation_duration: 1 }
$data merge entity $(bone_leftleg) { transformation: [-0.6177362041332184f,-0.07578369285986768f,-0.7827252480913108f,0.060293691720603906f,0.043619320929226706f,0.9905111625311009f,-0.13032648135724423f,0.8986989638128711f,0.7851747174640534f,-0.11464932968756616f,-0.6085689724734871f,-0.11166103332721214f,0f,0f,0f,1f], start_interpolation: 0, interpolation_duration: 1 }
$data merge entity $(bone_rightfoot) { transformation: [-0.6340543371266198f,0.19796892077965045f,-0.7475181629741601f,0.14445433951238285f,-0.004082907205246268f,0.9658038299055285f,0.25924176362724893f,0.5981088561320329f,0.7732777168906888f,0.1674254118858708f,-0.6115638184320346f,0.2964594261797928f,0f,0f,0f,1f], start_interpolation: 0, interpolation_duration: 1 }
$data merge entity $(bone_rightleg) { transformation: [-0.6191069529269659f,-0.35618649812396297f,-0.6998841042570374f,-0.09463050001327801f,-0.04361938736533599f,0.9054451828447543f,-0.4222160228000618f,0.8986989638128711f,0.7840943373621317f,-0.23086835949825973f,-0.576104045029387f,0.08454929977378281f,0f,0f,0f,1f], start_interpolation: 0, interpolation_duration: 1 }
$data merge entity $(bone_skirt_right_back) { transformation: [-0.6252797870852704f,-0.036757667157168245f,-0.7795345160849273f,-0.2557748481693729f,0.08656642679446332f,0.989458785923876f,-0.11609291412523018f,0.8950911115144593f,0.7755845805678693f,-0.14007207024675578f,-0.6155065990890352f,0.016708142272232357f,0f,0f,0f,1f], start_interpolation: 0, interpolation_duration: 1 }
$data merge entity $(bone_skirt_right) { transformation: [-0.6252797870852704f,-0.19363385400007635f,-0.7559967714532094f,-0.0505886336695677f,0.08656642679446332f,0.9455411553587207f,-0.31378046031410955f,0.9269507446052095f,0.7755845805678693f,-0.26164451858957943f,-0.574465581455834f,0.2188663876112803f,0f,0f,0f,1f], start_interpolation: 0, interpolation_duration: 1 }
$data merge entity $(bone_skirt_left_back) { transformation: [-0.6093974802062672f,-0.05330056094749043f,-0.7910712744885477f,-0.04617319670473782f,-0.08656642679446332f,0.9962459842944555f,-0.0004387815065050593f,0.9534355857904038f,0.7881249678003427f,0.06821282122779035f,-0.6117238316020184f,-0.2486618051601978f,0f,0f,0f,1f], start_interpolation: 0, interpolation_duration: 1 }
$data merge entity $(bone_skirt_left) { transformation: [-0.6093974802062672f,-0.14477793115834509f,-0.7795345160849273f,0.2011631778979904f,-0.08656642679446332f,0.989458785923876f,-0.11609291412523026f,0.9269507446052095f,0.7881249678003427f,-0.003265211717294658f,-0.6155065990890352f,-0.09997540367783649f,0f,0f,0f,1f], start_interpolation: 0, interpolation_duration: 1 }
$data merge entity $(bone_skirt_back_middle) { transformation: [-0.6196967669355277f,0.03448026197695091f,-0.7840835596947912f,-0.10093056061716063f,0f,0.9990344892936927f,0.04393278049123303f,0.9636328169991869f,0.7848413324039798f,0.027225002032905343f,-0.6190984430723874f,-0.07969297680572511f,0f,0f,0f,1f], start_interpolation: 0, interpolation_duration: 1 }
$data merge entity $(bone_skirt_front_middle) { transformation: [-0.6196967669355277f,-0.15870870890457484f,-0.7686269984638174f,0.14267397565937912f,0f,0.9793406217655515f,-0.20221757233203796f,0.9999118526633214f,0.7848413324039798f,-0.12531357579171515f,-0.6068942170367417f,0.11265283540959836f,0f,0f,0f,1f], start_interpolation: 0, interpolation_duration: 1 }
$data merge entity $(bone_lower) { transformation: [-0.6196967669355277f,0f,-0.7848413324039798f,0f,0f,1f,0f,0.9924489638128711f,0.7848413324039798f,0f,-0.6196967669355277f,0f,0f,0f,0f,1f], start_interpolation: 0, interpolation_duration: 1 }
data modify entity @s data merge value {"locators":{"locator_right_hand":{"posx":-0.7303284837876313,"posy":1.0363766622954804,"posz":0.23653165836318985,"roty":300.68818364900295,"rotx":31.849037593859418},"locator_left_hand":{"posx":0.208182580213842,"posy":0.8228519739182847,"posz":-0.5093085752251142,"roty":321.55189406279874,"rotx":10.854118721024987}},"cameras":{}}