# This file was generated by Animated Java via MC-Build. It is not recommended to edit this file directly.
$data merge entity $(bone_head) { transformation: [-0.9633708786158803f,0.0605790466035967f,0.26124074978353984f,0f,0f,0.9741514880817275f,-0.22589572432464486f,1.6568635552622692f,-0.2681726127606374f,-0.2176213624182038f,-0.9384691749782611f,0f,0f,0f,0f,1f], start_interpolation: 0, interpolation_duration: 1 }
$data merge entity $(bone_bust) { transformation: [-0.9920660160815423f,-0.06285900837608133f,-0.10887499622077051f,0.009035982454061675f,0f,0.8660254037844387f,-0.49999999999999994f,1.5474885552622692f,0.12571801675216268f,-0.4960330080407711f,-0.8591543721578372f,0.07130474490586086f,0f,0f,0f,1f], start_interpolation: 0, interpolation_duration: 1 }
$data merge entity $(bone_left_wing) { transformation: [-0.8538095992877396f,0f,-0.5205854090964417f,0.046289373911076126f,0f,1f,0f,1.4381135552622692f,0.5205854090964417f,0f,-0.8538095992877396f,-0.13186562805720292f,0f,0f,0f,1f], start_interpolation: 0, interpolation_duration: 1 }
$data merge entity $(bone_right_wing) { transformation: [-0.9566760641774245f,0f,0.2911544405122346f,-0.0777188780991167f,0f,1f,0f,1.4381135552622692f,-0.2911544405122346f,0f,-0.9566760641774245f,-0.11615087596318263f,0f,0f,0f,1f], start_interpolation: 0, interpolation_duration: 1 }
$data merge entity $(bone_body) { transformation: [-0.9920660160815423f,0f,-0.12571801675216268f,0.5588920164168525f,0f,1f,0f,0.37561355526226925f,0.12571801675216268f,0f,-0.9920660160815423f,0.43317399966468983f,0f,0f,0f,1f], start_interpolation: 0, interpolation_duration: 1 }
$data merge entity $(bone_right_ring) { transformation: [0.09130359188562381f,0.1386968003218541f,0.9861170578026036f,-0.39697744624095455f,-0.6077760074647911f,-0.7766687237036842f,0.1655113844140293f,1.7903290421324323f,0.7888421761410463f,-0.6144500721791559f,0.013383943368388267f,0.4114334493781507f,0f,0f,0f,1f], start_interpolation: 0, interpolation_duration: 1 }
$data merge entity $(bone_sword) { transformation: [-0.000009897575355439006f,0.0000013869680032185412f,3.3811513047254245e-7f,-0.45771898940574374f,-0.0000012989233337736505f,-0.000007766687237036843f,-0.0000061637137778313f,1.946535387246709f,-5.922839322359138e-7f,-0.00000614450072179156f,0.000007867293729327649f,0.5562861618311783f,0f,0f,0f,1f], start_interpolation: 0, interpolation_duration: 1 }
$data merge entity $(bone_right_hand) { transformation: [-0.9897575355439004f,0.1386968003218541f,0.033811513047254244f,-0.3721362418424848f,-0.12989233337736503f,-0.7766687237036842f,-0.6163713777831299f,1.6111897373865631f,-0.05922839322359137f,-0.6144500721791559f,0.7867293729327649f,0.3891815043126043f,0f,0f,0f,1f], start_interpolation: 0, interpolation_duration: 1 }
$data merge entity $(bone_right_arm) { transformation: [-0.9897575355439004f,0.11396157985109726f,0.08598127209984098f,-0.3410226930280302f,-0.12989233337736503f,-0.4690175007092934f,-0.8735848932749417f,1.5318635552622692f,-0.05922839322359137f,-0.8758055391159899f,0.4790163411512196f,0.04321556825855592f,0f,0f,0f,1f], start_interpolation: 0, interpolation_duration: 1 }
$data merge entity $(bone_left_ring) { transformation: [0.1116895270536866f,-0.8304689333084735f,0.5457534245023203f,0.7484950291602405f,0.2235254231938998f,0.5561111739296639f,0.8004853199257053f,1.3175264720325481f,-0.9682777673439124f,0.03258393837548018f,0.24774271377263773f,-0.17514334938245307f,0f,0f,0f,1f], start_interpolation: 0, interpolation_duration: 1 }
$data merge entity $(bone_left_hand) { transformation: [-0.5513242645267776f,-0.8304689333084735f,0.07976782655616105f,0.6262124920704316f,-0.8121278729469689f,0.5561111739296639f,0.17660317158308017f,1.420975390294972f,-0.19102322719145845f,0.03258393837548018f,-0.9810445523182437f,-0.26202503579111963f,0f,0f,0f,1f], start_interpolation: 0, interpolation_duration: 1 }
$data merge entity $(bone_left_arm) { transformation: [-0.5513242645267776f,-0.8102329553809321f,-0.19890729840477983f,0.3410226930280302f,-0.8121278729469689f,0.4666136498216399f,0.3503141729687222f,1.5631135552622692f,-0.19102322719145845f,0.354674864932389f,-0.9152681939511238f,-0.04321556825855592f,0f,0f,0f,1f], start_interpolation: 0, interpolation_duration: 1 }
$data merge entity $(bone_leftfoot) { transformation: [-0.9901822732896162f,-0.02882904163252066f,-0.13677701569181394f,0.13892099456012935f,0.001807061141087439f,0.9757790624832449f,-0.2187508988538155f,0.5283987118463996f,0.13977052691122221f,-0.21685042674126842f,-0.9661470344772007f,0.21898428211724488f,0f,0f,0f,1f], start_interpolation: 0, interpolation_duration: 1 }
$data merge entity $(bone_leftleg) { transformation: [-0.9909008602728945f,0.005147506272093434f,-0.1344953095450422f,0.12125817039373923f,0.0436193209292267f,0.9576187650232726f,-0.28471679914781167f,0.8756135552622692f,0.12732965071856236f,-0.2879927152802323f,-0.9491297888030952f,-0.03741619619580407f,0f,0f,0f,1f], start_interpolation: 0, interpolation_duration: 1 }
$data merge entity $(bone_rightfoot) { transformation: [-0.99420669672371f,-0.001374852643118811f,-0.10747629492096836f,-0.10467052848957606f,-0.00408290720524626f,0.9996795939487286f,0.024980778836107442f,0.5750234475814311f,0.10740751397589746f,0.025274873347157834f,-0.9938937602776278f,0.3127288410756572f,0f,0f,0f,1f], start_interpolation: 0, interpolation_duration: 1 }
$data merge entity $(bone_rightleg) { transformation: [-0.9911217890580636f,-0.09234966920749316f,-0.09565112572055802f,-0.12675833362664635f,-0.04361938736533599f,0.9054451828447543f,-0.4222160228000618f,0.8756135552622692f,0.12559836105704633f,-0.414295256381842f,-0.9014346855093206f,-0.005986692007763403f,0f,0f,0f,1f], start_interpolation: 0, interpolation_duration: 1 }
$data merge entity $(bone_skirt_right_back) { transformation: [-0.9721540477830387f,0.2180841752450312f,-0.08576595995351352f,-0.1806776645617054f,0.23008525322054174f,0.9577161383460004f,-0.17274424621984893f,0.8592392737212048f,0.04446665750303634f,-0.18766750080746297f,-0.9812255732048512f,-0.16156536157737353f,0f,0f,0f,1f], start_interpolation: 0, interpolation_duration: 1 }
$data merge entity $(bone_skirt_right) { transformation: [-0.9721540477830387f,0.19954352987417354f,-0.12287752872029929f,-0.188969644219477f,0.23008525322054174f,0.9122487018869435f,-0.3389145646855939f,0.904733615334236f,0.04446665750303634f,-0.35774947322245104f,-0.9327582917238348f,0.12452183309332807f,0f,0f,0f,1f], start_interpolation: 0, interpolation_duration: 1 }
$data merge entity $(bone_skirt_left_back) { transformation: [-0.9525160338795554f,-0.27893681195297326f,-0.1220961102569333f,0.13329355796599945f,-0.23008525322054174f,0.9220034620587718f,-0.31140069396531245f,0.8645480903171929f,0.19943415317542973f,-0.268521639517471f,-0.942402327914171f,-0.201953973893058f,0f,0f,0f,1f], start_interpolation: 0, interpolation_duration: 1 }
$data merge entity $(bone_skirt_left) { transformation: [-0.9525160338795554f,-0.28025205214915433f,-0.11904617788299328f,0.21405717481364958f,-0.23008525322054174f,0.9185518202018091f,-0.3214394653031616f,0.904733615334236f,0.19943415317542973f,-0.2787854746397863f,-0.9394172010757885f,0.07344888878776198f,0f,0f,0f,1f], start_interpolation: 0, interpolation_duration: 1 }
$data merge entity $(bone_skirt_back_middle) { transformation: [-0.9920660160815423f,-0.028730550392415292f,-0.12239107487985366f,-0.016023256870055298f,0f,0.9735364750553799f,-0.22853168650483863f,0.8936018653926134f,0.12571801675216268f,-0.22671851977925123f,-0.9658124523182585f,-0.12644272490445174f,0f,0f,0f,1f], start_interpolation: 0, interpolation_duration: 1 }
$data merge entity $(bone_skirt_front_middle) { transformation: [-0.9920660160815423f,-0.0506325151025388f,-0.11507114386538546f,0.0211786737183801f,0f,0.9153114791194472f,-0.4027466898587373f,0.9940516982998515f,0.12571801675216268f,-0.399551304098186f,-0.9080494125637338f,0.16712515043173215f,0f,0f,0f,1f], start_interpolation: 0, interpolation_duration: 1 }
$data merge entity $(bone_lower) { transformation: [-0.9920660160815423f,0f,-0.12571801675216268f,0f,0f,1f,0f,0.9693635552622692f,0.12571801675216268f,0f,-0.9920660160815423f,0f,0f,0f,0f,1f], start_interpolation: 0, interpolation_duration: 1 }
data modify entity @s data merge value {"locators":{"locator_right_hand":{"posx":-0.43598592133147607,"posy":2.0087671206740936,"posz":0.5842475321785383,"roty":177.53909584810546,"rotx":-38.05163475791055},"locator_left_hand":{"posx":0.9820644166532486,"posy":1.1611202043648303,"posz":-0.18430758205055686,"roty":4.648441045428257,"rotx":10.171966301670608}},"cameras":{}}