# This file was generated by Animated Java via MC-Build. It is not recommended to edit this file directly.
$data merge entity $(bone_head) { transformation: [-0.9249197029674565f,0.0424175209877271f,-0.3777886935521598f,0f,3.469446951953614e-18f,0.9937557538738854f,0.11157733480660728f,1.6032058424655276f,0.3801625219068708f,0.10320007536722765f,-0.9191442766952349f,0f,0f,0f,0f,1f], start_interpolation: 0, interpolation_duration: 1 }
$data merge entity $(bone_bust) { transformation: [-0.7071067811865476f,-0.3535533905932737f,-0.6123724356957945f,0.050823299897783114f,0f,0.8660254037844387f,-0.49999999999999994f,1.4938308424655276f,0.7071067811865475f,-0.35355339059327373f,-0.6123724356957946f,0.050823299897783114f,0f,0f,0f,1f], start_interpolation: 0, interpolation_duration: 1 }
$data merge entity $(bone_left_wing) { transformation: [-0.3145447561516137f,0f,-0.9492426435730339f,-0.044194173824159244f,0f,1f,0f,1.3844558424655276f,0.9492426435730339f,0f,-0.3145447561516137f,-0.13258252147247768f,0f,0f,0f,1f], start_interpolation: 0, interpolation_duration: 1 }
$data merge entity $(bone_right_wing) { transformation: [-0.9492426435730339f,0f,-0.31454475615161365f,-0.13258252147247773f,0f,1f,0f,1.3844558424655276f,0.31454475615161365f,0f,-0.9492426435730339f,-0.04419417382415919f,0f,0f,0f,1f], start_interpolation: 0, interpolation_duration: 1 }
$data merge entity $(bone_body) { transformation: [-0.7071067811865476f,0f,-0.7071067811865475f,0.7071067811865475f,0f,1f,0f,0.32195584246552755f,0.7071067811865475f,0f,-0.7071067811865476f,5.551115123125783e-17f,0f,0f,0f,1f], start_interpolation: 0, interpolation_duration: 1 }
$data merge entity $(bone_right_ring) { transformation: [0.4154308360967869f,0.37714069866126265f,-0.8277572795410617f,-0.5068931113331038f,-0.08164956663057032f,0.9217859697368775f,0.37900392381251746f,1.1056722356248347f,0.9059528512505299f,-0.08986389380356948f,0.413731690714521f,0.2203517326000237f,0f,0f,0f,1f], start_interpolation: 0, interpolation_duration: 1 }
$data merge entity $(bone_sword) { transformation: [-0.0000045115005568966045f,0.000003771406986612627f,-0.000008088439408591198f,-0.6161292649814807f,0.000002675850092166398f,0.000009217859697368776f,0.000002805510449789402f,0.9167771963607088f,0.00000851388213504126f,-8.986389380356948e-7f,-0.000005167809889079839f,0.2585406380898712f,0f,0f,0f,1f], start_interpolation: 0, interpolation_duration: 1 }
$data merge entity $(bone_right_hand) { transformation: [-0.4511500556896604f,0.37714069866126265f,-0.8088439408591197f,-0.523793996622824f,0.26758500921663975f,0.9217859697368775f,0.2805510449789402f,1.2760029538629976f,0.851388213504126f,-0.08986389380356948f,-0.5167809889079839f,0.15786228148309248f,0f,0f,0f,1f], start_interpolation: 0, interpolation_duration: 1 }
$data merge entity $(bone_right_arm) { transformation: [-0.4511500556896604f,0.6498280029145913f,-0.6117084222726137f,-0.24306795603287573f,0.26758500921663975f,0.7523874303085163f,0.6019230993709067f,1.4782058424655276f,0.851388213504126f,0.10787363599036409f,-0.5133238632330192f,0.24306795603287568f,0f,0f,0f,1f], start_interpolation: 0, interpolation_duration: 1 }
$data merge entity $(bone_left_ring) { transformation: [-0.06085238168801249f,-0.14676228284128923f,-0.9872982426694124f,0.268906611416066f,-0.16166109630646458f,0.9775210757244223f,-0.13534487967987674f,1.0310847439387076f,0.984968363747734f,0.15137165801358507f,-0.08321023714862158f,-0.3978463718048423f,0f,0f,0f,1f], start_interpolation: 0, interpolation_duration: 1 }
$data merge entity $(bone_left_hand) { transformation: [-0.8508010551044525f,-0.14676228284128923f,-0.5045774439750195f,0.1986708693494565f,-0.20280565209186524f,0.9775210757244223f,0.057640385097270486f,1.1892261981235177f,0.48477565132001377f,0.15137165801358507f,-0.8614401830872963f,-0.4549545674046536f,0f,0f,0f,1f], start_interpolation: 0, interpolation_duration: 1 }
$data merge entity $(bone_left_arm) { transformation: [-0.8508010551044525f,-0.012939915333638502f,-0.5253285859576925f,0.24306795603287573f,-0.20280565209186524f,0.9303307021172208f,0.3055399354874453f,1.5094558424655276f,0.48477565132001377f,0.3664933059269121f,-0.7941506309246497f,-0.24306795603287568f,0f,0f,0f,1f], start_interpolation: 0, interpolation_duration: 1 }
$data merge entity $(bone_leftfoot) { transformation: [-0.703296197874041f,0.20583354243795013f,-0.6804461851339624f,0.1884402055338546f,0.00015089168120176188f,0.9572089269972395f,0.28939773203757846f,0.429701498185869f,0.7108969231102484f,0.2034296509465573f,-0.673232457497515f,0.035438447339535245f,0f,0f,0f,1f], start_interpolation: 0, interpolation_duration: 1 }
$data merge entity $(bone_leftleg) { transformation: [-0.7051985627300768f,-0.02822534102124423f,-0.7084478225301202f,0.07292038680986272f,0.043619320929226706f,0.9955874197871366f,-0.08308456176248982f,0.8219558424655276f,0.7076668297759244f,-0.08949312647251927f,-0.7008556472976917f,-0.10385630848677416f,0f,0f,0f,1f], start_interpolation: 0, interpolation_duration: 1 }
$data merge entity $(bone_rightfoot) { transformation: [-0.7200157834573992f,0.22444434082468456f,-0.656659736426713f,0.1088470401077707f,-0.004082907205246268f,0.9448667943632438f,0.327429489781359f,0.5213657347846894f,0.6939456761454609f,0.2384354813812334f,-0.6794026197900023f,0.3112998063516714f,0f,0f,0f,1f], start_interpolation: 0, interpolation_duration: 1 }
$data merge entity $(bone_rightleg) { transformation: [-0.7064337722128922f,-0.32679000150455906f,-0.6278213283998193f,-0.10385630848677417f,-0.04361938736533599f,0.9054451828447543f,-0.4222160228000618f,0.8219558424655276f,0.706433772212892f,-0.2708824759556806f,-0.6538914357117577f,0.07292038680986271f,0f,0f,0f,1f], start_interpolation: 0, interpolation_duration: 1 }
$data merge entity $(bone_skirt_right_back) { transformation: [-0.7080346233630992f,-0.04288070031657243f,-0.7048746113029142f,-0.25767697335431733f,0.039636816058783976f,0.9941679887535442f,-0.10029423189024927f,0.8220126904864428f,0.7050644615436211f,-0.09895077401462449f,-0.7022057030458457f,-0.013920285373381885f,0f,0f,0f,1f], start_interpolation: 0, interpolation_duration: 1 }
$data merge entity $(bone_skirt_right) { transformation: [-0.7080346233630992f,-0.18993054208448545f,-0.6801568652175523f,-0.07663827811169725f,0.039636816058783976f,0.9509455921087406f,-0.30680841523934593f,0.8501071082675495f,0.7050644615436211f,-0.2441902332863669f,-0.6657741621869636f,0.2106238517453377f,0f,0f,0f,1f], start_interpolation: 0, interpolation_duration: 1 }
$data merge entity $(bone_skirt_left_back) { transformation: [-0.7050644615436212f,0.03943318129051461f,-0.7080459937613607f,-0.01409535511182175f,-0.03963681605878398f,0.9947004760446867f,0.09486772775394106f,0.8963501052149684f,0.7080346233630991f,0.09495255220257724f,-0.6997649497862058f,-0.2536897912450511f,0f,0f,0f,1f], start_interpolation: 0, interpolation_duration: 1 }
$data merge entity $(bone_skirt_left) { transformation: [-0.7050644615436212f,-0.06545201801682382f,-0.7061162357613149f,0.2106238517453377f,-0.03963681605878398f,0.9978122065920922f,-0.052912410534222104f,0.8501071082675495f,0.7080346233630991f,-0.009318460889294156f,-0.706116235761315f,-0.07663827811169721f,0f,0f,0f,1f], start_interpolation: 0, interpolation_duration: 1 }
$data merge entity $(bone_skirt_back_middle) { transformation: [-0.7071067811865476f,0.050395385855038f,-0.7053086594424612f,-0.08980856002457209f,0f,0.9974570718427153f,0.07126983815721998f,0.9009449657897816f,0.7071067811865475f,0.05039538585503801f,-0.7053086594424613f,-0.0898085600245721f,0f,0f,0f,1f], start_interpolation: 0, interpolation_duration: 1 }
$data merge entity $(bone_skirt_front_middle) { transformation: [-0.7071067811865476f,-0.09881443496986611f,-0.7001683422160602f,0.1308527636508388f,0f,0.990187565506239f,-0.1397447140926189f,0.917480094081726f,0.7071067811865475f,-0.09881443496986612f,-0.7001683422160603f,0.13085276365083884f,0f,0f,0f,1f], start_interpolation: 0, interpolation_duration: 1 }
$data merge entity $(bone_lower) { transformation: [-0.7071067811865476f,0f,-0.7071067811865475f,0f,0f,1f,0f,0.9157058424655276f,0.7071067811865475f,0f,-0.7071067811865476f,0f,0f,0f,0f,1f], start_interpolation: 0, interpolation_duration: 1 }
data modify entity @s data merge value {"locators":{"locator_right_hand":{"posx":-0.6129639328315839,"posy":0.846419931636338,"posz":0.2456259527322776,"roty":302.57504218350454,"rotx":16.29309553820955},"locator_left_hand":{"posx":0.3101835034651786,"posy":0.7561569413912139,"posz":-0.44041965062116306,"roty":329.64091279992056,"rotx":3.3043822752893384}},"cameras":{}}