# This file was generated by Animated Java via MC-Build. It is not recommended to edit this file directly.
$data merge entity $(bone_head) { transformation: [-0.951883524543237f,-0.11836008780629112f,-0.282681172555994f,0f,0f,0.922407936703666f,-0.38621703523548206f,1.6737502760782512f,0.30646003932510446f,-0.36763363273859023f,-0.8780249178561408f,0f,0f,0f,0f,1f], start_interpolation: 0, interpolation_duration: 1 }
$data merge entity $(bone_bust) { transformation: [-0.5170068055495096f,-0.42799064330178155f,-0.7413015393627742f,0.06152365497463108f,0f,0.8660254037844387f,-0.49999999999999994f,1.5643752760782512f,0.8559812866035632f,-0.25850340277475475f,-0.44774102753531686f,0.037159864148871014f,0f,0f,0f,1f], start_interpolation: 0, interpolation_duration: 1 }
$data merge entity $(bone_left_wing) { transformation: [-0.096589258990041f,0f,-0.9953243265628319f,-0.074684735478601f,0f,1f,0f,1.4550002760782512f,0.9953243265628319f,0f,-0.096589258990041f,-0.11812468110641139f,0f,0f,0f,1f], start_interpolation: 0, interpolation_duration: 1 }
$data merge entity $(bone_right_wing) { transformation: [-0.8360044732258813f,0f,-0.54872262642096f,-0.13931058617228975f,0f,1f,0f,1.4550002760782512f,0.54872262642096f,0f,-0.8360044732258813f,-0.011127020280966016f,0f,0f,0f,1f], start_interpolation: 0, interpolation_duration: 1 }
$data merge entity $(bone_body) { transformation: [-0.5170068055495096f,0f,-0.8559812866035632f,0.6864940460765364f,0f,1f,0f,0.3925002760782512f,0.8559812866035632f,0f,-0.5170068055495096f,-0.1694872405270268f,0f,0f,0f,1f], start_interpolation: 0, interpolation_duration: 1 }
$data merge entity $(bone_right_ring) { transformation: [0.8217928866682909f,0.07437711104436762f,-0.5649110520905839f,-0.23308764450779323f,0.16320657968104527f,-0.9806286210703786f,0.10831029446189135f,2.0470914114225662f,-0.5459121392405663f,-0.18120583017745545f,-0.8180124591590806f,0.3672187542155923f,0f,0f,0f,1f], start_interpolation: 0, interpolation_duration: 1 }
$data merge entity $(bone_sword) { transformation: [-0.000007244210456236538f,7.437711104436762e-7f,0.000006853336370047989f,-0.26128745714628787f,-0.0000017800778964319118f,-0.000009806286210703787f,-8.173575939545929e-7f,2.254764057614808f,0.0000066597850977631206f,-0.0000018120583017745547f,0.000007236277161813396f,0.43897604106275384f,0f,0f,0f,1f], start_interpolation: 0, interpolation_duration: 1 }
$data merge entity $(bone_right_hand) { transformation: [-0.7244210456236537f,0.07437711104436762f,0.6853336370047989f,-0.1572161924379109f,-0.17800778964319117f,-0.9806286210703786f,-0.08173575939545928f,1.8862054619369952f,0.665978509776312f,-0.18120583017745545f,0.7236277161813395f,0.4067454416423655f,0f,0f,0f,1f], start_interpolation: 0, interpolation_duration: 1 }
$data merge entity $(bone_right_arm) { transformation: [-0.7244210456236537f,0.1252279307519154f,0.6778879804341755f,-0.17772108940764392f,-0.17800778964319117f,-0.9839927835149898f,-0.008451557061694526f,1.5487502760782512f,0.665978509776312f,-0.1267918268265552f,0.7351166282747976f,0.29424356726997486f,0f,0f,0f,1f], start_interpolation: 0, interpolation_duration: 1 }
$data merge entity $(bone_left_ring) { transformation: [0.19108024521866107f,-0.531411513351377f,0.8252818569220912f,0.35560846961090015f,0.9752874415721794f,0.19779302822590267f,-0.09844960282712753f,1.5091967161643742f,-0.11091774519331069f,0.8236988050633715f,0.5560733156144118f,-0.7554349844327344f,0f,0f,0f,1f], start_interpolation: 0, interpolation_duration: 1 }
$data merge entity $(bone_left_hand) { transformation: [-0.31655071619862923f,-0.531411513351377f,-0.7857464270053883f,0.19891169311799234f,-0.9482847936374277f,0.19779302822590267f,0.24826169285906383f,1.5633764105302088f,0.023486043305669058f,0.8236988050633715f,-0.566540982018969f,-0.6798452632058609f,0f,0f,0f,1f], start_interpolation: 0, interpolation_duration: 1 }
$data merge entity $(bone_left_arm) { transformation: [-0.31655071619862923f,-0.2828631016937202f,-0.9054193005311644f,0.17772108940764392f,-0.9482847936374277f,0.11799860189594735f,0.2946731750713366f,1.5800002760782512f,0.023486043305669058f,0.9518743591728949f,-0.30558731995787125f,-0.29424356726997486f,0f,0f,0f,1f], start_interpolation: 0, interpolation_duration: 1 }
$data merge entity $(bone_leftfoot) { transformation: [-0.5042601275731692f,-0.2203827046894195f,-0.8349569972242086f,0.26260390868570593f,0.0020043671453318923f,0.9665856752952209f,-0.25633594134734294f,0.5492958599250084f,0.8635494810676676f,-0.13093355485840075f,-0.4869688880820872f,0.02955091934838988f,0f,0f,0f,1f], start_interpolation: 0, interpolation_duration: 1 }
$data merge entity $(bone_leftleg) { transformation: [-0.5150199745130462f,-0.2354380165225457f,-0.8242107535263724f,0.045901260049235754f,0.04361932092922671f,0.9530954093284322f,-0.29951042646081877f,0.8925002760782512f,0.8560676262388704f,-0.1902053655736291f,-0.480593527019193f,-0.11830718469684093f,0f,0f,0f,1f], start_interpolation: 0, interpolation_duration: 1 }
$data merge entity $(bone_rightfoot) { transformation: [-0.5326941004115594f,-0.0006882762907122197f,-0.8463075810025967f,0.18028987065893878f,-0.004082907205246268f,0.9999901219658553f,0.0017566557623245327f,0.5919101683974131f,0.8462980120829027f,0.004391155481374226f,-0.5326916486092733f,0.27613549230874673f,0f,0f,0f,1f], start_interpolation: 0, interpolation_duration: 1 }
$data merge entity $(bone_rightleg) { transformation: [-0.5165147296299549f,-0.3821919417228474f,-0.7662518213729831f,-0.08335044133814165f,-0.04361938736533599f,0.9054451828447543f,-0.4222160228000618f,0.8925002760782512f,0.8551665820886404f,-0.18465735984614645f,-0.4843467521657221f,0.09568813695404987f,0f,0f,0f,1f], start_interpolation: 0, interpolation_duration: 1 }
$data merge entity $(bone_skirt_right_back) { transformation: [-0.5747888990270907f,-0.007297287604542374f,-0.818269192349829f,-0.2369515149696955f,0.2425165562922506f,0.9535174716835624f,-0.1788579076203636f,0.8747697621531576f,0.781539149038212f,-0.30124936645211964f,-0.5463015446919622f,0.04016245683805569f,0f,0f,0f,1f], start_interpolation: 0, interpolation_duration: 1 }
$data merge entity $(bone_skirt_right) { transformation: [-0.5747888990270907f,-0.14939509355831074f,-0.8045488347986891f,-0.01929711492976635f,0.2425165562922506f,0.9079230431212076f,-0.34185006610160756f,0.9217485454332921f,0.781539149038212f,-0.39160803591120213f,-0.48563330274024463f,0.22564542388564374f,0f,0f,0f,1f], start_interpolation: 0, interpolation_duration: 1 }
$data merge entity $(bone_skirt_left_back) { transformation: [-0.4242261006503029f,-0.4148455490100977f,-0.8049443372019891f,-0.07479972441413832f,-0.24251655629225055f,0.9084720389131993f,-0.34038841701362643f,0.8750531874456076f,0.8724780429622208f,0.05081067780895456f,-0.4860044645570737f,-0.228371240344663f,0f,0f,0f,1f], start_interpolation: 0, interpolation_duration: 1 }
$data merge entity $(bone_skirt_left) { transformation: [-0.4242261006503029f,-0.4153165592358447f,-0.8047014173912819f,0.19073689982472194f,-0.24251655629225055f,0.9082726762624017f,-0.34092002798205084f,0.9217485454332921f,0.8724780429622208f,0.05052624248480905f,-0.4860341174950371f,-0.1220969737970538f,0f,0f,0f,1f], start_interpolation: 0, interpolation_duration: 1 }
$data merge entity $(bone_skirt_back_middle) { transformation: [-0.5170068055495096f,-0.20604576797658294f,-0.8308123160584655f,-0.10854736536817752f,0f,0.9705963542205867f,-0.24071293520229775f,0.9059280581287488f,0.8559812866035632f,-0.12445022568338605f,-0.5018049205735858f,-0.06556186157117251f,0f,0f,0f,1f], start_interpolation: 0, interpolation_duration: 1 }
$data merge entity $(bone_skirt_front_middle) { transformation: [-0.5170068055495096f,-0.3608450462709021f,-0.7762053952384265f,0.14292182756659805f,0f,0.9068018277809806f,-0.42155716709963886f,1.0124655668731397f,0.8559812866035632f,-0.21794792431868512f,-0.4688227162475014f,0.0863238001460266f,0f,0f,0f,1f], start_interpolation: 0, interpolation_duration: 1 }
$data merge entity $(bone_lower) { transformation: [-0.5170068055495096f,0f,-0.8559812866035632f,0f,0f,1f,0f,0.9862502760782512f,0.8559812866035632f,0f,-0.5170068055495096f,0f,0f,0f,0f,1f], start_interpolation: 0, interpolation_duration: 1 }
data modify entity @s data merge value {"locators":{"locator_right_hand":{"posx":-0.25400620698902165,"posy":2.3228932110986102,"posz":0.4181828939530017,"roty":136.55685540797305,"rotx":-4.688344227769843},"locator_left_hand":{"posx":0.5050679577409749,"posy":1.4535674269758392,"posz":-0.9871002733568075,"roty":305.7924580665883,"rotx":14.374671937225568}},"cameras":{}}