execute if entity @s[tag=aj.grey_guardian.bone.head] run data modify entity @s {} merge value {transformation:[-0.9545927003326881f,-0.2939113526846028f,0.048671277306578165f,-0.036856937832431f,-0.22470324476134587f,0.817600812075684f,0.5301295727337847f,1.2140831678743198f,-0.19560477567091625f,0.49512122642469036f,-0.8465186016139522f,0.15971128414513217f,0f,0f,0f,1f],start_interpolation:0}
execute if entity @s[tag=aj.grey_guardian.bone.sword] run data modify entity @s {} merge value {transformation:[-0.8636793844180852f,-0.19632807479766212f,0.4642340013155444f,-0.985179587258414f,0.4992488117343019f,-0.2065009025815795f,0.8414915336560911f,0.4970026532622094f,-0.06934367248051426f,0.9585471633045692f,0.27636713047625355f,-0.855887181625101f,0f,0f,0f,1f],start_interpolation:0}
execute if entity @s[tag=aj.grey_guardian.bone.axe] run data modify entity @s {} merge value {transformation:[-0.0000064319472821623995f,-9.361249794973606e-7f,0.000007599587106037063f,-0.9764782545729763f,0.000005990576448898081f,0.000005566290543710034f,0.000005755814746229408f,0.47984969346433715f,-0.0000047689671805739414f,0.000008254700455241565f,-0.0000030194159078939938f,-0.9156388782339727f,0f,0f,0f,1f],start_interpolation:0}
execute if entity @s[tag=aj.grey_guardian.bone.left_arm_2] run data modify entity @s {} merge value {transformation:[-0.6431947282162399f,-0.09361249794973606f,0.7599587106037062f,-0.7235642765681952f,0.5990576448898081f,0.5566290543710034f,0.5755814746229407f,1.0284610344016225f,-0.4768967180573941f,0.8254700455241565f,-0.30194159078939936f,-0.6644406082923475f,0f,0f,0f,1f],start_interpolation:0}
execute if entity @s[tag=aj.grey_guardian.bone.left_arm] run data modify entity @s {} merge value {transformation:[-0.4768062070585312f,-0.09361249794973606f,0.874009462842404f,-0.5691483080531234f,0.7027821729176875f,0.5566290543710034f,0.4430138973656875f,1.1602936038903093f,-0.527970698372126f,0.8254700455241565f,-0.1996149934318471f,-0.24368224409792916f,0f,0f,0f,1f],start_interpolation:0}
execute if entity @s[tag=aj.grey_guardian.bone.left_shoulder] run data modify entity @s {} merge value {transformation:[-0.4768062070585312f,0.12964473731754245f,0.8693952398054192f,-0.4404349343068596f,0.7027821729176875f,0.6502998583820149f,0.28845677599499187f,1.207918129020487f,-0.527970698372126f,0.748533457017251f,-0.4011790191251939f,-0.010925090906671833f,0f,0f,0f,1f],start_interpolation:0}
execute if entity @s[tag=aj.grey_guardian.bone.right_arm_2] run data modify entity @s {} merge value {transformation:[-0.9920450822536931f,-0.009889937614160843f,0.12549399949898327f,0.7646621275201378f,-0.003673902496870326f,0.9987590452094903f,0.04966761573370229f,0.607345675043687f,-0.12582947674017522f,0.04881146121778395f,-0.9908503338229636f,0.29697353099413343f,0f,0f,0f,1f],start_interpolation:0}
execute if entity @s[tag=aj.grey_guardian.bone.right_arm] run data modify entity @s {} merge value {transformation:[-0.9967302241715056f,-0.037057070915511414f,0.07180274171772866f,0.5983562662912716f,-0.03320273543595458f,0.9979806751026348f,0.054149335002929115f,1.0109717303299475f,-0.07366436440091029f,0.05158823137937756f,-0.9959478981355188f,0.2441744494208934f,0f,0f,0f,1f],start_interpolation:0}
execute if entity @s[tag=aj.grey_guardian.bone.right_shoulder] run data modify entity @s {} merge value {transformation:[-0.9967302241715056f,-0.037057070915511414f,0.07180274171772866f,0.39899537774998417f,-0.03320273543595458f,0.9979806751026348f,0.054149335002929115f,1.2280330011672538f,-0.07366436440091029f,0.05158823137937756f,-0.9959478981355188f,0.20293327606763914f,0f,0f,0f,1f],start_interpolation:0}
execute if entity @s[tag=aj.grey_guardian.bone.upper_body] run data modify entity @s {} merge value {transformation:[-0.9687848929220249f,-0.037057070915511414f,0.24511753250476306f,-0.002130625000000009f,-0.023214534880325256f,0.9979806751026348f,0.05912408554878122f,0.61783125f,-0.24681352599959142f,0.05158823137937756f,-0.9676888641328869f,0.07085375f,0f,0f,0f,1f],start_interpolation:0}