execute if entity @s[tag=aj.grey_guardian.bone.head] run data modify entity @s {} merge value {transformation:[-0.9953594113191127f,0.04119224736350317f,-0.08696459656442784f,0.07299885454005618f,0.013152347322283056f,0.9535001842826033f,0.30110532099741405f,1.199298776947792f,0.09532396371523671f,0.29856422647428094f,-0.9496171568645075f,0.2153148318018221f,0f,0f,0f,1f],start_interpolation:0}
execute if entity @s[tag=aj.grey_guardian.bone.sword] run data modify entity @s {} merge value {transformation:[-0.29530763487916506f,0.2007732416508746f,-0.9340682556532328f,-0.28018973468458147f,0.5341320164875892f,0.8453037690240076f,0.012826809295734015f,0.2602367895426374f,0.7921466971116999f,-0.49512790621293695f,-0.3568640732046555f,1.0700757013010842f,0f,0f,0f,1f],start_interpolation:0}
execute if entity @s[tag=aj.grey_guardian.bone.axe] run data modify entity @s {} merge value {transformation:[-0.000006436143182324322f,3.285492446909307e-7f,-0.000007646444685632216f,-0.30157752642763497f,0.0000021803027609586375f,0.00000965551446876494f,-0.000001420323982064327f,0.20326005500911337f,0.0000073363710925208985f,-0.0000025812972973456475f,-0.0000062860610445285845f,1.0854515445046566f,0f,0f,0f,1f],start_interpolation:0}
execute if entity @s[tag=aj.grey_guardian.bone.left_arm_2] run data modify entity @s {} merge value {transformation:[-0.6436143182324322f,0.032854924469093064f,-0.7646444685632215f,-0.6456565187329832f,0.21803027609586373f,0.965551446876494f,-0.14203239820643268f,0.6241594164539903f,0.7336371092520898f,-0.2581297297345647f,-0.6286061044528584f,0.7214545265411768f,0f,0f,0f,1f],start_interpolation:0}
execute if entity @s[tag=aj.grey_guardian.bone.left_arm] run data modify entity @s {} merge value {transformation:[-0.9675028181707963f,0.032854924469093064f,-0.25071667429530325f,-0.46320733197752f,0.09551273608655333f,0.965551446876494f,-0.24204900470766172f,0.9705395573400843f,0.23412734585440326f,-0.2581297297345647f,-0.937311809671858f,0.4665137275269748f,0f,0f,0f,1f],start_interpolation:0}
execute if entity @s[tag=aj.grey_guardian.bone.left_shoulder] run data modify entity @s {} merge value {transformation:[-0.9675028181707963f,0.16062955465227893f,-0.19528554222926364f,-0.2879764112488422f,0.09551273608655333f,0.9472456996311318f,0.3059459131539237f,1.1761863314149863f,0.23412734585440326f,0.27735127672779575f,-0.9318050521544914f,0.46268631719035735f,0f,0f,0f,1f],start_interpolation:0}
execute if entity @s[tag=aj.grey_guardian.bone.right_arm_2] run data modify entity @s {} merge value {transformation:[-0.4273891127005117f,0.06465903647831465f,-0.9017526020737424f,0.5045454939234344f,-0.05304079598211289f,0.9939277240158546f,0.09640722687769315f,0.6688293384492132f,0.9025105098039874f,0.08903307494610697f,-0.42136432129332885f,-0.5399411357954558f,0f,0f,0f,1f],start_interpolation:0}
execute if entity @s[tag=aj.grey_guardian.bone.right_arm] run data modify entity @s {} merge value {transformation:[-0.27994065018820136f,0.05523593620080708f,-0.9584269527325635f,0.42334268186732055f,-0.1505710097832266f,0.9834614046103108f,0.10065801833323577f,1.05112493993935f,0.9481358570295011f,0.17248958517526478f,-0.2669938943515347f,-0.33840813255411584f,0f,0f,0f,1f],start_interpolation:0}
execute if entity @s[tag=aj.grey_guardian.bone.right_shoulder] run data modify entity @s {} merge value {transformation:[-0.27994065018820136f,0.05523593620080708f,-0.9584269527325635f,0.34422693288228523f,-0.1505710097832266f,0.9834614046103108f,0.10065801833323577f,1.2439230003102666f,0.9481358570295011f,0.17248958517526478f,-0.2669938943515347f,-0.12596802396635273f,0f,0f,0f,1f],start_interpolation:0}
execute if entity @s[tag=aj.grey_guardian.bone.upper_body] run data modify entity @s {} merge value {transformation:[-0.7296246516858516f,0.05523593620080708f,-0.6816134234331951f,-0.002130625000000009f,-0.07817475802346892f,0.9834614046103108f,0.1633780060163749f,0.61783125f,0.6793648319277882f,0.17248958517526478f,-0.7132396288385785f,0.07085375f,0f,0f,0f,1f],start_interpolation:0}