execute if entity @s[tag=aj.grey_guardian.bone.head] run data modify entity @s {} merge value {transformation:[-0.9831568896847821f,-0.10279305225007948f,-0.1511162422589236f,0.018278947241244316f,-0.12162480996101806f,0.9851535531196073f,0.12116056444965498f,1.21948711330319f,0.1364182387633394f,0.1374993279435401f,-0.9810626885922139f,0.11788139357180058f,0f,0f,0f,1f],start_interpolation:0}
execute if entity @s[tag=aj.grey_guardian.bone.sword] run data modify entity @s {} merge value {transformation:[-0.14339693305959916f,0.9849569382251039f,-0.09642172696715948f,-1.2022446185565583f,0.9878743323101196f,0.14831513928271758f,0.04590123116413697f,1.1754579745098082f,0.059511537973205464f,-0.08867045337527424f,-0.9942816138027932f,1.094838720473026f,0f,0f,0f,1f],start_interpolation:0}
execute if entity @s[tag=aj.grey_guardian.bone.axe] run data modify entity @s {} merge value {transformation:[-0.00000554580262693568f,0.000007561692376060875f,-0.0000034734538478143233f,-1.2595117870561654f,0.00000824726151032806f,0.000004439119972470865f,-0.0000035038395297546953f,1.154194317999455f,-0.0000011075878309798465f,-0.000004807808469545462f,-0.000008698173769063956f,1.109279315745246f,0f,0f,0f,1f],start_interpolation:0}
execute if entity @s[tag=aj.grey_guardian.bone.left_arm_2] run data modify entity @s {} merge value {transformation:[-0.554580262693568f,0.7561692376060875f,-0.3473453847814323f,-1.065413088288923f,0.8247261510328059f,0.44391199724708647f,-0.3503839529754695f,1.2579674878461087f,-0.11075878309798465f,-0.4807808469545462f,-0.8698173769063956f,0.493164652022887f,0f,0f,0f,1f],start_interpolation:0}
execute if entity @s[tag=aj.grey_guardian.bone.left_arm] run data modify entity @s {} merge value {transformation:[-0.5616531834444632f,0.7561692376060875f,-0.33578830477687605f,-0.6808603784592643f,0.8172946308031903f,0.44391199724708647f,-0.3673848461223999f,1.232111047301202f,-0.1287446619746885f,-0.4807808469545462f,-0.8673376442970132f,0.2291336375662254f,0f,0f,0f,1f],start_interpolation:0}
execute if entity @s[tag=aj.grey_guardian.bone.left_shoulder] run data modify entity @s {} merge value {transformation:[-0.5616531834444632f,0.8237677106888251f,-0.07715218955539613f,-0.41587684585353185f,0.8172946308031903f,0.5378840441743804f,-0.20666456271671238f,1.2215507632798224f,-0.1287446619746885f,-0.1791298798333346f,-0.9753652127095358f,0.1773327863580334f,0f,0f,0f,1f],start_interpolation:0}
execute if entity @s[tag=aj.grey_guardian.bone.right_arm_2] run data modify entity @s {} merge value {transformation:[-0.9555011334626765f,0.0051089470086756825f,-0.29494318539678577f,0.7784318054470989f,0.0097677628553795f,0.9998496876924768f,-0.014324553398188085f,0.5864272645157462f,0.29482566842176616f,-0.016568062099081387f,-0.9554074128652864f,-0.06717362598136292f,0f,0f,0f,1f],start_interpolation:0}
execute if entity @s[tag=aj.grey_guardian.bone.right_arm] run data modify entity @s {} merge value {transformation:[-0.9538751141424253f,0.002659236413555014f,-0.3001919304069842f,0.6117071380049152f,0.007125586569526537f,0.9998795991816251f,-0.013784525977810946f,0.9928801917111567f,0.30011913073946983f,-0.015287759878071898f,-0.9537792154173288f,-0.08610186521737051f,0f,0f,0f,1f],start_interpolation:0}
execute if entity @s[tag=aj.grey_guardian.bone.right_shoulder] run data modify entity @s {} merge value {transformation:[-0.9538751141424253f,0.002659236413555014f,-0.3001919304069842f,0.41516898364544563f,0.007125586569526537f,0.9998795991816251f,-0.013784525977810946f,1.2155919282405097f,0.30011913073946983f,-0.015287759878071898f,-0.9537792154173288f,-0.06784180360507974f,0f,0f,0f,1f],start_interpolation:0}
execute if entity @s[tag=aj.grey_guardian.bone.upper_body] run data modify entity @s {} merge value {transformation:[-0.959108377885147f,0.002659236413555014f,-0.28302658520396773f,-0.002130625000000009f,0.006877079946464642f,0.9998795991816251f,-0.013910172960919488f,0.61783125f,0.28295551813303077f,-0.015287759878071898f,-0.959011188232952f,0.07085375f,0f,0f,0f,1f],start_interpolation:0}