execute if entity @s[tag=aj.grey_guardian.bone.head] run data modify entity @s {} merge value {transformation:[-0.9532123835925668f,-0.29531258859006015f,0.06462682713869738f,-0.027054093259368448f,-0.22596088217759094f,0.8380396861546731f,0.4966197379840054f,1.2180823983679745f,-0.20081790630146026f,0.45878094931025115f,-0.8655588998206204f,0.13164278979292615f,0f,0f,0f,1f],start_interpolation:0}
execute if entity @s[tag=aj.grey_guardian.bone.sword] run data modify entity @s {} merge value {transformation:[-0.6950420066702733f,-0.5471389642070825f,0.46642851843574085f,-0.867454378089562f,0.6837195463694579f,-0.30235575560142147f,0.6641600552329507f,0.6814817626035565f,-0.22236049756218537f,0.7805254325780128f,0.5842395555102403f,-1.123779738527348f,0f,0f,0f,1f],start_interpolation:0}
execute if entity @s[tag=aj.grey_guardian.bone.axe] run data modify entity @s {} merge value {transformation:[-0.000003526750973486365f,-0.0000021575582158863167f,0.000009105326469494349f,-0.8455699081811536f,0.000007640916360801794f,0.0000049530820327638426f,0.0000041332040288308405f,0.6676735993621887f,-0.000005401705724883988f,0.000008414981932349795f,-9.82565009659621e-8f,-1.1809689601752813f,0f,0f,0f,1f],start_interpolation:0}
execute if entity @s[tag=aj.grey_guardian.bone.left_arm_2] run data modify entity @s {} merge value {transformation:[-0.35267509734863645f,-0.21575582158863166f,0.9105326469494348f,-0.5739068822581948f,0.7640916360801794f,0.4953082032763842f,0.413320402883084f,1.1237997528458543f,-0.5401705724883987f,0.8414981932349794f,-0.009825650096596208f,-0.7986227990183368f,0f,0f,0f,1f],start_interpolation:0}
execute if entity @s[tag=aj.grey_guardian.bone.left_arm] run data modify entity @s {} merge value {transformation:[-0.27836984016700717f,-0.21575582158863166f,0.9359271646533235f,-0.5026467773606959f,0.7948327724016332f,0.4953082032763842f,0.3505861487330235f,1.2019136635504781f,-0.5392134048794858f,0.8414981932349794f,0.03361093245562963f,-0.34356023941314634f,0f,0f,0f,1f],start_interpolation:0}
execute if entity @s[tag=aj.grey_guardian.bone.left_shoulder] run data modify entity @s {} merge value {transformation:[-0.27836984016700717f,0.11904638330416134f,0.9530677786535402f,-0.40350781235312655f,0.7948327724016332f,0.5856269177478861f,0.15900307269183275f,1.2171313656500364f,-0.5392134048794858f,0.8017911647251481f,-0.25764283837701035f,-0.09265984583681935f,0f,0f,0f,1f],start_interpolation:0}
execute if entity @s[tag=aj.grey_guardian.bone.right_arm_2] run data modify entity @s {} merge value {transformation:[-0.9433693978052748f,0.0030650902730240065f,0.3317299873483422f,0.7056621985075117f,0.006214794452609848f,0.9999451175790933f,0.008434344055409593f,0.5929023712041552f,-0.33168592917762557f,0.010018335757571061f,-0.9433366723149397f,0.4339256332089887f,0f,0f,0f,1f],start_interpolation:0}
execute if entity @s[tag=aj.grey_guardian.bone.right_arm] run data modify entity @s {} merge value {transformation:[-0.9502148961668747f,-0.007596721947748122f,0.31150271414262853f,0.5735738723240791f,-0.004567385310376756f,0.9999349316798826f,0.010453296024470229f,0.9990656142458905f,-0.31156185596764263f,0.008510124675776052f,-0.9501877644360618f,0.3293145960863247f,0f,0f,0f,1f],start_interpolation:0}
execute if entity @s[tag=aj.grey_guardian.bone.right_shoulder] run data modify entity @s {} merge value {transformation:[-0.9502148961668747f,-0.007596721947748122f,0.31150271414262853f,0.39903042498586705f,-0.004567385310376756f,0.9999349316798826f,0.010453296024470229f,1.220448351641856f,-0.31156185596764263f,0.008510124675776052f,-0.9501877644360618f,0.23399690553838368f,0f,0f,0f,1f],start_interpolation:0}
execute if entity @s[tag=aj.grey_guardian.bone.upper_body] run data modify entity @s {} merge value {transformation:[-0.9262078211367215f,-0.007596721947748122f,0.37693681417555314f,-0.002130625000000009f,-0.003828127091378146f,0.9999349316798826f,0.01074606203783075f,0.61783125f,-0.3769939223755989f,0.008510124675776052f,-0.9261766355668144f,0.07085375f,0f,0f,0f,1f],start_interpolation:0}