execute if entity @s[tag=aj.grey_guardian.bone.head] run data modify entity @s {} merge value {transformation:[-0.835471705549925f,-0.24326893186276255f,-0.4927547625501456f,0.05487371205186917f,0.014222463782219308f,0.8868059445843957f,-0.4619230868594264f,1.21875f,0.5493493885947843f,-0.3929318559752166f,-0.7374413914409799f,0.08713531017733388f,0f,0f,0f,1f],start_interpolation:0}
execute if entity @s[tag=aj.grey_guardian.bone.sword] run data modify entity @s {} merge value {transformation:[-0.6899339872800473f,-0.6645225767648366f,0.28705546182868164f,0.44547458478313384f,0.6575125534850949f,-0.7411678291207995f,-0.13545291095385104f,2.0685744054555437f,0.30276779089818345f,0.09528900275573995f,0.9482888118861523f,0.32025443986652763f,0f,0f,0f,1f],start_interpolation:0}
execute if entity @s[tag=aj.grey_guardian.bone.axe] run data modify entity @s {} merge value {transformation:[-0.000003437925342758151f,-0.00000871044740411607f,0.0000035083864322148004f,0.4983095320784505f,0.0000070220444619806525f,-0.000004865225042453139f,-0.000005198122436058401f,2.0987933449721057f,0.000006234706160805666f,6.765288659137081e-7f,0.000007789142942711823f,0.3356000094800755f,0f,0f,0f,1f],start_interpolation:0}
execute if entity @s[tag=aj.grey_guardian.bone.left_arm_2] run data modify entity @s {} merge value {transformation:[-0.3437925342758151f,-0.871044740411607f,0.35083864322148f,0.20805209218754275f,0.7022044461980652f,-0.4865225042453139f,-0.5198122436058401f,1.6686612035937456f,0.6234706160805665f,0.06765288659137081f,0.7789142942711823f,0.7340688464524511f,0f,0f,0f,1f],start_interpolation:0}
execute if entity @s[tag=aj.grey_guardian.bone.left_arm] run data modify entity @s {} merge value {transformation:[-0.3474475904444804f,-0.871044740411607f,0.34721928531635593f,-0.03725743246416105f,0.7076093054787617f,-0.4865225042453139f,-0.5124304086046545f,1.2712312201275793f,0.6152798084564365f,0.06765288659137081f,0.7854004356006342f,0.7224772931813012f,0f,0f,0f,1f],start_interpolation:0}
execute if entity @s[tag=aj.grey_guardian.bone.left_shoulder] run data modify entity @s {} merge value {transformation:[-0.3474475904444804f,-0.6019063048178703f,-0.719019451833413f,-0.14161663565985888f,0.7076093054787617f,0.3348365998079521f,-0.6222326913855571f,1.21875f,0.6152798084564365f,-0.7249781042552571f,0.3095763325195653f,0.47882590578734774f,0f,0f,0f,1f],start_interpolation:0}
execute if entity @s[tag=aj.grey_guardian.bone.right_arm_2] run data modify entity @s {} merge value {transformation:[-0.3149964074918469f,-0.00020334534639141643f,-0.949092841569201f,0.33334499367522563f,-0.0013748305908310118f,0.9999990256274728f,0.00024204328460064042f,0.590616875f,0.9490918675808349f,0.0013810846372347971f,-0.314996380133404f,-0.6457813768973371f,0f,0f,0f,1f],start_interpolation:0}
execute if entity @s[tag=aj.grey_guardian.bone.right_arm] run data modify entity @s {} merge value {transformation:[-0.31763566447022273f,0f,-0.9482128372135447f,0.22445111877590682f,0f,1f,0f,0.996866875f,0.9482128372135447f,0f,-0.31763566447022273f,-0.5174753501121097f,0f,0f,0f,1f],start_interpolation:0}
execute if entity @s[tag=aj.grey_guardian.bone.right_shoulder] run data modify entity @s {} merge value {transformation:[-0.31763566447022273f,0f,-0.9482128372135447f,0.12613963708365977f,0f,1f,0f,1.21875f,0.9482128372135447f,0f,-0.31763566447022273f,-0.3452431668107863f,0f,0f,0f,1f],start_interpolation:0}
execute if entity @s[tag=aj.grey_guardian.bone.upper_body] run data modify entity @s {} merge value {transformation:[-0.30901699437494756f,0f,-0.9510565162951536f,-0.002130625000000009f,0f,1f,0f,0.61783125f,0.9510565162951536f,0f,-0.30901699437494756f,0.07085375f,0f,0f,0f,1f],start_interpolation:0}