execute if entity @s[tag=aj.grey_guardian.bone.head] run data modify entity @s {} merge value {transformation:[-0.9912364715529955f,0.0665400446235303f,-0.11411695721787085f,0.08600594024385759f,0.03607073856381349f,0.9673795763230393f,0.2507501886988682f,1.199407869745107f,0.12707934247007957f,0.2444364493576103f,-0.9613020664405213f,0.20730340730614422f,0f,0f,0f,1f],start_interpolation:0}
execute if entity @s[tag=aj.grey_guardian.bone.sword] run data modify entity @s {} merge value {transformation:[-0.24762409435124072f,0.04246677535491822f,-0.9679250388783641f,-0.13193289873158315f,0.596950262669819f,0.7935677775773928f,-0.11790066280267938f,0.3308914561193886f,0.7631072610027779f,-0.6069981510530588f,-0.22185705493178748f,1.152105356556599f,0f,0f,0f,1f],start_interpolation:0}
execute if entity @s[tag=aj.grey_guardian.bone.axe] run data modify entity @s {} merge value {transformation:[-0.000005787237207543126f,-5.648225768113673e-7f,-0.00000813565368979977f,-0.1478925348582556f,0.000002579483229641463f,0.000009337041899010707f,-0.000002483126022600737f,0.27474848125218454f,0.000007736546501613422f,-0.0000035356221564022754f,-0.000005257872592173611f,1.1752020848039821f,0f,0f,0f,1f],start_interpolation:0}
execute if entity @s[tag=aj.grey_guardian.bone.left_arm_2] run data modify entity @s {} merge value {transformation:[-0.5787237207543126f,-0.056482257681136724f,-0.8135653689799769f,-0.5538055485986618f,0.25794832296414627f,0.9337041899010706f,-0.24831260226007368f,0.6359896886707632f,0.7736546501613422f,-0.3535622156402275f,-0.525787259217361f,0.8108123623421335f,0f,0f,0f,1f],start_interpolation:0}
execute if entity @s[tag=aj.grey_guardian.bone.left_arm] run data modify entity @s {} merge value {transformation:[-0.9492831761767485f,-0.056482257681136724f,-0.3093076235643498f,-0.41775884194807233f,0.05948623342150539f,0.9337041899010706f,-0.3530692195512195f,0.9646069287659153f,0.30874397072834636f,-0.3535622156402275f,-0.8829897622342329f,0.5078870879397265f,0f,0f,0f,1f],start_interpolation:0}
execute if entity @s[tag=aj.grey_guardian.bone.left_shoulder] run data modify entity @s {} merge value {transformation:[-0.9492831761767485f,0.13649837655041158f,-0.2832483797427373f,-0.2534675447341654f,0.05948623342150539f,0.9625510572306606f,0.2644935731874396f,1.1777447898076372f,0.30874397072834636f,0.2342299200000703f,-0.9218532991293433f,0.4835613364189606f,0f,0f,0f,1f],start_interpolation:0}
execute if entity @s[tag=aj.grey_guardian.bone.right_arm_2] run data modify entity @s {} merge value {transformation:[-0.3405344087904597f,0.07272409382423149f,-0.9374153415680672f,0.44714654765109263f,-0.0490325791434318f,0.9942740247169983f,0.09494719561737873f,0.6671117387789011f,0.9389526732547677f,0.0782966790515796f,-0.335018667296643f,-0.5824170284225412f,0f,0f,0f,1f],start_interpolation:0}
execute if entity @s[tag=aj.grey_guardian.bone.right_arm] run data modify entity @s {} merge value {transformation:[-0.1844997636439467f,0.0715730521749518f,-0.980223002901732f,0.3861310743464419f,-0.1495989836275124f,0.983678554969996f,0.09998322154119506f,1.0496052618899878f,0.9713804513747137f,0.16508724570511812f,-0.17078120503309163f,-0.37424596464210613f,0f,0f,0f,1f],start_interpolation:0}
execute if entity @s[tag=aj.grey_guardian.bone.right_shoulder] run data modify entity @s {} merge value {transformation:[-0.1844997636439467f,0.0715730521749518f,-0.980223002901732f,0.32836789177088505f,-0.1495989836275124f,0.983678554969996f,0.09998322154119506f,1.2426146136964373f,0.9713804513747137f,0.16508724570511812f,-0.17078120503309163f,-0.15522085555406495f,0f,0f,0f,1f],start_interpolation:0}
execute if entity @s[tag=aj.grey_guardian.bone.upper_body] run data modify entity @s {} merge value {transformation:[-0.6714951473120195f,0.0715730521749518f,-0.7375442802562912f,-0.002130625000000009f,-0.07486613776907088f,0.983678554969996f,0.16362017573539922f,0.61783125f,0.7372172872036787f,0.16508724570511812f,-0.6551769781925693f,0.07085375f,0f,0f,0f,1f],start_interpolation:0}