execute if entity @s[tag=aj.grey_guardian.bone.head] run data modify entity @s {} merge value {transformation:[-0.8191184337528794f,-0.2724756480349155f,-0.5047791722270074f,0.055761352942614716f,0.020774759553773947f,0.8653132585102254f,-0.5008007328388195f,1.21875f,0.5732481145644639f,-0.4207017778359972f,-0.7031334249443122f,0.08362491026142731f,0f,0f,0f,1f],start_interpolation:0}
execute if entity @s[tag=aj.grey_guardian.bone.sword] run data modify entity @s {} merge value {transformation:[-0.676299404927756f,-0.5669821010045986f,0.4702663203279333f,0.3615288291482678f,0.6119401281665027f,-0.7878181290677616f,-0.06979881841217522f,2.1009239036700755f,0.4100590133553066f,0.24056993297705057f,0.8797600314366925f,0.23089815974507477f,0f,0f,0f,1f],start_interpolation:0}
execute if entity @s[tag=aj.grey_guardian.bone.axe] run data modify entity @s {} merge value {transformation:[-0.0000028602714994284094f,-0.000008100540623119817f,0.000005118602207902387f,0.41383278956258085f,0.00000686508188944658f,-0.000005459029577464358f,-0.000004803087207574095f,2.1350727782963963f,0.000006685020388955457f,0.000002140148986765858f,0.0000071225181441464196f,0.23709110368980085f,0f,0f,0f,1f],start_interpolation:0}
execute if entity @s[tag=aj.grey_guardian.bone.left_arm_2] run data modify entity @s {} merge value {transformation:[-0.2860271499428409f,-0.8100540623119817f,0.5118602207902386f,0.22565259892740863f,0.6865081889446579f,-0.5459029577464357f,-0.4803087207574095f,1.6922460892460136f,0.6685020388955456f,0.21401489867658577f,0.7122518144146419f,0.6804117481606632f,0f,0f,0f,1f],start_interpolation:0}
execute if entity @s[tag=aj.grey_guardian.bone.left_arm] run data modify entity @s {} merge value {transformation:[-0.30196393088750195f,-0.8100540623119817f,0.5026233187734371f,0.012878985065534587f,0.7012563001058177f,-0.5459029577464357f,-0.45850797406980015f,1.2778810170386454f,0.6457998033484271f,0.21401489867658577f,0.7328985176268156f,0.7163379910583099f,0f,0f,0f,1f],start_interpolation:0}
execute if entity @s[tag=aj.grey_guardian.bone.left_shoulder] run data modify entity @s {} merge value {transformation:[-0.30196393088750195f,-0.6928728541644041f,-0.654786218856995f,-0.11645036185094393f,0.7012563001058177f,0.3038476383914016f,-0.6449156644134699f,1.21875f,0.6457998033484271f,-0.653914230313151f,0.39413042687553596f,0.48658037271486665f,0f,0f,0f,1f],start_interpolation:0}
execute if entity @s[tag=aj.grey_guardian.bone.right_arm_2] run data modify entity @s {} merge value {transformation:[-0.26861226409933303f,-0.00043052108806470744f,-0.9632482889821414f,0.2946130066314412f,-0.004124353711119191f,0.9999912475855266f,0.0007031776501157792f,0.590616875f,0.9632395555010684f,0.004161658796054354f,-0.26861168871471225f,-0.6614526670731653f,0f,0f,0f,1f],start_interpolation:0}
execute if entity @s[tag=aj.grey_guardian.bone.right_arm] run data modify entity @s {} merge value {transformation:[-0.2766438353919841f,0f,-0.9609725221563897f,0.1913266247166693f,0f,1f,0f,0.996866875f,0.9609725221563897f,0f,-0.2766438353919841f,-0.5285909501982284f,0f,0f,0f,1f],start_interpolation:0}
execute if entity @s[tag=aj.grey_guardian.bone.right_shoulder] run data modify entity @s {} merge value {transformation:[-0.2766438353919841f,0f,-0.9609725221563897f,0.1004982781121384f,0f,1f,0f,1.21875f,0.9609725221563897f,0f,-0.2766438353919841f,-0.3522977743508553f,0f,0f,0f,1f],start_interpolation:0}
execute if entity @s[tag=aj.grey_guardian.bone.upper_body] run data modify entity @s {} merge value {transformation:[-0.2503800040544415f,0f,-0.9681476403781079f,-0.002130625000000009f,0f,1f,0f,0.61783125f,0.9681476403781079f,0f,-0.2503800040544415f,0.07085375f,0f,0f,0f,1f],start_interpolation:0}