execute if entity @s[tag=aj.grey_guardian.bone.head] run data modify entity @s {} merge value {transformation:[-0.9870261195250554f,-0.16040952257424362f,0.006944382104558472f,-0.006635023414992853f,-0.1355061925855705f,0.8554321730861882f,0.49987385310696547f,1.2036832404225195f,-0.08612497399867924f,0.49244754270535757f,-0.8660703819766508f,0.21705595059556218f,0f,0f,0f,1f],start_interpolation:0}
execute if entity @s[tag=aj.grey_guardian.bone.sword] run data modify entity @s {} merge value {transformation:[-0.7543225360124356f,0.6421432712475719f,-0.13656328516565117f,-1.0170946048070502f,0.30663222998171924f,0.5285454100661271f,0.7915910718511594f,0.15974690017186344f,0.5804947779267319f,0.5552402801395957f,-0.5955955373492128f,0.20971054265302191f,0f,0f,0f,1f],start_interpolation:0}
execute if entity @s[tag=aj.grey_guardian.bone.axe] run data modify entity @s {} merge value {transformation:[-0.000009600981303924808f,0.000002765237150226762f,-4.178773799717628e-7f,-1.046336209279982f,0.0000022893132727414504f,0.000008629326233524802f,0.000004504861096043972f,0.11779080378236861f,0.0000016063009496778986f,0.0000042294434927548625f,-0.000008918049394383139f,0.17331250683276395f,0f,0f,0f,1f],start_interpolation:0}
execute if entity @s[tag=aj.grey_guardian.bone.left_arm_2] run data modify entity @s {} merge value {transformation:[-0.9600981303924807f,0.27652371502267614f,-0.04178773799717628f,-0.9734974120197732f,0.22893132727414503f,0.8629326233524801f,0.45048610960439717f,0.7450510104159898f,0.16063009496778985f,0.4229443492754862f,-0.8918049394383137f,0.002199686493351491f,0f,0f,0f,1f],start_interpolation:0}
execute if entity @s[tag=aj.grey_guardian.bone.left_arm] run data modify entity @s {} merge value {transformation:[-0.8873006851864033f,0.27652371502267614f,0.3690963683075153f,-0.6405567858296883f,0.39829161056959295f,0.8629326233524801f,0.31098405184813954f,1.0487282859268765f,-0.23251083204362527f,0.4229443492754862f,-0.8758177837874249f,0.12545702104362957f,0f,0f,0f,1f],start_interpolation:0}
execute if entity @s[tag=aj.grey_guardian.bone.left_shoulder] run data modify entity @s {} merge value {transformation:[-0.8873006851864033f,0.2289244158155075f,0.40036371702649054f,-0.443048568451908f,0.39829161056959295f,0.8180246875314896f,0.41496915974429766f,1.1835642321708715f,-0.23251083204362527f,0.527663929440451f,-0.8170125400199458f,0.2512381484255095f,0f,0f,0f,1f],start_interpolation:0}
execute if entity @s[tag=aj.grey_guardian.bone.right_arm_2] run data modify entity @s {} merge value {transformation:[-0.8786501588740039f,0.008184202118372907f,-0.47739597520965055f,0.7651212011520565f,-0.044156777156163715f,0.9941752668381879f,0.09831438266295947f,0.6505537081471873f,0.4754198958203879f,0.10746421563899095f,-0.8731708681668371f,-0.1541346298617401f,0f,0f,0f,1f],start_interpolation:0}
execute if entity @s[tag=aj.grey_guardian.bone.right_arm] run data modify entity @s {} merge value {transformation:[-0.8167504411615972f,-0.033874473320946015f,-0.575995865366727f,0.5877426983485021f,-0.11339270164294392f,0.9882311892542495f,0.10267040371619335f,1.0407219193822783f,0.5657391731853562f,0.14916982483853877f,-0.8109793778396521f,-0.055823853825850075f,0f,0f,0f,1f],start_interpolation:0}
execute if entity @s[tag=aj.grey_guardian.bone.right_shoulder] run data modify entity @s {} merge value {transformation:[-0.8167504411615972f,-0.033874473320946015f,-0.575995865366727f,0.3991524927643924f,-0.11339270164294392f,0.9882311892542495f,0.10267040371619335f,1.2418884857909815f,0.5657391731853562f,0.14916982483853877f,-0.8109793778396521f,0.05609996166534599f,0f,0f,0f,1f],start_interpolation:0}
execute if entity @s[tag=aj.grey_guardian.bone.upper_body] run data modify entity @s {} merge value {transformation:[-0.9719826091459968f,-0.033874473320946015f,-0.23259907045164419f,-0.002130625000000009f,-0.0673119078338559f,0.9882311892542495f,0.13736165275977977f,0.61783125f,0.22520860237012907f,0.14916982483853877f,-0.9628236851968967f,0.07085375f,0f,0f,0f,1f],start_interpolation:0}