execute if entity @s[tag=aj.grey_guardian.bone.head] run data modify entity @s {} merge value {transformation:[-0.9930645839104985f,-0.11746550163517153f,-0.004958639759641614f,0.008025419853443955f,-0.10581168905289468f,0.8745657613805428f,0.47322152896993686f,1.2020513553251237f,-0.051250547728213636f,0.47046422281239286f,-0.8809295070612001f,0.2231746318019703f,0f,0f,0f,1f],start_interpolation:0}
execute if entity @s[tag=aj.grey_guardian.bone.sword] run data modify entity @s {} merge value {transformation:[-0.6562516018949047f,0.6652549675227499f,-0.3560472766314558f,-0.9089074197299516f,0.3231051871906458f,0.6741825239155629f,0.6641392643545023f,0.135660931186511f,0.681862796331395f,0.3208017341492194f,-0.6573806921000829f,0.4382089014905076f,0f,0f,0f,1f],start_interpolation:0}
execute if entity @s[tag=aj.grey_guardian.bone.axe] run data modify entity @s {} merge value {transformation:[-0.000009290576942435269f,0.000002812525704328426f,-0.0000024030978421991136f,-0.9409738455837406f,0.0000018819850110317911f,0.000009185956333673797f,0.0000034751026825246376f,0.08834626604355289f,0.0000031848567463768f,0.000002776311473579677f,-0.000009063596532653472f,0.41226146879781245f,0f,0f,0f,1f],start_interpolation:0}
execute if entity @s[tag=aj.grey_guardian.bone.left_arm_2] run data modify entity @s {} merge value {transformation:[-0.9290576942435268f,0.2812525704328426f,-0.24030978421991134f,-0.9501757332391935f,0.1881985011031791f,0.9185956333673797f,0.3475102682524637f,0.6964488907488328f,0.31848567463767996f,0.2776311473579677f,-0.9063596532653472f,0.17108315802546917f,0f,0f,0f,1f],start_interpolation:0}
execute if entity @s[tag=aj.grey_guardian.bone.left_arm] run data modify entity @s {} merge value {transformation:[-0.9347149532380841f,0.2812525704328426f,0.21726699661486853f,-0.6222893238696141f,0.32773545525262077f,0.9185956333673797f,0.22084278056739834f,1.0272117815807014f,-0.13746791466914648f,0.2776311473579677f,-0.950801513699476f,0.20780006624593375f,0f,0f,0f,1f],start_interpolation:0}
execute if entity @s[tag=aj.grey_guardian.bone.left_shoulder] run data modify entity @s {} merge value {transformation:[-0.9347149532380841f,0.22870776172535523f,0.2720307260581137f,-0.42181997472961574f,0.32773545525262077f,0.8507592052394038f,0.4108506371794687f,1.1798173157176886f,-0.13746791466914648f,0.4731823479664009f,-0.8701729931510862f,0.3054459127672733f,0f,0f,0f,1f],start_interpolation:0}
execute if entity @s[tag=aj.grey_guardian.bone.right_arm_2] run data modify entity @s {} merge value {transformation:[-0.8047654057951384f,0.01916989700960949f,-0.5932833696337921f,0.729046291606842f,-0.05039920882856269f,0.9936626379438119f,0.1004712979113932f,0.6579485733506518f,0.5914495425518906f,0.11075683727511348f,-0.7986991684057104f,-0.24992410866978648f,0f,0f,0f,1f],start_interpolation:0}
execute if entity @s[tag=aj.grey_guardian.bone.right_arm] run data modify entity @s {} merge value {transformation:[-0.7227375110740577f,-0.019821172060060396f,-0.6908383394287274f,0.5648888081378255f,-0.12680353238334405f,0.9864231059543063f,0.10435669702786528f,1.0453922017739328f,0.6793904284441917f,0.16302324121923517f,-0.7154383750965506f,-0.12225606092360164f,0f,0f,0f,1f],start_interpolation:0}
execute if entity @s[tag=aj.grey_guardian.bone.right_shoulder] run data modify entity @s {} merge value {transformation:[-0.7227375110740577f,-0.019821172060060396f,-0.6908383394287274f,0.39328312581441843f,-0.12680353238334405f,0.9864231059543063f,0.10435669702786528f,1.2436135864226459f,0.6793904284441917f,0.16302324121923517f,-0.7154383750965506f,0.018530891665393824f,0f,0f,0f,1f],start_interpolation:0}
execute if entity @s[tag=aj.grey_guardian.bone.upper_body] run data modify entity @s {} merge value {transformation:[-0.9407089053599593f,-0.019821172060060396f,-0.33863531492541127f,-0.002130625000000009f,-0.07362715212450091f,0.9864231059543063f,0.14679406837299336f,0.61783125f,0.3311280686479215f,0.16302324121923517f,-0.9293963766745986f,0.07085375f,0f,0f,0f,1f],start_interpolation:0}