execute if entity @s[tag=aj.grey_guardian.bone.head] run data modify entity @s {} merge value {transformation:[-0.998778560685767f,-0.030489646007468965f,-0.03888146346019977f,0.04126308404304627f,-0.043457443879191704f,0.9165216476406771f,0.3976173034181302f,1.1999397960221234f,0.023512492125559836f,0.39882132702797846f,-0.9167271741481691f,0.22540003565446287f,0f,0f,0f,1f],start_interpolation:0}
execute if entity @s[tag=aj.grey_guardian.bone.sword] run data modify entity @s {} merge value {transformation:[-0.45097678092170534f,0.5091919439335034f,-0.7330371800275319f,-0.6094748050224422f,0.4096577328902729f,0.8477659952852746f,0.33685806969875226f,0.15774303580096294f,0.7929694098467468f,-0.14837918139411488f,-0.5909171968864289f,0.8183729313440744f,0f,0f,0f,1f],start_interpolation:0}
execute if entity @s[tag=aj.grey_guardian.bone.axe] run data modify entity @s {} merge value {transformation:[-0.000007981324028944559f,0.000001967124495798198f,-0.000005694636771825128f,-0.639708020587536f,0.0000016859473014294681f,0.000009803567064436185f,0.0000010235499547676128f,0.10287096018376063f,0.000005784120368888851f,-1.4315736492677367e-7f,-0.000008156191361602076f,0.81447287211076f,0f,0f,0f,1f],start_interpolation:0}
execute if entity @s[tag=aj.grey_guardian.bone.left_arm_2] run data modify entity @s {} merge value {transformation:[-0.7981324028944559f,0.19671244957981976f,-0.5694636771825128f,-0.826444726641695f,0.1685947301429468f,0.9803567064436185f,0.10235499547676126f,0.6343344074969595f,0.5784120368888851f,-0.014315736492677367f,-0.8156191361602075f,0.48173204011250903f,0f,0f,0f,1f],start_interpolation:0}
execute if entity @s[tag=aj.grey_guardian.bone.left_arm] run data modify entity @s {} merge value {transformation:[-0.9786585459105084f,0.19671244957981976f,-0.059427793974172013f,-0.5542401918277463f,0.19721484084438495f,0.9803567064436185f,-0.0026522974465145177f,0.9922549599099513f,0.05773869644401097f,-0.014315736492677367f,-0.9982290832377199f,0.35500679346804354f,0f,0f,0f,1f],start_interpolation:0}
execute if entity @s[tag=aj.grey_guardian.bone.left_shoulder] run data modify entity @s {} merge value {transformation:[-0.9786585459105084f,0.2044644697668106f,0.020536093087701823f,-0.3606377561963879f,0.19721484084438495f,0.9064515988048266f,0.3734324645433193f,1.1756917890186807f,0.05773869644401097f,0.3695128950755988f,-0.9274300314879802f,0.3983674551426456f,0f,0f,0f,1f],start_interpolation:0}
execute if entity @s[tag=aj.grey_guardian.bone.right_arm_2] run data modify entity @s {} merge value {transformation:[-0.6217374960132109f,0.043306267462643856f,-0.7820275271687541f,0.6260265475937958f,-0.056201504200943775f,0.9934295541180219f,0.09969509481624281f,0.6673455092242911f,0.7812066800641004f,0.10593530196927887f,-0.6152185260701306f,-0.4178043786258691f,0f,0f,0f,1f],start_interpolation:0}
execute if entity @s[tag=aj.grey_guardian.bone.right_arm] run data modify entity @s {} merge value {transformation:[-0.5018559417945623f,0.016809727651607355f,-0.8647878622770857f,0.5003912671545432f,-0.14481786325160526f,0.9840649772214316f,0.10316931273117386f,1.0509421971331327f,0.8527416960420853f,0.17701286298589203f,-0.49142450709015884f,-0.2433660447244096f,0f,0f,0f,1f],start_interpolation:0}
execute if entity @s[tag=aj.grey_guardian.bone.right_shoulder] run data modify entity @s {} merge value {transformation:[-0.5018559417945623f,0.016809727651607355f,-0.8647878622770857f,0.37318432410120633f,-0.14481786325160526f,0.9840649772214316f,0.10316931273117386f,1.2450901150024902f,0.8527416960420853f,0.17701286298589203f,-0.49142450709015884f,-0.05712380144150242f,0f,0f,0f,1f],start_interpolation:0}
execute if entity @s[tag=aj.grey_guardian.bone.upper_body] run data modify entity @s {} merge value {transformation:[-0.8469026377460398f,0.016809727651607355f,-0.5314822247592849f,-0.002130625000000009f,-0.08009247324230533f,0.9840649772214316f,0.15874922467878072f,0.61783125f,0.5256815746330955f,0.17701286298589203f,-0.8320608922601801f,0.07085375f,0f,0f,0f,1f],start_interpolation:0}