# This file was generated by Animated Java via MC-Build. It is not recommended to edit this file directly.
$data merge entity $(bone_head) { transformation: [0.2345137706977316f,0.37389165266558805f,-0.8973340088395887f,0f,0f,0.9230760164969143f,0.3846175604001831f,1.625f,0.9721127976490854f,-0.09019811436600948f,0.21647403726933284f,0f,0f,0f,0f,1f], start_interpolation: 0, interpolation_duration: 1 }
$data merge entity $(bone_bust) { transformation: [0.5219472934339583f,-0.42648886939666f,-0.7387003906576225f,0.06130777497576989f,0f,0.8660254037844387f,-0.49999999999999994f,1.515625f,0.8529777387933201f,0.2609736467169791f,0.45201961555033865f,-0.03751496171556579f,0f,0f,0f,1f], start_interpolation: 0, interpolation_duration: 1 }
$data merge entity $(bone_left_wing) { transformation: [0.8086368702657374f,0f,-0.5883080927939313f,-0.13924392318878742f,0f,1f,0f,1.40625f,0.5883080927939313f,0f,0.8086368702657374f,0.011932303004662304f,0f,0f,0f,1f], start_interpolation: 0, interpolation_duration: 1 }
$data merge entity $(bone_right_wing) { transformation: [0.15579597264085615f,0f,-0.9877892563238828f,-0.07400051150954268f,0f,1f,0f,1.40625f,0.9877892563238828f,0f,0.15579597264085615f,0.1185545203538273f,0f,0f,0f,1f], start_interpolation: 0, interpolation_duration: 1 }
$data merge entity $(bone_body) { transformation: [0.5219472934339583f,0f,-0.8529777387933201f,0.16551522267968088f,0f,1f,0f,0.34375f,0.8529777387933201f,0f,0.5219472934339583f,-0.6874625161136392f,0f,0f,0f,1f], start_interpolation: 0, interpolation_duration: 1 }
$data merge entity $(bone_right_ring) { transformation: [0.4072780585733843f,-0.7145893933128876f,0.5687588082565522f,0.580751164108551f,0.8065710116739113f,-0.01072018416780926f,-0.5910399993052339f,1.5040500354632784f,0.4284481136987507f,0.699461990830186f,0.572000994100408f,0.08970609566802651f,0f,0f,0f,1f], start_interpolation: 0, interpolation_duration: 1 }
$data merge entity $(bone_sword) { transformation: [-0.01623407047416139f,-0.7144724898675049f,0.6994751719527774f,0.7456217294995257f,0.9997287091612579f,-0.023284551422422924f,-0.0005811573118818616f,1.5359835160832915f,0.016702186521667557f,0.6992759761979418f,0.7146566630752216f,-0.04964087555632979f,0f,0f,0f,1f], start_interpolation: 0, interpolation_duration: 1 }
$data merge entity $(bone_right_hand) { transformation: [-0.004813168782740701f,-0.7145893933128876f,0.6995275779917383f,0.5346772818401377f,0.9999342507209585f,-0.01072018416780926f,-0.00407085820474618f,1.5019933637303633f,0.010408056561325402f,0.699461990830186f,0.7145940076312485f,0.2659902199506726f,0f,0f,0f,1f], start_interpolation: 0, interpolation_duration: 1 }
$data merge entity $(bone_right_arm) { transformation: [-0.004813168782740701f,-0.941813511827119f,0.3361013870041858f,0.17941938211792316f,0.9999342507209585f,-0.008031157646592568f,-0.008185031580297986f,1.5f,0.010408056561325402f,0.3360398926418176f,0.941790243584999f,0.29321109771020376f,0f,0f,0f,1f], start_interpolation: 0, interpolation_duration: 1 }
$data merge entity $(bone_left_ring) { transformation: [-0.348415532831888f,-0.012887654706513041f,-0.9372515803334966f,-0.2966928039429292f,-0.3303533822429845f,0.9374353977031666f,0.10991595868538095f,1.0745586018543525f,0.8771962490355804f,0.34792065688784785f,-0.33087453390769794f,-0.4259452677553217f,0f,0f,0f,1f], start_interpolation: 0, interpolation_duration: 1 }
$data merge entity $(bone_left_hand) { transformation: [0.26902856944264364f,-0.012887654706513041f,-0.9630459683627828f,-0.38899205952483273f,-0.3318684798906732f,0.9374353977031666f,-0.10525296759787664f,1.2111654170331714f,0.9041498442618339f,0.34792065688784785f,0.24791989761217223f,-0.3483401747154543f,0f,0f,0f,1f], start_interpolation: 0, interpolation_duration: 1 }
$data merge entity $(bone_left_arm) { transformation: [0.26902856944264364f,0.33291964285744813f,-0.9037633209105764f,-0.17941938211792316f,-0.3318684798906732f,0.9129362439434612f,0.23750942412767337f,1.53125f,0.9041498442618339f,0.23603373888932566f,0.35609146750129683f,-0.29321109771020376f,0f,0f,0f,1f], start_interpolation: 0, interpolation_duration: 1 }
$data merge entity $(bone_leftfoot) { transformation: [0.49222917213890616f,0.2798702812014911f,-0.8242469701464757f,0.08077661380147486f,0.00010585548771599451f,0.9468842503202217f,0.32157457189604893f,0.44909774153444265f,0.8704656402696563f,-0.15837563637033863f,0.4660544248413778f,-0.1689919930099607f,0f,0f,0f,1f], start_interpolation: 0, interpolation_duration: 1 }
$data merge entity $(bone_leftleg) { transformation: [0.48911522019480796f,-0.08206170400066455f,-0.8683502623425018f,-0.08009989823035008f,0.04361932092922671f,0.996619900897166f,-0.06961413633304712f,0.84375f,0.8711278070498367f,-0.003827515150886064f,0.49104143808064926f,-0.09842520982191279f,0f,0f,0f,1f], start_interpolation: 0, interpolation_duration: 1 }
$data merge entity $(bone_rightfoot) { transformation: [0.4709659703970706f,0.2773757714742076f,-0.8374089419913271f,0.3387466502663322f,0.0613173048467785f,0.9366910236926098f,0.3447464492348218f,0.5449909199686812f,0.880017751442704f,-0.2137115053823228f,0.42414166219902116f,-0.0029231246011844764f,0f,0f,0f,1f], start_interpolation: 0, interpolation_duration: 1 }
$data merge entity $(bone_rightleg) { transformation: [0.487940997731575f,-0.3785155322162456f,-0.7865364420061968f,0.04191438729836375f,0.021814885034561134f,0.9060921103260677f,-0.42251769003886924f,0.84375f,0.8726039729015929f,0.18900550117894827f,0.45037676116830294f,0.1197777097894377f,0f,0f,0f,1f], start_interpolation: 0, interpolation_duration: 1 }
$data merge entity $(bone_skirt_right_back) { transformation: [0.48144662928298654f,-0.12321147642077354f,-0.8677719027660804f,-0.08310919973464409f,0.04820144912619375f,0.9922935873711447f,-0.11414927404166605f,0.9063429853409816f,0.8751489950026712f,0.013128919998140462f,0.48367537461141946f,0.24978816526811476f,0f,0f,0f,1f], start_interpolation: 0, interpolation_duration: 1 }
$data merge entity $(bone_skirt_right) { transformation: [0.48144662928298654f,-0.29013790239742737f,-0.8270605423694637f,0.1826804038717001f,0.04820144912619375f,0.9509575257014398f,-0.30554280324355637f,0.9343483486820854f,0.8751489950026712f,0.10723703606598108f,0.47182036268223737f,0.13773477960344516f,0f,0f,0f,1f], start_interpolation: 0, interpolation_duration: 1 }
$data merge entity $(bone_skirt_left_back) { transformation: [0.48873661013274927f,0.11872605164391516f,-0.8643151338354521f,-0.24781090081465323f,-0.029067001118295903f,0.9923629064460007f,0.11987898629883148f,0.9235980969366091f,0.8719470370165484f,-0.033466200428086026f,0.4884550931938054f,-0.05628309813575913f,0f,0f,0f,1f], start_interpolation: 0, interpolation_duration: 1 }
$data merge entity $(bone_skirt_left) { transformation: [0.48873661013274927f,-0.016252797193153513f,-0.8722799851534754f,-0.016739374232314613f,-0.029067001118295903f,0.9989680348118759f,-0.03489949670250097f,0.871886421993392f,0.8719470370165484f,0.042411225017642586f,0.4877598308907416f,-0.22336459704415002f,0f,0f,0f,1f], start_interpolation: 0, interpolation_duration: 1 }
$data merge entity $(bone_skirt_back_middle) { transformation: [0.4880571421148553f,0.04567943381144893f,-0.8716155203742906f,-0.11031780701092048f,0f,0.9986295347545739f,0.05233595624294385f,0.9267140837784134f,0.872811678445402f,-0.02554293723377929f,0.4873882767638049f,0.06168729743628883f,0f,0f,0f,1f], start_interpolation: 0, interpolation_duration: 1 }
$data merge entity $(bone_skirt_front_middle) { transformation: [0.4880571421148553f,-0.10636898616848586f,-0.8663058725485868f,0.1622696883495406f,0f,0.9925461516413221f,-0.12186934340514749f,0.9376201764979448f,0.872811678445402f,0.05947920345373017f,0.4844192381871615f,-0.09073764971706791f,0f,0f,0f,1f], start_interpolation: 0, interpolation_duration: 1 }
$data merge entity $(bone_lower) { transformation: [0.4880571421148553f,0f,-0.872811678445402f,0f,0f,1f,0f,0.9375f,0.872811678445402f,0f,0.4880571421148553f,0f,0f,0f,0f,1f], start_interpolation: 0, interpolation_duration: 1 }
data modify entity @s data merge value {"locators":{"locator_right_hand":{"posx":0.7817294309778007,"posy":1.5070650872604747,"posz":-0.10701758925296329,"roty":135.61042146478854,"rotx":-0.23324363834570802},"locator_left_hand":{"posx":-0.2930681510567224,"posy":0.8109048962503369,"posz":-0.5237979525050289,"roty":255.5636303111283,"rotx":-6.041741296551751}},"cameras":{}}