# This file was generated by Animated Java via MC-Build. It is not recommended to edit this file directly.
$data merge entity $(bone_head) { transformation: [-0.6087614290087207f,0.20533495396307266f,-0.7663204807600037f,0f,1.3877787807814457e-17f,0.9659258262890683f,0.25881904510252074f,1.625f,0.7933533402912352f,0.15755905175128304f,-0.5880183863281624f,0f,0f,0f,0f,1f], start_interpolation: 0, interpolation_duration: 1 }
$data merge entity $(bone_bust) { transformation: [-0.9238795325112867f,-0.1913417161825449f,-0.33141357403559185f,0.02750537170124079f,0f,0.8660254037844387f,-0.49999999999999994f,1.515625f,0.38268343236508984f,-0.4619397662556433f,-0.8001031451912656f,0.06640384139924876f,0f,0f,0f,1f], start_interpolation: 0, interpolation_duration: 1 }
$data merge entity $(bone_left_wing) { transformation: [-0.7071067811865475f,0f,-0.7071067811865476f,0.009907041736319178f,0f,1f,0f,1.40625f,0.7071067811865476f,0f,-0.7071067811865475f,-0.13940265608672897f,0f,0f,0f,1f], start_interpolation: 0, interpolation_duration: 1 }
$data merge entity $(bone_right_wing) { transformation: [-1f,0f,-1.1102230246251565e-16f,-0.10557789982759158f,0f,1f,0f,1.40625f,1.1102230246251565e-16f,0f,-1f,-0.09156722704109277f,0f,0f,0f,1f], start_interpolation: 0, interpolation_duration: 1 }
$data merge entity $(bone_body) { transformation: [-0.9238795325112867f,0f,-0.38268343236508984f,0.6532814824381883f,0f,1f,0f,0.34375f,0.38268343236508984f,0f,-0.9238795325112867f,0.27059805007309845f,0f,0f,0f,1f], start_interpolation: 0, interpolation_duration: 1 }
$data merge entity $(bone_right_ring) { transformation: [0.25027181110576646f,0.22379394368656202f,-0.9419555676012831f,-0.6072427204303248f,0.9527729338984343f,0.1159234646677977f,0.28068752514136336f,1.5495754880826378f,0.17201092115446948f,-0.9677179450173639f,-0.18421243686288152f,0.27839468789637234f,0f,0f,0f,1f], start_interpolation: 0, interpolation_duration: 1 }
$data merge entity $(bone_sword) { transformation: [-0.18559762205900726f,0.33521510994197434f,-0.9236797890787867f,-0.6600116435667975f,0.6384671875013589f,0.7556824704558242f,0.14595771418423661f,1.5471126581299226f,0.7469358561283201f,-0.5626498324112186f,-0.354276718000888f,0.45965115390418415f,0f,0f,0f,1f], start_interpolation: 0, interpolation_duration: 1 }
$data merge entity $(bone_right_hand) { transformation: [0.25027181110576624f,0.22379394368656202f,-0.9419555676012832f,-0.6605832511919197f,0.9527729338984344f,0.1159234646677977f,0.28068752514136314f,1.594002984918984f,0.17201092115446942f,-0.9677179450173639f,-0.18421243686288158f,0.10991884303151411f,0f,0f,0f,1f], start_interpolation: 0, interpolation_duration: 1 }
$data merge entity $(bone_right_arm) { transformation: [0.25027181110576624f,0.9558957039543705f,-0.15371214567306735f,-0.3175835893007548f,0.9527729338984344f,-0.2149594701586266f,0.21451378188753292f,1.5f,0.17201092115446942f,-0.20013952470889218f,-0.9645498502684502f,0.13154742987549964f,0f,0f,0f,1f], start_interpolation: 0, interpolation_duration: 1 }
$data merge entity $(bone_left_ring) { transformation: [-0.42369660648553636f,-0.8054669220655037f,0.414372082929056f,0.7541793896863308f,-0.9026628476741618f,0.3373908735554022f,-0.2671463678777899f,1.3424102402434763f,0.07537220363909633f,-0.48722729387817176f,-0.8700164337636043f,0.06116981908313707f,0f,0f,0f,1f], start_interpolation: 0, interpolation_duration: 1 }
$data merge entity $(bone_left_hand) { transformation: [-0.42369660648553625f,-0.8054669220655037f,0.4143720829290561f,0.6671725658881948f,-0.9026628476741619f,0.3373908735554022f,-0.26714636787778967f,1.3700825922479651f,0.07537220363909612f,-0.48722729387817176f,-0.8700164337636043f,-0.09652348625066517f,0f,0f,0f,1f], start_interpolation: 0, interpolation_duration: 1 }
$data merge entity $(bone_left_arm) { transformation: [-0.42369660648553625f,-0.8651850267216687f,0.26820897671268595f,0.3175835893007548f,-0.9026628476741619f,0.3786546280252392f,-0.20450050392074945f,1.53125f,0.07537220363909612f,-0.32874844822704963f,-0.9414050609099642f,-0.13154742987549964f,0f,0f,0f,1f], start_interpolation: 0, interpolation_duration: 1 }
$data merge entity $(bone_leftfoot) { transformation: [-0.9998875483333777f,-0.0018935883310819209f,-0.01487632384360917f,0.11048353533534279f,0.0020158518252171506f,0.9660209981339184f,-0.25845573606667477f,0.5007754165496064f,0.014860249973883789f,-0.25845666075297863f,-0.9659085502691926f,0.2403635087771603f,0f,0f,0f,1f], start_interpolation: 0, interpolation_duration: 1 }
$data merge entity $(bone_leftleg) { transformation: [-0.9990466999447866f,0.041076218272120435f,-0.014779567716709586f,0.125f,0.043619320929226706f,0.9528321163163349f,-0.3003469875956934f,0.84375f,0.0017453283658984305f,-0.3007053415032656f,-0.953715498154612f,-0.021875000000000012f,0f,0f,0f,1f], start_interpolation: 0, interpolation_duration: 1 }
$data merge entity $(bone_rightfoot) { transformation: [-0.9252772993831528f,0.3789012406556998f,0.017197938126153223f,-0.25680455583391165f,0.37884309944697625f,0.9254370410412605f,-0.006647486006368664f,0.5729888465701781f,-0.018434349666532412f,0.0003645522841491111f,-0.9998300064781033f,0.2970886842256148f,0f,0f,0f,1f], start_interpolation: 0, interpolation_duration: 1 }
$data merge entity $(bone_rightleg) { transformation: [-0.9396926207859084f,0.30997551921944455f,-0.1445439584525991f,-0.125f,0.3420201433256687f,0.8516507396391465f,-0.39713126196710286f,0.84375f,1.1507915602278503e-16f,-0.4226182617406995f,-0.9063077870366499f,-0.021874999999999985f,0f,0f,0f,1f], start_interpolation: 0, interpolation_duration: 1 }
$data merge entity $(bone_skirt_right_back) { transformation: [-0.8837804618518506f,0.465965842462946f,0.04251974725614662f,-0.1969253164974043f,0.4190780399360754f,0.8287022828362256f,-0.37097994941150897f,0.8660961453166582f,-0.20810019628118293f,-0.3100457386899963f,-0.9276669381992159f,-0.19499443517336523f,0f,0f,0f,1f], start_interpolation: 0, interpolation_duration: 1 }
$data merge entity $(bone_skirt_right) { transformation: [-0.8837804618518506f,0.465965842462946f,0.04251974725614662f,-0.265625f,0.4190780399360754f,0.8287022828362256f,-0.37097994941150897f,0.9317365521593834f,-0.20810019628118293f,-0.3100457386899963f,-0.9276669381992159f,0.07878661872950204f,0f,0f,0f,1f], start_interpolation: 0, interpolation_duration: 1 }
$data merge entity $(bone_skirt_left_back) { transformation: [-0.9659258262890683f,-0.2588190451025208f,-1.1507915602278503e-16f,0.15676362760955903f,-0.24321034680169396f,0.9076733711903687f,-0.34202014332566866f,0.825941860411765f,0.08852132690137697f,-0.33036608954935204f,-0.9396926207859084f,-0.182007261039847f,0f,0f,0f,1f], start_interpolation: 0, interpolation_duration: 1 }
$data merge entity $(bone_skirt_left) { transformation: [-0.9659258262890683f,-0.2588190451025208f,-1.1507915602278503e-16f,0.203125f,-0.24321034680169396f,0.9076733711903687f,-0.34202014332566866f,0.8730057633602641f,0.08852132690137697f,-0.33036608954935204f,-0.9396926207859084f,0.10016287768735628f,0f,0f,0f,1f], start_interpolation: 0, interpolation_duration: 1 }
$data merge entity $(bone_skirt_back_middle) { transformation: [-1f,-3.1696191514317643e-17f,-1.1829179713786698e-16f,-1.552498733571147e-17f,0f,0.9659258262890684f,-0.25881904510252063f,0.8569196458068934f,1.2246467991473532e-16f,-0.25881904510252063f,-0.9659258262890684f,-0.12677114206741544f,0f,0f,0f,1f], start_interpolation: 0, interpolation_duration: 1 }
$data merge entity $(bone_skirt_front_middle) { transformation: [-1f,-5.175581015019658e-17f,-1.1099069304367545e-16f,2.043724892140885e-17f,0f,0.90630778703665f,-0.4226182617406994f,0.963800940596165f,1.2246467991473532e-16f,-0.4226182617406994f,-0.90630778703665f,0.16688280192818095f,0f,0f,0f,1f], start_interpolation: 0, interpolation_duration: 1 }
$data merge entity $(bone_lower) { transformation: [-1f,0f,-1.2246467991473532e-16f,0f,0f,1f,0f,0.9375f,1.2246467991473532e-16f,0f,-1f,0f,0f,0f,0f,1f], start_interpolation: 0, interpolation_duration: 1 }
data modify entity @s data merge value {"locators":{"locator_right_hand":{"posx":-0.6701847670921703,"posy":1.5169720136448197,"posz":0.550565359932506,"roty":281.0653272864055,"rotx":16.30124263262192},"locator_left_hand":{"posx":0.9807169615172537,"posy":1.2475190570560195,"posz":0.19820249548637284,"roty":25.46756133752592,"rotx":-15.494529425917579}},"cameras":{}}