# This file was generated by Animated Java via MC-Build. It is not recommended to edit this file directly.
$data merge entity $(bone_head) { transformation: [-0.9287256918204617f,0.144751287508862f,-0.3413438942139316f,0f,0f,0.9206411882629518f,0.3904097878816309f,1.625f,0.37076756782734505f,0.3625836003438474f,-0.855023124487922f,0f,0f,0f,0f,1f], start_interpolation: 0, interpolation_duration: 1 }
$data merge entity $(bone_bust) { transformation: [-0.9926247228315455f,-0.06061385902497408f,-0.10498628347407245f,0.008713242234840046f,0f,0.8660254037844387f,-0.49999999999999994f,1.515625f,0.12122771804994817f,-0.4963123614157727f,-0.8596382263966057f,0.07134490195351734f,0f,0f,0f,1f], start_interpolation: 0, interpolation_duration: 1 }
$data merge entity $(bone_left_wing) { transformation: [-0.8706738256476122f,0f,-0.49186084346301784f,0.04688558042072799f,0f,1f,0f,1.40625f,0.49186084346301784f,0f,-0.8706738256476122f,-0.13165482273206486f,0f,0f,0f,1f], start_interpolation: 0, interpolation_duration: 1 }
$data merge entity $(bone_right_wing) { transformation: [-0.9634575041298953f,0f,0.26786122850422545f,-0.07719250993321514f,0f,1f,0f,1.40625f,-0.26786122850422545f,0f,-0.9634575041298953f,-0.1165013579758214f,0f,0f,0f,1f], start_interpolation: 0, interpolation_duration: 1 }
$data merge entity $(bone_body) { transformation: [-0.9926247228315455f,0f,-0.12122771804994817f,0.5569262204407468f,0f,1f,0f,0.34375f,0.12122771804994817f,0f,-0.9926247228315455f,0.43569850239079866f,0f,0f,0f,1f], start_interpolation: 0, interpolation_duration: 1 }
$data merge entity $(bone_right_ring) { transformation: [-0.5593732171076579f,-0.38154272896485175f,0.7358850113684083f,-0.38279193768421893f,-0.8029940817923296f,0.02914541609923258f,-0.5952739279750923f,1.491255475946486f,0.20567476410372276f,-0.9238916011602532f,-0.3226797184770397f,0.4529797491962663f,0f,0f,0f,1f], start_interpolation: 0, interpolation_duration: 1 }
$data merge entity $(bone_sword) { transformation: [0.013707324954267531f,-0.3820657144137273f,-0.9240334945834627f,-0.3180383541603676f,0.9994995696435702f,-0.021112053679552652f,0.02355613448231798f,1.5103824400677264f,-0.02850823608916359f,-0.9238939717624312f,0.3815851273518461f,0.6500820977092264f,0f,0f,0f,1f], start_interpolation: 0, interpolation_duration: 1 }
$data merge entity $(bone_right_hand) { transformation: [0.02000008177285279f,-0.38154272896485175f,-0.9241348076461209f,-0.5290456273018008f,0.9995290944904724f,0.02914541609923258f,0.009598645084510733f,1.4967093201886639f,0.02327200026072093f,-0.9238916011602532f,0.3819459690969505f,0.3444291211178159f,0f,0f,0f,1f], start_interpolation: 0, interpolation_duration: 1 }
$data merge entity $(bone_right_arm) { transformation: [0.02000008177285279f,0.2850624875923169f,-0.9583002529983801f,-0.34121474847334377f,0.9995290944904724f,0.016609619338368686f,0.025801352919765597f,1.5f,0.02327200026072093f,-0.9583650132977072f,-0.284596056351367f,0.04167202807966968f,0f,0f,0f,1f], start_interpolation: 0, interpolation_duration: 1 }
$data merge entity $(bone_left_ring) { transformation: [0.8216633826984918f,-0.5040925009242222f,0.26600758644150513f,0.6151261462651539f,0.3177151883456227f,0.7925430784199793f,0.5205117942401383f,1.1206489400565756f,-0.47320856356048463f,-0.34317083116218605f,0.8113614706235914f,0.024823832674485097f,0f,0f,0f,1f], start_interpolation: 0, interpolation_duration: 1 }
$data merge entity $(bone_left_hand) { transformation: [-0.821094976566918f,-0.5040925009242222f,0.2677569606350795f,0.5614639080552829f,-0.5629861430412936f,0.7925430784199793f,-0.23435458517398522f,1.2225130536996363f,-0.09407253690669025f,-0.34317083116218605f,-0.9345502332348935f,-0.11641069406037774f,0f,0f,0f,1f], start_interpolation: 0, interpolation_duration: 1 }
$data merge entity $(bone_left_arm) { transformation: [-0.821094976566918f,-0.5609598769248547f,0.10548486117459885f,0.34121474847334377f,-0.5629861430412936f,0.8263747297800574f,0.012304825249683404f,1.53125f,-0.09407253690669025f,-0.049283084941884894f,-0.9943447768950922f,-0.04167202807966968f,0f,0f,0f,1f], start_interpolation: 0, interpolation_duration: 1 }
$data merge entity $(bone_leftfoot) { transformation: [-0.9996255723882735f,-0.003103094554824398f,0.027186133075533248f,0.10219021672533263f,0.0004781080824874938f,0.9914162235394625f,0.13074265989114672f,0.46401793275771414f,-0.02735848022237792f,0.13070670413920796f,-0.9910435263160682f,0.1871846590055751f,0f,0f,0f,1f], start_interpolation: 0, interpolation_duration: 1 }
$data merge entity $(bone_leftleg) { transformation: [-0.9984773995165591f,0.04810938984541258f,0.026988317164133836f,0.12569856543351365f,0.043619320929226706f,0.9880857921612112f,-0.1475934353920419f,0.84375f,-0.033767402866120656f,-0.14619149748823912f,-0.9886798311717617f,-0.01741798705237455f,0f,0f,0f,1f], start_interpolation: 0, interpolation_duration: 1 }
$data merge entity $(bone_rightfoot) { transformation: [-0.96554414505865f,0.23517787187893616f,0.1114265341893727f,-0.2307564580089454f,0.2548291215774965f,0.941273216832793f,0.22151038366019654f,0.5581012989821016f,-0.05278847164866834f,0.2422727798407009f,-0.9687710139187986f,0.28906900204156066f,0f,0f,0f,1f], start_interpolation: 0, interpolation_duration: 1 }
$data merge entity $(bone_rightleg) { transformation: [-0.9756790452039922f,0.21105912859288653f,-0.05919835291152709f,-0.12414344920358364f,0.2164396139381029f,0.8848246737055843f,-0.4126005214734118f,0.84375f,-0.034702943220298876f,-0.4153785514917901f,-0.9089864491247551f,-0.026304365509117477f,0f,0f,0f,1f], start_interpolation: 0, interpolation_duration: 1 }
$data merge entity $(bone_skirt_right_back) { transformation: [-0.9787707878307983f,0.2000399386852477f,0.04462922607306563f,-0.18264957553614006f,0.18769860130339214f,0.9623012287034175f,-0.1968389704927434f,0.8958932537575023f,-0.08232241467442933f,-0.18428339091381846f,-0.9794195484446265f,-0.20367963579925313f,0f,0f,0f,1f], start_interpolation: 0, interpolation_duration: 1 }
$data merge entity $(bone_skirt_right) { transformation: [-0.9787707878307983f,0.20415385222006605f,0.018136965368713034f,-0.23109679992955717f,0.18769860130339214f,0.9283759669927744f,-0.32076050096447567f,0.9339492280074436f,-0.08232241467442933f,-0.3105467252024059f,-0.9469866691291028f,0.07949695975988146f,0f,0f,0f,1f], start_interpolation: 0, interpolation_duration: 1 }
$data merge entity $(bone_skirt_left_back) { transformation: [-0.9931849985052222f,-0.11399183555169495f,0.02427797709318441f,0.17149021555858288f,-0.1149631058653727f,0.9924256597855785f,-0.04329889246789806f,0.8907957064028569f,-0.019158367205191536f,-0.04579488210176798f,-0.9987671328890015f,-0.1843087605085403f,0f,0f,0f,1f], start_interpolation: 0, interpolation_duration: 1 }
$data merge entity $(bone_skirt_left) { transformation: [-0.9931849985052222f,-0.11110602052089376f,0.03519958732986207f,0.19957148910790323f,-0.1149631058653727f,0.9835722303211629f,-0.13917310096006544f,0.8720574737110955f,-0.019158367205191536f,-0.14227128995361008f,-0.989642277300726f,0.10351878457955174f,0f,0f,0f,1f], start_interpolation: 0, interpolation_duration: 1 }
$data merge entity $(bone_skirt_back_middle) { transformation: [-0.9993680585483892f,0.0018603084562813467f,0.035496799935641046f,0.004583948155201415f,0f,0.9986295347545739f,-0.05233595624294382f,0.9035051121724293f,-0.03554551382697172f,-0.05230288298278421f,-0.9979984593567597f,-0.12887846805787442f,0f,0f,0f,1f], start_interpolation: 0, interpolation_duration: 1 }
$data merge entity $(bone_skirt_front_middle) { transformation: [-0.9993680585483892f,0.007996000812571721f,0.03463448461041091f,-0.006415922885380483f,0f,0.9743700647852354f,-0.224951054343865f,0.9469967062224498f,-0.03554551382697172f,-0.22480889844804156f,-0.9737543199520888f,0.18038474359860246f,0f,0f,0f,1f], start_interpolation: 0, interpolation_duration: 1 }
$data merge entity $(bone_lower) { transformation: [-0.9993680585483892f,0f,0.03554551382697172f,0f,0f,1f,0f,0.9375f,-0.03554551382697172f,0f,-0.9993680585483892f,0f,0f,0f,0f,1f], start_interpolation: 0, interpolation_duration: 1 }
data modify entity @s data merge value {"locators":{"locator_right_hand":{"posx":-0.2754830451628544,"posy":1.4830583276685767,"posz":0.7128242620225875,"roty":247.54463643473366,"rotx":0.5499702977663501},"locator_left_hand":{"posx":0.7569021621500914,"posy":0.8977461992509564,"posz":0.12134062893884995,"roty":15.987479100809026,"rotx":-13.553580843326252}},"cameras":{}}