# This file was generated by Animated Java via MC-Build. It is not recommended to edit this file directly.
$data merge entity $(bone_head) { transformation: [0.34791004073260573f,-0.3157280930315831f,0.8827651866878736f,0f,1.3877787807814457e-17f,0.9415881558950302f,0.3367666026763883f,1.625f,-0.937527921481508f,-0.1171644824545235f,0.32758797367077913f,0f,0f,0f,0f,1f], start_interpolation: 0, interpolation_duration: 1 }
$data merge entity $(bone_bust) { transformation: [0.7558481786878972f,0.3273734605821722f,0.5670274667779696f,-0.04705993495868732f,0f,0.8660254037844387f,-0.49999999999999994f,1.515625f,-0.6547469211643445f,0.37792408934394855f,0.6545837241479188f,-0.05432658784319261f,0f,0f,0f,1f], start_interpolation: 0, interpolation_duration: 1 }
$data merge entity $(bone_left_wing) { transformation: [0.4477518628540358f,0f,0.8941578548057052f,0.034602853977549475f,0f,1f,0f,1.40625f,-0.8941578548057052f,0f,0.4477518628540358f,0.13540270490875866f,0f,0f,0f,1f], start_interpolation: 0, interpolation_duration: 1 }
$data merge entity $(bone_right_wing) { transformation: [0.9488734610973282f,0f,0.3156567040713328f,0.12908387631353657f,0f,1f,0f,1.40625f,-0.3156567040713328f,0f,0.9488734610973282f,0.05355933976321564f,0f,0f,0f,1f], start_interpolation: 0, interpolation_duration: 1 }
$data merge entity $(bone_body) { transformation: [0.7558481786878972f,0f,0.6547469211643445f,-0.7052975499261209f,0f,1f,0f,0.34375f,-0.6547469211643445f,0f,0.7558481786878972f,-0.05055062876177635f,0f,0f,0f,1f], start_interpolation: 0, interpolation_duration: 1 }
$data merge entity $(bone_right_ring) { transformation: [-0.7734124553705399f,0.46137959352768404f,-0.43469764728365123f,0.33433279610214167f,-0.42819416420579615f,0.12540442309186864f,0.8949432878172197f,1.4951064792154078f,0.46742157804043677f,0.8782952814089489f,0.10057070665438839f,-0.5900606876528967f,0f,0f,0f,1f], start_interpolation: 0, interpolation_duration: 1 }
$data merge entity $(bone_sword) { transformation: [-0.2288621334256482f,0.3906435977228736f,0.8916387740794982f,0.25354769092144047f,0.9120586372332512f,0.40619861904740945f,0.05614021849086315f,1.4924359734217367f,-0.3402516217919984f,0.826075215366075f,-0.44925334993276056f,-0.7713977745546086f,0f,0f,0f,1f], start_interpolation: 0, interpolation_duration: 1 }
$data merge entity $(bone_right_hand) { transformation: [-0.17442443769653526f,0.46137959352768404f,0.8698879158894417f,0.48797534970547746f,0.9834609192249438f,0.12540442309186864f,0.13068416517016757f,1.5269525608082155f,-0.04879278523998681f,0.8782952814089489f,-0.4756223951448245f,-0.49741664947757575f,0f,0f,0f,1f], start_interpolation: 0, interpolation_duration: 1 }
$data merge entity $(bone_right_arm) { transformation: [-0.17442443769653526f,-0.4209462482113912f,0.8901574982277018f,0.2598228114239647f,0.9834609192249438f,-0.029678634244708846f,0.17867232305703318f,1.5f,-0.04879278523998681f,0.9065999309431487f,0.4191608633000009f,-0.22506925415024343f,0f,0f,0f,1f], start_interpolation: 0, interpolation_duration: 1 }
$data merge entity $(bone_left_ring) { transformation: [-0.2869070717651988f,0.8105870086477356f,0.5105223144806059f,-0.6540046223419722f,0.5178662138516552f,0.5795829192161163f,-0.6292044376066308f,1.2167184292061628f,-0.8059149562590775f,0.08385905535146826f,-0.5860620633631636f,0.2646873496728343f,0f,0f,0f,1f], start_interpolation: 0, interpolation_duration: 1 }
$data merge entity $(bone_left_hand) { transformation: [0.574194734882663f,0.8105870086477356f,0.11510476899131439f,-0.5165593301478277f,-0.7584384413603862f,0.5795829192161163f,-0.29808517309613514f,1.2793327753559183f,-0.3083367268099214f,0.08385905535146826f,0.9475738080675844f,0.36662537157783726f,0f,0f,0f,1f], start_interpolation: 0, interpolation_duration: 1 }
$data merge entity $(bone_left_arm) { transformation: [0.574194734882663f,0.7604599268618417f,0.30331684105949386f,-0.2598228114239647f,-0.7584384413603862f,0.6335927078009683f,-0.15274623166633192f,1.53125f,-0.3083367268099214f,-0.14234107017554326f,0.9405676385254943f,0.22506925415024343f,0f,0f,0f,1f], start_interpolation: 0, interpolation_duration: 1 }
$data merge entity $(bone_leftfoot) { transformation: [0.9002226192636881f,0.027347324605164036f,0.4345703160628491f,-0.1895582482768935f,0.00111608464086492f,0.9978775985864214f,-0.06510800714559589f,0.4812792984492604f,-0.435428513215544f,0.059096717982780794f,0.8982814635750669f,-0.14589119536202352f,0f,0f,0f,1f], start_interpolation: 0, interpolation_duration: 1 }
$data merge entity $(bone_leftleg) { transformation: [0.9035901550548944f,0.05748632280819186f,0.42452344384952895f,-0.103852548820666f,0.04361932092922669f,0.9734598059447146f,-0.2246627718420471f,0.84375f,-0.42617154589383943f,0.22152049318307085f,0.8771011826296804f,0.07292574119233333f,0f,0f,0f,1f], start_interpolation: 0, interpolation_duration: 1 }
$data merge entity $(bone_rightfoot) { transformation: [0.8453907738425884f,-0.38887069773840643f,0.3661885032906882f,0.10619640792968495f,0.37884309944697625f,0.9198036625606032f,0.1021720526440979f,0.5729888465701781f,-0.37655324391543615f,0.05235267691861395f,0.9249145104906815f,-0.3780642658792175f,0f,0f,0f,1f], start_interpolation: 0, interpolation_duration: 1 }
$data merge entity $(bone_rightleg) { transformation: [0.8506049081110929f,-0.10097681651757268f,0.5160183841911987f,0.12244616027201918f,0.3420201433256687f,0.8516507396391465f,-0.39713126196710286f,0.84375f,-0.3993663879907875f,0.5142904823133236f,0.7589544043914105f,-0.03332346710111343f,0f,0f,0f,1f], start_interpolation: 0, interpolation_duration: 1 }
$data merge entity $(bone_skirt_right_back) { transformation: [0.9023457981523568f,-0.191933562964282f,0.3859191210145227f,0.26137168162121766f,0.31363309543934215f,0.9065602141143215f,-0.2824585980814393f,0.8827112687737291f,-0.29564563585806963f,0.37591233764380705f,0.8782275174493485f,0.09562849024181858f,0f,0f,0f,1f], start_interpolation: 0, interpolation_duration: 1 }
$data merge entity $(bone_skirt_right) { transformation: [0.9023457981523568f,-0.1662823003287911f,0.39764589417489465f,0.18812472384733914f,0.31363309543934215f,0.8861455229145893f,-0.34114570737965566f,0.9330754380245748f,-0.29564563585806963f,0.4325463082905631f,0.8517613217223957f,-0.1802024518813301f,0f,0f,0f,1f], start_interpolation: 0, interpolation_duration: 1 }
$data merge entity $(bone_skirt_left_back) { transformation: [0.8657028639647396f,0.26753494064820094f,0.4230645421866632f,-0.06487230452423406f,-0.19621084621168355f,0.9589159980368249f,-0.20489366153674668f,0.8576504592925279f,-0.4604995712833427f,0.09436717777597993f,0.8826295828978621f,0.2380251435400732f,0f,0f,0f,1f], start_interpolation: 0, interpolation_duration: 1 }
$data merge entity $(bone_skirt_left) { transformation: [0.8657028639647396f,0.2837382263549386f,0.41237261090935823f,-0.22563895498857284f,-0.19621084621168355f,0.9502500198675917f,-0.24192189559966767f,0.8724319551323251f,-0.4604995712833427f,0.12852049893536455f,0.8783066811776297f,-0.002640530121990975f,0f,0f,0f,1f], start_interpolation: 0, interpolation_duration: 1 }
$data merge entity $(bone_skirt_back_middle) { transformation: [0.9051948363707407f,0.06648415224133361f,0.41976441691560634f,0.054861257254734626f,0f,0.9876883405951377f,-0.1564344650402308f,0.8801550233621475f,-0.42499683317378706f,0.1416036699848361f,0.8940503858503042f,0.11684822781605506f,0f,0f,0f,1f], start_interpolation: 0, interpolation_duration: 1 }
$data merge entity $(bone_skirt_front_middle) { transformation: [0.9051948363707407f,0.13836543462652592f,0.40184240033669966f,-0.07400518365443984f,0f,0.9455185755993168f,-0.3255681544571566f,0.9557556157370437f,-0.42499683317378706f,0.29470261230136996f,0.8558785323251195f,-0.15762261005195422f,0f,0f,0f,1f], start_interpolation: 0, interpolation_duration: 1 }
$data merge entity $(bone_lower) { transformation: [0.9051948363707407f,0f,0.42499683317378706f,0f,0f,1f,0f,0.9375f,-0.42499683317378706f,0f,0.9051948363707407f,0f,0f,0f,0f,1f], start_interpolation: 0, interpolation_duration: 1 }
data modify entity @s data merge value {"locators":{"locator_right_hand":{"posx":0.20456978542248055,"posy":1.4598364852208197,"posz":-0.8370812355491635,"roty":61.33180018389936,"rotx":7.509129381416056},"locator_left_hand":{"posx":-0.8819822185241477,"posy":1.05371073317663,"posz":0.24110199035523386,"roty":173.07403442557995,"rotx":-17.342630422097248}},"cameras":{}}