# This file was generated by Animated Java via MC-Build. It is not recommended to edit this file directly.
$data merge entity $(bone_body) { transformation: [-0.5735764363510462f,-0.07139380484326965f,0.8160349234517082f,0.014513274394591293f,-6.938893903907228e-18f,0.9961946980917455f,0.08715574274765817f,1.121024337261468f,-0.8191520442889918f,0.049990480332730305f,-0.5713938048432697f,0.006248810041591291f,0f,0f,0f,1f], start_interpolation: 0, interpolation_duration: 1 }
$data merge entity $(bone_left_hand) { transformation: [-0.9559907878901288f,0.13233287551576167f,0.2618580216967599f,0.45572166026296446f,-0.2931717835280825f,-0.4657959432454636f,-0.8349158308470573f,1.4554376775898639f,0.011485591503010983f,-0.874941226205394f,0.48409289591361193f,0.8751543496309888f,0f,0f,0f,1f], start_interpolation: 0, interpolation_duration: 1 }
$data merge entity $(bone_left_arm) { transformation: [-0.9559907878901288f,-0.11145305237844289f,0.2714034461548691f,0.2242297692311702f,-0.2931717835280825f,0.32666284617647195f,-0.8985219475732632f,1.5535911773235695f,0.011485591503010983f,-0.9385465369620276f,-0.3449615618361142f,0.43736420883685295f,0f,0f,0f,1f], start_interpolation: 0, interpolation_duration: 1 }
$data merge entity $(bone_right_hand) { transformation: [-0.6819425164226561f,0.04385873852851703f,-0.7300895940566625f,-0.7303924631519425f,0.7044522775724855f,-0.2291009325033003f,-0.671758700240686f,1.3758247284398728f,-0.19672669599745027f,-0.9724140958361336f,0.1253372781782078f,-0.21191013125769803f,0f,0f,0f,1f], start_interpolation: 0, interpolation_duration: 1 }
$data merge entity $(bone_right_arm) { transformation: [-0.6819425164226561f,0.7313128370830281f,0.011659271534177562f,-0.2597253489400251f,0.7044522775724855f,0.6610160019808806f,-0.2584663106637886f,1.5535911773235695f,-0.19672669599745027f,-0.16804576591745662f,-0.9659499094876205f,-0.2537953285319839f,0f,0f,0f,1f], start_interpolation: 0, interpolation_duration: 1 }
$data merge entity $(bone_head) { transformation: [-0.982603615730387f,-0.08096945133194147f,0.16713492245660155f,-0.04947784181649864f,-0.06162841671621936f,0.991119182989893f,0.11783337117514357f,1.763818966205167f,-0.17519153120691028f,0.1054832359214084f,-0.9788673119135843f,0.012906666092254528f,0f,0f,0f,1f], start_interpolation: 0, interpolation_duration: 1 }
$data merge entity $(bone_bottom) { transformation: [-1f,6.921524234591063e-18f,1.222689262604712e-16f,0.0078125f,0f,0.998401550108975f,-0.05651853448202451f,0.9964999999999999f,-1.2246467991473532e-16f,-0.05651853448202451f,-0.998401550108975f,9.567553118338695e-19f,0f,0f,0f,1f], start_interpolation: 0, interpolation_duration: 1 }
data modify entity @s data merge value {"locators":{"locator_left_hand":{"posx":0.3838155667665291,"posy":1.7656970744623255,"posz":1.449155066961044,"roty":151.5899296970337,"rotx":-56.607074943924026},"locator_right_hand":{"posx":-0.7698301121303858,"posy":1.5371792822322337,"posz":0.42316276450980456,"roty":260.25877079983746,"rotx":-42.20294766755164}},"cameras":{}}