# This file was generated by Animated Java via MC-Build. It is not recommended to edit this file directly.
$data merge entity $(bone_body) { transformation: [-0.5735764363510462f,-0.07139380484326965f,0.8160349234517082f,0.014513274394591293f,-6.938893903907228e-18f,0.9961946980917455f,0.08715574274765817f,1.0620243372614682f,-0.8191520442889918f,0.049990480332730305f,-0.5713938048432697f,0.006248810041591291f,0f,0f,0f,1f], start_interpolation: 0, interpolation_duration: 1 }
$data merge entity $(bone_left_hand) { transformation: [-0.9466020181145003f,0.2488557878218941f,0.20497662346984719f,0.4300050251474089f,-0.3143692119551109f,-0.5713912590477721f,-0.7580791697827638f,1.3568406971002989f,-0.07153053806786008f,-0.7820376115963645f,0.6191127168556435f,0.837411417907013f,0f,0f,0f,1f], start_interpolation: 0, interpolation_duration: 1 }
$data merge entity $(bone_left_arm) { transformation: [-0.9466020181145003f,-0.07211948801552281f,0.31423462372872585f,0.2187111367436638f,-0.3143692119551109f,0.4227142467782717f,-0.8499909788611881f,1.4960437730360305f,-0.07153053806786008f,-0.9033888669997308f,-0.4228143057001088f,0.40053591061316546f,0f,0f,0f,1f], start_interpolation: 0, interpolation_duration: 1 }
$data merge entity $(bone_right_hand) { transformation: [-0.7558132187880828f,0.23279654026702967f,-0.612006657761906f,-0.7080668110300603f,0.5697019242180313f,-0.22694830999621832f,-0.7898950450104956f,1.2556624005048793f,-0.32277871033801175f,-0.9456744870353442f,0.03890589573533018f,-0.2588817014383644f,0f,0f,0f,1f], start_interpolation: 0, interpolation_duration: 1 }
$data merge entity $(bone_right_arm) { transformation: [-0.7558132187880828f,0.6423634156368286f,0.1269473140975601f,-0.2652439814275314f,0.5697019242180313f,0.7406943644203353f,-0.3561061303294679f,1.4960437730360305f,-0.32277871033801175f,-0.19682759147879283f,-0.9257822656462951f,-0.2906236267556714f,0f,0f,0f,1f], start_interpolation: 0, interpolation_duration: 1 }
$data merge entity $(bone_head) { transformation: [-0.982603615730387f,-0.07525406181916619f,0.16978504213648205f,-0.04861053929840263f,-0.06162841671621935f,0.9945455440560459f,0.08414926649303378f,1.6927170454283487f,-0.1751915312069105f,0.07222179018814694f,-0.9818818362793954f,0.012299374331175436f,0f,0f,0f,1f], start_interpolation: 0, interpolation_duration: 1 }
$data merge entity $(bone_bottom) { transformation: [-1f,2.7704827355989655e-18f,1.2243333799268206e-16f,0.0078125f,0f,0.9997440737845795f,-0.022622708339481094f,0.9375f,-1.2246467991473532e-16f,-0.022622708339481094f,-0.9997440737845795f,9.567553118338695e-19f,0f,0f,0f,1f], start_interpolation: 0, interpolation_duration: 1 }
data modify entity @s data merge value {"locators":{"locator_left_hand":{"posx":0.28148407092232997,"posy":1.736728229787198,"posz":1.3517412651744376,"roty":161.6812599741544,"rotx":-49.295153112927856},"locator_right_hand":{"posx":-0.8726491221238624,"posy":1.4134988215058044,"posz":0.3566737633295487,"roty":266.3625428022776,"rotx":-52.17570436986822}},"cameras":{}}