# This file was generated by Animated Java via MC-Build. It is not recommended to edit this file directly.
$data merge entity $(bone_body) { transformation: [-0.5735764363510462f,-0.07139380484326965f,0.8160349234517082f,0.014513274394591293f,-6.938893903907228e-18f,0.9961946980917455f,0.08715574274765817f,1.0435243372614682f,-0.8191520442889918f,0.049990480332730305f,-0.5713938048432697f,0.006248810041591291f,0f,0f,0f,1f], start_interpolation: 0, interpolation_duration: 1 }
$data merge entity $(bone_left_hand) { transformation: [-0.9546694340216582f,0.146614031542217f,0.25905713172909234f,0.45557725916181113f,-0.29762178548852175f,-0.45479737321502156f,-0.8393930081429916f,1.3684632818342517f,-0.005248289949184026f,-0.8784438940943547f,0.4778166807269866f,0.903059241242692f,0f,0f,0f,1f], start_interpolation: 0, interpolation_duration: 1 }
$data merge entity $(bone_left_arm) { transformation: [-0.9546694340216582f,-0.10284372626336047f,0.27933750144410163f,0.22836874359679998f,-0.29762178548852175f,0.34633073809934944f,-0.8896495336087036f,1.475001730539224f,-0.005248289949184026f,-0.9324581426615495f,-0.36123990316240323f,0.46498543250461866f,0f,0f,0f,1f], start_interpolation: 0, interpolation_duration: 1 }
$data merge entity $(bone_right_hand) { transformation: [-0.6983199649281093f,0.06992812117698496f,-0.7123617651526933f,-0.721654915550811f,0.6798778668942269f,-0.24645801548631124f,-0.6906696263119618f,1.2848491102157655f,-0.22386449626986438f,-0.966627386572099f,0.12456397086892276f,-0.18738095345526878f,0f,0f,0f,1f], start_interpolation: 0, interpolation_duration: 1 }
$data merge entity $(bone_right_arm) { transformation: [-0.6983199649281093f,0.7149515681117766f,0.03454680647058023f,-0.25558637457439526f,0.6798778668942269f,0.6776100701144021f,-0.2803759600730973f,1.475001730539224f,-0.22386449626986438f,-0.1723045215137045f,-0.9592683874577403f,-0.22617410486421818f,0f,0f,0f,1f], start_interpolation: 0, interpolation_duration: 1 }
$data merge entity $(bone_head) { transformation: [-0.982603615730387f,-0.08456735530473435f,0.16534357190508686f,-0.05003114380403398f,-0.06162841671621936f,0.988337121476939f,0.13925398580913417f,1.6940394751153782f,-0.17519153120691028f,0.12664160741020838f,-0.9763553813371117f,0.013294092314833188f,0f,0f,0f,1f], start_interpolation: 0, interpolation_duration: 1 }
$data merge entity $(bone_bottom) { transformation: [-1f,9.565851001106082e-18f,1.2209050872710465e-16f,0.0078125f,0f,0.996944660387867f,-0.07811110115803348f,0.919f,-1.2246467991473532e-16f,-0.07811110115803348f,-0.996944660387867f,9.567553118338695e-19f,0f,0f,0f,1f], start_interpolation: 0, interpolation_duration: 1 }
data modify entity @s data merge value {"locators":{"locator_left_hand":{"posx":0.37427851086881964,"posy":1.6715743984048679,"posz":1.4796200512725683,"roty":151.53484757018282,"rotx":-57.07607818036326},"locator_right_hand":{"posx":-0.778456494525209,"posy":1.4572102745488795,"posz":0.44347038622845464,"roty":260.08150709008896,"rotx":-43.68313899160222}},"cameras":{}}