# This file was generated by Animated Java via MC-Build. It is not recommended to edit this file directly.
$data merge entity $(bone_body) { transformation: [-0.5735764363510462f,-0.07139380484326965f,0.8160349234517082f,0.014513274394591293f,-6.938893903907228e-18f,0.9961946980917455f,0.08715574274765817f,1.0620243372614682f,-0.8191520442889918f,0.049990480332730305f,-0.5713938048432697f,0.006248810041591291f,0f,0f,0f,1f], start_interpolation: 0, interpolation_duration: 1 }
$data merge entity $(bone_left_hand) { transformation: [-0.9567329253392873f,0.10507022904155544f,0.2713343998480192f,0.4670044489536754f,-0.2900567473128403f,-0.4181272643012953f,-0.8608348704520571f,1.4000596971297543f,0.023004193313930776f,-0.9022914372956609f,0.43051244961430024f,0.9300596198131263f,0f,0f,0f,1f], start_interpolation: 0, interpolation_duration: 1 }
$data merge entity $(bone_left_arm) { transformation: [-0.9567329253392873f,-0.11756652264560896f,0.26615826555782407f,0.2325077179624298f,-0.2900567473128403f,0.31304155039206705f,-0.9043627983649184f,1.492412283754878f,0.023004193313930776f,-0.942434666425822f,-0.33359812141081485f,0.4926066561723843f,0f,0f,0f,1f], start_interpolation: 0, interpolation_duration: 1 }
$data merge entity $(bone_right_hand) { transformation: [-0.6702607816204764f,-0.003951345264372687f,-0.7421151335824578f,-0.7249877656293819f,0.7205649048064452f,-0.24275502539741675f,-0.6495045924437931f,1.3230629256980586f,-0.17758576120507602f,-0.9700795763827322f,0.16555637378945137f,-0.15424566120859884f,0f,0f,0f,1f], start_interpolation: 0, interpolation_duration: 1 }
$data merge entity $(bone_right_arm) { transformation: [-0.6702607816204764f,0.7421151335824578f,-0.003951345264372852f,-0.25144740020876544f,0.7205649048064452f,0.6495045924437931f,-0.2427550253974169f,1.492412283754878f,-0.17758576120507602f,-0.1655563737894516f,-0.9700795763827322f,-0.1985528811964525f,0f,0f,0f,1f], start_interpolation: 0, interpolation_duration: 1 }
$data merge entity $(bone_head) { transformation: [-0.982603615730387f,-0.08606446254088572f,0.16456926396237626f,-0.050263173669774605f,-0.06162841671621937f,0.9870326060728398f,0.1482179908179516f,1.7157771078841764f,-0.17519153120691022f,0.13549739051585774f,-0.9751658241328864f,0.013456561375914562f,0f,0f,0f,1f], start_interpolation: 0, interpolation_duration: 1 }
$data merge entity $(bone_bottom) { transformation: [-1f,1.0673500138322974e-17f,1.2199866483456202e-16f,0.0078125f,0f,0.9961946980917455f,-0.08715574274765818f,0.9375f,-1.2246467991473532e-16f,-0.08715574274765818f,-0.9961946980917455f,9.567553118338695e-19f,0f,0f,0f,1f], start_interpolation: 0, interpolation_duration: 1 }
data modify entity @s data merge value {"locators":{"locator_left_hand":{"posx":0.413001063103581,"posy":1.6789878510042424,"posz":1.5218289350178735,"roty":147.77844514423606,"rotx":-59.410451719899314},"locator_right_hand":{"posx":-0.7328675200124574,"posy":1.4936297377527141,"posz":0.4795942832737399,"roty":257.42397457836563,"rotx":-40.50426067403443}},"cameras":{}}