execute if entity @s[tag=aj.tutankhamen.bone.head] run data modify entity @s {} merge value {transformation:[-0.9300317311942802f,-0.01248327635176115f,0.36726713272942857f,0.01097464486594561f,0.07834363677163096f,0.9697110227427778f,0.23134996638977637f,1.624603857460506f,-0.35903099246327586f,0.24393585259793493f,-0.9008840359714192f,0.020593596892216768f,0f,0f,0f,1f],start_interpolation:0}
execute if entity @s[tag=aj.tutankhamen.bone.back_cape] run data modify entity @s {} merge value {transformation:[-0.2615281073341818f,-0.18603698923345693f,0.9470972957997247f,0.16213906742525241f,0.03857648626887443f,0.9784500828926931f,0.2028479479670167f,1.6233739016922089f,-0.9644246490946548f,0.08958612573514263f,-0.24871554493923204f,-0.018926866935012852f,0f,0f,0f,1f],start_interpolation:0}
execute if entity @s[tag=aj.tutankhamen.bone.left_hand] run data modify entity @s {} merge value {transformation:[0.4580620868502211f,0.6757574006731342f,0.5775214801424355f,0.2103540742376891f,0.012075338202786029f,0.6448985292145049f,-0.764172803248229f,1.3682178976781196f,-0.8888381803217661f,0.35701235616216065f,0.2872435669424709f,0.5484820394587818f,0f,0f,0f,1f],start_interpolation:0}
execute if entity @s[tag=aj.tutankhamen.bone.cape_left_back] run data modify entity @s {} merge value {transformation:[0.5299484378297813f,-0.35919267687528844f,0.7682026256925569f,0.23231176686060914f,-0.5354327306503104f,0.5607490017761357f,0.6315634156246064f,1.4608063580407742f,-0.6576218093936106f,-0.7460168750680052f,0.10484454169694202f,0.42598218211510136f,0f,0f,0f,1f],start_interpolation:0}
execute if entity @s[tag=aj.tutankhamen.bone.cape_left_side] run data modify entity @s {} merge value {transformation:[0.5299484378297813f,-0.35919267687528844f,0.7682026256925569f,0.0534819952381362f,-0.5354327306503104f,0.5607490017761357f,0.6315634156246064f,1.4655222952518094f,-0.6576218093936106f,-0.7460168750680052f,0.10484454169694202f,0.5156300221207353f,0f,0f,0f,1f],start_interpolation:0}
execute if entity @s[tag=aj.tutankhamen.bone.left_arm] run data modify entity @s {} merge value {transformation:[0.5592375285706165f,-0.3116377905795281f,0.7682026256925569f,0.11417053936408757f,-0.5822677432034319f,0.5119491451983906f,0.6315634156246064f,1.490299925904108f,-0.5900997050185763f,-0.8004935728744779f,0.10484454169694202f,0.27361938826047866f,0f,0f,0f,1f],start_interpolation:0}
execute if entity @s[tag=aj.tutankhamen.bone.cape_right_back] run data modify entity @s {} merge value {transformation:[0.8668121449158099f,0.4709222991182714f,0.1639173377639282f,-0.22526313055774627f,0.09576100634878615f,0.16539680179358174f,-0.9815669756157865f,1.3594774008999193f,-0.4893531803202266f,0.8665310647343324f,0.09827196324925991f,-0.4106997300313252f,0f,0f,0f,1f],start_interpolation:0}
execute if entity @s[tag=aj.tutankhamen.bone.cape_right] run data modify entity @s {} merge value {transformation:[0.8668121449158099f,0.4709222991182714f,0.1639173377639282f,-0.13080306735563302f,0.09576100634878615f,0.16539680179358174f,-0.9815669756157865f,1.6198318020458637f,-0.4893531803202266f,0.8665310647343324f,0.09827196324925991f,-0.5117291552686756f,0f,0f,0f,1f],start_interpolation:0}
execute if entity @s[tag=aj.tutankhamen.bone.weapon] run data modify entity @s {} merge value {transformation:[-1.5326007865429692f,-0.5401603591147638f,-0.18425332870804081f,-0.39051146265341463f,-0.4608864499644672f,0.8599773312199387f,1.3124825117456211f,1.373273201022644f,-0.3366098378510864f,1.281894476873956f,-0.9581377984575206f,0.19002282717925123f,0f,0f,0f,1f],start_interpolation:0}
execute if entity @s[tag=aj.tutankhamen.bone.right_hand] run data modify entity @s {} merge value {transformation:[-0.9922808859195873f,0.12372523363421582f,0.008408923878693908f,-0.26356221271681307f,0.027017129302636306f,0.28186139477278493f,-0.9590746732455117f,1.4107137266557068f,-0.121031889032947f,-0.9514442814473684f,-0.2830283751467641f,-0.440659542436708f,0f,0f,0f,1f],start_interpolation:0}
execute if entity @s[tag=aj.tutankhamen.bone.right_arm] run data modify entity @s {} merge value {transformation:[0.5076732326095795f,0.8402149292195129f,0.19054333262643477f,-0.024821305412520353f,-0.01729135579450701f,0.23105565467755312f,-0.9727868694921386f,1.508470967178842f,-0.8613761651604525f,0.49056310211651244f,0.13182922640786723f,-0.2585851836567373f,0f,0f,0f,1f],start_interpolation:0}
execute if entity @s[tag=aj.tutankhamen.bone.body] run data modify entity @s {} merge value {transformation:[-0.25254943586704565f,0.015963119805011798f,0.9674523043795635f,-0.011972339853758849f,0.03301694592532833f,0.9994237926698268f,-0.007871716917101352f,0.18793215549762987f,-0.9670205084304059f,0.0299543227523153f,-0.25293096849426955f,-0.022465742064236474f,0f,0f,0f,1f],start_interpolation:0}
execute if entity @s[tag=aj.tutankhamen.bone.left_foot] run data modify entity @s {} merge value {transformation:[-0.5281995952721386f,-0.045045779404236125f,0.8479245634560978f,0.0861933261764306f,-0.23478411720488693f,0.9674077470691262f,-0.09486131571383279f,0.45909611431991f,-0.816015689715995f,-0.24918492865440808f,-0.5215604140162735f,0.21383538950746597f,0f,0f,0f,1f],start_interpolation:0}
execute if entity @s[tag=aj.tutankhamen.bone.left_leg] run data modify entity @s {} merge value {transformation:[-0.5281995952721386f,-0.045045779404236125f,0.8479245634560978f,0.04997956033482297f,-0.23478411720488693f,0.9674077470691262f,-0.09486131571383279f,0.875f,-0.816015689715995f,-0.24918492865440808f,-0.5215604140162735f,0.07931649291753759f,0f,0f,0f,1f],start_interpolation:0}
execute if entity @s[tag=aj.tutankhamen.bone.right_foot] run data modify entity @s {} merge value {transformation:[-0.3896645577886192f,-0.3792729367092105f,0.8392339196453937f,-0.2913293979844762f,0.6327770822983634f,0.5518422156050795f,0.5431973243620104f,0.5310325351105202f,-0.6691447500514147f,0.7427127362285154f,0.02496186937274087f,-0.20509189378746315f,0f,0f,0f,1f],start_interpolation:0}
execute if entity @s[tag=aj.tutankhamen.bone.right_leg] run data modify entity @s {} merge value {transformation:[0.0019415053706265395f,0.5517954507256808f,0.8339772245783086f,-0.04997956033482297f,0.26079240800774095f,0.8048393774622211f,-0.5331237158594133f,0.875f,-0.9653929513324716f,0.21852999117893904f,-0.14234146434863243f,-0.07931649291753759f,0f,0f,0f,1f],start_interpolation:0}