execute if entity @s[tag=aj.tutankhamen.bone.head] run data modify entity @s {} merge value {transformation:[-0.971685725537524f,0.09109933881254056f,-0.21800862655989905f,-0.0006809131979419048f,0.050463744475401f,0.9814081490495693f,0.18517952228208145f,1.6249991599197502f,0.2308251747105089f,0.16893476683920453f,-0.958217503113383f,-0.0008315448602456265f,0f,0f,0f,1f],start_interpolation:0}
execute if entity @s[tag=aj.tutankhamen.bone.back_cape] run data modify entity @s {} merge value {transformation:[-0.8350532569782587f,0.17557456974225025f,-0.5214015999877883f,-0.08712094752592442f,-0.04387949977707277f,0.9234382434972568f,0.3812301141646803f,1.624756114341437f,0.5484164909166352f,0.34122628988183923f,-0.7634159885568017f,-0.13099345900652754f,0f,0f,0f,1f],start_interpolation:0}
execute if entity @s[tag=aj.tutankhamen.bone.left_hand] run data modify entity @s {} merge value {transformation:[-0.7932854145696706f,-0.32961587545733784f,-0.5119097827523112f,0.25223767499086874f,-0.30089665839131896f,0.9431730792244679f,-0.14101682025621354f,1.2140005920375811f,0.5293009087465875f,0.04216535630974927f,-0.847385762641377f,-0.3100775394121883f,0f,0f,0f,1f],start_interpolation:0}
execute if entity @s[tag=aj.tutankhamen.bone.cape_left_back] run data modify entity @s {} merge value {transformation:[-0.8031982799530293f,-0.024260956652451024f,-0.5952175476771522f,0.1775187729256423f,-0.15279816986340683f,0.9741334662389844f,0.16648336024844834f,1.3498095141116442f,0.5757822872986701f,0.22466730054800818f,-0.7861293543034646f,-0.3042465303983288f,0f,0f,0f,1f],start_interpolation:0}
execute if entity @s[tag=aj.tutankhamen.bone.cape_left_side] run data modify entity @s {} merge value {transformation:[-0.8031982799530293f,-0.024260956652451024f,-0.5952175476771522f,0.37742069762794717f,-0.15279816986340683f,0.9741334662389844f,0.16648336024844834f,1.3528738081217455f,0.5757822872986701f,0.22466730054800818f,-0.7861293543034646f,-0.2959463435008129f,0f,0f,0f,1f],start_interpolation:0}
execute if entity @s[tag=aj.tutankhamen.bone.left_arm] run data modify entity @s {} merge value {transformation:[-0.7980273863088042f,-0.09417197905075313f,-0.5952175476771522f,0.20826435569833696f,-0.2371180524814573f,0.9571093563160826f,0.16648336024844834f,1.4999848290376565f,0.5540102164117003f,0.27399510655097153f,-0.7861293543034646f,-0.18364916285773672f,0f,0f,0f,1f],start_interpolation:0}
execute if entity @s[tag=aj.tutankhamen.bone.cape_right_back] run data modify entity @s {} merge value {transformation:[-0.9986853979033496f,0.02974448599165931f,-0.04174615632270695f,-0.265521386309435f,-0.037503569624256924f,-0.9791758405410429f,0.19951981246527928f,1.7008451860166f,-0.03494221343971221f,0.20082315318168284f,0.9790041383294042f,0.16920403360839392f,0f,0f,0f,1f],start_interpolation:0}
execute if entity @s[tag=aj.tutankhamen.bone.cape_right] run data modify entity @s {} merge value {transformation:[-0.9986853979033496f,0.02974448599165931f,-0.04174615632270695f,-0.41112944065115664f,-0.037503569624256924f,-0.9791758405410429f,0.19951981246527928f,1.6451053001464901f,-0.03494221343971221f,0.20082315318168284f,0.9790041383294042f,-0.08100672182391215f,0f,0f,0f,1f],start_interpolation:0}
execute if entity @s[tag=aj.tutankhamen.bone.weapon] run data modify entity @s {} merge value {transformation:[0.13139289785605834f,1.629425744612488f,-0.04790952721679428f,-0.39675611397005933f,-1.5946474747056278f,0.1384512357679386f,0.3354375654878334f,2.8692016376962246f,0.338264706138641f,0.019765417260457614f,1.5999293704637616f,-0.21691620671501344f,0f,0f,0f,1f],start_interpolation:0}
execute if entity @s[tag=aj.tutankhamen.bone.right_hand] run data modify entity @s {} merge value {transformation:[-0.9963367610369352f,0.08034215410306773f,-0.029294997533838553f,-0.29783923097270293f,-0.0846580804695683f,-0.9750710673359253f,0.2051083202982928f,1.8096001912543924f,-0.0120858602356963f,0.20683701776630278f,0.9783007615574593f,0.08182143664510481f,0f,0f,0f,1f],start_interpolation:0}
execute if entity @s[tag=aj.tutankhamen.bone.right_arm] run data modify entity @s {} merge value {transformation:[-0.9986853979033496f,0.02974448599165931f,-0.04174615632270695f,-0.2502017851871141f,-0.037503569624256924f,-0.9791758405410429f,0.19951981246527928f,1.49989901266421f,-0.03494221343971221f,0.20082315318168284f,0.9790041383294042f,0.12081662556873286f,0f,0f,0f,1f],start_interpolation:0}
execute if entity @s[tag=aj.tutankhamen.bone.body] run data modify entity @s {} merge value {transformation:[-0.8330371140181356f,-0.000990419197006407f,-0.5532162196990881f,0.0007428143977548053f,-0.0001559291247401432f,0.9999987780650912f,-0.0015554917012046009f,0.1875009164511816f,0.5532170842937187f,-0.0012095197967209113f,-0.8330362505362041f,0.0009071398475406834f,0f,0f,0f,1f],start_interpolation:0}
execute if entity @s[tag=aj.tutankhamen.bone.left_foot] run data modify entity @s {} merge value {transformation:[-0.6559128961689287f,-0.12708523948029918f,0.7440615663676785f,0.13880442524542133f,-0.20316184528832754f,0.9790732398498134f,-0.011868261415697244f,0.4530042652309669f,-0.7269824875871013f,-0.15894946654904085f,-0.6680056360731138f,0.16194969947324667f,0f,0f,0f,1f],start_interpolation:0}
execute if entity @s[tag=aj.tutankhamen.bone.left_leg] run data modify entity @s {} merge value {transformation:[-0.6559128961689287f,-0.12708523948029918f,0.7440615663676785f,0.06270735496751143f,-0.20316184528832754f,0.9790732398498134f,-0.011868261415697244f,0.875f,-0.7269824875871013f,-0.15894946654904085f,-0.6680056360731138f,0.06969110512094437f,0f,0f,0f,1f],start_interpolation:0}
execute if entity @s[tag=aj.tutankhamen.bone.right_foot] run data modify entity @s {} merge value {transformation:[-0.61674155278725f,0.14008701018955505f,0.7746002108453903f,-0.12202086765629495f,0.18343026820940625f,0.9825233522178184f,-0.03164172958746391f,0.4524806556934712f,-0.765495391083576f,0.12257035499178581f,-0.6316591757482753f,-0.17138733611943568f,0f,0f,0f,1f],start_interpolation:0}
execute if entity @s[tag=aj.tutankhamen.bone.right_leg] run data modify entity @s {} merge value {transformation:[-0.6491528612040044f,0.08920568177407631f,0.7554091005077161f,-0.06270735496751143f,0.19418395119982432f,0.9796287835006247f,0.05118632271916552f,0.875f,-0.7354543873600039f,0.17991607175655133f,-0.653251139483593f,-0.06969110512094437f,0f,0f,0f,1f],start_interpolation:0}