execute if entity @s[tag=aj.tutankhamen.bone.head] run data modify entity @s {} merge value {transformation:[0.5680784289711787f,0.14352048895644134f,-0.810363355407524f,0.0021553227536345743f,0.04982683975353052f,0.9768717383504842f,0.20793963752079364f,1.6249927878468844f,0.8214646581428889f,-0.15850386765567281f,0.5477885900239066f,-0.0022959186280249663f,0f,0f,0f,1f],start_interpolation:0}
execute if entity @s[tag=aj.tutankhamen.bone.back_cape] run data modify entity @s {} merge value {transformation:[0.3698003331257653f,0.4376488498134339f,-0.8195798910887522f,-0.14208330729284765f,-0.044284136632154796f,0.8894115889870116f,0.45495707557784376f,1.6256456022795258f,0.928055294076176f,-0.13194889022866985f,0.34828560335535674f,0.057777818858755076f,0f,0f,0f,1f],start_interpolation:0}
execute if entity @s[tag=aj.tutankhamen.bone.left_hand] run data modify entity @s {} merge value {transformation:[0.10804111152648993f,0.4549049847788313f,-0.883961861758465f,-0.4296072796281334f,-0.5201388371837403f,0.783621817065697f,0.33969462443760035f,1.4270402750469082f,0.8472205782871819f,0.42308191008601015f,0.3212771219441341f,-0.3389656444151411f,0f,0f,0f,1f],start_interpolation:0}
execute if entity @s[tag=aj.tutankhamen.bone.cape_left_back] run data modify entity @s {} merge value {transformation:[0.06993233294253977f,0.8950531647983409f,-0.4404421653221771f,-0.332947359716482f,-0.527608907359882f,0.40789964545618385f,0.745148790585633f,1.5063625965210106f,0.8466039863381966f,0.18027121628588882f,0.5007633961214426f,-0.24717344700433794f,0f,0f,0f,1f],start_interpolation:0}
execute if entity @s[tag=aj.tutankhamen.bone.cape_left_side] run data modify entity @s {} merge value {transformation:[0.06993233294253977f,0.8950531647983409f,-0.4404421653221771f,-0.2888190160734817f,-0.527608907359882f,0.40789964545618385f,0.745148790585633f,1.495657889472788f,0.8466039863381966f,0.18027121628588882f,0.5007633961214426f,-0.44205074438486147f,0f,0f,0f,1f],start_interpolation:0}
execute if entity @s[tag=aj.tutankhamen.bone.left_arm] run data modify entity @s {} merge value {transformation:[-0.008342804074096655f,0.8977422217020281f,-0.4404421653221771f,-0.13809723856093736f,-0.5611519927441335f,0.36036331795572224f,0.745148790585633f,1.4996316133119216f,0.8276707308220276f,0.25337162912498656f,0.5007633961214426f,-0.2417176902659221f,0f,0f,0f,1f],start_interpolation:0}
execute if entity @s[tag=aj.tutankhamen.bone.cape_right_back] run data modify entity @s {} merge value {transformation:[0.8283623900127048f,-0.5435260286371326f,-0.13562893130297216f,0.16849620757683012f,0.022031193608396005f,0.27353245228440143f,-0.9616104325845634f,1.3647898554307518f,0.5597592136987374f,0.7935738489524644f,0.23855852308845016f,0.14195381828648124f,0f,0f,0f,1f],start_interpolation:0}
execute if entity @s[tag=aj.tutankhamen.bone.cape_right] run data modify entity @s {} merge value {transformation:[0.8283623900127048f,-0.5435260286371326f,-0.13562893130297216f,0.3318350638420583f,0.022031193608396005f,0.27353245228440143f,-0.9616104325845634f,1.6086348375782045f,0.5597592136987374f,0.7935738489524644f,0.23855852308845016f,0.16977656465479643f,0f,0f,0f,1f],start_interpolation:0}
execute if entity @s[tag=aj.tutankhamen.bone.weapon] run data modify entity @s {} merge value {transformation:[1.6000130523979357f,0.31966028170664673f,0.11118997286887022f,0.16246645454527497f,0.02133648182530621f,0.4409458511518573f,-1.5747060628912286f,1.3263020992862418f,-0.3377730899741294f,1.5420673572390744f,0.42722977311762517f,-0.41112725039242537f,0f,0f,0f,1f],start_interpolation:0}
execute if entity @s[tag=aj.tutankhamen.bone.right_hand] run data modify entity @s {} merge value {transformation:[0.9613388646487575f,0.25953585966589426f,0.09202567502237186f,0.27080009405080446f,0.018827506048487513f,0.271459717196442f,-0.9622656322220086f,1.3913874257319991f,-0.27472370180206906f,0.9267959643239244f,0.25607836335984135f,0.045339654902480625f,0f,0f,0f,1f],start_interpolation:0}
execute if entity @s[tag=aj.tutankhamen.bone.right_arm] run data modify entity @s {} merge value {transformation:[0.8283623900127048f,-0.5435260286371326f,-0.13562893130297216f,0.07350426405029985f,0.022031193608396005f,0.27353245228440143f,-0.9616104325845634f,1.5006648909607123f,0.5597592136987374f,0.7935738489524644f,0.23855852308845016f,0.26633187666132874f,0f,0f,0f,1f],start_interpolation:0}
execute if entity @s[tag=aj.tutankhamen.bone.body] run data modify entity @s {} merge value {transformation:[0.3844818391969496f,0.0031350149143775626f,-0.9231272322974864f,-0.002351261185783172f,0.0018774748095152216f,0.9999895095954682f,0.004178012368904258f,0.1875078678033989f,0.9231306464504743f,-0.003339518004399951f,0.38447191991539226f,0.0025046385032999633f,0f,0f,0f,1f],start_interpolation:0}
execute if entity @s[tag=aj.tutankhamen.bone.left_foot] run data modify entity @s {} merge value {transformation:[-0.6251348051967829f,0.35207062176957893f,-0.6966008560275836f,-0.07423409595367825f,0.32313907213724996f,0.9291496895698439f,0.17961624211228763f,0.4583989148089042f,0.7104840711725052f,-0.11281458974372427f,-0.694611584233302f,-0.0446629107536656f,0f,0f,0f,1f],start_interpolation:0}
execute if entity @s[tag=aj.tutankhamen.bone.left_leg] run data modify entity @s {} merge value {transformation:[-0.6251348051967829f,0.35207062176957893f,-0.6966008560275836f,0.060261338408113076f,0.32313907213724996f,0.9291496895698439f,0.17961624211228763f,0.875f,0.7104840711725052f,-0.11281458974372427f,-0.694611584233302f,-0.07181666654240418f,0f,0f,0f,1f],start_interpolation:0}
execute if entity @s[tag=aj.tutankhamen.bone.right_foot] run data modify entity @s {} merge value {transformation:[-0.19457452270842657f,0.5529663208389197f,-0.8101660342983142f,0.24887189656325778f,0.4973170038097774f,0.7675358911578593f,0.4044310244110569f,0.61326346328774f,0.8454682447226827f,-0.3242173712224256f,-0.42434248357095483f,0.2400826490998035f,0f,0f,0f,1f],start_interpolation:0}
execute if entity @s[tag=aj.tutankhamen.bone.right_leg] run data modify entity @s {} merge value {transformation:[-0.5053308896960249f,-0.7426853149128494f,-0.4393850417706841f,-0.060261338408113076f,-0.172696667844441f,0.5859194647819914f,-0.7917539022354179f,0.875f,0.8454682447226808f,-0.32421737122243555f,-0.4243424835709508f,0.07181666654240418f,0f,0f,0f,1f],start_interpolation:0}