execute if entity @s[tag=aj.tutankhamen.bone.head] run data modify entity @s {} merge value {transformation:[-0.9693724638518278f,0.09354237927171555f,-0.22708335387258816f,-0.0010834285077356899f,0.04790398019583648f,0.9788812177066735f,0.1987379437915594f,1.6249979497753886f,0.24087805007354562f,0.1817728937473534f,-0.9533815501106994f,-0.0012826680420014302f,0f,0f,0f,1f],start_interpolation:0}
execute if entity @s[tag=aj.tutankhamen.bone.back_cape] run data modify entity @s {} merge value {transformation:[-0.8493891663569283f,0.14442587423308176f,-0.5076211293154498f,-0.08294646336002695f,0.01277557045849247f,0.9671728078346815f,0.25379823597621476f,1.6246206392406175f,0.5276123850659142f,0.20908832257490695f,-0.8233512279020837f,-0.1343704723725745f,0f,0f,0f,1f],start_interpolation:0}
execute if entity @s[tag=aj.tutankhamen.bone.left_hand] run data modify entity @s {} merge value {transformation:[-0.8133095602515813f,-0.33128175092066026f,-0.4783094821455261f,0.262700203175233f,-0.29376023499615384f,0.943407273646684f,-0.15390789572187347f,1.2149949755407299f,0.5022275216855248f,0.015333542887155216f,-0.8645995598681181f,-0.3035982380422003f,0f,0f,0f,1f],start_interpolation:0}
execute if entity @s[tag=aj.tutankhamen.bone.cape_left_back] run data modify entity @s {} merge value {transformation:[-0.8236476013730082f,-0.03236677301954115f,-0.5661775523250563f,0.18782706810344868f,-0.15696268575229158f,0.9723779685458981f,0.17275358626662393f,1.350780567129972f,0.5449471020511235f,0.23115682618268926f,-0.8059771570430692f,-0.29944311251419004f,0f,0f,0f,1f],start_interpolation:0}
execute if entity @s[tag=aj.tutankhamen.bone.cape_left_side] run data modify entity @s {} merge value {transformation:[-0.8236476013730082f,-0.03236677301954115f,-0.5661775523250563f,0.38729419985861324f,-0.15696268575229158f,0.9723779685458981f,0.17275358626662393f,1.3537117884954395f,0.5449471020511235f,0.23115682618268926f,-0.8059771570430692f,-0.28384395257929446f,0f,0f,0f,1f],start_interpolation:0}
execute if entity @s[tag=aj.tutankhamen.bone.left_arm] run data modify entity @s {} merge value {transformation:[-0.8176924234409113f,-0.10402922613639747f,-0.5661775523250563f,0.21416901303907804f,-0.24111371942475038f,0.9549975773462375f,0.17275358626662393f,1.5000096120338249f,0.522726768926647f,0.27777247410835976f,-0.8059771570430692f,-0.17664883241543167f,0f,0f,0f,1f],start_interpolation:0}
execute if entity @s[tag=aj.tutankhamen.bone.cape_right_back] run data modify entity @s {} merge value {transformation:[-0.9980960043027141f,0.014869003491361634f,-0.05986049557204243f,-0.2687263255250116f,-0.014571882737494006f,-0.9998792587381955f,-0.005397052773628231f,1.6867222125194807f,-0.059933516736808745f,-0.004514496686285138f,0.9981921623070519f,0.2001232721153205f,0f,0f,0f,1f],start_interpolation:0}
execute if entity @s[tag=aj.tutankhamen.bone.cape_right] run data modify entity @s {} merge value {transformation:[-0.9980960043027141f,0.014869003491361634f,-0.05986049557204243f,-0.40971370230430004f,-0.014571882737494006f,-0.9998792587381955f,-0.005397052773628231f,1.6857946190351543f,-0.059933516736808745f,-0.004514496686285138f,0.9981921623070519f,-0.058789380451568826f,0f,0f,0f,1f],start_interpolation:0}
execute if entity @s[tag=aj.tutankhamen.bone.weapon] run data modify entity @s {} merge value {transformation:[0.09257761579730504f,1.6307884698369048f,-0.08090751084667148f,-0.3677832993191497f,-1.632791593581178f,0.0926098832678466f,-0.0016416646624263325f,2.8809639325982532f,0.0029445874133067155f,0.08087057424819898f,1.633413283047754f,0.06222480424384293f,0f,0f,0f,1f],start_interpolation:0}
execute if entity @s[tag=aj.tutankhamen.bone.right_hand] run data modify entity @s {} merge value {transformation:[-0.9971700197728846f,0.056607968895167636f,-0.04947210854318521f,-0.29803417012263894f,-0.056627699323014695f,-0.9983948597693828f,-0.0010038204305280645f,1.81158906432456f,-0.04944952310717654f,0.0018005120489009326f,0.9987750010992636f,0.13642765165889015f,0f,0f,0f,1f],start_interpolation:0}
execute if entity @s[tag=aj.tutankhamen.bone.right_arm] run data modify entity @s {} merge value {transformation:[-0.9980960043027141f,0.014869003491361634f,-0.05986049557204243f,-0.25460351524749775f,-0.014571882737494006f,-0.9998792587381955f,-0.005397052773628231f,1.4998088398522968f,-0.059933516736808745f,-0.004514496686285138f,0.9981921623070519f,0.11169627754716639f,0f,0f,0f,1f],start_interpolation:0}
execute if entity @s[tag=aj.tutankhamen.bone.body] run data modify entity @s {} merge value {transformation:[-0.8517639129045356f,-0.0015758960112519124f,-0.523923423054664f,0.0011819220084389342f,-0.0003648048650929706f,0.9999970178551106f,-0.0024147874225342167f,0.18750223660866705f,0.5239256660929728f,-0.0018656989701838983f,-0.8517619477156675f,0.0013992742276379237f,0f,0f,0f,1f],start_interpolation:0}
execute if entity @s[tag=aj.tutankhamen.bone.left_foot] run data modify entity @s {} merge value {transformation:[-0.6685196810584115f,-0.12774895314226006f,0.7326401852264293f,0.14064509838179f,-0.19805208000825497f,0.9801423746265485f,-0.009813208743035502f,0.45237683860114297f,-0.7168380637507775f,-0.1516612357607812f,-0.680545413565876f,0.1573860000862834f,0f,0f,0f,1f],start_interpolation:0}
execute if entity @s[tag=aj.tutankhamen.bone.left_leg] run data modify entity @s {} merge value {transformation:[-0.6685196810584115f,-0.12774895314226006f,0.7326401852264293f,0.06386369134897586f,-0.19805208000825497f,0.9801423746265485f,-0.009813208743035502f,0.875f,-0.7168380637507775f,-0.1516612357607812f,-0.680545413565876f,0.06863301994872983f,0f,0f,0f,1f],start_interpolation:0}
execute if entity @s[tag=aj.tutankhamen.bone.right_foot] run data modify entity @s {} merge value {transformation:[-0.6368840416590165f,0.1376507432486735f,0.7585716778018832f,-0.12693609674638617f,0.18143836760322776f,0.9830571402063711f,-0.026053365439944583f,0.4518799164834453f,-0.7493055693384058f,0.12104103425020411f,-0.6510685307907982f,-0.1654528479920004f,0f,0f,0f,1f],start_interpolation:0}
execute if entity @s[tag=aj.tutankhamen.bone.right_leg] run data modify entity @s {} merge value {transformation:[-0.6630324531637294f,0.09680603711095723f,0.7423048950603511f,-0.06386369134897586f,0.19062705269016464f,0.9807478375157083f,0.04236751103054188f,0.875f,-0.7239124897626428f,0.16959442911585826f,-0.6687214941801392f,-0.06863301994872983f,0f,0f,0f,1f],start_interpolation:0}