execute if entity @s[tag=aj.tutankhamen.bone.head] run data modify entity @s {} merge value {transformation:[-0.9666684977743449f,0.09459737946714437f,-0.2379145880534445f,-0.000698080573002512f,0.05046378294507632f,0.9814081619078343f,0.185179443652794f,1.6249991599210936f,0.2510088086533287f,0.16700106448353905f,-0.9534700951995303f,-0.0008171849876708233f,0f,0f,0f,1f],start_interpolation:0}
execute if entity @s[tag=aj.tutankhamen.bone.back_cape] run data modify entity @s {} merge value {transformation:[-0.8234522992031938f,0.18264188685516533f,-0.5371854913369857f,-0.08982977641884207f,-0.04387958326175701f,0.9234382664893005f,0.38123004886290124f,1.6247561145384215f,0.5656862143536364f,0.33749623575563104f,-0.7523931138314806f,-0.12915090707421636f,0f,0f,0f,1f],start_interpolation:0}
execute if entity @s[tag=aj.tutankhamen.bone.left_hand] run data modify entity @s {} merge value {transformation:[-0.7413148052067647f,-0.27345277057568484f,-0.6129240914222073f,0.22642403508606165f,-0.2997724197754233f,0.9519837896253796f,-0.062155938030797275f,1.208117917233226f,0.6004905127670576f,0.1376606209305436f,-0.7876932762959027f,-0.30640790243188115f,0f,0f,0f,1f],start_interpolation:0}
execute if entity @s[tag=aj.tutankhamen.bone.cape_left_back] run data modify entity @s {} merge value {transformation:[-0.7592624112820037f,0.033238339613625024f,-0.6499352303068106f,0.15794431631119987f,-0.09774250724492946f,0.9815422897404927f,0.16438106864376262f,1.3471452196378813f,0.6434026679239934f,0.18833466550457406f,-0.7419993670331313f,-0.29985690178526586f,0f,0f,0f,1f],start_interpolation:0}
execute if entity @s[tag=aj.tutankhamen.bone.cape_left_side] run data modify entity @s {} merge value {transformation:[-0.7592624112820037f,0.033238339613625024f,-0.6499352303068106f,0.3578209718623643f,-0.09774250724492946f,0.9815422897404927f,0.16438106864376262f,1.341869852814431f,0.6434026679239934f,0.18833466550457406f,-0.7419993670331313f,-0.30763864776924843f,0f,0f,0f,1f],start_interpolation:0}
execute if entity @s[tag=aj.tutankhamen.bone.left_arm] run data modify entity @s {} merge value {transformation:[-0.7592701007562107f,-0.03306222169919486f,-0.6499352303068106f,0.2043950116225576f,-0.1829176147961625f,0.9692884041753607f,0.16438106864376262f,1.4999848290735085f,0.6245398788667833f,0.24369423265127954f,-0.7419993670331313f,-0.18794609880567625f,0f,0f,0f,1f],start_interpolation:0}
execute if entity @s[tag=aj.tutankhamen.bone.cape_right_back] run data modify entity @s {} merge value {transformation:[-0.9991964702292823f,0.03391978989221174f,-0.02135091883294682f,-0.26194040673336233f,-0.03750350596352686f,-0.9791758345535206f,0.19951985381625814f,1.7008451889824379f,-0.014138632245963234f,0.2001602679856458f,0.9796611486621936f,0.17469637724523693f,0f,0f,0f,1f],start_interpolation:0}
execute if entity @s[tag=aj.tutankhamen.bone.cape_right] run data modify entity @s {} merge value {transformation:[-0.9991964702292823f,0.03391978989221174f,-0.02135091883294682f,-0.412727125498451f,-0.03750350596352686f,-0.9791758345535206f,0.19951985381625814f,1.6451053027215723f,-0.014138632245963234f,0.2001602679856458f,0.9796611486621936f,-0.07242807120874323f,0f,0f,0f,1f],start_interpolation:0}
execute if entity @s[tag=aj.tutankhamen.bone.weapon] run data modify entity @s {} merge value {transformation:[0.3897101748685392f,1.5883051613007013f,0.0006064656590047199f,-0.5710200408551631f,-1.5417253311369157f,0.37813106575295313f,0.3933034122079502f,2.82913647659752f,0.38183328370614f,-0.09429361223963607f,1.5874192047962947f,-0.23869470949742966f,0f,0f,0f,1f],start_interpolation:0}
execute if entity @s[tag=aj.tutankhamen.bone.right_hand] run data modify entity @s {} merge value {transformation:[-0.9711929648717664f,0.23829411966483946f,0.00037083250486662916f,-0.2960708377374947f,-0.23121390007823966f,-0.9427110305041013f,0.2404912584201473f,1.8096001928767516f,0.05765724060512534f,0.23347767666107921f,0.9706512335060147f,0.08800568969795775f,0f,0f,0f,1f],start_interpolation:0}
execute if entity @s[tag=aj.tutankhamen.bone.right_arm] run data modify entity @s {} merge value {transformation:[-0.9991964702292823f,0.03391978989221174f,-0.02135091883294682f,-0.2476317295479771f,-0.03750350596352686f,-0.9791758345535206f,0.19951985381625814f,1.4998990127229521f,-0.014138632245963234f,0.2001602679856458f,0.9796611486621936f,0.12600046341041238f,0f,0f,0f,1f],start_interpolation:0}
execute if entity @s[tag=aj.tutankhamen.bone.body] run data modify entity @s {} merge value {transformation:[-0.8213366666434114f,-0.0010153899243672902f,-0.5704428534133731f,0.0007615424432754676f,-0.0001559290831486497f,0.9999987780670453f,-0.001555490449101667f,0.187500916449716f,0.5704437357997812f,-0.0011886327093393793f,-0.8213358213538915f,0.0008914745320045346f,0f,0f,0f,1f],start_interpolation:0}
execute if entity @s[tag=aj.tutankhamen.bone.left_foot] run data modify entity @s {} merge value {transformation:[-0.6732407275638491f,-0.13232891577678052f,0.7274860691440359f,0.143077632242656f,-0.1979629848118993f,0.9801972239143875f,-0.004904984698431002f,0.4523500578128274f,-0.7124307541043292f,-0.14731754912389033f,-0.6861049193282812f,0.15508510713112866f,0f,0f,0f,1f],start_interpolation:0}
execute if entity @s[tag=aj.tutankhamen.bone.left_leg] run data modify entity @s {} merge value {transformation:[-0.6732407275638491f,-0.13232891577678052f,0.7274860691440359f,0.06414495885394422f,-0.1979629848118993f,0.9801972239143875f,-0.004904984698431002f,0.875f,-0.7124307541043292f,-0.14731754912389033f,-0.6861049193282812f,0.06837021832366637f,0f,0f,0f,1f],start_interpolation:0}
execute if entity @s[tag=aj.tutankhamen.bone.right_foot] run data modify entity @s {} merge value {transformation:[-0.6297814579400439f,0.16735575602909716f,0.7585297397985408f,-0.11387631619664153f,0.16462454739483873f,0.9830888847278714f,-0.08021847118684387f,0.45255509440340796f,-0.7591271788244426f,0.07435250936208761f,-0.6466820166987819f,-0.17537445343770003f,0f,0f,0f,1f],start_interpolation:0}
execute if entity @s[tag=aj.tutankhamen.bone.right_leg] run data modify entity @s {} merge value {transformation:[-0.6962359809651575f,0.06394053242865401f,0.7149594863502583f,-0.06414495885394422f,0.18375066429034573f,0.9787134030986636f,0.09140988988008575f,0.875f,-0.6938956349353566f,0.19501713490812286f,-0.6931646015989893f,-0.06837021832366637f,0f,0f,0f,1f],start_interpolation:0}