execute if entity @s[tag=aj.tutankhamen.bone.head] run data modify entity @s {} merge value {transformation:[-0.966495142896741f,0.09525941824819911f,-0.23835432027136244f,-0.00045027939933088676f,0.05068670577085289f,0.9811303304933527f,0.18658545614303246f,1.6249996636467086f,0.2516306750281204f,0.16825254179660756f,-0.9530860850751487f,-0.000509641172801441f,0f,0f,0f,1f],start_interpolation:0}
execute if entity @s[tag=aj.tutankhamen.bone.back_cape] run data modify entity @s {} merge value {transformation:[-0.8286517276020469f,0.18110538627751388f,-0.5296575812762582f,-0.08839418640210958f,-0.0662267748053963f,0.9078497497909009f,0.4140324215607687f,1.6248463256029617f,0.5558330042746822f,0.3781661947687435f,-0.7402972379342706f,-0.12966036013530263f,0f,0f,0f,1f],start_interpolation:0}
execute if entity @s[tag=aj.tutankhamen.bone.left_hand] run data modify entity @s {} merge value {transformation:[-0.7452765863392238f,-0.2704708315549072f,-0.6094328011623195f,0.22737338076820385f,-0.29292990106316685f,0.9539131293106866f,-0.06512921611547762f,1.2085461835198097f,0.5989615037025982f,0.1299818102916342f,-0.7901581146046862f,-0.30545084291362967f,0f,0f,0f,1f],start_interpolation:0}
execute if entity @s[tag=aj.tutankhamen.bone.cape_left_back] run data modify entity @s {} merge value {transformation:[-0.7633944465979764f,0.03768361331112966f,-0.6448324310944568f,0.15963845271185848f,-0.09635339381061195f,0.9804840309411818f,0.1713682834439002f,1.3479260829033428f,0.6387056774481868f,0.1929533890791998f,-0.7448651201649221f,-0.29865367615758676f,0f,0f,0f,1f],start_interpolation:0}
execute if entity @s[tag=aj.tutankhamen.bone.cape_left_side] run data modify entity @s {} merge value {transformation:[-0.7633944465979764f,0.03768361331112966f,-0.6448324310944568f,0.3595228888795994f,-0.09635339381061195f,0.9804840309411818f,0.1713682834439002f,1.3415602652557634f,0.6387056774481868f,0.1929533890791998f,-0.7448651201649221f,-0.3053432982382507f,0f,0f,0f,1f],start_interpolation:0}
execute if entity @s[tag=aj.tutankhamen.bone.left_arm] run data modify entity @s {} merge value {transformation:[-0.7637738435611332f,-0.0289939942171972f,-0.6448324310944568f,0.20631693665665404f,-0.18144155402617418f,0.9683552415834067f,0.1713682834439002f,1.4999976734272555f,0.6194582135741047f,0.24788601089467546f,-0.7448651201649221f,-0.18579539501250145f,0f,0f,0f,1f],start_interpolation:0}
execute if entity @s[tag=aj.tutankhamen.bone.cape_right_back] run data modify entity @s {} merge value {transformation:[-0.9990456768010254f,0.03160679507602898f,-0.030145417067995284f,-0.2632361055780731f,-0.036948756164002956f,-0.9796270121616412f,0.1973973314439392f,1.700776497510559f,-0.023292167849182976f,0.19832278625583405f,0.9798599631419829f,0.1729695414993145f,0f,0f,0f,1f],start_interpolation:0}
execute if entity @s[tag=aj.tutankhamen.bone.cape_right] run data modify entity @s {} merge value {transformation:[-0.9990456768010254f,0.03160679507602898f,-0.030145417067995284f,-0.4118006383112345f,-0.036948756164002956f,-0.9796270121616412f,0.1973973314439392f,1.6456539214989487f,-0.023292167849182976f,0.19832278625583405f,0.9798599631419829f,-0.07563485051261604f,0f,0f,0f,1f],start_interpolation:0}
execute if entity @s[tag=aj.tutankhamen.bone.weapon] run data modify entity @s {} merge value {transformation:[0.3953919620067597f,1.5868248418683024f,-0.015485193611775956f,-0.5722585953924219f,-1.5394389803253987f,0.3874219900331962f,0.3932168626909641f,2.8180203755329924f,0.3852018897231057f,-0.08049097141584902f,1.5873652324797185f,-0.24030495628693208f,0f,0f,0f,1f],start_interpolation:0}
execute if entity @s[tag=aj.tutankhamen.bone.right_hand] run data modify entity @s {} merge value {transformation:[-0.9702878013971785f,0.2417683334563628f,-0.00946865341866484f,-0.29652304379585903f,-0.23689497479736843f,-0.9413130070779507f,0.2404383364225005f,1.8097378921853928f,0.04921740927338615f,0.23553746123196273f,0.9706182313251782f,0.08621006527567435f,0f,0f,0f,1f],start_interpolation:0}
execute if entity @s[tag=aj.tutankhamen.bone.right_arm] run data modify entity @s {} merge value {transformation:[-0.9990456768010254f,0.03160679507602898f,-0.030145417067995284f,-0.24858720233993906f,-0.036948756164002956f,-0.9796270121616412f,0.1973973314439392f,1.4999293589118532f,-0.023292167849182976f,0.19832278625583405f,0.9798599631419829f,0.12396716838387709f,0f,0f,0f,1f],start_interpolation:0}
execute if entity @s[tag=aj.tutankhamen.bone.body] run data modify entity @s {} merge value {transformation:[-0.8265649244516595f,-0.0006549518535721989f,-0.5628410048177835f,0.0004912138901791491f,-0.00012412809078179114f,0.999999510758849f,-0.000981363479980001f,0.18750036693086325f,0.5628413721986327f,-0.0007412962513475505f,-0.8265646013600075f,0.0005559721885106629f,0f,0f,0f,1f],start_interpolation:0}
execute if entity @s[tag=aj.tutankhamen.bone.left_foot] run data modify entity @s {} merge value {transformation:[-0.6862803270527562f,-0.1331016076017502f,0.7150547354952568f,0.145005551990849f,-0.19273653425044524f,0.981247778264294f,-0.002329381143995117f,0.45172711370469776f,-0.7013358261671001f,-0.1394157799720561f,-0.6990645887393341f,0.15015251467868684f,0f,0f,0f,1f],start_interpolation:0}
execute if entity @s[tag=aj.tutankhamen.bone.left_leg] run data modify entity @s {} merge value {transformation:[-0.6862803270527562f,-0.1331016076017502f,0.7150547354952568f,0.06532733844468466f,-0.19273653425044524f,0.981247778264294f,-0.002329381143995117f,0.875f,-0.7013358261671001f,-0.1394157799720561f,-0.6990645887393341f,0.06724136637319043f,0f,0f,0f,1f],start_interpolation:0}
execute if entity @s[tag=aj.tutankhamen.bone.right_foot] run data modify entity @s {} merge value {transformation:[-0.6495970969629794f,0.16607799684153413f,0.7419175901556538f,-0.11762512893230284f,0.16046000260580776f,0.983816599955481f,-0.07973383984094443f,0.45188762710282493f,-0.7431528773953672f,0.06725322755928222f,-0.6657332830810293f,-0.17031257239812764f,0f,0f,0f,1f],start_interpolation:0}
execute if entity @s[tag=aj.tutankhamen.bone.right_leg] run data modify entity @s {} merge value {transformation:[-0.7125504130014844f,0.06864134875730697f,0.6982551640855882f,-0.06532733844468466f,0.1794475106602348f,0.9799316745264169f,0.08679000044761687f,0.875f,-0.6782849694997367f,0.18714240166416102f,-0.7105682385598944f,-0.06724136637319043f,0f,0f,0f,1f],start_interpolation:0}