execute if entity @s[tag=aj.tutankhamen.bone.head] run data modify entity @s {} merge value {transformation:[-0.968799723646906f,0.09397227592254072f,-0.2293388471664064f,-0.0010864600909662417f,0.04790398471206471f,0.9788812192861649f,0.1987379349231986f,1.6249979497786537f,0.24317134640081395f,0.18155101180320957f,-0.9528415011967344f,-0.0012800994564955465f,0f,0f,0f,1f],start_interpolation:0}
execute if entity @s[tag=aj.tutankhamen.bone.back_cape] run data modify entity @s {} merge value {transformation:[-0.8481382052313055f,0.14492024175640622f,-0.5095681586954631f,-0.08326421238554893f,0.012775550736038995f,0.9671728154219349f,0.25379820805553144f,1.6246206395488878f,0.5296209683636127f,0.20874594280625605f,-0.8221476517217065f,-0.1341738057213173f,0f,0f,0f,1f],start_interpolation:0}
execute if entity @s[tag=aj.tutankhamen.bone.left_hand] run data modify entity @s {} merge value {transformation:[-0.8080014308447514f,-0.3265719674124316f,-0.4903921266223673f,0.2597534585176512f,-0.2936717189737407f,0.9447977877603325f,-0.14530678483192108f,1.2142459981050107f,0.5107745189688326f,0.02660620874073616f,-0.8593029154079497f,-0.30335993246647475f,0f,0f,0f,1f],start_interpolation:0}
execute if entity @s[tag=aj.tutankhamen.bone.cape_left_back] run data modify entity @s {} merge value {transformation:[-0.8193763775410379f,-0.025594090544746137f,-0.572684288641581f,0.1855728411116394f,-0.15074868777220846f,0.9734622381330312f,0.17218044042221284f,1.3504074399762254f,0.5530797275824558f,0.22741199057705225f,-0.8014902379187778f,-0.29908488209410616f,0f,0f,0f,1f],start_interpolation:0}
execute if entity @s[tag=aj.tutankhamen.bone.cape_left_side] run data modify entity @s {} merge value {transformation:[-0.8193763775410379f,-0.025594090544746137f,-0.572684288641581f,0.3851859361826242f,-0.15074868777220846f,0.9734622381330312f,0.17218044042221284f,1.3524393673878563f,0.5530797275824558f,0.22741199057705225f,-0.8014902379187778f,-0.28531730978901765f,0f,0f,0f,1f],start_interpolation:0}
execute if entity @s[tag=aj.tutankhamen.bone.left_arm] run data modify entity @s {} merge value {transformation:[-0.8140277310766242f,-0.09691005407763091f,-0.572684288641581f,0.21375038198059113f,-0.23501786790424403f,0.9566193065696282f,0.17218044042221284f,1.500009612081703f,0.531154831291203f,0.2747506937514708f,-0.8014902379187778f,-0.17715515879916127f,0f,0f,0f,1f],start_interpolation:0}
execute if entity @s[tag=aj.tutankhamen.bone.cape_right_back] run data modify entity @s {} merge value {transformation:[-0.9982350432392122f,0.014858215899353827f,-0.05749810318172399f,-0.2682519734868716f,-0.014571822334362015f,-0.9998792598137191f,-0.005397016604210001f,1.6867222163761115f,-0.05757135088795301f,-0.0045496389591394145f,0.9983310274364301f,0.20075863668759714f,0f,0f,0f,1f],start_interpolation:0}
execute if entity @s[tag=aj.tutankhamen.bone.cape_right] run data modify entity @s {} merge value {transformation:[-0.9982350432392122f,0.014858215899353827f,-0.05749810318172399f,-0.4098516731975675f,-0.014571822334362015f,-0.9998792598137191f,-0.005397016604210001f,1.68579462328742f,-0.05757135088795301f,-0.0045496389591394145f,0.9983310274364301f,-0.05781964374775306f,0f,0f,0f,1f],start_interpolation:0}
execute if entity @s[tag=aj.tutankhamen.bone.weapon] run data modify entity @s {} merge value {transformation:[0.12116183957779854f,1.6292323828869226f,-0.07422482599397225f,-0.3864727888644125f,-1.6308907054631325f,0.12149708726416196f,0.004651691241313982f,2.879218513506266f,0.010148353324737099f,0.07367478503556243f,1.6337247964653878f,0.05825089347247178f,0f,0f,0f,1f],start_interpolation:0}
execute if entity @s[tag=aj.tutankhamen.bone.right_hand] run data modify entity @s {} merge value {transformation:[-0.9962185271155706f,0.07408622037878149f,-0.04538588086255383f,-0.2977104641266584f,-0.07429121259464701f,-0.9972325332768198f,0.002844346236727203f,1.8115890679426405f,-0.045049550085437f,0.006205362542514414f,0.9989654806412563f,0.13713254762746413f,0f,0f,0f,1f],start_interpolation:0}
execute if entity @s[tag=aj.tutankhamen.bone.right_arm] run data modify entity @s {} merge value {transformation:[-0.9982350432392122f,0.014858215899353827f,-0.05749810318172399f,-0.2543384771974758f,-0.014571822334362015f,-0.9998792598137191f,-0.005397016604210001f,1.4998088399538076f,-0.05757135088795301f,-0.0045496389591394145f,0.9983310274364301f,0.1122984741525232f,0f,0f,0f,1f],start_interpolation:0}
execute if entity @s[tag=aj.tutankhamen.bone.body] run data modify entity @s {} merge value {transformation:[-0.8505216799666886f,-0.0015803055868599879f,-0.5259376146853292f,0.0011852291901449908f,-0.000364804767641584f,0.99999701785986f,-0.0024147854705025206f,0.187502236605105f,0.5259398623646273f,-0.001861962845811704f,-0.8505197200948592f,0.0013964721343587782f,0f,0f,0f,1f],start_interpolation:0}
execute if entity @s[tag=aj.tutankhamen.bone.left_foot] run data modify entity @s {} merge value {transformation:[-0.6704783494130306f,-0.1283329562924461f,0.7307458075812816f,0.14112404634370607f,-0.1974610141869481f,0.9802692277346705f,-0.009021587040786842f,0.4523028695594237f,-0.7151698615326573f,-0.15034258706605305f,-0.6825900494950436f,0.15660563717268303f,0f,0f,0f,1f],start_interpolation:0}
execute if entity @s[tag=aj.tutankhamen.bone.left_leg] run data modify entity @s {} merge value {transformation:[-0.6704783494130306f,-0.1283329562924461f,0.7307458075812816f,0.06402592954660367f,-0.1974610141869481f,0.9802692277346705f,-0.009021587040786842f,0.875f,-0.7151698615326573f,-0.15034258706605305f,-0.6825900494950436f,0.06848169715838928f,0f,0f,0f,1f],start_interpolation:0}
execute if entity @s[tag=aj.tutankhamen.bone.right_foot] run data modify entity @s {} merge value {transformation:[-0.6384247194979764f,0.14060451415402034f,0.7567326133671274f,-0.12594787370821375f,0.17906065707218993f,0.9833291053786247f,-0.03164097982283808f,0.4518357622525711f,-0.7485660683084733f,0.11530065530943671f,-0.6529583449672796f,-0.1658496242333965f,0f,0f,0f,1f],start_interpolation:0}
execute if entity @s[tag=aj.tutankhamen.bone.right_leg] run data modify entity @s {} merge value {transformation:[-0.668431923017659f,0.09379073501099028f,0.7378360673733785f,-0.06402592954660367f,0.1894569832522759f,0.9807651850835715f,0.04696491482942023f,0.875f,-0.7192390532972062f,0.17118104379307317f,-0.6733440684063778f,-0.06848169715838928f,0f,0f,0f,1f],start_interpolation:0}