execute if entity @s[tag=aj.tutankhamen.bone.head] run data modify entity @s {} merge value {transformation:[-0.967333599419214f,0.09669658230887329f,-0.23434051805961958f,-0.0002627917928657151f,0.04860179200451913f,0.9779870992744583f,0.20292634000218018f,1.624999894590931f,0.24880428703826046f,0.18490809777431125f,-0.9507394081076416f,-0.0002754594936462142f,0f,0f,0f,1f],start_interpolation:0}
execute if entity @s[tag=aj.tutankhamen.bone.back_cape] run data modify entity @s {} merge value {transformation:[-0.8629639583788644f,0.14761599494436234f,-0.4832211963228304f,-0.07901150827904624f,0.004269990701165893f,0.9584673925162256f,0.2851701679042876f,1.6249157214985046f,0.5052474381117567f,0.24402822689134465f,-0.8277531339486266f,-0.13522987797140362f,0f,0f,0f,1f],start_interpolation:0}
execute if entity @s[tag=aj.tutankhamen.bone.left_hand] run data modify entity @s {} merge value {transformation:[-0.8323994082270405f,-0.32815737299407166f,-0.4465691029761265f,0.27022245485596147f,-0.2661853282406331f,0.9435378818047189f,-0.19718427074412115f,1.2191390562928466f,0.48606233778467034f,-0.04526592702126164f,-0.8727510524990542f,-0.305596640956928f,0f,0f,0f,1f],start_interpolation:0}
execute if entity @s[tag=aj.tutankhamen.bone.cape_left_back] run data modify entity @s {} merge value {transformation:[-0.839603084409625f,-0.03620226238901794f,-0.541992672319249f,0.19566145262661358f,-0.17156612018842582f,0.9643753360410223f,0.20135857975079194f,1.3550063527607314f,0.5153947293612292f,0.26204886459147675f,-0.815903588368738f,-0.2991380804412494f,0f,0f,0f,1f],start_interpolation:0}
execute if entity @s[tag=aj.tutankhamen.bone.cape_left_side] run data modify entity @s {} merge value {transformation:[-0.839603084409625f,-0.03620226238901794f,-0.541992672319249f,0.3945985186055236f,-0.17156612018842582f,0.9643753360410223f,0.20135857975079194f,1.356643736571324f,0.5153947293612292f,0.26204886459147675f,-0.815903588368738f,-0.2776805583578492f,0f,0f,0f,1f],start_interpolation:0}
execute if entity @s[tag=aj.tutankhamen.bone.left_arm] run data modify entity @s {} merge value {transformation:[-0.8332529061226841f,-0.10924073228581148f,-0.541992672319249f,0.21886268931177547f,-0.2549641080040588f,0.9457526240991556f,0.20135857975079194f,1.500015318666557f,0.490594433384436f,0.3059712999926971f,-0.815903588368738f,-0.1707802074685235f,0f,0f,0f,1f],start_interpolation:0}
execute if entity @s[tag=aj.tutankhamen.bone.cape_right_back] run data modify entity @s {} merge value {transformation:[-0.9859986892445776f,-0.004818410332311826f,-0.16668343567926647f,-0.2762529869272735f,-0.01424922031031237f,-0.9934917604111922f,0.11300921075566865f,1.6960944681900483f,-0.1661431446931318f,0.11380204267472716f,0.979512914950353f,0.170546236179399f,0f,0f,0f,1f],start_interpolation:0}
execute if entity @s[tag=aj.tutankhamen.bone.cape_right] run data modify entity @s {} merge value {transformation:[-0.9859986892445776f,-0.004818410332311826f,-0.16668343567926647f,-0.38864442320192216f,-0.01424922031031237f,-0.9934917604111922f,0.11300921075566865f,1.6656157248276449f,-0.1661431446931318f,0.11380204267472716f,0.979512914950353f,-0.10029185891649106f,0f,0f,0f,1f],start_interpolation:0}
execute if entity @s[tag=aj.tutankhamen.bone.weapon] run data modify entity @s {} merge value {transformation:[0.1625595754386664f,0.633190867382332f,-1.499076843763495f,-0.3016611948105063f,-1.6134068195337943f,0.25927454555572066f,-0.06544324502830702f,2.836173061434279f,0.2123216727660202f,1.4854069170101496f,0.6504409825521102f,-0.10288906795553289f,0f,0f,0f,1f],start_interpolation:0}
execute if entity @s[tag=aj.tutankhamen.bone.right_hand] run data modify entity @s {} merge value {transformation:[-0.9863824821668636f,0.004319042375158755f,-0.16441090215462667f,-0.2960454299446735f,-0.023345247412547395f,-0.9932100643671645f,0.1139682739319171f,1.8127725744345207f,-0.16280232890712482f,0.11625452211735732f,0.9797858377164276f,0.08990945038900071f,0f,0f,0f,1f],start_interpolation:0}
execute if entity @s[tag=aj.tutankhamen.bone.right_arm] run data modify entity @s {} merge value {transformation:[-0.9859986892445776f,-0.004818410332311826f,-0.16668343567926647f,-0.2564835260779172f,-0.01424922031031237f,-0.9934917604111922f,0.11300921075566865f,1.4999447562511694f,-0.1661431446931318f,0.11380204267472716f,0.979512914950353f,0.10659426244650225f,0f,0f,0f,1f],start_interpolation:0}
execute if entity @s[tag=aj.tutankhamen.bone.body] run data modify entity @s {} merge value {transformation:[-0.8637083616750871f,-0.0003822426078046765f,-0.5039917855115553f,0.0002866819558535074f,-0.00012821254533443294f,0.9999998466777176f,-0.000538707791528373f,0.18750011499171182f,0.5039919141554555f,-0.00040066835439449337f,-0.8637082782576474f,0.00030050126579587f,0f,0f,0f,1f],start_interpolation:0}
execute if entity @s[tag=aj.tutankhamen.bone.left_foot] run data modify entity @s {} merge value {transformation:[-0.7143479322036446f,-0.12837566528223576f,0.6879147623940924f,0.14653890776485487f,-0.17878677926791303f,0.9838857110750071f,-0.0020481946768229143f,0.45013708825680665f,-0.6765665668028416f,-0.12445318841143044f,-0.7257885949633304f,0.14007430027870896f,0f,0f,0f,1f],start_interpolation:0}
execute if entity @s[tag=aj.tutankhamen.bone.left_leg] run data modify entity @s {} merge value {transformation:[-0.7143479322036446f,-0.12837566528223576f,0.6879147623940924f,0.06805118132251284f,-0.17878677926791303f,0.9838857110750071f,-0.0020481946768229143f,0.875f,-0.6765665668028416f,-0.12445318841143044f,-0.7257885949633304f,0.06448332513611935f,0f,0f,0f,1f],start_interpolation:0}
execute if entity @s[tag=aj.tutankhamen.bone.right_foot] run data modify entity @s {} merge value {transformation:[-0.7082742589347377f,0.1298190198540509f,0.6938981165953557f,-0.14373944964210733f,0.17497289756030868f,0.9845573274091756f,-0.005599478926756369f,0.4499793305035023f,-0.6839093940353487f,0.11744739728506126f,-0.7200514215118022f,-0.14201737597528258f,0f,0f,0f,1f],start_interpolation:0}
execute if entity @s[tag=aj.tutankhamen.bone.right_leg] run data modify entity @s {} merge value {transformation:[-0.7133717198304196f,0.1220466333140432f,0.6900763788472236f,-0.06805118132251284f,0.17719834511469407f,0.9841328406430443f,0.00912679880714856f,0.875f,-0.6780129319082366f,0.12879119249607052f,-0.7236789985211931f,-0.06448332513611935f,0f,0f,0f,1f],start_interpolation:0}