execute if entity @s[tag=aj.tutankhamen.bone.head] run data modify entity @s {} merge value {transformation:[-0.9710264395486266f,0.0910793739691651f,-0.2209348350416988f,-0.001267102421385005f,0.04892243971518456f,0.9807050009371091f,0.1892730726470587f,1.6249969219090596f,0.23391077057252369f,0.17298048668659022f,-0.9567463104897969f,-0.0016207458227752937f,0f,0f,0f,1f],start_interpolation:0}
execute if entity @s[tag=aj.tutankhamen.bone.back_cape] run data modify entity @s {} merge value {transformation:[-0.8339584174436961f,0.16655774025105433f,-0.5260911300689914f,-0.08754999313840899f,-0.006434564350318742f,0.9503620208828084f,0.3110797737641679f,1.6245308011727482f,0.5517897736968561f,0.2628127630576694f,-0.7914906804363308f,-0.13188627465129266f,0f,0f,0f,1f],start_interpolation:0}
execute if entity @s[tag=aj.tutankhamen.bone.left_hand] run data modify entity @s {} merge value {transformation:[-0.7902757038670257f,-0.3299747813770896f,-0.516314783376013f,0.2524779321370928f,-0.31118119160494534f,0.9419969292216703f,-0.12573007328507246f,1.2124877808436811f,0.5278546938967235f,0.06130602737158364f,-0.8471192319497363f,-0.3068896155750317f,0f,0f,0f,1f],start_interpolation:0}
execute if entity @s[tag=aj.tutankhamen.bone.cape_left_back] run data modify entity @s {} merge value {transformation:[-0.802195356799567f,-0.026197952259807436f,-0.596486610768933f,0.17746015271375265f,-0.14728612133351435f,0.9768454095362744f,0.15517681634328545f,1.3481922162726214f,0.5786098927530922f,0.2123363208810526f,-0.7874794466161983f,-0.30269232094928844f,0f,0f,0f,1f],start_interpolation:0}
execute if entity @s[tag=aj.tutankhamen.bone.cape_left_side] run data modify entity @s {} merge value {transformation:[-0.802195356799567f,-0.026197952259807436f,-0.596486610768933f,0.3773640035598016f,-0.14728612133351435f,0.9768454095362744f,0.15517681634328545f,1.3518085706880723f,0.5786098927530922f,0.2123363208810526f,-0.7874794466161983f,-0.2946651858649343f,0f,0f,0f,1f],start_interpolation:0}
execute if entity @s[tag=aj.tutankhamen.bone.left_arm] run data modify entity @s {} merge value {transformation:[-0.7968594592898736f,-0.09601419329266976f,-0.596486610768933f,0.20800500362426227f,-0.23186334039271886f,0.9602913865340522f,0.15517681634328545f,1.499952011202316f,0.5579017776653707f,0.26195749203805074f,-0.7874794466161983f,-0.18404318333492556f,0f,0f,0f,1f],start_interpolation:0}
execute if entity @s[tag=aj.tutankhamen.bone.cape_right_back] run data modify entity @s {} merge value {transformation:[-0.9991419055645218f,0.02368673905571582f,-0.03397632908074599f,-0.26432943211261034f,-0.027045129957583f,-0.994410682028474f,0.102058593039699f,1.6951023322444134f,-0.03136898931228371f,0.10288991136438924f,0.9941979946916784f,0.1879805169822414f,0f,0f,0f,1f],start_interpolation:0}
execute if entity @s[tag=aj.tutankhamen.bone.cape_right] run data modify entity @s {} merge value {transformation:[-0.9991419055645218f,0.02368673905571582f,-0.03397632908074599f,-0.41195127258688036f,-0.027045129957583f,-0.994410682028474f,0.102058593039699f,1.6653618824286163f,-0.03136898931228371f,0.10288991136438924f,0.9941979946916784f,-0.06547038627072252f,0f,0f,0f,1f],start_interpolation:0}
execute if entity @s[tag=aj.tutankhamen.bone.weapon] run data modify entity @s {} merge value {transformation:[0.1415497154569129f,1.6289965094316978f,-0.030359906530220374f,-0.40305055213569274f,-1.6192569623075792f,0.14402951006561826f,0.1784658618890502f,2.898182713033161f,0.18043902483556756f,0.014613216645033827f,1.6253663851042286f,-0.08179391761041804f,0f,0f,0f,1f],start_interpolation:0}
execute if entity @s[tag=aj.tutankhamen.bone.right_hand] run data modify entity @s {} merge value {transformation:[-0.9960742987607831f,0.08655269225390874f,-0.018564019279637644f,-0.29638993847591955f,-0.08806899978534778f,-0.9901189068887108f,0.10912562255636081f,1.8121798451218172f,-0.008935470050478938f,0.11033214257461456f,0.9938546049044963f,0.11200162247745399f,0f,0f,0f,1f],start_interpolation:0}
execute if entity @s[tag=aj.tutankhamen.bone.right_arm] run data modify entity @s {} merge value {transformation:[-0.9991419055645218f,0.02368673905571582f,-0.03397632908074599f,-0.25082743731487533f,-0.027045129957583f,-0.994410682028474f,0.102058593039699f,1.4998228161492206f,-0.03136898931228371f,0.10288991136438924f,0.9941979946916784f,0.11987029197584628f,0f,0f,0f,1f],start_interpolation:0}
execute if entity @s[tag=aj.tutankhamen.bone.body] run data modify entity @s {} merge value {transformation:[-0.8337026845202417f,-0.0018430580674690983f,-0.5522105005889535f,0.0013822935506018238f,-0.0002347485770009016f,0.999995522776814f,-0.0029831727123929676f,0.18750335791738948f,0.5522135263798309f,-0.0023574484694913363f,-0.833699384502511f,0.0017680863521185022f,0f,0f,0f,1f],start_interpolation:0}
execute if entity @s[tag=aj.tutankhamen.bone.left_foot] run data modify entity @s {} merge value {transformation:[-0.6381294100783619f,-0.12581171630225302f,0.7595803236222773f,0.13605708513226605f,-0.21024699005543832f,0.9775375177952944f,-0.014717488754641598f,0.45389755440379115f,-0.7406666315999869f,-0.1690911391637539f,-0.6502469742264347f,0.16825098873622973f,0f,0f,0f,1f],start_interpolation:0}
execute if entity @s[tag=aj.tutankhamen.bone.left_leg] run data modify entity @s {} merge value {transformation:[-0.6381294100783619f,-0.12581171630225302f,0.7595803236222773f,0.06107291518508154f,-0.21024699005543832f,0.9775375177952944f,-0.014717488754641598f,0.875f,-0.7406666315999869f,-0.1690911391637539f,-0.6502469742264347f,0.0711277831145878f,0f,0f,0f,1f],start_interpolation:0}
execute if entity @s[tag=aj.tutankhamen.bone.right_foot] run data modify entity @s {} merge value {transformation:[-0.5880178815040642f,0.1436561964453228f,0.7959886106310412f,-0.11490536968120485f,0.18639881552468401f,0.9816809548082952f,-0.03947131284450525f,0.4533806804449761f,-0.7870771579727539f,0.12516149643375485f,-0.6040233002194502f,-0.17939610129161232f,0f,0f,0f,1f],start_interpolation:0}
execute if entity @s[tag=aj.tutankhamen.bone.right_leg] run data modify entity @s {} merge value {transformation:[-0.6295350950623976f,0.07807881777239631f,0.7730389785127547f,-0.06107291518508154f,0.1991170403080718f,0.9779239475763456f,0.06338104618614768f,0.875f,-0.7510246123421868f,0.19382582638018553f,-0.6311842684068627f,-0.0711277831145878f,0f,0f,0f,1f],start_interpolation:0}