execute if entity @s[tag=aj.tutankhamen.bone.head] run data modify entity @s {} merge value {transformation:[-0.8890275236548163f,-0.012635280412120906f,0.457679376718126f,0.010496425446510244f,0.08968603124590449f,0.9754478116207794f,0.20114169782417304f,1.6244050874652824f,-0.4489838281982368f,0.2198679524012978f,-0.8660667442658889f,0.02659841850859636f,0f,0f,0f,1f],start_interpolation:0}
execute if entity @s[tag=aj.tutankhamen.bone.back_cape] run data modify entity @s {} merge value {transformation:[0.06225395638990053f,-0.9762378373344311f,-0.20756716953891566f,0.16610885392494049f,-0.0182742863670517f,-0.20905063225224982f,0.9777340556678538f,1.6225685775948944f,-0.997893028020328f,-0.05707467136591457f,-0.030854278745313313f,0.012617651915115331f,0f,0f,0f,1f],start_interpolation:0}
execute if entity @s[tag=aj.tutankhamen.bone.left_hand] run data modify entity @s {} merge value {transformation:[0.10279928607833212f,0.9879650271903246f,0.11557426976021057f,0.10170676605373817f,0.0798798983134778f,0.10761515334947602f,-0.9909783956348375f,1.4036692390477696f,-0.9914895403518957f,0.1111039325064122f,-0.06785578497369923f,0.5949144123353938f,0f,0f,0f,1f],start_interpolation:0}
execute if entity @s[tag=aj.tutankhamen.bone.cape_left_back] run data modify entity @s {} merge value {transformation:[0.7546865127716004f,-0.20968334790782428f,0.621676090139236f,0.14433129098615405f,-0.49503072216860017f,0.43986823768650885f,0.749306691271204f,1.4889690643824143f,-0.4305727018168654f,-0.8732404176884687f,0.2281629272370808f,0.47257035657853824f,0f,0f,0f,1f],start_interpolation:0}
execute if entity @s[tag=aj.tutankhamen.bone.cape_left_side] run data modify entity @s {} merge value {transformation:[0.7546865127716004f,-0.20968334790782428f,0.621676090139236f,-0.05129798790181299f,-0.49503072216860017f,0.43986823768650885f,0.749306691271204f,1.4726542783123575f,-0.4305727018168654f,-0.8732404176884687f,0.2281629272370808f,0.5113269753327884f,0f,0f,0f,1f],start_interpolation:0}
execute if entity @s[tag=aj.tutankhamen.bone.left_arm] run data modify entity @s {} merge value {transformation:[0.7700898106731388f,-0.1431101759016526f,0.621676090139236f,0.06980927385041748f,-0.5314840237835585f,0.39504963596874587f,0.749306691271204f,1.4881008766137058f,-0.35282632549208565f,-0.9074443578943887f,0.2281629272370808f,0.2923278634119726f,0f,0f,0f,1f],start_interpolation:0}
execute if entity @s[tag=aj.tutankhamen.bone.cape_right_back] run data modify entity @s {} merge value {transformation:[0.8974301617375688f,-0.4375383497164543f,-0.05638525810070735f,-0.13418765045233647f,-0.08053531387659987f,-0.03682209307129991f,-0.9960713813179488f,1.4293140422395145f,0.4337432051600107f,0.8984455052974836f,-0.06828254526795652f,-0.592192070024673f,0f,0f,0f,1f],start_interpolation:0}
execute if entity @s[tag=aj.tutankhamen.bone.cape_right] run data modify entity @s {} merge value {transformation:[0.8974301617375688f,-0.4375383497164543f,-0.05638525810070735f,0.02013212684433553f,-0.08053531387659987f,-0.03682209307129991f,-0.9960713813179488f,1.665748244775783f,0.4337432051600107f,0.8984455052974836f,-0.06828254526795652f,-0.5073490579014321f,0f,0f,0f,1f],start_interpolation:0}
execute if entity @s[tag=aj.tutankhamen.bone.weapon] run data modify entity @s {} merge value {transformation:[-1.6158877290770324f,0.021860679827904024f,0.251031136130247f,-0.24798308280735343f,0.028171206479153138f,1.6347092935753387f,0.038981819288477104f,1.3566035992203294f,-0.2504014851291614f,0.042840515718096474f,-1.6155653685534443f,0.20087710469004194f,0f,0f,0f,1f],start_interpolation:0}
execute if entity @s[tag=aj.tutankhamen.bone.right_hand] run data modify entity @s {} merge value {transformation:[-0.9324573703410445f,0.11551201270630486f,-0.3423159759888543f,-0.1716798029200898f,0.35838819515464576f,0.4153922185640184f,-0.8360665083175254f,1.4936740188859623f,0.04561966758382746f,-0.9022783825832248f,-0.42873367753483005f,-0.5051367323227551f,0f,0f,0f,1f],start_interpolation:0}
execute if entity @s[tag=aj.tutankhamen.bone.right_arm] run data modify entity @s {} merge value {transformation:[0.714515345208974f,0.6946093289977139f,-0.0835805092724766f,0.020858087884419042f,-0.0789802166870063f,-0.0386178231445474f,-0.9961278979667473f,1.510058297958158f,-0.6951474281280009f,0.7183498756211503f,0.027267368081710222f,-0.2554059031803605f,0f,0f,0f,1f],start_interpolation:0}
execute if entity @s[tag=aj.tutankhamen.bone.body] run data modify entity @s {} merge value {transformation:[-0.08894474651088558f,0.015267527922196718f,0.9959195422619536f,-0.011450645941647538f,0.039896832670644054f,0.9991346726767746f,-0.011753663170484275f,0.18814899549241904f,-0.9952371952509436f,0.038688608739776524f,-0.08947690619827864f,-0.02901645655483239f,0f,0f,0f,1f],start_interpolation:0}
execute if entity @s[tag=aj.tutankhamen.bone.left_foot] run data modify entity @s {} merge value {transformation:[0.22648254104301657f,-0.002130373198952165f,0.9740128952497146f,0.03444063671251745f,-0.2754809550630615f,0.9590275856898384f,0.06615386068449236f,0.4640342111064164f,-0.9342461677739126f,-0.28330469709475864f,0.21661612729389595f,0.23765031476970452f,0f,0f,0f,1f],start_interpolation:0}
execute if entity @s[tag=aj.tutankhamen.bone.left_leg] run data modify entity @s {} merge value {transformation:[0.22648254104301657f,-0.002130373198952165f,0.9740128952497146f,0.04058617784557015f,-0.2754809550630615f,0.9590275856898384f,0.06615386068449236f,0.875f,-0.9342461677739126f,-0.28330469709475864f,0.21661612729389595f,0.08450931704781284f,0f,0f,0f,1f],start_interpolation:0}
execute if entity @s[tag=aj.tutankhamen.bone.right_foot] run data modify entity @s {} merge value {transformation:[-0.3105888402230733f,-0.7271297390943172f,0.6122229290491469f,-0.28971683275673815f,0.7614449798849039f,0.1952088625705414f,0.618138368475857f,0.5658361487081132f,-0.5689781322133257f,0.6581609548572037f,0.49303959533133784f,-0.270881102299499f,0f,0f,0f,1f],start_interpolation:0}
execute if entity @s[tag=aj.tutankhamen.bone.right_leg] run data modify entity @s {} merge value {transformation:[0.240391339034229f,0.5866123068708289f,0.773367962579919f,-0.04058617784557015f,0.26766918353564995f,0.7257794589197164f,-0.6337171176444285f,0.875f,-0.9330408417120277f,0.3593468775958521f,0.017453058741169925f,-0.08450931704781284f,0f,0f,0f,1f],start_interpolation:0}