execute if entity @s[tag=aj.tutankhamen.bone.head] run data modify entity @s {} merge value {transformation:[-0.4215463074731461f,0.2100915213178654f,-0.8821339259580153f,0.0013579063285970782f,0.04732100777166944f,0.9765625150564099f,0.20996756037581774f,1.6249986577374118f,0.9055713295369004f,0.046767583399658315f,-0.4216080647517628f,0.00004122693233299705f,0f,0f,0f,1f],start_interpolation:0}
execute if entity @s[tag=aj.tutankhamen.bone.back_cape] run data modify entity @s {} merge value {transformation:[-0.35519246457762604f,0.3340012203405805f,-0.8730873369361599f,-0.1450353321543691f,-0.017638029725177497f,0.9314289717377096f,0.3634954889885797f,1.6252910801102587f,0.9346267773901441f,0.144510398998259f,-0.32494542859790837f,-0.05457559021793012f,0f,0f,0f,1f],start_interpolation:0}
execute if entity @s[tag=aj.tutankhamen.bone.left_hand] run data modify entity @s {} merge value {transformation:[-0.41160878456049327f,-0.056736805034447835f,-0.909592844863633f,-0.06133808293373304f,-0.3677358671998465f,0.9235435693149323f,0.10880076999640997f,1.3027068395232666f,0.8338756144937989f,0.3792732663021716f,-0.4010028042558704f,-0.4838238797007779f,0f,0f,0f,1f],start_interpolation:0}
execute if entity @s[tag=aj.tutankhamen.bone.cape_left_back] run data modify entity @s {} merge value {transformation:[-0.4015949419681601f,0.4190361140770771f,-0.8143280897063381f,-0.07260424754399945f,-0.3398697996355768f,0.7574918097782705f,0.557399925919006f,1.4256376754088027f,0.8504175573688864f,0.5006145155886151f,-0.1617871592578144f,-0.38989805029092184f,0f,0f,0f,1f],start_interpolation:0}
execute if entity @s[tag=aj.tutankhamen.bone.cape_left_side] run data modify entity @s {} merge value {transformation:[-0.4015949419681601f,0.4190361140770771f,-0.8143280897063381f,0.09193597335181782f,-0.3398697996355768f,0.7574918097782705f,0.557399925919006f,1.4090673408619858f,0.8504175573688864f,0.5006145155886151f,-0.1617871592578144f,-0.5025523987225835f,0f,0f,0f,1f],start_interpolation:0}
execute if entity @s[tag=aj.tutankhamen.bone.left_arm] run data modify entity @s {} merge value {transformation:[-0.4365881557296234f,0.38244024970161433f,-0.8143280897063381f,0.06272978648262124f,-0.4045962537449584f,0.7249877199242977f,0.557399925919006f,1.4998934299659648f,0.8035500318786326f,0.5728283000752804f,-0.1617871592578144f,-0.27068218188361526f,0f,0f,0f,1f],start_interpolation:0}
execute if entity @s[tag=aj.tutankhamen.bone.cape_right_back] run data modify entity @s {} merge value {transformation:[-0.27842819086595644f,-0.7797202165754761f,0.5608155903633596f,0.0642715565185998f,0.017422008769054743f,-0.5879089426502146f,-0.8087394813920965f,1.5393282173146807f,0.9602990243364625f,-0.21540533655274016f,0.1772747157466038f,0.30679413433371655f,0f,0f,0f,1f],start_interpolation:0}
execute if entity @s[tag=aj.tutankhamen.bone.cape_right] run data modify entity @s {} merge value {transformation:[-0.27842819086595644f,-0.7797202165754761f,0.5608155903633596f,-0.11943674589504581f,0.017422008769054743f,-0.5879089426502146f,-0.8087394813920965f,1.7442352765328697f,0.9602990243364625f,-0.21540533655274016f,0.1772747157466038f,0.41252217794963786f,0f,0f,0f,1f],start_interpolation:0}
execute if entity @s[tag=aj.tutankhamen.bone.weapon] run data modify entity @s {} merge value {transformation:[-1.0854554607902012f,-0.7836444735251111f,0.9392951907496363f,0.697912231226437f,-0.30900404600432735f,-1.039392433383545f,-1.2242416193664953f,2.1141493911377616f,1.1835922506525636f,-0.9900264552776837f,0.5417976334911556f,0.27302095328560894f,0f,0f,0f,1f],start_interpolation:0}
execute if entity @s[tag=aj.tutankhamen.bone.right_hand] run data modify entity @s {} merge value {transformation:[-0.06885485066161266f,-0.8353492321325652f,0.5453903830431016f,0.11798472822826317f,0.28966299408422347f,-0.5398766243111456f,-0.7903344737391663f,1.6639074905069966f,0.9546488146949801f,0.10356104913497191f,0.2791428840281153f,0.35264947617916076f,0f,0f,0f,1f],start_interpolation:0}
execute if entity @s[tag=aj.tutankhamen.bone.right_arm] run data modify entity @s {} merge value {transformation:[-0.27842819086595644f,-0.7797202165754761f,0.5608155903633596f,-0.12964518546974432f,0.017422008769054743f,-0.5879089426502146f,-0.8087394813920965f,1.5002424765032143f,0.9602990243364625f,-0.21540533655274016f,0.1772747157466038f,0.24495565066733477f,0f,0f,0f,1f],start_interpolation:0}
execute if entity @s[tag=aj.tutankhamen.bone.body] run data modify entity @s {} merge value {transformation:[-0.34954705953859877f,0.0019751364779593866f,-0.9369167262909833f,-0.00148135235846954f,0.0006342207070880694f,0.9999980476180534f,0.0018715031862211458f,0.18750146428645986f,0.936918593545893f,0.000059966447029813884f,-0.3495476297616839f,-0.00004497483527236041f,0f,0f,0f,1f],start_interpolation:0}
execute if entity @s[tag=aj.tutankhamen.bone.left_foot] run data modify entity @s {} merge value {transformation:[-0.9916651116507991f,0.12389766104664598f,-0.03535075560407119f,0.0705101047285394f,0.11872448671992798f,0.9853021389061299f,0.12281771582347184f,0.4402201740185704f,0.05004800283425902f,0.11759704356052435f,-0.991799441801681f,-0.05514285533717255f,0f,0f,0f,1f],start_interpolation:0}
execute if entity @s[tag=aj.tutankhamen.bone.left_leg] run data modify entity @s {} merge value {transformation:[-0.9916651116507991f,0.12389766104664598f,-0.03535075560407119f,0.09372579669735955f,0.11872448671992798f,0.9853021389061299f,0.12281771582347184f,0.875f,0.05004800283425902f,0.11759704356052435f,-0.991799441801681f,-0.002130148690872557f,0f,0f,0f,1f],start_interpolation:0}
execute if entity @s[tag=aj.tutankhamen.bone.right_foot] run data modify entity @s {} merge value {transformation:[-0.8874740081168719f,0.27775430806144946f,-0.36775321789248794f,-0.08153698599187253f,0.22211044029975033f,0.9569664978505997f,0.1867674337281775f,0.4865775697652563f,0.4038029683234453f,0.08406941384869743f,-0.9109750251397187f,0.20550728871433108f,0f,0f,0f,1f],start_interpolation:0}
execute if entity @s[tag=aj.tutankhamen.bone.right_leg] run data modify entity @s {} merge value {transformation:[-0.9879888245414946f,-0.09843076907979137f,-0.11911954616886566f,-0.09372579669735955f,-0.032339624698791064f,0.8855127244866434f,-0.46348825599639876f,0.875f,0.1511033793647815f,-0.45406893581327795f,-0.878059889912949f,0.002130148690872557f,0f,0f,0f,1f],start_interpolation:0}