execute if entity @s[tag=aj.tutankhamen.bone.head] run data modify entity @s {} merge value {transformation:[-0.9437131877981825f,-0.051867946452585204f,0.32667282609146464f,0.007863338843106752f,0.04992127727824009f,0.9539801155966691f,0.29568531434799933f,1.6248573953616732f,-0.32697597044844373f,0.29535005531903635f,-0.8976943018490987f,0.011585721550905866f,0f,0f,0f,1f],start_interpolation:0}
execute if entity @s[tag=aj.tutankhamen.bone.back_cape] run data modify entity @s {} merge value {transformation:[-0.3796281462036124f,-0.17662850973514685f,0.9081215998745706f,0.15294443213602701f,0.030082222266059295f,0.9787295721597534f,0.20293714416912734f,1.6241754463366265f,-0.9246499502587691f,0.10435896764881725f,-0.3662399150252865f,-0.04642353473167548f,0f,0f,0f,1f],start_interpolation:0}
execute if entity @s[tag=aj.tutankhamen.bone.left_hand] run data modify entity @s {} merge value {transformation:[0.15030544397474754f,0.6202071153068082f,0.7699035054046457f,0.2818712378201603f,-0.17541033357468053f,0.783124674572528f,-0.596612905451174f,1.2971155590698202f,-0.9729540011669479f,-0.045374863068441865f,0.2264986388805609f,0.4549807533444211f,0f,0f,0f,1f],start_interpolation:0}
execute if entity @s[tag=aj.tutankhamen.bone.cape_left_back] run data modify entity @s {} merge value {transformation:[0.11401359231803057f,-0.39964692768953225f,0.9095511167356432f,0.28945774739728314f,-0.4874557251737852f,0.7752392349444855f,0.40173504278067146f,1.406430543450406f,-0.8656718874735607f,-0.489169154578461f,-0.10642237286847372f,0.3451916037476596f,0f,0f,0f,1f],start_interpolation:0}
execute if entity @s[tag=aj.tutankhamen.bone.cape_left_side] run data modify entity @s {} merge value {transformation:[0.11401359231803057f,-0.39964692768953225f,0.9095511167356432f,0.15794923400563543f,-0.4874557251737852f,0.7752392349444855f,0.40173504278067146f,1.432378620161226f,-0.8656718874735607f,-0.489169154578461f,-0.10642237286847372f,0.49375563277396267f,0f,0f,0f,1f],start_interpolation:0}
execute if entity @s[tag=aj.tutankhamen.bone.left_arm] run data modify entity @s {} merge value {transformation:[0.14841126099721663f,-0.38818921115116056f,0.9095511167356432f,0.142813269218871f,-0.5531673603013048f,0.7298046498202779f,0.40173504278067146f,1.494247999732216f,-0.8197438435917055f,-0.5627559945896097f,-0.10642237286847372f,0.25124942726204785f,0f,0f,0f,1f],start_interpolation:0}
execute if entity @s[tag=aj.tutankhamen.bone.cape_right_back] run data modify entity @s {} merge value {transformation:[0.47617496324762226f,0.5182573205259289f,0.7103990104845376f,-0.14834024742514956f,0.3616014046739597f,0.6209995768899741f,-0.6954163858008326f,1.269508066135461f,-0.8015621176889193f,0.5880211520207056f,0.10830187561763396f,-0.33440324558190404f,0f,0f,0f,1f],start_interpolation:0}
execute if entity @s[tag=aj.tutankhamen.bone.cape_right] run data modify entity @s {} merge value {transformation:[0.47617496324762226f,0.5182573205259289f,0.7103990104845376f,-0.251537662038843f,0.3616014046739597f,0.6209995768899741f,-0.6954163858008326f,1.4998623820659753f,-0.8015621176889193f,0.5880211520207056f,0.10830187561763396f,-0.48672279537520613f,0f,0f,0f,1f],start_interpolation:0}
execute if entity @s[tag=aj.tutankhamen.bone.weapon] run data modify entity @s {} merge value {transformation:[-0.7290629037907086f,1.3045290137538148f,-0.6642732933077097f,-0.48753251120461205f,-1.118892724306877f,-0.9750971416356635f,-0.6869150671503756f,1.05276326208087f,-0.943998955200961f,0.14824739545627816f,1.3272062220811933f,-0.020928743568161268f,0f,0f,0f,1f],start_interpolation:0}
execute if entity @s[tag=aj.tutankhamen.bone.right_hand] run data modify entity @s {} merge value {transformation:[-0.578912008359368f,0.3218167676373375f,0.7491961389681469f,-0.22864564356225836f,-0.5265786643990248f,0.5539699455075379f,-0.644850532816803f,1.2661713588811994f,-0.6225558583589605f,-0.7678224192753368f,-0.15123801004081794f,-0.3805591896860613f,0f,0f,0f,1f],start_interpolation:0}
execute if entity @s[tag=aj.tutankhamen.bone.right_arm] run data modify entity @s {} merge value {transformation:[0.27883905260290553f,0.6279300448017531f,0.726603496811557f,-0.06142824938397139f,0.12994926001427104f,0.7249821866722687f,-0.6763978258611121f,1.5051965817932922f,-0.9515051090589359f,0.2830277156802211f,0.1205543014229623f,-0.25968712129819826f,0f,0f,0f,1f],start_interpolation:0}
execute if entity @s[tag=aj.tutankhamen.bone.body] run data modify entity @s {} merge value {transformation:[-0.37110868185597f,0.011437583771791639f,0.9285189970746897f,-0.008578187828843729f,0.019893672377058462f,0.9997925750715245f,-0.004364473760298489f,0.18765556869635658f,-0.9283763181223865f,0.01685195861949944f,-0.37125924020852064f,-0.012638968964624582f,0f,0f,0f,1f],start_interpolation:0}
execute if entity @s[tag=aj.tutankhamen.bone.left_foot] run data modify entity @s {} merge value {transformation:[-0.6229131066884096f,-0.08579018902597868f,0.7775727007699543f,0.11514857170707418f,-0.20851868592318853f,0.9762166872767041f,-0.059337484808208656f,0.4544214082515416f,-0.7539888720244223f,-0.19910053477925313f,-0.6259870269533984f,0.1842058240029784f,0f,0f,0f,1f],start_interpolation:0}
execute if entity @s[tag=aj.tutankhamen.bone.left_leg] run data modify entity @s {} merge value {transformation:[-0.6229131066884096f,-0.08579018902597868f,0.7775727007699543f,0.058149329424195706f,-0.20851868592318853f,0.9762166872767041f,-0.059337484808208656f,0.875f,-0.7539888720244223f,-0.19910053477925313f,-0.6259870269533984f,0.07353718778629197f,0f,0f,0f,1f],start_interpolation:0}
execute if entity @s[tag=aj.tutankhamen.bone.right_foot] run data modify entity @s {} merge value {transformation:[-0.5618121397450994f,-0.08227759116783179f,0.8231631172657411f,-0.23675900938254235f,0.4276969715578114f,0.8228523591430753f,0.37415143401162043f,0.4814559624791428f,-0.7081259917241491f,0.5622671900834109f,-0.42709856801492063f,-0.14840029790709255f,0f,0f,0f,1f],start_interpolation:0}
execute if entity @s[tag=aj.tutankhamen.bone.right_leg] run data modify entity @s {} merge value {transformation:[-0.31794369531842476f,0.38554043309633346f,0.8661814942927125f,-0.058149329424195706f,0.2394044666204993f,0.9166295476634235f,-0.3201183745312064f,0.875f,-0.917386128066813f,0.1055880996999147f,-0.38373668736822897f,-0.07353718778629197f,0f,0f,0f,1f],start_interpolation:0}