execute if entity @s[tag=aj.tutankhamen.bone.head] run data modify entity @s {} merge value {transformation:[0.634989403138566f,0.10055743799442793f,-0.765948209453958f,0.002324806584568949f,0.08911412848884304f,0.9753383950210425f,0.2019249546278289f,1.6244806916030803f,0.7673637533825803f,-0.1964770135709863f,0.6103684568625944f,-0.026615308356238227f,0f,0f,0f,1f],start_interpolation:0}
execute if entity @s[tag=aj.tutankhamen.bone.back_cape] run data modify entity @s {} merge value {transformation:[-0.3623725379217616f,0.9198645672163058f,-0.15011769296155408f,-0.14862284178562854f,-0.015380140110000707f,0.15514110130372136f,0.9877725902131852f,1.6234284277752424f,0.9319064304158106f,0.3602504915558429f,-0.04207122868939464f,-0.06696084952677939f,0f,0f,0f,1f],start_interpolation:0}
execute if entity @s[tag=aj.tutankhamen.bone.left_hand] run data modify entity @s {} merge value {transformation:[-0.4469632678311676f,-0.8726792557470268f,-0.19660812241232312f,0.09615555764512757f,0.014973576304054381f,0.21245440979332159f,-0.9770562500552555f,1.4086983318382027f,0.8944269837288846f,-0.43965218110250126f,-0.08189218784147145f,-0.5966501073812271f,0f,0f,0f,1f],start_interpolation:0}
execute if entity @s[tag=aj.tutankhamen.bone.cape_left_back] run data modify entity @s {} merge value {transformation:[-0.8373070906262072f,-0.061027403624293985f,-0.543316198906266f,0.01824789959631376f,-0.5134643315489239f,0.42913463660548096f,0.7431001573761766f,1.4913710745326556f,0.18780632634203953f,0.9011765197076315f,-0.39065286907118446f,-0.4910253340579321f,0f,0f,0f,1f],start_interpolation:0}
execute if entity @s[tag=aj.tutankhamen.bone.cape_left_side] run data modify entity @s {} merge value {transformation:[-0.8373070906262072f,-0.061027403624293985f,-0.543316198906266f,0.2169916573699419f,-0.5134643315489239f,0.42913463660548096f,0.7431001573761766f,1.4787123566651528f,0.18780632634203953f,0.9011765197076315f,-0.39065286907118446f,-0.4715384639149777f,0f,0f,0f,1f],start_interpolation:0}
execute if entity @s[tag=aj.tutankhamen.bone.left_arm] run data modify entity @s {} merge value {transformation:[-0.8288019956656159f,-0.13377129732023446f,-0.543316198906266f,0.03732999687707066f,-0.5489119927403572f,0.3827502845633317f,0.7431001573761766f,1.4887948772607715f,0.10854895764815967f,0.9141156708425634f,-0.39065286907118446f,-0.2969354633746214f,0f,0f,0f,1f],start_interpolation:0}
execute if entity @s[tag=aj.tutankhamen.bone.cape_right_back] run data modify entity @s {} merge value {transformation:[-0.8730953251596607f,0.48539285736964116f,0.045807501556854216f,-0.011198701633874292f,-0.06756943772112296f,-0.027419048169446333f,-0.9973377396266185f,1.4235459995550337f,-0.4828446171082344f,-0.8738661051969095f,0.056737165223386996f,0.5720021512243089f,0f,0f,0f,1f],start_interpolation:0}
execute if entity @s[tag=aj.tutankhamen.bone.cape_right] run data modify entity @s {} merge value {transformation:[-0.8730953251596607f,0.48539285736964116f,0.045807501556854216f,-0.1590717215792848f,-0.06756943772112296f,-0.027419048169446333f,-0.9973377396266185f,1.6623227098177629f,-0.4828446171082344f,-0.8738661051969095f,0.056737165223386996f,0.4823733884953005f,0f,0f,0f,1f],start_interpolation:0}
execute if entity @s[tag=aj.tutankhamen.bone.weapon] run data modify entity @s {} merge value {transformation:[1.45180096343758f,-0.09679323420464069f,-0.7466543417037292f,0.32134060490412697f,0.01345393241918315f,1.6249217603921815f,-0.18448831376958838f,1.3833949808863821f,0.7527819258425932f,0.15763253479942368f,1.443280648283117f,-0.10667543879138075f,0f,0f,0f,1f],start_interpolation:0}
execute if entity @s[tag=aj.tutankhamen.bone.right_hand] run data modify entity @s {} merge value {transformation:[0.8982556810052932f,-0.40425854875154366f,0.17237098741671125f,0.025802704660817702f,0.3339161359731433f,0.37281389053400393f,-0.8657423503339f,1.4869839469894464f,0.2857214477047208f,0.8352154385463638f,0.4698706476630806f,0.5208963007973096f,0f,0f,0f,1f],start_interpolation:0}
execute if entity @s[tag=aj.tutankhamen.bone.right_arm] run data modify entity @s {} merge value {transformation:[-0.8546202175240165f,-0.5140147949556085f,0.07357359829413017f,-0.1048141157115932f,-0.07531591140663196f,-0.017483641723826104f,-0.9970064371713261f,1.50985839061995f,0.5137623938049483f,-0.8576031208191912f,-0.02377161906544651f,0.23432907119017415f,0f,0f,0f,1f],start_interpolation:0}
execute if entity @s[tag=aj.tutankhamen.bone.body] run data modify entity @s {} merge value {transformation:[-0.2582771349195771f,0.0033815368502821074f,-0.9660649495692639f,-0.0025361526377115804f,0.03827259379705577f,0.9992446423317534f,-0.006734488498162924f,0.18806651825118492f,0.9653124520805582f,-0.038713175790891965f,-0.25821146349146346f,0.029034881843168974f,0f,0f,0f,1f],start_interpolation:0}
execute if entity @s[tag=aj.tutankhamen.bone.left_foot] run data modify entity @s {} merge value {transformation:[-0.5798228996151089f,-0.10529525445949077f,-0.8079098430333908f,0.06554648057964142f,-0.24224002667394062f,0.9690502144654192f,0.047554719235147716f,0.45861053200493973f,0.7778979203976158f,0.2232814171238535f,-0.587384230472889f,-0.21573506000178674f,0f,0f,0f,1f],start_interpolation:0}
execute if entity @s[tag=aj.tutankhamen.bone.left_leg] run data modify entity @s {} merge value {transformation:[-0.5798228996151089f,-0.10529525445949077f,-0.8079098430333908f,0.0013603411406420502f,-0.24224002667394062f,0.9690502144654192f,0.047554719235147716f,0.875f,0.7778979203976158f,0.2232814171238535f,-0.587384230472889f,-0.09374012999767535f,0f,0f,0f,1f],start_interpolation:0}
execute if entity @s[tag=aj.tutankhamen.bone.right_foot] run data modify entity @s {} merge value {transformation:[0.06204018887559337f,0.9188005816787843f,-0.38981599001453027f,0.15972158864682012f,0.746672368413444f,0.21644306489406548f,0.6289934609414649f,0.5610731252537111f,0.6622925254086287f,-0.33008770162790224f,-0.6726148377949075f,0.3542882862144772f,0f,0f,0f,1f],start_interpolation:0}
execute if entity @s[tag=aj.tutankhamen.bone.right_leg] run data modify entity @s {} merge value {transformation:[-0.5791955406105687f,-0.4095583781292398f,-0.7048364779443368f,-0.0013603411406420502f,0.24781525997445594f,0.735248232275407f,-0.6308705365284403f,0.875f,0.7766080882019087f,-0.5400666364811251f,-0.32435768142490523f,0.09374012999767535f,0f,0f,0f,1f],start_interpolation:0}