execute if entity @s[tag=aj.tutankhamen.bone.head] run data modify entity @s {} merge value {transformation:[-0.9714730611157961f,0.09090324160135696f,-0.21903582399386246f,-0.0009172417492160262f,0.050033823405279815f,0.9813920172371101f,0.1853815660164866f,1.6249984295791995f,0.23181179444056393f,0.16913399767533735f,-0.9579441438771911f,-0.0011480390707995238f,0f,0f,0f,1f],start_interpolation:0}
execute if entity @s[tag=aj.tutankhamen.bone.back_cape] run data modify entity @s {} merge value {transformation:[-0.8321109699638527f,0.17586791982944167f,-0.525986509751611f,-0.08797529410564586f,-0.026098490324370303f,0.9349238656423253f,0.35388731858488526f,1.624665613695474f,0.5539947675462334f,0.30820097376107747f,-0.773370517477954f,-0.13089720960183865f,0f,0f,0f,1f],start_interpolation:0}
execute if entity @s[tag=aj.tutankhamen.bone.left_hand] run data modify entity @s {} merge value {transformation:[-0.7888693591498196f,-0.32940908059107243f,-0.5188205776746886f,0.25073063131059015f,-0.3064183300640209f,0.9426193878637594f,-0.13257638034027056f,1.21319376797324f,0.5327221988948179f,0.054390690816496834f,-0.8445405328089199f,-0.3096778653180441f,0f,0f,0f,1f],start_interpolation:0}
execute if entity @s[tag=aj.tutankhamen.bone.cape_left_back] run data modify entity @s {} merge value {transformation:[-0.7995465422261034f,-0.024000607463917176f,-0.6001244018165275f,0.17589594457644678f,-0.14981440885427622f,0.9755865930987764f,0.16058157511235907f,1.3489577774631512f,0.5816192652534179f,0.21829972562347721f,-0.7836225239736213f,-0.3043036960336299f,0f,0f,0f,1f],start_interpolation:0}
execute if entity @s[tag=aj.tutankhamen.bone.cape_left_side] run data modify entity @s {} merge value {transformation:[-0.7995465422261034f,-0.024000607463917176f,-0.6001244018165275f,0.3758406420263414f,-0.14981440885427622f,0.9755865930987764f,0.16058157511235907f,1.352293581957587f,0.5816192652534179f,0.21829972562347721f,-0.7836225239736213f,-0.29722889073277375f,0f,0f,0f,1f],start_interpolation:0}
execute if entity @s[tag=aj.tutankhamen.bone.left_arm] run data modify entity @s {} merge value {transformation:[-0.7944122354733195f,-0.09359435065557335f,-0.6001244018165275f,0.20719838122528045f,-0.23427229393456026f,0.9588170054963944f,0.16058157511235907f,1.4999689639967078f,0.5603799536251474f,0.2681604883204996f,-0.7836225239736213f,-0.18489925670052382f,0f,0f,0f,1f],start_interpolation:0}
execute if entity @s[tag=aj.tutankhamen.bone.cape_right_back] run data modify entity @s {} merge value {transformation:[-0.9989423788864825f,0.029675034467371082f,-0.03512144635370035f,-0.264538880459533f,-0.035525427822259426f,-0.9830575805308344f,0.17982140400660207f,1.6998217948130891f,-0.0291901977153447f,0.18087892550051404f,0.9830720963729551f,0.1742640292507538f,0f,0f,0f,1f],start_interpolation:0}
execute if entity @s[tag=aj.tutankhamen.bone.cape_right] run data modify entity @s {} merge value {transformation:[-0.9989423788864825f,0.029675034467371082f,-0.03512144635370035f,-0.4118432655721208f,-0.035525427822259426f,-0.9830575805308344f,0.17982140400660207f,1.6493155957142105f,-0.0291901977153447f,0.18087892550051404f,0.9830720963729551f,-0.07606496323550758f,0f,0f,0f,1f],start_interpolation:0}
execute if entity @s[tag=aj.tutankhamen.bone.weapon] run data modify entity @s {} merge value {transformation:[0.14210280377457066f,1.6288660768971586f,-0.0344930471860229f,-0.40437238710006523f,-1.6001585486865584f,0.1460475239655028f,0.30454952539772406f,2.880321689714677f,0.3064099963053408f,0.007286829785109204f,1.6064393825746897f,-0.18925500205727958f,0f,0f,0f,1f],start_interpolation:0}
execute if entity @s[tag=aj.tutankhamen.bone.right_hand] run data modify entity @s {} merge value {transformation:[-0.9959945438352052f,0.08689088638445107f,-0.02109128999909558f,-0.2972701187110507f,-0.08930294459037114f,-0.9784408960121631f,0.18622136584828997f,1.810354985009585f,-0.004455641142485912f,0.1873589786325651f,0.9822814059055427f,0.0892999638612753f,0f,0f,0f,1f],start_interpolation:0}
execute if entity @s[tag=aj.tutankhamen.bone.right_arm] run data modify entity @s {} merge value {transformation:[-0.9989423788864825f,0.029675034467371082f,-0.03512144635370035f,-0.24981440277192796f,-0.035525427822259426f,-0.9830575805308344f,0.17982140400660207f,1.4998712866007615f,-0.0291901977153447f,0.18087892550051404f,0.9830720963729551f,0.12174374704690784f,0f,0f,0f,1f],start_interpolation:0}
execute if entity @s[tag=aj.tutankhamen.bone.body] run data modify entity @s {} merge value {transformation:[-0.8303963514408125f,-0.0013341698170414927f,-0.5571715350811509f,0.0010006273627811194f,-0.00017748070962573343f,0.9999977157515628f,-0.0021300216558424595f,0.1875017131863279f,0.5571731041735455f,-0.0016698750120720345f,-0.8303946913986502f,0.0012524062590540258f,0f,0f,0f,1f],start_interpolation:0}
execute if entity @s[tag=aj.tutankhamen.bone.left_foot] run data modify entity @s {} merge value {transformation:[-0.6463652502175811f,-0.12644960294755808f,0.7524775486521632f,0.1373509510073363f,-0.20698294718984694f,0.9782527112743865f,-0.01340494151112825f,0.4534826559171386f,-0.7344181526104654f,-0.16441450908820862f,-0.6584814699879675f,0.16535227822394893f,0f,0f,0f,1f],start_interpolation:0}
execute if entity @s[tag=aj.tutankhamen.bone.left_leg] run data modify entity @s {} merge value {transformation:[-0.6463652502175811f,-0.12644960294755808f,0.7524775486521632f,0.06183033564848023f,-0.20698294718984694f,0.9782527112743865f,-0.01340494151112825f,0.875f,-0.7344181526104654f,-0.16441450908820862f,-0.6584814699879675f,0.07047036322878061f,0f,0f,0f,1f],start_interpolation:0}
execute if entity @s[tag=aj.tutankhamen.bone.right_foot] run data modify entity @s {} merge value {transformation:[-0.6013634350125111f,0.14198623409787153f,0.7862581817422681f,-0.11822631036668407f,0.18500143014327802f,0.9820840438945921f,-0.03585249743862567f,0.4529563862398076f,-0.77726217576497f,0.12389850707070381f,-0.6168570904761941f,-0.17573904147554698f,0f,0f,0f,1f],start_interpolation:0}
execute if entity @s[tag=aj.tutankhamen.bone.right_leg] run data modify entity @s {} merge value {transformation:[-0.6386259294563728f,0.08328894725186789f,0.764996649333616f,-0.06183033564848023f,0.19684425726917515f,0.9787314212568095f,0.05776801385518211f,0.875f,-0.7439148208001577f,0.18747734879259756f,-0.6414382145488121f,-0.07047036322878061f,0f,0f,0f,1f],start_interpolation:0}