execute if entity @s[tag=aj.tutankhamen.bone.head] run data modify entity @s {} merge value {transformation:[0.7866114348481517f,0.061062013187437626f,-0.6144215825568218f,0.0004198812999337515f,0.08322253318624044f,0.9755325502984051f,0.20349509399087468f,1.624686270249127f,0.6118140735028881f,-0.2112052884133989f,0.7622833237123949f,-0.02076303640578177f,0f,0f,0f,1f],start_interpolation:0}
execute if entity @s[tag=aj.tutankhamen.bone.back_cape] run data modify entity @s {} merge value {transformation:[0.15106517594679644f,0.4941588668150846f,-0.8561462065349557f,-0.15397125421700208f,-0.039549143336411505f,0.8684134399420483f,0.49426102677570505f,1.6255062381367333f,0.9877323412126989f,-0.04080577993434024f,0.15073058895403676f,0.0032529463235267883f,0f,0f,0f,1f],start_interpolation:0}
execute if entity @s[tag=aj.tutankhamen.bone.left_hand] run data modify entity @s {} merge value {transformation:[-0.03258885148147372f,-0.8247539238798491f,-0.5645519744044034f,-0.2071936140025336f,-0.20359834676107091f,0.558486269139428f,-0.8041397890782928f,1.4297697321026825f,0.9785119723106497f,0.08873585649281904f,-0.18611896146607054f,-0.5646714881911158f,0f,0f,0f,1f],start_interpolation:0}
execute if entity @s[tag=aj.tutankhamen.bone.cape_left_back] run data modify entity @s {} merge value {transformation:[-0.5613272910061147f,0.47927450656191967f,-0.6746907585935685f,-0.2083828478606785f,-0.5605462440826674f,0.37958542413288343f,0.7360046290823677f,1.5032824718716051f,0.6088510331900172f,0.7913348552576764f,0.055583866703939236f,-0.42808656544570833f,0f,0f,0f,1f],start_interpolation:0}
execute if entity @s[tag=aj.tutankhamen.bone.cape_left_side] run data modify entity @s {} merge value {transformation:[-0.5613272910061147f,0.47927450656191967f,-0.6746907585935685f,-0.03633911381677703f,-0.5605462440826674f,0.37958542413288343f,0.7360046290823677f,1.4988672438742259f,0.6088510331900172f,0.7913348552576764f,0.055583866703939236f,-0.530167522719641f,0f,0f,0f,1f],start_interpolation:0}
execute if entity @s[tag=aj.tutankhamen.bone.left_arm] run data modify entity @s {} merge value {transformation:[-0.6009627967939153f,0.42852782539535306f,-0.6746907585935685f,-0.07843348903948659f,-0.591496245966881f,0.32928616274665f,0.7360046290823677f,1.491751060799044f,0.5375647941194832f,0.8413884512432511f,0.055583866703939236f,-0.2830974905761963f,0f,0f,0f,1f],start_interpolation:0}
execute if entity @s[tag=aj.tutankhamen.bone.cape_right_back] run data modify entity @s {} merge value {transformation:[-0.6377849020777443f,-0.7674314484086874f,-0.06541705186743214f,0.26193309544944077f,0.0033281643637854416f,0.08218678801053286f,-0.9966113862476583f,1.3894192997945964f,0.7702073370227331f,-0.6358414140883369f,-0.04986335454513997f,0.3297198240068694f,0f,0f,0f,1f],start_interpolation:0}
execute if entity @s[tag=aj.tutankhamen.bone.cape_right] run data modify entity @s {} merge value {transformation:[-0.6377849020777443f,-0.7674314484086874f,-0.06541705186743214f,0.17863346746665124f,0.0033281643637854416f,0.08218678801053286f,-0.9966113862476583f,1.6390921720383524f,0.7702073370227331f,-0.6358414140883369f,-0.04986335454513997f,0.4625305590529564f,0f,0f,0f,1f],start_interpolation:0}
execute if entity @s[tag=aj.tutankhamen.bone.weapon] run data modify entity @s {} merge value {transformation:[1.6201044947842955f,0.21105398069697565f,0.07283760582826616f,0.254807352291632f,-0.14380739762435424f,1.3945332555358f,-0.8421306936600429f,1.42485044074574f,-0.17078797375501636f,0.8278411019318835f,1.4000350894116813f,-0.2636683845484132f,0f,0f,0f,1f],start_interpolation:0}
execute if entity @s[tag=aj.tutankhamen.bone.right_hand] run data modify entity @s {} merge value {transformation:[0.9721356712021736f,0.10593258404416292f,0.20911844589616155f,0.30339351341454757f,0.1774182483920244f,0.2505724181866289f,-0.9517017539027712f,1.4455334983734767f,-0.1532155407059136f,0.9622846516919161f,0.22479601242985406f,0.3468749462009512f,0f,0f,0f,1f],start_interpolation:0}
execute if entity @s[tag=aj.tutankhamen.bone.right_arm] run data modify entity @s {} merge value {transformation:[-0.17153573354716894f,-0.9798614019749552f,-0.1022111786259689f,0.00620595717743294f,-0.05259226348467849f,0.11270878337512441f,-0.9922352462857069f,1.5081228111191975f,0.9837731171047485f,-0.16482828358559812f,-0.07086671286459423f,0.2604636890168167f,0f,0f,0f,1f],start_interpolation:0}
execute if entity @s[tag=aj.tutankhamen.bone.body] run data modify entity @s {} merge value {transformation:[0.15379063734665718f,0.0006107364362672749f,-0.9881032673083894f,-0.00045805232720045615f,0.02974761802864228f,0.9995436658169119f,0.005247794480681534f,0.18784225063731608f,0.987655567030395f,-0.03020078022659167f,0.15370228946757478f,0.02265058516994375f,0f,0f,0f,1f],start_interpolation:0}
execute if entity @s[tag=aj.tutankhamen.bone.left_foot] run data modify entity @s {} merge value {transformation:[-0.37417197404389074f,-0.01572633495480686f,-0.9272259790520255f,0.01366363709292078f,-0.08678821444682128f,0.9960618251050154f,0.01812860727133571f,0.44193508321801894f,0.923289304429132f,0.08725550388001312f,-0.37406327989982463f,-0.16064843465448891f,0f,0f,0f,1f],start_interpolation:0}
execute if entity @s[tag=aj.tutankhamen.bone.left_leg] run data modify entity @s {} merge value {transformation:[-0.37417197404389074f,-0.01572633495480686f,-0.9272259790520255f,-0.004909508638678806f,-0.08678821444682128f,0.9960618251050154f,0.01812860727133571f,0.875f,0.923289304429132f,0.08725550388001312f,-0.37406327989982463f,-0.0936213609435728f,0f,0f,0f,1f],start_interpolation:0}
execute if entity @s[tag=aj.tutankhamen.bone.right_foot] run data modify entity @s {} merge value {transformation:[0.22730523357349797f,0.757608444828517f,-0.6118511053472194f,0.2573261935220614f,0.6995962596964382f,0.31002174483397194f,0.6437791478052498f,0.5573533708380731f,0.6774196662401024f,-0.5743831143536656f,-0.4595504691941162f,0.26026243833611856f,0f,0f,0f,1f],start_interpolation:0}
execute if entity @s[tag=aj.tutankhamen.bone.right_leg] run data modify entity @s {} merge value {transformation:[-0.3183749067102629f,-0.5996934873556076f,-0.734169694280894f,0.004909508638678806f,0.14044954428370013f,0.7360815483903829f,-0.6621615208011693f,0.875f,0.9375027169495204f,-0.3139294114008531f,-0.15012321729093603f,0.0936213609435728f,0f,0f,0f,1f],start_interpolation:0}