execute if entity @s[tag=aj.tutankhamen.bone.head] run data modify entity @s {} merge value {transformation:[0.790075810438568f,0.06329735860300278f,-0.6097324480079135f,0.001408718877235677f,0.07924289156731086f,0.9757633535579148f,0.2039765721583321f,1.624757016948963f,0.6078657564757957f,-0.20947391782103741f,0.7659111566342496f,-0.018222463212693444f,0f,0f,0f,1f],start_interpolation:0}
execute if entity @s[tag=aj.tutankhamen.bone.back_cape] run data modify entity @s {} merge value {transformation:[0.16467907371271787f,0.8854210415566002f,-0.4346382194997883f,-0.1503561278016261f,-0.1906055436931049f,0.46091535156936314f,0.8667332723515038f,1.6260530137530371f,0.9677553045034563f,-0.05988837830927826f,0.24466927217962553f,0.01892338722615647f,0f,0f,0f,1f],start_interpolation:0}
execute if entity @s[tag=aj.tutankhamen.bone.left_hand] run data modify entity @s {} merge value {transformation:[0.05719042756282123f,-0.690650892372179f,-0.7209234355052517f,-0.2771408976706874f,-0.2830020794435646f,0.6812713260836817f,-0.6751142149938781f,1.436651547849132f,0.9574126999501313f,0.24263290197682297f,-0.1564934402858641f,-0.5286359543392388f,0f,0f,0f,1f],start_interpolation:0}
execute if entity @s[tag=aj.tutankhamen.bone.cape_left_back] run data modify entity @s {} merge value {transformation:[-0.44595686900144405f,0.6136657005742971f,-0.6515649460560984f,-0.2537685708843218f,-0.5723385931606289f,0.3641686478186127f,0.7347174495851286f,1.5074935260148576f,0.6881504237950753f,0.7005680579962386f,0.18882105376794658f,-0.39263548824801614f,0f,0f,0f,1f],start_interpolation:0}
execute if entity @s[tag=aj.tutankhamen.bone.cape_left_side] run data modify entity @s {} merge value {transformation:[-0.44595686900144405f,0.6136657005742971f,-0.6515649460560984f,-0.10264219184583387f,-0.5723385931606289f,0.3641686478186127f,0.7347174495851286f,1.5050817499980649f,0.6881504237950753f,0.7005680579962386f,0.18882105376794658f,-0.52376162368699f,0f,0f,0f,1f],start_interpolation:0}
execute if entity @s[tag=aj.tutankhamen.bone.left_arm] run data modify entity @s {} merge value {transformation:[-0.49774435840914855f,0.5724628151616306f,-0.6515649460560984f,-0.10014082576181946f,-0.6019000610059485f,0.3129002809780777f,0.7347174495851286f,1.4931569487280716f,0.6244732742342951f,0.7578784463362588f,0.18882105376794658f,-0.2733265631369595f,0f,0f,0f,1f],start_interpolation:0}
execute if entity @s[tag=aj.tutankhamen.bone.cape_right_back] run data modify entity @s {} merge value {transformation:[-0.25080776271004096f,-0.9571040624714907f,-0.14507680643353277f,0.2601687479575616f,0.015388227854602851f,0.14590618885378867f,-0.9891787434521919f,1.3783684367143811f,0.9679145977863329f,-0.25032618251939115f,-0.021866269398090117f,0.2519273311746689f,0f,0f,0f,1f],start_interpolation:0}
execute if entity @s[tag=aj.tutankhamen.bone.cape_right] run data modify entity @s {} merge value {transformation:[-0.25080776271004096f,-0.9571040624714907f,-0.14507680643353277f,0.25724923664250093f,0.015388227854602851f,0.14590618885378867f,-0.9891787434521919f,1.6280675331797108f,0.9679145977863329f,-0.25032618251939115f,-0.021866269398090117f,0.408630554428306f,0f,0f,0f,1f],start_interpolation:0}
execute if entity @s[tag=aj.tutankhamen.bone.weapon] run data modify entity @s {} merge value {transformation:[1.5718092152609338f,0.4146904768948819f,0.1789840015325776f,0.22319525989630537f,-0.2113270122803446f,1.2479748790432226f,-1.0356096121458265f,1.4154426802700433f,-0.3991796065840309f,0.9722027480216567f,1.2530223988571265f,-0.2986408454059474f,0f,0f,0f,1f],start_interpolation:0}
execute if entity @s[tag=aj.tutankhamen.bone.right_hand] run data modify entity @s {} merge value {transformation:[0.9594853837978004f,0.23403651862347313f,0.1568907461547434f,0.3361981930904962f,0.10252639187587961f,0.22865032840266186f,-0.9680947093597136f,1.4272206929698812f,-0.26244263610797125f,0.9449581658845853f,0.1953917282812643f,0.2677978201173521f,0f,0f,0f,1f],start_interpolation:0}
execute if entity @s[tag=aj.tutankhamen.bone.right_arm] run data modify entity @s {} merge value {transformation:[0.08971498080846321f,-0.9808251389609856f,-0.17301233771237373f,0.030771714435667518f,-0.04016888398161947f,0.17000816753287668f,-0.9846236254182532f,1.5070575056456117f,0.9951571147201874f,0.09528520217891515f,-0.02414637172568561f,0.26105093204919044f,0f,0f,0f,1f],start_interpolation:0}
execute if entity @s[tag=aj.tutankhamen.bone.body] run data modify entity @s {} merge value {transformation:[0.23786926655974228f,0.0020490456396155305f,-0.9712950187447155f,-0.001536784229711648f,0.025257437322346487f,0.9996465701075823f,0.008294379546075082f,0.18776507241931328f,0.9709687296129769f,-0.02650540103664501f,0.2377334428086394f,0.01987905077748376f,0f,0f,0f,1f],start_interpolation:0}
execute if entity @s[tag=aj.tutankhamen.bone.left_foot] run data modify entity @s {} merge value {transformation:[-0.3642828341969354f,0.017273654474798564f,-0.9311281531403361f,0.004348247062749864f,-0.013443574333791581f,0.9996262529842654f,0.023803878964765882f,0.4380836260173149f,0.9311913267522309f,0.021189035035193912f,-0.3639144649168227f,-0.13211848057615574f,0f,0f,0f,1f],start_interpolation:0}
execute if entity @s[tag=aj.tutankhamen.bone.left_leg] run data modify entity @s {} merge value {transformation:[-0.3642828341969354f,0.017273654474798564f,-0.9311281531403361f,0.0005216323268200042f,-0.013443574333791581f,0.9996262529842654f,0.023803878964765882f,0.875f,0.9311913267522309f,0.021189035035193912f,-0.3639144649168227f,-0.0937485487872512f,0f,0f,0f,1f],start_interpolation:0}
execute if entity @s[tag=aj.tutankhamen.bone.right_foot] run data modify entity @s {} merge value {transformation:[0.22622829025214913f,0.720643570092772f,-0.655357616552622f,0.271291891326972f,0.6788119653040426f,0.365888824473804f,0.6366629279966292f,0.56150117951711f,0.6985950733076011f,-0.5888957573366632f,-0.40640707491531886f,0.23594106059693168f,0f,0f,0f,1f],start_interpolation:0}
execute if entity @s[tag=aj.tutankhamen.bone.right_leg] run data modify entity @s {} merge value {transformation:[-0.2852972205789657f,-0.641666426964308f,-0.7119478158101025f,-0.0005216323268200042f,0.08592210481458067f,0.7227060257333615f,-0.6857939867576283f,0.875f,0.9545799536100417f,-0.25682717316426673f,-0.15105269044377376f,0.0937485487872512f,0f,0f,0f,1f],start_interpolation:0}