execute if entity @s[tag=aj.tutankhamen.bone.head] run data modify entity @s {} merge value {transformation:[0.7781961198810952f,0.07143156431065176f,-0.6239457753860838f,0.0025195152540589366f,0.07439215379942077f,0.9760308692942115f,0.20452273623699882f,1.6248218966311416f,0.6235997165290338f,-0.20557546985211753f,0.7542294874505964f,-0.015443848427606878f,0f,0f,0f,1f],start_interpolation:0}
execute if entity @s[tag=aj.tutankhamen.bone.back_cape] run data modify entity @s {} merge value {transformation:[0.2288236896914458f,0.8629258974182802f,-0.4505536756046369f,-0.1465573795499208f,-0.18423549621832552f,0.4928579224460907f,0.8503812969576121f,1.6264193086719425f,0.95587499233382f,-0.11157940601642694f,0.2717591492182756f,0.031327833286599854f,0f,0f,0f,1f],start_interpolation:0}
execute if entity @s[tag=aj.tutankhamen.bone.left_hand] run data modify entity @s {} merge value {transformation:[0.11826914662121746f,-0.50484770927991f,-0.8550679501608724f,-0.33157605070890167f,-0.35527235537434765f,0.7825964726683217f,-0.5111988991320936f,1.4420131708665704f,0.9272507549008803f,0.3642410622128268f,-0.08680141780996027f,-0.4882885227742927f,0f,0f,0f,1f],start_interpolation:0}
execute if entity @s[tag=aj.tutankhamen.bone.cape_left_back] run data modify entity @s {} merge value {transformation:[-0.3328142358506736f,0.7202420212401158f,-0.6086757061482616f,-0.28626855463197587f,-0.5794450631200972f,0.35303854715831845f,0.734579609740218f,1.5110364304322248f,0.7439610898702157f,0.5971726844559259f,0.29984442916089726f,-0.35697211578322696f,0f,0f,0f,1f],start_interpolation:0}
execute if entity @s[tag=aj.tutankhamen.bone.cape_left_side] run data modify entity @s {} merge value {transformation:[-0.3328142358506736f,0.7202420212401158f,-0.6086757061482616f,-0.1581818670117754f,-0.5794450631200972f,0.35303854715831845f,0.734579609740218f,1.5097522703272128f,0.7439610898702157f,0.5971726844559259f,0.29984442916089726f,-0.5106965897205603f,0f,0f,0f,1f],start_interpolation:0}
execute if entity @s[tag=aj.tutankhamen.bone.left_arm] run data modify entity @s {} merge value {transformation:[-0.39432100552315363f,0.6884946109797261f,-0.6086757061482616f,-0.11555414989508163f,-0.608009436511815f,0.30119316404343377f,0.734579609740218f,1.494635609753045f,0.6890830644528964f,0.6597407434632042f,0.29984442916089726f,-0.2640783795721265f,0f,0f,0f,1f],start_interpolation:0}
execute if entity @s[tag=aj.tutankhamen.bone.cape_right_back] run data modify entity @s {} merge value {transformation:[0.15962649695637549f,-0.9647204595161814f,-0.2093652704254553f,0.23302306298636713f,0.010286053956892574f,0.21369863435664885f,-0.976845479473647f,1.3708963862472878f,0.9871238922057517f,0.15377687948775354f,0.044035131106614805f,0.20299210512940763f,0f,0f,0f,1f],start_interpolation:0}
execute if entity @s[tag=aj.tutankhamen.bone.cape_right] run data modify entity @s {} merge value {transformation:[0.15962649695637549f,-0.9647204595161814f,-0.2093652704254553f,0.3103060207421646f,0.010286053956892574f,0.21369863435664885f,-0.976845479473647f,1.616714952046464f,0.9871238922057517f,0.15377687948775354f,0.044035131106614805f,0.3462214305099026f,0f,0f,0f,1f],start_interpolation:0}
execute if entity @s[tag=aj.tutankhamen.bone.weapon] run data modify entity @s {} merge value {transformation:[1.512570847625245f,0.5885975863387491f,0.20067382958811175f,0.1904981755603185f,-0.26684867013658714f,1.0910209575311403f,-1.1887189453715625f,1.393828319737286f,-0.5617017818840301f,1.0666835637597238f,1.1051085723331775f,-0.32477052125681494f,0f,0f,0f,1f],start_interpolation:0}
execute if entity @s[tag=aj.tutankhamen.bone.right_hand] run data modify entity @s {} merge value {transformation:[0.9387948250178534f,0.3277930856145955f,0.10590547456558017f,0.3430114756730739f,0.03123263098474402f,0.22517720273628372f,-0.9738171030176217f,1.409236194495948f,-0.3430580115395486f,0.9175221634331924f,0.20115735215846808f,0.19692585662019757f,0f,0f,0f,1f],start_interpolation:0}
execute if entity @s[tag=aj.tutankhamen.bone.right_arm] run data modify entity @s {} merge value {transformation:[0.3241583611760736f,-0.9194767195273045f,-0.22244981260263766f,0.049272149775222034f,-0.02687165989880259f,0.2261025221808242f,-0.9737327987480718f,1.5058273613499744f,0.9456211031771263f,0.32162122397437687f,0.04858515735590834f,0.2608955832662107f,0f,0f,0f,1f],start_interpolation:0}
execute if entity @s[tag=aj.tutankhamen.bone.body] run data modify entity @s {} merge value {transformation:[0.2994908734731285f,0.0036647494604493624f,-0.9540921267454703f,-0.0027485620953370217f,0.02033551361744547f,0.9997409405543878f,0.01022343706112716f,0.18769429458420916f,0.9538824265035063f,-0.02246377953106455f,0.2993387629709231f,0.016847834648298414f,0f,0f,0f,1f],start_interpolation:0}
execute if entity @s[tag=aj.tutankhamen.bone.left_foot] run data modify entity @s {} merge value {transformation:[-0.3793193427156201f,0.061439590665053924f,-0.923223706877537f,-0.0064324102859458915f,0.06406604565329843f,0.9971422322631842f,0.040036363865159144f,0.4367482094581913f,0.9230451657617514f,-0.043960724926968134f,-0.3821715277565245f,-0.1029676394855748f,0f,0f,0f,1f],start_interpolation:0}
execute if entity @s[tag=aj.tutankhamen.bone.left_leg] run data modify entity @s {} merge value {transformation:[-0.3793193427156201f,0.061439590665053924f,-0.923223706877537f,0.00859368117015207f,0.06406604565329843f,0.9971422322631842f,0.040036363865159144f,0.875f,0.9230451657617514f,-0.043960724926968134f,-0.3821715277565245f,-0.09335529521106863f,0f,0f,0f,1f],start_interpolation:0}
execute if entity @s[tag=aj.tutankhamen.bone.right_foot] run data modify entity @s {} merge value {transformation:[0.1982236816694224f,0.6922091440016152f,-0.6939408281589794f,0.28032535960524746f,0.6555488318477268f,0.43270827296509917f,0.6188855141063179f,0.5695544079624193f,0.7286721492471769f,-0.5775898644090909f,-0.3680038687886145f,0.21830164642723993f,0f,0f,0f,1f],start_interpolation:0}
execute if entity @s[tag=aj.tutankhamen.bone.right_leg] run data modify entity @s {} merge value {transformation:[-0.27841402951026895f,-0.6802730953087897f,-0.6780222297025766f,-0.00859368117015207f,0.027072966958186742f,0.7000951365829121f,-0.7135361617977288f,0.875f,0.9600795189107703f,-0.2170145514290508f,-0.17649929698475236f,0.09335529521106863f,0f,0f,0f,1f],start_interpolation:0}