execute if entity @s[tag=aj.tutankhamen.bone.head] run data modify entity @s {} merge value {transformation:[-0.9713423191554391f,0.09086526715647576f,-0.21963060406581703f,-0.001058136980965577f,0.049679703667027966f,0.9812464156005576f,0.18624553394541873f,1.6249978790649988f,0.23243499319441918f,0.16999698554868597f,-0.9576403285383666f,-0.0013403832503535193f,0f,0f,0f,1f],start_interpolation:0}
execute if entity @s[tag=aj.tutankhamen.bone.back_cape] run data modify entity @s {} merge value {transformation:[-0.8318141240282617f,0.17480191227372815f,-0.5268107388166493f,-0.08812571209582969f,-0.019238263159739054f,0.9394658145013308f,0.342102137692748f,1.6246109189335904f,0.5547207876920538f,0.2947003136218202f,-0.7780980483547741f,-0.1310830135823851f,0f,0f,0f,1f],start_interpolation:0}
execute if entity @s[tag=aj.tutankhamen.bone.left_hand] run data modify entity @s {} merge value {transformation:[-0.7878781790602435f,-0.32943270291520826f,-0.5203095897739111f,0.2506833690454392f,-0.3090813846836364f,0.9423021207897306f,-0.12859008825419643f,1.2128038233902594f,0.5326506102528761f,0.059504683892582816f,-0.844240795029524f,-0.30894352459098595f,0f,0f,0f,1f],start_interpolation:0}
execute if entity @s[tag=aj.tutankhamen.bone.cape_left_back] run data modify entity @s {} merge value {transformation:[-0.7990590484935021f,-0.024420011637250397f,-0.6007564398758418f,0.17577316176712127f,-0.1483791175884836f,0.9762801595470535f,0.1576727228738153f,1.3485411238561191f,0.582656223243451f,0.2151295263473068f,-0.7837289151289887f,-0.3039611140667624f,0f,0f,0f,1f],start_interpolation:0}
execute if entity @s[tag=aj.tutankhamen.bone.cape_left_side] run data modify entity @s {} merge value {transformation:[-0.7990590484935021f,-0.024420011637250397f,-0.6007564398758418f,0.3757206930787112f,-0.1483791175884836f,0.9762801595470535f,0.1576727228738153f,1.3520162706200929f,0.582656223243451f,0.2151295263473068f,-0.7837289151289887f,-0.297035034557428f,0f,0f,0f,1f],start_interpolation:0}
execute if entity @s[tag=aj.tutankhamen.bone.left_arm] run data modify entity @s {} merge value {transformation:[-0.7938900433193108f,-0.09396967099105576f,-0.6007564398758418f,0.20706950341642041f,-0.2329029126843047f,0.9596330265912717f,0.1576727228738153f,1.4999596122630914f,0.5616892667495349f,0.2650927294535038f,-0.7837289151289887f,-0.18507199976777264f,0f,0f,0f,1f],start_interpolation:0}
execute if entity @s[tag=aj.tutankhamen.bone.cape_right_back] run data modify entity @s {} merge value {transformation:[-0.999056227744863f,0.02831787340891493f,-0.032935571192883706f,-0.26419869566664844f,-0.033178779101577904f,-0.9868969814523098f,0.15790350413353135f,1.6986077634193355f,-0.028032524351787325f,0.15884724122853416f,0.9869051279289973f,0.17860079127623202f,0f,0f,0f,1f],start_interpolation:0}
execute if entity @s[tag=aj.tutankhamen.bone.cape_right] run data modify entity @s {} merge value {transformation:[-0.999056227744863f,0.02831787340891493f,-0.032935571192883706f,-0.41206733845356236f,-0.033178779101577904f,-0.9868969814523098f,0.15790350413353135f,1.6539477031513312f,-0.028032524351787325f,0.15884724122853416f,0.9869051279289973f,-0.07250557263598405f,0f,0f,0f,1f],start_interpolation:0}
execute if entity @s[tag=aj.tutankhamen.bone.weapon] run data modify entity @s {} merge value {transformation:[0.14509022263365107f,-0.8400418299338893f,-1.3956597812033393f,-0.40630173517196977f,-1.6062806167489445f,0.15925934664203692f,-0.26284351689720936f,2.8877997008900027f,0.27092264793453424f,1.3941140046924376f,-0.810946813525811f,-0.15878957523550896f,0f,0f,0f,1f],start_interpolation:0}
execute if entity @s[tag=aj.tutankhamen.bone.right_hand] run data modify entity @s {} merge value {transformation:[-0.9958916120433738f,0.08871758836197795f,-0.01814074355933283f,-0.29690046376023455f,-0.0904965031533319f,-0.9821843261649597f,0.16469466400859278f,1.8110640802456042f,-0.0032062405820262162f,0.16565970829118018f,0.986177763423112f,0.09618729924110958f,0f,0f,0f,1f],start_interpolation:0}
execute if entity @s[tag=aj.tutankhamen.bone.right_arm] run data modify entity @s {} merge value {transformation:[-0.999056227744863f,0.02831787340891493f,-0.032935571192883706f,-0.2499205781290112f,-0.033178779101577904f,-0.9868969814523098f,0.15790350413353135f,1.4998541666808172f,-0.028032524351787325f,0.15884724122853416f,0.9869051279289973f,0.12160483384593403f,0f,0f,0f,1f],start_interpolation:0}
execute if entity @s[tag=aj.tutankhamen.bone.body] run data modify entity @s {} merge value {transformation:[-0.830355100881125f,-0.0015391083359499304f,-0.5572324807351303f,0.0011543312519624478f,-0.0001915955742646284f,0.9999969150036346f,-0.002476544841012934f,0.187502313747274f,0.5572345733457617f,-0.0019496483641505734f,-0.8303528341250023f,0.00146223627311293f,0f,0f,0f,1f],start_interpolation:0}
execute if entity @s[tag=aj.tutankhamen.bone.left_foot] run data modify entity @s {} merge value {transformation:[-0.6417384778088836f,-0.12610133498776088f,0.756485412558525f,0.1366285930005521f,-0.208820206878427f,0.9778517654697831f,-0.014143760704958286f,0.4537154840719207f,-0.7379470491158482f,-0.16704603581627642f,-0.6538576103550982f,0.1669848360688237f,0f,0f,0f,1f],start_interpolation:0}
execute if entity @s[tag=aj.tutankhamen.bone.left_leg] run data modify entity @s {} merge value {transformation:[-0.6417384778088836f,-0.12610133498776088f,0.756485412558525f,0.06140493151187911f,-0.208820206878427f,0.9778517654697831f,-0.014143760704958286f,0.875f,-0.7379470491158482f,-0.16704603581627642f,-0.6538576103550982f,0.0708413501143325f,0f,0f,0f,1f],start_interpolation:0}
execute if entity @s[tag=aj.tutankhamen.bone.right_foot] run data modify entity @s {} merge value {transformation:[-0.5938749967434189f,0.14292108164552078f,0.7917613609316122f,-0.11636598848042082f,0.18578172491417858f,0.9818603413589313f,-0.03788694701919813f,0.45319318330985714f,-0.782813923567355f,0.12459468081662804f,-0.6096544321017325f,-0.17780444707131543f,0f,0f,0f,1f],start_interpolation:0}
execute if entity @s[tag=aj.tutankhamen.bone.right_leg] run data modify entity @s {} merge value {transformation:[-0.6335199852958233f,0.08037384554982221f,0.7695404298555816f,-0.06140493151187911f,0.1981235225330465f,0.9782815469012585f,0.06092852215160239f,0.875f,-0.7479301424931859f,0.19106349715216198f,-0.6356848606079184f,-0.0708413501143325f,0f,0f,0f,1f],start_interpolation:0}