execute if entity @s[tag=aj.tutankhamen.bone.head] run data modify entity @s {} merge value {transformation:[-0.972233407247803f,0.09162814606965564f,-0.21532878274667566f,-0.00028852172222413957f,0.050665361116099726f,0.9807508075919602f,0.18857591201076798f,1.6249998580256932f,0.2284627387875371f,0.17243009092254036f,-0.9581610724351839f,-0.0003346189884999371f,0f,0f,0f,1f],start_interpolation:0}
execute if entity @s[tag=aj.tutankhamen.bone.back_cape] run data modify entity @s {} merge value {transformation:[-0.8469014856809534f,0.16819470588452812f,-0.5044486242064803f,-0.08376124844334042f,-0.08109628986915758f,0.8967068780385742f,0.43513235532165495f,1.6249005391265126f,0.5255295094672147f,0.40942315004250857f,-0.7457824206083286f,-0.13241927566556483f,0f,0f,0f,1f],start_interpolation:0}
execute if entity @s[tag=aj.tutankhamen.bone.left_hand] run data modify entity @s {} merge value {transformation:[-0.8088088070956303f,-0.3299338859960106f,-0.4867976421842188f,0.2593154252562577f,-0.2890793740981751f,0.9439309086398366f,-0.15946019937708458f,1.2157339128785778f,0.51211466395286f,0.011750344077670227f,-0.858836713455186f,-0.3077785163957343f,0f,0f,0f,1f],start_interpolation:0}
execute if entity @s[tag=aj.tutankhamen.bone.cape_left_back] run data modify entity @s {} merge value {transformation:[-0.8177841011363539f,-0.02818409635264682f,-0.5748346028566742f,0.1847175407483721f,-0.15916290883627948f,0.970921116578526f,0.1788277210968216f,1.3516080789469218f,0.5530789567316587f,0.23773481464584262f,-0.7984897153538839f,-0.3019180617161175f,0f,0f,0f,1f],start_interpolation:0}
execute if entity @s[tag=aj.tutankhamen.bone.cape_left_side] run data modify entity @s {} merge value {transformation:[-0.8177841011363539f,-0.02818409635264682f,-0.5748346028566742f,0.38435063190801166f,-0.15916290883627948f,0.970921116578526f,0.1788277210968216f,1.3541238183154878f,0.5530789567316587f,0.23773481464584262f,-0.7984897153538839f,-0.2885254342862037f,0f,0f,0f,1f],start_interpolation:0}
execute if entity @s[tag=aj.tutankhamen.bone.left_arm] run data modify entity @s {} merge value {transformation:[-0.812215779884473f,-0.0993514280987786f,-0.5748346028566742f,0.21267210199354278f,-0.2431785969803485f,0.9533545070633413f,0.1788277210968216f,1.5000025028860402f,0.5302543699747571f,0.2850341691740599f,-0.7984897153538839f,-0.17847058875596572f,0f,0f,0f,1f],start_interpolation:0}
execute if entity @s[tag=aj.tutankhamen.bone.cape_right_back] run data modify entity @s {} merge value {transformation:[-0.997787033211305f,0.023929259805139158f,-0.06203569037707185f,-0.26857743497082454f,-0.03479106832673793f,-0.9829749480214702f,0.18041572305892f,1.6999421950092768f,-0.05666231481386941f,0.18217475699823737f,0.9816321816202684f,0.16752677291050685f,0f,0f,0f,1f],start_interpolation:0}
execute if entity @s[tag=aj.tutankhamen.bone.cape_right] run data modify entity @s {} merge value {transformation:[-0.997787033211305f,0.023929259805139158f,-0.06203569037707185f,-0.408972736315823f,-0.03479106832673793f,-0.9829749480214702f,0.18041572305892f,1.649402159818494f,-0.05666231481386941f,0.18217475699823737f,0.9816321816202684f,-0.08673475918422738f,0f,0f,0f,1f],start_interpolation:0}
execute if entity @s[tag=aj.tutankhamen.bone.weapon] run data modify entity @s {} merge value {transformation:[0.09868622659485436f,-0.7400281390121337f,1.4550625607724972f,-0.3731374409775283f,-1.6034135678481571f,-0.31759582349469084f,-0.05277780736527507f,2.8582412316223857f,0.3064533124833633f,-1.4234039904328215f,-0.7447114346503665f,-0.19226351190835606f,0f,0f,0f,1f],start_interpolation:0}
execute if entity @s[tag=aj.tutankhamen.bone.right_hand] run data modify entity @s {} merge value {transformation:[-0.9967705750200386f,0.060343170401949385f,-0.05298228534201277f,-0.29887220658575325f,-0.0691511784843672f,-0.980431226200147f,0.18431691513776013f,1.8104508599355675f,-0.040823219966636265f,0.1873854649579801f,0.9814377984538999f,0.08163221959652696f,0f,0f,0f,1f],start_interpolation:0}
execute if entity @s[tag=aj.tutankhamen.bone.right_arm] run data modify entity @s {} merge value {transformation:[-0.997787033211305f,0.023929259805139158f,-0.06203569037707185f,-0.2525660600421264f,-0.03479106832673793f,-0.9829749480214702f,0.18041572305892f,1.499950359257213f,-0.05666231481386941f,0.18217475699823737f,0.9816321816202684f,0.11554314543295682f,0f,0f,0f,1f],start_interpolation:0}
execute if entity @s[tag=aj.tutankhamen.bone.body] run data modify entity @s {} merge value {transformation:[-0.8453419375415306f,-0.0004196679595987485f,-0.5342254510151442f,0.00031475096969906137f,-0.00009474544398987018f,0.9999997934919174f,-0.0006356409547561351f,0.18750015488106198f,0.5342256074514131f,-0.0004867185287271812f,-0.8453418027332151f,0.00036503889654538593f,0f,0f,0f,1f],start_interpolation:0}
execute if entity @s[tag=aj.tutankhamen.bone.left_foot] run data modify entity @s {} merge value {transformation:[-0.6760581678895051f,-0.12804765603496027f,0.7256370659040499f,0.14170191243998487f,-0.19495976632801185f,0.9807738031627915f,-0.008569512408583304f,0.4520039538140291f,-0.7105885188653226f,-0.14726352166625087f,-0.6880242815796844f,0.15461759128595975f,0f,0f,0f,1f],start_interpolation:0}
execute if entity @s[tag=aj.tutankhamen.bone.left_leg] run data modify entity @s {} merge value {transformation:[-0.6760581678895051f,-0.12804765603496027f,0.7256370659040499f,0.06455424517814272f,-0.19495976632801185f,0.9807738031627915f,-0.008569512408583304f,0.875f,-0.7105885188653226f,-0.14726352166625087f,-0.6880242815796844f,0.06798390934243366f,0f,0f,0f,1f],start_interpolation:0}
execute if entity @s[tag=aj.tutankhamen.bone.right_foot] run data modify entity @s {} merge value {transformation:[-0.6488346772829077f,0.13623892224331918f,0.7486337673530121f,-0.12982122282438613f,0.18029359287948543f,0.9833509930190497f,-0.022694600570514582f,0.45153609498562947f,-0.7392616464566463f,0.12024882782974505f,-0.6625952289926187f,-0.16179944792163126f,0f,0f,0f,1f],start_interpolation:0}
execute if entity @s[tag=aj.tutankhamen.bone.right_leg] run data modify entity @s {} merge value {transformation:[-0.6713206387782451f,0.10123018899296744f,0.7342213894914918f,-0.06455424517814272f,0.18847481917879513f,0.9813799842599038f,0.037021197030235126f,0.875f,-0.7168025128903284f,0.16323533726028536f,-0.6778999794834275f,-0.06798390934243366f,0f,0f,0f,1f],start_interpolation:0}