execute if entity @s[tag=aj.tutankhamen.bone.head] run data modify entity @s {} merge value {transformation:[0.753236607577999f,0.08391218636815785f,-0.6523751665899793f,0.0034159815753633483f,0.06895940842544937f,0.9762883330367088f,0.20519671236649104f,1.6248779297765314f,0.6541247686749063f,-0.19954908106859312f,0.7295895772629162f,-0.01249650855264941f,0f,0f,0f,1f],start_interpolation:0}
execute if entity @s[tag=aj.tutankhamen.bone.back_cape] run data modify entity @s {} merge value {transformation:[0.2792048105131395f,0.8154351606104892f,-0.5070603244451964f,-0.1434050098691955f,-0.16660810084541952f,0.5611903171702878f,0.8107448233858755f,1.6265789246490592f,0.9456671795716528f,-0.14188349711808582f,0.2925451396392322f,0.040933497882690115f,0f,0f,0f,1f],start_interpolation:0}
execute if entity @s[tag=aj.tutankhamen.bone.left_hand] run data modify entity @s {} merge value {transformation:[0.1521092005241903f,-0.28566518609916713f,-0.9461808455928601f,-0.37183315068690703f,-0.4158309069144968f,0.8499724135818645f,-0.32346800924432517f,1.4452141444515052f,0.8966311660714001f,0.44265369940931043f,0.010500210888038847f,-0.44769350727702883f,0f,0f,0f,1f],start_interpolation:0}
execute if entity @s[tag=aj.tutankhamen.bone.cape_left_back] run data modify entity @s {} merge value {transformation:[-0.2269533569374631f,0.7991719959184983f,-0.5566114396187525f,-0.30807123061117314f,-0.5808021950837828f,0.347707739838109f,0.736049005055053f,1.5135495085252804f,0.7817678581015441f,0.4903299385070398f,0.38524741068955515f,-0.323896601532047f,0f,0f,0f,1f],start_interpolation:0}
execute if entity @s[tag=aj.tutankhamen.bone.cape_left_side] run data modify entity @s {} merge value {transformation:[-0.2269533569374631f,0.7991719959184983f,-0.5566114396187525f,-0.20303333863735046f,-0.5808021950837828f,0.347707739838109f,0.736049005055053f,1.5122937258752398f,0.7817678581015441f,0.4903299385070398f,0.38524741068955515f,-0.4942037556966077f,0f,0f,0f,1f],start_interpolation:0}
execute if entity @s[tag=aj.tutankhamen.bone.left_arm] run data modify entity @s {} merge value {transformation:[-0.2957421597826294f,0.7763506168044472f,-0.5566114396187525f,-0.12601007954686586f,-0.6088967937072121f,0.2957643602101908f,0.736049005055053f,1.4960693417208741f,0.7360579253973037f,0.5565996433854506f,0.38524741068955515f,-0.2561483751898774f,0f,0f,0f,1f],start_interpolation:0}
execute if entity @s[tag=aj.tutankhamen.bone.cape_right_back] run data modify entity @s {} merge value {transformation:[0.5158353228967791f,-0.8216310992550697f,-0.24256186095279222f,0.1980780558594706f,-0.01385438976390678f,0.2751014002467606f,-0.9613153881357263f,1.3681731052992254f,0.8565757266793436f,0.49924098020813357f,0.130523822134417f,0.18402654951765568f,0f,0f,0f,1f],start_interpolation:0}
execute if entity @s[tag=aj.tutankhamen.bone.cape_right] run data modify entity @s {} merge value {transformation:[0.5158353228967791f,-0.8216310992550697f,-0.24256186095279222f,0.3393177903002904f,-0.01385438976390678f,0.2751014002467606f,-0.9613153881357263f,1.6063372039325465f,0.8565757266793436f,0.49924098020813357f,0.130523822134417f,0.28523555127769884f,0f,0f,0f,1f],start_interpolation:0}
execute if entity @s[tag=aj.tutankhamen.bone.weapon] run data modify entity @s {} merge value {transformation:[1.4682766369100433f,0.699352589436476f,0.17221308534411958f,0.16012737262622026f,-0.2960274182569017f,0.942450833501765f,-1.3033579200216243f,1.365180846179173f,-0.6565966484497158f,1.1389820260616215f,0.9727221901263878f,-0.3425646025440438f,0f,0f,0f,1f],start_interpolation:0}
execute if entity @s[tag=aj.tutankhamen.bone.right_hand] run data modify entity @s {} merge value {transformation:[0.9197861919157986f,0.3859013678072127f,0.07122847383986544f,0.3320619134164282f,-0.024937020212766003f,0.23862255646378683f,-0.9707921613659618f,1.393434692346741f,-0.3916267434483279f,0.8911449993526358f,0.22910496272418157f,0.14023167956696742f,0f,0f,0f,1f],start_interpolation:0}
execute if entity @s[tag=aj.tutankhamen.bone.right_arm] run data modify entity @s {} merge value {transformation:[0.5158353228967791f,-0.8216310992550697f,-0.24256186095279222f,0.062260424307773926f,-0.01385438976390678f,0.2751014002467606f,-0.9613153881357263f,1.5045342392547973f,0.8565757266793436f,0.49924098020813357f,0.130523822134417f,0.2609330390120453f,0f,0f,0f,1f],start_interpolation:0}
execute if entity @s[tag=aj.tutankhamen.bone.body] run data modify entity @s {} merge value {transformation:[0.3420892039767782f,0.0049687004732557796f,-0.9396543452451765f,-0.0037265253549418347f,0.015380795184786437f,0.9998224433113186f,0.010886367184176723f,0.18763316751651105f,0.9395415944289098f,-0.018176739712944597f,0.34195204118617295f,0.013632554784708447f,0f,0f,0f,1f],start_interpolation:0}
execute if entity @s[tag=aj.tutankhamen.bone.left_foot] run data modify entity @s {} merge value {transformation:[-0.4131575841663312f,0.11844748754752804f,-0.9029235866558805f,-0.02035899983049939f,0.14011457075724043f,0.9879670620773637f,0.06549039098781348f,0.4383858300049896f,0.8998159354597779f,-0.09945489904424319f,-0.42478230347878687f,-0.07650407171794457f,0f,0f,0f,1f],start_interpolation:0}
execute if entity @s[tag=aj.tutankhamen.bone.left_leg] run data modify entity @s {} merge value {transformation:[-0.4131575841663312f,0.11844748754752804f,-0.9029235866558805f,0.01855060146634627f,0.14011457075724043f,0.9879670620773637f,0.06549039098781348f,0.875f,0.8998159354597779f,-0.09945489904424319f,-0.42478230347878687f,-0.0918963420666829f,0f,0f,0f,1f],start_interpolation:0}
execute if entity @s[tag=aj.tutankhamen.bone.right_foot] run data modify entity @s {} merge value {transformation:[0.14570563846438783f,0.668142821672615f,-0.7296266420348432f,0.2853243841002649f,0.6295541330347262f,0.5062907591867537f,0.5893481659774592f,0.5810217940883511f,0.7631719730824629f,-0.545210818866846f,-0.34686265652555315f,0.20859947011327792f,0f,0f,0f,1f],start_interpolation:0}
execute if entity @s[tag=aj.tutankhamen.bone.right_leg] run data modify entity @s {} merge value {transformation:[-0.294300496411759f,-0.715592859610237f,-0.6334935493646607f,-0.01855060146634627f,-0.03131441839925089f,0.6697134407695369f,-0.7419591056473023f,0.875f,0.9551997827743204f,-0.19852145105119431f,-0.21950537228145323f,0.0918963420666829f,0f,0f,0f,1f],start_interpolation:0}