execute if entity @s[tag=aj.tutankhamen.bone.head] run data modify entity @s {} merge value {transformation:[-0.8211980381615906f,-0.04123427934494644f,0.5691515758797979f,0.008023347560977886f,0.09000449344458879f,0.9755424889117873f,0.20053938138824065f,1.6243610526233017f,-0.5635006417736698f,0.2159087458504129f,-0.7974023076126404f,0.028526659165167854f,0f,0f,0f,1f],start_interpolation:0}
execute if entity @s[tag=aj.tutankhamen.bone.back_cape] run data modify entity @s {} merge value {transformation:[0.22862695289222928f,-0.9460770204869876f,-0.2294950712274187f,0.16382215542794792f,-0.017144017286227286f,-0.239615016383828f,0.9707166046764973f,1.6220577089760393f,-0.9733631383417515f,-0.21799751198085157f,-0.07100201185638755f,0.040166615147626046f,0f,0f,0f,1f],start_interpolation:0}
execute if entity @s[tag=aj.tutankhamen.bone.left_hand] run data modify entity @s {} merge value {transformation:[0.2514862390306587f,0.9646326189555527f,0.07898469487923554f,-0.002347248244112702f,0.11271158630408418f,0.05186325848124923f,-0.9922732994152996f,1.4015644709707602f,-0.9612755951812318f,0.25844557041407945f,-0.09568237686381922f,0.6029893209828873f,0f,0f,0f,1f],start_interpolation:0}
execute if entity @s[tag=aj.tutankhamen.bone.cape_left_back] run data modify entity @s {} merge value {transformation:[0.8273392991962533f,-0.04514264644993579f,0.5598855467655407f,0.06179374415456482f,-0.48544303231648467f,0.4439966796435549f,0.753134789291316f,1.4880712497019066f,-0.28258582126644116f,-0.8948905463446324f,0.3454217186023143f,0.49134932530685355f,0f,0f,0f,1f],start_interpolation:0}
execute if entity @s[tag=aj.tutankhamen.bone.cape_left_side] run data modify entity @s {} merge value {transformation:[0.8273392991962533f,-0.04514264644993579f,0.5598855467655407f,-0.13746371469054233f,-0.48544303231648467f,0.4439966796435549f,0.753134789291316f,1.4697798748399429f,-0.28258582126644116f,-0.8948905463446324f,0.3454217186023143f,0.4923256450544457f,0f,0f,0f,1f],start_interpolation:0}
execute if entity @s[tag=aj.tutankhamen.bone.left_arm] run data modify entity @s {} merge value {transformation:[0.8281254642631869f,0.02713650607452025f,0.5598855467655407f,0.022705452976139445f,-0.52229263541109f,0.39999799018802995f,0.753134789291316f,1.4877875011580717f,-0.20351564665700622f,-0.916114194783382f,0.3454217186023143f,0.3002638310630603f,0f,0f,0f,1f],start_interpolation:0}
execute if entity @s[tag=aj.tutankhamen.bone.cape_right_back] run data modify entity @s {} merge value {transformation:[0.7801853507055375f,-0.6239382515376891f,-0.04485394979896889f,-0.013868566585128625f,-0.08734983021751463f,-0.0376615749175307f,-0.9954655257394415f,1.431496740777678f,0.6194197492052127f,0.7805656052138235f,-0.08388390937318672f,-0.611052941793174f,0f,0f,0f,1f],start_interpolation:0}
execute if entity @s[tag=aj.tutankhamen.bone.cape_right] run data modify entity @s {} merge value {transformation:[0.7801853507055375f,-0.6239382515376891f,-0.04485394979896889f,0.11924888191235382f,-0.08734983021751463f,-0.0376615749175307f,-0.9954655257394415f,1.6667147112410516f,0.6194197492052127f,0.7805656052138235f,-0.08388390937318672f,-0.4932976286365629f,0f,0f,0f,1f],start_interpolation:0}
execute if entity @s[tag=aj.tutankhamen.bone.weapon] run data modify entity @s {} merge value {transformation:[-1.549591572901482f,-0.020251977544195016f,0.5224399374180435f,-0.2650879510585934f,0.028747521749111837f,1.6284167940258572f,0.14839136948941561f,1.34258598997612f,-0.5220413880116253f,0.14978743589236518f,-1.5426030555080577f,0.15536326365320197f,0f,0f,0f,1f],start_interpolation:0}
execute if entity @s[tag=aj.tutankhamen.bone.right_hand] run data modify entity @s {} merge value {transformation:[-0.9248153196647542f,0.26630019437776964f,-0.2716630835938878f,-0.06921381822968557f,0.36684504741816704f,0.43525361902914333f,-0.822179419778187f,1.4957453939569247f,-0.10070419900947657f,-0.8600223797067115f,-0.5002201222516586f,-0.5340106879980417f,0f,0f,0f,1f],start_interpolation:0}
execute if entity @s[tag=aj.tutankhamen.bone.right_arm] run data modify entity @s {} merge value {transformation:[0.8490782460299888f,0.5201368567998896f,-0.09232433220429118f,0.0640030758035013f,-0.08050218047379082f,-0.04532813270302135f,-0.9957232342998844f,1.5100791438781693f,-0.522097242913236f,0.8528792473638857f,0.0033850197058790136f,-0.24808661804649268f,0f,0f,0f,1f],start_interpolation:0}
execute if entity @s[tag=aj.tutankhamen.bone.body] run data modify entity @s {} merge value {transformation:[0.07503815324174734f,0.011670323725058742f,0.9971123703486082f,-0.008752742793794056f,0.040504115925353024f,0.9990706219975298f,-0.01474139934247946f,0.18819703350185257f,-0.9963577129481025f,0.041493322422062336f,0.07449571828773238f,-0.031119991816546753f,0f,0f,0f,1f],start_interpolation:0}
execute if entity @s[tag=aj.tutankhamen.bone.left_foot] run data modify entity @s {} merge value {transformation:[0.34572666645303995f,0.029707441773880336f,0.9378648836620975f,0.007945849845154833f,-0.2892620015460343f,0.9541957648452851f,0.07640639248716972f,0.46657879042850137f,-0.8926368615315247f,-0.2977044007981287f,0.3384841549918941f,0.2463517007438484f,0f,0f,0f,1f],start_interpolation:0}
execute if entity @s[tag=aj.tutankhamen.bone.left_leg] run data modify entity @s {} merge value {transformation:[0.34572666645303995f,0.029707441773880336f,0.9378648836620975f,0.03174681394788498f,-0.2892620015460343f,0.9541957648452851f,0.07640639248716972f,0.875f,-0.8926368615315247f,-0.2977044007981287f,0.3384841549918941f,0.08821112347180696f,0f,0f,0f,1f],start_interpolation:0}
execute if entity @s[tag=aj.tutankhamen.bone.right_foot] run data modify entity @s {} merge value {transformation:[-0.23101524984340405f,-0.8119998304449462f,0.5359927515341684f,-0.25421855135836385f,0.7687716862811838f,0.18531455432799673f,0.6120854599862683f,0.568623731480089f,-0.5963405476002575f,0.5534571268956566f,0.5814319908434951f,-0.3096218744334043f,0f,0f,0f,1f],start_interpolation:0}
execute if entity @s[tag=aj.tutankhamen.bone.right_leg] run data modify entity @s {} merge value {transformation:[0.3655379550751783f,0.5346166823007501f,0.7619494775936235f,-0.03174681394788498f,0.27516834321163475f,0.7199434954177701f,-0.6371528437508597f,0.875f,-0.8891931096750699f,0.4425679229354317f,0.1160570863626895f,-0.08821112347180696f,0f,0f,0f,1f],start_interpolation:0}