execute if entity @s[tag=aj.tutankhamen.bone.head] run data modify entity @s {} merge value {transformation:[-0.9723919138530369f,0.0917330159022381f,-0.2145670516801398f,-0.00022065502556889265f,0.050589533247395804f,0.9804950249779718f,0.18992157623413186f,1.624999917998824f,0.22780400566943226f,0.17382335800152485f,-0.9580661643195814f,-0.00025310663790894454f,0f,0f,0f,1f],start_interpolation:0}
execute if entity @s[tag=aj.tutankhamen.bone.back_cape] run data modify entity @s {} merge value {transformation:[-0.850378092412979f,0.16528423391563016f,-0.49953800852686525f,-0.08276095318767777f,-0.08794857765485187f,0.8913758062489306f,0.44465067156427135f,1.6249245835544528f,0.5187698407121908f,0.42205484720945013f,-0.7434699444593951f,-0.13292245503470954f,0f,0f,0f,1f],start_interpolation:0}
execute if entity @s[tag=aj.tutankhamen.bone.left_hand] run data modify entity @s {} merge value {transformation:[-0.8131548949138834f,-0.3298637591003072f,-0.47955084955592153f,0.2615056762589461f,-0.28652247210209997f,0.9440180832624016f,-0.1635075883684986f,1.216110858186717f,0.5066399015652961f,0.004445099076015924f,-0.8621463050063556f,-0.3067102366246943f,0f,0f,0f,1f],start_interpolation:0}
execute if entity @s[tag=aj.tutankhamen.bone.cape_left_back] run data modify entity @s {} merge value {transformation:[-0.8220254928409341f,-0.02965780015030295f,-0.568677856092414f,0.18691225254817098f,-0.1605363163815693f,0.9702068554913829f,0.18145729161474713f,1.351994113220555f,0.5463535304564767f,0.2404559677940379f,-0.8022959225310674f,-0.3010058131318832f,0f,0f,0f,1f],start_interpolation:0}
execute if entity @s[tag=aj.tutankhamen.bone.cape_left_side] run data modify entity @s {} merge value {transformation:[-0.8220254928409341f,-0.02965780015030295f,-0.568677856092414f,0.3864384678161187f,-0.1605363163815693f,0.9702068554913829f,0.18145729161474713f,1.3543957512033318f,0.5463535304564767f,0.2404559677940379f,-0.8022959225310674f,-0.28608656194932425f,0f,0f,0f,1f],start_interpolation:0}
execute if entity @s[tag=aj.tutankhamen.bone.left_arm] run data modify entity @s {} merge value {transformation:[-0.8163125900640315f,-0.10118918565285775f,-0.568677856092414f,0.2139775147576894f,-0.2444845263397197f,0.9525232636005713f,0.18145729161474713f,1.5000036171974003f,0.5233173718532528f,0.2871588079906796f,-0.8022959225310674f,-0.1768998122901091f,0f,0f,0f,1f],start_interpolation:0}
execute if entity @s[tag=aj.tutankhamen.bone.cape_right_back] run data modify entity @s {} merge value {transformation:[-0.9974634617851958f,0.022061615590783498f,-0.06767516177311872f,-0.26947614364035766f,-0.03308921628540671f,-0.9854967869647032f,0.16643673467076006f,1.6992040840223825f,-0.06302179122423357f,0.16825387959798105f,0.9837270382738894f,0.16856935808215145f,0f,0f,0f,1f],start_interpolation:0}
execute if entity @s[tag=aj.tutankhamen.bone.cape_right] run data modify entity @s {} merge value {transformation:[-0.9974634617851958f,0.022061615590783498f,-0.06767516177311872f,-0.4084110191010148f,-0.03308921628540671f,-0.9854967869647032f,0.16643673467076006f,1.6524247103100977f,-0.06302179122423357f,0.16825387959798105f,0.9837270382738894f,-0.08720955636510742f,0f,0f,0f,1f],start_interpolation:0}
execute if entity @s[tag=aj.tutankhamen.bone.weapon] run data modify entity @s {} merge value {transformation:[0.09060697553480249f,1.6300160638513226f,-0.09708594739810888f,-0.3673993707670457f,-1.6081304399854928f,0.10594796744188807f,0.27799134842313433f,2.8574096336933144f,0.2833629079248298f,0.08006455765621474f,1.6086897782452692f,-0.17373319897157952f,0f,0f,0f,1f],start_interpolation:0}
execute if entity @s[tag=aj.tutankhamen.bone.right_hand] run data modify entity @s {} merge value {transformation:[-0.9966977205715092f,0.055402991409815756f,-0.05936465573387678f,-0.299174881159173f,-0.06478347053771544f,-0.9833154282713841f,0.16998197101032408f,1.810954848467129f,-0.04895667219743189f,0.17326649146995962f,0.9836574440225848f,0.0840852522645284f,0f,0f,0f,1f],start_interpolation:0}
execute if entity @s[tag=aj.tutankhamen.bone.right_arm] run data modify entity @s {} merge value {transformation:[-0.9974634617851958f,0.022061615590783498f,-0.06767516177311872f,-0.2533200583113267f,-0.03308921628540671f,-0.9854967869647032f,0.16643673467076006f,1.499960670270145f,-0.06302179122423357f,0.16825387959798105f,0.9837270382738894f,0.11382961928565884f,0f,0f,0f,1f],start_interpolation:0}
execute if entity @s[tag=aj.tutankhamen.bone.body] run data modify entity @s {} merge value {transformation:[-0.8490839059679953f,-0.00032095276446384384f,-0.5282579082374969f,0.0002407145733478829f,-0.00007803495426691391f,0.999999880725562f,-0.0004821404439758831f,0.18750008945582852f,0.5282579999741401f,-0.0003681551096857375f,-0.8490838297395238f,0.0002761163322643031f,0f,0f,0f,1f],start_interpolation:0}
execute if entity @s[tag=aj.tutankhamen.bone.left_foot] run data modify entity @s {} merge value {transformation:[-0.6803639510842852f,-0.12818450064800638f,0.7215771808050764f,0.14229046538944734f,-0.19318061341932793f,0.9811317780552505f,-0.007853960088696118f,0.4517917412701819f,-0.7069555464553006f,-0.14473827373491754f,-0.6922894535180523f,0.15302283564268368f,0f,0f,0f,1f],start_interpolation:0}
execute if entity @s[tag=aj.tutankhamen.bone.left_leg] run data modify entity @s {} merge value {transformation:[-0.6803639510842852f,-0.12818450064800638f,0.7215771808050764f,0.06494837288456065f,-0.19318061341932793f,0.9811317780552505f,-0.007853960088696118f,0.875f,-0.7069555464553006f,-0.14473827373491754f,-0.6922894535180523f,0.06760748005692913f,0f,0f,0f,1f],start_interpolation:0}
execute if entity @s[tag=aj.tutankhamen.bone.right_foot] run data modify entity @s {} merge value {transformation:[-0.6556274413562511f,0.1354493989848791f,0.7428365354876472f,-0.1314503096909281f,0.17965568851855562f,0.9835102657880483f,-0.020769946375625153f,0.45134503236279916f,-0.7334006352080555f,0.1198374624404141f,-0.6691505741402777f,-0.15967687397979693f,0f,0f,0f,1f],start_interpolation:0}
execute if entity @s[tag=aj.tutankhamen.bone.right_leg] run data modify entity @s {} merge value {transformation:[-0.676050685220238f,0.10371509232739433f,0.7295194655639881f,-0.06494837288456065f,0.18723664532094492f,0.9817282578365266f,0.03394210385667118f,0.875f,-0.7126695655506873f,0.15953935999864877f,-0.6831173273669877f,-0.06760748005692913f,0f,0f,0f,1f],start_interpolation:0}