execute if entity @s[tag=aj.tutankhamen.bone.head] run data modify entity @s {} merge value {transformation:[-0.9832738169802926f,0.08152878143853574f,-0.16286699677391245f,-0.0003228801129964931f,0.04045785458371407f,0.9696477352865811f,0.24113571169797188f,1.624999843942512f,0.17758311531080073f,0.23051318237955906f,-0.9567277093853607f,-0.0003321557681194993f,0f,0f,0f,1f],start_interpolation:0}
execute if entity @s[tag=aj.tutankhamen.bone.back_cape] run data modify entity @s {} merge value {transformation:[-0.9472999941526907f,0.05655536735902714f,-0.31531605018012926f,-0.04955640943115584f,-0.09833023244248015f,0.8854432588255141f,0.4542261559930928f,1.6249050772038425f,0.304883398147751f,0.46129353542331286f,-0.8332192914896659f,-0.14862279306576953f,0f,0f,0f,1f],start_interpolation:0}
execute if entity @s[tag=aj.tutankhamen.bone.left_hand] run data modify entity @s {} merge value {transformation:[-0.8933608412846622f,-0.29378496587859865f,-0.33999529567755915f,0.3079744405265012f,-0.2671515470052771f,0.9556667645157753f,-0.12381876324950297f,1.2131650384197954f,0.3612982953071428f,-0.019784565288625988f,-0.9322403728569649f,-0.24010921152747577f,0f,0f,0f,1f],start_interpolation:0}
execute if entity @s[tag=aj.tutankhamen.bone.cape_left_back] run data modify entity @s {} merge value {transformation:[-0.9148900779599213f,-0.03269717554896957f,-0.40237673884260367f,0.23940534731487298f,-0.12120995062057208f,0.9729763775110652f,0.1965327369066112f,1.3520416489910407f,0.3850769963540375f,0.2285779156361451f,-0.8941296569079834f,-0.2486265350066743f,0f,0f,0f,1f],start_interpolation:0}
execute if entity @s[tag=aj.tutankhamen.bone.cape_left_side] run data modify entity @s {} merge value {transformation:[-0.9148900779599213f,-0.03269717554896957f,-0.40237673884260367f,0.43265401435143613f,-0.12120995062057208f,0.9729763775110652f,0.1965327369066112f,1.3464141116621786f,0.3850769963540375f,0.2285779156361451f,-0.8941296569079834f,-0.19702860857349475f,0f,0f,0f,1f],start_interpolation:0}
execute if entity @s[tag=aj.tutankhamen.bone.left_arm] run data modify entity @s {} merge value {transformation:[-0.9085588983796963f,-0.11231067720151838f,-0.40237673884260367f,0.24927001784339184f,-0.20554918902207894f,0.958709765370293f,0.1965327369066112f,1.5000582554281627f,0.3636897841120068f,0.26126977928986345f,-0.8941296569079834f,-0.12199552132881532f,0f,0f,0f,1f],start_interpolation:0}
execute if entity @s[tag=aj.tutankhamen.bone.cape_right_back] run data modify entity @s {} merge value {transformation:[-0.9639708002614762f,0.08111516692555745f,-0.25333895463960554f,-0.3164329028853089f,0.04574791846508894f,-0.8876302436060148f,-0.45827904009679393f,1.6262291064599128f,-0.262044698857582f,-0.45335734286605117f,0.8519387862223868f,0.20989071504063295f,0f,0f,0f,1f],start_interpolation:0}
execute if entity @s[tag=aj.tutankhamen.bone.cape_right] run data modify entity @s {} merge value {transformation:[-0.9639708002614762f,0.08111516692555745f,-0.25333895463960554f,-0.4037186017662632f,0.04574791846508894f,-0.8876302436060148f,-0.45827904009679393f,1.7479469787442814f,-0.262044698857582f,-0.45335734286605117f,0.8519387862223868f,-0.04403846571146096f,0f,0f,0f,1f],start_interpolation:0}
execute if entity @s[tag=aj.tutankhamen.bone.weapon] run data modify entity @s {} merge value {transformation:[-0.014805243825884891f,-0.8693788734422985f,1.3851169094262654f,-0.5401988783994446f,-1.4592731679875668f,0.6322652807328263f,0.3812480945296455f,2.6215473738698107f,-0.7381668507579437f,-1.2324806946979554f,-0.7814657454105455f,0.4941468397817331f,0f,0f,0f,1f],start_interpolation:0}
execute if entity @s[tag=aj.tutankhamen.bone.right_hand] run data modify entity @s {} merge value {transformation:[-0.9451564820301366f,0.2197317463826478f,-0.24165509327975632f,-0.3408627015941994f,-0.09853278860583782f,-0.8972223802201824f,-0.4304454553152912f,1.7672549493687484f,-0.3114008896036962f,-0.3830273620300028f,0.8696663302039264f,0.20512531192069072f,0f,0f,0f,1f],start_interpolation:0}
execute if entity @s[tag=aj.tutankhamen.bone.right_arm] run data modify entity @s {} merge value {transformation:[-0.9639708002614762f,0.08111516692555745f,-0.25333895463960554f,-0.27304998447734996f,0.04574791846508894f,-0.8876302436060148f,-0.45827904009679393f,1.4998967335278337f,-0.262044698857582f,-0.45335734286605117f,0.8519387862223868f,0.05141847785042038f,0f,0f,0f,1f],start_interpolation:0}
execute if entity @s[tag=aj.tutankhamen.bone.body] run data modify entity @s {} merge value {transformation:[-0.9490601563004639f,-0.00046964380072217173f,-0.31509458763621984f,0.0003522328505416288f,-0.00029348675005980016f,0.9999997730072901f,-0.0006065071274826811f,0.18750017024453236f,0.315094800954358f,-0.0004831356627192717f,-0.9490600787049601f,0.00036235174703945375f,0f,0f,0f,1f],start_interpolation:0}
execute if entity @s[tag=aj.tutankhamen.bone.left_foot] run data modify entity @s {} merge value {transformation:[-0.7266457711863152f,-0.1319159623879286f,0.6742285236359492f,0.14946559320131042f,-0.17508088610615247f,0.9845461747004458f,0.003938680363229929f,0.44973232625937226f,-0.6643286886303569f,-0.11518250192622934f,-0.7385122779701665f,0.13457102636836515f,0f,0f,0f,1f],start_interpolation:0}
execute if entity @s[tag=aj.tutankhamen.bone.left_leg] run data modify entity @s {} merge value {transformation:[-0.7266457711863152f,-0.1319159623879286f,0.6742285236359492f,0.06904467930701928f,-0.17508088610615247f,0.9845461747004458f,0.003938680363229929f,0.875f,-0.6643286886303569f,-0.11518250192622934f,-0.7385122779701665f,0.06341841025594117f,0f,0f,0f,1f],start_interpolation:0}
execute if entity @s[tag=aj.tutankhamen.bone.right_foot] run data modify entity @s {} merge value {transformation:[-0.7163567010562022f,0.14843306866490613f,0.6817629360551909f,-0.13500180827825348f,0.15513454794587875f,0.9865353189266008f,-0.05178162361318864f,0.449497147792199f,-0.6802693208469002f,0.06867087182429935f,-0.7297382835492378f,-0.1469635621254436f,0f,0f,0f,1f],start_interpolation:0}
execute if entity @s[tag=aj.tutankhamen.bone.right_leg] run data modify entity @s {} merge value {transformation:[-0.7502450247801971f,0.09717022159280694f,0.6539803902474189f,-0.06904467930701928f,0.16838720586328756f,0.9846056054652086f,0.0468780395072666f,0.875f,-0.6393576086151759f,0.14529194651492155f,-0.7550576789780954f,-0.06341841025594117f,0f,0f,0f,1f],start_interpolation:0}