execute if entity @s[tag=aj.tutankhamen.bone.head] run data modify entity @s {} merge value {transformation:[-0.9705164103339451f,0.09177596923888261f,-0.222879045095715f,-0.0013289644078170056f,0.048261524707911924f,0.9799397887030988f,0.1933619294209531f,1.6249966755268193f,0.23615402284395176f,0.17690444309510633f,-0.955476894282551f,-0.0016748113845983259f,0f,0f,0f,1f],start_interpolation:0}
execute if entity @s[tag=aj.tutankhamen.bone.back_cape] run data modify entity @s {} merge value {transformation:[-0.839166012203104f,0.15475771166063718f,-0.5213928026399132f,-0.08598641312386134f,0.005475829355423211f,0.9610178068957754f,0.2764322523189081f,1.6245131012069076f,0.5438477905223212f,0.22911749280837831f,-0.8073009074893898f,-0.1330024361737776f,0f,0f,0f,1f],start_interpolation:0}
execute if entity @s[tag=aj.tutankhamen.bone.left_hand] run data modify entity @s {} merge value {transformation:[-0.7979091544007634f,-0.3309157901710473f,-0.5038211201795046f,0.2562165887467204f,-0.3078141025951342f,0.9423237610200184f,-0.13143974916530932f,1.2129576710877956f,0.5182581013037921f,0.05020626686538904f,-0.8537493023132903f,-0.30481956526857884f,0f,0f,0f,1f],start_interpolation:0}
execute if entity @s[tag=aj.tutankhamen.bone.cape_left_back] run data modify entity @s {} merge value {transformation:[-0.8098204267039457f,-0.0287123459614224f,-0.5859748097678189f,0.18119031922029238f,-0.1492112789464683f,0.9760378981756369f,0.15838565452730988f,1.348671256210816f,0.5673859980015363f,0.21569798912895946f,-0.7946996330422735f,-0.30109666305712435f,0f,0f,0f,1f],start_interpolation:0}
execute if entity @s[tag=aj.tutankhamen.bone.cape_left_side] run data modify entity @s {} merge value {transformation:[-0.8098204267039457f,-0.0287123459614224f,-0.5859748097678189f,0.38097161211376124f,-0.1492112789464683f,0.9760378981756369f,0.15838565452730988f,1.352187311730288f,0.5673859980015363f,0.21569798912895946f,-0.7946996330422735f,-0.2904132711145802f,0f,0f,0f,1f],start_interpolation:0}
execute if entity @s[tag=aj.tutankhamen.bone.left_arm] run data modify entity @s {} merge value {transformation:[-0.8042363696505702f,-0.09918358759815281f,-0.5859748097678189f,0.21020875825160704f,-0.233710792947321f,0.959319159456273f,0.15838565452730988f,1.499966970646001f,0.5464276045289135f,0.26432814123976556f,-0.7946996330422735f,-0.18147568613161563f,0f,0f,0f,1f],start_interpolation:0}
execute if entity @s[tag=aj.tutankhamen.bone.cape_right_back] run data modify entity @s {} merge value {transformation:[-0.9989456487972044f,0.018668363711341028f,-0.04194142278791002f,-0.2656263821787518f,-0.020516778145089735f,-0.9988172186541233f,0.04408203187905941f,1.6908366433742898f,-0.04106887585116348f,0.044896056802155f,0.9981471291948596f,0.19598582940444723f,0f,0f,0f,1f],start_interpolation:0}
execute if entity @s[tag=aj.tutankhamen.bone.cape_right] run data modify entity @s {} merge value {transformation:[-0.9989456487972044f,0.018668363711341028f,-0.04194142278791002f,-0.4112262841063375f,-0.020516778145089735f,-0.9988172186541233f,0.04408203187905941f,1.6766103888193546f,-0.04106887585116348f,0.044896056802155f,0.9981471291948596f,-0.05996796474601199f,0f,0f,0f,1f],start_interpolation:0}
execute if entity @s[tag=aj.tutankhamen.bone.weapon] run data modify entity @s {} merge value {transformation:[0.12656829357177346f,-0.7760286391125271f,1.4339971031876606f,-0.391699319174353f,-1.628244158652927f,-0.13598251197402994f,0.07012410328100918f,2.8978149011286707f,0.08595987718733804f,-1.433135018525995f,-0.7831491504174324f,-0.003017303891882872f,0f,0f,0f,1f],start_interpolation:0}
execute if entity @s[tag=aj.tutankhamen.bone.right_hand] run data modify entity @s {} merge value {transformation:[-0.9966220065447576f,0.07739207759802708f,-0.027478034787130796f,-0.2965556402433377f,-0.0787080830650535f,-0.9956142626158024f,0.05056953367608247f,1.8122925193965798f,-0.023443842068364917f,0.05256145356677989f,0.9983424662249027f,0.12670622435915024f,0f,0f,0f,1f],start_interpolation:0}
execute if entity @s[tag=aj.tutankhamen.bone.right_arm] run data modify entity @s {} merge value {transformation:[-0.9989456487972044f,0.018668363711341028f,-0.04194142278791002f,-0.25236476990260404f,-0.020516778145089735f,-0.9988172186541233f,0.04408203187905941f,1.499799210695763f,-0.04106887585116348f,0.044896056802155f,0.9981471291948596f,0.11671272566965585f,0f,0f,0f,1f],start_interpolation:0}
execute if entity @s[tag=aj.tutankhamen.bone.body] run data modify entity @s {} merge value {transformation:[-0.8405002737400605f,-0.0019330391386429174f,-0.5418076717826837f,0.001449779353982188f,-0.0003048213430205497f,0.9999951644026464f,-0.003094875647434458f,0.18750362669801524f,0.5418110343346957f,-0.002436089286688474f,-0.8404967986507473f,0.0018270669650163555f,0f,0f,0f,1f],start_interpolation:0}
execute if entity @s[tag=aj.tutankhamen.bone.left_foot] run data modify entity @s {} merge value {transformation:[-0.6441373866916823f,-0.12628515175419544f,0.7544130748551685f,0.13700457709327096f,-0.20786877024629308f,0.9780599187951583f,-0.013761162839749774f,0.4535946845973149f,-0.7361233601933199f,-0.16568299759730365f,-0.6562556993161034f,0.16613969984786453f,0f,0f,0f,1f],start_interpolation:0}
execute if entity @s[tag=aj.tutankhamen.bone.left_leg] run data modify entity @s {} merge value {transformation:[-0.6441373866916823f,-0.12628515175419544f,0.7544130748551685f,0.061625529866695374f,-0.20786877024629308f,0.9780599187951583f,-0.013761162839749774f,0.875f,-0.7361233601933199f,-0.16568299759730365f,-0.6562556993161034f,0.07064953339300295f,0f,0f,0f,1f],start_interpolation:0}
execute if entity @s[tag=aj.tutankhamen.bone.right_foot] run data modify entity @s {} merge value {transformation:[-0.5977605165694334f,0.14243527750193738f,0.7889198670039882f,-0.11733225772501477f,0.18537563021640943f,0.9819772074189534f,-0.03683259197426711f,0.453069903809519f,-0.7799475883368789f,0.12422944833098114f,-0.6133912320981341f,-0.17673707695967522f,0f,0f,0f,1f],start_interpolation:0}
execute if entity @s[tag=aj.tutankhamen.bone.right_leg] run data modify entity @s {} merge value {transformation:[-0.6361677081171043f,0.08188911309636543f,0.7671928182049944f,-0.061625529866695374f,0.19746103550387592f,0.9785160081142334f,0.0592921691450269f,0.875f,-0.745855070779014f,0.18921045166817846f,-0.6386701953064321f,-0.07064953339300295f,0f,0f,0f,1f],start_interpolation:0}