execute if entity @s[tag=aj.tutankhamen.bone.head] run data modify entity @s {} merge value {transformation:[-0.9683687033751169f,0.09603927480345312f,-0.230300916235305f,-0.000007536941263110912f,0.04933452853075911f,0.9784340551210342f,0.20058141507641375f,1.624999999913955f,0.24459795301318837f,0.1828749777160223f,-0.9522229696384781f,-0.000007842583728135866f,0f,0f,0f,1f],start_interpolation:0}
execute if entity @s[tag=aj.tutankhamen.bone.back_cape] run data modify entity @s {} merge value {transformation:[-0.8633718515578426f,0.15223440730323193f,-0.48105481098375447f,-0.07885882483195146f,-0.10880898159053128f,0.874792670014884f,0.47212116031106f,1.6249975966859564f,0.49269630753925253f,0.4599592044097647f,-0.7387068964182764f,-0.1349023824739856f,0f,0f,0f,1f],start_interpolation:0}
execute if entity @s[tag=aj.tutankhamen.bone.left_hand] run data modify entity @s {} merge value {transformation:[-0.7920127830154666f,-0.28262993998568214f,-0.5411432976243763f,0.24865979982180475f,-0.27317859949625317f,0.9567640765287102f,-0.09987970084771916f,1.2113906103577825f,0.5459754612776664f,0.06872276833665686f,-0.8349778301217254f,-0.29533097605326875f,0f,0f,0f,1f],start_interpolation:0}
execute if entity @s[tag=aj.tutankhamen.bone.cape_left_back] run data modify entity @s {} merge value {transformation:[-0.8099774034966001f,0.024200806388926153f,-0.585961540371918f,0.18079310512683838f,-0.10899191044363954f,0.9755299607953725f,0.19095040991949863f,1.350784863157227f,0.5762441924069613f,0.21853058495484007f,-0.7875195325555702f,-0.29039819341702944f,0f,0f,0f,1f],start_interpolation:0}
execute if entity @s[tag=aj.tutankhamen.bone.cape_left_side] run data modify entity @s {} merge value {transformation:[-0.8099774034966001f,0.024200806388926153f,-0.585961540371918f,0.3805972669696719f,-0.10899191044363954f,0.9755299607953725f,0.19095040991949863f,1.3439460479241083f,0.5762441924069613f,0.21853058495484007f,-0.7875195325555702f,-0.2819964069111709f,0f,0f,0f,1f],start_interpolation:0}
execute if entity @s[tag=aj.tutankhamen.bone.left_arm] run data modify entity @s {} merge value {transformation:[-0.8090044341933506f,-0.046485467196372726f,-0.585961540371918f,0.21894183611705448f,-0.1936002016245586f,0.9623185038657968f,0.19095040991949863f,1.500000452732735f,0.5550052138371553f,0.26792200069615263f,-0.7875195325555702f,-0.17072771551061414f,0f,0f,0f,1f],start_interpolation:0}
execute if entity @s[tag=aj.tutankhamen.bone.cape_right_back] run data modify entity @s {} merge value {transformation:[-0.9963097813119326f,0.014564308107662528f,-0.08458546323992933f,-0.2724266201525063f,-0.01716231319228045f,-0.9994004740622973f,0.030069044712873368f,1.689930978487113f,-0.08409681722906265f,0.031409765573779384f,0.9959624249732217f,0.18835598358026195f,0f,0f,0f,1f],start_interpolation:0}
execute if entity @s[tag=aj.tutankhamen.bone.cape_right] run data modify entity @s {} merge value {transformation:[-0.9963097813119326f,0.014564308107662528f,-0.08458546323992933f,-0.40695365767251346f,-0.01716231319228045f,-0.9994004740622973f,0.030069044712873368f,1.679732105872601f,-0.08409681722906265f,0.031409765573779384f,0.9959624249732217f,-0.0737747503550845f,0f,0f,0f,1f],start_interpolation:0}
execute if entity @s[tag=aj.tutankhamen.bone.weapon] run data modify entity @s {} merge value {transformation:[0.3180646032794935f,-0.7041154247115702f,1.4414035002160261f,-0.5106355082029221f,-1.5987408019288396f,-0.260137452667906f,0.22570783676800327f,2.8219449751879724f,0.13210007569905807f,-1.4529754464593696f,-0.738917854431469f,-0.0360504274215422f,0f,0f,0f,1f],start_interpolation:0}
execute if entity @s[tag=aj.tutankhamen.bone.right_hand] run data modify entity @s {} merge value {transformation:[-0.9785578154272646f,0.19448536251484977f,-0.06782363624641663f,-0.30009524787946645f,-0.19905474454518762f,-0.9775739935361059f,0.06874806059750904f,1.812440400163087f,-0.05293213145404993f,0.08077456858031579f,0.9953259056863704f,0.11955408578430497f,0f,0f,0f,1f],start_interpolation:0}
execute if entity @s[tag=aj.tutankhamen.bone.right_arm] run data modify entity @s {} merge value {transformation:[-0.9963097813119326f,0.014564308107662528f,-0.08458546323992933f,-0.25619342472837797f,-0.01716231319228045f,-0.9994004740622973f,0.030069044712873368f,1.4999984121491707f,-0.08409681722906265f,0.031409765573779384f,0.9959624249732217f,0.1070079680487346f,0f,0f,0f,1f],start_interpolation:0}
execute if entity @s[tag=aj.tutankhamen.bone.body] run data modify entity @s {} merge value {transformation:[-0.8633250553650507f,-0.000010962823655434055f,-0.5046482425004054f,0.000008222117741575541f,-0.0000037077587457226267f,0.9999999998748439f,-0.000015380659191782497f,0.18750000009386714f,0.5046482426058612f,-0.000011407394513652169f,-0.8633250552976478f,0.000008555545885239127f,0f,0f,0f,1f],start_interpolation:0}
execute if entity @s[tag=aj.tutankhamen.bone.left_foot] run data modify entity @s {} merge value {transformation:[-0.7186329100225615f,-0.13284148951681418f,0.6825832398290036f,0.14886748322493304f,-0.17887934179577336f,0.9838659782543046f,0.0031492717271241703f,0.4501486139448597f,-0.6719887809414796f,-0.11983687035572367f,-0.7308010692330228f,0.13765645142033242f,0f,0f,0f,1f],start_interpolation:0}
execute if entity @s[tag=aj.tutankhamen.bone.left_leg] run data modify entity @s {} merge value {transformation:[-0.7186329100225615f,-0.13284148951681418f,0.6825832398290036f,0.06829205312312177f,-0.17887934179577336f,0.9838659782543046f,0.0031492717271241703f,0.875f,-0.6719887809414796f,-0.11983687035572367f,-0.7308010692330228f,0.06422817123528207f,0f,0f,0f,1f],start_interpolation:0}
execute if entity @s[tag=aj.tutankhamen.bone.right_foot] run data modify entity @s {} merge value {transformation:[-0.7018286332737484f,0.15472170250603523f,0.6953400350121776f,-0.1300749421228654f,0.15407248416530211f,0.9859920686397949f,-0.06388513287573533f,0.4500032171250899f,-0.6954841760530827f,0.06229635104122519f,-0.715835823011613f,-0.15335404667458355f,0f,0f,0f,1f],start_interpolation:0}
execute if entity @s[tag=aj.tutankhamen.bone.right_leg] run data modify entity @s {} merge value {transformation:[-0.7457156195262802f,0.08795263060467973f,0.6604336072341057f,-0.06829205312312177f,0.169975272641999f,0.9835623089027944f,0.06093924184039449f,0.875f,-0.6442178369812609f,0.1577007269340276f,-0.7484075488927573f,-0.06422817123528207f,0f,0f,0f,1f],start_interpolation:0}