execute if entity @s[tag=aj.tutankhamen.bone.head] run data modify entity @s {} merge value {transformation:[-0.9221817427383581f,0.0046267195702686045f,0.38672913883758875f,0.01182807931230708f,0.08939314719326469f,0.9754018699290158f,0.2014945591668984f,1.624430730405285f,-0.37628406635802175f,0.2203855385568606f,-0.89991139330496f,0.025347942019882226f,0f,0f,0f,1f],start_interpolation:0}
execute if entity @s[tag=aj.tutankhamen.bone.back_cape] run data modify entity @s {} merge value {transformation:[-0.18650391972908267f,-0.27897617562089744f,0.9420130473415037f,0.16531301134485557f,0.03943498939601546f,0.9559381051950786f,0.29090758093830926f,1.6228662552244635f,-0.981662451933975f,0.09140367865672047f,-0.16728478110992334f,-0.003875174794936754f,0f,0f,0f,1f],start_interpolation:0}
execute if entity @s[tag=aj.tutankhamen.bone.left_hand] run data modify entity @s {} merge value {transformation:[0.5043736114846546f,0.6894056819240105f,0.5199298662019873f,0.16311962810630587f,0.1229214118507359f,0.5386718654378722f,-0.833500418652747f,1.4048881080927387f,-0.8546915154291331f,0.4843061295467701f,0.18694915441605675f,0.5813001922298162f,0f,0f,0f,1f],start_interpolation:0}
execute if entity @s[tag=aj.tutankhamen.bone.cape_left_back] run data modify entity @s {} merge value {transformation:[0.6982397453765685f,-0.3060666552731142f,0.6471355812396604f,0.19187749031972257f,-0.5005293857942831f,0.4375590663228461f,0.7470022740494682f,1.4894968483624218f,-0.5117925282112492f,-0.8454970526315319f,0.15232577608051046f,0.4545116882645001f,0f,0f,0f,1f],start_interpolation:0}
execute if entity @s[tag=aj.tutankhamen.bone.cape_left_side] run data modify entity @s {} merge value {transformation:[0.6982397453765685f,-0.3060666552731142f,0.6471355812396604f,0.001885582449676168f,-0.5005293857942831f,0.4375590663228461f,0.7470022740494682f,1.474329280636595f,-0.5117925282112492f,-0.8454970526315319f,0.15232577608051046f,0.515438548787444f,0f,0f,0f,1f],start_interpolation:0}
execute if entity @s[tag=aj.tutankhamen.bone.left_arm] run data modify entity @s {} merge value {transformation:[0.7222581990116876f,-0.24404637562151982f,0.6471355812396604f,0.09724251971902968f,-0.5367605057887221f,0.3922700115868638f,0.7470022740494682f,1.48831318326214f,-0.43615507951395954f,-0.8868853390126827f,0.15232577608051046f,0.28397001474387185f,0f,0f,0f,1f],start_interpolation:0}
execute if entity @s[tag=aj.tutankhamen.bone.cape_right_back] run data modify entity @s {} merge value {transformation:[0.9718360113579683f,0.21500711015135848f,-0.09647128905636534f,-0.21603305316621946f,-0.09167394959395683f,-0.032197910413174324f,-0.9952683967306859f,1.4306310815191154f,-0.2170959557285209f,0.976081572999607f,-0.011580537851642578f,-0.47517705640268054f,0f,0f,0f,1f],start_interpolation:0}
execute if entity @s[tag=aj.tutankhamen.bone.cape_right] run data modify entity @s {} merge value {transformation:[0.9718360113579683f,0.21500711015135848f,-0.09647128905636534f,-0.04006585412744558f,-0.09167394959395683f,-0.032197910413174324f,-0.9952683967306859f,1.6651241260777312f,-0.2170959557285209f,0.976081572999607f,-0.011580537851642578f,-0.5062031650223513f,0f,0f,0f,1f],start_interpolation:0}
execute if entity @s[tag=aj.tutankhamen.bone.weapon] run data modify entity @s {} merge value {transformation:[-1.6330608438744516f,0.028356374972449864f,0.08304137410710319f,-0.23370207694639902f,0.027069081423751827f,1.6349863438775099f,-0.025972943153194813f,1.3647552519742208f,-0.08346986669480415f,-0.02456104524621461f,-1.6331004898724006f,0.22785295974177466f,0f,0f,0f,1f],start_interpolation:0}
execute if entity @s[tag=aj.tutankhamen.bone.right_hand] run data modify entity @s {} merge value {transformation:[-0.9261277880097457f,0.021458058651421343f,-0.3765990865563631f,-0.2292115662805269f,0.3526312583202378f,0.40374300264725593f,-0.8441817241973814f,1.4923429903143879f,0.13393474505019445f,-0.9146207626837964f,-0.3814843961894764f,-0.47833151816693753f,0f,0f,0f,1f],start_interpolation:0}
execute if entity @s[tag=aj.tutankhamen.bone.right_arm] run data modify entity @s {} merge value {transformation:[0.6166012870803034f,0.783669777584566f,-0.07526308837318722f,-0.00540084502346962f,-0.07791608136987742f,-0.034384999358510776f,-0.996366777890089f,1.510016426851184f,-0.7834104524672083f,0.6202252425689171f,0.0398586432966796f,-0.25629282399025094f,0f,0f,0f,1f],start_interpolation:0}
execute if entity @s[tag=aj.tutankhamen.bone.body] run data modify entity @s {} merge value {transformation:[-0.18650391972908267f,0.01720447899971939f,0.9823035650083105f,-0.012903359249789543f,0.03943498939601546f,0.9991719714985965f,-0.010012641157258674f,0.1881210213760527f,-0.981662451933975f,0.03686973384710142f,-0.18702794761484146f,-0.027652300385326064f,0f,0f,0f,1f],start_interpolation:0}
execute if entity @s[tag=aj.tutankhamen.bone.left_foot] run data modify entity @s {} merge value {transformation:[-0.44168358401874713f,-0.01969699211736181f,0.8969546477441783f,0.06811403336637097f,-0.25310629239063404f,0.9618847224286067f,-0.10351321418403092f,0.4620850055746919f,-0.860728073412632f,-0.27274495276717914f,-0.42983412426121775f,0.22808405040979102f,0f,0f,0f,1f],start_interpolation:0}
execute if entity @s[tag=aj.tutankhamen.bone.left_leg] run data modify entity @s {} merge value {transformation:[-0.44168358401874713f,-0.01969699211736181f,0.8969546477441783f,0.04569398731443933f,-0.25310629239063404f,0.9618847224286067f,-0.10351321418403092f,0.875f,-0.860728073412632f,-0.27274495276717914f,-0.42983412426121775f,0.0818603812800054f,0f,0f,0f,1f],start_interpolation:0}
execute if entity @s[tag=aj.tutankhamen.bone.right_foot] run data modify entity @s {} merge value {transformation:[-0.29879380630551233f,-0.5752615792467838f,0.761443613641851f,-0.30839447696180444f,0.7304709801980147f,0.3755870456854125f,0.5703915481507906f,0.5642038976588455f,-0.614112700082009f,0.7266419245789498f,0.3079888066832693f,-0.24549732090117166f,0f,0f,0f,1f],start_interpolation:0}
execute if entity @s[tag=aj.tutankhamen.bone.right_leg] run data modify entity @s {} merge value {transformation:[0.1628020081072929f,0.612086976915927f,0.773850785905238f,-0.04569398731443933f,0.262592090012703f,0.7291476689235463f,-0.63197236582474f,0.875f,-0.95107355152953f,0.3060934654534136f,-0.042022493830405405f,-0.0818603812800054f,0f,0f,0f,1f],start_interpolation:0}