execute if entity @s[tag=aj.tutankhamen.bone.head] run data modify entity @s {} merge value {transformation:[-0.966729279418765f,0.09582041733025477f,-0.2371770392283611f,-0.0002265821887923738f,0.0505895815283578f,0.9804950411108773f,0.18992148008523146f,1.6249999179989543f,0.25074926631051475f,0.1716039684262434f,-0.9527207793814005f,-0.0002478143313283583f,0f,0f,0f,1f],start_interpolation:0}
execute if entity @s[tag=aj.tutankhamen.bone.back_cape] run data modify entity @s {} merge value {transformation:[-0.8378646446349679f,0.1752247335177813f,-0.516990454490546f,-0.08588304130148774f,-0.0879486389618432f,0.8913758089464954f,0.4446506540304875f,1.6249245836155672f,0.5387465769501263f,0.4180256690546687f,-0.7314414985738219f,-0.1309269168573475f,0f,0f,0f,1f],start_interpolation:0}
execute if entity @s[tag=aj.tutankhamen.bone.left_hand] run data modify entity @s {} merge value {transformation:[-0.7563743845326254f,-0.27170618776194894f,-0.5950407867993259f,0.23183246777116667f,-0.28544970782414786f,0.9555721135482831f,-0.07348741465023576f,1.2093242059540592f,0.5885713675723623f,0.11427022070835274f,-0.800328721172284f,-0.3032469568772864f,0f,0f,0f,1f],start_interpolation:0}
execute if entity @s[tag=aj.tutankhamen.bone.cape_left_back] run data modify entity @s {} merge value {transformation:[-0.7745795061821893f,0.03775322882886181f,-0.6313487802439721f,0.1644729864431582f,-0.09809463365734775f,0.9789669164570037f,0.17888884629930507f,1.3488944828157579f,0.6248232001536007f,0.20049556153606313f,-0.7545843215666175f,-0.29662756122194256f,0f,0f,0f,1f],start_interpolation:0}
execute if entity @s[tag=aj.tutankhamen.bone.cape_left_side] run data modify entity @s {} merge value {transformation:[-0.7745795061821893f,0.03775322882886181f,-0.6313487802439721f,0.3644196318146218f,-0.09809463365734775f,0.9789669164570037f,0.17888884629930507f,1.3418606635373054f,0.6248232001536007f,0.20049556153606313f,-0.7545843215666175f,-0.29993314605011545f,0f,0f,0f,1f],start_interpolation:0}
execute if entity @s[tag=aj.tutankhamen.bone.left_arm] run data modify entity @s {} merge value {transformation:[-0.7749224080089212f,-0.029899485783266427f,-0.6313487802439721f,0.20973173322315455f,-0.1830439426898967f,0.9666921411257263f,0.17888884629930507f,1.500003617206369f,0.6049712196544501f,0.25418954548850914f,-0.7545843215666175f,-0.1819134972432628f,0f,0f,0f,1f],start_interpolation:0}
execute if entity @s[tag=aj.tutankhamen.bone.cape_right_back] run data modify entity @s {} merge value {transformation:[-0.9986754279605908f,0.026036670981712536f,-0.04437883901051115f,-0.26541192581844697f,-0.03308915528347779f,-0.9854967822073466f,0.16643677496752649f,1.6992040870711544f,-0.0394017434938696f,0.16768477576439433f,0.985052952173886f,0.17489859826663878f,0f,0f,0f,1f],start_interpolation:0}
execute if entity @s[tag=aj.tutankhamen.bone.cape_right] run data modify entity @s {} merge value {transformation:[-0.9986754279605908f,0.026036670981712536f,-0.04437883901051115f,-0.4103602516846615f,-0.03308915528347779f,-0.9854967822073466f,0.16643677496752649f,1.6524247128162295f,-0.0394017434938696f,0.16768477576439433f,0.985052952173886f,-0.07752116219774985f,0f,0f,0f,1f],start_interpolation:0}
execute if entity @s[tag=aj.tutankhamen.bone.weapon] run data modify entity @s {} merge value {transformation:[0.38172417188950997f,1.5897206988781718f,-0.04077290478584338f,-0.5592719203707264f,-1.5528086890628046f,0.38166027577668143f,0.34308640701174814f,2.815947116225784f,0.3430153136194233f,-0.041366738612985135f,1.5985046015480235f,-0.20457910865129458f,0f,0f,0f,1f],start_interpolation:0}
execute if entity @s[tag=aj.tutankhamen.bone.right_hand] run data modify entity @s {} merge value {transformation:[-0.9720585165114936f,0.23341095860759867f,-0.02493120292637682f,-0.2971014393767726f,-0.23337188837300316f,-0.9494881156052818f,0.20978531893711957f,1.8109548503089936f,0.025294311508575685f,0.20974184781824606f,0.9774295652777724f,0.09114088730103818f,0f,0f,0f,1f],start_interpolation:0}
execute if entity @s[tag=aj.tutankhamen.bone.right_arm] run data modify entity @s {} merge value {transformation:[-0.9986754279605908f,0.026036670981712536f,-0.04437883901051115f,-0.2505556513356129f,-0.03308915528347779f,-0.9854967822073466f,0.16643677496752649f,1.4999606702901906f,-0.0394017434938696f,0.16768477576439433f,0.985052952173886f,0.11979190177473922f,0f,0f,0f,1f],start_interpolation:0}
execute if entity @s[tag=aj.tutankhamen.bone.body] run data modify entity @s {} merge value {transformation:[-0.8363463302028098f,-0.0003295740927889073f,-0.5482013383212504f,0.0002471805695916805f,-0.00007803493413982001f,0.9999998807257517f,-0.0004821400536765218f,0.1875000894556862f,0.5482014318358187f,-0.0003604572092048848f,-0.8363462561665226f,0.0002703429069036636f,0f,0f,0f,1f],start_interpolation:0}
execute if entity @s[tag=aj.tutankhamen.bone.left_foot] run data modify entity @s {} merge value {transformation:[-0.6994764755849111f,-0.13341939549354348f,0.7020911087668384f,0.1467595665939643f,-0.18726059976401407f,0.9823102648390003f,0.00010662061111168229f,0.45109115287556284f,-0.6896855282513422f,-0.1313994235073747f,-0.7120871180007378f,0.14509163833571934f,0f,0f,0f,1f],start_interpolation:0}
execute if entity @s[tag=aj.tutankhamen.bone.left_leg] run data modify entity @s {} merge value {transformation:[-0.6994764755849111f,-0.13341939549354348f,0.7020911087668384f,0.06652994120351055f,-0.18726059976401407f,0.9823102648390003f,0.00010662061111168229f,0.875f,-0.6896855282513422f,-0.1313994235073747f,-0.7120871180007378f,0.06605171779338846f,0f,0f,0f,1f],start_interpolation:0}
execute if entity @s[tag=aj.tutankhamen.bone.right_foot] run data modify entity @s {} merge value {transformation:[-0.6702842323134067f,0.16300754730756875f,0.7239803777954195f,-0.12203454983847098f,0.15694451174265062f,0.984648359927158f,-0.07639389718176859f,0.4511529507533508f,-0.7253188734245707f,0.06241912217845068f,-0.6855774099549835f,-0.16431529072450266f,0f,0f,0f,1f],start_interpolation:0}
execute if entity @s[tag=aj.tutankhamen.bone.right_leg] run data modify entity @s {} merge value {transformation:[-0.7275653587574067f,0.07489872268295195f,0.6819375558485312f,-0.06652994120351055f,0.17531665247895578f,0.9813158734551236f,0.07926681442180519f,0.875f,-0.6632591651080139f,0.1772267977634029f,-0.7271024288604396f,-0.06605171779338846f,0f,0f,0f,1f],start_interpolation:0}