execute if entity @s[tag=aj.tutankhamen.bone.head] run data modify entity @s {} merge value {transformation:[-0.9689224630713276f,0.09309183916323224f,-0.22917934033633658f,-0.0013230332800226391f,0.048135570698564736f,0.9797295607429767f,0.1944555338371664f,1.6249967859724226f,0.2426359977194545f,0.17738065646394702f,-0.9537630079443762f,-0.001633664754177285f,0f,0f,0f,1f],start_interpolation:0}
execute if entity @s[tag=aj.tutankhamen.bone.back_cape] run data modify entity @s {} merge value {transformation:[-0.8376830228810561f,0.1533175623785818f,-0.5241954580527627f,-0.08625230618008835f,0.007824445008452502f,0.9630598840594448f,0.2691736201333974f,1.6245216961790843f,0.546100660352252f,0.22138063325796703f,-0.8079385397300562f,-0.13278569636007512f,0f,0f,0f,1f],start_interpolation:0}
execute if entity @s[tag=aj.tutankhamen.bone.left_hand] run data modify entity @s {} merge value {transformation:[-0.7866824507589062f,-0.31747583004012275f,-0.529471263628439f,0.2500662784215297f,-0.3056578486627351f,0.9454417686503969f,-0.11275256822830251f,1.2114300011007757f,0.5363804631218679f,0.07313658066620679f,-0.8408014268242091f,-0.3036529823030903f,0f,0f,0f,1f],start_interpolation:0}
execute if entity @s[tag=aj.tutankhamen.bone.cape_left_back] run data modify entity @s {} merge value {transformation:[-0.800880299900891f,-0.01287008993166043f,-0.5986861498446489f,0.1767719188937822f,-0.1346528355893949f,0.9780360499368124f,0.15910405051956575f,1.3480795560541778f,0.5834889537072607f,0.20803808740023572f,-0.7850227990908658f,-0.29967626263406383f,0f,0f,0f,1f],start_interpolation:0}
execute if entity @s[tag=aj.tutankhamen.bone.cape_left_side] run data modify entity @s {} merge value {transformation:[-0.800880299900891f,-0.01287008993166043f,-0.5986861498446489f,0.37674523448387753f,-0.1346528355893949f,0.9780360499368124f,0.15910405051956575f,1.349231055300075f,0.5834889537072607f,0.20803808740023572f,-0.7850227990908658f,-0.2927185617644651f,0f,0f,0f,1f],start_interpolation:0}
execute if entity @s[tag=aj.tutankhamen.bone.left_arm] run data modify entity @s {} merge value {transformation:[-0.7967110063201718f,-0.08262243274371348f,-0.5986861498446489f,0.20984013216481956f,-0.2193818992634033f,0.9625785595907741f,0.15910405051956575f,1.4999742597041439f,0.5631368880511033f,0.25810085281467227f,-0.7850227990908658f,-0.18187926180199518f,0f,0f,0f,1f],start_interpolation:0}
execute if entity @s[tag=aj.tutankhamen.bone.cape_right_back] run data modify entity @s {} merge value {transformation:[-0.9990807365769937f,0.01781298563223911f,-0.038992042055234544f,-0.2649570109891398f,-0.019037042105299315f,-0.9993303025077032f,0.031249600281327724f,1.6898081456239182f,-0.03840928050162562f,0.031963166813182634f,0.9987507612706081f,0.19903391318364744f,0f,0f,0f,1f],start_interpolation:0}
execute if entity @s[tag=aj.tutankhamen.bone.cape_right] run data modify entity @s {} merge value {transformation:[-0.9990807365769937f,0.01781298563223911f,-0.038992042055234544f,-0.4113153655654864f,-0.019037042105299315f,-0.9993303025077032f,0.031249600281327724f,1.6790212077246334f,-0.03840928050162562f,0.031963166813182634f,0.9987507612706081f,-0.0566552272123836f,0f,0f,0f,1f],start_interpolation:0}
execute if entity @s[tag=aj.tutankhamen.bone.weapon] run data modify entity @s {} merge value {transformation:[0.19322546065460272f,-0.8418904220679042f,-1.3886943912165315f,-0.43572699231610074f,-1.6219357176889144f,-0.03021226910092956f,-0.2073630152457948f,2.889410794599059f,0.08109329596749267f,1.4017472702442515f,-0.8385202092514098f,0.005259081173960484f,0f,0f,0f,1f],start_interpolation:0}
execute if entity @s[tag=aj.tutankhamen.bone.right_hand] run data modify entity @s {} merge value {transformation:[-0.9927683048685457f,0.11815060014548967f,-0.021249200777782147f,-0.29596790458274863f,-0.11904475325880007f,-0.9917568719626483f,0.047398878007962636f,1.8121764258540076f,-0.015473835012215366f,0.0495857096361738f,0.998649997661789f,0.1314163047369108f,0f,0f,0f,1f],start_interpolation:0}
execute if entity @s[tag=aj.tutankhamen.bone.right_arm] run data modify entity @s {} merge value {transformation:[-0.9990807365769937f,0.01781298563223911f,-0.038992042055234544f,-0.25211481328500734f,-0.019037042105299315f,-0.9993303025077032f,0.031249600281327724f,1.4997961093711223f,-0.03840928050162562f,0.031963166813182634f,0.9987507612706081f,0.11726655993366995f,0f,0f,0f,1f],start_interpolation:0}
execute if entity @s[tag=aj.tutankhamen.bone.body] run data modify entity @s {} merge value {transformation:[-0.8393763033856817f,-0.0019244120436692931f,-0.5435473465604206f,0.0014433090327519698f,-0.00032370076227437265f,0.9999953250507964f,-0.003040574677363526f,0.1875035062119027f,0.5435506568227146f,-0.0023762396424396874f,-0.8393730022777461f,0.0017821797318297657f,0f,0f,0f,1f],start_interpolation:0}
execute if entity @s[tag=aj.tutankhamen.bone.left_foot] run data modify entity @s {} merge value {transformation:[-0.6524158097082584f,-0.12811999420422962f,0.7469530630018367f,0.13878252371519337f,-0.20509005139392247f,0.9786782571335805f,-0.011266757883947083f,0.4532373266101186f,-0.7295832249044353f,-0.16054325304753672f,-0.6647813037676066f,0.16305524323005544f,0f,0f,0f,1f],start_interpolation:0}
execute if entity @s[tag=aj.tutankhamen.bone.left_leg] run data modify entity @s {} merge value {transformation:[-0.6524158097082584f,-0.12811999420422962f,0.7469530630018367f,0.06234203219745983f,-0.20509005139392247f,0.9786782571335805f,-0.011266757883947083f,0.875f,-0.7295832249044353f,-0.16054325304753672f,-0.6647813037676066f,0.07001809424349453f,0f,0f,0f,1f],start_interpolation:0}
execute if entity @s[tag=aj.tutankhamen.bone.right_foot] run data modify entity @s {} merge value {transformation:[-0.6068822861890195f,0.14985264615475563f,0.7805370427791412f,-0.11625083477663997f,0.17929421304408802f,0.9825627587364115f,-0.049234239236464486f,0.45288102809735853f,-0.7743045110800338f,0.11006638717024306f,-0.6231676456110345f,-0.17628298526746333f,0f,0f,0f,1f],start_interpolation:0}
execute if entity @s[tag=aj.tutankhamen.bone.right_leg] run data modify entity @s {} merge value {transformation:[-0.6535764386534687f,0.07653608884859255f,0.7529807872321904f,-0.06234203219745983f,0.1936294886887105f,0.9786740421123741f,0.06859111025180706f,0.875f,-0.7316730553650294f,0.19062881838585521f,-0.6544579387963869f,-0.07001809424349453f,0f,0f,0f,1f],start_interpolation:0}