execute if entity @s[tag=aj.tutankhamen.bone.head] run data modify entity @s {} merge value {transformation:[-0.9669435923725592f,0.09415973767309872f,-0.23696842188566636f,-0.0008606356229236503f,0.05019399710987709f,0.9814264459477454f,0.1851558636622412f,1.6249986921458266f,0.25000130364416817f,0.16714088367515006f,-0.9537102668947768f,-0.0010283988051431798f,0f,0f,0f,1f],start_interpolation:0}
execute if entity @s[tag=aj.tutankhamen.bone.back_cape] run data modify entity @s {} merge value {transformation:[-0.8220481049347994f,0.1820477731945138f,-0.5395326880255022f,-0.0902602393903302f,-0.031196808509380752f,0.931693909301662f,0.36190222230461006f,1.6246950889268816f,0.5685628129872144f,0.31433273397008027f,-0.7602179030008177f,-0.1291755063468905f,0f,0f,0f,1f],start_interpolation:0}
execute if entity @s[tag=aj.tutankhamen.bone.left_hand] run data modify entity @s {} merge value {transformation:[-0.7421986552180034f,-0.27754310272778904f,-0.6100090018358904f,0.2274315965704683f,-0.30368796048265995f,0.9506833268691697f,-0.0630462899055125f,1.2080358791887083f,0.5974234502013371f,0.138459518059249f,-0.789882385553907f,-0.30653672777976615f,0f,0f,0f,1f],start_interpolation:0}
execute if entity @s[tag=aj.tutankhamen.bone.cape_left_back] run data modify entity @s {} merge value {transformation:[-0.7599804164888891f,0.028465226222087428f,-0.6493223370942203f,0.1583132128336051f,-0.1002244303201404f,0.9819583659847633f,0.1603522093378733f,1.3467619425490174f,0.6421719630444622f,0.18694250016692093f,-0.7434162168738067f,-0.30031525841740003f,0f,0f,0f,1f],start_interpolation:0}
execute if entity @s[tag=aj.tutankhamen.bone.cape_left_side] run data modify entity @s {} merge value {transformation:[-0.7599804164888891f,0.028465226222087428f,-0.6493223370942203f,0.35822544504677156f,-0.1002244303201404f,0.9819583659847633f,0.1603522093378733f,1.342377983619305f,0.6421719630444622f,0.18694250016692093f,-0.7434162168738067f,-0.30772760053387144f,0f,0f,0f,1f],start_interpolation:0}
execute if entity @s[tag=aj.tutankhamen.bone.left_arm] run data modify entity @s {} merge value {transformation:[-0.7595693694936541f,-0.03787975023033811f,-0.6493223370942203f,0.20387023361893689f,-0.18542635683886827f,0.9694865832748423f,0.1603522093378733f,1.4999742433791432f,0.6234351923949093f,0.24220010192516367f,-0.7434162168738067f,-0.18854679299721075f,0f,0f,0f,1f],start_interpolation:0}
execute if entity @s[tag=aj.tutankhamen.bone.cape_right_back] run data modify entity @s {} merge value {transformation:[-0.9992706925053478f,0.0335980539661765f,-0.018145353938912256f,-0.2614658562528811f,-0.03641876987696826f,-0.9814180878229457f,0.18839376341747904f,1.7002731687168453f,-0.011478514735406398f,0.18891719790331032f,0.9819259320518174f,0.17736334676424748f,0f,0f,0f,1f],start_interpolation:0}
execute if entity @s[tag=aj.tutankhamen.bone.cape_right] run data modify entity @s {} merge value {transformation:[-0.9992706925053478f,0.0335980539661765f,-0.018145353938912256f,-0.41306556347211365f,-0.03641876987696826f,-0.9814180878229457f,0.18839376341747904f,1.6474842950691992f,-0.011478514735406398f,0.18891719790331032f,0.9819259320518174f,-0.06991165417611414f,0f,0f,0f,1f],start_interpolation:0}
execute if entity @s[tag=aj.tutankhamen.bone.weapon] run data modify entity @s {} merge value {transformation:[0.37610779717394405f,-0.7899824015377499f,-1.3816867965558346f,-0.5627160713947018f,-1.5503298842032398f,0.13929837662656536f,-0.5016581366096668f,2.840389620258143f,0.3600109007550232f,1.4251706708815488f,-0.7168461367739277f,-0.2211959546316418f,0f,0f,0f,1f],start_interpolation:0}
execute if entity @s[tag=aj.tutankhamen.bone.right_hand] run data modify entity @s {} merge value {transformation:[-0.9731875057282663f,0.22997674222101036f,0.00409594089391534f,-0.2957587375182633f,-0.2230621158761901f,-0.9479724132707708f,0.22713783510993457f,1.810037732922466f,0.05611925832753501f,0.22013405396485494f,0.9738540070923186f,0.09201962268761363f,0f,0f,0f,1f],start_interpolation:0}
execute if entity @s[tag=aj.tutankhamen.bone.right_arm] run data modify entity @s {} merge value {transformation:[-0.9992706925053478f,0.0335980539661765f,-0.018145353938912256f,-0.2474994761268889f,-0.03641876987696826f,-0.9814180878229457f,0.18839376341747904f,1.4998802331964283f,-0.011478514735406398f,0.18891719790331032f,0.9819259320518174f,0.12634366781583858f,0f,0f,0f,1f],start_interpolation:0}
execute if entity @s[tag=aj.tutankhamen.bone.body] run data modify entity @s {} merge value {transformation:[-0.8201428346173393f,-0.0012518336333434913f,-0.5721574641114019f,0.0009388752250076185f,-0.0001708173501010021f,0.9999980976666569f,-0.001943060601248246f,0.18750142675000725f,0.5721588080657927f,-0.001495852807480989f,-0.8201414882671829f,0.0011218896056107417f,0f,0f,0f,1f],start_interpolation:0}
execute if entity @s[tag=aj.tutankhamen.bone.left_foot] run data modify entity @s {} merge value {transformation:[-0.6652534295636032f,-0.1316259487490423f,0.7349234545650168f,0.14179956190457388f,-0.20107343856069443f,0.9795541223802398f,-0.0065721863376542785f,0.4527286164136668f,-0.7190322292910398f,-0.15214575558914778f,-0.6781182214754037f,0.1580730334471568f,0f,0f,0f,1f],start_interpolation:0}
execute if entity @s[tag=aj.tutankhamen.bone.left_leg] run data modify entity @s {} merge value {transformation:[-0.6652534295636032f,-0.1316259487490423f,0.7349234545650168f,0.06342403965300528f,-0.20107343856069443f,0.9795541223802398f,-0.0065721863376542785f,0.875f,-0.7190322292910398f,-0.15214575558914778f,-0.6781182214754037f,0.06903950821155966f,0f,0f,0f,1f],start_interpolation:0}
execute if entity @s[tag=aj.tutankhamen.bone.right_foot] run data modify entity @s {} merge value {transformation:[-0.6180135639656821f,0.16713358322539767f,0.7681963291455347f,-0.11192161950956045f,0.1675063629201743f,0.9826972221994432f,-0.07904294948161407f,0.4529249120999295f,-0.7681151301306924f,0.07982815818830596f,-0.6353161512385562f,-0.17805059674022627f,0f,0f,0f,1f],start_interpolation:0}
execute if entity @s[tag=aj.tutankhamen.bone.right_leg] run data modify entity @s {} merge value {transformation:[-0.6854337835655809f,0.06189205513172748f,0.7254997600678745f,-0.06342403965300528f,0.18650404391831021f,0.9780647754800404f,0.09276603132232719f,0.875f,-0.7038442796166559f,0.19889361095004832f,-0.6819417581979866f,-0.06903950821155966f,0f,0f,0f,1f],start_interpolation:0}