execute if entity @s[tag=aj.tutankhamen.bone.head] run data modify entity @s {} merge value {transformation:[0.7532366203356415f,0.08391212668878748f,-0.6523751595362177f,0.0034159738400952036f,0.06895945697918149f,0.9762883357720528f,0.20519668303501365f,1.6248779299170968f,0.6541247488655946f,-0.199549092781702f,0.729589591819622f,-0.01249650293524991f,0f,0f,0f,1f],start_interpolation:0}
execute if entity @s[tag=aj.tutankhamen.bone.back_cape] run data modify entity @s {} merge value {transformation:[0.27920480011951454f,0.8154351981400766f,-0.5070602698146209f,-0.14340501780358814f,-0.16660815140563062f,0.561190267242956f,0.8107448475549988f,1.6265789226926703f,0.9456671737326091f,-0.14188347890446537f,0.2925451673477887f,0.04093350301967127f,0f,0f,0f,1f],start_interpolation:0}
execute if entity @s[tag=aj.tutankhamen.bone.left_hand] run data modify entity @s {} merge value {transformation:[0.15210922102215815f,-0.2856651467693686f,-0.9461808541717951f,-0.37183316702365465f,-0.41583098634852117f,0.849972384352464f,-0.3234679839344286f,1.4452141579244548f,0.8966311257548717f,0.44265378091621743f,0.010500217527697767f,-0.4476934925848338f,0f,0f,0f,1f],start_interpolation:0}
execute if entity @s[tag=aj.tutankhamen.bone.cape_left_back] run data modify entity @s {} merge value {transformation:[-0.22695333474777388f,0.7991720298965471f,-0.5566113998813694f,-0.30807123891734006f,-0.5808022127022768f,0.34770770226013165f,0.7360490089043794f,1.5135495163991455f,0.7817678514540006f,0.49032990977505403f,0.38524746074826133f,-0.32389658788535314f,0f,0f,0f,1f],start_interpolation:0}
execute if entity @s[tag=aj.tutankhamen.bone.cape_left_side] run data modify entity @s {} merge value {transformation:[-0.22695333474777388f,0.7991720298965471f,-0.5566113998813694f,-0.2030333553778292f,-0.5808022127022768f,0.34770770226013165f,0.7360490089043794f,1.5122937360208288f,0.7817678514540006f,0.49032990977505403f,0.38524746074826133f,-0.4942037472685734f,0f,0f,0f,1f],start_interpolation:0}
execute if entity @s[tag=aj.tutankhamen.bone.left_arm] run data modify entity @s {} merge value {transformation:[-0.2957421406387607f,0.776350652587158f,-0.5566113998813694f,-0.1260100850044453f,-0.6088968079835257f,0.2957643212396561f,0.7360490089043794f,1.4960693423841467f,0.7360579212792137f,0.5565996141834271f,0.38524746074826133f,-0.2561483710587027f,0f,0f,0f,1f],start_interpolation:0}
execute if entity @s[tag=aj.tutankhamen.bone.cape_right_back] run data modify entity @s {} merge value {transformation:[0.515835311920806f,-0.8216311184739835f,-0.2425618191941083f,0.198078055781289f,-0.013854346410659038f,0.2751013746996234f,-0.9613153960713989f,1.3681731082298245f,0.8565757339903449f,0.49924096265587803f,0.1305238412909069f,0.1840265593749038f,0f,0f,0f,1f],start_interpolation:0}
execute if entity @s[tag=aj.tutankhamen.bone.cape_right] run data modify entity @s {} merge value {transformation:[0.515835311920806f,-0.8216311184739835f,-0.2425618191941083f,0.339317778067442f,-0.013854346410659038f,0.2751013746996234f,-0.9613153960713989f,1.6063372156210087f,0.8565757339903449f,0.49924096265587803f,0.1305238412909069f,0.2852355574881685f,0f,0f,0f,1f],start_interpolation:0}
execute if entity @s[tag=aj.tutankhamen.bone.weapon] run data modify entity @s {} merge value {transformation:[1.4682766632092876f,0.6993525320065159f,0.17221309434008003f,0.16012769468253923f,-0.2960273729737559f,0.9424508443264085f,-1.303357922479396f,1.365180927435482f,-0.6565966100554944f,1.1389820523676508f,0.9727221852405332f,-0.3425645934957014f,0f,0f,0f,1f],start_interpolation:0}
execute if entity @s[tag=aj.tutankhamen.bone.right_hand] run data modify entity @s {} merge value {transformation:[0.9197862208517782f,0.3859012842925557f,0.07122855264961919f,0.33206191278769387f,-0.024936917276831533f,0.2386225630755151f,-0.9707921623849258f,1.3934347003215009f,-0.3916266820429015f,0.8911450337473849f,0.22910493390461967f,0.14023169064943564f,0f,0f,0f,1f],start_interpolation:0}
execute if entity @s[tag=aj.tutankhamen.bone.right_arm] run data modify entity @s {} merge value {transformation:[0.515835311920806f,-0.8216311184739835f,-0.2425618191941083f,0.06226041701360091f,-0.013854346410659038f,0.2751013746996234f,-0.9613153960713989f,1.504534237831208f,0.8565757339903449f,0.49924096265587803f,0.1305238412909069f,0.26093304384609084f,0f,0f,0f,1f],start_interpolation:0}
execute if entity @s[tag=aj.tutankhamen.bone.body] run data modify entity @s {} merge value {transformation:[0.34208920063967113f,0.00496868922195666f,-0.9396543465195734f,-0.003726516916467495f,0.01538079139293975f,0.999822443515777f,0.01088635376367135f,0.18763316736316726f,0.9395415957060325f,-0.018176731542181686f,0.34195203811149555f,0.013632548656636264f,0f,0f,0f,1f],start_interpolation:0}
execute if entity @s[tag=aj.tutankhamen.bone.left_foot] run data modify entity @s {} merge value {transformation:[-0.4131575621714758f,0.11844742111933693f,-0.9029236054344253f,-0.02035897239525309f,0.1401145236034993f,0.9879670719309804f,0.0654903432231755f,0.43838582716758673f,0.8998159529014185f,-0.09945488027393806f,-0.4247822709268939f,-0.07650408066470601f,0f,0f,0f,1f],start_interpolation:0}
execute if entity @s[tag=aj.tutankhamen.bone.left_leg] run data modify entity @s {} merge value {transformation:[-0.4131575621714758f,0.11844742111933693f,-0.9029236054344253f,0.018550600526598196f,0.1401145236034993f,0.9879670719309804f,0.0654903432231755f,0.875f,0.8998159529014185f,-0.09945488027393806f,-0.4247822709268939f,-0.09189634225638459f,0f,0f,0f,1f],start_interpolation:0}
execute if entity @s[tag=aj.tutankhamen.bone.right_foot] run data modify entity @s {} merge value {transformation:[0.14570562368096202f,0.6681427285818162f,-0.7296267302333348f,0.2853244197064517f,0.6295541183126362f,0.5062908534280969f,0.5893481007440755f,0.5810218109950769f,0.7631719880494444f,-0.5452108454334847f,-0.34686258183661683f,0.20859942262596715f,0f,0f,0f,1f],start_interpolation:0}
execute if entity @s[tag=aj.tutankhamen.bone.right_leg] run data modify entity @s {} merge value {transformation:[-0.29430040287557363f,-0.7155929321666551f,-0.6334935108589541f,-0.018550600526598196f,-0.03131450279041484f,0.6697133960976516f,-0.7419591424076796f,0.875f,0.955199808826543f,-0.19852134021429274f,-0.2195053591538413f,0.09189634225638459f,0f,0f,0f,1f],start_interpolation:0}