execute if entity @s[tag=aj.heiloang_aj.bone.head_lower] run data modify entity @s {} merge value {transformation:[-0.7960500473795387f,-0.018041627971520206f,-0.07732284091503216f,-0.6395328384578925f,-0.062047884055708116f,0.6274583349741598f,0.4923881578142037f,-0.5491958232540453f,0.049541721318939844f,0.49595416878134296f,-0.625759602656774f,2.357928078791101f,0f,0f,0f,1f],start_interpolation:0}
execute if entity @s[tag=aj.heiloang_aj.bone.horne_right] run data modify entity @s {} merge value {transformation:[-0.5658692946573464f,-0.5607651451447198f,-0.07303693144443227f,-1.0156312915114554f,-0.5207987673074321f,0.4765096362998984f,0.37644018181432015f,-0.072792944053503f,-0.22036466444295608f,0.31381685503516277f,-0.702109960163494f,2.402952740437813f,0f,0f,0f,1f],start_interpolation:0}
execute if entity @s[tag=aj.heiloang_aj.bone.horne_left] run data modify entity @s {} merge value {transformation:[-0.6079500231417726f,0.5148420884184775f,-0.07303693144443227f,-0.3388295412293715f,0.4293057698848405f,0.5603475220425149f,0.37644018181432015f,-0.020039833029339982f,0.2934166411529907f,0.2468770514521633f,-0.702109960163494f,2.36083236897245f,0f,0f,0f,1f],start_interpolation:0}
execute if entity @s[tag=aj.heiloang_aj.bone.head_upper] run data modify entity @s {} merge value {transformation:[-1.1660342081503638f,-0.04561848171491072f,-0.1069826712565183f,-0.6659469581669727f,-0.09088618936769986f,1.0299804213988373f,0.5514001673170709f,-0.3286778966823172f,0.07256747484495012f,0.5569752221249176f,-1.0284331168984822f,2.2200747639696923f,0f,0f,0f,1f],start_interpolation:0}
execute if entity @s[tag=aj.heiloang_aj.bone.neck_0] run data modify entity @s {} merge value {transformation:[-0.9588061336146804f,-0.2833684482172191f,0.019827271568031657f,-0.6380179229413259f,-0.2328682968053801f,0.8240672959052553f,0.5164159642791483f,-0.16180887016372486f,-0.16267499649862807f,0.4905256510870417f,-0.8561083057299499f,1.821533730186459f,0f,0f,0f,1f],start_interpolation:0}
execute if entity @s[tag=aj.heiloang_aj.bone.neck_1] run data modify entity @s {} merge value {transformation:[-0.9584808861432934f,-0.28109584271745924f,-0.04795329086651016f,-0.6589998454226157f,-0.23461973065447922f,0.681803530071817f,0.6928907044904189f,0.09916770233749261f,-0.16207397349848107f,0.675373284627524f,-0.719446282585325f,1.5678256201986849f,0f,0f,0f,1f],start_interpolation:0}
execute if entity @s[tag=aj.heiloang_aj.bone.neck_2] run data modify entity @s {} merge value {transformation:[-0.9715540660153419f,-0.2341320839722722f,0.035564927440630834f,-0.6365779401373773f,-0.11290499994068245f,0.5899557517463981f,0.7995027654547151f,0.40703096212324813f,-0.2081709821215507f,0.7727447044374639f,-0.599608592305352f,1.296205656651039f,0f,0f,0f,1f],start_interpolation:0}
execute if entity @s[tag=aj.heiloang_aj.bone.neck_3] run data modify entity @s {} merge value {transformation:[-0.961298194664874f,-0.15283466859150943f,0.22923207674882143f,-0.514249257876583f,0.04935264567428163f,0.72304535687156f,0.6890353606829098f,0.746097314153313f,-0.27105367973706407f,0.6736816577457058f,-0.6875194009757071f,0.9241003232017261f,0f,0f,0f,1f],start_interpolation:0}
execute if entity @s[tag=aj.heiloang_aj.bone.wing_right_2] run data modify entity @s {} merge value {transformation:[-2.0868993621103518f,0.9137948084694976f,-0.5860086234507211f,-4.3964843962118145f,0.7499463876092257f,2.1317212840543585f,0.6533917577858761f,2.8028948714702886f,0.7848614364690673f,0.3928351071949125f,-2.182486909564381f,2.0453211749883238f,0f,0f,0f,1f],start_interpolation:0}
execute if entity @s[tag=aj.heiloang_aj.bone.wing_right_1] run data modify entity @s {} merge value {transformation:[-2.786153259111876f,1.652363579338198f,-0.8332246943753704f,-2.5596627792599334f,1.4289340551857517f,2.877891831326794f,0.9290343621271034f,1.8532114526228667f,1.1758895592574479f,0.4179138449000803f,-3.1032000476234463f,1.3226578992188953f,0f,0f,0f,1f],start_interpolation:0}
execute if entity @s[tag=aj.heiloang_aj.bone.wing_right_0] run data modify entity @s {} merge value {transformation:[-1.939386439677654f,0.9280789408291147f,-0.5530368135883381f,-0.7602219523158877f,0.7749583271005465f,1.9868590089883311f,0.6166286318842387f,1.1373453902057038f,0.7527415418667659f,0.3456309563557843f,-2.0596891544979865f,0.6060027592279668f,0f,0f,0f,1f],start_interpolation:0}
execute if entity @s[tag=aj.heiloang_aj.bone.wing_left_2] run data modify entity @s {} merge value {transformation:[-1.9801075254864626f,-1.1013834628005583f,0.6322220034942919f,3.2693319106163132f,-0.8966734882358193f,2.041825647245478f,0.7486659388983855f,2.978499666867746f,-0.8992924159181447f,0.38920239007622287f,-2.1385440506456885f,2.4082545281438494f,0f,0f,0f,1f],start_interpolation:0}
execute if entity @s[tag=aj.heiloang_aj.bone.wing_left_1] run data modify entity @s {} merge value {transformation:[-2.3318561744355737f,-2.222967272644993f,0.8989338459508424f,1.7289470667112936f,-1.9632694311989118f,2.489905394095566f,1.064501311353679f,1.6769162234389479f,-1.3766766850523007f,0.21449103968017763f,-3.0407192687965003f,1.5531817060164061f,0f,0f,0f,1f],start_interpolation:0}
execute if entity @s[tag=aj.heiloang_aj.bone.wing_left_0] run data modify entity @s {} merge value {transformation:[-1.9744151024945225f,-0.8210321470103186f,0.5966499950701163f,-0.10272522935644066f,-0.6224855945743729f,2.010400406960951f,0.7065422055607381f,1.1035897845254796f,-0.8016212868861035f,0.4610817902139155f,-2.018218743135688f,0.7913946669235271f,0f,0f,0f,1f],start_interpolation:0}
execute if entity @s[tag=aj.heiloang_aj.bone.kazari_right] run data modify entity @s {} merge value {transformation:[-2.5263805756622957f,0.7190991693142085f,0.08466262554465576f,-2.0958324737932155f,0.129703317951737f,0.7517748496296136f,-2.5149317711088974f,4.482177316521061f,-0.7123541428143801f,-2.413421046711957f,-0.7581692522512392f,-2.1464477433908726f,0f,0f,0f,1f],start_interpolation:0}
execute if entity @s[tag=aj.heiloang_aj.bone.kazari_left] run data modify entity @s {} merge value {transformation:[-2.5263805756622957f,0.7190991693142085f,0.08466262554465576f,2.781875074660158f,0.129703317951737f,0.7517748496296136f,-2.5149317711088974f,4.231757859085681f,-0.7123541428143801f,-2.413421046711957f,-0.7581692522512392f,-0.7710986716593318f,0f,0f,0f,1f],start_interpolation:0}
execute if entity @s[tag=aj.heiloang_aj.bone.ring] run data modify entity @s {} merge value {transformation:[-2.117678239545893f,-0.48652894636651206f,-0.36284258830149285f,-0.5205419071429971f,0.10872071162567834f,-1.5997730329835782f,1.5105735121423773f,2.9402476056438553f,-0.5971138638496357f,1.4342043484350628f,1.5618704191809716f,1.3459216922472574f,0f,0f,0f,1f],start_interpolation:0}
execute if entity @s[tag=aj.heiloang_aj.bone.body_0] run data modify entity @s {} merge value {transformation:[-1.0848846932755625f,-0.12753052962271733f,0.28357281648319493f,-0.2609913629420573f,0.0556975246201791f,0.93290752605768f,0.6326402686470389f,1.438180852350055f,-0.30590090549922716f,0.6221510168574527f,-0.8905083515473982f,0.1519278009522923f,0f,0f,0f,1f],start_interpolation:0}
execute if entity @s[tag=aj.heiloang_aj.bone.leg_right_3] run data modify entity @s {} merge value {transformation:[-0.8795413892512426f,-0.18777581202724875f,0.43720383005127206f,-0.6512693883003027f,0.1469326221218492f,0.7667501066065272f,0.6249040554959433f,0.1520511433264119f,-0.45256794976046627f,0.6138684862707864f,-0.64679806154102f,-0.8782519184146775f,0f,0f,0f,1f],start_interpolation:0}
execute if entity @s[tag=aj.heiloang_aj.bone.leg_right_2] run data modify entity @s {} merge value {transformation:[-0.9820448544479254f,0.03707526436242994f,-0.1849684530529711f,-0.619994442622172f,0.06196465370513877f,0.9894900115044468f,-0.13065182288866933f,0.7600073339163169f,0.17818048586631344f,-0.13976745653186184f,-0.9740209302428047f,-0.9173044291743178f,0f,0f,0f,1f],start_interpolation:0}
execute if entity @s[tag=aj.heiloang_aj.bone.leg_right_1] run data modify entity @s {} merge value {transformation:[-0.989005828619348f,-0.03063785126272718f,-0.1446678714399291f,-0.5202126934217752f,-0.06118117691166846f,0.9754215482478112f,0.21168293933509658f,0.6838651002178007f,0.13462664873144548f,0.21820661145768722f,-0.9665720563762921f,-0.218882081409928f,0f,0f,0f,1f],start_interpolation:0}
execute if entity @s[tag=aj.heiloang_aj.bone.leg_right_0] run data modify entity @s {} merge value {transformation:[-0.9189084433998299f,0.3787241911923423f,-0.11034155905282339f,-0.21780976233632235f,0.37806886250523436f,0.7657229915781915f,-0.5203193590214988f,1.1945317626125342f,-0.11256645971380541f,-0.5198425599873978f,-0.8468131464338807f,-0.6516736752489876f,0f,0f,0f,1f],start_interpolation:0}
execute if entity @s[tag=aj.heiloang_aj.bone.leg_left_3] run data modify entity @s {} merge value {transformation:[-0.7639365349987165f,-0.515160686915802f,0.3886006139349163f,0.9824133703152562f,-0.19892656379140022f,0.7608905130612278f,0.6176356930679829f,0.20188262776220978f,-0.613864148417466f,0.3945314864365842f,-0.6837512073099679f,-0.4210836690837796f,0f,0f,0f,1f],start_interpolation:0}
execute if entity @s[tag=aj.heiloang_aj.bone.leg_left_2] run data modify entity @s {} merge value {transformation:[-0.7639365349987165f,-0.27686942244362844f,0.5828758816505332f,0.7865270867631992f,-0.19892656379140022f,0.9603284461248044f,0.19544180152072027f,0.7767189279721014f,-0.613864148417466f,0.03335563639402242f,-0.7887066684189052f,-0.363588083361421f,0f,0f,0f,1f],start_interpolation:0}
execute if entity @s[tag=aj.heiloang_aj.bone.leg_left_1] run data modify entity @s {} merge value {transformation:[-0.8091244807528296f,-0.2241822527365203f,0.5431941570050646f,0.38640375057984927f,-0.08034946438216534f,0.9578946994995576f,0.27564779745927837f,0.6541254670388381f,-0.5821181479905628f,0.17938802141902094f,-0.793068975279834f,0.20949129356704865f,0f,0f,0f,1f],start_interpolation:0}
execute if entity @s[tag=aj.heiloang_aj.bone.leg_left_0] run data modify entity @s {} merge value {transformation:[-0.8455671044324913f,0.029482464383395163f,0.5330544589397355f,0.41335712966405963f,-0.29813348153524044f,0.802202809426007f,-0.5172881979483953f,1.1945317626125342f,-0.44286871541048f,-0.5963232653879131f,-0.6695265969830979f,-0.28726930024898756f,0f,0f,0f,1f],start_interpolation:0}
execute if entity @s[tag=aj.heiloang_aj.bone.tail_4] run data modify entity @s {} merge value {transformation:[-1.5733312711519658f,-0.09737552132547059f,0.0010405525487422861f,1.187246408732793f,-0.09114402573697188f,1.4784097771063593f,0.5393066485928549f,0.8488907950496302f,-0.03429054498651296f,0.5382164086040038f,-1.4812162636568675f,-4.4202456344263314f,0f,0f,0f,1f],start_interpolation:0}
execute if entity @s[tag=aj.heiloang_aj.bone.tail_3] run data modify entity @s {} merge value {transformation:[-0.9481158744578126f,-0.059022640409792534f,0.3123981698412358f,0.7713229773252483f,-0.015215733635235647f,0.9899141143246614f,0.14084930852071237f,0.6348342887033581f,-0.3175606557038181f,0.1287880979744542f,-0.9394513589159812f,-3.1681993638368606f,0f,0f,0f,1f],start_interpolation:0}
execute if entity @s[tag=aj.heiloang_aj.bone.tail_2] run data modify entity @s {} merge value {transformation:[-0.8831393387744033f,-0.08141546865400542f,0.46199180704094583f,0.408095931799879f,-0.0750812015265482f,0.9966601757302227f,0.0321139734497522f,0.6278980289027933f,-0.4630634097901061f,-0.006325786690222435f,-0.8863025797865594f,-2.474340015986815f,0f,0f,0f,1f],start_interpolation:0}
execute if entity @s[tag=aj.heiloang_aj.bone.tail_1] run data modify entity @s {} merge value {transformation:[-0.9972664210684155f,0.05330916083053184f,0.05116462431151472f,0.3690118384818814f,0.04930932690269014f,0.9958505655534177f,-0.07648687055529091f,0.7044900899819793f,-0.055029770940806036f,-0.07375489447136829f,-0.9957569682667151f,-1.697415887266799f,0f,0f,0f,1f],start_interpolation:0}
execute if entity @s[tag=aj.heiloang_aj.bone.tail_ring] run data modify entity @s {} merge value {transformation:[-0.9710600371938727f,0.17377223616132736f,0.16384631245324482f,0.3979473283332997f,0.08905764877069744f,0.8999956388667244f,-0.4267043299713654f,0.6710828422220705f,-0.22161033225116f,-0.39976375518594565f,-0.8894255453263988f,-1.8376316816888845f,0f,0f,0f,1f],start_interpolation:0}
execute if entity @s[tag=aj.heiloang_aj.bone.tail_0] run data modify entity @s {} merge value {transformation:[-0.9710600371938727f,0.17377223616132736f,0.16384631245324482f,0.16514381357600158f,0.08905764877069744f,0.8999956388667244f,-0.4267043299713654f,1.2468095943043287f,-0.22161033225116f,-0.39976375518594565f,-0.8894255453263988f,-0.5861599756693175f,0f,0f,0f,1f],start_interpolation:0}
execute if entity @s[tag=aj.heiloang_aj.bone.body_1] run data modify entity @s {} merge value {transformation:[-0.8660254037844386f,0.06525978912626754f,0.4957228660483548f,-0.0018960387843347866f,0f,0.9914457320967096f,-0.13051957825253507f,1.362728877730997f,-0.5f,-0.11303327045792631f,-0.8586171904694113f,-0.290739714492411f,0f,0f,0f,1f],start_interpolation:0}