execute if entity @s[tag=aj.heiloang_aj.bone.head_lower] run data modify entity @s {} merge value {transformation:[-0.7919916102231992f,0.0025582045210067253f,-0.11288376732592129f,-0.6057254982769895f,-0.05646983895946381f,0.6836134070137007f,0.4116841836153204f,-0.6501544825088112f,0.09777753639745825f,0.41553118455869104f,-0.6765895269920269f,2.3832283575862334f,0f,0f,0f,1f],start_interpolation:0}
execute if entity @s[tag=aj.heiloang_aj.bone.horne_right] run data modify entity @s {} merge value {transformation:[-0.5746467049130458f,-0.5451790358508712f,-0.11207579311025753f,-0.9808817054299013f,-0.5387113351505587f,0.5043143249992078f,0.30896141989073f,-0.171319018127513f,-0.13989732632499222f,0.2974002025374355f,-0.7293708642506985f,2.403511063067456f,0f,0f,0f,1f],start_interpolation:0}
execute if entity @s[tag=aj.heiloang_aj.bone.horne_left] run data modify entity @s {} merge value {transformation:[-0.5931882254095987f,0.5249445169102329f,-0.11207579311025753f,-0.3075304384181374f,0.4554434701942986f,0.580615265452502f,0.30896141989073f,-0.12330836104417686f,0.28407564959493825f,0.1652851103076223f,-0.7293708642506985f,2.320380601622337f,0f,0f,0f,1f],start_interpolation:0}
execute if entity @s[tag=aj.heiloang_aj.bone.head_upper] run data modify entity @s {} merge value {transformation:[-1.1600895108646867f,-0.020100317751192847f,-0.1641658198530775f,-0.6404051211986282f,-0.0827156083618486f,1.077734023216812f,0.4525589638204441f,-0.44352231768009853f,0.1432220908765869f,0.45961664985855905f,-1.068364207682817f,2.2269277808791634f,0f,0f,0f,1f],start_interpolation:0}
execute if entity @s[tag=aj.heiloang_aj.bone.neck_0] run data modify entity @s {} merge value {transformation:[-0.9676016305346096f,-0.25162500355206635f,-0.02078321857141774f,-0.6471617627837114f,-0.21500669123852575f,0.7780340683031572f,0.5902839242960114f,-0.21752574132924846f,-0.13236014245015756f,0.575628218685516f,-0.806928092548223f,1.8732532317950636f,0f,0f,0f,1f],start_interpolation:0}
execute if entity @s[tag=aj.heiloang_aj.bone.neck_1] run data modify entity @s {} merge value {transformation:[-0.9670895002385984f,-0.23424254919962548f,-0.0993394517435989f,-0.6839220665297417f,-0.21753694342221763f,0.5587109008579695f,0.800324813753138f,0.06799986405389635f,-0.1319680899868475f,0.7955957248546128f,-0.591279854060906f,1.6630936114790908f,0f,0f,0f,1f],start_interpolation:0}
execute if entity @s[tag=aj.heiloang_aj.bone.neck_2] run data modify entity @s {} merge value {transformation:[-0.9766367011500537f,-0.20751433651884446f,0.055844015846678696f,-0.6540819218554529f,-0.10063617584820944f,0.6712539498793995f,0.734364007071393f,0.3464443583978935f,-0.1898765759049509f,0.7115869131107233f,-0.6764546925050954f,1.362031886087952f,0f,0f,0f,1f],start_interpolation:0}
execute if entity @s[tag=aj.heiloang_aj.bone.neck_3] run data modify entity @s {} merge value {transformation:[-0.9611537249915798f,-0.1215154073215728f,0.24782558931289284f,-0.5228895319034798f,0.052938294823551515f,0.8000469682198772f,0.5975971766862338f,0.6363267599388649f,-0.27088937571633387f,0.5875022165282909f,-0.7625353052143616f,0.9531927650885166f,0f,0f,0f,1f],start_interpolation:0}
execute if entity @s[tag=aj.heiloang_aj.bone.wing_right_2] run data modify entity @s {} merge value {transformation:[-1.4676504319922787f,-1.808501259350485f,-0.330002137450034f,-4.753157467246993f,-1.8066932403951261f,1.340895314860897f,0.6866114592807648f,-0.13296462586486624f,-0.3397613146084202f,0.6818349916459333f,-2.225587405514273f,0.8209830968445927f,0f,0f,0f,1f],start_interpolation:0}
execute if entity @s[tag=aj.heiloang_aj.bone.wing_right_1] run data modify entity @s {} merge value {transformation:[-2.965337622541532f,-1.4743899783226706f,-0.46921823180840283f,-2.8045586977852315f,-1.5467981651168479f,2.800274000874117f,0.9762682670862637f,0.8648988323008461f,-0.037509913767996804f,1.082524126636509f,-3.1644831006846874f,0.8936866950425068f,0f,0f,0f,1f],start_interpolation:0}
execute if entity @s[tag=aj.heiloang_aj.bone.wing_right_0] run data modify entity @s {} merge value {transformation:[-2.1969553622778886f,-0.0692506944264687f,-0.3114345476659265f,-0.7636095914617813f,-0.15859872448142306f,2.1173968377889314f,0.647979224909486f,1.0176098816258374f,0.2768277095077262f,0.6635020517246981f,-2.1003645984937513f,0.6193653880306219f,0f,0f,0f,1f],start_interpolation:0}
execute if entity @s[tag=aj.heiloang_aj.bone.wing_left_2] run data modify entity @s {} merge value {transformation:[-1.4131571459849548f,1.7769943521040406f,0.6155111369122458f,3.887023659628885f,1.869100325753179f,1.2422502167179628f,0.7048789808573822f,-0.09144361543297053f,0.20742916704750883f,0.9125138234435263f,-2.1582093663506f,1.5570328964330549f,0f,0f,0f,1f],start_interpolation:0}
execute if entity @s[tag=aj.heiloang_aj.bone.wing_left_1] run data modify entity @s {} merge value {transformation:[-3.043066312711624f,1.077514709712387f,0.8751732626703748f,1.881358221872398f,1.3173698481019376f,2.9064180745252446f,1.002242202406607f,0.7558138160010472f,-0.43761041195515016f,1.2565487652002996f,-3.06868067757498f,1.3172090957998353f,0f,0f,0f,1f],start_interpolation:0}
execute if entity @s[tag=aj.heiloang_aj.bone.wing_left_0] run data modify entity @s {} merge value {transformation:[-2.1418882917614313f,0.05739082961319612f,0.5808793663848f,-0.10621168106360307f,0.2368018271082663f,2.1047110677611833f,0.6652189233040238f,0.98140180846111f,-0.533516110622242f,0.7037738371947954f,-2.0367775886892083f,0.8046449171158836f,0f,0f,0f,1f],start_interpolation:0}
execute if entity @s[tag=aj.heiloang_aj.bone.kazari_right] run data modify entity @s {} merge value {transformation:[-2.526000895997434f,0.7240907785204788f,0.04338440316541301f,-2.0532262098555982f,0.13912673558856456f,0.6378734725041745f,-2.5457084226352764f,4.160575936807423f,-0.7119223366497792f,-2.4445204368328204f,-0.651426595283033f,-2.2938350380964487f,0f,0f,0f,1f],start_interpolation:0}
execute if entity @s[tag=aj.heiloang_aj.bone.kazari_left] run data modify entity @s {} merge value {transformation:[-2.526000895997434f,0.7240907785204788f,0.04338440316541301f,2.8237482873761452f,0.13912673558856456f,0.6378734725041745f,-2.5457084226352764f,3.891962595290532f,-0.7119223366497792f,-2.4445204368328204f,-0.651426595283033f,-0.9193196587265544f,0f,0f,0f,1f],start_interpolation:0}
execute if entity @s[tag=aj.heiloang_aj.bone.ring] run data modify entity @s {} merge value {transformation:[-2.1173599821257634f,-0.507452723454963f,-0.3349697379384514f,-0.49256085871830424f,0.11661966662236616f,-1.5299880576903149f,1.5806526128362084f,2.7429048347522915f,-0.5967519126348084f,1.5015174200012418f,1.497417402724951f,1.2572583408221776f,0f,0f,0f,1f],start_interpolation:0}
execute if entity @s[tag=aj.heiloang_aj.bone.body_0] run data modify entity @s {} merge value {transformation:[-1.0847216502800912f,-0.11126970135107613f,0.2909473679422991f,-0.26100196396732017f,0.05974415229418152f,0.9602200942187744f,0.5899664251996137f,1.2911461036162308f,-0.30571547821129186f,0.5824506847428406f,-0.917028692115089f,0.15194616246665987f,0f,0f,0f,1f],start_interpolation:0}
execute if entity @s[tag=aj.heiloang_aj.bone.leg_right_3] run data modify entity @s {} merge value {transformation:[-0.8800791354102764f,-0.11029295003433026f,0.4618399945741217f,-0.69049248048014f,0.16786806630000461f,0.8375649884567975f,0.5199088404980833f,-0.06140910282853318f,-0.4441632894918236f,0.5350891096668748f,-0.7186088066421907f,-0.777370068512177f,0f,0f,0f,1f],start_interpolation:0}
execute if entity @s[tag=aj.heiloang_aj.bone.leg_right_2] run data modify entity @s {} merge value {transformation:[-0.9716938579091067f,0.06943393538922495f,-0.22580959926026517f,-0.6376107135125527f,0.10503228735300342f,0.9831422091810181f,-0.1496650097386268f,0.5435834481952877f,0.211611117654798f,-0.16914586942350127f,-0.9626060511662364f,-0.8348285964124458f,0f,0f,0f,1f],start_interpolation:0}
execute if entity @s[tag=aj.heiloang_aj.bone.leg_right_1] run data modify entity @s {} merge value {transformation:[-0.9808637517110121f,-0.019487890818873227f,-0.1937176364991827f,-0.5023809845001799f,-0.024145689639465118f,0.9994726460037101f,0.021712106350537053f,0.6032956719484047f,0.19319235557141604f,0.025974064021136f,-0.9808170378551717f,-0.14078595809077143f,0f,0f,0f,1f],start_interpolation:0}
execute if entity @s[tag=aj.heiloang_aj.bone.leg_right_0] run data modify entity @s {} merge value {transformation:[-0.9189616058610117f,0.3591839191320745f,-0.1627773915206709f,-0.2177861120239826f,0.3779670367640556f,0.6845215438574649f,-0.6233547746787473f,1.0476988428482046f,-0.11247437962998297f,-0.6343635930851614f,-0.7648086987573651f,-0.651714638791575f,0f,0f,0f,1f],start_interpolation:0}
execute if entity @s[tag=aj.heiloang_aj.bone.leg_left_3] run data modify entity @s {} merge value {transformation:[-0.7760591214977528f,-0.49097372539173595f,0.3958245077241884f,0.9696441353601998f,-0.199521847471623f,0.78653779032763f,0.5844222247382789f,-0.04393859875728079f,-0.5982668905443844f,0.37457056125847527f,-0.7083598113366287f,-0.4026864464945027f,0f,0f,0f,1f],start_interpolation:0}
execute if entity @s[tag=aj.heiloang_aj.bone.leg_left_2] run data modify entity @s {} merge value {transformation:[-0.7760591214977528f,-0.2247182587725589f,0.5892655972601533f,0.805173923882782f,-0.199521847471623f,0.973855275821842f,0.10861369220993534f,0.5432208410446445f,-0.5982668905443844f,-0.03328071405774534f,-0.8006054719711576f,-0.38515669211934705f,0f,0f,0f,1f],start_interpolation:0}
execute if entity @s[tag=aj.heiloang_aj.bone.leg_left_1] run data modify entity @s {} merge value {transformation:[-0.8135634017449769f,-0.16252513915644048f,0.5583011467687674f,0.3990194150554482f,-0.07611710752823123f,0.981649199787582f,0.1748457448665411f,0.4935395162027014f,-0.5764727029813961f,0.09975183055252446f,-0.8110048057926311f,0.19460023453525438f,0f,0f,0f,1f],start_interpolation:0}
execute if entity @s[tag=aj.heiloang_aj.bone.leg_left_0] run data modify entity @s {} merge value {transformation:[-0.8455251757283697f,0.012175310620631014f,0.5337967206913138f,0.4133807799763994f,-0.2981445090059373f,0.8185965356720727f,-0.49092724871949167f,1.0476988428482046f,-0.4429413380563141f,-0.5742399094428845f,-0.6885139776677811f,-0.287310263791575f,0f,0f,0f,1f],start_interpolation:0}
execute if entity @s[tag=aj.heiloang_aj.bone.tail_4] run data modify entity @s {} merge value {transformation:[-1.549861397544841f,-0.07031613067315792f,0.2789975875436593f,0.6172184357818098f,0.00426033903785395f,1.5227670172764418f,0.4074516220288797f,0.6928823720812332f,-0.28769056571133667f,0.40136095543766825f,-1.4969962877504164f,-4.5831044118697495f,0f,0f,0f,1f],start_interpolation:0}
execute if entity @s[tag=aj.heiloang_aj.bone.tail_3] run data modify entity @s {} merge value {transformation:[-0.9934052880284077f,-0.09490169495782788f,0.06433973897466269f,0.5337168900335878f,-0.09208593927271504f,0.9947152093461509f,0.04540740119963571f,0.6062414867462014f,-0.0683089562609338f,0.03918316717130243f,-0.9968944607655154f,-3.251957086722747f,0f,0f,0f,1f],start_interpolation:0}
execute if entity @s[tag=aj.heiloang_aj.bone.tail_2] run data modify entity @s {} merge value {transformation:[-0.9437576600099865f,-0.16335256744769325f,0.2874672466225009f,0.3056455845209003f,-0.1479497167992373f,0.986172061339017f,0.07466958372308685f,0.5657925662516883f,-0.29568963538058f,0.027939293881564693f,-0.9548754030688502f,-2.503779195220621f,0f,0f,0f,1f],start_interpolation:0}
execute if entity @s[tag=aj.heiloang_aj.bone.tail_1] run data modify entity @s {} merge value {transformation:[-0.9970605419943933f,-0.04759142031026367f,-0.060044419480070305f,0.35176567560628025f,-0.04548574490719591f,0.998317482519588f,-0.03596180064998766f,0.610756530891672f,0.06165486686454137f,-0.03312492729959993f,-0.9975477014074624f,-1.724769444934828f,0f,0f,0f,1f],start_interpolation:0}
execute if entity @s[tag=aj.heiloang_aj.bone.tail_ring] run data modify entity @s {} merge value {transformation:[-0.9750433228151291f,0.16367471016188687f,0.1500036929113887f,0.3783987024410146f,0.09504157723967704f,0.9183281611366715f,-0.38424014243586524f,0.5840202885402236f,-0.20064300942077795f,-0.36039419767355f,-0.9109656442774401f,-1.8668596663006736f,0f,0f,0f,1f],start_interpolation:0}
execute if entity @s[tag=aj.heiloang_aj.bone.tail_0] run data modify entity @s {} merge value {transformation:[-0.9750433228151291f,0.16367471016188687f,0.1500036929113887f,0.16516010914360013f,0.09504157723967704f,0.9183281611366715f,-0.38424014243586524f,1.1000145707977993f,-0.20064300942077795f,-0.36039419767355f,-0.9109656442774401f,-0.5861882004203365f,0f,0f,0f,1f],start_interpolation:0}
execute if entity @s[tag=aj.heiloang_aj.bone.body_1] run data modify entity @s {} merge value {transformation:[-0.8660254037844386f,0.0651203548214065f,0.49574120202776584f,-0.0018960387843347866f,0f,0.9914824040555317f,-0.130240709642813f,1.2158383976337452f,-0.5f,-0.11279176315758896f,-0.8586489493173577f,-0.290739714492411f,0f,0f,0f,1f],start_interpolation:0}