execute if entity @s[tag=aj.heiloang_aj.bone.head_lower] run data modify entity @s {} merge value {transformation:[-0.7963574252347448f,-0.02051836157636234f,-0.07344282205709002f,-0.6448477793317812f,-0.060975342566386245f,0.6340279005847942f,0.4840357723133183f,-0.4361235987362828f,0.045791471612076265f,0.48742960324364826f,-0.6327049257033961f,2.364983168017872f,0f,0f,0f,1f],start_interpolation:0}
execute if entity @s[tag=aj.heiloang_aj.bone.horne_right] run data modify entity @s {} merge value {transformation:[-0.564889279505006f,-0.5622896207886046f,-0.06877851593137507f,-1.020926522151619f,-0.5234674128717127f,0.48100951410981224f,0.3668946919720132f,0.04103314480961856f,-0.21652244586118813f,0.30407273749754327f,-0.7075717636742148f,2.4013588624300914f,0f,0f,0f,1f],start_interpolation:0}
execute if entity @s[tag=aj.heiloang_aj.bone.horne_left] run data modify entity @s {} merge value {transformation:[-0.6093832837470745f,0.513732935712623f,-0.06877851593137507f,-0.3438634392170391f,0.43355593651485225f,0.563398202797534f,0.3668946919720132f,0.09287438105956014f,0.2840444743387241f,0.24220019787068484f,-0.7075717636742148f,2.362426953265504f,0f,0f,0f,1f],start_interpolation:0}
execute if entity @s[tag=aj.heiloang_aj.bone.head_upper] run data modify entity @s {} merge value {transformation:[-1.1664844475482234f,-0.04823464307874697f,-0.10074505067337994f,-0.670341701872681f,-0.08931515740767842f,1.0374809024727578f,0.5374181724333057f,-0.2174874556327584f,0.06707420283057902f,0.5426498950625336f,-1.0364334301358982f,2.2239948886857097f,0f,0f,0f,1f],start_interpolation:0}
execute if entity @s[tag=aj.heiloang_aj.bone.neck_0] run data modify entity @s {} merge value {transformation:[-0.9579890558864103f,-0.2857087686021243f,0.02504931826860142f,-0.6400244746059223f,-0.23484458364566071f,0.8315691761361306f,0.5033296403278605f,-0.05671111887304542f,-0.1646359326944157f,0.4763015902179365f,-0.863731326757172f,1.8231307048305174f,0f,0f,0f,1f],start_interpolation:0}
execute if entity @s[tag=aj.heiloang_aj.bone.neck_1] run data modify entity @s {} merge value {transformation:[-0.9578668676760415f,-0.2845745154743305f,-0.03883824083346995f,-0.6577286345051055f,-0.2355194560680639f,0.7008591986269654f,0.6732956033670288f,0.19736361912313544f,-0.1643826317525424f,0.6540747119729657f,-0.7383526403660989f,1.562267890743307f,0f,0f,0f,1f],start_interpolation:0}
execute if entity @s[tag=aj.heiloang_aj.bone.neck_2] run data modify entity @s {} merge value {transformation:[-0.9711794570772136f,-0.23588682892349022f,0.03417405582643557f,-0.6358178957094723f,-0.1134980700562796f,0.5837602935610415f,0.8039540457980334f,0.5072586687731994f,-0.20959162732491998f,0.7769049643308676f,-0.5937087047983591f,1.2929262658726417f,0f,0f,0f,1f],start_interpolation:0}
execute if entity @s[tag=aj.heiloang_aj.bone.neck_3] run data modify entity @s {} merge value {transformation:[-0.961299416326756f,-0.15492551141102076f,0.22781904679782997f,-0.5141698240758882f,0.049321120488668976f,0.7167808464688793f,0.6955520434943019f,0.8498491071081986f,-0.27105508525681704f,0.6798700640926842f,-0.6813999095296601f,0.9238379092514579f,0f,0f,0f,1f],start_interpolation:0}
execute if entity @s[tag=aj.heiloang_aj.bone.wing_right_2] run data modify entity @s {} merge value {transformation:[-1.7676471300370649f,1.4718050975868537f,-0.4927366281393003f,-4.434479297550081f,1.3269039858926326f,1.82042411453467f,0.6774642881834553f,2.8551475299550777f,0.8051865884470374f,0.23113157347931418f,-2.198142115480026f,1.891519742043433f,0f,0f,0f,1f],start_interpolation:0}
execute if entity @s[tag=aj.heiloang_aj.bone.wing_right_1] run data modify entity @s {} merge value {transformation:[-2.6845116706119527f,1.8680923648544339f,-0.7006045815014256f,-2.6662219733149133f,1.6563572390825652f,2.741500563970481f,0.9632622317875426f,1.7560453038826476f,1.112248425392008f,0.42617408065496376f,-3.1254596247737534f,1.2108621257541838f,0f,0f,0f,1f],start_interpolation:0}
execute if entity @s[tag=aj.heiloang_aj.bone.wing_right_0] run data modify entity @s {} merge value {transformation:[-2.0532266425560923f,0.7045732578000875f,-0.46501277261039453f,-0.760189794594355f,0.559052012895857f,2.0511208200848112f,0.6393467199350454f,1.241181454371182f,0.632551342718459f,0.47421504173484647f,-2.074463519326742f,0.6058805980881428f,0f,0f,0f,1f],start_interpolation:0}
execute if entity @s[tag=aj.heiloang_aj.bone.wing_left_2] run data modify entity @s {} merge value {transformation:[-1.508242883031632f,-1.6946384581556349f,0.6220770918827748f,3.1012406063489104f,-1.5125996193360738f,1.6288100808238926f,0.7698026490678226f,3.1237612961870225f,-0.9853028994628013f,0.09356400519090918f,-2.134010304465243f,2.3800347172530216f,0f,0f,0f,1f],start_interpolation:0}
execute if entity @s[tag=aj.heiloang_aj.bone.wing_left_1] run data modify entity @s {} merge value {transformation:[-1.9744404748615334f,-2.5507738299527896f,0.8845091591139901f,1.7950817218014832f,-2.304289148847988f,2.1631967054488395f,1.0945548432749732f,1.5984488573241942f,-1.406788933219897f,0.03676485908124233f,-3.034272897319349f,1.5051487870601754f,0f,0f,0f,1f],start_interpolation:0}
execute if entity @s[tag=aj.heiloang_aj.bone.wing_left_0] run data modify entity @s {} merge value {transformation:[-2.0454000081304846f,-0.6325193349167665f,0.5870758875105189f,-0.10269223605788466f,-0.42663571180282095f,2.0539217967064607f,0.7264896574822005f,1.2074474108933484f,-0.750147169663602f,0.5565290144912087f,-2.0139400884522685f,0.7912734671135347f,0f,0f,0f,1f],start_interpolation:0}
execute if entity @s[tag=aj.heiloang_aj.bone.kazari_right] run data modify entity @s {} merge value {transformation:[-2.526383786302725f,0.7190452535894982f,0.08502397399187395f,-2.0962298398074366f,0.12962046684786727f,0.7527698606609842f,-2.5146383954777347f,4.587748806399635f,-0.7123578366503015f,-2.4131269441799175f,-0.759101345270871f,-2.1450995469556293f,0f,0f,0f,1f],start_interpolation:0}
execute if entity @s[tag=aj.heiloang_aj.bone.kazari_left] run data modify entity @s {} merge value {transformation:[-2.526383786302725f,0.7190452535894982f,0.08502397399187395f,2.78148390746064f,0.12962046684786727f,0.7527698606609842f,-2.5146383954777347f,4.337489310396287f,-0.7123578366503015f,-2.4131269441799175f,-0.759101345270871f,-0.7697433434991492f,0f,0f,0f,1f],start_interpolation:0}
execute if entity @s[tag=aj.heiloang_aj.bone.ring] run data modify entity @s {} merge value {transformation:[-2.1176809307886293f,-0.48633836172978684f,-0.3630823034357631f,-0.5207988437296633f,0.10865126366463974f,-1.6003723789361939f,1.5099435212703198f,3.0447389589906075f,-0.597116960119464f,1.4336001996484662f,1.5624237867139616f,1.3467294386962425f,0f,0f,0f,1f],start_interpolation:0}
execute if entity @s[tag=aj.heiloang_aj.bone.body_0] run data modify entity @s {} merge value {transformation:[-1.0848860719968412f,-0.12767155685741746f,0.28350407456426735f,-0.2609912696647186f,0.05566194649102661f,0.932658889177825f,0.6330098894078114f,1.5422541505453322f,-0.30590249171552775f,0.6224947758374063f,-0.890267541559863f,0.15192763939120257f,0f,0f,0f,1f],start_interpolation:0}
execute if entity @s[tag=aj.heiloang_aj.bone.leg_right_3] run data modify entity @s {} merge value {transformation:[-0.8795219199567073f,-0.1884486670759335f,0.43695342107937735f,-0.6509152582934962f,0.14675006101076787f,0.766072963591458f,0.6257768244730197f,0.25675973813757014f,-0.4526650106966558f,0.614507375327184f,-0.6461231103740928f,-0.87904748193483f,0f,0f,0f,1f],start_interpolation:0}
execute if entity @s[tag=aj.heiloang_aj.bone.leg_right_2] run data modify entity @s {} merge value {transformation:[-0.9821263983002354f,0.036796978487525965f,-0.18459068269009707f,-0.6198273839975598f,0.06159826011522271f,0.9895355843936896f,-0.1304798128808302f,0.8647355304444914f,0.177857786201743f,-0.13951813356272963f,-0.9741156493428218f,-0.9179438897499743f,0f,0f,0f,1f],start_interpolation:0}
execute if entity @s[tag=aj.heiloang_aj.bone.leg_right_1] run data modify entity @s {} merge value {transformation:[-0.9890607321337825f,-0.03079349871953231f,-0.14425889431018216f,-0.5203459056617059f,-0.06147295254578661f,0.9750431735242866f,0.213335149164387f,0.7873990444529634f,0.13408931447467987f,0.21986943898663575f,-0.9662698823534822f,-0.21960993204391538f,0f,0f,0f,1f],start_interpolation:0}
execute if entity @s[tag=aj.heiloang_aj.bone.leg_right_0] run data modify entity @s {} merge value {transformation:[-0.9189079760163997f,0.37886267239960236f,-0.10986904512043094f,-0.2178099702682036f,0.3780697574628529f,0.7663707534981449f,-0.5193641561319623f,1.2986032867334467f,-0.11256726924565319f,-0.5187860287680435f,-0.8474607166409894f,-0.6516733151004048f,0f,0f,0f,1f],start_interpolation:0}
execute if entity @s[tag=aj.heiloang_aj.bone.leg_left_3] run data modify entity @s {} merge value {transformation:[-0.7638311478237659f,-0.5153695821442784f,0.38853078567168925f,0.9825019820524297f,-0.19891650135255887f,0.7606596227517886f,0.6179232669229765f,0.3068420999609178f,-0.613998536727805f,0.39470385368721517f,-0.6835310269333614f,-0.4212176119003504f,0f,0f,0f,1f],start_interpolation:0}
execute if entity @s[tag=aj.heiloang_aj.bone.leg_left_2] run data modify entity @s {} merge value {transformation:[-0.7638311478237659f,-0.27732710114866055f,0.5827964109212658f,0.7863410946935319f,-0.19891650135255887f,0.9601760648409319f,0.19619926094723134f,0.8815499892128215f,-0.613998536727805f,0.03393528363021195f,-0.7885773224110945f,-0.3633755960072129f,0f,0f,0f,1f],start_interpolation:0}
execute if entity @s[tag=aj.heiloang_aj.bone.leg_left_1] run data modify entity @s {} merge value {transformation:[-0.8090854944450094f,-0.2247195216165865f,0.5430302010782523f,0.3862931164078748f,-0.08038764898177111f,0.957639492950362f,0.27652201979762303f,0.7583204928700655f,-0.5821670624226848f,0.1800770339221135f,-0.7928768966768774f,0.20961997062788917f,0f,0f,0f,1f],start_interpolation:0}
execute if entity @s[tag=aj.heiloang_aj.bone.leg_left_0] run data modify entity @s {} merge value {transformation:[-0.8455674729961988f,0.02963447140825834f,0.5330454452625739f,0.41335692173217836f,-0.29813338449465077f,0.8020549133018927f,-0.5175175369956636f,1.2986032867334467f,-0.4428680770394128f,-0.5965146386742293f,-0.6693565209862129f,-0.2872689401004048f,0f,0f,0f,1f],start_interpolation:0}
execute if entity @s[tag=aj.heiloang_aj.bone.tail_4] run data modify entity @s {} merge value {transformation:[-1.5645814119440087f,-0.11623339561174323f,-0.15306589049010808f,1.14704382212387f,-0.16365316324135917f,1.4639804426478968f,0.5611000529257137f,1.035053847236787f,0.10078199863101937f,0.5728048751335012f,-1.465125225863955f,-4.431416790470479f,0f,0f,0f,1f],start_interpolation:0}
execute if entity @s[tag=aj.heiloang_aj.bone.tail_3] run data modify entity @s {} merge value {transformation:[-0.9498612236540493f,-0.07481786367182106f,0.3035884435778425f,0.7433052594437619f,-0.02232364298478519f,0.9846989365849971f,0.172828409852847f,0.778399144337362f,-0.3118738699575838f,0.15738580483627054f,-0.9369975441129607f,-3.1833960018276732f,0f,0f,0f,1f],start_interpolation:0}
execute if entity @s[tag=aj.heiloang_aj.bone.tail_2] run data modify entity @s {} merge value {transformation:[-0.8894414506197373f,-0.09278181053893761f,0.44753261507131986f,0.39119209816437206f,-0.07906458227705201f,0.9956506183599383f,0.04928121334573216f,0.7580024910850898f,-0.4501585251317726f,0.008448774620558222f,-0.8929086853976718f,-2.4840941420489786f,0f,0f,0f,1f],start_interpolation:0}
execute if entity @s[tag=aj.heiloang_aj.bone.tail_1] run data modify entity @s {} merge value {transformation:[-0.9985246279630773f,0.04093554919043782f,0.0356769976830367f,0.36400238758831055f,0.03864032478737017f,0.9972773690761748f,-0.0628074392793519f,0.8239283701919489f,-0.03815091940602103f,-0.061336204161817565f,-0.9973877768488519f,-1.7056858237089305f,0f,0f,0f,1f],start_interpolation:0}
execute if entity @s[tag=aj.heiloang_aj.bone.tail_ring] run data modify entity @s {} merge value {transformation:[-0.9722755453546562f,0.1706902333345899f,0.15982837091545765f,0.39226488078851596f,0.09085317136038237f,0.9055464961942984f,-0.41440468685089754f,0.7924608332357895f,-0.21546685396846277f,-0.38839462853444906f,-0.8959484624500008f,-1.84648639678046f,0f,0f,0f,1f],start_interpolation:0}
execute if entity @s[tag=aj.heiloang_aj.bone.tail_0] run data modify entity @s {} merge value {transformation:[-0.9722755453546562f,0.1706902333345899f,0.15982837091545765f,0.16514367027172647f,0.09085317136038237f,0.9055464961942984f,-0.41440468685089754f,1.350880785283178f,-0.21546685396846277f,-0.38839462853444906f,-0.8959484624500008f,-0.5861597274590322f,0f,0f,0f,1f],start_interpolation:0}
execute if entity @s[tag=aj.heiloang_aj.bone.body_1] run data modify entity @s {} merge value {transformation:[-0.8660254037844386f,0.06526101478838688f,0.49572270469365226f,-0.0018960387843347866f,0f,0.9914454093873045f,-0.13052202957677375f,1.4668009077719617f,-0.5f,-0.11303539336698992f,-0.8586169109948685f,-0.290739714492411f,0f,0f,0f,1f],start_interpolation:0}