execute if entity @s[tag=aj.heiloang_aj.bone.head_lower] run data modify entity @s {} merge value {transformation:[-0.7957744101806337f,-0.01563479877955287f,-0.08061414992907583f,-0.6223190758438409f,-0.06200427677584427f,0.6293174913680873f,0.4900152698841961f,-0.6097298309817888f,0.05383825557323643f,0.4936750430448151f,-0.6272052248758222f,2.3353774896688f,0f,0f,0f,1f],start_interpolation:0}
execute if entity @s[tag=aj.heiloang_aj.bone.horne_right] run data modify entity @s {} merge value {transformation:[-0.5669845198001217f,-0.5591400958030651f,-0.07675224799551231f,-0.998207982783619f,-0.5212309474028072f,0.4770458250508909f,0.3751607392453087f,-0.13326793888297167f,-0.21644134026705114f,0.3158949731585702f,-0.7023983998818254f,2.3815138622340952f,0f,0f,0f,1f],start_interpolation:0}
execute if entity @s[tag=aj.heiloang_aj.bone.horne_left] run data modify entity @s {} merge value {transformation:[-0.6064283558791282f,0.5160947021752625f,-0.07675224799551231f,-0.32164057924804434f,0.42980225129854255f,0.5608247894909939f,0.3751607392453087f,-0.08055190276814889f,0.29582879164212833f,0.24314977663779466f,-0.7023983998818254f,2.3357405773457294f,0f,0f,0f,1f],start_interpolation:0}
execute if entity @s[tag=aj.heiloang_aj.bone.head_upper] run data modify entity @s {} merge value {transformation:[-1.1656304616723379f,-0.042759904111499054f,-0.11242477405762655f,-0.6494724492738677f,-0.0908223145143373f,1.0309871560633015f,0.5495260718280471f,-0.38946405809808843f,0.0788609308072874f,0.5553370031187196f,-1.028855616186901f,2.197264920819815f,0f,0f,0f,1f],start_interpolation:0}
execute if entity @s[tag=aj.heiloang_aj.bone.neck_0] run data modify entity @s {} merge value {transformation:[-0.9596492708269141f,-0.28077915858945984f,0.015373389449526369f,-0.6402845440044681f,-0.23118872920125622f,0.8189193462115006f,0.5252836147176456f,-0.19184037847601437f,-0.16007825739831155f,0.5005338834707624f,-0.8507883303184152f,1.8270403200069456f,0f,0f,0f,1f],start_interpolation:0}
execute if entity @s[tag=aj.heiloang_aj.bone.neck_1] run data modify entity @s {} merge value {transformation:[-0.959242945792669f,-0.27726943949381627f,-0.05454015832198631f,-0.6611081496522455f,-0.23334225677998896f,0.6683374629704116f,0.7063118481174551f,0.0602603309455777f,-0.15938745919244746f,0.6902511814644422f,-0.7057966735109463f,1.575933038094968f,0f,0f,0f,1f],start_interpolation:0}
execute if entity @s[tag=aj.heiloang_aj.bone.neck_2] run data modify entity @s {} merge value {transformation:[-0.9720091707458967f,-0.23195139600916287f,0.037372742410406695f,-0.6380184905083822f,-0.11199627786378755f,0.5972875575778105f,0.7941690042474528f,0.3656920728354207f,-0.2065308832367f,0.7677539472071335f,-0.6065466765363853f,1.3016371178793866f,0f,0f,0f,1f],start_interpolation:0}
execute if entity @s[tag=aj.heiloang_aj.bone.neck_3] run data modify entity @s {} merge value {transformation:[-0.9612888918795581f,-0.1502468211002474f,0.23097523481585905f,-0.5148503919097063f,0.049591993797324325f,0.7302283817099257f,0.6814008693100626f,0.7006336296547951f,-0.27104298644343694f,0.6664776089971614f,-0.6945093924528662f,0.9260889188861507f,0f,0f,0f,1f],start_interpolation:0}
execute if entity @s[tag=aj.heiloang_aj.bone.wing_right_2] run data modify entity @s {} merge value {transformation:[-2.2119292129809685f,0.529841274775444f,-0.6001777958461415f,-4.459316342550626f,0.3598524578651357f,2.2332952248554414f,0.6453484744905734f,2.626865814406483f,0.7151582843334898f,0.5150113285193072f,-2.1810291071342816f,2.043468967339299f,0f,0f,0f,1f],start_interpolation:0}
execute if entity @s[tag=aj.heiloang_aj.bone.wing_right_1] run data modify entity @s {} merge value {transformation:[-2.9088516768258708f,1.4133499432412884f,-0.8533713336333485f,-2.541855344952678f,1.1838727355308531f,2.990598301841547f,0.9175979053971f,1.8378024542318765f,1.1507588979425736f,0.4959662366152531f,-3.1011272505080614f,1.3372276523471158f,0f,0f,0f,1f],start_interpolation:0}
execute if entity @s[tag=aj.heiloang_aj.bone.wing_right_0] run data modify entity @s {} merge value {transformation:[-1.920095448829546f,0.9595908439340394f,-0.5664087566607868f,-0.7604647627234429f,0.8078953292948864f,1.9760511045791251f,0.6090379043993273f,1.0912399779269446f,0.7674233540149576f,0.3206359997404769f,-2.0583133754078493f,0.6069276036085353f,0f,0f,0f,1f],start_interpolation:0}
execute if entity @s[tag=aj.heiloang_aj.bone.wing_left_2] run data modify entity @s {} merge value {transformation:[-2.161122066853845f,-0.6787446295785544f,0.63437618673516f,3.420117851709617f,-0.4688998254627928f,2.18353081533213f,0.7388519056597012f,2.7591190139068766f,-0.8020351439677278f,0.5523358694076281f,-2.141317520015981f,2.386890721608877f,0f,0f,0f,1f],start_interpolation:0}
execute if entity @s[tag=aj.heiloang_aj.bone.wing_left_1] run data modify entity @s {} merge value {transformation:[-2.577413312456571f,-1.9314660646278394f,0.9019968020246479f,1.7189157242994484f,-1.6606446973480327f,2.7066268262594857f,1.0505470886363744f,1.65588173954271f,-1.336569705941858f,0.3617026920877827f,-3.0446627656597602f,1.5581366586747096f,0f,0f,0f,1f],start_interpolation:0}
execute if entity @s[tag=aj.heiloang_aj.bone.wing_left_0] run data modify entity @s {} merge value {transformation:[-1.9639155879884638f,-0.8444017177977312f,0.5986829730635114f,-0.10297440256681123f,-0.6495361102162005f,2.0050693109727673f,0.6972803594827538f,1.057320665909373f,-0.8059394547862341f,0.4416817827072236f,-2.020836163087803f,0.7923121974387868f,0f,0f,0f,1f],start_interpolation:0}
execute if entity @s[tag=aj.heiloang_aj.bone.kazari_right] run data modify entity @s {} merge value {transformation:[-2.5263561270819777f,0.7195028281739416f,0.08191817845447083f,-2.092828373962256f,0.1303323469587946f,0.7442166158220134f,-2.5171462604757178f,4.422873013629216f,-0.7123260398495983f,-2.4156422536336746f,-0.7510887457338576f,-2.156654183025899f,0f,0f,0f,1f],start_interpolation:0}
execute if entity @s[tag=aj.heiloang_aj.bone.kazari_left] run data modify entity @s {} merge value {transformation:[-2.5263561270819777f,0.7195028281739416f,0.08191817845447083f,2.7848319713793166f,0.1303323469587946f,0.7442166158220134f,-2.5171462604757178f,4.171239083772112f,-0.7123260398495983f,-2.4156422536336746f,-0.7510887457338576f,-0.7813593699617856f,0f,0f,0f,1f],start_interpolation:0}
execute if entity @s[tag=aj.heiloang_aj.bone.ring] run data modify entity @s {} merge value {transformation:[-2.117657746106771f,-0.4879722061236865f,-0.3610195038897481f,-0.5185972934586391f,0.10924798018257018f,-1.5952144425478916f,1.5153488202049965f,2.889151238301979f,-0.5970903072099282f,1.4387843111882432f,1.5576614384064822f,1.339804868458315f,0f,0f,0f,1f],start_interpolation:0}
execute if entity @s[tag=aj.heiloang_aj.bone.body_0] run data modify entity @s {} merge value {transformation:[-1.0848741945047855f,-0.1264586725028947f,0.2840925239848309f,-0.2609920710885671f,0.05596764383656209f,0.9347904582263299f,0.629830769326226f,1.3902726691692644f,-0.30588883745349366f,0.6195380370045792f,-0.8923323460255916f,0.15192902749802645f,0f,0f,0f,1f],start_interpolation:0}
execute if entity @s[tag=aj.heiloang_aj.bone.leg_right_3] run data modify entity @s {} merge value {transformation:[-0.8796806037043213f,-0.18266177616122914f,0.43908622273538245f,-0.6539545224227442f,0.14832034213095574f,0.7718617312034373f,0.6182479632103848f,0.09934528372462093f,-0.45184412309618127f,0.6089861602969789f,-0.6518993365468204f,-0.8721586761476864f,0f,0f,0f,1f],start_interpolation:0}
execute if entity @s[tag=aj.heiloang_aj.bone.leg_right_2] run data modify entity @s {} merge value {transformation:[-0.9814200860376464f,0.03919215166606199f,-0.18782595659185006f,-0.6212573090897031f,0.06475413750623608f,0.9891384210850511f,-0.13195486201423556f,0.7071491166433961f,0.1806142751769157f,-0.14166565985148571f,-0.9732981683025814f,-0.9123997426083299f,0f,0f,0f,1f],start_interpolation:0}
execute if entity @s[tag=aj.heiloang_aj.bone.leg_right_1] run data modify entity @s {} merge value {transformation:[-0.98857938698919f,-0.029487866755721362f,-0.1477878930571595f,-0.5191876507236649f,-0.05894614288738277f,0.9782001596439158f,0.19912257509212328f,0.6400784343692278f,0.1386944406195787f,0.2055599994814526f,-0.9687667101807365f,-0.2133781968008131f,0f,0f,0f,1f],start_interpolation:0}
execute if entity @s[tag=aj.heiloang_aj.bone.leg_right_0] run data modify entity @s {} merge value {transformation:[-0.918911991919588f,0.3776535816909983f,-0.11392332220548984f,-0.21780818365742635f,0.37806206756532246f,0.7607661706082596f,-0.527545170318408f,1.146637048939345f,-0.11256031349729306f,-0.5278376700217643f,-0.8418536511362208f,-0.6516764096010443f,0f,0f,0f,1f],start_interpolation:0}
execute if entity @s[tag=aj.heiloang_aj.bone.leg_left_3] run data modify entity @s {} merge value {transformation:[-0.7647374298291777f,-0.5135724988613781f,0.3891271666583344f,0.9817268942242148f,-0.1990002562161263f,0.7626404652826799f,0.6154497694689093f,0.14725567524691074f,-0.6128421994642499f,0.39322106902694975f,-0.6854207681629753f,-0.4200508843891346f,0f,0f,0f,1f],start_interpolation:0}
execute if entity @s[tag=aj.heiloang_aj.bone.leg_left_2] run data modify entity @s {} merge value {transformation:[-0.7647374298291777f,-0.2733937164249818f,0.5834659709336956f,0.7879266418276356f,-0.1990002562161263f,0.9614664427891171f,0.18968705126169672f,0.7230555819771844f,-0.6128421994642499f,0.02895091034454915f,-0.7896747959420019f,-0.3651885103900003f,0f,0f,0f,1f],start_interpolation:0}
execute if entity @s[tag=aj.heiloang_aj.bone.leg_left_1] run data modify entity @s {} merge value {transformation:[-0.8094205027032391f,-0.22009977123820793f,0.5444212895401173f,0.38724388773977425f,-0.08006010590713541f,0.959806175974063f,0.26900275835794735f,0.6052945509963269f,-0.5817463616093992f,0.1741499217999667f,-0.7945080084500669f,0.2085130524819379f,0f,0f,0f,1f],start_interpolation:0}
execute if entity @s[tag=aj.heiloang_aj.bone.leg_left_0] run data modify entity @s {} merge value {transformation:[-0.845564306150303f,0.028328280063898592f,0.5331214802586536f,0.4133587083429556f,-0.2981342182454969f,0.8033235541624623f,-0.5155455898743933f,1.146637048939345f,-0.44287356217740415f,-0.5948687047377857f,-0.6708160940584877f,-0.2872720346010444f,0f,0f,0f,1f],start_interpolation:0}
execute if entity @s[tag=aj.heiloang_aj.bone.tail_4] run data modify entity @s {} merge value {transformation:[-1.5722688233600375f,-0.08366821072701698f,0.07631999273753126f,1.1809910847809237f,-0.053897479605423744f,1.4871358323387456f,0.5199773471546655f,0.7613303533114757f,-0.09960006259988141f,0.516024234290949f,-1.4861538213934027f,-4.424624984953267f,0f,0f,0f,1f],start_interpolation:0}
execute if entity @s[tag=aj.heiloang_aj.bone.tail_3] run data modify entity @s {} merge value {transformation:[-0.9509315981678089f,-0.050892659636896834f,0.305186881764436f,0.7744920493579955f,-0.01409231340852143f,0.9924797899607118f,0.12159470885831128f,0.5729371894519625f,-0.30908009044390566f,0.11132746163738962f,-0.9444975881263873f,-3.165379614736949f,0f,0f,0f,1f],start_interpolation:0}
execute if entity @s[tag=aj.heiloang_aj.bone.tail_2] run data modify entity @s {} merge value {transformation:[-0.8839501945239123f,-0.07872403107399747f,0.46090626002756546f,0.41216415970868986f,-0.07553916806261898f,0.9968196224601196f,0.025386499697128334f,0.5712714546914573f,-0.4614389317012002f,-0.01237607409177753f,-0.887085646992741f,-2.4710176640152897f,0f,0f,0f,1f],start_interpolation:0}
execute if entity @s[tag=aj.heiloang_aj.bone.tail_1] run data modify entity @s {} merge value {transformation:[-0.9969935153862083f,0.055314777702819326f,0.05426053488068483f,0.37069452914655204f,0.0508141390179209f,0.9954112405302732f,-0.08108258445467953f,0.6514475804691435f,-0.05849661147209938f,-0.07808160854945617f,-0.9952293247551599f,-1.6945789539070648f,0f,0f,0f,1f],start_interpolation:0}
execute if entity @s[tag=aj.heiloang_aj.bone.tail_ring] run data modify entity @s {} merge value {transformation:[-0.9706406657993181f,0.17483480455313818f,0.16519530566430268f,0.39985683499852037f,0.08844347897852743f,0.8980901614131779f,-0.4308268944704207f,0.617388790888265f,-0.22368381461972436f,-0.40356765614914947f,-0.8871858305831143f,-1.8345908625110536f,0f,0f,0f,1f],start_interpolation:0}
execute if entity @s[tag=aj.heiloang_aj.bone.tail_0] run data modify entity @s {} merge value {transformation:[-0.9706406657993181f,0.17483480455313818f,0.16519530566430268f,0.16514490156367212f,0.08844347897852743f,0.8980901614131779f,-0.4308268944704207f,1.1989174099641633f,-0.22368381461972436f,-0.40356765614914947f,-0.8871858305831143f,-0.586161860119241f,0f,0f,0f,1f],start_interpolation:0}
execute if entity @s[tag=aj.heiloang_aj.bone.body_1] run data modify entity @s {} merge value {transformation:[-0.8660254037844386f,0.06525048341220097f,0.49572409101684184f,-0.0018960387843347866f,0f,0.9914481820336837f,-0.13050096682440193f,1.3148303228834775f,-0.5f,-0.1130171524883623f,-0.8586193121770684f,-0.290739714492411f,0f,0f,0f,1f],start_interpolation:0}