execute if entity @s[tag=aj.heiloang_aj.bone.head_lower] run data modify entity @s {} merge value {transformation:[-0.7936616353075652f,-0.002873794584431353f,-0.10046367475663957f,-0.610780738064555f,-0.05884137124029124f,0.6615829113803373f,0.4459212311609294f,-0.6946685512686686f,0.08147945551783951f,0.4497774924050817f,-0.6565525916895866f,2.3639830170581404f,0f,0f,0f,1f],start_interpolation:0}
execute if entity @s[tag=aj.heiloang_aj.bone.horne_right] run data modify entity @s {} merge value {transformation:[-0.5727321100353295f,-0.5497403993255652f,-0.09881003736385967f,-0.9856625842282247f,-0.5315609352314101f,0.49300072097685227f,0.33822072859630076f,-0.21631971878697148f,-0.1715252234232269f,0.30779178427253706f,-0.7182223299674969f,2.3968914618188095f,0f,0f,0f,1f],start_interpolation:0}
execute if entity @s[tag=aj.heiloang_aj.bone.horne_left] run data modify entity @s {} merge value {transformation:[-0.5975653635805298f,0.5226396586224793f,-0.09881003736385967f,-0.3108914618897328f,0.44479611626681465f,0.5725060294020893f,0.33822072859630076f,-0.16629278495847588f,0.2916711353610903f,0.1976983397331208f,-0.7182223299674969f,2.3276176287375425f,0f,0f,0f,1f],start_interpolation:0}
execute if entity @s[tag=aj.heiloang_aj.bone.head_upper] run data modify entity @s {} merge value {transformation:[-1.1625357218576389f,-0.026921000742483013f,-0.14473447247964757f,-0.6424476536443602f,-0.08618936955849761f,1.0584400010441786f,0.4954172677296465f,-0.4818595022687348f,0.11934906945614339f,0.5021375671154498f,-1.0520341133781403f,2.2155279289400323f,0f,0f,0f,1f],start_interpolation:0}
execute if entity @s[tag=aj.heiloang_aj.bone.neck_0] run data modify entity @s {} merge value {transformation:[-0.9647646373517581f,-0.26297714474351097f,-0.008497991414509257f,-0.6437483674258002f,-0.22106152097370413f,0.7926302735931277f,0.5682156750112373f,-0.2655171084823379f,-0.1426919705530875f,0.5500729685471137f,-0.8228357860554211f,1.8558057191835502f,0f,0f,0f,1f],start_interpolation:0}
execute if entity @s[tag=aj.heiloang_aj.bone.neck_1] run data modify entity @s {} merge value {transformation:[-0.9642043337357585f,-0.2509987521065145f,-0.08549636978348506f,-0.6755868916165593f,-0.2238700006840251f,0.5977913941535955f,0.7697581905180579f,0.009142807445137846f,-0.1420993511558604f,0.7613442555880178f,-0.6325841437186126f,1.6308801843229392f,0f,0f,0f,1f],start_interpolation:0}
execute if entity @s[tag=aj.heiloang_aj.bone.neck_2] run data modify entity @s {} merge value {transformation:[-0.9749427927174915f,-0.21696147373840352f,0.04913521996977671f,-0.6481793771683264f,-0.10517897254385522f,0.6442049777961959f,0.7575865167208438f,0.29801049777373967f,-0.19602024044173919f,0.7334355223847987f,-0.6508827850245388f,1.3395655454938116f,0f,0f,0f,1f],start_interpolation:0}
execute if entity @s[tag=aj.heiloang_aj.bone.neck_3] run data modify entity @s {} merge value {transformation:[-0.9612082216990179f,-0.13256929244798982f,0.24187628498480582f,-0.5197980685604457f,0.05161731700886032f,0.7749756283504845f,0.6298796933126025f,0.605206235502969f,-0.2709509312089893f,0.6179305447723157f,-0.7380700743929199f,0.9426503214406328f,0f,0f,0f,1f],start_interpolation:0}
execute if entity @s[tag=aj.heiloang_aj.bone.wing_right_2] run data modify entity @s {} merge value {transformation:[-1.967427493745596f,-1.2215271112849926f,-0.41313022108128306f,-4.891254887940297f,-1.2894295634143227f,1.8558594553140846f,0.6532481071043859f,0.9524585343062044f,-0.01328398163496601f,0.7728086469741752f,-2.2217484865112143f,1.336166553395911f,0f,0f,0f,1f],start_interpolation:0}
execute if entity @s[tag=aj.heiloang_aj.bone.wing_right_1] run data modify entity @s {} merge value {transformation:[-3.2659279635330436f,-0.41937672104829365f,-0.5874150796120979f,-2.744055931538312f,-0.5730488836197142f,3.161662280504584f,0.9288301103628944f,1.3135125269447605f,0.43880324394323367f,1.0075879925730207f,-3.1590246791102405f,1.0969362988141997f,0f,0f,0f,1f],start_interpolation:0}
execute if entity @s[tag=aj.heiloang_aj.bone.wing_right_0] run data modify entity @s {} merge value {transformation:[-2.133858083865412f,0.472270085318024f,-0.38988542475442184f,-0.7624241182950159f,0.3528626302581944f,2.103288916567643f,0.6164930637168398f,0.9902476131652405f,0.5005373533408854f,0.5306003203517816f,-2.096741676495482f,0.6145658489208157f,0f,0f,0f,1f],start_interpolation:0}
execute if entity @s[tag=aj.heiloang_aj.bone.wing_left_2] run data modify entity @s {} merge value {transformation:[-1.9344639081220711f,1.1864911984693922f,0.6194061918069257f,3.972680628380571f,1.3340078219217153f,1.79770256447247f,0.7226787855346195f,0.9561858641376527f,-0.1088509326821445f,0.9455581060753369f,-2.151196724804697f,1.938225063769047f,0f,0f,0f,1f],start_interpolation:0}
execute if entity @s[tag=aj.heiloang_aj.bone.wing_left_1] run data modify entity @s {} merge value {transformation:[-3.2264954330969013f,0.03596169622412155f,0.8807115018605833f,1.8468365802226192f,0.31578433029637626f,3.1672760774035753f,1.0275511078025692f,1.1473021538300547f,-0.8229375734793675f,1.0743778566275939f,-3.058709653472226f,1.4459689257607198f,0f,0f,0f,1f],start_interpolation:0}
execute if entity @s[tag=aj.heiloang_aj.bone.wing_left_0] run data modify entity @s {} merge value {transformation:[-2.1034903566786025f,-0.40252137906284235f,0.584555265785428f,-0.1049889339200929f,-0.21268748901877207f,2.101907833941801f,0.6820172209181918f,0.9549430458939827f,-0.677120632808523f,0.5902202953232223f,-2.0301595138347017f,0.7998874799625f,0f,0f,0f,1f],start_interpolation:0}
execute if entity @s[tag=aj.heiloang_aj.bone.kazari_right] run data modify entity @s {} merge value {transformation:[-2.526144118385526f,0.7225154840554205f,0.058629830313790265f,-2.0683212452703073f,0.13565508370110824f,0.679998057047964f,-2.53496953221006f,4.20859498161667f,-0.7120841101783607f,-2.4336072415793395f,-0.6909140339581596f,-2.240920235013209f,0f,0f,0f,1f],start_interpolation:0}
execute if entity @s[tag=aj.heiloang_aj.bone.kazari_left] run data modify entity @s {} merge value {transformation:[-2.526144118385526f,0.7225154840554205f,0.058629830313790265f,2.8089297728190763f,0.13565508370110824f,0.679998057047964f,-2.53496953221006f,3.9466843921634136f,-0.7120841101783607f,-2.4336072415793395f,-0.6909140339581596f,-0.8660925179183089f,0f,0f,0f,1f],start_interpolation:0}
execute if entity @s[tag=aj.heiloang_aj.bone.ring] run data modify entity @s {} merge value {transformation:[-2.1174800348753777f,-0.4999196198327596f,-0.3453765501513779f,-0.5025798265186924f,0.11370963725934456f,-1.5560665429417857f,1.5552020184257653f,2.74482886110507f,-0.5968875154353175f,1.4770455556371627f,1.5215084640822687f,1.2891752922622934f,0f,0f,0f,1f],start_interpolation:0}
execute if entity @s[tag=aj.heiloang_aj.bone.body_0] run data modify entity @s {} merge value {transformation:[-1.0847831531977723f,-0.11731001084333184f,0.28833357042132596f,-0.2609980603792812f,0.058253346819596506f,0.9503824673283634f,0.6058317335010123f,1.273912737467345f,-0.30578494740632367f,0.5972134485160756f,-0.907460213336608f,0.15193940125384459f,0f,0f,0f,1f],start_interpolation:0}
execute if entity @s[tag=aj.heiloang_aj.bone.leg_right_3] run data modify entity @s {} merge value {transformation:[-0.8802605658371639f,-0.13903349408369123f,0.4536639987423681f,-0.6763413894512111f,0.16014129239314606f,0.8129558203120079f,0.5598728433238063f,-0.05562549748897794f,-0.4466498658935075f,0.565484324931921f,-0.693347946959967f,-0.8168934540547823f,0f,0f,0f,1f],start_interpolation:0}
execute if entity @s[tag=aj.heiloang_aj.bone.leg_right_2] run data modify entity @s {} merge value {transformation:[-0.9757464773794196f,0.057366347602405825f,-0.21125319889746844f,-0.6314856753976239f,0.088867842129021f,0.9857564061082984f,-0.14278240245836618f,0.5506322630542233f,0.20005328919311688f,-0.1580930421593924f,-0.9669463643366181f,-0.8674250599888503f,0f,0f,0f,1f],start_interpolation:0}
execute if entity @s[tag=aj.heiloang_aj.bone.leg_right_1] run data modify entity @s {} merge value {transformation:[-0.984297115615159f,-0.02205386222985567f,-0.1751365620092634f,-0.5095599206399807f,-0.038659691499898924f,0.9950102399889516f,0.09197853320346916f,0.5604274718845964f,0.1722341906963036f,0.09730493038831878f,-0.9802383047388599f,-0.16843580592727248f,0f,0f,0f,1f],start_interpolation:0}
execute if entity @s[tag=aj.heiloang_aj.bone.leg_right_0] run data modify entity @s {} merge value {transformation:[-0.9189420198139334f,0.3672474255203466f,-0.14378766521842434f,-0.21779482504168188f,0.3780045579462542f,0.7161331077442624f,-0.5867417883229397f,1.0303911105571448f,-0.112508303658642f,-0.5935340768997361f,-0.7969060052268604f,-0.6516995474022326f,0f,0f,0f,1f],start_interpolation:0}
execute if entity @s[tag=aj.heiloang_aj.bone.leg_left_3] run data modify entity @s {} merge value {transformation:[-0.7715644528258085f,-0.4999810395881537f,0.3933284317055654f,0.9749605200393876f,-0.19943046461071684f,0.7772319479650909f,0.5967729793209002f,-0.025263633735128188f,-0.6040825977635544f,0.38200714537131236f,-0.6993959936720374f,-0.4101919768469992f,0f,0f,0f,1f],start_interpolation:0}
execute if entity @s[tag=aj.heiloang_aj.bone.leg_left_2] run data modify entity @s {} merge value {transformation:[-0.7715644528258085f,-0.24394029591942196f,0.5875214269814808f,0.7988820515069002f,-0.19943046461071684f,0.969752303881527f,0.14074075067877118f,0.5578847683407206f,-0.6040825977635544f,-0.008579110863908515f,-0.7968755322734037f,-0.3778150626019927f,0f,0f,0f,1f],start_interpolation:0}
execute if entity @s[tag=aj.heiloang_aj.bone.leg_left_1] run data modify entity @s {} merge value {transformation:[-0.8119271153559f,-0.18534626942690668f,0.5535531769932998f,0.39436460735503776f,-0.0776506803464429f,0.9741209479110198f,0.2122704658747202f,0.4812303197056742f,-0.5785712844512607f,0.12936436623144992f,-0.8053074751658236f,0.20014475084883399f,0f,0f,0f,1f],start_interpolation:0}
execute if entity @s[tag=aj.heiloang_aj.bone.leg_left_0] run data modify entity @s {} merge value {transformation:[-0.8455406245432922f,0.018555091512497096f,0.5335885688673457f,0.4133720669587001f,-0.29814044867768064f,0.812656111954301f,-0.5007018240086507f,1.0303911105571448f,-0.4429145799239518f,-0.582448068313632f,-0.6816017331319719f,-0.28729517240223257f,0f,0f,0f,1f],start_interpolation:0}
execute if entity @s[tag=aj.heiloang_aj.bone.tail_4] run data modify entity @s {} merge value {transformation:[-1.553804320331385f,-0.05525687913806437f,0.25979448630623103f,0.8922218454597266f,0.0171312774632593f,1.5177918986682148f,0.42528653324233656f,0.589273590640996f,-0.26505285725619704f,0.4220293749642668f,-1.495490739929629f,-4.518771945962957f,0f,0f,0f,1f],start_interpolation:0}
execute if entity @s[tag=aj.heiloang_aj.bone.tail_3] run data modify entity @s {} merge value {transformation:[-0.9829110362546292f,-0.06063279897935337f,0.17380897127818293f,0.6615399570146263f,-0.05160739838242585f,0.9970967731983109f,0.055988403350275606f,0.48843094169547985f,-0.1766990980199064f,0.04606179073206884f,-0.983186523602468f,-3.2061223434806134f,0f,0f,0f,1f],start_interpolation:0}
execute if entity @s[tag=aj.heiloang_aj.bone.tail_2] run data modify entity @s {} merge value {transformation:[-0.9200025959708802f,-0.11966762294051819f,0.37319550295603404f,0.3671415507289284f,-0.11402218390797196f,0.9927794894995462f,0.03725354756095861f,0.47739949522840597f,-0.37495888439093944f,-0.008279205806474357f,-0.9270044712769815f,-2.4804291035608212f,0f,0f,0f,1f],start_interpolation:0}
execute if entity @s[tag=aj.heiloang_aj.bone.tail_1] run data modify entity @s {} merge value {transformation:[-0.9999919504496352f,0.0038622624357252527f,0.001087182051019403f,0.36635716236901006f,0.003776776388032671f,0.997544390347809f,-0.06993515028748143f,0.5489000876827739f,-0.0013546202601734392f,-0.06993048129746704f,-0.9975509474655694f,-1.702038416327361f,0f,0f,0f,1f],start_interpolation:0}
execute if entity @s[tag=aj.heiloang_aj.bone.tail_ring] run data modify entity @s {} merge value {transformation:[-0.9717336125200831f,0.17200102095957265f,0.16170786959061006f,0.3949304077032638f,0.08998119073296085f,0.9031083293476837f,-0.4198794240935296f,0.5165701701795712f,-0.21825941357235346f,-0.393460282940604f,-0.8930575760472289f,-1.842580658612571f,0f,0f,0f,1f],start_interpolation:0}
execute if entity @s[tag=aj.heiloang_aj.bone.tail_0] run data modify entity @s {} merge value {transformation:[-0.9717336125200831f,0.17200102095957265f,0.16170786959061006f,0.16515410660228289f,0.08998119073296085f,0.9031083293476837f,-0.4198794240935296f,1.0826928761088002f,-0.21825941357235346f,-0.393460282940604f,-0.8930575760472289f,-0.5861778037138003f,0f,0f,0f,1f],start_interpolation:0}
execute if entity @s[tag=aj.heiloang_aj.bone.body_1] run data modify entity @s {} merge value {transformation:[-0.8660254037844386f,0.06517173000255651f,0.49573445069762284f,-0.0018960387843347866f,0f,0.9914689013952457f,-0.13034346000511302f,1.1985518750000002f,-0.5f,-0.11288074758158882f,-0.8586372556705314f,-0.290739714492411f,0f,0f,0f,1f],start_interpolation:0}