execute if entity @s[tag=aj.heiloang_aj.bone.head_lower] run data modify entity @s {} merge value {transformation:[-0.7842458682282629f,0.002943210844666786f,-0.15795491659591313f,-0.581905153312078f,-0.06973925768769432f,0.7112595739604133f,0.3595083509277926f,-0.32672894875304265f,0.14175631945020103f,0.366198246800248f,-0.6969964059709042f,2.401022823611579f,0f,0f,0f,1f],start_interpolation:0}
execute if entity @s[tag=aj.heiloang_aj.bone.horne_right] run data modify entity @s {} merge value {transformation:[-0.5673422639738384f,-0.5416852859329723f,-0.157161720888878f,-0.9674514974962511f,-0.5576674211384336f,0.5053600385949496f,0.27132688549445305f,0.14388206942273035f,-0.08443816027039185f,0.3019739763539655f,-0.735990431116551f,2.418806409133948f,0f,0f,0f,1f],start_interpolation:0}
execute if entity @s[tag=aj.heiloang_aj.bone.horne_left] run data modify entity @s {} merge value {transformation:[-0.5890711462895162f,0.5179723719431394f,-0.157161720888878f,-0.30068566032858196f,0.45483307278023716f,0.5995903577553324f,0.27132688549445305f,0.20317438630880802f,0.2934656036308907f,0.11043561377757917f,-0.735990431116551f,2.2982851863373868f,0f,0f,0f,1f],start_interpolation:0}
execute if entity @s[tag=aj.heiloang_aj.bone.head_upper] run data modify entity @s {} merge value {transformation:[-1.148743741634054f,-0.023555643077092674f,-0.2302065597150063f,-0.6297621370340378f,-0.10215232117949245f,1.0976220453327241f,0.3974328387001375f,-0.1285988517025985f,0.20764111282266826f,0.4096743702977187f,-1.0780603837387461f,2.237365951410722f,0f,0f,0f,1f],start_interpolation:0}
execute if entity @s[tag=aj.heiloang_aj.bone.neck_0] run data modify entity @s {} merge value {transformation:[-0.9717579669158395f,-0.22670289039404903f,-0.06551528999079528f,-0.6559275464692123f,-0.21145602192287818f,0.7132979121038002f,0.6682008974708957f,0.13174307422889914f,-0.10475115525924035f,0.6631831482142344f,-0.7410906202324461f,1.9091232906412468f,0f,0f,0f,1f],start_interpolation:0}
execute if entity @s[tag=aj.heiloang_aj.bone.neck_1] run data modify entity @s {} merge value {transformation:[-0.9744652692940882f,-0.18578562105681376f,-0.12609973016677825f,-0.7021893069394984f,-0.1985184643916319f,0.4504380515042888f,0.8704573401681487f,0.4421869485561768f,-0.10491834079506145f,0.8732635711888788f,-0.47581811335767543f,1.7402218173406125f,0f,0f,0f,1f],start_interpolation:0}
execute if entity @s[tag=aj.heiloang_aj.bone.neck_2] run data modify entity @s {} merge value {transformation:[-0.9810443046816615f,-0.18014368347984105f,0.07141656358289947f,-0.6668849012266406f,-0.08708923095844287f,0.7390858291797691f,0.6679577853103594f,0.6911446190990882f,-0.1731113459676819f,0.6490765674463748f,-0.7407645182440162f,1.4149010366098616f,0f,0f,0f,1f],start_interpolation:0}
execute if entity @s[tag=aj.heiloang_aj.bone.neck_3] run data modify entity @s {} merge value {transformation:[-0.9610280712272996f,-0.08932234735733487f,0.2616229435193176f,-0.5293319756612016f,0.05585644536799211f,0.8641067894768631f,0.5001994741009237f,0.9290724209056471f,-0.2707491529515631f,0.49531906347582044f,-0.8254416524100583f,0.9757402112167599f,0f,0f,0f,1f],start_interpolation:0}
execute if entity @s[tag=aj.heiloang_aj.bone.wing_right_2] run data modify entity @s {} merge value {transformation:[-0.6058941137916115f,-2.2102794403722577f,-0.5302198833138805f,-3.206591851247263f,-2.243223955961133f,0.4929547301111462f,0.5084465790858856f,-2.0931124081218515f,-0.3666259846161641f,0.6365818375116848f,-2.2347091439101163f,0.4012970391394881f,0f,0f,0f,1f],start_interpolation:0}
execute if entity @s[tag=aj.heiloang_aj.bone.wing_right_1] run data modify entity @s {} merge value {transformation:[-1.4636982009863493f,-2.911432656388498f,-0.7539006808883658f,-2.2368122442775915f,-2.988990747822378f,1.3154877228300577f,0.7229419986524575f,-0.1471653143007814f,-0.3327771908673254f,0.9900862140733013f,-3.1774529741351722f,0.6675147707734528f,0f,0f,0f,1f],start_interpolation:0}
execute if entity @s[tag=aj.heiloang_aj.bone.wing_right_0] run data modify entity @s {} merge value {transformation:[-1.585652536516946f,-1.4709584812052454f,-0.5003870302153454f,-0.7659665192061789f,-1.5535728340855581f,1.5114781417733003f,0.479838802237686f,1.3016997780558217f,0.02274824452002648f,0.6929032930444818f,-2.1089731017391786f,0.6294504060896016f,0f,0f,0f,1f],start_interpolation:0}
execute if entity @s[tag=aj.heiloang_aj.bone.wing_left_2] run data modify entity @s {} merge value {transformation:[-0.5398867021433216f,2.21438290477294f,0.5818992234220399f,2.7634101948883267f,2.25032739859407f,0.4030042415257582f,0.5542474057405218f,-1.8328005350974619f,0.4220485212705505f,0.6838654390175112f,-2.2108322218865313f,0.7591319376502f,0f,0f,0f,1f],start_interpolation:0}
execute if entity @s[tag=aj.heiloang_aj.bone.wing_left_1] run data modify entity @s {} merge value {transformation:[-1.9803469709551775f,2.565323409243753f,0.8273816855083652f,1.4542533715864883f,2.691079768154785f,1.823256073887569f,0.7880645553253075f,-0.08289191747108249f,0.15340902501691298f,1.132286124580752f,-3.1435032330228743f,0.9073975797943683f,0f,0f,0f,1f],start_interpolation:0}
execute if entity @s[tag=aj.heiloang_aj.bone.wing_left_0] run data modify entity @s {} merge value {transformation:[-1.6850510495372637f,1.336947179373085f,0.5491586291953523f,-0.10865455189902087f,1.4430245207030834f,1.6038970367487082f,0.5230626426713614f,1.2634957847585895f,-0.08175079879121593f,0.753980460671936f,-2.0864396161456322f,0.8146340273609999f,0f,0f,0f,1f],start_interpolation:0}
execute if entity @s[tag=aj.heiloang_aj.bone.kazari_right] run data modify entity @s {} merge value {transformation:[-2.525670666281932f,0.7264750799925228f,0.009582911305559954f,-2.0224110800021577f,0.1467959051482798f,0.544212499908121f,-2.566934729542553f,4.274201813351046f,-0.7115538182533558f,-2.4663610647368452f,-0.5635818047412985f,-2.4048942100890134f,0f,0f,0f,1f],start_interpolation:0}
execute if entity @s[tag=aj.heiloang_aj.bone.kazari_left] run data modify entity @s {} merge value {transformation:[-2.525670666281932f,0.7264750799925228f,0.009582911305559954f,2.8539258395061253f,0.1467959051482798f,0.544212499908121f,-2.566934729542553f,3.990781531576554f,-0.7115538182533558f,-2.4663610647368452f,-0.5635818047412985f,-1.0310903327712226f,0f,0f,0f,1f],start_interpolation:0}
execute if entity @s[tag=aj.heiloang_aj.bone.ring] run data modify entity @s {} merge value {transformation:[-2.1170831749458374f,-0.5233501948490037f,-0.311431677413829f,-0.47165560814677543f,0.12304816502377551f,-1.4708934264681346f,1.6353158602671038f,2.959591002829617f,-0.5964430108816459f,1.5541889805645797f,1.442802354186497f,1.1899197991489059f,0f,0f,0f,1f],start_interpolation:0}
execute if entity @s[tag=aj.heiloang_aj.bone.body_0] run data modify entity @s {} merge value {transformation:[-1.0845798422060964f,-0.09773426835711024f,0.2962886339476648f,-0.261010579493639f,0.06303746635209569f,0.9810077021470909f,0.554348754938321f,1.5525795731246539f,-0.30555722811575137f,0.5492943446408844f,-0.9373168510324745f,0.15196108499597805f,0f,0f,0f,1f],start_interpolation:0}
execute if entity @s[tag=aj.heiloang_aj.bone.leg_right_3] run data modify entity @s {} merge value {transformation:[-0.8782000333412405f,-0.046286632274033984f,0.47604857852132315f,-0.7198717861073365f,0.18470508192743387f,0.8852758852325282f,0.42681452615385956f,0.15642971288952512f,-0.4411901337854507f,0.4627571227960647f,-0.768899935721082f,-0.6809206236883952f,0f,0f,0f,1f],start_interpolation:0}
execute if entity @s[tag=aj.heiloang_aj.bone.leg_right_2] run data modify entity @s {} merge value {transformation:[-0.9618568195088688f,0.09651263104915013f,-0.2559624402373401f,-0.6490986438888064f,0.1417050130209564f,0.9761566011435662f,-0.1644322940561598f,0.7578704098109836f,0.23398963235368753f,-0.19443148431211288f,-0.9525992073580445f,-0.7542295653499459f,0f,0f,0f,1f],start_interpolation:0}
execute if entity @s[tag=aj.heiloang_aj.bone.leg_right_1] run data modify entity @s {} merge value {transformation:[-0.9715408157975179f,-0.02046369463672483f,-0.23598661072465144f,-0.48411596746204955f,0.011283862553989488f,0.9911319524062315f,-0.1324013873238281f,0.9257033887435792f,0.23660329178892658f,-0.1312961923333138f,-0.9626942360861093f,-0.08478156830724237f,0f,0f,0f,1f],start_interpolation:0}
execute if entity @s[tag=aj.heiloang_aj.bone.leg_right_0] run data modify entity @s {} merge value {transformation:[-0.9190048759205851f,0.3379243138011308f,-0.20306943683436135f,-0.21776686380435492f,0.37788411628530627f,0.6081743924060103f,-0.6980884636497392f,1.3092966396294485f,-0.11239943368835542f,-0.7182834166007279f,-0.6866114627232216f,-0.6517479776859254f,0f,0f,0f,1f],start_interpolation:0}
execute if entity @s[tag=aj.heiloang_aj.bone.leg_left_3] run data modify entity @s {} merge value {transformation:[-0.786074560804439f,-0.4706986964035008f,0.4006613558357647f,0.9554763418695763f,-0.1991820426388071f,0.8064910514571272f,0.5566854567974718f,0.14043753606658127f,-0.5851609169675815f,0.3577917286964897f,-0.7277168268839445f,-0.3831244701590694f,0f,0f,0f,1f],start_interpolation:0}
execute if entity @s[tag=aj.heiloang_aj.bone.leg_left_2] run data modify entity @s {} merge value {transformation:[-0.786074560804439f,-0.18236484967445965f,0.5906181900850329f,0.8167010000856095f,-0.1991820426388071f,0.9792537041710041f,0.03726522182410735f,0.7342462581016515f,-0.5851609169675815f,-0.08834729464210685f,-0.80609022868602f,-0.3988265925700854f,0f,0f,0f,1f],start_interpolation:0}
execute if entity @s[tag=aj.heiloang_aj.bone.leg_left_1] run data modify entity @s {} merge value {transformation:[-0.8171807030860518f,-0.1119086787010366f,0.5654132525287802f,0.4093278891885085f,-0.07283674399839277f,0.9931561753211553f,0.09129961744261111f,0.744381340141941f,-0.5717608829112906f,0.03342542524550324f,-0.8197391254049418f,0.18211423205223992f,0f,0f,0f,1f],start_interpolation:0}
execute if entity @s[tag=aj.heiloang_aj.bone.leg_left_0] run data modify entity @s {} merge value {transformation:[-0.8454910395774363f,-0.0019282663762848762f,0.5339861269574783f,0.41340002819602706f,-0.29815346927515946f,0.8313043272644097f,-0.46908168183233706f,1.3092966396294485f,-0.4430004636041056f,-0.5558141751163328f,-0.7034352791737831f,-0.28734360268592535f,0f,0f,0f,1f],start_interpolation:0}
execute if entity @s[tag=aj.heiloang_aj.bone.tail_4] run data modify entity @s {} merge value {transformation:[-1.5478249438598533f,-0.17250186235032688f,0.24358861701357204f,-0.06078822050828275f,-0.10188783314718172f,1.5145145696555613f,0.4251103991262445f,1.2354595385177702f,-0.2805551216953417f,0.40167535333198096f,-1.4982656966986245f,-4.6293747459651f,0f,0f,0f,1f],start_interpolation:0}
execute if entity @s[tag=aj.heiloang_aj.bone.tail_3] run data modify entity @s {} merge value {transformation:[-0.9597093874038545f,-0.21177116802711854f,-0.18469126704137345f,0.19154564094995324f,-0.22138519715306862f,0.974633149815214f,0.032845361358513014f,1.166129700016985f,0.17305053080073154f,0.07240991419484122f,-0.9822475849376678f,-3.3186675520216804f,0f,0f,0f,1f],start_interpolation:0}
execute if entity @s[tag=aj.heiloang_aj.bone.tail_2] run data modify entity @s {} merge value {transformation:[-0.9611100285831565f,-0.26805496841840337f,0.06643829364976583f,0.1346270927491824f,-0.25323380760730757f,0.9514016047361417f,0.1752359129579303f,1.0463020874894549f,-0.11018235630802634f,0.1515965712399293f,-0.9822822038226633f,-2.5467709170719814f,0f,0f,0f,1f],start_interpolation:0}
execute if entity @s[tag=aj.heiloang_aj.bone.tail_1] run data modify entity @s {} merge value {transformation:[-0.9612390880175552f,-0.16834920245972687f,-0.2183528376237699f,0.30242348893707605f,-0.1846235663964625f,0.9811979857530437f,0.05625523518056441f,1.0189106373467363f,0.2047768404830721f,0.09438781057606688f,-0.974247087148033f,-1.7838167311318045f,0f,0f,0f,1f],start_interpolation:0}
execute if entity @s[tag=aj.heiloang_aj.bone.tail_ring] run data modify entity @s {} merge value {transformation:[-0.9833273001441682f,0.144427292974529f,0.11049062329098441f,0.3227812326752702f,0.11059890873043862f,0.9573132764219009f,-0.26705649622130745f,1.0102236871842378f,-0.1443443874170962f,-0.25038380105433067f,-0.95732578048999f,-1.9291572793212697f,0f,0f,0f,1f],start_interpolation:0}
execute if entity @s[tag=aj.heiloang_aj.bone.tail_0] run data modify entity @s {} merge value {transformation:[-0.9833273001441682f,0.144427292974529f,0.11049062329098441f,0.16517336578121838f,0.11059890873043862f,0.9573132764219009f,-0.26705649622130745f,1.3616432166334338f,-0.1443443874170962f,-0.25038380105433067f,-0.95732578048999f,-0.5862111615902288f,0f,0f,0f,1f],start_interpolation:0}
execute if entity @s[tag=aj.heiloang_aj.bone.body_1] run data modify entity @s {} merge value {transformation:[-0.8660254037844386f,0.06500683472638431f,0.495756100758081f,-0.0018960387843347866f,0f,0.991512201516162f,-0.13001366945276863f,1.4773893235596707f,-0.5f,-0.11259514058533047f,-0.8586747546752319f,-0.290739714492411f,0f,0f,0f,1f],start_interpolation:0}