execute if entity @s[tag=aj.heiloang_aj.bone.head_lower] run data modify entity @s {} merge value {transformation:[-0.7892296029830705f,0.006871940200433304f,-0.1306499529776655f,-0.6121129844548082f,-0.05348329979768781f,0.7121453872042713f,0.3605391575493971f,-0.47605208616623385f,0.11939920610261692f,0.3644197084702746f,-0.702098358964401f,2.4333559693108384f,0f,0f,0f,1f],start_interpolation:0}
execute if entity @s[tag=aj.heiloang_aj.bone.horne_right] run data modify entity @s {} merge value {transformation:[-0.5750875347263652f,-0.5406096666739938f,-0.13044353453117105f,-0.9890386248767624f,-0.5479745294828572f,0.5188439648589851f,0.2655651618105232f,0.001820940805193072f,-0.09485906620029924f,0.2802536858420267f,-0.743276280484966f,2.434539836666383f,0f,0f,0f,1f],start_interpolation:0}
execute if entity @s[tag=aj.heiloang_aj.bone.horne_left] run data modify entity @s {} merge value {transformation:[-0.5886746649117746f,0.5257819159975216f,-0.13044353453117105f,-0.3180356164205558f,0.46911047980554377f,0.5911095520875662f,0.2655651618105232f,0.04729244229318724f,0.27091972358546035f,0.1189238169620028f,-0.743276280484966f,2.3330266316379378f,0f,0f,0f,1f],start_interpolation:0}
execute if entity @s[tag=aj.heiloang_aj.bone.head_upper] run data modify entity @s {} merge value {transformation:[-1.1560437917095272f,-0.014729408739931902f,-0.1910704282928961f,-0.6514131634951645f,-0.07834100046115818f,1.1025919837843163f,0.38899320989100916f,-0.27899644300801757f,0.1748929721189607f,0.3965300420053162f,-1.0887325137473662f,2.266161569004944f,0f,0f,0f,1f],start_interpolation:0}
execute if entity @s[tag=aj.heiloang_aj.bone.neck_0] run data modify entity @s {} merge value {transformation:[-0.9711171024707824f,-0.23590925496624268f,-0.03575467396052848f,-0.6503863981679296f,-0.2069756131037908f,0.7583253573920042f,0.6181454100101357f,-0.06428375936378583f,-0.11871254722674138f,0.6076919250389634f,-0.7852501864841405f,1.8901859476354714f,0f,0f,0f,1f],start_interpolation:0}
execute if entity @s[tag=aj.heiloang_aj.bone.neck_1] run data modify entity @s {} merge value {transformation:[-0.9708474465090322f,-0.2109830219195918f,-0.11376027456264559f,-0.6944706414372709f,-0.20830151508393469f,0.5077872048905143f,0.8359202314594473f,0.24663499412470435f,-0.11859896466929555f,0.8352474597454072f,-0.5369319943607527f,1.7049754572101303f,0f,0f,0f,1f],start_interpolation:0}
execute if entity @s[tag=aj.heiloang_aj.bone.neck_2] run data modify entity @s {} merge value {transformation:[-0.9788322719117035f,-0.1942756869851807f,0.06437655559758262f,-0.6615775748018129f,-0.09404322935328428f,0.706318069648386f,0.7016200221636946f,0.5104857432692539f,-0.181778036288706f,0.6807141411301911f,-0.7096372337951328f,1.3913502644986209f,0f,0f,0f,1f],start_interpolation:0}
execute if entity @s[tag=aj.heiloang_aj.bone.neck_3] run data modify entity @s {} merge value {transformation:[-0.9610756506147698f,-0.10612685952473576f,0.25508955972915415f,-0.5269987330800098f,0.0547711425599766f,0.8317743483470579f,0.5524052456073364f,0.776213002307891f,-0.27080198621515206f,0.5448747774665699f,-0.793585383649853f,0.9674750046299969f,0f,0f,0f,1f],start_interpolation:0}
execute if entity @s[tag=aj.heiloang_aj.bone.wing_right_2] run data modify entity @s {} merge value {transformation:[-0.7817203339165253f,-2.184290966084738f,-0.3890530829373337f,-3.978071434788545f,-2.1592791777264058f,0.6542053898479214f,0.6656611351521963f,-1.4573333062893403f,-0.509904656283523f,0.5783288767609108f,-2.2224106187034502f,0.3716229914983762f,0f,0f,0f,1f],start_interpolation:0}
execute if entity @s[tag=aj.heiloang_aj.bone.wing_right_1] run data modify entity @s {} merge value {transformation:[-2.0804248407969177f,-2.5598910941501676f,-0.5531806583619594f,-2.6075635849783274f,-2.5866005690751055f,1.89760173647462f,0.9464797508076129f,0.22176073145742625f,-0.41054689227353197f,1.0165057839083638f,-3.159966141183381f,0.6884918992395467f,0f,0f,0f,1f],start_interpolation:0}
execute if entity @s[tag=aj.heiloang_aj.bone.wing_right_0] run data modify entity @s {} merge value {transformation:[-1.9840045740406f,-0.9259142456366787f,-0.36716298821236687f,-0.7651322921887561f,-0.9948321710340007f,1.8825684774549294f,0.6282076720072773f,1.1521158672582605f,0.04934370944457914f,0.7259605618903044f,-2.097366553780755f,0.6257834364302911f,0f,0f,0f,1f],start_interpolation:0}
execute if entity @s[tag=aj.heiloang_aj.bone.wing_left_2] run data modify entity @s {} merge value {transformation:[-0.7011858573159467f,2.1610024832729096f,0.6099038179167483f,3.310328909265388f,2.200751194602698f,0.5345853629954186f,0.6359942416774387f,-1.2957019356306478f,0.4456552246702656f,0.7601728509229867f,-2.181078784401132f,1.0282837243435654f,0f,0f,0f,1f],start_interpolation:0}
execute if entity @s[tag=aj.heiloang_aj.bone.wing_left_1] run data modify entity @s {} merge value {transformation:[-2.3850648199759146f,2.1786803379969713f,0.8672004164197914f,1.735590206129733f,2.344867167460849f,2.2070484476141985f,0.9042974564532872f,0.22576665949802066f,0.016809056409863295f,1.2528000269832191f,-3.10119788483635f,1.086471262228247f,0f,0f,0f,1f],start_interpolation:0}
execute if entity @s[tag=aj.heiloang_aj.bone.wing_left_0] run data modify entity @s {} merge value {transformation:[-1.9868186403127306f,0.8060091005972363f,0.5755875435242715f,-0.10778778212689857f,0.9504906805928792f,1.9143446493128142f,0.6002099880487506f,1.1146541858093697f,-0.2784226223063714f,0.7836031479019404f,-2.0583602575803415f,0.8110031939369031f,0f,0f,0f,1f],start_interpolation:0}
execute if entity @s[tag=aj.heiloang_aj.bone.kazari_right] run data modify entity @s {} merge value {transformation:[-2.525795709313297f,0.7257648794131596f,0.02217122416984952f,-2.0334614361323315f,0.14394362897830532f,0.5791382314054082f,-2.559443167792053f,4.188630171037978f,-0.7116926689571446f,-2.458604164417539f,-0.5963466242192024f,-2.364536248040757f,0f,0f,0f,1f],start_interpolation:0}
execute if entity @s[tag=aj.heiloang_aj.bone.kazari_left] run data modify entity @s {} merge value {transformation:[-2.525795709313297f,0.7257648794131596f,0.02217122416984952f,2.84311690517275f,0.14394362897830532f,0.5791382314054082f,-2.559443167792053f,3.9107168066054676f,-0.7116926689571446f,-2.458604164417539f,-0.5963466242192024f,-0.99046429031873f,0f,0f,0f,1f],start_interpolation:0}
execute if entity @s[tag=aj.heiloang_aj.bone.ring] run data modify entity @s {} merge value {transformation:[-2.1171879892834236f,-0.5175587159455359f,-0.32027219574425936f,-0.4792309508237998f,0.12065731257798086f,-1.4931070812637455f,1.6152397167558579f,2.835497783935488f,-0.5965593991711979f,1.5348258875888472f,1.463336141777286f,1.214448554826438f,0f,0f,0f,1f],start_interpolation:0}
execute if entity @s[tag=aj.heiloang_aj.bone.body_0] run data modify entity @s {} merge value {transformation:[-1.0846335384987436f,-0.10279807269545423f,0.29437224623165203f,-0.26100737650887107f,0.061812634754034194f,0.9734295974314162f,0.5676851177959034f,1.4114658542358092f,-0.3056168537337766f,0.5617114481940746f,-0.9299091157845785f,0.1519555372636242f,0f,0f,0f,1f],start_interpolation:0}
execute if entity @s[tag=aj.heiloang_aj.bone.leg_right_3] run data modify entity @s {} merge value {transformation:[-0.8791291194114823f,-0.0701515127038077f,0.471392359577623f,-0.7092975000248626f,0.1785024737690696f,0.8686404513104171f,0.46216948536825453f,0.03027031020351556f,-0.44189236049191216f,0.4904513549910962f,-0.7511248964894475f,-0.7182043920003967f,0f,0f,0f,1f],start_interpolation:0}
execute if entity @s[tag=aj.heiloang_aj.bone.leg_right_2] run data modify entity @s {} merge value {transformation:[-0.9656494809928885f,0.08638788601989657f,-0.24506777227366738f,-0.6451960527318397f,0.12793121419991188f,0.9789540836466188f,-0.1590047374921419f,0.6331563337228676f,0.22617401329839157f,-0.18489465990293485f,-0.9563782099399152f,-0.7855349021748604f,0f,0f,0f,1f],start_interpolation:0}
execute if entity @s[tag=aj.heiloang_aj.bone.leg_right_1] run data modify entity @s {} merge value {transformation:[-0.975282739347271f,-0.019016991338882655f,-0.22014071039155741f,-0.4912860915164213f,-0.002415132676995408f,0.9971474552323354f,-0.07543950992570181f,0.7612469731452827f,0.22094738166684658f,-0.07304318287215028f,-0.9725466302293531f,-0.10476157351557935f,0f,0f,0f,1f],start_interpolation:0}
execute if entity @s[tag=aj.heiloang_aj.bone.leg_right_0] run data modify entity @s {} merge value {transformation:[-0.9189887826780697f,0.3463739816027306f,-0.18837378315612469f,-0.2177740225763074f,0.37791496097308924f,0.6375751663334595f,-0.6713256955811912f,1.1681217975206284f,-0.11242730800205053f,-0.6881300546724671f,-0.7168243357140431f,-0.6517355783291838f,0f,0f,0f,1f],start_interpolation:0}
execute if entity @s[tag=aj.heiloang_aj.bone.leg_left_3] run data modify entity @s {} merge value {transformation:[-0.7823382855310342f,-0.47829813512444275f,0.39897080210065766f,0.9611263385166329f,-0.1993963914242909f,0.7991683518253782f,0.5670723274218902f,0.02759793658916254f,-0.5900744750277994f,0.3640890541848087f,-0.7205909203865104f,-0.39087651440037974f,0f,0f,0f,1f],start_interpolation:0}
execute if entity @s[tag=aj.heiloang_aj.bone.leg_left_2] run data modify entity @s {} merge value {transformation:[-0.7823382855310342f,-0.19808767672391858f,0.5905150966084459f,0.8127934826828496f,-0.1993963914242909f,0.977836784058387f,0.0638459304053296f,0.6192908985720251f,-0.5900744750277994f,-0.06779746361385146f,-0.8044971210937895f,-0.3941557095045531f,0f,0f,0f,1f],start_interpolation:0}
execute if entity @s[tag=aj.heiloang_aj.bone.leg_left_1] run data modify entity @s {} merge value {transformation:[-0.8158350620318555f,-0.1307479361411154f,0.5633099757276779f,0.4054901942116439f,-0.0740393822443276f,0.9897046066075694f,0.12248657696512877f,0.6071604474558893f,-0.5735253450688615f,0.058221721501470924f,-0.8171162155465086f,0.1867958344636796f,0f,0f,0f,1f],start_interpolation:0}
execute if entity @s[tag=aj.heiloang_aj.bone.leg_left_0] run data modify entity @s {} merge value {transformation:[-0.8455037366802227f,0.0033182776450751406f,0.5339591934719832f,0.41339286942407455f,-0.29815013831811576f,0.8266452585977593f,-0.4772463844375691f,1.1681217975206284f,-0.4429784715769707f,-0.5627136087489921f,-0.6979423101145373f,-0.2873312033291838f,0f,0f,0f,1f],start_interpolation:0}
execute if entity @s[tag=aj.heiloang_aj.bone.tail_4] run data modify entity @s {} merge value {transformation:[-1.5489714219068604f,-0.12385374322395595f,0.2649568796859738f,0.19670864936653715f,-0.05140032618948524f,1.5210770269885034f,0.41053263953442926f,0.9828565161281401f,-0.28792343473765336f,0.39476485652208876f,-1.498704496380671f,-4.630691479420127f,0f,0f,0f,1f],start_interpolation:0}
execute if entity @s[tag=aj.heiloang_aj.bone.tail_3] run data modify entity @s {} merge value {transformation:[-0.9822252019074974f,-0.16287739419063904f,-0.09329848444344202f,0.3256363800863733f,-0.16700136962764064f,0.9852166068992565f,0.03819397900728003f,0.906102984661061f,0.08569828049773323f,0.05309606342831417f,-0.9949053285454592f,-3.302565398033738f,0f,0f,0f,1f],start_interpolation:0}
execute if entity @s[tag=aj.heiloang_aj.bone.tail_2] run data modify entity @s {} merge value {transformation:[-0.9614928580422906f,-0.22889495842981286f,0.152113713842907f,0.20234943125686447f,-0.20882487437853026f,0.9682956748430376f,0.13709725716095766f,0.8164465942834135f,-0.17867192217709713f,0.10005290643295119f,-0.9788083367748052f,-2.5343305037385355f,0f,0f,0f,1f],start_interpolation:0}
execute if entity @s[tag=aj.heiloang_aj.bone.tail_1] run data modify entity @s {} merge value {transformation:[-0.9798095963396104f,-0.12352181922118935f,-0.1572116888055634f,0.32312197701601386f,-0.12837648663968326f,0.9915016588919179f,0.021069838457529466f,0.8167260420493929f,0.1532730654709455f,0.040826714181562085f,-0.9873401373439025f,-1.7620488672496162f,0f,0f,0f,1f],start_interpolation:0}
execute if entity @s[tag=aj.heiloang_aj.bone.tail_ring] run data modify entity @s {} merge value {transformation:[-0.9803364711924748f,0.15098797900379243f,0.12705523777568606f,0.3460636597674659f,0.10431529807003756f,0.9430651762611838f,-0.31582652186290755f,0.8005885686005196f,-0.16750737845971148f,-0.29636245295214564f,-0.9402715430351714f,-1.906364621498654f,0f,0f,0f,1f],start_interpolation:0}
execute if entity @s[tag=aj.heiloang_aj.bone.tail_0] run data modify entity @s {} merge value {transformation:[-0.9803364711924748f,0.15098797900379243f,0.12705523777568606f,0.1651684359980456f,0.10431529807003756f,0.9430651762611838f,-0.31582652186290755f,1.2204569005017234f,-0.16750737845971148f,-0.29636245295214564f,-0.9402715430351714f,-0.5862026229553032f,0f,0f,0f,1f],start_interpolation:0}
execute if entity @s[tag=aj.heiloang_aj.bone.body_1] run data modify entity @s {} merge value {transformation:[-0.8660254037844386f,0.0650490590626203f,0.4957505621933955f,-0.0018960387843347866f,0f,0.991501124386791f,-0.1300981181252406f,1.3362319161522636f,-0.5f,-0.11266827528100709f,-0.8586651615997956f,-0.290739714492411f,0f,0f,0f,1f],start_interpolation:0}