execute if entity @s[tag=aj.heiloang_aj.bone.head_lower] run data modify entity @s {} merge value {transformation:[-0.7928673523509391f,0.0000562031804968062f,-0.1065896731264997f,-0.6212508348550283f,-0.057662732305203065f,0.6726028647879239f,0.429278925154935f,-0.6701390271501142f,0.08964580792825749f,0.4331343707445534f,-0.6666020146988828f,2.3983221284950416f,0f,0f,0f,1f],start_interpolation:0}
execute if entity @s[tag=aj.heiloang_aj.bone.horne_right] run data modify entity @s {} merge value {transformation:[-0.5738433448584347f,-0.5473520118247005f,-0.10540204321139225f,-0.9961717246864052f,-0.5351425762464582f,0.4986540025682951f,0.32398550710012086f,-0.1914409379614535f,-0.15596871048382482f,0.30290256003221805f,-0.7238258081029865f,2.425144425775916f,0f,0f,0f,1f],start_interpolation:0}
execute if entity @s[tag=aj.heiloang_aj.bone.horne_left] run data modify entity @s {} merge value {transformation:[-0.5952829151115547f,0.5239548265481989f,-0.10540204321139225f,-0.32207590171763684f,0.4501157248321077f,0.5765667571478119f,0.32398550710012086f,-0.14241608295556984f,0.28815635553490004f,0.18177490005196792f,-0.7238258081029865f,2.3489275598753117f,0f,0f,0f,1f],start_interpolation:0}
execute if entity @s[tag=aj.heiloang_aj.bone.head_upper] run data modify entity @s {} merge value {transformation:[-1.1613722760398468f,-0.02324200836802199f,-0.1543902778449671f,-0.6543828807029913f,-0.08446292871235384f,1.068089584258284f,0.4745658711625796f,-0.460306142138788f,0.13131093830811338f,0.4814629388083646f,-1.0602419480640521f,2.2460006724473063f,0f,0f,0f,1f],start_interpolation:0}
execute if entity @s[tag=aj.heiloang_aj.bone.neck_0] run data modify entity @s {} merge value {transformation:[-0.966202846372739f,-0.2573589204915842f,-0.014779908816476575f,-0.6429710281184218f,-0.21804165057513827f,0.7853180849114855f,0.5794250116498477f,-0.2639326159794616f,-0.13751326581710674f,0.563064731229335f,-0.8148915327636865f,1.8602968139324523f,0f,0f,0f,1f],start_interpolation:0}
execute if entity @s[tag=aj.heiloang_aj.bone.neck_1] run data modify entity @s {} merge value {transformation:[-0.9656552578502459f,-0.24270457210235943f,-0.0927599787989718f,-0.6797995684262336f,-0.2207630976396989f,0.5781423838032197f,0.7855030482250565f,0.029494327970033984f,-0.13701670594018778f,0.7790031288325748f,-0.6118664458542884f,1.6470807152852867f,0f,0f,0f,1f],start_interpolation:0}
execute if entity @s[tag=aj.heiloang_aj.bone.neck_2] run data modify entity @s {} merge value {transformation:[-0.97579559621803f,-0.21228323137293592f,0.052524128544543275f,-0.6511600771905767f,-0.10294786952221882f,0.6578219517666755f,0.7461045609931075f,0.31320030725074033f,-0.19293701190371798f,0.722638297803089f,-0.6637538700346074f,1.350853387001257f,0f,0f,0f,1f],start_interpolation:0}
execute if entity @s[tag=aj.heiloang_aj.bone.neck_3] run data modify entity @s {} merge value {transformation:[-0.9611814028066595f,-0.12708733539730044f,0.24490634961192018f,-0.521343462580593f,0.052271896223125384f,0.7876619552335945f,0.6138862216590544f,0.6118122081358754f,-0.27092057833221317f,0.6028577389892285f,-0.7504429270617015f,0.9479002185250284f,0f,0f,0f,1f],start_interpolation:0}
execute if entity @s[tag=aj.heiloang_aj.bone.wing_right_2] run data modify entity @s {} merge value {transformation:[-1.7385267322292428f,-1.543050511503312f,-0.36068812926777033f,-4.871693030673097f,-1.5730121839391005f,1.6157057066319478f,0.669853525076272f,0.4157500555943222f,-0.1916597944913299f,0.7362514480986319f,-2.2259326887103335f,1.0734406876077331f,0f,0f,0f,1f],start_interpolation:0}
execute if entity @s[tag=aj.heiloang_aj.bone.wing_right_1] run data modify entity @s {} merge value {transformation:[-3.1665065015813245f,-0.9473334639327399f,-0.5128495456334093f,-2.7907215542687855f,-1.0595888204528872f,3.026110854395527f,0.9524407600375123f,1.094991293971246f,0.19423408535696618f,1.064157496765761f,-3.16497404650698f,0.9944247831258304f,0f,0f,0f,1f],start_interpolation:0}
execute if entity @s[tag=aj.heiloang_aj.bone.wing_right_0] run data modify entity @s {} merge value {transformation:[-2.182961413763393f,0.2172818385445515f,-0.340393990338882f,-0.7630207253285014f,0.11294692398843026f,2.1250909264902176f,0.6321641768642842f,0.9950038670454264f,0.3877144031135277f,0.6042988968942815f,-2.1006904543103615f,0.6169622532758088f,0f,0f,0f,1f],start_interpolation:0}
execute if entity @s[tag=aj.heiloang_aj.bone.wing_left_2] run data modify entity @s {} merge value {transformation:[-1.6963286233578085f,1.5085785317489158f,0.6166328092506059f,3.9702086295233756f,1.628774753205558f,1.5386980340952852f,0.716294052406191f,0.4333504714609606f,0.05601795442696244f,0.9434909537131747f,-2.154126926474907f,1.7579802643988955f,0f,0f,0f,1f],start_interpolation:0}
execute if entity @s[tag=aj.heiloang_aj.bone.wing_left_1] run data modify entity @s {} merge value {transformation:[-3.179865722007123f,0.5540310567691101f,0.8767681284350046f,1.874953888841274f,0.8173228158037201f,3.0792718574025373f,1.0184728842121438f,0.9529711630882399f,-0.6384795828143579f,1.1825198472939165f,-3.0628760023848782f,1.3865554844457826f,0f,0f,0f,1f],start_interpolation:0}
execute if entity @s[tag=aj.heiloang_aj.bone.wing_left_0] run data modify entity @s {} merge value {transformation:[-2.134358512502905f,-0.1850999414847208f,0.5819379277626925f,-0.10560388420433756f,0.000926373436240153f,2.1145766312254097f,0.6759917251769079f,0.9592515888654358f,-0.6106659331734827f,0.6501566598426477f,-2.0329248475346082f,0.8022631239362468f,0f,0f,0f,1f],start_interpolation:0}
execute if entity @s[tag=aj.heiloang_aj.bone.kazari_right] run data modify entity @s {} merge value {transformation:[-2.5260736358556612f,0.7233346205644746f,0.0510803434215044f,-2.0607528383708815f,0.13737537842477415f,0.6591468476378222f,-2.540378638551352f,4.176141579275052f,-0.712004340010552f,-2.43909463705249f,-0.6713697638888496f,-2.2673444928707767f,0f,0f,0f,1f],start_interpolation:0}
execute if entity @s[tag=aj.heiloang_aj.bone.kazari_left] run data modify entity @s {} merge value {transformation:[-2.5260736358556612f,0.7233346205644746f,0.0510803434215044f,2.816362098412594f,0.13737537842477415f,0.6591468476378222f,-2.540378638551352f,3.910909600067605f,-0.712004340010552f,-2.43909463705249f,-0.6713697638888496f,-0.8926707888146918f,0f,0f,0f,1f],start_interpolation:0}
execute if entity @s[tag=aj.heiloang_aj.bone.ring] run data modify entity @s {} merge value {transformation:[-2.117420954576391f,-0.5036783402415955f,-0.34023949870099524f,-0.4975724561646706f,0.11515163326620424f,-1.543197153167713f,1.5678676390547823f,2.7351717378334763f,-0.5968206499954227f,1.4892202529547347f,1.5096206264199308f,1.2732493678232029f,0f,0f,0f,1f],start_interpolation:0}
execute if entity @s[tag=aj.heiloang_aj.bone.body_0] run data modify entity @s {} merge value {transformation:[-1.0847528864127396f,-0.11432391210905361f,0.28964390978749244f,-0.2609999949864893f,0.058992080101354184f,0.955290266794684f,0.5979906492499114f,1.273660060604212f,-0.305750692300474f,0.589917727505367f,-0.9122313110556763f,0.15194275209182173f,0f,0f,0f,1f],start_interpolation:0}
execute if entity @s[tag=aj.heiloang_aj.bone.leg_right_3] run data modify entity @s {} merge value {transformation:[-0.8802246174996649f,-0.12481570271474732f,0.4578489522794525f,-0.683407498260487f,0.16397273552391353f,0.8253748410575971f,0.540249307036993f,-0.06751578617364185f,-0.44532860311501804f,0.5506154848031157f,-0.7060488815532934f,-0.7976439486603369f,0f,0f,0f,1f],start_interpolation:0}
execute if entity @s[tag=aj.heiloang_aj.bone.leg_right_2] run data modify entity @s {} merge value {transformation:[-0.9737715154351003f,0.06332781341411972f,-0.21853746538160107f,-0.6345824603660635f,0.0968386109644448f,0.9845024171106357f,-0.14620969232507355f,0.5381410088224455f,0.20589152278252004f,-0.16353769825793138f,-0.9648129881457819f,-0.851587556716028f,0f,0f,0f,1f],start_interpolation:0}
execute if entity @s[tag=aj.heiloang_aj.bone.leg_right_1] run data modify entity @s {} merge value {transformation:[-0.9826582521388043f,-0.0205525461503311f,-0.18428334800043245f,-0.506089762891574f,-0.031590988062338836f,0.9978648300525379f,0.05716459059124501f,0.5727162376734027f,0.1827149938476729f,0.06199494972139258f,-0.9812093850102978f,-0.15456388901998358f,0f,0f,0f,1f],start_interpolation:0}
execute if entity @s[tag=aj.heiloang_aj.bone.leg_right_0] run data modify entity @s {} merge value {transformation:[-0.9189517251191925f,0.3633759619477416f,-0.1532502436507472f,-0.21779050752578505f,0.3779859663708613f,0.7007085151744795f,-0.6050902296258487f,1.0301752824585682f,-0.11249149357683041f,-0.6139751518103397f,-0.7812683129580542f,-0.6517070255591284f,0f,0f,0f,1f],start_interpolation:0}
execute if entity @s[tag=aj.heiloang_aj.bone.leg_left_3] run data modify entity @s {} merge value {transformation:[-0.7737880121282675f,-0.4955314189696119f,0.3945893119441362f,0.972413731262502f,-0.19949461765690246f,0.7818642746413353f,0.5906692421021301f,-0.043384747929259726f,-0.6012104538449994f,0.3783343347537219f,-0.7038530537931538f,-0.4065785561425443f,0f,0f,0f,1f],start_interpolation:0}
execute if entity @s[tag=aj.heiloang_aj.bone.leg_left_2] run data modify entity @s {} merge value {transformation:[-0.7737880121282675f,-0.234414257730326f,0.5884743563311184f,0.8020838934878834f,-0.19949461765690246f,0.9719142694759582f,0.12483809640867219f,0.5418287753122374f,-0.6012104538449994f,-0.0207992442592249f,-0.798819993256137f,-0.38154200128097204f,0f,0f,0f,1f],start_interpolation:0}
execute if entity @s[tag=aj.heiloang_aj.bone.leg_left_1] run data modify entity @s {} merge value {transformation:[-0.8127378200218187f,-0.17404953099008386f,0.5560251762899893f,0.3966702099585956f,-0.07688699228772072f,0.9780309122407644f,0.19376254828641676f,0.47852757622727327f,-0.5775340910484243f,0.11472704765498765f,-0.8082648564754256f,0.19740576534779097f,0f,0f,0f,1f],start_interpolation:0}
execute if entity @s[tag=aj.heiloang_aj.bone.leg_left_0] run data modify entity @s {} merge value {transformation:[-0.8455329695430334f,0.01539420036538336f,0.533701242279658f,0.41337638447459696f,-0.29814246100702435f,0.8156142861462465f,-0.49586733021930746f,1.0301752824585682f,-0.44292783877333186f,-0.5783911780354704f,-0.6850391045847865f,-0.28730265055912835f,0f,0f,0f,1f],start_interpolation:0}
execute if entity @s[tag=aj.heiloang_aj.bone.tail_4] run data modify entity @s {} merge value {transformation:[-1.5512236641245065f,-0.060133860278763114f,0.27375797046988165f,0.7604144839978736f,0.014059595962957583f,1.5210028037409162f,0.4137718724868862f,0.6257200784789396f,-0.2799318404704488f,0.40962025529497376f,-1.4962298536089234f,-4.552821120610924f,0f,0f,0f,1f],start_interpolation:0}
execute if entity @s[tag=aj.heiloang_aj.bone.tail_3] run data modify entity @s {} merge value {transformation:[-0.9898094125237533f,-0.07578633649001369f,0.12055603709812623f,0.6012910638852949f,-0.07025893380243517f,0.996301692569644f,0.04946331573810779f,0.5336177862157236f,-0.12385882730079203f,0.04048911686225208f,-0.9914734602173609f,-3.2289520722033647f,0f,0f,0f,1f],start_interpolation:0}
execute if entity @s[tag=aj.heiloang_aj.bone.tail_2] run data modify entity @s {} merge value {transformation:[-0.9326071091069885f,-0.14064168525030968f,0.33236109341055303f,0.33848280415530874f,-0.12991858936988723f,0.9900318232502126f,0.054388869155357754f,0.50911918307786f,-0.33669740150355204f,0.007543561613243946f,-0.9415826859596254f,-2.491555008226304f,0f,0f,0f,1f],start_interpolation:0}
execute if entity @s[tag=aj.heiloang_aj.bone.tail_1] run data modify entity @s {} merge value {transformation:[-0.9993919742515506f,-0.02095902533951092f,-0.027863974203362313f,0.35990412771140456f,-0.019419816725149294f,0.9983299441125937f,-0.0544076594470595f,0.568498531669264f,0.02895777132221178f,-0.053833464916939355f,-0.9981299542319559f,-1.7124399770427385f,0f,0f,0f,1f],start_interpolation:0}
execute if entity @s[tag=aj.heiloang_aj.bone.tail_ring] run data modify entity @s {} merge value {transformation:[-0.973254945306014f,0.1681459774754902f,0.1565303219705359f,0.38761375644738766f,0.09225165206415097f,0.9100833888061284f,-0.4040270512114111f,0.5386630505111221f,-0.21039116932234236f,-0.3787811448289966f,-0.9012549030064756f,-1.853704963223413f,0f,0f,0f,1f],start_interpolation:0}
execute if entity @s[tag=aj.heiloang_aj.bone.tail_0] run data modify entity @s {} merge value {transformation:[-0.973254945306014f,0.1681459774754902f,0.1565303219705359f,0.1651570811432155f,0.09225165206415097f,0.9100833888061284f,-0.4040270512114111f,1.0824839665740318f,-0.21039116932234236f,-0.3787811448289966f,-0.9012549030064756f,-0.5861829557698249f,0f,0f,0f,1f],start_interpolation:0}
execute if entity @s[tag=aj.heiloang_aj.bone.body_1] run data modify entity @s {} merge value {transformation:[-0.8660254037844386f,0.06514627322629422f,0.49573779670782114f,-0.0018960387843347866f,0f,0.9914755934156423f,-0.13029254645258845f,1.1983255375514408f,-0.5f,-0.11283665515170563f,-0.8586430511301975f,-0.290739714492411f,0f,0f,0f,1f],start_interpolation:0}