# This file was generated by Animated Java via MC-Build. It is not recommended to edit this file directly.
$data merge entity $(bone_body) { transformation: [-1f,5.236039766285425e-17f,1.1070675942871033e-16f,0.023437500000000007f,0f,0.9039892931234433f,-0.4275550934302821f,0.9567486616404304f,-1.2246467991473532e-16f,-0.4275550934302821f,-0.9039892931234433f,-0.06125688667878526f,0f,0f,0f,1f], start_interpolation: 0, interpolation_duration: 1 }
$data merge entity $(bone_left_hand) { transformation: [-0.30024084696692216f,-0.7896570365653042f,0.6946842886631934f,0.503365793893407f,-0.9619230443885073f,-0.08593785559612752f,-0.513427506226424f,1.3104653691633201f,0.42526292218688755f,-0.7518946150082741f,-0.6708911964205733f,-0.8062261575205556f,0f,0f,0f,1f], start_interpolation: 0, interpolation_duration: 1 }
$data merge entity $(bone_left_arm) { transformation: [-0.30024084696692216f,-0.07041735485249923f,-1.0493740479200742f,0.41406250000000006f,-0.9619230443885073f,0.4596450788407761f,0.2443757775881279f,1.3455634290470888f,0.42526292218688755f,0.9899782119486435f,-0.18810542092144844f,-0.26243707275958744f,0f,0f,0f,1f], start_interpolation: 0, interpolation_duration: 1 }
$data merge entity $(bone_right_hand) { transformation: [-0.30024084696692205f,0.7896570365653044f,-0.6946842886631932f,-0.5033657938934067f,0.9619230443885073f,-0.08593785559612752f,-0.513427506226424f,1.3104653691633201f,-0.42526292218688766f,-0.7518946150082739f,-0.6708911964205735f,-0.8062261575205556f,0f,0f,0f,1f], start_interpolation: 0, interpolation_duration: 1 }
$data merge entity $(bone_right_arm) { transformation: [-0.30024084696692205f,0.07041735485249898f,1.0493740479200742f,-0.41406249999999994f,0.9619230443885073f,0.4596450788407761f,0.2443757775881279f,1.3455634290470888f,-0.42526292218688766f,0.9899782119486435f,-0.18810542092144816f,-0.26243707275958755f,0f,0f,0f,1f], start_interpolation: 0, interpolation_duration: 1 }
$data merge entity $(bone_head) { transformation: [-1f,9.185327714728121e-17f,8.099736603077485e-17f,-0.007812499999999962f,0f,0.6613936858134801f,-0.7500389272338199f,1.5217419698425825f,-1.2246467991473532e-16f,-0.7500389272338199f,-0.6613936858134801f,-0.32847882007271156f,0f,0f,0f,1f], start_interpolation: 0, interpolation_duration: 1 }
$data merge entity $(bone_bottom) { transformation: [-1f,-2.5527169385623658e-17f,1.1977462773799907e-16f,0.0078125f,0f,0.978034057014568f,0.20844515662309057f,0.875f,-1.2246467991473532e-16f,0.20844515662309057f,-0.978034057014568f,9.567553118338695e-19f,0f,0f,0f,1f], start_interpolation: 0, interpolation_duration: 1 }
data modify entity @s data merge value {"locators":{"locator_left_hand":{"posx":1.0262694873732459,"posy":1.3818921344668493,"posz":-0.31944004958054584,"roty":45.99819150005851,"rotx":-27.99661735596161},"locator_right_hand":{"posx":-1.0262694873732459,"posy":1.3818921344668493,"posz":-0.31944004958054595,"roty":314.0018084999415,"rotx":-27.99661735596161}},"cameras":{}}