# This file was generated by Animated Java via MC-Build. It is not recommended to edit this file directly.
$data merge entity $(bone_body) { transformation: [-1f,5.195751127878408e-17f,1.1089641494806584e-16f,0.023437500000000007f,0f,0.9055379479640681f,-0.42426527644508544f,0.9806690953473604f,-1.2246467991473532e-16f,-0.42426527644508544f,-0.9055379479640681f,-0.06026695585193197f,0f,0f,0f,1f], start_interpolation: 0, interpolation_duration: 1 }
$data merge entity $(bone_left_hand) { transformation: [-0.31606367634856486f,-0.8316010604222988f,0.7385509402184374f,0.5162959080763656f,-1.0180172905107996f,-0.09292638435903822f,-0.5402957947374816f,1.3329881886719024f,0.4479493400085329f,-0.7979463803379676f,-0.7067793328836487f,-0.8325694164937956f,0f,0f,0f,1f], start_interpolation: 0, interpolation_duration: 1 }
$data merge entity $(bone_left_arm) { transformation: [-0.31606367634856486f,-0.09043789878891942f,-1.1085300182925473f,0.4146412037037038f,-1.0180172905107996f,0.4876669945807396f,0.2504710784055507f,1.370703850410849f,0.4479493400085329f,1.0444692199194932f,-0.21293073974108534f,-0.25898396840493326f,0f,0f,0f,1f], start_interpolation: 0, interpolation_duration: 1 }
$data merge entity $(bone_right_hand) { transformation: [-0.31606367634856475f,0.831601060422299f,-0.7385509402184371f,-0.5162959080763654f,1.0180172905107996f,-0.09292638435903822f,-0.5402957947374816f,1.3329881886719024f,-0.44794934000853304f,-0.7979463803379676f,-0.7067793328836491f,-0.8325694164937958f,0f,0f,0f,1f], start_interpolation: 0, interpolation_duration: 1 }
$data merge entity $(bone_right_arm) { transformation: [-0.31606367634856475f,0.09043789878891917f,1.1085300182925473f,-0.41464120370370366f,1.0180172905107996f,0.4876669945807396f,0.2504710784055507f,1.370703850410849f,-0.44794934000853304f,1.0444692199194934f,-0.21293073974108506f,-0.2589839684049334f,0f,0f,0f,1f], start_interpolation: 0, interpolation_duration: 1 }
$data merge entity $(bone_head) { transformation: [-1f,9.147596272383272e-17f,8.142325263932008e-17f,-0.007812499999999962f,0f,0.6648713138842164f,-0.7469579211534447f,1.5466303128249028f,-1.2246467991473532e-16f,-0.7469579211534447f,-0.6648713138842164f,-0.32543275363011037f,0f,0f,0f,1f], start_interpolation: 0, interpolation_duration: 1 }
$data merge entity $(bone_bottom) { transformation: [-1f,-2.5212544677671115e-17f,1.1984125090091062e-16f,0.0078125f,0f,0.9785780764245559f,0.2058760509170895f,0.875f,-1.2246467991473532e-16f,0.2058760509170895f,-0.9785780764245559f,9.567553118338695e-19f,0f,0f,0f,1f], start_interpolation: 0, interpolation_duration: 1 }
data modify entity @s data merge value {"locators":{"locator_left_hand":{"posx":1.0669725989214456,"posy":1.4098776485717526,"posz":-0.3159163128346377,"roty":46.25928717709775,"rotx":-27.85806447880734},"locator_right_hand":{"posx":-1.0669725989214454,"posy":1.4098776485717526,"posz":-0.31591631283463795,"roty":313.7407128229023,"rotx":-27.858064478807346}},"cameras":{}}