execute if entity @s[tag=aj.grey_guardian.bone.head] run data modify entity @s {} merge value {transformation:[-0.9845141586008666f,-0.14327380236456402f,0.10101727114918327f,-0.04238833345063321f,-0.08076343711657574f,0.8821350165918015f,0.4640205595959078f,1.0724718631471033f,-0.15559286210988174f,0.4486763087779233f,-0.8800456983599618f,-0.1599662755565889f,0f,0f,0f,1f],start_interpolation:0}
execute if entity @s[tag=aj.grey_guardian.bone.sword] run data modify entity @s {} merge value {transformation:[-0.6555096288593163f,-0.04858407478495605f,-0.753622394936623f,-0.0903675064373185f,0.71067795272274f,0.29784621706092895f,-0.6373574181699846f,1.0445211028175603f,0.2554289998933878f,-0.953376745394906f,-0.16071343239965968f,0.5391821052443875f,0f,0f,0f,1f],start_interpolation:0}
execute if entity @s[tag=aj.grey_guardian.bone.axe] run data modify entity @s {} merge value {transformation:[-0.000006816502226464501f,-0.000006184449534036353f,-0.000003909972040508993f,-0.067839216254448f,0.000004001458018655403f,0.000001322951825190016f,-0.000009068524256634305f,1.028271660222761f,0.000006125653526077271f,-0.000007746120476030819f,0.0000015728911117026412f,0.5954727281292291f,0f,0f,0f,1f],start_interpolation:0}
execute if entity @s[tag=aj.grey_guardian.bone.left_arm_2] run data modify entity @s {} merge value {transformation:[-0.68165022264645f,-0.6184449534036353f,-0.39099720405089927f,-0.5707321435231674f,0.4001458018655403f,0.1322951825190016f,-0.9068524256634305f,0.7195744770821421f,0.612565352607727f,-0.7746120476030818f,0.15728911117026412f,0.3129037855311073f,0f,0f,0f,1f],start_interpolation:0}
execute if entity @s[tag=aj.grey_guardian.bone.left_arm] run data modify entity @s {} merge value {transformation:[-0.8743985288276234f,-0.48480404127587556f,-0.019805412054964625f,-0.5922378010668926f,-0.19021074532925333f,0.38004598966867437f,-0.9051988279367399f,0.8135985962244647f,0.4463710173671425f,-0.7877373212558464f,-0.42452659228284545f,-0.14421621016271735f,0f,0f,0f,1f],start_interpolation:0}
execute if entity @s[tag=aj.grey_guardian.bone.left_shoulder] run data modify entity @s {} merge value {transformation:[-0.9569108457560115f,-0.0668423116918669f,-0.2825840381943077f,-0.47189288349019304f,-0.03750870870153221f,0.9934458778242771f,-0.10797399967351096f,1.0362004759979877f,0.2879491796238674f,-0.09272212897490567f,-0.9531463039598395f,-0.23896125895931758f,0f,0f,0f,1f],start_interpolation:0}
execute if entity @s[tag=aj.grey_guardian.bone.right_arm_2] run data modify entity @s {} merge value {transformation:[-0.8998518895697316f,-0.30762358143950774f,-0.3092479732837609f,0.9587579317108398f,-0.19087197020170954f,0.9151832194749114f,-0.3549754439152851f,0.6735954653793087f,0.3922173731862232f,-0.2603985540164665f,-0.8822460684168744f,-0.3697242613171323f,0f,0f,0f,1f],start_interpolation:0}
execute if entity @s[tag=aj.grey_guardian.bone.right_arm] run data modify entity @s {} merge value {transformation:[-0.7459636867345533f,-0.4285759143194734f,-0.5097654987723476f,0.636231796793008f,-0.3707708983092321f,0.9030913420764912f,-0.21669095235714605f,0.9690001857147441f,0.5532333314618328f,0.027362630204519067f,-0.8325768237393666f,-0.3242015362393455f,0f,0f,0f,1f],start_interpolation:0}
execute if entity @s[tag=aj.grey_guardian.bone.right_shoulder] run data modify entity @s {} merge value {transformation:[-0.6829351554500236f,-0.3951271548555281f,-0.6143892129149301f,0.39203949520441256f,-0.34690963231533783f,0.9156135544150036f,-0.2032376096552027f,1.0968442671247247f,0.6428477894939744f,0.07433942740766122f,-0.7623781011252958f,-0.21200882591316633f,0f,0f,0f,1f],start_interpolation:0}
execute if entity @s[tag=aj.grey_guardian.bone.upper_body] run data modify entity @s {} merge value {transformation:[-0.9970626804442188f,-0.0668423116918669f,0.03739139784866238f,-0.0021306249999999798f,-0.06998888156557698f,0.9934458778242771f,-0.09037059417283577f,0.4699884256581095f,-0.031105750635361272f,-0.09272212897490567f,-0.995206028456305f,-0.16327568756525884f,0f,0f,0f,1f],start_interpolation:0}
execute if entity @s[tag=aj.grey_guardian.bone.body] run data modify entity @s {} merge value {transformation:[-1f,1.170508856220174e-16f,3.600955431159876e-17f,-6.5972488474317385e-18f,0f,0.29404032523230383f,-0.9557930147983302f,0.385416875f,-1.2246467991473532e-16f,-0.9557930147983302f,-0.29404032523230383f,0.053870625f,0f,0f,0f,1f],start_interpolation:0}