execute if entity @s[tag=aj.grey_guardian.bone.head] run data modify entity @s {} merge value {transformation:[-0.9845141586008666f,-0.1432738023645641f,0.10101727114918321f,-0.04238833345063327f,-0.08076343711657587f,0.8821350165918014f,0.46402055959590793f,1.0724718631471033f,-0.15559286210988177f,0.4486763087779234f,-0.8800456983599618f,-0.1599662755565889f,0f,0f,0f,1f],start_interpolation:0}
execute if entity @s[tag=aj.grey_guardian.bone.sword] run data modify entity @s {} merge value {transformation:[-0.6555096288593164f,-0.04858407478495613f,-0.7536223949366228f,-0.0903675064373185f,0.7106779527227399f,0.297846217060929f,-0.6373574181699848f,1.0445211028175603f,0.2554289998933877f,-0.9533767453949059f,-0.1607134323996598f,0.5391821052443875f,0f,0f,0f,1f],start_interpolation:0}
execute if entity @s[tag=aj.grey_guardian.bone.axe] run data modify entity @s {} merge value {transformation:[-0.000006816502226464501f,-0.000006184449534036353f,-0.000003909972040508991f,-0.067839216254448f,0.0000040014580186554024f,0.0000013229518251900152f,-0.000009068524256634307f,1.028271660222761f,0.0000061256535260772696f,-0.000007746120476030819f,0.0000015728911117026412f,0.5954727281292291f,0f,0f,0f,1f],start_interpolation:0}
execute if entity @s[tag=aj.grey_guardian.bone.left_arm_2] run data modify entity @s {} merge value {transformation:[-0.68165022264645f,-0.6184449534036353f,-0.390997204050899f,-0.5707321435231673f,0.4001458018655402f,0.13229518251900152f,-0.9068524256634306f,0.719574477082142f,0.6125653526077269f,-0.7746120476030818f,0.15728911117026412f,0.3129037855311073f,0f,0f,0f,1f],start_interpolation:0}
execute if entity @s[tag=aj.grey_guardian.bone.left_arm] run data modify entity @s {} merge value {transformation:[-0.8743985288276233f,-0.48480404127587556f,-0.01980541205496454f,-0.5922378010668925f,-0.19021074532925342f,0.3800459896686743f,-0.9051988279367399f,0.8135985962244645f,0.44637101736714246f,-0.7877373212558464f,-0.42452659228284545f,-0.14421621016271735f,0f,0f,0f,1f],start_interpolation:0}
execute if entity @s[tag=aj.grey_guardian.bone.left_shoulder] run data modify entity @s {} merge value {transformation:[-0.9569108457560115f,-0.066842311691867f,-0.28258403819430766f,-0.47189288349019304f,-0.03750870870153232f,0.9934458778242771f,-0.10797399967351098f,1.0362004759979875f,0.2879491796238674f,-0.09272212897490567f,-0.9531463039598395f,-0.23896125895931758f,0f,0f,0f,1f],start_interpolation:0}
execute if entity @s[tag=aj.grey_guardian.bone.right_arm_2] run data modify entity @s {} merge value {transformation:[-0.9886025117244678f,-0.09032698116048223f,0.12044131469934594f,0.9195203239375571f,-0.1498092305502103f,0.5110050765015878f,-0.8464224750274301f,0.7779562266350097f,0.014908663723720392f,-0.854818605473723f,-0.5187127176789988f,-0.04383877911446571f,0f,0f,0f,1f],start_interpolation:0}
execute if entity @s[tag=aj.grey_guardian.bone.right_arm] run data modify entity @s {} merge value {transformation:[-0.9402989753508342f,-0.3329339641009384f,-0.0706598365566039f,0.6329279463381953f,-0.166949935460063f,0.6321070721729714f,-0.756682475255503f,0.9613711425861756f,0.29658987845854057f,-0.6997111009959389f,-0.6499529360953755f,-0.3223763038908799f,0f,0f,0f,1f],start_interpolation:0}
execute if entity @s[tag=aj.grey_guardian.bone.right_shoulder] run data modify entity @s {} merge value {transformation:[-0.6984048297508589f,-0.3666254407745864f,-0.6146677801524281f,0.39203949520441256f,-0.32523687874537205f,0.9276103159798119f,-0.18373914768443309f,1.096844267124725f,0.6375356197771556f,0.07158832212500794f,-0.7670876388331939f,-0.21200882591316628f,0f,0f,0f,1f],start_interpolation:0}
execute if entity @s[tag=aj.grey_guardian.bone.upper_body] run data modify entity @s {} merge value {transformation:[-0.9970626804442188f,-0.066842311691867f,0.037391397848662425f,-0.0021306249999999798f,-0.0699888815655771f,0.9934458778242771f,-0.09037059417283577f,0.4699884256581095f,-0.031105750635361314f,-0.09272212897490567f,-0.995206028456305f,-0.16327568756525884f,0f,0f,0f,1f],start_interpolation:0}
execute if entity @s[tag=aj.grey_guardian.bone.body] run data modify entity @s {} merge value {transformation:[-1f,1.170508856220174e-16f,3.600955431159876e-17f,-6.5972488474317385e-18f,0f,0.29404032523230383f,-0.9557930147983302f,0.385416875f,-1.2246467991473532e-16f,-0.9557930147983302f,-0.29404032523230383f,0.053870625f,0f,0f,0f,1f],start_interpolation:0}