execute if entity @s[tag=aj.grey_guardian.bone.head] run data modify entity @s {} merge value {transformation:[-0.981607012507971f,0.11442202137872633f,-0.15282432404163443f,0.11349000309725187f,0.08892184837907041f,0.9823823709712047f,0.1643708675095561f,1.200080426028283f,0.16893956871031063f,0.14775817482833478f,-0.9744880419458075f,0.1758770313220263f,0f,0f,0f,1f],start_interpolation:0}
execute if entity @s[tag=aj.grey_guardian.bone.sword] run data modify entity @s {} merge value {transformation:[-0.20271207406170189f,-0.18915989630848523f,-0.9607946443742107f,0.08901942390364181f,0.7208933266841597f,0.6352140569380246f,-0.2771568390110216f,0.5130232778008212f,0.6627372228657811f,-0.7488134851195587f,0.007598547969999703f,1.244518262211082f,0f,0f,0f,1f],start_interpolation:0}
execute if entity @s[tag=aj.grey_guardian.bone.axe] run data modify entity @s {} merge value {transformation:[-0.000004896931667207276f,-0.000002079025323131112f,-0.000008467450262769906f,0.0827308085090141f,0.0000036622972758944397f,0.00000832282461378436f,-0.000004161510436267271f,0.46181970993338084f,0.000007912498904245026f,-0.000005138895226988467f,-0.0000033142294634434165f,1.280279280401727f,0f,0f,0f,1f],start_interpolation:0}
execute if entity @s[tag=aj.grey_guardian.bone.left_arm_2] run data modify entity @s {} merge value {transformation:[-0.4896931667207276f,-0.2079025323131112f,-0.8467450262769906f,-0.4074611584513409f,0.36622972758944394f,0.8322824613784359f,-0.4161510436267271f,0.7059332052321665f,0.7912498904245024f,-0.5138895226988466f,-0.3314229463443416f,0.9222836219958979f,0f,0f,0f,1f],start_interpolation:0}
execute if entity @s[tag=aj.grey_guardian.bone.left_arm] run data modify entity @s {} merge value {transformation:[-0.9049052352519948f,-0.20151091395939333f,-0.3748864718401849f,-0.34651929919430324f,0.041041052480841826f,0.8353971860437255f,-0.5481123731147564f,0.9770270574678326f,0.4236297289199573f,-0.5113754913030886f,-0.747685067170482f,0.5467094857453804f,0f,0f,0f,1f],start_interpolation:0}
execute if entity @s[tag=aj.grey_guardian.bone.left_shoulder] run data modify entity @s {} merge value {transformation:[-0.9061242860823885f,0.11210403015304535f,-0.40788658300454905f,-0.19816988498108895f,0.04634680392499184f,0.9847497542191239f,0.16768987844027258f,1.1939485617243015f,0.4204649235520367f,0.13304363189878782f,-0.8975013315163158f,0.48387133944533683f,0f,0f,0f,1f],start_interpolation:0}
execute if entity @s[tag=aj.grey_guardian.bone.right_arm_2] run data modify entity @s {} merge value {transformation:[-0.2948695318615875f,0.0002571423901591534f,-0.9555374890905745f,0.4276201368937115f,0.0007121059854636024f,0.9999997452343661f,0.000049358572130425715f,0.6401651034788414f,0.9555372583446412f,-0.0006658896262587291f,-0.29486963985159953f,-0.6150504476658255f,0f,0f,0f,1f],start_interpolation:0}
execute if entity @s[tag=aj.grey_guardian.bone.right_arm] run data modify entity @s {} merge value {transformation:[-0.1263558602555017f,0.007814327072461574f,-0.9919541989787114f,0.34905446666580736f,-0.09232732632239331f,0.9955357235360867f,0.019603264463830747f,1.031400550456492f,0.9876790275151388f,0.09406146637111924f,-0.12507029683687657f,-0.4303300224556227f,0f,0f,0f,1f],start_interpolation:0}
execute if entity @s[tag=aj.grey_guardian.bone.right_shoulder] run data modify entity @s {} merge value {transformation:[-0.07709019342322304f,0.1119533618450529f,-0.9907187021801702f,0.32074222900078697f,-0.13277617847197287f,0.983672189625716f,0.12148872288129611f,1.2285094424767187f,0.9881435060295386f,0.14090943236185513f,-0.06096673981041578f,-0.20917917926937268f,0f,0f,0f,1f],start_interpolation:0}
execute if entity @s[tag=aj.grey_guardian.bone.upper_body] run data modify entity @s {} merge value {transformation:[-0.5988754629887977f,0.11210403015304535f,-0.7929570393491683f,-0.002130625000000008f,-0.0398866453571119f,0.9847497542191239f,0.16934277985060664f,0.6182736700078424f,0.7998482577039906f,0.13304363189878782f,-0.5852710112922651f,0.06295804818162486f,0f,0f,0f,1f],start_interpolation:0}
execute if entity @s[tag=aj.grey_guardian.bone.body] run data modify entity @s {} merge value {transformation:[-1f,4.155280934073553e-18f,1.223941643501744e-16f,-6.5972488474317385e-18f,0f,0.9994241967185149f,-0.03393044375706221f,0.385416875f,-1.2246467991473532e-16f,-0.03393044375706221f,-0.9994241967185149f,0.053870625f,0f,0f,0f,1f],start_interpolation:0}