execute if entity @s[tag=aj.heiloang_aj.bone.head_lower] run data modify entity @s {} merge value {transformation:[-0.7656627571422077f,0.1054234055604977f,-0.20651016412133255f,-0.5236684383788307f,0.02115866193006518f,0.7413198803032202f,0.29999524344987305f,0.16611426124566964f,0.23089576295532596f,0.28165713310201484f,-0.7122895520938319f,2.678640213661344f,0f,0f,0f,1f],start_interpolation:0}
execute if entity @s[tag=aj.heiloang_aj.bone.horne_right] run data modify entity @s {} merge value {transformation:[-0.6292537270138338f,-0.44661429622623416f,-0.21112891191294803f,-0.8524641287160697f,-0.49399878253251756f,0.5704238521502076f,0.26567241436496314f,0.6766355832877732f,0.002224836081666598f,0.3393409779329099f,-0.7244603169256035f,2.7198511783708885f,0f,0f,0f,1f],start_interpolation:0}
execute if entity @s[tag=aj.heiloang_aj.bone.horne_left] run data modify entity @s {} merge value {transformation:[-0.49975786994717375f,0.5879342258963315f,-0.21112891191294803f,-0.20149765259376484f,0.525198386369046f,0.5418346825378031f,0.26567241436496314f,0.6586464889148318f,0.33824359030322226f,0.02735914506778009f,-0.7244603169256035f,2.52354360070627f,0f,0f,0f,1f],start_interpolation:0}
execute if entity @s[tag=aj.heiloang_aj.bone.head_upper] run data modify entity @s {} merge value {transformation:[-1.1215236650929774f,0.14038265497087116f,-0.30925635194728845f,-0.5687410074850041f,0.030992679028611227f,1.104881713980591f,0.3891503107514389f,0.3635131121753335f,0.3382103411828876f,0.3642680615901443f,-1.061171360724701f,2.5133176343427053f,0f,0f,0f,1f],start_interpolation:0}
execute if entity @s[tag=aj.heiloang_aj.bone.neck_0] run data modify entity @s {} merge value {transformation:[-0.9879836821377372f,-0.05252999225836671f,-0.14535764081359676f,-0.6266864171483697f,-0.15384029253804027f,0.424770206808532f,0.8921342027966687f,0.7174093035698592f,0.014879792383258608f,0.9037758966254702f,-0.4277472623611496f,2.27070668272613f,0f,0f,0f,1f],start_interpolation:0}
execute if entity @s[tag=aj.heiloang_aj.bone.neck_1] run data modify entity @s {} merge value {transformation:[-0.9878907102674608f,-0.10786790155427282f,-0.11151887903637413f,-0.6686665848607645f,-0.15461650110294634f,0.7440878260185694f,0.6499438781599856f,0.9635152288136165f,0.012871757997039796f,0.6593161783129828f,-0.7517556084664938f,2.005025752627984f,0f,0f,0f,1f],start_interpolation:0}
execute if entity @s[tag=aj.heiloang_aj.bone.neck_2] run data modify entity @s {} merge value {transformation:[-0.9933134220515116f,-0.09436906625483203f,0.0665050742914135f,-0.6382498076529418f,-0.058061471277296516f,0.9062472239699804f,0.41874196660929525f,1.104741373518936f,-0.09978632734714205f,0.4120806333484934f,-0.905666738096124f,1.620071302236619f,0f,0f,0f,1f],start_interpolation:0}
execute if entity @s[tag=aj.heiloang_aj.bone.neck_3] run data modify entity @s {} merge value {transformation:[-0.965624311653256f,0.016961301760384864f,0.2593877464082848f,-0.5044273880104093f,0.015171179396927498f,0.9998452846649399f,-0.008901800323054862f,1.0759221884769876f,-0.2594986012676788f,-0.004660576775299786f,-0.9657322377161485f,1.1204177309108472f,0f,0f,0f,1f],start_interpolation:0}
execute if entity @s[tag=aj.heiloang_aj.bone.wing_right_2] run data modify entity @s {} merge value {transformation:[-2.0204726039526855f,1.031694008994948f,-0.6219919089518718f,-3.7364134236350752f,1.0885238099327255f,2.0838355936412043f,-0.07950559857368977f,3.436400984641168f,0.5161224449752257f,-0.3561077039309161f,-2.2672408189945004f,1.3475638422358247f,0f,0f,0f,1f],start_interpolation:0}
execute if entity @s[tag=aj.heiloang_aj.bone.wing_right_1] run data modify entity @s {} merge value {transformation:[-1.5676022749313865f,2.819166485729049f,-0.884388040552373f,-2.6966206821631236f,2.936470718784955f,1.5973662870459866f,-0.11304616591237641f,1.5155606031703281f,0.32708041556857537f,-0.8294215114470093f,-3.2237085989587277f,1.1824646527331115f,0f,0f,0f,1f],start_interpolation:0}
execute if entity @s[tag=aj.heiloang_aj.bone.wing_right_0] run data modify entity @s {} merge value {transformation:[-2.1249535586805184f,0.261550491264059f,-0.586995497402262f,-0.7248512441001639f,0.29145359111333125f,2.199505619789257f,-0.07503221136697899f,1.243870541767399f,0.572736569181803f,-0.148883743353683f,-2.139674380200607f,0.6325956753167696f,0f,0f,0f,1f],start_interpolation:0}
execute if entity @s[tag=aj.heiloang_aj.bone.wing_left_2] run data modify entity @s {} merge value {transformation:[-2.008507706294232f,-0.8255872545743707f,0.9043663445540444f,3.002137143726366f,-0.9756958828509843f,2.1287542374287614f,-0.2236044434659983f,3.2071295095208345f,-0.7399259045778367f,-0.5660274622617293f,-2.1600228179399457f,1.853643387311177f,0f,0f,0f,1f],start_interpolation:0}
execute if entity @s[tag=aj.heiloang_aj.bone.wing_left_1] run data modify entity @s {} merge value {transformation:[-1.7538294704982333f,-2.5412197421139737f,1.2858861472160257f,1.834309616112967f,-2.8133604195835575f,1.7807692601695904f,-0.31793515762758856f,1.370008888037672f,-0.44306219747628667f,-1.2483115946049839f,-3.071259159504818f,1.6102894340847187f,0f,0f,0f,1f],start_interpolation:0}
execute if entity @s[tag=aj.heiloang_aj.bone.wing_left_0] run data modify entity @s {} merge value {transformation:[-2.048697174865499f,-0.052992063443841525f,0.853482118682099f,-0.06439559771946554f,-0.14495170403619584f,2.2051889169150205f,-0.2110233262276018f,1.233493948123231f,-0.8427507871222212f,-0.25046692781108176f,-2.038489006317609f,0.8100842848793208f,0f,0f,0f,1f],start_interpolation:0}
execute if entity @s[tag=aj.heiloang_aj.bone.kazari_right] run data modify entity @s {} merge value {transformation:[-2.5377500112735847f,0.6310718651663512f,-0.2616168378232443f,-1.8965057187283065f,0.03987126278921968f,-0.8679071418873437f,-2.4803261204972196f,2.462971317168662f,-0.6819863277520772f,-2.399032238760591f,0.8284981319851187f,-3.3951134443831217f,0f,0f,0f,1f],start_interpolation:0}
execute if entity @s[tag=aj.heiloang_aj.bone.kazari_left] run data modify entity @s {} merge value {transformation:[-2.5377500112735847f,0.6310718651663512f,-0.2616168378232443f,3.003152909636415f,0.03987126278921968f,-0.8679071418873437f,-2.4803261204972196f,2.3859914823223773f,-0.6819863277520772f,-2.399032238760591f,0.8284981319851187f,-2.078395808543063f,0f,0f,0f,1f],start_interpolation:0}
execute if entity @s[tag=aj.heiloang_aj.bone.ring] run data modify entity @s {} merge value {transformation:[-2.127208397678792f,-0.5678434911769631f,-0.07392217635333087f,-0.24590645320023488f,0.03342113472741998f,-0.4070081683751832f,2.164752564246879f,2.9127754081656856f,-0.5716587674324485f,2.0892162181516456f,0.40163183789856205f,0.26582017655427437f,0f,0f,0f,1f],start_interpolation:0}
execute if entity @s[tag=aj.heiloang_aj.bone.body_0] run data modify entity @s {} merge value {transformation:[-1.0897669848767146f,0.025837661534705403f,0.2922203104796213f,-0.227031929896931f,0.017121617826820243f,1.1278618593013188f,-0.03587272604693471f,1.1599267084713778f,-0.2928602820687376f,-0.030206249642484997f,-1.0894828193261374f,0.09310833752190012f,0f,0f,0f,1f],start_interpolation:0}
execute if entity @s[tag=aj.heiloang_aj.bone.leg_right_3] run data modify entity @s {} merge value {transformation:[-0.9841080770198806f,-0.05221042255636232f,0.16972143211957352f,-0.5597648419375125f,0.11745916816406916f,0.5254118874170899f,0.8427014254022691f,-0.215662443534677f,-0.13317145549417786f,0.849244617490919f,-0.5109294893664534f,-1.4662314735441513f,0f,0f,0f,1f],start_interpolation:0}
execute if entity @s[tag=aj.heiloang_aj.bone.leg_right_2] run data modify entity @s {} merge value {transformation:[-0.9841080770198806f,0.03235855082644624f,0.17459729932804002f,-0.5483219410162732f,0.11745916816406916f,0.8560315938684881f,0.5034016826682055f,0.28121336347840403f,-0.13317145549417786f,0.5159097154419443f,-0.8462284141732505f,-1.1125403046920062f,0f,0f,0f,1f],start_interpolation:0}
execute if entity @s[tag=aj.heiloang_aj.bone.leg_right_1] run data modify entity @s {} merge value {transformation:[-0.9799256324904605f,-0.07266000088997518f,0.18565096029603484f,-0.6847773639830765f,0.004681951453179086f,0.922574816166462f,0.3857898234868422f,0.07824897045531964f,-0.19930838948413873f,0.378914545572069f,-0.9037145196549359f,-0.4464072956085842f,0f,0f,0f,1f],start_interpolation:0}
execute if entity @s[tag=aj.heiloang_aj.bone.leg_right_0] run data modify entity @s {} merge value {transformation:[-0.832789853873545f,0.5279901793705211f,0.16639540190030655f,-0.25778159406315015f,0.4878108155103076f,0.8420096290395495f,-0.2303484162651198f,0.6602336221682347f,-0.2617282322494999f,-0.11066234722327782f,-0.9587763959081317f,-0.5824404318265283f,0f,0f,0f,1f],start_interpolation:0}
execute if entity @s[tag=aj.heiloang_aj.bone.leg_left_3] run data modify entity @s {} merge value {transformation:[-0.8483992739866717f,-0.44936165530104955f,0.2798084606368958f,0.9182920943058999f,-0.16332925538990084f,0.7250024523736399f,0.6691001407756454f,-0.45093210473726303f,-0.5035297669777519f,0.5219631661308188f,-0.6884854587934464f,-0.4934666753649938f,0f,0f,0f,1f],start_interpolation:0}
execute if entity @s[tag=aj.heiloang_aj.bone.leg_left_2] run data modify entity @s {} merge value {transformation:[-0.8483992739866717f,-0.26820790528974664f,0.456380533588994f,0.7336413444338015f,-0.16332925538990084f,0.9527071413332441f,0.25626676957112204f,0.11639946705109112f,-0.5035297669777519f,0.14287624852551364f,-0.852082244489701f,-0.36637246336374685f,0f,0f,0f,1f],start_interpolation:0}
execute if entity @s[tag=aj.heiloang_aj.bone.leg_left_1] run data modify entity @s {} merge value {transformation:[-0.8762348212034624f,-0.09497255656058712f,0.4724328011589398f,0.3931493502406255f,-0.0376268687820969f,0.9908773920113828f,0.12940715879106235f,0.09947369836407682f,-0.4804131106206316f,0.09561489162816866f,-0.8718147943472526f,0.2559831691547678f,0f,0f,0f,1f],start_interpolation:0}
execute if entity @s[tag=aj.heiloang_aj.bone.leg_left_0] run data modify entity @s {} merge value {transformation:[-0.901119557243865f,-0.022487403448757888f,0.4329871363432791f,0.37338529793723185f,-0.26041886143601056f,0.8265173648523619f,-0.4990501600098727f,0.6602336221682347f,-0.34664904465610824f,-0.562461876293532f,-0.7506471058729042f,-0.2180360568265283f,0f,0f,0f,1f],start_interpolation:0}
execute if entity @s[tag=aj.heiloang_aj.bone.tail_4] run data modify entity @s {} merge value {transformation:[-0.8189195224008605f,0.6774604580560638f,-1.1641617187010096f,-0.3649741366744813f,-0.7284002888412099f,0.9232904335256156f,1.049677168592228f,0.030977821458653687f,1.1329864071269626f,1.0832527252761577f,-0.16661241890984155f,-3.7462279234355726f,0f,0f,0f,1f],start_interpolation:0}
execute if entity @s[tag=aj.heiloang_aj.bone.tail_3] run data modify entity @s {} merge value {transformation:[-0.7990530031932275f,0.16346781884899236f,-0.5786126254141339f,0.4039709768469756f,-0.10564411815431243f,0.9091910118849661f,0.4027542975648914f,-0.5309606868734597f,0.5919067649446843f,0.38294905158303294f,-0.709222394954061f,-2.8084748228568785f,0f,0f,0f,1f],start_interpolation:0}
execute if entity @s[tag=aj.heiloang_aj.bone.tail_2] run data modify entity @s {} merge value {transformation:[-0.9806709527738021f,0.11820195180400485f,-0.15592556228998122f,0.52822024177949f,0.10888179346828235f,0.9917909997643728f,0.06704750433473372f,-0.565338861201861f,0.16257071518835567f,0.04877408508736536f,-0.9854906651952808f,-2.0359445294744276f,0f,0f,0f,1f],start_interpolation:0}
execute if entity @s[tag=aj.heiloang_aj.bone.tail_1] run data modify entity @s {} merge value {transformation:[-0.983534718996157f,0.16573649481992236f,0.07204769818638426f,0.47471508355938213f,0.12494449222457765f,0.9116537404636309f,-0.39150521243198433f,-0.2439864734644388f,-0.13056925515561804f,-0.3760570060289752f,-0.9173509676370493f,-1.3253990679468053f,0f,0f,0f,1f],start_interpolation:0}
execute if entity @s[tag=aj.heiloang_aj.bone.tail_ring] run data modify entity @s {} merge value {transformation:[-0.8877511687190226f,0.3672762266183952f,0.2774996140519165f,0.5259849315143175f,0.0650399325180527f,0.6968659944961494f,-0.7142461710733491f,-0.32501570627466414f,-0.45570568310704285f,-0.6160243169517303f,-0.6425312220492461f,-1.4368416177297052f,0f,0f,0f,1f],start_interpolation:0}
execute if entity @s[tag=aj.heiloang_aj.bone.tail_0] run data modify entity @s {} merge value {transformation:[-0.8877511687190226f,0.3672762266183952f,0.2774996140519165f,0.1300466552094694f,0.0650399325180527f,0.6968659944961494f,-0.7142461710733491f,0.6569682118695636f,-0.45570568310704285f,-0.6160243169517303f,-0.6425312220492461f,-0.5253699141771928f,0f,0f,0f,1f],start_interpolation:0}
execute if entity @s[tag=aj.heiloang_aj.bone.body_1] run data modify entity @s {} merge value {transformation:[-0.8660254037844386f,0.24999999999999997f,0.43301270189221935f,-0.0018960387843347866f,0f,0.8660254037844387f,-0.49999999999999994f,0.8939334375f,-0.5f,-0.43301270189221924f,-0.75f,-0.290739714492411f,0f,0f,0f,1f],start_interpolation:0}