execute if entity @s[tag=aj.heiloang_aj.bone.head_lower] run data modify entity @s {} merge value {transformation:[-0.793531701336311f,0.026976385476657892f,-0.09787601136598381f,-0.6195428231073135f,-0.048765313252278016f,0.5751727820306358f,0.5538936856785297f,1.5898423439909057f,0.08904708416173235f,0.5553814413875866f,-0.5688779054986579f,2.879934019957431f,0f,0f,0f,1f],start_interpolation:0}
execute if entity @s[tag=aj.heiloang_aj.bone.horne_right] run data modify entity @s {} merge value {transformation:[-0.576898754536467f,-0.5450009781551671f,-0.10080555949045744f,-0.9913290604982968f,-0.5372475908474968f,0.5141210689853826f,0.29503313806060505f,2.071688344843491f,-0.13620885853289327f,0.28045224234303856f,-0.7367453336275214f,2.885966847261076f,0f,0f,0f,1f],start_interpolation:0}
execute if entity @s[tag=aj.heiloang_aj.bone.horne_left] run data modify entity @s {} merge value {transformation:[-0.5932071243348176f,0.5272035155556457f,-0.10080555949045744f,-0.3166684080221652f,0.4653404702807949f,0.5800118051944809f,0.29503313806060505f,2.1131486141705778f,0.26751365265583127f,0.1601335661902507f,-0.7367453336275214f,2.8102590163067713f,0f,0f,0f,1f],start_interpolation:0}
execute if entity @s[tag=aj.heiloang_aj.bone.head_upper] run data modify entity @s {} merge value {transformation:[-1.162345397824895f,-0.017679424673491435f,-0.1476574634026348f,-0.6507562915994006f,-0.07143021171910553f,1.0868762681020485f,0.4321571648027228f,1.7935347562377804f,0.13043394270300152f,0.43766371585930924f,-1.0791661460642528f,2.7191095235506557f,0f,0f,0f,1f],start_interpolation:0}
execute if entity @s[tag=aj.heiloang_aj.bone.neck_0] run data modify entity @s {} merge value {transformation:[-0.9811523190722893f,-0.1686507348560909f,-0.09432420904290095f,-0.6792168077940978f,-0.18759324051395754f,0.7142161681717865f,0.6743174632437475f,2.0351757848250265f,-0.04635626055389777f,0.6793027268858198f,-0.732392587587387f,2.3609756506062842f,0f,0f,0f,1f],start_interpolation:0}
execute if entity @s[tag=aj.heiloang_aj.bone.neck_1] run data modify entity @s {} merge value {transformation:[-0.9874792874509312f,-0.15528079468171238f,-0.027794453734814317f,-0.6912827799077174f,-0.1568782856616115f,0.9481832649789325f,0.276292778591416f,2.1476849257937767f,-0.016548726333911357f,0.277193742384108f,-0.9606715197401337f,2.0144025370292358f,0f,0f,0f,1f],start_interpolation:0}
execute if entity @s[tag=aj.heiloang_aj.bone.neck_2] run data modify entity @s {} merge value {transformation:[-0.9819727440773007f,-0.11596508910534507f,0.14927031854352457f,-0.6262249226787242f,-0.1024117916138225f,0.9901462809847894f,0.09551003711881406f,2.153638389567358f,-0.1588752807322238f,0.07850121247967831f,-0.9841728531165028f,1.6084567713880298f,0f,0f,0f,1f],start_interpolation:0}
execute if entity @s[tag=aj.heiloang_aj.bone.neck_3] run data modify entity @s {} merge value {transformation:[-0.966272636865358f,-0.014302379166638464f,0.25712377018751426f,-0.4928170216171914f,-0.07229754378194593f,0.9733675577064791f,-0.21755151750245638f,2.0174841671405273f,-0.24716443192410506f,-0.22880349550366952f,-0.9415724635082191f,1.1267337841705172f,0f,0f,0f,1f],start_interpolation:0}
execute if entity @s[tag=aj.heiloang_aj.bone.wing_right_2] run data modify entity @s {} merge value {transformation:[-2.2905162238367525f,-0.33686998367510795f,-0.41668939122608234f,-4.86011330054243f,-0.32752016537728523f,2.32800999046778f,-0.08170698791688057f,2.7287450349050735f,0.42407779467082024f,-0.021543089424357696f,-2.3137134493463525f,1.3149566759532165f,0f,0f,0f,1f],start_interpolation:0}
execute if entity @s[tag=aj.heiloang_aj.bone.wing_right_1] run data modify entity @s {} merge value {transformation:[-3.2044682846497956f,0.7533752633820997f,-0.5924757362943621f,-2.753076109345395f,0.7853583776385757f,3.2491435905813226f,-0.11617624265404675f,2.216324285990911f,0.5493760135339895f,-0.2504204728217325f,-3.289786369271604f,1.0053218754607505f,0f,0f,0f,1f],start_interpolation:0}
execute if entity @s[tag=aj.heiloang_aj.bone.wing_right_0] run data modify entity @s {} merge value {transformation:[-2.182899948939694f,0.0933097184936642f,-0.39324433798048986f,-0.7258561013298447f,0.10861575199414651f,2.2160001594104384f,-0.07710973940855727f,2.1146798220341383f,0.3892947871958042f,-0.09506098004724527f,-2.1835322252567355f,0.6257253255323916f,0f,0f,0f,1f],start_interpolation:0}
execute if entity @s[tag=aj.heiloang_aj.bone.wing_left_2] run data modify entity @s {} merge value {transformation:[-2.112290239271768f,0.6526872827042733f,0.8036200983016398f,3.8327782933276096f,0.6715049919077467f,2.2535304144155566f,-0.0652512334598694f,3.1226968660558923f,-0.7879638299066795f,0.17080980247389038f,-2.2098671952084894f,2.1486631269561527f,0f,0f,0f,1f],start_interpolation:0}
execute if entity @s[tag=aj.heiloang_aj.bone.wing_left_1] run data modify entity @s {} merge value {transformation:[-2.9938344528914462f,-0.958410624052718f,1.142638664356783f,1.8552765604914598f,-1.0514370898986745f,3.1738133197243146f,-0.09277839417628916f,2.435713609420404f,-1.057664449419371f,-0.4422407264639964f,-3.1421310961178905f,1.503996266931709f,0f,0f,0f,1f],start_interpolation:0}
execute if entity @s[tag=aj.heiloang_aj.bone.wing_left_0] run data modify entity @s {} merge value {transformation:[-2.0710234163153647f,-0.2531498109913242f,0.7584043659344873f,-0.06495702157463804f,-0.2914561610010801f,2.1999230045514495f,-0.06157986894947034f,2.1641289923108165f,-0.7445235491829306f,-0.15701575475212118f,-2.0855288867507142f,0.7947777641244418f,0f,0f,0f,1f],start_interpolation:0}
execute if entity @s[tag=aj.heiloang_aj.bone.kazari_right] run data modify entity @s {} merge value {transformation:[-2.539453869901071f,0.6743288379399025f,-0.05766150816051703f,-2.008980594983786f,-0.19000463258175374f,-0.9252488575686516f,-2.4524850620792016f,2.5128801020037175f,-0.6495709898065011f,-2.365600422397404f,0.9427949720439102f,-3.3554257308935274f,0f,0f,0f,1f],start_interpolation:0}
execute if entity @s[tag=aj.heiloang_aj.bone.kazari_left] run data modify entity @s {} merge value {transformation:[-2.539453869901071f,0.6743288379399025f,-0.05766150816051703f,2.893967689804378f,-0.19000463258175374f,-0.9252488575686516f,-2.4524850620792016f,2.879723894072603f,-0.6495709898065011f,-2.365600422397404f,0.9427949720439102f,-2.1012927032894444f,0f,0f,0f,1f],start_interpolation:0}
execute if entity @s[tag=aj.heiloang_aj.bone.ring] run data modify entity @s {} merge value {transformation:[-2.128636616520185f,-0.5443413042554626f,-0.15976540637756728f,-0.3772452779663392f,-0.15926684985923423f,-0.022032167548885373f,2.197060522587633f,4.1523649046284685f,-0.5444873838110884f,2.134510110975956f,-0.0180654586434102f,0.05044442893639356f,0f,0f,0f,1f],start_interpolation:0}
execute if entity @s[tag=aj.heiloang_aj.bone.body_0] run data modify entity @s {} merge value {transformation:[-1.090498660128762f,-0.04268127652580609f,0.28747757621973974f,-0.227031929896931f,-0.08159226663043578f,1.116390902952635f,-0.14375823374117244f,1.9988747510739167f,-0.27894040621816785f,-0.1596935702412636f,-1.0818237330268345f,0.09310833752190012f,0f,0f,0f,1f],start_interpolation:0}
execute if entity @s[tag=aj.heiloang_aj.bone.leg_right_3] run data modify entity @s {} merge value {transformation:[-0.9767436043081672f,-0.07553576554844563f,0.200664594699964f,-0.5784457145309512f,0.13189840576596595f,0.5261717455684232f,0.8400869625948704f,0.3466669690674632f,-0.16904065191393217f,0.8470169079118132f,-0.5039718401974698f,-1.3773893241855077f,0f,0f,0f,1f],start_interpolation:0}
execute if entity @s[tag=aj.heiloang_aj.bone.leg_right_2] run data modify entity @s {} merge value {transformation:[-0.9767436043081672f,0.07325980984537689f,0.20150665424374897f,-0.5433968230481062f,0.13189840576596595f,0.9462501105700561f,0.2953193844002677f,0.9082290709006501f,-0.16904065191393217f,0.3150297263871708f,-0.9339065957005215f,-1.141733788517644f,0f,0f,0f,1f],start_interpolation:0}
execute if entity @s[tag=aj.heiloang_aj.bone.leg_right_1] run data modify entity @s {} merge value {transformation:[-0.9799256324904605f,-0.014011372349079912f,0.19887040059563046f,-0.6847773639830765f,0.004681951453179138f,0.9956347739376773f,0.0932173602751131f,0.9171970130578586f,-0.19930838948413876f,0.09227718228774429f,-0.9755824350152443f,-0.4464072956085842f,0f,0f,0f,1f],start_interpolation:0}
execute if entity @s[tag=aj.heiloang_aj.bone.leg_right_0] run data modify entity @s {} merge value {transformation:[-0.832789853873545f,0.5279901793705211f,0.16639540190030655f,-0.25778159406315015f,0.4878108155103076f,0.8420096290395495f,-0.2303484162651198f,1.4991816647707736f,-0.2617282322494999f,-0.11066234722327782f,-0.9587763959081317f,-0.5824404318265283f,0f,0f,0f,1f],start_interpolation:0}
execute if entity @s[tag=aj.heiloang_aj.bone.leg_left_3] run data modify entity @s {} merge value {transformation:[-0.8726192916904187f,-0.43204538091406197f,0.22775504517032086f,0.8597919826053484f,-0.14883635151256974f,0.6793863898236612f,0.7185275734380686f,0.23862658388274238f,-0.4651701970656961f,0.5931027922318318f,-0.6571497284551413f,-0.45248220150377283f,0f,0f,0f,1f],start_interpolation:0}
execute if entity @s[tag=aj.heiloang_aj.bone.leg_left_2] run data modify entity @s {} merge value {transformation:[-0.8726192916904187f,-0.12676404679322034f,0.4716634904360502f,0.7604441657138963f,-0.14883635151256974f,0.9888151730854984f,-0.009606973733835511f,0.8404617549195911f,-0.4651701970656961f,-0.07858390367309351f,-0.8817262941782781f,-0.4586780616006578f,0f,0f,0f,1f],start_interpolation:0}
execute if entity @s[tag=aj.heiloang_aj.bone.leg_left_1] run data modify entity @s {} merge value {transformation:[-0.8930654863734188f,-0.03995640457371208f,0.44814899618558873f,0.44121772253934444f,-0.020597227248065512f,0.9986353685880367f,0.047991195387566354f,0.8815678414155822f,-0.4494549936070357f,0.033628653535011765f,-0.8926697723027938f,0.17373998108465424f,0f,0f,0f,1f],start_interpolation:0}
execute if entity @s[tag=aj.heiloang_aj.bone.leg_left_0] run data modify entity @s {} merge value {transformation:[-0.901119557243865f,-0.08751610009389686f,0.42464629490550787f,0.37338529793723185f,-0.26041886143601056f,0.8923148471330253f,-0.3687224297413132f,1.4991816647707736f,-0.34664904465610824f,-0.44284889726668697f,-0.8268732031144115f,-0.2180360568265283f,0f,0f,0f,1f],start_interpolation:0}
execute if entity @s[tag=aj.heiloang_aj.bone.tail_4] run data modify entity @s {} merge value {transformation:[-1.0260005107601324f,-0.6344976389596342f,1.0146871743361452f,1.5356881753650033f,-0.2966394704063511f,1.4296737318246466f,0.5940474802701403f,0.043831982009547396f,-1.1593887787125856f,0.1957041909947588f,-1.049938994946897f,-3.854436127223275f,0f,0f,0f,1f],start_interpolation:0}
execute if entity @s[tag=aj.heiloang_aj.bone.tail_3] run data modify entity @s {} merge value {transformation:[-0.9286388939358268f,-0.2531996467779683f,0.27114524436389487f,1.1799598731975482f,-0.2773777808685369f,0.9592285273729787f,-0.054242040469664354f,0.09128084096553452f,-0.24635618796792996f,-0.12558093464128586f,-0.961008874831305f,-2.566943085214568f,0f,0f,0f,1f],start_interpolation:0}
execute if entity @s[tag=aj.heiloang_aj.bone.tail_2] run data modify entity @s {} merge value {transformation:[-0.976222004284612f,-0.17929796932899664f,0.12183118051235056f,1.081290284956737f,-0.2095241088793886f,0.9245799822752515f,-0.3182004151068847f,0.35732384227039404f,-0.05558998245037379f,-0.33616081653041274f,-0.9401625706657191f,-1.836937450501321f,0f,0f,0f,1f],start_interpolation:0}
execute if entity @s[tag=aj.heiloang_aj.bone.tail_1] run data modify entity @s {} merge value {transformation:[-0.9600668091837813f,-0.06256545149208648f,0.27268532447358457f,0.8671339714632829f,-0.18404946205794673f,0.8753104785654268f,-0.447165921811741f,0.7215604820010155f,-0.2107071840727153f,-0.47949674700998235f,-0.851871675891969f,-1.1793100821331528f,0f,0f,0f,1f],start_interpolation:0}
execute if entity @s[tag=aj.heiloang_aj.bone.tail_ring] run data modify entity @s {} merge value {transformation:[-0.773612065648015f,0.23183755852862717f,0.5897251210007053f,0.9590723361672571f,-0.2417218970877323f,0.7523179510389648f,-0.6128525312119071f,0.6568221181233538f,-0.5857430292817141f,-0.6166595876170411f,-0.5259620296636079f,-1.2740204676209783f,0f,0f,0f,1f],start_interpolation:0}
execute if entity @s[tag=aj.heiloang_aj.bone.tail_0] run data modify entity @s {} merge value {transformation:[-0.773612065648015f,0.23183755852862717f,0.5897251210007053f,0.1300466552094694f,-0.2417218970877323f,0.7523179510389648f,-0.6128525312119071f,1.4959162544721025f,-0.5857430292817141f,-0.6166595876170411f,-0.5259620296636079f,-0.5253699141771928f,0f,0f,0f,1f],start_interpolation:0}
execute if entity @s[tag=aj.heiloang_aj.bone.body_1] run data modify entity @s {} merge value {transformation:[-0.8660254037844386f,0.24999999999999997f,0.43301270189221935f,-0.0018960387843347866f,0f,0.8660254037844387f,-0.49999999999999994f,1.732881480102539f,-0.5f,-0.43301270189221924f,-0.75f,-0.290739714492411f,0f,0f,0f,1f],start_interpolation:0}