execute if entity @s[tag=aj.heiloang_aj.bone.head_lower] run data modify entity @s {} merge value {transformation:[-0.7831740182849494f,0.097136417300434f,-0.13116010642509363f,-0.6446873917373855f,0.021285177285283292f,0.6981870125764544f,0.3899767130195088f,1.1392644098738964f,0.16181902950932553f,0.3782848290687882f,-0.6860868675212037f,2.8457637404199345f,0f,0f,0f,1f],start_interpolation:0}
execute if entity @s[tag=aj.heiloang_aj.bone.horne_right] run data modify entity @s {} merge value {transformation:[-0.6289727335455778f,-0.4728408919627407f,-0.14427332166441403f,-0.9737261341310546f,-0.4902445395268883f,0.566514081256647f,0.28057456620657345f,1.6508383200866517f,-0.06366782484326895f,0.3090037000196231f,-0.7351619695372643f,2.8672721166923267f,0f,0f,0f,1f],start_interpolation:0}
execute if entity @s[tag=aj.heiloang_aj.bone.horne_left] run data modify entity @s {} merge value {transformation:[-0.5258601753744442f,0.5853685032618987f,-0.14427332166441403f,-0.3078715837851906f,0.5216306971717383f,0.5377539665740457f,0.28057456620657345f,1.6327416623587037f,0.3022788310869378f,0.09035699653488335f,-0.7351619695372643f,2.7296935778034985f,0f,0f,0f,1f],start_interpolation:0}
execute if entity @s[tag=aj.heiloang_aj.bone.head_upper] run data modify entity @s {} merge value {transformation:[-1.147173722633337f,0.11178129559350158f,-0.21132795474099209f,-0.6739469528050918f,0.031177995558050838f,1.0969442223461219f,0.4109786102152337f,1.3400188109738151f,0.23702846894952234f,0.39671202076178785f,-1.0768468739289465f,2.680927620009728f,0f,0f,0f,1f],start_interpolation:0}
execute if entity @s[tag=aj.heiloang_aj.bone.neck_0] run data modify entity @s {} merge value {transformation:[-0.9905862118711939f,-0.12811268054636776f,-0.048229637505402656f,-0.6853463615664959f,-0.12109318847896948f,0.6557786446226146f,0.7451783739219247f,1.6157801690514002f,-0.06383883265438842f,0.7440037031763693f,-0.6651188563746886f,2.347332078222967f,0f,0f,0f,1f],start_interpolation:0}
execute if entity @s[tag=aj.heiloang_aj.bone.neck_1] run data modify entity @s {} merge value {transformation:[-0.9932084679303795f,-0.11601783357874018f,0.008763647818338327f,-0.6836016886359574f,-0.10617779944052075f,0.9346109669048404f,0.33945340688696657f,1.7511333032568182f,-0.047573250229059214f,0.3362174933475288f,-0.9405820448157339f,2.008815752595682f,0f,0f,0f,1f],start_interpolation:0}
execute if entity @s[tag=aj.heiloang_aj.bone.neck_2] run data modify entity @s {} merge value {transformation:[-0.9884587070363464f,-0.07445672014465303f,0.13193021378492092f,-0.6270410479885149f,-0.0646095982022932f,0.994903306077211f,0.07741454241144946f,1.7495117813742425f,-0.13702183878554677f,0.06799712039444539f,-0.9882314543232728f,1.6015588339847253f,0f,0f,0f,1f],start_interpolation:0}
execute if entity @s[tag=aj.heiloang_aj.bone.neck_3] run data modify entity @s {} merge value {transformation:[-0.9668638284182455f,0.031257472646373685f,0.253371876300774f,-0.49667804077483707f,-0.037284252947178284f,0.9645458592488744f,-0.26126838669847086f,1.5909477075937482f,-0.2525553835866193f,-0.26205773373364133f,-0.9314190906416957f,1.125895510172175f,0f,0f,0f,1f],start_interpolation:0}
execute if entity @s[tag=aj.heiloang_aj.bone.wing_right_2] run data modify entity @s {} merge value {transformation:[-1.6586308946526165f,1.5936120979140256f,-0.49286919462158313f,-3.0099867997716157f,1.5855604502568477f,1.7220952281069148f,0.23229741762168338f,4.82843839497337f,0.5181868583881416f,-0.16841767435295713f,-2.2883823703831436f,1.4019126734911365f,0f,0f,0f,1f],start_interpolation:0}
execute if entity @s[tag=aj.heiloang_aj.bone.wing_right_1] run data modify entity @s {} merge value {transformation:[-0.8378180746646949f,3.1613555186731492f,-0.7007930730393728f,-2.450790180792162f,3.1984565817425157f,0.9208687339867336f,0.3302953865461188f,2.7293260468033758f,0.5051288364102017f,-0.5874102758894273f,-3.2537690144363935f,1.1206993207437008f,0f,0f,0f,1f],start_interpolation:0}
execute if entity @s[tag=aj.heiloang_aj.bone.wing_right_0] run data modify entity @s {} merge value {transformation:[-1.859831415555952f,1.11940781580472f,-0.46513788023171004f,-0.7246409582411368f,1.0987173041447127f,1.9165489101191153f,0.21922718967820531f,1.7091377125128273f,0.5121009580972461f,-0.04654478527756787f,-2.1596264009497905f,0.6270691730287261f,0f,0f,0f,1f],start_interpolation:0}
execute if entity @s[tag=aj.heiloang_aj.bone.wing_left_2] run data modify entity @s {} merge value {transformation:[-1.6795433806517905f,-1.3471560044756061f,0.947565690828389f,1.8234211806582248f,-1.4613982871252997f,1.8430923800014043f,0.03002551396736616f,5.094080984501842f,-0.759621672424504f,-0.5672364451505969f,-2.152857110074173f,1.6409482469951029f,0f,0f,0f,1f],start_interpolation:0}
execute if entity @s[tag=aj.heiloang_aj.bone.wing_left_1] run data modify entity @s {} merge value {transformation:[-0.5259119008564906f,-3.015856740224585f,1.3473097520167552f,1.458598898842998f,-3.291457834716308f,0.5930442402571128f,0.04269220400137321f,2.938454701909883f,-0.27738198882072995f,-1.3191381369817952f,-3.0610704958785333f,1.505913099084808f,0f,0f,0f,1f],start_interpolation:0}
execute if entity @s[tag=aj.heiloang_aj.bone.wing_left_0] run data modify entity @s {} merge value {transformation:[-1.6439757315577879f,-1.19417721013574f,0.8942508511829643f,-0.06333752267748063f,-1.2944942433404654f,1.8032974568509181f,0.028336126647905368f,1.7346389297904765f,-0.74163902810426f,-0.5004588623527723f,-2.031726477428774f,0.7998088473520071f,0f,0f,0f,1f],start_interpolation:0}
execute if entity @s[tag=aj.heiloang_aj.bone.kazari_right] run data modify entity @s {} merge value {transformation:[-2.541007575987278f,0.6499591124041175f,-0.16644470413431642f,-1.9586271024176596f,-0.09798646553858215f,-1.0044866119009532f,-2.42657690742314f,2.4572168926628146f,-0.6637389094386172f,-2.339963672211781f,0.9954350111296264f,-3.4506626740551765f,0f,0f,0f,1f],start_interpolation:0}
execute if entity @s[tag=aj.heiloang_aj.bone.kazari_left] run data modify entity @s {} merge value {transformation:[-2.541007575987278f,0.6499591124041175f,-0.16644470413431642f,2.947320937822148f,-0.09798646553858215f,-1.0044866119009532f,-2.42657690742314f,2.6464003146729818f,-0.6637389094386172f,-2.339963672211781f,0.9954350111296264f,-2.169175506223295f,0f,0f,0f,1f],start_interpolation:0}
execute if entity @s[tag=aj.heiloang_aj.bone.ring] run data modify entity @s {} merge value {transformation:[-2.129938973576405f,-0.5478944853365586f,-0.12687745095999992f,-0.30487754872266215f,-0.08213481683640299f,-0.18861176843399624f,2.1933093166390094f,3.476073719805961f,-0.5563633044042089f,2.125361973765884f,0.16193405993317683f,0.11332365570213707f,0f,0f,0f,1f],start_interpolation:0}
execute if entity @s[tag=aj.heiloang_aj.bone.body_0] run data modify entity @s {} merge value {transformation:[-1.0911658564993376f,-0.009890100364140812f,0.28794380608467285f,-0.227031929896931f,-0.0420775941815945f,1.1212739190685381f,-0.12094068968814493f,1.5942973649062893f,-0.2850244298575642f,-0.12766894794405703f,-1.0844879390997861f,0.09310833752190012f,0f,0f,0f,1f],start_interpolation:0}
execute if entity @s[tag=aj.heiloang_aj.bone.leg_right_3] run data modify entity @s {} merge value {transformation:[-0.9820520310157653f,-0.058026101810900704f,0.17946247486993291f,-0.563632797229253f,0.12280279741428084f,0.5254717249598418f,0.8419019772010014f,0.1363932540577738f,-0.1431547460793298f,0.8488300405713496f,-0.5089148071127458f,-1.4483647580699643f,0f,0f,0f,1f],start_interpolation:0}
execute if entity @s[tag=aj.heiloang_aj.bone.leg_right_2] run data modify entity @s {} merge value {transformation:[-0.9820520310157653f,0.043937883316049246f,0.18342102057156795f,-0.5455638083238737f,0.12280279741428084f,0.8870695683703039f,0.44500230765530846f,0.6549010087091786f,-0.1431547460793298f,0.4595400344703689f,-0.8765441662540083f,-1.1275265270146761f,0f,0f,0f,1f],start_interpolation:0}
execute if entity @s[tag=aj.heiloang_aj.bone.leg_right_1] run data modify entity @s {} merge value {transformation:[-0.9799256324904605f,-0.05602449762532519f,0.19132958593484967f,-0.6847773639830765f,0.004681951453179141f,0.9529710391359608f,0.30302521000523536f,0.5126196268902312f,-0.19930838948413873f,0.29783796640783866f,-0.9335784442923272f,-0.4464072956085842f,0f,0f,0f,1f],start_interpolation:0}
execute if entity @s[tag=aj.heiloang_aj.bone.leg_right_0] run data modify entity @s {} merge value {transformation:[-0.832789853873545f,0.5279901793705211f,0.16639540190030655f,-0.25778159406315015f,0.4878108155103076f,0.8420096290395495f,-0.2303484162651198f,1.0946042786031462f,-0.2617282322494999f,-0.11066234722327782f,-0.9587763959081317f,-0.5824404318265283f,0f,0f,0f,1f],start_interpolation:0}
execute if entity @s[tag=aj.heiloang_aj.bone.leg_left_3] run data modify entity @s {} merge value {transformation:[-0.8555806615334386f,-0.4448347283773557f,0.2647712145219862f,0.901590519453517f,-0.15868192268424614f,0.7122085271745685f,0.6837975294142724f,-0.06608440629393209f,-0.4927492049950303f,0.5430295371794027f,-0.6799390728054164f,-0.4821506481562745f,0f,0f,0f,1f],start_interpolation:0}
execute if entity @s[tag=aj.heiloang_aj.bone.leg_left_2] run data modify entity @s {} merge value {transformation:[-0.8555806615334386f,-0.2261598341379221f,0.4656537995471647f,0.7420752599501049f,-0.15868192268424614f,0.9707944252344899f,0.1799395213588924f,0.5158484977018813f,-0.4927492049950303f,0.08006193450288304f,-0.8664804138700549f,-0.39257985083399327f,0f,0f,0f,1f],start_interpolation:0}
execute if entity @s[tag=aj.heiloang_aj.bone.leg_left_1] run data modify entity @s {} merge value {transformation:[-0.8811696044538936f,-0.07809245323483038f,0.4663064410174221f,0.4071734331625608f,-0.03214061746884675f,0.9938775039868708f,0.10570944980250752f,0.5158697396926046f,-0.4717065919565784f,0.07816057712551416f,-0.8782845867303585f,0.23303071417107132f,0f,0f,0f,1f],start_interpolation:0}
execute if entity @s[tag=aj.heiloang_aj.bone.leg_left_0] run data modify entity @s {} merge value {transformation:[-0.901119557243865f,-0.04155394180367873f,0.4315748063467063f,0.37338529793723185f,-0.26041886143601056f,0.8477146121842845f,-0.46212763701992565f,1.0946042786031462f,-0.34664904465610824f,-0.5288224713548249f,-0.7747136462133495f,-0.2180360568265283f,0f,0f,0f,1f],start_interpolation:0}
execute if entity @s[tag=aj.heiloang_aj.bone.tail_4] run data modify entity @s {} merge value {transformation:[-1.2948415986357342f,0.22857904788169375f,-0.8694775540516434f,-0.030962498740717326f,-0.36688310415037906f,1.2574640040195604f,0.876946651839068f,-0.05252299305706329f,0.82075354767379f,0.9227081126511605f,-0.9797079751213087f,-3.811865450063179f,0f,0f,0f,1f],start_interpolation:0}
execute if entity @s[tag=aj.heiloang_aj.bone.tail_3] run data modify entity @s {} merge value {transformation:[-0.8637364321822116f,-0.019374187462771836f,-0.5035712626642836f,0.6424755172755967f,-0.09693087932805661f,0.986989043879144f,0.12828496363651914f,-0.24971316970906227f,0.49453390212788584f,0.15961600208842033f,-0.8543763523901373f,-2.674311220491698f,0f,0f,0f,1f],start_interpolation:0}
execute if entity @s[tag=aj.heiloang_aj.bone.tail_2] run data modify entity @s {} merge value {transformation:[-0.9742575960844417f,-0.0559769678874167f,-0.21837746114902967f,0.8124423701519838f,-0.016583180571647732f,0.9838529235098548f,-0.17820893081784664f,-0.09220058396616332f,0.22482689917777396f,-0.17000001166836176f,-0.9594544603256915f,-1.9261642782698627f,0f,0f,0f,1f],start_interpolation:0}
execute if entity @s[tag=aj.heiloang_aj.bone.tail_1] run data modify entity @s {} merge value {transformation:[-0.997457222124702f,0.013556226288782475f,0.06996655458203199f,0.7579934612320827f,-0.01929271372657715f,0.8937238795196119f,-0.4482024301289304f,0.27315705143989966f,-0.06860671416368436f,-0.44841259561393f,-0.8911898018191414f,-1.2372853872257794f,0f,0f,0f,1f],start_interpolation:0}
execute if entity @s[tag=aj.heiloang_aj.bone.tail_ring] run data modify entity @s {} merge value {transformation:[-0.8205296037218378f,0.27169804087510574f,0.5029029170731796f,0.838691096925118f,-0.14975886720877488f,0.7468929389175998f,-0.6478604938467658f,0.20321952402094468f,-0.5516370646615658f,-0.6069028854599887f,-0.5721585763683974f,-1.3383319588317824f,0f,0f,0f,1f],start_interpolation:0}
execute if entity @s[tag=aj.heiloang_aj.bone.tail_0] run data modify entity @s {} merge value {transformation:[-0.8205296037218378f,0.27169804087510574f,0.5029029170731796f,0.1300466552094694f,-0.14975886720877488f,0.7468929389175998f,-0.6478604938467658f,1.0913388683044751f,-0.5516370646615658f,-0.6069028854599887f,-0.5721585763683974f,-0.5253699141771928f,0f,0f,0f,1f],start_interpolation:0}
execute if entity @s[tag=aj.heiloang_aj.bone.body_1] run data modify entity @s {} merge value {transformation:[-0.8660254037844386f,0.24999999999999997f,0.43301270189221935f,-0.0018960387843347866f,0f,0.8660254037844387f,-0.49999999999999994f,1.3283040939349116f,-0.5f,-0.43301270189221924f,-0.75f,-0.290739714492411f,0f,0f,0f,1f],start_interpolation:0}