execute if entity @s[tag=aj.heiloang_aj.bone.head_lower] run data modify entity @s {} merge value {transformation:[-0.7929306531249702f,-0.04128028382209062f,-0.09775948804272563f,-0.3492804076473428f,-0.07106824325625682f,0.7538786007103961f,0.25810145329192596f,-0.09123930341917985f,0.07880535600628748f,0.264505186260123f,-0.7508839606132359f,2.6052054315645665f,0f,0f,0f,1f],start_interpolation:0}
execute if entity @s[tag=aj.heiloang_aj.bone.horne_right] run data modify entity @s {} merge value {transformation:[-0.548180422029492f,-0.5754518746677655f,-0.091396744170252f,-0.742027709932642f,-0.5803843507865686f,0.5281840695668277f,0.15548502827564276f,0.36538681006970564f,-0.05149980840373393f,0.17284886056083393f,-0.7794042860654539f,2.5175748496658654f,0f,0f,0f,1f],start_interpolation:0}
execute if entity @s[tag=aj.heiloang_aj.bone.horne_left] run data modify entity @s {} merge value {transformation:[-0.6210391783926889f,0.4959404944712738f,-0.091396744170252f,-0.06787806864579243f,0.4755903405470744f,0.6242100879995772f,0.15548502827564276f,0.4258090304861752f,0.16770261440911266f,0.06636860690980641f,-0.7794042860654539f,2.4505745359893196f,0f,0f,0f,1f],start_interpolation:0}
execute if entity @s[tag=aj.heiloang_aj.bone.head_upper] run data modify entity @s {} merge value {transformation:[-1.1614649974311284f,-0.07898403769686899f,-0.1338756659419809f,-0.3845878131243946f,-0.1040989860156836f,1.144751145784949f,0.22775058229245465f,0.07919775945140817f,0.11543211534410976f,0.23763090795000794f,-1.1416519131215253f,2.41018237450393f,0f,0f,0f,1f],start_interpolation:0}
execute if entity @s[tag=aj.heiloang_aj.bone.neck_0] run data modify entity @s {} merge value {transformation:[-0.9279917557792561f,-0.11042959323817167f,-0.355860374505206f,-0.5288447643318972f,-0.3615532558185254f,0.49772232615417766f,0.7883855207033537f,0.3840573371060427f,0.09005856101869256f,0.8602777406076051f,-0.5018083943123273f,2.1386849922523505f,0f,0f,0f,1f],start_interpolation:0}
execute if entity @s[tag=aj.heiloang_aj.bone.neck_1] run data modify entity @s {} merge value {transformation:[-0.9280366821380839f,-0.16286361921146364f,-0.3349975494589179f,-0.6529390799794141f,-0.3623370030721503f,0.6032426379407901f,0.7104999760555445f,0.6504692570912418f,0.08637020788923386f,0.7807520485452343f,-0.6188428119333619f,1.9229487939618535f,0f,0f,0f,1f],start_interpolation:0}
execute if entity @s[tag=aj.heiloang_aj.bone.neck_2] run data modify entity @s {} merge value {transformation:[-0.9880998093960961f,-0.15216104340637945f,0.022489631852924408f,-0.6386228521183446f,-0.09670645559436784f,0.7282643540870298f,0.6784385690779791f,0.9040846614006125f,-0.11961031777306136f,0.6681901282087928f,-0.7343128246507371f,1.599631294471058f,0f,0f,0f,1f],start_interpolation:0}
execute if entity @s[tag=aj.heiloang_aj.bone.neck_3] run data modify entity @s {} merge value {transformation:[-0.9653651311736126f,-0.04804301791649441f,0.2564410886414831f,-0.5047511670137568f,0.020345281987335095f,0.9660446015505102f,0.25757309121096456f,1.013984758519989f,-0.2601081179336957f,0.2538694472452159f,-0.9316083247483349f,1.1113762204119426f,0f,0f,0f,1f],start_interpolation:0}
execute if entity @s[tag=aj.heiloang_aj.bone.wing_right_2] run data modify entity @s {} merge value {transformation:[-1.9304189560563711f,1.285825956066841f,-0.39205901484856737f,-4.47742940729316f,1.3087807181023583f,1.9543478828078515f,-0.034545494770683846f,-0.5829188701467434f,0.30684147754616026f,-0.24647914717125657f,-2.3191964867143158f,1.2631886103006593f,0f,0f,0f,1f],start_interpolation:0}
execute if entity @s[tag=aj.heiloang_aj.bone.wing_right_1] run data modify entity @s {} merge value {transformation:[-3.155137423775984f,-0.9599848351509161f,-0.5574546853947058f,-2.403222838019712f,-0.9655512208648379f,3.2019551740042433f,-0.049119002981309424f,0.04999222044388163f,0.5477567433402029f,0.11459036978613785f,-3.297582503922776f,0.954732587387333f,0f,0f,0f,1f],start_interpolation:0}
execute if entity @s[tag=aj.heiloang_aj.bone.wing_right_0] run data modify entity @s {} merge value {transformation:[-1.8056362633446807f,-1.237407709292445f,-0.3699997911868063f,-0.7267193110282137f,-1.2502755397120582f,1.8341614427460484f,-0.03260179046395581f,1.2126448272921744f,0.32386534129538996f,0.18186248356204948f,-2.188706759202854f,0.6359521952000518f,0f,0f,0f,1f],start_interpolation:0}
execute if entity @s[tag=aj.heiloang_aj.bone.wing_left_2] run data modify entity @s {} merge value {transformation:[-1.9764071112881154f,-1.0400828077023887f,0.7386600638268527f,3.3545060426499416f,-0.9906893590984724f,2.1094998396914244f,0.31956380651119193f,-1.1219853211335118f,-0.8036949237987212f,-0.0425932598515322f,-2.2103927908850034f,1.5863252240340344f,0f,0f,0f,1f],start_interpolation:0}
execute if entity @s[tag=aj.heiloang_aj.bone.wing_left_1] run data modify entity @s {} merge value {transformation:[-2.92668583507476f,1.232336259982327f,1.050274315598322f,1.422372972535867f,1.4231343199809785f,2.9925657251834377f,0.4543763425285311f,-0.1971466255881238f,-0.7722807151321547f,0.8444622523772722f,-3.1428784218045833f,1.1285156071901805f,0f,0f,0f,1f],start_interpolation:0}
execute if entity @s[tag=aj.heiloang_aj.bone.wing_left_0] run data modify entity @s {} merge value {transformation:[-1.6066658566888654f,1.3642130972317015f,0.6970993116419785f,-0.06644093567222598f,1.4981392246075087f,1.6102876258930123f,0.30158353003481264f,1.1987293156345018f,-0.32031810539313194f,0.6886917940830523f,-2.0860249097553987f,0.8138576943528668f,0f,0f,0f,1f],start_interpolation:0}
execute if entity @s[tag=aj.heiloang_aj.bone.kazari_right] run data modify entity @s {} merge value {transformation:[-2.5370688609988874f,0.6514888609801621f,-0.21380843557920645f,-1.9144724267890236f,0.05346928300130046f,-0.6290224472157622f,-2.5511452301329833f,2.6023065577381135f,-0.6835881939306612f,-2.4671366426433936f,0.5939816126793421f,-3.2861461650242103f,0f,0f,0f,1f],start_interpolation:0}
execute if entity @s[tag=aj.heiloang_aj.bone.kazari_left] run data modify entity @s {} merge value {transformation:[-2.5370688609988874f,0.6514888609801621f,-0.21380843557920645f,2.983871098115622f,0.05346928300130046f,-0.6290224472157622f,-2.5511452301329833f,2.4990728930170087f,-0.6835881939306612f,-2.4671366426433936f,0.5939816126793421f,-1.9663357905737615f,0f,0f,0f,1f],start_interpolation:0}
execute if entity @s[tag=aj.heiloang_aj.bone.ring] run data modify entity @s {} merge value {transformation:[-2.126637439712885f,-0.5673048831600841f,-0.09222068823304348f,-0.2718476481095161f,0.044819350729171696f,-0.5160788628987258f,2.141163263007612f,3.00997200322015f,-0.5730014935370309f,2.0651280983502964f,0.5097465169988413f,0.40310146834057087f,0f,0f,0f,1f],start_interpolation:0}
execute if entity @s[tag=aj.heiloang_aj.bone.body_0] run data modify entity @s {} merge value {transformation:[-1.0894744836146488f,0.010637197026591945f,0.29425257098228574f,-0.227031929896931f,0.02296091382563104f,1.1274602510086529f,0.04425556201734583f,1.1732710834713778f,-0.293548159467164f,0.04870942796416991f,-1.0886272298810633f,0.09310833752190012f,0f,0f,0f,1f],start_interpolation:0}
execute if entity @s[tag=aj.heiloang_aj.bone.leg_right_3] run data modify entity @s {} merge value {transformation:[-0.9820520310157653f,-0.058026101810900725f,0.17946247486993286f,-0.563632797229253f,0.12280279741428082f,0.5254717249598421f,0.8419019772010012f,-0.2846330273771377f,-0.1431547460793298f,0.8488300405713495f,-0.5089148071127461f,-1.4483647580699643f,0f,0f,0f,1f],start_interpolation:0}
execute if entity @s[tag=aj.heiloang_aj.bone.leg_right_2] run data modify entity @s {} merge value {transformation:[-0.9820520310157653f,0.04393788331604917f,0.18342102057156795f,-0.5455638083238737f,0.12280279741428082f,0.8870695683703039f,0.44500230765530857f,0.23387472727426703f,-0.1431547460793298f,0.45954003447036895f,-0.8765441662540083f,-1.1275265270146761f,0f,0f,0f,1f],start_interpolation:0}
execute if entity @s[tag=aj.heiloang_aj.bone.leg_right_1] run data modify entity @s {} merge value {transformation:[-0.9799256324904605f,-0.056024497625325256f,0.19132958593484967f,-0.6847773639830765f,0.004681951453179141f,0.9529710391359608f,0.3030252100052355f,0.09159334545531961f,-0.19930838948413873f,0.2978379664078388f,-0.9335784442923272f,-0.4464072956085842f,0f,0f,0f,1f],start_interpolation:0}
execute if entity @s[tag=aj.heiloang_aj.bone.leg_right_0] run data modify entity @s {} merge value {transformation:[-0.832789853873545f,0.5279901793705211f,0.16639540190030655f,-0.25778159406315015f,0.4878108155103076f,0.8420096290395495f,-0.2303484162651198f,0.6735779971682346f,-0.2617282322494999f,-0.11066234722327782f,-0.9587763959081317f,-0.5824404318265283f,0f,0f,0f,1f],start_interpolation:0}
execute if entity @s[tag=aj.heiloang_aj.bone.leg_left_3] run data modify entity @s {} merge value {transformation:[-0.8555806615334386f,-0.4448347283773557f,0.26477121452198626f,0.901590519453517f,-0.15868192268424616f,0.7122085271745687f,0.6837975294142726f,-0.4871106877288436f,-0.4927492049950303f,0.5430295371794025f,-0.6799390728054164f,-0.4821506481562744f,0f,0f,0f,1f],start_interpolation:0}
execute if entity @s[tag=aj.heiloang_aj.bone.leg_left_2] run data modify entity @s {} merge value {transformation:[-0.8555806615334386f,-0.22615983413792212f,0.4656537995471647f,0.7420752599501048f,-0.15868192268424616f,0.97079442523449f,0.17993952135889252f,0.09482221626696982f,-0.4927492049950303f,0.08006193450288301f,-0.8664804138700548f,-0.39257985083399316f,0f,0f,0f,1f],start_interpolation:0}
execute if entity @s[tag=aj.heiloang_aj.bone.leg_left_1] run data modify entity @s {} merge value {transformation:[-0.8811696044538936f,-0.07809245323483041f,0.4663064410174221f,0.40717343316256077f,-0.03214061746884675f,0.9938775039868709f,0.10570944980250757f,0.09484345825769303f,-0.4717065919565784f,0.07816057712551411f,-0.8782845867303584f,0.23303071417107138f,0f,0f,0f,1f],start_interpolation:0}
execute if entity @s[tag=aj.heiloang_aj.bone.leg_left_0] run data modify entity @s {} merge value {transformation:[-0.901119557243865f,-0.041553941803678704f,0.4315748063467063f,0.37338529793723185f,-0.26041886143601056f,0.8477146121842845f,-0.4621276370199257f,0.6735779971682346f,-0.34664904465610824f,-0.528822471354825f,-0.7747136462133494f,-0.2180360568265283f,0f,0f,0f,1f],start_interpolation:0}
execute if entity @s[tag=aj.heiloang_aj.bone.tail_4] run data modify entity @s {} merge value {transformation:[-1.5025701940546692f,0.007518057270434641f,-0.4765298043575724f,0.36660227675638546f,-0.3372445433636255f,1.096919658586721f,1.0806885510012243f,-0.2808758655209317f,0.3367540550574671f,1.1320623238623153f,-1.0439760365935047f,-4.072389133232373f,0f,0f,0f,1f],start_interpolation:0}
execute if entity @s[tag=aj.heiloang_aj.bone.tail_3] run data modify entity @s {} merge value {transformation:[-0.9974808958757218f,0.03381415256871696f,-0.06235756128190936f,0.4490493836665831f,0.01493123606734426f,0.9594631338250775f,0.28143836451355114f,-0.682009568580515f,0.06934638096158158f,0.279798316500691f,-0.9575510333819868f,-2.8000972723640243f,0f,0f,0f,1f],start_interpolation:0}
execute if entity @s[tag=aj.heiloang_aj.bone.tail_2] run data modify entity @s {} merge value {transformation:[-0.9601720143299914f,0.15150803709614896f,0.2347658782548231f,0.26799575283080324f,0.13908884850032618f,0.9878950871331957f,-0.06868470747516353f,-0.6101805993855385f,-0.2423303429625348f,-0.033295818256462884f,-0.9696222941776313f,-2.0414913306224847f,0f,0f,0f,1f],start_interpolation:0}
execute if entity @s[tag=aj.heiloang_aj.bone.tail_1] run data modify entity @s {} merge value {transformation:[-0.9083188698102869f,0.313267751432224f,0.27716447582466486f,0.05668639995016855f,0.15990159838091558f,0.8723624201460032f,-0.46196892401138473f,-0.23442541525068317f,-0.38650783896551344f,-0.37529604824672286f,-0.8424752617071923f,-1.3894473053150276f,0f,0f,0f,1f],start_interpolation:0}
execute if entity @s[tag=aj.heiloang_aj.bone.tail_ring] run data modify entity @s {} merge value {transformation:[-0.8972995296457892f,0.43790699712538256f,-0.05559690608366358f,0.062278393084994166f,0.3407535694279222f,0.6070849877009193f,-0.7178682487966053f,-0.31875972572107747f,-0.28060748211616826f,-0.6630876861899977f,-0.6939554462669916f,-1.509739572196624f,0f,0f,0f,1f],start_interpolation:0}
execute if entity @s[tag=aj.heiloang_aj.bone.tail_0] run data modify entity @s {} merge value {transformation:[-0.8972995296457892f,0.43790699712538256f,-0.05559690608366358f,0.1300466552094694f,0.3407535694279222f,0.6070849877009193f,-0.7178682487966053f,0.6703125868695635f,-0.28060748211616826f,-0.6630876861899977f,-0.6939554462669916f,-0.5253699141771928f,0f,0f,0f,1f],start_interpolation:0}
execute if entity @s[tag=aj.heiloang_aj.bone.body_1] run data modify entity @s {} merge value {transformation:[-0.8660254037844386f,0.24999999999999997f,0.43301270189221935f,-0.0018960387843347866f,0f,0.8660254037844387f,-0.49999999999999994f,0.9072778125f,-0.5f,-0.43301270189221924f,-0.75f,-0.290739714492411f,0f,0f,0f,1f],start_interpolation:0}