execute if entity @s[tag=aj.heiloang_aj.bone.head_lower] run data modify entity @s {} merge value {transformation:[-0.7892420052179396f,0.07292181420573779f,-0.10853324934097273f,-0.6667111534197274f,0.002554610558286652f,0.6725094530276294f,0.43327186563793174f,1.4436106850833268f,0.13073075829528943f,0.4270988698198842f,-0.6636987450900569f,2.870385143082677f,0f,0f,0f,1f],start_interpolation:0}
execute if entity @s[tag=aj.heiloang_aj.bone.horne_right] run data modify entity @s {} merge value {transformation:[-0.6143941985978616f,-0.4977323278720702f,-0.12158247620583147f,-1.008149558311623f,-0.5044087592324424f,0.5542468688976323f,0.27996823378154656f,1.947354629305846f,-0.0899531674755227f,0.2916726557430793f,-0.7394832584669513f,2.8803261782534997f,0f,0f,0f,1f],start_interpolation:0}
execute if entity @s[tag=aj.heiloang_aj.bone.horne_left] run data modify entity @s {} merge value {transformation:[-0.5493862888136678f,0.5686760124563053f,-0.12158247620583147f,-0.3371360054753307f,0.5081756721704436f,0.5507951291427322f,0.27996823378154656f,1.9451826994091905f,0.28272281810576083f,0.11503181546614477f,-0.7394832584669513f,2.7691788875508445f,0f,0f,0f,1f],start_interpolation:0}
execute if entity @s[tag=aj.heiloang_aj.bone.head_upper] run data modify entity @s {} merge value {transformation:[-1.1560619581931078f,0.07047316552308126f,-0.17809097158439682f,-0.6940915854867836f,0.003741929680514331f,1.0977130394938703f,0.4100904696373649f,1.6442627034117212f,0.1914911464819826f,0.4040070893762693f,-1.0831765899209287f,2.7051021205204275f,0f,0f,0f,1f],start_interpolation:0}
execute if entity @s[tag=aj.heiloang_aj.bone.neck_0] run data modify entity @s {} merge value {transformation:[-0.9876862567652581f,-0.15190470241430487f,-0.03742752438318828f,-0.6993030316373136f,-0.13622593907213812f,0.7174096843929033f,0.6832026333842609f,1.8894541273569114f,-0.07693082425755486f,0.6798884512357128f,-0.7292690464810342f,2.348290874787258f,0f,0f,0f,1f],start_interpolation:0}
execute if entity @s[tag=aj.heiloang_aj.bone.neck_1] run data modify entity @s {} merge value {transformation:[-0.9919756477142904f,-0.12359654536125253f,0.0266121836116075f,-0.691149619489735f,-0.11321645959769623f,0.9620902508035545f,0.24812170921730511f,1.9918723805650207f,-0.056270308493709925f,0.24311775600214308f,-0.968363262984767f,1.9984897301075792f,0f,0f,0f,1f],start_interpolation:0}
execute if entity @s[tag=aj.heiloang_aj.bone.neck_2] run data modify entity @s {} merge value {transformation:[-0.985298973580572f,-0.07766790146199463f,0.15216316815695397f,-0.6261898727322212f,-0.0779029877011957f,0.9969511227851643f,0.004425300512673647f,1.9602711853174273f,-0.15204294514478112f,-0.00749372136458315f,-0.9883454795625926f,1.5937163009891657f,0f,0f,0f,1f],start_interpolation:0}
execute if entity @s[tag=aj.heiloang_aj.bone.neck_3] run data modify entity @s {} merge value {transformation:[-0.9666923385429429f,0.0247389695444673f,0.25474282323208697f,-0.4949595467808473f,-0.055882782515858556f,0.950901069296657f,-0.3044080666289241f,1.7797127528176038f,-0.2497659648964639f,-0.30850468358900507f,-0.9178462959466505f,1.1262016693807362f,0f,0f,0f,1f],start_interpolation:0}
execute if entity @s[tag=aj.heiloang_aj.bone.wing_right_2] run data modify entity @s {} merge value {transformation:[-1.7555538246116744f,1.4904067710353586f,-0.4798900208008983f,-3.506023880628654f,1.4988736011398107f,1.8081554560825674f,0.1323925253404631f,4.721774267966529f,0.45275236390162155f,-0.20697224406138412f,-2.299076726316609f,1.33521150350435f,0f,0f,0f,1f],start_interpolation:0}
execute if entity @s[tag=aj.heiloang_aj.bone.wing_right_1] run data modify entity @s {} merge value {transformation:[-1.471781453268144f,2.92497732745507f,-0.6823384501768233f,-2.5320407871562707f,2.965237196750417f,1.5359528843795045f,0.18824419479497187f,2.7775160534163215f,0.47796076588318365f,-0.5220872951337509f,-3.2689749364955802f,1.0720169225091127f,0f,0f,0f,1f],start_interpolation:0}
execute if entity @s[tag=aj.heiloang_aj.bone.wing_right_0] run data modify entity @s {} merge value {transformation:[-1.9464210717149775f,0.9668177610189964f,-0.4528889803937978f,-0.725254075399017f,0.9626349635705068f,1.9965277510458586f,0.12494345207082111f,1.8831456764982084f,0.461713047785665f,-0.0868352248916264f,-2.1697190383140605f,0.6251729835573732f,0f,0f,0f,1f],start_interpolation:0}
execute if entity @s[tag=aj.heiloang_aj.bone.wing_left_2] run data modify entity @s {} merge value {transformation:[-1.8184978698967755f,-1.175339817763575f,0.9193572843467256f,2.2714746751276556f,-1.2855200106371758f,1.9698778040601432f,-0.024407901253285673f,5.082577754239264f,-0.7576805433382164f,-0.5212808803051202f,-2.1651241175498535f,1.7161348328301331f,0f,0f,0f,1f],start_interpolation:0}
execute if entity @s[tag=aj.heiloang_aj.bone.wing_left_1] run data modify entity @s {} merge value {transformation:[-1.093983029134515f,-2.8777847129401626f,1.3072012281334426f,1.535336209911628f,-3.1314828176050096f,1.1746615334859396f,-0.03470472148064453f,3.032867532776822f,-0.4292263597570176f,-1.2352101847930046f,-3.078512514896337f,1.4819498061033372f,0f,0f,0f,1f],start_interpolation:0}
execute if entity @s[tag=aj.heiloang_aj.bone.wing_left_0] run data modify entity @s {} merge value {transformation:[-1.727033633371296f,-1.0922333631896317f,0.867629592360592f,-0.06406793333664673f,-1.194800545491437f,1.8709144994338076f,-0.02303458924547896f,1.921367683548624f,-0.7198656025243219f,-0.4848764957634158f,-2.0433032810032103f,0.7960047861526953f,0f,0f,0f,1f],start_interpolation:0}
execute if entity @s[tag=aj.heiloang_aj.bone.kazari_right] run data modify entity @s {} merge value {transformation:[-2.5405568847321693f,0.6610115743796703f,-0.12451747882259818f,-1.9789364208773517f,-0.146865121609059f,-1.019893078436724f,-2.417668077542463f,2.468805579830834f,-0.6564080590996602f,-2.330182824511678f,1.022861991109282f,-3.4420797827947203f,0f,0f,0f,1f],start_interpolation:0}
execute if entity @s[tag=aj.heiloang_aj.bone.kazari_left] run data modify entity @s {} merge value {transformation:[-2.5405568847321693f,0.6610115743796703f,-0.12451747882259818f,2.9261414653728934f,-0.146865121609059f,-1.019893078436724f,-2.417668077542463f,2.7523594984993363f,-0.6564080590996602f,-2.330182824511678f,1.022861991109282f,-2.1747463590105025f,0f,0f,0f,1f],start_interpolation:0}
execute if entity @s[tag=aj.heiloang_aj.bone.ring] run data modify entity @s {} merge value {transformation:[-2.129561192385047f,-0.5442173811435823f,-0.14738675562216372f,-0.3333203774298935f,-0.12310618407055832f,-0.11316196602493644f,2.1965804157082403f,3.7169931834655596f,-0.5502183940174958f,2.1316538408687795f,0.078980424018966f,0.06714637452584582f,0f,0f,0f,1f],start_interpolation:0}
execute if entity @s[tag=aj.heiloang_aj.bone.body_0] run data modify entity @s {} merge value {transformation:[-1.0909723195283956f,-0.024839054429982983f,0.28777559892306787f,-0.227031929896931f,-0.06306718945856091f,1.117736979473978f,-0.14261469162698442f,1.7623188146104312f,-0.28187639768931355f,-0.1539462309674589f,-1.0818958500402354f,0.09310833752190012f,0f,0f,0f,1f],start_interpolation:0}
execute if entity @s[tag=aj.heiloang_aj.bone.leg_right_3] run data modify entity @s {} merge value {transformation:[-0.9807259139621767f,-0.062082638441176535f,0.1852631309441669f,-0.5667096566273366f,0.12567553687432048f,0.5255780935515504f,0.8414115087221405f,0.2535675140586412f,-0.14960728964326808f,0.8484771143542409f,-0.5076457872401735f,-1.4338445191797833f,0f,0f,0f,1f],start_interpolation:0}
execute if entity @s[tag=aj.heiloang_aj.bone.leg_right_2] run data modify entity @s {} merge value {transformation:[-0.9807259139621767f,0.05132377976171498f,0.18852732246023218f,-0.5443895834656879f,0.12567553687432048f,0.9045019935831481f,0.40753135221165737f,0.7844451833432967f,-0.14960728964326808f,0.4233698303316871f,-0.8935186879134166f,-1.134203625626615f,0f,0f,0f,1f],start_interpolation:0}
execute if entity @s[tag=aj.heiloang_aj.bone.leg_right_1] run data modify entity @s {} merge value {transformation:[-0.9799256324904605f,-0.04540929140464049f,0.19412303068492287f,-0.6847773639830765f,0.004681951453179197f,0.9682043430197964f,0.2501168316771068f,0.6806410765943731f,-0.19930838948413873f,0.24600476908330965f,-0.9485556491158049f,-0.4464072956085842f,0f,0f,0f,1f],start_interpolation:0}
execute if entity @s[tag=aj.heiloang_aj.bone.leg_right_0] run data modify entity @s {} merge value {transformation:[-0.832789853873545f,0.5279901793705211f,0.16639540190030655f,-0.25778159406315015f,0.4878108155103076f,0.8420096290395495f,-0.2303484162651198f,1.2626257283072881f,-0.2617282322494999f,-0.11066234722327782f,-0.9587763959081317f,-0.5824404318265283f,0f,0f,0f,1f],start_interpolation:0}
execute if entity @s[tag=aj.heiloang_aj.bone.leg_left_3] run data modify entity @s {} merge value {transformation:[-0.8600172952175479f,-0.44179150642453635f,0.25532433643864005f,0.8909389694888227f,-0.15595432425621542f,0.7040107736181578f,0.6928542988070077f,0.07348697790732861f,-0.48584822802237354f,0.5560477456843987f,-0.6743607371776754f,-0.47478651057528065f,0f,0f,0f,1f],start_interpolation:0}
execute if entity @s[tag=aj.heiloang_aj.bone.leg_left_2] run data modify entity @s {} merge value {transformation:[-0.8600172952175479f,-0.20013359720953305f,0.4693791593101097f,0.7470767074650885f,-0.15595432425621542f,0.9789506776380948f,0.13165796404966246f,0.6626581903435269f,-0.48584822802237354f,0.04002641652568128f,-0.8731262138474782f,-0.4092511575033302f,0f,0f,0f,1f],start_interpolation:0}
execute if entity @s[tag=aj.heiloang_aj.bone.leg_left_1] run data modify entity @s {} merge value {transformation:[-0.8842405283665987f,-0.06789372003794061f,0.46207048247358107f,0.4159295392078103f,-0.028931080563159788f,0.9954397198018919f,0.09089970747026066f,0.6732468917507488f,-0.4661348308927431f,0.06700900700757129f,-0.8821723824788741f,0.21826557170833552f,0f,0f,0f,1f],start_interpolation:0}
execute if entity @s[tag=aj.heiloang_aj.bone.leg_left_0] run data modify entity @s {} merge value {transformation:[-0.901119557243865f,-0.053419080675081165f,0.43026729526243307f,0.37338529793723185f,-0.2604188614360106f,0.8601153105348084f,-0.43861562807540516f,1.2626257283072881f,-0.34664904465610824f,-0.5072948397169436f,-0.788978063976159f,-0.2180360568265283f,0f,0f,0f,1f],start_interpolation:0}
execute if entity @s[tag=aj.heiloang_aj.bone.tail_4] run data modify entity @s {} merge value {transformation:[-1.513397610401116f,-0.10168033028451552f,-0.42911903587827105f,0.3206238984127059f,-0.29581311835310986f,1.3716699293140027f,0.7182413018711761f,-0.0921168593788735f,0.32707282909173935f,0.770089007282031f,-1.3359792846526384f,-3.880884815314101f,0f,0f,0f,1f],start_interpolation:0}
execute if entity @s[tag=aj.heiloang_aj.bone.tail_3] run data modify entity @s {} merge value {transformation:[-0.9307179305136083f,-0.11753491722338354f,-0.34633751898077436f,0.7865093131166246f,-0.1300197087121402f,0.9914268621582537f,0.012948063077119376f,-0.1352958561324201f,0.34184647016881153f,0.05708169780526154f,-0.9380206131044202f,-2.6288789419231193f,0f,0f,0f,1f],start_interpolation:0}
execute if entity @s[tag=aj.heiloang_aj.bone.tail_2] run data modify entity @s {} merge value {transformation:[-0.9801639643094823f,-0.11921669335182358f,-0.1583224023800076f,0.9082976651926328f,-0.07308380707957524f,0.9599701467975339f,-0.2703998417164414f,0.09396587451354443f,0.1842209548663649f,-0.25346537689352855f,-0.949640954521416f,-1.8899408869686953f,0f,0f,0f,1f],start_interpolation:0}
execute if entity @s[tag=aj.heiloang_aj.bone.tail_1] run data modify entity @s {} merge value {transformation:[-0.9936785981537516f,-0.027532109892407175f,0.1088339400006601f,0.822780522649059f,-0.07526708728212539f,0.8826784061356054f,-0.4639113028521423f,0.471413223899138f,-0.08329291172278563f,-0.46917034674708474f,-0.879170902947749f,-1.210805165090384f,0f,0f,0f,1f],start_interpolation:0}
execute if entity @s[tag=aj.heiloang_aj.bone.tail_ring] run data modify entity @s {} merge value {transformation:[-0.7953917764446798f,0.24488756138724374f,0.5544204219200309f,0.9100500831485572f,-0.20226003074940951f,0.7550594649728666f,-0.6236794724184344f,0.40520397542269915f,-0.5713517322328026f,-0.6082066150846254f,-0.5510371234698059f,-1.3088568606782707f,0f,0f,0f,1f],start_interpolation:0}
execute if entity @s[tag=aj.heiloang_aj.bone.tail_0] run data modify entity @s {} merge value {transformation:[-0.7953917764446798f,0.24488756138724374f,0.5544204219200309f,0.1300466552094694f,-0.20226003074940951f,0.7550594649728666f,-0.6236794724184344f,1.259360318008617f,-0.5713517322328026f,-0.6082066150846254f,-0.5510371234698059f,-0.5253699141771928f,0f,0f,0f,1f],start_interpolation:0}
execute if entity @s[tag=aj.heiloang_aj.bone.body_1] run data modify entity @s {} merge value {transformation:[-0.8660254037844386f,0.24999999999999997f,0.43301270189221935f,-0.0018960387843347866f,0f,0.8660254037844387f,-0.49999999999999994f,1.4963255436390535f,-0.5f,-0.43301270189221924f,-0.75f,-0.290739714492411f,0f,0f,0f,1f],start_interpolation:0}