execute if entity @s[tag=aj.heiloang_aj.bone.head_lower] run data modify entity @s {} merge value {transformation:[-0.7929158813716941f,0.0041084861450860904f,-0.10614860060380041f,-0.5121920596653383f,-0.07398780884129863f,0.552256823802083f,0.5740541827274654f,1.127150436501769f,0.07622472834594396f,0.5787879757783767f,-0.5469865353762892f,2.8237535118823947f,0f,0f,0f,1f],start_interpolation:0}
execute if entity @s[tag=aj.heiloang_aj.bone.horne_right] run data modify entity @s {} merge value {transformation:[-0.558105110027289f,-0.5645991133247021f,-0.09872450250260949f,-0.8985787003696499f,-0.5527127403674199f,0.49366430217347546f,0.3013373249285797f,1.5973656357199437f,-0.15174752978867442f,0.2784302390052768f,-0.7344721160197301f,2.8300780803023984f,0f,0f,0f,1f],start_interpolation:0}
execute if entity @s[tag=aj.heiloang_aj.bone.horne_left] run data modify entity @s {} merge value {transformation:[-0.6110927086370609f,0.5067732965106118f,-0.09872450250260949f,-0.22444161802743556f,0.44361367104956145f,0.593635180445717f,0.3013373249285797f,1.6602700707968159f,0.2641450592166199f,0.17543687890790965f,-0.7344721160197301f,2.765271816262677f,0f,0f,0f,1f],start_interpolation:0}
execute if entity @s[tag=aj.heiloang_aj.bone.head_upper] run data modify entity @s {} merge value {transformation:[-1.1614433601362233f,-0.057442299250867176f,-0.14460918315325982f,-0.5472026640983403f,-0.1083754926955132f,1.0800881975731291f,0.44139138012226037f,1.3318634599102468f,0.11165207646293007f,0.4508569397491879f,-1.0758363937428002f,2.665020296420268f,0f,0f,0f,1f],start_interpolation:0}
execute if entity @s[tag=aj.heiloang_aj.bone.neck_0] run data modify entity @s {} merge value {transformation:[-0.9703076511313479f,-0.1460407605048411f,-0.1928086056874388f,-0.6193054719279982f,-0.24146490540107868f,0.6312161842007026f,0.7370622960528861f,1.605867199463919f,0.014062774108075125f,0.7617336969533854f,-0.6477376114678791f,2.337631545174003f,0f,0f,0f,1f],start_interpolation:0}
execute if entity @s[tag=aj.heiloang_aj.bone.neck_1] run data modify entity @s {} merge value {transformation:[-0.9742078860021033f,-0.17626640640652508f,-0.14088700729252107f,-0.672840276315364f,-0.22141266356219413f,0.8671565076816968f,0.44611211998731604f,1.7792407334213536f,0.04353650497694758f,0.4658001128787031f,-0.8838183227205575f,2.021415701198121f,0f,0f,0f,1f],start_interpolation:0}
execute if entity @s[tag=aj.heiloang_aj.bone.neck_2] run data modify entity @s {} merge value {transformation:[-0.9833314016490705f,-0.14736096433528054f,0.10650868847681194f,-0.6242538701881312f,-0.10580173714528596f,0.9401434760674596f,0.32393863126344413f,1.880480315605339f,-0.1478693577044082f,0.30727022406665117f,-0.9400636480867216f,1.6258782929811388f,0f,0f,0f,1f],start_interpolation:0}
execute if entity @s[tag=aj.heiloang_aj.bone.neck_3] run data modify entity @s {} merge value {transformation:[-0.9667263766042531f,-0.04362958182888634f,0.252064619427337f,-0.4927538847735205f,-0.053874421080255516f,0.9979726912642589f,-0.03388294916384058f,1.8387787332282233f,-0.25007530771925296f,-0.04633537612028832f,-0.9671170422388968f,1.1265172926744826f,0f,0f,0f,1f],start_interpolation:0}
execute if entity @s[tag=aj.heiloang_aj.bone.wing_right_2] run data modify entity @s {} merge value {transformation:[-1.4584242302997448f,-1.801972953225593f,-0.3993347551103437f,-4.670661351742426f,-1.817740122852741f,1.4905558330967519f,-0.08740801172407678f,0.546200390395688f,0.31999315081249113f,0.25438708808760063f,-2.316563748133949f,1.3306956315005014f,0f,0f,0f,1f],start_interpolation:0}
execute if entity @s[tag=aj.heiloang_aj.bone.wing_right_1] run data modify entity @s {} merge value {transformation:[-3.0440130952926703f,-1.2644391782678643f,-0.567799800147924f,-2.6690524897050847f,-1.2623788062858181f,3.0948622628763705f,-0.12428232442363907f,1.3745934019760364f,0.5723659651194567f,0.10119244628448155f,-3.293839107134383f,1.0060705547432245f,0f,0f,0f,1f],start_interpolation:0}
execute if entity @s[tag=aj.heiloang_aj.bone.wing_right_0] run data modify entity @s {} merge value {transformation:[-2.0932456665195502f,-0.6361560153917634f,-0.37686616149237495f,-0.725090983850228f,-0.6314707435348255f,2.1266969931849147f,-0.08248999477401127f,1.961279594722406f,0.3846651526414849f,0.02941807708053453f,-2.1862221518144453f,0.6307585862897414f,0f,0f,0f,1f],start_interpolation:0}
execute if entity @s[tag=aj.heiloang_aj.bone.wing_left_2] run data modify entity @s {} merge value {transformation:[-1.1751504730378395f,1.8925350997112806f,0.7555847195389548f,3.7725172987419677f,2.0125839626900333f,1.21465139501797f,0.08777122549440679f,0.6307446237480226f,-0.3195358589623901f,0.6902962344260026f,-2.2259748313706185f,2.015141651707775f,0f,0f,0f,1f],start_interpolation:0}
execute if entity @s[tag=aj.heiloang_aj.bone.wing_left_1] run data modify entity @s {} merge value {transformation:[-2.960683547962988f,1.1257742566576219f,1.07433887799347f,1.8177591895438014f,1.2274087998203318f,3.108876272748103f,0.12479876508793178f,1.4324525643507442f,-0.9565768865307701f,0.5047171650447795f,-3.1650339676477808f,1.4370070902259326f,0f,0f,0f,1f],start_interpolation:0}
execute if entity @s[tag=aj.heiloang_aj.bone.wing_left_0] run data modify entity @s {} merge value {transformation:[-2.029140687342009f,0.5500152914034443f,0.7130717005993019f,-0.06388156086015845f,0.6074567482633335f,2.133667038415887f,0.08283277230006862f,1.9981279478226157f,-0.664819050541223f,0.2708286329027312f,-2.1007302258113727f,0.8018019693222094f,0f,0f,0f,1f],start_interpolation:0}
execute if entity @s[tag=aj.heiloang_aj.bone.kazari_right] run data modify entity @s {} merge value {transformation:[-2.540646339905813f,0.6692321339874319f,-0.06414604366656995f,-2.007485231706966f,-0.14158696198286144f,-0.777751895396957f,-2.5063769289472715f,2.5073231442199044f,-0.6572210406521608f,-2.419524855958566f,0.787927765521067f,-3.30706146274379f,0f,0f,0f,1f],start_interpolation:0}
execute if entity @s[tag=aj.heiloang_aj.bone.kazari_left] run data modify entity @s {} merge value {transformation:[-2.540646339905813f,0.6692321339874319f,-0.06414604366656995f,2.897765366517054f,-0.14158696198286144f,-0.777751895396957f,-2.5063769289472715f,2.780686468763886f,-0.6572210406521608f,-2.419524855958566f,0.787927765521067f,-2.038158407569279f,0f,0f,0f,1f],start_interpolation:0}
execute if entity @s[tag=aj.heiloang_aj.bone.ring] run data modify entity @s {} merge value {transformation:[-2.1296361760500044f,-0.54557671286304f,-0.14114564755848238f,-0.364530089445108f,-0.11868189269778359f,-0.10517113557011659f,2.197220955291614f,4.054884135382453f,-0.5508998564066023f,2.131715592758208f,0.07227908125268856f,0.1534155383846793f,0f,0f,0f,1f],start_interpolation:0}
execute if entity @s[tag=aj.heiloang_aj.bone.body_0] run data modify entity @s {} merge value {transformation:[-1.0910107335937804f,-0.035058005390269334f,0.28656393942520114f,-0.227031929896931f,-0.06080062889271042f,1.1229878292714432f,-0.0940956681900736f,1.8675426587887607f,-0.28222551026986453f,-0.10640323070255593f,-1.0875106849068872f,0.09310833752190012f,0f,0f,0f,1f],start_interpolation:0}
execute if entity @s[tag=aj.heiloang_aj.bone.leg_right_3] run data modify entity @s {} merge value {transformation:[-0.9756157215588435f,-0.07966559913470492f,0.20451737374053547f,-0.5824138945200249f,0.13305319153937728f,0.526405397491301f,0.8397584210433446f,0.17700671580396765f,-0.17455890715859537f,0.8464932071827476f,-0.5029696194851764f,-1.358082255809143f,0f,0f,0f,1f],start_interpolation:0}
execute if entity @s[tag=aj.heiloang_aj.bone.leg_right_2] run data modify entity @s {} merge value {transformation:[-0.9756157215588435f,0.07943429422095971f,0.20460732330206405f,-0.5437560599307675f,0.13305319153937728f,0.9554393355645333f,0.26350052044955985f,0.7456586951511895f,-0.17455890715859537f,0.28429890776719685f,-0.9427106231362707f,-1.1407013718525565f,0f,0f,0f,1f],start_interpolation:0}
execute if entity @s[tag=aj.heiloang_aj.bone.leg_right_1] run data modify entity @s {} merge value {transformation:[-0.9799256324904605f,-0.005239932679851532f,0.19929450041002564f,-0.6847773639830765f,0.004681951453179143f,0.9987739696374438f,0.049281202351936365f,0.7858649207727026f,-0.19930838948413873f,0.0492250005604169f,-0.9786996808015551f,-0.4464072956085842f,0f,0f,0f,1f],start_interpolation:0}
execute if entity @s[tag=aj.heiloang_aj.bone.leg_right_0] run data modify entity @s {} merge value {transformation:[-0.832789853873545f,0.5279901793705211f,0.16639540190030655f,-0.25778159406315015f,0.4878108155103076f,0.8420096290395495f,-0.2303484162651198f,1.3678495724856177f,-0.2617282322494999f,-0.11066234722327782f,-0.9587763959081317f,-0.5824404318265283f,0f,0f,0f,1f],start_interpolation:0}
execute if entity @s[tag=aj.heiloang_aj.bone.leg_left_3] run data modify entity @s {} merge value {transformation:[-0.8760276582502202f,-0.4291099820536576f,0.2200912658024956f,0.8512490118223732f,-0.1470797649860368f,0.672356968714319f,0.7254678830609556f,0.09048114791643258f,-0.45928540659625516f,0.603158959083923f,-0.6521166961246359f,-0.44614284637615176f,0f,0f,0f,1f],start_interpolation:0}
execute if entity @s[tag=aj.heiloang_aj.bone.leg_left_2] run data modify entity @s {} merge value {transformation:[-0.8760276582502202f,-0.10722688850988062f,0.47018925589715976f,0.7638529400307086f,-0.1470797649860368f,0.9879233692560981f,-0.048733553218819295f,0.6936198320023277f,-0.45928540659625516f,-0.11184726576080847f,-0.8812191012623044f,-0.4725928916485457f,0f,0f,0f,1f],start_interpolation:0}
execute if entity @s[tag=aj.heiloang_aj.bone.leg_left_1] run data modify entity @s {} merge value {transformation:[-0.8954806093042242f,-0.032681054742951465f,0.44389911806740895f,0.4481715117405102f,-0.018551413488843482f,0.9991746025345571f,0.03613805068727011f,0.7431303198172082f,-0.44471375447325806f,0.024125967561902162f,-0.8953477616387392f,0.1610014269116867f,0f,0f,0f,1f],start_interpolation:0}
execute if entity @s[tag=aj.heiloang_aj.bone.leg_left_0] run data modify entity @s {} merge value {transformation:[-0.901119557243865f,-0.09684741854400876f,0.4226158078846343f,0.37338529793723185f,-0.2604188614360106f,0.9002192645162661f,-0.3489803610551243f,1.3678495724856177f,-0.34664904465610824f,-0.42453015595497395f,-0.836426079533543f,-0.2180360568265283f,0f,0f,0f,1f],start_interpolation:0}
execute if entity @s[tag=aj.heiloang_aj.bone.tail_4] run data modify entity @s {} merge value {transformation:[-0.6925367835742098f,-0.621460332578103f,1.2724127561904883f,1.8667366366483642f,-0.1575897372358781f,1.4414530113995219f,0.6182499933949461f,-0.07837636786421856f,-1.4072713461881785f,0.14441133835969336f,-0.6954042617345301f,-3.7206263553720915f,0f,0f,0f,1f],start_interpolation:0}
execute if entity @s[tag=aj.heiloang_aj.bone.tail_3] run data modify entity @s {} merge value {transformation:[-0.8256841419406964f,-0.16625490309892305f,0.5390779210311097f,1.1506952821869534f,-0.19681043498034742f,0.9804411215326326f,0.0009273029062806248f,-0.1052050545559412f,-0.5286883301440481f,-0.10533050082194259f,-0.8422553859525603f,-2.5923545119445133f,0f,0f,0f,1f],start_interpolation:0}
execute if entity @s[tag=aj.heiloang_aj.bone.tail_2] run data modify entity @s {} merge value {transformation:[-0.9440110126471395f,-0.057933767428199626f,0.3247874483296687f,0.8953282602139097f,-0.1442342155414133f,0.9578681569982845f,-0.24836482213844807f,0.10676485240682226f,-0.2967148447046002f,-0.2813045900803701f,-0.9125941203687649f,-1.882932750556539f,0f,0f,0f,1f],start_interpolation:0}
execute if entity @s[tag=aj.heiloang_aj.bone.tail_1] run data modify entity @s {} merge value {transformation:[-0.9379455463855679f,0.06809522565836376f,0.34003116365711955f,0.630748837006186f,-0.09476308905496915f,0.8928823723576644f,-0.440205663395769f,0.46585891756036f,-0.33358373606673064f,-0.44511134491887033f,-0.8310221306657699f,-1.2410182756108665f,0f,0f,0f,1f],start_interpolation:0}
execute if entity @s[tag=aj.heiloang_aj.bone.tail_ring] run data modify entity @s {} merge value {transformation:[-0.8532719325535226f,0.3324218415368881f,0.40177447453216897f,0.6987969057202841f,-0.06320022773469391f,0.6988672484387598f,-0.7124537179872947f,0.3851493425930288f,-0.5176221984523646f,-0.6333089990903815f,-0.5753146715845858f,-1.3433373873843968f,0f,0f,0f,1f],start_interpolation:0}
execute if entity @s[tag=aj.heiloang_aj.bone.tail_0] run data modify entity @s {} merge value {transformation:[-0.8532719325535226f,0.3324218415368881f,0.40177447453216897f,0.1300466552094694f,-0.06320022773469391f,0.6988672484387598f,-0.7124537179872947f,1.3645841621869466f,-0.5176221984523646f,-0.6333089990903815f,-0.5753146715845858f,-0.5253699141771928f,0f,0f,0f,1f],start_interpolation:0}
execute if entity @s[tag=aj.heiloang_aj.bone.body_1] run data modify entity @s {} merge value {transformation:[-0.8660254037844386f,0.24999999999999997f,0.43301270189221935f,-0.0018960387843347866f,0f,0.8660254037844387f,-0.49999999999999994f,1.601549387817383f,-0.5f,-0.43301270189221924f,-0.75f,-0.290739714492411f,0f,0f,0f,1f],start_interpolation:0}