execute if entity @s[tag=aj.heiloang_aj.bone.head_lower] run data modify entity @s {} merge value {transformation:[-0.7645122574129332f,0.11173774357069147f,-0.20745043968888485f,-0.5427385300478124f,0.022667803484082275f,0.7359392066109771f,0.3128572435760637f,0.24630888023025815f,0.23453609306583978f,0.2931009396684629f,-0.7064592417223202f,2.6907031512124453f,0f,0f,0f,1f],start_interpolation:0}
execute if entity @s[tag=aj.heiloang_aj.bone.horne_right] run data modify entity @s {} merge value {transformation:[-0.6329613158104905f,-0.44086521804322076f,-0.2121269247576934f,-0.8674848422405538f,-0.48922718295729334f,0.5674503770309955f,0.2804582554731663f,0.7584404076079261f,-0.004090983148775068f,0.35162185530351275f,-0.7185717324872944f,2.7426464013926313f,0f,0f,0f,1f],start_interpolation:0}
execute if entity @s[tag=aj.heiloang_aj.bone.horne_left] run data modify entity @s {} merge value {transformation:[-0.4943538063977164f,0.5921287713774203f,-0.2121269247576934f,-0.21749652098807803f,0.5226520985254522f,0.5368220849069913f,0.2804582554731663f,0.7391682410857594f,0.3499272753116427f,0.03472127968807978f,-0.7185717324872944f,2.5432438150680543f,0f,0f,0f,1f],start_interpolation:0}
execute if entity @s[tag=aj.heiloang_aj.bone.head_upper] run data modify entity @s {} merge value {transformation:[-1.1198384418520293f,0.15026032964320166f,-0.3107182162119504f,-0.5870033815489926f,0.03320323184839662f,1.0969486071777783f,0.4108082411607072f,0.4470318507746551f,0.3435426057205155f,0.3837807954369899f,-1.0525459094540768f,2.5292091572555133f,0f,0f,0f,1f],start_interpolation:0}
execute if entity @s[tag=aj.heiloang_aj.bone.neck_0] run data modify entity @s {} merge value {transformation:[-0.9903406917689532f,-0.059596558958510036f,-0.12519410683772608f,-0.6358528089480325f,-0.13865428982734843f,0.42924220575851213f,0.8924831184442876f,0.8007704420155901f,0.000549671779152508f,0.9012210488863825f,-0.43335934154586214f,2.2843765590612146f,0f,0f,0f,1f],start_interpolation:0}
execute if entity @s[tag=aj.heiloang_aj.bone.neck_1] run data modify entity @s {} merge value {transformation:[-0.9903406917689532f,-0.10692214127662568f,-0.08827779976535684f,-0.6693529620461257f,-0.13865428982734843f,0.7662052177535711f,0.6274588051814046f,1.0389597573856595f,0.000549671779152508f,0.6336380828138596f,-0.7736294189525831f,2.0104050143252614f,0f,0f,0f,1f],start_interpolation:0}
execute if entity @s[tag=aj.heiloang_aj.bone.neck_2] run data modify entity @s {} merge value {transformation:[-0.9933907530018805f,-0.08942114633242969f,0.07196297964197201f,-0.6368653706280025f,-0.05556826534109862f,0.923251408176594f,0.3801565535235677f,1.1638036485760346f,-0.10043395709289729f,0.3736451470158955f,-0.9221183895650991f,1.619996904270602f,0f,0f,0f,1f],start_interpolation:0}
execute if entity @s[tag=aj.heiloang_aj.bone.neck_3] run data modify entity @s {} merge value {transformation:[-0.9658026697240686f,0.021809648923546116f,0.25835932800596384f,-0.5036925662956611f,0.011289483711378542f,0.9990482220950283f,-0.04213309253180292f,1.1178065716825178f,-0.25903233526220626f,-0.03777550982574046f,-0.9651296597587359f,1.1214570865352735f,0f,0f,0f,1f],start_interpolation:0}
execute if entity @s[tag=aj.heiloang_aj.bone.wing_right_2] run data modify entity @s {} merge value {transformation:[-2.067487395236615f,0.9099343356328008f,-0.6565754958077689f,-3.52525826061961f,0.9626565469040949f,2.1455836751349926f,-0.05778470401336351f,3.70679188337701f,0.5765104071579353f,-0.31947801826060185f,-2.258128772370583f,1.3497089670758087f,0f,0f,0f,1f],start_interpolation:0}
execute if entity @s[tag=aj.heiloang_aj.bone.wing_right_1] run data modify entity @s {} merge value {transformation:[-1.2932834375781987f,2.9399149985896162f,-0.9335612053067174f,-2.664318872976107f,3.0702032230833014f,1.3245075866578622f,-0.08216200310771518f,1.697924542768967f,0.2974708253843109f,-0.8887059282201173f,-3.210752505891975f,1.2037985927919705f,0f,0f,0f,1f],start_interpolation:0}
execute if entity @s[tag=aj.heiloang_aj.bone.wing_right_0] run data modify entity @s {} merge value {transformation:[-2.0907744768383814f,0.4160729971775955f,-0.6196332366980033f,-0.7246019175633935f,0.4486973060149132f,2.1734987534010766f,-0.05453344422393667f,1.2801423130539034f,0.5964334116866279f,-0.17659680060414043f,-2.1310750234189855f,0.6319574959058829f,0f,0f,0f,1f],start_interpolation:0}
execute if entity @s[tag=aj.heiloang_aj.bone.wing_left_2] run data modify entity @s {} merge value {transformation:[-2.036252043915817f,-0.694950256000225f,0.9509457196154188f,2.7869298972047463f,-0.8568212513338429f,2.177172107308316f,-0.24362874367032872f,3.5469820683884867f,-0.8081528093327233f,-0.5572627415904423f,-2.1377378884989007f,1.7817021283629009f,0f,0f,0f,1f],start_interpolation:0}
execute if entity @s[tag=aj.heiloang_aj.bone.wing_left_1] run data modify entity @s {} merge value {transformation:[-1.4670523394378705f,-2.684540809199248f,1.3521156940120604f,1.8058528930343776f,-2.9895989783069883f,1.4592871261598974f,-0.34640699362137567f,1.5949080639837834f,-0.31188804907479745f,-1.3604927416446702f,-3.0395730156843546f,1.6237481733736931f,0f,0f,0f,1f],start_interpolation:0}
execute if entity @s[tag=aj.heiloang_aj.bone.wing_left_0] run data modify entity @s {} merge value {transformation:[-2.01808233043451f,-0.22437444857520764f,0.8974407024503545f,-0.06402428005889677f,-0.3447321009482352f,2.1809851287089996f,-0.22992095799644635f,1.2724206731035412f,-0.8584308278270472f,-0.3483675862889074f,-2.0174579397497756f,0.8091271946743359f,0f,0f,0f,1f],start_interpolation:0}
execute if entity @s[tag=aj.heiloang_aj.bone.kazari_right] run data modify entity @s {} merge value {transformation:[-2.538218752781802f,0.6303305949508587f,-0.2588418294092753f,-1.899939189108077f,0.029669807470746115f,-0.8951352407823182f,-2.4707737233082434f,2.455983095374565f,-0.6807609375600898f,-2.3892020488721184f,0.8574078983271789f,-3.4086176465654f,0f,0f,0f,1f],start_interpolation:0}
execute if entity @s[tag=aj.heiloang_aj.bone.kazari_left] run data modify entity @s {} merge value {transformation:[-2.538218752781802f,0.6303305949508587f,-0.2588418294092753f,3.0006244430454365f,0.029669807470746115f,-0.8951352407823182f,-2.4707737233082434f,2.3986993095287694f,-0.6807609375600898f,-2.3892020488721184f,0.8574078983271789f,-2.0942658834868872f,0f,0f,0f,1f],start_interpolation:0}
execute if entity @s[tag=aj.heiloang_aj.bone.ring] run data modify entity @s {} merge value {transformation:[-2.1276013090641492f,-0.5660568140899006f,-0.07628000180216084f,-0.24765226893816825f,0.024870008207628785f,-0.38573239346644606f,2.168759619945564f,2.9428011527884683f,-0.5706316133411278f,2.0937326690953326f,0.3789318645913312f,0.24634952161059898f,0f,0f,0f,1f],start_interpolation:0}
execute if entity @s[tag=aj.heiloang_aj.bone.body_0] run data modify entity @s {} merge value {transformation:[-1.0899682730326903f,0.024613542825925795f,0.2915745414630106f,-0.227031929896931f,0.0127408832570711f,1.127487942878028f,-0.047549810684967615f,1.1907951459713777f,-0.29233407193421396f,-0.04263200806791646f,-1.0892087395041101f,0.09310833752190012f,0f,0f,0f,1f],start_interpolation:0}
execute if entity @s[tag=aj.heiloang_aj.bone.leg_right_3] run data modify entity @s {} merge value {transformation:[-0.984160436158638f,-0.0520704098797945f,0.16946063942694686f,-0.5596815383205613f,0.11730794311477304f,0.5254121613747227f,0.8427223191311142f,-0.18263799658342372f,-0.13291757740126275f,0.8492530442067856f,-0.510981589221458f,-1.4666082249733505f,0f,0f,0f,1f],start_interpolation:0}
execute if entity @s[tag=aj.heiloang_aj.bone.leg_right_2] run data modify entity @s {} merge value {transformation:[-0.984160436158638f,0.0320611976019068f,0.17435686252158528f,-0.5484081397769062f,0.11730794311477304f,0.8551721412239667f,0.5048954895387728f,0.3136446306865708f,-0.13291757740126275f,0.51735161010936f,-0.8453876206421714f,-1.1120797848508999f,0f,0f,0f,1f],start_interpolation:0}
execute if entity @s[tag=aj.heiloang_aj.bone.leg_right_1] run data modify entity @s {} merge value {transformation:[-0.9799256324904605f,-0.07308665966692604f,0.1854834088723356f,-0.6847773639830765f,0.004681951453179141f,0.9216853652096844f,0.38790999843891727f,0.10911740795531966f,-0.19930838948413873f,0.3809913748853399f,-0.9028409262678654f,-0.4464072956085842f,0f,0f,0f,1f],start_interpolation:0}
execute if entity @s[tag=aj.heiloang_aj.bone.leg_right_0] run data modify entity @s {} merge value {transformation:[-0.832789853873545f,0.5279901793705211f,0.16639540190030655f,-0.25778159406315015f,0.4878108155103076f,0.8420096290395495f,-0.2303484162651198f,0.6911020596682347f,-0.2617282322494999f,-0.11066234722327782f,-0.9587763959081317f,-0.5824404318265283f,0f,0f,0f,1f],start_interpolation:0}
execute if entity @s[tag=aj.heiloang_aj.bone.leg_left_3] run data modify entity @s {} merge value {transformation:[-0.8482109539835873f,-0.4494739300084454f,0.28019879333254816f,0.9187195311745826f,-0.16345490723331685f,0.7253303605326985f,0.6687139608164715f,-0.4187085212402514f,-0.5038061838084172f,0.5214106388752235f,-0.6887018765940245f,-0.4937529497014397f,0f,0f,0f,1f],start_interpolation:0}
execute if entity @s[tag=aj.heiloang_aj.bone.leg_left_2] run data modify entity @s {} merge value {transformation:[-0.8482109539835873f,-0.2693068408972469f,0.45608332899613624f,0.7334144472065509f,-0.16345490723331685f,0.9521536314834813f,0.2582362394284864f,0.1481934998418727f,-0.5038061838084172f,0.14448974876704468f,-0.851646664795698f,-0.3656979816252487f,0f,0f,0f,1f],start_interpolation:0}
execute if entity @s[tag=aj.heiloang_aj.bone.leg_left_1] run data modify entity @s {} merge value {transformation:[-0.8761059863368876f,-0.09542118742397099f,0.47258131331578124f,0.39278397872529186f,-0.03777549755589496f,0.9907909285469407f,0.13002441191366915f,0.13082568857708543f,-0.48063636201298143f,0.09606317140137699f,-0.8716424465405732f,0.2565696908091477f,0f,0f,0f,1f],start_interpolation:0}
execute if entity @s[tag=aj.heiloang_aj.bone.leg_left_0] run data modify entity @s {} merge value {transformation:[-0.901119557243865f,-0.0219896237489538f,0.43301270189221935f,0.37338529793723185f,-0.26041886143601056f,0.8259431073677969f,-0.49999999999999994f,0.6911020596682347f,-0.34664904465610824f,-0.5633244534360349f,-0.75f,-0.2180360568265283f,0f,0f,0f,1f],start_interpolation:0}
execute if entity @s[tag=aj.heiloang_aj.bone.tail_4] run data modify entity @s {} merge value {transformation:[-0.7554275009626966f,0.7100080419413284f,-1.1874646246754341f,-0.40366118891709013f,-0.7382813313794225f,0.937350079614391f,1.0301309953938855f,0.04951854483671114f,1.1700958636853465f,1.0498179710374604f,-0.11667159534739947f,-3.7002285513736006f,0f,0f,0f,1f],start_interpolation:0}
execute if entity @s[tag=aj.heiloang_aj.bone.tail_3] run data modify entity @s {} merge value {transformation:[-0.7729175434212359f,0.1666179091354939f,-0.6122392860859209f,0.4101376864368115f,-0.11368219931482845f,0.912928639514747f,0.3919663974280157f,-0.4981014288656297f,0.6242394000947279f,0.3725584135529215f,-0.686677071016868f,-2.792332022426071f,0f,0f,0f,1f],start_interpolation:0}
execute if entity @s[tag=aj.heiloang_aj.bone.tail_2] run data modify entity @s {} merge value {transformation:[-0.9754858568438574f,0.10740225922967608f,-0.19207315744259196f,0.5624932079904872f,0.09753159311483733f,0.9934128086836229f,0.0601546331365897f,-0.5270528545969296f,0.19726867830977915f,0.039946792808400966f,-0.9795352583252099f,-2.024626087252822f,0f,0f,0f,1f],start_interpolation:0}
execute if entity @s[tag=aj.heiloang_aj.bone.tail_1] run data modify entity @s {} merge value {transformation:[-0.9880949119166944f,0.14389124919102575f,0.05444036600341512f,0.5223789878738545f,0.11110638244463683f,0.9121888836577294f,-0.39441958915770353f,-0.20341388544290395f,-0.10641342407988641f,-0.3836753170813987f,-0.9173164308122266f,-1.3142362795081182f,0f,0f,0f,1f],start_interpolation:0}
execute if entity @s[tag=aj.heiloang_aj.bone.tail_ring] run data modify entity @s {} merge value {transformation:[-0.8806229041751794f,0.3535534144362983f,0.31544141101400675f,0.5786757435958916f,0.030843521648104385f,0.7071067232681333f,-0.7064338320616776f,-0.28300281034174635f,-0.4728128359239154f,-0.6123724888084366f,-0.6335992085981057f,-1.4242819705181242f,0f,0f,0f,1f],start_interpolation:0}
execute if entity @s[tag=aj.heiloang_aj.bone.tail_0] run data modify entity @s {} merge value {transformation:[-0.8806229041751794f,0.3535534144362983f,0.31544141101400675f,0.1300466552094694f,0.030843521648104385f,0.7071067232681333f,-0.7064338320616776f,0.6878366493695636f,-0.4728128359239154f,-0.6123724888084366f,-0.6335992085981057f,-0.5253699141771928f,0f,0f,0f,1f],start_interpolation:0}
execute if entity @s[tag=aj.heiloang_aj.bone.body_1] run data modify entity @s {} merge value {transformation:[-0.8660254037844386f,0.24999999999999997f,0.43301270189221935f,-0.0018960387843347866f,0f,0.8660254037844387f,-0.49999999999999994f,0.924801875f,-0.5f,-0.43301270189221924f,-0.75f,-0.290739714492411f,0f,0f,0f,1f],start_interpolation:0}