execute if entity @s[tag=aj.heiloang_aj.bone.head_lower] run data modify entity @s {} merge value {transformation:[-0.7900638032583466f,-0.10228530306104945f,-0.07305411390651503f,-0.30166423958372446f,-0.12425580887246915f,0.7057161719117017f,0.3557037793779284f,-0.056554380570355445f,0.01896525091859398f,0.3626325984795118f,-0.7128379323363705f,2.5578704835794963f,0f,0f,0f,1f],start_interpolation:0}
execute if entity @s[tag=aj.heiloang_aj.bone.horne_right] run data modify entity @s {} merge value {transformation:[-0.5047651886994606f,-0.6185878133054534f,-0.05060851220077103f,-0.7167806306241209f,-0.6074347162022993f,0.4789768077267122f,0.20397128036113393f,0.38049928341612693f,-0.12741730584747957f,0.1671237113335679f,-0.7719031644452976f,2.473612270081716f,0f,0f,0f,1f],start_interpolation:0}
execute if entity @s[tag=aj.heiloang_aj.bone.horne_left] run data modify entity @s {} merge value {transformation:[-0.6602270848533227f,0.4489309244403954f,-0.05060851220077103f,-0.04506838509387462f,0.42421273250493563f,0.6468688231539186f,0.20397128036113393f,0.48614157211950026f,0.15538260522587305f,0.14149823572241593f,-0.7719031644452976f,2.4574880137507273f,0f,0f,0f,1f],start_interpolation:0}
execute if entity @s[tag=aj.heiloang_aj.bone.head_upper] run data modify entity @s {} merge value {transformation:[-1.1572657074177448f,-0.1685316752461873f,-0.0741300834588844f,-0.335270643121359f,-0.182006802441171f,1.1183786966164961f,0.29877203219098f,0.12469698569292453f,0.0277798254142835f,0.3065750769274976f,-1.1306644577003608f,2.372538484357263f,0f,0f,0f,1f],start_interpolation:0}
execute if entity @s[tag=aj.heiloang_aj.bone.neck_0] run data modify entity @s {} merge value {transformation:[-0.901376728398765f,-0.15120141291738237f,-0.40578088450902444f,-0.4982243200459902f,-0.4253685605583826f,0.4847110033911286f,0.7642753632559764f,0.4201480446436603f,0.08112694490505966f,0.8615064572731609f,-0.5012235458226388f,2.1012175865802245f,0f,0f,0f,1f],start_interpolation:0}
execute if entity @s[tag=aj.heiloang_aj.bone.neck_1] run data modify entity @s {} merge value {transformation:[-0.9013703892003784f,-0.19568103364036318f,-0.3863163917648296f,-0.6414270869408926f,-0.4250842122421385f,0.570116580018353f,0.7030437381064263f,0.6834296029756648f,0.08267305471094466f,0.7979198069114564f,-0.5970671216564728f,1.8936299999210555f,0f,0f,0f,1f],start_interpolation:0}
execute if entity @s[tag=aj.heiloang_aj.bone.neck_2] run data modify entity @s {} merge value {transformation:[-0.9848480062993736f,-0.17322619928116476f,0.008190749095835698f,-0.632264511974169f,-0.11208580510950988f,0.6718631494546053f,0.7321452592879991f,0.9609444346252975f,-0.1323298030721036f,0.7201337322244672f,-0.6810992812588761f,1.5903784564878665f,0f,0f,0f,1f],start_interpolation:0}
execute if entity @s[tag=aj.heiloang_aj.bone.neck_3] run data modify entity @s {} merge value {transformation:[-0.9658026697240686f,-0.0749687071932575f,0.24820333618957083f,-0.5020038245404974f,0.011289483711378528f,0.944218418099365f,0.3291263077899774f,1.108401869639312f,-0.25903233526220626f,0.32067315426100756f,-0.9110823110042824f,1.1111278592712772f,0f,0f,0f,1f],start_interpolation:0}
execute if entity @s[tag=aj.heiloang_aj.bone.wing_right_2] run data modify entity @s {} merge value {transformation:[-2.227790478294561f,-0.6170887204803799f,-0.4355767466210609f,-3.393309243667482f,-0.6269936228292109f,2.267251087117845f,-0.005245113483897569f,-1.9691650870306026f,0.4211942403127108f,0.1111306678637589f,-2.3116706930072373f,1.112850297808475f,0f,0f,0f,1f],start_interpolation:0}
execute if entity @s[tag=aj.heiloang_aj.bone.wing_right_1] run data modify entity @s {} merge value {transformation:[-1.981634851829047f,-2.622359855230729f,-0.6193309911434631f,-2.086474553195034f,-2.6676516726092703f,2.0176217948762165f,-0.007457839193303612f,-0.22249200301074934f,0.37944253918272247f,0.489540453297524f,-3.286881847122561f,0.9144298149454246f,0f,0f,0f,1f],start_interpolation:0}
execute if entity @s[tag=aj.heiloang_aj.bone.wing_right_0] run data modify entity @s {} merge value {transformation:[-1.4656689975851545f,-1.6159321367858523f,-0.4110689952069339f,-0.7265126747960231f,-1.6437369853645991f,1.4921475196761045f,-0.0049499968634640215f,1.3063510321476834f,0.279898396676773f,0.30109651081863803f,-2.1816044047238745f,0.6366011594432852f,0f,0f,0f,1f],start_interpolation:0}
execute if entity @s[tag=aj.heiloang_aj.bone.wing_left_2] run data modify entity @s {} merge value {transformation:[-2.049094284946775f,0.7851206499463892f,0.8475695739862481f,2.223646101479174f,0.9952704849928825f,2.0759431600762097f,0.4831900911192578f,-2.2820975952988176f,-0.58670714962535f,0.7795008450807243f,-2.1404974093462346f,0.8757020986097211f,0f,0f,0f,1f],start_interpolation:0}
execute if entity @s[tag=aj.heiloang_aj.bone.wing_left_1] run data modify entity @s {} merge value {transformation:[-1.679650130247362f,2.629383704323246f,1.2051288513264375f,1.105613784851311f,2.8923772360903293f,1.5327627055213369f,0.6870307020864294f,-0.39885874567981494f,-0.012171154689651024f,1.3871548568571104f,-3.0434966796418963f,0.9140378905368338f,0f,0f,0f,1f],start_interpolation:0}
execute if entity @s[tag=aj.heiloang_aj.bone.wing_left_0] run data modify entity @s {} merge value {transformation:[-1.2664526596534105f,1.6385017582746193f,0.7998810217699759f,-0.06593503729152633f,1.8210786104177086f,1.1849614421358063f,0.4560033720604871f,1.2986293921973213f,-0.09039001900601333f,0.9162850914330145f,-2.0200621959934013f,0.8137708582117382f,0f,0f,0f,1f],start_interpolation:0}
execute if entity @s[tag=aj.heiloang_aj.bone.kazari_right] run data modify entity @s {} merge value {transformation:[-2.538218752781802f,0.6587004840280978f,-0.17444031622361134f,-1.9378967268840135f,0.029669807470746077f,-0.5653177221770903f,-2.566399377352131f,2.62252026240759f,-0.6807609375600898f,-2.48060471133349f,0.5385489769358515f,-3.2634575005043303f,0f,0f,0f,1f],start_interpolation:0}
execute if entity @s[tag=aj.heiloang_aj.bone.kazari_left] run data modify entity @s {} merge value {transformation:[-2.538218752781802f,0.6587004840280978f,-0.17444031622361134f,2.9626669052695f,0.029669807470746077f,-0.5653177221770903f,-2.566399377352131f,2.5652364765617945f,-0.6807609375600898f,-2.48060471133349f,0.5385489769358515f,-1.9491057374258176f,0f,0f,0f,1f],start_interpolation:0}
execute if entity @s[tag=aj.heiloang_aj.bone.ring] run data modify entity @s {} merge value {transformation:[-2.1276013090641492f,-0.5615821828048148f,-0.10423246811203102f,-0.2928755413394415f,0.024870008207628753f,-0.49271316157101186f,2.1469842824041536f,3.192074659429871f,-0.5706316133411278f,2.0723864210505982f,0.48220365975884466f,0.4222058988929791f,0f,0f,0f,1f],start_interpolation:0}
execute if entity @s[tag=aj.heiloang_aj.bone.body_0] run data modify entity @s {} merge value {transformation:[-1.0899682730326903f,-0.0008925148630751126f,0.2926102239106277f,-0.227031929896931f,0.012740883257071085f,1.127341749925219f,0.050898179800932815f,1.2739201459713776f,-0.29233407193421396f,0.05246101629245826f,-1.0887795957371713f,0.09310833752190012f,0f,0f,0f,1f],start_interpolation:0}
execute if entity @s[tag=aj.heiloang_aj.bone.leg_right_3] run data modify entity @s {} merge value {transformation:[-0.9803226529812625f,-0.06336038574701391f,0.18695710088084025f,-0.5677308413421864f,0.12646582013848753f,0.5256201558569342f,0.8412668114775667f,-0.24997073038282308f,-0.15157141019492693f,0.8483565955863852f,-0.5072644225023073f,-1.4289887195785926f,0f,0f,0f,1f],start_interpolation:0}
execute if entity @s[tag=aj.heiloang_aj.bone.leg_right_2] run data modify entity @s {} merge value {transformation:[-0.9803226529812625f,0.05355963650747961f,0.18999700363154612f,-0.5441202909264851f,0.12646582013848753f,0.9094321404278363f,0.3961560024706732f,0.2844420377416325f,-0.15157141019492693f,0.4123888302246206f,-0.8983103919678821f,-1.1358002380943861f,0f,0f,0f,1f],start_interpolation:0}
execute if entity @s[tag=aj.heiloang_aj.bone.leg_right_1] run data modify entity @s {} merge value {transformation:[-0.9799256324904605f,-0.04219790700685279f,0.1948463277365321f,-0.6847773639830765f,0.004681951453179141f,0.9722020753083535f,0.23409657002340015f,0.19224240795531955f,-0.19930838948413873f,0.23030949049132038f,-0.9524881650030446f,-0.4464072956085842f,0f,0f,0f,1f],start_interpolation:0}
execute if entity @s[tag=aj.heiloang_aj.bone.leg_right_0] run data modify entity @s {} merge value {transformation:[-0.832789853873545f,0.5279901793705211f,0.16639540190030655f,-0.25778159406315015f,0.4878108155103076f,0.8420096290395495f,-0.2303484162651198f,0.7742270596682346f,-0.2617282322494999f,-0.11066234722327782f,-0.9587763959081317f,-0.5824404318265283f,0f,0f,0f,1f],start_interpolation:0}
execute if entity @s[tag=aj.heiloang_aj.bone.leg_left_3] run data modify entity @s {} merge value {transformation:[-0.861339873633036f,-0.4408465653179661f,0.25248352012988445f,0.8877238208676697f,-0.15516296791599474f,0.7015215368801955f,0.6955515701087507f,-0.42306762638506135f,-0.4837541477623996f,0.5599302091695003f,-0.6726515333975489f,-0.47253894948942954f,0f,0f,0f,1f],start_interpolation:0}
execute if entity @s[tag=aj.heiloang_aj.bone.leg_left_2] run data modify entity @s {} merge value {transformation:[-0.861339873633036f,-0.19238218600114687f,0.4701943391824764f,0.7485373878766471f,-0.15516296791599474f,0.9809229845520618f,0.11710914466844659f,0.1679894892252735f,-0.4837541477623996f,0.027914026705139757f,-0.8747586705119184f,-0.4142931474259549f,0f,0f,0f,1f],start_interpolation:0}
execute if entity @s[tag=aj.heiloang_aj.bone.leg_left_1] run data modify entity @s {} merge value {transformation:[-0.8851594406006951f,-0.06488871655999892f,0.46074094584555925f,0.41855397201187694f,-0.028001445379205403f,0.9958619575146678f,0.08645739200166336f,0.18174451458439966f,-0.4644444894410309f,0.06362716431092946f,-0.8833135910816781f,0.2137749679997529f,0f,0f,0f,1f],start_interpolation:0}
execute if entity @s[tag=aj.heiloang_aj.bone.leg_left_0] run data modify entity @s {} merge value {transformation:[-0.901119557243865f,-0.0569694849111078f,0.4298116114550462f,0.37338529793723185f,-0.26041886143601056f,0.8637071450676421f,-0.4314996919668368f,0.7742270596682346f,-0.34664904465610824f,-0.5007638618631202f,-0.7931393285488629f,-0.2180360568265283f,0f,0f,0f,1f],start_interpolation:0}
execute if entity @s[tag=aj.heiloang_aj.bone.tail_4] run data modify entity @s {} merge value {transformation:[-1.5371170890242345f,-0.2990553615951917f,0.18080738098459093f,0.7478579152815903f,-0.14070070540381205f,1.2761517273560696f,0.9146007019200584f,-0.46445591748889126f,-0.3198886209545561f,0.8757037302392644f,-1.2710895368606039f,-4.010361433347451f,0f,0f,0f,1f],start_interpolation:0}
execute if entity @s[tag=aj.heiloang_aj.bone.tail_3] run data modify entity @s {} merge value {transformation:[-0.9741252025398625f,0.005105824470914844f,0.22595136718582665f,0.44578132226513556f,0.037378728033446454f,0.98961681623045f,0.1387854016981241f,-0.6757466243897432f,-0.22289665871715914f,0.1436401322415857f,-0.9642015307716256f,-2.7256286511982175f,0f,0f,0f,1f],start_interpolation:0}
execute if entity @s[tag=aj.heiloang_aj.bone.tail_2] run data modify entity @s {} merge value {transformation:[-0.9141752805400579f,0.1733977616353255f,0.3663560736624483f,0.16209249369251597f,0.11334268859159535f,0.9771747645008351f,-0.17967446831858547f,-0.5172085327488605f,-0.3891490606340134f,-0.12273017511026607f,-0.9129623829737282f,-2.013021385629053f,0f,0f,0f,1f],start_interpolation:0}
execute if entity @s[tag=aj.heiloang_aj.bone.tail_1] run data modify entity @s {} merge value {transformation:[-0.8808015516462545f,0.34733208552155587f,0.3217903805038259f,-0.08351605817515215f,0.14796077792778767f,0.8474940768665427f,-0.5097660226722949f,-0.10452059832635807f,-0.4497735372524203f,-0.40139034871727214f,-0.7978656234881112f,-1.3962798514433303f,0f,0f,0f,1f],start_interpolation:0}
execute if entity @s[tag=aj.heiloang_aj.bone.tail_ring] run data modify entity @s {} merge value {transformation:[-0.8814828168407522f,0.44153022871079195f,-0.16744880038115662f,-0.09388564661246204f,0.42327682512154363f,0.5815807246797661f,-0.6946946019626066f,-0.18631569666195658f,-0.20934367181627167f,-0.6832385511778107f,-0.6995429288148993f,-1.5180000605507773f,0f,0f,0f,1f],start_interpolation:0}
execute if entity @s[tag=aj.heiloang_aj.bone.tail_0] run data modify entity @s {} merge value {transformation:[-0.8814828168407522f,0.44153022871079195f,-0.16744880038115662f,0.1300466552094694f,0.42327682512154363f,0.5815807246797661f,-0.6946946019626066f,0.7709616493695635f,-0.20934367181627167f,-0.6832385511778107f,-0.6995429288148993f,-0.5253699141771928f,0f,0f,0f,1f],start_interpolation:0}
execute if entity @s[tag=aj.heiloang_aj.bone.body_1] run data modify entity @s {} merge value {transformation:[-0.8660254037844386f,0.24999999999999997f,0.43301270189221935f,-0.0018960387843347866f,0f,0.8660254037844387f,-0.49999999999999994f,1.0079268749999999f,-0.5f,-0.43301270189221924f,-0.75f,-0.290739714492411f,0f,0f,0f,1f],start_interpolation:0}