execute if entity @s[tag=aj.red_knight.bone.head] run data modify entity @s {} merge value {transformation:[-1f,-7.058982672354294e-17f,1.0007334405204393e-16f,7.424859152436662e-17f,0f,0.8171608672942997f,0.5764096780613833f,1.119316399708052f,-1.2246467991473532e-16f,0.5764096780613833f,-0.8171608672942997f,-0.6062857599110321f,0f,0f,0f,1f],start_interpolation:0}
execute if entity @s[tag=aj.red_knight.bone.body] run data modify entity @s {} merge value {transformation:[-1f,-1.6405213178132414e-17f,1.213608948846316e-16f,0.46875000000000006f,0f,0.9909869112394512f,0.1339587315261377f,0.06135012270553197f,-1.2246467991473532e-16f,0.1339587315261377f,-0.9909869112394512f,-0.24475103581744406f,0f,0f,0f,1f],start_interpolation:0}
execute if entity @s[tag=aj.red_knight.bone.left_hand] run data modify entity @s {} merge value {transformation:[-0.8528685297844201f,0.5206970062546313f,-0.03859920440664753f,0.3466619819663085f,-0.49179962062042937f,-0.8259619002422239f,-0.27553597316113937f,1.2265224179931535f,-0.17535222856001437f,-0.2160128862492207f,0.9605155016517524f,-0.08516750486404345f,0f,0f,0f,1f],start_interpolation:0}
execute if entity @s[tag=aj.red_knight.bone.left_arm] run data modify entity @s {} merge value {transformation:[-0.8528685297844201f,0.1612553636646972f,0.49660042145846806f,0.3437500000000001f,-0.49179962062042937f,0.07132019119185778f,-0.8677825554169424f,1.2180725014518323f,-0.17535222856001437f,-0.9843323310842346f,0.018478580067563977f,-0.40373087261286766f,0f,0f,0f,1f],start_interpolation:0}
execute if entity @s[tag=aj.red_knight.bone.weapon] run data modify entity @s {} merge value {transformation:[-0.000003750681810506119f,-0.000008741528596988104f,-0.000013685607093664335f,-0.18394416751173603f,0.000015013839086142846f,-0.000007219138089338359f,4.964462914064571e-7f,1.4846355118188486f,-0.0000061882792139273795f,-0.000012216689437522798f,0.000009499235618478521f,-0.017663477911162115f,0f,0f,0f,1f],start_interpolation:0}
execute if entity @s[tag=aj.red_knight.bone.right_hand] run data modify entity @s {} merge value {transformation:[-0.8528685297844201f,-0.5206970062546313f,0.03859920440664731f,-0.3466619819663083f,0.49179962062042937f,-0.8259619002422239f,-0.27553597316113937f,1.2265224179931535f,0.17535222856001415f,-0.2160128862492208f,0.9605155016517524f,-0.08516750486404362f,0f,0f,0f,1f],start_interpolation:0}
execute if entity @s[tag=aj.red_knight.bone.right_arm] run data modify entity @s {} merge value {transformation:[-0.8528685297844201f,-0.16125536366469698f,-0.49660042145846806f,-0.3437499999999999f,0.49179962062042937f,0.07132019119185778f,-0.8677825554169424f,1.2180725014518323f,0.17535222856001415f,-0.9843323310842346f,0.018478580067563866f,-0.4037308726128678f,0f,0f,0f,1f],start_interpolation:0}
execute if entity @s[tag=aj.red_knight.bone.waist] run data modify entity @s {} merge value {transformation:[-1f,4.91811710910132e-18f,1.2236588556750504e-16f,-0.21874999999999992f,0f,0.9991932829343199f,-0.04015947383788946f,0.39066281486245374f,-1.2246467991473532e-16f,-0.04015947383788946f,-0.9991932829343199f,-0.685617524663849f,0f,0f,0f,1f],start_interpolation:0}
execute if entity @s[tag=aj.red_knight.bone.left_foot] run data modify entity @s {} merge value {transformation:[-0.9631033046900412f,-0.15547914470135202f,-0.2196776275774514f,0.22645606780895983f,-0.22613630158308357f,0.024927269635770882f,0.973776670666755f,-0.027063545478436146f,-0.14592600042982765f,0.9875246157901287f,-0.05916701451917539f,-0.4888262880354762f,0f,0f,0f,1f],start_interpolation:0}
execute if entity @s[tag=aj.red_knight.bone.left_leg] run data modify entity @s {} merge value {transformation:[-0.9762960088878984f,-0.2164396059633275f,-1.4624872425900831e-8f,0.12500000000000008f,-0.2146844783172758f,0.9683791479714462f,-0.12709209473344513f,0.40502022635086843f,0.027507777067582246f,-0.12407950170973203f,-0.9918909211482202f,-0.7174698065342634f,0f,0f,0f,1f],start_interpolation:0}
execute if entity @s[tag=aj.red_knight.bone.right_foot] run data modify entity @s {} merge value {transformation:[-0.9631032665204846f,0.20192308781464421f,0.1779302240345132f,-0.20639756588580466f,0.18641677868546913f,0.023662858117077898f,0.9821857531904359f,-0.031021056134597935f,0.19411564244569623f,0.979115486422889f,-0.060431627520397393f,-0.48831916970055134f,0f,0f,0f,1f],start_interpolation:0}
execute if entity @s[tag=aj.red_knight.bone.right_leg] run data modify entity @s {} merge value {transformation:[-0.9848077560158668f,0.17364816063232588f,-5.475257026407788e-8f,-0.12499999999999992f,0.17224003933731505f,0.9768218624347849f,-0.127092163088518f,0.40502022635086843f,-0.022069266867597075f,-0.12516135736899084f,-0.9918909123898043f,-0.7174698065342634f,0f,0f,0f,1f],start_interpolation:0}