execute if entity @s[tag=aj.red_knight.bone.head] run data modify entity @s {} merge value {transformation:[-1f,-7.461797016997977e-17f,9.710693257605551e-17f,7.276449632183186e-17f,0f,0.7929382793770834f,0.6093019654477658f,1.1175402273940391f,-1.2246467991473532e-16f,0.6093019654477658f,-0.7929382793770834f,-0.5941672029232701f,0f,0f,0f,1f],start_interpolation:0}
execute if entity @s[tag=aj.red_knight.bone.body] run data modify entity @s {} merge value {transformation:[-1f,-1.8796714926490778e-17f,1.2101355847420907e-16f,0.46875000000000006f,0f,0.988150694212106f,0.15348682525915047f,0.05264612055235779f,-1.2246467991473532e-16f,0.15348682525915047f,-0.988150694212106f,-0.2535786810763675f,0f,0f,0f,1f],start_interpolation:0}
execute if entity @s[tag=aj.red_knight.bone.left_hand] run data modify entity @s {} merge value {transformation:[-0.8528685297844201f,0.5186027949378645f,-0.06055090408901377f,0.34502615794666536f,-0.48824381563912855f,-0.833238385240239f,-0.2594836600874588f,1.2173083065739585f,-0.18502228891002934f,-0.19174184322905208f,0.9638474039813664f,-0.07105659703011491f,0f,0f,0f,1f],start_interpolation:0}
execute if entity @s[tag=aj.red_knight.bone.left_arm] run data modify entity @s {} merge value {transformation:[-0.8528685297844201f,0.16649000052755528f,0.4948700340773286f,0.3437500000000001f,-0.48824381563912855f,0.08155909228143575f,-0.8688878471680755f,1.2122802844344616f,-0.18502228891002934f,-0.9826643344451669f,0.011728529998714293f,-0.38970309460110636f,0f,0f,0f,1f],start_interpolation:0}
execute if entity @s[tag=aj.red_knight.bone.weapon] run data modify entity @s {} merge value {transformation:[-0.00000374891637702742f,-0.000008801483301881708f,-0.000013647611346405311f,-0.18296278452858256f,0.000014847036984333424f,-0.000007532329407183314f,7.792844572393582e-7f,1.4776953019615333f,-0.000006579429805208732f,-0.000011982307088626827f,0.000009534841270307132f,-0.011137271021036094f,0f,0f,0f,1f],start_interpolation:0}
execute if entity @s[tag=aj.red_knight.bone.right_hand] run data modify entity @s {} merge value {transformation:[-0.8528685297844201f,-0.5186027949378644f,0.06055090408901355f,-0.3450261579466652f,0.48824381563912855f,-0.833238385240239f,-0.2594836600874588f,1.2173083065739585f,0.18502228891002911f,-0.19174184322905222f,0.9638474039813664f,-0.07105659703011491f,0f,0f,0f,1f],start_interpolation:0}
execute if entity @s[tag=aj.red_knight.bone.right_arm] run data modify entity @s {} merge value {transformation:[-0.8528685297844201f,-0.16649000052755505f,-0.4948700340773286f,-0.3437499999999999f,0.48824381563912855f,0.08155909228143575f,-0.8688878471680755f,1.2122802844344616f,0.18502228891002911f,-0.982664334445167f,0.011728529998714182f,-0.3897030946011064f,0f,0f,0f,1f],start_interpolation:0}
execute if entity @s[tag=aj.red_knight.bone.waist] run data modify entity @s {} merge value {transformation:[-1f,5.087611352129025e-18f,1.2235895568918633e-16f,-0.21874999999999992f,0f,0.9991366961835642f,-0.04154349936382652f,0.3906654673663954f,-1.2246467991473532e-16f,-0.04154349936382652f,-0.9991366961835642f,-0.6855526484673206f,0f,0f,0f,1f],start_interpolation:0}
execute if entity @s[tag=aj.red_knight.bone.left_foot] run data modify entity @s {} merge value {transformation:[-0.9631033046900412f,-0.15315089088612222f,-0.2213070923307893f,0.22645606780895983f,-0.22633821863258702f,0.01601240347680033f,0.9739171493105169f,-0.026787900641770335f,-0.14561262061150004f,0.9880730780441714f,-0.050085498529695266f,-0.48818297380576053f,0f,0f,0f,1f],start_interpolation:0}
execute if entity @s[tag=aj.red_knight.bone.left_leg] run data modify entity @s {} merge value {transformation:[-0.9762960088878984f,-0.2164396059633275f,-1.4624872425922508e-8f,0.12500000000000008f,-0.21464616909265466f,0.9682063463123287f,-0.12846592176284932f,0.404978743889144f,0.02780512764596106f,-0.12542076355600196f,-0.9917139239446128f,-0.7174247874006168f,0f,0f,0f,1f],start_interpolation:0}
execute if entity @s[tag=aj.red_knight.bone.right_foot] run data modify entity @s {} merge value {transformation:[-0.9631032665204846f,0.20003305757370307f,0.18005241985401962f,-0.20639756588580466f,0.18668548524122675f,0.014647642833288094f,0.98231052939469f,-0.030744705050300192f,0.1938572351443719f,0.9796796529667972f,-0.051450461076997966f,-0.4876703740867878f,0f,0f,0f,1f],start_interpolation:0}
execute if entity @s[tag=aj.red_knight.bone.right_leg] run data modify entity @s {} merge value {transformation:[-0.9848077560158668f,0.17364816063232588f,-5.4752570264099555e-8f,-0.12499999999999992f,0.17220930415610908f,0.9766475541095799f,-0.12846599010572465f,0.404978743889144f,-0.022307829411705834f,-0.12651431286927725f,-0.9917139150915213f,-0.7174247874006168f,0f,0f,0f,1f],start_interpolation:0}