# This file was generated by Animated Java via MC-Build. It is not recommended to edit this file directly.
$data merge entity $(bone_body) { transformation: [-0.7071067811865476f,0.27059805007309845f,-0.6532814824381882f,0.057262256259137306f,0f,0.9238795325112867f,0.3826834323650897f,0.9904849415639109f,0.7071067811865475f,0.2705980500730985f,-0.6532814824381883f,0.03382475625913731f,0f,0f,0f,1f], start_interpolation: 0, interpolation_duration: 1 }
$data merge entity $(bone_left_hand) { transformation: [-0.44439034700128766f,-0.2592699731305808f,0.8574941985371931f,0.8280428136855443f,-0.8923991008325228f,0.2118547648384246f,-0.3984236482044716f,1.4499206848213526f,-0.07836494321684906f,-0.9422826750227999f,-0.32551850335502647f,-0.46782457380602355f,0f,0f,0f,1f], start_interpolation: 0, interpolation_duration: 1 }
$data merge entity $(bone_left_arm) { transformation: [-0.44439034700128766f,-0.612976772965696f,-0.6532814824381882f,0.4573867612951329f,-0.8923991008325228f,0.23911761839433449f,0.3826834323650897f,1.3946822370375989f,-0.07836494321684906f,0.7530486308187427f,-0.6532814824381883f,-0.1295264549628971f,0f,0f,0f,1f], start_interpolation: 0, interpolation_duration: 1 }
$data merge entity $(bone_right_hand) { transformation: [-0.18391884177464551f,-0.9626815207747188f,0.1985400443214092f,0.009328498382208478f,0.7567978077333785f,-0.2675785945495249f,-0.5963713389733389f,1.1934432814529414f,0.6272407335706325f,0.0405707443581593f,0.7777680096609783f,1.0850726181308508f,0f,0f,0f,1f], start_interpolation: 0, interpolation_duration: 1 }
$data merge entity $(bone_right_arm) { transformation: [-0.18391884177464551f,-0.4409352683073806f,-0.8784929987216579f,-0.16287512580413016f,0.7567978077333785f,0.5067960420417579f,-0.4128133355171087f,1.289104337210007f,0.6272407335706325f,-0.7407657260791072f,0.24048950333906008f,0.6202310464867757f,0f,0f,0f,1f], start_interpolation: 0, interpolation_duration: 1 }
$data merge entity $(bone_head) { transformation: [-0.9619397662556433f,0.24126162425249303f,0.1283149046646065f,0.20428895064274422f,0.27059805007309845f,0.7756127953263433f,0.5702644009779085f,1.567909649383465f,0.03806023374435652f,0.5832817675781619f,-0.8113777161213018f,0.22504562446690352f,0f,0f,0f,1f], start_interpolation: 0, interpolation_duration: 1 }
$data merge entity $(bone_bottom) { transformation: [-0.7071067811865476f,-0.1830127018922193f,-0.6830127018922193f,0.012388956543960194f,0f,0.9659258262890683f,-0.25881904510252074f,0.875f,0.7071067811865475f,-0.18301270189221933f,-0.6830127018922194f,0.011048543456039808f,0f,0f,0f,1f], start_interpolation: 0, interpolation_duration: 1 }
data modify entity @s data merge value {"locators":{"locator_left_hand":{"posx":1.005132332724383,"posy":1.3248347313466446,"posz":0.15177288391545213,"roty":69.2124377019891,"rotx":-23.479670038446194},"locator_right_hand":{"posx":0.6382145144878888,"posy":1.3808666998719012,"posz":1.0682487036078498,"roty":165.67997876035304,"rotx":-36.610453606674795}},"cameras":{}}