# This file was generated by Animated Java via MC-Build. It is not recommended to edit this file directly.
$data merge entity $(bone_body) { transformation: [-0.6502647224575668f,0.2907275505545597f,-0.7018783955043276f,0.05977844381931996f,0f,0.9238795325112867f,0.3826834323650897f,0.9904849415639109f,0.7597077008476243f,0.24884553593599415f,-0.6007662677926785f,0.031105691991999272f,0f,0f,0f,1f], start_interpolation: 0, interpolation_duration: 1 }
$data merge entity $(bone_left_hand) { transformation: [-0.4807530192553353f,-0.45910800326390144f,0.7470584821926008f,0.8037263069094682f,-0.8768505027418978f,0.248682278667552f,-0.411449049236956f,1.4111517906856859f,0.0031193457904307442f,-0.852863978378585f,-0.5221238397795029f,-0.5186523294665666f,0f,0f,0f,1f], start_interpolation: 0, interpolation_duration: 1 }
$data merge entity $(bone_left_arm) { transformation: [-0.4807530192553353f,-0.5707168389503279f,-0.6657017532014052f,0.4460615975411266f,-0.8768505027418978f,0.3156051533141734f,0.36266593863060553f,1.3946822370375989f,0.0031193457904307442f,0.7580736619485486f,-0.6521614775051936f,-0.16272042309247858f,0f,0f,0f,1f], start_interpolation: 0, interpolation_duration: 1 }
$data merge entity $(bone_right_hand) { transformation: [-0.13873063073885983f,-0.9896187762585105f,0.03752985173705836f,0.03870878137197925f,0.7538264131789127f,-0.1301010780877222f,-0.6440647857740922f,1.180294910816755f,0.6422612793004208f,-0.061060520445045174f,0.7640497771443734f,1.0818112643378508f,0f,0f,0f,1f], start_interpolation: 0, interpolation_duration: 1 }
$data merge entity $(bone_right_arm) { transformation: [-0.13873063073885983f,-0.3791716580129582f,-0.9148675673858495f,-0.1130159400580587f,0.7538264131789127f,0.558683214128895f,-0.3458595163421446f,1.3008352149686284f,0.6422612793004208f,-0.7376326457053749f,0.20832313625969473f,0.6156219717946273f,0f,0f,0f,1f], start_interpolation: 0, interpolation_duration: 1 }
$data merge entity $(bone_head) { transformation: [-0.9563886105757926f,0.2827180282148132f,0.07342575898983039f,0.2211623903391208f,0.27292023069859017f,0.7753244601799126f,0.5695494088506766f,1.567909649383465f,0.10409309888908519f,0.5647499428676863f,-0.8186709526999305f,0.21037501760348387f,0f,0f,0f,1f], start_interpolation: 0, interpolation_duration: 1 }
$data merge entity $(bone_bottom) { transformation: [-0.6989326604357615f,-0.1890366875037661f,-0.6897523229056877f,0.012516651828768465f,-0.00215472580425208f,0.964987885284891f,-0.2622856046566462f,0.875f,0.7151842373353154f,-0.1818337483279644f,-0.674868872178963f,0.011174779649769784f,0f,0f,0f,1f], start_interpolation: 0, interpolation_duration: 1 }
data modify entity @s data merge value {"locators":{"locator_left_hand":{"posx":1.1125276999772682,"posy":1.261654834415447,"posz":0.0409909165664043,"roty":55.05006011033355,"rotx":-24.2958943634242},"locator_right_hand":{"posx":0.685978437186332,"posy":1.2774522810177433,"posz":1.1319175633689809,"roty":177.18791196464724,"rotx":-40.095592484501594}},"cameras":{}}