# This file was generated by Animated Java via MC-Build. It is not recommended to edit this file directly.
$data merge entity $(bone_body) { transformation: [-0.4209654525252476f,0.34712321402587876f,-0.8380295711158153f,0.06682790175323484f,6.938893903907228e-18f,0.9238795325112867f,0.38268343236508967f,0.9904849415639109f,0.9070766713901386f,0.16109650427948496f,-0.38892136548242806f,0.020137063034935624f,0f,0f,0f,1f], start_interpolation: 0, interpolation_duration: 1 }
$data merge entity $(bone_left_hand) { transformation: [-0.507409302697108f,-0.851876650406977f,0.12977662357999453f,0.6781398866459571f,-0.8086678526088342f,0.41872664417290073f,-0.4131879737077515f,1.29623405840838f,0.2976442569468646f,-0.3146016051311405f,-0.9013510561126885f,-0.6709113978261203f,0f,0f,0f,1f], start_interpolation: 0, interpolation_duration: 1 }
$data merge entity $(bone_left_arm) { transformation: [-0.507409302697108f,-0.4193662122883506f,-0.7527733918832125f,0.3864227303800851f,-0.8086678526088342f,0.5334899221192009f,0.24788063085740586f,1.3946822370375989f,0.2976442569468646f,0.7345205803707415f,-0.6098257237263593f,-0.270796577599798f,0f,0f,0f,1f], start_interpolation: 0, interpolation_duration: 1 }
$data merge entity $(bone_right_hand) { transformation: [0.029208107095335223f,-0.8941646126566536f,-0.4467846594865181f,0.14504169432294528f,0.7432419750326433f,0.3183067746127615f,-0.5884489474756465f,1.1538857422150552f,0.6683848090953916f,-0.3148816328530408f,0.6738778110772902f,1.0617740249124683f,0f,0f,0f,1f], start_interpolation: 0, interpolation_duration: 1 }
$data merge entity $(bone_right_arm) { transformation: [0.029208107095335223f,-0.18781902606050144f,-0.9817692702104664f,0.05152500577670986f,0.7432419750326433f,0.6608407436574645f,-0.10431144746299348f,1.3242969704858711f,0.6683848090953916f,-0.7266453914888156f,0.1588968910916228f,0.5958368459467001f,0f,0f,0f,1f], start_interpolation: 0, interpolation_duration: 1 }
$data merge entity $(bone_head) { transformation: [-0.9058851924699383f,0.4105579427077366f,-0.10399131571094583f,0.2706247401279951f,0.28587411832528f,0.7739097187889613f,0.5651015268389695f,1.567909649383465f,0.3124868101783604f,0.48218867971322343f,-0.8184412444525091f,0.14916852419055554f,0f,0f,0f,1f], start_interpolation: 0, interpolation_duration: 1 }
$data merge entity $(bone_bottom) { transformation: [-0.6501162845270674f,-0.22344688742350524f,-0.7262370860080531f,0.013278358541450258f,-0.014543897651582652f,0.9592672391220017f,-0.2821255730846686f,0.875f,0.7596955256112946f,-0.1728521114941896f,-0.6268850420277858f,0.011871498213164836f,0f,0f,0f,1f], start_interpolation: 0, interpolation_duration: 1 }
data modify entity @s data merge value {"locators":{"locator_left_hand":{"posx":1.2451122088301783,"posy":1.034080133366927,"posz":-0.4691047859736041,"roty":8.193146830309075,"rotx":-24.405256283521965},"locator_right_hand":{"posx":0.7322935980522389,"posy":0.9566100772353155,"posz":1.2788586091143919,"roty":213.54459495684384,"rotx":-36.04701789563583}},"cameras":{}}