# This file was generated by Animated Java via MC-Build. It is not recommended to edit this file directly.
$data merge entity $(bone_body) { transformation: [-0.41116288504903653f,0.36029020733191164f,-0.8373386701083861f,0.06847377591648895f,6.938893903907228e-18f,0.9185757741246411f,0.39524492051298554f,0.9898219717655802f,0.911561891457817f,0.16251004181909628f,-0.3776842654252396f,0.02031375522738704f,0f,0f,0f,1f], start_interpolation: 0, interpolation_duration: 1 }
$data merge entity $(bone_left_hand) { transformation: [-0.5083458469330988f,-0.7987656032392842f,0.32180430542124944f,0.657267646818622f,-0.8170879175769442f,0.32938408895458116f,-0.4731526782058129f,1.314638769791256f,0.27194086646850923f,-0.5034676087151416f,-0.8201027570487823f,-0.6930623672997873f,0f,0f,0f,1f], start_interpolation: 0, interpolation_duration: 1 }
$data merge entity $(bone_left_arm) { transformation: [-0.5083458469330988f,-0.3669959400165126f,-0.7790368925264495f,0.3899234536359258f,-0.8170879175769442f,0.4912300537590012f,0.3017621070209143f,1.3916988729451107f,0.27194086646850923f,0.7899411460959136f,-0.5495827061043965f,-0.27178854260448226f,0f,0f,0f,1f], start_interpolation: 0, interpolation_duration: 1 }
$data merge entity $(bone_right_hand) { transformation: [0.16418327163895646f,-0.8198290548450382f,-0.5485655604809875f,-0.14093883005012608f,0.8407829504973164f,0.4071378358104388f,-0.3568232234659331f,1.3418728989697475f,0.5158758411352055f,-0.4026401662570235f,0.7561435135274f,0.9975940334092128f,0f,0f,0f,1f], start_interpolation: 0, interpolation_duration: 1 }
$data merge entity $(bone_right_arm) { transformation: [0.16418327163895646f,0.4726659166986509f,-0.8658122108779436f,0.0498389549700622f,0.8407829504973164f,0.39196961015672016f,0.37342181894824494f,1.3679618505124633f,0.5158758411352055f,-0.7892697611748554f,-0.33305459106283386f,0.5308971126456483f,0f,0f,0f,1f], start_interpolation: 0, interpolation_duration: 1 }
$data merge entity $(bone_head) { transformation: [-0.9096659896720428f,0.4107878340167017f,-0.06132815550666232f,0.28080631534115136f,0.307377262695551f,0.7651343662962797f,0.565763749183509f,1.5639318305934808f,0.27933314449197216f,0.4958051602557773f,-0.8222835505176849f,0.150368840472379f,0f,0f,0f,1f], start_interpolation: 0, interpolation_duration: 1 }
$data merge entity $(bone_bottom) { transformation: [-0.6006875280381847f,-0.2557592502104312f,-0.7574705932187553f,0.014048486818229981f,-0.026392346608559002f,0.9532767205735306f,-0.30094341337379116f,0.875f,0.7990481447947105f,-0.160781528616856f,-0.5793715235975603f,0.012489477830259714f,0f,0f,0f,1f], start_interpolation: 0, interpolation_duration: 1 }
data modify entity @s data merge value {"locators":{"locator_left_hand":{"posx":1.189400477802732,"posy":1.111247460126952,"posz":-0.36691082511904605,"roty":21.424799238588548,"rotx":-28.23913908827114},"locator_right_hand":{"posx":0.3996393508112889,"posy":1.0878259278206677,"posz":1.269887202533122,"roty":215.96006317768217,"rotx":-20.905226980914545}},"cameras":{}}