# This file was generated by Animated Java via MC-Build. It is not recommended to edit this file directly.
$data merge entity $(bone_head) { transformation: [-0.9766791921972022f,-0.07245405320224742f,0.20210929148257017f,0f,0f,0.9413397312888873f,0.3374603832999742f,1.7379831316027383f,-0.21470387870045712f,0.329590534559977f,-0.9193869283383619f,0f,0f,0f,0f,1f], start_interpolation: 0, interpolation_duration: 1 }
$data merge entity $(bone_bust) { transformation: [-0.9110970628430669f,0.20609593765934392f,0.3569686352595317f,-0.029626291038530678f,0f,0.8660254037844387f,-0.49999999999999994f,1.6286081316027383f,-0.4121918753186879f,-0.4555485314215334f,-0.7890332017354832f,0.06548510139184538f,0f,0f,0f,1f], start_interpolation: 0, interpolation_duration: 1 }
$data merge entity $(bone_left_wing) { transformation: [-0.9994829301318177f,0f,0.03215388584784329f,0.10846755084252765f,0f,1f,0f,1.5192331316027383f,-0.03215388584784329f,0f,-0.9994829301318177f,-0.0881251406479654f,0f,0f,0f,1f], start_interpolation: 0, interpolation_duration: 1 }
$data merge entity $(bone_right_wing) { transformation: [-0.6840049268519005f,0f,0.7294773883009167f,-0.005419582012855667f,0f,1f,0f,1.5192331316027383f,-0.7294773883009167f,0f,-0.6840049268519005f,-0.13964912506280136f,0f,0f,0f,1f], start_interpolation: 0, interpolation_duration: 1 }
$data merge entity $(bone_body) { transformation: [-0.9110970628430669f,0f,0.4121918753186879f,0.2494525937621895f,0f,1f,0f,0.4567331316027383f,-0.4121918753186879f,0f,-0.9110970628430669f,0.6616444690808774f,0f,0f,0f,1f], start_interpolation: 0, interpolation_duration: 1 }
$data merge entity $(bone_right_ring) { transformation: [0.731529245946789f,0.6774767059090794f,0.07674812880523685f,-0.645786421650569f,0.6645823202487354f,-0.6833689543701199f,-0.30222046888967696f,1.952582987280656f,-0.15230003919017773f,0.27208856123268355f,-0.9501434170213455f,-0.2868359299756089f,0f,0f,0f,1f], start_interpolation: 0, interpolation_duration: 1 }
$data merge entity $(bone_sword) { transformation: [0.6322238111018263f,-0.3759233507331848f,0.6774767059090795f,-0.7683536546160421f,0.7300636581129345f,-0.003731930579370788f,-0.6833689543701199f,2.1249427467804516f,0.25942264314944186f,0.9266432469228305f,0.2720885612326833f,-0.3527271458800076f,0f,0f,0f,1f], start_interpolation: 0, interpolation_duration: 1 }
$data merge entity $(bone_right_hand) { transformation: [0.6322238111018263f,0.6774767059090794f,0.37592335073318495f,-0.5046878722210393f,0.7300636581129345f,-0.6833689543701199f,0.003731930579370636f,1.8461564566521407f,0.25942264314944186f,0.27208856123268355f,-0.9266432469228304f,-0.33119489668201746f,0f,0f,0f,1f], start_interpolation: 0, interpolation_duration: 1 }
$data merge entity $(bone_right_arm) { transformation: [0.6322238111018263f,0.6653543297057692f,0.3969844689879808f,-0.3131896153523043f,0.7300636581129345f,-0.68314986641327f,-0.01770070965503181f,1.6129831316027383f,0.25942264314944186f,0.30101474376069715f,-0.9176546279837744f,-0.14169095714079896f,0f,0f,0f,1f], start_interpolation: 0, interpolation_duration: 1 }
$data merge entity $(bone_left_ring) { transformation: [-0.20467897022696802f,-0.869036492063612f,0.4504243494845711f,0.763479275132477f,-0.9043090390762262f,0.34399671001674853f,0.2527675322162344f,1.4631626940112552f,-0.3746087038388992f,-0.355586612458096f,-0.8562864474279127f,0.18214025973770573f,0f,0f,0f,1f], start_interpolation: 0, interpolation_duration: 1 }
$data merge entity $(bone_left_hand) { transformation: [-0.3744335366777656f,-0.869036492063612f,0.32338073856176325f,0.6580092674877029f,-0.9270743392926033f,0.34399671001674853f,-0.1489947412589979f,1.502943922958341f,0.01823995713161214f,-0.355586612458096f,-0.934465336438122f,0.0389737262500543f,0f,0f,0f,1f], start_interpolation: 0, interpolation_duration: 1 }
$data merge entity $(bone_left_arm) { transformation: [-0.3744335366777656f,-0.9267966912077998f,-0.029110475386946277f,0.3131896153523043f,-0.9270743392926033f,0.374794111337832f,-0.007908446855575207f,1.6442331316027383f,0.01823995713161214f,0.024026387010085692f,-0.999544914794267f,0.14169095714079896f,0f,0f,0f,1f], start_interpolation: 0, interpolation_duration: 1 }
$data merge entity $(bone_leftfoot) { transformation: [-0.9165962466510522f,0.07418936361969905f,0.3928705371377548f,0.00574526284732306f,0.001624849305917102f,0.9833161086379851f,-0.18189774698380212f,0.605699323046083f,-0.39981080586939743f,-0.16608843674005222f,-0.9014244009850793f,0.2544400138723413f,0f,0f,0f,1f], start_interpolation: 0, interpolation_duration: 1 }
$data merge entity $(bone_leftleg) { transformation: [-0.9109479241349404f,0.1493680559010452f,0.3845296651632816f,0.12290383012797966f,0.0436193209292267f,0.9617960780525504f,-0.27026960444046505f,0.9567331316027383f,-0.41020876923332145f,-0.2294286122502478f,-0.8826614739100203f,0.031593736165143896f,0f,0f,0f,1f], start_interpolation: 0, interpolation_duration: 1 }
$data merge entity $(bone_rightfoot) { transformation: [-0.8851638500619373f,0.16056485733023682f,0.4366965595628719f,-0.3080793133392698f,0.19875306989856123f,0.979111836904796f,0.04286289816162436f,0.666070191655484f,-0.42069249547552645f,0.12473546978881694f,-0.8985871615080739f,0.18669898219472889f,0f,0f,0f,1f], start_interpolation: 0, interpolation_duration: 1 }
$data merge entity $(bone_rightleg) { transformation: [-0.8993769517338744f,0.30621920449338996f,0.3120110534729814f,-0.10487043558278707f,0.1598811876918348f,0.8946492839019236f,-0.4171818124463525f,0.9567331316027383f,-0.40688954829552026f,-0.32531900899457256f,-0.8535856359350577f,-0.07145423266452808f,0f,0f,0f,1f], start_interpolation: 0, interpolation_duration: 1 }
$data merge entity $(bone_skirt_right_back) { transformation: [-0.7002758334467065f,0.5499513742455896f,0.455156284210059f,-0.10619660579302961f,0.522157291936755f,0.8293692807175035f,-0.19874193991054157f,0.9509758549245093f,-0.48679104302338505f,0.09848899515945064f,-0.8679483845625192f,-0.24632051791941229f,0f,0f,0f,1f], start_interpolation: 0, interpolation_duration: 1 }
$data merge entity $(bone_skirt_right) { transformation: [-0.7002758334467065f,0.5754859278347894f,0.42240940325074705f,-0.28285074074218614f,0.522157291936755f,0.8164103030664228f,-0.24662923493427547f,0.9856320986811464f,-0.48679104302338505f,0.047855657044107464f,-0.872206579040242f,-0.01921561622408173f,0f,0f,0f,1f], start_interpolation: 0, interpolation_duration: 1 }
$data merge entity $(bone_skirt_left_back) { transformation: [-0.9170679596310916f,-0.06509092827463851f,0.3933821659333486f,0.22339154280779688f,-0.17710088877017707f,0.9504221944572699f,-0.255603066256727f,0.9590142972196793f,-0.35724170055423277f,-0.3040737136606407f,-0.8831294039073474f,-0.10350506320910702f,0f,0f,0f,1f], start_interpolation: 0, interpolation_duration: 1 }
$data merge entity $(bone_skirt_left) { transformation: [-0.9170679596310916f,-0.05311538768566963f,0.39517731843954274f,0.14422600746550146f,-0.17710088877017707f,0.9422222032387103f,-0.28434590716379904f,0.9856320986811464f,-0.35724170055423277f,-0.33075077522961527f,-0.8734885758097404f,0.1739993253315532f,0f,0f,0f,1f], start_interpolation: 0, interpolation_duration: 1 }
$data merge entity $(bone_skirt_back_middle) { transformation: [-0.9110970628430669f,0.08231709932056164f,0.4038886446016841f,0.05292977202871847f,0f,0.9798559088274507f,-0.1997057784239872f,0.983351541227705f,-0.4121918753186879f,-0.18195134815488306f,-0.8927438405421142f,-0.11699444535396f,0f,0f,0f,1f], start_interpolation: 0, interpolation_duration: 1 }
$data merge entity $(bone_skirt_front_middle) { transformation: [-0.9110970628430669f,0.151201044731814f,0.3834584542694876f,-0.07056313998363864f,0f,0.9302911513552156f,-0.36682199185734143f,1.072209637216392f,-0.4121918753186879f,-0.33421043936746714f,-0.8475855355886319f,0.15597073458658386f,0f,0f,0f,1f], start_interpolation: 0, interpolation_duration: 1 }
$data merge entity $(bone_lower) { transformation: [-0.9110970628430669f,0f,0.4121918753186879f,0f,0f,1f,0f,1.0504831316027383f,-0.4121918753186879f,0f,-0.9110970628430669f,0f,0f,0f,0f,1f], start_interpolation: 0, interpolation_duration: 1 }
data modify entity @s data merge value {"locators":{"locator_right_hand":{"posx":-0.8363267451874976,"posy":2.144780505697252,"posz":-0.36336083782230116,"roty":22.08155491028228,"rotx":0.21382436796860282},"locator_left_hand":{"posx":1.0078957885253679,"posy":1.3664136193190446,"posz":0.28214899449154524,"roty":19.08867183217464,"rotx":-8.56867484729092}},"cameras":{}}