# This file was generated by Animated Java via MC-Build. It is not recommended to edit this file directly.
$data merge entity $(bone_head) { transformation: [-0.9972381958074503f,0.01875826755542532f,-0.07186172987773479f,0f,3.469446951953614e-18f,0.9675786873064004f,0.2525697604037806f,1.6181000942216448f,0.07426964940472958f,0.2518722121805861f,-0.9649064244311758f,0f,0f,0f,0f,1f], start_interpolation: 0, interpolation_duration: 1 }
$data merge entity $(bone_bust) { transformation: [-0.9793406217655515f,-0.1011087861660189f,-0.175125554731162f,0.014534388011365196f,0f,0.8660254037844387f,-0.49999999999999994f,1.5087250942216448f,0.20221757233203783f,-0.4896703108827757f,-0.848133857407015f,0.07039010718939903f,0f,0f,0f,1f], start_interpolation: 0, interpolation_duration: 1 }
$data merge entity $(bone_left_wing) { transformation: [-0.8274074411415105f,0f,-0.5616021067834928f,0.03593159231884224f,0f,1f,0f,1.3993500942216448f,0.5616021067834928f,0f,-0.8274074411415105f,-0.13505617599144631f,0f,0f,0f,1f], start_interpolation: 0, interpolation_duration: 1 }
$data merge entity $(bone_right_wing) { transformation: [-0.9821780704706305f,0f,0.18795275440011194f,-0.0864859854018517f,0f,1f,0f,1.3993500942216448f,-0.18795275440011194f,0f,-0.9821780704706305f,-0.10977897944994153f,0f,0f,0f,1f], start_interpolation: 0, interpolation_duration: 1 }
$data merge entity $(bone_body) { transformation: [-0.9793406217655515f,0f,-0.20221757233203783f,0.5907790970487946f,0f,1f,0f,0.3368500942216448f,0.20221757233203783f,0f,-0.9793406217655515f,0.3885615247167568f,0f,0f,0f,1f], start_interpolation: 0, interpolation_duration: 1 }
$data merge entity $(bone_right_ring) { transformation: [0.9425540842960497f,0.19385080338323182f,-0.27205452432281113f,-0.47995537485682427f,-0.13576515875314568f,0.9664057938916666f,0.2182376301221919f,1.062432978288697f,0.30522060848764543f,-0.16876524393456455f,0.9372079132157058f,0.03382743913842316f,0f,0f,0f,1f], start_interpolation: 0, interpolation_duration: 1 }
$data merge entity $(bone_sword) { transformation: [-0.000008613994806123554f,0.0000019385080338323183f,-0.000004694814169149191f,-0.5566146190053379f,0.0000024999999999999998f,0.000009664057938916666f,-5.966440758624442e-7f,0.8579119545063598f,0.0000044214356808706884f,-0.0000016876524393456457f,-0.000008809241497648605f,0.0707973829117541f,0f,0f,0f,1f], start_interpolation: 0, interpolation_duration: 1 }
$data merge entity $(bone_right_hand) { transformation: [-0.8613994806123553f,0.19385080338323182f,-0.469481416914919f,-0.49368006966396794f,0.24999999999999994f,0.9664057938916666f,-0.05966440758624442f,1.2078403453730595f,0.4421435680870688f,-0.16876524393456455f,-0.8809241497648603f,-0.07512876926680821f,0f,0f,0f,1f], start_interpolation: 0, interpolation_duration: 1 }
$data merge entity $(bone_right_arm) { transformation: [-0.8613994806123553f,0.3587575496632645f,-0.3595607811766666f,-0.3366483387319083f,0.24999999999999994f,0.9156751133619656f,0.31470476127563013f,1.4931000942216448f,0.4421435680870688f,0.18119632261489638f,-0.8784514544754728f,0.069512290489138f,0f,0f,0f,1f], start_interpolation: 0, interpolation_duration: 1 }
$data merge entity $(bone_left_ring) { transformation: [0.6298718282649559f,-0.2452541858796809f,-0.7369612366106216f,0.46233341540706696f,0.21624702422196238f,0.9666954024838342f,-0.1368839776298293f,1.0645642394062516f,0.7459884077338654f,-0.07314631313410452f,0.6619296884122813f,-0.16943053891218016f,0f,0f,0f,1f], start_interpolation: 0, interpolation_duration: 1 }
$data merge entity $(bone_left_hand) { transformation: [-0.9660749985602111f,-0.2452541858796809f,0.08092886670022514f,0.4315995301165129f,-0.24999999999999994f,0.9666954024838342f,-0.054772244947761506f,1.210475498080498f,-0.06480044102386903f,-0.07314631313410452f,-0.9952138060326532f,-0.2741609446549452f,0f,0f,0f,1f], start_interpolation: 0, interpolation_duration: 1 }
$data merge entity $(bone_left_arm) { transformation: [-0.9660749985602111f,-0.2576487634972456f,-0.017782345886533157f,0.3366483387319083f,-0.24999999999999994f,0.9156751133619656f,0.31470476127563013f,1.5243500942216448f,-0.06480044102386903f,0.30847398826787925f,-0.9490230246970935f,-0.069512290489138f,0f,0f,0f,1f], start_interpolation: 0, interpolation_duration: 1 }
$data merge entity $(bone_leftfoot) { transformation: [-0.9785967614231031f,0.07881103731067762f,-0.1900978667166708f,0.13446656999530165f,0.00004126525549508209f,0.9238344890902589f,0.3827921564824954f,0.43776102600086797f,0.2057872125021204f,0.3745913201948966f,-0.9040646912722847f,0.11782297933235977f,0f,0f,0f,1f], start_interpolation: 0, interpolation_duration: 1 }
$data merge entity $(bone_leftleg) { transformation: [-0.9780540802316754f,0.03378250007103988f,-0.20559416049859394f,0.11799406832593061f,0.04361932092922671f,0.9981006697965534f,-0.04350181367879488f,0.8368500942216448f,0.20373406927621246f,-0.05151500403398656f,-0.9776700022888776f,-0.04670027264262616f,0f,0f,0f,1f], start_interpolation: 0, interpolation_duration: 1 }
$data merge entity $(bone_rightfoot) { transformation: [-0.98289379043894f,0.06683121099487863f,-0.17161988798950759f,-0.08012166314352938f,-0.004082907205246254f,0.9237034039843064f,0.3830866107508311f,0.5362599865408066f,0.18412801683971522f,0.37723415898452706f,-0.90762947435058f,0.31989961967768205f,0f,0f,0f,1f], start_interpolation: 0, interpolation_duration: 1 }
$data merge entity $(bone_rightleg) { transformation: [-0.978408506497745f,-0.12417671060897842f,-0.16521785301590736f,-0.12684108711545727f,-0.04361938736533599f,0.9054451828447543f,-0.4222160228000618f,0.8368500942216448f,0.20202510601092308f,-0.4058930467568564f,-0.8913117811045198f,0.0038541204403832914f,0f,0f,0f,1f], start_interpolation: 0, interpolation_duration: 1 }
$data merge entity $(bone_skirt_right_back) { transformation: [-0.9793406217655515f,-0.017624422713227034f,-0.20144807341816015f,-0.2686169649381044f,0f,0.9961946980917455f,-0.08715574274765811f,0.8400088975328321f,0.20221757233203783f,-0.08535515929292994f,-0.9756139350287159f,-0.14188927860406672f,0f,0f,0f,1f], start_interpolation: 0, interpolation_duration: 1 }
$data merge entity $(bone_skirt_right) { transformation: [-0.9793406217655515f,-0.0608079967619186f,-0.19285832647222015f,-0.24117945525034604f,0f,0.9537169507482269f,-0.30070579950427306f,0.8649750942216448f,0.20221757233203783f,-0.29449340465502205f,-0.9340137515341144f,0.145527225941218f,0f,0f,0f,1f], start_interpolation: 0, interpolation_duration: 1 }
$data merge entity $(bone_skirt_left_back) { transformation: [-0.9793406217655515f,0.03511471292768904f,-0.1991454330278978f,0.13040837455369708f,0f,0.984807753012208f,0.17364817766693033f,0.9274750942216448f,0.20221757233203783f,0.1700607142847865f,-0.9644622371545114f,-0.21838251182560992f,0f,0f,0f,1f], start_interpolation: 0, interpolation_duration: 1 }
$data merge entity $(bone_skirt_left) { transformation: [-0.9793406217655515f,0f,-0.20221757233203783f,0.2178864612022562f,0f,1f,0f,0.8649750942216448f,0.20221757233203783f,0f,-0.9793406217655515f,0.050737738910575265f,0f,0f,0f,1f], start_interpolation: 0, interpolation_duration: 1 }
$data merge entity $(bone_skirt_back_middle) { transformation: [-0.9793406217655515f,0.017624422713227048f,-0.20144807341816015f,-0.025277196541504728f,0f,0.9961946980917455f,0.08715574274765818f,0.9274750942216448f,0.20221757233203783f,0.08535515929293001f,-0.975613935028716f,-0.12241757772069393f,0f,0f,0f,1f], start_interpolation: 0, interpolation_duration: 1 }
$data merge entity $(bone_skirt_front_middle) { transformation: [-0.9793406217655515f,-0.017624422713227048f,-0.20144807341816015f,0.03791579481225709f,0f,0.9961946980917455f,-0.08715574274765818f,0.9274750942216448f,0.20221757233203783f,-0.08535515929293001f,-0.975613935028716f,0.1836263665810409f,0f,0f,0f,1f], start_interpolation: 0, interpolation_duration: 1 }
$data merge entity $(bone_lower) { transformation: [-0.9793406217655515f,0f,-0.20221757233203783f,0f,0f,1f,0f,0.9306000942216448f,0.20221757233203783f,0f,-0.9793406217655515f,0f,0f,0f,0f,1f], start_interpolation: 0, interpolation_duration: 1 }
data modify entity @s data merge value {"locators":{"locator_right_hand":{"posx":-0.5344759133083582,"posy":0.7906313487566659,"posz":0.08129266399501943,"roty":331.9449753845988,"rotx":-3.420550228655544},"locator_left_hand":{"posx":0.5313111551857272,"posy":0.7926811574576731,"posz":-0.14885813834321326,"roty":4.6489529935084875,"rotx":-3.139789700665717}},"cameras":{}}