# This file was generated by Animated Java via MC-Build. It is not recommended to edit this file directly.
$data merge entity $(bone_head) { transformation: [-0.994021099534416f,0.02457918382723267f,-0.10638570111992376f,0f,3.469446951953614e-18f,0.9743336989458107f,0.2251085140517221f,1.587213787323946f,0.10918815723507125f,0.22376261265225128f,-0.9685082547395494f,0f,0f,0f,0f,1f], start_interpolation: 0, interpolation_duration: 1 }
$data merge entity $(bone_bust) { transformation: [-0.940683540004652f,-0.16964262256602555f,-0.29382964141358686f,0.02438612699386622f,0f,0.8660254037844387f,-0.49999999999999994f,1.477838787323946f,0.33928524513205116f,-0.47034177000232597f,-0.814655842565904f,0.06761162943783439f,0f,0f,0f,1f], start_interpolation: 0, interpolation_duration: 1 }
$data merge entity $(bone_left_wing) { transformation: [-0.739239427022596f,0f,-0.6734426995189002f,0.016382065608784413f,0f,1f,0f,1.368463787323946f,0.6734426995189002f,0f,-0.739239427022596f,-0.13879077032133474f,0f,0f,0f,1f], start_interpolation: 0, interpolation_duration: 1 }
$data merge entity $(bone_right_wing) { transformation: [-0.9989171113385243f,0f,0.04652531219774664f,-0.10120337689179715f,0f,1f,0f,1.368463787323946f,-0.04652531219774664f,0f,-0.9989171113385243f,-0.09638011467982838f,0f,0f,0f,1f], start_interpolation: 0, interpolation_duration: 1 }
$data merge entity $(bone_body) { transformation: [-0.940683540004652f,0f,-0.33928524513205116f,0.6399843925683516f,0f,1f,0f,0.305963787323946f,0.33928524513205116f,0f,-0.940683540004652f,0.30069914743630044f,0f,0f,0f,1f], start_interpolation: 0, interpolation_duration: 1 }
$data merge entity $(bone_right_ring) { transformation: [0.4104110915490433f,0.029379821092485686f,-0.9114272116006281f,-0.41488491520805726f,0.12828687261276522f,0.9876808494057198f,0.08960478799948099f,1.0219451650190206f,0.90283177516565f,-0.15369894544130516f,0.40158613014081024f,0.07740292630468144f,0f,0f,0f,1f], start_interpolation: 0, interpolation_duration: 1 }
$data merge entity $(bone_sword) { transformation: [-0.000008031246182943936f,2.9379821092485687e-7f,-0.0000059508627408305954f,-0.4557076184262861f,0.0000011486826319955868f,0.000009876808494057198f,-0.0000010626298427351224f,0.8078192533072319f,0.000005846333291893318f,-0.0000015369894544130517f,-0.000007966056141976587f,0.11684739943529515f,0f,0f,0f,1f], start_interpolation: 0, interpolation_duration: 1 }
$data merge entity $(bone_right_hand) { transformation: [-0.8031246182943934f,0.029379821092485686f,-0.5950862740830595f,-0.4660836563576432f,0.11486826319955866f,0.9876808494057198f,-0.10626298427351222f,1.1663081429630224f,0.5846333291893318f,-0.15369894544130516f,-0.7966056141976586f,-0.021294310251552984f,0f,0f,0f,1f], start_interpolation: 0, interpolation_duration: 1 }
$data merge entity $(bone_right_arm) { transformation: [-0.8031246182943934f,0.2704002008752432f,-0.5309186179219116f,-0.3233599668765991f,0.11486826319955866f,0.9446386985723092f,0.30734835491528306f,1.462213787323946f,0.5846333291893318f,0.18585333068374643f,-0.7897229956603494f,0.1166293030141426f,0f,0f,0f,1f], start_interpolation: 0, interpolation_duration: 1 }
$data merge entity $(bone_left_ring) { transformation: [-0.18034087244561495f,-0.17828739241311792f,-0.9673111058145075f,0.40278165280262324f,0.043644074783582135f,0.9810163134513205f,-0.18895022487064014f,1.0231871119549003f,0.9826354178747271f,-0.07629284664312425f,-0.16913614956374398f,-0.21519639470095364f,0f,0f,0f,1f], start_interpolation: 0, interpolation_duration: 1 }
$data merge entity $(bone_left_hand) { transformation: [-0.9835275628283942f,-0.17828739241311792f,-0.02978487642025844f,0.3721319155736743f,-0.17532225366405318f,0.9810163134513205f,-0.0828800344626966f,1.1687009077007913f,0.043995914889868704f,-0.07629284664312425f,-0.9961143313014285f,-0.3205028705484507f,0f,0f,0f,1f], start_interpolation: 0, interpolation_duration: 1 }
$data merge entity $(bone_left_arm) { transformation: [-0.9835275628283942f,-0.1538005384296377f,-0.09496803428308237f,0.3233599668765991f,-0.17532225366405318f,0.9395582901903548f,0.29409577811443416f,1.493463787323946f,0.043995914889868704f,0.30590131368356466f,-0.9510461322983615f,-0.1166293030141426f,0f,0f,0f,1f], start_interpolation: 0, interpolation_duration: 1 }
$data merge entity $(bone_leftfoot) { transformation: [-0.9394401447343386f,0.13122366905465735f,-0.31659526708616265f,0.14984006733846358f,0.00004126525549508209f,0.9238344890902589f,0.3827921564824954f,0.4068747191031692f,0.3427130180759167f,0.3595972545045002f,-0.8678926211197568f,0.09752675081771017f,0f,0f,0f,1f], start_interpolation: 0, interpolation_duration: 1 }
$data merge entity $(bone_leftleg) { transformation: [-0.9391946221715675f,0.02612204809402527f,-0.3423902748142533f,0.1101635777633179f,0.04361932092922671f,0.9981006697965534f,-0.04350181367879488f,0.805963787323946f,0.3406036061548374f,-0.05579150074200273f,-0.9385502074579044f,-0.06298810807910815f,0f,0f,0f,1f], start_interpolation: 0, interpolation_duration: 1 }
$data merge entity $(bone_rightfoot) { transformation: [-0.9467703532361388f,0.11974075305274727f,-0.2988110611933203f,-0.033866426058896296f,-0.004082907205246254f,0.9237034039843064f,0.3830866107508311f,0.5053736796431079f,0.32188387362816195f,0.363915063615353f,-0.8740461076922448f,0.32803706004170946f,0f,0f,0f,1f], start_interpolation: 0, interpolation_duration: 1 }
$data merge entity $(bone_rightleg) { transformation: [-0.939788217712974f,-0.18057579764789816f,-0.2901559703878192f,-0.12500730723784512f,-0.04361938736533599f,0.9054451828447543f,-0.4222160228000618f,0.805963787323946f,0.33896232075814037f,-0.38413721788841926f,-0.8588033202888776f,0.02183320320390463f,0f,0f,0f,1f], start_interpolation: 0, interpolation_duration: 1 }
$data merge entity $(bone_skirt_right_back) { transformation: [-0.940683540004652f,-0.020838467514455408f,-0.33864470442628375f,-0.28639907250323826f,0f,0.9981120879408764f,-0.061418726023128395f,0.8165442234182854f,0.33928524513205116f,-0.05777558461801227f,-0.9389076122056582f,-0.10326382853094329f,0f,0f,0f,1f], start_interpolation: 0, interpolation_duration: 1 }
$data merge entity $(bone_skirt_right) { transformation: [-0.940683540004652f,-0.09364064171706907f,-0.3261072028998004f,-0.21822524220549794f,0f,0.9611594007658014f,-0.2759938519596505f,0.8340950317340745f,0.33928524513205116f,-0.2596228736809239f,-0.9041468276211242f,0.17785656025293223f,0f,0f,0f,1f], start_interpolation: 0, interpolation_duration: 1 }
$data merge entity $(bone_skirt_left_back) { transformation: [-0.940683540004652f,0.07180428763974765f,-0.3316000932461637f,0.09847883963943901f,0f,0.9773489946994411f,0.21163398252641705f,0.9038322082923652f,0.33928524513205116f,0.19908060386823268f,-0.9193761121538582f,-0.23354265370892402f,0f,0f,0f,1f], start_interpolation: 0, interpolation_duration: 1 }
$data merge entity $(bone_skirt_left) { transformation: [-0.940683540004652f,0.00875565988757634f,-0.3391722512002554f,0.2227201671716827f,0f,0.9996669647931439f,0.02580619114211289f,0.8340950317340745f,0.33928524513205116f,0.024275459237599446f,-0.9403702592673204f,0.018816601597283253f,0f,0f,0f,1f], start_interpolation: 0, interpolation_duration: 1 }
$data merge entity $(bone_skirt_back_middle) { transformation: [-0.940683540004652f,0.038283151431051675f,-0.3371184923447885f,-0.042002878098844613f,0f,0.9936137724279186f,0.11283470761055854f,0.9022193213459833f,0.33928524513205116f,0.10614175219049006f,-0.9346761208448713f,-0.11645486099764525f,0f,0f,0f,1f], start_interpolation: 0, interpolation_duration: 1 }
$data merge entity $(bone_skirt_front_middle) { transformation: [-0.940683540004652f,-0.020838467514455443f,-0.3386447044262837f,0.06398845040123521f,0f,0.9981120879408765f,-0.06141872602312849f,0.8941548866140729f,0.33928524513205116f,-0.05777558461801234f,-0.9389076122056583f,0.17741084502339238f,0f,0f,0f,1f], start_interpolation: 0, interpolation_duration: 1 }
$data merge entity $(bone_lower) { transformation: [-0.940683540004652f,0f,-0.33928524513205116f,0f,0f,1f,0f,0.899713787323946f,0.33928524513205116f,0f,-0.940683540004652f,0f,0f,0f,0f,1f], start_interpolation: 0, interpolation_duration: 1 }
data modify entity @s data merge value {"locators":{"locator_right_hand":{"posx":-0.4231479898903189,"posy":0.7441599261236618,"posz":0.12063075471004853,"roty":323.239258673382,"rotx":-6.099937361233464},"locator_left_hand":{"posx":0.45292498191881264,"posy":0.7472762737967164,"posz":-0.19373903158257494,"roty":358.28730564533373,"rotx":-4.754129576465555}},"cameras":{}}