# This file was generated by Animated Java via MC-Build. It is not recommended to edit this file directly.
$data merge entity $(bone_head) { transformation: [-0.9916336553076478f,0.027021698476163813f,-0.12622409228295617f,0f,3.469446951953614e-18f,0.977844170957984f,0.20933412842509205f,1.5841026518786268f,0.12908405657242472f,0.2075827669508146f,-0.9696631895683423f,0f,0f,0f,0f,1f], start_interpolation: 0, interpolation_duration: 1 }
$data merge entity $(bone_bust) { transformation: [-0.9099612708765432f,-0.20734662132811937f,-0.3591348829180474f,0.029806076815917182f,0f,0.8660254037844387f,-0.49999999999999994f,1.4747276518786268f,0.4146932426562388f,-0.45498063543827155f,-0.7880495770390593f,0.06540346634425154f,0f,0f,0f,1f], start_interpolation: 0, interpolation_duration: 1 }
$data merge entity $(bone_left_wing) { transformation: [-0.6819983600624986f,0f,-0.7313537016191702f,0.0050359240977541075f,0f,1f,0f,1.3653526518786268f,0.7313537016191702f,0f,-0.6819983600624986f,-0.13966348652558289f,0f,0f,0f,1f], start_interpolation: 0, interpolation_duration: 1 }
$data merge entity $(bone_right_wing) { transformation: [-0.9993908270190957f,0f,-0.03489949670250081f,-0.10870923476181382f,0f,1f,0f,1.3653526518786268f,0.03489949670250081f,0f,-0.9993908270190957f,-0.08782683119355303f,0f,0f,0f,1f], start_interpolation: 0, interpolation_duration: 1 }
$data merge entity $(bone_body) { transformation: [-0.9099612708765432f,0f,-0.4146932426562388f,0.662327256766391f,0f,1f,0f,0.30285265187862676f,0.4146932426562388f,0f,-0.9099612708765432f,0.2476340141101522f,0f,0f,0f,1f], start_interpolation: 0, interpolation_duration: 1 }
$data merge entity $(bone_right_ring) { transformation: [0.002292542611147419f,0.05028973268826356f,-0.9987320396555417f,-0.4203945604806682f,0.16865262796457814f,0.9844088200339162f,0.049955641523999755f,1.020414477324659f,0.985672884545891f,-0.16855330855719142f,-0.006224696410794595f,0.11798734434624744f,0f,0f,0f,1f], start_interpolation: 0, interpolation_duration: 1 }
$data merge entity $(bone_sword) { transformation: [-0.000007517897690726431f,5.028973268826357e-7f,-0.000006574823844817781f,-0.4651620320472737f,0.0000014841402478687918f,0.000009844088200339162f,-9.44063148628967e-7f,0.808237887547097f,0.000006424837899622538f,-0.0000016855330855719144f,-0.000007475321811200924f,0.16325580869945205f,0f,0f,0f,1f], start_interpolation: 0, interpolation_duration: 1 }
$data merge entity $(bone_right_hand) { transformation: [-0.751789769072643f,0.05028973268826356f,-0.6574823844817781f,-0.4741757632932937f,0.14841402478687918f,0.9844088200339162f,-0.09440631486289669f,1.1653777634365619f,0.6424837899622537f,-0.16855330855719142f,-0.7475321811200923f,0.021569747904177622f,0f,0f,0f,1f], start_interpolation: 0, interpolation_duration: 1 }
$data merge entity $(bone_right_arm) { transformation: [-0.751789769072643f,0.310859755737447f,-0.5815310442105017f,-0.31279918686381175f,0.14841402478687918f,0.9390464572799401f,0.31010486664441955f,1.4591026518786268f,0.6424837899622537f,0.14682630327311377f,-0.7521014667602304f,0.14255080216308208f,0f,0f,0f,1f], start_interpolation: 0, interpolation_duration: 1 }
$data merge entity $(bone_left_ring) { transformation: [-0.5491785556816309f,-0.20172072474169572f,-0.81099424362268f,0.391260246800194f,-0.07029111360681287f,0.9781420346617956f,-0.1956970091125477f,1.022419310127269f,0.8327437020640576f,-0.05046691230269085f,-0.5513538042267236f,-0.2523946773048371f,0f,0f,0f,1f], start_interpolation: 0, interpolation_duration: 1 }
$data merge entity $(bone_left_hand) { transformation: [-0.9722763450469795f,-0.20172072474169572f,-0.11826858446676305f,0.348653703765545f,-0.19375688327931134f,0.9781420346617956f,-0.07547469913533794f,1.1681782499992366f,0.13090828485613187f,-0.05046691230269085f,-0.9901091413165813f,-0.35310286435056204f,0f,0f,0f,1f], start_interpolation: 0, interpolation_duration: 1 }
$data merge entity $(bone_left_arm) { transformation: [-0.9722763450469795f,-0.14204817400407338f,-0.18574451573113895f,0.31279918686381175f,-0.19375688327931134f,0.9340980352447733f,0.2998651875989301f,1.4903526518786268f,0.13090828485613187f,0.32754110705980505f,-0.9357242350938993f,-0.14255080216308208f,0f,0f,0f,1f], start_interpolation: 0, interpolation_duration: 1 }
$data merge entity $(bone_leftfoot) { transformation: [-0.9084431185369805f,0.16004500394121712f,-0.3861563117395095f,0.15727797793100917f,0.00004126525549508209f,0.9238344890902589f,0.3827921564824954f,0.4037635836578499f,0.41800849115775646f,0.34772896554758903f,-0.8392576885791512f,0.08501264942929387f,0f,0f,0f,1f], start_interpolation: 0, interpolation_duration: 1 }
$data merge entity $(bone_leftleg) { transformation: [-0.9083700288672202f,0.021496328021986616f,-0.41761441370879016f,0.10467374417646268f,0.04361932092922671f,0.9981006697965534f,-0.04350181367879488f,0.8028526518786268f,0.41588609678304767f,-0.05773180088341791f,-0.907582389466278f,-0.07174205813245424f,0f,0f,0f,1f], start_interpolation: 0, interpolation_duration: 1 }
$data merge entity $(bone_rightfoot) { transformation: [-0.9174436581636748f,0.14895144631815666f,-0.36893170199236547f,-0.007065494618044552f,-0.004082907205246254f,0.9237034039843064f,0.3830866107508311f,0.5022625441977886f,0.3978447737045287f,0.3529666954650746f,-0.8468376750761966f,0.3297049080020089f,0f,0f,0f,1f], start_interpolation: 0, interpolation_duration: 1 }
$data merge entity $(bone_rightleg) { transformation: [-0.9090951893775777f,-0.21123006360024277f,-0.3590651708004877f,-0.12281657354267313f,-0.04361938736533599f,0.9054451828447543f,-0.4222160228000618f,0.8028526518786268f,0.4142985465777292f,-0.3681723524311229f,-0.8323495859366508f,0.03193125253160547f,0f,0f,0f,1f], start_interpolation: 0, interpolation_duration: 1 }
$data merge entity $(bone_skirt_right_back) { transformation: [-0.9099612708765432f,-0.028106191849762305f,-0.4137396856532504f,-0.2937527301001517f,0f,0.9977005726042689f,-0.06777586167002239f,0.8115987672925402f,0.4146932426562388f,-0.061673409220006414f,-0.9078688810012354f,-0.07940473636481349f,0f,0f,0f,1f], start_interpolation: 0, interpolation_duration: 1 }
$data merge entity $(bone_skirt_right) { transformation: [-0.9099612708765432f,-0.11698962071193132f,-0.397849109777092f,-0.20298210639574082f,0f,0.959381704000637f,-0.282111229887848f,0.8309811941984576f,0.4146932426562388f,-0.25671029327729084f,-0.8730001946281233f,0.19513012553718434f,0f,0f,0f,1f], start_interpolation: 0, interpolation_duration: 1 }
$data merge entity $(bone_skirt_left_back) { transformation: [-0.9099612708765432f,0.08388631818837496f,-0.4061201437081703f,0.07901929415107584f,0f,0.9793266490354288f,0.2022852305262007f,0.8989361497006041f,0.4146932426562388f,0.1840717254491761f,-0.8911493221595452f,-0.24107097099093666f,0f,0f,0f,1f], start_interpolation: 0, interpolation_duration: 1 }
$data merge entity $(bone_skirt_left) { transformation: [-0.9099612708765432f,0.008060550303009003f,-0.41461489726438777f,0.2235622393276388f,0f,0.9998110762756847f,0.019437380390812928f,0.8309811941984576f,0.4146932426562388f,0.01768726336293493f,-0.9097893576042665f,0.0007426680420723891f,0f,0f,0f,1f], start_interpolation: 0, interpolation_duration: 1 }
$data merge entity $(bone_skirt_back_middle) { transformation: [-0.9099612708765432f,0.04416594680088109f,-0.4123346391560233f,-0.051466868201805786f,0f,0.9943124139542088f,0.10650269225026313f,0.8977213134261782f,0.4146932426562388f,0.0969133251918228f,-0.9047857878500953f,-0.11293373505912899f,0f,0f,0f,1f], start_interpolation: 0, interpolation_duration: 1 }
$data merge entity $(bone_skirt_front_middle) { transformation: [-0.9099612708765432f,-0.028106191849762326f,-0.4137396856532505f,0.07810028719331538f,0f,0.9977005726042689f,-0.06777586167002253f,0.8916471320540492f,0.4146932426562388f,-0.0616734092200065f,-0.9078688810012354f,0.1713754391922043f,0f,0f,0f,1f], start_interpolation: 0, interpolation_duration: 1 }
$data merge entity $(bone_lower) { transformation: [-0.9099612708765432f,0f,-0.4146932426562388f,0f,0f,1f,0f,0.8966026518786268f,0.4146932426562388f,0f,-0.9099612708765432f,0f,0f,0f,0f,1f], start_interpolation: 0, interpolation_duration: 1 }
data modify entity @s data merge value {"locators":{"locator_right_hand":{"posx":-0.4345385477992423,"posy":0.7435494966901202,"posz":0.1653929623779575,"roty":318.6671691344524,"rotx":-5.417150587515585},"locator_left_hand":{"posx":0.4479942006337959,"posy":0.7473168628786389,"posz":-0.2382008582197053,"roty":353.18829123137857,"rotx":-4.328497870319272}},"cameras":{}}