# This file was generated by Animated Java via MC-Build. It is not recommended to edit this file directly.
$data merge entity $(bone_head) { transformation: [-0.9909745365329621f,0.027531484285744715f,-0.13119255053662382f,0f,0f,0.9786819219718442f,0.20538182881038203f,1.5852902718553064f,0.1340502441000418f,0.20352816261766046f,-0.9698488640392369f,0f,0f,0f,0f,1f], start_interpolation: 0, interpolation_duration: 1 }
$data merge entity $(bone_bust) { transformation: [-0.9013291614454622f,-0.21656739293348143f,-0.37510572782352297f,0.031131562734188045f,0f,0.8660254037844387f,-0.49999999999999994f,1.4759152718553064f,0.4331347858669629f,-0.450664580722731f,-0.7805739509834959f,0.06478303347889264f,0f,0f,0f,1f], start_interpolation: 0, interpolation_duration: 1 }
$data merge entity $(bone_left_wing) { transformation: [-0.6669660577827362f,0f,-0.7450881006738435f,0.0021912243569710554f,0f,1f,0f,1.3665402718553064f,0.7450881006738435f,0f,-0.6669660577827362f,-0.13973706929736793f,0f,0f,0f,1f], start_interpolation: 0, interpolation_duration: 1 }
$data merge entity $(bone_right_wing) { transformation: [-0.9984730708473112f,0f,-0.05524062628844845f,-0.11047492082371169f,0f,1f,0f,1.3665402718553064f,0.05524062628844845f,0f,-0.9984730708473112f,-0.08559522106399756f,0f,0f,0f,1f], start_interpolation: 0, interpolation_duration: 1 }
$data merge entity $(bone_body) { transformation: [-0.9013291614454622f,0f,-0.4331347858669629f,0.6672319736562126f,0f,1f,0f,0.30404027185530635f,0.4331347858669629f,0f,-0.9013291614454622f,0.23409718778924962f,0f,0f,0f,1f], start_interpolation: 0, interpolation_duration: 1 }
$data merge entity $(bone_right_ring) { transformation: [-0.09211323874124444f,0.060811748244160996f,-0.9938898744448939f,-0.42339230335668077f,0.180372402817838f,0.9826401495303058f,0.04340659895428106f,1.0224224133847692f,0.9792757260089304f,-0.17527198237752373f,-0.10148292784076984f,0.12962078091471535f,0f,0f,0f,1f], start_interpolation: 0, interpolation_duration: 1 }
$data merge entity $(bone_sword) { transformation: [-0.000007378099509400522f,6.0811748244161e-7f,-0.000006722636443905967f,-0.4702555536955707f,0.0000016251860627988742f,0.000009826401495303059f,-8.947647257185077e-7f,0.8111505172373262f,0.0000065515202732394935f,-0.0000017527198237752374f,-0.000007348847210867648f,0.17695245414669136f,0f,0f,0f,1f], start_interpolation: 0, interpolation_duration: 1 }
$data merge entity $(bone_right_hand) { transformation: [-0.7378099509400521f,0.060811748244160996f,-0.6722636443905966f,-0.47691518435514907f,0.1625186062798874f,0.9826401495303058f,-0.08947647257185076f,1.1675715174452685f,0.6551520273239493f,-0.17527198237752373f,-0.7348847210867647f,0.03333909106634307f,0f,0f,0f,1f], start_interpolation: 0, interpolation_duration: 1 }
$data merge entity $(bone_right_arm) { transformation: [-0.7378099509400521f,0.3246591602077158f,-0.5918047870599379f,-0.3098318992468776f,0.1625186062798874f,0.9363852730334329f,0.31107928741551766f,1.4602902718553064f,0.6551520273239493f,0.1333381046037628f,-0.743637526590741f,0.1488900826417685f,0f,0f,0f,1f], start_interpolation: 0, interpolation_duration: 1 }
$data merge entity $(bone_left_ring) { transformation: [-0.619309900809035f,-0.210082946921471f,-0.7565186066268914f,0.38905872500367455f,-0.10007766200792242f,0.9768006021437854f,-0.1893278775525836f,1.0246430000696731f,0.7787423889367594f,-0.04154201565076521f,-0.6259668941795087f,-0.26252755372734726f,0f,0f,0f,1f], start_interpolation: 0, interpolation_duration: 1 }
$data merge entity $(bone_left_hand) { transformation: [-0.9673721710948583f,-0.210082946921471f,-0.14162004802996747f,0.34295638504438525f,-0.20152469907018558f,0.9768006021437854f,-0.0724456990870348f,1.17047630986523f,0.15355415414729445f,-0.04154201565076521f,-0.9872666218807259f,-0.3615747394740974f,0f,0f,0f,1f], start_interpolation: 0, interpolation_duration: 1 }
$data merge entity $(bone_left_arm) { transformation: [-0.9673721710948583f,-0.1409630492646755f,-0.2105243485519539f,0.3098318992468776f,-0.20152469907018558f,0.9317111616003514f,0.3021623851739244f,1.4915402718553064f,0.15355415414729445f,0.3347293385577794f,-0.9297189853137238f,-0.1488900826417685f,0f,0f,0f,1f], start_interpolation: 0, interpolation_duration: 1 }
$data merge entity $(bone_leftfoot) { transformation: [-0.8997438228176833f,0.1670918549426601f,-0.40316419150668925f,0.15897629669871827f,0.00004126525549508209f,0.9238344890902589f,0.3827921564824954f,0.4049512036345295f,0.43641843636423067f,0.34439824154481624f,-0.8312212699529761f,0.08179272579524496f,0f,0f,0f,1f], start_interpolation: 0, interpolation_duration: 1 }
$data merge entity $(bone_leftleg) { transformation: [-0.8997139618780599f,0.02031640801412198f,-0.43600691550374376f,0.10319132173984295f,0.04361932092922671f,0.9981006697965534f,-0.04350181367879488f,0.8040402718553064f,0.4342949938041632f,-0.058157514708549754f,-0.8988912958970994f,-0.07385842363998985f,0f,0f,0f,1f], start_interpolation: 0, interpolation_duration: 1 }
$data merge entity $(bone_rightfoot) { transformation: [-0.9091530453792468f,0.15610724123666328f,-0.38609748679720673f,-0.000350984936253948f,-0.004082907205246254f,0.9237034039843064f,0.3830866107508311f,0.5034501641744682f,0.41644215678338137f,0.34986075901890407f,-0.8391503913794726f,0.32978041843685224f,0f,0f,0f,1f], start_interpolation: 0, interpolation_duration: 1 }
$data merge entity $(bone_rightleg) { transformation: [-0.9004712958019562f,-0.21868254688904623f,-0.3759380123409522f,-0.12214096862152259f,-0.04361938736533599f,0.9054451828447543f,-0.4222160228000618f,0.8040402718553064f,0.4327225375256281f,-0.3637952233734655f,-0.8248661957966466f,0.03442527282675088f,0f,0f,0f,1f], start_interpolation: 0, interpolation_duration: 1 }
$data merge entity $(bone_skirt_right_back) { transformation: [-0.9013291614454622f,-0.030515596460301345f,-0.43205849268437235f,-0.29526381024902326f,0f,0.9975151079578237f,-0.07045288777538689f,0.8120141699763432f,0.4331347858669629f,-0.06350124226000065f,-0.8990894557848048f,-0.07331408959311281f,0f,0f,0f,1f], start_interpolation: 0, interpolation_duration: 1 }
$data merge entity $(bone_skirt_right) { transformation: [-0.9013291614454622f,-0.12330682833435958f,-0.4152121973330511f,-0.19894523927337587f,0f,0.9586212211101033f,-0.28468465788899533f,0.8321679036882417f,0.4331347858669629f,-0.2565945839714764f,-0.8640332613669943f,0.19926788872291423f,0f,0f,0f,1f], start_interpolation: 0, interpolation_duration: 1 }
$data merge entity $(bone_skirt_left_back) { transformation: [-0.9013291614454622f,0.08590866833428668f,-0.4245296732067728f,0.07403776587469652f,0f,0.9801329448915859f,0.19834165053802322f,0.8993712994061914f,0.4331347858669629f,0.17877111355914535f,-0.8834224053242045f,-0.2427479990054615f,0f,0f,0f,1f], start_interpolation: 0, interpolation_duration: 1 }
$data merge entity $(bone_skirt_left) { transformation: [-0.9013291614454622f,0.007256903437480638f,-0.43307398915256834f,0.22355280515418452f,0f,0.9998596355767804f,0.01675437686898136f,0.8321679036882417f,0.4331347858669629f,0.015101208453860218f,-0.9012026468975848f,-0.0037640421522246448f,0f,0f,0f,1f], start_interpolation: 0, interpolation_duration: 1 }
$data merge entity $(bone_skirt_back_middle) { transformation: [-0.9013291614454622f,0.04497417391826533f,-0.4307935310660891f,-0.05381105942670678f,0f,0.9945946276372433f,0.10383413058880733f,0.8983241508518801f,0.4331347858669629f,0.09358872985302832f,-0.896457141706438f,-0.1119777922534782f,0f,0f,0f,1f], start_interpolation: 0, interpolation_duration: 1 }
$data merge entity $(bone_skirt_front_middle) { transformation: [-0.9013291614454622f,-0.030515596460301383f,-0.43205849268437235f,0.08152456218347083f,0f,0.9975151079578237f,-0.07045288777538691f,0.8930884080803234f,0.4331347858669629f,-0.06350124226000073f,-0.8990894557848048f,0.16964803490201702f,0f,0f,0f,1f], start_interpolation: 0, interpolation_duration: 1 }
$data merge entity $(bone_lower) { transformation: [-0.9013291614454622f,0f,-0.4331347858669629f,0f,0f,1f,0f,0.8977902718553064f,0.4331347858669629f,0f,-0.9013291614454622f,0f,0f,0f,0f,1f], start_interpolation: 0, interpolation_duration: 1 }
data modify entity @s data merge value {"locators":{"locator_right_hand":{"posx":-0.44049560755035105,"posy":0.7460548713293708,"posz":0.1789160259583939,"roty":317.54810206817547,"rotx":-5.133489666199654},"locator_left_hand":{"posx":0.44814455382533824,"posy":0.7499178307167333,"posz":-0.2508438618255696,"roty":351.8368019971948,"rotx":-4.154472261203606}},"cameras":{}}