# This file was generated by Animated Java via MC-Build. It is not recommended to edit this file directly.
$data merge entity $(bone_head) { transformation: [-0.9864981567924029f,0.029741043556256896f,-0.1610492377298829f,0f,6.938893903907228e-18f,0.9833725024939333f,0.18159989355398648f,1.6099710806320289f,0.16377236227517605f,0.17914796026470428f,-0.9700951611505979f,0f,0f,0f,0f,1f], start_interpolation: 0, interpolation_duration: 1 }
$data merge entity $(bone_bust) { transformation: [-0.8418249385952575f,-0.26987532897575633f,-0.4674377814953753f,0.03879457854026502f,0f,0.8660254037844387f,-0.49999999999999994f,1.5005960806320289f,0.5397506579515128f,-0.4209124692976287f,-0.7290417823627682f,0.060506167461534144f,0f,0f,0f,1f], start_interpolation: 0, interpolation_duration: 1 }
$data merge entity $(bone_left_wing) { transformation: [-0.5711911963195287f,0f,-0.8208170424930671f,-0.014854773581735481f,0f,1f,0f,1.3912210806320289f,0.8208170424930671f,0f,-0.5711911963195287f,-0.13896253344637677f,0f,0f,0f,1f], start_interpolation: 0, interpolation_duration: 1 }
$data merge entity $(bone_right_wing) { transformation: [-0.9842984651319296f,0f,-0.176512128588739f,-0.12008289090614266f,0f,1f,0f,1.3912210806320289f,0.176512128588739f,0f,-0.9842984651319296f,-0.0714937012024377f,0f,0f,0f,1f], start_interpolation: 0, interpolation_duration: 1 }
$data merge entity $(bone_body) { transformation: [-0.8418249385952575f,0f,-0.5397506579515128f,0.6907877982733852f,0f,1f,0f,0.3287210806320289f,0.5397506579515128f,0f,-0.8418249385952575f,0.15103714032187238f,0f,0f,0f,1f], start_interpolation: 0, interpolation_duration: 1 }
$data merge entity $(bone_right_ring) { transformation: [-0.5251827013534863f,0.11291594431810015f,-0.8434649487191548f,-0.433013797585068f,0.24850487136434082f,0.9683053119792222f,-0.025102822570649372f,1.0534765001209743f,0.8138970813974253f,-0.22278871675103482f,-0.5365973616979309f,0.2014005618762187f,0f,0f,0f,1f], start_interpolation: 0, interpolation_duration: 1 }
$data merge entity $(bone_sword) { transformation: [-0.000006466613240867301f,0.0000011291594431810015f,-0.000007543733302875632f,-0.4897094100681059f,0.000002418535813810334f,0.000009683053119792223f,-6.238323465474488e-7f,0.8482428995021964f,0.000007234196410822456f,-0.0000022278871675103484f,-0.0000065347472069305206f,0.2625319149384988f,0f,0f,0f,1f], start_interpolation: 0, interpolation_duration: 1 }
$data merge entity $(bone_right_hand) { transformation: [-0.64666132408673f,0.11291594431810015f,-0.7543733302875631f,-0.4860931809998239f,0.24185358138103338f,0.9683053119792222f,-0.06238323465474488f,1.1989257768688455f,0.7234196410822455f,-0.22278871675103482f,-0.653474720693052f,0.10532656981889589f,0f,0f,0f,1f], start_interpolation: 0, interpolation_duration: 1 }
$data merge entity $(bone_right_arm) { transformation: [-0.64666132408673f,0.3941615431310339f,-0.6530434976683859f,-0.2893773226421198f,0.24185358138103338f,0.9179160805622488f,0.3145423885876225f,1.4849710806320289f,0.7234196410822455f,0.04546148877677911f,-0.6889102089058007f,0.18553928867083253f,0f,0f,0f,1f], start_interpolation: 0, interpolation_duration: 1 }
$data merge entity $(bone_left_ring) { transformation: [-0.8739134422511569f,-0.25131359252608815f,-0.4160730388578011f,0.36935822075527946f,-0.23412213461867998f,0.9677682166819375f,-0.09279819428122052f,1.055722233890044f,0.4259837104095962f,0.016314318615676338f,-0.9045837282826723f,-0.3223869968774574f,0f,0f,0f,1f], start_interpolation: 0, interpolation_duration: 1 }
$data merge entity $(bone_left_hand) { transformation: [-0.9267707889529825f,-0.25131359252608815f,-0.2791726758748031f,0.3039180335598154f,-0.24546041778764793f,0.9677682166819375f,-0.05633704003385165f,1.2016544202434232f,0.2843327066008762f,0.016314318615676338f,-0.9585868531151084f,-0.4097054020732994f,0f,0f,0f,1f], start_interpolation: 0, interpolation_duration: 1 }
$data merge entity $(bone_left_arm) { transformation: [-0.9267707889529825f,-0.12713935151377315f,-0.3534564895996731f,0.2893773226421198f,-0.24546041778764793f,0.917259825968829f,0.3136615930635225f,1.5162210806320289f,0.2843327066008762f,0.37745197967462124f,-0.8812972909278285f,-0.18553928867083253f,0f,0f,0f,1f], start_interpolation: 0, interpolation_duration: 1 }
$data merge entity $(bone_leftfoot) { transformation: [-0.8398512405111332f,0.2078179651609014f,-0.5014594571531112f,0.16775933727848558f,0.00004126525549508209f,0.9238344890902589f,0.3827921564824954f,0.42963201241125204f,0.5428166284382687f,0.32146777462713577f,-0.7758921173508516f,0.061808718324669595f,0f,0f,0f,1f], start_interpolation: 0, interpolation_duration: 1 }
$data merge entity $(bone_leftleg) { transformation: [-0.8400803847009796f,0.013077354457985524f,-0.5423042780958255f,0.09342107168171784f,0.04361932092922671f,0.9981006697965534f,-0.04350181367879488f,0.8287210806320289f,0.540705374563937f,-0.06019996471802677f,-0.8390552199740021f,-0.08588375277571035f,0f,0f,0f,1f], start_interpolation: 0, interpolation_duration: 1 }
$data merge entity $(bone_rightfoot) { transformation: [-0.8516248242307457f,0.19758094251765404f,-0.48548628189454257f,0.039841754315011024f,-0.004082907205246254f,0.9237034039843064f,0.3830866107508311f,0.5281309729511907f,0.5241359447917163f,0.32822826298422403f,-0.7858420444056516f,0.32736505950988887f,0f,0f,0f,1f], start_interpolation: 0, interpolation_duration: 1 }
$data merge entity $(bone_rightleg) { transformation: [-0.8410237077868487f,-0.261388005352299f,-0.4736617290835391f,-0.11703516296709654f,-0.04361938736533599f,0.9054451828447543f,-0.4222160228000618f,0.8287210806320289f,0.5392369349240965f,-0.33443285054129496f,-0.7729024495319508f,0.049053911712167844f,0f,0f,0f,1f], start_interpolation: 0, interpolation_duration: 1 }
$data merge entity $(bone_skirt_right_back) { transformation: [-0.8418249385952575f,-0.04619769973344798f,-0.5377699743370108f,-0.3016609836513975f,0f,0.9963303729503188f,-0.08559081689456333f,0.8323307986554278f,0.5397506579515128f,-0.07205248417658369f,-0.8387357550294922f,-0.03625885165790893f,0f,0f,0f,1f], start_interpolation: 0, interpolation_duration: 1 }
$data merge entity $(bone_skirt_right) { transformation: [-0.8418249385952575f,-0.16149735542089697f,-0.5150236663990767f,-0.17302402209395287f,0f,0.9541881215184042f,-0.29920733405646854f,0.8568461037639094f,0.5397506579515128f,-0.25188019561933733f,-0.8032593568055547f,0.2222675627308467f,0f,0f,0f,1f], start_interpolation: 0, interpolation_duration: 1 }
$data merge entity $(bone_skirt_left_back) { transformation: [-0.8418249385952575f,0.09497889349188954f,-0.5313283189800326f,0.04352269314946533f,0f,0.9843958708573972f,0.17596809210452455f,0.9197878129428745f,0.5397506579515128f,0.148134328330616f,-0.8286889935379536f,-0.25055367607184975f,0f,0f,0f,1f], start_interpolation: 0, interpolation_duration: 1 }
$data merge entity $(bone_skirt_left) { transformation: [-0.8418249385952575f,0.0008478380022358767f,-0.5397499920609661f,0.2215814178725741f,0f,0.9999987662997035f,0.0015707956808309073f,0.8568461037639094f,0.5397506579515128f,0.0013223349775611742f,-0.8418239000355812f,-0.030740558183924904f,0f,0f,0f,1f], start_interpolation: 0, interpolation_duration: 1 }
$data merge entity $(bone_skirt_back_middle) { transformation: [-0.8418249385952575f,0.04788692317878419f,-0.5376221864353816f,-0.06743159366778417f,0f,0.9960565652217834f,0.08872045355262168f,0.9196896382128226f,0.5397506579515128f,0.07468709036407914f,-0.838505256855231f,-0.1051700379842097f,0f,0f,0f,1f], start_interpolation: 0, interpolation_duration: 1 }
$data merge entity $(bone_skirt_front_middle) { transformation: [-0.8418249385952575f,-0.046197699733448026f,-0.5377699743370108f,0.10124027885126771f,0f,0.9963303729503188f,-0.08559081689456335f,0.919198764562563f,0.5397506579515128f,-0.07205248417658372f,-0.8387357550294922f,0.15789993077690945f,0f,0f,0f,1f], start_interpolation: 0, interpolation_duration: 1 }
$data merge entity $(bone_lower) { transformation: [-0.8418249385952575f,0f,-0.5397506579515128f,0f,0f,1f,0f,0.9224710806320289f,0.5397506579515128f,0f,-0.8418249385952575f,0f,0f,0f,0f,1f], start_interpolation: 0, interpolation_duration: 1 }
data modify entity @s data merge value {"locators":{"locator_right_hand":{"posx":-0.46477140692453367,"posy":0.7811406311268181,"posz":0.26405988846244727,"roty":310.90069615491495,"rotx":-3.5766184564074948},"locator_left_hand":{"posx":0.44004016865324175,"posy":0.7835374229482491,"posz":-0.3269753989881164,"roty":343.76266685151023,"rotx":-3.229584538969928}},"cameras":{}}