# This file was generated by Animated Java via MC-Build. It is not recommended to edit this file directly.
$data merge entity $(bone_head) { transformation: [-0.6176572371658469f,0.2980224712919932f,-0.727792651777734f,0f,0f,0.9254180729901194f,0.37894774070213705f,1.697836265331159f,0.7864474155190879f,0.23405981455232167f,-0.5715911701864191f,0f,0f,0f,0f,1f], start_interpolation: 0, interpolation_duration: 1 }
$data merge entity $(bone_bust) { transformation: [-0.863972856121587f,-0.25176919186285857f,-0.4360770320870279f,0.03619182133028587f,0f,0.8660254037844387f,-0.49999999999999994f,1.588461265331159f,0.5035383837257172f,-0.43198642806079346f,-0.7482224415814922f,0.06209804903373911f,0f,0f,0f,1f], start_interpolation: 0, interpolation_duration: 1 }
$data merge entity $(bone_left_wing) { transformation: [-0.6055110414043259f,0f,-0.7958369046088833f,-0.008943994458115556f,0f,1f,0f,1.479086265331159f,0.7958369046088833f,0f,-0.6055110414043259f,-0.13946775599805566f,0f,0f,0f,1f], start_interpolation: 0, interpolation_duration: 1 }
$data merge entity $(bone_right_wing) { transformation: [-0.9909026354277801f,0f,-0.13458070850712583f,-0.11694060147331387f,0f,1f,0f,1.479086265331159f,0.13458070850712583f,0f,-0.9909026354277801f,-0.07652545803234106f,0f,0f,0f,1f], start_interpolation: 0, interpolation_duration: 1 }
$data merge entity $(bone_body) { transformation: [-0.863972856121587f,0f,-0.5035383837257172f,0.6837556199236521f,0f,1f,0f,0.41658626533115894f,0.5035383837257172f,0f,-0.863972856121587f,0.1802172361979349f,0f,0f,0f,1f], start_interpolation: 0, interpolation_duration: 1 }
$data merge entity $(bone_right_ring) { transformation: [-0.8060626102711692f,0.5813932873871537f,0.11065673817706922f,-0.5824362760764772f,-0.4902057679209849f,-0.5511157358912834f,-0.6752553226373019f,1.8468743825827056f,-0.33160424216198925f,-0.5985426392782456f,0.7292361315417696f,0.48421344357321366f,0f,0f,0f,1f], start_interpolation: 0, interpolation_duration: 1 }
$data merge entity $(bone_sword) { transformation: [0.5881236481339343f,0.5622209706928332f,0.5813932873871536f,-0.7000218963553071f,0.7930079349059134f,-0.25963409026795375f,-0.5511157358912833f,1.9962692304351703f,-0.15889930673823388f,0.785173687335446f,-0.5985426392782458f,0.5979107037151438f,0f,0f,0f,1f], start_interpolation: 0, interpolation_duration: 1 }
$data merge entity $(bone_right_hand) { transformation: [0.5881236481339343f,0.5813932873871537f,-0.562220970692833f,-0.5443017909246876f,0.7930079349059134f,-0.5511157358912834f,0.25963409026795364f,1.7851032448123132f,-0.15889930673823388f,-0.5985426392782456f,-0.7851736873354461f,0.3170811229982897f,0f,0f,0f,1f], start_interpolation: 0, interpolation_duration: 1 }
$data merge entity $(bone_right_arm) { transformation: [0.5881236481339343f,0.5604135236749596f,-0.5831357106093302f,-0.2969906692917955f,0.7930079349059134f,-0.5412376728300803f,0.2796429807553512f,1.572836265331159f,-0.15889930673823388f,-0.6268958956570819f,-0.7627270457551731f,0.17309131940571532f,0f,0f,0f,1f], start_interpolation: 0, interpolation_duration: 1 }
$data merge entity $(bone_left_ring) { transformation: [-0.26567082569860967f,-0.7967510209473454f,0.5427769551040114f,0.589595514780417f,0.6506562809346714f,0.2672588639926782f,0.7107876642835083f,1.4528145543087654f,-0.7113827496171671f,0.5419967806516068f,0.44740817304829483f,-0.5318150306320971f,0f,0f,0f,1f], start_interpolation: 0, interpolation_duration: 1 }
$data merge entity $(bone_left_hand) { transformation: [-0.10299568596651533f,-0.7967510209473454f,-0.5954659514125471f,0.40927823481246806f,-0.9438223116928571f,0.2672588639926782f,-0.19435056873622536f,1.4763533859886002f,0.3139925677831214f,0.5419967806516068f,-0.779517900461725f,-0.5202078368235703f,0f,0f,0f,1f], start_interpolation: 0, interpolation_duration: 1 }
$data merge entity $(bone_left_arm) { transformation: [-0.10299568596651533f,-0.5125482357671439f,-0.8524589108480687f,0.2969906692917955f,-0.9438223116928571f,0.32089446912253694f,-0.07890616983047857f,1.604086265331159f,0.3139925677831214f,0.7964427447711189f,-0.5168052067059777f,-0.17309131940571532f,0f,0f,0f,1f], start_interpolation: 0, interpolation_duration: 1 }
$data merge entity $(bone_leftfoot) { transformation: [-0.8594350435187877f,0.04518892881904815f,-0.5092439166883064f,0.18981985174595245f,0.0005970298373536367f,0.9961739792130747f,0.0873901979295287f,0.5404912587417308f,0.5112446083111616f,0.07480216474792625f,-0.8561738063160956f,0.1093256377569692f,0f,0f,0f,1f], start_interpolation: 0, interpolation_duration: 1 }
$data merge entity $(bone_leftleg) { transformation: [-0.8622703909257083f,-0.04618719289568654f,-0.5043377004996187f,0.09698170487119831f,0.04361932092922671f,0.9853594412872272f,-0.16481543103664956f,0.916586265331159f,0.5045662768898646f,-0.16411433416536203f,-0.8476316166513378f,-0.08184170419337437f,0f,0f,0f,1f], start_interpolation: 0, interpolation_duration: 1 }
$data merge entity $(bone_rightfoot) { transformation: [-0.8137394163677203f,0.4096285231234228f,-0.41235013676879717f,-0.06858814389800932f,0.36426273837112183f,0.9122495699422888f,0.1873856439924918f,0.6437882190512715f,0.45292473953615503f,0.0022792945910309337f,-0.8915458401743981f,0.38383780809439644f,0f,0f,0f,1f], start_interpolation: 0, interpolation_duration: 1 }
$data merge entity $(bone_rightleg) { transformation: [-0.8164102105257286f,0.04341538599379707f,-0.5758380609236813f,-0.11901150915919845f,0.3272178989791039f,0.8564145574401816f,-0.39935266668978053f,0.916586265331159f,0.4758180479311778f,-0.514460115133863f,-0.7133918805252943f,0.04404289173805494f,0f,0f,0f,1f], start_interpolation: 0, interpolation_duration: 1 }
$data merge entity $(bone_skirt_right_back) { transformation: [-0.8173484488317828f,0.3642137867968751f,-0.4464188959927201f,-0.24874510641813596f,0.49731847418920117f,0.8372090521722828f,-0.2274979960151575f,0.9021102794606958f,0.2908880341684813f,-0.40795749835965534f,-0.8654217648694355f,-0.06316831643072593f,0f,0f,0f,1f], start_interpolation: 0, interpolation_duration: 1 }
$data merge entity $(bone_skirt_right) { transformation: [-0.8173484488317828f,0.3342367843763945f,-0.4692838002339377f,-0.16319097565185886f,0.49731847418920117f,0.820537442493268f,-0.28176699717449455f,0.9456148595786057f,0.2908880341684813f,-0.46368532156661424f,-0.8368871334542444f,0.2102767735189587f,0f,0f,0f,1f], start_interpolation: 0, interpolation_duration: 1 }
$data merge entity $(bone_skirt_left_back) { transformation: [-0.8148948528963924f,-0.3169456258386622f,-0.48527502406852324f,0.0449640901889857f,-0.19247236512713778f,0.9377089668419964f,-0.28923395749199526f,0.9116015647322984f,0.5467181791246133f,-0.14229323162348356f,-0.8251374848162052f,-0.24036748297130056f,0f,0f,0f,1f], start_interpolation: 0, interpolation_duration: 1 }
$data merge entity $(bone_skirt_left) { transformation: [-0.8148948528963924f,-0.3259520102647557f,-0.4792720164242136f,0.22559680960285527f,-0.19247236512713778f,0.93214453898591f,-0.3066935719918353f,0.9456148595786057f,0.5467181791246133f,-0.15767639469213496f,-0.8223365413087014f,-0.016315499157614058f,0f,0f,0f,1f], start_interpolation: 0, interpolation_duration: 1 }
$data merge entity $(bone_skirt_back_middle) { transformation: [-0.863972856121587f,-0.11207301664094521f,-0.49090787610926157f,-0.06439042948587853f,0f,0.9749164948995513f,-0.22257095042429298f,0.9380136598805692f,0.5035383837257172f,-0.19229525972777256f,-0.8423013885784121f,-0.11048131595885102f,0f,0f,0f,1f], start_interpolation: 0, interpolation_duration: 1 }
$data merge entity $(bone_skirt_front_middle) { transformation: [-0.863972856121587f,-0.19561563378018554f,-0.46398860730182157f,0.08538207564668822f,0f,0.9214562827737899f,-0.3884820702898778f,1.0338554011280177f,0.5035383837257172f,-0.33563796382037286f,-0.7961132164192519f,0.14649885320011816f,0f,0f,0f,1f], start_interpolation: 0, interpolation_duration: 1 }
$data merge entity $(bone_lower) { transformation: [-0.863972856121587f,0f,-0.5035383837257172f,0f,0f,1f,0f,1.010336265331159f,0.5035383837257172f,0f,-0.863972856121587f,0f,0f,0f,0f,1f], start_interpolation: 0, interpolation_duration: 1 }
data modify entity @s data merge value {"locators":{"locator_right_hand":{"posx":-0.7459531381541142,"posy":2.001875683302129,"posz":0.6525535608702202,"roty":324.3955703818484,"rotx":15.048351470389363},"locator_left_hand":{"posx":0.813681739421858,"posy":1.3776479988108246,"posz":-0.6842516251903616,"roty":322.62415126074234,"rotx":-11.206788130191445}},"cameras":{}}