# This file was generated by Animated Java via MC-Build. It is not recommended to edit this file directly.
$data merge entity $(bone_head) { transformation: [-0.9351924525221897f,0.1328753712616722f,-0.32826698350215616f,0f,-1.3877787807814457e-17f,0.9269415083333757f,0.3752058636650636f,1.705301647731117f,0.35413991125758765f,0.3508896918416372f,-0.8668687025229074f,0f,0f,0f,0f,1f], start_interpolation: 0, interpolation_duration: 1 }
$data merge entity $(bone_bust) { transformation: [-1f,-6.123233995736765e-17f,-1.0605752387249069e-16f,1.1102230246251565e-16f,0f,0.8660254037844387f,-0.49999999999999994f,1.595926647731117f,1.2246467991473532e-16f,-0.49999999999999994f,-0.8660254037844387f,0.07187500000000002f,0f,0f,0f,1f], start_interpolation: 0, interpolation_duration: 1 }
$data merge entity $(bone_left_wing) { transformation: [-0.9238795325112867f,0f,-0.38268343236508984f,0.06250000000000006f,0f,1f,0f,1.486551647731117f,0.38268343236508984f,0f,-0.9238795325112867f,-0.12500000000000006f,0f,0f,0f,1f], start_interpolation: 0, interpolation_duration: 1 }
$data merge entity $(bone_right_wing) { transformation: [-0.9238795325112867f,0f,0.3826834323650896f,-0.0625f,0f,1f,0f,1.486551647731117f,-0.3826834323650896f,0f,-0.9238795325112867f,-0.12499999999999994f,0f,0f,0f,1f], start_interpolation: 0, interpolation_duration: 1 }
$data merge entity $(bone_body) { transformation: [-1f,0f,-1.2246467991473532e-16f,0.5000000000000001f,0f,1f,0f,0.4240516477311169f,1.2246467991473532e-16f,0f,-1f,0.49999999999999994f,0f,0f,0f,1f], start_interpolation: 0, interpolation_duration: 1 }
$data merge entity $(bone_right_ring) { transformation: [-0.6919793233626316f,0.7058202390141097f,-0.15159949286412383f,-0.7010994512729775f,-0.7051814506480573f,-0.7058202390141095f,-0.06735660220027982f,1.9376510990040943f,-0.15454364335195347f,0.060295774280877124f,0.9861443514533627f,-0.009591787736589488f,0f,0f,0f,1f], start_interpolation: 0, interpolation_duration: 1 }
$data merge entity $(bone_sword) { transformation: [0.7071067811865475f,-0.04263555087090142f,0.7058202390141097f,-0.8327343611628765f,0.7071067811865477f,0.04263555087090153f,-0.7058202390141095f,2.1134801827181526f,-8.659560562354932e-17f,0.9981805546111733f,0.0602957742808769f,-0.03837805952633094f,0f,0f,0f,1f], start_interpolation: 0, interpolation_duration: 1 }
$data merge entity $(bone_right_hand) { transformation: [0.7071067811865475f,0.7058202390141097f,0.04263555087090158f,-0.5868179560328758f,0.7071067811865477f,-0.7058202390141095f,-0.04263555087090169f,1.8233696037639926f,-8.659560562354932e-17f,0.060295774280877124f,-0.9981805546111733f,-0.09374999999999993f,0f,0f,0f,1f], start_interpolation: 0, interpolation_duration: 1 }
$data merge entity $(bone_right_arm) { transformation: [0.7071067811865475f,0.7071067811865477f,-1.2246467991473532e-16f,-0.34375f,0.7071067811865477f,-0.7071067811865475f,0f,1.580301647731117f,-8.659560562354932e-17f,-8.659560562354935e-17f,-1f,4.209723372069027e-17f,0f,0f,0f,1f], start_interpolation: 0, interpolation_duration: 1 }
$data merge entity $(bone_left_ring) { transformation: [0.20935906240207544f,-0.9632383898732773f,0.16834662831331088f,0.7764855720766743f,0.9018835576609441f,0.25674020773055584f,0.34740540317517976f,1.4639582127479356f,-0.377855569511635f,0.07909658658126284f,0.922479755105894f,-0.16774841210703026f,0f,0f,0f,1f], start_interpolation: 0, interpolation_duration: 1 }
$data merge entity $(bone_left_hand) { transformation: [-0.23289890493758655f,-0.9632383898732773f,-0.1339025927800101f,0.6134262055858488f,-0.9447956769206067f,0.25674020773055584f,-0.20358191129519232f,1.4849880660219106f,0.23047609192930524f,0.07909658658126284f,-0.9698579798301331f,-0.2463137560627829f,0f,0f,0f,1f], start_interpolation: 0, interpolation_duration: 1 }
$data merge entity $(bone_left_arm) { transformation: [-0.23289890493758655f,-0.841155058152472f,-0.48807403969416807f,0.34375f,-0.9447956769206067f,0.3146457179263753f,-0.09142866652603215f,1.611551647731117f,0.23047609192930524f,0.4398366064064099f,-0.8680003057107106f,-4.209723372069027e-17f,0f,0f,0f,1f], start_interpolation: 0, interpolation_duration: 1 }
$data merge entity $(bone_leftfoot) { transformation: [-0.9999527593310675f,0.0011535405029287245f,-0.009651344491441437f,0.10912476479910578f,0.0007290439526987172f,0.999036911361518f,0.04387161077682886f,0.5517082639768678f,0.00969265707117545f,0.04386250199825176f,-0.9989905571712647f,0.19657341406325718f,0f,0f,0f,1f], start_interpolation: 0, interpolation_duration: 1 }
$data merge entity $(bone_leftleg) { transformation: [-0.9990466999447866f,0.042571218583419404f,-0.009663471309752583f,0.125f,0.043619320929226706f,0.9823329403820359f,-0.18198722230436049f,0.9240516477311169f,0.0017453283658984322f,-0.18223524793164003f,-0.98325340998147f,-0.021875000000000012f,0f,0f,0f,1f], start_interpolation: 0, interpolation_duration: 1 }
$data merge entity $(bone_rightfoot) { transformation: [-0.9367204802160887f,0.34062016794298366f,0.08082476807411146f,-0.24823470488398577f,0.3495925009151546f,0.9223061607979327f,0.16473138455699743f,0.6492840174371188f,-0.01843434966653241f,0.1825629944558076f,-0.9830213262222243f,0.29708868422561474f,0f,0f,0f,1f], start_interpolation: 0, interpolation_duration: 1 }
$data merge entity $(bone_rightleg) { transformation: [-0.9499720515246526f,0.28307156881109374f,-0.1319984403425628f,-0.125f,0.31233491851223244f,0.8609670677639742f,-0.40147553711759476f,0.9240516477311169f,1.1633802321791102e-16f,-0.42261826174069944f,-0.9063077870366499f,-0.021874999999999985f,0f,0f,0f,1f], start_interpolation: 0, interpolation_duration: 1 }
$data merge entity $(bone_skirt_right_back) { transformation: [-0.8090169943749475f,0.5834039901544178f,0.07163300276011253f,-0.17824945306830142f,0.5543309869046449f,0.7978122185385744f,-0.2370924311484456f,0.9086841141842746f,-0.1954703552200399f,-0.1521034129218083f,-0.9688425527440923f,-0.17640647175450472f,0f,0f,0f,1f], start_interpolation: 0, interpolation_duration: 1 }
$data merge entity $(bone_skirt_right) { transformation: [-0.8090169943749475f,0.5859733065230662f,0.04611709937703052f,-0.253125f,0.5543309869046449f,0.7867110514915859f,-0.2716668518946058f,0.9532438189021786f,-0.1954703552200399f,-0.19421896278022904f,-0.9612857716239865f,0.09998538808787957f,0f,0f,0f,1f], start_interpolation: 0, interpolation_duration: 1 }
$data merge entity $(bone_skirt_left_back) { transformation: [-0.9730448705798238f,-0.23061295602439852f,-0.0011594619367313647f,0.15830385587297796f,-0.2174901849373398f,0.9193236232347342f,-0.3279361145383078f,0.9102703822691585f,0.07669223750951355f,-0.3188443825383305f,-0.9446991904461097f,-0.18308478657397445f,0f,0f,0f,1f], start_interpolation: 0, interpolation_duration: 1 }
$data merge entity $(bone_skirt_left) { transformation: [-0.9730448705798238f,-0.23061587074244022f,-1.154945052012255e-16f,0.203125f,-0.2174901849373398f,0.917663247431435f,-0.33255403135357486f,0.9532438189021786f,0.07669223750951355f,-0.32358999439923786f,-0.9430842042100406f,0.09998538808787952f,0f,0f,0f,1f], start_interpolation: 0, interpolation_duration: 1 }
$data merge entity $(bone_skirt_back_middle) { transformation: [-1f,-3.0505138426401123e-17f,-1.186045292398426e-16f,-1.5565127152189722e-17f,0f,0.9684794776944643f,-0.2490933585719572f,0.9394403873067116f,1.2246467991473532e-16f,-0.2490933585719572f,-0.9684794776944643f,-0.12709890854266526f,0f,0f,0f,1f], start_interpolation: 0, interpolation_duration: 1 }
$data merge entity $(bone_skirt_front_middle) { transformation: [-1f,-5.0637157194573286e-17f,-1.1150549824053813e-16f,2.052690572319325e-17f,0f,0.9105114904817666f,-0.41348376715497764f,1.0433635221047037f,1.2246467991473532e-16f,-0.41348376715497764f,-0.9105114904817666f,0.1676149052729724f,0f,0f,0f,1f], start_interpolation: 0, interpolation_duration: 1 }
$data merge entity $(bone_lower) { transformation: [-1f,0f,-1.2246467991473532e-16f,0f,0f,1f,0f,1.017801647731117f,1.2246467991473532e-16f,0f,-1f,0f,0f,0f,0f,1f], start_interpolation: 0, interpolation_duration: 1 }
data modify entity @s data merge value {"locators":{"locator_right_hand":{"posx":-0.8996113934956957,"posy":2.1361630412268124,"posz":-0.02654997425308618,"roty":2.445803162054574,"rotx":-2.443577822404414},"locator_left_hand":{"posx":1.0473963692285335,"posy":1.3917500293237166,"posz":-0.18999432708301042,"roty":352.13920370839134,"rotx":-11.746498069937255}},"cameras":{}}