# This file was generated by Animated Java via MC-Build. It is not recommended to edit this file directly.
$data merge entity $(bone_head) { transformation: [-0.9766490735174176f,0.07980431974318578f,-0.1994689393060918f,0f,-1.3877787807814457e-17f,0.9284498136747841f,0.3714578623306535f,1.7120043589643037f,0.21484084154920352f,0.3627839770959932f,-0.9067696503328968f,0f,0f,0f,0f,1f], start_interpolation: 0, interpolation_duration: 1 }
$data merge entity $(bone_bust) { transformation: [-0.9915472492510978f,0.06487305392568896f,0.11236342544144891f,-0.009325501501817823f,0f,0.8660254037844387f,-0.49999999999999994f,1.6026293589643037f,-0.12974610785137794f,-0.49577362462554886f,-0.8587051069040315f,0.07126745853992261f,0f,0f,0f,1f], start_interpolation: 0, interpolation_duration: 1 }
$data merge entity $(bone_left_wing) { transformation: [-0.965721894989533f,0f,-0.2595789312286832f,0.07818996655961585f,0f,1f,0f,1.4932543589643037f,0.2595789312286832f,0f,-0.965721894989533f,-0.11583427441567617f,0f,0f,0f,1f], start_interpolation: 0, interpolation_duration: 1 }
$data merge entity $(bone_right_wing) { transformation: [-0.8664185232123802f,0f,0.4993184781624633f,-0.04575343959677136f,0f,1f,0f,1.4932543589643037f,-0.4993184781624633f,0f,-0.8664185232123802f,-0.13205253789709848f,0f,0f,0f,1f], start_interpolation: 0, interpolation_duration: 1 }
$data merge entity $(bone_body) { transformation: [-0.9915472492510978f,0f,0.12974610785137794f,0.43090057069985993f,0f,1f,0f,0.4307543589643037f,-0.12974610785137794f,0f,-0.9915472492510978f,0.5606466785512378f,0f,0f,0f,1f], start_interpolation: 0, interpolation_duration: 1 }
$data merge entity $(bone_right_ring) { transformation: [-0.7440141822170592f,0.6660832999924196f,0.05268713439814854f,-0.6825824616558609f,-0.6192218947310555f,-0.7169926307346758f,0.3201340540427554f,1.9523681453437904f,0.2510122342547502f,0.2055592492284813f,0.9459060488817382f,-0.1239639345154795f,0f,0f,0f,1f], start_interpolation: 0, interpolation_duration: 1 }
$data merge entity $(bone_sword) { transformation: [0.7215641699739671f,-0.18888670170498503f,0.6660832999924196f,-0.8027879485033758f,0.689208985842115f,0.10446310978834455f,-0.7169926307346758f,2.129115828034124f,0.06584924027096221f,0.9764267881476626f,0.20555924922848107f,-0.18212890009054944f,0f,0f,0f,1f], start_interpolation: 0, interpolation_duration: 1 }
$data merge entity $(bone_right_hand) { transformation: [0.7215641699739671f,0.6660832999924196f,0.18888670170498517f,-0.560798817747203f,0.689208985842115f,-0.7169926307346758f,-0.10446310978834471f,1.83054463024884f,0.06584924027096221f,0.2055592492284813f,-0.9764267881476626f,-0.18338531321237267f,0f,0f,0f,1f], start_interpolation: 0, interpolation_duration: 1 }
$data merge entity $(bone_right_arm) { transformation: [0.7215641699739671f,0.6780469107885532f,0.13999119750855563f,-0.34084436693006487f,0.689208985842115f,-0.7226876370591626f,-0.05209177551520921f,1.5870043589643037f,0.06584924027096221f,0.134070750023797f,-0.9887815287230004f,-0.04460022457391117f,0f,0f,0f,1f], start_interpolation: 0, interpolation_duration: 1 }
$data merge entity $(bone_left_ring) { transformation: [0.23479927314533652f,-0.9696992176400723f,-0.06747391080005223f,0.79310915091221f,0.9652814947362667f,0.2407770238929286f,-0.10128208471878114f,1.4767438133787056f,0.11445932574561102f,-0.0413503575981618f,0.9925669804483542f,-0.06771521431469978f,0f,0f,0f,1f], start_interpolation: 0, interpolation_duration: 1 }
$data merge entity $(bone_left_hand) { transformation: [-0.24403331410992465f,-0.9696992176400723f,-0.011452899753277235f,0.640519938804079f,-0.9467223053859568f,0.2407770238929286f,-0.21387683663726467f,1.4943142699272323f,0.21015379627602726f,-0.0413503575981618f,-0.9767934939572837f,-0.1657505977479079f,0f,0f,0f,1f], start_interpolation: 0, interpolation_duration: 1 }
$data merge entity $(bone_left_arm) { transformation: [-0.24403331410992465f,-0.8934227972808344f,-0.3771517558005213f,0.34084436693006487f,-0.9467223053859568f,0.3037584347386436f,-0.10699387744085312f,1.6182543589643037f,0.21015379627602726f,0.3309479092304684f,-0.9199504678441963f,0.04460022457391117f,0f,0f,0f,1f], start_interpolation: 0, interpolation_duration: 1 }
$data merge entity $(bone_leftfoot) { transformation: [-0.9928473775239394f,0.0008356611705868794f,0.11938754798656509f,0.08203668394520955f,0.000874110215744357f,0.9999995816001637f,0.0002696865373759405f,0.5622760174468965f,-0.11938727266826706f,0.00037211544671492125f,-0.992847692576725f,0.21550991380424792f,0f,0f,0f,1f], start_interpolation: 0, interpolation_duration: 1 }
$data merge entity $(bone_leftleg) { transformation: [-0.9908284567660379f,0.06790489454435536f,0.11682420365468736f,0.12678160226563612f,0.043619320929226706f,0.9790072113471313f,-0.19910357850120777f,0.9307543589643037f,-0.1278918453393531f,-0.19218169899143223f,-0.9729901697696959f,-0.0054718325959455215f,0f,0f,0f,1f], start_interpolation: 0, interpolation_duration: 1 }
$data merge entity $(bone_rightfoot) { transformation: [-0.9317409912137444f,0.30491443814190533f,0.19719510821680009f,-0.28038808316285696f,0.3348360067406515f,0.9315696271982042f,0.14164349004374716f,0.6540849394575337f,-0.14051182826368627f,0.1980030683964391f,-0.9700779406952781f,0.2629319197287229f,0f,0f,0f,1f], start_interpolation: 0, interpolation_duration: 1 }
$data merge entity $(bone_rightleg) { transformation: [-0.9466904444397778f,0.3220681110142846f,-0.007023836138938783f,-0.12110521004713834f,0.2973748740777859f,0.865307147346723f,-0.40349934946403265f,0.9307543589643037f,-0.12387649766455779f,-0.3840776908626262f,-0.9149529718559287f,-0.03790835955879f,0f,0f,0f,1f], start_interpolation: 0, interpolation_duration: 1 }
$data merge entity $(bone_skirt_right_back) { transformation: [-0.7251586782299031f,0.6522369245379025f,0.22075299693820366f,-0.14839076718180458f,0.6102815385996836f,0.7572529791654721f,-0.23264644675863835f,0.9178763557109438f,-0.3189064675296862f,-0.033984111204439504f,-0.9471767232958069f,-0.19390730636319178f,0f,0f,0f,1f], start_interpolation: 0, interpolation_duration: 1 }
$data merge entity $(bone_skirt_right) { transformation: [-0.7251586782299031f,0.6568974110616208f,0.2064719901788134f,-0.27017831130563164f,0.6102815385996836f,0.7519976179730337f,-0.2491104698869281f,0.9600101223245678f,-0.3189064675296862f,-0.054638575232369826f,-0.9462099614061955f,0.06566332912402115f,0f,0f,0f,1f], start_interpolation: 0, interpolation_duration: 1 }
$data merge entity $(bone_skirt_left_back) { transformation: [-0.9692463936648126f,-0.21376759794009204f,0.12192146012363246f,0.17905327745949162f,-0.24321034680169396f,0.9076733711903687f,-0.34202014332566866f,0.9129462193760687f,-0.03755203824501538f,-0.3611543510783642f,-0.9317496332818225f,-0.16012932849278355f,0f,0f,0f,1f], start_interpolation: 0, interpolation_duration: 1 }
$data merge entity $(bone_skirt_left) { transformation: [-0.9692463936648126f,-0.21376759794009204f,0.12192146012363246f,0.18841229147300115f,-0.24321034680169396f,0.9076733711903687f,-0.34202014332566866f,0.9600101223245678f,-0.03755203824501538f,-0.3611543510783642f,-0.9317496332818225f,0.12567090400528347f,0f,0f,0f,1f], start_interpolation: 0, interpolation_duration: 1 }
$data merge entity $(bone_skirt_back_middle) { transformation: [-0.9915472492510978f,0.0335807637398623f,0.1253251164341328f,0.01644806227112124f,0f,0.9659258262890684f,-0.25881904510252063f,0.9439240047711971f,-0.12974610785137794f,-0.2566313122252002f,-0.9577610960375195f,-0.12569957720136593f,0f,0f,0f,1f], start_interpolation: 0, interpolation_duration: 1 }
$data merge entity $(bone_skirt_front_middle) { transformation: [-0.9915472492510978f,0.05483307456777065f,0.11758990788340086f,-0.021652394017513902f,0f,0.90630778703665f,-0.4226182617406994f,1.0508052995604686f,-0.12974610785137794f,-0.4190459749122709f,-0.89864699321104f,0.1654721831992036f,0f,0f,0f,1f], start_interpolation: 0, interpolation_duration: 1 }
$data merge entity $(bone_lower) { transformation: [-0.9915472492510978f,0f,0.12974610785137794f,0f,0f,1f,0f,1.0245043589643037f,-0.12974610785137794f,0f,-0.9915472492510978f,0f,0f,0f,0f,1f], start_interpolation: 0, interpolation_duration: 1 }
data modify entity @s data merge value {"locators":{"locator_right_hand":{"posx":-0.8699183897787288,"posy":2.154022322737918,"posz":-0.18177747336098987,"roty":10.948455819972196,"rotx":-5.996234908824035},"locator_left_hand":{"posx":1.0658370558734802,"posy":1.4090252754088195,"posz":-0.05608542624021677,"roty":359.3282380001725,"rotx":-12.349642127218736}},"cameras":{}}