execute if entity @s[tag=aj.heiloang_aj.bone.head_lower] run data modify entity @s {} merge value {transformation:[-0.7667685728295743f,-0.13765350642496993f,-0.1819820537575296f,-0.5966651057676569f,-0.20559658560220354f,0.6935374211802771f,0.34166634222780357f,1.1650955795655296f,0.098974742786296f,0.37424237813417316f,-0.700104736949312f,2.871335972510741f,0f,0f,0f,1f],start_interpolation:0}
execute if entity @s[tag=aj.heiloang_aj.bone.horne_right] run data modify entity @s {} merge value {transformation:[-0.4609649413771091f,-0.6319060928886214f,-0.1679464575138017f,-1.0564026179699981f,-0.6401005545369945f,0.39422573556458673f,0.27360071180461565f,1.5636560135048314f,-0.13335142632394403f,0.2920286958310728f,-0.7327596044464874f,2.88643465551183f,0f,0f,0f,1f],start_interpolation:0}
execute if entity @s[tag=aj.heiloang_aj.bone.horne_left] run data modify entity @s {} merge value {transformation:[-0.6696772412738676f,0.4041365857335696f,-0.1679464575138017f,-0.40449597735029413f,0.3369371483568999f,0.6720238154687138f,0.27360071180461565f,1.7384542305838249f,0.27929509586983875f,0.15829596177567223f,-0.7327596044464874f,2.8022863291949216f,0f,0f,0f,1f],start_interpolation:0}
execute if entity @s[tag=aj.heiloang_aj.bone.head_upper] run data modify entity @s {} merge value {transformation:[-1.1231434362664399f,-0.22625887382251336f,-0.2460037723047789f,-0.6699423396972927f,-0.3011527386754677f,1.059177875229486f,0.40076348263360595f,1.3595190451516934f,0.14497572886479676f,0.44733797406538034f,-1.0733279496031036f,2.712718946048141f,0f,0f,0f,1f],start_interpolation:0}
execute if entity @s[tag=aj.heiloang_aj.bone.neck_0] run data modify entity @s {} merge value {transformation:[-0.975954625960207f,-0.11396114511073464f,-0.18581018667425714f,-0.7411597951108494f,-0.19397675686027313f,0.8429072291127802f,0.5018768981606797f,1.5188936993551356f,0.09942628357151206f,0.5258519378251494f,-0.8447450228445815f,2.3165017678858892f,0f,0f,0f,1f],start_interpolation:0}
execute if entity @s[tag=aj.heiloang_aj.bone.neck_1] run data modify entity @s {} merge value {transformation:[-0.9990878200855249f,-0.04257043535773404f,-0.003359433018631147f,-0.742915342608833f,-0.03978280029226951f,0.8992949946983404f,0.4355293805375443f,1.688812515691781f,-0.015519554041888067f,0.43526574703732956f,-0.9001682469951806f,1.9939473826315601f,0f,0f,0f,1f],start_interpolation:0}
execute if entity @s[tag=aj.heiloang_aj.bone.neck_2] run data modify entity @s {} merge value {transformation:[-0.9914070087122819f,-0.002985390146399619f,0.1307793199318575f,-0.6892218346153197f,0.026304410078181295f,0.974769338862949f,0.22165922950134084f,1.746977384393947f,-0.1281414105065346f,0.22319458653462657f,-0.9663146254999109f,1.590470260097498f,0f,0f,0f,1f],start_interpolation:0}
execute if entity @s[tag=aj.heiloang_aj.bone.neck_3] run data modify entity @s {} merge value {transformation:[-0.9539523193640173f,0.10706701363459348f,0.28019926297437314f,-0.5468114775950104f,0.08785252404554975f,0.9928919867800515f,-0.08029593144604662f,1.6813801192957554f,-0.2868046484958676f,-0.05198227755044904f,-0.9565777210565956f,1.096700105279441f,0f,0f,0f,1f],start_interpolation:0}
execute if entity @s[tag=aj.heiloang_aj.bone.wing_right_2] run data modify entity @s {} merge value {transformation:[0.2167543306156718f,2.286481123725291f,-0.5085249623453008f,-3.3415904366593256f,2.340757737865549f,-0.19262626778482758f,0.131621958285285f,4.897905185201584f,0.08629472233524754f,-0.5181459235854562f,-2.292957485233833f,1.338730628481171f,0f,0f,0f,1f],start_interpolation:0}
execute if entity @s[tag=aj.heiloang_aj.bone.wing_right_1] run data modify entity @s {} merge value {transformation:[-1.2669488715658577f,3.009859305618907f,-0.7230534490044773f,-2.501095477864724f,3.061610991208331f,1.3336912425655898f,0.18714855306999897f,2.8905659801994243f,0.4567247182388311f,-0.590959730255053f,-3.2602742065455983f,1.0893072956042853f,0f,0f,0f,1f],start_interpolation:0}
execute if entity @s[tag=aj.heiloang_aj.bone.wing_right_0] run data modify entity @s {} merge value {transformation:[-1.8953353205409782f,1.0515644301960927f,-0.4799127752583735f,-0.7420415819649724f,1.0512121278302269f,1.951390116755324f,0.12421624101658361f,1.9138018392669747f,0.4806839762385195f,-0.12119761291383026f,-2.163944096692776f,0.6248642926668516f,0f,0f,0f,1f],start_interpolation:0}
execute if entity @s[tag=aj.heiloang_aj.bone.wing_left_2] run data modify entity @s {} merge value {transformation:[-0.8135567819956413f,-1.9843458455573795f,0.9664744869933567f,2.541187000795724f,-2.1711137411785537f,0.9049400062680794f,0.030409114459317436f,4.392754230254585f,-0.3974499863574888f,-0.8814937076325068f,-2.144429611358166f,2.0063911189997885f,0f,0f,0f,1f],start_interpolation:0}
execute if entity @s[tag=aj.heiloang_aj.bone.wing_left_1] run data modify entity @s {} merge value {transformation:[-1.2261095110944942f,-2.792035276902029f,1.3741954927295559f,1.7175236807208272f,-3.0543032261747123f,1.3625641572688285f,0.04323763181570506f,2.3923890449200904f,-0.5959077464527237f,-1.2390224787149315f,-3.049087736989007f,1.6626291095424628f,0f,0f,0f,1f],start_interpolation:0}
execute if entity @s[tag=aj.heiloang_aj.bone.wing_left_0] run data modify entity @s {} merge value {transformation:[-1.9507077925679188f,-0.5396484633136864f,0.9120957428132057f,-0.08956919897036406f,-0.5793897273008047f,2.142868162169268f,0.02869814383548604f,1.8537135680268502f,-0.8873819087141092f,-0.21282757247236542f,-2.023773152426532f,0.821029351086949f,0f,0f,0f,1f],start_interpolation:0}
execute if entity @s[tag=aj.heiloang_aj.bone.kazari_right] run data modify entity @s {} merge value {transformation:[-2.5070749358781788f,0.6833977365348413f,-0.3929541807217901f,-1.6923949624639945f,0.23088455955017895f,-0.6160323113106744f,-2.54441873522005f,3.571272031773399f,-0.753749145677126f,-2.4617761705070857f,0.527627236096393f,-3.359915520035652f,0f,0f,0f,1f],start_interpolation:0}
execute if entity @s[tag=aj.heiloang_aj.bone.kazari_left] run data modify entity @s {} merge value {transformation:[-2.5070749358781788f,0.6833977365348413f,-0.3929541807217901f,3.148038999495776f,0.23088455955017895f,-0.6160323113106744f,-2.54441873522005f,3.125500967117391f,-0.753749145677126f,-2.4617761705070857f,0.527627236096393f,-1.9046447136783082f,0f,0f,0f,1f],start_interpolation:0}
execute if entity @s[tag=aj.heiloang_aj.bone.ring] run data modify entity @s {} merge value {transformation:[-2.1014957476184377f,-0.660787825162761f,-0.0011656081335374134f,-0.18260716854511844f,0.19353347326871986f,-0.6192058113960702f,2.1052446992314f,3.58815742895911f,-0.631812237338118f,2.0082006620440174f,0.6487446982440771f,0.4693799176974833f,0f,0f,0f,1f],start_interpolation:0}
execute if entity @s[tag=aj.heiloang_aj.bone.body_0] run data modify entity @s {} merge value {transformation:[-1.0765944169421207f,0.07268637339575239f,0.33062596460245264f,-0.22842313120670238f,0.09914702756293739f,1.121608558939186f,0.0762658729542275f,1.8701465885993829f,-0.32367685161618076f,0.10180033189832667f,-1.0763467675851037f,0.09551796887398045f,0f,0f,0f,1f],start_interpolation:0}
execute if entity @s[tag=aj.heiloang_aj.bone.leg_right_3] run data modify entity @s {} merge value {transformation:[-0.8774121383230302f,0.1253241665144933f,0.46307860327470884f,-0.8911981677695574f,0.32792677044529667f,0.8612317222139905f,0.3882575870187754f,0.2889842284592543f,-0.35015992453267036f,0.49251779048047767f,-0.7967523161632498f,-0.7278355970518615f,0f,0f,0f,1f],start_interpolation:0}
execute if entity @s[tag=aj.heiloang_aj.bone.leg_right_2] run data modify entity @s {} merge value {transformation:[-0.9615260365255045f,0.25360376290532183f,-0.10560687725624539f,-0.7319780532775796f,0.2636154670734861f,0.9599428165001366f,-0.09495617183423671f,0.8772862451448392f,0.07729532070689761f,-0.1191424378214859f,-0.9898638860503859f,-0.7535968626501564f,0f,0f,0f,1f],start_interpolation:0}
execute if entity @s[tag=aj.heiloang_aj.bone.leg_right_1] run data modify entity @s {} merge value {transformation:[-0.9876345842961674f,0.12379611491113025f,-0.09618965555114048f,-0.6548101830314319f,0.13545173494125393f,0.9827432884547878f,-0.1259700619134333f,1.0399513379927598f,0.0789351341516635f,-0.13744144545943981f,-0.9873596577065922f,-0.06720557449647957f,0f,0f,0f,1f],start_interpolation:0}
execute if entity @s[tag=aj.heiloang_aj.bone.leg_right_0] run data modify entity @s {} merge value {transformation:[-0.835358648866385f,0.520261082774168f,-0.1774946013679798f,-0.25655187951107744f,0.4857812988007533f,0.5475524191116278f,-0.6813243559865284f,1.3764933695427668f,-0.2572789488076726f,-0.6553737514393254f,-0.7101357535181315f,-0.5845703599095251f,0f,0f,0f,1f],start_interpolation:0}
execute if entity @s[tag=aj.heiloang_aj.bone.leg_left_3] run data modify entity @s {} merge value {transformation:[-0.8338418022411126f,-0.36856198370833854f,0.4109378456655797f,0.7845475642401262f,-0.20368950152021628f,0.8973489174833129f,0.39150415995487536f,0.16065944643996155f,-0.5130481807839682f,0.24274880938225252f,-0.8233192453342505f,-0.1329729805709083f,0f,0f,0f,1f],start_interpolation:0}
execute if entity @s[tag=aj.heiloang_aj.bone.leg_left_2] run data modify entity @s {} merge value {transformation:[-0.8338418022411126f,-0.10736331403843195f,0.5414618801300591f,0.6937060563438979f,-0.20368950152021628f,0.9715244833889678f,-0.12104034511783815f,0.7572358380488756f,-0.5130481807839682f,-0.21121859997283526f,-0.8319665060684692f,-0.22218273294371704f,0f,0f,0f,1f],start_interpolation:0}
execute if entity @s[tag=aj.heiloang_aj.bone.leg_left_1] run data modify entity @s {} merge value {transformation:[-0.849041274188712f,0.00822388074046898f,0.5282625128755353f,0.32156622699856396f,-0.07415840686564273f,0.988124835419946f,-0.1345728067532761f,0.9263752811692453f,-0.5230960193073144f,-0.1534329736786436f,-0.838348899428496f,0.35786175610739834f,0f,0f,0f,1f],start_interpolation:0}
execute if entity @s[tag=aj.heiloang_aj.bone.leg_left_0] run data modify entity @s {} merge value {transformation:[-0.8997411934207684f,0.0774362702119445f,0.42949902085736363f,0.37461501248930457f,-0.26199112167242783f,0.6912380955015529f,-0.673461615455706f,1.3764933695427668f,-0.3490364408290264f,-0.7184660878448258f,-0.6016477736935097f,-0.22016598490952502f,0f,0f,0f,1f],start_interpolation:0}
execute if entity @s[tag=aj.heiloang_aj.bone.tail_4] run data modify entity @s {} merge value {transformation:[-1.524699633090626f,-0.028239350440280003f,-0.39918408238267056f,-0.47279384245039874f,-0.21336635311502924f,1.3876354774772544f,0.716796306277132f,1.0493999271743317f,0.3385560395257723f,0.7473450905845695f,-1.3459975807435316f,-4.449877335659275f,0f,0f,0f,1f],start_interpolation:0}
execute if entity @s[tag=aj.heiloang_aj.bone.tail_3] run data modify entity @s {} merge value {transformation:[-0.9447557029741833f,-0.10073050304390226f,-0.31191349354312803f,-0.05334853662939998f,-0.1433959059483945f,0.9827291332196968f,0.11696608430866967f,0.8674465790139362f,0.2947444246376779f,0.15523149318932042f,-0.9428832948288024f,-3.1939350730858918f,0f,0f,0f,1f],start_interpolation:0}
execute if entity @s[tag=aj.heiloang_aj.bone.tail_2] run data modify entity @s {} merge value {transformation:[-0.9916969700466141f,-0.128113307885675f,0.011140015392944402f,-0.06441179881714673f,-0.12610990881672066f,0.9858173148208262f,0.11072719944843928f,0.7987580641875848f,-0.02516764785599157f,0.10840296186934335f,-0.9937884017029734f,-2.4138182324391106f,0f,0f,0f,1f],start_interpolation:0}
execute if entity @s[tag=aj.heiloang_aj.bone.tail_1] run data modify entity @s {} merge value {transformation:[-0.9633642282763157f,-0.02821710984056996f,-0.26670800211059226f,0.14354011919093088f,-0.020133629249002846f,0.9992527073847198f,-0.03299490502442992f,0.8414192373242607f,0.26743971404943245f,-0.02641631118367327f,-0.9632124261307083f,-1.6615277060720908f,0f,0f,0f,1f],start_interpolation:0}
execute if entity @s[tag=aj.heiloang_aj.bone.tail_ring] run data modify entity @s {} merge value {transformation:[-0.9590758531612115f,0.28290842843125746f,0.01167600126971069f,0.15399245305119325f,0.2520955275348123f,0.8719408445966025f,-0.41972253754249156f,0.8081452060555365f,-0.12892382588194828f,-0.39960228308496887f,-0.9075773589470164f,-1.8043470441928495f,0f,0f,0f,1f],start_interpolation:0}
execute if entity @s[tag=aj.heiloang_aj.bone.tail_0] run data modify entity @s {} merge value {transformation:[-0.9590758531612115f,0.28290842843125746f,0.01167600126971069f,0.1312895773015946f,0.2520955275348123f,0.8719408445966025f,-0.41972253754249156f,1.374753025438927f,-0.12892382588194828f,-0.39960228308496887f,-0.9075773589470164f,-0.5275227183906035f,0f,0f,0f,1f],start_interpolation:0}
execute if entity @s[tag=aj.heiloang_aj.bone.body_1] run data modify entity @s {} merge value {transformation:[-0.8660254037844386f,0.24541623797955034f,0.4356269850869718f,-0.0018960387843347866f,0f,0.8712539701739436f,-0.4908324759591007f,1.608864375f,-0.5f,-0.4250733931829959f,-0.7545280713186847f,-0.290739714492411f,0f,0f,0f,1f],start_interpolation:0}