execute if entity @s[tag=aj.heiloang_aj.bone.head_lower] run data modify entity @s {} merge value {transformation:[-0.7758429415035888f,-0.10744340940884861f,-0.16286081141165148f,-0.6356818454431171f,-0.16874756206185554f,0.7047167090200074f,0.3389669900243835f,0.6304565671320179f,0.09793870745134017f,0.3630843893678339f,-0.7061003723127103f,2.7935521368691134f,0f,0f,0f,1f],start_interpolation:0}
execute if entity @s[tag=aj.heiloang_aj.bone.horne_right] run data modify entity @s {} merge value {transformation:[-0.4879402799934635f,-0.6158994411954775f,-0.1502736220865094f,-1.0773702866137187f,-0.6225044903149288f,0.4295664552837604f,0.2606929612258374f,1.0492024031180809f,-0.12001017747529283f,0.2759357512720012f,-0.7412536802419972f,2.7940165040376295f,0f,0f,0f,1f],start_interpolation:0}
execute if entity @s[tag=aj.heiloang_aj.bone.horne_left] run data modify entity @s {} merge value {transformation:[-0.6560825553959342f,0.4324043466596305f,-0.1502736220865094f,-0.41774861774736766f,0.3736769840145968f,0.6575748562597714f,0.2606929612258374f,1.1926715803830705f,0.26442615627599275f,0.14360288787068057f,-0.7412536802419972f,2.7107490149625f,0f,0f,0f,1f],start_interpolation:0}
execute if entity @s[tag=aj.heiloang_aj.bone.head_upper] run data modify entity @s {} merge value {transformation:[-1.1364353446409194f,-0.1822781019294817f,-0.22011704479176683f,-0.6990940713433699f,-0.24717721021915448f,1.079931075533848f,0.381856532279576f,0.8235349836277739f,0.14345817020703683f,0.4167561373912715f,-1.0857698594764715f,2.629147110313911f,0f,0f,0f,1f],start_interpolation:0}
execute if entity @s[tag=aj.heiloang_aj.bone.neck_0] run data modify entity @s {} merge value {transformation:[-0.9744660898378145f,-0.1767558203512102f,-0.13846739590304638f,-0.7459156961919616f,-0.22407855222878642f,0.804839958467862f,0.5495647766046341f,1.0058490752886982f,0.01430532024287913f,0.5665598125753546f,-0.8238964355957172f,2.23923742069682f,0f,0f,0f,1f],start_interpolation:0}
execute if entity @s[tag=aj.heiloang_aj.bone.neck_1] run data modify entity @s {} merge value {transformation:[-0.9937656415496801f,-0.1072935199101188f,-0.030297693982374682f,-0.75829463718381f,-0.10338182390218074f,0.7850848293062046f,0.6106996064186601f,1.2381676581008132f,-0.041737850471858046f,0.6100245170307048f,-0.7912825288475944f,1.958538907271556f,0f,0f,0f,1f],start_interpolation:0}
execute if entity @s[tag=aj.heiloang_aj.bone.neck_2] run data modify entity @s {} merge value {transformation:[-0.9898666444679116f,-0.07235343409702208f,0.12218431464064788f,-0.7057983676724252f,-0.018098554758056544f,0.9177188084448261f,0.39681813333349375f,1.370024910564418f,-0.14084199830131142f,0.3905856745977464f,-0.9097287300693084f,1.572640293876414f,0f,0f,0f,1f],start_interpolation:0}
execute if entity @s[tag=aj.heiloang_aj.bone.neck_3] run data modify entity @s {} merge value {transformation:[-0.9561423136012427f,0.03360455353348746f,0.29096840055765133f,-0.5560359966533459f,0.07774086979833021f,0.9868831985368294f,0.14148466209704935f,1.4193446129430736f,-0.28239729691387266f,0.15789960869974362f,-0.9462132319240764f,1.0791512099565292f,0f,0f,0f,1f],start_interpolation:0}
execute if entity @s[tag=aj.heiloang_aj.bone.wing_right_2] run data modify entity @s {} merge value {transformation:[-1.5611564991630316f,1.69831323604218f,-0.46054157654436984f,-4.809107563135948f,1.6717081514985535f,1.6236354357787555f,0.3205867031207426f,2.3913054058122896f,0.5493252658082677f,-0.11452567523693911f,-2.2844477731778428f,1.523636870962092f,0f,0f,0f,1f],start_interpolation:0}
execute if entity @s[tag=aj.heiloang_aj.bone.wing_right_1] run data modify entity @s {} merge value {transformation:[-3.079077150501915f,1.130355475985667f,-0.6548275895731813f,-2.7832175713049847f,1.0560480541042607f,3.1407323343725415f,0.45583076261854905f,1.692956600541539f,0.768937696812694f,0.21287478628531908f,-3.2481745514495315f,1.0696179882520156f,0f,0f,0f,1f],start_interpolation:0}
execute if entity @s[tag=aj.heiloang_aj.bone.wing_right_0] run data modify entity @s {} merge value {transformation:[-2.176606895028264f,0.04335784338433245f,-0.43462917749787355f,-0.7621826399765377f,-0.016605173928503882f,2.1992245104718164f,0.30254887330612f,1.7108267527194747f,0.43647072377677565f,0.29988606162517495f,-2.1559131840889876f,0.6463632627255325f,0f,0f,0f,1f],start_interpolation:0}
execute if entity @s[tag=aj.heiloang_aj.bone.wing_left_2] run data modify entity @s {} merge value {transformation:[-1.9492735538661359f,-0.916575337940858f,0.9454090481890329f,3.6109752311361794f,-0.9252036629878626f,2.155117563376721f,0.18177589592692128f,2.208315912673367f,-0.9369668086506233f,-0.2212101811056505f,-2.14633065057164f,2.488098002968267f,0f,0f,0f,1f],start_interpolation:0}
execute if entity @s[tag=aj.heiloang_aj.bone.wing_left_1] run data modify entity @s {} merge value {transformation:[-2.7884791047770294f,-1.266733203236812f,1.3442432990122364f,1.7648560852350195f,-1.2751565902043698f,3.0812972170233848f,0.25846064250154294f,1.3695156355845475f,-1.3362554866417802f,-0.2970071128463937f,-3.051790756627719f,1.6596581119839295f,0f,0f,0f,1f],start_interpolation:0}
execute if entity @s[tag=aj.heiloang_aj.bone.wing_left_0] run data modify entity @s {} merge value {transformation:[-2.0214683219683183f,0.21451627384851757f,0.8922155521692826f,-0.10821237209847989f,0.3083063056881945f,2.1917842993455467f,0.1715482643900779f,1.6576545243556853f,-0.8642991641506358f,0.28011489320723076f,-2.025567229556208f,0.8395138359024716f,0f,0f,0f,1f],start_interpolation:0}
execute if entity @s[tag=aj.heiloang_aj.bone.kazari_right] run data modify entity @s {} merge value {transformation:[-2.512830443308074f,0.7284769299828415f,-0.24874628484295633f,-1.782413003308565f,0.20431019686046814f,-0.18762400798651796f,-2.613412474838628f,3.8978435835816314f,-0.7421662180396219f,-2.5181320026293497f,0.12276282291848385f,-3.0702166258658448f,0f,0f,0f,1f],start_interpolation:0}
execute if entity @s[tag=aj.heiloang_aj.bone.kazari_left] run data modify entity @s {} merge value {transformation:[-2.512830443308074f,0.7284769299828415f,-0.24874628484295633f,3.0691331728229043f,0.20431019686046814f,-0.18762400798651796f,-2.613412474838628f,3.5033798994270584f,-0.7421662180396219f,-2.5181320026293497f,0.12276282291848385f,-1.6373090905512382f,0f,0f,0f,1f],start_interpolation:0}
execute if entity @s[tag=aj.heiloang_aj.bone.ring] run data modify entity @s {} merge value {transformation:[-2.106320164398415f,-0.633072530609099f,-0.12474302313497822f,-0.298990145632939f,0.17125814779324275f,-0.9591143435137905f,1.9757774694192072f,3.4176899946326573f,-0.6221031246080428f,1.8794268096519027f,0.966265416590394f,0.7589664647257544f,0f,0f,0f,1f],start_interpolation:0}
execute if entity @s[tag=aj.heiloang_aj.bone.body_0] run data modify entity @s {} merge value {transformation:[-1.0790659614009719f,0.007805316975178341f,0.33046649438390435f,-0.2445698468990421f,0.08773539797974897f,1.0945444789169085f,0.260628585445883f,1.7785942927779304f,-0.3187028817328221f,0.27488877139145546f,-1.0471470825417817f,0.12348490082848257f,0f,0f,0f,1f],start_interpolation:0}
execute if entity @s[tag=aj.heiloang_aj.bone.leg_right_3] run data modify entity @s {} merge value {transformation:[-0.8770368999447973f,0.07593857232537574f,0.4743833991281774f,-0.8420891308120245f,0.28367576857900445f,0.878769915319777f,0.38378574002948973f,0.26155467677143374f,-0.38772971830429914f,0.4711653310272902f,-0.7922555751660021f,-0.6894637638477924f,0f,0f,0f,1f],start_interpolation:0}
execute if entity @s[tag=aj.heiloang_aj.bone.leg_right_2] run data modify entity @s {} merge value {transformation:[-0.9624639993311848f,0.20559865754638745f,-0.17717855966946094f,-0.7086883982725298f,0.2298279666915783f,0.9646300938101259f,-0.1291041743797712f,0.8543184396683381f,0.14436812569897925f,-0.16497870811407966f,-0.9756740593821139f,-0.7437713733939618f,0f,0f,0f,1f],start_interpolation:0}
execute if entity @s[tag=aj.heiloang_aj.bone.leg_right_1] run data modify entity @s {} merge value {transformation:[-0.9837661933469233f,0.07831777807231587f,-0.16146331616041906f,-0.5888757289250646f,0.10083240075456323f,0.9855190056717367f,-0.13632724019014852f,1.0245002353079538f,0.1484483202524539f,-0.15039486393360202f,-0.977417250265524f,-0.0653681792833184f,0f,0f,0f,1f],start_interpolation:0}
execute if entity @s[tag=aj.heiloang_aj.bone.leg_right_0] run data modify entity @s {} merge value {transformation:[-0.8685471244307651f,0.4522046704461422f,-0.20282216020382193f,-0.24084488713689947f,0.4535503515417503f,0.5602589392086648f,-0.6931103805694561f,1.3706937146555171f,-0.19979482290440814f,-0.6939890900176149f,-0.6917088778359859f,-0.6117756687356981f,0f,0f,0f,1f],start_interpolation:0}
execute if entity @s[tag=aj.heiloang_aj.bone.leg_left_3] run data modify entity @s {} merge value {transformation:[-0.8162847543268356f,-0.4052070682416701f,0.4116872984445452f,0.8462729274101036f,-0.20712775958142518f,0.870620011573733f,0.44622739344210094f,0.16482947980332618f,-0.5392376944023451f,0.27897675045484144f,-0.7946034744709463f,-0.2182391019727575f,0f,0f,0f,1f],start_interpolation:0}
execute if entity @s[tag=aj.heiloang_aj.bone.leg_left_2] run data modify entity @s {} merge value {transformation:[-0.8162847543268356f,-0.13111459172988466f,0.56257280745614f,0.7399903027617216f,-0.20712775958142518f,0.9755738260862326f,-0.073169673132029f,0.7616101997421265f,-0.5392376944023451f,-0.1762517338665759f,-0.8235035125879356f,-0.28658181561195006f,0f,0f,0f,1f],start_interpolation:0}
execute if entity @s[tag=aj.heiloang_aj.bone.leg_left_1] run data modify entity @s {} merge value {transformation:[-0.8370391672180004f,-0.03314144678953351f,0.5461383314213466f,0.35213138336968386f,-0.07799924578544772f,0.9951969381280903f,-0.059153799517654204f,0.8780627434911406f,-0.5415547527257955f,-0.0921124250314257f,-0.8356038241624628f,0.2961291562988567f,0f,0f,0f,1f],start_interpolation:0}
execute if entity @s[tag=aj.heiloang_aj.bone.leg_left_0] run data modify entity @s {} merge value {transformation:[-0.8805864872851427f,0.05232251408131497f,0.47098810274891634f,0.3903220048634825f,-0.28014350247745967f,0.7441438409152465f,-0.606440072923587f,1.3706937146555171f,-0.3822133650599815f,-0.6659671902940223f,-0.6406251985532653f,-0.2473712937356981f,0f,0f,0f,1f],start_interpolation:0}
execute if entity @s[tag=aj.heiloang_aj.bone.tail_4] run data modify entity @s {} merge value {transformation:[-1.5684426743746076f,-0.15443169427295875f,-0.031508612985747704f,-0.19006262856323106f,-0.15490356204078437f,1.4521793037446795f,0.5933249699198305f,1.1487254720886044f,-0.029100298200862063f,0.5934479634030889f,-1.4600777551435469f,-4.556188114675594f,0f,0f,0f,1f],start_interpolation:0}
execute if entity @s[tag=aj.heiloang_aj.bone.tail_3] run data modify entity @s {} merge value {transformation:[-0.9694136554101127f,-0.15570131903984785f,-0.18972154319859047f,0.06752986847084944f,-0.17223024317747493f,0.9822809866048535f,0.07389727119199355f,1.024337536898933f,0.174853962035268f,0.1043128113121618f,-0.9790530779057496f,-3.25058246998383f,0f,0f,0f,1f],start_interpolation:0}
execute if entity @s[tag=aj.heiloang_aj.bone.tail_2] run data modify entity @s {} merge value {transformation:[-0.9743316769830335f,-0.20477200589101588f,0.09352116782204697f,-0.00943839048144221f,-0.19051124653266477f,0.9713531461307038f,0.14205115433024018f,0.9308581050381629f,-0.1199301804051004f,0.12058810515698977f,-0.9854315099095656f,-2.476786453043422f,0f,0f,0f,1f],start_interpolation:0}
execute if entity @s[tag=aj.heiloang_aj.bone.tail_1] run data modify entity @s {} merge value {transformation:[-0.9592115434361042f,-0.10620358652196842f,-0.26198094043040177f,0.19350230266702526f,-0.11330587631929293f,0.9934863539121597f,0.012109623521819324f,0.9381733509913333f,0.25898840385323046f,0.0412996707032135f,-0.9649970693579135f,-1.7219576153594955f,0f,0f,0f,1f],start_interpolation:0}
execute if entity @s[tag=aj.heiloang_aj.bone.tail_ring] run data modify entity @s {} merge value {transformation:[-0.9725160879418727f,0.22952458096494666f,0.03912704214608248f,0.2062438569548612f,0.20133171642457454f,0.9133796107654263f,-0.3538406796844211f,0.9156522601434739f,-0.11695297625870998f,-0.33623823900749905f,-0.9344869437147666f,-1.866678826806203f,0f,0f,0f,1f],start_interpolation:0}
execute if entity @s[tag=aj.heiloang_aj.bone.tail_0] run data modify entity @s {} merge value {transformation:[-0.9725160879418727f,0.22952458096494666f,0.03912704214608248f,0.14640089696836942f,0.20133171642457454f,0.9133796107654263f,-0.3538406796844211f,1.3892933515648835f,-0.11695297625870998f,-0.33623823900749905f,-0.9344869437147666f,-0.5536962918228722f,0f,0f,0f,1f],start_interpolation:0}
execute if entity @s[tag=aj.heiloang_aj.bone.body_1] run data modify entity @s {} merge value {transformation:[-0.8660254037844386f,0.18171708030715725f,0.4658099427069394f,-0.0018960387843347866f,0f,0.9316198854138787f,-0.3634341606143145f,1.5828768750000002f,-0.5f,-0.31474321569507024f,-0.8068064874391667f,-0.290739714492411f,0f,0f,0f,1f],start_interpolation:0}