execute if entity @s[tag=aj.heiloang_aj.bone.head_lower] run data modify entity @s {} merge value {transformation:[-0.7871474046779324f,0.004490647819897485f,-0.14275432529682935f,-0.5615106045744527f,-0.05665505113954289f,0.7241869133515587f,0.33517684841098067f,0.9173274722650021f,0.13110746923486502f,0.33990167491864365f,-0.7122342893306455f,2.7963606211536116f,0f,0f,0f,1f],start_interpolation:0}
execute if entity @s[tag=aj.heiloang_aj.bone.horne_right] run data modify entity @s {} merge value {transformation:[-0.5778216660132945f,-0.5345438426098506f,-0.14277605756399142f,-0.9373346243106475f,-0.5432506205083015f,0.5089939369945572f,0.29292308789190036f,1.3953985368043118f,-0.1048851066785273f,0.3085256106560297f,-0.7306237485644427f,2.821685180297443f,0f,0f,0f,1f],start_interpolation:0}
execute if entity @s[tag=aj.heiloang_aj.bone.horne_left] run data modify entity @s {} merge value {transformation:[-0.5828702183825997f,0.5290343144911342f,-0.14277605756399142f,-0.2681019008534694f,0.4597096500662944f,0.5855451325182365f,0.29292308789190036f,1.443566661283151f,0.29821023818532044f,0.13137576593533717f,-0.7306237485644427f,2.7102176099539608f,0f,0f,0f,1f],start_interpolation:0}
execute if entity @s[tag=aj.heiloang_aj.bone.head_upper] run data modify entity @s {} merge value {transformation:[-1.1529938396871187f,-0.00547298733269684f,-0.20913479971829554f,-0.6032893385124849f,-0.08298690253292394f,1.0872797694298981f,0.4290664160668584f,1.1204589191609542f,0.19204294324849944f,0.4369838232682342f,-1.0701994013034817f,2.6372331541994676f,0f,0f,0f,1f],start_interpolation:0}
execute if entity @s[tag=aj.heiloang_aj.bone.neck_0] run data modify entity @s {} merge value {transformation:[-0.985614326611913f,-0.05008763417996932f,-0.16141755815151837f,-0.6682699892572612f,-0.15547986746318995f,0.6431482471250798f,0.7497908661977457f,1.3990540349856333f,0.06626016896276456f,0.7641018002348838f,-0.6416837452256643f,2.3122369463810912f,0f,0f,0f,1f],start_interpolation:0}
execute if entity @s[tag=aj.heiloang_aj.bone.neck_1] run data modify entity @s {} merge value {transformation:[-0.9977601083196422f,-0.05537382306723062f,-0.03753006747788598f,-0.6826359275622512f,-0.06656266054609239f,0.877593058375855f,0.47476292621848476f,1.5829971844773962f,0.006646688423667002f,0.47619760983170806f,-0.8793131739736229f,1.9977924280464088f,0f,0f,0f,1f],start_interpolation:0}
execute if entity @s[tag=aj.heiloang_aj.bone.neck_2] run data modify entity @s {} merge value {transformation:[-0.9944516043727764f,-0.02388048221879009f,0.10244866582542214f,-0.6398520011391102f,0.001203996460257914f,0.9712445023706553f,0.23808121935024892f,1.6480099363874958f,-0.10518819778347135f,0.23688359838489378f,-0.9658269016046765f,1.5940563621703823f,0f,0f,0f,1f],start_interpolation:0}
execute if entity @s[tag=aj.heiloang_aj.bone.neck_3] run data modify entity @s {} merge value {transformation:[-0.9617268042024323f,0.09007878000488405f,0.25878053920534333f,-0.5081144423566384f,0.04885748043887392f,0.9856585681536858f,-0.16152440568035092f,1.5405521021468624f,-0.2696191771438776f,-0.14269898534347494f,-0.9523352870172358f,1.1046784854427867f,0f,0f,0f,1f],start_interpolation:0}
execute if entity @s[tag=aj.heiloang_aj.bone.wing_right_2] run data modify entity @s {} merge value {transformation:[-0.9510219405145497f,2.0674800748900486f,-0.5955328831505353f,-2.6149980513333255f,2.1419968975764085f,0.9710751173320543f,-0.0493802955903086f,4.975000807625976f,0.2024415119336697f,-0.562241285172287f,-2.275187503880687f,1.0011622598227115f,0f,0f,0f,1f],start_interpolation:0}
execute if entity @s[tag=aj.heiloang_aj.bone.wing_right_1] run data modify entity @s {} merge value {transformation:[-0.28844135930768927f,3.222887862585871f,-0.8467668984658137f,-2.4132673874434394f,3.3322680358507735f,0.27978344233366975f,-0.07021207547956895f,2.794373102951151f,0.003176851894443732f,-0.8496668897236151f,-3.2350077058670874f,1.0483004771457853f,0f,0f,0f,1f],start_interpolation:0}
execute if entity @s[tag=aj.heiloang_aj.bone.wing_right_0] run data modify entity @s {} merge value {transformation:[-1.828875671608097f,1.1259402574388144f,-0.5620251902527577f,-0.7166875643516213f,1.173965804915055f,1.8836221889866873f,-0.04660191033794748f,1.7020632735035577f,0.45323069919212094f,-0.33559795266898634f,-2.1471739443916054f,0.6095269147710146f,0f,0f,0f,1f],start_interpolation:0}
execute if entity @s[tag=aj.heiloang_aj.bone.wing_left_2] run data modify entity @s {} merge value {transformation:[-1.3941257415819484f,-1.6564135559420001f,0.9199367123183914f,2.150037221502912f,-1.8465259087404484f,1.4437501711698935f,-0.19875491923012073f,4.59652261141145f,-0.4246545552915351f,-0.8399140320648846f,-2.1558731256109818f,1.4304809975359325f,0f,0f,0f,1f],start_interpolation:0}
execute if entity @s[tag=aj.heiloang_aj.bone.wing_left_1] run data modify entity @s {} merge value {transformation:[-0.6302819128432549f,-3.0131435132410447f,1.3080250960345f,1.7174796980783544f,-3.2846333683664466f,0.5643919122881302f,-0.28260250822920713f,2.450313539305004f,0.0338691401771471f,-1.337776779159051f,-3.0653588604576942f,1.4992928164194201f,0f,0f,0f,1f],start_interpolation:0}
execute if entity @s[tag=aj.heiloang_aj.bone.wing_left_0] run data modify entity @s {} merge value {transformation:[-1.9173063497736758f,-0.7061204337691943f,0.8681764187831573f,-0.058897686398294125f,-0.838771847087274f,2.046870427659441f,-0.18757196194276962f,1.6686463447514823f,-0.7408091182290794f,-0.49001569912285725f,-2.0345727966729994f,0.7939376693141698f,0f,0f,0f,1f],start_interpolation:0}
execute if entity @s[tag=aj.heiloang_aj.bone.kazari_right] run data modify entity @s {} merge value {transformation:[-2.527507001173381f,0.6130044756761113f,-0.37789424496391866f,-1.7933852696217651f,0.12840197791030125f,-0.9733943140270829f,-2.437803648788129f,2.8206549482880945f,-0.7085841373079962f,-2.3629640731033232f,0.9061895486787979f,-3.488540302305906f,0f,0f,0f,1f],start_interpolation:0}
execute if entity @s[tag=aj.heiloang_aj.bone.kazari_left] run data modify entity @s {} merge value {transformation:[-2.527507001173381f,0.6130044756761113f,-0.37789424496391866f,3.086497079521228f,0.12840197791030125f,-0.9733943140270829f,-2.437803648788129f,2.572748000727261f,-0.7085841373079962f,-2.3629640731033232f,0.9061895486787979f,-2.1204700168717854f,0f,0f,0f,1f],start_interpolation:0}
execute if entity @s[tag=aj.heiloang_aj.bone.ring] run data modify entity @s {} merge value {transformation:[-2.118622438854689f,-0.6033757720788419f,0.01740474170163325f,-0.16182698917026295f,0.10762989438517775f,-0.31510397624323067f,2.1776252147177133f,3.333115219601072f,-0.5939537466840957f,2.095130890328333f,0.3325233600455134f,0.1943062677021909f,0f,0f,0f,1f],start_interpolation:0}
execute if entity @s[tag=aj.heiloang_aj.bone.body_0] run data modify entity @s {} merge value {transformation:[-1.0853684057482058f,0.07560848442129352f,0.29985189148108926f,-0.2183499182581985f,0.055138699910513136f,1.1240907119264008f,-0.08385804118061223f,1.5790549164773684f,-0.30428198026411357f,-0.06599851802870967f,-1.0847622080632406f,0.07807065225171106f,0f,0f,0f,1f],start_interpolation:0}
execute if entity @s[tag=aj.heiloang_aj.bone.leg_right_3] run data modify entity @s {} merge value {transformation:[-0.9550398649406662f,0.03399135780119769f,0.29452239977452566f,-0.7080093050170546f,0.2419384542805164f,0.6635327193436239f,0.7079478191934842f,0.04357670333460317f,-0.1713611412032176f,0.747374683780021f,-0.6419240152309652f,-1.2254305075639476f,0f,0f,0f,1f],start_interpolation:0}
execute if entity @s[tag=aj.heiloang_aj.bone.leg_right_2] run data modify entity @s {} merge value {transformation:[-0.9817375442668455f,0.1413004577811805f,0.1273796483263045f,-0.6280820277731076f,0.1734865144773756f,0.9397171466985492f,0.29467628593972156f,0.6011958983963225f,-0.07806294557211882f,0.31139342451562135f,-0.947069327819795f,-0.9913655290825865f,0f,0f,0f,1f],start_interpolation:0}
execute if entity @s[tag=aj.heiloang_aj.bone.leg_right_1] run data modify entity @s {} merge value {transformation:[-0.991322340036007f,0.025507443059132197f,0.12895498630964483f,-0.7171614660499928f,0.05043774398321505f,0.9797151603195803f,0.1939439058642029f,0.537893168904339f,-0.12139214195086613f,0.1987651251818695f,-0.9725000631794408f,-0.2902197302661406f,0f,0f,0f,1f],start_interpolation:0}
execute if entity @s[tag=aj.heiloang_aj.bone.leg_right_0] run data modify entity @s {} merge value {transformation:[-0.8174713057146921f,0.5726028941113875f,0.06218191045938992f,-0.265152938865514f,0.49864457526137174f,0.7576200089781494f,-0.4211478476240322f,1.0449737940839339f,-0.28826073595882395f,-0.3132696085661867f,-0.9048579449025494f,-0.5696728881087254f,0f,0f,0f,1f],start_interpolation:0}
execute if entity @s[tag=aj.heiloang_aj.bone.leg_left_3] run data modify entity @s {} merge value {transformation:[-0.8497615053852928f,-0.4064358098902098f,0.3357310179358024f,0.8419757835640866f,-0.17485000594942798f,0.8181065883433983f,0.5478403832583085f,-0.1296762354877135f,-0.49732570754466915f,0.40683109830495345f,-0.766260789853676f,-0.32134190634498855f,0f,0f,0f,1f],start_interpolation:0}
execute if entity @s[tag=aj.heiloang_aj.bone.leg_left_2] run data modify entity @s {} merge value {transformation:[-0.8497615053852928f,-0.19829461382264685f,0.48845125662060507f,0.6983321886312752f,-0.17485000594942798f,0.9801254517563861f,0.093710054096799f,0.46199974373318514f,-0.49732570754466915f,-0.005774508487085203f,-0.8675446937575763f,-0.2839252823903907f,0f,0f,0f,1f],start_interpolation:0}
execute if entity @s[tag=aj.heiloang_aj.bone.leg_left_1] run data modify entity @s {} merge value {transformation:[-0.8703920197959636f,-0.037244966147330444f,0.49094861683498714f,0.34910865709867883f,-0.045876594336411336f,0.9989316894662117f,-0.005551384716663055f,0.5409092596490254f,-0.4902173701202306f,-0.027354931490761736f,-0.8711708430357047f,0.32874430752299955f,0f,0f,0f,1f],start_interpolation:0}
execute if entity @s[tag=aj.heiloang_aj.bone.leg_left_0] run data modify entity @s {} merge value {transformation:[-0.9090549017531085f,0.02970255654482629f,0.4156163419950514f,0.366013953134868f,-0.2505867043394735f,0.7579487631292497f,-0.6022623814245098f,1.0449737940839339f,-0.33290462479053573f,-0.6516374993856184f,-0.6815739726453254f,-0.2052685131087254f,0f,0f,0f,1f],start_interpolation:0}
execute if entity @s[tag=aj.heiloang_aj.bone.tail_4] run data modify entity @s {} merge value {transformation:[-0.9570448881986482f,0.5227129130194071f,-1.1382840841473962f,-0.6502099367006492f,-0.5683518619887863f,1.0953377179288906f,0.9808495339978931f,0.3844855668719094f,1.116196939000636f,1.0059129474923614f,-0.47654789803388475f,-3.926873484638649f,0f,0f,0f,1f],start_interpolation:0}
execute if entity @s[tag=aj.heiloang_aj.bone.tail_3] run data modify entity @s {} merge value {transformation:[-0.8004495952992926f,0.08301644665217603f,-0.5936233780524863f,0.14089412660082756f,-0.11696008659307315f,0.949693188419569f,0.2905222642304956f,-0.02853213748233728f,0.587878204672821f,0.3019786705294259f,-0.750471917539851f,-2.9318844950926133f,0f,0f,0f,1f],start_interpolation:0}
execute if entity @s[tag=aj.heiloang_aj.bone.tail_2] run data modify entity @s {} merge value {transformation:[-0.9810380972473792f,0.037936673115596356f,-0.19006593745898334f,0.29040885864903343f,0.02984781086501998f,0.9985300295050658f,0.04524255036112096f,-0.045713910776037425f,0.19150289798279227f,0.03871161336773454f,-0.9807283268340214f,-2.163266954005346f,0f,0f,0f,1f],start_interpolation:0}
execute if entity @s[tag=aj.heiloang_aj.bone.tail_1] run data modify entity @s {} merge value {transformation:[-0.9922369203231943f,0.09260076637445497f,-0.08301199921942884f,0.35684545393463485f,0.11380590736744892f,0.945241118127117f,-0.30588795996258056f,0.20929707372906425f,0.05014089544288661f,-0.3129605832507685f,-0.9484416502534694f,-1.4273589512313585f,0f,0f,0f,1f],start_interpolation:0}
execute if entity @s[tag=aj.heiloang_aj.bone.tail_ring] run data modify entity @s {} merge value {transformation:[-0.9267340992120175f,0.3245849782591538f,0.18923134319185864f,0.39410642028708653f,0.12855323934485036f,0.7471864061514623f,-0.6520632937962447f,0.13876467432262796f,-0.3530410372911852f,-0.5799629870525934f,-0.7341695714461322f,-1.55085217696339f,0f,0f,0f,1f],start_interpolation:0}
execute if entity @s[tag=aj.heiloang_aj.bone.tail_0] run data modify entity @s {} merge value {transformation:[-0.9267340992120175f,0.3245849782591538f,0.18923134319185864f,0.12243475366739079f,0.12855323934485036f,0.7471864061514623f,-0.6520632937962447f,1.0327482785966022f,-0.3530410372911852f,-0.5799629870525934f,-0.7341695714461322f,-0.5121857139641007f,0f,0f,0f,1f],start_interpolation:0}
execute if entity @s[tag=aj.heiloang_aj.bone.body_1] run data modify entity @s {} merge value {transformation:[-0.8660254037844386f,0.276389063737132f,0.41666423586205664f,-0.0018960387843347866f,0f,0.8333284717241133f,-0.552778127474264f,1.2859601397462277f,-0.5f,-0.4787199010491054f,-0.7216836262099443f,-0.290739714492411f,0f,0f,0f,1f],start_interpolation:0}