execute if entity @s[tag=aj.heiloang_aj.bone.head_lower] run data modify entity @s {} merge value {transformation:[-0.7807190394333732f,0.06071797706358905f,-0.16367989713931536f,-0.5587604846570691f,-0.011086658798895501f,0.7312983025173518f,0.3241602670468989f,0.586294068732967f,0.17422648324209544f,0.31861594435392804f,-0.7128316859824249f,2.7516782588345707f,0f,0f,0f,1f],start_interpolation:0}
execute if entity @s[tag=aj.heiloang_aj.bone.horne_right] run data modify entity @s {} merge value {transformation:[-0.6109430922534728f,-0.4888829644228474f,-0.16655925409563402f,-0.9065041884238985f,-0.512742199688583f,0.5431495905672185f,0.2865029824018876f,1.0845773117935305f,-0.06199979585674606f,0.3255487204149204f,-0.7281305212322374f,2.7866796306909f,0f,0f,0f,1f],start_interpolation:0}
execute if entity @s[tag=aj.heiloang_aj.bone.horne_left] run data modify entity @s {} merge value {transformation:[-0.5402698161273186f,0.5660093114577354f,-0.16655925409563402f,-0.24273686109764459f,0.4963943151418386f,0.5581296668066381f,0.2865029824018876f,1.0940031891043513f,0.31890627098979774f,0.0901373084435732f,-0.7281305212322374f,2.6385522746384704f,0f,0f,0f,1f],start_interpolation:0}
execute if entity @s[tag=aj.heiloang_aj.bone.head_upper] run data modify entity @s {} merge value {transformation:[-1.1435777309860193f,0.0766148227658886f,-0.24397183141793236f,-0.5982274586820794f,-0.01623946064215216f,1.0939752544131367f,0.4196624060477249f,0.7883781364008848f,0.2552025969909404f,0.4129290787341877f,-1.0665473842379507f,2.590638556826502f,0f,0f,0f,1f],start_interpolation:0}
execute if entity @s[tag=aj.heiloang_aj.bone.neck_0] run data modify entity @s {} merge value {transformation:[-0.9881771470235626f,-0.056788363115969326f,-0.14241140373924122f,-0.6546313374404858f,-0.1502696432366549f,0.543005920827051f,0.8261740762504564f,1.1062542366629509f,0.030413161984587968f,0.83780645244673f,-0.5451196087252081f,2.302136137474265f,0f,0f,0f,1f],start_interpolation:0}
execute if entity @s[tag=aj.heiloang_aj.bone.neck_1] run data modify entity @s {} merge value {transformation:[-0.9947473846219375f,-0.08255153091365068f,-0.06052177733368343f,-0.6777139350499086f,-0.10226592502545909f,0.8268936832438278f,0.5529814799702998f,1.3180644100207783f,0.004395607637467602f,0.5562661964880378f,-0.8309925374383508f,2.0062975637743654f,0f,0f,0f,1f],start_interpolation:0}
execute if entity @s[tag=aj.heiloang_aj.bone.neck_2] run data modify entity @s {} merge value {transformation:[-0.9943884334713841f,-0.05692488930317122f,0.08916950350960057f,-0.6392642723815714f,-0.02669050897129266f,0.9506159759444154f,0.3092197972480089f,1.4129211993566537f,-0.10236825733195007f,0.3051046103503977f,-0.9468008854208741f,1.6080718160913f,0f,0f,0f,1f],start_interpolation:0}
execute if entity @s[tag=aj.heiloang_aj.bone.neck_3] run data modify entity @s {} merge value {transformation:[-0.9639973563990608f,0.056434867982423066f,0.2598541947543442f,-0.5061563674679775f,0.030653966105067862f,0.9942894157536706f,-0.10221982235483255f,1.335944480223783f,-0.2641390376632192f,-0.09057407684338092f,-0.9602223208123822f,1.1133501295592505f,0f,0f,0f,1f],start_interpolation:0}
execute if entity @s[tag=aj.heiloang_aj.bone.wing_right_2] run data modify entity @s {} merge value {transformation:[-1.6184085340535295f,1.5934170936096432f,-0.6126596028924299f,-3.1171081263057934f,1.6595854686355602f,1.6663888438092544f,-0.05000299833759202f,4.386348371506555f,0.4001323475019235f,-0.46663282497233155f,-2.2706219230558724f,1.169811903074871f,0f,0f,0f,1f],start_interpolation:0}
execute if entity @s[tag=aj.heiloang_aj.bone.wing_right_1] run data modify entity @s {} merge value {transformation:[-0.8131287682655476f,3.125250785189787f,-0.8711187684751f,-2.571484666367046f,3.241007356484486f,0.8234289509549324f,-0.07109747423571125f,2.2654841487100468f,0.1480259920837962f,-0.8613890324933787f,-3.228516069848147f,1.1220160130059376f,0f,0f,0f,1f],start_interpolation:0}
execute if entity @s[tag=aj.heiloang_aj.bone.wing_right_0] run data modify entity @s {} merge value {transformation:[-1.9946109157767944f,0.7846181328281757f,-0.5781882740952847f,-0.7208797266985815f,0.8243133427003562f,2.0607475966015545f,-0.047189576678320515f,1.4983904986714935f,0.5200334678751182f,-0.2570870061635578f,-2.1428652462419646f,0.6211419889097081f,0f,0f,0f,1f],start_interpolation:0}
execute if entity @s[tag=aj.heiloang_aj.bone.wing_left_2] run data modify entity @s {} merge value {transformation:[-1.7787417358723223f,-1.219274272542679f,0.9396936158676651f,2.48977208248421f,-1.4009043680724584f,1.8773513403539528f,-0.21585852475111336f,4.103639321002541f,-0.638060181254426f,-0.7228403693124391f,-2.1456833438116707f,1.6186603381155098f,0f,0f,0f,1f],start_interpolation:0}
execute if entity @s[tag=aj.heiloang_aj.bone.wing_left_1] run data modify entity @s {} merge value {transformation:[-1.0636682356607436f,-2.8758686931743775f,1.3361167302918782f,1.7730413316267157f,-3.1676763529661316f,1.0290016912739777f,-0.30692151295481657f,2.034374109330998f,-0.14715699169778362f,-1.3629943330310628f,-3.050870374306267f,1.5687306553363798f,0f,0f,0f,1f],start_interpolation:0}
execute if entity @s[tag=aj.heiloang_aj.bone.wing_left_0] run data modify entity @s {} merge value {transformation:[-1.9800400713569737f,-0.470519489531556f,0.8868216989855592f,-0.061536864835706834f,-0.5970340330410988f,2.1284856782377424f,-0.20371323208740102f,1.4774241821095255f,-0.8070883961570441f,-0.42019058474432686f,-2.0249563435493783f,0.801804506152626f,0f,0f,0f,1f],start_interpolation:0}
execute if entity @s[tag=aj.heiloang_aj.bone.kazari_right] run data modify entity @s {} merge value {transformation:[-2.533474222372199f,0.6216435425491187f,-0.31927708833991675f,-1.8463362702100192f,0.08056145841598307f,-0.9328893499090927f,-2.455625684179152f,2.6493104764499535f,-0.694181823839924f,-2.377003776898434f,0.880247027042469f,-3.4480813255740803f,0f,0f,0f,1f],start_interpolation:0}
execute if entity @s[tag=aj.heiloang_aj.bone.kazari_left] run data modify entity @s {} merge value {transformation:[-2.533474222372199f,0.6216435425491187f,-0.31927708833991675f,3.0450670509374134f,0.08056145841598307f,-0.9328893499090927f,-2.455625684179152f,2.493769685163178f,-0.694181823839924f,-2.377003776898434f,0.880247027042469f,-2.107817726826502f,0f,0f,0f,1f],start_interpolation:0}
execute if entity @s[tag=aj.heiloang_aj.bone.ring] run data modify entity @s {} merge value {transformation:[-2.1236243196500957f,-0.5850798713536487f,-0.02876767129079456f,-0.20429369019316487f,0.06752872036663943f,-0.3519769956325699f,2.1735865182355036f,3.145877445290621f,-0.5818813510504887f,2.094449814262995f,0.35723991184831305f,0.22172426006115334f,0f,0f,0f,1f],start_interpolation:0}
execute if entity @s[tag=aj.heiloang_aj.bone.body_0] run data modify entity @s {} merge value {transformation:[-1.08793086486555f,0.05048641145882885f,0.29582077592451156f,-0.22280349307950956f,0.034594903849964775f,1.126159282950576f,-0.06496797664642069f,1.3924206116293405f,-0.2980973026348645f,-0.05356087769938072f,-1.0871621803942424f,0.08578447011753126f,0f,0f,0f,1f],start_interpolation:0}
execute if entity @s[tag=aj.heiloang_aj.bone.leg_right_3] run data modify entity @s {} merge value {transformation:[-0.971484473195952f,-0.006874081201049487f,0.23700351336388506f,-0.6368726824803147f,0.18583456789176414f,0.5987139485868097f,0.7791066173150325f,-0.07225301925948585f,-0.1472529514667369f,0.8009334271805817f,-0.5803638630282749f,-1.3466271104555902f,0f,0f,0f,1f],start_interpolation:0}
execute if entity @s[tag=aj.heiloang_aj.bone.leg_right_2] run data modify entity @s {} merge value {transformation:[-0.9841816502209259f,0.089402550509114f,0.15294987195444373f,-0.589715240759654f,0.14418800327724715f,0.9058444558279919f,0.3983160071558886f,0.4598758715278796f,-0.10293832658119123f,0.4140688418707142f,-0.9044062666260717f,-1.0521292840117247f,0f,0f,0f,1f],start_interpolation:0}
execute if entity @s[tag=aj.heiloang_aj.bone.leg_right_1] run data modify entity @s {} merge value {transformation:[-0.9871457076729845f,-0.02150507980132041f,0.15836945212237674f,-0.7030797194023362f,0.025470420270305008f,0.9570737022898599f,0.28872337293062145f,0.32799427430621686f,-0.15778025704775922f,0.289045774796864f,-0.9442234537216407f,-0.3641586797130028f,0f,0f,0f,1f],start_interpolation:0}
execute if entity @s[tag=aj.heiloang_aj.bone.leg_right_0] run data modify entity @s {} merge value {transformation:[-0.8251856510054063f,0.5532711454437924f,0.11384059466683094f,-0.26143271900554826f,0.49345630739819946f,0.8041619156371524f,-0.33139777628662337f,0.875313510994469f,-0.27489909796817713f,-0.21728933029051178f,-0.9365980102894642f,-0.5761164979215128f,0f,0f,0f,1f],start_interpolation:0}
execute if entity @s[tag=aj.heiloang_aj.bone.leg_left_3] run data modify entity @s {} merge value {transformation:[-0.8487829173126895f,-0.42854124744870126f,0.30970947436794855f,0.8804749129292513f,-0.16940316898821853f,0.7752775133616939f,0.608479534259335f,-0.2710543190070346f,-0.5008693698110408f,0.46400126779009926f,-0.7306385548780406f,-0.4064498653891475f,0f,0f,0f,1f],start_interpolation:0}
execute if entity @s[tag=aj.heiloang_aj.bone.leg_left_2] run data modify entity @s {} merge value {transformation:[-0.8487829173126895f,-0.23345514119693248f,0.4744114841852801f,0.7161095959947071f,-0.16940316898821853f,0.9700191367144093f,0.17425682409759707f,0.3106751620747936f,-0.5008693698110408f,0.06753940669381209f,-0.8628837134449455f,-0.32466475715015175f,0f,0f,0f,1f],start_interpolation:0}
execute if entity @s[tag=aj.heiloang_aj.bone.leg_left_1] run data modify entity @s {} merge value {transformation:[-0.8730206051808835f,-0.06596521720334325f,0.4832014207852864f,0.3701966076792635f,-0.04173734965721849f,0.9972807989631518f,0.060737152246450155f,0.3426856440367325f,-0.4858940384211302f,0.03285723875697916f,-0.8733998999817163f,0.294097997580655f,0f,0f,0f,1f],start_interpolation:0}
execute if entity @s[tag=aj.heiloang_aj.bone.leg_left_0] run data modify entity @s {} merge value {transformation:[-0.90511864488224f,0.004856171871502184f,0.4251313400365723f,0.36973417299483374f,-0.2556343382503611f,0.7927796026905376f,-0.5533096661591348f,0.875313510994469f,-0.339722421682522f,-0.6094890640139391f,-0.7163181953947386f,-0.21171212292151279f,0f,0f,0f,1f],start_interpolation:0}
execute if entity @s[tag=aj.heiloang_aj.bone.tail_4] run data modify entity @s {} merge value {transformation:[-0.8539044223129385f,0.6134781207913412f,-1.1744557022520707f,-0.5393446126539586f,-0.6479514694363475f,1.0254261545146715f,1.006734552193479f,0.20914968427202324f,1.1557943132311037f,1.0281051311199894f,-0.3033046464448977f,-3.821531524414192f,0f,0f,0f,1f],start_interpolation:0}
execute if entity @s[tag=aj.heiloang_aj.bone.tail_3] run data modify entity @s {} merge value {transformation:[-0.784507857049986f,0.12031969889779098f,-0.6083342767623598f,0.2704443039278859f,-0.1162713072386618f,0.9350579837184779f,0.33488438332855586f,-0.2627680282326449f,0.6091210104239151f,0.33345125152183674f,-0.7195706063470556f,-2.8686580094052143f,0f,0f,0f,1f],start_interpolation:0}
execute if entity @s[tag=aj.heiloang_aj.bone.tail_2] run data modify entity @s {} merge value {transformation:[-0.9784296578052938f,0.06760311142934741f,-0.19520559431554893f,0.4245253931227748f,0.059254201224430314f,0.9970735506728068f,0.04830397691677424f,-0.28237350838768693f,0.19789983416938517f,0.03569529203960603f,-0.9795721013595359f,-2.101000901055134f,0f,0f,0f,1f],start_interpolation:0}
execute if entity @s[tag=aj.heiloang_aj.bone.tail_1] run data modify entity @s {} merge value {transformation:[-0.9934198137609722f,0.11324785653624939f,-0.017087908504560934f,0.439791962717481f,0.11199680409107546f,0.9293701563110548f,-0.3517496672802275f,0.00820970041774205f,-0.023953903658911896f,-0.3513488801011191f,-0.9359381255997582f,-1.375512553408286f,0f,0f,0f,1f],start_interpolation:0}
execute if entity @s[tag=aj.heiloang_aj.bone.tail_ring] run data modify entity @s {} merge value {transformation:[-0.9079144658916383f,0.3346465036339412f,0.2523946121260904f,0.48644202274979786f,0.0791127572454885f,0.7281405807590593f,-0.6808468743358349f,-0.06704982166363294f,-0.41162178546053346f,-0.5981830925874103f,-0.6875641740789321f,-1.4928733305713324f,0f,0f,0f,1f],start_interpolation:0}
execute if entity @s[tag=aj.heiloang_aj.bone.tail_0] run data modify entity @s {} merge value {transformation:[-0.9079144658916383f,0.3346465036339412f,0.2523946121260904f,0.12631023301312375f,0.0791127572454885f,0.7281405807590593f,-0.6808468743358349f,0.867571930498118f,-0.41162178546053346f,-0.5981830925874103f,-0.6875641740789321f,-0.518898241094594f,0f,0f,0f,1f],start_interpolation:0}
execute if entity @s[tag=aj.heiloang_aj.bone.body_1] run data modify entity @s {} merge value {transformation:[-0.8660254037844386f,0.2632990040264196f,0.4250572131827614f,-0.0018960387843347866f,0f,0.8501144263655228f,-0.5265980080528392f,1.1127648379629629f,-0.5f,-0.4560472525560411f,-0.7362206893561782f,-0.290739714492411f,0f,0f,0f,1f],start_interpolation:0}