execute if entity @s[tag=aj.heiloang_aj.bone.head_lower] run data modify entity @s {} merge value {transformation:[-0.7838118699809528f,-0.004073097137020275f,-0.16006986711019058f,-0.5938354541350488f,-0.07535073938413807f,0.7150382568695849f,0.35077422551716825f,-0.2702310296600336f,0.1412841765776529f,0.3587529806045072f,-0.7009529801321602f,2.4478461147672657f,0f,0f,0f,1f],start_interpolation:0}
execute if entity @s[tag=aj.heiloang_aj.bone.horne_right] run data modify entity @s {} merge value {transformation:[-0.5615469475566921f,-0.5473673653406111f,-0.15828453193486502f,-0.9841118858724585f,-0.5646108194711176f,0.5046313846568647f,0.2579957134439421f,0.19670652290300422f,-0.07667886427115912f,0.29280733081562904f,-0.740529687990098f,2.4573644493382476f,0f,0f,0f,1f],start_interpolation:0}
execute if entity @s[tag=aj.heiloang_aj.bone.horne_left] run data modify entity @s {} merge value {transformation:[-0.5942265085627483f,0.5117038826034902f,-0.15828453193486502f,-0.3177150340146525f,0.45350203455149546f,0.6064438279859113f,0.2579957134439421f,0.2607697215273984f,0.28501010715232566f,0.10190691844182082f,-0.740529687990098f,2.3372446424119273f,0f,0f,0f,1f],start_interpolation:0}
execute if entity @s[tag=aj.heiloang_aj.bone.head_upper] run data modify entity @s {} merge value {transformation:[-1.1481080318513501f,-0.03542695219161464f,-0.23185122526489194f,-0.6433211264173763f,-0.11037187928140085f,1.1037062400698454f,0.37790567115985035f,-0.07521935687543019f,0.20694952974653155f,0.3920963900487968f,-1.0847093737256959f,2.2809598847083814f,0f,0f,0f,1f],start_interpolation:0}
execute if entity @s[tag=aj.heiloang_aj.bone.neck_0] run data modify entity @s {} merge value {transformation:[-0.96949437039366f,-0.2348330995682438f,-0.07024301475713904f,-0.6571248977849201f,-0.22184236349524697f,0.7187729688763043f,0.6589016504544407f,0.15955217556223888f,-0.10424313662703699f,0.6543843171714268f,-0.7489422767518483f,1.917432661406182f,0f,0f,0f,1f],start_interpolation:0}
execute if entity @s[tag=aj.heiloang_aj.bone.neck_1] run data modify entity @s {} merge value {transformation:[-0.9743066173271103f,-0.19254801709269218f,-0.1168412450561692f,-0.7021015739816572f,-0.1988864940205008f,0.49209065708753685f,0.8475204703742496f,0.4745016642033022f,-0.10569190096141133f,0.8489829481920284f,-0.517742383575398f,1.7393856571008892f,0f,0f,0f,1f],start_interpolation:0}
execute if entity @s[tag=aj.heiloang_aj.bone.neck_2] run data modify entity @s {} merge value {transformation:[-0.9809781518813787f,-0.18071320419508366f,0.07088443666236383f,-0.6669961456587915f,-0.0871897003375387f,0.7364413228765565f,0.6708592505994665f,0.724736992622307f,-0.17343535304673285f,0.6519178750344046f,-0.7381891780053277f,1.415025020658276f,0f,0f,0f,1f],start_interpolation:0}
execute if entity @s[tag=aj.heiloang_aj.bone.neck_3] run data modify entity @s {} merge value {transformation:[-0.9610243024861663f,-0.08981573592946479f,0.26146782519160205f,-0.5295115458069355f,0.05594144546725843f,0.8630188835909156f,0.5020646982655955f,0.9636563929349942f,-0.2707449809507302f,0.4971232645380201f,-0.8243576985417497f,0.9763814504080515f,0f,0f,0f,1f],start_interpolation:0}
execute if entity @s[tag=aj.heiloang_aj.bone.wing_right_2] run data modify entity @s {} merge value {transformation:[-0.6854576596777581f,-2.1796349079071162f,-0.5593884798088304f,-3.093584561850067f,-2.2316549951713105f,0.5833836958447722f,0.4614709657935581f,-2.161770394243722f,-0.288859456547706f,0.6651549729019831f,-2.237790223123636f,0.4554689506400209f,0f,0f,0f,1f],start_interpolation:0}
execute if entity @s[tag=aj.heiloang_aj.bone.wing_right_1] run data modify entity @s {} merge value {transformation:[-1.4286290309842378f,-2.9178103649479175f,-0.7953744645961015f,-2.146134380605804f,-3.0127164193179694f,1.2962356913133875f,0.6561490548931806f,-0.19927347240109894f,-0.264154578799891f,0.9966817343905737f,-3.1818338504282786f,0.6768248733068744f,0f,0f,0f,1f],start_interpolation:0}
execute if entity @s[tag=aj.heiloang_aj.bone.wing_right_0] run data modify entity @s {} merge value {transformation:[-1.4883319609421481f,-1.5603122454811027f,-0.5279144539031089f,-0.766029726616397f,-1.64688079997857f,1.4235581882876316f,0.43550627460598046f,1.3360244251699755f,0.03242845509801672f,0.6835991377707799f,-2.1118808238484954f,0.6297333834200762f,0f,0f,0f,1f],start_interpolation:0}
execute if entity @s[tag=aj.heiloang_aj.bone.wing_left_2] run data modify entity @s {} merge value {transformation:[-0.6476174586207888f,2.187931923625874f,0.5719453917895844f,2.7088085710680616f,2.2301456483681417f,0.5192378730246541f,0.5389048381694866f,-1.8671597800727555f,0.3749906941181309f,0.6905953483166708f,-2.2172135780138964f,0.737355996043894f,0f,0f,0f,1f],start_interpolation:0}
execute if entity @s[tag=aj.heiloang_aj.bone.wing_left_1] run data modify entity @s {} merge value {transformation:[-2.004938175360019f,2.5507059387853133f,0.813228688456925f,1.3837667701194447f,2.673916001697174f,1.85748584950164f,0.7662495074510433f,-0.1281566904104654f,0.13272114282144756f,1.1094432412911015f,-3.1525766549763166f,0.8722149540893472f,0f,0f,0f,1f],start_interpolation:0}
execute if entity @s[tag=aj.heiloang_aj.bone.wing_left_0] run data modify entity @s {} merge value {transformation:[-1.609259051705316f,1.430852616687562f,0.5397648504884919f,-0.10872033700569006f,1.5286552189510332f,1.5274017881761253f,0.5085833255722632f,1.2977622945673484f,-0.04357207911351656f,0.7403408450131141f,-2.0924619248930174f,0.8149141511784948f,0f,0f,0f,1f],start_interpolation:0}
execute if entity @s[tag=aj.heiloang_aj.bone.kazari_right] run data modify entity @s {} merge value {transformation:[-2.525660761681625f,0.7265218574688089f,0.008596282808016676f,-2.0098261387231378f,0.14701929327166088f,0.5414728037716371f,-2.5675012597344202f,4.294423386465303f,-0.7115428538492569f,-2.4669502187826984f,-0.5610112064302291f,-2.4515515531543914f,0f,0f,0f,1f],start_interpolation:0}
execute if entity @s[tag=aj.heiloang_aj.bone.kazari_left] run data modify entity @s {} merge value {transformation:[-2.525660761681625f,0.7265218574688089f,0.008596282808016676f,2.866491657877003f,0.14701929327166088f,0.5414728037716371f,-2.5675012597344202f,4.010571807068376f,-0.7115428538492569f,-2.4669502187826984f,-0.5610112064302291f,-1.0777688449182319f,0f,0f,0f,1f],start_interpolation:0}
execute if entity @s[tag=aj.heiloang_aj.bone.ring] run data modify entity @s {} merge value {transformation:[-2.1170748726509485f,-0.5237976606934798f,-0.3107350640433704f,-0.4710723970867965f,0.12323541478828619f,-1.469142052397154f,1.6368753612307398f,2.9918987539698714f,-0.5964338202315144f,1.5556940336436158f,1.4411832144296313f,1.1880247728302933f,0f,0f,0f,1f],start_interpolation:0}
execute if entity @s[tag=aj.heiloang_aj.bone.body_0] run data modify entity @s {} merge value {transformation:[-1.0845755889477515f,-0.09733623746211259f,0.2964351947273318f,-0.2610108302863724f,0.06313339424120724f,0.9815934997104252f,0.553299875108876f,1.5862387026725495f,-0.3055525197537997f,0.5483176398226056f,-0.9378900785641913f,0.15196151938173447f,0f,0f,0f,1f],start_interpolation:0}
execute if entity @s[tag=aj.heiloang_aj.bone.leg_right_3] run data modify entity @s {} merge value {transformation:[-0.8781161243876235f,-0.04441565247917725f,0.47638148778611067f,-0.7206800041152679f,0.18518687783925541f,0.8865215435830961f,0.4240110529681899f,0.1889848798721684f,-0.4411551794625197f,0.4605505429134714f,-0.7702436660275098f,-0.6779329755937931f,0f,0f,0f,1f],start_interpolation:0}
execute if entity @s[tag=aj.heiloang_aj.bone.leg_right_2] run data modify entity @s {} merge value {transformation:[-0.9615534555287529f,0.09730765040156317f,-0.2567998701986464f,-0.649383835696778f,0.14278955599006155f,0.9759273338649229f,-0.16485442582916682f,0.7903060551387784f,0.23457641582408828f,-0.195184682259214f,-0.9523008164180548f,-0.751714077816624f,0f,0f,0f,1f],start_interpolation:0}
execute if entity @s[tag=aj.heiloang_aj.bone.leg_right_1] run data modify entity @s {} merge value {transformation:[-0.9712342784221258f,-0.020631712507241176f,-0.2372304973161566f,-0.4835360506509f,0.012381914674766317f,0.9905162620250034f,-0.1368364821712455f,0.9612223430885437f,0.23780383640059138f,-0.13583764979943275f,-0.9617678869093764f,-0.08326067795118719f,0f,0f,0f,1f],start_interpolation:0}
execute if entity @s[tag=aj.heiloang_aj.bone.leg_right_0] run data modify entity @s {} merge value {transformation:[-0.9190061363558752f,0.33723597775519654f,-0.20420483992242422f,-0.2177663031304383f,0.37788170028324797f,0.6058234889667379f,-0.7001309311887386f,1.3429605566807652f,-0.11239725055039329f,-0.720589894130958f,-0.6841908085797752f,-0.6517489488016354f,0f,0f,0f,1f],start_interpolation:0}
execute if entity @s[tag=aj.heiloang_aj.bone.leg_left_3] run data modify entity @s {} merge value {transformation:[-0.7863676338413018f,-0.47010065619520247f,0.4007883699556071f,0.9550152390494937f,-0.19916081920718787f,0.8070595978380012f,0.5558684859121678f,0.17190243713417486f,-0.5847742406600639f,0.35729564590462604f,-0.7282711781184549f,-0.38249365515645184f,0f,0f,0f,1f],start_interpolation:0}
execute if entity @s[tag=aj.heiloang_aj.bone.leg_left_2] run data modify entity @s {} merge value {transformation:[-0.7863676338413018f,-0.18113543789894845f,0.5906063812591164f,0.8169881634087186f,-0.19916081920718787f,0.9793350808507075f,0.03518192018437955f,0.7658589361574384f,-0.5847742406600639f,-0.08995972739117436f,-0.8061924924657582f,-0.39917160942172036f,0f,0f,0f,1f],start_interpolation:0}
execute if entity @s[tag=aj.heiloang_aj.bone.leg_left_1] run data modify entity @s {} merge value {transformation:[-0.8172861033484004f,-0.11043335664091275f,0.5655509694223934f,0.40962863162748203f,-0.07274342806090359f,0.9933849304407782f,0.08885253877700194f,0.7777379204764113f,-0.57162209452359f,0.03147782893071627f,-0.8199129998592977f,0.18174569509014726f,0f,0f,0f,1f],start_interpolation:0}
execute if entity @s[tag=aj.heiloang_aj.bone.leg_left_0] run data modify entity @s {} merge value {transformation:[-0.8454900450807002f,-0.002339213230631715f,0.5339860595098874f,0.4134005888699437f,-0.2981537300784539f,0.8316658456916564f,-0.46844025697017816f,1.3429605566807652f,-0.4430021861229805f,-0.5552715094360989f,-0.7038626385160789f,-0.28734457380163536f,0f,0f,0f,1f],start_interpolation:0}
execute if entity @s[tag=aj.heiloang_aj.bone.tail_4] run data modify entity @s {} merge value {transformation:[-1.5476748659629793f,-0.17684437051246993f,0.24141860237396076f,-0.08118727089525554f,-0.10639137161589773f,1.513731601368456f,0.4267925476760962f,1.2783120309603853f,-0.2797101160126966f,0.40273697536259734f,-1.4981386929665839f,-4.628281148032302f,0f,0f,0f,1f],start_interpolation:0}
execute if entity @s[tag=aj.heiloang_aj.bone.tail_3] run data modify entity @s {} merge value {transformation:[-0.9574151556548464f,-0.2158478165261068f,-0.19174446490920835f,0.18067832046354917f,-0.22598542092545293f,0.9735914094207652f,0.03240921213534936f,1.2095922168137931f,0.17968530616483994f,0.07436052449384972f,-0.980909630468295f,-3.319412800334199f,0f,0f,0f,1f],start_interpolation:0}
execute if entity @s[tag=aj.heiloang_aj.bone.tail_2] run data modify entity @s {} merge value {transformation:[-0.9607011514183241f,-0.27112006435460584f,0.05955844497517335f,0.1290906944722298f,-0.2569994671121734f,0.9498269473305068f,0.1782695824555323f,1.0873604720788397f,-0.10490267664633346f,0.15595730450724454f,-0.9821775540111214f,-2.5475184355901437f,0f,0f,0f,1f],start_interpolation:0}
execute if entity @s[tag=aj.heiloang_aj.bone.tail_1] run data modify entity @s {} merge value {transformation:[-0.9594923131330917f,-0.17184261024262723f,-0.22325908345128903f,0.30066225195635243f,-0.189285621816548f,0.9801437839763554f,0.05906874051505287f,1.0577525038111015f,0.20867547630718825f,0.09893573690791635f,-0.9729677618248487f,-1.785487215208897f,0f,0f,0f,1f],start_interpolation:0}
execute if entity @s[tag=aj.heiloang_aj.bone.tail_ring] run data modify entity @s {} merge value {transformation:[-0.9835528604916496f,0.14396157298156473f,0.10908178639611332f,0.3208030909608951f,0.11112048737078381f,0.9583977770069851f,-0.2629181209322564f,1.049693905001101f,-0.14239384784875064f,-0.2464726486503984f,-0.9586319552164344f,-1.9308941661110548f,0f,0f,0f,1f],start_interpolation:0}
execute if entity @s[tag=aj.heiloang_aj.bone.tail_0] run data modify entity @s {} merge value {transformation:[-0.9835528604916496f,0.14396157298156473f,0.10908178639611332f,0.16517375185067973f,0.11112048737078381f,0.9583977770069851f,-0.2629181209322564f,1.3953080323626759f,-0.14239384784875064f,-0.2464726486503984f,-0.9586319552164344f,-0.5862118302821511f,0f,0f,0f,1f],start_interpolation:0}
execute if entity @s[tag=aj.heiloang_aj.bone.body_1] run data modify entity @s {} merge value {transformation:[-0.8660254037844386f,0.06500352751801751f,0.49575653441000084f,-0.0018960387843347866f,0f,0.9915130688200017f,-0.13000705503603502f,1.5110518750000002f,-0.5f,-0.11258941233240796f,-0.8586755057823898f,-0.290739714492411f,0f,0f,0f,1f],start_interpolation:0}