execute if entity @s[tag=aj.heiloang_aj.bone.head_lower] run data modify entity @s {} merge value {transformation:[-0.7723614350068485f,-0.1215545117991092f,-0.169358537946695f,-0.6268877466828104f,-0.1845960054465925f,0.7007728734296736f,0.33888301025321443f,0.833888107129835f,0.09686138801051489f,0.3662538471148102f,-0.7046105243226769f,2.831860582187926f,0f,0f,0f,1f],start_interpolation:0}
execute if entity @s[tag=aj.heiloang_aj.bone.horne_right] run data modify entity @s {} merge value {transformation:[-0.475838615176628f,-0.6239528094193701f,-0.15575783744153698f,-1.076620528458942f,-0.6308291795072124f,0.41519259580828016f,0.2639500988221818f,1.2439611030835518f,-0.12502863107723095f,0.27981779786792943f,-0.7389653857978034f,2.8360478058140615f,0f,0f,0f,1f],start_interpolation:0}
execute if entity @s[tag=aj.heiloang_aj.bone.horne_left] run data modify entity @s {} merge value {transformation:[-0.6630505485367622f,0.41964683504184175f,-0.15575783744153698f,-0.41995883641611964f,0.35863227694431055f,0.66461510309765f,0.2639500988221818f,1.4009046269142447f,0.26785604346147995f,0.14894058739599986f,-0.7389653857978034f,2.7536962537275214f,0f,0f,0f,1f],start_interpolation:0}
execute if entity @s[tag=aj.heiloang_aj.bone.head_upper] run data modify entity @s {} merge value {transformation:[-1.1313357209621566f,-0.20295095798931034f,-0.22815018633842735f,-0.6941360483960004f,-0.27039161387803257f,1.072646101539042f,0.38662750600226137f,1.0270746174150314f,0.14188013962310195f,0.4259147354862434f,-1.0824180229819775f,2.6691152712654005f,0f,0f,0f,1f],start_interpolation:0}
execute if entity @s[tag=aj.heiloang_aj.bone.neck_0] run data modify entity @s {} merge value {transformation:[-0.9752910349186337f,-0.15727263200876293f,-0.15515384761061146f,-0.7493814007849874f,-0.2164920556531918f,0.8203327583296238f,0.5293253776746081f,1.1997007883698725f,0.04402938843994894f,0.5498358708126884f,-0.8341114602505212f,2.2759125057998038f,0f,0f,0f,1f],start_interpolation:0}
execute if entity @s[tag=aj.heiloang_aj.bone.neck_1] run data modify entity @s {} merge value {transformation:[-0.9962028410499856f,-0.08508823555569921f,-0.018436150735852738f,-0.7572001687553604f,-0.0811579625571631f,0.8309245792563668f,0.5504341274859328f,1.396572749136201f,-0.031516417904123406f,0.5498402820434747f,-0.8346750143887409f,1.9788880031005949f,0f,0f,0f,1f],start_interpolation:0}
execute if entity @s[tag=aj.heiloang_aj.bone.neck_2] run data modify entity @s {} merge value {transformation:[-0.9907246944794429f,-0.047830201978870585f,0.12718825231630115f,-0.703475224562532f,-0.002468066949322955f,0.9421826158760027f,0.3350907742486898f,1.502314140891559f,-0.13586201968964062f,0.3316687958185291f,-0.9335616323982786f,1.58519736109691f,0f,0f,0f,1f],start_interpolation:0}
execute if entity @s[tag=aj.heiloang_aj.bone.neck_3] run data modify entity @s {} merge value {transformation:[-0.9552617521165413f,0.06004056638658224f,0.2896033758974746f,-0.5550594349013479f,0.08169960793683607f,0.9946462324615645f,0.06327753403051349f,1.5109736629255024f,-0.28425368776183507f,0.08410709029561017f,-0.9550527934914401f,1.0889207821397184f,0f,0f,0f,1f],start_interpolation:0}
execute if entity @s[tag=aj.heiloang_aj.bone.wing_right_2] run data modify entity @s {} merge value {transformation:[-0.889412007577017f,2.127807789471496f,-0.46363379747733646f,-4.462872261260346f,2.1374747071567577f,0.9488081697473273f,0.25404908897075323f,3.4087202919479633f,0.4168023072920339f,-0.32522772699473645f,-2.292177734939174f,1.537292624778412f,0f,0f,0f,1f],start_interpolation:0}
execute if entity @s[tag=aj.heiloang_aj.bone.wing_right_1] run data modify entity @s {} merge value {transformation:[-2.615705901080801f,1.9775552391407838f,-0.6592243078785203f,-2.7402928832601887f,1.946918298125056f,2.695597453962274f,0.3612233097655052f,2.1285420650308917f,0.7448560615158566f,-0.10123445677706358f,-3.2591655075009833f,1.0992076415875867f,0f,0f,0f,1f],start_interpolation:0}
execute if entity @s[tag=aj.heiloang_aj.bone.wing_right_0] run data modify entity @s {} merge value {transformation:[-2.136432772122475f,0.4154603113661466f,-0.4375474144371339f,-0.7566483459659484f,0.3738803914117001f,2.1751163168798024f,0.23975500195215205f,1.7827080323680196f,0.4735699136546901f,0.15704056075672626f,-2.1632082190945705f,0.6413875129519013f,0f,0f,0f,1f],start_interpolation:0}
execute if entity @s[tag=aj.heiloang_aj.bone.wing_left_2] run data modify entity @s {} merge value {transformation:[-1.5834881244224075f,-1.4444725605792967f,0.9693504979457661f,3.3251509901992113f,-1.538964773179616f,1.774332621067751f,0.1300276241729599f,3.0890214285535285f,-0.8110048045766605f,-0.5466431906365817f,-2.1393990827812464f,2.4356170899784724f,0f,0f,0f,1f],start_interpolation:0}
execute if entity @s[tag=aj.heiloang_aj.bone.wing_left_1] run data modify entity @s {} merge value {transformation:[-2.3431239144324834f,-1.9486713762771628f,1.3782847897995043f,1.7700959971562846f,-2.0704694594236304f,2.620342301055082f,0.18488162644074263f,1.7306349334308617f,-1.1874953945631173f,-0.723674557711838f,-3.0419350083971155f,1.7044231641545022f,0f,0f,0f,1f],start_interpolation:0}
execute if entity @s[tag=aj.heiloang_aj.bone.wing_left_0] run data modify entity @s {} merge value {transformation:[-2.0219940689335556f,-0.05534228326444153f,0.9148099348392543f,-0.10328035352517811f,-0.00515031199232502f,2.2165999491373816f,0.12271161220739749f,1.7268281557764815f,-0.9164679260530094f,0.10964441238492399f,-2.0190256668375612f,0.8358077971361444f,0f,0f,0f,1f],start_interpolation:0}
execute if entity @s[tag=aj.heiloang_aj.bone.kazari_right] run data modify entity @s {} merge value {transformation:[-2.5105162462743413f,0.7166748287063325f,-0.3009245015740487f,-1.7460597956413246f,0.21471412687173938f,-0.3384551943153019f,-2.597347900016274f,3.789899951437f,-0.7470449849042206f,-2.5057325196229527f,0.26476124941107343f,-3.1788774965450557f,0f,0f,0f,1f],start_interpolation:0}
execute if entity @s[tag=aj.heiloang_aj.bone.kazari_left] run data modify entity @s {} merge value {transformation:[-2.5105162462743413f,0.7166748287063325f,-0.3009245015740487f,3.101018337769746f,0.21471412687173938f,-0.3384551943153019f,-2.597347900016274f,3.375349298423329f,-0.7470449849042206f,-2.5057325196229527f,0.26476124941107343f,-1.7365504785951542f,0f,0f,0f,1f],start_interpolation:0}
execute if entity @s[tag=aj.heiloang_aj.bone.ring] run data modify entity @s {} merge value {transformation:[-2.104380343950313f,-0.6463736612999929f,-0.08191912937301116f,-0.2588370257298321f,0.1799789938933406f,-0.8428893214145242f,2.0273311124201028f,3.483423481614476f,-0.6261926345276914f,1.9299391098185024f,0.8579884047236676f,0.6603544486697996f,0f,0f,0f,1f],start_interpolation:0}
execute if entity @s[tag=aj.heiloang_aj.bone.body_0] run data modify entity @s {} merge value {transformation:[-1.078072193097294f,0.030698780142247573f,0.3323707377400155f,-0.23941360091256483f,0.09220307974071226f,1.1074420789277064f,0.19678162984456024f,1.8115509594658312f,-0.32079793405567947f,0.21513252347269946f,-1.0604051389858267f,0.11455402080358085f,0f,0f,0f,1f],start_interpolation:0}
execute if entity @s[tag=aj.heiloang_aj.bone.leg_right_3] run data modify entity @s {} merge value {transformation:[-0.8763616419237417f,0.09570790243664405f,0.4720490122602753f,-0.8624531517714832f,0.3004656930492321f,0.8746135955294854f,0.3804884043113934f,0.271638300018594f,-0.3764447368009922f,0.4752799763572664f,-0.7952347478629617f,-0.6967664249746048f,0f,0f,0f,1f],start_interpolation:0}
execute if entity @s[tag=aj.heiloang_aj.bone.leg_right_2] run data modify entity @s {} merge value {transformation:[-0.9619671497275305f,0.22453036285664488f,-0.15558058683702947f,-0.7185573902334874f,0.24411534261635656f,0.9621974719010346f,-0.12076309273348587f,0.8625290689007388f,0.12258426630032887f,-0.15414973636928814f,-0.9804136659761985f,-0.7442644203181832f,0f,0f,0f,1f],start_interpolation:0}
execute if entity @s[tag=aj.heiloang_aj.bone.leg_right_1] run data modify entity @s {} merge value {transformation:[-0.9852413109617583f,0.09606386475434148f,-0.1416731910518555f,-0.6113769590362851f,0.11545206477456539f,0.984004213138073f,-0.13567066472090128f,1.0321338467502255f,0.12637396849686067f,-0.15002480599881218f,-0.9805723724801618f,-0.06360710008881798f,0f,0f,0f,1f],start_interpolation:0}
execute if entity @s[tag=aj.heiloang_aj.bone.leg_right_0] run data modify entity @s {} merge value {transformation:[-0.8571234004219449f,0.47573476968683837f,-0.19752444243721623f,-0.24621163274136473f,0.4659651618759887f,0.552616104280329f,-0.6910078937377748f,1.3724375509088378f,-0.21958129329932913f,-0.6843185443936495f,-0.6953360233958475f,-0.6024801926774674f,0f,0f,0f,1f],start_interpolation:0}
execute if entity @s[tag=aj.heiloang_aj.bone.leg_left_3] run data modify entity @s {} merge value {transformation:[-0.8224455506930404f,-0.3917128230579635f,0.4124856123517301f,0.8236511354849769f,-0.20676886661221242f,0.8813905685861807f,0.42473203482575905f,0.16211121729570122f,-0.5299339128090619f,0.2640297897194356f,-0.8058897680176789f,-0.1855641155804468f,0f,0f,0f,1f],start_interpolation:0}
execute if entity @s[tag=aj.heiloang_aj.bone.leg_left_2] run data modify entity @s {} merge value {transformation:[-0.8224455506930404f,-0.12152027909648744f,0.5557122797937193f,0.723527284412886f,-0.20676886661221242f,0.9739564310418438f,-0.09303497316673379f,0.7588454580326891f,-0.5299339128090619f,-0.19142019799526264f,-0.8261527436584183f,-0.26300706799662693f,0f,0f,0f,1f],start_interpolation:0}
execute if entity @s[tag=aj.heiloang_aj.bone.leg_left_1] run data modify entity @s {} merge value {transformation:[-0.8411466444692246f,-0.01774327781837401f,0.5405159559073383f,0.34079165386691596f,-0.07741498020098145f,0.9931190513587539f,-0.08787189919860744f,0.8954063264074585f,-0.5352375578550569f,-0.11575718517892775f,-0.8367323531098856f,0.31872515512851524f,0f,0f,0f,1f],start_interpolation:0}
execute if entity @s[tag=aj.heiloang_aj.bone.leg_left_0] run data modify entity @s {} merge value {transformation:[-0.8874755624394132f,0.06216281914280371f,0.456643088187116f,0.38495525925901725f,-0.2743701983578794f,0.7248550054832175f,-0.631906809014575f,1.3724375509088378f,-0.3702811368756246f,-0.6860911054241585f,-0.6262354786595465f,-0.23807581767746738f,0f,0f,0f,1f],start_interpolation:0}
execute if entity @s[tag=aj.heiloang_aj.bone.tail_4] run data modify entity @s {} merge value {transformation:[-1.5642321759103153f,-0.12429852953339199f,-0.15027288208585868f,-0.28351014621082915f,-0.1746725083377044f,1.433156791450283f,0.6327760185394343f,1.117156420435391f,0.08672703364907958f,0.6445664049292674f,-1.4359202397621762f,-4.526855101657977f,0f,0f,0f,1f],start_interpolation:0}
execute if entity @s[tag=aj.heiloang_aj.bone.tail_3] run data modify entity @s {} merge value {transformation:[-0.963512434530453f,-0.1413263381607356f,-0.22731180050159444f,0.02393977646145678f,-0.1644579902992121f,0.9826126845003263f,0.08617355560614927f,0.9763547835423231f,0.21118086544936698f,0.12041253423601389f,-0.9700017853936751f,-3.2337650829442617f,0f,0f,0f,1f],start_interpolation:0}
execute if entity @s[tag=aj.heiloang_aj.bone.tail_2] run data modify entity @s {} merge value {transformation:[-0.9808329693766813f,-0.18216487867765768f,0.06915665665773699f,-0.033538038034992085f,-0.17199166576305505f,0.9762026887754629f,0.1320877637618496f,0.8907652876407226f,-0.0915726656364847f,0.1176616649716927f,-0.9888226228724329f,-2.457367290616114f,0f,0f,0f,1f],start_interpolation:0}
execute if entity @s[tag=aj.heiloang_aj.bone.tail_1] run data modify entity @s {} merge value {transformation:[-0.9603422758358722f,-0.08257640030351568f,-0.2663153231702807f,0.17318894655918576f,-0.08573564834752613f,0.9963178921633952f,0.00023739738568218094f,0.9074063287976739f,0.2653151180102765f,0.023060699642528437f,-0.9638859332344207f,-1.7037148232626165f,0f,0f,0f,1f],start_interpolation:0}
execute if entity @s[tag=aj.heiloang_aj.bone.tail_ring] run data modify entity @s {} merge value {transformation:[-0.9682952639422953f,0.2483419705653478f,0.027028641894117966f,0.18477549133126897f,0.22057311032170862f,0.9007466476609213f,-0.3741697204887371f,0.881571990967742f,-0.11726800428901257f,-0.3563449766494994f,-0.9269662738129905f,-1.8479788685073812f,0f,0f,0f,1f],start_interpolation:0}
execute if entity @s[tag=aj.heiloang_aj.bone.tail_0] run data modify entity @s {} merge value {transformation:[-0.9682952639422953f,0.2483419705653478f,0.027028641894117966f,0.14140758421698835f,0.22057311032170862f,0.9007466476609213f,-0.3741697204887371f,1.3838961770812508f,-0.11726800428901257f,-0.3563449766494994f,-0.9269662738129905f,-0.5450476204393986f,0f,0f,0f,1f],start_interpolation:0}
execute if entity @s[tag=aj.heiloang_aj.bone.body_1] run data modify entity @s {} merge value {transformation:[-0.8660254037844386f,0.20462676534026086f,0.4562103537912986f,-0.0018960387843347866f,0f,0.9124207075825972f,-0.4092535306805217f,1.592233125f,-0.5f,-0.354423954157806f,-0.7901795117055019f,-0.290739714492411f,0f,0f,0f,1f],start_interpolation:0}