execute if entity @s[tag=aj.heiloang_aj.bone.head_lower] run data modify entity @s {} merge value {transformation:[-0.7676054785377401f,-0.13192705051317655f,-0.1826939590181928f,-0.5530963239800106f,-0.2019311383046505f,0.6905775026660212f,0.3497520953397554f,1.4570697222450117f,0.10002821952746828f,0.3817040295234712f,-0.695914067355812f,2.866002768548721f,0f,0f,0f,1f],start_interpolation:0}
execute if entity @s[tag=aj.heiloang_aj.bone.horne_right] run data modify entity @s {} merge value {transformation:[-0.4669221182465477f,-0.6266437522730165f,-0.17117635125609942f,-1.0095802957086946f,-0.6333446317729821f,0.3922784879124398f,0.29153415807667493f,1.8586866592733402f,-0.1444240731197638f,0.30567171223115214f,-0.725056198818528f,2.8936286495851626f,0f,0f,0f,1f],start_interpolation:0}
execute if entity @s[tag=aj.heiloang_aj.bone.horne_left] run data modify entity @s {} merge value {transformation:[-0.6649541276277842f,0.41052973695144346f,-0.17117635125609942f,-0.3569621178559081f,0.3355861280364028f,0.6651238872150506f,0.29153415807667493f,2.030368513059954f,0.29192115171790434f,0.17051554103517785f,-0.725056198818528f,2.808584657342909f,0f,0f,0f,1f],start_interpolation:0}
execute if entity @s[tag=aj.heiloang_aj.bone.head_upper] run data modify entity @s {} merge value {transformation:[-1.1243693148251184f,-0.21468068458625536f,-0.2507348399111531f,-0.6260135031962167f,-0.2957836831101945f,1.0503893763563878f,0.42703194639676156f,1.6556184023490914f,0.14651883525834736f,0.47302904150085257f,-1.0620441936244094f,2.712409459219084f,0f,0f,0f,1f],start_interpolation:0}
execute if entity @s[tag=aj.heiloang_aj.bone.neck_0] run data modify entity @s {} merge value {transformation:[-0.9759977048689811f,-0.06036463279262095f,-0.20924767907504604f,-0.710792215822103f,-0.16229828435421645f,0.8422803845843068f,0.5140262839974139f,1.8202078706358804f,0.14521620772544375f,0.5356490127427886f,-0.8318607985483607f,2.321023287460965f,0f,0f,0f,1f],start_interpolation:0}
execute if entity @s[tag=aj.heiloang_aj.bone.neck_1] run data modify entity @s {} merge value {transformation:[-0.9999904950684106f,-0.004296462254329038f,0.0007417445195688627f,-0.7105755923386562f,-0.003803038928225132f,0.9427294956198156f,0.33353655719173947f,1.9535064791291654f,-0.0021322916652252583f,0.33353056606629805f,-0.9427368746536591f,1.9816882736662158f,0f,0f,0f,1f],start_interpolation:0}
execute if entity @s[tag=aj.heiloang_aj.bone.neck_2] run data modify entity @s {} merge value {transformation:[-0.9913902354928045f,0.035207762535933745f,0.1261182557234877f,-0.6600723064952077f,0.050820103282294526f,0.9911296145468077f,0.12279822584497394f,1.9706097014297634f,-0.12067608740715244f,0.12815030482019776f,-0.9843854840978667f,1.5739912892941121f,0f,0f,0f,1f],start_interpolation:0}
execute if entity @s[tag=aj.heiloang_aj.bone.neck_3] run data modify entity @s {} merge value {transformation:[-0.9539194600305672f,0.14619313149914442f,0.2620405160990662f,-0.528006588834607f,0.0893486782868935f,0.9720616230437382f,-0.21705532634321273f,1.834743882768118f,-0.2864515272491602f,-0.18364032593100899f,-0.9403306616443899f,1.091817251935967f,0f,0f,0f,1f],start_interpolation:0}
execute if entity @s[tag=aj.heiloang_aj.bone.wing_right_2] run data modify entity @s {} merge value {transformation:[0.7673828993583973f,2.143802210354814f,-0.5906027217776071f,-2.0142148466324765f,2.2172893657471375f,-0.7849883360409623f,0.03157827014424138f,5.68422674138663f,-0.16830733982200966f,-0.5669932993241268f,-2.2767888009660857f,0.9514698191817127f,0f,0f,0f,1f],start_interpolation:0}
execute if entity @s[tag=aj.heiloang_aj.bone.wing_right_1] run data modify entity @s {} merge value {transformation:[0.16663863919416247f,3.2333046132386514f,-0.8397568784101533f,-2.110539909965671f,3.340574903793326f,-0.16050568191820067f,0.0449000124518663f,3.4964090385137583f,0.0031062797237354422f,-0.8409506388496418f,-3.2372845328986224f,0.9986888815525045f,0f,0f,0f,1f],start_interpolation:0}
execute if entity @s[tag=aj.heiloang_aj.bone.wing_right_0] run data modify entity @s {} merge value {transformation:[-1.4985977239218105f,1.5401106590239462f,-0.557372424701109f,-0.721122938111461f,1.5855302539106861f,1.5535783480481367f,0.029801516906639153f,2.021904815957093f,0.4107294435395182f,-0.37795962011417034f,-2.1486851444017727f,0.5994347336026281f,0f,0f,0f,1f],start_interpolation:0}
execute if entity @s[tag=aj.heiloang_aj.bone.wing_left_2] run data modify entity @s {} merge value {transformation:[-0.3315990550892122f,-2.144748785818519f,0.9075630659711394f,1.72929660024811f,-2.3286565131094696f,0.31765895160153595f,-0.10013810833676282f,5.1571607729335955f,-0.03125567049022616f,-0.9125357212287122f,-2.1679201200378224f,1.364497678859276f,0f,0f,0f,1f],start_interpolation:0}
execute if entity @s[tag=aj.heiloang_aj.bone.wing_left_1] run data modify entity @s {} merge value {transformation:[-0.1655856882007468f,-3.0813287430878913f,1.2904314510207335f,1.6012517423078088f,-3.3395487506740724f,0.11983344666139693f,-0.142382793316084f,2.9728642751557475f,0.08493700391658243f,-1.2954813371799845f,-3.0824880507933896f,1.467005155814515f,0f,0f,0f,1f],start_interpolation:0}
execute if entity @s[tag=aj.heiloang_aj.bone.wing_left_0] run data modify entity @s {} merge value {transformation:[-1.8027560578576665f,-0.9720494325486937f,0.8564989763795668f,-0.06867302983300405f,-1.0872864181783493f,1.9332038874960613f,-0.09450383174776633f,1.9607932238409023f,-0.7044706102474244f,-0.4962284051239682f,-2.045941966245803f,0.7953582685664181f,0f,0f,0f,1f],start_interpolation:0}
execute if entity @s[tag=aj.heiloang_aj.bone.kazari_right] run data modify entity @s {} merge value {transformation:[-2.5069885785103834f,0.6326257285989703f,-0.4708111545931756f,-1.6686433458626535f,0.23481659129069765f,-0.8990123376397633f,-2.4583547697153794f,3.2951512176904143f,-0.7528211103770636f,-2.3871388088760903f,0.8010610909815398f,-3.510988755665315f,0f,0f,0f,1f],start_interpolation:0}
execute if entity @s[tag=aj.heiloang_aj.bone.kazari_left] run data modify entity @s {} merge value {transformation:[-2.5069885785103834f,0.6326257285989703f,-0.4708111545931756f,3.1716238850872216f,0.23481659129069765f,-0.8990123376397633f,-2.4583547697153794f,2.84178854111091f,-0.7528211103770636f,-2.3871388088760903f,0.8010610909815398f,-2.057509716087669f,0f,0f,0f,1f],start_interpolation:0}
execute if entity @s[tag=aj.heiloang_aj.bone.ring] run data modify entity @s {} merge value {transformation:[-2.101423360615321f,-0.6565620239699749f,0.07663193801991942f,-0.10831551503109668f,0.19682940505916965f,-0.37771296564898826f,2.1613693313889524f,3.649815227816792f,-0.6310343338902348f,2.06861922790182f,0.41897069729351194f,0.26034234547261226f,0f,0f,0f,1f],start_interpolation:0}
execute if entity @s[tag=aj.heiloang_aj.bone.body_0] run data modify entity @s {} merge value {transformation:[-1.0765573331443052f,0.1111286858971707f,0.3198860727847695f,-0.21570155004218436f,0.1008355305105363f,1.122902440019894f,-0.050741323610060084f,1.9042536750257433f,-0.32327833236632736f,-0.01982173821364064f,-1.0810876904554552f,0.07348354394442402f,0f,0f,0f,1f],start_interpolation:0}
execute if entity @s[tag=aj.heiloang_aj.bone.leg_right_3] run data modify entity @s {} merge value {transformation:[-0.8913427846318391f,0.13325152829511114f,0.43330367006497433f,-0.8863463940455053f,0.3428212867659123f,0.8235349140097471f,0.4519555406753215f,0.2841826974540047f,-0.29661693415063656f,0.551393031887396f,-0.7797333638886443f,-0.8349574900175557f,0f,0f,0f,1f],start_interpolation:0}
execute if entity @s[tag=aj.heiloang_aj.bone.leg_right_2] run data modify entity @s {} merge value {transformation:[-0.9651643323653761f,0.26095119201402217f,-0.019033836086264598f,-0.7267419876229925f,0.2612530748497724f,0.9651446312902051f,-0.015577919412847648f,0.8719035091129432f,0.014305328071635079f,-0.020007900393465984f,-0.9996974749946143f,-0.7999627547868597f,0f,0f,0f,1f],start_interpolation:0}
execute if entity @s[tag=aj.heiloang_aj.bone.leg_right_1] run data modify entity @s {} merge value {transformation:[-0.9910584928113216f,0.13239547926444228f,-0.01656806859262716f,-0.7051118224749828f,0.13325117638252562f,0.988477065149248f,-0.07181375680607693f,0.9967848050342362f,0.0068693390675108774f,-0.0733793482137034f,-0.9972804437250873f,-0.10176177300045425f,0f,0f,0f,1f],start_interpolation:0}
execute if entity @s[tag=aj.heiloang_aj.bone.leg_right_0] run data modify entity @s {} merge value {transformation:[-0.8130108441897803f,0.5700528139167801f,-0.11854601037311002f,-0.2673112327152267f,0.5014034002034071f,0.5819592407618649f,-0.6402484458054823f,1.360667690388408f,-0.295986481945177f,-0.5799683020971357f,-0.7589655928092409f,-0.5659346135033594f,0f,0f,0f,1f],start_interpolation:0}
execute if entity @s[tag=aj.heiloang_aj.bone.leg_left_3] run data modify entity @s {} merge value {transformation:[-0.8457501735711168f,-0.35472248562806546f,0.39859578785314925f,0.7593783869552844f,-0.19477592989780215f,0.9007162490008827f,0.38829444487170556f,0.1443191899652868f,-0.4967584735431014f,0.2507632289145012f,-0.830872325924688f,-0.11669624247161542f,0f,0f,0f,1f],start_interpolation:0}
execute if entity @s[tag=aj.heiloang_aj.bone.leg_left_2] run data modify entity @s {} merge value {transformation:[-0.8457501735711168f,-0.10913918978240666f,0.522298076923576f,0.668360919505403f,-0.19477592989780215f,0.974458074609724f,-0.11177565906920817f,0.7422426611912427f,-0.4967584735431014f,-0.19626537667543206f,-0.8454057729171113f,-0.19617764706730573f,0f,0f,0f,1f],start_interpolation:0}
execute if entity @s[tag=aj.heiloang_aj.bone.leg_left_1] run data modify entity @s {} merge value {transformation:[-0.8587614274707419f,0.02361250509775789f,0.5118312810794412f,0.3089707022153696f,-0.0651239891902187f,0.9858056922847971f,-0.15474496143927918f,0.9254420527344899f,-0.5082201065683704f,-0.1662214987957336f,-0.845034162988535f,0.3876240896012478f,0f,0f,0f,1f],start_interpolation:0}
execute if entity @s[tag=aj.heiloang_aj.bone.leg_left_0] run data modify entity @s {} merge value {transformation:[-0.9112768551243268f,0.08293215742614586f,0.40335685264956334f,0.3638556592851553f,-0.2475814690779657f,0.6723668493323017f,-0.6975860062301638f,1.360667690388408f,-0.3290560886595367f,-0.7355576640778061f,-0.5921798825800216f,-0.20153023850335944f,0f,0f,0f,1f],start_interpolation:0}
execute if entity @s[tag=aj.heiloang_aj.bone.tail_4] run data modify entity @s {} merge value {transformation:[-1.3773635453663013f,0.15912835421870655f,-0.7499347934769345f,-0.6931843879470511f,-0.30607498673175093f,1.2996389015817584f,0.8379207550121868f,0.9055214225678939f,0.7028813058268123f,0.8777649207314454f,-1.1046904442151153f,-4.291230418301304f,0f,0f,0f,1f],start_interpolation:0}
execute if entity @s[tag=aj.heiloang_aj.bone.tail_3] run data modify entity @s {} merge value {transformation:[-0.8976559832030869f,-0.03516047640281615f,-0.4392920175906071f,-0.10523199056625736f,-0.12224786654688355f,0.9775594719542982f,0.17156030402505448f,0.6507476548751259f,0.42340193072827925f,0.2077046453297586f,-0.8818104021636424f,-3.118270632925092f,0f,0f,0f,1f],start_interpolation:0}
execute if entity @s[tag=aj.heiloang_aj.bone.tail_2] run data modify entity @s {} merge value {transformation:[-0.9950436308704138f,-0.05587921872533052f,-0.08225378762628627f,-0.04184818818098701f,-0.06252822896107416f,0.9947823374644368f,0.08061216813721667f,0.6058030005291605f,0.07732007014491762f,0.0853558081412044f,-0.993345857578994f,-2.338921375826f,0f,0f,0f,1f],start_interpolation:0}
execute if entity @s[tag=aj.heiloang_aj.bone.tail_1] run data modify entity @s {} merge value {transformation:[-0.9696408309222952f,0.035266339514272875f,-0.2419771565780227f,0.14784908565458366f,0.06400000107059162f,0.9916527453473066f,-0.1119322675018869f,0.7100242338585241f,0.2360098702836072f,-0.12402063514759837f,-0.9638040377516071f,-1.5878169285080108f,0f,0f,0f,1f],start_interpolation:0}
execute if entity @s[tag=aj.heiloang_aj.bone.tail_ring] run data modify entity @s {} merge value {transformation:[-0.948992313884291f,0.3143683615288198f,0.024209945440345493f,0.16107837112176843f,0.2604317367331355f,0.8248200491480644f,-0.5018437974365603f,0.6634873101627367f,-0.17773266073151023f,-0.46994086840055704f,-0.8646193853460771f,-1.7266444348610757f,0f,0f,0f,1f],start_interpolation:0}
execute if entity @s[tag=aj.heiloang_aj.bone.tail_0] run data modify entity @s {} merge value {transformation:[-0.948992313884291f,0.3143683615288198f,0.024209945440345493f,0.12015595224695422f,0.2604317367331355f,0.8248200491480644f,-0.5018437974365603f,1.3458750707663059f,-0.17773266073151023f,-0.46994086840055704f,-0.8646193853460771f,-0.5082387141235445f,0f,0f,0f,1f],start_interpolation:0}
execute if entity @s[tag=aj.heiloang_aj.bone.body_1] run data modify entity @s {} merge value {transformation:[-0.8660254037844386f,0.2837781908337203f,0.4116672666209212f,-0.0018960387843347866f,0f,0.8233345332418424f,-0.5675563816674406f,1.603576875f,-0.5f,-0.4915182446039802f,-0.7130286216004388f,-0.290739714492411f,0f,0f,0f,1f],start_interpolation:0}