execute if entity @s[tag=aj.heiloang_aj.bone.head_lower] run data modify entity @s {} merge value {transformation:[-0.7871106129221678f,-0.025929549052984936f,-0.1406575327211389f,-0.5589416523559183f,-0.08455978521793006f,0.7188844022880143f,0.34066825339456286f,1.081855869597801f,0.11535391518794219f,0.35004696061087787f,-0.7100426745047791f,2.8145133151492834f,0f,0f,0f,1f],start_interpolation:0}
execute if entity @s[tag=aj.heiloang_aj.bone.horne_right] run data modify entity @s {} merge value {transformation:[-0.5570065967188831f,-0.5572050459940281f,-0.13880269424777292f,-0.9511543643746906f,-0.5612150785734669f,0.4872944716772551f,0.29594211166132245f,1.5466956606839128f,-0.12157831547371116f,0.30342484175093215f,-0.7301726361724307f,2.837537802334658f,0f,0f,0f,1f],start_interpolation:0}
execute if entity @s[tag=aj.heiloang_aj.bone.horne_left] run data modify entity @s {} merge value {transformation:[-0.6036310362215977f,0.5063233988071256f,-0.13880269424777292f,-0.28195292126826355f,0.43652705208004366f,0.6015499973798891f,0.29594211166132245f,1.618588390076197f,0.29167397023448505f,0.1475608907287299f,-0.7301726361724307f,2.7394639036418695f,0f,0f,0f,1f],start_interpolation:0}
execute if entity @s[tag=aj.heiloang_aj.bone.head_upper] run data modify entity @s {} merge value {transformation:[-1.1529399480430684f,-0.05054418536764902f,-0.2033147164667816f,-0.6045665334222174f,-0.12386105939259352f,1.0816229372136028f,0.43348860660871363f,1.2851977944861517f,0.16896753111941804f,0.44799466449829567f,-1.0695386231494723f,2.65671651582453f,0f,0f,0f,1f],start_interpolation:0}
execute if entity @s[tag=aj.heiloang_aj.bone.neck_0] run data modify entity @s {} merge value {transformation:[-0.9839444223549141f,-0.04645399072662065f,-0.17232353426687178f,-0.6744548811636848f,-0.15615253064127232f,0.69163734316892f,0.7051625151045428f,1.541500693499764f,0.08642777846839063f,0.7207494795556976f,-0.6877866143137783f,2.314832469054149f,0f,0f,0f,1f],start_interpolation:0}
execute if entity @s[tag=aj.heiloang_aj.bone.neck_1] run data modify entity @s {} merge value {transformation:[-0.998794713710079f,-0.040823816812389f,-0.027249510925331052f,-0.684893300503007f,-0.048609754537605285f,0.8996163920763249f,0.43396709422647484f,1.7108542819837986f,0.006797913547184398f,0.43476863167487695f,-0.9005165324873055f,1.9921449747065383f,0f,0f,0f,1f],start_interpolation:0}
execute if entity @s[tag=aj.heiloang_aj.bone.neck_2] run data modify entity @s {} merge value {transformation:[-0.9941082742195048f,-0.006982675548198342f,0.10816645214902093f,-0.6403325833447912f,0.015133291496267257f,0.9792075333945317f,0.20229579835450473f,1.7609352500885058f,-0.10732997072955366f,0.20274084143454182f,-0.9733326402610811f,1.586477410954891f,0f,0f,0f,1f],start_interpolation:0}
execute if entity @s[tag=aj.heiloang_aj.bone.neck_3] run data modify entity @s {} merge value {transformation:[-0.9603074341692006f,0.10676575350866714f,0.2577027468947368f,-0.5095568780051691f,0.05812279828063477f,0.9801610091637651f,-0.1894891459559057f,1.6391387930181625f,-0.27282113591031565f,-0.1669894307817007f,-0.9474614281372138f,1.1002099796970501f,0f,0f,0f,1f],start_interpolation:0}
execute if entity @s[tag=aj.heiloang_aj.bone.wing_right_2] run data modify entity @s {} merge value {transformation:[-0.5494566218163153f,2.208451010197445f,-0.5953297931576205f,-2.348225650068528f,2.285180311447639f,0.5562913930142571f,-0.0454624741005164f,5.2295772687978666f,0.09810387981769948f,-0.5889482387588485f,-2.275322308410079f,0.9284410487761584f,0f,0f,0f,1f],start_interpolation:0}
execute if entity @s[tag=aj.heiloang_aj.bone.wing_right_1] run data modify entity @s {} merge value {transformation:[-0.03307233035371713f,3.2356760909877633f,-0.8464781320714204f,-2.3136940843120923f,3.3440607082596974f,0.017269433685131952f,-0.06464146528235591f,3.041143936444736f,-0.058163333283348356f,-0.8469479167991034f,-3.235199379604142f,1.0157427067984242f,0f,0f,0f,1f],start_interpolation:0}
execute if entity @s[tag=aj.heiloang_aj.bone.wing_right_0] run data modify entity @s {} merge value {transformation:[-1.723795836955612f,1.2811209936172379f,-0.5618335271303074f,-0.7148502243789095f,1.3329741331651908f,1.774750450632644f,-0.04290452530602772f,1.8009659450333444f,0.42439117899293083f,-0.37066135176520304f,-2.1473011641361768f,0.6037925158263726f,0f,0f,0f,1f],start_interpolation:0}
execute if entity @s[tag=aj.heiloang_aj.bone.wing_left_2] run data modify entity @s {} merge value {transformation:[-1.155861993150562f,-1.836467458895436f,0.9082655622278959f,1.974580601351474f,-2.025671970492041f,1.1806138805131328f,-0.19073526004287314f,4.814213380617187f,-0.30693994049961876f,-0.8758505259910897f,-2.1615387425091943f,1.3390729744779442f,0f,0f,0f,1f],start_interpolation:0}
execute if entity @s[tag=aj.heiloang_aj.bone.wing_left_1] run data modify entity @s {} merge value {transformation:[-0.41695502675553797f,-3.0570533271571287f,1.2914303053129945f,1.681944511210457f,-3.3165602789327915f,0.33778313073234445f,-0.27119964177317973f,2.6469276990071213f,0.1174529470406492f,-1.3143615501109964f,-3.0734145984102574f,1.4627311796898157f,0f,0f,0f,1f],start_interpolation:0}
execute if entity @s[tag=aj.heiloang_aj.bone.wing_left_0] run data modify entity @s {} merge value {transformation:[-1.8780750935256516f,-0.816399008026099f,0.8571619466428824f,-0.05803114939878684f,-0.9507021869009363f,1.9980400599692325f,-0.18000352935407612f,1.7612118400003345f,-0.7052654074179388f,-0.519354001093809f,-2.039919637301298f,0.7903933061021113f,0f,0f,0f,1f],start_interpolation:0}
execute if entity @s[tag=aj.heiloang_aj.bone.kazari_right] run data modify entity @s {} merge value {transformation:[-2.52377676543432f,0.6098407417272802f,-0.40683571197677737f,-1.7655240754812183f,0.15275209024034914f,-0.9890119977365955f,-2.4301012850942083f,2.9093650032623457f,-0.7169991811273813f,-2.357290759880681f,0.9143099234942578f,-3.5075640192190054f,0f,0f,0f,1f],start_interpolation:0}
execute if entity @s[tag=aj.heiloang_aj.bone.kazari_left] run data modify entity @s {} merge value {transformation:[-2.52377676543432f,0.6098407417272802f,-0.40683571197677737f,3.107156271240917f,0.15275209024034914f,-0.9890119977365955f,-2.4301012850942083f,2.6144450570020488f,-0.7169991811273813f,-2.357290759880681f,0.9143099234942578f,-2.1232467268399313f,0f,0f,0f,1f],start_interpolation:0}
execute if entity @s[tag=aj.heiloang_aj.bone.ring] run data modify entity @s {} merge value {transformation:[-2.115495657747723f,-0.6132088851931985f,0.039740042207702275f,-0.14123659506748074f,0.1280407950660154f,-0.30053854584102085f,2.1785794507078817f,3.424364049375079f,-0.6010074563875378f,2.094415844899934f,0.32425081616351054f,0.1840844105923152f,0f,0f,0f,1f],start_interpolation:0}
execute if entity @s[tag=aj.heiloang_aj.bone.body_0] run data modify entity @s {} merge value {transformation:[-1.083766558546481f,0.08786992317445762f,0.30229339906009445f,-0.2162173916068559f,0.06559518631675626f,1.1229529369053757f,-0.09124882993954248f,1.6705752158159615f,-0.3078955895203123f,-0.07005679149504651f,-1.0834872993519733f,0.07437700774309097f,0f,0f,0f,1f],start_interpolation:0}
execute if entity @s[tag=aj.heiloang_aj.bone.leg_right_3] run data modify entity @s {} merge value {transformation:[-0.944672796674008f,0.055376377238389576f,0.32330599138905525f,-0.7453382664330432f,0.2686432405869736f,0.6961751886657915f,0.6657108351026584f,0.10466195451986438f,-0.1882129552157281f,0.7157328856005576f,-0.6725342518852562f,-1.1574876605401605f,0f,0f,0f,1f],start_interpolation:0}
execute if entity @s[tag=aj.heiloang_aj.bone.leg_right_2] run data modify entity @s {} merge value {transformation:[-0.9796429610422303f,0.16801615263077363f,0.10986465007255102f,-0.6483366071841893f,0.1900550625253995f,0.9524712108738095f,0.23807071568138194f,0.6727084814215871f,-0.06464319058398943f,0.2541046337864218f,-0.9650140377214158f,-0.9574182428915597f,0f,0f,0f,1f],start_interpolation:0}
execute if entity @s[tag=aj.heiloang_aj.bone.leg_right_1] run data modify entity @s {} merge value {transformation:[-0.9926839791972027f,0.04963829308526552f,0.11006614967731355f,-0.7222759760406614f,0.06525439717544544f,0.9875462309264802f,0.14315832295808695f,0.6458294173618041f,-0.1015892764738322f,0.14929327393584751f,-0.9835604390493952f,-0.25218190042813493f,0f,0f,0f,1f],start_interpolation:0}
execute if entity @s[tag=aj.heiloang_aj.bone.leg_right_0] run data modify entity @s {} merge value {transformation:[-0.813872691383023f,0.5801270024018375f,0.03261753064248091f,-0.26689380063994445f,0.5008839104998568f,0.7289382800035535f,-0.46665221755374986f,1.1288083280720058f,-0.2944937188181202f,-0.36345789994127153f,-0.8838392413481958f,-0.5666576270664574f,0f,0f,0f,1f],start_interpolation:0}
execute if entity @s[tag=aj.heiloang_aj.bone.leg_left_3] run data modify entity @s {} merge value {transformation:[-0.8501327356192059f,-0.39452648664829504f,0.34874515503667997f,0.8219003315725443f,-0.17788113245654613f,0.838534452493894f,0.5149934705379688f,-0.05804399400625626f,-0.49561339221673784f,0.37577762481781407f,-0.7830444062386884f,-0.2765585902897471f,0f,0f,0f,1f],start_interpolation:0}
execute if entity @s[tag=aj.heiloang_aj.bone.leg_left_2] run data modify entity @s {} merge value {transformation:[-0.8501327356192059f,-0.1796723742390678f,0.494966837034464f,0.6892751029869973f,-0.17788113245654613f,0.9827188481699645f,0.0512051576257197f,0.5372145231448261f,-0.49561339221673784f,-0.044514080769959496f,-0.8674017881400888f,-0.26270951082154553f,0f,0f,0f,1f],start_interpolation:0}
execute if entity @s[tag=aj.heiloang_aj.bone.leg_left_1] run data modify entity @s {} merge value {transformation:[-0.8689026360370363f,-0.02250194109398962f,0.49447130526946864f,0.3386726569660552f,-0.0484634877400802f,0.9980339128789568f,-0.03974417063653102f,0.6401840535154737f,-0.4926048106179603f,-0.05849761867393599f,-0.8682848203012201f,0.34558565909367994f,0f,0f,0f,1f],start_interpolation:0}
execute if entity @s[tag=aj.heiloang_aj.bone.leg_left_0] run data modify entity @s {} merge value {transformation:[-0.910850570727576f,0.0421586213431275f,0.4105775060225482f,0.36427309136043756f,-0.24816701738695052f,0.7389233798901801f,-0.6264226768987036f,1.1288083280720058f,-0.32979443489318283f,-0.6724692478456686f,-0.6625864029810502f,-0.20225325206645733f,0f,0f,0f,1f],start_interpolation:0}
execute if entity @s[tag=aj.heiloang_aj.bone.tail_4] run data modify entity @s {} merge value {transformation:[-1.0201848277178913f,0.4697895990936521f,-1.1060628434068818f,-0.6963853965461957f,-0.525198905440341f,1.130680633654911f,0.9646666668283252f,0.48380253466505313f,1.080853084700302f,0.9928310032169771f,-0.5752369703284784f,-3.9846806969831863f,0f,0f,0f,1f],start_interpolation:0}
execute if entity @s[tag=aj.heiloang_aj.bone.tail_3] run data modify entity @s {} merge value {transformation:[-0.8121591435918902f,0.06358480214364667f,-0.5799607731704282f,0.07696822052096175f,-0.11709949073057982f,0.956051251219574f,0.268800510252726f,0.0996460991472994f,0.5715638501083902f,0.2862219033858875f,-0.7690200174712185f,-2.964494258914419f,0f,0f,0f,1f],start_interpolation:0}
execute if entity @s[tag=aj.heiloang_aj.bone.tail_2] run data modify entity @s {} merge value {transformation:[-0.9829518742112537f,0.02335414831871494f,-0.18237378304156335f,0.22019357293228878f,0.015075951578432827f,0.9987976779708909f,0.0466466951022384f,0.08136977045877491f,0.18324390486067596f,0.043101998054195956f,-0.9821221355285439f,-2.1947051532911193f,0f,0f,0f,1f],start_interpolation:0}
execute if entity @s[tag=aj.heiloang_aj.bone.tail_1] run data modify entity @s {} merge value {transformation:[-0.9896538995208385f,0.08368236709197513f,-0.11654364247389151f,0.31268404478799905f,0.11337346348372604f,0.9539319031760682f,-0.27777757627387534f,0.31455967069391444f,0.08792961356052095f,-0.28811661795316196f,-0.9535497876452644f,-1.4543856310559988f,0f,0f,0f,1f],start_interpolation:0}
execute if entity @s[tag=aj.heiloang_aj.bone.tail_ring] run data modify entity @s {} merge value {transformation:[-0.9339672298839385f,0.32178255727199134f,0.15543873178336215f,0.34500184234954734f,0.15580616709393807f,0.7581127499627183f,-0.6332373146297215f,0.24707158624185743f,-0.32160480686460247f,-0.5672045875867566f,-0.7581881719086092f,-1.5809348080545587f,0f,0f,0f,1f],start_interpolation:0}
execute if entity @s[tag=aj.heiloang_aj.bone.tail_0] run data modify entity @s {} merge value {transformation:[-0.9339672298839385f,0.32178255727199134f,0.15543873178336215f,0.12059839881161152f,0.15580616709393807f,0.7581127499627183f,-0.6332373146297215f,1.1145102858217704f,-0.32160480686460247f,-0.5672045875867566f,-0.7581881719086092f,-0.5090050540531652f,0f,0f,0f,1f],start_interpolation:0}
execute if entity @s[tag=aj.heiloang_aj.bone.body_1] run data modify entity @s {} merge value {transformation:[-0.8660254037844386f,0.28236057801263914f,0.41264088985989783f,-0.0018960387843347866f,0f,0.8252817797197957f,-0.5647211560252783f,1.371352800925926f,-0.5f,-0.48906286717240655f,-0.7147149865177761f,-0.290739714492411f,0f,0f,0f,1f],start_interpolation:0}