execute if entity @s[tag=aj.convict.bone.left_leg_2] run data modify entity @s {} merge value {transformation:[-0.796391622390658f,-0.12071512937302645f,0.5926113746178258f,-0.018102838728867927f,-0.03880672476913288f,0.9880578348382686f,0.14911657562928998f,0.5184933436632205f,-0.6035349384241713f,0.095757885080898f,-0.7915655409036989f,0.14571836242618144f,0f,0f,0f,1f],start_interpolation:0}
execute if entity @s[tag=aj.convict.bone.left_leg] run data modify entity @s {} merge value {transformation:[-0.796391622390658f,0.2165997519906244f,0.564663555777753f,0.04958458376820219f,-0.03880672476913288f,0.9134398035546337f,-0.4051194433679591f,0.8039432822740435f,-0.6035349384241713f,-0.34454647396203647f,-0.7190502801485161f,0.03804758931304505f,0f,0f,0f,1f],start_interpolation:0}
execute if entity @s[tag=aj.convict.bone.right_leg_2] run data modify entity @s {} merge value {transformation:[-0.8259672718391116f,-0.15873223656344848f,0.540908627150853f,-0.10657029639539446f,0.008774702005361078f,0.9558010101733471f,0.2938833672672313f,0.5015338098250173f,-0.5636497764173887f,0.24748435511598446f,-0.7880675247194576f,-0.18066582488200317f,0f,0f,0f,1f],start_interpolation:0}
execute if entity @s[tag=aj.convict.bone.right_leg] run data modify entity @s {} merge value {transformation:[-0.8259672718391116f,-0.13498705570947878f,0.547317604907371f,-0.14875375130460658f,0.008774702005361078f,0.9677103118368842f,0.2519122009138847f,0.8039432822740435f,-0.5636497764173887f,0.21287378221717768f,-0.7981125750100554f,-0.11414276793913514f,0f,0f,0f,1f],start_interpolation:0}
execute if entity @s[tag=aj.convict.bone.head] run data modify entity @s {} merge value {transformation:[-0.9914448613738104f,0.00028476375089540765f,0.13052588159086342f,-0.04958458376820219f,1.0842021724855044e-19f,0.9999976201773518f,-0.0021816598343367697f,1.7049851572740435f,-0.13052619222005185f,-0.0021629954320188287f,-0.9914425019108748f,-0.03804758931304505f,0f,0f,0f,1f],start_interpolation:0}
execute if entity @s[tag=aj.convict.bone.left_axe] run data modify entity @s {} merge value {transformation:[-0.9989081121401648f,-0.042201089053207255f,0.020041247049404465f,0.30268495689252617f,-0.01568489489359372f,0.7070249657358869f,0.707014626368044f,0.5736897272248044f,-0.04400644921768754f,0.7059283008272804f,-0.7069148934053944f,0.17866749441203256f,0f,0f,0f,1f],start_interpolation:0}
execute if entity @s[tag=aj.convict.bone.left_arm_2] run data modify entity @s {} merge value {transformation:[-0.9989081121401648f,-0.01566937455091144f,0.04401197793504902f,0.33080111002266693f,-0.01568489489359372f,0.9998769844429491f,-0.000007311037115030096f,1.0785519980376f,-0.04400644921768754f,-0.0006976263022527721f,-0.9990310033951868f,0.13867812629448034f,0f,0f,0f,1f],start_interpolation:0}
execute if entity @s[tag=aj.convict.bone.left_arm] run data modify entity @s {} merge value {transformation:[-0.9989081121401648f,-0.01566937455091144f,0.04401197793504902f,0.24792291884101098f,-0.01568489489359372f,0.9998769844429491f,-0.000007311037115030096f,1.5070682822740435f,-0.04400644921768754f,-0.0006976263022527721f,-0.9990310033951868f,0.19023794656522522f,0f,0f,0f,1f],start_interpolation:0}
execute if entity @s[tag=aj.convict.bone.right_axe] run data modify entity @s {} merge value {transformation:[-0.6755867407295469f,-0.44092842216850237f,0.5909015842544535f,-0.3266876772959033f,0.014659351696221639f,0.7932691880171133f,0.6086945857739465f,0.573634591986165f,-0.7371347632273725f,0.4198882254441827f,-0.5294584204402275f,-0.3572549068279385f,0f,0f,0f,1f],start_interpolation:0}
execute if entity @s[tag=aj.convict.bone.right_arm_2] run data modify entity @s {} merge value {transformation:[-0.6755867407295469f,0.00990605627753284f,0.7372139620215113f,-0.36054040838900436f,0.014659351696221639f,0.9998925459291116f,-0.0000018016449352029583f,1.0784699322359148f,-0.7371347632273725f,0.01080586157720859f,-0.6756593625469122f,-0.3626451829793695f,0f,0f,0f,1f],start_interpolation:0}
execute if entity @s[tag=aj.convict.bone.right_arm] run data modify entity @s {} merge value {transformation:[-0.6755867407295469f,0.00990605627753284f,0.7372139620215113f,-0.34709208637741534f,0.014659351696221639f,0.9998925459291116f,-0.0000018016449352029583f,1.5070682822740435f,-0.7371347632273725f,0.01080586157720859f,-0.6756593625469122f,-0.2663331251913153f,0f,0f,0f,1f],start_interpolation:0}
execute if entity @s[tag=aj.convict.bone.body] run data modify entity @s {} merge value {transformation:[-0.793353340291235f,0f,0.6087614290087208f,-0.04958458376820219f,0f,1f,0f,0.8820682822740435f,-0.6087614290087208f,0f,-0.793353340291235f,-0.03804758931304505f,0f,0f,0f,1f],start_interpolation:0}