execute if entity @s[tag=aj.convict.bone.left_leg_2] run data modify entity @s {} merge value {transformation:[-0.796391622390658f,-0.12071512937302645f,0.5926113746178258f,-0.018102838728867927f,-0.03880672476913288f,0.9880578348382686f,0.14911657562928998f,0.5721246498665432f,-0.6035349384241713f,0.095757885080898f,-0.7915655409036989f,0.14571836242618144f,0f,0f,0f,1f],start_interpolation:0}
execute if entity @s[tag=aj.convict.bone.left_leg] run data modify entity @s {} merge value {transformation:[-0.796391622390658f,0.2165997519906244f,0.564663555777753f,0.04958458376820219f,-0.03880672476913288f,0.9134398035546337f,-0.4051194433679591f,0.8575745884773662f,-0.6035349384241713f,-0.34454647396203647f,-0.7190502801485161f,0.03804758931304505f,0f,0f,0f,1f],start_interpolation:0}
execute if entity @s[tag=aj.convict.bone.right_leg_2] run data modify entity @s {} merge value {transformation:[-0.8259672718391116f,-0.15873223656344848f,0.540908627150853f,-0.10657029639539446f,0.008774702005361078f,0.9558010101733471f,0.2938833672672313f,0.55516511602834f,-0.5636497764173887f,0.24748435511598446f,-0.7880675247194576f,-0.18066582488200317f,0f,0f,0f,1f],start_interpolation:0}
execute if entity @s[tag=aj.convict.bone.right_leg] run data modify entity @s {} merge value {transformation:[-0.8259672718391116f,-0.13498705570947878f,0.547317604907371f,-0.14875375130460658f,0.008774702005361078f,0.9677103118368842f,0.2519122009138847f,0.8575745884773662f,-0.5636497764173887f,0.21287378221717768f,-0.7981125750100554f,-0.11414276793913514f,0f,0f,0f,1f],start_interpolation:0}
execute if entity @s[tag=aj.convict.bone.head] run data modify entity @s {} merge value {transformation:[-0.9914448613738105f,0.0017085350676280435f,0.13051500972450863f,-0.04958458376820219f,-4.336808689942018e-19f,0.999914327574007f,-0.013089595571344438f,1.7586164634773662f,-0.13052619222005174f,-0.012977612266670829f,-0.9913599218872982f,-0.03804758931304505f,0f,0f,0f,1f],start_interpolation:0}
execute if entity @s[tag=aj.convict.bone.left_axe] run data modify entity @s {} merge value {transformation:[-0.9961017182955078f,-0.08514553709439299f,-0.02305654617769811f,0.3594049032705616f,-0.07658399757189396f,0.7050256847842692f,0.7050345205097268f,0.6323584300320462f,-0.043775085661196755f,0.7040518598138773f,-0.708798081662172f,0.1811415800136042f,0f,0f,0f,1f],start_interpolation:0}
execute if entity @s[tag=aj.convict.bone.left_arm_2] run data modify entity @s {} merge value {transformation:[-0.9961017182955078f,-0.0765104268202071f,0.0439035465142249f,0.35673302126571194f,-0.07658399757189396f,0.99706313304468f,0.00000624780138774178f,1.137887439494266f,-0.043775085661196755f,-0.0033560856539450318f,-0.9990357744167313f,0.13980319883787007f,0f,0f,0f,1f],start_interpolation:0}
execute if entity @s[tag=aj.convict.bone.left_arm] run data modify entity @s {} merge value {transformation:[-0.9961017182955078f,-0.0765104268202071f,0.0439035465142249f,0.24792291884101098f,-0.07658399757189396f,0.99706313304468f,0.00000624780138774178f,1.5606995884773662f,-0.043775085661196755f,-0.0033560856539450318f,-0.9990357744167313f,0.19023794656522522f,0f,0f,0f,1f],start_interpolation:0}
execute if entity @s[tag=aj.convict.bone.right_axe] run data modify entity @s {} merge value {transformation:[-0.6734521458766057f,-0.40583476063366974f,0.6178675863610315f,-0.36794253326124327f,0.0801692979869144f,0.7907989736496073f,0.6068029885679643f,0.6327635491672261f,-0.734870798762939f,0.45818678542286617f,-0.5000297779026568f,-0.40227991722608675f,0f,0f,0f,1f],start_interpolation:0}
execute if entity @s[tag=aj.convict.bone.right_arm_2] run data modify entity @s {} merge value {transformation:[-0.6734521458766057f,0.05416359185629484f,0.7372438623219724f,-0.3793998561045863f,0.0801692979869144f,0.9967812616911927f,0.000001264621534114059f,1.1382728783460447f,-0.734870798762939f,0.05910517454959977f,-0.6756267367910933f,-0.3832317910459254f,0f,0f,0f,1f],start_interpolation:0}
execute if entity @s[tag=aj.convict.bone.right_arm] run data modify entity @s {} merge value {transformation:[-0.6734521458766057f,0.05416359185629484f,0.7372438623219724f,-0.34709208637741534f,0.0801692979869144f,0.9967812616911927f,0.000001264621534114059f,1.5606995884773662f,-0.734870798762939f,0.05910517454959977f,-0.6756267367910933f,-0.2663331251913153f,0f,0f,0f,1f],start_interpolation:0}
execute if entity @s[tag=aj.convict.bone.body] run data modify entity @s {} merge value {transformation:[-0.793353340291235f,0f,0.6087614290087208f,-0.04958458376820219f,0f,1f,0f,0.9356995884773662f,-0.6087614290087208f,0f,-0.793353340291235f,-0.03804758931304505f,0f,0f,0f,1f],start_interpolation:0}