execute if entity @s[tag=aj.convict.bone.left_leg_2] run data modify entity @s {} merge value {transformation:[-0.796391622390658f,-0.12071512937302645f,0.5926113746178258f,-0.018102838728867927f,-0.03880672476913288f,0.9880578348382686f,0.14911657562928998f,0.511425061389177f,-0.6035349384241713f,0.095757885080898f,-0.7915655409036989f,0.14571836242618144f,0f,0f,0f,1f],start_interpolation:0}
execute if entity @s[tag=aj.convict.bone.left_leg] run data modify entity @s {} merge value {transformation:[-0.796391622390658f,0.2165997519906244f,0.564663555777753f,0.04958458376820219f,-0.03880672476913288f,0.9134398035546337f,-0.4051194433679591f,0.796875f,-0.6035349384241713f,-0.34454647396203647f,-0.7190502801485161f,0.03804758931304505f,0f,0f,0f,1f],start_interpolation:0}
execute if entity @s[tag=aj.convict.bone.right_leg_2] run data modify entity @s {} merge value {transformation:[-0.8259672718391116f,-0.15873223656344848f,0.540908627150853f,-0.10657029639539446f,0.008774702005361078f,0.9558010101733471f,0.2938833672672313f,0.4944655275509737f,-0.5636497764173887f,0.24748435511598446f,-0.7880675247194576f,-0.18066582488200317f,0f,0f,0f,1f],start_interpolation:0}
execute if entity @s[tag=aj.convict.bone.right_leg] run data modify entity @s {} merge value {transformation:[-0.8259672718391116f,-0.13498705570947878f,0.547317604907371f,-0.14875375130460658f,0.008774702005361078f,0.9677103118368842f,0.2519122009138847f,0.796875f,-0.5636497764173887f,0.21287378221717768f,-0.7981125750100554f,-0.11414276793913514f,0f,0f,0f,1f],start_interpolation:0}
execute if entity @s[tag=aj.convict.bone.head] run data modify entity @s {} merge value {transformation:[-0.9914448613738104f,0f,0.1305261922200518f,-0.04958458376820219f,0f,1f,0f,1.697916875f,-0.1305261922200518f,0f,-0.9914448613738104f,-0.03804758931304505f,0f,0f,0f,1f],start_interpolation:0}
execute if entity @s[tag=aj.convict.bone.left_axe] run data modify entity @s {} merge value {transformation:[-0.9990459909046794f,-0.02798478021517262f,0.03352551466563402f,0.28438644189881357f,0.003921774695274156f,0.707098538773444f,0.7071041480204312f,0.5657383705074193f,-0.043493996603286234f,0.7065610437469426f,-0.7063142103332656f,0.17783220819656823f,0f,0f,0f,1f],start_interpolation:0}
execute if entity @s[tag=aj.convict.bone.left_arm_2] run data modify entity @s {} merge value {transformation:[-0.9990459909046794f,0.003917890902675175f,0.043494346623002555f,0.3223655701329748f,0.003921774695274156f,0.9999923098041843f,0.000003966336581919666f,1.06998785629654f,-0.043493996603286234f,0.0001745375806343195f,-0.9990536731307815f,0.13826426638110656f,0f,0f,0f,1f],start_interpolation:0}
execute if entity @s[tag=aj.convict.bone.left_arm] run data modify entity @s {} merge value {transformation:[-0.9990459909046794f,0.003917890902675175f,0.043494346623002555f,0.24792291884101098f,0.003921774695274156f,0.9999923098041843f,0.000003966336581919666f,1.5f,-0.043493996603286234f,0.0001745375806343195f,-0.9990536731307815f,0.19023794656522522f,0f,0f,0f,1f],start_interpolation:0}
execute if entity @s[tag=aj.convict.bone.right_axe] run data modify entity @s {} merge value {transformation:[-0.6755902076156601f,-0.448826005132275f,0.5849214378793379f,-0.31742958437878827f,0f,0.7933533402912352f,0.6087614290087207f,0.56588625f,-0.7372773368101241f,0.4112732602124075f,-0.535981747879933f,-0.3471613534690004f,0f,0f,0f,1f],start_interpolation:0}
execute if entity @s[tag=aj.convict.bone.right_arm_2] run data modify entity @s {} merge value {transformation:[-0.6755902076156601f,0f,0.7372773368101241f,-0.35628027602715007f,0f,1f,0f,1.07027375f,-0.7372773368101241f,0f,-0.6755902076156601f,-0.35800832755052f,0f,0f,0f,1f],start_interpolation:0}
execute if entity @s[tag=aj.convict.bone.right_arm] run data modify entity @s {} merge value {transformation:[-0.6755902076156601f,0f,0.7372773368101241f,-0.34709208637741534f,0f,1f,0f,1.5f,-0.7372773368101241f,0f,-0.6755902076156601f,-0.2663331251913153f,0f,0f,0f,1f],start_interpolation:0}
execute if entity @s[tag=aj.convict.bone.body] run data modify entity @s {} merge value {transformation:[-0.793353340291235f,0f,0.6087614290087208f,-0.04958458376820219f,0f,1f,0f,0.875f,-0.6087614290087208f,0f,-0.793353340291235f,-0.03804758931304505f,0f,0f,0f,1f],start_interpolation:0}