execute if entity @s[tag=aj.convict.bone.left_leg_2] run data modify entity @s {} merge value {transformation:[-0.796391622390658f,-0.12071512937302645f,0.5926113746178258f,-0.018102838728867927f,-0.03880672476913288f,0.9880578348382686f,0.14911657562928998f,0.55129131653321f,-0.6035349384241713f,0.095757885080898f,-0.7915655409036989f,0.14571836242618144f,0f,0f,0f,1f],start_interpolation:0}
execute if entity @s[tag=aj.convict.bone.left_leg] run data modify entity @s {} merge value {transformation:[-0.796391622390658f,0.2165997519906244f,0.564663555777753f,0.04958458376820219f,-0.03880672476913288f,0.9134398035546337f,-0.4051194433679591f,0.836741255144033f,-0.6035349384241713f,-0.34454647396203647f,-0.7190502801485161f,0.03804758931304505f,0f,0f,0f,1f],start_interpolation:0}
execute if entity @s[tag=aj.convict.bone.right_leg_2] run data modify entity @s {} merge value {transformation:[-0.8259672718391116f,-0.15873223656344848f,0.540908627150853f,-0.10657029639539446f,0.008774702005361078f,0.9558010101733471f,0.2938833672672313f,0.5343317826950067f,-0.5636497764173887f,0.24748435511598446f,-0.7880675247194576f,-0.18066582488200317f,0f,0f,0f,1f],start_interpolation:0}
execute if entity @s[tag=aj.convict.bone.right_leg] run data modify entity @s {} merge value {transformation:[-0.8259672718391116f,-0.13498705570947878f,0.547317604907371f,-0.14875375130460658f,0.008774702005361078f,0.9677103118368842f,0.2519122009138847f,0.836741255144033f,-0.5636497764173887f,0.21287378221717768f,-0.7981125750100554f,-0.11414276793913514f,0f,0f,0f,1f],start_interpolation:0}
execute if entity @s[tag=aj.convict.bone.head] run data modify entity @s {} merge value {transformation:[-0.9914448613738104f,0.0010678530005225765f,0.13052182401972168f,-0.04958458376820219f,-4.336808689942018e-19f,0.9999665339174011f,-0.008181139603937126f,1.737783130144033f,-0.1305261922200518f,-0.008111148820505235f,-0.9914116815981875f,-0.03804758931304505f,0f,0f,0f,1f],start_interpolation:0}
execute if entity @s[tag=aj.convict.bone.left_axe] run data modify entity @s {} merge value {transformation:[-0.9959368437535399f,-0.08662647158219391f,-0.02461011327597575f,0.36140200758628066f,-0.07873164283025814f,0.7049079617026833f,0.7049156644205157f,0.6117662964231481f,-0.04371649198512695f,0.7039890765838542f,-0.7088640549351664f,0.1812242769337346f,0f,0f,0f,1f],start_interpolation:0}
execute if entity @s[tag=aj.convict.bone.left_arm_2] run data modify entity @s {} merge value {transformation:[-0.9959368437535399f,-0.0786561434692446f,0.04385218750282155f,0.35764009171068617f,-0.07873164283025814f,0.9968958463087219f,0.000005446644012776364f,1.1172844403212634f,-0.04371649198512695f,-0.0034471302503505247f,-0.9990380301177486f,0.13983787459817848f,0f,0f,0f,1f],start_interpolation:0}
execute if entity @s[tag=aj.convict.bone.left_arm] run data modify entity @s {} merge value {transformation:[-0.9959368437535399f,-0.0786561434692446f,0.04385218750282155f,0.24792291884101098f,-0.07873164283025814f,0.9968958463087219f,0.000005446644012776364f,1.539866255144033f,-0.04371649198512695f,-0.0034471302503505247f,-0.9990380301177486f,0.19023794656522522f,0f,0f,0f,1f],start_interpolation:0}
execute if entity @s[tag=aj.convict.bone.right_axe] run data modify entity @s {} merge value {transformation:[-0.6737135270668797f,-0.40826960956202396f,0.6159756564631245f,-0.36507402998572847f,0.07560368205883743f,0.791081683750906f,0.6070204715600437f,0.6114164812698388f,-0.7351150703843928f,0.4555279305837393f,-0.5020957456022158f,-0.3991458939577853f,0f,0f,0f,1f],start_interpolation:0}
execute if entity @s[tag=aj.convict.bone.right_arm_2] run data modify entity @s {} merge value {transformation:[-0.6737135270668797f,0.051080162377646364f,0.7372251355309163f,-0.3780951477774754f,0.07560368205883743f,0.9971379459514355f,0.0000017024744949122386f,1.116949361533914f,-0.7351150703843928f,0.05573808173255944f,-0.6756471708950786f,-0.3818040166691881f,0f,0f,0f,1f],start_interpolation:0}
execute if entity @s[tag=aj.convict.bone.right_arm] run data modify entity @s {} merge value {transformation:[-0.6737135270668797f,0.051080162377646364f,0.7372251355309163f,-0.34709208637741534f,0.07560368205883743f,0.9971379459514355f,0.0000017024744949122386f,1.539866255144033f,-0.7351150703843928f,0.05573808173255944f,-0.6756471708950786f,-0.2663331251913153f,0f,0f,0f,1f],start_interpolation:0}
execute if entity @s[tag=aj.convict.bone.body] run data modify entity @s {} merge value {transformation:[-0.793353340291235f,0f,0.6087614290087208f,-0.04958458376820219f,0f,1f,0f,0.914866255144033f,-0.6087614290087208f,0f,-0.793353340291235f,-0.03804758931304505f,0f,0f,0f,1f],start_interpolation:0}