execute if entity @s[tag=aj.convict.bone.left_leg_2] run data modify entity @s {} merge value {transformation:[-0.796391622390658f,-0.12071512937302645f,0.5926113746178258f,-0.018102838728867927f,-0.03880672476913288f,0.9880578348382686f,0.14911657562928998f,0.5342589717390313f,-0.6035349384241713f,0.095757885080898f,-0.7915655409036989f,0.14571836242618144f,0f,0f,0f,1f],start_interpolation:0}
execute if entity @s[tag=aj.convict.bone.left_leg] run data modify entity @s {} merge value {transformation:[-0.796391622390658f,0.2165997519906244f,0.564663555777753f,0.04958458376820219f,-0.03880672476913288f,0.9134398035546337f,-0.4051194433679591f,0.8197089103498543f,-0.6035349384241713f,-0.34454647396203647f,-0.7190502801485161f,0.03804758931304505f,0f,0f,0f,1f],start_interpolation:0}
execute if entity @s[tag=aj.convict.bone.right_leg_2] run data modify entity @s {} merge value {transformation:[-0.8259672718391116f,-0.15873223656344848f,0.540908627150853f,-0.10657029639539446f,0.008774702005361078f,0.9558010101733471f,0.2938833672672313f,0.517299437900828f,-0.5636497764173887f,0.24748435511598446f,-0.7880675247194576f,-0.18066582488200317f,0f,0f,0f,1f],start_interpolation:0}
execute if entity @s[tag=aj.convict.bone.right_leg] run data modify entity @s {} merge value {transformation:[-0.8259672718391116f,-0.13498705570947878f,0.547317604907371f,-0.14875375130460658f,0.008774702005361078f,0.9677103118368842f,0.2519122009138847f,0.8197089103498543f,-0.5636497764173887f,0.21287378221717768f,-0.7981125750100554f,-0.11414276793913514f,0f,0f,0f,1f],start_interpolation:0}
execute if entity @s[tag=aj.convict.bone.head] run data modify entity @s {} merge value {transformation:[-0.9829629113561728f,0.12940955386467395f,0.13052617464226396f,-0.04958458376820219f,0.13052621610213458f,0.9914448582296727f,-5.6669612093218635e-8f,1.7207507853498543f,-0.1294095120470501f,0.017037031974214224f,-0.9914448636879682f,-0.03804758931304505f,0f,0f,0f,1f],start_interpolation:0}
execute if entity @s[tag=aj.convict.bone.left_axe] run data modify entity @s {} merge value {transformation:[-0.9989386513954521f,-0.040788623388558494f,0.02139763889549095f,0.30085672996697355f,-0.013725081518384629f,0.7070451505810081f,0.7070352022192341f,0.5893509192409908f,-0.04396808940071412f,0.7059911070558509f,-0.7068545563781173f,0.17858461440138454f,0f,0f,0f,1f],start_interpolation:0}
execute if entity @s[tag=aj.convict.bone.left_arm_2] run data modify entity @s {} merge value {transformation:[-0.9989386513954521f,-0.013711496628931247f,0.043972327757696605f,0.3299598250774245f,-0.013725081518384629f,0.9999058066077168f,-0.000007034554072251134f,1.0941606263960486f,-0.04396808940071412f,-0.0006105508709856201f,-0.9990327493841655f,0.13863778052749837f,0f,0f,0f,1f],start_interpolation:0}
execute if entity @s[tag=aj.convict.bone.left_arm] run data modify entity @s {} merge value {transformation:[-0.9989386513954521f,-0.013711496628931247f,0.043972327757696605f,0.24792291884101098f,-0.013725081518384629f,0.9999058066077168f,-0.000007034554072251134f,1.5228339103498543f,-0.04396808940071412f,-0.0006105508709856201f,-0.9990327493841655f,0.19023794656522522f,0f,0f,0f,1f],start_interpolation:0}
execute if entity @s[tag=aj.convict.bone.right_axe] run data modify entity @s {} merge value {transformation:[-0.6755570780445985f,-0.43885433221257764f,0.5924774336648584f,-0.32912063578543116f,0.01851411154829297f,0.7932184945695532f,0.6086556066827851f,0.589612416537005f,-0.7370752078162862f,0.42215079648280224f,-0.5277393703823073f,-0.35990788086679093f,0f,0f,0f,1f],start_interpolation:0}
execute if entity @s[tag=aj.convict.bone.right_arm_2] run data modify entity @s {} merge value {transformation:[-0.6755570780445985f,0.01251085881111084f,0.7372015414495907f,-0.3616582565082669f,0.01851411154829297f,0.999828599145922f,-0.0000018656215315343387f,1.0945475080342593f,-0.7370752078162862f,0.013647371238140665f,-0.6756729144200372f,-0.36386260675964244f,0f,0f,0f,1f],start_interpolation:0}
execute if entity @s[tag=aj.convict.bone.right_arm] run data modify entity @s {} merge value {transformation:[-0.6755570780445985f,0.01251085881111084f,0.7372015414495907f,-0.34709208637741534f,0.01851411154829297f,0.999828599145922f,-0.0000018656215315343387f,1.5228339103498543f,-0.7370752078162862f,0.013647371238140665f,-0.6756729144200372f,-0.2663331251913153f,0f,0f,0f,1f],start_interpolation:0}
execute if entity @s[tag=aj.convict.bone.body] run data modify entity @s {} merge value {transformation:[-0.793353340291235f,0f,0.6087614290087208f,-0.04958458376820219f,0f,1f,0f,0.8978339103498543f,-0.6087614290087208f,0f,-0.793353340291235f,-0.03804758931304505f,0f,0f,0f,1f],start_interpolation:0}