execute if entity @s[tag=aj.convict.bone.left_leg_2] run data modify entity @s {} merge value {transformation:[-0.796391622390658f,-0.12071512937302645f,0.5926113746178258f,-0.018102838728867927f,-0.03880672476913288f,0.9880578348382686f,0.14911657562928998f,0.5322583947225102f,-0.6035349384241713f,0.095757885080898f,-0.7915655409036989f,0.14571836242618144f,0f,0f,0f,1f],start_interpolation:0}
execute if entity @s[tag=aj.convict.bone.left_leg] run data modify entity @s {} merge value {transformation:[-0.796391622390658f,0.2165997519906244f,0.564663555777753f,0.04958458376820219f,-0.03880672476913288f,0.9134398035546337f,-0.4051194433679591f,0.8177083333333333f,-0.6035349384241713f,-0.34454647396203647f,-0.7190502801485161f,0.03804758931304505f,0f,0f,0f,1f],start_interpolation:0}
execute if entity @s[tag=aj.convict.bone.right_leg_2] run data modify entity @s {} merge value {transformation:[-0.8259672718391116f,-0.15873223656344848f,0.540908627150853f,-0.10657029639539446f,0.008774702005361078f,0.9558010101733471f,0.2938833672672313f,0.515298860884307f,-0.5636497764173887f,0.24748435511598446f,-0.7880675247194576f,-0.18066582488200317f,0f,0f,0f,1f],start_interpolation:0}
execute if entity @s[tag=aj.convict.bone.right_leg] run data modify entity @s {} merge value {transformation:[-0.8259672718391116f,-0.13498705570947878f,0.547317604907371f,-0.14875375130460658f,0.008774702005361078f,0.9677103118368842f,0.2519122009138847f,0.8177083333333333f,-0.5636497764173887f,0.21287378221717768f,-0.7981125750100554f,-0.11414276793913514f,0f,0f,0f,1f],start_interpolation:0}
execute if entity @s[tag=aj.convict.bone.head] run data modify entity @s {} merge value {transformation:[-0.9914448613738103f,0.000640716374686929f,0.13052461966231943f,-0.04958458376820219f,0f,0.9999879521672569f,-0.00490871880799799f,1.7187502083333333f,-0.1305261922200518f,-0.004866724038118583f,-0.9914329166119464f,-0.03804758931304505f,0f,0f,0f,1f],start_interpolation:0}
execute if entity @s[tag=aj.convict.bone.left_axe] run data modify entity @s {} merge value {transformation:[-0.9979669620460713f,-0.06372391267213978f,-0.0010980065067797348f,0.3308305991906811f,-0.04588098193349263f,0.7063614152779102f,0.7063628575338643f,0.5895180366114684f,-0.044236615618217734f,0.7049771726519528f,-0.7078490713975012f,0.17992204470003276f,0f,0f,0f,1f],start_interpolation:0}
execute if entity @s[tag=aj.convict.bone.left_arm_2] run data modify entity @s {} merge value {transformation:[-0.9979669620460713f,-0.045836018620940305f,0.044283202927478504f,0.34371001526999434f,-0.04588098193349263f,0.9989469132520399f,0.0000010198289652901815f,1.0949455803710988f,-0.044236615618217734f,-0.0020307390778585427f,-0.999019017805689f,0.13926864668591932f,0f,0f,0f,1f],start_interpolation:0}
execute if entity @s[tag=aj.convict.bone.left_arm] run data modify entity @s {} merge value {transformation:[-0.9979669620460713f,-0.045836018620940305f,0.044283202927478504f,0.24792291884101098f,-0.04588098193349263f,0.9989469132520399f,0.0000010198289652901815f,1.5208333333333333f,-0.044236615618217734f,-0.0020307390778585427f,-0.999019017805689f,0.19023794656522522f,0f,0f,0f,1f],start_interpolation:0}
execute if entity @s[tag=aj.convict.bone.right_axe] run data modify entity @s {} merge value {transformation:[-0.6750878875617329f,-0.42568676779804226f,0.6025339158828262f,-0.3445818418114534f,0.043035022224745235f,0.7926183709628957f,0.6081974226139413f,0.5892871465768145f,-0.7364810458725688f,0.4365167737141163f,-0.5167676221829945f,-0.3767729959898579f,0f,0f,0f,1f],start_interpolation:0}
execute if entity @s[tag=aj.convict.bone.right_arm_2] run data modify entity @s {} merge value {transformation:[-0.6750878875617329f,0.029079388508693377f,0.737163979879238f,-0.36874563547826f,0.043035022224745235f,0.9990735642894943f,-3.5378646375330836e-8f,1.0946810721781972f,-0.7364810458725688f,0.03172384437368901f,-0.6757138941657195f,-0.3715889545757501f,0f,0f,0f,1f],start_interpolation:0}
execute if entity @s[tag=aj.convict.bone.right_arm] run data modify entity @s {} merge value {transformation:[-0.6750878875617329f,0.029079388508693377f,0.737163979879238f,-0.34709208637741534f,0.043035022224745235f,0.9990735642894943f,-3.5378646375330836e-8f,1.5208333333333333f,-0.7364810458725688f,0.03172384437368901f,-0.6757138941657195f,-0.2663331251913153f,0f,0f,0f,1f],start_interpolation:0}
execute if entity @s[tag=aj.convict.bone.body] run data modify entity @s {} merge value {transformation:[-0.793353340291235f,0f,0.6087614290087208f,-0.04958458376820219f,0f,1f,0f,0.8958333333333333f,-0.6087614290087208f,0f,-0.793353340291235f,-0.03804758931304505f,0f,0f,0f,1f],start_interpolation:0}