execute if entity @s[tag=aj.convict.bone.left_leg_2] run data modify entity @s {} merge value {transformation:[-0.796391622390658f,-0.12071512937302645f,0.5926113746178258f,-0.018102838728867927f,-0.03880672476913288f,0.9880578348382686f,0.14911657562928998f,0.5262951269279669f,-0.6035349384241713f,0.095757885080898f,-0.7915655409036989f,0.14571836242618144f,0f,0f,0f,1f],start_interpolation:0}
execute if entity @s[tag=aj.convict.bone.left_leg] run data modify entity @s {} merge value {transformation:[-0.796391622390658f,0.2165997519906244f,0.564663555777753f,0.04958458376820219f,-0.03880672476913288f,0.9134398035546337f,-0.4051194433679591f,0.8117450655387899f,-0.6035349384241713f,-0.34454647396203647f,-0.7190502801485161f,0.03804758931304505f,0f,0f,0f,1f],start_interpolation:0}
execute if entity @s[tag=aj.convict.bone.right_leg_2] run data modify entity @s {} merge value {transformation:[-0.8259672718391116f,-0.15873223656344848f,0.540908627150853f,-0.10657029639539446f,0.008774702005361078f,0.9558010101733471f,0.2938833672672313f,0.5093355930897636f,-0.5636497764173887f,0.24748435511598446f,-0.7880675247194576f,-0.18066582488200317f,0f,0f,0f,1f],start_interpolation:0}
execute if entity @s[tag=aj.convict.bone.right_leg] run data modify entity @s {} merge value {transformation:[-0.8259672718391116f,-0.13498705570947878f,0.547317604907371f,-0.14875375130460658f,0.008774702005361078f,0.9677103118368842f,0.2519122009138847f,0.8117450655387899f,-0.5636497764173887f,0.21287378221717768f,-0.7981125750100554f,-0.11414276793913514f,0f,0f,0f,1f],start_interpolation:0}
execute if entity @s[tag=aj.convict.bone.head] run data modify entity @s {} merge value {transformation:[-0.9914448613738105f,0.00049833574872434f,0.1305252409189404f,-0.04958458376820219f,0f,0.9999927117991022f,-0.0038178984635068858f,1.7127869405387899f,-0.13052619222005174f,-0.003785235812890868f,-0.9914376355244816f,-0.03804758931304505f,0f,0f,0f,1f],start_interpolation:0}
execute if entity @s[tag=aj.convict.bone.left_axe] run data modify entity @s {} merge value {transformation:[-0.9984701371921252f,-0.054735045138813644f,0.007839640884044378f,0.31900920636792984f,-0.03319275902753909f,0.7067202200744186f,0.7067140661442257f,0.5825838581253918f,-0.044222459041515005f,0.7053726712679032f,-0.7074558422578078f,0.17940049332318994f,0f,0f,0f,1f],start_interpolation:0}
execute if entity @s[tag=aj.convict.bone.left_arm_2] run data modify entity @s {} merge value {transformation:[-0.9984701371921252f,-0.03316005835503182f,0.044246984817381985f,0.33829795765402815f,-0.03319275902753909f,0.9994489685467709f,-0.000004351485770440894f,1.087829910822478f,-0.044222459041515005f,-0.0014730243333327415f,-0.9990206225677402f,0.1390278487805376f,0f,0f,0f,1f],start_interpolation:0}
execute if entity @s[tag=aj.convict.bone.left_arm] run data modify entity @s {} merge value {transformation:[-0.9984701371921252f,-0.03316005835503182f,0.044246984817381985f,0.24792291884101098f,-0.03319275902753909f,0.9994489685467709f,-0.000004351485770440894f,1.51487006553879f,-0.044222459041515005f,-0.0014730243333327415f,-0.9990206225677402f,0.19023794656522522f,0f,0f,0f,1f],start_interpolation:0}
execute if entity @s[tag=aj.convict.bone.right_axe] run data modify entity @s {} merge value {transformation:[-0.6753781277039157f,-0.43212592448286824f,0.5976048610988534f,-0.33701773693624604f,0.031033292928834864f,0.792971995734632f,0.6084672125189884f,0.582433596751891f,-0.7368183760935569f,0.4294910934704714f,-0.5221456514042727f,-0.3685207154845897f,0f,0f,0f,1f],start_interpolation:0}
execute if entity @s[tag=aj.convict.bone.right_arm_2] run data modify entity @s {} merge value {transformation:[-0.6753781277039157f,0.02097024361017438f,0.7371734080269603f,-0.3652818219846846f,0.031033292928834864f,0.9995183513714897f,-0.0000012697776753255348f,1.0876409019909228f,-0.7368183760935569f,0.022876060730579198f,-0.6757036084677248f,-0.3678111564514386f,0f,0f,0f,1f],start_interpolation:0}
execute if entity @s[tag=aj.convict.bone.right_arm] run data modify entity @s {} merge value {transformation:[-0.6753781277039157f,0.02097024361017438f,0.7371734080269603f,-0.34709208637741534f,0.031033292928834864f,0.9995183513714897f,-0.0000012697776753255348f,1.51487006553879f,-0.7368183760935569f,0.022876060730579198f,-0.6757036084677248f,-0.2663331251913153f,0f,0f,0f,1f],start_interpolation:0}
execute if entity @s[tag=aj.convict.bone.body] run data modify entity @s {} merge value {transformation:[-0.793353340291235f,0f,0.6087614290087208f,-0.04958458376820219f,0f,1f,0f,0.8898700655387899f,-0.6087614290087208f,0f,-0.793353340291235f,-0.03804758931304505f,0f,0f,0f,1f],start_interpolation:0}