execute if entity @s[tag=aj.convict.bone.left_leg_2] run data modify entity @s {} merge value {transformation:[-0.796391622390658f,-0.12071512937302645f,0.5926113746178258f,-0.018102838728867927f,-0.03880672476913288f,0.9880578348382686f,0.14911657562928998f,0.5543301063518352f,-0.6035349384241713f,0.095757885080898f,-0.7915655409036989f,0.14571836242618144f,0f,0f,0f,1f],start_interpolation:0}
execute if entity @s[tag=aj.convict.bone.left_leg] run data modify entity @s {} merge value {transformation:[-0.796391622390658f,0.2165997519906244f,0.564663555777753f,0.04958458376820219f,-0.03880672476913288f,0.9134398035546337f,-0.4051194433679591f,0.8397800449626582f,-0.6035349384241713f,-0.34454647396203647f,-0.7190502801485161f,0.03804758931304505f,0f,0f,0f,1f],start_interpolation:0}
execute if entity @s[tag=aj.convict.bone.right_leg_2] run data modify entity @s {} merge value {transformation:[-0.8259672718391116f,-0.15873223656344848f,0.540908627150853f,-0.10657029639539446f,0.008774702005361078f,0.9558010101733471f,0.2938833672672313f,0.537370572513632f,-0.5636497764173887f,0.24748435511598446f,-0.7880675247194576f,-0.18066582488200317f,0f,0f,0f,1f],start_interpolation:0}
execute if entity @s[tag=aj.convict.bone.right_leg] run data modify entity @s {} merge value {transformation:[-0.8259672718391116f,-0.13498705570947878f,0.547317604907371f,-0.14875375130460658f,0.008774702005361078f,0.9677103118368842f,0.2519122009138847f,0.8397800449626582f,-0.5636497764173887f,0.21287378221717768f,-0.7981125750100554f,-0.11414276793913514f,0f,0f,0f,1f],start_interpolation:0}
execute if entity @s[tag=aj.convict.bone.head] run data modify entity @s {} merge value {transformation:[-0.9914448613738103f,0.0011390414498758617f,0.1305212221826067f,-0.04958458376820219f,0f,0.9999619230641713f,-0.008726535498373936f,1.7408219199626582f,-0.13052619222005174f,-0.008651878777458981f,-0.9914071101914461f,-0.03804758931304505f,0f,0f,0f,1f],start_interpolation:0}
execute if entity @s[tag=aj.convict.bone.left_axe] run data modify entity @s {} merge value {transformation:[-0.995657266279202f,-0.08904530084857641f,-0.027157733745891085f,0.3646701068949548f,-0.08224658552066923f,0.7047085402839204f,0.7047136811649802f,0.6152092229712104f,-0.04361315484595707f,0.7038869281693564f,-0.7089718506941511f,0.18135880575658025f,0f,0f,0f,1f],start_interpolation:0}
execute if entity @s[tag=aj.convict.bone.left_arm_2] run data modify entity @s {} merge value {transformation:[-0.995657266279202f,-0.08216795375620294f,0.043761118369446295f,0.35912355322703454f,-0.08224658552066923f,0.9966120103415255f,0.000003635151858662894f,1.1207044959658432f,-0.04361315484595707f,-0.003595583199090688f,-0.999042023393331f,0.13989382243303722f,0f,0f,0f,1f],start_interpolation:0}
execute if entity @s[tag=aj.convict.bone.left_arm] run data modify entity @s {} merge value {transformation:[-0.995657266279202f,-0.08216795375620294f,0.043761118369446295f,0.24792291884101098f,-0.08224658552066923f,0.9966120103415255f,0.000003635151858662894f,1.5429050449626582f,-0.04361315484595707f,-0.003595583199090688f,-0.999042023393331f,0.19023794656522522f,0f,0f,0f,1f],start_interpolation:0}
execute if entity @s[tag=aj.convict.bone.right_axe] run data modify entity @s {} merge value {transformation:[-0.6734913660766836f,-0.4061901658158774f,0.6175912313291312f,-0.3675237711409703f,0.07950267538074399f,0.7908412827863599f,0.6068355543704806f,0.614892771591403f,-0.7349072760746531f,0.4577986616792306f,-0.5003315709979121f,-0.40182235421129264f,0f,0f,0f,1f],start_interpolation:0}
execute if entity @s[tag=aj.convict.bone.right_arm_2] run data modify entity @s {} merge value {transformation:[-0.6734913660766836f,0.053713395683700246f,0.7372409721009059f,-0.3792094487706885f,0.07950267538074399f,0.996834652590637f,0.0000013446391901109078f,1.1204062006923796f,-0.7349072760746531f,0.05861353528520749f,-0.6756298905864832f,-0.38302338664822144f,0f,0f,0f,1f],start_interpolation:0}
execute if entity @s[tag=aj.convict.bone.right_arm] run data modify entity @s {} merge value {transformation:[-0.6734913660766836f,0.053713395683700246f,0.7372409721009059f,-0.34709208637741534f,0.07950267538074399f,0.996834652590637f,0.0000013446391901109078f,1.5429050449626582f,-0.7349072760746531f,0.05861353528520749f,-0.6756298905864832f,-0.2663331251913153f,0f,0f,0f,1f],start_interpolation:0}
execute if entity @s[tag=aj.convict.bone.body] run data modify entity @s {} merge value {transformation:[-0.793353340291235f,0f,0.6087614290087208f,-0.04958458376820219f,0f,1f,0f,0.9179050449626582f,-0.6087614290087208f,0f,-0.793353340291235f,-0.03804758931304505f,0f,0f,0f,1f],start_interpolation:0}