execute if entity @s[tag=aj.convict.bone.left_leg_2] run data modify entity @s {} merge value {transformation:[-0.796391622390658f,-0.12071512937302645f,0.5926113746178258f,-0.018102838728867927f,-0.03880672476913288f,0.9880578348382686f,0.14911657562928998f,0.573925061389177f,-0.6035349384241713f,0.095757885080898f,-0.7915655409036989f,0.14571836242618144f,0f,0f,0f,1f],start_interpolation:0}
execute if entity @s[tag=aj.convict.bone.left_leg] run data modify entity @s {} merge value {transformation:[-0.796391622390658f,0.2165997519906244f,0.564663555777753f,0.04958458376820219f,-0.03880672476913288f,0.9134398035546337f,-0.4051194433679591f,0.859375f,-0.6035349384241713f,-0.34454647396203647f,-0.7190502801485161f,0.03804758931304505f,0f,0f,0f,1f],start_interpolation:0}
execute if entity @s[tag=aj.convict.bone.right_leg_2] run data modify entity @s {} merge value {transformation:[-0.8259672718391116f,-0.15873223656344848f,0.540908627150853f,-0.10657029639539446f,0.008774702005361078f,0.9558010101733471f,0.2938833672672313f,0.5569655275509737f,-0.5636497764173887f,0.24748435511598446f,-0.7880675247194576f,-0.18066582488200317f,0f,0f,0f,1f],start_interpolation:0}
execute if entity @s[tag=aj.convict.bone.right_leg] run data modify entity @s {} merge value {transformation:[-0.8259672718391116f,-0.13498705570947878f,0.547317604907371f,-0.14875375130460658f,0.008774702005361078f,0.9677103118368842f,0.2519122009138847f,0.859375f,-0.5636497764173887f,0.21287378221717768f,-0.7981125750100554f,-0.11414276793913514f,0f,0f,0f,1f],start_interpolation:0}
execute if entity @s[tag=aj.convict.bone.head] run data modify entity @s {} merge value {transformation:[-0.9914448613738104f,0.0019220873704830447f,0.13051203942780953f,-0.04958458376820219f,0f,0.999891571247108f,-0.014725683311458525f,1.760416875f,-0.13052619222005163f,-0.01459970304936363f,-0.9913373602439306f,-0.03804758931304505f,0f,0f,0f,1f],start_interpolation:0}
execute if entity @s[tag=aj.convict.bone.left_axe] run data modify entity @s {} merge value {transformation:[-0.9970535175052029f,-0.07557689066689886f,-0.013130758836633512f,0.34656965176060434f,-0.06278671671489565f,0.7057067722836637f,0.7057165009811919f,0.6327127936476172f,-0.04406939340024607f,0.7044615569000885f,-0.7083726444571653f,0.18060175498803077f,0f,0f,0f,1f],start_interpolation:0}
execute if entity @s[tag=aj.convict.bone.left_arm_2] run data modify entity @s {} merge value {transformation:[-0.9970535175052029f,-0.06272578050706722f,0.04415608327604975f,0.35089356738578525f,-0.06278671671489565f,0.9980269676500929f,0.0000068792279941110035f,1.1382554959821374f,-0.04406939340024607f,-0.002765556533423426f,-0.9990246444719942f,0.13957176608347294f,0f,0f,0f,1f],start_interpolation:0}
execute if entity @s[tag=aj.convict.bone.left_arm] run data modify entity @s {} merge value {transformation:[-0.9970535175052029f,-0.06272578050706722f,0.04415608327604975f,0.24792291884101098f,-0.06278671671489565f,0.9980269676500929f,0.0000068792279941110035f,1.5625f,-0.04406939340024607f,-0.002765556533423426f,-0.9990246444719942f,0.19023794656522522f,0f,0f,0f,1f],start_interpolation:0}
execute if entity @s[tag=aj.convict.bone.right_axe] run data modify entity @s {} merge value {transformation:[-0.6741200677791317f,-0.41242397811553366f,0.612754923678967f,-0.36018190419456697f,0.06782104833132913f,0.7915254763235184f,0.607361281062653f,0.6332197264023217f,-0.7355014885237815f,0.4509921092504669f,-0.505612181195347f,-0.3938023144965288f,0f,0f,0f,1f],start_interpolation:0}
execute if entity @s[tag=aj.convict.bone.right_arm_2] run data modify entity @s {} merge value {transformation:[-0.6741200677791317f,0.0458236223167796f,0.7371989757556829f,-0.3758677192069085f,0.06782104833132913f,0.997697501951142f,0.0000019210311060276902f,1.1387683236316757f,-0.7355014885237815f,0.04999890237015191f,-0.6756757137422371f,-0.37936783177763345f,0f,0f,0f,1f],start_interpolation:0}
execute if entity @s[tag=aj.convict.bone.right_arm] run data modify entity @s {} merge value {transformation:[-0.6741200677791317f,0.0458236223167796f,0.7371989757556829f,-0.34709208637741534f,0.06782104833132913f,0.997697501951142f,0.0000019210311060276902f,1.5625f,-0.7355014885237815f,0.04999890237015191f,-0.6756757137422371f,-0.2663331251913153f,0f,0f,0f,1f],start_interpolation:0}
execute if entity @s[tag=aj.convict.bone.body] run data modify entity @s {} merge value {transformation:[-0.793353340291235f,0f,0.6087614290087208f,-0.04958458376820219f,0f,1f,0f,0.9375f,-0.6087614290087208f,0f,-0.793353340291235f,-0.03804758931304505f,0f,0f,0f,1f],start_interpolation:0}