execute if entity @s[tag=aj.convict.bone.left_leg_2] run data modify entity @s {} merge value {transformation:[-0.796391622390658f,-0.12071512937302645f,0.5926113746178258f,-0.018102838728867927f,-0.03880672476913288f,0.9880578348382686f,0.14911657562928998f,0.5086125613891769f,-0.6035349384241713f,0.095757885080898f,-0.7915655409036989f,0.14571836242618144f,0f,0f,0f,1f],start_interpolation:0}
execute if entity @s[tag=aj.convict.bone.left_leg] run data modify entity @s {} merge value {transformation:[-0.796391622390658f,0.2165997519906244f,0.564663555777753f,0.04958458376820219f,-0.03880672476913288f,0.9134398035546337f,-0.4051194433679591f,0.7940624999999999f,-0.6035349384241713f,-0.34454647396203647f,-0.7190502801485161f,0.03804758931304505f,0f,0f,0f,1f],start_interpolation:0}
execute if entity @s[tag=aj.convict.bone.right_leg_2] run data modify entity @s {} merge value {transformation:[-0.8259672718391116f,-0.15873223656344848f,0.540908627150853f,-0.10657029639539446f,0.008774702005361078f,0.9558010101733471f,0.2938833672672313f,0.4916530275509736f,-0.5636497764173887f,0.24748435511598446f,-0.7880675247194576f,-0.18066582488200317f,0f,0f,0f,1f],start_interpolation:0}
execute if entity @s[tag=aj.convict.bone.right_leg] run data modify entity @s {} merge value {transformation:[-0.8259672718391116f,-0.13498705570947878f,0.547317604907371f,-0.14875375130460658f,0.008774702005361078f,0.9677103118368842f,0.2519122009138847f,0.7940624999999999f,-0.5636497764173887f,0.21287378221717768f,-0.7981125750100554f,-0.11414276793913514f,0f,0f,0f,1f],start_interpolation:0}
execute if entity @s[tag=aj.convict.bone.head] run data modify entity @s {} merge value {transformation:[-0.9914448613738104f,0f,0.1305261922200518f,-0.04958458376820219f,0f,1f,0f,1.6951043749999999f,-0.1305261922200518f,0f,-0.9914448613738104f,-0.03804758931304505f,0f,0f,0f,1f],start_interpolation:0}
execute if entity @s[tag=aj.convict.bone.left_axe] run data modify entity @s {} merge value {transformation:[-0.9990339483170165f,-0.025756398076647313f,0.035605871260654336f,0.2815385024741599f,0.006971531365971775f,0.7070841140083468f,0.7070950809243722f,0.5628208128499163f,-0.043388568316162335f,0.7066602179797221f,-0.7062214726729322f,0.17770121327575794f,0f,0f,0f,1f],start_interpolation:0}
execute if entity @s[tag=aj.convict.bone.left_arm_2] run data modify entity @s {} merge value {transformation:[-0.9990339483170165f,0.006964629279526426f,0.04338967675740135f,0.32104964430749117f,0.006971531365971775f,0.9999756985498581f,0.000007754780690194356f,1.0669576391436082f,-0.043388568316162335f,0.00031023978164485813f,-0.9990582244748059f,0.13819792018414956f,0f,0f,0f,1f],start_interpolation:0}
execute if entity @s[tag=aj.convict.bone.left_arm] run data modify entity @s {} merge value {transformation:[-0.9990339483170165f,0.006964629279526426f,0.04338967675740135f,0.24792291884101098f,0.006971531365971775f,0.9999756985498581f,0.000007754780690194356f,1.4971875f,-0.043388568316162335f,0.00031023978164485813f,-0.9990582244748059f,0.19023794656522522f,0f,0f,0f,1f],start_interpolation:0}
execute if entity @s[tag=aj.convict.bone.right_axe] run data modify entity @s {} merge value {transformation:[-0.6755617377910839f,-0.4509441017874208f,0.5833230284292119f,-0.31494820517291067f,-0.003926647754471983f,0.7933466166908865f,0.6087575274463027f,0.5629257164886727f,-0.7372929674628013f,0.4089627890753143f,-0.537725317687048f,-0.34445645859264423f,0f,0f,0f,1f],start_interpolation:0}
execute if entity @s[tag=aj.convict.bone.right_arm_2] run data modify entity @s {} merge value {transformation:[-0.6755617377910839f,-0.0026534490774193565f,0.7372986488802786f,-0.3551367427165557f,-0.003926647754471983f,0.9999922906884916f,9.977509797618606e-7f,1.0671748411424313f,-0.7372929674628013f,-0.0028944380416152026f,-0.6755669488350655f,-0.3567643820792559f,0f,0f,0f,1f],start_interpolation:0}
execute if entity @s[tag=aj.convict.bone.right_arm] run data modify entity @s {} merge value {transformation:[-0.6755617377910839f,-0.0026534490774193565f,0.7372986488802786f,-0.34709208637741534f,-0.003926647754471983f,0.9999922906884916f,9.977509797618606e-7f,1.4971875f,-0.7372929674628013f,-0.0028944380416152026f,-0.6755669488350655f,-0.2663331251913153f,0f,0f,0f,1f],start_interpolation:0}
execute if entity @s[tag=aj.convict.bone.body] run data modify entity @s {} merge value {transformation:[-0.793353340291235f,0f,0.6087614290087208f,-0.04958458376820219f,0f,1f,0f,0.8721874999999999f,-0.6087614290087208f,0f,-0.793353340291235f,-0.03804758931304505f,0f,0f,0f,1f],start_interpolation:0}