execute if entity @s[tag=aj.convict.bone.left_leg_2] run data modify entity @s {} merge value {transformation:[-0.796391622390658f,-0.12071512937302645f,0.5926113746178258f,-0.018102838728867927f,-0.03880672476913288f,0.9880578348382686f,0.14911657562928998f,0.5449851132105458f,-0.6035349384241713f,0.095757885080898f,-0.7915655409036989f,0.14571836242618144f,0f,0f,0f,1f],start_interpolation:0}
execute if entity @s[tag=aj.convict.bone.left_leg] run data modify entity @s {} merge value {transformation:[-0.796391622390658f,0.2165997519906244f,0.564663555777753f,0.04958458376820219f,-0.03880672476913288f,0.9134398035546337f,-0.4051194433679591f,0.8304350518213688f,-0.6035349384241713f,-0.34454647396203647f,-0.7190502801485161f,0.03804758931304505f,0f,0f,0f,1f],start_interpolation:0}
execute if entity @s[tag=aj.convict.bone.right_leg_2] run data modify entity @s {} merge value {transformation:[-0.8259672718391116f,-0.15873223656344848f,0.540908627150853f,-0.10657029639539446f,0.008774702005361078f,0.9558010101733471f,0.2938833672672313f,0.5280255793723425f,-0.5636497764173887f,0.24748435511598446f,-0.7880675247194576f,-0.18066582488200317f,0f,0f,0f,1f],start_interpolation:0}
execute if entity @s[tag=aj.convict.bone.right_leg] run data modify entity @s {} merge value {transformation:[-0.8259672718391116f,-0.13498705570947878f,0.547317604907371f,-0.14875375130460658f,0.008774702005361078f,0.9677103118368842f,0.2519122009138847f,0.8304350518213688f,-0.5636497764173887f,0.21287378221717768f,-0.7981125750100554f,-0.11414276793913514f,0f,0f,0f,1f],start_interpolation:0}
execute if entity @s[tag=aj.convict.bone.head] run data modify entity @s {} merge value {transformation:[-0.9914448613738103f,0.0009254751700049552f,0.13052291121169352f,-0.04958458376820219f,2.168404344971009e-19f,0.999974863218619f,-0.00709034067618178f,1.7314769268213688f,-0.1305261922200518f,-0.007029681828790134f,-0.9914199396410786f,-0.03804758931304505f,0f,0f,0f,1f],start_interpolation:0}
execute if entity @s[tag=aj.convict.bone.left_axe] run data modify entity @s {} merge value {transformation:[-0.9966090807170106f,-0.08029005921922942f,-0.01799573902254853f,0.35287711383583537f,-0.06956574906784162f,0.7053884595769515f,0.7053989847258683f,0.6044609618346573f,-0.043942539628759936f,0.7042589207714931f,-0.7085819823596607f,0.1808687876251997f,0f,0f,0f,1f],start_interpolation:0}
execute if entity @s[tag=aj.convict.bone.left_arm_2] run data modify entity @s {} merge value {transformation:[-0.9966090807170106f,-0.06949855443109404f,0.04404873624047917f,0.3537652864728045f,-0.06956574906784162f,0.9975773686793625f,0.000007442404172004757f,1.1100090589884184f,-0.043942539628759936f,-0.0030568661644805317f,-0.9990293833417649f,0.1396873265885964f,0f,0f,0f,1f],start_interpolation:0}
execute if entity @s[tag=aj.convict.bone.left_arm] run data modify entity @s {} merge value {transformation:[-0.9966090807170106f,-0.06949855443109404f,0.04404873624047917f,0.24792291884101098f,-0.06956574906784162f,0.9975773686793625f,0.000007442404172004757f,1.5335600518213688f,-0.043942539628759936f,-0.0030568661644805317f,-0.9990293833417649f,0.19023794656522522f,0f,0f,0f,1f],start_interpolation:0}
execute if entity @s[tag=aj.convict.bone.right_axe] run data modify entity @s {} merge value {transformation:[-0.6742031280191316f,-0.41334099356147425f,0.6120452313439194f,-0.3591024039015575f,0.06610437200993552f,0.7916168969563454f,0.607431395677223f,0.6041042551379554f,-0.7355816434430583f,0.4499910126822761f,-0.5063869413154226f,-0.3926234206813535f,0f,0f,0f,1f],start_interpolation:0}
execute if entity @s[tag=aj.convict.bone.right_arm_2] run data modify entity @s {} merge value {transformation:[-0.6742031280191316f,0.04466407172960389f,0.7371941826043877f,-0.3753758239126787f,0.06610437200993552f,0.997812713888527f,0.000001893339697884612f,1.1096521779109334f,-0.7355816434430583f,0.04873303498598751f,-0.6756809432939959f,-0.37883005903163797f,0f,0f,0f,1f],start_interpolation:0}
execute if entity @s[tag=aj.convict.bone.right_arm] run data modify entity @s {} merge value {transformation:[-0.6742031280191316f,0.04466407172960389f,0.7371941826043877f,-0.34709208637741534f,0.06610437200993552f,0.997812713888527f,0.000001893339697884612f,1.5335600518213688f,-0.7355816434430583f,0.04873303498598751f,-0.6756809432939959f,-0.2663331251913153f,0f,0f,0f,1f],start_interpolation:0}
execute if entity @s[tag=aj.convict.bone.body] run data modify entity @s {} merge value {transformation:[-0.793353340291235f,0f,0.6087614290087208f,-0.04958458376820219f,0f,1f,0f,0.9085600518213688f,-0.6087614290087208f,0f,-0.793353340291235f,-0.03804758931304505f,0f,0f,0f,1f],start_interpolation:0}