execute if entity @s[tag=aj.convict.bone.left_leg_2] run data modify entity @s {} merge value {transformation:[-0.796391622390658f,-0.12071512937302645f,0.5926113746178258f,-0.018102838728867927f,-0.03880672476913288f,0.9880578348382686f,0.14911657562928998f,0.5572545843277533f,-0.6035349384241713f,0.095757885080898f,-0.7915655409036989f,0.14571836242618144f,0f,0f,0f,1f],start_interpolation:0}
execute if entity @s[tag=aj.convict.bone.left_leg] run data modify entity @s {} merge value {transformation:[-0.796391622390658f,0.2165997519906244f,0.564663555777753f,0.04958458376820219f,-0.03880672476913288f,0.9134398035546337f,-0.4051194433679591f,0.8427045229385763f,-0.6035349384241713f,-0.34454647396203647f,-0.7190502801485161f,0.03804758931304505f,0f,0f,0f,1f],start_interpolation:0}
execute if entity @s[tag=aj.convict.bone.right_leg_2] run data modify entity @s {} merge value {transformation:[-0.8259672718391116f,-0.15873223656344848f,0.540908627150853f,-0.10657029639539446f,0.008774702005361078f,0.9558010101733471f,0.2938833672672313f,0.5402950504895501f,-0.5636497764173887f,0.24748435511598446f,-0.7880675247194576f,-0.18066582488200317f,0f,0f,0f,1f],start_interpolation:0}
execute if entity @s[tag=aj.convict.bone.right_leg] run data modify entity @s {} merge value {transformation:[-0.8259672718391116f,-0.13498705570947878f,0.547317604907371f,-0.14875375130460658f,0.008774702005361078f,0.9677103118368842f,0.2519122009138847f,0.8427045229385763f,-0.5636497764173887f,0.21287378221717768f,-0.7981125750100554f,-0.11414276793913514f,0f,0f,0f,1f],start_interpolation:0}
execute if entity @s[tag=aj.convict.bone.head] run data modify entity @s {} merge value {transformation:[-0.9914448613738104f,0.001210229560389442f,0.1305205815183072f,-0.04958458376820219f,-4.336808689942018e-19f,0.9999570147443269f,-0.009271928796858925f,1.7437463979385763f,-0.1305261922200518f,-0.009192606160669636f,-0.9914022438629584f,-0.03804758931304505f,0f,0f,0f,1f],start_interpolation:0}
execute if entity @s[tag=aj.convict.bone.left_axe] run data modify entity @s {} merge value {transformation:[-0.9954383697715337f,-0.0908658266996948f,-0.029083561074471985f,0.3671349425262742f,-0.08489799966839719f,0.7045525856673693f,0.7045551672379736f,0.6184462595554177f,-0.04352908957118612f,0.703810383247935f,-0.7090530042200643f,0.18145959785617416f,0f,0f,0f,1f],start_interpolation:0}
execute if entity @s[tag=aj.convict.bone.left_arm_2] run data modify entity @s {} merge value {transformation:[-0.9954383697715337f,-0.08481702549428809f,0.043686658980663595f,0.3602416676495758f,-0.08489799966839719f,0.9963896475019061f,0.0000018254460802911987f,1.1239200970020355f,-0.04352908957118612f,-0.003707092840583494f,-0.9990452821688189f,0.1399353574899072f,0f,0f,0f,1f],start_interpolation:0}
execute if entity @s[tag=aj.convict.bone.left_arm] run data modify entity @s {} merge value {transformation:[-0.9954383697715337f,-0.08481702549428809f,0.043686658980663595f,0.24792291884101098f,-0.08489799966839719f,0.9963896475019061f,0.0000018254460802911987f,1.5458295229385763f,-0.04352908957118612f,-0.003707092840583494f,-0.9990452821688189f,0.19023794656522522f,0f,0f,0f,1f],start_interpolation:0}
execute if entity @s[tag=aj.convict.bone.right_axe] run data modify entity @s {} merge value {transformation:[-0.673299676393024f,-0.4044833542550482f,0.6189190269329536f,-0.369535032209188f,0.0827047098376509f,0.7906348368687413f,0.6066765906973903f,0.6181872550216672f,-0.7347295262473934f,0.4596626707272672f,-0.49888150136095133f,-0.4040200940981656f,0f,0f,0f,1f],start_interpolation:0}
execute if entity @s[tag=aj.convict.bone.right_arm_2] run data modify entity @s {} merge value {transformation:[-0.673299676393024f,0.05587581108594622f,0.7372553421336034f,-0.3801237565530232f,0.0827047098376509f,0.9965740970795137f,9.065899814536191e-7f,1.123678924185775f,-0.7347295262473934f,0.06097509955415884f,-0.6756142098081133f,-0.3840242303512393f,0f,0f,0f,1f],start_interpolation:0}
execute if entity @s[tag=aj.convict.bone.right_arm] run data modify entity @s {} merge value {transformation:[-0.673299676393024f,0.05587581108594622f,0.7372553421336034f,-0.34709208637741534f,0.0827047098376509f,0.9965740970795137f,9.065899814536191e-7f,1.5458295229385763f,-0.7347295262473934f,0.06097509955415884f,-0.6756142098081133f,-0.2663331251913153f,0f,0f,0f,1f],start_interpolation:0}
execute if entity @s[tag=aj.convict.bone.body] run data modify entity @s {} merge value {transformation:[-0.793353340291235f,0f,0.6087614290087208f,-0.04958458376820219f,0f,1f,0f,0.9208295229385763f,-0.6087614290087208f,0f,-0.793353340291235f,-0.03804758931304505f,0f,0f,0f,1f],start_interpolation:0}