execute if entity @s[tag=aj.tutankhamen.bone.head] run data modify entity @s {} merge value {transformation:[-0.27821260036872186f,0.3520331093291538f,-0.8936836347008499f,0f,0.05595528459233888f,0.9347768705662751f,0.35080081011952f,1.625f,0.9588882912635154f,0.04759088347960405f,-0.2797648167432183f,0f,0f,0f,0f,1f],start_interpolation:0}
execute if entity @s[tag=aj.tutankhamen.bone.back_cape] run data modify entity @s {} merge value {transformation:[-0.4177613612461306f,0.7264469006147933f,-0.54566504894206f,-0.14196199881538948f,0f,0.6005844141999654f,0.7995613556320018f,1.625f,0.9085567924184927f,0.33402584032862664f,-0.2509009624193875f,-0.0652752126947079f,0f,0f,0f,1f],start_interpolation:0}
execute if entity @s[tag=aj.tutankhamen.bone.left_hand] run data modify entity @s {} merge value {transformation:[-0.42370658283355844f,-0.3317585548760388f,-0.8428576350310124f,0.06121678162700327f,-0.2629896997394854f,0.9354862028924495f,-0.236012673449546f,1.2156027382231875f,0.8667809120501238f,0.1216627529872191f,-0.4836207450483558f,-0.40112693987169284f,0f,0f,0f,1f],start_interpolation:0}
execute if entity @s[tag=aj.tutankhamen.bone.cape_left_back] run data modify entity @s {} merge value {transformation:[-0.40323950858363694f,0.2570435232633751f,-0.8782519717402164f,0.0007555405844746621f,-0.2518775595608933f,0.8914911387308992f,0.3765650601873906f,1.3652512311703744f,0.8797474601877948f,0.3730578731411995f,-0.2947409533480021f,-0.34943590231503974f,0f,0f,0f,1f],start_interpolation:0}
execute if entity @s[tag=aj.tutankhamen.bone.cape_left_side] run data modify entity @s {} merge value {transformation:[-0.40323950858363694f,0.2570435232633751f,-0.8782519717402164f,0.173543210268195f,-0.2518775595608933f,0.8914911387308992f,0.3765650601873906f,1.35753646732834f,0.8797474601877948f,0.3730578731411995f,-0.2947409533480021f,-0.45005382380088244f,0f,0f,0f,1f],start_interpolation:0}
execute if entity @s[tag=aj.tutankhamen.bone.left_arm] run data modify entity @s {} merge value {transformation:[-0.40352648805331465f,0.03799558745560001f,-0.9141787072412385f,0.0814361884320363f,-0.2588190451025207f,0.9535900968245237f,0.15387861817164533f,1.5f,0.8775984704473782f,0.2987009584385352f,-0.3749648811506526f,-0.2654282143706173f,0f,0f,0f,1f],start_interpolation:0}
execute if entity @s[tag=aj.tutankhamen.bone.cape_right_back] run data modify entity @s {} merge value {transformation:[-0.9119001116894526f,-0.043873174184731786f,-0.40806045004106944f,-0.17384202190070724f,0.3581119342119535f,0.40063637336760916f,-0.8433542191213743f,1.3470032800254235f,0.2004844853741491f,-0.91518612365016f,-0.3496288463534678f,0.38125769201075116f,0f,0f,0f,1f],start_interpolation:0}
execute if entity @s[tag=aj.tutankhamen.bone.cape_right] run data modify entity @s {} merge value {transformation:[-0.9119001116894526f,-0.043873174184731786f,-0.40806045004106944f,-0.21431130184191688f,0.3581119342119535f,0.40063637336760916f,-0.8433542191213743f,1.6137968245263847f,0.2004844853741491f,-0.91518612365016f,-0.3496288463534678f,0.4999906044388289f,0f,0f,0f,1f],start_interpolation:0}
execute if entity @s[tag=aj.tutankhamen.bone.weapon] run data modify entity @s {} merge value {transformation:[-1.2011702051504085f,-0.9408951651413159f,0.5886374946295321f,0.0528066592180029f,0.12395815249520035f,-0.9756880361204685f,-1.3066196486401351f,1.3522781520838256f,1.102910779845774f,-0.915061100690107f,0.7879331617052983f,0.7901355491322448f,0f,0f,0f,1f],start_interpolation:0}
execute if entity @s[tag=aj.tutankhamen.bone.right_hand] run data modify entity @s {} merge value {transformation:[-0.7344735012384663f,-0.6498255694006951f,-0.1956410113743302f,-0.16673183563479024f,0.07579606776776582f,0.20793171363104473f,-0.9752022141983687f,1.3611465012746793f,0.674391304873849f,-0.7310890040340638f,-0.1034661108335855f,0.5176047622743208f,0f,0f,0f,1f],start_interpolation:0}
execute if entity @s[tag=aj.tutankhamen.bone.right_arm] run data modify entity @s {} merge value {transformation:[-0.9091184638639344f,-0.08360794085468276f,-0.40806045004106944f,-0.1484808655365779f,0.34029557783912623f,0.41587567949245596f,-0.8433542191213743f,1.5f,0.24021352660667422f,-0.9055700588208115f,-0.3496288463534678f,0.23460055912086222f,0f,0f,0f,1f],start_interpolation:0}
execute if entity @s[tag=aj.tutankhamen.bone.body] run data modify entity @s {} merge value {transformation:[-0.4177613612461306f,0f,-0.9085567924184927f,0f,0f,1f,0f,0.1875f,0.9085567924184927f,0f,-0.4177613612461306f,0f,0f,0f,0f,1f],start_interpolation:0}
execute if entity @s[tag=aj.tutankhamen.bone.left_foot] run data modify entity @s {} merge value {transformation:[-0.9610536795320987f,-0.05636345334522473f,-0.2705531115785111f,0.15610519884974638f,-0.07055581437852161f,0.9965800423088198f,0.04301274612408115f,0.4414456498168742f,0.2672034844742807f,0.06042665304939307f,-0.961743685961104f,-0.019918600695267262f,0f,0f,0f,1f],start_interpolation:0}
execute if entity @s[tag=aj.tutankhamen.bone.left_leg] run data modify entity @s {} merge value {transformation:[-0.9610536795320987f,-0.08249581029345708f,-0.2637617605754093f,0.08998035436098081f,-0.07055581437852161f,0.996021072874182f,-0.05444170687944261f,0.875f,0.2672034844742807f,-0.03371147689718566f,-0.9630502760553121f,-0.026317262947964715f,0f,0f,0f,1f],start_interpolation:0}
execute if entity @s[tag=aj.tutankhamen.bone.right_foot] run data modify entity @s {} merge value {transformation:[-0.9452090729971174f,0.288609034747887f,-0.15259303190454826f,-0.15575770120884141f,0.17364817766693036f,0.8402648743241035f,0.5136158597337632f,0.466263643312339f,0.27645274228497674f,0.45897686874067123f,-0.8443424158741076f,0.17119909018434865f,0f,0f,0f,1f],start_interpolation:0}
execute if entity @s[tag=aj.tutankhamen.bone.right_leg] run data modify entity @s {} merge value {transformation:[-0.9452090729971174f,0.0828332875810301f,-0.31578229018177684f,-0.08998035436098081f,0.17364817766693036f,0.9466579708337202f,-0.27144980502836547f,0.875f,0.27645274228497674f,-0.31141183780566495f,-0.9091735524956795f,0.026317262947964715f,0f,0f,0f,1f],start_interpolation:0}