execute if entity @s[tag=aj.tutankhamen.bone.head] run data modify entity @s {} merge value {transformation:[-0.9873947763374249f,0.07121093621486903f,-0.14135260246974035f,0f,0.012451078444331298f,0.9252513238561886f,0.37915031102182084f,1.625f,0.1577863311796674f,0.37261104420799473f,-0.9144749769277932f,0f,0f,0f,0f,1f],start_interpolation:0}
execute if entity @s[tag=aj.tutankhamen.bone.back_cape] run data modify entity @s {} merge value {transformation:[-0.9438105654578887f,-0.2939249834335589f,0.15109507153988386f,0.05163858414321533f,0f,0.45718923785033194f,0.8893694399932082f,1.625f,-0.3304869385165781f,0.8393962740609556f,-0.4315000330967829f,-0.1474704008527951f,0f,0f,0f,1f],start_interpolation:0}
execute if entity @s[tag=aj.tutankhamen.bone.left_hand] run data modify entity @s {} merge value {transformation:[-0.9095260767549168f,-0.16321577959067302f,0.38226028435533044f,0.4086000942671688f,-0.2596334773342566f,0.9412742929625191f,-0.2158544946375501f,1.2190451322038405f,-0.32458091926379656f,-0.29557285853156234f,-0.8984897952394061f,0.01046074370746252f,0f,0f,0f,1f],start_interpolation:0}
execute if entity @s[tag=aj.tutankhamen.bone.cape_left_back] run data modify entity @s {} merge value {transformation:[-0.9071032739994151f,-0.38698114161637015f,0.1655573807863394f,0.3461173804253818f,-0.2725497669796996f,0.8397665502087747f,0.4695836088171788f,1.3735479142875802f,-0.3207495515489514f,0.3808382034194373f,-0.8672266070626533f,-0.03592016841293477f,0f,0f,0f,1f],start_interpolation:0}
execute if entity @s[tag=aj.tutankhamen.bone.cape_left_side] run data modify entity @s {} merge value {transformation:[-0.9071032739994151f,-0.38698114161637015f,0.1655573807863394f,0.467157594389498f,-0.2725497669796996f,0.8397665502087747f,0.4695836088171788f,1.357435864276011f,-0.3207495515489514f,0.3808382034194373f,-0.8672266070626533f,0.12260027489942055f,0f,0f,0f,1f],start_interpolation:0}
execute if entity @s[tag=aj.tutankhamen.bone.left_arm] run data modify entity @s {} merge value {transformation:[-0.9116510003002639f,-0.3060598223415117f,0.27426235396023757f,0.2719091605815304f,-0.25881904510252074f,0.9459703992973403f,0.1953271756449932f,1.5f,-0.31922586916437024f,0.10708589450302516f,-0.9416089717365375f,0.05611949894787006f,0f,0f,0f,1f],start_interpolation:0}
execute if entity @s[tag=aj.tutankhamen.bone.cape_right_back] run data modify entity @s {} merge value {transformation:[-0.12983355155521994f,0.9126446337005888f,0.38758614715708856f,-0.41294425101781357f,0.5792340488432577f,0.3870713282488684f,-0.7174006575884242f,1.3170468751883195f,-0.8047553451523045f,0.13136041803060378f,-0.5788896915852108f,-0.16198764617394978f,0f,0f,0f,1f],start_interpolation:0}
execute if entity @s[tag=aj.tutankhamen.bone.cape_right] run data modify entity @s {} merge value {transformation:[-0.12983355155521994f,0.9126446337005888f,0.38758614715708856f,-0.5301272802375888f,0.5792340488432577f,0.3870713282488684f,-0.7174006575884242f,1.5869023597171847f,-0.8047553451523045f,0.13136041803060378f,-0.5788896915852108f,-0.14300824595769468f,0f,0f,0f,1f],start_interpolation:0}
execute if entity @s[tag=aj.tutankhamen.bone.weapon] run data modify entity @s {} merge value {transformation:[-1.1459101446211486f,1.0561438221969464f,0.4960220165483337f,-0.7761563415428477f,0.292403190780841f,0.9329626648896479f,-1.3109800584121412f,1.233220420213978f,-1.129591956454468f,-0.8298967203021972f,-0.8425444315620009f,0.07297690764053877f,0f,0f,0f,1f],start_interpolation:0}
execute if entity @s[tag=aj.tutankhamen.bone.right_hand] run data modify entity @s {} merge value {transformation:[-0.700683910086817f,0.6821971187430977f,0.2089237883154178f,-0.5132658846720451f,0.1787943077386034f,0.4513760370778108f,-0.8742381075383321f,1.3298299257565478f,-0.6907059096791652f,-0.575210191434876f,-0.4382448881661147f,-0.13703270940135026f,0f,0f,0f,1f],start_interpolation:0}
execute if entity @s[tag=aj.tutankhamen.bone.right_arm] run data modify entity @s {} merge value {transformation:[-0.3891697153563495f,0.8356577715676327f,0.38758614715708856f,-0.24752170317104585f,0.4419315495724149f,0.5385469357300446f,-0.7174006575884242f,1.5f,-0.808234766724361f,-0.10790406310421072f,-0.5788896915852108f,-0.12576564009942132f,0f,0f,0f,1f],start_interpolation:0}
execute if entity @s[tag=aj.tutankhamen.bone.body] run data modify entity @s {} merge value {transformation:[-0.9438105654578887f,0f,0.3304869385165781f,0f,0f,1f,0f,0.1875f,-0.3304869385165781f,0f,-0.9438105654578887f,0f,0f,0f,0f,1f],start_interpolation:0}
execute if entity @s[tag=aj.tutankhamen.bone.left_foot] run data modify entity @s {} merge value {transformation:[-0.9873696336961203f,-0.15109075476996345f,0.047673790260813254f,0.18877681984162661f,-0.14800826800011097f,0.9869987568405407f,0.06266583278657052f,0.4469826070510114f,-0.056522199695310624f,0.05481822523823492f,-0.9968952819245026f,0.016357052867275436f,0f,0f,0f,1f],start_interpolation:0}
execute if entity @s[tag=aj.tutankhamen.bone.left_leg] run data modify entity @s {} merge value {transformation:[-0.9873696336961203f,-0.14698796602350334f,0.05912481965353188f,0.09361428365334015f,-0.14800826800011097f,0.9888974887405534f,-0.013240444336742369f,0.875f,-0.056522199695310624f,-0.021824174827481356f,-0.9981627854887712f,0.005042657639773884f,0f,0f,0f,1f],start_interpolation:0}
execute if entity @s[tag=aj.tutankhamen.bone.right_foot] run data modify entity @s {} merge value {transformation:[-0.9833821049012629f,0.13888419497194746f,0.11692226540294029f,-0.20166281689188506f,0.17364817766693036f,0.9074652599149593f,0.38256125318755113f,0.45062265081740754f,-0.05297118228731267f,0.3965072287291487f,-0.9165020847835614f,0.01969986579166018f,0f,0f,0f,1f],start_interpolation:0}
execute if entity @s[tag=aj.tutankhamen.bone.right_leg] run data modify entity @s {} merge value {transformation:[-0.9833821049012629f,0.17672649705229815f,0.04156177329693211f,-0.09361428365334015f,0.17364817766693036f,0.9824088108221349f,-0.06869671616600724f,0.875f,-0.05297118228731267f,-0.060337995149514476f,-0.9967714784184092f,-0.005042657639773884f,0f,0f,0f,1f],start_interpolation:0}