execute if entity @s[tag=aj.tutankhamen.bone.head] run data modify entity @s {} merge value {transformation:[-0.9331329368090664f,-0.1375867605707718f,0.33216382337293726f,0f,0f,0.9238795325112867f,0.3826834323650897f,1.625f,-0.35953153163816776f,0.35709451511100987f,-0.8621024214300443f,0f,0f,0f,0f,1f],start_interpolation:0}
execute if entity @s[tag=aj.tutankhamen.bone.back_cape] run data modify entity @s {} merge value {transformation:[-0.5581589381076838f,-0.7557747337881873f,0.3424370768154309f,0.1296459458850762f,0f,0.41270702980439467f,0.9108638249211758f,1.625f,-0.8297340536644876f,0.5084067852787066f,-0.23035611750519713f,-0.08721233407932559f,0f,0f,0f,1f],start_interpolation:0}
execute if entity @s[tag=aj.tutankhamen.bone.left_hand] run data modify entity @s {} merge value {transformation:[-0.5391401334922934f,0.0385494849620861f,0.8413333784339416f,0.3244644411920134f,-0.25881904510252074f,0.9430295273800398f,-0.20906461293484901f,1.220315884588007f,-0.8014615513860484f,-0.33046822494535955f,-0.4984477243917678f,0.25026693702310326f,0f,0f,0f,1f],start_interpolation:0}
execute if entity @s[tag=aj.tutankhamen.bone.cape_left_back] run data modify entity @s {} merge value {transformation:[-0.527622047471461f,-0.5958095059523505f,0.6054964968014591f,0.29635001182657966f,-0.2915726354144616f,0.7965028301719196f,0.5296873037987485f,1.3781331065312328f,-0.7978724041471097f,0.10292849044330799f,-0.5939742019276368f,0.17739175076139976f,0f,0f,0f,1f],start_interpolation:0}
execute if entity @s[tag=aj.tutankhamen.bone.cape_left_side] run data modify entity @s {} merge value {transformation:[-0.527622047471461f,-0.5958095059523505f,0.6054964968014591f,0.30310389464381304f,-0.2915726354144616f,0.7965028301719196f,0.5296873037987485f,1.357480417839899f,-0.7978724041471097f,0.10292849044330799f,-0.5939742019276368f,0.37630608915034025f,0f,0f,0f,1f],start_interpolation:0}
execute if entity @s[tag=aj.tutankhamen.bone.left_arm] run data modify entity @s {} merge value {transformation:[-0.5391401334922934f,-0.32062515153079163f,0.77879870869421f,0.18420685626864552f,-0.25881904510252074f,0.9430295273800398f,0.20906461293484896f,1.5f,-0.8014615513860484f,-0.08885281478510249f,-0.5914089608338995f,0.20773017083210393f,0f,0f,0f,1f],start_interpolation:0}
execute if entity @s[tag=aj.tutankhamen.bone.cape_right_back] run data modify entity @s {} merge value {transformation:[0.45234110125858196f,0.27594614043630766f,0.8480809252014095f,-0.20908311478541702f,0.861002331409833f,0.11279834108684689f,-0.49593499529160845f,1.250267675940757f,-0.23251346932813505f,0.9545314357454976f,-0.1865669444318407f,-0.44871909041716057f,0f,0f,0f,1f],start_interpolation:0}
execute if entity @s[tag=aj.tutankhamen.bone.cape_right] run data modify entity @s {} merge value {transformation:[0.45234110125858196f,0.27594614043630766f,0.8480809252014095f,-0.350425049014116f,0.861002331409833f,0.11279834108684689f,-0.49593499529160845f,1.5087830390464454f,-0.23251346932813505f,0.9545314357454976f,-0.1865669444318407f,-0.4384075838917215f,0f,0f,0f,1f],start_interpolation:0}
execute if entity @s[tag=aj.tutankhamen.bone.weapon] run data modify entity @s {} merge value {transformation:[-0.11403249505158726f,0.8718165616337201f,1.3789561800668573f,-0.5353790168592759f,0.39999799538321074f,1.3550689939391973f,-0.8236366304172833f,1.0540692200988724f,-1.581640245875412f,0.27984205927072664f,-0.3077177734571022f,-0.46681420269503043f,0f,0f,0f,1f],start_interpolation:0}
execute if entity @s[tag=aj.tutankhamen.bone.right_hand] run data modify entity @s {} merge value {transformation:[-0.06972687595511068f,0.6469702921076222f,0.7593204882654745f,-0.26400017301917056f,0.24458476150820527f,0.7490273757038243f,-0.615740436291313f,1.267713311570863f,-0.9671176025735002f,0.14278456350887483f,-0.21046641351071943f,-0.4097304622769794f,0f,0f,0f,1f],start_interpolation:0}
execute if entity @s[tag=aj.tutankhamen.bone.right_arm] run data modify entity @s {} merge value {transformation:[0.05357066742879546f,0.5271517124137552f,0.8480809252014095f,-0.12297870611360884f,0.43054948395993725f,0.7541058429073098f,-0.49593499529160845f,1.5f,-0.9009757629664991f,0.39170837340080095f,-0.1865669444318407f,-0.24891811427241517f,0f,0f,0f,1f],start_interpolation:0}
execute if entity @s[tag=aj.tutankhamen.bone.body] run data modify entity @s {} merge value {transformation:[-0.5581589381076838f,0f,0.8297340536644876f,0f,0f,1f,0f,0.1875f,-0.8297340536644876f,0f,-0.5581589381076838f,0f,0f,0f,0f,1f],start_interpolation:0}
execute if entity @s[tag=aj.tutankhamen.bone.left_foot] run data modify entity @s {} merge value {transformation:[-0.9083416598582942f,-0.1762031049959501f,0.3792992153375292f,0.1849286417142324f,-0.17364817766693033f,0.9839439092928548f,0.04123946845497038f,0.44957311360925056f,-0.3804756751210691f,-0.028405090305796965f,-0.9243545918563322f,0.07746077595562613f,0f,0f,0f,1f],start_interpolation:0}
execute if entity @s[tag=aj.tutankhamen.bone.left_leg] run data modify entity @s {} merge value {transformation:[-0.9083416598582942f,-0.16016514233452847f,0.3863451256931287f,0.08647071507230451f,-0.17364817766693033f,0.984807753012208f,0f,0.875f,-0.3804756751210691f,-0.06708812702711293f,-0.9223542941045815f,0.03621985553373081f,0f,0f,0f,1f],start_interpolation:0}
execute if entity @s[tag=aj.tutankhamen.bone.right_foot] run data modify entity @s {} merge value {transformation:[-0.9083416598582942f,0.07633948137364939f,0.4112027633047733f,-0.1849286417142324f,0.17364817766693033f,0.9632873407929415f,0.20475304505920647f,0.44957311360925056f,-0.3804756751210691f,0.2573903313095997f,-0.8882502338809156f,-0.07746077595562613f,0f,0f,0f,1f],start_interpolation:0}
execute if entity @s[tag=aj.tutankhamen.bone.right_leg] run data modify entity @s {} merge value {transformation:[-0.9083416598582942f,0.16016514233452847f,0.3863451256931287f,-0.08647071507230451f,0.17364817766693033f,0.984807753012208f,0f,0.875f,-0.3804756751210691f,0.06708812702711293f,-0.9223542941045815f,-0.03621985553373081f,0f,0f,0f,1f],start_interpolation:0}