execute if entity @s[tag=aj.tutankhamen.bone.head] run data modify entity @s {} merge value {transformation:[0.33898833682046914f,0.21860580057469353f,-0.9150401146697285f,0f,0.10744337757297762f,0.9572693466217912f,0.26849826560706047f,1.625f,0.934635131008568f,-0.1893327810321984f,0.30101539812974837f,0f,0f,0f,0f,1f],start_interpolation:0}
execute if entity @s[tag=aj.tutankhamen.bone.back_cape] run data modify entity @s {} merge value {transformation:[0.6162572790834588f,0.5077708851968576f,-0.6019931013915791f,-0.12305389027389327f,0f,0.764392104004777f,0.6447516664074241f,1.625f,0.7875448977529169f,-0.3973329076247651f,0.4710621981668641f,0.09629019985679044f,0f,0f,0f,1f],start_interpolation:0}
execute if entity @s[tag=aj.tutankhamen.bone.left_hand] run data modify entity @s {} merge value {transformation:[0.5572689736014361f,-0.07207420141007126f,-0.8271980419175948f,-0.31509732785459077f,-0.2695625051630656f,0.9265626015040443f,-0.26233147219552166f,1.2118845877852367f,0.7853581010414387f,0.36917076669904136f,0.4969160876279092f,-0.2499360556137812f,0f,0f,0f,1f],start_interpolation:0}
execute if entity @s[tag=aj.tutankhamen.bone.cape_left_back] run data modify entity @s {} merge value {transformation:[0.6035433854752819f,0.3311111348474555f,-0.7253280624855665f,-0.30807410632251464f,-0.22371548386284595f,0.9434776455619426f,0.244543073107594f,1.353829063932474f,0.7653017471096275f,0.014674764220372338f,0.6435043800674776f,-0.1671019199921385f,0f,0f,0f,1f],start_interpolation:0}
execute if entity @s[tag=aj.tutankhamen.bone.cape_left_side] run data modify entity @s {} merge value {transformation:[0.6035433854752819f,0.3311111348474555f,-0.7253280624855665f,-0.31171175249233163f,-0.22371548386284595f,0.9434776455619426f,0.244543073107594f,1.3582167241475944f,0.7653017471096275f,0.014674764220372338f,0.6435043800674776f,-0.3671183654864525f,0f,0f,0f,1f],start_interpolation:0}
execute if entity @s[tag=aj.tutankhamen.bone.left_arm] run data modify entity @s {} merge value {transformation:[0.5952588215053429f,0.2387153811728814f,-0.7672560864610699f,-0.19863759084870458f,-0.2588190451025207f,0.9609240192331813f,0.09817194687367693f,1.5f,0.7607099561017261f,0.14014277024604105f,0.6337825862513704f,-0.19397705346802024f,0f,0f,0f,1f],start_interpolation:0}
execute if entity @s[tag=aj.tutankhamen.bone.cape_right_back] run data modify entity @s {} merge value {transformation:[-0.37479285914341764f,-0.8801876582784031f,-0.29120439376747737f,0.2868239496648525f,0.22496966811693622f,0.21836833164861844f,-0.9495809181740935f,1.3733785575653972f,0.8993992223492624f,-0.4214083031305631f,0.11617263399855192f,0.3295768500946449f,0f,0f,0f,1f],start_interpolation:0}
execute if entity @s[tag=aj.tutankhamen.bone.cape_right] run data modify entity @s {} merge value {transformation:[-0.37479285914341764f,-0.8801876582784031f,-0.29120439376747737f,0.3010636638655628f,0.22496966811693622f,0.21836833164861844f,-0.9495809181740935f,1.6459252977521919f,0.8993992223492624f,-0.4214083031305631f,0.11617263399855192f,0.44106482008707915f,0f,0f,0f,1f],start_interpolation:0}
execute if entity @s[tag=aj.tutankhamen.bone.weapon] run data modify entity @s {} merge value {transformation:[0.5229779387290281f,-0.38880320572359045f,-1.499971271869201f,0.721565957952771f,0.02915925947846921f,1.585287342850503f,-0.4007511095377907f,1.5210588629158424f,1.5492680487251118f,0.10140898100347161f,0.5138797577083898f,0.308597394492964f,0f,0f,0f,1f],start_interpolation:0}
execute if entity @s[tag=aj.tutankhamen.bone.right_hand] run data modify entity @s {} merge value {transformation:[0.31978268864959675f,-0.9380811175383394f,0.13320228585897248f,0.40043047035094265f,0.017829865668363337f,-0.1346014404469963f,-0.9907393946542359f,1.4124783772848022f,0.9473231380739537f,0.31919628623718993f,-0.026317350210512166f,0.3959535898534733f,0f,0f,0f,1f],start_interpolation:0}
execute if entity @s[tag=aj.tutankhamen.bone.right_arm] run data modify entity @s {} merge value {transformation:[-0.33604289296817746f,-0.895698149566077f,-0.29120439376747737f,0.14052268398127243f,0.21523045399558266f,0.22797353248239327f,-0.9495809181740935f,1.5f,0.9169247655933574f,-0.38177597272668307f,0.11617263399855192f,0.2394522187347864f,0f,0f,0f,1f],start_interpolation:0}
execute if entity @s[tag=aj.tutankhamen.bone.body] run data modify entity @s {} merge value {transformation:[0.6162572790834588f,0f,-0.7875448977529169f,0f,0f,1f,0f,0.1875f,0.7875448977529169f,0f,0.6162572790834588f,0f,0f,0f,0f,1f],start_interpolation:0}
execute if entity @s[tag=aj.tutankhamen.bone.left_foot] run data modify entity @s {} merge value {transformation:[-0.7585821673151476f,0.03415970398029018f,-0.6506813429440194f,0.1140613613127302f,0.0332734179632215f,0.9993527505563486f,0.013673317538375668f,0.43944120962074007f,0.6507272662863438f,-0.01127805743199739f,-0.7592277855374252f,-0.036724039439738926f,0f,0f,0f,1f],start_interpolation:0}
execute if entity @s[tag=aj.tutankhamen.bone.left_leg] run data modify entity @s {} merge value {transformation:[-0.7585821673151476f,-0.047661652219741356f,-0.6498318723632583f,0.069503695737995f,0.0332734179632215f,0.9931862767266498f,-0.11168661235304511f,0.875f,0.6507272662863438f,-0.1063455999538252f,-0.7518275322718388f,-0.0629150123480892f,0f,0f,0f,1f],start_interpolation:0}
execute if entity @s[tag=aj.tutankhamen.bone.right_foot] run data modify entity @s {} merge value {transformation:[-0.730109636541643f,0.5509297004634252f,-0.4042479236512054f,0.01550195380550376f,0.17364817766693036f,0.7217518437878381f,0.6700153627953696f,0.5150421067924269f,0.6608980473734085f,0.41898775774017205f,-0.6226259148492607f,0.2986843215536201f,0f,0f,0f,1f],start_interpolation:0}
execute if entity @s[tag=aj.tutankhamen.bone.right_leg] run data modify entity @s {} merge value {transformation:[-0.730109636541643f,-0.24644931585240026f,-0.6373402963448286f,-0.069503695737995f,0.17364817766693036f,0.8351643400220908f,-0.5218685998873852f,0.875f,0.6608980473734085f,-0.49169427480025574f,-0.5669660581610388f,0.0629150123480892f,0f,0f,0f,1f],start_interpolation:0}