execute if entity @s[tag=aj.tutankhamen.bone.head] run data modify entity @s {} merge value {transformation:[0.39603570321775117f,0.23381007484144525f,-0.8879687892485071f,0f,0.09695779198226931f,0.9509843443505435f,0.29364598307160616f,1.625f,0.9131018061260994f,-0.20238978655753573f,0.3539540449641039f,0f,0f,0f,0f,1f],start_interpolation:0}
execute if entity @s[tag=aj.tutankhamen.bone.back_cape] run data modify entity @s {} merge value {transformation:[0.5718118244963264f,0.5634925412586117f,-0.5962444073633687f,-0.1281851266470113f,0f,0.726786258963364f,0.6868636937428255f,1.625f,0.8203848105408723f,-0.392756781899371f,0.41558497675670075f,0.089345597577551f,0f,0f,0f,1f],start_interpolation:0}
execute if entity @s[tag=aj.tutankhamen.bone.left_hand] run data modify entity @s {} merge value {transformation:[0.5179777873718374f,-0.08512719254008189f,-0.8511476798297812f,-0.3043548583284881f,-0.2676975286898011f,0.9289218449500951f,-0.25581680771185544f,1.212720098522885f,0.8124266397175495f,0.3603575544716042f,0.45837254282133444f,-0.26421662520518857f,0f,0f,0f,1f],start_interpolation:0}
execute if entity @s[tag=aj.tutankhamen.bone.cape_left_back] run data modify entity @s {} merge value {transformation:[0.5591395115660028f,0.3611462635792677f,-0.7462817047928124f,-0.29918247902266926f,-0.23080583016296807f,0.9323604223369595f,0.27826733840396994f,1.356708236673548f,0.7962987350037142f,0.016655904730172838f,0.6046742143246265f,-0.18223772917805411f,0f,0f,0f,1f],start_interpolation:0}
execute if entity @s[tag=aj.tutankhamen.bone.cape_left_side] run data modify entity @s {} merge value {transformation:[0.5591395115660028f,0.3611462635792677f,-0.7462817047928124f,-0.29326281460575565f,-0.23080583016296807f,0.9323604223369595f,0.27826733840396994f,1.3579882303360153f,0.7962987350037142f,0.016655904730172838f,0.6046742143246265f,-0.38224368331296277f,0f,0f,0f,1f],start_interpolation:0}
execute if entity @s[tag=aj.tutankhamen.bone.left_arm] run data modify entity @s {} merge value {transformation:[0.5523278090584738f,0.24223595916388835f,-0.7976563993528903f,-0.18761887140125655f,-0.2588190451025207f,0.9593945814038835f,0.11213714400271886f,1.5f,0.7924308759966928f,0.14451220453933375f,0.5925955868096693f,-0.2046537291730383f,0f,0f,0f,1f],start_interpolation:0}
execute if entity @s[tag=aj.tutankhamen.bone.cape_right_back] run data modify entity @s {} merge value {transformation:[-0.3901615051545749f,-0.851375751519995f,-0.35061849583169596f,0.2625809377391569f,0.2566657825086382f,0.2651371933753404f,-0.9294218336031684f,1.3659910374217639f,0.8842492159932885f,-0.4526163921167811f,0.11507269703297698f,0.342978037922976f,0f,0f,0f,1f],start_interpolation:0}
execute if entity @s[tag=aj.tutankhamen.bone.cape_right] run data modify entity @s {} merge value {transformation:[-0.3901615051545749f,-0.851375751519995f,-0.35061849583169596f,0.28927282651667857f,0.2566657825086382f,0.2651371933753404f,-0.9294218336031684f,1.6384505243395306f,0.8842492159932885f,-0.4526163921167811f,0.11507269703297698f,0.45237380366368307f,0f,0f,0f,1f],start_interpolation:0}
execute if entity @s[tag=aj.tutankhamen.bone.weapon] run data modify entity @s {} merge value {transformation:[0.4156062034895779f,1.160252294781903f,-1.075022683335296f,0.7100789358503878f,0.038990926319831094f,1.1036603132309617f,1.2062343446755146f,1.4795156717180633f,1.5812459849425118f,-0.3321689315143354f,0.252809433469013f,0.3456073585099388f,0f,0f,0f,1f],start_interpolation:0}
execute if entity @s[tag=aj.tutankhamen.bone.right_hand] run data modify entity @s {} merge value {transformation:[0.25412863398088836f,-0.9655837327090933f,0.05537772583433387f,0.3760615717279509f,0.023841585520406272f,-0.050985851675108995f,-0.998414754362553f,1.3990668283738261f,0.9668765258247205f,0.25504607045892447f,0.010064082301949384f,0.41275802637165016f,0f,0f,0f,1f],start_interpolation:0}
execute if entity @s[tag=aj.tutankhamen.bone.right_arm] run data modify entity @s {} merge value {transformation:[-0.35265366915537416f,-0.8675840362823486f,-0.35061849583169596f,0.1270806252694192f,0.24485637161337392f,0.27608044570751034f,-0.9294218336031684f,1.5f,0.9031504564088896f,-0.41361519252316103f,0.11507269703297698f,0.24684915323218348f,0f,0f,0f,1f],start_interpolation:0}
execute if entity @s[tag=aj.tutankhamen.bone.body] run data modify entity @s {} merge value {transformation:[0.5718118244963264f,0f,-0.8203848105408723f,0f,0f,1f,0f,0.1875f,0.8203848105408723f,0f,0.5718118244963264f,0f,0f,0f,0f,1f],start_interpolation:0}
execute if entity @s[tag=aj.tutankhamen.bone.left_foot] run data modify entity @s {} merge value {transformation:[-0.8255523259394493f,0.018055336709403534f,-0.5640366672054888f,0.12331590209657652f,0.007311294809548306f,0.9997463605845543f,0.021301630598292307f,0.43935583743919027f,0.5642782133878405f,0.013461772329388735f,-0.8254749412196462f,-0.03541364928097469f,0f,0f,0f,1f],start_interpolation:0}
execute if entity @s[tag=aj.tutankhamen.bone.left_leg] run data modify entity @s {} merge value {transformation:[-0.8255523259394493f,-0.04885585307781562f,-0.5622067793579193f,0.07614295618942439f,0.007311294809548306f,0.9952358505097402f,-0.09722215194266215f,0.875f,0.5642782133878405f,-0.0843724331769157f,-0.821262071701618f,-0.054692894627505304f,0f,0f,0f,1f],start_interpolation:0}
execute if entity @s[tag=aj.tutankhamen.bone.right_foot] run data modify entity @s {} merge value {transformation:[-0.7998525183212163f,0.4831119317264917f,-0.3561443672988609f,-0.03579404703845766f,0.17364817766693033f,0.7542714545253169f,0.633183135657621f,0.5000055402610563f,0.5745278577477009f,0.44460930524648334f,-0.6871974289533371f,0.27859897582099313f,0f,0f,0f,1f],start_interpolation:0}
execute if entity @s[tag=aj.tutankhamen.bone.right_leg] run data modify entity @s {} merge value {transformation:[-0.7998525183212163f,-0.14935840079658225f,-0.5813157636316908f,-0.07614295618942439f,0.17364817766693033f,0.8695336349509378f,-0.4623392348503028f,0.875f,0.5745278577477009f,-0.47074762431742206f,-0.6695628535629353f,0.054692894627505304f,0f,0f,0f,1f],start_interpolation:0}