execute if entity @s[tag=aj.tutankhamen.bone.head] run data modify entity @s {} merge value {transformation:[-0.957391532867418f,-0.11051633354958698f,0.26681003131916164f,0f,0f,0.9238795325112867f,0.3826834323650897f,1.625f,-0.28879309685963006f,0.3663778779149781f,-0.8845144418158143f,0f,0f,0f,0f,1f],start_interpolation:0}
execute if entity @s[tag=aj.tutankhamen.bone.back_cape] run data modify entity @s {} merge value {transformation:[-0.6186043159937878f,-0.7493379634813281f,0.23626535234670681f,0.12276604363810527f,0f,0.30070579950427323f,0.9537169507482269f,1.625f,-0.7857026792838737f,0.5899734219692879f,-0.18601790541770605f,-0.09665692437402935f,0f,0f,0f,1f],start_interpolation:0}
execute if entity @s[tag=aj.tutankhamen.bone.left_hand] run data modify entity @s {} merge value {transformation:[-0.5975258850722834f,0.01374577140606481f,0.8017317945778603f,0.34225964443226975f,-0.25881904510252074f,0.9430295273800398f,-0.20906461293484901f,1.220315884588007f,-0.7589305097048106f,-0.3324249753821621f,-0.5599268855675401f,0.22531988185259585f,0f,0f,0f,1f],start_interpolation:0}
execute if entity @s[tag=aj.tutankhamen.bone.cape_left_back] run data modify entity @s {} merge value {transformation:[-0.5852664445633851f,-0.5896806678166778f,0.5565428095586277f,0.30849771317036045f,-0.29292993439606685f,0.7937878970637964f,0.5330035909914228f,1.3783355644644413f,-0.7560788599100295f,0.14892106794645515f,-0.6373125395901427f,0.15480148928026718f,0f,0f,0f,1f],start_interpolation:0}
execute if entity @s[tag=aj.tutankhamen.bone.cape_left_side] run data modify entity @s {} merge value {transformation:[-0.5852664445633851f,-0.5896806678166778f,0.5565428095586277f,0.3303777439385609f,-0.29292993439606685f,0.7937878970637964f,0.5330035909914228f,1.357480417839899f,-0.7560788599100295f,0.14892106794645515f,-0.6373125395901427f,0.35260287858997713f,0f,0f,0f,1f],start_interpolation:0}
execute if entity @s[tag=aj.tutankhamen.bone.left_arm] run data modify entity @s {} merge value {transformation:[-0.5975258850722834f,-0.3263685977426046f,0.7324249825586987f,0.1992154716449082f,-0.25881904510252074f,0.9430295273800398f,0.20906461293484896f,1.5f,-0.7589305097048106f,-0.06464401671388281f,-0.647954961816245f,0.19338351953465238f,0f,0f,0f,1f],start_interpolation:0}
execute if entity @s[tag=aj.tutankhamen.bone.cape_right_back] run data modify entity @s {} merge value {transformation:[0.5756231070284112f,0.29679331623196137f,0.7619526009503432f,-0.28034420371051577f,0.8074641318602895f,-0.05922446370046752f,-0.5869362304871806f,1.2704192068763576f,-0.12907251610651677f,0.9531034520656332f,-0.2737409272405317f,-0.45583517809383517f,0f,0f,0f,1f],start_interpolation:0}
execute if entity @s[tag=aj.tutankhamen.bone.cape_right] run data modify entity @s {} merge value {transformation:[0.5756231070284112f,0.29679331623196137f,0.7619526009503432f,-0.3808912434749123f,0.8074641318602895f,-0.05922446370046752f,-0.5869362304871806f,1.543319535101323f,-0.12907251610651677f,0.9531034520656332f,-0.2737409272405317f,-0.4075675269253455f,0f,0f,0f,1f],start_interpolation:0}
execute if entity @s[tag=aj.tutankhamen.bone.weapon] run data modify entity @s {} merge value {transformation:[-0.27582169324686934f,1.0950584813726285f,1.1829442038910427f,-0.6282815114441818f,0.3733091411159871f,1.2109025888452567f,-1.0338969383348664f,1.122104615471305f,-1.5681678329518127f,0.0956531040418385f,-0.45418917313547613f,-0.40292485821110946f,0f,0f,0f,1f],start_interpolation:0}
execute if entity @s[tag=aj.tutankhamen.bone.right_hand] run data modify entity @s {} merge value {transformation:[-0.1686553028770666f,0.7651532315861066f,0.6213661730451558f,-0.32273536752069953f,0.2282654620836609f,0.6435787608441984f,-0.7305486003066318f,1.2926822200092536f,-0.9588796940342293f,0.0186255411621764f,-0.28320102680823467f,-0.39324689930512724f,0f,0f,0f,1f],start_interpolation:0}
execute if entity @s[tag=aj.tutankhamen.bone.right_arm] run data modify entity @s {} merge value {transformation:[0.030781001983898715f,0.6469008918079137f,0.7619526009503432f,-0.14123650668385293f,0.4550219560202591f,0.6696722189855246f,-0.5869362304871806f,1.5f,-0.8899480599767406f,0.36477164815419705f,-0.2737409272405317f,-0.23903187852262398f,0f,0f,0f,1f],start_interpolation:0}
execute if entity @s[tag=aj.tutankhamen.bone.body] run data modify entity @s {} merge value {transformation:[-0.6186043159937878f,0f,0.7857026792838737f,0f,0f,1f,0f,0.1875f,-0.7857026792838737f,0f,-0.6186043159937878f,0f,0f,0f,0f,1f],start_interpolation:0}
execute if entity @s[tag=aj.tutankhamen.bone.left_foot] run data modify entity @s {} merge value {transformation:[-0.9460092413075064f,-0.18206101850076103f,0.26817960568108407f,0.19259735821364934f,-0.17364817766693033f,0.9832722054898486f,0.05497345090207741f,0.44957311360925056f,-0.27370207480717124f,0.005436492765973522f,-0.9617991572010527f,0.055722813524102424f,0f,0f,0f,1f],start_interpolation:0}
execute if entity @s[tag=aj.tutankhamen.bone.left_leg] run data modify entity @s {} merge value {transformation:[-0.9460092413075064f,-0.16680695324205827f,0.2779243704875446f,0.09005652737938927f,-0.17364817766693033f,0.984807753012208f,0f,0.875f,-0.27370207480717124f,-0.04826106046439091f,-0.9606029587134854f,0.026055409733207305f,0f,0f,0f,1f],start_interpolation:0}
execute if entity @s[tag=aj.tutankhamen.bone.right_foot] run data modify entity @s {} merge value {transformation:[-0.9460092413075064f,0.08373879616947397f,0.31313627924097753f,-0.19259735821364934f,0.17364817766693033f,0.9466579708337202f,0.2714498050283654f,0.44957311360925056f,-0.27370207480717124f,0.3111695683595533f,-0.9100882781209628f,-0.055722813524102424f,0f,0f,0f,1f],start_interpolation:0}
execute if entity @s[tag=aj.tutankhamen.bone.right_leg] run data modify entity @s {} merge value {transformation:[-0.9460092413075064f,0.16680695324205827f,0.2779243704875446f,-0.09005652737938927f,0.17364817766693033f,0.984807753012208f,0f,0.875f,-0.27370207480717124f,0.04826106046439091f,-0.9606029587134854f,-0.026055409733207305f,0f,0f,0f,1f],start_interpolation:0}