execute if entity @s[tag=aj.tutankhamen.bone.head] run data modify entity @s {} merge value {transformation:[-0.9762960071199334f,-0.0828278543616082f,0.1999641293420581f,0f,0f,0.9238795325112867f,0.3826834323650897f,1.625f,-0.21643961393810318f,0.3736123070089881f,-0.9019798986505998f,0f,0f,0f,0f,1f],start_interpolation:0}
execute if entity @s[tag=aj.tutankhamen.bone.back_cape] run data modify entity @s {} merge value {transformation:[-0.67559020761566f,-0.6736902101811986f,0.2995319216374807f,0.11519958387658191f,0f,0.40626763726852644f,0.9137541282578422f,1.625f,-0.7372773368101242f,0.617323341219382f,-0.27447043740976745f,-0.10556096993994687f,0f,0f,0f,1f],start_interpolation:0}
execute if entity @s[tag=aj.tutankhamen.bone.left_hand] run data modify entity @s {} merge value {transformation:[-0.6525700295239596f,-0.01113481407946143f,0.7576466013139069f,0.3581407929074665f,-0.25881904510252074f,0.9430295273800398f,-0.20906461293484901f,1.220315884588007f,-0.7121552207625229f,-0.3325226705125452f,-0.6182747084717986f,0.1991127465045437f,0f,0f,0f,1f],start_interpolation:0}
execute if entity @s[tag=aj.tutankhamen.bone.cape_left_back] run data modify entity @s {} merge value {transformation:[-0.6452095656847358f,-0.5453717281045278f,0.5350460676737989f,0.32187075069654103f,-0.27932953390257464f,0.8202224797863039f,0.4992094702056209f,1.3762363619433242f,-0.7111115438794993f,0.1726405567573481f,-0.6815538205628575f,0.13062236340201058f,0f,0f,0f,1f],start_interpolation:0}
execute if entity @s[tag=aj.tutankhamen.bone.cape_left_side] run data modify entity @s {} merge value {transformation:[-0.6452095656847358f,-0.5453717281045278f,0.5350460676737989f,0.35580398687555614f,-0.27932953390257464f,0.8202224797863039f,0.4992094702056209f,1.357480417839899f,-0.7111115438794993f,0.1726405567573481f,-0.6815538205628575f,0.32692776970353954f,0f,0f,0f,1f],start_interpolation:0}
execute if entity @s[tag=aj.tutankhamen.bone.left_arm] run data modify entity @s {} merge value {transformation:[-0.6525700295239596f,-0.3302868583684533f,0.6819552388215782f,0.21310999329443886f,-0.25881904510252074f,0.9430295273800398f,0.20906461293484896f,1.5f,-0.7121552207625229f,-0.04007370307915273f,-0.7008773358171928f,0.17795538915232867f,0f,0f,0f,1f],start_interpolation:0}
execute if entity @s[tag=aj.tutankhamen.bone.cape_right_back] run data modify entity @s {} merge value {transformation:[0.4002284788448405f,0.6400131378083296f,0.6558965986756459f,-0.3033292675316454f,0.7045278641538759f,0.24281957920224045f,-0.6668426655417488f,1.3010346155519694f,-0.5860526028884463f,0.7289868554293573f,-0.35372377819266576f,-0.36996518379906496f,0f,0f,0f,1f],start_interpolation:0}
execute if entity @s[tag=aj.tutankhamen.bone.cape_right] run data modify entity @s {} merge value {transformation:[0.4002284788448405f,0.6400131378083296f,0.6558965986756459f,-0.40476771738105055f,0.7045278641538759f,0.24281957920224045f,-0.6668426655417488f,1.5778277607114497f,-0.5860526028884463f,0.7289868554293573f,-0.35372377819266576f,-0.37310495845221825f,0f,0f,0f,1f],start_interpolation:0}
execute if entity @s[tag=aj.tutankhamen.bone.weapon] run data modify entity @s {} merge value {transformation:[-0.45253009321960486f,1.259396400354933f,0.9400664312243069f,-0.7022107820742971f,0.3656483486959795f,1.0357909291359202f,-1.2116212732643654f,1.1984343451510509f,-1.5284323581492476f,-0.125082099054567f,-0.5681871774948326f,-0.32613451483466993f,0f,0f,0f,1f],start_interpolation:0}
execute if entity @s[tag=aj.tutankhamen.bone.right_hand] run data modify entity @s {} merge value {transformation:[-0.2767062990387393f,0.8436277936529106f,0.4601366860494889f,-0.37740223483654356f,0.22358115589053523f,0.5222118643635003f,-0.8229861696581842f,1.3216172001372621f,-0.9345828431995399f,-0.12484756503159926f,-0.33311858954844387f,-0.36942677746607f,0f,0f,0f,1f],start_interpolation:0}
execute if entity @s[tag=aj.tutankhamen.bone.right_arm] run data modify entity @s {} merge value {transformation:[0.010138376779464442f,0.7547826608779487f,0.6558965986756459f,-0.15870445541787775f,0.4763409300370926f,0.5730795562437846f,-0.6668426655417488f,1.5f,-0.8792022131953918f,0.31919109801720724f,-0.35372377819266576f,-0.22780887954780726f,0f,0f,0f,1f],start_interpolation:0}
execute if entity @s[tag=aj.tutankhamen.bone.body] run data modify entity @s {} merge value {transformation:[-0.67559020761566f,0f,0.7372773368101242f,0f,0f,1f,0f,0.1875f,-0.7372773368101242f,0f,-0.67559020761566f,0f,0f,0f,0f,1f],start_interpolation:0}
execute if entity @s[tag=aj.tutankhamen.bone.left_foot] run data modify entity @s {} merge value {transformation:[-0.9711724532084134f,-0.18239448127963334f,0.15348068063403067f,0.19772031888323713f,-0.17364817766693033f,0.9824088108221348f,0.06869671616600713f,0.44957311360925056f,-0.163310674856563f,0.040064717867123664f,-0.9857608441504062f,0.0332483058008925f,0f,0f,0f,1f],start_interpolation:0}
execute if entity @s[tag=aj.tutankhamen.bone.left_leg] run data modify entity @s {} merge value {transformation:[-0.9711724532084134f,-0.1712439064214725f,0.1658300052543743f,0.09245197066107999f,-0.17364817766693033f,0.984807753012208f,0f,0.875f,-0.163310674856563f,-0.028796078214919578f,-0.9861543537181865f,0.01554656299259759f,0f,0f,0f,1f],start_interpolation:0}
execute if entity @s[tag=aj.tutankhamen.bone.right_foot] run data modify entity @s {} merge value {transformation:[-0.9711724532084134f,0.10419943305401286f,0.21439809766034337f,-0.19772031888323713f,0.17364817766693033f,0.9254165783983234f,0.3368240888334651f,0.44957311360925056f,-0.163310674856563f,0.36434411560606006f,-0.9168331303465925f,-0.0332483058008925f,0f,0f,0f,1f],start_interpolation:0}
execute if entity @s[tag=aj.tutankhamen.bone.right_leg] run data modify entity @s {} merge value {transformation:[-0.9711724532084134f,0.1712439064214725f,0.1658300052543743f,-0.09245197066107999f,0.17364817766693033f,0.984807753012208f,0f,0.875f,-0.163310674856563f,0.028796078214919578f,-0.9861543537181865f,-0.01554656299259759f,0f,0f,0f,1f],start_interpolation:0}