execute if entity @s[tag=aj.tutankhamen.bone.head] run data modify entity @s {} merge value {transformation:[-0.9873947767639463f,0.07121093102230228f,-0.14135260210627076f,0f,0.012451074833265949f,0.9252513265550343f,0.3791503045543359f,1.625f,0.15778632879553667f,0.3726110384987087f,-0.9144749796654584f,0f,0f,0f,0f,1f],start_interpolation:0}
execute if entity @s[tag=aj.tutankhamen.bone.back_cape] run data modify entity @s {} merge value {transformation:[-0.9438105654578887f,-0.2939249834335589f,0.15109507153988386f,0.05163858414321533f,0f,0.45718923785033194f,0.8893694399932082f,1.625f,-0.3304869385165781f,0.8393962740609556f,-0.4315000330967829f,-0.1474704008527951f,0f,0f,0f,1f],start_interpolation:0}
execute if entity @s[tag=aj.tutankhamen.bone.left_hand] run data modify entity @s {} merge value {transformation:[-0.9095260792387174f,-0.16321577726918907f,0.38226027943674834f,0.4086000942671688f,-0.25963347419645594f,0.9412742932317938f,-0.2158544972375261f,1.2190451322038405f,-0.3245809148137404f,-0.29557285895596275f,-0.8984897967073828f,0.01046074370746252f,0f,0f,0f,1f],start_interpolation:0}
execute if entity @s[tag=aj.tutankhamen.bone.cape_left_back] run data modify entity @s {} merge value {transformation:[-0.9071032739994151f,-0.38698114161637015f,0.1655573807863394f,0.3461173804253818f,-0.2725497669796996f,0.8397665502087747f,0.4695836088171788f,1.3735479142875802f,-0.3207495515489514f,0.3808382034194373f,-0.8672266070626533f,-0.03592016841293477f,0f,0f,0f,1f],start_interpolation:0}
execute if entity @s[tag=aj.tutankhamen.bone.cape_left_side] run data modify entity @s {} merge value {transformation:[-0.9071032739994151f,-0.38698114161637015f,0.1655573807863394f,0.467157594389498f,-0.2725497669796996f,0.8397665502087747f,0.4695836088171788f,1.357435864276011f,-0.3207495515489514f,0.3808382034194373f,-0.8672266070626533f,0.12260027489942055f,0f,0f,0f,1f],start_interpolation:0}
execute if entity @s[tag=aj.tutankhamen.bone.left_arm] run data modify entity @s {} merge value {transformation:[-0.9116510003002639f,-0.3060598223415117f,0.27426235396023757f,0.2719091605815304f,-0.25881904510252074f,0.9459703992973403f,0.1953271756449932f,1.5f,-0.31922586916437024f,0.10708589450302516f,-0.9416089717365375f,0.05611949894787006f,0f,0f,0f,1f],start_interpolation:0}
execute if entity @s[tag=aj.tutankhamen.bone.cape_right_back] run data modify entity @s {} merge value {transformation:[-0.12983363944804333f,0.9126445950654279f,0.38758620868851423f,-0.41294423197955515f,0.5792340806491436f,0.38707142112381066f,-0.7174005817977394f,1.3170468590650017f,-0.8047553080795534f,0.13136041278503457f,-0.5788897443129637f,-0.1619876516829069f,0f,0f,0f,1f],start_interpolation:0}
execute if entity @s[tag=aj.tutankhamen.bone.cape_right] run data modify entity @s {} merge value {transformation:[-0.12983363944804333f,0.9126445950654279f,0.38758620868851423f,-0.5301272903154405f,0.5792340806491436f,0.38707142112381066f,-0.7174005817977394f,1.5869023296158653f,-0.8047553080795534f,0.13136041278503457f,-0.5788897443129637f,-0.1430082324920962f,0f,0f,0f,1f],start_interpolation:0}
execute if entity @s[tag=aj.tutankhamen.bone.weapon] run data modify entity @s {} merge value {transformation:[-1.1459102132523646f,1.0561436718454567f,0.49602217812899085f,-0.7761563045229043f,0.2924031265645978f,0.9329628818218948f,-1.3109799183545658f,1.233220337337891f,-1.1295919034546413f,-0.8298966677692426f,-0.8425445543627581f,0.07297690423502395f,0f,0f,0f,1f],start_interpolation:0}
execute if entity @s[tag=aj.tutankhamen.bone.right_hand] run data modify entity @s {} merge value {transformation:[-0.7006839520524013f,0.6821970417047799f,0.20892389912471784f,-0.513265866290445f,0.1787942684726203f,0.45137618050236566f,-0.874238041517547f,1.329829897167894f,-0.6907058772716278f,-0.5752101702546146f,-0.43824496704250726f,-0.13703271116483973f,0f,0f,0f,1f],start_interpolation:0}
execute if entity @s[tag=aj.tutankhamen.bone.right_arm] run data modify entity @s {} merge value {transformation:[-0.38916978824934223f,0.8356577090821491f,0.38758620868851423f,-0.24752170317104585f,0.4419315530485775f,0.5385470338385844f,-0.7174005817977394f,1.5f,-0.8082347297252417f,-0.10790405736225589f,-0.5788897443129637f,-0.12576564009942132f,0f,0f,0f,1f],start_interpolation:0}
execute if entity @s[tag=aj.tutankhamen.bone.body] run data modify entity @s {} merge value {transformation:[-0.9438105654578887f,0f,0.3304869385165781f,0f,0f,1f,0f,0.1875f,-0.3304869385165781f,0f,-0.9438105654578887f,0f,0f,0f,0f,1f],start_interpolation:0}
execute if entity @s[tag=aj.tutankhamen.bone.left_foot] run data modify entity @s {} merge value {transformation:[-0.9873696334270474f,-0.15109075578422718f,0.04767379261910045f,0.18877682019649578f,-0.14800826878985635f,0.986998756616283f,0.06266583445340103f,0.4469826071175681f,-0.0565222023276483f,0.05481822648045493f,-0.9968952817069454f,0.016357052400364266f,0f,0f,0f,1f],start_interpolation:0}
execute if entity @s[tag=aj.tutankhamen.bone.left_leg] run data modify entity @s {} merge value {transformation:[-0.9873696334270474f,-0.1469879668538523f,0.05912482208268195f,0.09361428365334015f,-0.14800826878985635f,0.9888974886448342f,-0.013240442657619582f,0.875f,-0.0565222023276483f,-0.021824173572231712f,-0.9981627853671572f,0.005042657639773884f,0f,0f,0f,1f],start_interpolation:0}
execute if entity @s[tag=aj.tutankhamen.bone.right_foot] run data modify entity @s {} merge value {transformation:[-0.9833821049012629f,0.13888419497194746f,0.11692226540294029f,-0.20166281689188506f,0.17364817766693036f,0.9074652599149593f,0.38256125318755113f,0.45062265081740754f,-0.05297118228731267f,0.3965072287291487f,-0.9165020847835614f,0.01969986579166018f,0f,0f,0f,1f],start_interpolation:0}
execute if entity @s[tag=aj.tutankhamen.bone.right_leg] run data modify entity @s {} merge value {transformation:[-0.9833821049012629f,0.17672649705229815f,0.04156177329693211f,-0.09361428365334015f,0.17364817766693036f,0.9824088108221349f,-0.06869671616600724f,0.875f,-0.05297118228731267f,-0.060337995149514476f,-0.9967714784184092f,-0.005042657639773884f,0f,0f,0f,1f],start_interpolation:0}