execute if entity @s[tag=aj.tutankhamen.bone.head] run data modify entity @s {} merge value {transformation:[-0.9036558828542366f,-0.1638877466164761f,0.39566002058826205f,0f,0f,0.9238795325112867f,0.3826834323650897f,1.625f,-0.428259320252263f,0.3458141349275647f,-0.8348691746024463f,0f,0f,0f,0f,1f],start_interpolation:0}
execute if entity @s[tag=aj.tutankhamen.bone.back_cape] run data modify entity @s {} merge value {transformation:[-0.49459210902940726f,-0.7430254665213835f,0.4508789214262778f,0.1358008154133823f,0f,0.5187732581605216f,0.8549118706729466f,1.625f,-0.8691252186456466f,0.4228326651504085f,-0.2565811598616695f,-0.07728001703584489f,0f,0f,0f,1f],start_interpolation:0}
execute if entity @s[tag=aj.tutankhamen.bone.left_hand] run data modify entity @s {} merge value {transformation:[-0.47773929159028317f,0.06313761416107722f,0.8762298847613343f,0.3048547011816213f,-0.25881904510252074f,0.9430295273800398f,-0.20906461293484901f,1.220315884588007f,-0.8395104949689634f,-0.3266633621443118f,-0.4341810413520383f,0.2738143979640879f,0f,0f,0f,1f],start_interpolation:0}
execute if entity @s[tag=aj.tutankhamen.bone.cape_left_back] run data modify entity @s {} merge value {transformation:[-0.4722023793962427f,-0.5592956897562529f,0.6813319633721906f,0.28551983906072936f,-0.2752377603025293f,0.8278373237319718f,0.4888041946832432f,1.3755750421280342f,-0.8374181083521984f,0.043286220167204986f,-0.544846047014624f,0.1989525081094018f,0f,0f,0f,1f],start_interpolation:0}
execute if entity @s[tag=aj.tutankhamen.bone.cape_left_side] run data modify entity @s {} merge value {transformation:[-0.4722023793962427f,-0.5592956897562529f,0.6813319633721906f,0.2741349654198685f,-0.2752377603025293f,0.8278373237319718f,0.4888041946832432f,1.357480417839899f,-0.8374181083521984f,0.043286220167204986f,-0.544846047014624f,0.3979048434162608f,0f,0f,0f,1f],start_interpolation:0}
execute if entity @s[tag=aj.tutankhamen.bone.left_arm] run data modify entity @s {} merge value {transformation:[-0.47773929159028317f,-0.3130886394139888f,0.8208170765406332f,0.16816808143089418f,-0.25881904510252074f,0.9430295273800398f,0.20906461293484896f,1.5f,-0.8395104949689634f,-0.11256471187399784f,-0.5315555610448357f,0.22091511075108616f,0f,0f,0f,1f],start_interpolation:0}
execute if entity @s[tag=aj.tutankhamen.bone.cape_right_back] run data modify entity @s {} merge value {transformation:[0.34069793703566503f,0.22324248157661444f,0.9132840248899339f,-0.13896293403196583f,0.871671209540179f,0.288996020823723f,-0.39581637460673064f,1.239632668312162f,-0.35229847879093024f,0.9309372129029805f,-0.09613369583048004f,-0.4336970275477061f,0f,0f,0f,1f],start_interpolation:0}
execute if entity @s[tag=aj.tutankhamen.bone.cape_right] run data modify entity @s {} merge value {transformation:[0.34069793703566503f,0.22324248157661444f,0.9132840248899339f,-0.31404988759262664f,0.871671209540179f,0.288996020823723f,-0.39581637460673064f,1.4747853884544975f,-0.35229847879093024f,0.9309372129029805f,-0.09613369583048004f,-0.46471024090116897f,0f,0f,0f,1f],start_interpolation:0}
execute if entity @s[tag=aj.tutankhamen.bone.weapon] run data modify entity @s {} merge value {transformation:[0.025927520206114017f,0.6036636066859026f,1.5197057897073503f,-0.4272703595512565f,0.4421788686986679f,1.460684822279747f,-0.5877630233768202f,0.9966245675223261f,-1.5742913597499797f,0.42021158186758995f,-0.1400593256160047f,-0.5154270358615902f,0f,0f,0f,1f],start_interpolation:0}
execute if entity @s[tag=aj.tutankhamen.bone.right_hand] run data modify entity @s {} merge value {transformation:[0.015853770317114303f,0.4968231137465702f,0.8677070079317645f,-0.2026025274308246f,0.2703768878667014f,0.8333554332295652f,-0.4820944517563761f,1.2470451000381315f,-0.9626240161528538f,0.24225093509401835f,-0.12111766168410099f,-0.41866573042493405f,0f,0f,0f,1f],start_interpolation:0}
execute if entity @s[tag=aj.tutankhamen.bone.right_arm] run data modify entity @s {} merge value {transformation:[0.0786988307314036f,0.39964832530908084f,0.9132840248899339f,-0.10403315873398529f,0.4030366228115065f,0.825161122609324f,-0.39581637460673064f,1.5f,-0.9117938224808312f,0.3992371949252317f,-0.09613369583048004f,-0.2574122989566387f,0f,0f,0f,1f],start_interpolation:0}
execute if entity @s[tag=aj.tutankhamen.bone.body] run data modify entity @s {} merge value {transformation:[-0.49459210902940726f,0f,0.8691252186456466f,0f,0f,1f,0f,0.1875f,-0.8691252186456466f,0f,-0.49459210902940726f,0f,0f,0f,0f,1f],start_interpolation:0}
execute if entity @s[tag=aj.tutankhamen.bone.left_foot] run data modify entity @s {} merge value {transformation:[-0.8586675997246974f,-0.16501932051593232f,0.4852407413227857f,0.17481553463691282f,-0.17364817766693033f,0.9844237912811661f,0.027497446291776518f,0.44957311360925056f,-0.4822201401600526f,-0.06065000425453354f,-0.8739481182587122f,0.09817486026233482f,0f,0f,0f,1f],start_interpolation:0}
execute if entity @s[tag=aj.tutankhamen.bone.left_leg] run data modify entity @s {} merge value {transformation:[-0.8586675997246974f,-0.15140626529164064f,0.48965916310579133f,0.08174193108042324f,-0.17364817766693033f,0.984807753012208f,0f,0.875f,-0.4822201401600526f,-0.08502842135123487f,-0.8719139315245146f,0.045905546541167935f,0f,0f,0f,1f],start_interpolation:0}
execute if entity @s[tag=aj.tutankhamen.bone.right_foot] run data modify entity @s {} merge value {transformation:[-0.8586675997246974f,0.08178540578278341f,0.5059655132358055f,-0.17481553463691282f,0.17364817766693033f,0.9752236716571246f,0.13705874883622318f,0.44957311360925056f,-0.4822201401600526f,0.2055478962201807f,-0.8515948560104605f,-0.09817486026233482f,0f,0f,0f,1f],start_interpolation:0}
execute if entity @s[tag=aj.tutankhamen.bone.right_leg] run data modify entity @s {} merge value {transformation:[-0.8586675997246974f,0.15140626529164064f,0.48965916310579133f,-0.08174193108042324f,0.17364817766693033f,0.984807753012208f,0f,0.875f,-0.4822201401600526f,0.08502842135123487f,-0.8719139315245146f,-0.045905546541167935f,0f,0f,0f,1f],start_interpolation:0}