execute if entity @s[tag=aj.tutankhamen.bone.head] run data modify entity @s {} merge value {transformation:[-0.9675203523431962f,-0.09673974359506521f,0.2335504010077023f,0f,0f,0.9238795325112867f,0.3826834323650897f,1.625f,-0.25279313242589785f,0.3702540093177753f,-0.8938722508179875f,0f,0f,0f,0f,1f],start_interpolation:0}
execute if entity @s[tag=aj.tutankhamen.bone.back_cape] run data modify entity @s {} merge value {transformation:[-0.6475500904822703f,-0.7126637029107756f,0.26979497191368407f,0.11906607609422047f,0f,0.35405100885456475f,0.9352261133699513f,1.625f,-0.762022887003011f,0.6056057543340939f,-0.22926576281911248f,-0.10117970163785474f,0f,0f,0f,1f],start_interpolation:0}
execute if entity @s[tag=aj.tutankhamen.bone.left_hand] run data modify entity @s {} merge value {transformation:[-0.6254853562126479f,0.001306392217123531f,0.7802348124141296f,0.350445283378463f,-0.25881904510252074f,0.9430295273800398f,-0.20906461293484901f,1.220315884588007f,-0.7360575867795648f,-0.3327064829977828f,-0.5895130406661838f,0.21236481988022468f,0f,0f,0f,1f],start_interpolation:0}
execute if entity @s[tag=aj.tutankhamen.bone.cape_left_back] run data modify entity @s {} merge value {transformation:[-0.6156647425915521f,-0.5677499041208169f,0.5464585721722014f,0.3154406605915496f,-0.2861373002970629f,0.8072049856280998f,0.5162805018164522f,1.3773065273955394f,-0.7342222893023519f,0.161493521690322f,-0.6594220745043885f,0.14285309466066043f,0f,0f,0f,1f],start_interpolation:0}
execute if entity @s[tag=aj.tutankhamen.bone.cape_left_side] run data modify entity @s {} merge value {transformation:[-0.6156647425915521f,-0.5677499041208169f,0.5464585721722014f,0.3433309550999545f,-0.2861373002970629f,0.8072049856280998f,0.5162805018164522f,1.357480417839899f,-0.7342222893023519f,0.161493521690322f,-0.6594220745043885f,0.34000308667720147f,0f,0f,0f,1f],start_interpolation:0}
execute if entity @s[tag=aj.tutankhamen.bone.left_arm] run data modify entity @s {} merge value {transformation:[-0.6254853562126479f,-0.32855748673273705f,0.7076849914159579f,0.2063070019682698f,-0.25881904510252074f,0.9430295273800398f,0.20906461293484896f,1.5f,-0.7360575867795648f,-0.052395499818650465f,-0.6748880948298003f,0.18579938296231463f,0f,0f,0f,1f],start_interpolation:0}
execute if entity @s[tag=aj.tutankhamen.bone.cape_right_back] run data modify entity @s {} merge value {transformation:[0.5163189006562534f,0.4769054615603283f,0.7113198813185585f,-0.29653362457631977f,0.7711240974740592f,0.10241634765351598f,-0.6283936011992259f,1.2830271974740715f,-0.3725351246794529f,0.872967394847737f,-0.31487379759646583f,-0.4112360289093796f,0f,0f,0f,1f],start_interpolation:0}
execute if entity @s[tag=aj.tutankhamen.bone.cape_right] run data modify entity @s {} merge value {transformation:[0.5163189006562534f,0.4769054615603283f,0.7113198813185585f,-0.3936887666784198f,0.7711240974740592f,0.10241634765351598f,-0.6283936011992259f,1.5606137380041996f,-0.3725351246794529f,0.872967394847737f,-0.31487379759646583f,-0.39072619274142767f,0f,0f,0f,1f],start_interpolation:0}
execute if entity @s[tag=aj.tutankhamen.bone.weapon] run data modify entity @s {} merge value {transformation:[-0.3628146220063198f,1.1853655376088021f,1.066706035381313f,-0.6678242590438013f,0.3669172153348378f,1.1266679958057555f,-1.1271994756604002f,1.1593911274408901f,-1.5518778884823545f,-0.010744444497002958f,-0.5158946111010574f,-0.36595745487501125f,0f,0f,0f,1f],start_interpolation:0}
execute if entity @s[tag=aj.tutankhamen.bone.right_hand] run data modify entity @s {} merge value {transformation:[-0.22184843129048853f,0.8097663843212108f,0.5431957992817165f,-0.3506643925437983f,0.22435702338945493f,0.5845217496590069f,-0.7797424255684673f,1.3066787674015001f,-0.9489189636580002f,-0.05111484127850317f,-0.3113520088441706f,-0.38223007978723866f,0f,0f,0f,1f],start_interpolation:0}
execute if entity @s[tag=aj.tutankhamen.bone.right_arm] run data modify entity @s {} merge value {transformation:[0.020206928243644562f,0.7025779006572211f,0.7113198813185585f,-0.15007542807910013f,0.46608187298648895f,0.6228074900362668f,-0.6283936011992259f,1.5f,-0.8845108070138898f,0.3442312069856791f,-0.31487379759646583f,-0.23358372301422753f,0f,0f,0f,1f],start_interpolation:0}
execute if entity @s[tag=aj.tutankhamen.bone.body] run data modify entity @s {} merge value {transformation:[-0.6475500904822703f,0f,0.762022887003011f,0f,0f,1f,0f,0.1875f,-0.762022887003011f,0f,-0.6475500904822703f,0f,0f,0f,0f,1f],start_interpolation:0}
execute if entity @s[tag=aj.tutankhamen.bone.left_foot] run data modify entity @s {} merge value {transformation:[-0.9601786176240841f,-0.18292617099115713f,0.21117537314757281f,0.19548209160413513f,-0.17364817766693033f,0.9828644598695713f,0.06183659044813226f,0.44957311360925056f,-0.21886829978426953f,0.022703953219864244f,-0.9754902346296108f,0.044559243709820257f,0f,0f,0f,1f],start_interpolation:0}
execute if entity @s[tag=aj.tutankhamen.bone.left_leg] run data modify entity @s {} merge value {transformation:[-0.9601786176240841f,-0.16930539658648244f,0.22224469609913433f,0.09140539879679643f,-0.17364817766693033f,0.984807753012208f,0f,0.875f,-0.21886829978426953f,-0.038592386473755416f,-0.974990920499162f,0.020835440259293844f,0f,0f,0f,1f],start_interpolation:0}
execute if entity @s[tag=aj.tutankhamen.bone.right_foot] run data modify entity @s {} merge value {transformation:[-0.9601786176240841f,0.09234161266318128f,0.26368551122173106f,-0.19548209160413513f,0.17364817766693033f,0.9366078308002486f,0.30432233187297814f,0.44957311360925056f,-0.21886829978426953f,0.33799230443076045f,-0.9153457649954617f,-0.044559243709820257f,0f,0f,0f,1f],start_interpolation:0}
execute if entity @s[tag=aj.tutankhamen.bone.right_leg] run data modify entity @s {} merge value {transformation:[-0.9601786176240841f,0.16930539658648244f,0.22224469609913433f,-0.09140539879679643f,0.17364817766693033f,0.984807753012208f,0f,0.875f,-0.21886829978426953f,0.038592386473755416f,-0.974990920499162f,-0.020835440259293844f,0f,0f,0f,1f],start_interpolation:0}