execute if entity @s[tag=aj.tutankhamen.bone.back_cape] run data modify entity @s {} merge value {transformation:[-0.67559020761566f,-0.45517967879046334f,0.5799908028495279f,0.11519958387658191f,0f,0.7866657143686171f,0.6173791815707048f,1.625f,-0.7372773368101242f,0.4170953294549387f,-0.5314636532944156f,-0.10556096993994687f,0f,0f,0f,1f],start_interpolation:0}
execute if entity @s[tag=aj.tutankhamen.bone.cape_left_back] run data modify entity @s {} merge value {transformation:[-0.663699346618335f,-0.41020908196591976f,0.6254851607920627f,0.33028660906544915f,-0.2257501236521401f,0.9070684101407843f,0.35533615210911695f,1.3666239800328916f,-0.7131199471122923f,0.09463301959330739f,-0.6946254621256076f,0.1286745952015429f,0f,0f,0f,1f],start_interpolation:0}
execute if entity @s[tag=aj.tutankhamen.bone.cape_left_side] run data modify entity @s {} merge value {transformation:[-0.663699346618335f,-0.41020908196591976f,0.6254851607920627f,0.35580398687555614f,-0.2257501236521401f,0.9070684101407843f,0.35533615210911695f,1.357480417839899f,-0.7131199471122923f,0.09463301959330739f,-0.6946254621256076f,0.32692776970353954f,0f,0f,0f,1f],start_interpolation:0}
execute if entity @s[tag=aj.tutankhamen.bone.cape_right_back] run data modify entity @s {} merge value {transformation:[-0.08926217722694209f,0.3230006677305838f,0.9421798301610489f,-0.14483109584959927f,0.6866431583906716f,0.7051929030425093f,-0.17670354420260306f,1.2590158048060631f,-0.7214938923871699f,0.6311683912745275f,-0.2847332525433861f,-0.34177445526036343f,0f,0f,0f,1f],start_interpolation:0}
execute if entity @s[tag=aj.tutankhamen.bone.cape_right] run data modify entity @s {} merge value {transformation:[-0.08926217722694209f,0.3230006677305838f,0.9421798301610489f,-0.3943232685815712f,0.6866431583906716f,0.7051929030425093f,-0.17670354420260306f,1.4104796843552563f,-0.7214938923871699f,0.6311683912745275f,-0.2847332525433861f,-0.3833245628100122f,0f,0f,0f,1f],start_interpolation:0}