execute if entity @s[tag=aj.tutankhamen.bone.head] run data modify entity @s {} merge value {transformation:[-0.9238795325112867f,-0.14644660940672632f,0.3535533905932742f,0f,0f,0.9238795325112867f,0.3826834323650897f,1.625f,-0.3826834323650903f,0.3535533905932737f,-0.8535533905932737f,0f,0f,0f,0f,1f],start_interpolation:0}
execute if entity @s[tag=aj.tutankhamen.bone.back_cape] run data modify entity @s {} merge value {transformation:[-0.5372996083468236f,-0.6634671342127747f,0.5206923205596932f,0.13177991340826345f,0f,0.617379181570705f,0.786665714368617f,1.625f,-0.843391445812886f,0.42267518023013206f,-0.3317175924594223f,-0.08395306380419118f,0f,0f,0f,1f],start_interpolation:0}
execute if entity @s[tag=aj.tutankhamen.bone.left_hand] run data modify entity @s {} merge value {transformation:[-0.5189915681571984f,0.04677630453364151f,0.8534985234409656f,0.31812426394444115f,-0.25881904510252074f,0.9430295273800398f,-0.20906461293484901f,1.220315884588007f,-0.8146535791819439f,-0.32940444414663705f,-0.4773177747606866f,0.2582782725178002f,0f,0f,0f,1f],start_interpolation:0}
execute if entity @s[tag=aj.tutankhamen.bone.cape_left_back] run data modify entity @s {} merge value {transformation:[-0.5189915681571984f,-0.512785547595972f,0.6838850300733536f,0.298021309624575f,-0.25881904510252074f,0.8567866719650288f,0.4460149107768816f,1.3727918058897401f,-0.8146535791819439f,0.05447550752209264f,-0.57738372423048f,0.18428312893061552f,0f,0f,0f,1f],start_interpolation:0}
execute if entity @s[tag=aj.tutankhamen.bone.cape_left_side] run data modify entity @s {} merge value {transformation:[-0.5189915681571984f,-0.512785547595972f,0.6838850300733536f,0.2936281133899681f,-0.25881904510252074f,0.8567866719650288f,0.4460149107768816f,1.357480417839899f,-0.8146535791819439f,0.05447550752209264f,-0.57738372423048f,0.38374571620660425f,0f,0f,0f,1f],start_interpolation:0}
execute if entity @s[tag=aj.tutankhamen.bone.left_arm] run data modify entity @s {} merge value {transformation:[-0.5189915681571984f,-0.31831033332723746f,0.793300878531491f,0.17897074460843176f,-0.25881904510252074f,0.9430295273800398f,0.20906461293484896f,1.5f,-0.8146535791819439f,-0.09681860454727632f,-0.5718091497515291f,0.21225800890570898f,0f,0f,0f,1f],start_interpolation:0}
execute if entity @s[tag=aj.tutankhamen.bone.cape_right_back] run data modify entity @s {} merge value {transformation:[0.18835742156539034f,0.2521222581030464f,0.9491869408658439f,-0.12301496507602555f,0.8401338270611738f,0.45917114995114805f,-0.288681498679922f,1.2384154137876786f,-0.5086222904757355f,0.8518193599710923f,-0.12532814372540396f,-0.3999196381417474f,0f,0f,0f,1f],start_interpolation:0}
execute if entity @s[tag=aj.tutankhamen.bone.cape_right] run data modify entity @s {} merge value {transformation:[0.18835742156539034f,0.2521222581030464f,0.9491869408658439f,-0.3308808531728943f,0.8401338270611738f,0.45917114995114805f,-0.288681498679922f,1.4418566989359676f,-0.5086222904757355f,0.8518193599710923f,-0.12532814372540396f,-0.4480598350972301f,0f,0f,0f,1f],start_interpolation:0}
execute if entity @s[tag=aj.tutankhamen.bone.weapon] run data modify entity @s {} merge value {transformation:[-0.054954538111001656f,0.36774591804949747f,1.5925861396200995f,-0.37393995376059597f,0.4955136184567183f,1.5222441958522928f,-0.33440474836498374f,0.9516092825878941f,-1.557573088582378f,0.4712995030371355f,-0.1625746775239399f,-0.5048157567941365f,0f,0f,0f,1f],start_interpolation:0}
execute if entity @s[tag=aj.tutankhamen.bone.right_hand] run data modify entity @s {} merge value {transformation:[-0.0336027748958991f,0.36031970668144525f,0.9322234509474073f,-0.1910810282037884f,0.30298921892894876f,0.8925272094711576f,-0.33405495590763823f,1.2309091869353064f,-0.9524013790057853f,0.27122848178358033f,-0.13916437740044327f,-0.39944495960280685f,0f,0f,0f,1f],start_interpolation:0}
execute if entity @s[tag=aj.tutankhamen.bone.right_arm] run data modify entity @s {} merge value {transformation:[-0.009196595100653349f,0.31457840664657194f,0.9491869408658439f,-0.11673478134328437f,0.37261709396214354f,0.8819407540232628f,-0.288681498679922f,1.5f,-0.9279396122193307f,0.35102839267583874f,-0.12532814372540396f,-0.25190669025464196f,0f,0f,0f,1f],start_interpolation:0}
execute if entity @s[tag=aj.tutankhamen.bone.body] run data modify entity @s {} merge value {transformation:[-0.5372996083468236f,0f,0.843391445812886f,0f,0f,1f,0f,0.1875f,-0.843391445812886f,0f,-0.5372996083468236f,0f,0f,0f,0f,1f],start_interpolation:0}
execute if entity @s[tag=aj.tutankhamen.bone.left_foot] run data modify entity @s {} merge value {transformation:[-0.7976436536520655f,-0.1488212185071232f,0.5844799797346689f,0.1623917122383949f,-0.17364817766693033f,0.9847117579008383f,0.013750063446944894f,0.44957311360925056f,-0.5775906094990967f,-0.09052623251796078f,-0.8112916177581069f,0.11759126725314674f,0f,0f,0f,1f],start_interpolation:0}
execute if entity @s[tag=aj.tutankhamen.bone.left_leg] run data modify entity @s {} merge value {transformation:[-0.7976436536520655f,-0.14064609712973725f,0.5865008756606902f,0.07593268056750782f,-0.17364817766693033f,0.984807753012208f,0f,0.875f,-0.5775906094990967f,-0.10184480825853774f,-0.8099485927200835f,0.054984457093189706f,0f,0f,0f,1f],start_interpolation:0}
execute if entity @s[tag=aj.tutankhamen.bone.right_foot] run data modify entity @s {} merge value {transformation:[-0.7976436536520655f,0.09939125737204585f,0.5948831647866559f,-0.1623917122383949f,0.17364817766693033f,0.9824088108221348f,0.0686967161660072f,0.44957311360925056f,-0.5775906094990967f,0.1580958771664919f,-0.800871263962829f,-0.11759126725314674f,0f,0f,0f,1f],start_interpolation:0}
execute if entity @s[tag=aj.tutankhamen.bone.right_leg] run data modify entity @s {} merge value {transformation:[-0.7976436536520655f,0.14064609712973725f,0.5865008756606902f,-0.07593268056750782f,0.17364817766693033f,0.984807753012208f,0f,0.875f,-0.5775906094990967f,0.10184480825853774f,-0.8099485927200835f,-0.054984457093189706f,0f,0f,0f,1f],start_interpolation:0}