execute if entity @s[tag=aj.tutankhamen.bone.head] run data modify entity @s {} merge value {transformation:[-0.5875388837854375f,0.12417772043067689f,-0.7996111266039279f,0f,0.1050348264519118f,0.9914985994762788f,0.0767998207601705f,1.625f,0.8023501388249266f,-0.03886413494750901f,-0.5955869657257474f,0f,0f,0f,0f,1f],start_interpolation:0}
execute if entity @s[tag=aj.tutankhamen.bone.back_cape] run data modify entity @s {} merge value {transformation:[0.3753077240223164f,0.32816997603780024f,-0.8668613378831347f,-0.1448281673361065f,0f,0.9352261133699511f,0.35405100885456514f,1.625f,0.9269002709510816f,-0.13287807832101184f,0.35099758405511317f,0.058641831878486934f,0f,0f,0f,1f],start_interpolation:0}
execute if entity @s[tag=aj.tutankhamen.bone.left_hand] run data modify entity @s {} merge value {transformation:[0.2874922528483264f,-0.2180632562174584f,-0.9326288762632394f,-0.20926372493803924f,-0.2837700890227926f,0.9106252313751716f,-0.30039344959388087f,1.208199569216833f,0.9147801599992154f,0.35101296880707133f,0.19991786963914843f,-0.33818740000387215f,0f,0f,0f,1f],start_interpolation:0}
execute if entity @s[tag=aj.tutankhamen.bone.cape_left_back] run data modify entity @s {} merge value {transformation:[0.37019865803965757f,0.10145291973764414f,-0.9233960464840336f,-0.24049686848974694f,-0.1808134107813934f,0.9828765916423642f,0.03549811379620587f,1.3365870560192787f,0.9111857461940652f,0.1538210345765377f,0.3822036436960901f,-0.25432415027376787f,0f,0f,0f,1f],start_interpolation:0}
execute if entity @s[tag=aj.tutankhamen.bone.cape_left_side] run data modify entity @s {} merge value {transformation:[0.37019865803965757f,0.10145291973764414f,-0.9233960464840336f,-0.18291590299793925f,-0.1808134107813934f,0.9828765916423642f,0.03549811379620587f,1.3604018872293457f,0.9111857461940652f,0.1538210345765377f,0.3822036436960901f,-0.44447237857860183f,0f,0f,0f,1f],start_interpolation:0}
execute if entity @s[tag=aj.tutankhamen.bone.left_arm] run data modify entity @s {} merge value {transformation:[0.36251942343892557f,0.1106072554542514f,-0.9253894870109486f,-0.13747538534922982f,-0.2588190451025207f,0.9658236621758647f,0.014048326356568618f,1.5f,0.8953169101059848f,0.23441563220502004f,0.37875710139374597f,-0.2412146516971829f,0f,0f,0f,1f],start_interpolation:0}
execute if entity @s[tag=aj.tutankhamen.bone.cape_right_back] run data modify entity @s {} merge value {transformation:[-0.9480183653693021f,-0.2740111331348745f,-0.16179949888877537f,0.11023337191633649f,0.17021893049877215f,-0.007067348938352859f,-0.9853809254693529f,1.4141733496474098f,0.2688618504406508f,-0.9617005518856303f,0.05334185861500656f,0.45995782965581405f,0f,0f,0f,1f],start_interpolation:0}
execute if entity @s[tag=aj.tutankhamen.bone.cape_right] run data modify entity @s {} merge value {transformation:[-0.9480183653693021f,-0.2740111331348745f,-0.16179949888877537f,0.0025553770495768957f,0.17021893049877215f,-0.007067348938352859f,-0.9853809254693529f,1.6871152889051813f,0.2688618504406508f,-0.9617005518856303f,0.05334185861500656f,0.4886320291334141f,0f,0f,0f,1f],start_interpolation:0}
execute if entity @s[tag=aj.tutankhamen.bone.weapon] run data modify entity @s {} merge value {transformation:[-1.3227243234110402f,0.03894415515683619f,-0.9609741883354816f,0.3155199495259168f,0.2672049171293631f,1.5846236576558328f,-0.3035738286981482f,1.5915940804482236f,0.9238991125278816f,-0.4025405445264891f,-1.2880059058457851f,0.8529371820426475f,0f,0f,0f,1f],start_interpolation:0}
execute if entity @s[tag=aj.tutankhamen.bone.right_hand] run data modify entity @s {} merge value {transformation:[-0.8087995862895532f,-0.5854889333387381f,-0.05519001862397152f,0.1285012434768113f,0.16338644614279527f,-0.1335632258383391f,-0.9774792754429552f,1.4810151883417362f,0.5649319414183225f,-0.7996021345903997f,0.20368683787569897f,0.5784464894259029f,0f,0f,0f,1f],start_interpolation:0}
execute if entity @s[tag=aj.tutankhamen.bone.right_arm] run data modify entity @s {} merge value {transformation:[-0.9351638641905162f,-0.31510231556052226f,-0.16179949888877537f,0.06907709710507212f,0.17036519322535215f,0.0003642230781792932f,-0.9853809254693529f,1.5f,0.3105547424360963f,-0.9490576368534982f,0.05334185861500656f,0.2689095469220997f,0f,0f,0f,1f],start_interpolation:0}
execute if entity @s[tag=aj.tutankhamen.bone.body] run data modify entity @s {} merge value {transformation:[0.3753077240223164f,0f,-0.9269002709510816f,0f,0f,1f,0f,0.1875f,0.9269002709510816f,0f,0.3753077240223164f,0f,0f,0f,0f,1f],start_interpolation:0}
execute if entity @s[tag=aj.tutankhamen.bone.left_foot] run data modify entity @s {} merge value {transformation:[-0.6320565419593959f,0.09340323681431195f,-0.7692726195042563f,0.09244204775642478f,0.18782911149427398f,0.9815727235160904f,-0.03514560177997411f,0.4482703782249561f,0.7518143072871134f,-0.16670580014448952f,-0.6379533082887678f,0.02042157346969216f,0f,0f,0f,1f],start_interpolation:0}
execute if entity @s[tag=aj.tutankhamen.bone.left_leg] run data modify entity @s {} merge value {transformation:[-0.6320565419593959f,-0.03619540928926833f,-0.7740764950007931f,0.056854789256138766f,0.18782911149427398f,0.9619656275219379f,-0.19834907698700208f,0.875f,0.7518143072871134f,-0.2707619319858433f,-0.6012181164483417f,-0.07454257467139198f,0f,0f,0f,1f],start_interpolation:0}
execute if entity @s[tag=aj.tutankhamen.bone.right_foot] run data modify entity @s {} merge value {transformation:[-0.5972377307234202f,0.26552862974389735f,-0.756836600453934f,0.18711142505124456f,0.17364817766693036f,0.9640371808788812f,0.2011930025524083f,0.6394963463413547f,0.7830411249693682f,-0.011263244178628617f,-0.6218679409145313f,0.3527535160269626f,0f,0f,0f,1f],start_interpolation:0}
execute if entity @s[tag=aj.tutankhamen.bone.right_leg] run data modify entity @s {} merge value {transformation:[-0.5972377307234202f,-0.6002968991828348f,-0.5319311288426473f,-0.056854789256138766f,0.17364817766693036f,0.5506975067673987f,-0.816442628990626f,0.875f,0.7830411249693682f,-0.5799792141720637f,-0.22465686665459833f,0.07454257467139198f,0f,0f,0f,1f],start_interpolation:0}