execute if entity @s[tag=aj.convict.bone.left_leg_2] run data modify entity @s {} merge value {transformation:[0.06970933951390507f,0.2471305898585243f,-0.966471458213181f,0.25463989948480187f,-0.31480782380863526f,0.9247713854759982f,0.21376135916875516f,0.593862148807969f,0.9465921202151465f,0.2893516133720013f,0.14226384567279723f,-0.24195372980064034f,0f,0f,0f,1f],start_interpolation:0}
execute if entity @s[tag=aj.convict.bone.left_leg] run data modify entity @s {} merge value {transformation:[0.41104104334146024f,-0.2650593569920796f,-0.8722320780387f,0.171808850424777f,-0.3706431463866288f,0.8255536111808655f,-0.42554070675183614f,0.8518476523019893f,0.8328678879182362f,0.49820153787114846f,0.2410939836193322f,-0.08626574921590645f,0f,0f,0f,1f],start_interpolation:0}
execute if entity @s[tag=aj.convict.bone.right_leg_2] run data modify entity @s {} merge value {transformation:[0.5809018179860151f,0.26650627606599675f,-0.769108238597128f,0.16019202082444572f,-0.05276787414418189f,0.9552233365822446f,0.29114245431916497f,0.5562411232810451f,0.812261429170957f,-0.12854097426936675f,0.5689539424373784f,0.19633008472198493f,0f,0f,0f,1f],start_interpolation:0}
execute if entity @s[tag=aj.convict.bone.right_leg] run data modify entity @s {} merge value {transformation:[0.22692075895373753f,0.18689847630491757f,-0.9558116596436557f,0.21859779466973248f,0.074989983638023f,0.9751468823539435f,0.20848275753489237f,0.8609745240166524f,0.9710218697381786f,-0.11898536628629527f,0.20726555695505078f,0.15914715775751764f,0f,0f,0f,1f],start_interpolation:0}
execute if entity @s[tag=aj.convict.bone.head] run data modify entity @s {} merge value {transformation:[-0.4395439544379062f,-0.7900726763658081f,-0.4273011563022692f,-0.5611335015156471f,-0.05576602095291905f,0.4988050191668757f,-0.8649183220171782f,1.3218208507432674f,0.8964882949733177f,-0.35634073428967006f,-0.26330594004262864f,-0.05033797232582343f,0f,0f,0f,1f],start_interpolation:0}
execute if entity @s[tag=aj.convict.bone.left_axe] run data modify entity @s {} merge value {transformation:[1.782264894884857f,-0.2995511918629659f,1.8880748174104205f,-1.2183699890838908f,-1.7131877225423093f,0.8951253131688601f,1.7591941590624665f,0.8285006869495616f,-0.8482601369958446f,-2.4372208240950757f,0.4140470780067934f,-1.2109625576292202f,0f,0f,0f,1f],start_interpolation:0}
execute if entity @s[tag=aj.convict.bone.left_arm_2] run data modify entity @s {} merge value {transformation:[0.7343942561289236f,0.6787204165754199f,-0.001916425978829489f,-0.3774376341137178f,-0.5763955495315707f,0.6221800589629208f,-0.5297736730992724f,1.620425847174499f,-0.35837584606812245f,0.3901673619776319f,0.8481368890706101f,-0.6658417563512242f,0f,0f,0f,1f],start_interpolation:0}
execute if entity @s[tag=aj.convict.bone.left_arm] run data modify entity @s {} merge value {transformation:[0.7343942561289236f,0.12356023763966781f,-0.6673814083710099f,-0.23333092082791504f,-0.5763955495315707f,-0.4056529189220258f,-0.7093756972509269f,1.4426991957781987f,-0.35837584606812245f,0.9056371111236932f,-0.22668960256370002f,-0.2906086180690032f,0f,0f,0f,1f],start_interpolation:0}
execute if entity @s[tag=aj.convict.bone.right_axe] run data modify entity @s {} merge value {transformation:[-0.8012826161762527f,0.3210076526700559f,-0.5048764759235672f,-0.5935408929061772f,0.3955184439684485f,0.917382417102372f,-0.044437160937521925f,0.19998667674039305f,0.44890013309701415f,-0.23529468272502602f,-0.8620470304959078f,0.6078317607716854f,0f,0f,0f,1f],start_interpolation:0}
execute if entity @s[tag=aj.convict.bone.right_arm_2] run data modify entity @s {} merge value {transformation:[-0.8012826161762527f,-0.0526768314512803f,-0.5959625159705877f,-0.6348465371146449f,0.3955184439684485f,0.7007567753391976f,-0.5937214012455564f,0.5796394594198893f,0.44890013309701415f,-0.7114528046500788f,-0.5406695638382283f,0.2758808734332573f,0f,0f,0f,1f],start_interpolation:0}
execute if entity @s[tag=aj.convict.bone.right_arm] run data modify entity @s {} merge value {transformation:[-0.9763594650667734f,0.011033671205675638f,-0.21587138085964236f,-0.5461445910526008f,0.05018451056994769f,0.9829780603520155f,-0.1767360963851028f,1.0080963172451114f,0.2102467832652346f,-0.18339136011904877f,-0.960293652566915f,0.23452750303800662f,0f,0f,0f,1f],start_interpolation:0}
execute if entity @s[tag=aj.convict.bone.body] run data modify entity @s {} merge value {transformation:[-0.4170848936329143f,-0.865998645013919f,-0.27583788415893207f,0.15151139719344145f,-0.5794705047107832f,0.48718985802303205f,-0.6533452199333274f,0.9209040952472601f,0.7001814948093463f,-0.11266050360953396f,-0.705020202017641f,0.04237225724046047f,0f,0f,0f,1f],start_interpolation:0}