execute if entity @s[tag=aj.convict.bone.left_leg_2] run data modify entity @s {} merge value {transformation:[-0.6494157831297865f,-0.6524035680893823f,-0.39067726446028167f,0.2902834634188897f,-0.24465729886829185f,0.6656960922158315f,-0.7049762541526077f,0.7473523622693232f,0.720001351896229f,-0.36224066192631327f,-0.5919288437935668f,0.12526335992748067f,0f,0f,0f,1f],start_interpolation:0}
execute if entity @s[tag=aj.convict.bone.left_leg] run data modify entity @s {} merge value {transformation:[-0.5823984239921928f,-0.8113610640131631f,-0.050052967293037265f,0.036733130914776264f,-0.13673472340315876f,0.1584724407381658f,-0.9778497333140456f,0.796875f,0.8013212159597871f,-0.5626541649449652f,-0.2032353304000364f,-0.05056606661782097f,0f,0f,0f,1f],start_interpolation:0}
execute if entity @s[tag=aj.convict.bone.right_leg_2] run data modify entity @s {} merge value {transformation:[-0.6280060470766976f,0.12555179617723272f,-0.768013770261817f,-0.13828637444478797f,0.02496334788972139f,0.989642016226146f,0.14137012054173623f,0.4859957791087182f,0.7778079686511558f,0.06960909564502973f,-0.6246353637973469f,0.13681594609310468f,0f,0f,0f,1f],start_interpolation:0}
execute if entity @s[tag=aj.convict.bone.right_leg] run data modify entity @s {} merge value {transformation:[-0.5417752531372091f,0.08987834144146933f,-0.8357041694450517f,-0.1101993927443288f,0.008712776773881782f,0.9948135068521017f,0.10134186748581189f,0.796875f,0.8404782344647608f,0.04762321203314622f,-0.5397484294248984f,0.1516981998534629f,0f,0f,0f,1f],start_interpolation:0}
execute if entity @s[tag=aj.convict.bone.head] run data modify entity @s {} merge value {transformation:[-0.5533386583429134f,0.14288500172766572f,-0.8206096547473405f,-0.036733130914776264f,0.31908157090923656f,0.9463876772050981f,-0.05037177325082905f,1.697916875f,0.7694174941404428f,-0.28971406716903486f,-0.5692648583875678f,0.05056606661782097f,0f,0f,0f,1f],start_interpolation:0}
execute if entity @s[tag=aj.convict.bone.left_axe] run data modify entity @s {} merge value {transformation:[0.09042346403732215f,0.8437028287405519f,-2.877497025876252f,1.724624672635949f,-2.992927527617173f,-0.15217066125342527f,-0.13866832473584617f,1.4918477162662565f,-0.18495516100623421f,2.8748929765521507f,0.8371272076502307f,-1.3174324838528735f,0f,0f,0f,1f],start_interpolation:0}
execute if entity @s[tag=aj.convict.bone.left_arm_2] run data modify entity @s {} merge value {transformation:[0.22605203002487434f,-0.7811737217582119f,-0.5819519706608582f,0.5665517092269369f,-0.9254395340500929f,0.014267024930291278f,-0.37862662454822815f,1.5285167587288901f,0.3040758927287391f,0.6241506776685112f,-0.7197039551281891f,-0.45753087008216325f,0f,0f,0f,1f],start_interpolation:0}
execute if entity @s[tag=aj.convict.bone.left_arm] run data modify entity @s {} merge value {transformation:[0.22605203002487434f,-0.7325362884363631f,-0.6420989533128909f,0.3038622912706057f,-0.9254395340500929f,0.04426392850167338f,-0.3763009081184169f,1.5f,0.3040758927287391f,0.6792873403483062f,-0.6679120905506536f,-0.10634077958833209f,0f,0f,0f,1f],start_interpolation:0}
execute if entity @s[tag=aj.convict.bone.right_axe] run data modify entity @s {} merge value {transformation:[0.15501970684220406f,0.9244540327147224f,-0.34835848186608553f,-1.0929740470857023f,0.9194891104213546f,-0.00606859931900583f,0.393068630036602f,1.2868050223022771f,0.36125983212516566f,-0.3812452143959212f,-0.8509661686536691f,0.6609126899599976f,0f,0f,0f,1f],start_interpolation:0}
execute if entity @s[tag=aj.convict.bone.right_arm_2] run data modify entity @s {} merge value {transformation:[0.15501970684220406f,0.521351487571821f,-0.8391433232155315f,-0.8068154562756601f,0.9194891104213546f,0.23447047737895954f,0.3155366397967572f,1.4298304694292745f,0.36125983212516566f,-0.8204975451787357f,-0.4430294708578259f,0.2688785516196432f,0f,0f,0f,1f],start_interpolation:0}
execute if entity @s[tag=aj.convict.bone.right_arm] run data modify entity @s {} merge value {transformation:[-0.3147907361870101f,0.9113281765676989f,-0.2653068921167199f,-0.3773285531001582f,0.945718405673197f,0.3249324263217166f,-0.005967871951424328f,1.5f,0.08076812231187866f,-0.25278424183179377f,-0.9641455478815107f,0.207472912823974f,0f,0f,0f,1f],start_interpolation:0}
execute if entity @s[tag=aj.convict.bone.body] run data modify entity @s {} merge value {transformation:[-0.9082544591610187f,0f,-0.41841825654974146f,-0.036733130914776264f,0f,1f,0f,0.875f,0.41841825654974146f,0f,-0.9082544591610187f,0.05056606661782097f,0f,0f,0f,1f],start_interpolation:0}