execute if entity @s[tag=aj.convict.bone.left_leg_2] run data modify entity @s {} merge value {transformation:[0.9127704125952802f,0.4075902197068699f,-0.026840020304516106f,-0.22510135883227594f,-0.33836004218455307f,0.791272699755566f,0.5093132596687474f,0.5320355760123339f,0.2288288787358555f,-0.45580448376561944f,0.8601625525652973f,-0.01622969871706533f,0f,0f,0f,1f],start_interpolation:0}
execute if entity @s[tag=aj.convict.bone.left_leg] run data modify entity @s {} merge value {transformation:[0.8495984856826229f,0.5235348699157145f,0.06398166228013702f,-0.061496711983615185f,-0.5115647702551133f,0.8474861567605319f,-0.1416640389551853f,0.796875f,-0.12838963727508126f,0.08762678860713098f,0.987844950869707f,0.0111536727226631f,0f,0f,0f,1f],start_interpolation:0}
execute if entity @s[tag=aj.convict.bone.right_leg_2] run data modify entity @s {} merge value {transformation:[0.9393307847538016f,-0.10841149258962408f,0.32542990810356764f,0.2168487319016601f,-0.05889755167799096f,0.8836730867971146f,0.4643844894877494f,0.5120501549094431f,-0.3379182670708185f,-0.45537767176811494f,0.8236761625996623f,0.09097361883968699f,0f,0f,0f,1f],start_interpolation:0}
execute if entity @s[tag=aj.convict.bone.right_leg] run data modify entity @s {} merge value {transformation:[0.9724546248598454f,-0.10354750704260647f,0.20882987423728055f,0.18449013595084557f,0.00871695187206909f,0.9114395042897823f,0.4113417615196105f,0.796875f,-0.23292921100359457f,-0.39819083842456415f,0.8872361798619266f,-0.0334610181679893f,0f,0f,0f,1f],start_interpolation:0}
execute if entity @s[tag=aj.convict.bone.head] run data modify entity @s {} merge value {transformation:[0.8353267459506312f,-0.3056945611759745f,-0.4569245701064435f,0.020262677976142292f,0.29448723217007444f,0.9506537882301686f,-0.0976455068727626f,1.6955325646944346f,0.46422677388140643f,-0.05299254844842291f,0.8841296806581052f,0.03594460617593014f,0f,0f,0f,1f],start_interpolation:0}
execute if entity @s[tag=aj.convict.bone.left_axe] run data modify entity @s {} merge value {transformation:[0.7232236014735329f,0.4555704670977567f,2.6734984915314253f,-1.6139511897830396f,-2.7109781756075173f,0.044171375573060334f,0.7258355415660936f,1.020702038040084f,0.07573616106070713f,-2.7692409522338672f,0.4513973801646074f,-1.1768185302146996f,0f,0f,0f,1f],start_interpolation:0}
execute if entity @s[tag=aj.convict.bone.left_arm_2] run data modify entity @s {} merge value {transformation:[0.34528686859317775f,0.8684509673604961f,-0.3557666309081503f,-0.4601791031184157f,-0.9384931661917496f,0.3184041983582755f,-0.13360143516897088f,1.480057736341176f,-0.002748706696309264f,0.3800153730554098f,0.9249760866384897f,-0.6221787172882516f,0f,0f,0f,1f],start_interpolation:0}
execute if entity @s[tag=aj.convict.bone.left_arm] run data modify entity @s {} merge value {transformation:[0.34528686859317775f,0.5072600411288088f,-0.7895975107933894f,-0.17316014799047424f,-0.9384931661917496f,0.18416344548163874f,-0.2920862926597485f,1.506050816180089f,-0.002748706696309264f,0.8418854292730871f,0.5396493014812185f,-0.29036868927002596f,0f,0f,0f,1f],start_interpolation:0}
execute if entity @s[tag=aj.convict.bone.right_axe] run data modify entity @s {} merge value {transformation:[0.5260106899963045f,-0.27190788626557244f,-0.8058404652263376f,0.5876737548966772f,0.7874886923582041f,0.5135728418142447f,0.34074109754886706f,0.8757907264428013f,0.3212075861768796f,-0.813823714042193f,0.4842691906832328f,0.8649114500800752f,0f,0f,0f,1f],start_interpolation:0}
execute if entity @s[tag=aj.convict.bone.right_arm_2] run data modify entity @s {} merge value {transformation:[0.5260106899963045f,-0.7062836229845586f,-0.47378919142738724f,0.2595451440643147f,0.7874886923582041f,0.6148747670020414f,-0.04231524916801395f,1.2137949070564642f,0.3212075861768796f,-0.3508453573983713f,0.8796210671501857f,0.680199317599717f,0f,0f,0f,1f],start_interpolation:0}
execute if entity @s[tag=aj.convict.bone.right_arm] run data modify entity @s {} merge value {transformation:[0.2576428897857067f,-0.1390553174643543f,-0.9561818655610228f,0.23351961210684957f,0.6442833318273206f,0.7622077772178364f,0.06275581788274208f,1.4903274475637955f,0.7200827241868513f,-0.6322206284466939f,0.28596843758378354f,0.3396030151791018f,0f,0f,0f,1f],start_interpolation:0}
execute if entity @s[tag=aj.convict.bone.body] run data modify entity @s {} merge value {transformation:[0.5422396801297651f,-0.050107167880684055f,-0.8387284429538245f,0.061496711983615185f,-0.020964491488391187f,0.9971026109951077f,-0.07312231699947866f,0.875f,0.839962272598837f,0.057233337083521636f,0.5396181295479987f,-0.0111536727226631f,0f,0f,0f,1f],start_interpolation:0}