execute if entity @s[tag=aj.convict.bone.left_leg_2] run data modify entity @s {} merge value {transformation:[-0.9112702656023297f,-0.14658736574588604f,0.3848358705120159f,0.06707414679228442f,-0.11771149259475945f,0.9882309340393534f,0.09769148130119099f,0.5167853351569558f,-0.39462704866769227f,0.043723737390448325f,-0.9178004833559623f,0.16541031254024585f,0f,0f,0f,1f],start_interpolation:0}
execute if entity @s[tag=aj.convict.bone.left_leg] run data modify entity @s {} merge value {transformation:[-0.9208537176781025f,0.03097246423746286f,0.38867613394377104f,0.07675304186649157f,-0.13188356184031538f,0.9133433832578186f,-0.38524095106241385f,0.802205142425024f,-0.36692663674735976f,-0.4060105549344999f,-0.83697089108705f,0.038532014123214636f,0f,0f,0f,1f],start_interpolation:0}
execute if entity @s[tag=aj.convict.bone.right_leg_2] run data modify entity @s {} merge value {transformation:[-0.9529428866740671f,-0.10396342027752467f,0.2847656264044083f,-0.12693553772388044f,-0.06652404373476727f,0.9881746308556119f,0.13815010147860943f,0.47393418167194346f,-0.29576072481394666f,0.11270539551225608f,-0.9485900523829854f,-0.07677323912897743f,0f,0f,0f,1f],start_interpolation:0}
execute if entity @s[tag=aj.convict.bone.right_leg] run data modify entity @s {} merge value {transformation:[-0.9444440969136756f,-0.0877408050379271f,0.31674421689465504f,-0.15435453929823265f,-0.060891810892273496f,0.9937356451232248f,0.09371048488716675f,0.7844765707729512f,-0.32298225209935527f,0.06921718531423224f,-0.9438704604372381f,-0.055142868718279864f,0f,0f,0f,1f],start_interpolation:0}
execute if entity @s[tag=aj.convict.bone.head] run data modify entity @s {} merge value {transformation:[-0.9969108018466809f,-0.044257271157637626f,-0.06488564641804234f,-0.0901519198012305f,-0.03991229755076525f,0.996968071533216f,-0.0667957547121045f,1.6912389335812996f,0.06764511560805447f,-0.06399967416338767f,-0.995654648982946f,-0.06309323939405095f,0f,0f,0f,1f],start_interpolation:0}
execute if entity @s[tag=aj.convict.bone.left_axe] run data modify entity @s {} merge value {transformation:[-0.9436231891341266f,-0.29798385729708715f,0.14415581056166296f,0.45483660418368027f,-0.1599954463717684f,0.7918097514230577f,0.5894393732112357f,0.5477198830174966f,-0.28978739459928105f,0.5331443878929094f,-0.7948461030851542f,0.09699779400365288f,0f,0f,0f,1f],start_interpolation:0}
execute if entity @s[tag=aj.convict.bone.left_arm_2] run data modify entity @s {} merge value {transformation:[-0.9843711472432064f,-0.16067137238131604f,-0.07209822863426368f,0.3947820264068443f,-0.16019547801697137f,0.9870077574196399f,-0.012373181335757807f,1.1104482784279233f,0.07314952698417215f,-0.0006299925062853706f,-0.9973207858113827f,0.0530627959333413f,0f,0f,0f,1f],start_interpolation:0}
execute if entity @s[tag=aj.convict.bone.left_arm] run data modify entity @s {} merge value {transformation:[-0.9843711472432064f,-0.16067137238131604f,-0.07209822863426368f,0.2570701736852461f,-0.16019547801697137f,0.9870077574196399f,-0.012373181335757807f,1.5234519073715362f,0.07314952698417215f,-0.0006299925062853706f,-0.9973207858113827f,0.11320316170454864f,0f,0f,0f,1f],start_interpolation:0}
execute if entity @s[tag=aj.convict.bone.right_axe] run data modify entity @s {} merge value {transformation:[-0.8499986080532559f,-0.2524386361798102f,0.46236035867189723f,-0.40550716511539514f,0.07063513887868614f,0.8151592179180801f,0.5749140167005611f,0.528941626319009f,-0.5220278186678529f,0.5213350020925716f,-0.6750531624472415f,-0.28210074291501f,0f,0f,0f,1f],start_interpolation:0}
execute if entity @s[tag=aj.convict.bone.right_arm_2] run data modify entity @s {} merge value {transformation:[-0.8262911564257156f,0.026223884364696075f,0.5626324134828006f,-0.43256885139886714f,0.0031860729292714344f,0.999117190586817f,-0.041889001100475706f,1.0338858436013667f,-0.5632342086130274f,-0.032819923259101935f,-0.8256452500228675f,-0.3003431608779143f,0f,0f,0f,1f],start_interpolation:0}
execute if entity @s[tag=aj.convict.bone.right_arm] run data modify entity @s {} merge value {transformation:[-0.810881150636124f,-0.02295205316832074f,0.5847606029807364f,-0.4148467097584152f,-0.02178112169969207f,0.9997219300208577f,0.009035782914324112f,1.464601572527707f,-0.5848053883819291f,-0.005409795812243379f,-0.8111555903947966f,-0.214766867158039f,0f,0f,0f,1f],start_interpolation:0}
execute if entity @s[tag=aj.convict.bone.body] run data modify entity @s {} merge value {transformation:[-0.8958891779248818f,-0.05691102269397653f,0.4406174263156253f,-0.04331887885284924f,-0.07846711312510553f,0.9964395084132069f,-0.030841826000717883f,0.8712520471913672f,-0.4372933718167835f,-0.062204835577086406f,-0.8971650156999749f,-0.011903830491066185f,0f,0f,0f,1f],start_interpolation:0}