execute if entity @s[tag=aj.convict.bone.left_leg_2] run data modify entity @s {} merge value {transformation:[-0.7963685624421191f,-0.1207134570842473f,0.5926427035175935f,-0.01810853979125119f,-0.03876040615867941f,0.9880518254972754f,0.1491684318008194f,0.5114179382410943f,-0.6035683421687115f,0.09582197769964407f,-0.7915323145149806f,0.1456958912724204f,0f,0f,0f,1f],start_interpolation:0}
execute if entity @s[tag=aj.convict.bone.left_leg] run data modify entity @s {} merge value {transformation:[-0.7963685624421191f,0.2166179953902508f,0.5646890797837177f,0.04958458376820219f,-0.03876040615867941f,0.9134625976284984f,-0.4050724794999166f,0.796875f,-0.6035683421687115f,-0.34447456627000117f,-0.719056694235446f,0.03804758931304505f,0f,0f,0f,1f],start_interpolation:0}
execute if entity @s[tag=aj.convict.bone.right_leg_2] run data modify entity @s {} merge value {transformation:[-0.8259689043712175f,-0.15874223466952497f,0.540903200160561f,-0.10656710098536737f,0.008734339513975693f,0.9558129092942546f,0.29384586731772805f,0.494462323778862f,-0.5636480110184591f,0.24743198127683233f,-0.7880852329008305f,-0.18064923225360152f,0f,0f,0f,1f],start_interpolation:0}
execute if entity @s[tag=aj.convict.bone.right_leg] run data modify entity @s {} merge value {transformation:[-0.8259689043712175f,-0.13499728102156547f,0.5473126191936332f,-0.14875375130460658f,0.008734339513975693f,0.9677205639076416f,0.2518742176236599f,0.796875f,-0.5636480110184591f,0.2128206858062925f,-0.7981279818223856f,-0.11414276793913514f,0f,0f,0f,1f],start_interpolation:0}
execute if entity @s[tag=aj.convict.bone.head] run data modify entity @s {} merge value {transformation:[-0.4958983180705421f,-0.19661200523824796f,0.8458301115064435f,-0.04958458376820219f,0f,0.9740315665428706f,0.22641225094513187f,1.697916875f,-0.8683805952085799f,0.11227745443425638f,-0.4830206155962249f,-0.03804758931304505f,0f,0f,0f,1f],start_interpolation:0}
execute if entity @s[tag=aj.convict.bone.left_axe] run data modify entity @s {} merge value {transformation:[0.20945881246660986f,0.16121082675277565f,0.964436662107867f,-0.44816405416075056f,0.07848297934960144f,0.9803617328981085f,-0.18091792233338166f,0.5864206142573019f,-0.9746627251682952f,0.11358671580208671f,0.19269309837357526f,0.2576874730644846f,0f,0f,0f,1f],start_interpolation:0}
execute if entity @s[tag=aj.convict.bone.left_arm_2] run data modify entity @s {} merge value {transformation:[-0.10453674801627827f,0.5602838354246208f,0.8216776083574735f,-0.06080200962608509f,0.26544610987977235f,0.8119502393548644f,-0.5198799587994078f,1.0630473713020927f,-0.9584416680549094f,0.1637645644620796f,-0.23360380211518061f,0.3831719225517852f,0f,0f,0f,1f],start_interpolation:0}
execute if entity @s[tag=aj.convict.bone.left_arm] run data modify entity @s {} merge value {transformation:[-0.5832431345879616f,0.2224208142581168f,0.7812531134918856f,-0.05135824244116145f,0.09617103521442205f,0.9739250676993746f,-0.20547772261866962f,1.5f,-0.8065845138246799f,-0.04470955033910355f,-0.5894255492992139f,0.33694821617671217f,0f,0f,0f,1f],start_interpolation:0}
execute if entity @s[tag=aj.convict.bone.right_axe] run data modify entity @s {} merge value {transformation:[0.12664813073358616f,-0.5289498855329331f,0.8391497301294837f,-0.009657423341731409f,0.0498254842002301f,0.8482860330080788f,0.5271889863489461f,0.5651529606944075f,-0.9906955496548376f,-0.024956458044234138f,0.133789024572217f,-0.4704045103727728f,0f,0f,0f,1f],start_interpolation:0}
execute if entity @s[tag=aj.convict.bone.right_arm_2] run data modify entity @s {} merge value {transformation:[0.12664813073358616f,0.0911978303316878f,0.987746529593742f,0.019624173766711092f,0.0498254842002301f,0.9939228784968036f,-0.09815667437745002f,1.07027375f,-0.9906955496548376f,0.06164630843303444f,0.12133449860067866f,-0.47582295356295207f,0f,0f,0f,1f],start_interpolation:0}
execute if entity @s[tag=aj.convict.bone.right_arm] run data modify entity @s {} merge value {transformation:[0.17830413618231103f,0f,0.9839754239920221f,-0.04781092509524293f,0f,1f,0f,1.5f,-0.9839754239920221f,0f,0.17830413618231103f,-0.4130433948028022f,0f,0f,0f,1f],start_interpolation:0}
execute if entity @s[tag=aj.convict.bone.body] run data modify entity @s {} merge value {transformation:[0.004729756461224699f,0f,0.9999888146393525f,-0.04958458376820219f,0f,1f,0f,0.875f,-0.9999888146393525f,0f,0.004729756461224699f,-0.03804758931304505f,0f,0f,0f,1f],start_interpolation:0}