execute if entity @s[tag=aj.convict.bone.left_leg_2] run data modify entity @s {} merge value {transformation:[-0.1232170808038103f,0.07147166827088619f,-0.9898026831812305f,0.3743888497354184f,-0.35445321165913746f,0.9284423136048003f,0.11116560193103026f,0.6464063476605335f,0.9269198842093688f,0.3645362409181589f,-0.08906658921586709f,-0.185613886549237f,0f,0f,0f,1f],start_interpolation:0}
execute if entity @s[tag=aj.convict.bone.left_leg] run data modify entity @s {} merge value {transformation:[0.2302862633249694f,-0.46381672058050183f,-0.8554778118886377f,0.2294461245540116f,-0.3711870335924494f,0.7707729510707796f,-0.5178119774498071f,0.8872728948701522f,0.8995490109030526f,0.4367872566909323f,0.005335670131194875f,-0.049117868833320644f,0f,0f,0f,1f],start_interpolation:0}
execute if entity @s[tag=aj.convict.bone.right_leg_2] run data modify entity @s {} merge value {transformation:[0.3943503474089183f,0.20655433528321643f,-0.8954457605428561f,0.17075996600601628f,-0.07569208780521205f,0.9784017905336907f,0.19235551493044367f,0.5720668403120177f,0.9158376009654513f,-0.008077305007027014f,0.40146761488527316f,0.20566645238042183f,0f,0f,0f,1f],start_interpolation:0}
execute if entity @s[tag=aj.convict.bone.right_leg] run data modify entity @s {} merge value {transformation:[-0.04589029517192252f,0.1234750547997438f,-0.9912860291819077f,0.20934592063093624f,0.023898889637724286f,0.992183141836749f,0.12248043161681482f,0.8821240721360017f,0.998660564898363f,-0.018069972251156155f,-0.04848249395116486f,0.20001958605193554f,0f,0f,0f,1f],start_interpolation:0}
execute if entity @s[tag=aj.convict.bone.head] run data modify entity @s {} merge value {transformation:[-0.6263654403313667f,-0.7680935259654128f,-0.13303635040286096f,-0.5714891046042878f,-0.20607341514541005f,0.3277454242166424f,-0.9220177245993489f,1.1770362996472687f,0.7517979001891404f,-0.5501047829959967f,-0.3635720630028202f,-0.20684399900695927f,0f,0f,0f,1f],start_interpolation:0}
execute if entity @s[tag=aj.convict.bone.left_axe] run data modify entity @s {} merge value {transformation:[2.1316190311067658f,-0.4513378422940829f,1.3641676580117168f,-0.9839636051912899f,-1.335865779523368f,0.2764848433654997f,2.1788707376335994f,0.43246819899462796f,-0.5292654023741562f,-2.5156130911431664f,-0.0052773428206519535f,-1.089660204412035f,0f,0f,0f,1f],start_interpolation:0}
execute if entity @s[tag=aj.convict.bone.left_arm_2] run data modify entity @s {} merge value {transformation:[0.859996155862732f,0.4966196643925682f,0.11736916477480613f,-0.3839550449092124f,-0.4381515059368261f,0.8365121206638134f,-0.3290451790071103f,1.4860464362072163f,-0.26159103529481753f,0.23155211275465085f,0.9369918619349062f,-0.7508774209329367f,0f,0f,0f,1f],start_interpolation:0}
execute if entity @s[tag=aj.convict.bone.left_arm] run data modify entity @s {} merge value {transformation:[0.859996155862732f,0.14775188736210917f,-0.4884424138854624f,-0.23005382528396f,-0.4381515059368261f,-0.27686690743026615f,-0.8552005457290659f,1.3819083691714944f,-0.26159103529481753f,0.9494809610260411f,-0.17336676412291557f,-0.3526022734687415f,0f,0f,0f,1f],start_interpolation:0}
execute if entity @s[tag=aj.convict.bone.right_axe] run data modify entity @s {} merge value {transformation:[-0.9585960337881936f,0.18912931129848431f,-0.21289374723862872f,-0.5551267392196707f,0.20105307254494478f,0.9789324188616809f,-0.03562276409623372f,0.018678105875756024f,0.20167128210476926f,-0.076950782383155f,-0.9764257632123594f,0.37658618658970366f,0f,0f,0f,1f],start_interpolation:0}
execute if entity @s[tag=aj.convict.bone.right_arm_2] run data modify entity @s {} merge value {transformation:[-0.9585960337881936f,0.020444869069624366f,-0.2840345953123845f,-0.5715867499556655f,0.20105307254494478f,0.7549535396468293f,-0.6241977370953541f,0.4196573360552755f,0.20167128210476926f,-0.6554595031757866f,-0.7278059725440355f,0.0684003526262621f,0f,0f,0f,1f],start_interpolation:0}
execute if entity @s[tag=aj.convict.bone.right_arm] run data modify entity @s {} merge value {transformation:[-0.9868905895909628f,-0.12526757570454744f,0.10175951382503273f,-0.5582005756067177f,-0.13699757812594401f,0.9835303338840422f,-0.11789718367107205f,0.8589194993052984f,-0.08531487422734318f,-0.13029242804956098f,-0.9877981855766502f,0.07319386583819579f,0f,0f,0f,1f],start_interpolation:0}
execute if entity @s[tag=aj.convict.bone.body] run data modify entity @s {} merge value {transformation:[-0.43752900043034354f,-0.8961434145468842f,0.07413065726590828f,0.16596243364646374f,-0.6973184931549281f,0.28609165039045964f,-0.6571898406708702f,0.9416066527443592f,0.567728185742583f,-0.33923229230295004f,-0.7500707693093506f,0.07231597887407093f,0f,0f,0f,1f],start_interpolation:0}