execute if entity @s[tag=aj.convict.bone.left_leg_2] run data modify entity @s {} merge value {transformation:[-0.8282043046010782f,-0.1347223952585324f,0.5439921930102016f,-0.006204287758218775f,-0.0411943451329152f,0.9826843636278395f,0.18065012430224964f,0.5073268132829277f,-0.5589102394564935f,0.12720580842536938f,-0.8194132208681607f,0.13847644337709994f,0f,0f,0f,1f],start_interpolation:0}
execute if entity @s[tag=aj.convict.bone.left_leg] run data modify entity @s {} merge value {transformation:[-0.8215647762255793f,0.1836111315540423f,0.539739076623935f,0.05117419085241944f,-0.03873576558050672f,0.9265541974946312f,-0.3741615420777128f,0.796875f,-0.5687977311226776f,-0.32830514993603765f,-0.754111974175699f,0.035881084022088165f,0f,0f,0f,1f],start_interpolation:0}
execute if entity @s[tag=aj.convict.bone.right_leg_2] run data modify entity @s {} merge value {transformation:[-0.8507881315505933f,-0.14990369857528799f,0.5036749312464338f,-0.11361819609445542f,0.007914628707575672f,0.9546879957864916f,0.29750325939994865f,0.4947643960643555f,-0.5254492495618125f,0.25709864226522294f,-0.811050784032854f,-0.17687528026676605f,0f,0f,0f,1f],start_interpolation:0}
execute if entity @s[tag=aj.convict.bone.right_leg] run data modify entity @s {} merge value {transformation:[-0.8494341479384029f,-0.12769400468096925f,0.5120115911624425f,-0.15352257255725832f,0.008712867531234025f,0.9667539325940624f,0.2555600120388521f,0.796875f,-0.5276227006635923f,0.221542490241605f,-0.8200812220518195f,-0.10764325206626449f,0f,0f,0f,1f],start_interpolation:0}
execute if entity @s[tag=aj.convict.bone.head] run data modify entity @s {} merge value {transformation:[-0.6716271126342872f,0.2561301721621013f,-0.6952081389646865f,-0.05117419085241944f,-0.009152296883104871f,0.9354029237670797f,0.3534651406712725f,1.697916875f,0.7408328131476725f,0.2437595231292745f,-0.6258977854630057f,-0.035881084022088165f,0f,0f,0f,1f],start_interpolation:0}
execute if entity @s[tag=aj.convict.bone.left_axe] run data modify entity @s {} merge value {transformation:[-0.6857775501470632f,0.45802138987431645f,0.5656196231849546f,1.7171209348105683f,-0.26684541408794693f,-0.8812635814489636f,0.3900872017792656f,1.4179312537474258f,0.6771282571969094f,0.11658004301485062f,0.7265716873620461f,-1.185342465737823f,0f,0f,0f,1f],start_interpolation:0}
execute if entity @s[tag=aj.convict.bone.left_arm_2] run data modify entity @s {} merge value {transformation:[0.16859001786895042f,-0.8137160122309174f,-0.556276601443886f,0.6129532295904259f,-0.9248419043191802f,0.06462373448726019f,-0.3748215908351495f,1.5195779729603751f,0.34094700158561164f,0.5776590901041316f,-0.7416637497746857f,-0.46407369852640656f,0f,0f,0f,1f],start_interpolation:0}
execute if entity @s[tag=aj.convict.bone.left_arm] run data modify entity @s {} merge value {transformation:[0.16670914022777056f,-0.8143177274017042f,-0.5559628597342101f,0.3059895028812546f,-0.9253878697746902f,0.06543753697894239f,-0.3733299066884278f,1.5f,0.34039000137838676f,0.5767187942086274f,-0.7426507115516477f,-0.15015748525400627f,0f,0f,0f,1f],start_interpolation:0}
execute if entity @s[tag=aj.convict.bone.right_axe] run data modify entity @s {} merge value {transformation:[-0.8431008532422474f,0.27821656336143813f,-0.460191802549269f,-0.4244457283565327f,0.27634721570104825f,0.9582770842014987f,0.0730564594580928f,0.6412413263674381f,0.46131677580213015f,-0.06557876001896135f,-0.8848085999796244f,0.29829595350844196f,0f,0f,0f,1f],start_interpolation:0}
execute if entity @s[tag=aj.convict.bone.right_arm_2] run data modify entity @s {} merge value {transformation:[-0.8431008532422474f,-0.059422979470847015f,-0.5344622164129115f,-0.4718970020139055f,0.27634721570104825f,0.8047262803338305f,-0.5254025410238854f,1.0677978243125028f,0.46131677580213015f,-0.5906644760360019f,-0.6620440386504834f,0.030281562227551337f,0f,0f,0f,1f],start_interpolation:0}
execute if entity @s[tag=aj.convict.bone.right_arm] run data modify entity @s {} merge value {transformation:[-0.9906507119312101f,-0.03900048910824531f,-0.13072921937923554f,-0.40833788458609344f,-0.03959687813751236f,0.999213804475174f,0.0019647361175814514f,1.5f,0.13054981498244123f,0.007122836202410736f,-0.9914161643893468f,0.07839531720982995f,0f,0f,0f,1f],start_interpolation:0}
execute if entity @s[tag=aj.convict.bone.body] run data modify entity @s {} merge value {transformation:[-0.9524365166231307f,0f,-0.3047370699517816f,-0.05117419085241944f,0f,1f,0f,0.875f,0.3047370699517816f,0f,-0.9524365166231307f,-0.035881084022088165f,0f,0f,0f,1f],start_interpolation:0}