execute if entity @s[tag=aj.convict.bone.left_leg_2] run data modify entity @s {} merge value {transformation:[-0.8983993488594277f,-0.177512118849199f,0.4017064321499276f,0.09715919895209403f,-0.1686530622975023f,0.9839890250969116f,0.057634564859157855f,0.5234401320045353f,-0.40550555427346646f,-0.015970164385425256f,-0.9139530618707241f,0.1807050043617224f,0f,0f,0f,1f],start_interpolation:0}
execute if entity @s[tag=aj.convict.bone.left_leg] run data modify entity @s {} merge value {transformation:[-0.9132284342848452f,-0.026300260162263583f,0.4065982330618858f,0.08894036765138666f,-0.19296776820847703f,0.9068204831966501f,-0.37475332111621595f,0.8068215330034885f,-0.3588554963300546f,-0.42069574227747003f,-0.8332093525539178f,0.04923758490001301f,0f,0f,0f,1f],start_interpolation:0}
execute if entity @s[tag=aj.convict.bone.right_leg_2] run data modify entity @s {} merge value {transformation:[-0.9557196842919712f,-0.11157202251931571f,0.27230785675004743f,-0.1122365952113055f,-0.11086919433928472f,0.9936716863971919f,0.018016697786178322f,0.4666334826159205f,-0.2725947666471477f,-0.012971639969944888f,-0.9620414906609162f,-0.024892319508839904f,0f,0f,0f,1f],start_interpolation:0}
execute if entity @s[tag=aj.convict.bone.right_leg] run data modify entity @s {} merge value {transformation:[-0.9420120441082063f,-0.09361047046102451f,0.32225826378100014f,-0.14148986723037565f,-0.10736101601458826f,0.9939026676066397f,-0.025121695100464476f,0.7772280662429955f,-0.3179416943330873f,-0.058262913971677f,-0.9463183987750291f,-0.043099480124988966f,0f,0f,0f,1f],start_interpolation:0}
execute if entity @s[tag=aj.convict.bone.head] run data modify entity @s {} merge value {transformation:[-0.9972134266313161f,-0.07224066759288485f,-0.018619014258640654f,-0.11026380407915368f,-0.06979181271881804f,0.9915629026754266f,-0.10923421128613559f,1.6842788195998764f,0.02635307617054561f,-0.10763036738586837f,-0.9938416470407812f,-0.08999808527788115f,0f,0f,0f,1f],start_interpolation:0}
execute if entity @s[tag=aj.convict.bone.left_axe] run data modify entity @s {} merge value {transformation:[-0.894297022702231f,-0.43380030142140846f,0.10977310086091585f,0.5585975595586203f,-0.26796070547677553f,0.7156362917231113f,0.6450284941684228f,0.5641493042655219f,-0.35837117002671187f,0.5474321843438595f,-0.756232839830562f,0.09523356779041577f,0f,0f,0f,1f],start_interpolation:0}
execute if entity @s[tag=aj.convict.bone.left_arm_2] run data modify entity @s {} merge value {transformation:[-0.960505876326797f,-0.2781179266213477f,0.008881465731211347f,0.42625069694103657f,-0.27812095101374723f,0.9605456234137111f,0.0009175772306501406f,1.1456654535355213f,-0.008786247714517303f,-0.0015887833735373502f,-0.9999601380147568f,0.05340567730051641f,0f,0f,0f,1f],start_interpolation:0}
execute if entity @s[tag=aj.convict.bone.left_arm] run data modify entity @s {} merge value {transformation:[-0.960505876326797f,-0.2781179266213477f,0.008881465731211347f,0.23536328366739312f,-0.27812095101374723f,0.9605456234137111f,0.0009175772306501406f,1.5378618772230421f,-0.008786247714517303f,-0.0015887833735373502f,-0.9999601380147568f,0.107232958451612f,0f,0f,0f,1f],start_interpolation:0}
execute if entity @s[tag=aj.convict.bone.right_axe] run data modify entity @s {} merge value {transformation:[-0.834946538095018f,-0.2635610318721908f,0.4831147493107729f,-0.40169622126891197f,0.06371671269076898f,0.8256622472892955f,0.560555112299471f,0.5028358494622189f,-0.5466300934334177f,0.4988160341044147f,-0.6725905924656668f,-0.30222224268108266f,0f,0f,0f,1f],start_interpolation:0}
execute if entity @s[tag=aj.convict.bone.right_arm_2] run data modify entity @s {} merge value {transformation:[-0.8113630422890016f,0.032943106034695246f,0.5836135411146001f,-0.4253048380424434f,-0.0020931941940612675f,0.9982405352706383f,-0.05925750822179071f,1.0075273281427988f,-0.5845388200501332f,-0.04930096862513424f,-0.8098665213151003f,-0.32984339048093964f,0f,0f,0f,1f],start_interpolation:0}
execute if entity @s[tag=aj.convict.bone.right_arm] run data modify entity @s {} merge value {transformation:[-0.7866866922623328f,-0.041547010502357484f,0.6159528343433991f,-0.419079511205006f,-0.039209070912857844f,0.9990810438217189f,0.017312326078699085f,1.4387972512343787f,-0.6161060760741615f,-0.010531561822527402f,-0.787592781347111f,-0.24545788083589962f,0f,0f,0f,1f],start_interpolation:0}
execute if entity @s[tag=aj.convict.bone.body] run data modify entity @s {} merge value {transformation:[-0.8725903931631988f,-0.09299707420272911f,0.47951803923212993f,-0.03373494239210072f,-0.13208616798488457f,0.9900583533928886f,-0.04834977873818226f,0.8695430933581549f,-0.4702544523833488f,-0.1055272527203017f,-0.8761990350068543f,-0.0031579282419552414f,0f,0f,0f,1f],start_interpolation:0}