execute if entity @s[tag=aj.convict.bone.left_leg_2] run data modify entity @s {} merge value {transformation:[-0.8445660849557206f,-0.29641895040349137f,-0.4459192011836434f,0.24281015515965798f,-0.4365209096748408f,0.8634474037454225f,0.2528004675271362f,0.5584558319465932f,0.3100929272963441f,0.40815975647653163f,-0.8586314632214466f,-0.04180365642148132f,0f,0f,0f,1f],start_interpolation:0}
execute if entity @s[tag=aj.convict.bone.left_leg] run data modify entity @s {} merge value {transformation:[-0.605396435633052f,-0.6466120233076383f,-0.4640991780178002f,0.040743897876021f,-0.5003914615939914f,0.7626536575024727f,-0.40983872908978475f,0.7967850999161159f,0.6189535854057433f,-0.015883639762438673f,-0.7852669413016646f,-0.0467672938472434f,0f,0f,0f,1f],start_interpolation:0}
execute if entity @s[tag=aj.convict.bone.right_leg_2] run data modify entity @s {} merge value {transformation:[-0.6877331007521877f,0.15931298587678377f,-0.7082672904072336f,-0.16764283600000573f,0.02353901749055937f,0.9800042833275604f,0.19757914696448567f,0.48842766855370096f,0.7255819021897942f,0.11920980324897094f,-0.6777314556843155f,0.1090868168382959f,0f,0f,0f,1f],start_interpolation:0}
execute if entity @s[tag=aj.convict.bone.right_leg] run data modify entity @s {} merge value {transformation:[-0.6344317571967238f,0.1256171611589043f,-0.7627035297431466f,-0.12838747313784815f,0.009943045348705742f,0.9879514111122861f,0.15444463451488483f,0.7971624845262903f,0.7729149250140476f,0.0904009850810301f,-0.6280367669069291f,0.1373371246761178f,0f,0f,0f,1f],start_interpolation:0}
execute if entity @s[tag=aj.convict.bone.head] run data modify entity @s {} merge value {transformation:[-0.6544236292996348f,0.19483862312388084f,-0.7305940215697663f,-0.03455989602661313f,0.29700554884161046f,0.9548076137304049f,-0.011407222262399107f,1.6979346801699218f,0.6953541668614547f,-0.22445563414991465f,-0.6827168160568272f,0.05270107675156124f,0f,0f,0f,1f],start_interpolation:0}
execute if entity @s[tag=aj.convict.bone.left_axe] run data modify entity @s {} merge value {transformation:[-0.4131901097206863f,1.6541365031575583f,-2.4422888480265947f,1.8292783116401832f,-2.918443383174872f,0.12901790581616635f,0.5811291200981017f,1.1403139398415385f,0.4285214200902797f,2.4736319984882296f,1.602866988749632f,-1.0967328977383914f,0f,0f,0f,1f],start_interpolation:0}
execute if entity @s[tag=aj.convict.bone.left_arm_2] run data modify entity @s {} merge value {transformation:[0.035930400357053166f,-0.8086017537874918f,-0.5872582141630497f,0.6453938524049221f,-0.9138420376639925f,0.2112550327981202f,-0.3467910629119313f,1.459986538981537f,0.4044771149623965f,0.5491215847963523f,-0.7313437964339605f,-0.35398796640108493f,0f,0f,0f,1f],start_interpolation:0}
execute if entity @s[tag=aj.convict.bone.left_arm] run data modify entity @s {} merge value {transformation:[0.035930400357053166f,-0.8304570441732826f,-0.5559227501309478f,0.32184128109554455f,-0.9138420376639925f,0.19784563112991455f,-0.3546122339132249f,1.4971273748066696f,0.4044771149623965f,0.5207669382994471f,-0.7517978847043371f,-0.05888170179627543f,0f,0f,0f,1f],start_interpolation:0}
execute if entity @s[tag=aj.convict.bone.right_axe] run data modify entity @s {} merge value {transformation:[-0.44707652061072756f,0.7907219048279834f,-0.41818829962567217f,-0.8982533242920412f,0.7664219978033903f,0.5796802920314981f,0.2767093787954024f,0.8494255902423158f,0.46121568273603375f,-0.19679844576490607f,-0.8651881100332178f,0.45212759873707853f,0f,0f,0f,1f],start_interpolation:0}
execute if entity @s[tag=aj.convict.bone.right_arm_2] run data modify entity @s {} merge value {transformation:[-0.44707652061072756f,0.37274495756187753f,-0.8131320811103196f,-0.7082228645188715f,0.7664219978033903f,0.6283412928397922f,-0.13335869298804207f,1.1954413502757981f,0.46121568273603375f,-0.6828238545368875f,-0.5665965740045746f,0.13559118470011425f,0f,0f,0f,1f],start_interpolation:0}
execute if entity @s[tag=aj.convict.bone.right_arm] run data modify entity @s {} merge value {transformation:[-0.8104298185489386f,0.5743142135128331f,-0.11561441676482262f,-0.395239913202179f,0.5762058010666602f,0.8170669370809541f,0.01971028021811394f,1.5029466821666095f,0.10578461147001819f,-0.05064389880611449f,-0.9930985910219856f,0.16080147108321663f,0f,0f,0f,1f],start_interpolation:0}
execute if entity @s[tag=aj.convict.bone.body] run data modify entity @s {} merge value {transformation:[-0.9561082590636314f,0.010809689808936557f,-0.29281418605755105f,-0.043455372183902545f,0.007759076479919833f,0.9999028717651398f,0.011577727238331257f,0.8750977336334271f,0.2929108971726561f,0.00879759296972847f,-0.956099267166045f,0.04546138903739032f,0f,0f,0f,1f],start_interpolation:0}