execute if entity @s[tag=aj.convict.bone.left_leg_2] run data modify entity @s {} merge value {transformation:[-0.29525171982654397f,-0.09360229807410553f,-0.9508233441258761f,0.4570486347584661f,-0.41149663151183336f,0.9106131161310559f,0.038134957512789835f,0.6992873593361557f,0.8622626886244599f,0.40252001506177837f,-0.30737711899356357f,-0.10657709526939507f,0f,0f,0f,1f],start_interpolation:0}
execute if entity @s[tag=aj.convict.bone.left_leg] run data modify entity @s {} merge value {transformation:[0.04750116032590724f,-0.6162324067764298f,-0.786130562060922f,0.2644760076408318f,-0.40003030238591714f,0.7094129181041898f,-0.5802663774508475f,0.9209788962437151f,0.9152701223905017f,0.34203937268306794f,-0.21281369926263985f,0.00031020869406366003f,0f,0f,0f,1f],start_interpolation:0}
execute if entity @s[tag=aj.convict.bone.right_leg_2] run data modify entity @s {} merge value {transformation:[0.20621534006435682f,0.1257029641510413f,-0.9703988861936022f,0.1714679297951322f,-0.12285475013947447f,0.9871926683224461f,0.10177104685801419f,0.5840800175176968f,0.9707635880533986f,0.0982313616624084f,0.21901747805972072f,0.21435041667420898f,0f,0f,0f,1f],start_interpolation:0}
execute if entity @s[tag=aj.convict.bone.right_leg] run data modify entity @s {} merge value {transformation:[-0.2893967731950778f,0.044806497242812715f,-0.9561599685560499f,0.18546996018351117f,-0.05381327083488585f,0.9965624625442728f,0.06298722195609141f,0.895505787062782f,0.9556953696373797f,0.06968239413599775f,-0.285990776776363f,0.23612616484170829f,0f,0f,0f,1f],start_interpolation:0}
execute if entity @s[tag=aj.convict.bone.head] run data modify entity @s {} merge value {transformation:[-0.7478772178056569f,-0.6516198448565509f,0.1267724137042231f,-0.5049371584878464f,-0.3461816587369771f,0.21988338669298696f,-0.912035939758153f,1.0803049614663613f,0.5664255699042774f,-0.7259771856233133f,-0.3900246142400091f,-0.35547040777302485f,0f,0f,0f,1f],start_interpolation:0}
execute if entity @s[tag=aj.convict.bone.left_axe] run data modify entity @s {} merge value {transformation:[2.3191107737070142f,-0.2243186399963072f,0.9802983027383577f,-0.679401035131293f,-0.9967183382513266f,-0.18529572949870782f,2.3155553204681802f,0.2330154455078104f,-0.13362697629973724f,-2.510960978530968f,-0.25845152509753305f,-1.0220590141053532f,0f,0f,0f,1f],start_interpolation:0}
execute if entity @s[tag=aj.convict.bone.left_arm_2] run data modify entity @s {} merge value {transformation:[0.9397744487657768f,0.3329889570472898f,0.07708657426256976f,-0.2957219194703771f,-0.3186787786948548f,0.9351730175288652f,-0.15458092798114545f,1.3965588702254845f,-0.12356302625193438f,0.12070535104341745f,0.9849682211995215f,-0.8276674747888366f,0f,0f,0f,1f],start_interpolation:0}
execute if entity @s[tag=aj.convict.bone.left_arm] run data modify entity @s {} merge value {transformation:[0.9397744487657768f,0.06750989178768788f,-0.33506178528414005f,-0.1788759244618668f,-0.3186787786948548f,-0.18132380024233125f,-0.9303577352154571f,1.3464406904889339f,-0.12356302625193438f,0.9811035082887505f,-0.1488895045561307f,-0.40696734761263853f,0f,0f,0f,1f],start_interpolation:0}
execute if entity @s[tag=aj.convict.bone.right_axe] run data modify entity @s {} merge value {transformation:[-0.9965867394360639f,0.041745996472999536f,0.07121897611361133f,-0.4556972617844152f,0.04496614042158489f,0.9980090425134489f,0.04422665799012371f,-0.10580460069092645f,-0.06923089625146495f,0.04727814336313779f,-0.99647973394563f,0.15558711047145776f,0f,0f,0f,1f],start_interpolation:0}
execute if entity @s[tag=aj.convict.bone.right_arm_2] run data modify entity @s {} merge value {transformation:[-0.9965867394360639f,0.07647469141710028f,0.031088460123559036f,-0.4519145433503696f,0.04496614042158489f,0.8186972910372496f,-0.5724620440377295f,0.3208783028244654f,-0.06923089625146495f,-0.5691101538550583f,-0.8193416355729098f,-0.11637092697817283f,0f,0f,0f,1f],start_interpolation:0}
execute if entity @s[tag=aj.convict.bone.right_arm] run data modify entity @s {} merge value {transformation:[-0.895341561736294f,-0.23559209303320938f,0.37796805887249985f,-0.5079296354743916f,-0.2571972319936402f,0.9663340942213794f,-0.0069283620110229815f,0.7555001148881705f,-0.3636111545077015f,-0.10341558898723968f,-0.9257927112869268f,-0.08291042147538713f,0f,0f,0f,1f],start_interpolation:0}
execute if entity @s[tag=aj.convict.bone.body] run data modify entity @s {} merge value {transformation:[-0.4387382813500331f,-0.8161728428650519f,0.3759928337716005f,0.16670524682252824f,-0.7879207674676847f,0.14821656201781225f,-0.5976727490330762f,0.9583350514274196f,0.4320759015163352f,-0.5584744768681905f,-0.7081078124238196f,0.10410766349860626f,0f,0f,0f,1f],start_interpolation:0}