execute if entity @s[tag=aj.convict.bone.left_leg_2] run data modify entity @s {} merge value {transformation:[-0.44041510317581306f,-0.23104081723668934f,-0.8675567287879454f,0.5005124982899173f,-0.48446731280406397f,0.8747128667982125f,0.012993209074814771f,0.7402103462353413f,0.7558610717050107f,0.42602528261624945f,-0.4971684813548597f,-0.025772505073250254f,0f,0f,0f,1f],start_interpolation:0}
execute if entity @s[tag=aj.convict.bone.left_leg] run data modify entity @s {} merge value {transformation:[-0.12327970109613258f,-0.716343341124058f,-0.6867709464769676f,0.27665520418864914f,-0.46098020793564f,0.6541899237213151f,-0.5996105332573086f,0.9446446973982523f,0.8788056458565013f,0.24266800639705502f,-0.4108684406011448f,0.050061246925829445f,0f,0f,0f,1f],start_interpolation:0}
execute if entity @s[tag=aj.convict.bone.right_leg_2] run data modify entity @s {} merge value {transformation:[0.02586316092386942f,0.040905570482527596f,-0.9988282290817202f,0.1601884496007731f,-0.1999706549011872f,0.9791793123129383f,0.03492293682884541f,0.5861094014124462f,0.9794604811248979f,0.19883311756812605f,0.03350458584617105f,0.2113757356977098f,0f,0f,0f,1f],start_interpolation:0}
execute if entity @s[tag=aj.convict.bone.right_leg] run data modify entity @s {} merge value {transformation:[-0.48957051031459065f,-0.033546584093693155f,-0.8713181635464489f,0.149705142071494f,-0.15072855122413117f,0.9874728628876182f,0.04667171420042271f,0.8946946710648268f,0.8588373648579724f,0.15418161938498448f,-0.48849402142466186f,0.25955749175551746f,0f,0f,0f,1f],start_interpolation:0}
execute if entity @s[tag=aj.convict.bone.head] run data modify entity @s {} merge value {transformation:[-0.8472104184627298f,-0.4940963457436961f,0.19520068639974705f,-0.4097434593214465f,-0.5180364304122608f,0.6868778699643809f,-0.5097421392419093f,1.4210714524901278f,0.11778269658115831f,-0.5329799178917733f,-0.837889994874118f,-0.258089461771953f,0f,0f,0f,1f],start_interpolation:0}
execute if entity @s[tag=aj.convict.bone.left_axe] run data modify entity @s {} merge value {transformation:[2.235261512345548f,0.011858875570009822f,1.085287653211298f,-0.5559966095669897f,-0.9427949055572162f,1.2521780666274478f,1.9281005697910283f,1.115513336930249f,-0.5377059504952781f,-2.1462277158408294f,1.1309123990277077f,-1.2202131472229363f,0f,0f,0f,1f],start_interpolation:0}
execute if entity @s[tag=aj.convict.bone.left_arm_2] run data modify entity @s {} merge value {transformation:[0.9316513416323033f,0.3627943859446343f,-0.02014971865276077f,-0.1457851965480308f,-0.27805817831976265f,0.6761561783107546f,-0.6822730186675205f,1.922472909761492f,-0.23390046409578713f,0.6412433672633591f,0.7308197567365874f,-0.3991943423427402f,0f,0f,0f,1f],start_interpolation:0}
execute if entity @s[tag=aj.convict.bone.left_arm] run data modify entity @s {} merge value {transformation:[0.9316513416323033f,-0.04817413706974527f,-0.36014584566855f,-0.07786747799565774f,-0.27805817831976265f,-0.7325686706745299f,-0.6213105441046753f,1.6214208015623925f,-0.23390046409578713f,0.6789862997614446f,-0.6958937976674582f,-0.08629143863102692f,0f,0f,0f,1f],start_interpolation:0}
execute if entity @s[tag=aj.convict.bone.right_axe] run data modify entity @s {} merge value {transformation:[-0.9571924507093637f,0.03369133747503705f,0.28748479278762895f,-0.4788240943801929f,0.22211243288966737f,0.722359000945444f,0.6548767371871842f,0.185291962296127f,-0.1856035545479551f,0.6906970157255947f,-0.6989198473408247f,-0.6149501699887541f,0f,0f,0f,1f],start_interpolation:0}
execute if entity @s[tag=aj.convict.bone.right_arm_2] run data modify entity @s {} merge value {transformation:[-0.9571924507093637f,0.20173878840037285f,0.2075670338944804f,-0.4142724495320173f,0.22211243288966737f,0.9717496246441462f,0.07980434925361762f,0.6813353479583031f,-0.1856035545479551f,0.12249133952533098f,-0.9749600977888553f,-0.5387410633627637f,0f,0f,0f,1f],start_interpolation:0}
execute if entity @s[tag=aj.convict.bone.right_arm] run data modify entity @s {} merge value {transformation:[-0.8024129877133371f,-0.1951717332568377f,0.5639515862966236f,-0.4700347160795667f,0.16058010139472523f,0.8395388768839519f,0.5190264976246318f,1.0016270052176426f,-0.5747585825240158f,0.5070330055705978f,-0.6423162017861843f,-0.2430093616207135f,0f,0f,0f,1f],start_interpolation:0}
execute if entity @s[tag=aj.convict.bone.body] run data modify entity @s {} merge value {transformation:[-0.5228896507785453f,-0.6861080556361567f,0.5058084114562189f,0.15486643773498576f,-0.8263917284596665f,0.5535028233449537f,-0.10349558291352245f,0.9655846387994215f,-0.2089572306529154f,-0.47211265661951685f,-0.8564149200110461f,0.13042001026132785f,0f,0f,0f,1f],start_interpolation:0}