execute if entity @s[tag=aj.convict.bone.left_leg_2] run data modify entity @s {} merge value {transformation:[0.4163401788534412f,0.008807784291815668f,-0.9091662545476231f,0.07675151143489692f,-0.4521516428062917f,0.8695423736954899f,-0.19863270691299728f,0.6241536327167986f,0.7888090690273891f,0.4937797923000514f,0.36600788152205393f,-0.27188864769253096f,0f,0f,0f,1f],start_interpolation:0}
execute if entity @s[tag=aj.convict.bone.left_leg] run data modify entity @s {} merge value {transformation:[0.6741692663939891f,-0.39301902761903357f,-0.6253253906400891f,-0.04606693469605106f,-0.37028952615764665f,0.5527083753062445f,-0.7465916679713732f,0.796875f,0.6390473120730078f,0.7348805996865893f,0.22708817040203352f,-0.042238460290471846f,0f,0f,0f,1f],start_interpolation:0}
execute if entity @s[tag=aj.convict.bone.right_leg_2] run data modify entity @s {} merge value {transformation:[0.6804934385054813f,0.05542297085733024f,-0.7306551679501995f,0.1279065113269989f,0.025382647830182598f,0.9947540992705342f,0.0990959291474556f,0.48499958961459355f,0.7323144142648809f,-0.08598009238083044f,0.6755168557290545f,0.14356785646053788f,0f,0f,0f,1f],start_interpolation:0}
execute if entity @s[tag=aj.convict.bone.right_leg] run data modify entity @s {} merge value {transformation:[0.7735081270890017f,0.03294173683569374f,-0.6329297111856202f,0.1382008040881532f,0.00871226498529031f,0.9980013132333007f,0.06258973736511039f,0.796875f,0.6337264976045193f,-0.05392792188519144f,0.7716751294910663f,0.12671538087141554f,0f,0f,0f,1f],start_interpolation:0}
execute if entity @s[tag=aj.convict.bone.head] run data modify entity @s {} merge value {transformation:[0.7525581260544854f,-0.2723883092752605f,-0.5995505615705203f,0.04606693469605106f,0.31254595554276937f,0.9491062134245554f,-0.038889861310623774f,1.697916875f,0.5796303068191127f,-0.15812022201182047f,0.7993914578025676f,0.042238460290471846f,0f,0f,0f,1f],start_interpolation:0}
execute if entity @s[tag=aj.convict.bone.left_axe] run data modify entity @s {} merge value {transformation:[-0.1610508741683232f,2.8144232412759305f,1.0261990230435334f,-1.2290441558668057f,-2.994770254017479f,-0.12601963377144387f,-0.1243791684977667f,1.5363673197995762f,-0.07357813249670953f,-1.031087227575822f,2.816282192456627f,-1.7852575938846027f,0f,0f,0f,1f],start_interpolation:0}
execute if entity @s[tag=aj.convict.bone.left_arm_2] run data modify entity @s {} merge value {transformation:[0.3038174980126454f,0.573704008986543f,-0.760630421409836f,-0.4435576454544793f,-0.9251621549697073f,-0.013010187844177318f,-0.37934907674075957f,1.5336664377126006f,-0.2275300307940552f,0.8189593671758253f,0.526816514549258f,-0.574922086756207f,0f,0f,0f,1f],start_interpolation:0}
execute if entity @s[tag=aj.convict.bone.left_arm] run data modify entity @s {} merge value {transformation:[0.3038174980126454f,0.6597086966938099f,-0.6873713431674984f,-0.099726696426064f,-0.9251621549697073f,0.0319860719092101f,-0.3782219959436869f,1.5f,-0.2275300307940552f,0.750840413610225f,0.6200554478242111f,-0.30326004495119874f,0f,0f,0f,1f],start_interpolation:0}
execute if entity @s[tag=aj.convict.bone.right_axe] run data modify entity @s {} merge value {transformation:[0.44216844180841347f,-0.36245211708018493f,-0.8204361839246312f,0.6113407765344441f,0.8696529058907391f,0.39712317101380973f,0.29325246856544934f,0.9799999198114715f,0.21952424090408135f,-0.84316169853002f,0.4908028705982256f,0.9506348683804193f,0f,0f,0f,1f],start_interpolation:0}
execute if entity @s[tag=aj.convict.bone.right_arm_2] run data modify entity @s {} merge value {transformation:[0.44216844180841347f,-0.7870025015176146f,-0.4302489182714309f,0.2386993588332107f,0.8696529058907391f,0.49357978605509123f,-0.00910044359379172f,1.2589300960224747f,0.21952424090408135f,-0.37014329306746474f,0.9026644172961842f,0.7522158323555342f,0f,0f,0f,1f],start_interpolation:0}
execute if entity @s[tag=aj.convict.bone.right_arm] run data modify entity @s {} merge value {transformation:[0.15600666936731628f,-0.20620259194685292f,-0.9659929659098541f,0.1918605658181661f,0.7300845195692643f,0.682789450147848f,-0.027841714245282038f,1.5f,0.6653108396818989f,-0.7009130173147015f,0.25706502827216215f,0.38773696553214243f,0f,0f,0f,1f],start_interpolation:0}
execute if entity @s[tag=aj.convict.bone.body] run data modify entity @s {} merge value {transformation:[0.3887830163256401f,0f,-0.9213293473111215f,0.04606693469605106f,0f,1f,0f,0.875f,0.9213293473111215f,0f,0.3887830163256401f,0.042238460290471846f,0f,0f,0f,1f],start_interpolation:0}