execute if entity @s[tag=aj.convict.bone.left_leg_2] run data modify entity @s {} merge value {transformation:[0.8845831653658265f,0.20975507683050257f,-0.41655183506402294f,-0.08619985132556214f,-0.39702167704653835f,0.8073233743500515f,-0.4365807567715291f,0.6740491604095653f,0.24471700289626203f,0.5515720958966985f,0.7974219783286605f,-0.2883354098983993f,0f,0f,0f,1f],start_interpolation:0}
execute if entity @s[tag=aj.convict.bone.left_leg] run data modify entity @s {} merge value {transformation:[0.9599053117627739f,0.07593858943047492f,-0.26984277475026397f,-0.062469042128538724f,-0.2775291124380965f,0.3930426866893909f,-0.8766384877412741f,0.796875f,0.03948903897202681f,0.9163791666528084f,0.3983589320270988f,-0.001966920319396685f,0f,0f,0f,1f],start_interpolation:0}
execute if entity @s[tag=aj.convict.bone.right_leg_2] run data modify entity @s {} merge value {transformation:[0.9940252655494648f,-0.013762755377466853f,-0.10827907468082852f,0.19064608480068432f,0.025367499453529476f,0.9939848544259893f,0.10653919064466444f,0.4851369518888514f,0.10616148746504833f,-0.10864941663978223f,0.988395185562457f,0.027468062788429733f,0f,0f,0f,1f],start_interpolation:0}
execute if entity @s[tag=aj.convict.bone.right_leg] run data modify entity @s {} merge value {transformation:[0.9996691979462928f,-0.010364666928218066f,0.023538656649925042f,0.18740712638561619f,0.00871238196553986f,0.9975617539556755f,0.06924334946666595f,0.796875f,-0.024198947867675853f,-0.06901536585676697f,0.9973220594159915f,0.005900760958190055f,0f,0f,0f,1f],start_interpolation:0}
execute if entity @s[tag=aj.convict.bone.head] run data modify entity @s {} merge value {transformation:[0.9476101197233214f,-0.3181251973280049f,0.028834351440089834f,0.062469042128538724f,0.31920044751695315f,0.9464815844623173f,-0.04778791247457845f,1.697916875f,-0.012088643552090883f,0.05448824734490071f,0.9984412329217738f,0.001966920319396685f,0f,0f,0f,1f],start_interpolation:0}
execute if entity @s[tag=aj.convict.bone.left_axe] run data modify entity @s {} merge value {transformation:[-0.2579667169860975f,1.828335449434825f,2.3644539871326273f,-2.0707634031364783f,-2.9886441016401566f,-0.18812361905990405f,-0.18059883079163822f,1.536921010809395f,0.03820479889905859f,-2.3710333165714403f,1.8375911963898066f,-0.6420973894108741f,0f,0f,0f,1f],start_interpolation:0}
execute if entity @s[tag=aj.convict.bone.left_arm_2] run data modify entity @s {} merge value {transformation:[0.09719640229746937f,0.9577313231275637f,-0.2707463242239039f,-0.7043015281560174f,-0.9251568699411857f,-0.013350029765804516f,-0.3793501584366089f,1.533729889372183f,-0.3669300006555156f,0.28735429247808164f,0.8847541382855266f,-0.17876149226023358f,0f,0f,0f,1f],start_interpolation:0}
execute if entity @s[tag=aj.convict.bone.left_arm] run data modify entity @s {} merge value {transformation:[0.09719640229746937f,0.9831229111232761f,-0.15499097072063234f,-0.26610555595707436f,-0.9251568699411857f,0.0318342043112777f,-0.37824773553386404f,1.5f,-0.3669300006555156f,0.18015528041210238f,0.9126370853513353f,-0.17876418794057575f,0f,0f,0f,1f],start_interpolation:0}
execute if entity @s[tag=aj.convict.bone.right_axe] run data modify entity @s {} merge value {transformation:[0.3588321514814147f,-0.8485968970096003f,-0.3887451523156235f,1.1323556163989021f,0.9110009148791698f,0.2277041534869237f,0.34384320783479083f,1.1040895908256911f,-0.20326539339625624f,-0.4775291874540045f,0.8547801208363377f,0.4212885794359315f,0f,0f,0f,1f],start_interpolation:0}
execute if entity @s[tag=aj.convict.bone.right_arm_2] run data modify entity @s {} merge value {transformation:[0.3588321514814147f,-0.9098902372472153f,0.2081807945643055f,0.681268833367624f,0.9110009148791698f,0.3899683333234888f,0.13417165160426398f,1.3291214478931304f,-0.20326539339625624f,0.14150779189538198f,0.9688440146279271f,0.46505112876527616f,0f,0f,0f,1f],start_interpolation:0}
execute if entity @s[tag=aj.convict.bone.right_arm] run data modify entity @s {} merge value {transformation:[0.42254374456199445f,-0.6797596188272755f,-0.5994861504182774f,0.3910436402141518f,0.8416091916826202f,0.5397585872228421f,-0.01883178150171344f,1.5f,0.33637888222487294f,-0.4965758030059447f,0.8001635579443409f,0.18269802857936912f,0f,0f,0f,1f],start_interpolation:0}
execute if entity @s[tag=aj.convict.bone.body] run data modify entity @s {} merge value {transformation:[0.8761989282283016f,0f,-0.48194962202659314f,0.062469042128538724f,0f,1f,0f,0.875f,0.48194962202659314f,0f,0.8761989282283016f,0.001966920319396685f,0f,0f,0f,1f],start_interpolation:0}