execute if entity @s[tag=aj.convict.bone.left_leg_2] run data modify entity @s {} merge value {transformation:[-0.8324023260248762f,-0.13645293349432844f,0.5371098254260183f,-0.004604159275534113f,-0.04159171361580628f,0.9818609955810021f,0.18498409314096115f,0.506786343501348f,-0.5526088100880009f,0.1316418713687837f,-0.8229786878866601f,0.13740856458705647f,0f,0f,0f,1f],start_interpolation:0}
execute if entity @s[tag=aj.convict.bone.left_leg] run data modify entity @s {} merge value {transformation:[-0.8249305788404827f,0.17917066279383176f,0.5360852671804412f,0.05138667284753831f,-0.0387306945180184f,0.9282837007956865f,-0.36985038074769694f,0.796875f,-0.5639055536134202f,-0.32586384339334656f,-0.7588302064183124f,0.03557611352663566f,0f,0f,0f,1f],start_interpolation:0}
execute if entity @s[tag=aj.convict.bone.right_leg_2] run data modify entity @s {} merge value {transformation:[-0.8540828921911816f,-0.1486386495624166f,0.4984465519216758f,-0.11458365814821513f,0.00779826829291151f,0.9545317568195072f,0.29800723520528327f,0.4948064052989758f,-0.5200784558871654f,0.2584099012795879f,-0.8140901194847505f,-0.17633096835559486f,0f,0f,0f,1f],start_interpolation:0}
execute if entity @s[tag=aj.convict.bone.right_leg] run data modify entity @s {} merge value {transformation:[-0.8525570993127863f,-0.1266443532620794f,0.5070577878291561f,-0.15416001854261493f,0.008708448574792148f,0.9666195030432774f,0.25606815354469126f,0.796875f,-0.5225615325823246f,0.22272840888220127f,-0.822995443816073f,-0.10672834057990697f,0f,0f,0f,1f],start_interpolation:0}
execute if entity @s[tag=aj.convict.bone.head] run data modify entity @s {} merge value {transformation:[-0.5619216530755228f,0.30742944299969877f,-0.7679395766476467f,-0.05138667284753831f,-0.01041723276548824f,0.925667268520457f,0.3781951734903366f,1.697916875f,0.8271248618354918f,0.2205158623926431f,-0.5169499176582266f,-0.03557611352663566f,0f,0f,0f,1f],start_interpolation:0}
execute if entity @s[tag=aj.convict.bone.left_axe] run data modify entity @s {} merge value {transformation:[-0.5007587792958745f,-0.8655867758884375f,-0.00042233300326111056f,1.1816475065927208f,-0.2948115491560457f,0.17101291597793128f,-0.9401280407757964f,1.5891530716069975f,0.8138346241358365f,-0.4706528614337589f,-0.3408211973775942f,-1.1996826698977325f,0f,0f,0f,1f],start_interpolation:0}
execute if entity @s[tag=aj.convict.bone.left_arm_2] run data modify entity @s {} merge value {transformation:[0.3498299931750205f,-0.6740949149798091f,-0.6505497840085176f,0.5273987822507848f,-0.8996535969470704f,-0.04809646429048868f,-0.4339471576389824f,1.5581752437795358f,0.26123242787862894f,0.7370771843715674f,-0.6232775007197994f,-0.5613157608009733f,0f,0f,0f,1f],start_interpolation:0}
execute if entity @s[tag=aj.convict.bone.left_arm] run data modify entity @s {} merge value {transformation:[0.30021822547635824f,-0.6960684130178137f,-0.6521945886701979f,0.2864107290084461f,-0.9190451355975502f,-0.028014836689758793f,-0.39315544973931954f,1.5f,0.2553919650778131f,0.7174286956374887f,-0.6481288535851377f,-0.1984193365951643f,0f,0f,0f,1f],start_interpolation:0}
execute if entity @s[tag=aj.convict.bone.right_axe] run data modify entity @s {} merge value {transformation:[-0.8942947011563481f,0.24649467793802127f,-0.3734666802164675f,-0.41940135012917745f,0.12196356498684721f,0.9372725688762169f,0.32656549182036454f,0.5813651030756204f,0.43053673048809327f,0.24649646119246554f,-0.8682612615568048f,0.22300457448969968f,0f,0f,0f,1f],start_interpolation:0}
execute if entity @s[tag=aj.convict.bone.right_arm_2] run data modify entity @s {} merge value {transformation:[-0.8942947011563481f,-0.031794733829578245f,-0.44634749062180723f,-0.4565486038157692f,0.12196356498684721f,0.9423887987467942f,-0.3114935646402241f,1.0675104793730497f,0.43053673048809327f,-0.3330051754812237f,-0.8388955100626909f,0.08766596989845218f,0f,0f,0f,1f],start_interpolation:0}
execute if entity @s[tag=aj.convict.bone.right_arm] run data modify entity @s {} merge value {transformation:[-0.9627975539408294f,-0.042829177341733686f,-0.26680804278317016f,-0.3891840747035227f,-0.04506560201348478f,0.9989814689269597f,0.0022619141663811704f,1.5f,0.2664394145780947f,0.014201630496679066f,-0.963747037375741f,0.12726710954189302f,0f,0f,0f,1f],start_interpolation:0}
execute if entity @s[tag=aj.convict.bone.body] run data modify entity @s {} merge value {transformation:[-0.9007930716159583f,0f,-0.4342485948494098f,-0.05138667284753831f,0f,1f,0f,0.875f,0.4342485948494098f,0f,-0.9007930716159583f,-0.03557611352663566f,0f,0f,0f,1f],start_interpolation:0}