execute if entity @s[tag=aj.convict.bone.left_leg_2] run data modify entity @s {} merge value {transformation:[-0.34859929483438773f,-0.6637159631125562f,-0.6617852007642203f,0.6097045922640572f,-0.7861243906333231f,-0.17743758649863736f,0.5920509651617207f,1.0219083141899097f,-0.5103792453581495f,0.7266340366423187f,-0.4599086895249268f,-0.13958379458818726f,0f,0f,0f,1f],start_interpolation:0}
execute if entity @s[tag=aj.convict.bone.left_leg] run data modify entity @s {} merge value {transformation:[-0.09720379368385355f,-0.9487365869743493f,-0.300749581927772f,0.31322440883457303f,-0.9339311232197981f,-0.017490030020237357f,0.3570248673850291f,1.0164426798085855f,-0.3439826733643328f,0.31558356640698837f,-0.8843545290430602f,-0.04096393008600338f,0f,0f,0f,1f],start_interpolation:0}
execute if entity @s[tag=aj.convict.bone.right_leg_2] run data modify entity @s {} merge value {transformation:[-0.09526616821079054f,-0.47055984261666106f,-0.8772102323337413f,0.3491858326060934f,-0.9953548243116632f,0.057331241508329356f,0.07734275962630022f,0.7797776047288637f,0.013897154886213181f,0.8805035850373902f,-0.4738357371730962f,-0.3731023794226453f,0f,0f,0f,1f],start_interpolation:0}
execute if entity @s[tag=aj.convict.bone.right_leg] run data modify entity @s {} merge value {transformation:[-0.5226460319023579f,-0.5283202119180341f,-0.6691179858706555f,0.18408576638170776f,-0.8232837746761527f,0.10888938873977613f,0.5570878991459641f,0.8138055387100438f,-0.2214609484575224f,0.842033761020757f,-0.49186806524670107f,-0.10996682910365872f,0f,0f,0f,1f],start_interpolation:0}
execute if entity @s[tag=aj.convict.bone.head] run data modify entity @s {} merge value {transformation:[-0.5963750731852697f,-0.6384829372848408f,0.4864938960350747f,-0.45035633951147125f,-0.19965681301825178f,0.7050090828717889f,0.680514033715451f,1.4685895132759548f,-0.7774792145766077f,0.30870978582545944f,-0.5479273118187665f,0.04709903249925848f,0f,0f,0f,1f],start_interpolation:0}
execute if entity @s[tag=aj.convict.bone.left_axe] run data modify entity @s {} merge value {transformation:[2.3201842132762613f,0.4232876809447569f,0.18862281479489224f,-0.30607679011372163f,0.39681082253495903f,-2.312126501306491f,0.30760042866103154f,1.1060683169712253f,0.23935788731493213f,-0.2700081327547949f,-2.338334710999158f,1.9770071360894461f,0f,0f,0f,1f],start_interpolation:0}
execute if entity @s[tag=aj.convict.bone.left_arm_2] run data modify entity @s {} merge value {transformation:[0.9975470721553765f,0.013288523370506636f,-0.06872593383045394f,-0.32749133532072094f,0.06600425421652367f,0.1483595072337547f,0.9867283795648516f,1.3183468012622648f,0.023308308809455537f,-0.9888442100553498f,0.14711849299273733f,0.8231850639297924f,0f,0f,0f,1f],start_interpolation:0}
execute if entity @s[tag=aj.convict.bone.left_arm] run data modify entity @s {} merge value {transformation:[0.9975470721553765f,0.013288523370506636f,-0.06872593383045394f,-0.2443734624834929f,0.06600425421652367f,0.1483595072337547f,0.9867283795648516f,1.3325431707861835f,0.023308308809455537f,-0.9888442100553498f,0.14711849299273733f,0.3918576966053229f,0f,0f,0f,1f],start_interpolation:0}
execute if entity @s[tag=aj.convict.bone.right_axe] run data modify entity @s {} merge value {transformation:[-0.9192610875156276f,-0.3765316494387787f,0.11481711523330618f,0.022413752108658175f,0.3045374536728625f,-0.49542658414687046f,0.813516710972192f,1.510715244059033f,-0.24943133782673488f,0.7828003683516486f,0.5700943702743332f,-1.1558254903309133f,0f,0f,0f,1f],start_interpolation:0}
execute if entity @s[tag=aj.convict.bone.right_arm_2] run data modify entity @s {} merge value {transformation:[-0.9184541562529344f,-0.2304000599145258f,0.32149304075375185f,-0.1321018717553304f,0.3055945967070974f,0.10266540191020201f,0.9466106684979011f,1.5527856874019261f,-0.2511053669779624f,0.967665038968547f,-0.02388445169693254f,-0.675837174823769f,0f,0f,0f,1f],start_interpolation:0}
execute if entity @s[tag=aj.convict.bone.right_arm] run data modify entity @s {} merge value {transformation:[-0.7054471608747531f,-0.5815034495430548f,0.40521357502344146f,-0.35228076569165445f,0.6306151381446529f,-0.25399696237704805f,0.7333553645034806f,1.3566463643379014f,-0.3235256570297799f,0.7728772743927462f,0.5458863141448855f,-0.3499475675812762f,0f,0f,0f,1f],start_interpolation:0}
execute if entity @s[tag=aj.convict.bone.body] run data modify entity @s {} merge value {transformation:[-0.14387640427754878f,-0.7681468567240542f,0.6238990197116187f,0.18176467136496022f,0.03213759140229083f,0.626499108344917f,0.7787592968702739f,0.9530328248464693f,-0.9890736855821322f,0.132095699203189f,-0.06545204917340536f,-0.0616047474899698f,0f,0f,0f,1f],start_interpolation:0}