execute if entity @s[tag=aj.convict.bone.left_leg_2] run data modify entity @s {} merge value {transformation:[-0.7963635370386953f,-0.12071309310853154f,0.5926495305215296f,-0.018109782016421862f,-0.03875031282704662f,0.9880505154312161f,0.14917973123690242f,0.5114163862773211f,-0.6035756208885713f,0.09583594371779003f,-0.7915250733619854f,0.14569099455713772f,0f,0f,0f,1f],start_interpolation:0}
execute if entity @s[tag=aj.convict.bone.left_leg] run data modify entity @s {} merge value {transformation:[-0.7963635370386953f,0.21662197051079696f,0.5646946420564284f,0.04958458376820219f,-0.03875031282704662f,0.9134675639125723f,-0.40506224575420097f,0.796875f,-0.6035756208885713f,-0.34445889678109654f,-0.7190580910450322f,0.03804758931304505f,0f,0f,0f,1f],start_interpolation:0}
execute if entity @s[tag=aj.convict.bone.right_leg_2] run data modify entity @s {} merge value {transformation:[-0.8259692599446081f,-0.15874441344783374f,0.5409020177681534f,-0.10656640464792141f,0.00872554410493372f,0.9558155018426161f,0.29383769553517247f,0.4944616257686491f,-0.5636476261873453f,0.2474205683374992f,-0.788089091319579f,-0.1806456165102872f,0f,0f,0f,1f],start_interpolation:0}
execute if entity @s[tag=aj.convict.bone.right_leg] run data modify entity @s {} merge value {transformation:[-0.8259692599446081f,-0.1349995093013925f,0.5473115329635762f,-0.14875375130460658f,0.00872554410493372f,0.9677227975403229f,0.25186594053345934f,0.796875f,-0.5636476261873453f,0.21280911542768668f,-0.7981313387433526f,-0.11414276793913514f,0f,0f,0f,1f],start_interpolation:0}
execute if entity @s[tag=aj.convict.bone.head] run data modify entity @s {} merge value {transformation:[-0.34937707124793593f,-0.257284650341426f,0.900966298362433f,-0.04958458376820219f,0f,0.961561797682962f,0.2745886181849323f,1.697916875f,-0.9369822101225906f,0.0959349672194694f,-0.3359476446983736f,-0.03804758931304505f,0f,0f,0f,1f],start_interpolation:0}
execute if entity @s[tag=aj.convict.bone.left_axe] run data modify entity @s {} merge value {transformation:[0.4981779012324017f,0.32473314638329365f,0.8039696277619484f,-0.5678476628316725f,-0.008558608867757889f,0.9290170239183567f,-0.3699379941072937f,0.6206064937457505f,-0.8670325996973399f,0.17741407190492464f,0.4655950151711099f,0.1663262431752346f,0f,0f,0f,1f],start_interpolation:0}
execute if entity @s[tag=aj.convict.bone.left_arm_2] run data modify entity @s {} merge value {transformation:[0.15723789711471603f,0.6072100545244917f,0.77882744776703f,-0.14730912005035324f,0.24899739872133442f,0.7387824634416248f,-0.6262593449531377f,1.065475436515659f,-0.9556550314527468f,0.2923977109956373f,-0.03502912307724726f,0.3872638971352337f,0f,0f,0f,1f],start_interpolation:0}
execute if entity @s[tag=aj.convict.bone.left_arm] run data modify entity @s {} merge value {transformation:[-0.44487671652031857f,0.26868388864848586f,0.8543381503121746f,-0.11180521596599352f,0.09238561890403468f,0.9626157351852448f,-0.2546288353535184f,1.5f,-0.8908140123043745f,-0.0343498814335476f,-0.45306785488233725f,0.3317545103685376f,0f,0f,0f,1f],start_interpolation:0}
execute if entity @s[tag=aj.convict.bone.right_axe] run data modify entity @s {} merge value {transformation:[0.2745701236404817f,-0.5059462812611f,0.8176977483655645f,0.051685599302711285f,0.05974399605021354f,0.8577135744786997f,0.5106447680050432f,0.56571862623886f,-0.9597092800114013f,-0.09135526603888902f,0.2657297748220194f,-0.4654258217893181f,0f,0f,0f,1f],start_interpolation:0}
execute if entity @s[tag=aj.convict.bone.right_arm_2] run data modify entity @s {} merge value {transformation:[0.2745701236404817f,0.09638867754581197f,0.9567238211965978f,0.08931215947489678f,0.05974399605021354f,0.9913307680123882f,-0.117021208880787f,1.07027375f,-0.9597092800114013f,0.08928903198567108f,0.26643116677119283f,-0.458933341483543f,0f,0f,0f,1f],start_interpolation:0}
execute if entity @s[tag=aj.convict.bone.right_arm] run data modify entity @s {} merge value {transformation:[0.33464219118084604f,0f,0.9423452678724936f,0.012636048429589139f,0f,1f,0f,1.5f,-0.9423452678724936f,0f,0.33464219118084604f,-0.40784968899462765f,0f,0f,0f,1f],start_interpolation:0}
execute if entity @s[tag=aj.convict.bone.body] run data modify entity @s {} merge value {transformation:[0.16592168586077688f,0f,0.9861389324842202f,-0.04958458376820219f,0f,1f,0f,0.875f,-0.9861389324842202f,0f,0.16592168586077688f,-0.03804758931304505f,0f,0f,0f,1f],start_interpolation:0}