execute if entity @s[tag=aj.convict.bone.left_leg_2] run data modify entity @s {} merge value {transformation:[-0.7468737552775939f,-0.5131501315367881f,0.42291433669399503f,0.1776692049676306f,-0.39897919679898586f,0.8546099764898609f,0.33235130299975607f,0.5458617412478673f,-0.5319729261900279f,0.07949044337388322f,-0.8430219897565203f,0.1453506991324614f,0f,0f,0f,1f],start_interpolation:0}
execute if entity @s[tag=aj.convict.bone.left_leg] run data modify entity @s {} merge value {transformation:[-0.8532193498250296f,-0.3830254933430172f,0.35398900058263394f,0.05797373829793773f,-0.4977866973500517f,0.8005956882110369f,-0.33354901882515586f,0.7960478938138164f,-0.15564429005100636f,-0.46080149247505103f,-0.8737487279002377f,0.0013502327340079393f,0f,0f,0f,1f],start_interpolation:0}
execute if entity @s[tag=aj.convict.bone.right_leg_2] run data modify entity @s {} merge value {transformation:[-0.9926774122786579f,-0.0035448292086444916f,0.1207434856943804f,-0.19065220583137243f,0.029056129197838697f,0.96321411912183f,0.2671596939667284f,0.4950759494475766f,-0.11724886569935766f,0.26871173199218346f,-0.9560579002246542f,-0.10271547474964908f,0f,0f,0f,1f],start_interpolation:0}
execute if entity @s[tag=aj.convict.bone.right_leg] run data modify entity @s {} merge value {transformation:[-0.9962744281246947f,0.003433365554602434f,0.08617120090715424f,-0.18957927909555916f,0.02246486080783707f,0.9750422457886064f,0.22087994240400238f,0.7997766512565161f,-0.08326219966886042f,0.22199286233678633f,-0.9714867858997484f,-0.03334270526940335f,0f,0f,0f,1f],start_interpolation:0}
execute if entity @s[tag=aj.convict.bone.head] run data modify entity @s {} merge value {transformation:[-0.8602236174312019f,0.2645011835629164f,0.43595235050105346f,-0.07298953447540411f,0.30797446569104375f,0.9508969643702418f,0.03076835442098497f,1.6975412368772975f,-0.4064075005408895f,0.16072985735474155f,-0.8994436371773562f,0.032825956947330835f,0f,0f,0f,1f],start_interpolation:0}
execute if entity @s[tag=aj.convict.bone.left_axe] run data modify entity @s {} merge value {transformation:[-1.5142625332279878f,-1.2063130002149565f,-2.2067142695708477f,1.3446959380603074f,-2.4472185978924235f,0.11317429978471916f,1.6174308806100295f,0.4482009429590288f,-0.5795688536702543f,2.6739054704558805f,-1.0640016073647245f,1.2757105025967612f,0f,0f,0f,1f],start_interpolation:0}
execute if entity @s[tag=aj.convict.bone.left_arm_2] run data modify entity @s {} merge value {transformation:[-0.6218255541108013f,-0.6499751932006241f,0.436881252148231f,0.46474398028416886f,-0.7766446665199891f,0.5835738038540638f,-0.23720176521550984f,1.2903570001282372f,-0.10077719097518933f,-0.4867996134746926f,-0.8676808711156655f,0.5549618814050985f,0f,0f,0f,1f],start_interpolation:0}
execute if entity @s[tag=aj.convict.bone.left_arm] run data modify entity @s {} merge value {transformation:[-0.6218255541108013f,-0.5812619968631854f,0.5248499511835903f,0.1401202194366422f,-0.7766446665199891f,0.5439233339398799f,-0.31775850698569974f,1.4843084577766086f,-0.10077719097518933f,-0.6052122749898157f,-0.7896594582355118f,0.33100728452219697f,0f,0f,0f,1f],start_interpolation:0}
execute if entity @s[tag=aj.convict.bone.right_axe] run data modify entity @s {} merge value {transformation:[-0.5810020311186579f,0.38519592454255325f,0.7169802923036319f,-0.6861799613617817f,0.771362187038148f,0.5416677695422064f,0.33406047932507155f,0.8804936703029888f,-0.259686380551078f,0.7471413033389191f,-0.6118356450888602f,-0.7373611577160021f,0f,0f,0f,1f],start_interpolation:0}
execute if entity @s[tag=aj.convict.bone.right_arm_2] run data modify entity @s {} merge value {transformation:[-0.5810020311186579f,0.7420664207162544f,0.3343262883492125f,-0.3389133598022447f,0.771362187038148f,0.6330970690636811f,-0.06471844830264331f,1.2276142483937016f,-0.259686380551078f,0.2202851070507114f,-0.9402326602325284f,-0.6151032542831762f,0f,0f,0f,1f],start_interpolation:0}
execute if entity @s[tag=aj.convict.bone.right_arm] run data modify entity @s {} merge value {transformation:[-0.3413830209440212f,0.1914838004604686f,0.9202127945058953f,-0.28219404368444456f,0.6166669060372033f,0.7844919796743482f,0.06553060983330647f,1.5156078595809186f,-0.7093515066662205f,0.5898358144329974f,-0.3858939647137871f,-0.28800080154064756f,0f,0f,0f,1f],start_interpolation:0}
execute if entity @s[tag=aj.convict.bone.body] run data modify entity @s {} merge value {transformation:[-0.563085684161449f,-0.009865870969834843f,0.8263396256276467f,-0.06487074276775441f,0.0417325357390797f,0.9983134495152763f,0.04035656052857274f,0.8760122527317159f,-0.8253441147504593f,0.05720944945475782f,-0.5617242839150398f,-0.014252664418448921f,0f,0f,0f,1f],start_interpolation:0}