execute if entity @s[tag=aj.convict.bone.left_leg_2] run data modify entity @s {} merge value {transformation:[-0.8682591428739892f,-0.14983447074513492f,0.4729436458947839f,0.009398937834929032f,-0.04594160116817474f,0.9734893288542343f,0.22407118486998046f,0.5021655306940197f,-0.4939791798222165f,0.17282406656324795f,-0.85212464576417f,0.12698449426742459f,0f,0f,0f,1f],start_interpolation:0}
execute if entity @s[tag=aj.convict.bone.left_leg] run data modify entity @s {} merge value {transformation:[-0.8542151434381813f,0.14027571766581654f,0.5006388036840806f,0.053235099605496695f,-0.03873303091558212f,0.9430703017791369f,-0.33033037737740734f,0.796875f,-0.5184749184261277f,-0.3015644689540661f,-0.8001516293974988f,0.03274559771927893f,0f,0f,0f,1f],start_interpolation:0}
execute if entity @s[tag=aj.convict.bone.right_leg_2] run data modify entity @s {} merge value {transformation:[-0.8824758136093889f,-0.1366438550668607f,0.4500721000761033f,-0.12325521092922762f,0.006764663736898219f,0.9530857712810722f,0.30262477080716715f,0.49519582892657654f,-0.4703091299549412f,0.2701036272507841f,-0.8401507917195554f,-0.17115674127536462f,0f,0f,0f,1f],start_interpolation:0}
execute if entity @s[tag=aj.convict.bone.right_leg] run data modify entity @s {} merge value {transformation:[-0.8795647259862877f,-0.11664028123923996f,0.4612601625905902f,-0.1597052988164901f,0.008710484526429878f,0.9653733474349551f,0.26072672958778975f,0.796875f,-0.4756995062641766f,0.23334383397608913f,-0.8480923504461987f,-0.09823679315783679f,0f,0f,0f,1f],start_interpolation:0}
execute if entity @s[tag=aj.convict.bone.head] run data modify entity @s {} merge value {transformation:[-0.5093858449490702f,0.3173349031870334f,-0.7998903801051729f,-0.053235099605496695f,-0.021912085811456608f,0.9244388680360791f,0.38070019668968386f,1.697916875f,0.8602592175971806f,0.21145055801167495f,-0.46394260426871564f,-0.03274559771927893f,0f,0f,0f,1f],start_interpolation:0}
execute if entity @s[tag=aj.convict.bone.left_axe] run data modify entity @s {} merge value {transformation:[-0.49682795309389893f,-0.3677562064877205f,0.7860771957093577f,1.2747170889685697f,-0.23377163001574092f,-0.8155849465323597f,-0.5293127808674104f,1.5357646491795454f,0.8357707879701889f,-0.44673993282397395f,0.3192344317208293f,-1.413912925723189f,0f,0f,0f,1f],start_interpolation:0}
execute if entity @s[tag=aj.convict.bone.left_arm_2] run data modify entity @s {} merge value {transformation:[0.3151222410369581f,-0.6506354507357925f,-0.6909207504842199f,0.5006512403745665f,-0.9118253776635403f,-0.005665925625963798f,-0.4105391308213422f,1.543682716252959f,0.2631966068409457f,0.7593690851836369f,-0.5950513747692541f,-0.5898107952965057f,0f,0f,0f,1f],start_interpolation:0}
execute if entity @s[tag=aj.convict.bone.left_arm] run data modify entity @s {} merge value {transformation:[0.28311463986121216f,-0.6646520290791634f,-0.6914360280873474f,0.27406601245546003f,-0.9228825991602873f,0.0074147623601270585f,-0.38501003813705353f,1.5f,0.26102453689913657f,0.7471162570444401f,-0.6112965643584932f,-0.21577286903058115f,0f,0f,0f,1f],start_interpolation:0}
execute if entity @s[tag=aj.convict.bone.right_axe] run data modify entity @s {} merge value {transformation:[-0.8148647772600075f,0.2275684920365511f,-0.5331115982730149f,-0.3414012491612653f,0.15661193683544886f,0.9719410828775439f,0.17550849738823793f,0.6076863614906081f,0.5580932682102944f,0.05952405267652644f,-0.8276404963094269f,0.3027654952007248f,0f,0f,0f,1f],start_interpolation:0}
execute if entity @s[tag=aj.convict.bone.right_arm_2] run data modify entity @s {} merge value {transformation:[-0.8148647772600075f,-0.14399555508356643f,-0.5614807876474259f,-0.4299670282935636f,0.15661193683544886f,0.8779355083404166f,-0.4524399898723629f,1.0655131767572523f,0.5580932682102944f,-0.45661200522021983f,-0.6928472996751321f,0.10633613580141787f,0f,0f,0f,1f],start_interpolation:0}
execute if entity @s[tag=aj.convict.bone.right_arm] run data modify entity @s {} merge value {transformation:[-0.9433893203640383f,-0.08803025812027403f,-0.319792532555649f,-0.38053621166645346f,-0.09467443251605107f,0.9954944065584823f,0.005257217756464203f,1.5f,0.31788888318222386f,0.03523577962885336f,-0.9474730063611867f,0.1502816735920233f,0f,0f,0f,1f],start_interpolation:0}
execute if entity @s[tag=aj.convict.bone.body] run data modify entity @s {} merge value {transformation:[-0.8728029654958847f,0f,-0.4880727234968059f,-0.053235099605496695f,0f,1f,0f,0.875f,0.4880727234968059f,0f,-0.8728029654958847f,-0.03274559771927893f,0f,0f,0f,1f],start_interpolation:0}