execute if entity @s[tag=aj.convict.bone.left_leg_2] run data modify entity @s {} merge value {transformation:[-0.36067275023775064f,-0.7528102330581983f,-0.5506286591150138f,0.6130543711699837f,-0.7857028906021929f,-0.07288306148180973f,0.6142955534988f,0.9918981998977253f,-0.5025794812119726f,0.6541901958543095f,-0.5651982419583457f,-0.10105736680617f,0f,0f,0f,1f],start_interpolation:0}
execute if entity @s[tag=aj.convict.bone.left_leg] run data modify entity @s {} merge value {transformation:[-0.12455397803633775f,-0.9667368099793558f,-0.223397060827268f,0.31094911805143505f,-0.9389536141129493f,0.04206809046263037f,0.34146213012435f,1.0050444781672974f,-0.32070612264120263f,0.252289944301723f,-0.9129607696416531f,-0.02221675921188156f,0f,0f,0f,1f],start_interpolation:0}
execute if entity @s[tag=aj.convict.bone.right_leg_2] run data modify entity @s {} merge value {transformation:[-0.18976861078543378f,-0.6183006456606756f,-0.7626874759271705f,0.3856131152856947f,-0.9770044231758934f,0.1958307773029395f,0.08433660981843105f,0.7280051402457544f,0.09721230094646643f,0.7611534787653002f,-0.6412450002208014f,-0.3127164831539875f,0f,0f,0f,1f],start_interpolation:0}
execute if entity @s[tag=aj.convict.bone.right_leg] run data modify entity @s {} merge value {transformation:[-0.5391118731196678f,-0.6628768978954664f,-0.5195696358505628f,0.17846408469336145f,-0.8120868804319801f,0.2455448173092629f,0.5293605966851098f,0.804737895654899f,-0.22332327888435205f,0.7073202675797181f,-0.670689758516781f,-0.09167889953532557f,0f,0f,0f,1f],start_interpolation:0}
execute if entity @s[tag=aj.convict.bone.head] run data modify entity @s {} merge value {transformation:[-0.5714489337316245f,-0.6346145607448054f,0.5202984484194305f,-0.44361341564502704f,-0.23962231025901592f,0.7354229559958033f,0.6338250738338828f,1.4811424326367322f,-0.7848740437567812f,0.23752354638029505f,-0.5723244712152423f,0.007697138570792669f,0f,0f,0f,1f],start_interpolation:0}
execute if entity @s[tag=aj.convict.bone.left_axe] run data modify entity @s {} merge value {transformation:[2.2620216645674187f,0.2978830780439056f,0.19793457643652476f,-0.3343193752105431f,0.29949833953498584f,-2.2704452748315167f,-0.005782241555048844f,1.3957565998754091f,0.19548189008142083f,0.03159685928542201f,-2.281543973900102f,1.9365361888226444f,0f,0f,0f,1f],start_interpolation:0}
execute if entity @s[tag=aj.convict.bone.left_arm_2] run data modify entity @s {} merge value {transformation:[0.9995972874259941f,0.027017782194967144f,-0.008677696460445083f,-0.3380582798457412f,0.009019572398363762f,-0.012557688719405796f,0.9998804687400277f,1.4222887383826683f,0.026905580914468007f,-0.9995560734142394f,-0.012796320422808823f,0.7937887153299643f,0f,0f,0f,1f],start_interpolation:0}
execute if entity @s[tag=aj.convict.bone.left_arm] run data modify entity @s {} merge value {transformation:[0.9995972874259941f,0.027017782194967144f,-0.008677696460445083f,-0.25220158164064294f,0.009019572398363762f,-0.012557688719405796f,0.9998804687400277f,1.3624039602136861f,0.026905580914468007f,-0.9995560734142394f,-0.012796320422808823f,0.36694464987669634f,0f,0f,0f,1f],start_interpolation:0}
execute if entity @s[tag=aj.convict.bone.right_axe] run data modify entity @s {} merge value {transformation:[-0.8900661477179805f,-0.44050693988055234f,0.11720020735282385f,0.08566304103649097f,0.31999089304478323f,-0.42070390514464984f,0.8488898942527492f,1.4148785878942043f,-0.32463530469570867f,0.7930711570301323f,0.5154125132668119f,-1.1756117324312512f,0f,0f,0f,1f],start_interpolation:0}
execute if entity @s[tag=aj.convict.bone.right_arm_2] run data modify entity @s {} merge value {transformation:[-0.8879739035832129f,-0.2815015789159303f,0.3636745902905902f,-0.094482899132148f,0.32197340940818187f,0.184121699697662f,0.9286723444436769f,1.498977818430229f,-0.32838311495760825f,0.9417303545964111f,-0.0728592412975605f,-0.7103069474692472f,0f,0f,0f,1f],start_interpolation:0}
execute if entity @s[tag=aj.convict.bone.right_arm] run data modify entity @s {} merge value {transformation:[-0.6682628876086275f,-0.6242770534725135f,0.404602117583009f,-0.33575311151584536f,0.6163627813670499f,-0.16008354346713155f,0.771018923799203f,1.34216979952786f,-0.41655928124392194f,0.7646250189594135f,0.4917590320379117f,-0.3781122074146473f,0f,0f,0f,1f],start_interpolation:0}
execute if entity @s[tag=aj.convict.bone.body] run data modify entity @s {} merge value {transformation:[-0.1114020398336032f,-0.7560551320688691f,0.6449575356511752f,0.17855711096479904f,-0.026978880914434955f,0.6510589497027933f,0.7585475489357939f,0.9453750363065273f,-0.9934091430551248f,0.0671035117130268f,-0.0929268164216479f,-0.04752347358961724f,0f,0f,0f,1f],start_interpolation:0}