execute if entity @s[tag=aj.convict.bone.left_leg_2] run data modify entity @s {} merge value {transformation:[-0.9254615723563415f,-0.09181789670755706f,0.367546394263266f,0.020228687959688157f,-0.03880672476913288f,0.9880578348382686f,0.14911657562928998f,0.511425061389177f,-0.37684866485689f,0.12373838878421417f,-0.9179727092548374f,0.1454384890654497f,0f,0f,0f,1f],start_interpolation:0}
execute if entity @s[tag=aj.convict.bone.left_leg] run data modify entity @s {} merge value {transformation:[-0.9254615723563415f,0.12004410503125541f,0.3593192048012084f,0.05774247078195548f,-0.03880672476913288f,0.9134398035546337f,-0.4051194433679591f,0.796875f,-0.37684866485689f,-0.38886647853642153f,-0.8406949183064343f,0.023917714522817983f,0f,0f,0f,1f],start_interpolation:0}
execute if entity @s[tag=aj.convict.bone.right_leg_2] run data modify entity @s {} merge value {transformation:[-0.94370641644352f,-0.08926990229232792f,0.31851072840337386f,-0.14969875788221193f,0.008774702005361078f,0.9558010101733471f,0.2938833672672313f,0.4944655275509737f,-0.3306678154402794f,0.2801344561033639f,-0.901212229353123f,-0.14692736383199606f,0f,0f,0f,1f],start_interpolation:0}
execute if entity @s[tag=aj.convict.bone.right_leg] run data modify entity @s {} merge value {transformation:[-0.94370641644352f,-0.07529169428369432f,0.3221014752142875f,-0.17322741234586642f,0.008774702005361078f,0.9677103118368842f,0.2519122009138847f,0.796875f,-0.3306678154402794f,0.2405575048433348f,-0.9125737683582091f,-0.07175314356845394f,0f,0f,0f,1f],start_interpolation:0}
execute if entity @s[tag=aj.convict.bone.head] run data modify entity @s {} merge value {transformation:[-0.9914448613738102f,0f,-0.13052619222005374f,-0.05774247078195548f,0f,1f,0f,1.697916875f,0.13052619222005374f,0f,-0.9914448613738102f,-0.023917714522817983f,0f,0f,0f,1f],start_interpolation:0}
execute if entity @s[tag=aj.convict.bone.left_axe] run data modify entity @s {} merge value {transformation:[-0.9865792149697504f,-0.0855650631280549f,0.1390685894138683f,0.3243028977620905f,-0.0030302666582660426f,0.8611488666193572f,0.5083438275460579f,0.56588625f,-0.16325522985084093f,0.501100039405395f,-0.849850857759325f,0.09738275243953431f,0f,0f,0f,1f],start_interpolation:0}
execute if entity @s[tag=aj.convict.bone.left_arm_2] run data modify entity @s {} merge value {transformation:[-0.9762960071199329f,0f,-0.216439613938105f,0.348821614115626f,0f,1f,0f,1.07027375f,0.216439613938105f,0f,-0.9762960071199329f,0.04976277226675263f,0f,0f,0f,1f],start_interpolation:0}
execute if entity @s[tag=aj.convict.bone.left_arm] run data modify entity @s {} merge value {transformation:[-0.9762960071199329f,0f,-0.216439613938105f,0.28871235390977734f,0f,1f,0f,1.5f,0.216439613938105f,0f,-0.9762960071199329f,0.1195885726140899f,0f,0f,0f,1f],start_interpolation:0}
execute if entity @s[tag=aj.convict.bone.right_axe] run data modify entity @s {} merge value {transformation:[-0.8686895913734456f,-0.252336207555312f,0.4262684977758013f,-0.39646540358102256f,0.06914531705081846f,0.7903344146262923f,0.6087613967617015f,0.56588625f,-0.4905072058281892f,0.5582991594243343f,-0.6691074126152721f,-0.25317529528896654f,0f,0f,0f,1f],start_interpolation:0}
execute if entity @s[tag=aj.convict.bone.right_arm_2] run data modify entity @s {} merge value {transformation:[-0.8433914458128868f,0f,0.5372996083468219f,-0.4367996934873989f,0f,1f,0f,1.07027375f,-0.5372996083468219f,0f,-0.8433914458128868f,-0.2535973687773929f,0f,0f,0f,1f],start_interpolation:0}
execute if entity @s[tag=aj.convict.bone.right_arm] run data modify entity @s {} merge value {transformation:[-0.8433914458128868f,0f,0.5372996083468219f,-0.4041972954736883f,0f,1f,0f,1.5f,-0.5372996083468219f,0f,-0.8433914458128868f,-0.16742400165972587f,0f,0f,0f,1f],start_interpolation:0}
execute if entity @s[tag=aj.convict.bone.body] run data modify entity @s {} merge value {transformation:[-0.9238795325112876f,0f,0.38268343236508773f,-0.05774247078195548f,0f,1f,0f,0.875f,-0.38268343236508773f,0f,-0.9238795325112876f,-0.023917714522817983f,0f,0f,0f,1f],start_interpolation:0}