execute if entity @s[tag=aj.convict.bone.left_leg_2] run data modify entity @s {} merge value {transformation:[-0.40099238153273253f,-0.5096952130015475f,0.7611937334187756f,0.09327694314440574f,-0.38477975459586233f,0.8477835913298996f,0.36497605774204633f,0.5416862031892222f,-0.8313541065068815f,-0.1465393193483735f,-0.5360751602891709f,0.20522302119635022f,0f,0f,0f,1f],start_interpolation:0}
execute if entity @s[tag=aj.convict.bone.left_leg] run data modify entity @s {} merge value {transformation:[-0.670255479340133f,-0.1411475229121373f,0.7285842224412329f,0.04916834223436284f,-0.4980124211618555f,0.813416800247808f,-0.3005607050882135f,0.7958789532666622f,-0.5502192479212582f,-0.5642964520979953f,-0.615490286979884f,0.028880379915726714f,0f,0f,0f,1f],start_interpolation:0}
execute if entity @s[tag=aj.convict.bone.right_leg_2] run data modify entity @s {} merge value {transformation:[-0.8234546972222462f,-0.1497549052566317f,0.5472621218156762f,-0.11318104388004623f,0.02527954585642999f,0.953897569756833f,0.29906583050107954f,0.497906925475024f,-0.5668185831321265f,0.2601017008087127f,-0.7817056984904892f,-0.19097765075846787f,0f,0f,0f,1f],start_interpolation:0}
execute if entity @s[tag=aj.convict.bone.right_leg] run data modify entity @s {} merge value {transformation:[-0.8305057997930618f,-0.11910337892128181f,0.5441272844102014f,-0.1504008497929468f,0.025387745282929242f,0.9677624574959186f,0.2505818992882553f,0.8003326934424986f,-0.5564311088531407f,0.22192388558015516f,-0.8007085675259573f,-0.12162643651466938f,0f,0f,0f,1f],start_interpolation:0}
execute if entity @s[tag=aj.convict.bone.head] run data modify entity @s {} merge value {transformation:[-0.42671170951464615f,0.1105984661563692f,0.8975996302622603f,-0.08384837150086775f,0.30782124396224575f,0.9509973191136432f,0.029157860075788758f,1.6977852718754185f,-0.8503900274160228f,0.28874223508610947f,-0.4398462492153981f,-0.011447208069499955f,0f,0f,0f,1f],start_interpolation:0}
execute if entity @s[tag=aj.convict.bone.left_axe] run data modify entity @s {} merge value {transformation:[-0.9325434578227371f,-2.4530538436373472f,-1.2669224571795232f,0.2668814424780781f,-2.3352647820279118f,-0.012516899775688262f,1.7431536644994592f,0.3526101165290455f,-1.4727878564511236f,1.5730776015358543f,-1.9617659805527439f,1.7567856961271713f,0f,0f,0f,1f],start_interpolation:0}
execute if entity @s[tag=aj.convict.bone.left_arm_2] run data modify entity @s {} merge value {transformation:[-0.4116598828292845f,-0.22720345244038465f,0.8825614607879437f,-0.0019083939250229692f,-0.7464364088495467f,0.6396579977336904f,-0.18349477779795015f,1.2693724824171293f,-0.5228468498640614f,-0.7343134461076528f,-0.43291446551568513f,0.7251060738003713f,0f,0f,0f,1f],start_interpolation:0}
execute if entity @s[tag=aj.convict.bone.left_arm] run data modify entity @s {} merge value {transformation:[-0.4116598828292845f,-0.04102302382024575f,0.9104137808631978f,-0.10013552747907901f,-0.7464364088495467f,0.5883096748884314f,-0.31100548865970346f,1.4842547090964793f,-0.5228468498640614f,-0.8075944761755817f,-0.2728045704124397f,0.3545248082366878f,0f,0f,0f,1f],start_interpolation:0}
execute if entity @s[tag=aj.convict.bone.right_axe] run data modify entity @s {} merge value {transformation:[-0.29837207524825526f,-0.1797561776270401f,0.9373696289708585f,-0.07508844381663579f,0.7723447671629785f,0.5315411267465177f,0.3477752021248889f,0.8862953318356726f,-0.5607652497685767f,0.8277389366110299f,-0.01976328591169091f,-1.0039678842078144f,0f,0f,0f,1f],start_interpolation:0}
execute if entity @s[tag=aj.convict.bone.right_arm_2] run data modify entity @s {} merge value {transformation:[-0.29837207524825526f,0.42802431088327725f,0.8530939537969687f,0.11239987224577017f,0.7723447671629785f,0.6334120574258606f,-0.0476731176188755f,1.2332451020843203f,-0.5607652497685767f,0.6446583240759666f,-0.51957480679066f,-0.6869382775319943f,0f,0f,0f,1f],start_interpolation:0}
execute if entity @s[tag=aj.convict.bone.right_arm] run data modify entity @s {} merge value {transformation:[0.16701369967326105f,-0.22962899155103478f,0.9588414625790357f,-0.051493221038148906f,0.6264354761657095f,0.775695044156569f,0.07665371923122677f,1.5161239854395991f,-0.761370486900097f,0.5878500869356009f,0.27339944580652636f,-0.3932173099093162f,0f,0f,0f,1f],start_interpolation:0}
execute if entity @s[tag=aj.convict.bone.body] run data modify entity @s {} merge value {transformation:[0.06485640858790681f,-0.04059278544213977f,0.9970686395806091f,-0.050443883357276606f,0.042492368457493164f,0.9983783576179611f,0.03788210214514632f,0.8762028737568135f,-0.9969894908613386f,0.039910910915576255f,0.06647611828271727f,-0.044290570158549356f,0f,0f,0f,1f],start_interpolation:0}