execute if entity @s[tag=aj.convict.bone.left_leg_2] run data modify entity @s {} merge value {transformation:[-0.5648773443270237f,-0.5456659002749443f,0.6190010590808255f,0.4379110758082079f,-0.6839180545454053f,0.7293167237143139f,0.01879391330849313f,0.7384666576336874f,-0.46170302200968627f,-0.41272974424888975f,-0.7851652550128343f,0.27551063029130995f,0f,0f,0f,1f],start_interpolation:0}
execute if entity @s[tag=aj.convict.bone.left_leg] run data modify entity @s {} merge value {transformation:[-0.5310763899938172f,-0.7069061755310884f,0.4671632765823369f,0.21700289595474273f,-0.8236599009898546f,0.5600828122135694f,-0.0888347396254544f,0.9134925364504278f,-0.19885229566821078f,-0.43196169096223075f,-0.8796970285550206f,0.14052260186561283f,0f,0f,0f,1f],start_interpolation:0}
execute if entity @s[tag=aj.convict.bone.right_leg_2] run data modify entity @s {} merge value {transformation:[-0.9076254331697233f,-0.09156007255451606f,0.40967404869882107f,0.05099368797809454f,-0.40300799749696536f,0.4631686960228985f,-0.7893410625185627f,0.6230955635878745f,-0.11747606997579607f,-0.8815279417796461f,-0.4572831298493114f,0.347376979141784f,0f,0f,0f,1f],start_interpolation:0}
execute if entity @s[tag=aj.convict.bone.right_leg] run data modify entity @s {} merge value {transformation:[-0.7389206243854282f,-0.03625597326743624f,0.672816330999984f,0.039663696332020715f,-0.6218682233241831f,0.42108898145541096f,-0.6602756867524869f,0.7546858702926905f,-0.25937660587931366f,-0.9062944191041205f,-0.33369777077956575f,0.0641599731717464f,0f,0f,0f,1f],start_interpolation:0}
execute if entity @s[tag=aj.convict.bone.head] run data modify entity @s {} merge value {transformation:[-0.6443713432049759f,-0.3410811375021628f,0.6844335100624794f,-0.2700741803877349f,-0.5179010710237614f,0.8531599803034579f,-0.0624221806815837f,1.5312718925841198f,-0.5626402515716913f,-0.39469191231748607f,-0.7263981288952428f,-0.3051076738940382f,0f,0f,0f,1f],start_interpolation:0}
execute if entity @s[tag=aj.convict.bone.left_axe] run data modify entity @s {} merge value {transformation:[1.068291781511646f,-0.5647690322396692f,-1.1714500952216949f,0.9192541013773533f,-1.2628593764168832f,-0.8125375175008938f,-0.7599182152486024f,2.3905769206665752f,-0.3105568881345419f,1.3613689575914856f,-0.9395401515399103f,0.3285947186816167f,0f,0f,0f,1f],start_interpolation:0}
execute if entity @s[tag=aj.convict.bone.left_arm_2] run data modify entity @s {} merge value {transformation:[0.581636912890187f,-0.7950393934410602f,0.17207807658282442f,0.19169880935544648f,-0.8130758770878586f,-0.5746159080002722f,0.09340329957143986f,1.9056988059049798f,0.024619497585908826f,-0.19423933986166125f,-0.9806451749683591f,0.11274712011027126f,0f,0f,0f,1f],start_interpolation:0}
execute if entity @s[tag=aj.convict.bone.left_arm] run data modify entity @s {} merge value {transformation:[0.581636912890187f,-0.7950393934410602f,0.17207807658282442f,-0.11651907196434785f,-0.8130758770878586f,-0.5746159080002722f,0.09340329957143986f,1.5936161151488637f,0.024619497585908826f,-0.19423933986166125f,-0.9806451749683591f,0.08518723511662918f,0f,0f,0f,1f],start_interpolation:0}
execute if entity @s[tag=aj.convict.bone.right_axe] run data modify entity @s {} merge value {transformation:[-0.5444987469525938f,-0.6813664796168839f,0.48914295969741783f,0.17713922985253178f,0.09447174063031538f,0.5296420318936766f,0.8429438939062407f,0.3925074144269645f,-0.8334243845660705f,0.5051920808029676f,-0.22401954536297536f,-0.7946759775497351f,0f,0f,0f,1f],start_interpolation:0}
execute if entity @s[tag=aj.convict.bone.right_arm_2] run data modify entity @s {} merge value {transformation:[-0.5192395067049126f,-0.25858628623511093f,0.8145694981080327f,0.01156744906359275f,0.07504577933026792f,0.935649195760746f,0.34486042608130807f,0.8596561534436012f,-0.8513274726458389f,0.24019516032468702f,-0.46642021748102447f,-0.6927356798943094f,0f,0f,0f,1f],start_interpolation:0}
execute if entity @s[tag=aj.convict.bone.right_arm] run data modify entity @s {} merge value {transformation:[-0.3066016064927174f,-0.5673404677643419f,0.7642775991307234f,-0.25176524060842764f,0.052776317486851174f,0.7915812331298804f,0.6087805940313018f,1.1623439099825068f,-0.9503736713570151f,0.2269888653513995f,-0.21275793709723806f,-0.5133215441991339f,0f,0f,0f,1f],start_interpolation:0}
execute if entity @s[tag=aj.convict.bone.body] run data modify entity @s {} merge value {transformation:[-0.18032822485877298f,-0.4341824015832264f,0.8825912833666022f,0.0872218447031288f,-0.575029606888476f,0.7745265784862182f,0.26353278813103437f,0.8939009010117989f,-0.7980117057543508f,-0.45999371884174023f,-0.38933673870465596f,0.07342891973483529f,0f,0f,0f,1f],start_interpolation:0}