execute if entity @s[tag=aj.convict.bone.left_leg_2] run data modify entity @s {} merge value {transformation:[0.8703701960732249f,0.4804020405727755f,0.10802592837356147f,-0.22884914827053232f,-0.35331514681934817f,0.7621177020407075f,-0.5425357271776801f,0.7004782507750262f,-0.3429637427126648f,0.43403973049676564f,0.8330578512533309f,-0.20615526891388677f,0f,0f,0f,1f],start_interpolation:0}
execute if entity @s[tag=aj.convict.bone.left_leg] run data modify entity @s {} merge value {transformation:[0.8261162585836519f,0.563251866961401f,-0.016711124086830592f,-0.052832939845094525f,-0.2289929348187728f,0.3084695975199159f,-0.9232598459854011f,0.796875f,-0.5148729582206025f,0.7665466990147421f,0.383812447847602f,0.03339057452822015f,0f,0f,0f,1f],start_interpolation:0}
execute if entity @s[tag=aj.convict.bone.right_leg_2] run data modify entity @s {} merge value {transformation:[0.8794714312306706f,-0.07752093888550846f,0.46959610910162475f,0.1749045680194801f,0.02537751830286316f,0.9928808302141111f,0.11637713932781452f,0.48534520935048936f,-0.47527463977563944f,-0.09043318543348441f,0.8751776138353228f,-0.0818334860863245f,0f,0f,0f,1f],start_interpolation:0}
execute if entity @s[tag=aj.convict.bone.right_leg] run data modify entity @s {} merge value {transformation:[0.814255549873199f,-0.052498395149428854f,0.5781278561074781f,0.15849881953528358f,0.008712499327527028f,0.996895330078434f,0.07825466901903075f,0.796875f,-0.5804412044782506f,-0.05868235999467503f,0.8121849473914751f,-0.10017172358466045f,0f,0f,0f,1f],start_interpolation:0}
execute if entity @s[tag=aj.convict.bone.head] run data modify entity @s {} merge value {transformation:[0.787984824989607f,-0.23691861474384074f,0.5682864467625092f,0.052832939845094525f,0.32090234340095364f,0.9457555294465806f,-0.05067706109271153f,1.697916875f,-0.5254537102218186f,0.22229720760521843f,0.8212687440205232f,-0.03339057452822015f,0f,0f,0f,1f],start_interpolation:0}
execute if entity @s[tag=aj.convict.bone.left_axe] run data modify entity @s {} merge value {transformation:[-0.20329808240703423f,0.3198045798121124f,2.9759695765280973f,-2.085264908429449f,-2.9878862247936984f,-0.1977290171880729f,-0.18286372918077487f,1.52634990890562f,0.17665162715832383f,-2.976344782865896f,0.33191254289237004f,0.5964436558453727f,0f,0f,0f,1f],start_interpolation:0}
execute if entity @s[tag=aj.convict.bone.left_arm_2] run data modify entity @s {} merge value {transformation:[-0.11492811952828795f,0.9579283404139854f,0.26299205686369936f,-0.6892732033757111f,-0.9252415607887406f,-0.00686803855139341f,-0.3793163379498326f,1.53250938263633f,-0.3615516305189435f,-0.2869252945945412f,0.8871044435639635f,0.2316456118209429f,0f,0f,0f,1f],start_interpolation:0}
execute if entity @s[tag=aj.convict.bone.left_arm] run data modify entity @s {} merge value {transformation:[-0.11492811952828795f,0.9233316075137359f,0.3664017875335654f,-0.3211857336747189f,-0.9252415607887406f,0.03474849667539204f,-0.3777837955339209f,1.5f,-0.3615516305189435f,-0.3824281429823133f,0.8503111982822482f,-0.00627910355227989f,0f,0f,0f,1f],start_interpolation:0}
execute if entity @s[tag=aj.convict.bone.right_axe] run data modify entity @s {} merge value {transformation:[0.11147196784156319f,-0.9886871461647833f,0.10035799616406371f,1.2125112769305852f,0.9201544286325624f,0.1408306799995251f,0.3653526338193744f,1.1704212887920462f,-0.3753529377178392f,0.05161827757110904f,0.9254435291076275f,-0.25370869691228237f,0f,0f,0f,1f],start_interpolation:0}
execute if entity @s[tag=aj.convict.bone.right_arm_2] run data modify entity @s {} merge value {transformation:[0.11147196784156319f,-0.7232841727555523f,0.6814939514235222f,0.8369865996052867f,0.9201544286325624f,0.33414108184909147f,0.20412144642002042f,1.3661170108188623f,-0.3753529377178392f,0.6043258581775524f,0.702780498651288f,0.02327177955612251f,0f,0f,0f,1f],start_interpolation:0}
execute if entity @s[tag=aj.convict.bone.right_arm] run data modify entity @s {} merge value {transformation:[0.4600089161066567f,-0.8848589366572046f,-0.07359659856447251f,0.42685161336490796f,0.8867247181436699f,0.46210093711095523f,-0.01349066915337939f,1.5f,0.04594639632667495f,-0.059054095023615166f,0.9971968424165483f,-0.060502045504160405f,0f,0f,0f,1f],start_interpolation:0}
execute if entity @s[tag=aj.convict.bone.body] run data modify entity @s {} merge value {transformation:[0.9973831293861691f,0f,0.07229725593584069f,0.052832939845094525f,0f,1f,0f,0.875f,-0.07229725593584069f,0f,0.9973831293861691f,-0.03339057452822015f,0f,0f,0f,1f],start_interpolation:0}