execute if entity @s[tag=aj.convict.bone.left_leg_2] run data modify entity @s {} merge value {transformation:[0.4781230479527481f,-0.22648152848469555f,0.8485896937104592f,-0.10255291443977112f,-0.3770272308297142f,0.8197045402288715f,0.4312017323029346f,0.5396717747165922f,-0.7932520521431081f,-0.5261089088614739f,0.3065299296762683f,0.20806042435609393f,0f,0f,0f,1f],start_interpolation:0}
execute if entity @s[tag=aj.convict.bone.left_leg] run data modify entity @s {} merge value {transformation:[0.10081789365149063f,0.3279196946676701f,0.9393106121878639f,-0.00007800985612419799f,-0.5174742713707646f,0.8236482831511206f,-0.23199975028328693f,0.7970618632013173f,-0.8497388603500334f,-0.46267934848150893f,0.2527284900832387f,0.06347312795562238f,0f,0f,0f,1f],start_interpolation:0}
execute if entity @s[tag=aj.convict.bone.right_leg_2] run data modify entity @s {} merge value {transformation:[-0.011622714834862203f,-0.36441961612055745f,0.9311623144685431f,0.11729451513456629f,-0.014526803383405236f,0.9311884765165812f,0.3642485321675139f,0.4996064207663797f,-0.9998269272645781f,-0.009293255041920901f,-0.016116790232501416f,-0.18510412014989935f,0f,0f,0f,1f],start_interpolation:0}
execute if entity @s[tag=aj.convict.bone.right_leg] run data modify entity @s {} merge value {transformation:[0.02328557360815245f,-0.3123863850296228f,0.9496696944253115f,0.019673769812809157f,0.0055001773316663526f,0.9499529171895192f,0.31234468648024516f,0.7964667073881044f,-0.9997137240785785f,-0.0020497734623024094f,0.02383837909115677f,-0.18574467435686887f,0f,0f,0f,1f],start_interpolation:0}
execute if entity @s[tag=aj.convict.bone.head] run data modify entity @s {} merge value {transformation:[0.6485744484207004f,-0.19038043569112525f,0.7369575798930644f,-0.003547659068789009f,0.2933214804068632f,0.9559483673425643f,-0.01119053649346262f,1.6977016071767839f,-0.7023629360862598f,0.2234233843650721f,0.6758463563052973f,-0.06434499912212355f,0f,0f,0f,1f],start_interpolation:0}
execute if entity @s[tag=aj.convict.bone.left_axe] run data modify entity @s {} merge value {transformation:[0.8652699533128279f,-2.4198675388650557f,1.2803837762983652f,-1.5525783783496534f,-2.4580851206599164f,-0.09546591600891619f,1.4807219221845023f,0.5147317252855284f,-1.2053875143916202f,-1.5423880723069092f,-2.100455566519091f,1.0010030784144945f,0f,0f,0f,1f],start_interpolation:0}
execute if entity @s[tag=aj.convict.bone.left_arm_2] run data modify entity @s {} merge value {transformation:[0.2918643597800157f,0.5967097233126124f,0.7474976264807722f,-0.7043620518211153f,-0.8095726040961366f,0.5702896863660938f,-0.13914694506694164f,1.3275149016973224f,-0.5093205220558091f,-0.5645415659884121f,0.6495270787920626f,0.2623748741600512f,0f,0f,0f,1f],start_interpolation:0}
execute if entity @s[tag=aj.convict.bone.left_arm] run data modify entity @s {} merge value {transformation:[0.2918643597800157f,0.8192682978513461f,0.4935733497930782f,-0.35798791280863734f,-0.8095726040961366f,0.48640224548453315f,-0.3286412242622705f,1.4949183357212577f,-0.5093205220558091f,-0.30366480158780756f,0.8052206493188289f,0.04987908221098252f,0f,0f,0f,1f],start_interpolation:0}
execute if entity @s[tag=aj.convict.bone.right_axe] run data modify entity @s {} merge value {transformation:[0.4316054931643598f,-0.8415351412432004f,0.3248619773428979f,0.9279107925639306f,0.7692216204851646f,0.5314623832695483f,0.35474756341323793f,0.8738910197387062f,-0.47118446159495486f,0.0967798595898931f,0.8767091090716659f,-0.39994967454444263f,0f,0f,0f,1f],start_interpolation:0}
execute if entity @s[tag=aj.convict.bone.right_arm_2] run data modify entity @s {} merge value {transformation:[0.4316054931643598f,-0.46987127371988824f,0.7700244700028698f,0.6892801030071158f,0.7692216204851646f,0.6375940906468412f,-0.04209363550948151f,1.2227242749142482f,-0.47118446159495486f,0.610487314941988f,0.6366242545225522f,-0.12173296525147874f,0f,0f,0f,1f],start_interpolation:0}
execute if entity @s[tag=aj.convict.bone.right_arm] run data modify entity @s {} merge value {transformation:[0.7715585428803479f,-0.6321297169548122f,0.07148031792727563f,0.3567553796462832f,0.6268389038308206f,0.7746035712145452f,0.08403746846406286f,1.5046970595195324f,-0.10849149069180575f,-0.020033182580473513f,0.9938955015710496f,-0.17715924594437f,0f,0f,0f,1f],start_interpolation:0}
execute if entity @s[tag=aj.convict.bone.body] run data modify entity @s {} merge value {transformation:[0.9529910566065607f,-0.014811230662427856f,0.3026362064825957f,0.008640752582840302f,0.013038298397699755f,0.9998839641965285f,0.007877875191179867f,0.8748802199975647f,-0.30271777087380336f,-0.0035616834361891425f,0.9530735887686201f,-0.06141402971907552f,0f,0f,0f,1f],start_interpolation:0}