execute if entity @s[tag=aj.convict.bone.left_leg_2] run data modify entity @s {} merge value {transformation:[-0.7963593376192878f,-0.12071278908340724f,0.5926552353082475f,-0.018110820013877614f,-0.03874187866705006f,0.9880494205626433f,0.1491891730762407f,0.5114150894980118f,-0.6035817030228111f,0.09584761383326024f,-0.7915190223226183f,0.14568690277693733f,0f,0f,0f,1f],start_interpolation:0}
execute if entity @s[tag=aj.convict.bone.left_leg] run data modify entity @s {} merge value {transformation:[-0.7963593376192878f,0.21662529210265535f,0.5646992900721662f,0.04958458376820219f,-0.03874187866705006f,0.9134717136063623f,-0.405053694315215f,0.796875f,-0.6035817030228111f,-0.34444580308445527f,-0.7190592579986631f,0.03804758931304505f,0f,0f,0f,1f],start_interpolation:0}
execute if entity @s[tag=aj.convict.bone.right_leg_2] run data modify entity @s {} merge value {transformation:[-0.8259695570202612f,-0.1587462340945508f,0.5409010297980137f,-0.10656582277025986f,0.00871819451642794f,0.9558176681104017f,0.29383086701769046f,0.4944610425342024f,-0.5636473045798475f,0.24741103146139623f,-0.7880923153737008f,-0.1806425951257948f,0f,0f,0f,1f],start_interpolation:0}
execute if entity @s[tag=aj.convict.bone.right_leg] run data modify entity @s {} merge value {transformation:[-0.8259695570202612f,-0.13500137130990952f,0.5473106253492596f,-0.14875375130460658f,0.00871819451642794f,0.9677246638905523f,0.25185902402393917f,0.796875f,-0.5636473045798475f,0.21279944699731096f,-0.7981341437361963f,-0.11414276793913514f,0f,0f,0f,1f],start_interpolation:0}
execute if entity @s[tag=aj.convict.bone.head] run data modify entity @s {} merge value {transformation:[-0.25960097468238985f,-0.30355256065142794f,0.9167677878644702f,-0.04958458376820219f,0f,0.9493141013733913f,0.3143290265527994f,1.697916875f,-0.9657159696018044f,0.08160012166407352f,-0.24644286599626947f,-0.03804758931304505f,0f,0f,0f,1f],start_interpolation:0}
execute if entity @s[tag=aj.convict.bone.left_axe] run data modify entity @s {} merge value {transformation:[0.6652997854881298f,0.4140773942216296f,0.6212214637503071f,-0.639007651516317f,-0.0944595482381993f,0.8720937173999114f,-0.4801353369813962f,0.6401800291505912f,-0.7405765248616002f,0.2607536378772669f,0.6193173267055325f,0.1129369285666127f,0f,0f,0f,1f],start_interpolation:0}
execute if entity @s[tag=aj.convict.bone.left_arm_2] run data modify entity @s {} merge value {transformation:[0.32246204665433215f,0.6224281183411631f,0.7131630009792844f,-0.20199852707454874f,0.20027669757462993f,0.6914895410528471f,-0.6940687711049411f,1.0698719843158329f,-0.9251526754412485f,0.36664076711790006f,0.09832128462900674f,0.39529088414956837f,0f,0f,0f,1f],start_interpolation:0}
execute if entity @s[tag=aj.convict.bone.left_arm] run data modify entity @s {} merge value {transformation:[-0.35355058495707636f,0.303780893415932f,0.8847141643897918f,-0.14634843847273407f,0.0631776407377463f,0.9513932327577197f,-0.3014291000776596f,1.5f,-0.9332794702485003f,-0.050676281022128f,-0.35555779411291905f,0.32425305438320934f,0f,0f,0f,1f],start_interpolation:0}
execute if entity @s[tag=aj.convict.bone.right_axe] run data modify entity @s {} merge value {transformation:[0.3537287919567715f,-0.48453773293893276f,0.8000619520382172f,0.08425961794859371f,0.06963713158128433f,0.8666314143839855f,0.4940654425356462f,0.5665059216522425f,-0.9327521705393852f,-0.11905115270845729f,0.34029430114660103f,-0.46159302516122735f,0f,0f,0f,1f],start_interpolation:0}
execute if entity @s[tag=aj.convict.bone.right_arm_2] run data modify entity @s {} merge value {transformation:[0.3537287919567715f,0.10263722829404681f,0.9296997048019962f,0.12832464406465183f,0.06963713158128433f,0.9883129122246783f,-0.1356033090861215f,1.07027375f,-0.9327521705393852f,0.11270841538275225f,0.3424473703446633f,-0.443985304135877f,0f,0f,0f,1f],start_interpolation:0}
execute if entity @s[tag=aj.convict.bone.right_arm] run data modify entity @s {} merge value {transformation:[0.4218843756527473f,0f,0.9066496421331074f,0.0471792709363297f,0f,1f,0f,1.5f,-0.9066496421331074f,0f,0.4218843756527473f,-0.4003482330092994f,0f,0f,0f,1f],start_interpolation:0}
execute if entity @s[tag=aj.convict.bone.body] run data modify entity @s {} merge value {transformation:[0.2580369458787517f,0f,0.9661350498566783f,-0.04958458376820219f,0f,1f,0f,0.875f,-0.9661350498566783f,0f,0.2580369458787517f,-0.03804758931304505f,0f,0f,0f,1f],start_interpolation:0}