execute if entity @s[tag=aj.convict.bone.left_leg_2] run data modify entity @s {} merge value {transformation:[0.667479868329896f,0.05887216114040081f,-0.7422969042215948f,0.01776296168745002f,-0.43026922692415226f,0.8440951098417131f,-0.319955993698194f,0.648076151938147f,0.6077326860852534f,0.5329516996726487f,0.5887473720362901f,-0.2916495153365575f,0f,0f,0f,1f],start_interpolation:0}
execute if entity @s[tag=aj.convict.bone.left_leg] run data modify entity @s {} merge value {transformation:[0.8471811541837052f,-0.23716642567728563f,-0.47543262248969154f,-0.05635154633670174f,-0.325205698726136f,0.47615631379792933f,-0.8170167797214531f,0.796875f,0.4201491943488774f,0.8467746166258342f,0.32626278231842637f,-0.027032447640984277f,0f,0f,0f,1f],start_interpolation:0}
execute if entity @s[tag=aj.convict.bone.right_leg_2] run data modify entity @s {} merge value {transformation:[0.8643124065006494f,0.028631209061431143f,-0.5021397393522413f,0.16397978808249955f,0.02533366300695597f,0.9946328318860767f,0.10031817010359334f,0.4850195798417096f,0.5023169014553523f,-0.09942727795712863f,0.8589481631101668f,0.10050591850074167f,0f,0f,0f,1f],start_interpolation:0}
execute if entity @s[tag=aj.convict.bone.right_leg] run data modify entity @s {} merge value {transformation:[0.9242619073077711f,0.016239522968338048f,-0.3814134300120564f,0.1690546390101052f,0.008712297154858937f,0.9979373445065293f,0.06360151191239188f,0.796875f,0.3816595637188808f,-0.06210744184892428f,0.9222139898575037f,0.08109734292295283f,0f,0f,0f,1f],start_interpolation:0}
execute if entity @s[tag=aj.convict.bone.head] run data modify entity @s {} merge value {transformation:[0.8804788364937421f,-0.3103728752930355f,-0.35836531189410603f,0.05635154633670174f,0.3162836124363155f,0.9476594084835108f,-0.04366144771897805f,1.697916875f,0.35315958855857305f,-0.07490209473049667f,0.9325599075738368f,0.027032447640984277f,0f,0f,0f,1f],start_interpolation:0}
execute if entity @s[tag=aj.convict.bone.left_axe] run data modify entity @s {} merge value {transformation:[-0.22354146772705719f,2.529183341286256f,1.5978926241667564f,-1.6636725603389946f,-2.991244442051038f,-0.1622536425048814f,-0.16164913669016034f,1.5408155733143114f,-0.04985880168244017f,-1.6052742387685623f,2.5338920099800624f,-1.3892760516523444f,0f,0f,0f,1f],start_interpolation:0}
execute if entity @s[tag=aj.convict.bone.left_arm_2] run data modify entity @s {} merge value {transformation:[0.22971221986686483f,0.7723112424006527f,-0.5922563979438273f,-0.5823446948002946f,-0.9251229824402056f,-0.01573874424160203f,-0.3793412174950629f,1.5341794021041761f,-0.3022908589500786f,0.6350493183928769f,0.710867498064137f,-0.4339779824295914f,0f,0f,0f,1f],start_interpolation:0}
execute if entity @s[tag=aj.convict.bone.left_arm] run data modify entity @s {} merge value {transformation:[0.22971221986686483f,0.8389302555526013f,-0.4933845582933094f,-0.17766675392370063f,-0.9251229824402056f,0.03076030022159504f,-0.3784194383104765f,1.5f,-0.3022908589500786f,0.5433689632733216f,0.78317967692382f,-0.2659870656055436f,0f,0f,0f,1f],start_interpolation:0}
execute if entity @s[tag=aj.convict.bone.right_axe] run data modify entity @s {} merge value {transformation:[0.44773765467173776f,-0.5920164917223582f,-0.6701100403051744f,0.8671869090295958f,0.8938854951497203f,0.31508514677042093f,0.31888880796541275f,1.0392342597291464f,0.02235428706067996f,-0.7417801721624899f,0.6702704394769289f,0.7871631611841026f,0f,0f,0f,1f],start_interpolation:0}
execute if entity @s[tag=aj.convict.bone.right_arm_2] run data modify entity @s {} merge value {transformation:[0.44773765467173776f,-0.8776154069447005f,-0.17123723334117213f,0.44351119275941314f,0.8938854951497203f,0.44410106009837974f,0.061179816773466525f,1.2925397472505735f,0.02235428706067996f,-0.18045898678864036f,0.9833284496734679f,0.6759471520891398f,0f,0f,0f,1f],start_interpolation:0}
execute if entity @s[tag=aj.convict.bone.right_arm] run data modify entity @s {} merge value {transformation:[0.2979645777697306f,-0.4155139402824648f,-0.8593982056214955f,0.2903698465971041f,0.7881375694591644f,0.6150269540216615f,-0.02410430322241655f,1.5f,0.5385687347047794f,-0.6701417844439916f,0.51073839364269f,0.32005196088751214f,0f,0f,0f,1f],start_interpolation:0}
execute if entity @s[tag=aj.convict.bone.body] run data modify entity @s {} merge value {transformation:[0.6240488006944063f,0f,-0.7813853686574077f,0.05635154633670174f,0f,1f,0f,0.875f,0.7813853686574077f,0f,0.6240488006944063f,0.027032447640984277f,0f,0f,0f,1f],start_interpolation:0}