execute if entity @s[tag=aj.convict.bone.left_leg_2] run data modify entity @s {} merge value {transformation:[-0.7963563773128045f,-0.12071257483570183f,0.5926592567316917f,-0.01811155170260375f,-0.038735933272204585f,0.9880486486847859f,0.14919582871414322f,0.5114141754116193f,-0.6035859903831081f,0.09585584024306365f,-0.7915147567193798f,0.1456840184048725f,0f,0f,0f,1f],start_interpolation:0}
execute if entity @s[tag=aj.convict.bone.left_leg] run data modify entity @s {} merge value {transformation:[-0.7963563773128045f,0.216627633506579f,0.564702566591091f,0.04958458376820219f,-0.038735933272204585f,0.9134746386828184f,-0.40504766627747113f,0.796875f,-0.6035859903831081f,-0.34443657309384784f,-0.7190600804721459f,0.03804758931304505f,0f,0f,0f,1f],start_interpolation:0}
execute if entity @s[tag=aj.convict.bone.right_leg_2] run data modify entity @s {} merge value {transformation:[-0.8259697664083587f,-0.15874751751424448f,0.5409003333908993f,-0.1065654125905679f,0.008713013658886708f,0.9558191950924078f,0.2938260534497955f,0.49446063142052277f,-0.5636470778530669f,0.2474043087255488f,-0.7880945880106854f,-0.1806404652919431f,0f,0f,0f,1f],start_interpolation:0}
execute if entity @s[tag=aj.convict.bone.right_leg] run data modify entity @s {} merge value {transformation:[-0.8259697664083587f,-0.13500268388492376f,0.5473099855869511f,-0.14875375130460658f,0.008713013658886708f,0.9677259794543271f,0.2518541484314747f,0.796875f,-0.5636470778530669f,0.21279263152898545f,-0.798136120968515f,-0.11414276793913514f,0f,0f,0f,1f],start_interpolation:0}
execute if entity @s[tag=aj.convict.bone.head] run data modify entity @s {} merge value {transformation:[-0.2588190451025205f,-0.3303660895493521f,0.9076733711903686f,-0.04958458376820219f,0f,0.9396926207859084f,0.34202014332566866f,1.697916875f,-0.9659258262890683f,0.0885213269013768f,-0.24321034680169376f,-0.03804758931304505f,0f,0f,0f,1f],start_interpolation:0}
execute if entity @s[tag=aj.convict.bone.left_axe] run data modify entity @s {} merge value {transformation:[0.7234303460676186f,0.4389785141034269f,0.5328662107358967f,-0.6703916951714521f,-0.1456399925959172f,0.851490363122082f,-0.5037391726547442f,0.6297361770267044f,-0.6748611167826659f,0.2868135730152469f,0.6799267956104398f,0.14911657241698745f,0f,0f,0f,1f],start_interpolation:0}
execute if entity @s[tag=aj.convict.bone.left_arm_2] run data modify entity @s {} merge value {transformation:[0.3600759521951799f,0.6370781532654337f,0.6815253005447699f,-0.21080479105299174f,0.12574165293233303f,0.6907192840265537f,-0.7121066685488135f,1.077323369048566f,-0.924410268965344f,0.34210860454795566f,0.16860414385676037f,0.4260617006440925f,0f,0f,0f,1f],start_interpolation:0}
execute if entity @s[tag=aj.convict.bone.left_arm] run data modify entity @s {} merge value {transformation:[-0.34202014332566855f,0.3213938048432696f,0.883022221559489f,-0.14664172568164752f,-1.3877787807814457e-17f,0.9396926207859084f,-0.34202014332566866f,1.5f,-0.9396926207859084f,-0.11697777844051092f,-0.32139380484326957f,0.32417459554535555f,0f,0f,0f,1f],start_interpolation:0}
execute if entity @s[tag=aj.convict.bone.right_axe] run data modify entity @s {} merge value {transformation:[0.34442118384957354f,-0.473597762561506f,0.8106042236581262f,0.07732852716387915f,0.0795006885503326f,0.8750450572756645f,0.4774681018219461f,0.5675077576696149f,-0.9354430440361834f,-0.10000653495729454f,0.33903540276813887f,-0.46885942377217116f,0f,0f,0f,1f],start_interpolation:0}
execute if entity @s[tag=aj.convict.bone.right_arm_2] run data modify entity @s {} merge value {transformation:[0.34442118384957354f,0.1177342186719994f,0.9314036192056331f,0.12865323329136089f,0.0795006885503326f,0.9848840830661928f,-0.15389276605119476f,1.07027375f,-0.9354430440361834f,0.12705115771435757f,0.3298549903939004f,-0.44384113563125216f,0f,0f,0f,1f],start_interpolation:0}
execute if entity @s[tag=aj.convict.bone.right_arm] run data modify entity @s {} merge value {transformation:[0.4226182617406995f,0f,0.9063077870366498f,0.04747255814524313f,0f,1f,0f,1.5f,-0.9063077870366498f,0f,0.4226182617406995f,-0.4002697741714456f,0f,0f,0f,1f],start_interpolation:0}
execute if entity @s[tag=aj.convict.bone.body] run data modify entity @s {} merge value {transformation:[0.25881904510252085f,0f,0.9659258262890682f,-0.04958458376820219f,0f,1f,0f,0.875f,-0.9659258262890682f,0f,0.25881904510252085f,-0.03804758931304505f,0f,0f,0f,1f],start_interpolation:0}