execute if entity @s[tag=aj.convict.bone.left_leg_2] run data modify entity @s {} merge value {transformation:[-0.7963593376192878f,-0.12071278908340724f,0.5926552353082475f,-0.018110820013877614f,-0.03874187866705006f,0.9880494205626433f,0.1491891730762407f,0.5114150894980118f,-0.6035817030228111f,0.09584761383326024f,-0.7915190223226183f,0.14568690277693733f,0f,0f,0f,1f],start_interpolation:0}
execute if entity @s[tag=aj.convict.bone.left_leg] run data modify entity @s {} merge value {transformation:[-0.7963593376192878f,0.21662529210265535f,0.5646992900721662f,0.04958458376820219f,-0.03874187866705006f,0.9134717136063623f,-0.405053694315215f,0.796875f,-0.6035817030228111f,-0.34444580308445527f,-0.7190592579986631f,0.03804758931304505f,0f,0f,0f,1f],start_interpolation:0}
execute if entity @s[tag=aj.convict.bone.right_leg_2] run data modify entity @s {} merge value {transformation:[-0.8259695570202612f,-0.1587462340945508f,0.5409010297980137f,-0.10656582277025986f,0.00871819451642794f,0.9558176681104017f,0.29383086701769046f,0.4944610425342024f,-0.5636473045798475f,0.24741103146139623f,-0.7880923153737008f,-0.1806425951257948f,0f,0f,0f,1f],start_interpolation:0}
execute if entity @s[tag=aj.convict.bone.right_leg] run data modify entity @s {} merge value {transformation:[-0.8259695570202612f,-0.13500137130990952f,0.5473106253492596f,-0.14875375130460658f,0.00871819451642794f,0.9677246638905523f,0.25185902402393917f,0.796875f,-0.5636473045798475f,0.21279944699731096f,-0.7981341437361963f,-0.11414276793913514f,0f,0f,0f,1f],start_interpolation:0}
execute if entity @s[tag=aj.convict.bone.head] run data modify entity @s {} merge value {transformation:[-0.25960097468238985f,-0.30355256065142794f,0.9167677878644702f,-0.04958458376820219f,0f,0.9493141013733913f,0.3143290265527994f,1.697916875f,-0.9657159696018044f,0.08160012166407352f,-0.24644286599626947f,-0.03804758931304505f,0f,0f,0f,1f],start_interpolation:0}
execute if entity @s[tag=aj.convict.bone.left_axe] run data modify entity @s {} merge value {transformation:[0.6652997647182116f,0.4140773973905365f,0.6212214838816927f,-0.6390076796994792f,-0.09445959887507985f,0.8720937384318437f,-0.4801352888179852f,0.6401800363556743f,-0.7405765370616675f,0.2607535625034696f,0.6193173438516786f,0.1129369628736826f,0f,0f,0f,1f],start_interpolation:0}
execute if entity @s[tag=aj.convict.bone.left_arm_2] run data modify entity @s {} merge value {transformation:[0.3224619765330295f,0.6224281575113496f,0.7131629984985471f,-0.2019985266105287f,0.2002766950349096f,0.6914895309831508f,-0.694068781870065f,1.069871984391083f,-0.9251527004318293f,0.36664071961216854f,0.09832122662968323f,0.3952908849687091f,0f,0f,0f,1f],start_interpolation:0}
execute if entity @s[tag=aj.convict.bone.left_arm] run data modify entity @s {} merge value {transformation:[-0.3535505870666282f,0.30378089262505065f,0.8847141638183319f,-0.14634843847273407f,0.0631776389752562f,0.9513932328924504f,-0.3014291000218191f,1.5f,-0.9332794695686577f,-0.05067628323366927f,-0.3555577955821896f,0.32425305438320934f,0f,0f,0f,1f],start_interpolation:0}
execute if entity @s[tag=aj.convict.bone.right_axe] run data modify entity @s {} merge value {transformation:[0.3537287979008956f,-0.4845377416860856f,0.8000619441126641f,0.08425962365831056f,0.06963713296195513f,0.8666314086900351f,0.4940654523287013f,0.5665059211159594f,-0.9327521681821095f,-0.11905115855661988f,0.3402943055619653f,-0.4615930241069556f,0f,0f,0f,1f],start_interpolation:0}
execute if entity @s[tag=aj.convict.bone.right_arm_2] run data modify entity @s {} merge value {transformation:[0.3537287979008956f,0.10263721652969282f,0.9296997038391613f,0.12832464406465183f,0.06963713296195513f,0.9883129136689981f,-0.13560329785051117f,1.07027375f,-0.9327521681821095f,0.11270841343099641f,0.3424473774077431f,-0.443985304135877f,0f,0f,0f,1f],start_interpolation:0}
execute if entity @s[tag=aj.convict.bone.right_arm] run data modify entity @s {} merge value {transformation:[0.4218843756527473f,0f,0.9066496421331074f,0.0471792709363297f,0f,1f,0f,1.5f,-0.9066496421331074f,0f,0.4218843756527473f,-0.4003482330092994f,0f,0f,0f,1f],start_interpolation:0}
execute if entity @s[tag=aj.convict.bone.body] run data modify entity @s {} merge value {transformation:[0.2580369458787517f,0f,0.9661350498566783f,-0.04958458376820219f,0f,1f,0f,0.875f,-0.9661350498566783f,0f,0.2580369458787517f,-0.03804758931304505f,0f,0f,0f,1f],start_interpolation:0}