execute if entity @s[tag=aj.convict.bone.left_leg_2] run data modify entity @s {} merge value {transformation:[-0.8652103593902954f,-0.14880725863829442f,0.4788187901286575f,0.008182536069577008f,-0.045501382138596724f,0.9743079347762137f,0.22057577486112723f,0.5025599543154633f,-0.49934022292139957f,0.16905752869560414f,-0.8497522543448426f,0.12797559594808677f,0f,0f,0f,1f],start_interpolation:0}
execute if entity @s[tag=aj.convict.bone.left_leg] run data modify entity @s {} merge value {transformation:[-0.8516827715214013f,0.14365632088266933f,0.5039834502878839f,0.053075136345411174f,-0.03873427409175008f,0.9418081461905177f,-0.3339117724486001f,0.796875f,-0.5226242557557098f,-0.30390833690380403f,-0.7965573488808915f,0.033004240665648f,0f,0f,0f,1f],start_interpolation:0}
execute if entity @s[tag=aj.convict.bone.right_leg_2] run data modify entity @s {} merge value {transformation:[-0.8800393867507419f,-0.1377569805385614f,0.45448178410171325f,-0.12248413074623682f,0.006860169141551553f,0.9532163493951008f,0.3022110675094911f,0.49516061767771136f,-0.47485115125345034f,0.2690754644310316f,-0.8379228953755216f,-0.17164026477168515f,0f,0f,0f,1f],start_interpolation:0}
execute if entity @s[tag=aj.convict.bone.right_leg] run data modify entity @s {} merge value {transformation:[-0.8772396228954965f,-0.11757209052798945f,0.46543253813097896f,-0.15922540903623353f,0.008711567838167237f,0.9654860234313236f,0.2603091376509295f,0.796875f,-0.47997369991278466f,0.2324081368791717f,-0.8459383578632572f,-0.099012721996944f,0f,0f,0f,1f],start_interpolation:0}
execute if entity @s[tag=aj.convict.bone.head] run data modify entity @s {} merge value {transformation:[-0.5477966873479687f,0.3021903026607568f,-0.7801280730164707f,-0.053075136345411174f,-0.020879020344517052f,0.9272569188645647f,0.3738431127187542f,1.697916875f,0.8363509166851225f,0.2210783286430266f,-0.5016388309973232f,-0.033004240665648f,0f,0f,0f,1f],start_interpolation:0}
execute if entity @s[tag=aj.convict.bone.left_axe] run data modify entity @s {} merge value {transformation:[-0.5556996880860385f,0.8179858475442807f,-0.14865063026554515f,1.4064519568854787f,-0.22890921476270448f,0.02135004969431964f,0.9732136182641363f,1.4872984838148517f,0.7992486647206869f,0.5748420031585326f,0.17538028209261197f,-1.3851052812692777f,0f,0f,0f,1f],start_interpolation:0}
execute if entity @s[tag=aj.convict.bone.left_arm_2] run data modify entity @s {} merge value {transformation:[0.2658302611096057f,-0.6985169485203341f,-0.6643856898731636f,0.530716327741406f,-0.9186414967489295f,0.025407438775941482f,-0.394274349287058f,1.5330459560461467f,0.29228765408290014f,0.7151423177834517f,-0.6349325890092798f,-0.5620182334216925f,0f,0f,0f,1f],start_interpolation:0}
execute if entity @s[tag=aj.convict.bone.left_arm] run data modify entity @s {} merge value {transformation:[0.24713280223872133f,-0.706057750909663f,-0.6636323006289138f,0.2821489336056532f,-0.9245661868290006f,0.03315377947275411f,-0.379576333665777f,1.5f,0.2900047313926417f,0.7073777486513552f,-0.6446037360137012f,-0.20108107703950376f,0f,0f,0f,1f],start_interpolation:0}
execute if entity @s[tag=aj.convict.bone.right_axe] run data modify entity @s {} merge value {transformation:[-0.8165567489032336f,0.22825443785126945f,-0.5302216399033353f,-0.3500491444492865f,0.1874121836006874f,0.9735750047902604f,0.13049284840812742f,0.6191516242069706f,0.5459961073657975f,0.00718482072464155f,-0.8377569033392389f,0.31102747388256463f,0f,0f,0f,1f],start_interpolation:0}
execute if entity @s[tag=aj.convict.bone.right_arm_2] run data modify entity @s {} merge value {transformation:[-0.8165567489032336f,-0.1416920624932989f,-0.5596056068759285f,-0.43755098187428365f,0.1874121836006874f,0.8518279949467583f,-0.4891479739945853f,1.0656473248861476f,0.5459961073657975f,-0.5042939881174276f,-0.6690110793477309f,0.08962557468838171f,0f,0f,0f,1f],start_interpolation:0}
execute if entity @s[tag=aj.convict.bone.right_arm] run data modify entity @s {} merge value {transformation:[-0.9570203800460357f,-0.08531884976145528f,-0.2771870957528926f,-0.3882992062964755f,-0.09022411352668157f,0.9959091066583804f,0.004965945351211832f,1.5f,0.2756294641631506f,0.029761470902644728f,-0.9608031293323546f,0.13507259570820776f,0f,0f,0f,1f],start_interpolation:0}
execute if entity @s[tag=aj.convict.bone.body] run data modify entity @s {} merge value {transformation:[-0.8939308532028383f,0f,-0.4482048969969487f,-0.053075136345411174f,0f,1f,0f,0.875f,0.4482048969969487f,0f,-0.8939308532028383f,-0.033004240665648f,0f,0f,0f,1f],start_interpolation:0}