execute if entity @s[tag=aj.convict.bone.left_leg_2] run data modify entity @s {} merge value {transformation:[0.9127703993330845f,0.40759024380982867f,-0.02684010529720981f,-0.22510136435624134f,-0.3383600230803604f,0.7912727056123793f,0.5093132632613478f,0.5320355797916748f,0.22882895988571658f,-0.45580445204485365f,0.8601625477860049f,-0.016229702265645407f,0f,0f,0f,1f],start_interpolation:0}
execute if entity @s[tag=aj.convict.bone.left_leg] run data modify entity @s {} merge value {transformation:[0.8495984786797826f,0.5235348875924036f,0.06398161062842839f,-0.061496711983615185f,-0.5115647943754064f,0.8474861446666405f,-0.14166402420417915f,0.796875f,-0.12838958750867138f,0.08762679996258722f,0.9878449563305314f,0.0111536727226631f,0f,0f,0f,1f],start_interpolation:0}
execute if entity @s[tag=aj.convict.bone.right_leg_2] run data modify entity @s {} merge value {transformation:[0.9393307994835999f,-0.10841147217417647f,0.32542987238808985f,0.21684873478837954f,-0.058897555999192525f,0.8836730817809983f,0.464384498484817f,0.5120501575964163f,-0.337918225372386f,-0.4553776863623213f,0.8236761716381482f,0.09097362423936126f,0f,0f,0f,1f],start_interpolation:0}
execute if entity @s[tag=aj.convict.bone.right_leg] run data modify entity @s {} merge value {transformation:[0.9724546319432654f,-0.10354751628010873f,0.20882983667165075f,0.18449013595084557f,0.008716971438680464f,0.9114394956914681f,0.4113417801568662f,0.796875f,-0.232929180698823f,-0.39819085570352175f,0.8872361800631621f,-0.0334610181679893f,0f,0f,0f,1f],start_interpolation:0}
execute if entity @s[tag=aj.convict.bone.head] run data modify entity @s {} merge value {transformation:[0.835326745198133f,-0.3056945571827018f,-0.4569245741537273f,0.02026267938530959f,0.2944872298971539f,0.9506537893246394f,-0.09764550307210752f,1.69553256487153f,0.46422677667729806f,-0.05299255185000998f,0.8841296789861934f,0.03594460432433504f,0f,0f,0f,1f],start_interpolation:0}
execute if entity @s[tag=aj.convict.bone.left_axe] run data modify entity @s {} merge value {transformation:[0.7232235903024138f,0.4555704436674478f,2.67349849854597f,-1.6139511533590065f,-2.7109781847182868f,0.0441715914461418f,0.7258354944004086f,1.0207019559763344f,0.07573594161596128f,-2.769240952645071f,0.4513974144606758f,-1.1768185450616613f,0f,0f,0f,1f],start_interpolation:0}
execute if entity @s[tag=aj.convict.bone.left_arm_2] run data modify entity @s {} merge value {transformation:[0.345286906946791f,0.8684509473782391f,-0.3557666424623823f,-0.4601790956400568f,-0.9384931521706392f,0.3184042436481781f,-0.13360142572461098f,1.4800577157364392f,-0.0027486760331351806f,0.38001538077381825f,0.9249760835585935f,-0.6221787228225732f,0f,0f,0f,1f],start_interpolation:0}
execute if entity @s[tag=aj.convict.bone.left_arm] run data modify entity @s {} merge value {transformation:[0.345286906946791f,0.5072600181332542f,-0.7895975087945556f,-0.17316014767376497f,-0.9384931521706392f,0.18416348799630794f,-0.2920863109045867f,1.5060508158861412f,-0.0027486760331351806f,0.84188543382843f,0.5396492945307911f,-0.2903686902005417f,0f,0f,0f,1f],start_interpolation:0}
execute if entity @s[tag=aj.convict.bone.right_axe] run data modify entity @s {} merge value {transformation:[0.5260107126438256f,-0.27190783454512213f,-0.8058404678948041f,0.5876737110273511f,0.7874886501093311f,0.5135729027253506f,0.34074110338384656f,0.8757906799200013f,0.32120765266867185f,-0.8138236928839316f,0.48426918213720926f,0.8649114239198906f,0f,0f,0f,1f],start_interpolation:0}
execute if entity @s[tag=aj.convict.bone.right_arm_2] run data modify entity @s {} merge value {transformation:[0.5260107126438256f,-0.7062835835764262f,-0.4737892250298394f,0.25954512156376564f,0.7874886501093311f,0.6148748188781812f,-0.042315281619145405f,1.2137948859442707f,0.32120765266867185f,-0.3508453458148835f,0.8796210474898359f,0.6801992999781413f,0f,0f,0f,1f],start_interpolation:0}
execute if entity @s[tag=aj.convict.bone.right_arm] run data modify entity @s {} merge value {transformation:[0.2576428918025725f,-0.1390552614888715f,-0.9561818731579621f,0.23351961393064702f,0.6442832771906309f,0.7622078213979517f,0.06275584221639413f,1.490327448126749f,0.7200827723505877f,-0.6322205874946256f,0.2859684068421572f,0.33960301329706877f,0f,0f,0f,1f],start_interpolation:0}
execute if entity @s[tag=aj.convict.bone.body] run data modify entity @s {} merge value {transformation:[0.542239682139216f,-0.050107166168278656f,-0.8387284417570123f,0.061496711983615185f,-0.020964490345856197f,0.9971026112103122f,-0.07312231439249942f,0.875f,0.8399622713301473f,0.0572333348334826f,0.5396181317614689f,-0.0111536727226631f,0f,0f,0f,1f],start_interpolation:0}