execute if entity @s[tag=aj.convict.bone.left_leg_2] run data modify entity @s {} merge value {transformation:[-0.6766880785864483f,-0.39810385770562273f,0.6193598007449969f,0.346313138578864f,-0.5726648621204399f,0.8133052398544356f,-0.10290550285527368f,0.662095689245517f,-0.46276149363528385f,-0.4243205218996841f,-0.7783340508439941f,0.28715968937602576f,0f,0f,0f,1f],start_interpolation:0}
execute if entity @s[tag=aj.convict.bone.left_leg] run data modify entity @s {} merge value {transformation:[-0.6860607524061825f,-0.5173802981085363f,0.5115058857305408f,0.1846317954199464f,-0.6844683230924372f,0.6973183311239012f,-0.2127210844312437f,0.8800076677217361f,-0.24662473252066566f,-0.4960491630954532f,-0.8325331639649023f,0.13214432590869665f,0f,0f,0f,1f],start_interpolation:0}
execute if entity @s[tag=aj.convict.bone.right_leg_2] run data modify entity @s {} merge value {transformation:[-0.9262911253353999f,-0.06351870984801491f,0.3714163763542503f,-0.007673224336513216f,-0.34356670528908406f,0.5471713277786786f,-0.7632597572738401f,0.5927839115250857f,-0.15474711674755726f,-0.8346070402028499f,-0.5286628588260731f,0.3211688390955185f,0f,0f,0f,1f],start_interpolation:0}
execute if entity @s[tag=aj.convict.bone.right_leg] run data modify entity @s {} merge value {transformation:[-0.8207870606195105f,-0.019425843704795553f,0.5709038778252788f,-0.013743800494261826f,-0.500580567227754f,0.5059217781198355f,-0.7024686826741844f,0.7508844671875343f,-0.27518665816773213f,-0.8623605922237059f,-0.4249782490270003f,0.05168115402561045f,0f,0f,0f,1f],start_interpolation:0}
execute if entity @s[tag=aj.convict.bone.head] run data modify entity @s {} merge value {transformation:[-0.8189987805475177f,-0.27065681098065847f,0.5059504799201786f,-0.23836220463484975f,-0.42630187703782707f,0.8772186963266295f,-0.2208032346887917f,1.5664965105923856f,-0.38406732104632946f,-0.39652521922922945f,-0.83382254911912f,-0.28527418152305245f,0f,0f,0f,1f],start_interpolation:0}
execute if entity @s[tag=aj.convict.bone.left_axe] run data modify entity @s {} merge value {transformation:[0.23206797444255273f,-0.8697209757845576f,-1.1435625052909926f,1.2164785850204123f,-1.3263758618430304f,-0.5748832264390533f,0.16805259018564847f,1.7638983683574754f,-0.5521565469567591f,1.0154309549291396f,-0.8843237231994892f,0.20485906222381708f,0f,0f,0f,1f],start_interpolation:0}
execute if entity @s[tag=aj.convict.bone.left_arm_2] run data modify entity @s {} merge value {transformation:[0.10802805184565f,-0.9884910453860983f,0.10590275353328826f,0.4185189777845224f,-0.9859010501526899f,-0.09282973207662099f,0.13921839013006274f,1.7283945487882788f,-0.1277852077599637f,-0.11944912738936886f,-0.9845825748222754f,0.07218021683383632f,0f,0f,0f,1f],start_interpolation:0}
execute if entity @s[tag=aj.convict.bone.left_arm] run data modify entity @s {} merge value {transformation:[0.10802805184565f,-0.9884910453860983f,0.10590275353328826f,-0.004131034225863306f,-0.9859010501526899f,-0.09282973207662099f,0.13921839013006274f,1.6080667699747766f,-0.1277852077599637f,-0.11944912738936886f,-0.9845825748222754f,0.06572975257667059f,0f,0f,0f,1f],start_interpolation:0}
execute if entity @s[tag=aj.convict.bone.right_axe] run data modify entity @s {} merge value {transformation:[-0.5845298618618239f,-0.5696612685640943f,0.5777636884486114f,-0.07759888469824569f,-0.02549935348828404f,0.7246281462134743f,0.6886681586126246f,0.30953519010866615f,-0.8109714073649432f,0.38781450309802823f,-0.4380927842630517f,-0.5957276179881345f,0f,0f,0f,1f],start_interpolation:0}
execute if entity @s[tag=aj.convict.bone.right_arm_2] run data modify entity @s {} merge value {transformation:[-0.5845298618618239f,-0.10022242164054071f,0.805158560031689f,-0.16532913911293384f,-0.02549935348828404f,0.994120772617331f,0.10523151819868518f,0.8078409963039759f,-0.8109714073649432f,0.04097994205982172f,-0.5836488848488421f,-0.5903882156894128f,0f,0f,0f,1f],start_interpolation:0}
execute if entity @s[tag=aj.convict.bone.right_arm] run data modify entity @s {} merge value {transformation:[-0.4391524957597357f,-0.35821820374460067f,0.8239082497305068f,-0.3323038421817988f,-0.09680980441153966f,0.93059958049034f,0.35300464948921373f,1.1954164287269926f,-0.8931813630152584f,0.0752604763285146f,-0.44335416256646376f,-0.4676765690829102f,0f,0f,0f,1f],start_interpolation:0}
execute if entity @s[tag=aj.convict.bone.body] run data modify entity @s {} merge value {transformation:[-0.4375637439412473f,-0.35441528889852714f,0.8263944415248037f,0.053292117357748414f,-0.5502004549970452f,0.8324449910675934f,0.0656871080769955f,0.8814634799336387f,-0.7112084288794411f,-0.42594030079513256f,-0.5592472001265533f,0.06523927974383804f,0f,0f,0f,1f],start_interpolation:0}