execute if entity @s[tag=aj.convict.bone.left_leg_2] run data modify entity @s {} merge value {transformation:[-0.8983993449480514f,-0.17751210860188252f,0.40170644542579315f,0.09715919756780375f,-0.1686530611995249f,0.9839890265882789f,0.057634542610144335f,0.5234401335493093f,-0.40550556339579563f,-0.015970186397305575f,-0.9139530574386703f,0.18070501024850172f,0f,0f,0f,1f],start_interpolation:0}
execute if entity @s[tag=aj.convict.bone.left_leg] run data modify entity @s {} merge value {transformation:[-0.913228433857707f,-0.02630025776557529f,0.40659823417627383f,0.08894036701606148f,-0.19296777007092136f,0.9068204792658053f,-0.37475332966898517f,0.8068215333198734f,-0.3588554964155569f,-0.42069575090033806f,-0.8332093481633202f,0.049237588092146053f,0f,0f,0f,1f],start_interpolation:0}
execute if entity @s[tag=aj.convict.bone.right_leg_2] run data modify entity @s {} merge value {transformation:[-0.955719683838126f,-0.11157201554737277f,0.2723078611995063f,-0.11223659794600908f,-0.11086918856419184f,0.99367168713186f,0.018016692805304574f,0.4666334823003367f,-0.2725947705871674f,-0.012971643659145514f,-0.9620414894947669f,-0.024892315390838082f,0f,0f,0f,1f],start_interpolation:0}
execute if entity @s[tag=aj.convict.bone.right_leg] run data modify entity @s {} merge value {transformation:[-0.9420120434261307f,-0.09361046328390299f,0.32225826785964545f,-0.14148986772222877f,-0.10736101048034234f,0.9939026680710421f,-0.025121700378436695f,0.7772280660725374f,-0.3179416982227493f,-0.05826291758088651f,-0.9463183972459782f,-0.043099477134865116f,0f,0f,0f,1f],start_interpolation:0}
execute if entity @s[tag=aj.convict.bone.head] run data modify entity @s {} merge value {transformation:[-0.9972134268031803f,-0.07224066570872564f,-0.018619012364220033f,-0.11026380295519755f,-0.069791810801168f,0.991562901779386f,-0.10923422064507936f,1.6842788189340556f,0.026353074745706695f,-0.107630376905426f,-0.9938416460476202f,-0.08999809079256671f,0f,0f,0f,1f],start_interpolation:0}
execute if entity @s[tag=aj.convict.bone.left_axe] run data modify entity @s {} merge value {transformation:[-0.8942969954525818f,-0.4338003582697931f,0.1097730982048188f,0.5585975724358785f,-0.26796076392038626f,0.7156362915483652f,0.6450284700833805f,0.56414930894729f,-0.3583711943274579f,0.5474321395240717f,-0.7562328607594415f,0.09523356903688507f,0f,0f,0f,1f],start_interpolation:0}
execute if entity @s[tag=aj.convict.bone.left_arm_2] run data modify entity @s {} merge value {transformation:[-0.9605058727128266f,-0.278117938690796f,0.008881478624330308f,0.4262507030388115f,-0.2781209631075659f,0.9605456199123771f,0.0009175768454093569f,1.145665456530709f,-0.008786259971781618f,-0.0015887874401369906f,-0.9999601379005958f,0.05340567654998401f,0f,0f,0f,1f],start_interpolation:0}
execute if entity @s[tag=aj.convict.bone.left_arm] run data modify entity @s {} merge value {transformation:[-0.9605058727128266f,-0.278117938690796f,0.008881478624330308f,0.23536328413411878f,-0.2781209631075659f,0.9605456199123771f,0.0009175768454093569f,1.5378618778423712f,-0.008786259971781618f,-0.0015887874401369906f,-0.9999601379005958f,0.10723295504270233f,0f,0f,0f,1f],start_interpolation:0}
execute if entity @s[tag=aj.convict.bone.right_axe] run data modify entity @s {} merge value {transformation:[-0.8349465063409176f,-0.26356103252386376f,0.4831148038345039f,-0.4016962216783252f,0.06371672156754017f,0.8256622720541588f,0.5605550748133933f,0.5028358472789041f,-0.5466301409013055f,0.49881599276819405f,-0.6725905845437476f,-0.30222223764227385f,0f,0f,0f,1f],start_interpolation:0}
execute if entity @s[tag=aj.convict.bone.right_arm_2] run data modify entity @s {} merge value {transformation:[-0.8113630410707736f,0.03294310780811539f,0.5836135427081256f,-0.42530483754961523f,-0.0020931983592795567f,0.9982405347497042f,-0.05925751685021369f,1.0075273257380162f,-0.5845388217261666f,-0.049300977987941974f,-0.8098665195354217f,-0.3298433902599437f,0f,0f,0f,1f],start_interpolation:0}
execute if entity @s[tag=aj.convict.bone.right_arm] run data modify entity @s {} merge value {transformation:[-0.7866866910402337f,-0.041547008808561894f,0.6159528360184969f,-0.4190795101668967f,-0.03920907541762404f,0.9990810437917351f,0.017312317606610707f,1.4387972496164774f,-0.6161060773479379f,-0.010531571348966505f,-0.7875927802232945f,-0.24545788467665355f,0f,0f,0f,1f],start_interpolation:0}
execute if entity @s[tag=aj.convict.bone.body] run data modify entity @s {} merge value {transformation:[-0.8725903924013539f,-0.09299707232548318f,0.4795180409825478f,-0.03373494281296195f,-0.13208617096785852f,0.9900583525514509f,-0.048349787819148525f,0.8695430933847674f,-0.4702544529591412f,-0.10552726226902638f,-0.8761990335478025f,-0.003157925898834117f,0f,0f,0f,1f],start_interpolation:0}