execute if entity @s[tag=aj.convict.bone.left_leg_2] run data modify entity @s {} merge value {transformation:[-0.8138493190397964f,-0.12859092389638976f,0.5666689158493985f,-0.011619988393282987f,-0.03996297960890003f,0.9852836414935633f,0.16618996981154405f,0.5091700127191876f,-0.5797001346896845f,0.11260781543328258f,-0.8070112971601484f,0.14190693639911342f,0f,0f,0f,1f],start_interpolation:0}
execute if entity @s[tag=aj.convict.bone.left_leg] run data modify entity @s {} merge value {transformation:[-0.8101347058132897f,0.19863445767079754f,0.5515669593645387f,0.05045327962884125f,-0.03873588973686016f,0.9206559592985998f,-0.3884483690971925f,0.796875f,-0.5849626392198979f,-0.33606094214264615f,-0.7381610622913461f,0.03688789197953649f,0f,0f,0f,1f],start_interpolation:0}
execute if entity @s[tag=aj.convict.bone.right_leg_2] run data modify entity @s {} merge value {transformation:[-0.8395685823197229f,-0.154047307011355f,0.5209549143488331f,-0.11038316500477433f,0.008285009912862873f,0.9552109646565566f,0.2958096881622274f,0.4946238737280283f,-0.5431905321269827f,0.2526686371563353f,-0.8006888319473213f,-0.17864469435488048f,0f,0f,0f,1f],start_interpolation:0}
execute if entity @s[tag=aj.convict.bone.right_leg] run data modify entity @s {} merge value {transformation:[-0.8388142930770608f,-0.13112535642159814f,0.5283906912814983f,-0.15135983888652374f,0.008712975721899972f,0.9672036040703095f,0.25385285566145144f,0.796875f,-0.5443479271419157f,0.21753925893206716f,-0.8101617153627951f,-0.11066367593860948f,0f,0f,0f,1f],start_interpolation:0}
execute if entity @s[tag=aj.convict.bone.head] run data modify entity @s {} merge value {transformation:[-0.7036480958684195f,0.24400539522901243f,-0.6673385379849426f,-0.05045327962884125f,-0.004936402524162414f,0.9374863209049441f,0.3479871118967363f,1.697916875f,0.7105314835465538f,0.2481547203162689f,-0.6584559557585362f,-0.03688789197953649f,0f,0f,0f,1f],start_interpolation:0}
execute if entity @s[tag=aj.convict.bone.left_axe] run data modify entity @s {} merge value {transformation:[-0.7119402932780127f,0.4698865076125319f,-0.5218694173554488f,1.7879347701918784f,-0.28371285171396443f,0.4873373901001152f,0.8258385350555754f,1.4106301062861362f,0.6423768649161857f,0.7360087894679698f,-0.2136422833765501f,-1.118263793330381f,0f,0f,0f,1f],start_interpolation:0}
execute if entity @s[tag=aj.convict.bone.left_arm_2] run data modify entity @s {} merge value {transformation:[0.14937441876006619f,-0.839051102621885f,-0.5231448462988919f,0.6321348369561672f,-0.9252513041032608f,0.06797726955647598f,-0.3732145697569449f,1.518423449455475f,0.3487080545030579f,0.5397891607031815f,-0.766179061781283f,-0.4353472489722115f,0f,0f,0f,1f],start_interpolation:0}
execute if entity @s[tag=aj.convict.bone.left_arm] run data modify entity @s {} merge value {transformation:[0.14889118208266222f,-0.8391959927586148f,-0.5230501903602657f,0.311349862389367f,-0.9253920533829026f,0.06818949839796906f,-0.3728266887496233f,1.5f,0.34854119330977595f,0.5395370960797005f,-0.7664324879075006f,-0.13549563217143118f,0f,0f,0f,1f],start_interpolation:0}
execute if entity @s[tag=aj.convict.bone.right_axe] run data modify entity @s {} merge value {transformation:[-0.8491616935532424f,0.2984182724427362f,-0.43574184200519683f,-0.44934428855637915f,0.30066870671994356f,0.9514646092848902f,0.06567667833948376f,0.6464180929552243f,0.434192062342399f,-0.07524381669376096f,-0.8976723350132886f,0.2887774547234002f,0f,0f,0f,1f],start_interpolation:0}
execute if entity @s[tag=aj.convict.bone.right_arm_2] run data modify entity @s {} merge value {transformation:[-0.8491616935532424f,-0.028511693171591194f,-0.5273627798340323f,-0.48156317441173757f,0.30066870671994356f,0.7948290545035528f,-0.5271101430596313f,1.0688518267704732f,0.434192062342399f,-0.6061632267545413f,-0.666365812095261f,0.012108939757063598f,0f,0f,0f,1f],start_interpolation:0}
execute if entity @s[tag=aj.convict.bone.right_arm] run data modify entity @s {} merge value {transformation:[-0.9957815929045013f,-0.021185478833677024f,-0.08927594703592628f,-0.41225642164704945f,-0.021361768834897318f,0.9997712915055742f,0.0010195653586948105f,1.5f,0.08923392888816509f,0.0029223565600493624f,-0.9960064084971129f,0.0617198482123582f,0f,0f,0f,1f],start_interpolation:0}
execute if entity @s[tag=aj.convict.bone.body] run data modify entity @s {} merge value {transformation:[-0.964808378715222f,0f,-0.26295397384505254f,-0.05045327962884125f,0f,1f,0f,0.875f,0.26295397384505254f,0f,-0.964808378715222f,-0.03688789197953649f,0f,0f,0f,1f],start_interpolation:0}