execute if entity @s[tag=aj.convict.bone.left_leg_2] run data modify entity @s {} merge value {transformation:[-0.43734975120891234f,-0.8833903217257557f,0.16836488529015958f,0.5696831148506781f,-0.766640737516892f,0.46411212580387046f,0.4436912375305247f,0.8530205860619284f,-0.47009272989172957f,0.06497287251675445f,-0.8802223305164796f,0.1161622019194498f,0f,0f,0f,1f],start_interpolation:0}
execute if entity @s[tag=aj.convict.bone.left_leg] run data modify entity @s {} merge value {transformation:[-0.2959469268820457f,-0.9372356809622798f,0.1844036192710026f,0.27679696454996566f,-0.930184997641907f,0.3266689921188752f,0.16746115892935887f,0.955104646099077f,-0.2171895177742214f,-0.12196986479950711f,-0.9684792540110454f,0.07804661916960383f,0f,0f,0f,1f],start_interpolation:0}
execute if entity @s[tag=aj.convict.bone.right_leg_2] run data modify entity @s {} merge value {transformation:[-0.7276525175387312f,-0.677716664837059f,0.10593363923551607f,0.32615486762008966f,-0.6667386775116886f,0.6625024291743143f,-0.34139429879260874f,0.5619298613883993f,0.16118731224730837f,-0.3190464755176998f,-0.9339314733053077f,0.12811095508050646f,0f,0f,0f,1f],start_interpolation:0}
execute if entity @s[tag=aj.convict.bone.right_leg] run data modify entity @s {} merge value {transformation:[-0.6253260591149962f,-0.6393547531302209f,0.44742912225457887f,0.12635650726689562f,-0.743515128945946f,0.6622463758379387f,-0.09281697429893394f,0.7688818538377551f,-0.2369653409682559f,-0.39071119428461487f,-0.8894898480817464f,0.006013706866564321f,0f,0f,0f,1f],start_interpolation:0}
execute if entity @s[tag=aj.convict.bone.head] run data modify entity @s {} merge value {transformation:[-0.5034744940622345f,-0.5288460825256338f,0.6832534338194487f,-0.3687087678432428f,-0.44264562997868406f,0.8370106245460474f,0.3216800594656275f,1.5184758267425973f,-0.7420096226394581f,-0.14048144145874278f,-0.6555049080793542f,-0.1907084385504508f,0f,0f,0f,1f],start_interpolation:0}
execute if entity @s[tag=aj.convict.bone.left_axe] run data modify entity @s {} merge value {transformation:[1.9427281752874843f,-0.3055761506321619f,-0.28082669640492064f,0.03871773214470087f,-0.41388583490877556f,-1.5257653999638345f,-1.2029844721523941f,2.5692668309555886f,-0.03064201218484988f,1.2349479101333543f,-1.555762805395229f,1.1577357959111627f,0f,0f,0f,1f],start_interpolation:0}
execute if entity @s[tag=aj.convict.bone.left_arm_2] run data modify entity @s {} merge value {transformation:[0.9341300283517298f,-0.21505635550236452f,0.2848716449379216f,-0.20098069192765586f,-0.348822300706796f,-0.7192078500877247f,0.6008852393775457f,1.8720845067901406f,0.0756577336510554f,-0.6606745282892579f,-0.7468501021011863f,0.45023876857745104f,0f,0f,0f,1f],start_interpolation:0}
execute if entity @s[tag=aj.convict.bone.left_arm] run data modify entity @s {} merge value {transformation:[0.9341300283517298f,-0.21505635550236452f,0.2848716449379216f,-0.2401732903286209f,-0.348822300706796f,-0.7192078500877247f,0.6008852393775457f,1.5041345953076306f,0.0756577336510554f,-0.6606745282892579f,-0.7468501021011863f,0.2131096510775183f,0f,0f,0f,1f],start_interpolation:0}
execute if entity @s[tag=aj.convict.bone.right_axe] run data modify entity @s {} merge value {transformation:[-0.6835662183108695f,-0.6925985163541002f,0.23031396034169538f,0.31468694707958655f,0.27580114509784814f,0.047050984860726786f,0.9600624631691166f,0.8560622295048493f,-0.6757743362594443f,0.7197871212849914f,0.15885700011448267f,-1.098315643833753f,0f,0f,0f,1f],start_interpolation:0}
execute if entity @s[tag=aj.convict.bone.right_arm_2] run data modify entity @s {} merge value {transformation:[-0.670465023117073f,-0.4195322787635246f,0.6119389837656263f,0.06707659224791546f,0.27486183010425536f,0.6256470615567644f,0.7300799467983803f,1.165481147983114f,-0.6891499308048739f,0.6576917373974457f,-0.30416106166103374f,-0.7837002781689364f,0f,0f,0f,1f],start_interpolation:0}
execute if entity @s[tag=aj.convict.bone.right_arm] run data modify entity @s {} merge value {transformation:[-0.42116372806960256f,-0.7444284931707128f,0.5181190333447481f,-0.25032281199696127f,0.4067800936458077f,0.3555418018084267f,0.8414986527501547f,1.2418298476093095f,-0.8106485487386145f,0.565169218661455f,0.15307738143036934f,-0.48945223697564405f,0f,0f,0f,1f],start_interpolation:0}
execute if entity @s[tag=aj.convict.bone.body] run data modify entity @s {} merge value {transformation:[-0.013532695557787133f,-0.6238008592266412f,0.7814661567713888f,0.14462748585385965f,-0.34973966359776126f,0.7351248107778946f,0.5807526842686906f,0.913529214722286f,-0.936749184070883f,-0.265450561511685f,-0.2281161229191529f,0.02773530799574028f,0f,0f,0f,1f],start_interpolation:0}