execute if entity @s[tag=aj.convict.bone.left_leg_2] run data modify entity @s {} merge value {transformation:[0.6674798025505713f,0.05887213024278656f,-0.7422969658214473f,0.017762966173725594f,-0.43026922756560304f,0.8440951208255935f,-0.319955963858351f,0.6480761433816188f,0.6077327578773007f,0.5329516856893348f,0.5887473105872729f,-0.29164950926854477f,0f,0f,0f,1f],start_interpolation:0}
execute if entity @s[tag=aj.convict.bone.left_leg] run data modify entity @s {} merge value {transformation:[0.8471811316722264f,-0.23716644003336748f,-0.4754326554418248f,-0.05635154633670174f,-0.3252057115847912f,0.4761563411788199f,-0.8170167586456407f,0.796875f,0.4201492297876974f,0.8467745972081936f,0.3262627870776964f,-0.027032447640984277f,0f,0f,0f,1f],start_interpolation:0}
execute if entity @s[tag=aj.convict.bone.right_leg_2] run data modify entity @s {} merge value {transformation:[0.8643124233617674f,0.028631166829349203f,-0.502139712737898f,0.16397978929894602f,0.02533369683655723f,0.9946328329603584f,0.10031815090922105f,0.48501957947640245f,0.5023168707370899f,-0.09942727937161817f,0.8589481809106159f,0.10050591294908492f,0f,0f,0f,1f],start_interpolation:0}
execute if entity @s[tag=aj.convict.bone.right_leg] run data modify entity @s {} merge value {transformation:[0.9242619094975024f,0.01623951907570933f,-0.38141342487151686f,0.1690546390101052f,0.008712293594982995f,0.9979373456755122f,0.06360149405814382f,0.796875f,0.3816595584972887f,-0.06210742408362269f,0.9222139932148892f,0.08109734292295283f,0f,0f,0f,1f],start_interpolation:0}
execute if entity @s[tag=aj.convict.bone.head] run data modify entity @s {} merge value {transformation:[0.880478847575076f,-0.31037288845353017f,-0.35836527326999484f,0.05635154633670174f,0.31628362137344773f,0.9476594052709564f,-0.043661452705959836f,1.697916875f,0.35315955292723294f,-0.07490208084232194f,0.9325599221828733f,0.027032447640984277f,0f,0f,0f,1f],start_interpolation:0}
execute if entity @s[tag=aj.convict.bone.left_axe] run data modify entity @s {} merge value {transformation:[-0.22354139731204437f,2.529183334622096f,1.5978926445658452f,-1.663672556100647f,-2.9912444477435356f,-0.16225359575885623f,-0.16164907827387495f,1.5408155869875544f,-0.049858775869956795f,-1.6052742539931224f,2.5338920008428873f,-1.3892760567624518f,0f,0f,0f,1f],start_interpolation:0}
execute if entity @s[tag=aj.convict.bone.left_arm_2] run data modify entity @s {} merge value {transformation:[0.22971222018274004f,0.7723112400109742f,-0.5922564009374889f,-0.5823446941417036f,-0.9251229793152621f,-0.01573875191201264f,-0.3793412247978129f,1.534179404309779f,-0.30229086827353724f,0.6350493211089696f,0.7108674916730033f,-0.4339779835673375f,0f,0f,0f,1f],start_interpolation:0}
execute if entity @s[tag=aj.convict.bone.left_arm] run data modify entity @s {} merge value {transformation:[0.22971222018274004f,0.8389302535468783f,-0.4933845615566893f,-0.17766675392370063f,-0.9251229793152621f,0.030760293501620017f,-0.37841944649627474f,1.5f,-0.30229086827353724f,0.5433689667504616f,0.7831796709127263f,-0.2659870656055436f,0f,0f,0f,1f],start_interpolation:0}
execute if entity @s[tag=aj.convict.bone.right_axe] run data modify entity @s {} merge value {transformation:[0.4477376645679791f,-0.5920164292901091f,-0.6701100888494372f,0.8671868736425266f,0.893885489144159f,0.315085160071589f,0.31888881165724325f,1.0392342440041804f,0.022354328992824496f,-0.7417802163398874f,0.6702703891878486f,0.7871631971747275f,0f,0f,0f,1f],start_interpolation:0}
execute if entity @s[tag=aj.convict.bone.right_arm_2] run data modify entity @s {} merge value {transformation:[0.4477376645679791f,-0.877615386965742f,-0.17123730986027041f,0.44351116941942387f,0.893885489144159f,0.4441010728983498f,0.061179811605154476f,1.2925397378862615f,0.022354328992824496f,-0.18045905245097865f,0.9833284366699538f,0.6759471566736202f,0f,0f,0f,1f],start_interpolation:0}
execute if entity @s[tag=aj.convict.bone.right_arm] run data modify entity @s {} merge value {transformation:[0.297964571419784f,-0.4155138904355495f,-0.8593982319237911f,0.2903698465971041f,0.7881375535476767f,0.6150269749968329f,-0.024104288293332082f,1.5f,0.5385687615026584f,-0.6701417961009141f,0.5107383500894889f,0.32005196088751214f,0f,0f,0f,1f],start_interpolation:0}
execute if entity @s[tag=aj.convict.bone.body] run data modify entity @s {} merge value {transformation:[0.6240488006944063f,0f,-0.7813853686574077f,0.05635154633670174f,0f,1f,0f,0.875f,0.7813853686574077f,0f,0.6240488006944063f,0.027032447640984277f,0f,0f,0f,1f],start_interpolation:0}