execute if entity @s[tag=aj.convict.bone.left_leg_2] run data modify entity @s {} merge value {transformation:[-0.281561292426958f,-0.5136206687635103f,-0.8105041932191256f,0.6018366386778498f,-0.755706244257325f,-0.401815796272934f,0.5171577498752546f,1.1184657603695085f,-0.5912962971280553f,0.7581146842559326f,-0.27501057164803305f,-0.18951395670045615f,0f,0f,0f,1f],start_interpolation:0}
execute if entity @s[tag=aj.convict.bone.left_leg] run data modify entity @s {} merge value {transformation:[-0.0022550996842056006f,-0.9038299416970961f,-0.42788590887903566f,0.3193897818975073f,-0.8871713424523233f,-0.1956341174274343f,0.41791661994916096f,1.0573300986734353f,-0.4614346363860833f,0.3805505598343183f,-0.801410848287587f,-0.07059190675223168f,0f,0f,0f,1f],start_interpolation:0}
execute if entity @s[tag=aj.convict.bone.right_leg_2] run data modify entity @s {} merge value {transformation:[0.06451523174479817f,-0.2728133060893709f,-0.9599013933178254f,0.315254275131995f,-0.980852427567689f,-0.19446071774629806f,-0.010655730297196242f,0.8980635117878899f,-0.18375608889908113f,0.9422090687709294f,-0.2801352718211886f,-0.4486492165707927f,0f,0f,0f,1f],start_interpolation:0}
execute if entity @s[tag=aj.convict.bone.right_leg] run data modify entity @s {} merge value {transformation:[-0.44907764116466364f,-0.3450276345464452f,-0.8241876021909492f,0.2074331393362309f,-0.8413046882470713f,-0.14735243696622935f,0.5200900699432858f,0.8520158752359432f,-0.30089149828381667f,0.9269537155216533f,-0.22410068170606234f,-0.15897618047027606f,0f,0f,0f,1f],start_interpolation:0}
execute if entity @s[tag=aj.convict.bone.head] run data modify entity @s {} merge value {transformation:[-0.6169764739317347f,-0.6738817894589584f,0.40647676987788095f,-0.47227276634708365f,-0.09947517317823734f,0.5791369437126526f,0.8091384865079202f,1.4126258737878485f,-0.7806694054053376f,0.4587850632515843f,-0.4243483771635242f,0.12787248662330172f,0f,0f,0f,1f],start_interpolation:0}
execute if entity @s[tag=aj.convict.bone.left_axe] run data modify entity @s {} merge value {transformation:[2.3334869536134626f,0.6547871244789999f,0.29827515641147107f,-0.3154898284058053f,0.6651914666542573f,-2.3490787753876674f,-0.04716810059288001f,1.0151464396183556f,0.2742891904653244f,0.1263263180802197f,-2.423155527685786f,2.047193015383812f,0f,0f,0f,1f],start_interpolation:0}
execute if entity @s[tag=aj.convict.bone.left_arm_2] run data modify entity @s {} merge value {transformation:[0.9830539097413464f,0.0389175390687898f,-0.17913803531099273f,-0.3097327559597572f,0.17776423343520742f,0.03630914076990671f,0.9834030321326778f,1.0932220494385745f,0.04477597406474129f,-0.9985825311156713f,0.028775696293457442f,0.8460368232557511f,0f,0f,0f,1f],start_interpolation:0}
execute if entity @s[tag=aj.convict.bone.left_arm] run data modify entity @s {} merge value {transformation:[0.9830539097413464f,-0.03289316737904158f,-0.1803414818671168f,-0.2413731436708217f,0.17776423343520742f,0.4113406397192211f,0.8939791694589843f,1.2337920263103128f,0.04477597406474129f,-0.9108879830446533f,0.410217252795878f,0.4352808610279477f,0f,0f,0f,1f],start_interpolation:0}
execute if entity @s[tag=aj.convict.bone.right_axe] run data modify entity @s {} merge value {transformation:[-0.962297930926184f,-0.2606903239208019f,0.07760958155571186f,-0.08700203668704709f,0.24279133501882888f,-0.6946322771064406f,0.6771546110318499f,1.7579448326319227f,-0.1226175345330354f,0.6704674150292378f,0.7317365547852938f,-1.048203947259796f,0f,0f,0f,1f],start_interpolation:0}
execute if entity @s[tag=aj.convict.bone.right_arm_2] run data modify entity @s {} merge value {transformation:[-0.962297930926184f,-0.15957381949154825f,0.22027003488460267f,-0.20513756123653776f,0.24279133501882888f,-0.1388632286449082f,0.9600882102026287f,1.675753313161324f,-0.1226175345330354f,0.9773705540188892f,0.1723709382751314f,-0.5631036120598891f,0f,0f,0f,1f],start_interpolation:0}
execute if entity @s[tag=aj.convict.bone.right_arm] run data modify entity @s {} merge value {transformation:[-0.7803605956371835f,-0.49872198787805844f,0.3772449066372375f,-0.382671894651563f,0.6132711360901062f,-0.49246118605005385f,0.61756011357027f,1.3848069359042654f,-0.12221233332004874f,0.713272990545087f,0.6901491045733068f,-0.28564157588993105f,0f,0f,0f,1f],start_interpolation:0}
execute if entity @s[tag=aj.convict.bone.body] run data modify entity @s {} merge value {transformation:[-0.18839833464098835f,-0.8096846071659695f,0.5558029366807916f,0.19403036031753856f,0.20135321279193646f,0.5220696450495168f,0.8287944072061761f,0.9830059529513411f,-0.961229915890505f,0.26805619305727935f,0.06467554530710401f,-0.09271547809179129f,0f,0f,0f,1f],start_interpolation:0}