execute if entity @s[tag=aj.convict.bone.left_leg_2] run data modify entity @s {} merge value {transformation:[-0.37159233776792466f,-0.16631039710468087f,-0.9133783369048403f,0.4833666706086736f,-0.4461977036650037f,0.8947408774417559f,0.01861105797191731f,0.7219215911509029f,0.8141417221566807f,0.41446304304441894f,-0.40668617162882964f,-0.06506626595456445f,0f,0f,0f,1f],start_interpolation:0}
execute if entity @s[tag=aj.convict.bone.left_leg] run data modify entity @s {} merge value {transformation:[-0.040327396994975825f,-0.6726235552961037f,-0.738885142571184f,0.2731718095786412f,-0.42643802815449333f,0.6803430717683768f,-0.5960569711365489f,0.9345288010785207f,0.9036173466657869f,0.29105129712406086f,-0.31426872775871995f,0.025887264396704565f,0f,0f,0f,1f],start_interpolation:0}
execute if entity @s[tag=aj.convict.bone.right_leg_2] run data modify entity @s {} merge value {transformation:[0.1145043687677717f,0.08303950829713193f,-0.9899460538811522f,0.16717027487695546f,-0.15739275500203237f,0.9854303657105784f,0.06445552736876868f,0.5866493215612033f,0.9808752572095824f,0.1484298972487902f,0.1259058989751839f,0.21510356386169788f,0f,0f,0f,1f],start_interpolation:0}
execute if entity @s[tag=aj.convict.bone.right_leg] run data modify entity @s {} merge value {transformation:[-0.3954461038391703f,0.004937744817430312f,-0.9184759102091564f,0.16871332013240242f,-0.100419582455234f,0.9937585789751158f,0.048577712717614574f,0.897198877490927f,0.9129831797015412f,0.11144283462599364f,-0.39248211193962296f,0.2499294496823209f,0f,0f,0f,1f],start_interpolation:0}
execute if entity @s[tag=aj.convict.bone.head] run data modify entity @s {} merge value {transformation:[-0.7880182225823021f,-0.5712810751752188f,0.2294890281143641f,-0.4540814187334573f,-0.40666562007604723f,0.20314505387998055f,-0.890704867244063f,1.0602277548888392f,0.4622232732418319f,-0.795216964249849f,-0.3924023769587295f,-0.41835930942685373f,0f,0f,0f,1f],start_interpolation:0}
execute if entity @s[tag=aj.convict.bone.left_axe] run data modify entity @s {} merge value {transformation:[2.341561767767373f,-0.2056598413493314f,0.8696625369477131f,-0.5848983875030593f,-0.8935336415631622f,-0.4995823532925926f,2.287692180879571f,0.16440582848645868f,-0.014371148494075059f,-2.4473744937624136f,-0.540066633070549f,-0.8910432080928038f,0f,0f,0f,1f],start_interpolation:0}
execute if entity @s[tag=aj.convict.bone.left_arm_2] run data modify entity @s {} merge value {transformation:[0.9530920444858444f,0.29097127101486286f,0.08337430168696765f,-0.25616943738020564f,-0.28984561591681035f,0.95673176875099f,-0.02557032648220966f,1.3501853390452598f,-0.08720707351814455f,0.00020519892100641368f,0.9961901847648393f,-0.8467769643227652f,0f,0f,0f,1f],start_interpolation:0}
execute if entity @s[tag=aj.convict.bone.left_arm] run data modify entity @s {} merge value {transformation:[0.9530920444858444f,0.06614713438195241f,-0.2953643704830531f,-0.1411159839424823f,-0.28984561591681035f,-0.08169733013521124f,-0.9535801304466149f,1.3462880458736395f,-0.08720707351814455f,0.9944597039909839f,-0.05869261850153423f,-0.42262966743913355f,0f,0f,0f,1f],start_interpolation:0}
execute if entity @s[tag=aj.convict.bone.right_axe] run data modify entity @s {} merge value {transformation:[-0.9799370215656856f,-0.02546466839956872f,0.1976739346203054f,-0.3999015063018948f,-0.003999098497654365f,0.9941168777618208f,0.10823881263342888f,-0.1432274930873767f,-0.19926726017130547f,0.10527670213484314f,-0.9742737679992379f,0.04355166367208782f,0f,0f,0f,1f],start_interpolation:0}
execute if entity @s[tag=aj.convict.bone.right_arm_2] run data modify entity @s {} merge value {transformation:[-0.9799370215656856f,0.10013378718302704f,0.1723271842436852f,-0.3866258681986384f,-0.003999098497654365f,0.8545775598651674f,-0.5193083875560858f,0.29874318210899986f,-0.19926726017130547f,-0.5095786679594037f,-0.8370317438332557f,-0.20245537473116884f,0f,0f,0f,1f],start_interpolation:0}
execute if entity @s[tag=aj.convict.bone.right_arm] run data modify entity @s {} merge value {transformation:[-0.8263765690401496f,-0.27430826163351085f,0.49178932861646396f,-0.47064621069550006f,-0.28099483878373727f,0.9577035086284527f,0.0620152411722521f,0.7276094366363032f,-0.48799965852276184f,-0.08694232088202258f,-0.8685029453728497f,-0.15589645216915637f,0f,0f,0f,1f],start_interpolation:0}
execute if entity @s[tag=aj.convict.bone.body] run data modify entity @s {} merge value {transformation:[-0.43937363567069043f,-0.7488008357774755f,0.4962339333585257f,0.16211942504193097f,-0.8249048123164483f,0.1176201556025378f,-0.5528992219321709f,0.9634361440033852f,0.3556442870266363f,-0.6522751009620014f,-0.6693686082946573f,0.11840887829710589f,0f,0f,0f,1f],start_interpolation:0}