execute if entity @s[tag=aj.frestchika_v2.bone.hair] run data modify entity @s {} merge value {transformation:[-0.74503975931558f,0.5561329521889369f,-0.3682823597847187f,-0.04491235055908849f,0.0683504368955301f,0.6128778195366188f,0.7872159780493724f,1.019258780066605f,0.6635088355215577f,0.5613349426230807f,-0.49463027341153476f,0.05083253238577945f,0f,0f,0f,1f],start_interpolation:0}
execute if entity @s[tag=aj.frestchika_v2.bone.side_hair_2] run data modify entity @s {} merge value {transformation:[-0.8095666432524773f,0.3289794499244235f,-0.48618347530571265f,0.6049504372455874f,-0.059396643118874395f,0.778055721027076f,0.6253809509117193f,1.0635513037974182f,0.5840153156545861f,0.5351652235566702f,-0.6103476833546712f,0.045503032288717604f,0f,0f,0f,1f],start_interpolation:0}
execute if entity @s[tag=aj.frestchika_v2.bone.side_hair_1] run data modify entity @s {} merge value {transformation:[-0.7418461125601676f,0.4618332746988108f,-0.48618347530571265f,0.6664000164562389f,0.0737542621295594f,0.7768262193402578f,0.6253809509117193f,1.3760774871254413f,0.6665018035212598f,0.42807832382228206f,-0.6103476833546712f,0.31677816980991264f,0f,0f,0f,1f],start_interpolation:0}
execute if entity @s[tag=aj.frestchika_v2.bone.head] run data modify entity @s {} merge value {transformation:[-0.74503975931558f,0.45666331731226545f,-0.48618347530571265f,0.17316990526689052f,0.0683504368955301f,0.7773203226553028f,0.6253809509117193f,0.98183057009566f,0.6635088355215577f,0.43270282019928297f,-0.6103476833546712f,0.299568008177278f,0f,0f,0f,1f],start_interpolation:0}
execute if entity @s[tag=aj.frestchika_v2.bone.group] run data modify entity @s {} merge value {transformation:[-9.600845712251417e-7f,0.0000026688101733534975f,0.00000958935294348374f,0.3552349669148345f,9.849644945746297e-7f,0.00000961204627946114f,-0.0000025765114527058955f,0.7367714717333712f,-0.000009904952425959589f,6.971503281948416e-7f,-0.0000011857060594325393f,0.027929422453200563f,0f,0f,0f,1f],start_interpolation:0}
execute if entity @s[tag=aj.frestchika_v2.bone.group2] run data modify entity @s {} merge value {transformation:[-9.600845712251417e-7f,0.0000026688101733534975f,0.00000958935294348374f,0.3552349669148345f,9.849644945746297e-7f,0.00000961204627946114f,-0.0000025765114527058955f,0.7367714717333712f,-0.000009904952425959589f,6.971503281948416e-7f,-0.0000011857060594325393f,0.027929422453200563f,0f,0f,0f,1f],start_interpolation:0}
execute if entity @s[tag=aj.frestchika_v2.bone.group3] run data modify entity @s {} merge value {transformation:[-9.600845712251417e-7f,0.0000026688101733534975f,0.00000958935294348374f,0.3552349669148345f,9.849644945746297e-7f,0.00000961204627946114f,-0.0000025765114527058955f,0.7367714717333712f,-0.000009904952425959589f,6.971503281948416e-7f,-0.0000011857060594325393f,0.027929422453200563f,0f,0f,0f,1f],start_interpolation:0}
execute if entity @s[tag=aj.frestchika_v2.locator_origin.muzzle] at @s on origin run tp @s ^0.35524 ^0.73678 ^0.02792 ~82.95126 ~-14.93073
execute if entity @s[tag=aj.frestchika_v2.bone.gun] run data modify entity @s {} merge value {transformation:[-9.600845712251417e-7f,0.0000026688101733534975f,0.00000958935294348374f,0.35523991732197f,9.849644945746297e-7f,0.00000961204627946114f,-0.0000025765114527058955f,0.7367721124225158f,-0.000009904952425959589f,6.971503281948416e-7f,-0.0000011857060594325393f,0.027928533074526772f,0f,0f,0f,1f],start_interpolation:0}
execute if entity @s[tag=aj.frestchika_v2.bone.sword] run data modify entity @s {} merge value {transformation:[0.28086291383354867f,-0.9291974074365746f,0.4064885161306234f,0.22061352930741684f,1.0115621384042106f,0.22613250893184747f,-0.18201879202787935f,0.5004976607860867f,0.07336740338889682f,0.4392960033022552f,0.9534993223398928f,0.0804942495156607f,0f,0f,0f,1f],start_interpolation:0}
execute if entity @s[tag=aj.frestchika_v2.bone.arm_right_1] run data modify entity @s {} merge value {transformation:[-0.09600845712251416f,0.26688101733534975f,0.958935294348374f,0.433189715862954f,0.09849644945746297f,0.9612046279461138f,-0.2576511452705895f,0.6931118502434483f,-0.9904952425959588f,0.06971503281948416f,-0.11857060594325392f,0.3315276356950687f,0f,0f,0f,1f],start_interpolation:0}
execute if entity @s[tag=aj.frestchika_v2.bone.arm_right_0] run data modify entity @s {} merge value {transformation:[0.7811903283816771f,0.26688101733534975f,0.5643723889675821f,0.13773458058677918f,-0.17340202379874933f,0.9612046279461138f,-0.21451666918323845f,0.7638320018565156f,-0.5997277790676573f,0.06971503281948416f,0.7971614674666313f,0.48751737879806045f,0f,0f,0f,1f],start_interpolation:0}
execute if entity @s[tag=aj.frestchika_v2.bone.arm_left_1] run data modify entity @s {} merge value {transformation:[-0.7566664165351193f,0.5134344392208983f,-0.40477278899380476f,0.20606206243134315f,0.6430754994550696f,0.6961485280204767f,-0.31910990103025155f,0.8608609376316771f,0.11793996815547642f,-0.5017592087414493f,-0.856929320512865f,-0.03837964721765097f,0f,0f,0f,1f],start_interpolation:0}
execute if entity @s[tag=aj.frestchika_v2.bone.arm_left_0] run data modify entity @s {} merge value {transformation:[-0.48552303173877714f,0.5134344392208983f,-0.7075679912722934f,0.02090474493667902f,0.7177869742288234f,0.6961485280204767f,0.012612952166502607f,1.1478143702202952f,0.4990483396211407f,-0.5017592087414493f,-0.7065326964582304f,0.17027833933744868f,0f,0f,0f,1f],start_interpolation:0}
execute if entity @s[tag=aj.frestchika_v2.bone.right_wing_0] run data modify entity @s {} merge value {transformation:[0.000003853886554997659f,0.000004617864140450415f,-0.000007988922906221493f,-0.3553884285298f,-0.000006209981800713355f,0.000007701679785884267f,0.0000014561093745013188f,0.6770610453810356f,0.000006825224132291717f,0.000004399938551394083f,0.00000583582524480805f,0.6148474938838703f,0f,0f,0f,1f],start_interpolation:0}
execute if entity @s[tag=aj.frestchika_v2.bone.right_wing_1] run data modify entity @s {} merge value {transformation:[0.000003853886554997659f,0.000004617864140450415f,-0.000007988922906221493f,0.3255690427998834f,-0.000006209981800713355f,0.000007701679785884267f,0.0000014561093745013188f,1.4406975565707625f,0.000006825224132291717f,0.000004399938551394083f,0.00000583582524480805f,0.33908160400938636f,0f,0f,0f,1f],start_interpolation:0}
execute if entity @s[tag=aj.frestchika_v2.bone.right_wing_2] run data modify entity @s {} merge value {transformation:[0.000003853886554997659f,0.000004617864140450415f,-0.000007988922906221493f,0.3145018684396652f,-0.000006209981800713355f,0.000007701679785884267f,0.0000014561093745013188f,1.4301381455976752f,0.000006825224132291717f,0.000004399938551394083f,0.00000583582524480805f,0.32656595414284006f,0f,0f,0f,1f],start_interpolation:0}
execute if entity @s[tag=aj.frestchika_v2.bone.left_wing_0] run data modify entity @s {} merge value {transformation:[0.000003853886554997659f,0.000004617864140450415f,-0.000007988922906221493f,-0.3553884285298f,-0.000006209981800713355f,0.000007701679785884267f,0.0000014561093745013188f,0.6770610453810356f,0.000006825224132291717f,0.000004399938551394083f,0.00000583582524480805f,0.6148474938838703f,0f,0f,0f,1f],start_interpolation:0}
execute if entity @s[tag=aj.frestchika_v2.bone.left_wing_1] run data modify entity @s {} merge value {transformation:[0.000003853886554997659f,0.000004617864140450415f,-0.000007988922906221493f,0.3255690427998834f,-0.000006209981800713355f,0.000007701679785884267f,0.0000014561093745013188f,1.4406975565707625f,0.000006825224132291717f,0.000004399938551394083f,0.00000583582524480805f,0.33908160400938636f,0f,0f,0f,1f],start_interpolation:0}
execute if entity @s[tag=aj.frestchika_v2.bone.left_wing_2] run data modify entity @s {} merge value {transformation:[0.000003853886554997659f,0.000004617864140450415f,-0.000007988922906221493f,0.3145018684396652f,-0.000006209981800713355f,0.000007701679785884267f,0.0000014561093745013188f,1.4301381455976752f,0.000006825224132291717f,0.000004399938551394083f,0.00000583582524480805f,0.32656595414284006f,0f,0f,0f,1f],start_interpolation:0}
execute if entity @s[tag=aj.frestchika_v2.bone.leg_right_1] run data modify entity @s {} merge value {transformation:[-0.9151755961646285f,-0.0004165073839834388f,-0.4030551509487458f,0.1186686001367364f,-0.16588086880698133f,0.9117720693920387f,0.3757063092901167f,0.30721797384563987f,0.36733794460762936f,0.41069638420390175f,-0.8345006377788359f,0.5915162093133413f,0f,0f,0f,1f],start_interpolation:0}
execute if entity @s[tag=aj.frestchika_v2.bone.leg_right_0] run data modify entity @s {} merge value {transformation:[-0.9151755961646285f,-0.3954450543875342f,-0.07795407074141304f,-0.014337652186517322f,-0.16588086880698133f,0.545805295074875f,-0.8213282639919742f,0.4016696430125116f,0.36733794460762936f,-0.738728494664088f,-0.5651044554971878f,0.3028001839782236f,0f,0f,0f,1f],start_interpolation:0}
execute if entity @s[tag=aj.frestchika_v2.bone.leg_left_1] run data modify entity @s {} merge value {transformation:[-0.9619222997581269f,0.19743734069355773f,-0.18900789858599185f,0.015030082211850593f,-0.12896392502941234f,0.28184447608950847f,0.9507533840796144f,0.174715442537221f,0.24098505196182737f,0.9389260821798948f,-0.24565019221093404f,-0.20534208411593804f,0f,0f,0f,1f],start_interpolation:0}
execute if entity @s[tag=aj.frestchika_v2.bone.leg_left_0] run data modify entity @s {} merge value {transformation:[-0.9619222997581269f,0.10963449101939782f,-0.2503712595466064f,0.049047531696812495f,-0.12896392502941234f,0.625592761284633f,0.7694166641484159f,0.4197303646276658f,0.24098505196182737f,0.7724079073955585f,-0.5876327333664879f,0.061563388901650834f,0f,0f,0f,1f],start_interpolation:0}
execute if entity @s[tag=aj.frestchika_v2.bone.body_0] run data modify entity @s {} merge value {transformation:[-0.2502860310607514f,0.1301881789027156f,-0.9593789348999961f,0.05763190760317523f,-0.04754113800022572f,0.9880699384156385f,0.14648425511624055f,0.7163841410174269f,0.9670040035354042f,0.0822729291645247f,-0.24111080911727933f,0.20763497390021204f,0f,0f,0f,1f],start_interpolation:0}
execute if entity @s[tag=aj.frestchika_v2.bone.body_1] run data modify entity @s {} merge value {transformation:[0.38538865549976586f,0.46178641404504145f,-0.7988922906221492f,-1.6480110246338403e-17f,-0.6209981800713354f,0.7701679785884266f,0.14561093745013187f,0.693017578125f,0.6825224132291716f,0.4399938551394082f,0.5835825244808049f,0.13457031249999998f,0f,0f,0f,1f],start_interpolation:0}