execute if entity @s[tag=aj.frestchika_v2.bone.hair] run data modify entity @s {} merge value {transformation:[-0.9663946708944934f,0.23939925469329032f,-0.09364473780742365f,0.15690737826560014f,0.1911591835875123f,0.9128182215136836f,0.36086155378863966f,1.3077573496059525f,0.1718706100439506f,0.33083363088551415f,-0.9279060308448412f,0.9762775554048475f,0f,0f,0f,1f],start_interpolation:0}
execute if entity @s[tag=aj.frestchika_v2.bone.side_hair_2] run data modify entity @s {} merge value {transformation:[-0.9344306482990608f,-0.34236613834490454f,-0.0981060183383011f,0.8621422688648438f,-0.20458113615661344f,0.741483322910784f,-0.6390219406045865f,1.5400906177960418f,0.29152345059748885f,-0.5770510455410163f,-0.7629063956946184f,1.3608902911862828f,0f,0f,0f,1f],start_interpolation:0}
execute if entity @s[tag=aj.frestchika_v2.bone.side_hair_1] run data modify entity @s {} merge value {transformation:[-0.9711543860310193f,-0.10364564416945794f,-0.21474808249996594f,0.6682978678570372f,-0.027898608209310678f,0.9437968097041789f,-0.32934670129241855f,1.9011934699576671f,0.23681390616409626f,-0.3138553208676129f,-0.9194639804855819f,1.2768192221639696f,0f,0f,0f,1f],start_interpolation:0}
execute if entity @s[tag=aj.frestchika_v2.bone.head] run data modify entity @s {} merge value {transformation:[-0.9663946708944934f,0.21148637242859344f,-0.1461330022401452f,0.23567829523448422f,0.1911591835875123f,0.971302169951339f,0.14152830521834142f,1.4409657127858764f,0.1718706100439506f,0.10883753454031622f,-0.979088803162566f,1.271032967134313f,0f,0f,0f,1f],start_interpolation:0}
execute if entity @s[tag=aj.frestchika_v2.bone.group] run data modify entity @s {} merge value {transformation:[0.000006451907762638081f,0.0000013437166496669869f,0.00000752112436992091f,0.6439994004818699f,8.651051343674558e-7f,0.000009652331139312336f,-0.0000024665961735866934f,1.2616085462717037f,-0.000007591078930488177f,0.000002242081430829215f,0.000006111349403252058f,1.2961768845777473f,0f,0f,0f,1f],start_interpolation:0}
execute if entity @s[tag=aj.frestchika_v2.bone.group2] run data modify entity @s {} merge value {transformation:[0.000006451907762638081f,0.0000013437166496669869f,0.00000752112436992091f,0.6439994004818699f,8.651051343674558e-7f,0.000009652331139312336f,-0.0000024665961735866934f,1.2616085462717037f,-0.000007591078930488177f,0.000002242081430829215f,0.000006111349403252058f,1.2961768845777473f,0f,0f,0f,1f],start_interpolation:0}
execute if entity @s[tag=aj.frestchika_v2.bone.group3] run data modify entity @s {} merge value {transformation:[0.000006451907762638081f,0.0000013437166496669869f,0.00000752112436992091f,0.6439994004818699f,8.651051343674558e-7f,0.000009652331139312336f,-0.0000024665961735866934f,1.2616085462717037f,-0.000007591078930488177f,0.000002242081430829215f,0.000006111349403252058f,1.2961768845777473f,0f,0f,0f,1f],start_interpolation:0}
execute if entity @s[tag=aj.frestchika_v2.locator_origin.muzzle] at @s on origin run tp @s ^0.64401 ^1.26161 ^1.29617 ~129.09586 ~-14.27993
execute if entity @s[tag=aj.frestchika_v2.bone.gun] run data modify entity @s {} merge value {transformation:[0.000006451907762638081f,0.0000013437166496669869f,0.00000752112436992091f,0.6440034803889665f,8.651051343674558e-7f,0.000009652331139312336f,-0.0000024665961735866934f,1.2616092404186392f,-0.000007591078930488177f,0.000002242081430829215f,0.000006111349403252058f,1.2961798138312235f,0f,0f,0f,1f],start_interpolation:0}
execute if entity @s[tag=aj.frestchika_v2.bone.sword] run data modify entity @s {} merge value {transformation:[-0.1414113964943039f,0.7915156075661064f,-0.6789923210322688f,0.8022399382851378f,-1.0158016767700906f,-0.25958211471208975f,-0.09104279923569653f,1.4649841176401135f,-0.23595440769903567f,0.6431522998488433f,0.798877555565645f,1.4826611519230768f,0f,0f,0f,1f],start_interpolation:0}
execute if entity @s[tag=aj.frestchika_v2.bone.arm_right_1] run data modify entity @s {} merge value {transformation:[0.645190776263808f,0.13437166496669867f,0.752112436992091f,0.4799887852947191f,0.08651051343674557f,0.9652331139312335f,-0.24665961735866931f,1.2222441411770937f,-0.7591078930488177f,0.2242081430829215f,0.6111349403252058f,1.5639565369663153f,0f,0f,0f,1f],start_interpolation:0}
execute if entity @s[tag=aj.frestchika_v2.bone.arm_right_0] run data modify entity @s {} merge value {transformation:[0.9877053664103577f,0.13437166496669867f,-0.07988970408168215f,0.15063270933530756f,-0.14870221830281638f,0.9652331139312335f,-0.21497136098195976f,1.2831797079033922f,0.04822612814650383f,0.2242081430829215f,0.9733472911244502f,1.4990128541606478f,0f,0f,0f,1f],start_interpolation:0}
execute if entity @s[tag=aj.frestchika_v2.bone.arm_left_1] run data modify entity @s {} merge value {transformation:[0.45672180466316015f,-0.2048578793747083f,-0.8657011276435556f,0.07437293048551308f,-0.03901952846362114f,0.9675752340956704f,-0.24955088211261706f,1.4024738300965747f,0.8887534357422777f,0.1477545790248346f,0.43391924920829567f,0.6543794383456085f,0f,0f,0f,1f],start_interpolation:0}
execute if entity @s[tag=aj.frestchika_v2.bone.arm_left_0] run data modify entity @s {} merge value {transformation:[0.45672180466316015f,-0.2048578793747083f,-0.8657011276435556f,0.25706165235077716f,-0.03901952846362114f,0.9675752340956704f,-0.24955088211261706f,1.3868660187111261f,0.8887534357422777f,0.1477545790248346f,0.43391924920829567f,1.0098808126425196f,0f,0f,0f,1f],start_interpolation:0}
execute if entity @s[tag=aj.frestchika_v2.bone.right_wing_0] run data modify entity @s {} merge value {transformation:[-7.431361953564198e-8f,-0.0000020485787937470833f,-0.000009787635179743946f,-0.24608743863715093f,-0.0000015248928169997326f,0.000009675752340956704f,-0.0000020135835053787773f,0.9681592240925596f,0.000009882771847139553f,0.0000014775457902483462f,-3.842903265829863e-7f,1.3975846618868781f,0f,0f,0f,1f],start_interpolation:0}
execute if entity @s[tag=aj.frestchika_v2.bone.right_wing_1] run data modify entity @s {} merge value {transformation:[-7.431361953564198e-8f,-0.0000020485787937470833f,-0.000009787635179743946f,0.17798072668008055f,-0.0000015248928169997326f,0.000009675752340956704f,-0.0000020135835053787773f,1.9046296090416566f,0.000009882771847139553f,0.0000014775457902483462f,-3.842903265829863e-7f,1.1405242910053128f,0f,0f,0f,1f],start_interpolation:0}
execute if entity @s[tag=aj.frestchika_v2.bone.right_wing_2] run data modify entity @s {} merge value {transformation:[-7.431361953564198e-8f,-0.0000020485787937470833f,-0.000009787635179743946f,0.18186825793056619f,-0.0000015248928169997326f,0.000009675752340956704f,-0.0000020135835053787773f,1.8874406314129872f,0.000009882771847139553f,0.0000014775457902483462f,-3.842903265829863e-7f,1.131577160244135f,0f,0f,0f,1f],start_interpolation:0}
execute if entity @s[tag=aj.frestchika_v2.bone.left_wing_0] run data modify entity @s {} merge value {transformation:[-7.431361953564198e-8f,-0.0000020485787937470833f,-0.000009787635179743946f,-0.24608743863715093f,-0.0000015248928169997326f,0.000009675752340956704f,-0.0000020135835053787773f,0.9681592240925596f,0.000009882771847139553f,0.0000014775457902483462f,-3.842903265829863e-7f,1.3975846618868781f,0f,0f,0f,1f],start_interpolation:0}
execute if entity @s[tag=aj.frestchika_v2.bone.left_wing_1] run data modify entity @s {} merge value {transformation:[-7.431361953564198e-8f,-0.0000020485787937470833f,-0.000009787635179743946f,0.17798072668008055f,-0.0000015248928169997326f,0.000009675752340956704f,-0.0000020135835053787773f,1.9046296090416566f,0.000009882771847139553f,0.0000014775457902483462f,-3.842903265829863e-7f,1.1405242910053128f,0f,0f,0f,1f],start_interpolation:0}
execute if entity @s[tag=aj.frestchika_v2.bone.left_wing_2] run data modify entity @s {} merge value {transformation:[-7.431361953564198e-8f,-0.0000020485787937470833f,-0.000009787635179743946f,0.18186825793056619f,-0.0000015248928169997326f,0.000009675752340956704f,-0.0000020135835053787773f,1.8874406314129872f,0.000009882771847139553f,0.0000014775457902483462f,-3.842903265829863e-7f,1.131577160244135f,0f,0f,0f,1f],start_interpolation:0}
execute if entity @s[tag=aj.frestchika_v2.bone.leg_right_1] run data modify entity @s {} merge value {transformation:[0.08619019613359302f,-0.5967189583771563f,-0.7978080814354633f,0.5244754367693125f,0.42479931454195186f,0.7463573735613519f,-0.5123438428392486f,0.9238233678730727f,0.9011752284961793f,-0.29474930982766095f,0.3178144929058097f,1.2315077190625732f,0f,0f,0f,1f],start_interpolation:0}
execute if entity @s[tag=aj.frestchika_v2.bone.leg_right_0] run data modify entity @s {} merge value {transformation:[0.08619019613359302f,-0.9250656612823925f,0.3698983271206061f,0.2700723848078771f,0.42479931454195186f,-0.30171464700824324f,-0.8535302069319979f,0.764741209810236f,0.9011752284961793f,0.23069849175246324f,0.3669624142170395f,1.3308280707724713f,0f,0f,0f,1f],start_interpolation:0}
execute if entity @s[tag=aj.frestchika_v2.bone.leg_left_1] run data modify entity @s {} merge value {transformation:[0.358040564528173f,-0.017459656401153628f,-0.9335427759619273f,0.2910341546098017f,0.002782706054448046f,0.9998406656990554f,-0.017632349857128582f,0.4021334381266396f,0.9337018853463679f,0.0037153213620490615f,0.3580321014766901f,1.080077255496835f,0f,0f,0f,1f],start_interpolation:0}
execute if entity @s[tag=aj.frestchika_v2.bone.leg_left_0] run data modify entity @s {} merge value {transformation:[0.358040564528173f,-0.017459656401153628f,-0.9335427759619273f,0.28448678345936906f,0.002782706054448046f,0.9998406656990554f,-0.017632349857128582f,0.7770736877637854f,0.9337018853463679f,0.0037153213620490615f,0.3580321014766901f,1.0814705010076033f,0f,0f,0f,1f],start_interpolation:0}
execute if entity @s[tag=aj.frestchika_v2.bone.body_0] run data modify entity @s {} merge value {transformation:[-0.05481150039454359f,0.11384376845697536f,-0.9919855320557924f,0.31249999999999983f,-0.024504251110118055f,0.9930264281631979f,0.11531719146325686f,1.078125f,0.9981959933309847f,0.030628570860485163f,-0.05163961216946754f,1.215625f,0f,0f,0f,1f],start_interpolation:0}
execute if entity @s[tag=aj.frestchika_v2.bone.body_1] run data modify entity @s {} merge value {transformation:[-0.007431361953564197f,-0.2048578793747083f,-0.9787635179743944f,0.31249999999999983f,-0.15248928169997325f,0.9675752340956704f,-0.2013583505378777f,1.078125f,0.9882771847139553f,0.1477545790248346f,-0.038429032658298626f,1.215625f,0f,0f,0f,1f],start_interpolation:0}