execute if entity @s[tag=aj.frestchika_v2.bone.hair] run data modify entity @s {} merge value {transformation:[-0.3407604438271774f,-0.9116688821027802f,-0.22965663353835966f,-0.18646576676276927f,-0.8094279207249847f,0.16023353375761978f,0.5649350899088968f,1.428302016032551f,-0.4782350479351476f,0.3783980233365563f,-0.7925314977093679f,-0.23755144669649395f,0f,0f,0f,1f],start_interpolation:0}
execute if entity @s[tag=aj.frestchika_v2.bone.side_hair_2] run data modify entity @s {} merge value {transformation:[-0.7061357021285728f,-0.7080049983739856f,-0.010064415374995923f,-0.3277337065892194f,-0.6119116484602696f,0.6030208626038336f,0.5117909473048188f,1.7719479754369676f,-0.3562814963733354f,0.36755239292103825f,-0.8590510658860715f,0.3005966200308378f,0f,0f,0f,1f],start_interpolation:0}
execute if entity @s[tag=aj.frestchika_v2.bone.side_hair_1] run data modify entity @s {} merge value {transformation:[-0.3407604438271774f,-0.9400962862738396f,-0.010064415374995923f,-0.7457508392880332f,-0.8094279207249847f,0.28791746631224713f,0.5117909473048188f,1.7553464402570134f,-0.4782350479351476f,0.1825445291606171f,-0.8590510658860715f,0.29560341586701655f,0f,0f,0f,1f],start_interpolation:0}
execute if entity @s[tag=aj.frestchika_v2.bone.head] run data modify entity @s {} merge value {transformation:[-0.3407604438271774f,-0.9400962862738396f,-0.010064415374995923f,-0.35108980093107944f,-0.8094279207249847f,0.28791746631224713f,0.5117909473048188f,1.3356461107899398f,-0.4782350479351476f,0.1825445291606171f,-0.8590510658860715f,0.03657240984069862f,0f,0f,0f,1f],start_interpolation:0}
execute if entity @s[tag=aj.frestchika_v2.bone.group] run data modify entity @s {} merge value {transformation:[0.0000020472091574013197f,-0.00000965158025661822f,0.0000016297034134803857f,-0.14281638700161514f,0.000009449202927659931f,0.000002383108084588135f,0.0000022435150744030217f,1.4564306689344952f,-0.0000025537225177679536f,0.0000010806453660790482f,0.000009607846111122761f,0.41619356773503996f,0f,0f,0f,1f],start_interpolation:0}
execute if entity @s[tag=aj.frestchika_v2.bone.group2] run data modify entity @s {} merge value {transformation:[0.0000020472091574013197f,-0.00000965158025661822f,0.0000016297034134803857f,-0.14281638700161514f,0.000009449202927659931f,0.000002383108084588135f,0.0000022435150744030217f,1.4564306689344952f,-0.0000025537225177679536f,0.0000010806453660790482f,0.000009607846111122761f,0.41619356773503996f,0f,0f,0f,1f],start_interpolation:0}
execute if entity @s[tag=aj.frestchika_v2.bone.group3] run data modify entity @s {} merge value {transformation:[0.0000020472091574013197f,-0.00000965158025661822f,0.0000016297034134803857f,-0.14281638700161514f,0.000009449202927659931f,0.000002383108084588135f,0.0000022435150744030217f,1.4564306689344952f,-0.0000025537225177679536f,0.0000010806453660790482f,0.000009607846111122761f,0.41619356773503996f,0f,0f,0f,1f],start_interpolation:0}
execute if entity @s[tag=aj.frestchika_v2.locator_origin.muzzle] at @s on origin run tp @s ^-0.14282 ^1.45644 ^0.41619 ~170.373 ~12.96475
execute if entity @s[tag=aj.frestchika_v2.bone.gun] run data modify entity @s {} merge value {transformation:[0.0000020472091574013197f,-0.00000965158025661822f,0.0000016297034134803857f,-0.14281733678650893f,0.000009449202927659931f,0.000002383108084588135f,0.0000022435150744030217f,1.4564326103463394f,-0.0000025537225177679536f,0.0000010806453660790482f,0.000009607846111122761f,0.41619815432816765f,0f,0f,0f,1f],start_interpolation:0}
execute if entity @s[tag=aj.frestchika_v2.bone.sword] run data modify entity @s {} merge value {transformation:[-1.0157226546262446f,-0.17150835753126234f,-0.21544624451575767f,0.08954453126460374f,0.2507959117139709f,-0.23610528291509977f,-0.9944246669040034f,1.3553742362864936f,0.11372603768079288f,-1.011120116888448f,0.2687512040473819f,0.3141898652077747f,0f,0f,0f,1f],start_interpolation:0}
execute if entity @s[tag=aj.frestchika_v2.bone.arm_right_1] run data modify entity @s {} merge value {transformation:[0.20472091574013196f,-0.9651580256618219f,0.16297034134803856f,-0.1986458493181208f,0.9449202927659931f,0.23831080845881347f,0.22435150744030213f,1.1723653267272969f,-0.25537225177679534f,0.10806453660790481f,0.9607846111122761f,0.5440408712264303f,0f,0f,0f,1f],start_interpolation:0}
execute if entity @s[tag=aj.frestchika_v2.bone.arm_right_0] run data modify entity @s {} merge value {transformation:[0.22144002054633172f,-0.9651580256618219f,-0.13940696826563084f,-0.2621795105883053f,0.5238490359196092f,0.23831080845881347f,-0.8177959073863125f,1.0612820196622574f,0.8225244706794661f,0.10806453660790481f,0.5583686515745513f,0.22156995287058398f,0f,0f,0f,1f],start_interpolation:0}
execute if entity @s[tag=aj.frestchika_v2.bone.arm_left_1] run data modify entity @s {} merge value {transformation:[-0.8053672610393163f,-0.5690826421373685f,-0.16591721207874f,-0.054527569912573154f,-0.5484290371365945f,0.8215575262783122f,-0.15578453787487398f,1.5301710715689605f,0.22496481074038593f,-0.034469949715831144f,-0.9737569802035466f,-0.35559258223277257f,0f,0f,0f,1f],start_interpolation:0}
execute if entity @s[tag=aj.frestchika_v2.bone.arm_left_0] run data modify entity @s {} merge value {transformation:[-0.6328983685436093f,-0.5690826421373685f,-0.5249615238403569f,-0.2797548685368919f,-0.41086780403540646f,0.8215575262783122f,-0.39526051993917005f,1.3846661647760194f,0.6562219919371497f,-0.034469949715831144f,-0.7537801535359148f,-0.10516300610665205f,0f,0f,0f,1f],start_interpolation:0}
execute if entity @s[tag=aj.frestchika_v2.bone.right_wing_0] run data modify entity @s {} merge value {transformation:[-0.000001426136057875189f,-0.000009362394691495454f,-0.0000032111838292265372f,-0.24174750933018158f,-0.0000061875017576647014f,0.0000033755629543983977f,-0.000007093687104728359f,0.6980603783317669f,0.000007725345166613881f,9.7526426241863e-7f,-0.000006274384565447403f,-0.19405331847547233f,0f,0f,0f,1f],start_interpolation:0}
execute if entity @s[tag=aj.frestchika_v2.bone.right_wing_1] run data modify entity @s {} merge value {transformation:[-0.000001426136057875189f,-0.000009362394691495454f,-0.0000032111838292265372f,-0.7254751124279308f,-0.0000061875017576647014f,0.0000033755629543983977f,-0.000007093687104728359f,1.630463976293976f,0.000007725345166613881f,9.7526426241863e-7f,-0.000006274384565447403f,-0.05433302106513252f,0f,0f,0f,1f],start_interpolation:0}
execute if entity @s[tag=aj.frestchika_v2.bone.right_wing_2] run data modify entity @s {} merge value {transformation:[-0.000001426136057875189f,-0.000009362394691495454f,-0.0000032111838292265372f,-0.7070292873452045f,-0.0000061875017576647014f,0.0000033755629543983977f,-0.000007093687104728359f,1.6280019843530193f,0.000007725345166613881f,9.7526426241863e-7f,-0.000006274384565447403f,-0.06098998228630116f,0f,0f,0f,1f],start_interpolation:0}
execute if entity @s[tag=aj.frestchika_v2.bone.left_wing_0] run data modify entity @s {} merge value {transformation:[-0.000001426136057875189f,-0.000009362394691495454f,-0.0000032111838292265372f,-0.24174750933018158f,-0.0000061875017576647014f,0.0000033755629543983977f,-0.000007093687104728359f,0.6980603783317669f,0.000007725345166613881f,9.7526426241863e-7f,-0.000006274384565447403f,-0.19405331847547233f,0f,0f,0f,1f],start_interpolation:0}
execute if entity @s[tag=aj.frestchika_v2.bone.left_wing_1] run data modify entity @s {} merge value {transformation:[-0.000001426136057875189f,-0.000009362394691495454f,-0.0000032111838292265372f,-0.7254751124279308f,-0.0000061875017576647014f,0.0000033755629543983977f,-0.000007093687104728359f,1.630463976293976f,0.000007725345166613881f,9.7526426241863e-7f,-0.000006274384565447403f,-0.05433302106513252f,0f,0f,0f,1f],start_interpolation:0}
execute if entity @s[tag=aj.frestchika_v2.bone.left_wing_2] run data modify entity @s {} merge value {transformation:[-0.000001426136057875189f,-0.000009362394691495454f,-0.0000032111838292265372f,-0.7070292873452045f,-0.0000061875017576647014f,0.0000033755629543983977f,-0.000007093687104728359f,1.6280019843530193f,0.000007725345166613881f,9.7526426241863e-7f,-0.000006274384565447403f,-0.06098998228630116f,0f,0f,0f,1f],start_interpolation:0}
execute if entity @s[tag=aj.frestchika_v2.bone.leg_right_1] run data modify entity @s {} merge value {transformation:[0.02094940662804691f,-0.7753858053074955f,0.6311402184060051f,0.1461459870405531f,-0.7639420171653933f,-0.41964411279505154f,-0.4901952804808749f,1.448939545133269f,0.6449447393158599f,-0.47188523130534704f,-0.6011410913460304f,0.45209099914901224f,0f,0f,0f,1f],start_interpolation:0}
execute if entity @s[tag=aj.frestchika_v2.bone.leg_right_0] run data modify entity @s {} merge value {transformation:[0.02094940662804691f,0.23826737335425285f,0.9709736253662085f,0.27942862466849694f,-0.7639420171653933f,-0.6226843514473979f,0.1692831736227884f,1.2456284452801094f,0.6449447393158599f,-0.7453139320161662f,0.1689775901455546f,0.20693808252272453f,0f,0f,0f,1f],start_interpolation:0}
execute if entity @s[tag=aj.frestchika_v2.bone.leg_left_1] run data modify entity @s {} merge value {transformation:[0.02094940662804691f,-0.9981095313300317f,0.05777963161943711f,0.49374865515163147f,-0.7639420171653933f,-0.05326192156669224f,-0.6430830133974098f,1.6090553797305562f,0.6449447393158599f,-0.03066808078717409f,-0.7636136143689614f,0.24282833252109956f,0f,0f,0f,1f],start_interpolation:0}
execute if entity @s[tag=aj.frestchika_v2.bone.leg_left_0] run data modify entity @s {} merge value {transformation:[0.02094940662804691f,-0.706049046704593f,0.7078529974574301f,0.2517130302349831f,-0.7639420171653933f,-0.4680311774490061f,-0.44422900777072927f,1.4292020185264063f,0.6449447393158599f,-0.5314523126144364f,-0.5491855084081925f,0.03765255735656195f,0f,0f,0f,1f],start_interpolation:0}
execute if entity @s[tag=aj.frestchika_v2.bone.body_0] run data modify entity @s {} merge value {transformation:[0.02094940662804691f,-0.8991297110600822f,0.43718060918909263f,-0.06036369280753977f,-0.7639420171653933f,-0.29647724180205837f,-0.5731438209583293f,1.2299422317500117f,0.6449447393158599f,-0.3219736134879023f,-0.6930939874550495f,0.005579885050278639f,0f,0f,0f,1f],start_interpolation:0}
execute if entity @s[tag=aj.frestchika_v2.bone.body_1] run data modify entity @s {} merge value {transformation:[-0.1426136057875189f,-0.9362394691495453f,-0.3211183829226537f,0f,-0.6187501757664701f,0.3375562954398397f,-0.7093687104728358f,1.2090625f,0.7725345166613881f,0.09752642624186299f,-0.6274384565447403f,0f,0f,0f,0f,1f],start_interpolation:0}