execute if entity @s[tag=aj.frestchika_v2.bone.hair] run data modify entity @s {} merge value {transformation:[-0.9814817300988281f,-0.16542536569279612f,-0.09658189202752238f,-0.0025736861471244953f,-0.1894864043961156f,0.7645285797305711f,0.6161095302981341f,0.9898380689873376f,-0.028080527616892892f,0.623001203177458f,-0.7817166908850013f,0.43104956382972726f,0f,0f,0f,1f],start_interpolation:0}
execute if entity @s[tag=aj.frestchika_v2.bone.side_hair_2] run data modify entity @s {} merge value {transformation:[-0.6622700816600035f,-0.6859910092719202f,-0.3013547313983054f,0.5248627020869546f,-0.6711606796460309f,0.3643418962867486f,0.6455991981928525f,1.3667953310732572f,-0.33307909126081514f,0.6298184800466468f,-0.7017029294199941f,0.8228606691374137f,0f,0f,0f,1f],start_interpolation:0}
execute if entity @s[tag=aj.frestchika_v2.bone.side_hair_1] run data modify entity @s {} merge value {transformation:[-0.8733297736217218f,-0.46899408253081276f,-0.13168013159514f,0.20500697139400748f,-0.45958610508485565f,0.7036663607398677f,0.5418803048423539f,1.5665763519819325f,-0.1614797774297581f,0.5337585627549142f,-0.8300759472283511f,1.0040200506650037f,0f,0f,0f,1f],start_interpolation:0}
execute if entity @s[tag=aj.frestchika_v2.bone.head] run data modify entity @s {} merge value {transformation:[-0.9814817300988281f,-0.18318757349430315f,-0.0559993428486496f,-0.01945415749961456f,-0.1894864043961156f,0.8856109419829711f,0.4240143417256854f,1.0283334844177054f,-0.028080527616892892f,0.4267734438285773f,-0.903922514163384f,0.7612967906201443f,0f,0f,0f,1f],start_interpolation:0}
execute if entity @s[tag=aj.frestchika_v2.bone.group] run data modify entity @s {} merge value {transformation:[-0.000009340756194895823f,0.000003072325808484625f,0.000001819639479137174f,-0.8103631310653416f,0.0000032814429755439287f,0.000009395131130031288f,9.816532217491154e-7f,1.1997384309741386f,-0.0000014079792987713715f,0.0000015140426599129587f,-0.000009783929124753254f,0.4313919106064868f,0f,0f,0f,1f],start_interpolation:0}
execute if entity @s[tag=aj.frestchika_v2.bone.group2] run data modify entity @s {} merge value {transformation:[-0.000009340756194895823f,0.000003072325808484625f,0.000001819639479137174f,-0.8103631310653416f,0.0000032814429755439287f,0.000009395131130031288f,9.816532217491154e-7f,1.1997384309741386f,-0.0000014079792987713715f,0.0000015140426599129587f,-0.000009783929124753254f,0.4313919106064868f,0f,0f,0f,1f],start_interpolation:0}
execute if entity @s[tag=aj.frestchika_v2.bone.group3] run data modify entity @s {} merge value {transformation:[-0.000009340756194895823f,0.000003072325808484625f,0.000001819639479137174f,-0.8103631310653416f,0.0000032814429755439287f,0.000009395131130031288f,9.816532217491154e-7f,1.1997384309741386f,-0.0000014079792987713715f,0.0000015140426599129587f,-0.000009783929124753254f,0.4313919106064868f,0f,0f,0f,1f],start_interpolation:0}
execute if entity @s[tag=aj.frestchika_v2.locator_origin.muzzle] at @s on origin run tp @s ^-0.81037 ^1.19975 ^0.43139 ~10.53564 ~5.63353
execute if entity @s[tag=aj.frestchika_v2.bone.gun] run data modify entity @s {} merge value {transformation:[-0.000009340756194895823f,0.000003072325808484625f,0.000001819639479137174f,-0.8103621398961933f,0.0000032814429755439287f,0.000009395131130031288f,9.816532217491154e-7f,1.1997408065288127f,-0.0000014079792987713715f,0.0000015140426599129587f,-0.000009783929124753254f,0.43138754227367865f,0f,0f,0f,1f],start_interpolation:0}
execute if entity @s[tag=aj.frestchika_v2.bone.sword] run data modify entity @s {} merge value {transformation:[0.2875160150522606f,-0.2120966914354268f,0.9898859766006456f,-0.8784204542810939f,0.9583726488342101f,-0.2745103130203389f,-0.3371804651992391f,0.9266756154787256f,0.32616118584983106f,0.9935712322866543f,0.11815159464607788f,0.43037249138860195f,0f,0f,0f,1f],start_interpolation:0}
execute if entity @s[tag=aj.frestchika_v2.bone.arm_right_1] run data modify entity @s {} merge value {transformation:[-0.9340756194895823f,0.3072325808484625f,0.1819639479137174f,-0.5093667657850489f,0.32814429755439284f,0.9395131130031288f,0.09816532217491153f,1.1021068964296798f,-0.14079792987713713f,0.15140426599129586f,-0.9783929124753253f,0.42646727189797834f,0f,0f,0f,1f],start_interpolation:0}
execute if entity @s[tag=aj.frestchika_v2.bone.arm_right_0] run data modify entity @s {} merge value {transformation:[-0.9109108173814742f,0.3072325808484625f,0.27540810453326836f,-0.17269686901067324f,0.33638334240150497f,0.9395131130031288f,0.06450858431218257f,0.9768538605045234f,-0.23893038679122974f,0.15140426599129586f,-0.9591605801467398f,0.5205261038728872f,0f,0f,0f,1f],start_interpolation:0}
execute if entity @s[tag=aj.frestchika_v2.bone.arm_left_1] run data modify entity @s {} merge value {transformation:[0.15910095367729893f,-0.012205979212155292f,0.9871868620532014f,0.21471337314914532f,0.3446981983354865f,0.9376836857415506f,-0.04395972655068152f,0.7866031321480562f,-0.9251324438172318f,0.34727556718780767f,0.1533937476924758f,1.2376071880302626f,0f,0f,0f,1f],start_interpolation:0}
execute if entity @s[tag=aj.frestchika_v2.bone.arm_left_0] run data modify entity @s {} merge value {transformation:[-0.02857547059864779f,-0.012205979212155292f,0.9995171116852068f,0.2020447161852949f,0.34683248884165124f,0.9376836857415506f,0.021366566828737832f,0.9253096530756724f,-0.9374916891172804f,0.34727556718780767f,-0.02256132244383796f,0.8626384673747166f,0f,0f,0f,1f],start_interpolation:0}
execute if entity @s[tag=aj.frestchika_v2.bone.right_wing_0] run data modify entity @s {} merge value {transformation:[-0.00000854035405830108f,-5.187775333230528e-7f,0.000005176216999873511f,0.11758291098798143f,8.574448127220438e-7f,0.00000967368397708633f,0.000002384245521039996f,0.850524890380487f,-0.0000051309980463839935f,0.00000248006213276653f,-0.000008217186310752676f,0.11224789009341307f,0f,0f,0f,1f],start_interpolation:0}
execute if entity @s[tag=aj.frestchika_v2.bone.right_wing_1] run data modify entity @s {} merge value {transformation:[-0.00000854035405830108f,-5.187775333230528e-7f,0.000005176216999873511f,0.11132969416167138f,8.574448127220438e-7f,0.00000967368397708633f,0.000002384245521039996f,1.4304190807697252f,-0.0000051309980463839935f,0.00000248006213276653f,-0.000008217186310752676f,0.9991381032720982f,0f,0f,0f,1f],start_interpolation:0}
execute if entity @s[tag=aj.frestchika_v2.bone.right_wing_2] run data modify entity @s {} merge value {transformation:[-0.00000854035405830108f,-5.187775333230528e-7f,0.000005176216999873511f,0.11764012332309026f,8.574448127220438e-7f,0.00000967368397708633f,0.000002384245521039996f,1.4117450203047368f,-0.0000051309980463839935f,0.00000248006213276653f,-0.000008217186310752676f,0.997694860552151f,0f,0f,0f,1f],start_interpolation:0}
execute if entity @s[tag=aj.frestchika_v2.bone.left_wing_0] run data modify entity @s {} merge value {transformation:[-0.00000854035405830108f,-5.187775333230528e-7f,0.000005176216999873511f,0.11758291098798143f,8.574448127220438e-7f,0.00000967368397708633f,0.000002384245521039996f,0.850524890380487f,-0.0000051309980463839935f,0.00000248006213276653f,-0.000008217186310752676f,0.11224789009341307f,0f,0f,0f,1f],start_interpolation:0}
execute if entity @s[tag=aj.frestchika_v2.bone.left_wing_1] run data modify entity @s {} merge value {transformation:[-0.00000854035405830108f,-5.187775333230528e-7f,0.000005176216999873511f,0.11132969416167138f,8.574448127220438e-7f,0.00000967368397708633f,0.000002384245521039996f,1.4304190807697252f,-0.0000051309980463839935f,0.00000248006213276653f,-0.000008217186310752676f,0.9991381032720982f,0f,0f,0f,1f],start_interpolation:0}
execute if entity @s[tag=aj.frestchika_v2.bone.left_wing_2] run data modify entity @s {} merge value {transformation:[-0.00000854035405830108f,-5.187775333230528e-7f,0.000005176216999873511f,0.11764012332309026f,8.574448127220438e-7f,0.00000967368397708633f,0.000002384245521039996f,1.4117450203047368f,-0.0000051309980463839935f,0.00000248006213276653f,-0.000008217186310752676f,0.997694860552151f,0f,0f,0f,1f],start_interpolation:0}
execute if entity @s[tag=aj.frestchika_v2.bone.leg_right_1] run data modify entity @s {} merge value {transformation:[-0.9775285588824308f,-0.20893471495056729f,-0.028003597228980992f,0.028537001428038847f,-0.02636529302503765f,-0.010622720130036178f,0.999595932935275f,0.2028787092747925f,-0.20914776568957594f,0.9778718948336558f,0.004875387317351432f,0.18956368556135267f,0f,0f,0f,1f],start_interpolation:0}
execute if entity @s[tag=aj.frestchika_v2.bone.leg_right_0] run data modify entity @s {} merge value {transformation:[-0.9775285588824308f,-0.1976868215220589f,0.07319724834816826f,-0.043813071875180104f,-0.02636529302503765f,0.4591571962069627f,0.8879637044919486f,0.3807543376492615f,-0.20914776568957594f,0.8660800134905935f,-0.4540513432853071f,0.5052950997091804f,0f,0f,0f,1f],start_interpolation:0}
execute if entity @s[tag=aj.frestchika_v2.bone.leg_left_1] run data modify entity @s {} merge value {transformation:[-0.91186999038459f,-0.3279325631073607f,0.24688733197522433f,0.10805995420140992f,-0.338101251159017f,0.9411088710578313f,0.0012793674067901883f,0.40338550542440027f,-0.2327674045065483f,-0.08230629909120685f,-0.969043347084739f,0.9060683664071371f,0f,0f,0f,1f],start_interpolation:0}
execute if entity @s[tag=aj.frestchika_v2.bone.leg_left_0] run data modify entity @s {} merge value {transformation:[-0.91186999038459f,0.14147692980614696f,0.3853276514456681f,0.1826357299496024f,-0.338101251159017f,0.273445938638788f,-0.9005081135706993f,0.4074646139977573f,-0.2327674045065483f,-0.9514260859229049f,-0.20151361845966215f,0.6079915640568266f,0f,0f,0f,1f],start_interpolation:0}
execute if entity @s[tag=aj.frestchika_v2.bone.body_0] run data modify entity @s {} merge value {transformation:[-0.9118201722476027f,-0.24099859793890782f,0.33242089175295947f,-0.005147612200138456f,-0.08428508441989817f,0.902240838963408f,0.42291546797313573f,0.6732402353778137f,-0.4018457390923573f,0.35760473192910414f,-0.8429939843647942f,0.6672772958235701f,0f,0f,0f,1f],start_interpolation:0}
execute if entity @s[tag=aj.frestchika_v2.bone.body_1] run data modify entity @s {} merge value {transformation:[-0.854035405830108f,-0.05187775333230527f,0.5176216999873511f,-8.184246721123966e-17f,0.08574448127220437f,0.9673683977086329f,0.23842455210399957f,0.665570335276968f,-0.5130998046383993f,0.248006213276653f,-0.8217186310752677f,0.6682944606413994f,0f,0f,0f,1f],start_interpolation:0}