execute if entity @s[tag=aj.tutankhamen.bone.head] run data modify entity @s {} merge value {transformation:[-1f,0f,2.220446049250313e-16f,-6.973457148623432e-17f,1.1102230246251565e-16f,0.9340798923554654f,0.3570640764585566f,1.1352405650693496f,-2.220446049250313e-16f,0.35706407645855665f,-0.9340798923554654f,0.5694259890671028f,0f,0f,0f,1f],start_interpolation:0}
execute if entity @s[tag=aj.tutankhamen.bone.back_cape] run data modify entity @s {} merge value {transformation:[-0.7071067811865475f,-0.44269097315090983f,0.5513843507850947f,0.11048543456039797f,0.5856654229137532f,0.07028553283466665f,0.8074998181284015f,1.2267507873996233f,-0.39622722319807197f,0.8939153461960743f,0.2095694191238261f,0.5075154854424042f,0f,0f,0f,1f],start_interpolation:0}
execute if entity @s[tag=aj.tutankhamen.bone.left_hand] run data modify entity @s {} merge value {transformation:[-0.6764975793001429f,-0.29232305651330603f,0.6759424944710648f,0.43715000168937945f,0.39723107757082754f,0.6280360044133705f,0.6691623481431156f,0.8575892522679812f,-0.6201278063536309f,0.7211920741322713f,-0.30874503396140046f,0.3407408100770889f,0f,0f,0f,1f],start_interpolation:0}
execute if entity @s[tag=aj.tutankhamen.bone.cape_left_back] run data modify entity @s {} merge value {transformation:[-0.6764975793001429f,-0.5741560744248063f,0.4611895785923f,0.37306429169516786f,0.39723107757082754f,0.2428425306010727f,0.8850056363341345f,0.955670892038087f,-0.6201278063536309f,0.7819030039156797f,0.0637902520348555f,0.4230865823701764f,0f,0f,0f,1f],start_interpolation:0}
execute if entity @s[tag=aj.tutankhamen.bone.cape_left_side] run data modify entity @s {} merge value {transformation:[-0.6764975793001429f,-0.5741560744248063f,0.4611895785923f,0.4211183411367777f,0.39723107757082754f,0.2428425306010727f,0.8850056363341345f,0.7829778316258784f,-0.6201278063536309f,0.7819030039156797f,0.0637902520348555f,0.5120077706085743f,0f,0f,0f,1f],start_interpolation:0}
execute if entity @s[tag=aj.tutankhamen.bone.left_arm] run data modify entity @s {} merge value {transformation:[-0.6764975793001429f,-0.5741560744248063f,0.4611895785923f,0.22066946485531527f,0.39723107757082754f,0.2428425306010727f,0.8850056363341345f,0.9256437369121635f,-0.6201278063536309f,0.7819030039156797f,0.0637902520348555f,0.560307509082568f,0f,0f,0f,1f],start_interpolation:0}
execute if entity @s[tag=aj.tutankhamen.bone.cape_right_back] run data modify entity @s {} merge value {transformation:[-0.5899186415164299f,0.2061314475009186f,0.7807085389199903f,-0.1419388651257657f,0.7975551967330748f,-0.002247775910179578f,0.6032417887278068f,1.3063801063988099f,0.1261019609501619f,0.9785217288617734f,-0.16307520225310207f,0.1451672688051735f,0f,0f,0f,1f],start_interpolation:0}
execute if entity @s[tag=aj.tutankhamen.bone.cape_right] run data modify entity @s {} merge value {transformation:[-0.5899186415164299f,0.2061314475009186f,0.7807085389199903f,-0.42929078759270545f,0.7975551967330748f,-0.002247775910179578f,0.6032417887278068f,1.2801876587064012f,0.1261019609501619f,0.9785217288617734f,-0.16307520225310207f,0.20563950076691181f,0f,0f,0f,1f],start_interpolation:0}
execute if entity @s[tag=aj.tutankhamen.bone.weapon] run data modify entity @s {} merge value {transformation:[-0.9647627783133281f,-0.45618807208624546f,1.239238838189997f,-0.3674909763373805f,1.3043350613238829f,-0.5688740382286162f,0.8060273258654453f,1.2743986475921754f,0.20622924863724396f,1.4638519204915548f,0.6994245674058186f,-0.2864312246416676f,0f,0f,0f,1f],start_interpolation:0}
execute if entity @s[tag=aj.tutankhamen.bone.right_hand] run data modify entity @s {} merge value {transformation:[-0.5899186415164299f,0.2061314475009186f,0.7807085389199903f,-0.2349345372932684f,0.7975551967330748f,-0.002247775910179578f,0.6032417887278068f,1.293882066490003f,0.1261019609501619f,0.9785217288617734f,-0.16307520225310207f,0.0369849391179633f,0f,0f,0f,1f],start_interpolation:0}
execute if entity @s[tag=aj.tutankhamen.bone.right_arm] run data modify entity @s {} merge value {transformation:[-0.5899186415164299f,0.2061314475009186f,0.7807085389199903f,-0.16849028770460708f,0.7975551967330748f,-0.002247775910179578f,0.6032417887278068f,1.2479676307398622f,0.1261019609501619f,0.9785217288617734f,-0.16307520225310207f,0.3422418756593929f,0f,0f,0f,1f],start_interpolation:0}
execute if entity @s[tag=aj.tutankhamen.bone.body] run data modify entity @s {} merge value {transformation:[-0.7071067811865475f,-1.014321039799772e-16f,0.7071067811865476f,7.607407798498291e-17f,0.5856654229137532f,0.5603499128281446f,0.5856654229137531f,0.32973756537889154f,-0.39622722319807197f,0.8282559840976041f,-0.3962272231980717f,-0.6211919880732031f,0f,0f,0f,1f],start_interpolation:0}
execute if entity @s[tag=aj.tutankhamen.bone.left_foot] run data modify entity @s {} merge value {transformation:[-0.984807753012208f,0.16042999720436035f,0.06645228065352385f,0.05433711850472385f,0.09730374121843059f,0.19287100994129047f,0.9763876051390263f,0.6275563216858504f,0.1438251422802789f,0.9680201390060206f,-0.20555130485312417f,-0.479769345517493f,0f,0f,0f,1f],start_interpolation:0}
execute if entity @s[tag=aj.tutankhamen.bone.left_leg] run data modify entity @s {} merge value {transformation:[-0.984807753012208f,0.16042999720436035f,0.06645228065352385f,0.09375f,0.09730374121843059f,0.19287100994129047f,0.9763876051390263f,0.714978130448241f,0.1438251422802789f,0.9680201390060206f,-0.20555130485312417f,-0.051765999006100245f,0f,0f,0f,1f],start_interpolation:0}
execute if entity @s[tag=aj.tutankhamen.bone.right_foot] run data modify entity @s {} merge value {transformation:[-0.9738967917112752f,0.18525611245038734f,0.13116863914158133f,-0.19398817915852706f,0.12719454136680514f,-0.03322899569453572f,0.9913210289767994f,0.29338872294161644f,0.18800688216385344f,0.9821283045737464f,0.008798046040171814f,-0.11957080279754481f,0f,0f,0f,1f],start_interpolation:0}
execute if entity @s[tag=aj.tutankhamen.bone.right_leg] run data modify entity @s {} merge value {transformation:[-0.9738967917112752f,0.15955178152582794f,-0.16145670660093198f,-0.09375f,0.12719454136680514f,0.9727182558270565f,0.19401222494280412f,0.714978130448241f,0.18800688216385344f,0.1684114716778628f,-0.9676213042643921f,-0.05176599900610027f,0f,0f,0f,1f],start_interpolation:0}