execute if entity @s[tag=aj.tutankhamen.bone.head] run data modify entity @s {} merge value {transformation:[-1f,1.1102230246251565e-16f,3.3306690738754696e-16f,-6.223327208657432e-17f,1.6653345369377348e-16f,0.9756877878061051f,0.21916509924262373f,1.213050987693984f,-2.220446049250313e-16f,0.21916509924262373f,-0.975687787806105f,0.5081732310891888f,0f,0f,0f,1f],start_interpolation:0}
execute if entity @s[tag=aj.tutankhamen.bone.back_cape] run data modify entity @s {} merge value {transformation:[-0.7071067811865474f,-0.48656111682708447f,0.5130870097673302f,0.11048543456039803f,0.5226658003209366f,0.12907523783048136f,0.8427099406995742f,1.2947175189941302f,-0.47625671772151956f,0.8640589462363f,0.16303887957827706f,0.43375811894520144f,0f,0f,0f,1f],start_interpolation:0}
execute if entity @s[tag=aj.tutankhamen.bone.left_hand] run data modify entity @s {} merge value {transformation:[-0.5559898823323415f,-0.36293755126572735f,0.7477643911188246f,0.48841639964534644f,-0.005180115112695394f,0.9011276674814364f,0.43352288671635936f,0.9034448815053143f,-0.8311729165170677f,0.23716083315063544f,-0.5028979241036975f,0.39569140445299933f,0f,0f,0f,1f],start_interpolation:0}
execute if entity @s[tag=aj.tutankhamen.bone.cape_left_back] run data modify entity @s {} merge value {transformation:[-0.5559898823323415f,-0.7634613542284467f,0.32863659465089273f,0.39614883370958576f,-0.005180115112695394f,0.3985562881008952f,0.9171292447755963f,1.0104231167191293f,-0.8311729165170677f,0.5082122054957972f,-0.2255480814230293f,0.4191470214098763f,0f,0f,0f,1f],start_interpolation:0}
execute if entity @s[tag=aj.tutankhamen.bone.cape_left_side] run data modify entity @s {} merge value {transformation:[-0.5559898823323415f,-0.7634613542284467f,0.32863659465089273f,0.4419426784926525f,-0.005180115112695394f,0.3985562881008952f,0.9171292447755963f,0.8965913541085384f,-0.8311729165170677f,0.5082122054957972f,-0.2255480814230293f,0.5772112997935468f,0f,0f,0f,1f],start_interpolation:0}
execute if entity @s[tag=aj.tutankhamen.bone.left_arm] run data modify entity @s {} merge value {transformation:[-0.5559898823323415f,-0.7634613542284467f,0.32863659465089273f,0.22066946485531524f,-0.005180115112695394f,0.3985562881008952f,0.9171292447755963f,1.0043184387896273f,-0.8311729165170677f,0.5082122054957972f,-0.2255480814230293f,0.5292611441834626f,0f,0f,0f,1f],start_interpolation:0}
execute if entity @s[tag=aj.tutankhamen.bone.cape_right_back] run data modify entity @s {} merge value {transformation:[-0.5079637139062645f,0.18621437011333936f,0.8410095562583382f,-0.13239399606135838f,0.8440153824041503f,-0.08744774922124213f,0.5291416874725661f,1.36011127866155f,0.1720781788017608f,0.9786097789821186f,-0.11274750933319233f,0.07477301110804778f,0f,0f,0f,1f],start_interpolation:0}
execute if entity @s[tag=aj.tutankhamen.bone.cape_right] run data modify entity @s {} merge value {transformation:[-0.5079637139062645f,0.18621437011333936f,0.8410095562583382f,-0.42201571542379673f,0.8440153824041503f,-0.08744774922124213f,0.5291416874725661f,1.3597032602940569f,0.1720781788017608f,0.9786097789821186f,-0.11274750933319233f,0.129847103879121f,0f,0f,0f,1f],start_interpolation:0}
execute if entity @s[tag=aj.tutankhamen.bone.weapon] run data modify entity @s {} merge value {transformation:[-0.8307323237842035f,-0.5394346355735001f,1.301338447051686f,-0.3517937488855488f,1.3803168233067875f,-0.6135040035107309f,0.6268380800363643f,1.3797980173651567f,0.2814195215820463f,1.4167606661786958f,0.766928902345284f,-0.3607152308743277f,0f,0f,0f,1f],start_interpolation:0}
execute if entity @s[tag=aj.tutankhamen.bone.right_hand] run data modify entity @s {} merge value {transformation:[-0.5079637139062645f,0.18621437011333936f,0.8410095562583382f,-0.22410775565124275f,0.8440153824041503f,-0.08744774922124213f,0.5291416874725661f,1.3643463725472993f,0.1720781788017608f,0.9786097789821186f,-0.11274750933319233f,-0.035129048843837496f,0f,0f,0f,1f],start_interpolation:0}
execute if entity @s[tag=aj.tutankhamen.bone.right_arm] run data modify entity @s {} merge value {transformation:[-0.5079637139062645f,0.18621437011333936f,0.8410095562583382f,-0.16849028770460706f,0.8440153824041503f,-0.08744774922124213f,0.5291416874725661f,1.2919701753252566f,0.1720781788017608f,0.9786097789821186f,-0.11274750933319233f,0.2671508783018356f,0f,0f,0f,1f],start_interpolation:0}
execute if entity @s[tag=aj.tutankhamen.bone.body] run data modify entity @s {} merge value {transformation:[-0.7071067811865474f,-9.05211230350172e-17f,0.7071067811865477f,6.78908422762629e-17f,0.5226658003209366f,0.6735287093730675f,0.5226658003209365f,0.24485346797019936f,-0.47625671772151956f,0.7391610634024564f,-0.4762567177215193f,-0.5543707975518423f,0f,0f,0f,1f],start_interpolation:0}
execute if entity @s[tag=aj.tutankhamen.bone.left_foot] run data modify entity @s {} merge value {transformation:[-0.984807753012208f,0.16042999720436035f,0.06645228065352386f,0.05433711850472385f,0.11695703298899274f,0.3299411780046214f,0.9367282805015201f,0.5599002830062554f,0.12835397166218682f,0.9302693346842793f,-0.34369204661238656f,-0.457201462001469f,0f,0f,0f,1f],start_interpolation:0}
execute if entity @s[tag=aj.tutankhamen.bone.left_leg] run data modify entity @s {} merge value {transformation:[-0.984807753012208f,0.16042999720436035f,0.06645228065352386f,0.09375f,0.11695703298899274f,0.3299411780046214f,0.9367282805015201f,0.7079044556641833f,0.12835397166218682f,0.9302693346842793f,-0.34369204661238656f,-0.04619756646265351f,0f,0f,0f,1f],start_interpolation:0}
execute if entity @s[tag=aj.tutankhamen.bone.right_foot] run data modify entity @s {} merge value {transformation:[-0.9824178281764752f,0.16265170078234803f,0.09164952325913739f,-0.1673464441507596f,0.12574478125457098f,0.21361357434996142f,0.9687917685657087f,0.28460516422900883f,0.13799804661029716f,0.9632827544838759f,-0.23031038631746345f,0.04202989966237705f,0f,0f,0f,1f],start_interpolation:0}
execute if entity @s[tag=aj.tutankhamen.bone.right_leg] run data modify entity @s {} merge value {transformation:[-0.9824178281764752f,0.09804774176055943f,-0.1588768429214034f,-0.09375f,0.12574478125457098f,0.9765230076557252f,-0.1749030174303941f,0.7079044556641833f,0.13799804661029716f,-0.1918057763850487f,-0.9716826041856832f,-0.046197566462653536f,0f,0f,0f,1f],start_interpolation:0}