execute if entity @s[tag=aj.tutankhamen.bone.head] run data modify entity @s {} merge value {transformation:[-1f,-5.551115123125783e-17f,2.220446049250313e-16f,-7.48704994810556e-17f,1.1102230246251565e-16f,0.8847437209692485f,0.46607783492190313f,1.0644682503098764f,-2.498001805406602e-16f,0.4660778349219031f,-0.8847437209692482f,0.6113640237592044f,0f,0f,0f,1f],start_interpolation:0}
execute if entity @s[tag=aj.tutankhamen.bone.back_cape] run data modify entity @s {} merge value {transformation:[-0.7071067811865475f,-0.4039606987602202f,0.5803582978274323f,0.11048543456039799f,0.6287994865070938f,0.01619339532415215f,0.7773988549749034f,1.1627181700766096f,-0.32343655601742877f,0.9146330017034321f,0.2425598203053308f,0.5608270618814811f,0f,0f,0f,1f],start_interpolation:0}
execute if entity @s[tag=aj.tutankhamen.bone.left_hand] run data modify entity @s {} merge value {transformation:[-0.7070509510076518f,-0.20935013988456624f,0.6754638936386516f,0.38648839292969406f,0.6344976508890942f,0.23393390958234322f,0.7366733719659896f,0.8512187816973692f,-0.31223658289091694f,0.949445862004692f,-0.032571021273073264f,0.308631257276966f,0f,0f,0f,1f],start_interpolation:0}
execute if entity @s[tag=aj.tutankhamen.bone.cape_left_back] run data modify entity @s {} merge value {transformation:[-0.7070509510076518f,-0.39830118595862873f,0.5843244971273452f,0.35112568353633544f,0.6344976508890942f,0.0075202983657269296f,0.7728882041593801f,0.9202923833433305f,-0.31223658289091694f,0.9172238605577377f,0.24740393272574168f,0.42898959242670087f,0f,0f,0f,1f],start_interpolation:0}
execute if entity @s[tag=aj.tutankhamen.bone.cape_left_side] run data modify entity @s {} merge value {transformation:[-0.7070509510076518f,-0.39830118595862873f,0.5843244971273452f,0.3885618324903629f,0.6344976508890942f,0.0075202983657269296f,0.7728882041593801f,0.724541099871987f,-0.31223658289091694f,0.9172238605577377f,0.24740393272574168f,0.44685106691268894f,0f,0f,0f,1f],start_interpolation:0}
execute if entity @s[tag=aj.tutankhamen.bone.left_arm] run data modify entity @s {} merge value {transformation:[-0.7070509510076518f,-0.39830118595862873f,0.5843244971273452f,0.22066946485531527f,0.6344976508890942f,0.0075202983657269296f,0.7728882041593801f,0.8574610771547213f,-0.31223658289091694f,0.9172238605577377f,0.24740393272574168f,0.577275795393786f,0f,0f,0f,1f],start_interpolation:0}
execute if entity @s[tag=aj.tutankhamen.bone.cape_right_back] run data modify entity @s {} merge value {transformation:[-0.6427213632095352f,0.2035973616157183f,0.7385508537786651f,-0.14549861870204206f,0.7622449355007479f,0.07335777872038289f,0.6431184141390076f,1.251059311391789f,0.0767587622199416f,0.9763025917431183f,-0.20233966931408354f,0.19885336759822922f,0f,0f,0f,1f],start_interpolation:0}
execute if entity @s[tag=aj.tutankhamen.bone.cape_right] run data modify entity @s {} merge value {transformation:[-0.6427213632095352f,0.2035973616157183f,0.7385508537786651f,-0.4305615451481982f,0.7622449355007479f,0.07335777872038289f,0.6431184141390076f,1.209380479029029f,0.0767587622199416f,0.9763025917431183f,-0.20233966931408354f,0.261431841523616f,0f,0f,0f,1f],start_interpolation:0}
execute if entity @s[tag=aj.tutankhamen.bone.weapon] run data modify entity @s {} merge value {transformation:[-1.0511172294155942f,-0.4200374267897863f,1.1803850235125029f,-0.36739831110224974f,1.2465880716001816f,-0.5049944147464069f,0.9303690098182475f,1.1767773130477108f,0.12553255904719615f,1.4977105443916259f,0.6447420999502929f,-0.2294182043741626f,0f,0f,0f,1f],start_interpolation:0}
execute if entity @s[tag=aj.tutankhamen.bone.right_hand] run data modify entity @s {} merge value {transformation:[-0.6427213632095352f,0.2035973616157183f,0.7385508537786651f,-0.23719275986547142f,0.7622449355007479f,0.07335777872038289f,0.6431184141390076f,1.2255148424024516f,0.0767587622199416f,0.9763025917431183f,-0.20233966931408354f,0.09186048428184285f,0f,0f,0f,1f],start_interpolation:0}
execute if entity @s[tag=aj.tutankhamen.bone.right_arm] run data modify entity @s {} merge value {transformation:[-0.6427213632095352f,0.2035973616157183f,0.7385508537786651f,-0.16849028770460708f,0.7622449355007479f,0.07335777872038289f,0.6431184141390076f,1.203524018551333f,0.0767587622199416f,0.9763025917431183f,-0.20233966931408354f,0.399270869606814f,0f,0f,0f,1f],start_interpolation:0}
execute if entity @s[tag=aj.tutankhamen.bone.body] run data modify entity @s {} merge value {transformation:[-0.7071067811865475f,-1.0890254469971724e-16f,0.7071067811865476f,8.167690852478793e-17f,0.6287994865070938f,0.45740836408709284f,0.6287994865070937f,0.4069437269346804f,-0.32343655601742877f,0.88925676183157f,-0.3234365560174285f,-0.6669425713736775f,0f,0f,0f,1f],start_interpolation:0}
execute if entity @s[tag=aj.tutankhamen.bone.left_foot] run data modify entity @s {} merge value {transformation:[-0.984807753012208f,0.16042999720436033f,0.06645228065352383f,0.054337118504723864f,0.07942812887333546f,0.07586630062633443f,0.9939494337102646f,0.6857383416932437f,0.15441781617004752f,0.9841272887316374f,-0.08745637554226593f,-0.4909597931898784f,0f,0f,0f,1f],start_interpolation:0}
execute if entity @s[tag=aj.tutankhamen.bone.left_leg] run data modify entity @s {} merge value {transformation:[-0.984807753012208f,0.16042999720436033f,0.06645228065352383f,0.09375f,0.07942812887333546f,0.07586630062633443f,0.9939494337102646f,0.7214119772445567f,0.15441781617004752f,0.9841272887316374f,-0.08745637554226593f,-0.05557854761447311f,0f,0f,0f,1f],start_interpolation:0}
execute if entity @s[tag=aj.tutankhamen.bone.right_foot] run data modify entity @s {} merge value {transformation:[-0.9655635052852647f,0.1987148874338735f,0.1679270995800721f,-0.21766103454377492f,0.1190027810741047f,-0.2366418855716811f,0.9642815751064147f,0.3453079529896733f,0.23135569013504118f,0.9510588896094829f,0.20484514428444828f,-0.24419093044649576f,0f,0f,0f,1f],start_interpolation:0}
execute if entity @s[tag=aj.tutankhamen.bone.right_leg] run data modify entity @s {} merge value {transformation:[-0.9655635052852647f,0.21425640000825233f,-0.14758493255321237f,-0.09375f,0.1190027810741047f,0.8681665398021696f,0.48179372895935096f,0.7214119772445567f,0.23135569013504118f,0.4476394243399832f,-0.8637670348066702f,-0.05557854761447314f,0f,0f,0f,1f],start_interpolation:0}