execute if entity @s[tag=aj.red_knight.bone.head] run data modify entity @s {} merge value {transformation:[-0.7615441951354549f,-0.547599795137451f,0.3466769435957834f,0f,-0.3491460676525768f,0.797278055257808f,0.49238676469526466f,1.625f,-0.5460288108682861f,0.2539333908129239f,-0.798354790010066f,0f,0f,0f,0f,1f],start_interpolation:0}
execute if entity @s[tag=aj.red_knight.bone.body] run data modify entity @s {} merge value {transformation:[0.221448381352443f,0f,0.9751720947588599f,-0.5913899761383876f,0f,1f,0f,0.625f,-0.9751720947588599f,0f,0.221448381352443f,0.3463877287419941f,0f,0f,0f,1f],start_interpolation:0}
execute if entity @s[tag=aj.red_knight.bone.left_hand] run data modify entity @s {} merge value {transformation:[0.6450991152811645f,0.756230166202444f,0.10937580714619954f,-0.31617691171018825f,0.058581632000586414f,0.0937733277360806f,-0.9938685805464671f,1.4010216139209652f,-0.761849935259961f,0.6475511553002784f,0.016191893455302364f,0.20156925831246475f,0f,0f,0f,1f],start_interpolation:0}
execute if entity @s[tag=aj.red_knight.bone.left_arm] run data modify entity @s {} merge value {transformation:[0.6450991152811645f,0.6391530749286822f,0.4187248240463767f,-0.07612288108990228f,0.058581632000586414f,0.505014509052794f,-0.8611205130748618f,1.5625f,-0.761849935259961f,0.5800376646868509f,0.28834178276659367f,0.3352154075733581f,0f,0f,0f,1f],start_interpolation:0}
execute if entity @s[tag=aj.red_knight.bone.weapon] run data modify entity @s {} merge value {transformation:[0.23805221516026598f,-0.022318386287572267f,-1.6494274189149964f,-0.3624107880354559f,-1.333210977945069f,-0.9839966573508329f,-0.17910009599919f,1.6499971559504194f,-0.9714203049771102f,1.345001950085458f,-0.15839862096076407f,-0.7763091830271032f,0f,0f,0f,1f],start_interpolation:0}
execute if entity @s[tag=aj.red_knight.bone.right_hand] run data modify entity @s {} merge value {transformation:[0.2707765727633511f,0.7287315278769082f,-0.628991580166794f,-0.1346821855739221f,-0.7790757120169866f,-0.21790302072236956f,-0.587842928430114f,1.5819024619746789f,-0.5654388407137938f,0.6492061566546128f,0.508734000803944f,-0.5734322590725367f,0f,0f,0f,1f],start_interpolation:0}
execute if entity @s[tag=aj.red_knight.bone.right_arm] run data modify entity @s {} merge value {transformation:[0.2707765727633511f,0.7287315278769082f,-0.628991580166794f,0.07612288108990228f,-0.7790757120169866f,-0.21790302072236956f,-0.587842928430114f,1.5625f,-0.5654388407137938f,0.6492061566546128f,0.508734000803944f,-0.3352154075733581f,0f,0f,0f,1f],start_interpolation:0}
execute if entity @s[tag=aj.red_knight.bone.left_foot] run data modify entity @s {} merge value {transformation:[-0.4161977407267832f,0.08349727149997299f,0.9054322980024408f,-0.3693451312102063f,-0.17364817766693033f,0.9701487806330847f,-0.16928571655367947f,0.8850984783206786f,-0.89253893528903f,-0.22768300131586094f,-0.38927458163220235f,0.31426584363887233f,0f,0f,0f,1f],start_interpolation:0}
execute if entity @s[tag=aj.red_knight.bone.left_leg] run data modify entity @s {} merge value {transformation:[-0.4161977407267832f,0.8084969061729261f,0.4160675345694829f,0.08114940106248272f,-0.17364817766693033f,0.3784864346326271f,-0.9091723319547489f,0.90625f,-0.89253893528903f,-0.45064483965523083f,-0.01713118458355492f,0.1000816527001844f,0f,0f,0f,1f],start_interpolation:0}
execute if entity @s[tag=aj.red_knight.bone.right_foot] run data modify entity @s {} merge value {transformation:[-0.2247807978689771f,-0.40460142664636445f,0.8864374080921409f,0.012795324851954532f,-0.39643433623719954f,0.8689972396792082f,0.2961141916256089f,0.44801291721471964f,-0.8901198851624185f,-0.2848534412388999f,-0.3557317908942067f,0.06817115808169799f,0f,0f,0f,1f],start_interpolation:0}
execute if entity @s[tag=aj.red_knight.bone.right_leg] run data modify entity @s {} merge value {transformation:[-0.2247807978689771f,-0.40460142664636445f,0.8864374080921409f,-0.024505164372692095f,-0.39643433623719954f,0.8689972396792082f,0.2961141916256089f,0.90625f,-0.8901198851624185f,-0.2848534412388999f,-0.3557317908942067f,-0.1264952940589781f,0f,0f,0f,1f],start_interpolation:0}