execute if entity @s[tag=aj.red_knight.bone.head] run data modify entity @s {} merge value {transformation:[-0.7384961846357481f,-0.5652172622475817f,0.36763138023812836f,0f,-0.3491349061492882f,0.7870074826697726f,0.5086492303443654f,1.625f,-0.5768259725312053f,0.24728256849025132f,-0.7785390990401788f,0f,0f,0f,0f,1f],start_interpolation:0}
execute if entity @s[tag=aj.red_knight.bone.body] run data modify entity @s {} merge value {transformation:[0.26129739368709043f,0f,0.9652583447203829f,-0.605112325651015f,0f,1f,0f,0.625f,-0.9652583447203829f,0f,0.26129739368709043f,0.3218161522441343f,0f,0f,0f,1f],start_interpolation:0}
execute if entity @s[tag=aj.red_knight.bone.left_hand] run data modify entity @s {} merge value {transformation:[0.7006557037455725f,0.7033524439939605f,0.11990381285229676f,-0.31698079058255624f,0.07875812833874851f,0.0907828839903494f,-0.9927515425296362f,1.4007550651243372f,-0.7091394376491647f,0.7050204305565314f,0.008212823418862258f,0.17753670301443775f,0f,0f,0f,1f],start_interpolation:0}
execute if entity @s[tag=aj.red_knight.bone.left_arm] run data modify entity @s {} merge value {transformation:[0.7006557037455725f,0.5867802560592659f,0.405919346555222f,-0.08982097907993733f,0.07875812833874851f,0.5018321659343714f,-0.8613719489594462f,1.5625f,-0.7091394376491647f,0.6354946170760533f,0.3053978546715526f,0.3318075559976316f,0f,0f,0f,1f],start_interpolation:0}
execute if entity @s[tag=aj.red_knight.bone.weapon] run data modify entity @s {} merge value {transformation:[0.2781366780886729f,-0.126449534524551f,-1.6384224978002777f,-0.3175341168025517f,-1.3292437888541395f,-0.9943412619932356f,-0.14890998041826994f,1.6612372533788151f,-0.9661928978585321f,1.3315681536046142f,-0.2667870203205322f,-0.7996152415413555f,0f,0f,0f,1f],start_interpolation:0}
execute if entity @s[tag=aj.red_knight.bone.right_hand] run data modify entity @s {} merge value {transformation:[0.29375319856878157f,0.6811434732688607f,-0.6706359870703652f,-0.10467678140603279f,-0.7790885855422822f,-0.23588846396033247f,-0.5808421545034079f,1.5875221083912112f,-0.5538321354059693f,0.6931090833293615f,0.4613781143465696f,-0.5830186530009301f,0f,0f,0f,1f],start_interpolation:0}
execute if entity @s[tag=aj.red_knight.bone.right_arm] run data modify entity @s {} merge value {transformation:[0.29375319856878157f,0.6811434732688607f,-0.6706359870703652f,0.08982097907993733f,-0.7790885855422822f,-0.23588846396033247f,-0.5808421545034079f,1.5625f,-0.5538321354059693f,0.6931090833293615f,0.4613781143465696f,-0.3318075559976316f,0f,0f,0f,1f],start_interpolation:0}
execute if entity @s[tag=aj.red_knight.bone.left_foot] run data modify entity @s {} merge value {transformation:[-0.4161977407267832f,0.08351192159081416f,0.9054309468789604f,-0.3693460383969098f,-0.1736481776669303f,0.9701460414244609f,-0.1693014137607889f,0.8851064264868788f,-0.89253893528903f,-0.22768929983786534f,-0.3892708976181845f,0.31426472030914365f,0f,0f,0f,1f],start_interpolation:0}
execute if entity @s[tag=aj.red_knight.bone.left_leg] run data modify entity @s {} merge value {transformation:[-0.4161977407267832f,0.8085036381350117f,0.4160544528500702f,0.08114940106248272f,-0.1736481776669303f,0.37847172396670714f,-0.9091784558328594f,0.90625f,-0.89253893528903f,-0.45064511678272806f,-0.0171238930446862f,0.1000816527001844f,0f,0f,0f,1f],start_interpolation:0}
execute if entity @s[tag=aj.red_knight.bone.right_foot] run data modify entity @s {} merge value {transformation:[-0.22479175670954382f,-0.40458712573632205f,0.8864411564248689f,0.012787977055684518f,-0.3964164023182222f,0.8690089272474717f,0.2961039012530498f,0.4480092073248797f,-0.8901251047400666f,-0.28483809796552867f,-0.3557310161608983f,0.06816383276501783f,0f,0f,0f,1f],start_interpolation:0}
execute if entity @s[tag=aj.red_knight.bone.right_leg] run data modify entity @s {} merge value {transformation:[-0.22479175670954382f,-0.40458712573632205f,0.8864411564248689f,-0.024505164372692095f,-0.3964164023182222f,0.8690089272474717f,0.2961039012530498f,0.90625f,-0.8901251047400666f,-0.28483809796552867f,-0.3557310161608983f,-0.1264952940589781f,0f,0f,0f,1f],start_interpolation:0}