execute if entity @s[tag=aj.red_knight.bone.head] run data modify entity @s {} merge value {transformation:[-0.7443764253075228f,-0.5607986866924175f,0.3625032006071862f,0f,-0.3491376965318168f,0.7896063908891068f,0.5046034248075771f,1.625f,-0.5692157818497753f,0.24905136111079348f,-0.7835603443398665f,0f,0f,0f,0f,1f],start_interpolation:0}
execute if entity @s[tag=aj.red_knight.bone.body] run data modify entity @s {} merge value {transformation:[0.2513738345111028f,0f,0.9678900739873225f,-0.6017765219207407f,0f,1f,0f,0.625f,-0.9678900739873225f,0f,0.2513738345111028f,0.3280115549260061f,0f,0f,0f,1f],start_interpolation:0}
execute if entity @s[tag=aj.red_knight.bone.left_hand] run data modify entity @s {} merge value {transformation:[0.6871559736989603f,0.7169852051853169f,0.11725563250949889f,-0.3169366611753305f,0.07380226775342752f,0.09167150245663541f,-0.993050633609281f,1.4007736304147067f,-0.7227516123014082f,0.6910344066562185f,0.010077486442703065f,0.18349952180833912f,0f,0f,0f,1f],start_interpolation:0}
execute if entity @s[tag=aj.red_knight.bone.left_arm] run data modify entity @s {} merge value {transformation:[0.6871559736989603f,0.6002549030590524f,0.40928073392648395f,-0.08640975561319159f,0.07380226775342752f,0.5027639291222527f,-0.8612674711423891f,1.5625f,-0.7227516123014082f,0.6220309340596513f,0.3011770641808448f,0.3327122129331421f,0f,0f,0f,1f],start_interpolation:0}
execute if entity @s[tag=aj.red_knight.bone.weapon] run data modify entity @s {} merge value {transformation:[0.26809695436619885f,-0.10051926422041632f,-1.6418884488167682f,-0.3289167614785572f,-1.330239435951708f,-0.9918430897777105f,-0.1564867600689096f,1.6584399679301365f,-0.967659466897435f,1.3356350326936504f,-0.23977488055044682f,-0.7940479439945911f,0f,0f,0f,1f],start_interpolation:0}
execute if entity @s[tag=aj.red_knight.bone.right_hand] run data modify entity @s {} merge value {transformation:[0.2880540831959684f,0.693327835666395f,-0.6605462568543423f,-0.1122518128328088f,-0.7790853671908291f,-0.2314124854073012f,-0.5826441900737934f,1.5861235662403548f,-0.5568220862926156f,0.6824549610690569f,0.47350226010967544f,-0.5807807686605109f,0f,0f,0f,1f],start_interpolation:0}
execute if entity @s[tag=aj.red_knight.bone.right_arm] run data modify entity @s {} merge value {transformation:[0.2880540831959684f,0.693327835666395f,-0.6605462568543423f,0.08640975561319159f,-0.7790853671908291f,-0.2314124854073012f,-0.5826441900737934f,1.5625f,-0.5568220862926156f,0.6824549610690569f,0.47350226010967544f,-0.3327122129331421f,0f,0f,0f,1f],start_interpolation:0}
execute if entity @s[tag=aj.red_knight.bone.left_foot] run data modify entity @s {} merge value {transformation:[-0.4161977407267832f,0.08350825907015352f,0.9054312846820531f,-0.36934581161129076f,-0.17364817766693033f,0.970146726250428f,-0.1692974894631668f,0.8851044394448098f,-0.89253893528903f,-0.2276877252129526f,-0.38927181863124316f,0.31426500114683265f,0f,0f,0f,1f],start_interpolation:0}
execute if entity @s[tag=aj.red_knight.bone.left_leg] run data modify entity @s {} merge value {transformation:[-0.4161977407267832f,0.808501955164334f,0.41605772329013496f,0.08114940106248272f,-0.17364817766693033f,0.3784754016424763f,-0.9091769248856465f,0.90625f,-0.89253893528903f,-0.4506450475119143f,-0.017125715929823676f,0.1000816527001844f,0f,0f,0f,1f],start_interpolation:0}
execute if entity @s[tag=aj.red_knight.bone.right_foot] run data modify entity @s {} merge value {transformation:[-0.22478901701481746f,-0.40459070097670446f,0.8864402193677197f,0.012789814006311295f,-0.39642088582061774f,0.8690060054059398f,0.2961064738461635f,0.44801013477365637f,-0.8901237998810666f,-0.2848419338011713f,-0.3557312098111441f,0.06816566409661132f,0f,0f,0f,1f],start_interpolation:0}
execute if entity @s[tag=aj.red_knight.bone.right_leg] run data modify entity @s {} merge value {transformation:[-0.22478901701481746f,-0.40459070097670446f,0.8864402193677197f,-0.024505164372692095f,-0.39642088582061774f,0.8690060054059398f,0.2961064738461635f,0.90625f,-0.8901237998810666f,-0.2848419338011713f,-0.3557312098111441f,-0.1264952940589781f,0f,0f,0f,1f],start_interpolation:0}