execute if entity @s[tag=aj.red_knight.bone.head] run data modify entity @s {} merge value {transformation:[-0.7265029299263074f,-0.5740761778981519f,0.37766391776067265f,0f,-0.34912932537081764f,0.7817475456031133f,0.5167005797457807f,1.625f,-0.5918633347104789f,0.2435309362552478f,-0.7683687110444006f,0f,0f,0f,0f,1f],start_interpolation:0}
execute if entity @s[tag=aj.red_knight.bone.body] run data modify entity @s {} merge value {transformation:[0.28106084436119433f,0f,0.959689950852343f,-0.6115922462204814f,0f,1f,0f,0.625f,-0.959689950852343f,0f,0.28106084436119433f,0.3093242422814386f,0f,0f,0f,1f],start_interpolation:0}
execute if entity @s[tag=aj.red_knight.bone.left_hand] run data modify entity @s {} merge value {transformation:[0.7268428492910769f,0.675292230336813f,0.12521931193374963f,-0.3167619179966632f,0.08848524873100427f,0.08872815629057751f,-0.9921177727660598f,1.4008127633468117f,-0.6810799022078402f,0.7321937707519832f,0.004738024963119869f,0.1657138706877791f,0f,0f,0f,1f],start_interpolation:0}
execute if entity @s[tag=aj.red_knight.bone.left_arm] run data modify entity @s {} merge value {transformation:[0.7268428492910769f,0.559102638933793f,0.3988780660448725f,-0.09661466524916056f,0.08848524873100427f,0.4997021075440018f,-0.8616659239363568f,1.5625f,-0.6810799022078402f,0.6615905401782524f,0.31373256757182094f,0.3298934206054929f,0f,0f,0f,1f],start_interpolation:0}
execute if entity @s[tag=aj.red_knight.bone.weapon] run data modify entity @s {} merge value {transformation:[0.29824628478298576f,-0.1780541986009012f,-1.6300685978668248f,-0.29445890347829423f,-1.3272451530978415f,-0.9991607618534145f,-0.13370061080103487f,1.6668053520715649f,-0.9629367762055885f,1.3220258137082173f,-0.3205905343232909f,-0.8102194633847697f,0f,0f,0f,1f],start_interpolation:0}
execute if entity @s[tag=aj.red_knight.bone.right_hand] run data modify entity @s {} merge value {transformation:[0.3050577410864881f,0.6562234840725765f,-0.6901525291954371f,-0.0893890647056141f,-0.7790950221854472f,-0.24479806553304861f,-0.5771350392387685f,1.5903059565924873f,-0.5476775702994116f,0.7137539114169018f,0.4365829049882814f,-0.5871713660669879f,0f,0f,0f,1f],start_interpolation:0}
execute if entity @s[tag=aj.red_knight.bone.right_arm] run data modify entity @s {} merge value {transformation:[0.3050577410864881f,0.6562234840725765f,-0.6901525291954371f,0.09661466524916056f,-0.7790950221854472f,-0.24479806553304861f,-0.5771350392387685f,1.5625f,-0.5476775702994116f,0.7137539114169018f,0.4365829049882814f,-0.3298934206054929f,0f,0f,0f,1f],start_interpolation:0}
execute if entity @s[tag=aj.red_knight.bone.left_foot] run data modify entity @s {} merge value {transformation:[-0.4161977407267832f,0.08351924662803661f,0.9054302712283294f,-0.3693464919460343f,-0.1736481776669303f,0.9701446717249049f,-0.1693092623477231f,0.8851104005720549f,-0.89253893528903f,-0.22769244907651448f,-0.3892690555729588f,0.31426415862325185f,0f,0f,0f,1f],start_interpolation:0}
execute if entity @s[tag=aj.red_knight.bone.left_leg] run data modify entity @s {} merge value {transformation:[-0.4161977407267832f,0.80850700403668f,0.4160479119495172f,0.08114940106248272f,-0.1736481776669303f,0.37846436859659005f,-0.9091815176826563f,0.90625f,-0.89253893528903f,-0.45064525530223465f,-0.017120247273570366f,0.1000816527001844f,0f,0f,0f,1f],start_interpolation:0}
execute if entity @s[tag=aj.red_knight.bone.right_foot] run data modify entity @s {} merge value {transformation:[-0.22479723606816568f,-0.40457997522981504f,0.886443030487101f,0.012784303151313209f,-0.3964074352681302f,0.8690147708294671f,0.2960987560668769f,0.44800735247469287f,-0.8901277143872426f,-0.2848304262596447f,-0.3557306289265692f,0.06816017009698444f,0f,0f,0f,1f],start_interpolation:0}
execute if entity @s[tag=aj.red_knight.bone.right_leg] run data modify entity @s {} merge value {transformation:[-0.22479723606816568f,-0.40457997522981504f,0.886443030487101f,-0.024505164372692095f,-0.3964074352681302f,0.8690147708294671f,0.2960987560668769f,0.90625f,-0.8901277143872426f,-0.2848304262596447f,-0.3557306289265692f,-0.1264952940589781f,0f,0f,0f,1f],start_interpolation:0}