execute if entity @s[tag=aj.red_knight.bone.head] run data modify entity @s {} merge value {transformation:[-0.44283551948352357f,0.6919221154509233f,-0.570210916094805f,0f,-0.050845578605833615f,0.6155648195653861f,0.7864443273682324f,1.625f,0.8951600023571182f,0.37725818621118423f,-0.2374127863377446f,0f,0f,0f,0f,1f],start_interpolation:0}
execute if entity @s[tag=aj.red_knight.bone.left_hand] run data modify entity @s {} merge value {transformation:[-0.874663505528119f,-0.4281101416496317f,-0.22734436151792775f,0.31776636790962276f,0.09964315207324678f,0.3001981169682439f,-0.9486581749047589f,1.3459622530184183f,0.4743785348665871f,-0.8524099935978301f,-0.21991409339189105f,-0.11496798377255885f,0f,0f,0f,1f],start_interpolation:0}
execute if entity @s[tag=aj.red_knight.bone.left_arm] run data modify entity @s {} merge value {transformation:[-0.874663505528119f,-0.2919196762051687f,-0.3869711290801052f,0.17187500000000008f,0.09964315207324678f,0.6729921599264121f,-0.7329070847812089f,1.5625f,0.4743785348665871f,-0.6796061030640115f,-0.5595538851048916f,-0.2976962325509007f,0f,0f,0f,1f],start_interpolation:0}
execute if entity @s[tag=aj.red_knight.bone.weapon] run data modify entity @s {} merge value {transformation:[-0.5652264005645988f,0.8320744792286435f,-1.3288901214543458f,0.3538253162312294f,-1.383252622094046f,0.400429413218976f,0.8390746368928278f,1.2216889998378078f,0.7381795698558128f,1.3874747290755478f,0.5547815575539616f,0.3426216116014048f,0f,0f,0f,1f],start_interpolation:0}
execute if entity @s[tag=aj.red_knight.bone.right_hand] run data modify entity @s {} merge value {transformation:[-0.4117752930070691f,-0.8822980352706742f,-0.2280159753755216f,0.07810718020914376f,-0.7503896569063966f,0.47025863456886774f,-0.4645128409649453f,1.368644823140579f,0.5170652481813518f,-0.020174081662671428f,-0.8557082070146487f,0.33631721108182f,0f,0f,0f,1f],start_interpolation:0}
execute if entity @s[tag=aj.red_knight.bone.right_arm] run data modify entity @s {} merge value {transformation:[-0.4117752930070691f,-0.8822980352706742f,-0.2280159753755216f,-0.17187500000000008f,-0.7503896569063966f,0.47025863456886774f,-0.4645128409649453f,1.5625f,0.5170652481813518f,-0.020174081662671428f,-0.8557082070146487f,0.2976962325509007f,0f,0f,0f,1f],start_interpolation:0}
execute if entity @s[tag=aj.red_knight.bone.left_foot] run data modify entity @s {} merge value {transformation:[-0.754406506735489f,-0.2809566552165381f,-0.5932404069891829f,0.3950193636295431f,-0.17364817766693033f,0.9569922817961891f,-0.23240499774203938f,0.9172874479474802f,0.6330222215594888f,-0.07231272690238144f,-0.7707488154644357f,0.27932801690385867f,0f,0f,0f,1f],start_interpolation:0}
execute if entity @s[tag=aj.red_knight.bone.left_leg] run data modify entity @s {} merge value {transformation:[-0.754406506735489f,-0.6512917853755114f,-0.0817913986769698f,0.07566844258716791f,-0.17364817766693033f,0.31818319114022664f,-0.9319902184405028f,0.90625f,0.6330222215594888f,-0.6888965576762599f,-0.35313510138994786f,-0.10428734005828547f,0f,0f,0f,1f],start_interpolation:0}
execute if entity @s[tag=aj.red_knight.bone.right_foot] run data modify entity @s {} merge value {transformation:[-0.7349346696456952f,-0.33260036955916894f,-0.590972102151935f,0.14163708509564765f,-0.031021942490082294f,0.8870400613384595f,-0.4606490732269024f,0.569624030708471f,0.6774279817345271f,-0.3202138718884088f,-0.6622344039789224f,0.3203313529949182f,0f,0f,0f,1f],start_interpolation:0}
execute if entity @s[tag=aj.red_knight.bone.right_leg] run data modify entity @s {} merge value {transformation:[-0.7349346696456952f,-0.33260036955916894f,-0.590972102151935f,-0.11584266819257662f,-0.031021942490082294f,0.8870400613384595f,-0.4606490732269024f,0.90625f,0.6774279817345271f,-0.3202138718884088f,-0.6622344039789224f,0.056409562363349326f,0f,0f,0f,1f],start_interpolation:0}