execute if entity @s[tag=aj.red_knight.bone.head] run data modify entity @s {} merge value {transformation:[-0.8037531520444425f,-0.5130107970675077f,0.3013316987487102f,0f,-0.34916839044452885f,0.8168070452665843f,0.4592468681627009f,1.625f,-0.4817284563869983f,0.2639056136103065f,-0.8356383915378515f,0f,0f,0f,0f,1f],start_interpolation:0}
execute if entity @s[tag=aj.red_knight.bone.body] run data modify entity @s {} merge value {transformation:[0.1406979445863516f,0f,0.9900525684978428f,-0.5609784457737738f,0f,1f,0f,0.625f,-0.9900525684978428f,0f,0.1406979445863516f,0.393738169190188f,0f,0f,0f,1f],start_interpolation:0}
execute if entity @s[tag=aj.red_knight.bone.left_hand] run data modify entity @s {} merge value {transformation:[0.5225789393588778f,0.8479066764875529f,0.08924976250042671f,-0.3093841784403427f,0.01564894156670754f,0.09512399148801781f,-0.9953424219188236f,1.4031277228996715f,-0.8524472785846594f,0.521541651463447f,0.036440952545016364f,0.25070957284376016f,0f,0f,0f,1f],start_interpolation:0}
execute if entity @s[tag=aj.red_knight.bone.left_arm] run data modify entity @s {} merge value {transformation:[0.5225789393588778f,0.7307458440923342f,0.4392286004808115f,-0.04836491845155836f,0.01564894156670754f,0.5068614984077097f,-0.8618854518204454f,1.5625f,-0.8524472785846594f,0.4572766479645264f,0.2534397452254371f,0.34033057042113346f,0f,0f,0f,1f],start_interpolation:0}
execute if entity @s[tag=aj.red_knight.bone.weapon] run data modify entity @s {} merge value {transformation:[0.15867651469507915f,0.18772158311997145f,-1.6484417334843624f,-0.446456998984998f,-1.3410117538989164f,-0.9605202638671203f,-0.2384660906363137f,1.6271387878117936f,-0.976876152522392f,1.3490512250131002f,0.05959490499597708f,-0.721780891085085f,0f,0f,0f,1f],start_interpolation:0}
execute if entity @s[tag=aj.red_knight.bone.right_hand] run data modify entity @s {} merge value {transformation:[0.22348968607263575f,0.8140640365057538f,-0.536052333906973f,-0.19206198757694995f,-0.7790499640105525f,-0.1813270568999248f,-0.6001680198170908f,1.570474082530567f,-0.5857759928456537f,0.5517429137777572f,0.5936718313190535f,-0.5493612305295359f,0f,0f,0f,1f],start_interpolation:0}
execute if entity @s[tag=aj.red_knight.bone.right_arm] run data modify entity @s {} merge value {transformation:[0.22348968607263575f,0.8140640365057538f,-0.536052333906973f,0.04836491845155836f,-0.7790499640105525f,-0.1813270568999248f,-0.6001680198170908f,1.5625f,-0.5857759928456537f,0.5517429137777572f,0.5936718313190535f,-0.34033057042113346f,0f,0f,0f,1f],start_interpolation:0}
execute if entity @s[tag=aj.red_knight.bone.left_foot] run data modify entity @s {} merge value {transformation:[-0.4161977407267832f,0.08346797125271471f,0.9054349995382757f,-0.36934331648298124f,-0.17364817766693033f,0.9701542582883773f,-0.16925432200650659f,0.885082582004892f,-0.89253893528903f,-0.22767040409303102f,-0.38928194935450117f,0.3142680901301094f,0f,0f,0f,1f],start_interpolation:0}
execute if entity @s[tag=aj.red_knight.bone.left_leg] run data modify entity @s {} merge value {transformation:[-0.4161977407267832f,0.8084834416137634f,0.4160936976815267f,0.08114940106248272f,-0.17364817766693033f,0.37851585566720125f,-0.9091600834844656f,0.90625f,-0.89253893528903f,-0.45064428504630005f,-0.017145767647836235f,0.1000816527001844f,0f,0f,0f,1f],start_interpolation:0}
execute if entity @s[tag=aj.red_knight.bone.right_foot] run data modify entity @s {} merge value {transformation:[-0.22475887969456262f,-0.4046300280545341f,0.8864299105936307f,0.012810020394590477f,-0.3964702033502904f,0.8689738629256025f,0.29613477237152575f,0.44802033775226785f,-0.8901094448739574f,-0.28488412723200807f,-0.35573334141942975f,0.06818580863749016f,0f,0f,0f,1f],start_interpolation:0}
execute if entity @s[tag=aj.red_knight.bone.right_leg] run data modify entity @s {} merge value {transformation:[-0.22475887969456262f,-0.4046300280545341f,0.8864299105936307f,-0.024505164372692095f,-0.3964702033502904f,0.8689738629256025f,0.29613477237152575f,0.90625f,-0.8901094448739574f,-0.28488412723200807f,-0.35573334141942975f,-0.1264952940589781f,0f,0f,0f,1f],start_interpolation:0}