execute if entity @s[tag=aj.red_knight.bone.head] run data modify entity @s {} merge value {transformation:[-0.44283551948352357f,0.6395919869895693f,-0.628346077303338f,0f,-0.05084557860583362f,0.6817655490643004f,0.7298016602100129f,1.625f,0.8951600023571182f,0.3551307171842331f,-0.2693895764357197f,0f,0f,0f,0f,1f],start_interpolation:0}
execute if entity @s[tag=aj.red_knight.bone.left_hand] run data modify entity @s {} merge value {transformation:[-0.8350537918978442f,-0.5185063843554989f,-0.183946443345936f,0.34662437687779135f,0.019928305193505302f,0.3056195992553813f,-0.951945126151237f,1.34897485056205f,0.5498072637653548f,-0.7985911281335198f,-0.24487585176428828f,-0.1382215767640806f,0f,0f,0f,1f],start_interpolation:0}
execute if entity @s[tag=aj.red_knight.bone.left_arm] run data modify entity @s {} merge value {transformation:[-0.8350537918978442f,-0.3921872476293633f,-0.3858423608598937f,0.17187500000000008f,0.019928305193505302f,0.6792948171627391f,-0.7335948568712538f,1.5625f,0.5498072637653548f,-0.6202803512708954f,-0.5594320857245392f,-0.2976962325509007f,0f,0f,0f,1f],start_interpolation:0}
execute if entity @s[tag=aj.red_knight.bone.weapon] run data modify entity @s {} merge value {transformation:[-0.5827110856889458f,0.6318620741261234f,-1.427927129679249f,0.3529935102295304f,-1.4195262116146672f,0.4205882854289243f,0.7653944123630945f,1.2199974645181708f,0.6505158744657188f,1.483790278718245f,0.39111799195014085f,0.33936528771119373f,0f,0f,0f,1f],start_interpolation:0}
execute if entity @s[tag=aj.red_knight.bone.right_hand] run data modify entity @s {} merge value {transformation:[-0.4243915020735695f,-0.8822287665746057f,-0.20387313799514856f,0.0772970206749661f,-0.7760914159077592f,0.47039491518015064f,-0.42001278305183554f,1.366995875511968f,0.46644824699212756f,-0.020025663557256046f,-0.8843217772265154f,0.3331072678495512f,0f,0f,0f,1f],start_interpolation:0}
execute if entity @s[tag=aj.red_knight.bone.right_arm] run data modify entity @s {} merge value {transformation:[-0.4243915020735695f,-0.8822287665746057f,-0.20387313799514856f,-0.17187500000000008f,-0.7760914159077592f,0.47039491518015064f,-0.42001278305183554f,1.5625f,0.46644824699212756f,-0.020025663557256046f,-0.8843217772265154f,0.2976962325509007f,0f,0f,0f,1f],start_interpolation:0}
execute if entity @s[tag=aj.red_knight.bone.left_foot] run data modify entity @s {} merge value {transformation:[-0.754406506735489f,-0.24598745905611102f,-0.6085729147622941f,0.3987585933101117f,-0.17364817766693033f,0.9688863511514225f,-0.1763676527752085f,0.8886872097505075f,0.6330222215594888f,-0.02737532720535829f,-0.7736494415898515f,0.2759387519310438f,0f,0f,0f,1f],start_interpolation:0}
execute if entity @s[tag=aj.red_knight.bone.left_leg] run data modify entity @s {} merge value {transformation:[-0.754406506735489f,-0.6454341558730122f,-0.11952227000709419f,0.07566844258716791f,-0.17364817766693033f,0.37183528733753446f,-0.9119127312871378f,0.90625f,0.6330222215594888f,-0.6671980736806017f,-0.39259342517263823f,-0.10428734005828547f,0f,0f,0f,1f],start_interpolation:0}
execute if entity @s[tag=aj.red_knight.bone.right_foot] run data modify entity @s {} merge value {transformation:[-0.7349346696456951f,-0.261743771339781f,-0.6255887063539441f,0.11437278352752987f,-0.031021942490082294f,0.9345203070751215f,-0.3545552633206319f,0.5291327919417704f,0.6774279817345272f,-0.24116797844873403f,-0.6949311733790879f,0.28889834768572414f,0f,0f,0f,1f],start_interpolation:0}
execute if entity @s[tag=aj.red_knight.bone.right_leg] run data modify entity @s {} merge value {transformation:[-0.7349346696456951f,-0.261743771339781f,-0.6255887063539441f,-0.11584266819257662f,-0.031021942490082294f,0.9345203070751215f,-0.3545552633206319f,0.90625f,0.6774279817345272f,-0.24116797844873403f,-0.6949311733790879f,0.056409562363349326f,0f,0f,0f,1f],start_interpolation:0}