execute if entity @s[tag=aj.convict.bone.left_leg_2] run data modify entity @s {} merge value {transformation:[-0.019353078582527383f,0.2705498243009281f,-0.9625114289815551f,-0.01193220446331017f,-0.23168312714508307f,0.935274654551079f,0.267552329742492f,0.49298692847656145f,0.9725987800453245f,0.22817561904177394f,0.0445813854568187f,-0.13078882682154094f,0f,0f,0f,1f],start_interpolation:0}
execute if entity @s[tag=aj.convict.bone.left_leg] run data modify entity @s {} merge value {transformation:[-0.019353078582527383f,-0.031404815326149096f,-0.9993193663307585f,-0.02174620925273176f,-0.23168312714508307f,0.9724418288750033f,-0.026073320665271404f,0.796875f,0.9725987800453245f,0.23102083678441054f,-0.026095708953330576f,-0.05859481532641265f,0f,0f,0f,1f],start_interpolation:0}
execute if entity @s[tag=aj.convict.bone.right_leg_2] run data modify entity @s {} merge value {transformation:[-0.6001227466979264f,0.007675823538002799f,-0.7998710962578591f,0.045467466050522626f,0.06954546467395623f,0.996668194711871f,-0.042613823966682965f,0.48864503558334377f,0.7968789853164777f,-0.0812009321547073f,-0.5986570732716575f,0.22332011890427278f,0f,0f,0f,1f],start_interpolation:0}
execute if entity @s[tag=aj.convict.bone.right_leg] run data modify entity @s {} merge value {transformation:[-0.5936636753710818f,0.0632677174645525f,-0.8022223111281086f,0.06523862775819528f,0.15971520136294523f,0.9863358861332999f,-0.040405125655438974f,0.796875f,0.7887043140483587f,-0.15211415336011147f,-0.5956566035469126f,0.17578444597923795f,0f,0f,0f,1f],start_interpolation:0}
execute if entity @s[tag=aj.convict.bone.head] run data modify entity @s {} merge value {transformation:[-0.9949083650523993f,0f,-0.1007836551667067f,0.02174620925273176f,0f,1f,0f,1.697916875f,0.1007836551667067f,0f,-0.9949083650523993f,0.05859481532641265f,0f,0f,0f,1f],start_interpolation:0}
execute if entity @s[tag=aj.convict.bone.left_axe] run data modify entity @s {} merge value {transformation:[0.6044652325865458f,0.2791414412517979f,-0.7461245461516204f,0.7698875834854089f,0.5928362677838548f,0.46800859917307713f,0.6553724976684359f,0.8950544237296361f,0.5321343272090254f,-0.8384795804764258f,0.11740975653613565f,-0.48338531874297214f,0f,0f,0f,1f],start_interpolation:0}
execute if entity @s[tag=aj.convict.bone.left_arm_2] run data modify entity @s {} merge value {transformation:[0.6044652325865458f,-0.7762682290979843f,-0.1789676481579047f,0.3502773872474904f,0.5928362677838548f,0.5883972390885449f,-0.5498489325561042f,1.1488881440610783f,0.5321343272090254f,0.22626605031700336f,0.8158656337165702f,-0.35388124253142733f,0f,0f,0f,1f],start_interpolation:0}
execute if entity @s[tag=aj.convict.bone.left_arm] run data modify entity @s {} merge value {transformation:[0.6044652325865458f,-0.7462671811423152f,-0.27875989120387323f,0.0895713828226758f,0.5928362677838548f,0.6551331066036834f,-0.4683436475836053f,1.5f,0.5321343272090254f,0.1178384783579178f,0.83841943609633f,-0.3102205122159862f,0f,0f,0f,1f],start_interpolation:0}
execute if entity @s[tag=aj.convict.bone.right_axe] run data modify entity @s {} merge value {transformation:[-0.1414172820777194f,0.9386265134456985f,-0.31461312843955225f,0.12469999951516514f,0.9898712700279637f,0.13808486359505784f,-0.032976343326099083f,1.5527463950587057f,0.012490840763425236f,-0.3160899218619691f,-0.9486470050520988f,1.3474507592472111f,0f,0f,0f,1f],start_interpolation:0}
execute if entity @s[tag=aj.convict.bone.right_arm_2] run data modify entity @s {} merge value {transformation:[-0.1414172820777194f,-0.28227849403687033f,-0.9488519400486184f,-0.0022951187002081194f,0.9898712700279637f,-0.02822728269799198f,-0.13913335072768906f,1.575372143808541f,0.012490840763425236f,-0.958917135270699f,0.28341119699344725f,0.858171596920116f,0f,0f,0f,1f],start_interpolation:0}
execute if entity @s[tag=aj.convict.bone.right_arm] run data modify entity @s {} merge value {transformation:[-0.1414172820777194f,-0.24915522062658885f,-0.9580828922198048f,-0.04607896431721226f,0.9898712700279637f,-0.023378246948171144f,-0.1400297337812824f,1.5f,0.012490840763425236f,-0.9681813536750984f,0.24993768281889103f,0.42741014286881146f,0f,0f,0f,1f],start_interpolation:0}
execute if entity @s[tag=aj.convict.bone.body] run data modify entity @s {} merge value {transformation:[-0.18086712951985073f,0f,-0.9835075401130635f,0.02174620925273176f,0f,1f,0f,0.875f,0.9835075401130635f,0f,-0.18086712951985073f,0.05859481532641265f,0f,0f,0f,1f],start_interpolation:0}