execute if entity @s[tag=aj.convict.bone.left_leg_2] run data modify entity @s {} merge value {transformation:[-0.49294301343073005f,0.0375606172973133f,-0.869250473418379f,0.08049937468531906f,-0.1936746653798849f,0.9692642779472654f,0.15171316187251485f,0.49294935889982977f,0.8482318724852427f,0.24313773776115272f,-0.4705175139955666f,-0.09195498477899186f,0f,0f,0f,1f],start_interpolation:0}
execute if entity @s[tag=aj.convict.bone.left_leg] run data modify entity @s {} merge value {transformation:[-0.49294301343073005f,-0.2100608205277864f,-0.8443231829039307f,0.014855368270385812f,-0.1936746653798849f,0.9725620515205448f,-0.128892125175043f,0.796875f,0.8482318724852427f,0.09998753733012163f,-0.5201011275500533f,-0.060708879363328846f,0f,0f,0f,1f],start_interpolation:0}
execute if entity @s[tag=aj.convict.bone.right_leg_2] run data modify entity @s {} merge value {transformation:[-0.8397524843887918f,0.1165850677932754f,-0.5303052771097883f,-0.09811356947055419f,0.09459501334671984f,0.9931531588463451f,0.06854623639165164f,0.48921918909288675f,0.5346658287311673f,0.00739763753935453f,-0.8450311985637279f,0.19382369086567375f,0f,0f,0f,1f],start_interpolation:0}
execute if entity @s[tag=aj.convict.bone.right_leg] run data modify entity @s {} merge value {transformation:[-0.8280563753685966f,0.1713518869100696f,-0.533817543795425f,-0.044566104811157435f,0.16450061731610072f,0.9844985949027625f,0.06084458510917903f,0.796875f,0.535968456267758f,-0.03743056888219913f,-0.843407829225643f,0.18212663808998653f,0f,0f,0f,1f],start_interpolation:0}
execute if entity @s[tag=aj.convict.bone.head] run data modify entity @s {} merge value {transformation:[-0.9993568654592342f,0f,-0.0358588268003025f,-0.014855368270385812f,0f,1f,0f,1.697916875f,0.0358588268003025f,0f,-0.9993568654592342f,0.060708879363328846f,0f,0f,0f,1f],start_interpolation:0}
execute if entity @s[tag=aj.convict.bone.left_axe] run data modify entity @s {} merge value {transformation:[0.18752025379954274f,0.6424449039786106f,-0.7430347904148695f,0.799471874596243f,0.5085593291172436f,0.5836734449243498f,0.6330029371637711f,0.8189269495832369f,0.8403591870044465f,-0.4965781459569642f,-0.21727075683388664f,0.0007566343058491021f,0f,0f,0f,1f],start_interpolation:0}
execute if entity @s[tag=aj.convict.bone.left_arm_2] run data modify entity @s {} merge value {transformation:[0.18752025379954274f,-0.6918614346671237f,-0.6972545515343048f,0.41536810840602695f,0.5085593291172436f,0.675683380545235f,-0.5336847178089159f,1.1203384327619457f,0.8403591870044465f,-0.2545186132197653f,0.47855690606438167f,-0.13668788077581534f,0f,0f,0f,1f],start_interpolation:0}
execute if entity @s[tag=aj.convict.bone.left_arm] run data modify entity @s {} merge value {transformation:[0.18752025379954274f,-0.5949324825635596f,-0.7815954807991888f,0.21666182481862858f,0.5085593291172436f,0.7395626496188887f,-0.4409245922564401f,1.5f,0.8403591870044465f,-0.31480538190991736f,0.44124143995977644f,-0.23429076352490258f,0f,0f,0f,1f],start_interpolation:0}
execute if entity @s[tag=aj.convict.bone.right_axe] run data modify entity @s {} merge value {transformation:[-0.11644404115427492f,0.9814175051695037f,0.1525138217557003f,-0.5279973664238549f,0.9908618974815897f,0.1253166834051047f,-0.049884155596021405f,1.56803586460814f,-0.06806970984839644f,0.145311422149853f,-0.9870415924336433f,1.2467737468353148f,0f,0f,0f,1f],start_interpolation:0}
execute if entity @s[tag=aj.convict.bone.right_arm_2] run data modify entity @s {} merge value {transformation:[-0.11644404115427492f,0.19799836311165875f,-0.9732612359920464f,-0.41137134892823257f,0.9908618974815897f,-0.04400118756840447f,-0.1275013553330058f,1.5824914330813227f,-0.06806970984839644f,-0.9792142481079784f,-0.19106535767501492f,0.7546119931122538f,0f,0f,0f,1f],start_interpolation:0}
execute if entity @s[tag=aj.convict.bone.right_arm] run data modify entity @s {} merge value {transformation:[-0.11644404115427492f,0.24026297140322433f,-0.9636983396541448f,-0.2463725613594002f,0.9908618974815897f,-0.03839777717982851f,-0.129299307139797f,1.5f,-0.06806970984839644f,-0.9699480992713689f,-0.23359623139300334f,0.3557085222515603f,0f,0f,0f,1f],start_interpolation:0}
execute if entity @s[tag=aj.convict.bone.body] run data modify entity @s {} merge value {transformation:[-0.617379181570705f,0f,-0.7866657143686171f,-0.014855368270385812f,0f,1f,0f,0.875f,0.7866657143686171f,0f,-0.617379181570705f,0.060708879363328846f,0f,0f,0f,1f],start_interpolation:0}