execute if entity @s[tag=aj.convict.bone.left_leg_2] run data modify entity @s {} merge value {transformation:[0.013082076300456713f,0.2889562309775014f,-0.9572529215724266f,-0.019165386460769065f,-0.22555433268963465f,0.9335133866685773f,0.27870773206980987f,0.4924635712449122f,0.9741427525186455f,0.21226646812400735f,0.07738762320653825f,-0.12864964753030328f,0f,0f,0f,1f],start_interpolation:0}
execute if entity @s[tag=aj.convict.bone.left_leg] run data modify entity @s {} merge value {transformation:[0.013082076300456713f,-0.012269049601674756f,-0.9998391519147172f,-0.022999464461292425f,-0.22555433268963465f,0.974116572016281f,-0.014904600906543254f,0.796875f,0.9741427525186455f,0.2257130358333815f,0.009976130025014462f,-0.05811432383237154f,0f,0f,0f,1f],start_interpolation:0}
execute if entity @s[tag=aj.convict.bone.right_leg_2] run data modify entity @s {} merge value {transformation:[-0.5780606659063147f,-0.0002660745580349911f,-0.8159937473634696f,0.05255517529617926f,0.07575039806936526f,0.9956642283487449f,-0.053987235334209085f,0.48909338164342847f,0.8124701494358307f,-0.09301974839262969f,-0.575534171604685f,0.22588272295877918f,0f,0f,0f,1f],start_interpolation:0}
execute if entity @s[tag=aj.convict.bone.right_leg] run data modify entity @s {} merge value {transformation:[-0.5724440157455792f,0.05261829788063367f,-0.8182537281095761f,0.06899839338387728f,0.16507558011762746f,0.9849011787410289f,-0.05215094403134639f,0.796875f,0.8031549674165653f,-0.16492720467732652f,-0.5724867819185169f,0.17434297149711464f,0f,0f,0f,1f],start_interpolation:0}
execute if entity @s[tag=aj.convict.bone.head] run data modify entity @s {} merge value {transformation:[-0.9968324016354075f,0f,-0.07953089368154515f,0.022999464461292425f,0f,1f,0f,1.697916875f,0.07953089368154515f,0f,-0.9968324016354075f,0.05811432383237154f,0f,0f,0f,1f],start_interpolation:0}
execute if entity @s[tag=aj.convict.bone.left_axe] run data modify entity @s {} merge value {transformation:[0.6013732961241862f,0.2733723187504425f,-0.7507447862288078f,0.7712875155586498f,0.5901116970536404f,0.481486934370286f,0.6480266329643992f,0.8925045175684001f,0.5386263488813043f,-0.8327291920977133f,0.12823318181767623f,-0.4772555067306494f,0f,0f,0f,1f],start_interpolation:0}
execute if entity @s[tag=aj.convict.bone.left_arm_2] run data modify entity @s {} merge value {transformation:[0.6013732961241862f,-0.776205455365927f,-0.18935482504786066f,0.35138707364997523f,0.5901116970536404f,0.591288776946926f,-0.5496778759028609f,1.1478970395345396f,0.5386263488813043f,0.2188210988839565f,0.8136331992820927f,-0.35182082760160666f,0f,0f,0f,1f],start_interpolation:0}
execute if entity @s[tag=aj.convict.bone.left_arm] run data modify entity @s {} merge value {transformation:[0.6013732961241862f,-0.7448491458008756f,-0.28905001073938397f,0.09162986847862745f,0.5901116970536404f,0.6579775795812415f,-0.46779663291742885f,1.5f,0.5386263488813043f,0.11074861068255917f,0.8352343392860945f,-0.3105520126351955f,0f,0f,0f,1f],start_interpolation:0}
execute if entity @s[tag=aj.convict.bone.right_axe] run data modify entity @s {} merge value {transformation:[-0.15611358716278778f,0.9436331192612678f,-0.29186483881484704f,0.058135423040024864f,0.9831432751874657f,0.17692009328204658f,0.04613654784154149f,1.4664820467004138f,0.09517272906053273f,-0.27974241156164f,-0.9553461858493224f,1.3588272176685199f,0f,0f,0f,1f],start_interpolation:0}
execute if entity @s[tag=aj.convict.bone.right_arm_2] run data modify entity @s {} merge value {transformation:[-0.15611358716278778f,-0.1885566339200733f,-0.9695746199792454f,-0.02164910936373865f,0.9831432751874657f,0.06491918369010169f,-0.1709233747697305f,1.5365369370184787f,0.09517272906053273f,-0.9799142285903099f,0.17524341998896323f,0.8640944372949451f,0f,0f,0f,1f],start_interpolation:0}
execute if entity @s[tag=aj.convict.bone.right_arm] run data modify entity @s {} merge value {transformation:[-0.15611358716278778f,-0.20660072064745486f,-0.9658906201693435f,-0.04563093955604259f,0.9831432751874657f,0.0617211845504535f,-0.17210402619157913f,1.5f,0.09517272906053273f,-0.9764766446800665f,0.19348259362932183f,0.42678066029993855f,0f,0f,0f,1f],start_interpolation:0}
execute if entity @s[tag=aj.convict.bone.body] run data modify entity @s {} merge value {transformation:[-0.18301441071289337f,0f,-0.9831102305801788f,0.022999464461292425f,0f,1f,0f,0.875f,0.9831102305801788f,0f,-0.18301441071289337f,0.05811432383237154f,0f,0f,0f,1f],start_interpolation:0}