execute if entity @s[tag=aj.convict.bone.left_leg_2] run data modify entity @s {} merge value {transformation:[-0.9570739514555626f,-0.24888620210060033f,0.14854329284479456f,0.07026238633539027f,-0.22825939772722542f,0.9630534450914245f,0.14291854059828185f,0.5840832889599679f,-0.1786255826986706f,0.10287720982548826f,-0.9785239807506418f,0.2225897354544503f,0f,0f,0f,1f],start_interpolation:0}
execute if entity @s[tag=aj.convict.bone.left_leg] run data modify entity @s {} merge value {transformation:[-0.9570739514555626f,-0.025802690938809485f,0.2886930421495322f,0.06219904541701231f,-0.22825939772722542f,0.680933475328103f,-0.695864390184464f,0.796875f,-0.1786255826986706f,-0.7318905815201531f,-0.6575933986040708f,-0.006126071270597527f,0f,0f,0f,1f],start_interpolation:0}
execute if entity @s[tag=aj.convict.bone.right_leg_2] run data modify entity @s {} merge value {transformation:[-0.9515943321567112f,0.3013027132450032f,-0.06070339363184149f,-0.3068121897868466f,0.2425220753441342f,0.8574012000335223f,0.45392314894908137f,0.531057801178373f,0.1888154389291221f,0.4172287827706463f,-0.8889706816592592f,-0.09362985604929377f,0f,0f,0f,1f],start_interpolation:0}
execute if entity @s[tag=aj.convict.bone.right_leg] run data modify entity @s {} merge value {transformation:[-0.9197693735511406f,0.38468817131459104f,-0.07771299973606868f,-0.1865971362510369f,0.32055069923109814f,0.8506150362292065f,0.4167748905143396f,0.796875f,0.22643221656777654f,0.35842582355547636f,-0.9056817213065427f,0.018378213811792582f,0f,0f,0f,1f],start_interpolation:0}
execute if entity @s[tag=aj.convict.bone.head] run data modify entity @s {} merge value {transformation:[-0.9999416889391405f,0f,0.010799014841148535f,-0.06219904541701231f,0f,1f,0f,1.697916875f,-0.010799014841148535f,0f,-0.9999416889391405f,0.006126071270597527f,0f,0f,0f,1f],start_interpolation:0}
execute if entity @s[tag=aj.convict.bone.left_axe] run data modify entity @s {} merge value {transformation:[-0.6533488406334864f,-0.23291752105472363f,0.7203365330375808f,0.28266856619881037f,0.5979515824367891f,-0.7423339327873143f,0.30231479833752734f,1.8498589890473063f,0.46431583809323096f,0.6282433928170215f,0.6242764146414144f,-0.37021266770213535f,0f,0f,0f,1f],start_interpolation:0}
execute if entity @s[tag=aj.convict.bone.left_arm_2] run data modify entity @s {} merge value {transformation:[-0.6533488406334864f,0.4949928716929921f,0.5728152838533591f,0.5783013454302759f,0.5979515824367891f,-0.1266504831763386f,0.7914629240669083f,1.7980974961067602f,0.46431583809323096f,0.8596171892675981f,-0.2132348245748234f,0.038685348693122554f,0f,0f,0f,1f],start_interpolation:0}
execute if entity @s[tag=aj.convict.bone.left_arm] run data modify entity @s {} merge value {transformation:[-0.6533488406334864f,-0.5118150987763641f,0.5578356362831439f,0.2793748889284286f,0.5979515824367891f,-0.8007938609565661f,-0.03439618170112185f,1.5f,0.46431583809323096f,0.3110859960184923f,0.8292383888707541f,0.16089120744724558f,0f,0f,0f,1f],start_interpolation:0}
execute if entity @s[tag=aj.convict.bone.right_axe] run data modify entity @s {} merge value {transformation:[-0.2630217254719644f,0.9645538856531508f,0.021339484557016175f,-1.0683056314317185f,0.9470010587813676f,0.26233673877010855f,-0.18538724378562926f,1.3715561527210258f,-0.1844141171296793f,-0.028552358271644818f,-0.9824338126512181f,-0.07490859069399286f,0f,0f,0f,1f],start_interpolation:0}
execute if entity @s[tag=aj.convict.bone.right_arm_2] run data modify entity @s {} merge value {transformation:[-0.2630217254719644f,0.6701013813994728f,-0.6941064115654522f,-0.7245265735422761f,0.9470010587813676f,0.04179872612822221f,-0.31849938957716445f,1.4318573806292865f,-0.1844141171296793f,-0.7410917656677721f,-0.6455806907449331f,-0.44126020392086884f,0f,0f,0f,1f],start_interpolation:0}
execute if entity @s[tag=aj.convict.bone.right_arm] run data modify entity @s {} merge value {transformation:[-0.2630217254719644f,0.7750041876465492f,0.5746199448853676f,-0.40377297976245324f,0.9470010587813676f,0.32123036257064985f,0.000220974426853357f,1.5f,-0.1844141171296793f,0.5442238172783704f,-0.818420350498593f,-0.14863906490605053f,0f,0f,0f,1f],start_interpolation:0}
execute if entity @s[tag=aj.convict.bone.body] run data modify entity @s {} merge value {transformation:[-0.9108638249211758f,0f,0.41270702980439483f,-0.06219904541701231f,0f,1f,0f,0.875f,-0.41270702980439483f,0f,-0.9108638249211758f,0.006126071270597527f,0f,0f,0f,1f],start_interpolation:0}