execute if entity @s[tag=aj.convict.bone.left_leg_2] run data modify entity @s {} merge value {transformation:[-0.9643914942796089f,-0.11209621142915416f,0.23954850269699765f,0.054992826359910624f,-0.07648337855386478f,0.9852419090796315f,0.1531295967411569f,0.5052490322463781f,-0.25317847176671504f,0.1293554018058522f,-0.9587324138973904f,0.1243126175492784f,0f,0f,0f,1f],start_interpolation:0}
execute if entity @s[tag=aj.convict.bone.left_leg] run data modify entity @s {} merge value {transformation:[-0.9643914942796089f,0.02018001172893208f,0.2637078172670717f,0.0612990800252019f,-0.07648337855386478f,0.9332030968115901f,-0.35111575428374653f,0.796875f,-0.25317847176671504f,-0.3587823117544652f,-0.8984296935242025f,0.01219314512600804f,0f,0f,0f,1f],start_interpolation:0}
execute if entity @s[tag=aj.convict.bone.right_leg_2] run data modify entity @s {} merge value {transformation:[-0.9452212771632437f,-0.048552316383533294f,0.3227993335985685f,-0.17713760028578365f,0.04255504987814522f,0.9621098341043006f,0.2693208771143888f,0.49368083569153953f,-0.323644565731846f,0.2683045651747067f,-0.9073405399179828f,-0.11197078766199728f,0f,0f,0f,1f],start_interpolation:0}
execute if entity @s[tag=aj.convict.bone.right_leg] run data modify entity @s {} merge value {transformation:[-0.9459321826200253f,-0.021630847327430532f,0.32364241429023577f,-0.1838972400756057f,0.05825473887807393f,0.9702213257870734f,0.23511053652744054f,0.796875f,-0.31909041239429714f,0.24125232730871413f,-0.9165034769634901f,-0.03657943537802412f,0f,0f,0f,1f],start_interpolation:0}
execute if entity @s[tag=aj.convict.bone.head] run data modify entity @s {} merge value {transformation:[-0.995732755247548f,0f,0.09228369372281706f,-0.0612990800252019f,0f,1f,0f,1.697916875f,-0.09228369372281706f,0f,-0.995732755247548f,-0.01219314512600804f,0f,0f,0f,1f],start_interpolation:0}
execute if entity @s[tag=aj.convict.bone.left_axe] run data modify entity @s {} merge value {transformation:[-0.9300254080388775f,0.31526447427537835f,-0.18884133991790242f,0.2810271155891965f,0.1384163677782072f,0.776524645470037f,0.6146953587824796f,0.5966290057009846f,0.34043156365590943f,0.545543569513474f,-0.7658254136742197f,0.3026321916769068f,0f,0f,0f,1f],start_interpolation:0}
execute if entity @s[tag=aj.convict.bone.left_arm_2] run data modify entity @s {} merge value {transformation:[-0.9300254080388775f,0.030135467814055635f,-0.3662575514330694f,0.31299111934886853f,0.1384163677782072f,0.9519613714746658f,-0.27314914671505275f,1.0607969630620848f,0.34043156365590943f,-0.3047316865698435f,-0.8895195049390942f,0.10063716712826454f,0f,0f,0f,1f],start_interpolation:0}
execute if entity @s[tag=aj.convict.bone.left_arm] run data modify entity @s {} merge value {transformation:[-0.9300254080388775f,0.07768385826973956f,-0.35919069944313214f,0.29755354587437643f,0.1384163677782072f,0.9794703280037945f,-0.1465564249401139f,1.5f,0.34043156365590943f,-0.18601907086228062f,-0.9216850089603966f,0.09666360884441545f,0f,0f,0f,1f],start_interpolation:0}
execute if entity @s[tag=aj.convict.bone.right_axe] run data modify entity @s {} merge value {transformation:[-0.7838663666568911f,0.046120588006813845f,0.6192143494671535f,-0.9059560095848496f,0.4706244808057244f,0.6946569615658976f,0.5440260139132845f,0.7031420595286572f,-0.40505075890617304f,0.7178611266184711f,-0.5662237063207374f,-0.20441803099460493f,0f,0f,0f,1f],start_interpolation:0}
execute if entity @s[tag=aj.convict.bone.right_arm_2] run data modify entity @s {} merge value {transformation:[-0.7838663666568911f,0.5226143542991332f,0.33530248419095326f,-0.6763460577800644f,0.4706244808057244f,0.8523082972214219f,-0.2282173625162265f,1.1540165477162034f,-0.40505075890617304f,-0.021090357228376044f,-0.914050917368126f,-0.20944288704762504f,0f,0f,0f,1f],start_interpolation:0}
execute if entity @s[tag=aj.convict.bone.right_arm] run data modify entity @s {} merge value {transformation:[-0.7838663666568911f,0.5074912522932152f,0.35777946848580966f,-0.42015170592478024f,0.4706244808057244f,0.8614517901176135f,-0.19082298438474707f,1.5f,-0.40505075890617304f,0.018800057154785846f,-0.9141008918935097f,-0.12104989909643153f,0f,0f,0f,1f],start_interpolation:0}
execute if entity @s[tag=aj.convict.bone.body] run data modify entity @s {} merge value {transformation:[-0.9569403357322088f,0f,0.29028467725446266f,-0.0612990800252019f,0f,1f,0f,0.875f,-0.29028467725446266f,0f,-0.9569403357322088f,-0.01219314512600804f,0f,0f,0f,1f],start_interpolation:0}