execute if entity @s[tag=aj.convict.bone.left_leg_2] run data modify entity @s {} merge value {transformation:[0.13492636648574835f,0.3393985838561561f,-0.9309153972855908f,-0.04513648357768798f,-0.23561571962422098f,0.9235481183105114f,0.3025625651515304f,0.4931919333380255f,0.9624344696097049f,0.17851463369020854f,0.20457863345309707f,-0.12643192100135814f,0f,0f,0f,1f],start_interpolation:0}
execute if entity @s[tag=aj.convict.bone.left_leg] run data modify entity @s {} merge value {transformation:[0.13492636648574835f,0.043758523671958066f,-0.9898889166128714f,-0.03146194493020108f,-0.23561571962422098f,0.9717858133183184f,0.010842771749649982f,0.796875f,0.9624344696097049f,0.23177041364096757f,0.14142972483810035f,-0.054003666738555764f,0f,0f,0f,1f],start_interpolation:0}
execute if entity @s[tag=aj.convict.bone.right_leg_2] run data modify entity @s {} merge value {transformation:[-0.5029308818260592f,-0.03814965102909232f,-0.8634842976175195f,0.09076100130612032f,0.06438277255092377f,0.9945964583846499f,-0.08144165744486766f,0.4892294564268315f,0.8619253950918947f,-0.09655303773092601f,-0.49775709357136433f,0.21675887781635125f,0f,0f,0f,1f],start_interpolation:0}
execute if entity @s[tag=aj.convict.bone.right_leg] run data modify entity @s {} merge value {transformation:[-0.5005086894458156f,0.011599467150345405f,-0.8656538015575628f,0.09438583479060325f,0.15739329155561513f,0.9844657394341391f,-0.0778110509740287f,0.796875f,0.8513039431146325f,-0.1751932083221887f,-0.49455933536357083f,0.16201100021566728f,0f,0f,0f,1f],start_interpolation:0}
execute if entity @s[tag=aj.convict.bone.head] run data modify entity @s {} merge value {transformation:[-0.9914428207786502f,0f,-0.1305416911429949f,0.03146194493020108f,0f,1f,0f,1.697916875f,0.1305416911429949f,0f,-0.9914428207786502f,0.054003666738555764f,0f,0f,0f,1f],start_interpolation:0}
execute if entity @s[tag=aj.convict.bone.left_axe] run data modify entity @s {} merge value {transformation:[0.683153008579662f,0.13998291023894488f,-0.7167333895595984f,0.6873635012976986f,0.6023925391714617f,0.44680022077663556f,0.661432378603065f,0.9040403759950122f,0.41282586597633986f,-0.883614365860461f,0.2209082543181673f,-0.6154369459410891f,0f,0f,0f,1f],start_interpolation:0}
execute if entity @s[tag=aj.convict.bone.left_arm_2] run data modify entity @s {} merge value {transformation:[0.683153008579662f,-0.730021630485925f,-0.01924541221245131f,0.29496295806921186f,0.6023925391714617f,0.5782241689220446f,-0.5502545222212805f,1.1523989743999832f,0.41282586597633986f,0.3643147396099725f,0.8347751642710766f,-0.41143841557423105f,0f,0f,0f,1f],start_interpolation:0}
execute if entity @s[tag=aj.convict.bone.left_arm] run data modify entity @s {} merge value {transformation:[0.683153008579662f,-0.7212641638632046f,-0.11436770870865695f,0.04174039211573645f,0.6023925391714617f,0.6451000085373108f,-0.4700736194849913f,1.5f,0.41282586597633986f,0.25223795295687335f,0.8751861627499666f,-0.32085544482664835f,0f,0f,0f,1f],start_interpolation:0}
execute if entity @s[tag=aj.convict.bone.right_axe] run data modify entity @s {} merge value {transformation:[-0.1396824696850494f,0.8966493950985306f,-0.42012934904874805f,0.3043368140977968f,0.9882723422496752f,0.1526772149781035f,-0.002728657338541077f,1.5242155729565448f,0.06169752999129227f,-0.4155833614282092f,-0.9074601283235558f,1.3231141126897872f,0f,0f,0f,1f],start_interpolation:0}
execute if entity @s[tag=aj.convict.bone.right_arm_2] run data modify entity @s {} merge value {transformation:[-0.1396824696850494f,-0.3779679022153874f,-0.9152207780407876f,0.12841969284323784f,0.9882723422496752f,0.004375918177910799f,-0.15263888392032166f,1.563519093286696f,0.06169752999129227f,-0.9258083582658992f,0.37292398495936674f,0.8503116349216421f,0f,0f,0f,1f],start_interpolation:0}
execute if entity @s[tag=aj.convict.bone.right_arm] run data modify entity @s {} merge value {transformation:[-0.1396824696850494f,-0.390344297594797f,-0.9100110642173037f,0.021183497744665714f,0.9882723422496752f,0.002305606348127487f,-0.15268418950143028f,1.5f,0.06169752999129227f,-0.9206660705785742f,0.3854444204789862f,0.4288627783037599f,0f,0f,0f,1f],start_interpolation:0}
execute if entity @s[tag=aj.convict.bone.body] run data modify entity @s {} merge value {transformation:[-0.02740919249476098f,0f,-0.9996242975072109f,0.03146194493020108f,0f,1f,0f,0.875f,0.9996242975072109f,0f,-0.02740919249476098f,0.054003666738555764f,0f,0f,0f,1f],start_interpolation:0}