execute if entity @s[tag=aj.convict.bone.left_leg_2] run data modify entity @s {} merge value {transformation:[-0.8555911535059695f,-0.06342611576869508f,-0.5137517940414621f,0.12189767276314156f,-0.14905947883556708f,0.9806157899703458f,0.12717682269228028f,0.49597813221642495f,0.49572678948347537f,0.18539093909717022f,-0.8484604586479417f,-0.0023997883197461045f,0f,0f,0f,1f],start_interpolation:0}
execute if entity @s[tag=aj.convict.bone.left_leg] run data modify entity @s {} merge value {transformation:[-0.8555911535059695f,-0.2397045913462575f,-0.45880876945613025f,0.04698998796743609f,-0.14905947883556708f,0.9628699769074403f,-0.22508371629137147f,0.796875f,0.49572678948347537f,-0.12418984039682623f,-0.8595532756790688f,-0.0412091134437543f,0f,0f,0f,1f],start_interpolation:0}
execute if entity @s[tag=aj.convict.bone.right_leg_2] run data modify entity @s {} merge value {transformation:[-0.9744995416594424f,0.12252461608613933f,-0.18798500407873103f,-0.19301368098015975f,0.091067038105552f,0.9816203613880785f,0.16771481949732492f,0.4909385493601735f,0.20507910151016925f,0.14631877719992914f,-0.9677465461382434f,0.08687697050148334f,0f,0f,0f,1f],start_interpolation:0}
execute if entity @s[tag=aj.convict.bone.right_leg] run data modify entity @s {} merge value {transformation:[-0.9670891118166994f,0.16653989464912472f,-0.19236193307368732f,-0.1409699639023083f,0.1389068044400828f,0.9789966420474447f,0.1492329539346857f,0.796875f,0.21317492696335544f,0.11760118345529463f,-0.9699105176066924f,0.12362734033126291f,0f,0f,0f,1f],start_interpolation:0}
execute if entity @s[tag=aj.convict.bone.head] run data modify entity @s {} merge value {transformation:[-0.9998807103824381f,0f,0.01544554968627132f,-0.04698998796743609f,0f,1f,0f,1.697916875f,-0.01544554968627132f,0f,-0.9998807103824381f,0.0412091134437543f,0f,0f,0f,1f],start_interpolation:0}
execute if entity @s[tag=aj.convict.bone.left_axe] run data modify entity @s {} merge value {transformation:[-0.34473688241685596f,0.7300011988223845f,-0.590131113922481f,0.5734099789682963f,0.38205039687912845f,0.6833575821904803f,0.6221413899647581f,0.7191546277169187f,0.8574345316967398f,-0.010984743085865945f,-0.514475810192598f,0.3003423723918535f,0f,0f,0f,1f],start_interpolation:0}
execute if entity @s[tag=aj.convict.bone.left_arm_2] run data modify entity @s {} merge value {transformation:[-0.34473688241685596f,-0.3528121038874747f,-0.8698736122288114f,0.37143606194793044f,0.38205039687912845f,0.7937204257813323f,-0.47333432153394606f,1.086920233717648f,0.8574345316967398f,-0.4955113571332087f,-0.1388327007804659f,0.015332590093249221f,0f,0f,0f,1f],start_interpolation:0}
execute if entity @s[tag=aj.convict.bone.left_arm] run data modify entity @s {} merge value {transformation:[-0.34473688241685596f,-0.2362524571127913f,-0.908482943378507f,0.2945839463780049f,0.38205039687912845f,0.8487125641452223f,-0.3656835759321744f,1.5f,0.8574345316967398f,-0.47315088499358277f,-0.20232217842782851f,-0.1135560227328937f,0f,0f,0f,1f],start_interpolation:0}
execute if entity @s[tag=aj.convict.bone.right_axe] run data modify entity @s {} merge value {transformation:[-0.13908591505570764f,0.8091299012085755f,0.5709324926848329f,-1.0745290910466294f,0.9867670724136509f,0.16176114245201112f,0.011139012200909917f,1.4973035560574521f,-0.08334178443798985f,0.5649266640572215f,-0.8209214403363275f,0.834239994147872f,0f,0f,0f,1f],start_interpolation:0}
execute if entity @s[tag=aj.convict.bone.right_arm_2] run data modify entity @s {} merge value {transformation:[-0.13908591505570764f,0.654740566017392f,-0.7429467675710968f,-0.7332126693444103f,0.9867670724136509f,0.028492812699807624f,-0.15962112775145254f,1.5488686203896886f,-0.08334178443798985f,-0.7553164574108513f,-0.6500393804463027f,0.46426982283491836f,0f,0f,0f,1f],start_interpolation:0}
execute if entity @s[tag=aj.convict.bone.right_arm] run data modify entity @s {} merge value {transformation:[-0.13908591505570764f,0.6865242809236822f,-0.7136802644989821f,-0.38856392231287706f,0.9867670724136509f,0.03542826965869017f,-0.1582263647726983f,1.5f,-0.08334178443798985f,-0.7262432439694096f,-0.6823671281322686f,0.1959742496204023f,0f,0f,0f,1f],start_interpolation:0}
execute if entity @s[tag=aj.convict.bone.body] run data modify entity @s {} merge value {transformation:[-0.9108638249211759f,0f,-0.41270702980439467f,-0.04698998796743609f,0f,1f,0f,0.875f,0.41270702980439467f,0f,-0.9108638249211759f,0.0412091134437543f,0f,0f,0f,1f],start_interpolation:0}