execute if entity @s[tag=aj.tutankhamen.bone.head] run data modify entity @s {} merge value {transformation:[-0.9984546175612375f,0.019676033146568295f,-0.051973362314342963f,0f,0.0015375725284884345f,0.944646790180819f,0.32808547311911773f,1.625f,0.05555189052914811f,0.3274985427764387f,-0.943217202948476f,0f,0f,0f,0f,1f],start_interpolation:0}
execute if entity @s[tag=aj.tutankhamen.bone.back_cape] run data modify entity @s {} merge value {transformation:[-0.9156801307482185f,-0.12085601322889129f,0.38330630339109134f,0.06279809733681549f,0f,0.9537169507482269f,0.30070579950427306f,1.625f,-0.40190782295561917f,0.27535032580682034f,-0.8732996621579288f,-0.14307502042940914f,0f,0f,0f,1f],start_interpolation:0}
execute if entity @s[tag=aj.tutankhamen.bone.left_hand] run data modify entity @s {} merge value {transformation:[-0.84803712279144f,0.018404740298236882f,0.5296171295399826f,0.36235035699738305f,-0.2650534237451931f,0.8506794580429339f,-0.45397262277006456f,1.2081176221036045f,-0.45888966095191924f,-0.5253624702986831f,-0.7165295205873223f,0.15016094008468406f,0f,0f,0f,1f],start_interpolation:0}
execute if entity @s[tag=aj.tutankhamen.bone.cape_left_back] run data modify entity @s {} merge value {transformation:[-0.8590302064909358f,-0.08862542125137413f,0.5041950406778679f,0.3452490188174514f,-0.18085821965265395f,0.973928068821233f,-0.13694678216816925f,1.3237384226175908f,-0.47891273601796475f,-0.20882923997888822f,-0.852662265970312f,0.04817881896616549f,0f,0f,0f,1f],start_interpolation:0}
execute if entity @s[tag=aj.tutankhamen.bone.cape_left_side] run data modify entity @s {} merge value {transformation:[-0.8590302064909358f,-0.08862542125137413f,0.5041950406778679f,0.4164481084969266f,-0.18085821965265395f,0.973928068821233f,-0.13694678216816925f,1.369115867209339f,-0.47891273601796475f,-0.20882923997888822f,-0.852662265970312f,0.2295917172152615f,0f,0f,0f,1f],start_interpolation:0}
execute if entity @s[tag=aj.tutankhamen.bone.left_arm] run data modify entity @s {} merge value {transformation:[-0.84803712279144f,-0.1631575904561581f,0.5041950406778679f,0.2668034606916942f,-0.2650534237451931f,0.9544591460165988f,-0.13694678216816925f,1.5f,-0.45888966095191924f,-0.24977457689245608f,-0.852662265970312f,0.07681082692725094f,0f,0f,0f,1f],start_interpolation:0}
execute if entity @s[tag=aj.tutankhamen.bone.cape_right_back] run data modify entity @s {} merge value {transformation:[-0.7106844752216288f,0.465543851360095f,0.5274433610727958f,-0.28228104324892556f,0.2915087368476916f,0.8772093549883045f,-0.3814792312334526f,1.3036836819254163f,-0.6402735610818404f,-0.1173570193120651f,-0.7591291701665576f,-0.19314689968020798f,0f,0f,0f,1f],start_interpolation:0}
execute if entity @s[tag=aj.tutankhamen.bone.cape_right] run data modify entity @s {} merge value {transformation:[-0.7106844752216288f,0.465543851360095f,0.5274433610727958f,-0.525186332770504f,0.2915087368476916f,0.8772093549883045f,-0.3814792312334526f,1.4446017298662313f,-0.6402735610818404f,-0.1173570193120651f,-0.7591291701665576f,-0.10340735105760615f,0f,0f,0f,1f],start_interpolation:0}
execute if entity @s[tag=aj.tutankhamen.bone.weapon] run data modify entity @s {} merge value {transformation:[-1.0950297255257424f,-0.19349975256172128f,1.1991894844371682f,-0.9543695402436351f,0.5873210276701535f,1.3289208854952748f,0.7507402774342413f,0.6042165384525819f,-1.0632739930434694f,0.933335309234639f,-0.8203177980907088f,-0.11863741618952281f,0f,0f,0f,1f],start_interpolation:0}
execute if entity @s[tag=aj.tutankhamen.bone.right_hand] run data modify entity @s {} merge value {transformation:[-0.7106844752216288f,0.465543851360095f,0.5274433610727958f,-0.395648124586663f,0.2915087368476916f,0.8772093549883045f,-0.3814792312334526f,1.2269846125304593f,-0.6402735610818404f,-0.1173570193120651f,-0.7591291701665576f,-0.1510402479145975f,0f,0f,0f,1f],start_interpolation:0}
execute if entity @s[tag=aj.tutankhamen.bone.right_arm] run data modify entity @s {} merge value {transformation:[-0.7106844752216288f,0.465543851360095f,0.5274433610727958f,-0.23714567766624167f,0.2915087368476916f,0.8772093549883045f,-0.3814792312334526f,1.5f,-0.6402735610818404f,-0.1173570193120651f,-0.7591291701665576f,-0.14438115297548887f,0f,0f,0f,1f],start_interpolation:0}
execute if entity @s[tag=aj.tutankhamen.bone.body] run data modify entity @s {} merge value {transformation:[-0.9156801307482185f,0f,0.40190782295561917f,0f,0f,1f,0f,0.1875f,-0.40190782295561917f,0f,-0.9156801307482185f,0f,0f,0f,0f,1f],start_interpolation:0}
execute if entity @s[tag=aj.tutankhamen.bone.left_foot] run data modify entity @s {} merge value {transformation:[-0.9238600703643582f,-0.2035119802783467f,0.32413800189047415f,0.2007890468980745f,-0.24609061945481828f,0.9644964023329364f,-0.09584412816216947f,0.4624745566216371f,-0.29312450836241405f,-0.1683138846619863f,-0.941142103418652f,0.12976997362860043f,0f,0f,0f,1f],start_interpolation:0}
execute if entity @s[tag=aj.tutankhamen.bone.left_leg] run data modify entity @s {} merge value {transformation:[-0.9238600703643582f,-0.1918951686367243f,0.3311477232901448f,0.08796428342062143f,-0.24609061945481828f,0.9604932005401736f,-0.12997006860211205f,0.875f,-0.29312450836241405f,-0.2015665050795322f,-0.9345849167557306f,0.032424486769979666f,0f,0f,0f,1f],start_interpolation:0}
execute if entity @s[tag=aj.tutankhamen.bone.right_foot] run data modify entity @s {} merge value {transformation:[-0.9164526625732039f,0.1986811346337744f,0.34733315995326675f,-0.2359366112026466f,0.23638409351872186f,0.9691840124487046f,0.06931746060814517f,0.4626506323185959f,-0.32285767389643655f,0.14563020550169398f,-0.9351763286416721f,-0.01109371830011193f,0f,0f,0f,1f],start_interpolation:0}
execute if entity @s[tag=aj.tutankhamen.bone.right_leg] run data modify entity @s {} merge value {transformation:[-0.9164526625732039f,0.27276155903225724f,0.2927723504308049f,-0.08796428342062143f,0.23638409351872186f,0.9593974185231182f,-0.1538803225318595f,0.875f,-0.32285767389643655f,-0.07181730463801458f,-0.9437188125499634f,-0.032424486769979666f,0f,0f,0f,1f],start_interpolation:0}