execute if entity @s[tag=aj.tutankhamen.bone.head] run data modify entity @s {} merge value {transformation:[-0.9722541480369818f,0.06722253397955513f,-0.22406026544269367f,0f,0.0031779057479738165f,0.9615282061279405f,0.2746878405307406f,1.625f,0.2339054777895117f,0.26635434996589064f,-0.9350634137395752f,0f,0f,0f,0f,1f],start_interpolation:0}
execute if entity @s[tag=aj.tutankhamen.bone.back_cape] run data modify entity @s {} merge value {transformation:[-0.9951760107318994f,-0.029500921217005305f,0.09356496839678066f,0.015328999133891255f,0f,0.9537169507482269f,0.30070579950427306f,1.625f,-0.09810559445690403f,0.29925519795460886f,-0.9491162304130119f,-0.1554962516768593f,0f,0f,0f,1f],start_interpolation:0}
execute if entity @s[tag=aj.tutankhamen.bone.left_hand] run data modify entity @s {} merge value {transformation:[-0.9308479472300958f,-0.016408462155656223f,0.3650381644529834f,0.3557739983276013f,-0.26933924706764306f,0.7059182944864171f,-0.6550845224079279f,1.232276945667694f,-0.24693818887841573f,-0.7081031873103484f,-0.6615220381773941f,0.13825651830282418f,0f,0f,0f,1f],start_interpolation:0}
execute if entity @s[tag=aj.tutankhamen.bone.cape_left_back] run data modify entity @s {} merge value {transformation:[-0.9369690444256226f,-0.029322762014637127f,0.3481798176459529f,0.3336306405113736f,-0.19404747435268405f,0.8723485055888429f,-0.44872448394784165f,1.3140937289868457f,-0.2905763023466994f,-0.4880043651697649f,-0.8230535535976832f,0.00834630323564381f,0f,0f,0f,1f],start_interpolation:0}
execute if entity @s[tag=aj.tutankhamen.bone.cape_left_side] run data modify entity @s {} merge value {transformation:[-0.9369690444256226f,-0.029322762014637127f,0.3481798176459529f,0.43650957649713296f,-0.19404747435268405f,0.8723485055888429f,-0.44872448394784165f,1.4005042073479328f,-0.2905763023466994f,-0.4880043651697649f,-0.8230535535976832f,0.156630544677026f,0f,0f,0f,1f],start_interpolation:0}
execute if entity @s[tag=aj.tutankhamen.bone.left_arm] run data modify entity @s {} merge value {transformation:[-0.9308479472300958f,-0.11087341305086619f,0.3481798176459529f,0.2774697752326578f,-0.26933924706764306f,0.8521166044003474f,-0.44872448394784165f,1.5f,-0.24693818887841573f,-0.5114727546836426f,-0.8230535535976832f,-0.009721810667302131f,0f,0f,0f,1f],start_interpolation:0}
execute if entity @s[tag=aj.tutankhamen.bone.cape_right_back] run data modify entity @s {} merge value {transformation:[-0.9454037734064664f,0.3207802351825504f,0.05754777098239869f,-0.3310474022367451f,0.2281989929614192f,0.7776452288247995f,-0.5858268666572227f,1.303963714176857f,-0.2326734295965251f,-0.5407105869152674f,-0.8083904603330856f,-0.03496662047881491f,0f,0f,0f,1f],start_interpolation:0}
execute if entity @s[tag=aj.tutankhamen.bone.cape_right] run data modify entity @s {} merge value {transformation:[-0.9454037734064664f,0.3207802351825504f,0.05754777098239869f,-0.4931536845771052f,0.2281989929614192f,0.7776452288247995f,-0.5858268666572227f,1.4860765234913844f,-0.2326734295965251f,-0.5407105869152674f,-0.8083904603330856f,0.13077577122999945f,0f,0f,0f,1f],start_interpolation:0}
execute if entity @s[tag=aj.tutankhamen.bone.weapon] run data modify entity @s {} merge value {transformation:[-1.445542758483203f,0.2651800927174924f,0.717407363660443f,-0.8530386863774748f,0.55935469510026f,1.4127416422311077f,0.6048727560293656f,0.7127704401517425f,-0.5216475170813907f,0.7800181051383406f,-1.339419014793476f,0.5347039051316305f,0f,0f,0f,1f],start_interpolation:0}
execute if entity @s[tag=aj.tutankhamen.bone.right_hand] run data modify entity @s {} merge value {transformation:[-0.9454037734064664f,0.3207802351825504f,0.05754777098239869f,-0.40428553523991595f,0.2281989929614192f,0.7776452288247995f,-0.5858268666572227f,1.2505034582698777f,-0.2326734295965251f,-0.5407105869152674f,-0.8083904603330856f,0.07587556198151996f,0f,0f,0f,1f],start_interpolation:0}
execute if entity @s[tag=aj.tutankhamen.bone.right_arm] run data modify entity @s {} merge value {transformation:[-0.9454037734064664f,0.3207802351825504f,0.05754777098239869f,-0.2702303181536967f,0.2281989929614192f,0.7776452288247995f,-0.5858268666572227f,1.5f,-0.2326734295965251f,-0.5407105869152674f,-0.8083904603330856f,-0.06371471510463156f,0f,0f,0f,1f],start_interpolation:0}
execute if entity @s[tag=aj.tutankhamen.bone.body] run data modify entity @s {} merge value {transformation:[-0.9951760107318994f,0f,0.09810559445690403f,0f,0f,1f,0f,0.1875f,-0.09810559445690403f,0f,-0.9951760107318994f,0f,0f,0f,0f,1f],start_interpolation:0}
execute if entity @s[tag=aj.tutankhamen.bone.left_foot] run data modify entity @s {} merge value {transformation:[-0.948542995232171f,-0.3160559395865689f,-0.019360507432211706f,0.26189939054888545f,-0.306935244535232f,0.9327540112270406f,-0.18910502426419792f,0.483207671861955f,0.0778263570911484f,-0.17343182404598256f,-0.9817659907279354f,0.10497795448026888f,0f,0f,0f,1f],start_interpolation:0}
execute if entity @s[tag=aj.tutankhamen.bone.left_leg] run data modify entity @s {} merge value {transformation:[-0.948542995232171f,-0.31663821367627704f,0.0025353177074977883f,0.09372820346450887f,-0.306935244535232f,0.9174492674966195f,-0.2531355313503291f,0.875f,0.0778263570911484f,-0.24088811346725364f,-0.967427503708732f,0.0020214784974438f,0f,0f,0f,1f],start_interpolation:0}
execute if entity @s[tag=aj.tutankhamen.bone.right_foot] run data modify entity @s {} merge value {transformation:[-0.9545606682213087f,0.29452667454593073f,0.045474923483213484f,-0.24825033026086712f,0.29799559429371164f,0.9451297584120553f,0.13389684666006013f,0.48646623574304176f,-0.0035435104665223482f,0.14136399026939434f,-0.9899513451623206f,0.13044451284617842f,0f,0f,0f,1f],start_interpolation:0}
execute if entity @s[tag=aj.tutankhamen.bone.right_leg] run data modify entity @s {} merge value {transformation:[-0.9545606682213087f,0.28501052780443964f,-0.08708001909464343f,-0.09372820346450887f,0.29799559429371164f,0.9093625750368839f,-0.2902728593992646f,0.875f,-0.0035435104665223482f,-0.30303251667588804f,-0.9529736288957062f,-0.0020214784974438f,0f,0f,0f,1f],start_interpolation:0}