execute if entity @s[tag=aj.tutankhamen.bone.head] run data modify entity @s {} merge value {transformation:[-0.9984388337784962f,-0.018750745593764606f,0.052614681817096276f,0f,0.0008829826421840187f,0.9365535294698909f,0.35052347536098594f,1.625f,-0.0558490424688729f,0.3500227078021768f,-0.935074857152165f,0f,0f,0f,0f,1f],start_interpolation:0}
execute if entity @s[tag=aj.tutankhamen.bone.back_cape] run data modify entity @s {} merge value {transformation:[-0.8349350337873158f,-0.16549299058931705f,0.5248767087806221f,0.0859919556663334f,0f,0.9537169507482269f,0.30070579950427306f,1.625f,-0.5503485162645337f,0.25106980686914204f,-0.7962916944965067f,-0.1304585990292681f,0f,0f,0f,1f],start_interpolation:0}
execute if entity @s[tag=aj.tutankhamen.bone.left_hand] run data modify entity @s {} merge value {transformation:[-0.7787458386762216f,0.021781048681823345f,0.6269613262895792f,0.3612735793214603f,-0.2627207717738517f,0.8962145915406161f,-0.35745937110144194f,1.2083917383320069f,-0.5696777289161128f,-0.443085761256223f,-0.692201049803432f,0.1686082173150962f,0f,0f,0f,1f],start_interpolation:0}
execute if entity @s[tag=aj.tutankhamen.bone.cape_left_back] run data modify entity @s {} merge value {transformation:[-0.7944837924688799f,-0.1458848573858414f,0.5895024273824312f,0.34450092498247165f,-0.17762768687803981f,0.9840890475797395f,0.004141411348617277f,1.3343442242716692f,-0.5807270515126904f,-0.10142166839050781f,-0.807755988416219f,0.0796384041259276f,0f,0f,0f,1f],start_interpolation:0}
execute if entity @s[tag=aj.tutankhamen.bone.cape_left_side] run data modify entity @s {} merge value {transformation:[-0.7944837924688799f,-0.1458848573858414f,0.5895024273824312f,0.3949512141329302f,-0.17762768687803981f,0.9840890475797395f,0.004141411348617277f,1.3615808739277857f,-0.5807270515126904f,-0.10142166839050781f,-0.807755988416219f,0.27134650447681286f,0f,0f,0f,1f],start_interpolation:0}
execute if entity @s[tag=aj.tutankhamen.bone.left_arm] run data modify entity @s {} merge value {transformation:[-0.7787458386762216f,-0.21457354649324717f,0.5895024273824312f,0.2500611317032344f,-0.2627207717738517f,0.9648630186666879f,0.004141411348617277f,1.5f,-0.5696777289161128f,-0.15164942583048915f,-0.807755988416219f,0.1206375570940085f,0f,0f,0f,1f],start_interpolation:0}
execute if entity @s[tag=aj.tutankhamen.bone.cape_right_back] run data modify entity @s {} merge value {transformation:[-0.5285963259927716f,0.4249168838966724f,0.7348684004136287f,-0.22758669390405872f,0.31368508565421527f,0.9021998759223233f,-0.29603555685736826f,1.3066605332547272f,-0.7887886860148611f,0.07403394941029615f,-0.6101896288447245f,-0.25468077989734317f,0f,0f,0f,1f],start_interpolation:0}
execute if entity @s[tag=aj.tutankhamen.bone.cape_right] run data modify entity @s {} merge value {transformation:[-0.5285963259927716f,0.4249168838966724f,0.7348684004136287f,-0.4938969699438365f,0.31368508565421527f,0.9021998759223233f,-0.29603555685736826f,1.4296827171025404f,-0.7887886860148611f,0.07403394941029615f,-0.6101896288447245f,-0.22538160487598408f,0f,0f,0f,1f],start_interpolation:0}
execute if entity @s[tag=aj.tutankhamen.bone.weapon] run data modify entity @s {} merge value {transformation:[-0.8282868524010609f,-0.45273425567824677f,1.3355000028027397f,-0.8504367299606466f,0.5811187227827318f,1.301623333127634f,0.8016641455748077f,0.5765120108889391f,-1.2848461362287786f,0.8805657647241819f,-0.4983593220005087f,-0.4142119070394393f,0f,0f,0f,1f],start_interpolation:0}
execute if entity @s[tag=aj.tutankhamen.bone.right_hand] run data modify entity @s {} merge value {transformation:[-0.5285963259927716f,0.4249168838966724f,0.7348684004136287f,-0.3431492146042687f,0.31368508565421527f,0.9021998759223233f,-0.29603555685736826f,1.2221904299947166f,-0.7887886860148611f,0.07403394941029615f,-0.6101896288447245f,-0.2504478182087993f,0f,0f,0f,1f],start_interpolation:0}
execute if entity @s[tag=aj.tutankhamen.bone.right_arm] run data modify entity @s {} merge value {transformation:[-0.5285963259927716f,0.4249168838966724f,0.7348684004136287f,-0.2094495388167838f,0.31368508565421527f,0.9021998759223233f,-0.29603555685736826f,1.5f,-0.7887886860148611f,0.07403394941029615f,-0.6101896288447245f,-0.182249500574759f,0f,0f,0f,1f],start_interpolation:0}
execute if entity @s[tag=aj.tutankhamen.bone.body] run data modify entity @s {} merge value {transformation:[-0.8349350337873158f,0f,0.5503485162645337f,0f,0f,1f,0f,0.1875f,-0.5503485162645337f,0f,-0.8349350337873158f,0f,0f,0f,0f,1f],start_interpolation:0}
execute if entity @s[tag=aj.tutankhamen.bone.left_foot] run data modify entity @s {} merge value {transformation:[-0.8547707682720574f,-0.16223356122541238f,0.4929981798340812f,0.17406561783600505f,-0.217508000999426f,0.9744241491540292f,-0.056461022366586f,0.4560995444670968f,-0.47122945919035064f,-0.15549228005777901f,-0.8681963761923928f,0.13805148301483525f,0f,0f,0f,1f],start_interpolation:0}
execute if entity @s[tag=aj.tutankhamen.bone.left_leg] run data modify entity @s {} merge value {transformation:[-0.8547707682720574f,-0.15184132458630675f,0.4962974368818284f,0.08092345182099406f,-0.217508000999426f,0.9730230412894522f,-0.07691833735240768f,0.875f,-0.47122945919035064f,-0.17369620971023209f,-0.8647383555292714f,0.047333470666910245f,0f,0f,0f,1f],start_interpolation:0}
execute if entity @s[tag=aj.tutankhamen.bone.right_foot] run data modify entity @s {} merge value {transformation:[-0.8486787261118492f,0.1616782480710041f,0.5035916638963155f,-0.20751316363199657f,0.21047129175003831f,0.9767350232925667f,0.041116050670504f,0.45578493076032f,-0.4852280445257043f,0.14088590552060226f,-0.8629628650361503f,-0.07216456178223676f,0f,0f,0f,1f],start_interpolation:0}
execute if entity @s[tag=aj.tutankhamen.bone.right_leg] run data modify entity @s {} merge value {transformation:[-0.8486787261118492f,0.22872800370287363f,0.4768940345268191f,-0.08092345182099406f,0.21047129175003831f,0.9732395362442713f,-0.09223145038492031f,0.875f,-0.4852280445257043f,0.022097633654624596f,-0.8741083682202265f,-0.047333470666910245f,0f,0f,0f,1f],start_interpolation:0}