execute if entity @s[tag=aj.tutankhamen.bone.head] run data modify entity @s {} merge value {transformation:[-0.9924941746597702f,0.02864774329983796f,-0.11888910829108071f,0f,0.00592910626459575f,0.9823037032133862f,0.18720117615060772f,1.625f,0.12214810258585622f,0.18509117066217484f,-0.9751005587002712f,0f,0f,0f,0f,1f],start_interpolation:0}
execute if entity @s[tag=aj.tutankhamen.bone.back_cape] run data modify entity @s {} merge value {transformation:[-0.9999970147507715f,0.00073476214821652f,-0.0023303678102567435f,-0.0003817903939601266f,0f,0.9537169507482269f,0.30070579950427306f,1.625f,0.00244345852134481f,0.3007049018225171f,-0.9537141036654355f,-0.15624953355480806f,0f,0f,0f,1f],start_interpolation:0}
execute if entity @s[tag=aj.tutankhamen.bone.left_hand] run data modify entity @s {} merge value {transformation:[-0.9236070681066215f,0.15103726945837437f,0.3523318421290491f,0.28639188566315366f,-0.27259956030478216f,0.3874247682683808f,-0.8806767446991154f,1.3335513529594678f,-0.26951709308526284f,-0.9094447713669863f,-0.3166555610882587f,0.23052065400348498f,0f,0f,0f,1f],start_interpolation:0}
execute if entity @s[tag=aj.tutankhamen.bone.cape_left_back] run data modify entity @s {} merge value {transformation:[-0.9109975161717422f,0.18445339360055704f,0.36886375685089257f,0.295597495526163f,-0.22818205975285757f,0.5195963083057811f,-0.8233787852513246f,1.3427281409058254f,-0.34353525748583613f,-0.834264120038877f,-0.43126199099839374f,0.07595021175494499f,0f,0f,0f,1f],start_interpolation:0}
execute if entity @s[tag=aj.tutankhamen.bone.cape_left_side] run data modify entity @s {} merge value {transformation:[-0.9109975161717422f,0.18445339360055704f,0.36886375685089257f,0.39183288782163617f,-0.22818205975285757f,0.5195963083057811f,-0.8233787852513246f,1.4813039358986249f,-0.34353525748583613f,-0.834264120038877f,-0.43126199099839374f,0.1835353446119061f,0f,0f,0f,1f],start_interpolation:0}
execute if entity @s[tag=aj.tutankhamen.bone.left_arm] run data modify entity @s {} merge value {transformation:[-0.9236070681066215f,0.10435282758668489f,0.36886375685089257f,0.2750865240701123f,-0.27259956030478216f,0.4977317105828123f,-0.8233787852513246f,1.5f,-0.26951709308526284f,-0.8610305637170909f,-0.43126199099839374f,-0.037568524662755516f,0f,0f,0f,1f],start_interpolation:0}
execute if entity @s[tag=aj.tutankhamen.bone.cape_right_back] run data modify entity @s {} merge value {transformation:[-0.9860887935654399f,-0.06156880891626688f,-0.15439615595372802f,-0.283313585835283f,0.10729649525334761f,0.47364928432649245f,-0.87415320028205f,1.334826142136859f,0.1269502001219535f,-0.8785588410719193f,-0.46045413394100637f,0.08870919683977968f,0f,0f,0f,1f],start_interpolation:0}
execute if entity @s[tag=aj.tutankhamen.bone.cape_right] run data modify entity @s {} merge value {transformation:[-0.9860887935654399f,-0.06156880891626688f,-0.15439615595372802f,-0.39879092084145096f,0.10729649525334761f,0.47364928432649245f,-0.87415320028205f,1.570129519590707f,0.1269502001219535f,-0.8785588410719193f,-0.46045413394100637f,0.2236586990940865f,0f,0f,0f,1f],start_interpolation:0}
execute if entity @s[tag=aj.tutankhamen.bone.weapon] run data modify entity @s {} merge value {transformation:[-1.581891358908691f,0.3144820136821727f,0.27075536059611754f,-0.42635819619130944f,0.3631779016322517f,1.565400960731777f,0.3036598714304151f,1.0421867071599569f,-0.20077154675681103f,0.3538482285126597f,-1.5840043847169245f,1.0054475980563946f,0f,0f,0f,1f],start_interpolation:0}
execute if entity @s[tag=aj.tutankhamen.bone.right_hand] run data modify entity @s {} merge value {transformation:[-0.9860887935654399f,-0.06156880891626688f,-0.15439615595372802f,-0.29678299977256156f,0.10729649525334761f,0.47364928432649245f,-0.87415320028205f,1.3336075720903426f,0.1269502001219535f,-0.8785588410719193f,-0.46045413394100637f,0.23127462909889354f,0f,0f,0f,1f],start_interpolation:0}
execute if entity @s[tag=aj.tutankhamen.bone.right_arm] run data modify entity @s {} merge value {transformation:[-0.9860887935654399f,-0.06156880891626688f,-0.15439615595372802f,-0.2752668329830486f,0.10729649525334761f,0.47364928432649245f,-0.87415320028205f,1.5f,0.1269502001219535f,-0.8785588410719193f,-0.46045413394100637f,-0.03622375504824079f,0f,0f,0f,1f],start_interpolation:0}
execute if entity @s[tag=aj.tutankhamen.bone.body] run data modify entity @s {} merge value {transformation:[-0.9999970147507715f,0f,-0.00244345852134481f,0f,0f,1f,0f,0.1875f,0.00244345852134481f,0f,-0.9999970147507715f,0f,0f,0f,0f,1f],start_interpolation:0}
execute if entity @s[tag=aj.tutankhamen.bone.left_foot] run data modify entity @s {} merge value {transformation:[-0.8748039187024658f,-0.4552163823784547f,-0.16581962802117992f,0.3271155150656617f,-0.38304463702177755f,0.8594420473171301f,-0.3385796410775386f,0.531944009193114f,0.2966393599502005f,-0.23267447758104598f,-0.926211464845217f,0.13157219045414306f,0f,0f,0f,1f],start_interpolation:0}
execute if entity @s[tag=aj.tutankhamen.bone.left_leg] run data modify entity @s {} merge value {transformation:[-0.8748039187024658f,-0.4721020276277174f,-0.10880155942176507f,0.0932332555190833f,-0.38304463702177755f,0.811488310203009f,-0.4413202107911216f,0.875f,0.2966393599502005f,-0.3443927959665579f,-0.8907293035567384f,-0.009829677782782268f,0f,0f,0f,1f],start_interpolation:0}
execute if entity @s[tag=aj.tutankhamen.bone.right_foot] run data modify entity @s {} merge value {transformation:[-0.9132004744765104f,0.40748070766488154f,-0.004936222928894229f,-0.2446417905967026f,0.39570537680265466f,0.8895752703932368f,0.22819529590740617f,0.5442471853995757f,0.09737632250883926f,0.2064347625418912f,-0.9736028659720182f,0.25490281715049573f,0f,0f,0f,1f],start_interpolation:0}
execute if entity @s[tag=aj.tutankhamen.bone.right_leg] run data modify entity @s {} merge value {transformation:[-0.9132004744765104f,0.28084804628623616f,-0.29527828960673785f,-0.0932332555190833f,0.39570537680265466f,0.7842711031440165f,-0.47784525899367947f,0.875f,0.09737632250883926f,-0.5532117240898565f,-0.8273298254893167f,0.009829677782782268f,0f,0f,0f,1f],start_interpolation:0}