execute if entity @s[tag=aj.red_knight.bone.head] run data modify entity @s {} merge value {transformation:[-0.982501980431213f,-0.15515497350555046f,-0.10303782143095187f,-0.08029851991417845f,-0.17690678339917593f,0.9504313903845597f,0.255703269746458f,1.4031366765696152f,0.0582567458420212f,0.26945705848644f,-0.9612486906080723f,0.06629325796883205f,0f,0f,0f,1f],start_interpolation:0}
execute if entity @s[tag=aj.red_knight.bone.body] run data modify entity @s {} merge value {transformation:[-0.9667500674447241f,-0.1418755602638574f,-0.2127572149080688f,0.6211197419184278f,-0.1928068387974013f,0.9509331117585722f,0.24197466783552313f,0.42159443657956325f,0.16798758885279144f,0.2749500724876708f,-0.9466692282051055f,0.185933617308968f,0f,0f,0f,1f],start_interpolation:0}
execute if entity @s[tag=aj.red_knight.bone.left_hand] run data modify entity @s {} merge value {transformation:[-0.8719351043506622f,-0.4871156555962425f,0.04947233443090135f,0.43643198287906493f,-0.48750464595287063f,0.8543367608587076f,-0.18013305976365873f,1.2080621943014904f,0.0454795995515167f,-0.18118233114322846f,-0.9823973579494905f,-0.1817728955602575f,0f,0f,0f,1f],start_interpolation:0}
execute if entity @s[tag=aj.red_knight.bone.left_arm] run data modify entity @s {} merge value {transformation:[-0.8719351043506622f,-0.38735040182627817f,-0.29948095099024397f,0.2608890382864366f,-0.48750464595287063f,0.7436401727740003f,0.4575352594183549f,1.4099807079213111f,0.0454795995515167f,0.5449394091471784f,-0.8372410921490643f,-0.008636855229794446f,0f,0f,0f,1f],start_interpolation:0}
execute if entity @s[tag=aj.red_knight.bone.weapon] run data modify entity @s {} merge value {transformation:[0.000007398560215959177f,-1.1133196499390989e-7f,-0.000014934078133657076f,-0.440682282217722f,0.000012312613911652391f,0.00000947766537460339f,0.0000060291936017518576f,1.01406715210022f,0.000008452137195478297f,-0.000013709093406144417f,0.000004289511928902607f,0.4770118796173637f,0f,0f,0f,1f],start_interpolation:0}
execute if entity @s[tag=aj.red_knight.bone.right_hand] run data modify entity @s {} merge value {transformation:[-0.763008492419659f,-0.46389408509903246f,-0.45013366715411407f,-0.5856491838111696f,0.4792778219716631f,0.06124191175550615f,-0.8755239560461091f,1.0332052495238158f,0.4337174308943299f,-0.883771297369779f,0.17560604797033502f,0.2008333491893077f,0f,0f,0f,1f],start_interpolation:0}
execute if entity @s[tag=aj.red_knight.bone.right_arm] run data modify entity @s {} merge value {transformation:[-0.763008492419659f,0.4294704638500147f,-0.483087115514306f,-0.4037516330818113f,0.4792778219716631f,0.8773619859120352f,0.02299380443920465f,1.2774260062480978f,0.4337174308943299f,-0.21398847248611974f,-0.8752703146922551f,0.10685461210649967f,0f,0f,0f,1f],start_interpolation:0}
execute if entity @s[tag=aj.red_knight.bone.waist] run data modify entity @s {} merge value {transformation:[-0.9908143866806547f,0.12026953119770346f,-0.06182306213803085f,-0.2215214218104096f,0.1329921986619809f,0.9494386254420902f,-0.2843929879826266f,0.7340506755200873f,0.02449339179636833f,-0.2900026489260379f,-0.9567123587443567f,-0.06847356815422122f,0f,0f,0f,1f],start_interpolation:0}
execute if entity @s[tag=aj.red_knight.bone.left_foot] run data modify entity @s {} merge value {transformation:[-0.9696073506520201f,-0.2242247238673672f,-0.09790229194545727f,0.21172693565131354f,-0.21854437476314276f,0.6138242570200311f,0.7585895713448702f,0.21994499972305254f,-0.10999973554948944f,0.7569300196850497f,-0.6441715636991692f,0.013885309674325996f,0f,0f,0f,1f],start_interpolation:0}
execute if entity @s[tag=aj.red_knight.bone.left_leg] run data modify entity @s {} merge value {transformation:[-0.9696073506520201f,-0.22918413294330306f,0.08565172951316867f,0.1190182643442161f,-0.21854437476314276f,0.9686729212155203f,0.1179454448598059f,0.6942823048781068f,-0.10999973554948944f,0.09564206663815303f,-0.9893192878278607f,-0.11132172418445332f,0f,0f,0f,1f],start_interpolation:0}
execute if entity @s[tag=aj.red_knight.bone.right_foot] run data modify entity @s {} merge value {transformation:[-0.9965000861729765f,0.05037760320935997f,-0.06670588693759147f,-0.16545705420531692f,0.06387857216695339f,0.9736430466501877f,-0.21894918526373092f,0.45361504304027533f,0.053917587809190606f,-0.2224439587955142f,-0.9734534292508388f,0.31059703104935343f,0f,0f,0f,1f],start_interpolation:0}
execute if entity @s[tag=aj.red_knight.bone.right_leg] run data modify entity @s {} merge value {transformation:[-0.9902904930679491f,0.02856223539487146f,0.1360475580394085f,-0.1286853323259476f,-0.058489669076810726f,0.8022133606106069f,-0.5941655347368453f,0.727530354543602f,-0.12610986460433396f,-0.5963538570069653f,-0.7927536687284344f,-0.10519837623536124f,0f,0f,0f,1f],start_interpolation:0}