execute if entity @s[tag=aj.red_knight.bone.head] run data modify entity @s {} merge value {transformation:[-0.9994882233671876f,0.011157970465781278f,-0.029979843985380283f,0.029517886327797414f,0.0019470784841582323f,0.9566768689854803f,0.291145285439271f,1.0138609374231515f,0.03192961377278966f,0.29093791097624716f,-0.9562089895630024f,0.2740722322190241f,0f,0f,0f,1f],start_interpolation:0}
execute if entity @s[tag=aj.red_knight.bone.body] run data modify entity @s {} merge value {transformation:[-0.9429084199741431f,0.041853186906428634f,-0.330411897920823f,0.5948589702446598f,-0.17921593381209808f,0.7724377898239229f,0.6092795006561363f,0.020790866245581463f,0.280722924980705f,0.6337098481148202f,-0.7208373379567466f,-0.1308078180021283f,0f,0f,0f,1f],start_interpolation:0}
execute if entity @s[tag=aj.red_knight.bone.left_hand] run data modify entity @s {} merge value {transformation:[-0.8891856798907953f,-0.4000054991027797f,-0.22213605597624125f,0.4633466645428935f,-0.44460978521056677f,0.6407515216748704f,0.6259070429116065f,1.015542232043997f,-0.10803224320617118f,0.6553114436349132f,-0.747593436480664f,-0.16004506246152464f,0f,0f,0f,1f],start_interpolation:0}
execute if entity @s[tag=aj.red_knight.bone.left_arm] run data modify entity @s {} merge value {transformation:[-0.8891856798907953f,-0.18158632971987693f,-0.41997051269822244f,0.3510268315122573f,-0.44460978521056677f,0.12619178348393095f,0.8867907152627154f,1.027189052807065f,-0.10803224320617118f,0.9752446045172507f,-0.19294298584772102f,0.13796686124973048f,0f,0f,0f,1f],start_interpolation:0}
execute if entity @s[tag=aj.red_knight.bone.weapon] run data modify entity @s {} merge value {transformation:[0.00001191653440510394f,0.00000694404195094241f,-0.000009357043706924939f,-0.4873060991266111f,2.2626523416250104e-7f,0.000013243367018029458f,0.00001011631414337043f,0.5075475394855404f,0.000011650012428901568f,-0.000007360114753663778f,0.00000937463060590216f,0.5919893307554684f,0f,0f,0f,1f],start_interpolation:0}
execute if entity @s[tag=aj.red_knight.bone.right_hand] run data modify entity @s {} merge value {transformation:[-0.4085628972972886f,-0.23476717332518812f,-0.8820208236095936f,-0.5606708407907324f,0.528311646330751f,0.727187238158664f,-0.4382756267583967f,0.7347935514101229f,0.7442870167504846f,-0.6450450333023854f,-0.17307149305587016f,0.39041275784847296f,0f,0f,0f,1f],start_interpolation:0}
execute if entity @s[tag=aj.red_knight.bone.right_arm] run data modify entity @s {} merge value {transformation:[-0.4085628972972886f,0.7613214479669946f,-0.5034540811409551f,-0.2972227072199661f,0.528311646330751f,0.6470528793497496f,0.5497357325811099f,0.9039780983112478f,0.7442870167504846f,-0.04137903080832811f,-0.6665767866540412f,0.33096387217396517f,0f,0f,0f,1f],start_interpolation:0}
execute if entity @s[tag=aj.red_knight.bone.waist] run data modify entity @s {} merge value {transformation:[-0.9985281678870875f,0.03989795557547462f,-0.03673759759366059f,-0.21943223110508842f,0.05334316833856281f,0.8448459002852239f,-0.5323437903863003f,0.4503511165135641f,0.00979817981362007f,-0.5335199695532932f,-0.8457307123193487f,-0.06149932434861774f,0f,0f,0f,1f],start_interpolation:0}
execute if entity @s[tag=aj.red_knight.bone.left_foot] run data modify entity @s {} merge value {transformation:[-0.9736825081983582f,0.13443917545020714f,-0.18403391353993015f,0.23073063851066233f,-0.13206836765288157f,0.32526525883840307f,0.9363548780554783f,0.028619634409101702f,0.18574261625716745f,0.9360174247828161f,-0.29894993060525626f,0.1792142841447811f,0f,0f,0f,1f],start_interpolation:0}
execute if entity @s[tag=aj.red_knight.bone.left_leg] run data modify entity @s {} merge value {transformation:[-0.9736825081983582f,-0.176217141020324f,-0.14453336099038627f,0.12328718223716281f,-0.13206836765288157f,0.9530992201097701f,-0.27232301204938814f,0.42857937613956787f,0.18574261625716745f,-0.24606786835499495f,-0.9512887493653919f,-0.09963278294379949f,0f,0f,0f,1f],start_interpolation:0}
execute if entity @s[tag=aj.red_knight.bone.right_foot] run data modify entity @s {} merge value {transformation:[-0.9977743481650534f,0.06397545454374057f,0.018801365900502895f,-0.1768148656239929f,0.06207177465503036f,0.9941292396770229f,-0.08862364024547753f,0.49411155776714644f,-0.024360725255581854f,-0.08725936073056284f,-0.9958877241084536f,0.3967761667679393f,0f,0f,0f,1f],start_interpolation:0}
execute if entity @s[tag=aj.red_knight.bone.right_leg] run data modify entity @s {} merge value {transformation:[-0.9855105205535009f,0.0480221484861464f,0.16267417475783386f,-0.12634485973460907f,-0.14666515472854935f,0.240468913409708f,-0.9595123939126609f,0.4419151682242085f,-0.08519592869860887f,-0.9694681918135988f,-0.22994146819321792f,-0.09718323799039447f,0f,0f,0f,1f],start_interpolation:0}