execute if entity @s[tag=aj.red_knight.bone.head] run data modify entity @s {} merge value {transformation:[-0.7311242010473002f,-0.6037524157848952f,0.31771122592198325f,-0.38762045639914516f,0.023930654017790154f,0.4427040867325688f,0.8963483783599784f,0.9855559785059413f,-0.6818245569361867f,0.6629450294135893f,-0.3092234815381705f,-0.24459732318931643f,0f,0f,0f,1f],start_interpolation:0}
execute if entity @s[tag=aj.red_knight.bone.body] run data modify entity @s {} merge value {transformation:[0.012620441795716864f,-0.6201927302386323f,0.7843479469011388f,-0.16551753170282457f,0.148361239613229f,0.7768895656095062f,0.6119081184520261f,-0.16683197739827893f,-0.9888527023926802f,0.10864428289709369f,0.10181725180179102f,0.05937447225926318f,0f,0f,0f,1f],start_interpolation:0}
execute if entity @s[tag=aj.red_knight.bone.left_hand] run data modify entity @s {} merge value {transformation:[0.34030775513025235f,0.1750246269624786f,0.9238814922677328f,-0.1777908214815595f,-0.2059205165436957f,0.9725468927788278f,-0.10839410598655458f,0.6879118275799251f,-0.9174897125660786f,-0.15335879923529677f,0.36700641143244644f,0.26617027579698416f,0f,0f,0f,1f],start_interpolation:0}
execute if entity @s[tag=aj.red_knight.bone.left_arm] run data modify entity @s {} merge value {transformation:[0.34030775513025235f,-0.6293603226898866f,0.6986388308860949f,-0.3531966876265083f,-0.2059205165436957f,0.6750701095755383f,0.7084328394590754f,0.8860012045382998f,-0.9174897125660786f,-0.3849492581904167f,0.10013339080477654f,0.088530525577099f,0f,0f,0f,1f],start_interpolation:0}
execute if entity @s[tag=aj.red_knight.bone.weapon] run data modify entity @s {} merge value {transformation:[0.7004866855958625f,-0.2821707016799918f,1.4857576774811296f,-0.2826565653764057f,0.12672327601452502f,1.6425921425557175f,0.2522103136434797f,0.6993249364865115f,-1.506996148766428f,0.006966068146156505f,0.71182291286212f,-0.9556084210100225f,0f,0f,0f,1f],start_interpolation:0}
execute if entity @s[tag=aj.red_knight.bone.right_hand] run data modify entity @s {} merge value {transformation:[0.09978274294101305f,0.5714948264452965f,0.8145164624226007f,-0.10406443211225055f,0.6987864358697107f,0.5425049074924814f,-0.466246654026687f,0.868857720077912f,-0.7083367287213576f,0.6156964257593466f,-0.3452202051611272f,-0.7632032879602267f,0f,0f,0f,1f],start_interpolation:0}
execute if entity @s[tag=aj.red_knight.bone.right_arm] run data modify entity @s {} merge value {transformation:[0.09978274294101305f,-0.7495016971068451f,0.6544391570231158f,-0.34452013389195296f,0.6987864358697107f,0.5210111645962869f,0.49014781791876594f,0.9879995567723947f,-0.7083367287213576f,0.4084049123112743f,0.5757295427059008f,-0.5913057073178687f,0f,0f,0f,1f],start_interpolation:0}
execute if entity @s[tag=aj.red_knight.bone.waist] run data modify entity @s {} merge value {transformation:[-0.3826834323650897f,0.3456978911114761f,0.8567650545361614f,-0.12152270767018104f,0f,0.9273558125130288f,-0.37418070099659106f,0.39857045800638746f,-0.9238795325112866f,-0.1431927549821508f,-0.3548837053562025f,-0.4989369401606712f,0f,0f,0f,1f],start_interpolation:0}
execute if entity @s[tag=aj.red_knight.bone.left_foot] run data modify entity @s {} merge value {transformation:[-0.9640047661938564f,0.0781155559100266f,0.25415107845609264f,-0.08459595816052842f,0.07276069762322021f,0.9968854824967223f,-0.03041735801576706f,0.4177376148435784f,-0.25573558930448026f,-0.010830268332065296f,-0.9666860988195418f,0.28793942547809803f,0f,0f,0f,1f],start_interpolation:0}
execute if entity @s[tag=aj.red_knight.bone.left_leg] run data modify entity @s {} merge value {transformation:[-0.9640047661938564f,0.2655409866182823f,0.013520176822685082f,0.04220015970819042f,0.07276069762322021f,0.31237194873158813f,-0.9471692808189105f,0.4013672456707601f,-0.25573558930448026f,-0.9120919636042293f,-0.3204489948364183f,-0.19468085344889385f,0f,0f,0f,1f],start_interpolation:0}
execute if entity @s[tag=aj.red_knight.bone.right_foot] run data modify entity @s {} merge value {transformation:[-0.07131199896635768f,-0.9872512389706183f,0.14230105394690895f,-0.30875221213498444f,0.2890596837750615f,0.11608760946436131f,0.9502463712873158f,-0.014205554001392173f,-0.9546512965576925f,0.10889746590177767f,0.27709609145725517f,-0.5324129725695349f,0f,0f,0f,1f],start_interpolation:0}
execute if entity @s[tag=aj.red_knight.bone.right_leg] run data modify entity @s {} merge value {transformation:[-0.07131199896635768f,0.18522890909445058f,0.9801045097534762f,-0.053470698383082015f,0.2890596837750615f,0.9442782768936648f,-0.15742628434474562f,0.4013672456707601f,-0.9546512965576925f,0.2720823166293815f,-0.12088058139463653f,-0.4256507365767155f,0f,0f,0f,1f],start_interpolation:0}