execute if entity @s[tag=aj.red_knight.bone.head] run data modify entity @s {} merge value {transformation:[-0.9856234286948233f,0.16301229279670626f,0.04442352085350093f,0.03647444018485464f,0.15891445047280187f,0.8051257907335598f,0.571418111829322f,1.4270977783803387f,0.05738165420051866f,0.5702626180040395f,-0.8194558513235419f,0.36743903198831857f,0f,0f,0f,1f],start_interpolation:0}
execute if entity @s[tag=aj.red_knight.bone.body] run data modify entity @s {} merge value {transformation:[-0.7206597739666986f,0.04266090050454109f,-0.6919750990855151f,0.677610358269961f,-0.28305270924405357f,0.893023955098995f,0.3498419348919584f,0.4918338132935146f,0.6328749117921076f,0.4479824362488887f,-0.6314911581618876f,-0.061457940082176823f,0f,0f,0f,1f],start_interpolation:0}
execute if entity @s[tag=aj.red_knight.bone.left_hand] run data modify entity @s {} merge value {transformation:[-0.6778339380881157f,-0.714900943776463f,-0.17163272695928064f,0.41421440957876154f,-0.6675114397044136f,0.69626104546475f,-0.26391103507067365f,1.3142618859757924f,0.30817142995368246f,-0.06432104753388168f,-0.9491539246109909f,-0.12335254970001654f,0f,0f,0f,1f],start_interpolation:0}
execute if entity @s[tag=aj.red_knight.bone.left_arm] run data modify entity @s {} merge value {transformation:[-0.6778339380881157f,-0.28900754318041866f,-0.6760294315788143f,0.28153493120437345f,-0.6675114397044136f,0.6273303327840906f,0.40110488831818436f,1.468583149989295f,0.30817142995368246f,0.7231398851908395f,-0.6181416311869651f,0.12188937879422597f,0f,0f,0f,1f],start_interpolation:0}
execute if entity @s[tag=aj.red_knight.bone.weapon] run data modify entity @s {} merge value {transformation:[0.000016061369038397742f,0.0000037394453599497963f,-0.0000024138663571386687f,-0.25348408289293567f,0.000001432613612638738f,0.000004214512611669475f,0.000016061235303074874f,1.1476437603441527f,0.0000042140029220514505f,-0.00001568541391305331f,0.0000037400197227973273f,1.078408796765409f,0f,0f,0f,1f],start_interpolation:0}
execute if entity @s[tag=aj.red_knight.bone.right_hand] run data modify entity @s {} merge value {transformation:[0.06871669881568684f,-0.44561575341426024f,-0.8925831141204246f,-0.39273900583489196f,0.933728740736498f,0.3438013582501344f,-0.0997560263242062f,1.2550816847973196f,0.3513241438138107f,-0.826575602334356f,0.4397091306751414f,0.8201039210359228f,0f,0f,0f,1f],start_interpolation:0}
execute if entity @s[tag=aj.red_knight.bone.right_arm] run data modify entity @s {} merge value {transformation:[0.06871669881568684f,0.5859684355620499f,-0.8074150158554383f,-0.2139186633977318f,0.933728740736498f,0.2472344764247035f,0.2588933224122162f,1.2739844123840083f,0.3513241438138107f,-0.7716969004680307f,-0.5301464323953586f,0.5569908806513f,0f,0f,0f,1f],start_interpolation:0}
execute if entity @s[tag=aj.red_knight.bone.waist] run data modify entity @s {} merge value {transformation:[-0.9644974429621579f,0.006781317078029064f,-0.2640051065001321f,-0.201914144833865f,0.05330654591653414f,0.9840928810921239f,-0.16946862112571598f,0.7729834544932577f,0.2586563254241181f,-0.17752525206992464f,-0.9495165560408109f,0.1634479049644369f,0f,0f,0f,1f],start_interpolation:0}
execute if entity @s[tag=aj.red_knight.bone.left_foot] run data modify entity @s {} merge value {transformation:[-0.9809962436827127f,-0.07447526966761772f,-0.1791641819347371f,0.21217097188679984f,-0.16321909564136375f,0.8160339090735226f,0.5544801042960886f,0.2841119795213795f,0.1049089924573833f,0.573185915257974f,-0.8126819856816412f,0.14229300234241915f,0f,0f,0f,1f],start_interpolation:0}
execute if entity @s[tag=aj.red_knight.bone.left_leg] run data modify entity @s {} merge value {transformation:[-0.9809962436827127f,-0.14704101107074466f,-0.12659111715954283f,0.12148764968559184f,-0.16321909564136375f,0.9781649400466813f,0.12865798413424562f,0.7647398861913348f,0.1049089924573833f,0.14687508681449535f,-0.9835760327370788f,0.042088568660028414f,0f,0f,0f,1f],start_interpolation:0}
execute if entity @s[tag=aj.red_knight.bone.right_foot] run data modify entity @s {} merge value {transformation:[-0.8898946660205442f,0.13828975101634405f,-0.43469923872951677f,-0.09610321988728515f,0.23196765865556476f,0.9577182546349442f,-0.17019621052435896f,0.43974914883761007f,0.39278300462983273f,-0.252292864549979f,-0.8843471161094645f,0.473161038950181f,0f,0f,0f,1f],start_interpolation:0}
execute if entity @s[tag=aj.red_knight.bone.right_leg] run data modify entity @s {} merge value {transformation:[-0.9708390688475173f,0.03666297750790681f,-0.236912069087964f,-0.11963671105494764f,0.14180907643916243f,0.8846240284420519f,-0.4442189934507842f,0.7780665226704684f,0.19329171797766528f,-0.4648614356807959f,-0.8640267110327272f,0.10675265001605794f,0f,0f,0f,1f],start_interpolation:0}