execute if entity @s[tag=aj.red_knight.bone.head] run data modify entity @s {} merge value {transformation:[-0.9958389841329716f,0.09095998724329732f,-0.0055676208303236385f,-0.008773094367030186f,0.07394377862732852f,0.8422310717340378f,0.5340216656728891f,1.4909759248782675f,0.05326382715618261f,0.5313879021265289f,-0.8454524600415112f,0.1936947623453225f,0f,0f,0f,1f],start_interpolation:0}
execute if entity @s[tag=aj.red_knight.bone.body] run data modify entity @s {} merge value {transformation:[-0.835647790617157f,-0.029696644107551257f,-0.5484622861833013f,0.686864594683964f,-0.22611155347473402f,0.9286027987595327f,0.29422849542694773f,0.5212486690965425f,0.5005660150488711f,0.36988505169134955f,-0.7826996314764567f,-0.019480793161956993f,0f,0f,0f,1f],start_interpolation:0}
execute if entity @s[tag=aj.red_knight.bone.left_hand] run data modify entity @s {} merge value {transformation:[-0.754814647449678f,-0.6555412437593364f,-0.022815032892382126f,0.44865200960227786f,-0.6055514066217546f,0.709779827356297f,-0.35988899763188054f,1.3229264626997674f,0.2521157312303872f,-0.2578338116084223f,-0.9327161324098774f,-0.19639540699909971f,0f,0f,0f,1f],start_interpolation:0}
execute if entity @s[tag=aj.red_knight.bone.left_arm] run data modify entity @s {} merge value {transformation:[-0.754814647449678f,-0.3876455047114672f,-0.5291368543887395f,0.2803368739143395f,-0.6055514066217546f,0.7218707093658528f,0.3349778692660977f,1.5106640964627367f,0.2521157312303872f,0.5732657687640457f,-0.7796178656428642f,-0.0014926210584362484f,0f,0f,0f,1f],start_interpolation:0}
execute if entity @s[tag=aj.red_knight.bone.weapon] run data modify entity @s {} merge value {transformation:[0.000014448707430626001f,0.000005575127975418464f,-0.000006158780676372307f,-0.41975184389067816f,0.0000035883458641469415f,0.000006955486394634691f,0.000014714712391042134f,1.157715362447631f,0.000007492423194214942f,-0.000014082504565933428f,0.00000482953803246562f,0.8108195312805868f,0f,0f,0f,1f],start_interpolation:0}
execute if entity @s[tag=aj.red_knight.bone.right_hand] run data modify entity @s {} merge value {transformation:[-0.1804259168680618f,-0.34972684169442386f,-0.9193136704742086f,-0.5290414819201856f,0.8728922487013541f,0.3738404589401057f,-0.31353218880450595f,1.274540505866414f,0.4533272666401311f,-0.8590311097148312f,0.2378233417112226f,0.542372309494702f,0f,0f,0f,1f],start_interpolation:0}
execute if entity @s[tag=aj.red_knight.bone.right_arm] run data modify entity @s {} merge value {transformation:[-0.1804259168680618f,0.7155004159391225f,-0.6749115818485125f,-0.29417098213495596f,0.8728922487013541f,0.4327285220040876f,0.225399974270742f,1.3552124034488569f,0.4533272666401311f,-0.5484570913345f,-0.7026302073534039f,0.34264651428766263f,0f,0f,0f,1f],start_interpolation:0}
execute if entity @s[tag=aj.red_knight.bone.waist] run data modify entity @s {} merge value {transformation:[-0.9761049079596595f,0.04186514599739412f,-0.21322879310187326f,-0.20831464075945114f,0.07966795166348428f,0.9818848030489741f,-0.1719164070681503f,0.8206328897464653f,0.2021688060379478f,-0.18479594988011538f,-0.9617578857348125f,0.026953088377167762f,0f,0f,0f,1f],start_interpolation:0}
execute if entity @s[tag=aj.red_knight.bone.left_foot] run data modify entity @s {} merge value {transformation:[-0.9852192441494595f,-0.10919728893416399f,-0.13198103290623392f,0.20673292490883216f,-0.16516140271872487f,0.809928378886104f,0.5627945736473573f,0.3279062933704799f,0.04543954235630948f,0.5762742169873265f,-0.815992202674813f,0.051140212159048584f,0f,0f,0f,1f],start_interpolation:0}
execute if entity @s[tag=aj.red_knight.bone.left_leg] run data modify entity @s {} merge value {transformation:[-0.9852192441494595f,-0.1603507358702034f,-0.060255144705261054f,0.12121216447345755f,-0.16516140271872487f,0.9825249136872829f,0.08582834634187222f,0.8032165936889031f,0.04543954235630948f,0.09451156273007806f,-0.9944862052843004f,-0.07548480934446648f,0f,0f,0f,1f],start_interpolation:0}
execute if entity @s[tag=aj.red_knight.bone.right_foot] run data modify entity @s {} merge value {transformation:[-0.9295057570953245f,0.10280064405598385f,-0.35419073266860435f,-0.11941205665321492f,0.18091164063673948f,0.9639776556892359f,-0.19498219819770135f,0.4659287908713772f,0.321387656590559f,-0.24531430230127113f,-0.914620613849081f,0.3238563915302946f,0f,0f,0f,1f],start_interpolation:0}
execute if entity @s[tag=aj.red_knight.bone.right_leg] run data modify entity @s {} merge value {transformation:[-0.9887124923073738f,0.045127167922944786f,-0.14286758299416896f,-0.12281406251645734f,0.0997474574252825f,0.9097783987635941f,-0.40293139599731076f,0.8231335816047741f,0.1117946881230628f,-0.4126339829175545f,-0.9040105883500826f,-0.02494260783497954f,0f,0f,0f,1f],start_interpolation:0}