execute if entity @s[tag=aj.red_knight.bone.head] run data modify entity @s {} merge value {transformation:[-0.9997377278894453f,0.01752002378040127f,-0.014748701677896409f,1.5528344076383826e-16f,0.0012543457839391692f,0.6849314641860365f,0.7286064204936895f,8.735961796957543f,0.022867051648687124f,0.7283968273782545f,-0.6847738019333025f,-1.267985519350989f,0f,0f,0f,1f],start_interpolation:0}
execute if entity @s[tag=aj.red_knight.bone.body] run data modify entity @s {} merge value {transformation:[-1f,-1.52668322664392e-18f,1.2245516348829091e-16f,0.4687500000000001f,0f,0.9999222924809749f,0.012466314595415251f,7.729806347178861f,-1.2246467991473532e-16f,0.012466314595415251f,-0.9999222924809749f,-0.7804906877059168f,0f,0f,0f,1f],start_interpolation:0}
execute if entity @s[tag=aj.red_knight.bone.left_hand] run data modify entity @s {} merge value {transformation:[-0.7974005338951251f,-0.5712347620649021f,0.19453337799057593f,0.5746837473726849f,-0.5680082826352586f,0.8193491370755838f,0.07767613810714591f,8.513148946924412f,-0.20376206565873267f,-0.04855757595011312f,-0.977815515532626f,-1.4188657540353788f,0f,0f,0f,1f],start_interpolation:0}
execute if entity @s[tag=aj.red_knight.bone.left_arm] run data modify entity @s {} merge value {transformation:[-0.7974005338951251f,-0.579507884813566f,-0.1682943848816008f,0.34375000000000017f,-0.5680082826352586f,0.6266183181368774f,0.5335879254940608f,8.673466653677483f,-0.20376206565873267f,0.5210759012027114f,-0.8288310598573562f,-1.2687646640132024f,0f,0f,0f,1f],start_interpolation:0}
execute if entity @s[tag=aj.red_knight.bone.weapon] run data modify entity @s {} merge value {transformation:[-0.000006537182142242682f,0.000014171690922248971f,-0.000005848606998351605f,-0.8837585000411365f,-8.436533618963633e-7f,0.00000601593962197252f,0.000015520131998392282f,8.435831555290369f,0.000015307882819707045f,0.000006383527602102549f,-0.0000016422779025154465f,-1.296281662296878f,0f,0f,0f,1f],start_interpolation:0}
execute if entity @s[tag=aj.red_knight.bone.right_hand] run data modify entity @s {} merge value {transformation:[-0.4994939592770309f,0.8153641839484173f,-0.2927234739133291f,-0.6289571925572561f,0.86159055163422f,0.5027998630073606f,-0.06967079082671623f,8.59295651248017f,0.0903742550751942f,-0.2870079185212688f,-0.9536555713283977f,-1.3859716368347745f,0f,0f,0f,1f],start_interpolation:0}
execute if entity @s[tag=aj.red_knight.bone.right_arm] run data modify entity @s {} merge value {transformation:[-0.4994939592770309f,0.812764224327814f,0.29986680426242995f,-0.34374999999999983f,0.86159055163422f,0.42995056215824773f,0.26982259993271f,8.673466653677483f,0.0903742550751942f,0.3931371640440694f,-0.9150276849729686f,-1.2687646640132024f,0f,0f,0f,1f],start_interpolation:0}
execute if entity @s[tag=aj.red_knight.bone.waist] run data modify entity @s {} merge value {transformation:[-1f,8.27359385291814e-17f,9.029043306084034e-17f,-0.21874999999999983f,0f,0.7372773368101241f,-0.6755902076156601f,8.030370655443328f,-1.2246467991473532e-16f,-0.6755902076156601f,-0.7372773368101241f,-1.2018842870151607f,0f,0f,0f,1f],start_interpolation:0}
execute if entity @s[tag=aj.red_knight.bone.left_foot] run data modify entity @s {} merge value {transformation:[-0.8839114305975972f,-0.03871574568980171f,-0.4660490037480945f,0.31231873625712636f,0.16879013131558818f,0.9029803202764584f,-0.3951410289553479f,7.870615784353089f,0.4361312582576205f,-0.42793414473386804f,-0.7916197908980784f,-0.7977241448314588f,0f,0f,0f,1f],start_interpolation:0}
execute if entity @s[tag=aj.red_knight.bone.left_leg] run data modify entity @s {} merge value {transformation:[-0.8839114305975972f,-0.2561496363525441f,-0.39126454817088685f,0.12500000000000014f,0.16879013131558818f,0.6055142520917621f,-0.7777289901271652f,8.020778419842996f,0.4361312582576205f,-0.7534851387454256f,-0.4919854380572777f,-1.2354803007844717f,0f,0f,0f,1f],start_interpolation:0}
execute if entity @s[tag=aj.red_knight.bone.right_foot] run data modify entity @s {} merge value {transformation:[-0.9860183144765508f,-0.15775104587718863f,-0.053688835352192765f,-0.08310090021037435f,-0.10372645810676377f,0.8331976511297838f,-0.5431597334490439f,7.720789708008915f,0.1304174275373024f,-0.5299964921359989f,-0.8379111008442891f,-0.8385938984803012f,0f,0f,0f,1f],start_interpolation:0}
execute if entity @s[tag=aj.red_knight.bone.right_leg] run data modify entity @s {} merge value {transformation:[-0.9754016654548735f,-0.14896288836166538f,0.16248584221035728f,-0.12499999999999985f,-0.21271895328652712f,0.8293908917719086f,-0.5165862905250992f,8.020778419842996f,-0.05781209164650067f,-0.538442946408204f,-0.8406764868382537f,-1.2354803007844717f,0f,0f,0f,1f],start_interpolation:0}