execute if entity @s[tag=aj.red_knight.bone.head] run data modify entity @s {} merge value {transformation:[-0.9998640352239713f,0.012499362604148438f,-0.010755324268801297f,1.0512160433373762e-16f,0.0002869834783853774f,0.6653356017081536f,0.7465443421124645f,5.943098658459041f,0.01648722857608835f,0.7464397517778237f,-0.6652487266126413f,-0.8583830407830843f,0f,0f,0f,1f],start_interpolation:0}
execute if entity @s[tag=aj.red_knight.bone.body] run data modify entity @s {} merge value {transformation:[-1f,-6.1043604325037864e-18f,1.2231244666970187e-16f,0.46875000000000006f,0f,0.9987569212189223f,0.04984588566069725f,4.919418794409769f,-1.2246467991473532e-16f,0.04984588566069725f,-0.9987569212189223f,-0.40885046583432033f,0f,0f,0f,1f],start_interpolation:0}
execute if entity @s[tag=aj.red_knight.bone.left_hand] run data modify entity @s {} merge value {transformation:[-0.7974005338951251f,-0.5712347620649021f,0.19453337799057593f,0.5746837473726848f,-0.5599921701798708f,0.8205917959033351f,0.11418350946339756f,5.726083212552562f,-0.22485808386848843f,-0.01788717710523141f,-0.9742273302541853f,-1.0174890042046847f,0f,0f,0f,1f],start_interpolation:0}
execute if entity @s[tag=aj.red_knight.bone.left_arm] run data modify entity @s {} merge value {transformation:[-0.7974005338951251f,-0.579507884813566f,-0.1682943848816008f,0.3437500000000001f,-0.5599921701798708f,0.6066964766929206f,0.5642057731941734f,5.880676350882858f,-0.22485808386848843f,0.5441415225906797f,-0.8082999724803214f,-0.8614984086368779f,0f,0f,0f,1f],start_interpolation:0}
execute if entity @s[tag=aj.red_knight.bone.weapon] run data modify entity @s {} merge value {transformation:[-0.000006537182142242682f,0.000014171690922248971f,-0.000005848606998351605f,-0.8837585000411367f,-0.00000141544341961103f,0.000005773044983463089f,0.00001557068557651105f,5.644236323010881f,0.000015265632883794925f,0.000006604006798977093f,-0.000001060813194695997f,-0.8978816245460823f,0f,0f,0f,1f],start_interpolation:0}
execute if entity @s[tag=aj.red_knight.bone.right_hand] run data modify entity @s {} merge value {transformation:[-0.4994939592770309f,0.8153641839484173f,-0.2927234739133291f,-0.6289571925572562f,0.8576088441580063f,0.5131798263110382f,-0.03396374963606233f,5.80460501873308f,0.12252695649416963f,-0.2680069278983371f,-0.9555937586290377f,-0.9816337895143127f,0f,0f,0f,1f],start_interpolation:0}
execute if entity @s[tag=aj.red_knight.bone.right_arm] run data modify entity @s {} merge value {transformation:[-0.4994939592770309f,0.812764224327814f,0.29986680426242995f,-0.3437499999999999f,0.8576088441580063f,0.4149500317108896f,0.30384789221763586f,5.880676350882858f,0.12252695649416963f,0.4089386101066252f,-0.904298821240157f,-0.8614984086368779f,0f,0f,0f,1f],start_interpolation:0}
execute if entity @s[tag=aj.red_knight.bone.waist] run data modify entity @s {} merge value {transformation:[-1f,8.27359385291814e-17f,9.029043306084034e-17f,-0.2187499999999999f,0f,0.7372773368101241f,-0.6755902076156601f,5.238235873983607f,-1.2246467991473532e-16f,-0.6755902076156601f,-0.7372773368101241f,-0.8156440403630573f,0f,0f,0f,1f],start_interpolation:0}
execute if entity @s[tag=aj.red_knight.bone.left_foot] run data modify entity @s {} merge value {transformation:[-0.888784953616423f,-0.017678944971971894f,-0.4579833633765869f,0.3125121167877586f,0.15927545507664287f,0.9250619686484448f,-0.34480673365001435f,5.086690165966832f,0.4297588110035454f,-0.37940454539309576f,-0.8193653368918392f,-0.40883569919058554f,0f,0f,0f,1f],start_interpolation:0}
execute if entity @s[tag=aj.red_knight.bone.left_leg] run data modify entity @s {} merge value {transformation:[-0.888784953616423f,-0.26218678461505934f,-0.37592472145134237f,0.12500000000000008f,0.15927545507664287f,0.5924050244965091f,-0.7897389545675323f,5.228643638383276f,0.4297588110035454f,-0.7617836811881092f,-0.4847607527846204f,-0.8492400541323684f,0f,0f,0f,1f],start_interpolation:0}
execute if entity @s[tag=aj.red_knight.bone.right_foot] run data modify entity @s {} merge value {transformation:[-0.9877960856019861f,-0.14614165827185893f,-0.053865656841303705f,-0.08867416487738199f,-0.09390204123096152f,0.8347056503335152f,-0.542631443941431f,4.9499306577922f,0.12426302717241633f,-0.5309511211202541f,-0.8382419740499113f,-0.4366057289997116f,0f,0f,0f,1f],start_interpolation:0}
execute if entity @s[tag=aj.red_knight.bone.right_leg] run data modify entity @s {} merge value {transformation:[-0.9754016654548735f,-0.13994401704248965f,0.17031518758428585f,-0.12499999999999989f,-0.21271895328652715f,0.8001952537619577f,-0.5607478959118086f,5.228643638383276f,-0.05781209164650067f,-0.5831837000044219f,-0.8102805280324887f,-0.8492400541323684f,0f,0f,0f,1f],start_interpolation:0}