execute if entity @s[tag=aj.red_knight.bone.head] run data modify entity @s {} merge value {transformation:[-0.9972328141529294f,0.06126315200188089f,-0.042113425215995204f,-0.02389025571332503f,0.03200693438503145f,0.8651047258599643f,0.5005690456330958f,1.5223471248640295f,0.0670989607065644f,0.497835956416921f,-0.8646716659926752f,0.10079541415235671f,0f,0f,0f,1f],start_interpolation:0}
execute if entity @s[tag=aj.red_knight.bone.body] run data modify entity @s {} merge value {transformation:[-0.8826619969217023f,-0.05387676801023393f,-0.46691015523220747f,0.6771894009700605f,-0.19552287507910737f,0.9454612805341208f,0.2605259532783259f,0.5382742153840773f,0.42740917691480657f,0.3212479741252108f,-0.8450568824697279f,0.0017278295831942847f,0f,0f,0f,1f],start_interpolation:0}
execute if entity @s[tag=aj.red_knight.bone.left_hand] run data modify entity @s {} merge value {transformation:[-0.791721839274859f,-0.6093527677414499f,0.04319413919814641f,0.46298644571538783f,-0.5709671322434741f,0.7129995299929709f,-0.40697445144316613f,1.3269050387866541f,0.21719360744022215f,-0.3468729950221514f,-0.9124177016101043f,-0.23261105182877984f,0f,0f,0f,1f],start_interpolation:0}
execute if entity @s[tag=aj.red_knight.bone.left_arm] run data modify entity @s {} merge value {transformation:[-0.791721839274859f,-0.4179575265009899f,-0.44551996055890525f,0.2828921037291498f,-0.5709671322434741f,0.7655910083764903f,0.29642358507840105f,1.5304667831390901f,0.21719360744022215f,0.48906228022026316f,-0.844775131589975f,-0.06620448879493371f,0f,0f,0f,1f],start_interpolation:0}
execute if entity @s[tag=aj.red_knight.bone.weapon] run data modify entity @s {} merge value {transformation:[0.000013272540140508556f,0.000005939103717651422f,-0.00000814521350409834f,-0.47439184586079763f,0.000004832582822027239f,0.000008069766936129592f,0.000013758734776227597f,1.170341772317574f,0.000008846671648965736f,-0.000013318546707704502f,0.0000047043056988101024f,0.6663206917455886f,0f,0f,0f,1f],start_interpolation:0}
execute if entity @s[tag=aj.red_knight.bone.right_hand] run data modify entity @s {} merge value {transformation:[-0.31421430650933485f,-0.3151280225792956f,-0.8955242592862132f,-0.5728693529168275f,0.8296070785173335f,0.3674558243548495f,-0.42039066643020623f,1.2851717174284645f,0.4615424843487245f,-0.8750260262031987f,0.14597256114847856f,0.39287505855708904f,0f,0f,0f,1f],start_interpolation:0}
execute if entity @s[tag=aj.red_knight.bone.right_arm] run data modify entity @s {} merge value {transformation:[-0.31421430650933485f,0.7337374067375154f,-0.6024108129333033f,-0.32393801915452053f,0.8296070785173335f,0.5207153008034325f,0.2015134506258222f,1.3960448065222038f,0.4615424843487245f,-0.43644586544415376f,-0.772329943533145f,0.22763932033399575f,0f,0f,0f,1f],start_interpolation:0}
execute if entity @s[tag=aj.red_knight.bone.waist] run data modify entity @s {} merge value {transformation:[-0.9804074114581011f,0.05962283791102832f,-0.1877403120202501f,-0.21120264485990717f,0.09297503113564544f,0.9803110637143493f,-0.17420063703834976f,0.8445505899973694f,0.17365756863249984f,-0.18824275698861925f,-0.9666476676110961f,-0.041407924991910455f,0f,0f,0f,1f],start_interpolation:0}
execute if entity @s[tag=aj.red_knight.bone.left_foot] run data modify entity @s {} merge value {transformation:[-0.9857908614413551f,-0.1250144819370086f,-0.11219517282277497f,0.20355302715450233f,-0.16690713910622f,0.8042597269803184f,0.5703580441029307f,0.34980740521581694f,0.018931043660821323f,0.5809799229436116f,-0.8136976986094694f,0.003690284232258978f,0f,0f,0f,1f],start_interpolation:0}
execute if entity @s[tag=aj.red_knight.bone.left_leg] run data modify entity @s {} merge value {transformation:[-0.9857908614413551f,-0.16517823077397514f,-0.030537347250381847f,0.12087712492054209f,-0.16690713910622f,0.9836766609492036f,0.06724755474515476f,0.8224640135075796f,0.018931043660821323f,0.07138892618750514f,-0.9972688889179823f,-0.1342517469001262f,0f,0f,0f,1f],start_interpolation:0}
execute if entity @s[tag=aj.red_knight.bone.right_foot] run data modify entity @s {} merge value {transformation:[-0.9473370706384433f,0.08775582752750845f,-0.3079795274513146f,-0.12919504166815016f,0.15407031755325307f,0.9679984217887698f,-0.19809440341284423f,0.4801820127651189f,0.28073975821606145f,-0.2351126754333187f,-0.9305413574943211f,0.2492123386267822f,0f,0f,0f,1f],start_interpolation:0}
execute if entity @s[tag=aj.red_knight.bone.right_leg] run data modify entity @s {} merge value {transformation:[-0.9945841997734008f,0.044961962133163724f,-0.09370534414983862f,-0.12422472794398318f,0.0777204127390109f,0.9203393405211544f,-0.3833210609042561f,0.845707771291491f,0.06900584761294903f,-0.38852788863892707f,-0.918849428766757f,-0.09083735474200125f,0f,0f,0f,1f],start_interpolation:0}