execute if entity @s[tag=aj.red_knight.bone.head] run data modify entity @s {} merge value {transformation:[-0.7355385831828475f,-0.6168264534435242f,0.28019300309189227f,-0.40335087982850043f,-0.04231192906475467f,0.45459697636140395f,0.8896916824057017f,0.9758441786995286f,-0.676160257119707f,0.642547053074989f,-0.36047273305544014f,-0.2737007043962699f,0f,0f,0f,1f],start_interpolation:0}
execute if entity @s[tag=aj.red_knight.bone.body] run data modify entity @s {} merge value {transformation:[0.056544825036687174f,-0.6453614077256008f,0.7617816853797426f,-0.16538570152871804f,0.1286590035170731f,0.7613506859192457f,0.6354462950275874f,-0.16353856263213884f,-0.9900755241776074f,0.062078872965968174f,0.12608199695321676f,0.06527732611940701f,0f,0f,0f,1f],start_interpolation:0}
execute if entity @s[tag=aj.red_knight.bone.left_hand] run data modify entity @s {} merge value {transformation:[0.4579212855518673f,0.23238085293776561f,0.8580834664684092f,-0.23594251161096982f,-0.29985612947313695f,0.9490408758348284f,-0.09699338952759035f,0.7048326628964204f,-0.8368956911443113f,-0.2128862493976023f,0.5042668410291392f,0.28181104479593466f,0f,0f,0f,1f],start_interpolation:0}
execute if entity @s[tag=aj.red_knight.bone.left_arm] run data modify entity @s {} merge value {transformation:[0.4579212855518673f,-0.5604180614017072f,0.6901012191651869f,-0.3824530754520116f,-0.29985612947313695f,0.6334130354119439f,0.713354209483351f,0.8840332283705818f,-0.8368956911443113f,-0.533591157184018f,0.12200852068239294f,0.06275782747940961f,0f,0f,0f,1f],start_interpolation:0}
execute if entity @s[tag=aj.red_knight.bone.weapon] run data modify entity @s {} merge value {transformation:[0.8326416584822989f,-0.05033553126859279f,1.4428970790148314f,-0.24939219670312f,-0.27434518964226506f,1.6297897240136803f,0.21516958474035908f,0.6717177592311601f,-1.4174697045290856f,-0.34500661960185247f,0.8059329047451192f,-0.9320345844317182f,0f,0f,0f,1f],start_interpolation:0}
execute if entity @s[tag=aj.red_knight.bone.right_hand] run data modify entity @s {} merge value {transformation:[0.11117468617898901f,0.5511950603704393f,0.826936632745358f,-0.07714374033735771f,0.6298476195031453f,0.6045595051889328f,-0.4876471889511245f,0.8606426046027016f,-0.7687211232685258f,0.5750580928123178f,-0.27995718339030917f,-0.7523289304278689f,0f,0f,0f,1f],start_interpolation:0}
execute if entity @s[tag=aj.red_knight.bone.right_arm] run data modify entity @s {} merge value {transformation:[0.11117468617898901f,-0.8303563200503828f,0.5460298260217927f,-0.3435785082392892f,0.6298476195031453f,0.4838693276954067f,0.6075874010558613f,0.9724862932885696f,-0.7687211232685258f,0.2763672474588499f,0.5767919721813006f,-0.6179190953926954f,0f,0f,0f,1f],start_interpolation:0}
execute if entity @s[tag=aj.red_knight.bone.waist] run data modify entity @s {} merge value {transformation:[-0.3826834323650897f,0.39812334765210367f,0.833697301571473f,-0.1272567419793122f,0f,0.9023874566257784f,-0.43092560625293425f,0.40130137193155546f,-0.9238795325112866f,-0.16490809009488006f,-0.3453287292247564f,-0.4965618253827164f,0f,0f,0f,1f],start_interpolation:0}
execute if entity @s[tag=aj.red_knight.bone.left_foot] run data modify entity @s {} merge value {transformation:[-0.9584318411810991f,0.13505032476198228f,0.25133606106544054f,-0.08875864760264246f,0.12174446655414539f,0.9902409435003048f,-0.06783184118887225f,0.4369769934627739f,-0.2580439704268527f,-0.03441342176112261f,-0.9655200804380175f,0.289663667900969f,0f,0f,0f,1f],start_interpolation:0}
execute if entity @s[tag=aj.red_knight.bone.left_leg] run data modify entity @s {} merge value {transformation:[-0.9584318411810991f,0.2823685733518622f,-0.040943797985064145f,0.03656440587736007f,0.12174446655414539f,0.2749412688034149f,-0.953721963452774f,0.4019347507459291f,-0.2580439704268527f,-0.9190621782512877f,-0.297889277810302f,-0.1923464477779678f,0f,0f,0f,1f],start_interpolation:0}
execute if entity @s[tag=aj.red_knight.bone.right_foot] run data modify entity @s {} merge value {transformation:[-0.055295390180080756f,-0.9789120395657178f,0.19665614309784113f,-0.33783271523406344f,0.2699489363674928f,0.17496553509524582f,0.9468445665909972f,-0.0007566097992149912f,-0.9612855931401925f,0.10544325640893426f,0.25458147634694034f,-0.5203674337852635f,0f,0f,0f,1f],start_interpolation:0}
execute if entity @s[tag=aj.red_knight.bone.right_leg] run data modify entity @s {} merge value {transformation:[-0.055295390180080756f,0.23916851347545356f,0.969402311729642f,-0.059106452213912364f,0.2699489363674928f,0.938311490916278f,-0.21609978659991974f,0.4019347507459291f,-0.9612855931401925f,0.24973980094573078f,-0.1164475858259619f,-0.42331633090578946f,0f,0f,0f,1f],start_interpolation:0}