execute if entity @s[tag=aj.red_knight.bone.head] run data modify entity @s {} merge value {transformation:[-0.9964986435386657f,-0.011551101579881713f,-0.0828071583734801f,-0.026151904805692672f,-0.033108829592728456f,0.9639642935496648f,0.2639633424631065f,1.5528495198710486f,0.07677407654019051f,0.2657807608040634f,-0.9609715543957659f,-0.042885643708520806f,0f,0f,0f,1f],start_interpolation:0}
execute if entity @s[tag=aj.red_knight.bone.body] run data modify entity @s {} merge value {transformation:[-0.9924586769487993f,-0.057579481369750156f,-0.10821449937152335f,0.5507498310695688f,-0.06695703803080238f,0.9941183281179169f,0.08512053076772563f,0.5475570379462076f,0.10267682117781268f,0.09172433169681976f,-0.9904767121783284f,0.31249862075672397f,0f,0f,0f,1f],start_interpolation:0}
execute if entity @s[tag=aj.red_knight.bone.left_hand] run data modify entity @s {} merge value {transformation:[-0.9063272147290248f,-0.35000920845926153f,0.23677950467734604f,0.5040640080501051f,-0.4216054159489263f,0.7109954533093806f,-0.5627915587639183f,1.2597805934772939f,0.028633076748072826f,-0.6099008274851817f,-0.7919603068013129f,-0.13563524896360135f,0f,0f,0f,1f],start_interpolation:0}
execute if entity @s[tag=aj.red_knight.bone.left_arm] run data modify entity @s {} merge value {transformation:[-0.9063272147290248f,-0.41220503727511865f,-0.0930483051245224f,0.3186044829810664f,-0.4216054159489263f,0.8969707238601001f,0.13301275796110973f,1.5137336061867672f,0.028633076748072826f,0.15978275183168528f,-0.9867368540462209f,-0.08391357171944516f,0f,0f,0f,1f],start_interpolation:0}
execute if entity @s[tag=aj.red_knight.bone.weapon] run data modify entity @s {} merge value {transformation:[0.000006703554178708313f,0.000004849481077458782f,-0.000014467987850087147f,-0.5228543834294576f,0.000010445222248517323f,0.000010061580205402541f,0.000008212168637278965f,1.1914459477962527f,0.000011123734594549562f,-0.000012370323958061843f,0.000001007666423177932f,0.349293746663832f,0f,0f,0f,1f],start_interpolation:0}
execute if entity @s[tag=aj.red_knight.bone.right_hand] run data modify entity @s {} merge value {transformation:[-0.7692778743153679f,-0.20495924785144082f,-0.6051473033972808f,-0.5869041483830328f,0.5770195181998694f,0.18381261649270822f,-0.7957772286478769f,1.248887390450224f,0.27433561144193386f,-0.9613556203290622f,-0.02313749244201041f,0.04887011531100006f,0f,0f,0f,1f],start_interpolation:0}
execute if entity @s[tag=aj.red_knight.bone.right_arm] run data modify entity @s {} merge value {transformation:[-0.7692778743153679f,0.5603629562146857f,-0.30692818279064465f,-0.36371085742123305f,0.5770195181998694f,0.815606310329147f,0.04283482423993458f,1.4677006425405905f,0.27433561144193386f,-0.14415166961785003f,-0.9507682517002587f,-0.01332325715969894f,0f,0f,0f,1f],start_interpolation:0}
execute if entity @s[tag=aj.red_knight.bone.waist] run data modify entity @s {} merge value {transformation:[-0.9875270290442335f,0.1318764446065779f,-0.08601726724906841f,-0.22061025268186937f,0.14622184088382825f,0.9707542804053578f,-0.19040824646852944f,0.8573353430713521f,0.05839126780276212f,-0.20061089310554409f,-0.9779293069602639f,-0.06549844475376006f,0f,0f,0f,1f],start_interpolation:0}
execute if entity @s[tag=aj.red_knight.bone.left_foot] run data modify entity @s {} merge value {transformation:[-0.982836086978745f,-0.17922440883343704f,-0.04372456301226896f,0.18352339064668954f,-0.16605877851499395f,0.7562391391590944f,0.6328719036914345f,0.349766678989635f,-0.08035986691388335f,0.629270192907798f,-0.7730209027622512f,0.04614404161695601f,0f,0f,0f,1f],start_interpolation:0}
execute if entity @s[tag=aj.red_knight.bone.left_leg] run data modify entity @s {} merge value {transformation:[-0.982836086978745f,-0.16758421900052164f,0.07712817691540533f,0.1182246933975303f,-0.16605877851499395f,0.9857775157049986f,0.025829665282183f,0.8162893631967283f,-0.08035986691388335f,0.012578516306250925f,-0.9966865468727449f,-0.11926527910824192f,0f,0f,0f,1f],start_interpolation:0}
execute if entity @s[tag=aj.red_knight.bone.right_foot] run data modify entity @s {} merge value {transformation:[-0.9905209998668996f,0.05563571393962479f,-0.1255898728286062f,-0.16358835264269755f,0.07815818897386845f,0.9801445836039246f,-0.1822303287825988f,0.4749886343498997f,0.11295771916519162f,-0.19031884448555594f,-0.9752021796092749f,0.21978913520547974f,0f,0f,0f,1f],start_interpolation:0}
execute if entity @s[tag=aj.red_knight.bone.right_leg] run data modify entity @s {} merge value {transformation:[-0.9954349271725903f,0.04334071947043144f,0.08503462706853644f,-0.1286570638635281f,0.010573999437014099f,0.9355447868446217f,-0.35304977318185204f,0.8528448234176853f,-0.09485513323381993f,-0.35053891915682706f,-0.9317322415026528f,-0.10466746215755138f,0f,0f,0f,1f],start_interpolation:0}