execute if entity @s[tag=aj.red_knight.bone.head] run data modify entity @s {} merge value {transformation:[-1f,-5.654789612090136e-17f,1.0862749776607362e-16f,4.465815379338543e-16f,0f,0.8870108331782217f,0.461748613235034f,19.857178052422594f,-1.2246467991473532e-16f,0.461748613235034f,-0.8870108331782217f,-3.646614993357936f,0f,0f,0f,1f],start_interpolation:0}
execute if entity @s[tag=aj.red_knight.bone.body] run data modify entity @s {} merge value {transformation:[-1f,2.1265768495757716e-17f,1.2060416625018979e-16f,0.4687500000000004f,0f,0.9848077530122081f,-0.17364817766693033f,18.95919438824385f,-1.2246467991473532e-16f,-0.17364817766693033f,-0.9848077530122081f,-2.980562939184902f,0f,0f,0f,1f],start_interpolation:0}
execute if entity @s[tag=aj.red_knight.bone.left_hand] run data modify entity @s {} merge value {transformation:[-0.7974005338951251f,-0.5712347620649021f,0.19453337799057593f,0.5746837473726851f,-0.5959876281416732f,0.7960375749782737f,-0.10546528492718449f,19.61019922925519f,-0.09461044152646261f,-0.20003756105132925f,-0.9752096382433899f,-3.753441358386179f,0f,0f,0f,1f],start_interpolation:0}
execute if entity @s[tag=aj.red_knight.bone.left_arm] run data modify entity @s {} merge value {transformation:[-0.7974005338951251f,-0.579507884813566f,-0.1682943848816008f,0.34375000000000044f,-0.5959876281416732f,0.7125682091615866f,0.37019629170794266f,19.79562756785933f,-0.09461044152646261f,0.395496091929056f,-0.9135818001815773f,-3.635761982253753f,0f,0f,0f,1f],start_interpolation:0}
execute if entity @s[tag=aj.red_knight.bone.weapon] run data modify entity @s {} merge value {transformation:[-0.000006537182142242682f,0.000014171690922248971f,-0.000005848606998351605f,-0.8837585000411363f,0.0000020169675888433916f,0.000007097832453421653f,0.00001494424283751062f,19.55701955794544f,0.000015197857387226544f,0.000005153807199069283f,-0.0000044990198899452524f,-3.618620139151845f,0f,0f,0f,1f],start_interpolation:0}
execute if entity @s[tag=aj.red_knight.bone.right_hand] run data modify entity @s {} merge value {transformation:[-0.4994939592770309f,0.8153641839484173f,-0.2927234739133291f,-0.6289571925572559f,0.8633716126975394f,0.44067618473655074f,-0.24575182317551086f,19.694730865675613f,-0.07138097109038098f,-0.37548068890446173f,-0.9240773827045142f,-3.7359578544344894f,0f,0f,0f,1f],start_interpolation:0}
execute if entity @s[tag=aj.red_knight.bone.right_arm] run data modify entity @s {} merge value {transformation:[-0.4994939592770309f,0.812764224327814f,0.29986680426242995f,-0.34374999999999956f,0.8633716126975394f,0.49554376952740253f,0.09500437290263344f,19.79562756785933f,-0.07138097109038098f,0.3063505967602794f,-0.9492386785370763f,-3.635761982253753f,0f,0f,0f,1f],start_interpolation:0}
execute if entity @s[tag=aj.red_knight.bone.waist] run data modify entity @s {} merge value {transformation:[-1f,8.27359385291814e-17f,9.029043306084034e-17f,-0.21874999999999956f,0f,0.7372773368101241f,-0.6755902076156601f,19.161033498076357f,-1.2246467991473532e-16f,-0.6755902076156601f,-0.7372773368101241f,-3.464192203358142f,0f,0f,0f,1f],start_interpolation:0}
execute if entity @s[tag=aj.red_knight.bone.left_foot] run data modify entity @s {} merge value {transformation:[-0.900662731043318f,-0.06446843313429292f,-0.4297097462692709f,0.27479479125087225f,0.13463788190616444f,0.8988551939303133f,-0.41705153290729f,18.90428034985736f,0.4131334961793992f,-0.43347798268621196f,-0.8008854804907368f,-3.0906757241815646f,0f,0f,0f,1f],start_interpolation:0}
execute if entity @s[tag=aj.red_knight.bone.left_leg] run data modify entity @s {} merge value {transformation:[-0.900662731043318f,-0.17348879074546258f,-0.39838208342653797f,0.12500000000000042f,0.13463788190616444f,0.7602865664057513f,-0.6354816895070814f,19.151441262476027f,0.4131334961793992f,-0.6259919939013837f,-0.66140361195412f,-3.497788217127453f,0f,0f,0f,1f],start_interpolation:0}
execute if entity @s[tag=aj.red_knight.bone.right_foot] run data modify entity @s {} merge value {transformation:[-0.9810374085645551f,-0.1843120756408746f,-0.05995549824573751f,-0.06945258239238855f,-0.13015316524907997f,0.8556902718390766f,-0.5008535836505641f,18.801215458862334f,0.14361670018694828f,-0.4835527039040517f,-0.8634529668571952f,-3.1463284768935704f,0f,0f,0f,1f],start_interpolation:0}
execute if entity @s[tag=aj.red_knight.bone.right_leg] run data modify entity @s {} merge value {transformation:[-0.9754016654548735f,-0.16996834825481688f,0.14036506552340008f,-0.12499999999999957f,-0.21271895328652712f,0.8927660409887028f,-0.3971390725804273f,19.151441262476027f,-0.057812091646500696f,-0.4172284226282852f,-0.9069609723745391f,-3.497788217127453f,0f,0f,0f,1f],start_interpolation:0}