execute if entity @s[tag=aj.red_knight.bone.head] run data modify entity @s {} merge value {transformation:[-0.9988803051905035f,-0.04639424837870852f,-0.009257949011584388f,-0.0021433611467680126f,-0.04723736352159283f,0.9673247698910885f,0.249101226497746f,1.0999371168846923f,-0.0026014207762830033f,0.2492596302503218f,-0.9684332033431207f,0.24899860912904256f,0f,0f,0f,1f],start_interpolation:0}
execute if entity @s[tag=aj.red_knight.bone.body] run data modify entity @s {} merge value {transformation:[-0.8774079552326233f,-0.011551835726735099f,-0.47960591654591733f,0.660496411868218f,-0.28867917453004444f,0.8111775025495f,0.5085817471657903f,0.16978710381325557f,0.38317047679480615f,0.5846859109375719f,-0.7150683682445637f,-0.1577642786838129f,0f,0f,0f,1f],start_interpolation:0}
execute if entity @s[tag=aj.red_knight.bone.left_hand] run data modify entity @s {} merge value {transformation:[-0.8307707377797581f,-0.37677162127659575f,-0.40971102822536004f,0.3619527833603001f,-0.547874652940468f,0.6834465702079844f,0.48242527953695f,1.113182322845018f,0.09825144230105747f,0.6252550927993694f,-0.7742110326094648f,-0.2299071492016136f,0f,0f,0f,1f],start_interpolation:0}
execute if entity @s[tag=aj.red_knight.bone.left_arm] run data modify entity @s {} merge value {transformation:[-0.8307707377797581f,-0.03149439696543377f,-0.5557230283231567f,0.3001876131973672f,-0.547874652940468f,0.22250186298820113f,0.8064281032008629f,1.1484719892200514f,0.09825144230105747f,0.9744234315360871f,-0.20210301867908487f,0.0807408882972297f,0f,0f,0f,1f],start_interpolation:0}
execute if entity @s[tag=aj.red_knight.bone.weapon] run data modify entity @s {} merge value {transformation:[0.000012357833936408356f,-0.000004127033515943708f,-0.000010393715049788933f,-0.22692983004759526f,0.000009927145405316732f,0.00001118065677135017f,0.000007363591246174533f,0.6458341556653625f,0.000005149126360814087f,-0.000011650677503789932f,0.000010748301689142827f,0.6768010879429278f,0f,0f,0f,1f],start_interpolation:0}
execute if entity @s[tag=aj.red_knight.bone.right_hand] run data modify entity @s {} merge value {transformation:[-0.4100358874286791f,-0.7720476385263151f,-0.48560582252122536f,-0.4681947170870687f,0.515072437981031f,0.24338503867760303f,-0.8218662339944248f,0.7218919802521134f,0.7527090770363093f,-0.587116825507362f,0.2978638590922127f,0.4933270799718772f,0f,0f,0f,1f],start_interpolation:0}
execute if entity @s[tag=aj.red_knight.bone.right_arm] run data modify entity @s {} merge value {transformation:[-0.4100358874286791f,0.4465187779126878f,-0.7952933747944435f,-0.30303035602506134f,0.515072437981031f,0.8329763323275102f,0.20211584157231754f,0.950005056730646f,0.7527090770363093f,-0.3267589490030365f,-0.5715397051767958f,0.344170591093659f,0f,0f,0f,1f],start_interpolation:0}
execute if entity @s[tag=aj.red_knight.bone.waist] run data modify entity @s {} merge value {transformation:[-0.9966895215000035f,0.06450207384483846f,-0.049492223649873844f,-0.22000421097246356f,0.07996247017089718f,0.8877547012986292f,-0.4533184241637989f,0.5133447976866011f,0.014696975752259547f,-0.45577524372424677f,-0.8899735536024882f,-0.06336470447879364f,0f,0f,0f,1f],start_interpolation:0}
execute if entity @s[tag=aj.red_knight.bone.left_foot] run data modify entity @s {} merge value {transformation:[-0.9728861684834208f,-0.0638448819326427f,-0.2222978502474907f,0.2354493303806996f,-0.2306046045927635f,0.3414119388586506f,0.9111857134225669f,0.017285326369460008f,0.017720595764931152f,0.9377428853666575f,-0.3468778768240372f,0.027527160869722817f,0f,0f,0f,1f],start_interpolation:0}
execute if entity @s[tag=aj.red_knight.bone.left_leg] run data modify entity @s {} merge value {transformation:[-0.9728861684834208f,-0.22830128815333248f,-0.037027354768845375f,0.12206902495792969f,-0.2306046045927635f,0.969780832866746f,0.07966588068235869f,0.4855626650180276f,0.017720595764931152f,0.08604451192150298f,-0.996133687039007f,-0.10334995162690197f,0f,0f,0f,1f],start_interpolation:0}
execute if entity @s[tag=aj.red_knight.bone.right_foot] run data modify entity @s {} merge value {transformation:[-0.9954760093010969f,0.09486957203910429f,0.005222950036101785f,-0.17792531540120465f,0.09265303967856764f,0.9814561629775763f,-0.16780707491537744f,0.5208825529342426f,-0.02104588188421183f,-0.16656399507231584f,-0.9858060186473123f,0.39676131749984433f,0f,0f,0f,1f],start_interpolation:0}
execute if entity @s[tag=aj.red_knight.bone.right_leg] run data modify entity @s {} merge value {transformation:[-0.9889914915388045f,0.05859945942490099f,0.1358746960215921f,-0.12710335541707116f,-0.11102910917530756f,0.31313602605413077f,-0.9431958259570301f,0.5055532825607518f,-0.09781802788641933f,-0.947898693185161f,-0.30318261968370747f,-0.09967570768883707f,0f,0f,0f,1f],start_interpolation:0}