execute if entity @s[tag=aj.red_knight.bone.head] run data modify entity @s {} merge value {transformation:[-0.7249757254873164f,-0.6153715627145574f,0.30939947843586063f,-0.3950620147646267f,0.026388721943074955f,0.4240574899431435f,0.9052507280181176f,0.979233266668633f,-0.6882687213642286f,0.6644494600986323f,-0.2911925173597108f,-0.2425966337847399f,0f,0f,0f,1f],start_interpolation:0}
execute if entity @s[tag=aj.red_knight.bone.body] run data modify entity @s {} merge value {transformation:[0.012058212762864562f,-0.6320992236234029f,0.7747936312332832f,-0.15601189399045823f,0.15405336028067776f,0.7667732266698127f,0.6231583916217415f,-0.17133166844361813f,-0.9879889481624766f,0.11184538594441618f,0.10662292413804553f,0.0553663376529821f,0f,0f,0f,1f],start_interpolation:0}
execute if entity @s[tag=aj.red_knight.bone.left_hand] run data modify entity @s {} merge value {transformation:[0.31889722068483983f,0.11462788449605626f,0.9408320842400324f,-0.17010390613652643f,-0.16377947293222828f,0.9843912571343252f,-0.06442155790994719f,0.6832237725244708f,-0.93353138505651f,-0.13354512710489266f,0.33269333047269206f,0.25598502165516973f,0f,0f,0f,1f],start_interpolation:0}
execute if entity @s[tag=aj.red_knight.bone.left_arm] run data modify entity @s {} merge value {transformation:[0.31889722068483983f,-0.6704895810613595f,0.6698867697810185f,-0.35970082392539876f,-0.16377947293222828f,0.6571729342050567f,0.7357309418492319f,0.8783540974052867f,-0.93353138505651f,-0.3443362546065676f,0.09975819203451361f,0.09003423052458548f,0f,0f,0f,1f],start_interpolation:0}
execute if entity @s[tag=aj.red_knight.bone.weapon] run data modify entity @s {} merge value {transformation:[0.6437462573823464f,-0.34541442557869545f,1.4980178264914406f,-0.29655964189089745f,0.254678062059997f,1.62557335590283f,0.2653829818619765f,0.7019254704661528f,-1.516082985390102f,0.12640378538133287f,0.6806557442861141f,-0.962705631977651f,0f,0f,0f,1f],start_interpolation:0}
execute if entity @s[tag=aj.red_knight.bone.right_hand] run data modify entity @s {} merge value {transformation:[0.08279445165105537f,0.578616465535662f,0.811386507520811f,-0.11574199641100305f,0.7141774584173259f,0.5333977015647461f,-0.4532520820184006f,0.8686122522051359f,-0.695050815886414f,0.6170007113257358f,-0.369072466541689f,-0.7698929096883586f,0f,0f,0f,1f],start_interpolation:0}
execute if entity @s[tag=aj.red_knight.bone.right_arm] run data modify entity @s {} merge value {transformation:[0.08279445165105537f,-0.737581289637553f,0.6701633531851806f,-0.35141080265092933f,0.7141774584173259f,0.5129267889414386f,0.47629472711210413f,0.9842657825982526f,-0.695050815886414f,0.4391809995466893f,0.569231423037064f,-0.5892081713371172f,0f,0f,0f,1f],start_interpolation:0}
execute if entity @s[tag=aj.red_knight.bone.waist] run data modify entity @s {} merge value {transformation:[-0.3826834323650897f,0.3039934515945027f,0.8724341648404964f,-0.11696128459801207f,0f,0.9443159352919621f,-0.32904014094585315f,0.3967154445774417f,-0.9238795325112866f,-0.125918210523052f,-0.36137406335457806f,-0.5008263434608851f,0f,0f,0f,1f],start_interpolation:0}
execute if entity @s[tag=aj.red_knight.bone.left_foot] run data modify entity @s {} merge value {transformation:[-0.9663938310587317f,0.03363436395563467f,0.2548562199612302f,-0.08060139168856746f,0.034459187430994326f,0.9994053501817063f,-0.001228995433810609f,0.4029884925710658f,-0.25474600623606f,0.007594444645964871f,-0.966978177994362f,0.2862848218696109f,0f,0f,0f,1f],start_interpolation:0}
execute if entity @s[tag=aj.red_knight.bone.left_leg] run data modify entity @s {} merge value {transformation:[-0.9663938310587317f,0.25099013923973224f,0.055559997264640726f,0.046599610609917144f,0.034459187430994326f,0.3406618831694561f,-0.9395541739341245f,0.40118787666182065f,-0.25474600623606f,-0.9060648052760129f,-0.3378624586232061f,-0.1965031656793836f,0f,0f,0f,1f],start_interpolation:0}
execute if entity @s[tag=aj.red_knight.bone.right_foot] run data modify entity @s {} merge value {transformation:[-0.08450777100663145f,-0.9913970386823308f,0.09995173000701829f,-0.28563455457118647f,0.30315913044023446f,0.06997354571102507f,0.9503674260681223f,-0.023301892177833627f,-0.9491854288126275f,0.11061471236925141f,0.2946377557904894f,-0.541988619862757f,0f,0f,0f,1f],start_interpolation:0}
execute if entity @s[tag=aj.red_knight.bone.right_leg] run data modify entity @s {} merge value {transformation:[-0.08450777100663145f,0.1431007295706731f,0.9860936151480912f,-0.04907124748135529f,0.30315913044023446f,0.9464106836669901f,-0.11136139129743908f,0.40118787666182065f,-0.9491854288126275f,0.2895323799462186f,-0.12336135007556795f,-0.42747304880720527f,0f,0f,0f,1f],start_interpolation:0}