execute if entity @s[tag=aj.red_knight.bone.head] run data modify entity @s {} merge value {transformation:[-0.7334215611548646f,-0.611677165018736f,0.29655329947212333f,-0.39611260816027677f,-0.009347107152850365f,0.4452860080071378f,0.8953396018611822f,0.98058041382604f,-0.6797098242787388f,0.6538894530941058f,-0.3322997711573944f,-0.25994272169094856f,0f,0f,0f,1f],start_interpolation:0}
execute if entity @s[tag=aj.red_knight.bone.body] run data modify entity @s {} merge value {transformation:[0.03661636946132435f,-0.633780173056443f,0.7726460598022984f,-0.16581938818997885f,0.13841593931706928f,0.768928662121664f,0.6241712427777822f,-0.16531634123939143f,-0.9896970593219143f,0.08409164529448232f,0.11588065395579095f,0.06194580259382099f,0f,0f,0f,1f],start_interpolation:0}
execute if entity @s[tag=aj.red_knight.bone.left_hand] run data modify entity @s {} merge value {transformation:[0.40142622441067716f,0.20400585526283133f,0.8928821856067402f,-0.20772588275411447f,-0.25327746872602536f,0.9615870817701744f,-0.10583386985486687f,0.6955213275343379f,-0.8801747043576778f,-0.18366244905042622f,0.43767635830334f,0.27411929154541004f,0f,0f,0f,1f],start_interpolation:0}
execute if entity @s[tag=aj.red_knight.bone.left_arm] run data modify entity @s {} merge value {transformation:[0.40142622441067716f,-0.596644737978023f,0.6948899502788372f,-0.36908822434657934f,-0.25327746872602536f,0.6568013042055424f,0.7102552855344588f,0.8849418933031934f,-0.8801747043576778f,-0.4611150652896028f,0.11254059877146314f,0.07500991462005435f,0f,0f,0f,1f],start_interpolation:0}
execute if entity @s[tag=aj.red_knight.bone.weapon] run data modify entity @s {} merge value {transformation:[0.7738714979324728f,-0.15413281855746105f,1.4680407885031876f,-0.2629741173381277f,-0.09853897253258775f,1.648464052799593f,0.2250202553050248f,0.6842181075993442f,-1.472817284444255f,-0.19127759578384862f,0.756306753752191f,-0.9425107132670425f,0f,0f,0f,1f],start_interpolation:0}
execute if entity @s[tag=aj.red_knight.bone.right_hand] run data modify entity @s {} merge value {transformation:[0.10583953760005427f,0.5592192549431039f,0.8222358646893764f,-0.08821810016840775f,0.6625358151963139f,0.5769492577289242f,-0.4776775560859008f,0.864514750639633f,-0.741514858828036f,0.5953178805536778f,-0.3094387422904808f,-0.7564738755940181f,0f,0f,0f,1f],start_interpolation:0}
execute if entity @s[tag=aj.red_knight.bone.right_arm] run data modify entity @s {} merge value {transformation:[0.10583953760005427f,-0.7970604770352246f,0.5945524268127972f,-0.34391447034191885f,0.6625358151963139f,0.5023890860602083f,0.5555641275224168f,0.9801028515836785f,-0.741514858828036f,0.3351116264112132f,0.5812537414772219f,-0.6054068136637617f,0f,0f,0f,1f],start_interpolation:0}
execute if entity @s[tag=aj.red_knight.bone.waist] run data modify entity @s {} merge value {transformation:[-0.3826834323650897f,0.3750002021348841f,0.8443507795887143f,-0.12472764793836628f,0f,0.9139186981376267f,-0.40589729389886975f,0.40004014239119706f,-0.9238795325112866f,-0.15533016961692106f,-0.34974154430594134f,-0.4976094104349932f,0f,0f,0f,1f],start_interpolation:0}
execute if entity @s[tag=aj.red_knight.bone.left_foot] run data modify entity @s {} merge value {transformation:[-0.9612551008287828f,0.10979347913501589f,0.2528517808323188f,-0.08704467654167128f,0.10002051220984703f,0.9936657930639815f,-0.051226837027168015f,0.4283918342855943f,-0.25687453799068144f,-0.0239516937596696f,-0.9661479121222154f,0.28895371784199964f,0f,0f,0f,1f],start_interpolation:0}
execute if entity @s[tag=aj.red_knight.bone.left_leg] run data modify entity @s {} merge value {transformation:[-0.9612551008287828f,0.2751545340706877f,-0.016691719833165752f,0.0390651219576382f,0.10002051220984703f,0.29171623622092524f,-0.9512610234117536f,0.40163583161525784f,-0.25687453799068144f,-0.9160740253415328f,-0.3079348174965505f,-0.1933822782940635f,0f,0f,0f,1f],start_interpolation:0}
execute if entity @s[tag=aj.red_knight.bone.right_foot] run data modify entity @s {} merge value {transformation:[-0.06227857541850823f,-0.9830347097092131f,0.1725228638492994f,-0.32500342470681437f,0.2785751525789487f,0.14886718697595336f,0.9488068533729516f,-0.006974770368661454f,-0.9583930631058722f,0.10715092229556061f,0.2645778079162235f,-0.5256814999172748f,0f,0f,0f,1f],start_interpolation:0}
execute if entity @s[tag=aj.red_knight.bone.right_leg] run data modify entity @s {} merge value {transformation:[-0.06227857541850823f,0.21523803210722825f,0.9745737368606076f,-0.05660573613363423f,0.2785751525789487f,0.9414103039922339f,-0.19011187207238034f,0.40163583161525784f,-0.9583930631058722f,0.2596521308825664f,-0.11858966025200485f,-0.42435216142188514f,0f,0f,0f,1f],start_interpolation:0}