execute if entity @s[tag=aj.red_knight.bone.head] run data modify entity @s {} merge value {transformation:[-0.9894102474502783f,-0.094720761392655f,-0.10997881433064695f,-0.055576336535281004f,-0.1179694592145685f,0.9662219582260613f,0.22912514950222687f,1.484255310575032f,0.08456103673088132f,0.23967291211772607f,-0.9671640637782234f,-0.005787873156777798f,0f,0f,0f,1f],start_interpolation:0}
execute if entity @s[tag=aj.red_knight.bone.body] run data modify entity @s {} merge value {transformation:[-0.9889173337378436f,-0.10354453328307935f,-0.10640036024386178f,0.5647233770593434f,-0.11840023748211861f,0.9824093174770707f,0.1444067751125765f,0.48514271686141613f,0.0895761731545404f,0.1554041909390657f,-0.9837813002093312f,0.2887097548426313f,0f,0f,0f,1f],start_interpolation:0}
execute if entity @s[tag=aj.red_knight.bone.left_hand] run data modify entity @s {} merge value {transformation:[-0.8989794849730784f,-0.3929104248832991f,0.1935388426532616f,0.476909911148107f,-0.4379830707294552f,0.8038232654047838f,-0.40254066595610904f,1.223753863195744f,0.0025913996094135486f,-0.4466425371726433f,-0.8947087395549729f,-0.14342292775383333f,0f,0f,0f,1f],start_interpolation:0}
execute if entity @s[tag=aj.red_knight.bone.left_arm] run data modify entity @s {} merge value {transformation:[-0.8989794849730784f,-0.41564212182398197f,-0.13812136751131854f,0.2908355302672952f,-0.4379830707294552f,0.8549596434945284f,0.27787557962171894f,1.4635548098671933f,0.0025913996094135486f,0.31029926613088743f,-0.9506353928224518f,-0.04629244461234267f,0f,0f,0f,1f],start_interpolation:0}
execute if entity @s[tag=aj.red_knight.bone.weapon] run data modify entity @s {} merge value {transformation:[0.00000609490128336887f,0.000002315067197124261f,-0.00001533852730859666f,-0.4864021417068318f,0.000012006270066400898f,0.000009731157686427823f,0.000006239537398902281f,1.1123311866024765f,0.000009822394576497727f,-0.000013331271947284463f,0.000001890907408868052f,0.381294275528965f,0f,0f,0f,1f],start_interpolation:0}
execute if entity @s[tag=aj.red_knight.bone.right_hand] run data modify entity @s {} merge value {transformation:[-0.8164387005518973f,-0.31002109258262706f,-0.4871496386070747f,-0.5832837331389028f,0.48597499687761275f,0.08672159096908909f,-0.8696595127229935f,1.139431683780317f,0.31185918400927987f,-0.94676622659116f,0.07985963645923998f,0.08542982971922748f,0f,0f,0f,1f],start_interpolation:0}
execute if entity @s[tag=aj.red_knight.bone.right_arm] run data modify entity @s {} merge value {transformation:[-0.8164387005518973f,0.45827576856619834f,-0.35129925730947625f,-0.38904513667747226f,0.48597499687761275f,0.8739084803928666f,0.010595768364548314f,1.3821546465982368f,0.31185918400927987f,-0.16207186011917962f,-0.9362032693312788f,0.015291174431403862f,0f,0f,0f,1f],start_interpolation:0}
execute if entity @s[tag=aj.red_knight.bone.waist] run data modify entity @s {} merge value {transformation:[-0.9888894392624149f,0.1351300119117032f,-0.06194801688520399f,-0.2219604131248522f,0.14619095954993397f,0.959572046207394f,-0.24051962806229432f,0.7972755669994771f,0.026942165115969145f,-0.24690356015679027f,-0.9686654488112838f,-0.07001681698242669f,0f,0f,0f,1f],start_interpolation:0}
execute if entity @s[tag=aj.red_knight.bone.left_foot] run data modify entity @s {} merge value {transformation:[-0.9758664174428787f,-0.21023800410295573f,-0.05903149107049942f,0.19303673983815234f,-0.19152044168695465f,0.6941541019199766f,0.6938803954599844f,0.2866642390050306f,-0.10490307775863712f,0.6884403128946445f,-0.7176665519991084f,0.04403870811930145f,0f,0f,0f,1f],start_interpolation:0}
execute if entity @s[tag=aj.red_knight.bone.left_leg] run data modify entity @s {} merge value {transformation:[-0.9758664174428787f,-0.19546463376047457f,0.09735662409966991f,0.11814586253006065f,-0.19152044168695465f,0.9802933815416415f,0.04842320230723576f,0.7544994994992311f,-0.10490307775863712f,0.028608793307954294f,-0.9940708632799916f,-0.11340684964384355f,0f,0f,0f,1f],start_interpolation:0}
execute if entity @s[tag=aj.red_knight.bone.right_foot] run data modify entity @s {} merge value {transformation:[-0.9962147772982601f,0.04208065963038377f,-0.07606139347691543f,-0.1657275673996326f,0.056978341075647525f,0.9769363744136157f,-0.20578821393813357f,0.45567888478542595f,0.06564743818950995f,-0.209343111739201f,-0.9756361388481377f,0.2613672003764438f,0f,0f,0f,1f],start_interpolation:0}
execute if entity @s[tag=aj.red_knight.bone.right_leg] run data modify entity @s {} merge value {transformation:[-0.9906976107977331f,0.029476965564660916f,0.13285086548744574f,-0.12907649728554305f,-0.0358064630333405f,0.8853904118542668f,-0.4634670601041392f,0.7910472393867146f,-0.13128648508016974f,-0.4639126287326434f,-0.8760986997694168f,-0.10667130836485127f,0f,0f,0f,1f],start_interpolation:0}