execute if entity @s[tag=aj.red_knight.bone.head] run data modify entity @s {} merge value {transformation:[-0.7232688524254764f,-0.6190295229299232f,0.3060794289923541f,-0.3977931260816449f,0.02546427044677385f,0.41902066309207975f,0.9076195540161567f,0.9769745744456059f,-0.6900969048197128f,0.6642470426302439f,-0.28730145895074566f,-0.2426366750388615f,0f,0f,0f,1f],start_interpolation:0}
execute if entity @s[tag=aj.red_knight.bone.body] run data modify entity @s {} merge value {transformation:[0.012748912912276533f,-0.6364690017306319f,0.7711969106885528f,-0.15289863262291903f,0.15531481463057262f,0.7631593191129694f,0.6272680144940437f,-0.17262257127246627f,-0.987782756265681f,0.11178131993782162f,0.10858251671946229f,0.05431391366312377f,0f,0f,0f,1f],start_interpolation:0}
execute if entity @s[tag=aj.red_knight.bone.left_hand] run data modify entity @s {} merge value {transformation:[0.3198946748330225f,0.1034227673042672f,0.9417914462430639f,-0.1707546017002855f,-0.15937634257790959f,0.9857336896684874f,-0.05411353323373791f,0.682440071678637f,-0.933952128559041f,-0.132788645055507f,0.33181410052069676f,0.2554990891150408f,0f,0f,0f,1f],start_interpolation:0}
execute if entity @s[tag=aj.red_knight.bone.left_arm] run data modify entity @s {} merge value {transformation:[0.3198946748330225f,-0.6772322168443323f,0.6625888027137085f,-0.36239625228707545f,-0.15937634257790959f,0.6509075174536586f,0.742238900320378f,0.875887649471786f,-0.933952128559041f,-0.3430392516759946f,0.1002870548456286f,0.08992731493135248f,0f,0f,0f,1f],start_interpolation:0}
execute if entity @s[tag=aj.red_knight.bone.weapon] run data modify entity @s {} merge value {transformation:[0.6346797034584734f,-0.34039367692529826f,1.5030274769627188f,-0.30000398064473965f,0.26176851730981177f,1.6256930406861536f,0.2576376497870758f,0.702261899858624f,-1.5186957217102652f,0.13795673217230295f,0.6725392350525377f,-0.9636389278950543f,0f,0f,0f,1f],start_interpolation:0}
execute if entity @s[tag=aj.red_knight.bone.right_hand] run data modify entity @s {} merge value {transformation:[0.07789482671414055f,0.581429258401678f,0.8098595022876797f,-0.11830733739421528f,0.7170332158468529f,0.5317193303815334f,-0.45070824384620933f,0.8684241906028531f,-0.6926729122345513f,0.6158040038625018f,-0.3754859058385775f,-0.7712001766880225f,0f,0f,0f,1f],start_interpolation:0}
execute if entity @s[tag=aj.red_knight.bone.right_arm] run data modify entity @s {} merge value {transformation:[0.07789482671414055f,-0.737457953907316f,0.6708861022483686f,-0.3536313746598853f,0.7170332158468529f,0.5089823037372153f,0.47623563690118514f,0.9826665845303046f,-0.6926729122345513f,0.443951326950592f,0.5684289365921776f,-0.5891733300013031f,0f,0f,0f,1f],start_interpolation:0}
execute if entity @s[tag=aj.red_knight.bone.waist] run data modify entity @s {} merge value {transformation:[-0.3826834323650897f,0.2979756865392181f,0.8745077934614163f,-0.11630309154509032f,0f,0.9465604147375489f,-0.322526558986821f,0.3964699546380806f,-0.9238795325112866f,-0.12342557062197823f,-0.3622329884526881f,-0.501098975950065f,0f,0f,0f,1f],start_interpolation:0}
execute if entity @s[tag=aj.red_knight.bone.left_foot] run data modify entity @s {} merge value {transformation:[-0.9665957245536714f,0.02727255279893144f,0.25485076640730714f,-0.07997725864317252f,0.028978921451506795f,0.9995756916255352f,0.002942587779464323f,0.4008990962651343f,-0.254662379212301f,0.010229593108327717f,-0.9669759190583639f,0.2860262974974831f,0f,0f,0f,1f],start_interpolation:0}
execute if entity @s[tag=aj.red_knight.bone.left_leg] run data modify entity @s {} merge value {transformation:[-0.9665957245536714f,0.24880914701172716f,0.0615362790381338f,0.04722857697825382f,0.028978921451506795f,0.3446401493369976f,-0.9382874770434053f,0.4011810061500166f,-0.254662379212301f,-0.9051614087157428f,-0.34033791558634996f,-0.1967636920794252f,0f,0f,0f,1f],start_interpolation:0}
execute if entity @s[tag=aj.red_knight.bone.right_foot] run data modify entity @s {} merge value {transformation:[-0.08644362474250053f,-0.9918214082229299f,0.09390310927792342f,-0.2822998888142307f,0.3051165354660939f,0.06337003294654706f,0.9502042615719638f,-0.02450249319673109f,-0.9483835719404599f,0.11079049198842564f,0.29714317653013156f,-0.5433698836452692f,0f,0f,0f,1f],start_interpolation:0}
execute if entity @s[tag=aj.red_knight.bone.right_leg] run data modify entity @s {} merge value {transformation:[-0.08644362474250053f,0.13707637652762517f,0.9867814179135287f,-0.048442281113018605f,0.3051165354660939f,0.9465357156485235f,-0.10475704647853201f,0.4011810061500166f,-0.9483835719404599f,0.2920277486811727f,-0.12364624730924989f,-0.42773357520724686f,0f,0f,0f,1f],start_interpolation:0}