execute if entity @s[tag=aj.red_knight.bone.head] run data modify entity @s {} merge value {transformation:[-0.9999962231159575f,0.0018540367106261197f,-0.002028867096649539f,3.860325215164954e-16f,0.0005578984826081478f,0.8597615389642079f,0.5106953934266292f,17.978667386545112f,0.002691189904729872f,0.5106923326874725f,-0.8597593261088387f,-3.1521947535017136f,0f,0f,0f,1f],start_interpolation:0}
execute if entity @s[tag=aj.red_knight.bone.body] run data modify entity @s {} merge value {transformation:[-1f,1.67413636348825e-17f,1.2131498081549207e-16f,0.46875000000000033f,0f,0.9906119944130526f,-0.13670360831007344f,17.056407196287097f,-1.2246467991473532e-16f,-0.13670360831007344f,-0.9906119944130526f,-2.5201851479851136f,0f,0f,0f,1f],start_interpolation:0}
execute if entity @s[tag=aj.red_knight.bone.left_hand] run data modify entity @s {} merge value {transformation:[-0.7974005338951251f,-0.5712347620649021f,0.19453337799057593f,0.5746837473726851f,-0.592033259447455f,0.8029605530216689f,-0.0689272805147409f,17.735855639854723f,-0.11682897008786737f,-0.1701328801254779f,-0.9784711517711788f,-3.26818124852361f,0f,0f,0f,1f],start_interpolation:0}
execute if entity @s[tag=aj.red_knight.bone.left_arm] run data modify entity @s {} merge value {transformation:[-0.7974005338951251f,-0.579507884813566f,-0.1682943848816008f,0.3437500000000004f,-0.592033259447455f,0.6972818424161334f,0.4040973297917032f,17.916754136894298f,-0.11682897008786737f,0.4218632997496571f,-0.8991008553396769f,-3.1436507779823337f,0f,0f,0f,1f],start_interpolation:0}
execute if entity @s[tag=aj.red_knight.bone.weapon] run data modify entity @s {} merge value {transformation:[-0.000006537182142242682f,0.000014171690922248971f,-0.000005848606998351605f,-0.8837585000411363f,0.000001447291094916881f,0.000006900161966931099f,0.000015102016126811333f,17.677672030433513f,0.00001526264642529255f,0.000005415599598580152f,-0.000003937090659629369f,-3.135442760543803f,0f,0f,0f,1f],start_interpolation:0}
execute if entity @s[tag=aj.red_knight.bone.right_hand] run data modify entity @s {} merge value {transformation:[-0.4994939592770309f,0.8153641839484173f,-0.2927234739133291f,-0.6289571925572559f,0.8654368808206204f,0.4544076933765328f,-0.2110276131592589f,17.81967443461368f,-0.039048559016059844f,-0.35874070822022786f,-0.9326201339797564f,-3.247549231862624f,0f,0f,0f,1f],start_interpolation:0}
execute if entity @s[tag=aj.red_knight.bone.right_arm] run data modify entity @s {} merge value {transformation:[-0.4994939592770309f,0.812764224327814f,0.29986680426242995f,-0.3437499999999996f,0.8654368808206204f,0.48374242346210106f,0.13043110464336377f,17.916754136894298f,-0.039048559016059844f,0.32466534061371544f,-0.9450225535102056f,-3.143650777982334f,0f,0f,0f,1f],start_interpolation:0}
execute if entity @s[tag=aj.red_knight.bone.waist] run data modify entity @s {} merge value {transformation:[-1f,8.27359385291814e-17f,9.029043306084034e-17f,-0.2187499999999996f,0f,0.7372773368101241f,-0.6755902076156601f,17.278895181323346f,-1.2246467991473532e-16f,-0.6755902076156601f,-0.7372773368101241f,-2.992862319349955f,0f,0f,0f,1f],start_interpolation:0}
execute if entity @s[tag=aj.red_knight.bone.left_foot] run data modify entity @s {} merge value {transformation:[-0.8987488334072594f,-0.06080465623807152f,-0.43422727715893217f,0.2795410972653932f,0.1387603803269711f,0.8999937774297411f,-0.4132272467290366f,17.03411755160445f,0.4159279881188622f,-0.431641048056734f,-0.8004310803135269f,-2.6140599119604278f,0f,0f,0f,1f],start_interpolation:0}
execute if entity @s[tag=aj.red_knight.bone.left_leg] run data modify entity @s {} merge value {transformation:[-0.8987488334072594f,-0.18370950347443904f,-0.3981222837047246f,0.12500000000000036f,0.1387603803269711f,0.7421547857844523f,-0.6557071227222929f,17.269302945723016f,0.4159279881188622f,-0.6445596111070013f,-0.6415191473595988f,-3.026458333119266f,0f,0f,0f,1f],start_interpolation:0}
execute if entity @s[tag=aj.red_knight.bone.right_foot] run data modify entity @s {} merge value {transformation:[-0.9817464576077327f,-0.18072694787874133f,-0.059259288597678456f,-0.07124431227808492f,-0.12647570319109575f,0.8530470317647553f,-0.5062752789734635f,16.92550820759351f,0.14204854619807292f,-0.4895391015105689f,-0.8603334694263838f,-2.668431682998065f,0f,0f,0f,1f],start_interpolation:0}
execute if entity @s[tag=aj.red_knight.bone.right_leg] run data modify entity @s {} merge value {transformation:[-0.9754016654548735f,-0.16730581942635964f,0.14352823350802257f,-0.12499999999999963f,-0.21271895328652712f,0.8851604200775085f,-0.41381357836698984f,17.269302945723016f,-0.057812091646500696f,-0.4341656291258934f,-0.898976066725457f,-3.026458333119266f,0f,0f,0f,1f],start_interpolation:0}