# This file was generated by Animated Java via MC-Build. It is not recommended to edit this file directly.
$data merge entity $(bone_body) { transformation: [-0.9450630751798048f,0f,0.3268880296549425f,0.0234375f,0f,1f,0f,0.98f,-0.3268880296549425f,0f,-0.9450630751798048f,2.870265935501609e-18f,0f,0f,0f,1f], start_interpolation: 0, interpolation_duration: 1 }
$data merge entity $(bone_left_hand) { transformation: [-0.5420659107885933f,-0.6540585262249007f,0.5276096972511438f,0.9541898053928299f,-0.8191520442889916f,0.5513570579570639f,-0.1580990922747397f,1.3371299628476612f,-0.18749527113529707f,-0.5178926905387271f,-0.8346452446329874f,-0.12085347226413863f,0f,0f,0f,1f], start_interpolation: 0, interpolation_duration: 1 }
$data merge entity $(bone_left_arm) { transformation: [-0.5420659107885933f,-0.8347197280911223f,-0.09699239092019407f,0.4612775745772552f,-0.8191520442889916f,0.4991168969739197f,0.28261679265799383f,1.4175f,-0.18749527113529707f,0.23264844441906046f,-0.9543166270223382f,-0.04695487728057224f,0f,0f,0f,1f], start_interpolation: 0, interpolation_duration: 1 }
$data merge entity $(bone_right_hand) { transformation: [-0.30575040334961107f,-0.2054227879961707f,-1.1944949430715186f,-0.9597698207509424f,1.2074072828613354f,-0.15911412523366508f,-0.28169193890584243f,1.4935552945543216f,-0.10575605961342088f,-1.2226954540371064f,0.23734254260885623f,-0.4216514282947834f,0f,0f,0f,1f], start_interpolation: 0, interpolation_duration: 1 }
$data merge entity $(bone_right_arm) { transformation: [-0.30575040334961107f,1.0773988681746849f,0.5551831857211259f,-0.3974109006660068f,1.2074072828613354f,0.32071161809531457f,0.04256420223723716f,1.4175f,-0.10575605961342088f,0.5466769950113075f,-1.1191335572577785f,-0.1455673257057166f,0f,0f,0f,1f], start_interpolation: 0, interpolation_duration: 1 }
$data merge entity $(bone_head) { transformation: [-0.899405251566371f,0.14950239715986158f,-0.4107544603510566f,-0.0060957210993689f,-2.7755575615628914e-17f,0.9396926207859084f,0.3420201433256687f,1.605f,0.43711576665093277f,0.30761471304858934f,-0.8451644779930123f,-0.01021525092671695f,0f,0f,0f,1f], start_interpolation: 0, interpolation_duration: 1 }
$data merge entity $(bone_bottom) { transformation: [-0.9450630751798048f,0.0846048476907367f,0.3157495901484558f,0.00867088945031555f,0f,0.9659258262890683f,-0.25881904510252074f,0.855f,-0.3268880296549425f,-0.24460032267968884f,-0.9128608317883409f,-0.005107625463358474f,0f,0f,0f,1f], start_interpolation: 0, interpolation_duration: 1 }
data modify entity @s data merge value {"locators":{"locator_left_hand":{"posx":1.3918854930839928,"posy":0.9881011442553534,"posz":0.22194321951339008,"roty":32.29847349553563,"rotx":-9.09657792786339},"locator_right_hand":{"posx":-0.829738466180793,"posy":1.6168396780336227,"posz":0.37909002498560807,"roty":258.7618713623583,"rotx":-13.023669104850732}},"cameras":{}}