execute if entity @s[tag=aj.grey_guardian.bone.head] run data modify entity @s {} merge value {transformation:[-0.9904127405204183f,-0.0071252227982041005f,0.1379559154763242f,0.024724197609278672f,0.13667057250187212f,-0.19580772629438709f,0.9710718248077395f,0.6801136758120989f,0.0200937310334659f,0.9806164211981657f,0.19490427509332972f,0.7591312967066676f,0f,0f,0f,1f],start_interpolation:0}
execute if entity @s[tag=aj.grey_guardian.bone.sword] run data modify entity @s {} merge value {transformation:[-0.369501687009067f,-0.3881684677244398f,-0.8442711317828615f,0.20378406042907032f,-0.42435282174723676f,0.8787849556585628f,-0.21831556147772785f,-0.24724823390978745f,0.8266759860868169f,0.27760086882543833f,-0.48943290822619445f,0.5241280664052713f,0f,0f,0f,1f],start_interpolation:0}
execute if entity @s[tag=aj.grey_guardian.bone.axe] run data modify entity @s {} merge value {transformation:[-0.000005469051279738304f,-0.000004384647724086538f,-0.000007131924174811141f,0.21250857719631616f,-0.0000068892208868329415f,0.000007197388394076039f,8.580418854836225e-7f,-0.2976343528553346f,0.000004756901688285935f,0.000005382607606029096f,-0.000006956969288957668f,0.4877230627278651f,0f,0f,0f,1f],start_interpolation:0}
execute if entity @s[tag=aj.grey_guardian.bone.left_arm_2] run data modify entity @s {} merge value {transformation:[-0.5469051279738304f,-0.4384647724086538f,-0.7131924174811141f,-0.33537108281934397f,-0.6889220886832941f,0.7197388394076039f,0.08580418854836225f,0.05961969185652882f,0.47569016882859344f,0.5382607606029096f,-0.6956969288957667f,0.4722996981463803f,0f,0f,0f,1f],start_interpolation:0}
execute if entity @s[tag=aj.grey_guardian.bone.left_arm] run data modify entity @s {} merge value {transformation:[-0.7346876266682363f,-0.673609712134335f,0.08052358001785936f,-0.4509843376424787f,-0.5437242971614132f,0.6556536417479341f,0.523910479699537f,0.49372569039467595f,-0.40570676589985705f,0.3411279199669386f,-0.8479585852635189f,0.6005466321931602f,0f,0f,0f,1f],start_interpolation:0}
execute if entity @s[tag=aj.grey_guardian.bone.left_shoulder] run data modify entity @s {} merge value {transformation:[-0.8727672034336366f,-0.3758365862922104f,-0.3114871891665003f,-0.4128208068309102f,-0.46844302899104084f,0.46544467403609424f,0.7509476572978524f,0.6918650353416421f,-0.1372535507749366f,0.8013164891699482f,-0.5822828753999383f,0.780256023257457f,0f,0f,0f,1f],start_interpolation:0}
execute if entity @s[tag=aj.grey_guardian.bone.right_arm_2] run data modify entity @s {} merge value {transformation:[-0.7908452016062533f,0.031288458889801106f,0.6112159188344706f,0.6415135210301991f,0.457623664421197f,0.6933645917194322f,0.5566202697633826f,0.4280278601455973f,-0.4063796855873588f,0.7199073379887486f,-0.5626623995362346f,0.10988444439342049f,0f,0f,0f,1f],start_interpolation:0}
execute if entity @s[tag=aj.grey_guardian.bone.right_arm] run data modify entity @s {} merge value {transformation:[-0.9753919450474053f,0.07541272898536015f,0.20717981041505984f,0.5326936889177858f,0.2188875171657365f,0.4438850318644265f,0.8689386245965456f,0.696865992934951f,-0.026434983746143892f,0.8929048094806623f,-0.44946878961797054f,0.4404047576834814f,0f,0f,0f,1f],start_interpolation:0}
execute if entity @s[tag=aj.grey_guardian.bone.right_shoulder] run data modify entity @s {} merge value {transformation:[-0.7369339485919565f,0.34857378690650526f,-0.5791585883800102f,0.44436799258150317f,-0.31121379378522085f,0.5856229144062695f,0.7484596025705844f,0.7950878220432959f,0.600061938445089f,0.7318074317769433f,-0.323084436062087f,0.7070735357778678f,0f,0f,0f,1f],start_interpolation:0}
execute if entity @s[tag=aj.grey_guardian.bone.upper_body] run data modify entity @s {} merge value {transformation:[-0.9892799286910663f,0.053301777854270926f,-0.1359564017123607f,-0.01746844665195478f,-0.11912921766768762f,0.24389509294004974f,0.9624569669017151f,0.5903200862817336f,0.08445976667552156f,0.968335739357656f,-0.2349307210557573f,0.16350152932126316f,0f,0f,0f,1f],start_interpolation:0}
execute if entity @s[tag=aj.grey_guardian.bone.body] run data modify entity @s {} merge value {transformation:[-0.9892799286910663f,-0.07523733773527146f,-0.12515816273622565f,-6.5972488474317385e-18f,-0.11912921766768762f,0.9114892286756114f,0.3936948253485479f,0.385416875f,0.08445976667552156f,0.40438438275834493f,-0.9106809643306863f,0.053870625f,0f,0f,0f,1f],start_interpolation:0}