execute if entity @s[tag=aj.grey_guardian.bone.head] run data modify entity @s {} merge value {transformation:[-0.9867491122609626f,0.1567466327366394f,0.04191279730496769f,0.03668187435797524f,0.14772182146392837f,0.7610326027399948f,0.6316705161950876f,0.563562967635226f,0.06711522119148144f,0.6294917558574652f,-0.7741031432515334f,0.759007588396335f,0f,0f,0f,1f],start_interpolation:0}
execute if entity @s[tag=aj.grey_guardian.bone.sword] run data modify entity @s {} merge value {transformation:[-0.4323984045008412f,-0.3148348385004402f,-0.8449323311671347f,0.10488234743035213f,-0.39013069994256766f,0.9101339233591861f,-0.13947859517910546f,-0.3859843429763117f,0.8129142985256494f,0.26932371974487573f,-0.5163671922530851f,0.4971961939351731f,0f,0f,0f,1f],start_interpolation:0}
execute if entity @s[tag=aj.grey_guardian.bone.axe] run data modify entity @s {} merge value {transformation:[-0.000006221327525965934f,-0.000003875763460604881f,-0.000006802465833218032f,0.11010692956784235f,-0.000006368239900832297f,0.000007559340551584094f,0.0000015171984018656637f,-0.4368988394592875f,0.000004554185369537127f,0.000005275872252302586f,-0.00000717109249677325f,0.4608558546777801f,0f,0f,0f,1f],start_interpolation:0}
execute if entity @s[tag=aj.grey_guardian.bone.left_arm_2] run data modify entity @s {} merge value {transformation:[-0.6221327525965934f,-0.387576346060488f,-0.6802465833218031f,-0.4021228594995809f,-0.6368239900832297f,0.7559340551584093f,0.15171984018656637f,-0.031053467683171243f,0.45541853695371265f,0.5275872252302586f,-0.7171092496773249f,0.4300235356484881f,0f,0f,0f,1f],start_interpolation:0}
execute if entity @s[tag=aj.grey_guardian.bone.left_arm] run data modify entity @s {} merge value {transformation:[-0.8234956343099894f,-0.5583442842811841f,0.10053158947773827f,-0.4506820316704677f,-0.41397242900393344f,0.7125578556456185f,0.5664698847973305f,0.4044689544639932f,-0.38791979621691314f,0.42486817081095873f,-0.817927422901799f,0.5919616267671163f,0f,0f,0f,1f],start_interpolation:0}
execute if entity @s[tag=aj.grey_guardian.bone.left_shoulder] run data modify entity @s {} merge value {transformation:[-0.9096920881222457f,-0.3598810032608476f,-0.20723409058297879f,-0.4000467590709783f,-0.35802831030533133f,0.4267979280864711f,0.8304572581421663f,0.5799489382452826f,-0.21041871073575608f,0.8296560685447079f,-0.5171022859156986f,0.7910946596813281f,0f,0f,0f,1f],start_interpolation:0}
execute if entity @s[tag=aj.grey_guardian.bone.right_arm_2] run data modify entity @s {} merge value {transformation:[-0.7634820773365112f,0.21062532569369366f,0.610517886521231f,0.5969248044466696f,0.5415976456099085f,0.7237609077283027f,0.42760044283665904f,0.3320457443674672f,-0.351805497193732f,0.6571203243095809f,-0.6666526618288882f,0.1039230509178295f,0f,0f,0f,1f],start_interpolation:0}
execute if entity @s[tag=aj.grey_guardian.bone.right_arm] run data modify entity @s {} merge value {transformation:[-0.9453325504283939f,0.16255934356172852f,0.28270272181450185f,0.5329252468775917f,0.3254270174431337f,0.41425792175239906f,0.8499927238414746f,0.6043105417949611f,0.0210624172072936f,0.8955248930577883f,-0.44451270003816823f,0.4432389976588101f,0f,0f,0f,1f],start_interpolation:0}
execute if entity @s[tag=aj.grey_guardian.bone.right_shoulder] run data modify entity @s {} merge value {transformation:[-0.7622397138433186f,0.4169428459242103f,-0.4951255213303753f,0.45808288345288284f,-0.30080967700372413f,0.4491321255555023f,0.8413048627072778f,0.6778471461273571f,0.5731528215589371f,0.7902145259526786f,-0.2169259000497922f,0.7217209216993045f,0f,0f,0f,1f],start_interpolation:0}
execute if entity @s[tag=aj.grey_guardian.bone.upper_body] run data modify entity @s {} merge value {transformation:[-0.9903657538988158f,0.07499513457833275f,-0.11641049477606433f,-0.01739101872288607f,-0.11298413159265472f,0.04842981816560882f,0.9924158093867206f,0.5930161499120435f,0.08006409627719546f,0.9960071699049278f,-0.0394899732247585f,0.1583191832862247f,0f,0f,0f,1f],start_interpolation:0}
execute if entity @s[tag=aj.grey_guardian.bone.body] run data modify entity @s {} merge value {transformation:[-0.9903657538988158f,-0.07428808616485878f,-0.11686297000501424f,-6.5972488474317385e-18f,-0.11298413159265472f,0.9214299117691969f,0.37175462835755496f,0.385416875f,0.08006409627719546f,0.38137671396005896f,-0.9209460041372368f,0.053870625f,0f,0f,0f,1f],start_interpolation:0}