execute if entity @s[tag=aj.grey_guardian.bone.head] run data modify entity @s {} merge value {transformation:[-0.9882801751926178f,0.005129865222624146f,0.1525646741681913f,0.020758581358409474f,0.14995720719503153f,-0.15430041398051697f,0.9765778096269173f,0.6573687820149883f,0.02855050492574615f,0.9880106612421947f,0.1517227798988872f,0.7312141065482822f,0f,0f,0f,1f],start_interpolation:0}
execute if entity @s[tag=aj.grey_guardian.bone.sword] run data modify entity @s {} merge value {transformation:[-0.3740866525114651f,-0.12052232561042922f,-0.9195289802079214f,-0.03365598848904622f,-0.39001142416127527f,0.9200223209081709f,0.0380791025949459f,-0.37349682648449356f,0.8413978045113144f,0.3728716911488406f,-0.391173154118919f,0.35670615139507267f,0f,0f,0f,1f],start_interpolation:0}
execute if entity @s[tag=aj.grey_guardian.bone.axe] run data modify entity @s {} merge value {transformation:[-0.00000649396542689099f,-0.0000018122514750615717f,-0.000007385401656340817f,-0.04195341285063525f,-0.00000571948465102761f,0.000007564378646183987f,0.000003172959347961347f,-0.421175039640253f,0.000005011577432406297f,0.000006284577972170676f,-0.000005948795789964808f,0.3167293680426513f,0f,0f,0f,1f],start_interpolation:0}
execute if entity @s[tag=aj.grey_guardian.bone.left_arm_2] run data modify entity @s {} merge value {transformation:[-0.649396542689099f,-0.18122514750615715f,-0.7385401656340816f,-0.47971571034492705f,-0.571948465102761f,0.7564378646183987f,0.3172959347961347f,0.05946273870295704f,0.5011577432406297f,0.6284577972170676f,-0.5948795789964808f,0.3901592762456273f,0f,0f,0f,1f],start_interpolation:0}
execute if entity @s[tag=aj.grey_guardian.bone.left_arm] run data modify entity @s {} merge value {transformation:[-0.8913402717079789f,-0.4406672635675793f,0.10641843285544089f,-0.4660437773850091f,-0.311291156402858f,0.7656063036366527f,0.562978510937312f,0.4952970903334462f,-0.32956082287935523f,0.46867830187846704f,-0.8195915527696702f,0.5578590524469409f,0f,0f,0f,1f],start_interpolation:0}
execute if entity @s[tag=aj.grey_guardian.bone.left_shoulder] run data modify entity @s {} merge value {transformation:[-0.900207006962886f,-0.35118283540083f,-0.2574839038362515f,-0.41653000000502205f,-0.40085483389666293f,0.43728145124686424f,0.8050467902781274f,0.6787412147046836f,-0.17012567929798605f,0.8279224290446964f,-0.5344171635792856f,0.749972975471676f,0f,0f,0f,1f],start_interpolation:0}
execute if entity @s[tag=aj.grey_guardian.bone.right_arm_2] run data modify entity @s {} merge value {transformation:[-0.7838586983376576f,-0.017718163331283537f,0.6206864004701241f,0.6809873395679797f,0.4991009829982201f,0.5767008686571353f,0.6467722295061193f,0.5035822374380685f,-0.36941000231531895f,0.816763230549877f,-0.4432088395002118f,0.05218997224000227f,0f,0f,0f,1f],start_interpolation:0}
execute if entity @s[tag=aj.grey_guardian.bone.right_arm] run data modify entity @s {} merge value {transformation:[-0.979261597971957f,0.017784155119874575f,0.20181785491893878f,0.5478161438347442f,0.1979846808925097f,0.2954107426536958f,0.9346307074222863f,0.71294237724448f,-0.04299754492178359f,0.9552048036685453f,-0.2928053861854919f,0.4152232206997269f,0f,0f,0f,1f],start_interpolation:0}
execute if entity @s[tag=aj.grey_guardian.bone.right_shoulder] run data modify entity @s {} merge value {transformation:[-0.7554127449471028f,0.29389946911548925f,-0.5856404074388286f,0.443514638859178f,-0.420795424202707f,0.4675212666180726f,0.7774027760626387f,0.7647561253511088f,0.5022776082422422f,0.8336947686734437f,-0.22949997155770183f,0.6890803460844903f,0f,0f,0f,1f],start_interpolation:0}
execute if entity @s[tag=aj.grey_guardian.bone.upper_body] run data modify entity @s {} merge value {transformation:[-0.992575847456166f,0.05110030535752934f,-0.11037185256686201f,-0.018602406564373244f,-0.09926964133105037f,0.18396651731048094f,0.9779068763530898f,0.6045450500926963f,0.07027606531870202f,0.9816033207467363f,-0.17752801283826095f,0.13098223991536323f,0f,0f,0f,1f],start_interpolation:0}
execute if entity @s[tag=aj.grey_guardian.bone.body] run data modify entity @s {} merge value {transformation:[-0.992575847456166f,-0.07777367857064593f,-0.09351172102075606f,-6.5972488474317385e-18f,-0.09926964133105037f,0.962259335511306f,0.25338214130310044f,0.385416875f,0.07027606531870202f,0.2607838686401627f,-0.9628359405944462f,0.053870625f,0f,0f,0f,1f],start_interpolation:0}