execute if entity @s[tag=aj.grey_guardian.bone.head] run data modify entity @s {} merge value {transformation:[-0.9882291739061798f,0.007849333465528026f,0.15277921260713628f,0.01936779823148132f,0.1503482437261216f,-0.13463891606071113f,0.9794221601998127f,0.6612315241430193f,0.028257838720969916f,0.9908636385730095f,0.13187397129333717f,0.7258196416492908f,0f,0f,0f,1f],start_interpolation:0}
execute if entity @s[tag=aj.grey_guardian.bone.sword] run data modify entity @s {} merge value {transformation:[-0.37495002747377026f,-0.07797102973029599f,-0.9237602478025431f,-0.0740204591917828f,-0.3741342138623986f,0.9244308884586567f,0.07383171731107921f,-0.3847456867346263f,0.8481957715733932f,0.37329351854316367f,-0.3757870169373615f,0.3446401379525845f,0f,0f,0f,1f],start_interpolation:0}
execute if entity @s[tag=aj.grey_guardian.bone.axe] run data modify entity @s {} merge value {transformation:[-0.000006628768510127009f,-0.0000014075854385473512f,-0.000007353783466511507f,-0.08485658606410007f,-0.0000054544400151134844f,0.000007636216633757566f,0.0000034550368513017406f,-0.43210115444249536f,0.0000051291824066489745f,0.000006301341028345767f,-0.000005829630269906399f,0.3048878990150762f,0f,0f,0f,1f],start_interpolation:0}
execute if entity @s[tag=aj.grey_guardian.bone.left_arm_2] run data modify entity @s {} merge value {transformation:[-0.6628768510127008f,-0.1407585438547351f,-0.7353783466511506f,-0.502084767849123f,-0.5454440015113484f,0.7636216633757565f,0.34550368513017404f,0.06546324151394933f,0.5129182406648974f,0.6301341028345766f,-0.5829630269906398f,0.38483019506501953f,0f,0f,0f,1f],start_interpolation:0}
execute if entity @s[tag=aj.grey_guardian.bone.left_arm] run data modify entity @s {} merge value {transformation:[-0.9083593634724065f,-0.4026455750340523f,0.11295931877229709f,-0.46879411151065425f,-0.2774854655405517f,0.7824108409832968f,0.5575258669564606f,0.500661272549701f,-0.312865918894576f,0.4750892724712977f,-0.8224385083256653f,0.5514318899338253f,0f,0f,0f,1f],start_interpolation:0}
execute if entity @s[tag=aj.grey_guardian.bone.left_shoulder] run data modify entity @s {} merge value {transformation:[-0.9034727307510156f,-0.34832004790134996f,-0.24982027343533159f,-0.4179054349081614f,-0.39317225802083505f,0.4412597128770831f,0.8066631523222265f,0.6838817970026806f,-0.17074132573018314f,0.8270205620307364f,-0.5356158975107668f,0.7433998621311185f,0f,0f,0f,1f],start_interpolation:0}
execute if entity @s[tag=aj.grey_guardian.bone.right_arm_2] run data modify entity @s {} merge value {transformation:[-0.7843280233013801f,-0.02868364163883065f,0.6196828225523807f,0.6874434923626965f,0.4977431656783693f,0.5670990969544384f,0.6562395563008494f,0.5153783985743056f,-0.37024490932979154f,0.8231499638193487f,-0.430514627137777f,0.04656209413888801f,0f,0f,0f,1f],start_interpolation:0}
execute if entity @s[tag=aj.grey_guardian.bone.right_arm] run data modify entity @s {} merge value {transformation:[-0.9802131795514337f,0.007272439964159013f,0.19781110750065733f,0.5496028060120157f,0.19168868412254858f,0.28412814754852955f,0.9394288925458949f,0.7194711211941623f,-0.049371763317048456f,0.9587587326265187f,-0.27990019935569316f,0.4108497287903916f,0f,0f,0f,1f],start_interpolation:0}
execute if entity @s[tag=aj.grey_guardian.bone.right_shoulder] run data modify entity @s {} merge value {transformation:[-0.756837947192346f,0.283226644473616f,-0.5890492250651821f,0.4425246382881981f,-0.43197633634860494f,0.45958529150015626f,0.7760011628029645f,0.7672948951861712f,0.4905025652578308f,0.8417624532473114f,-0.22548438034275275f,0.6843608733441419f,0f,0f,0f,1f],start_interpolation:0}
execute if entity @s[tag=aj.grey_guardian.bone.upper_body] run data modify entity @s {} merge value {transformation:[-0.9930206764703752f,0.04914924677944146f,-0.10721141563906345f,-0.018634467712137948f,-0.09626689462044961f,0.187392508207328f,0.9775565113423886f,0.6063346901866558f,0.0681367823018794f,0.9810547382326738f,-0.18135318990513025f,0.12568624551905416f,0f,0f,0f,1f],start_interpolation:0}
execute if entity @s[tag=aj.grey_guardian.bone.body] run data modify entity @s {} merge value {transformation:[-0.9930206764703752f,-0.07756651389610182f,-0.08884465107323174f,-6.5972488474317385e-18f,-0.09626689462044961f,0.9682690668152418f,0.23062458509204067f,0.385416875f,0.0681367823018794f,0.23756778016125527f,-0.9689782911535221f,0.053870625f,0f,0f,0f,1f],start_interpolation:0}