execute if entity @s[tag=aj.grey_guardian.bone.head] run data modify entity @s {} merge value {transformation:[-0.9899689923971097f,-0.0054090984318119414f,0.14118121598288708f,0.022443036549764258f,0.14033278762039564f,-0.1534531589245509f,0.9781404994860226f,0.6848470732209049f,0.016373845331521697f,0.9881411182974988f,0.1526729429821404f,0.751338984777511f,0f,0f,0f,1f],start_interpolation:0}
execute if entity @s[tag=aj.grey_guardian.bone.sword] run data modify entity @s {} merge value {transformation:[-0.36818283013066383f,-0.3258981796360568f,-0.8707650544819074f,0.1497009239459301f,-0.4019790619026657f,0.9002942312140894f,-0.16698242732241292f,-0.27840999146417256f,0.838364024388468f,0.2885492570646067f,-0.46247712252460205f,0.4942351265086654f,0f,0f,0f,1f],start_interpolation:0}
execute if entity @s[tag=aj.grey_guardian.bone.axe] run data modify entity @s {} merge value {transformation:[-0.000005720410670421372f,-0.0000037744353629257706f,-0.000007282207045451586f,0.15424391912829832f,-0.000006552053265141528f,0.000007443784752762532f,0.0000012886685242095153f,-0.3292046115724895f,0.000004934318572252665f,0.000005508512162611197f,-0.000006731180727174613f,0.45763635288449195f,0f,0f,0f,1f],start_interpolation:0}
execute if entity @s[tag=aj.grey_guardian.bone.left_arm_2] run data modify entity @s {} merge value {transformation:[-0.5720410670421372f,-0.37744353629257704f,-0.7282207045451585f,-0.37144802173952524f,-0.6552053265141528f,0.7443784752762531f,0.12886685242095153f,0.06026518296509742f,0.49343185722526645f,0.5508512162611197f,-0.6731180727174613f,0.4589466758773231f,0f,0f,0f,1f],start_interpolation:0}
execute if entity @s[tag=aj.grey_guardian.bone.left_arm] run data modify entity @s {} merge value {transformation:[-0.7814901715692023f,-0.6186901591588269f,0.08059527716165615f,-0.4552355993582483f,-0.49614367395024833f,0.6945642568778706f,0.5209817154822627f,0.500193471223749f,-0.37830485926021135f,0.3671552533026282f,-0.8497543488752468f,0.5920047901605161f,0f,0f,0f,1f],start_interpolation:0}
execute if entity @s[tag=aj.grey_guardian.bone.left_shoulder] run data modify entity @s {} merge value {transformation:[-0.8791541810425082f,-0.373648616542703f,-0.29576111527920795f,-0.4151161249806849f,-0.4554570126239085f,0.4762879201123699f,0.7521361092293987f,0.6988189299212558f,-0.14016717021892722f,0.7959500791574537f,-0.5889113990084258f,0.7707489516584285f,0f,0f,0f,1f],start_interpolation:0}
execute if entity @s[tag=aj.grey_guardian.bone.right_arm_2] run data modify entity @s {} merge value {transformation:[-0.7851859521047633f,0.022015375703256193f,0.6188685998255049f,0.65069164850815f,0.4643272545959988f,0.6821655438573434f,0.5648454402871265f,0.4440221784129232f,-0.40973555039400567f,0.7308662627365279f,-0.5458491410058839f,0.09905772587129158f,0f,0f,0f,1f],start_interpolation:0}
execute if entity @s[tag=aj.grey_guardian.bone.right_arm] run data modify entity @s {} merge value {transformation:[-0.9756229553845277f,0.05976465450801657f,0.2111587909567052f,0.5357273770579933f,0.21627614099392972f,0.42499098849329925f,0.8789808248968021f,0.7054042160746776f,-0.037208597978611285f,0.9032224785572078f,-0.42755663305045344f,0.4334557247853459f,0f,0f,0f,1f],start_interpolation:0}
execute if entity @s[tag=aj.grey_guardian.bone.right_shoulder] run data modify entity @s {} merge value {transformation:[-0.7452028339976395f,0.3348945441289837f,-0.5766440674406759f,0.44285470067903066f,-0.3262996787810894f,0.5710154642026851f,0.7533059532943771f,0.7976367385276923f,0.5815507336675317f,0.7495245052391766f,-0.3162463600054917f,0.7007178084058884f,0f,0f,0f,1f],start_interpolation:0}
execute if entity @s[tag=aj.grey_guardian.bone.upper_body] run data modify entity @s {} merge value {transformation:[-0.9901824636643369f,0.05077686090659083f,-0.1302320968428938f,-0.017895120719310768f,-0.11404544100272247f,0.24524195126442672f,0.962730503685487f,0.5942711687491997f,0.08082280642317914f,0.9681312389012604f,-0.23704341000203316f,0.155699188975248f,0f,0f,0f,1f],start_interpolation:0}
execute if entity @s[tag=aj.grey_guardian.bone.body] run data modify entity @s {} merge value {transformation:[-0.9901824636643369f,-0.07646941990902711f,-0.11700904439572621f,-6.5972488474317385e-18f,-0.11404544100272247f,0.9259766487241111f,0.35994566729460536f,0.385416875f,0.08082280642317914f,0.3697562356964938f,-0.9256068280460339f,0.053870625f,0f,0f,0f,1f],start_interpolation:0}