execute if entity @s[tag=aj.grey_guardian.bone.head] run data modify entity @s {} merge value {transformation:[-0.9887052889739343f,0.008909169509412576f,0.14960774797323034f,0.03270707481663794f,0.1415650407224079f,-0.27221962650778386f,0.9517645791839628f,0.6114924978591403f,0.04920559724494807f,0.962193900231453f,0.2678837575463521f,0.7621009881064905f,0f,0f,0f,1f],start_interpolation:0}
execute if entity @s[tag=aj.grey_guardian.bone.sword] run data modify entity @s {} merge value {transformation:[-0.37715181223705746f,-0.29365889234019943f,-0.878362661704054f,0.12834273290461773f,-0.5388923495538924f,0.8409045071976103f,-0.04974580753219349f,-0.3082477293528237f,0.7532274199195014f,0.45458119706414557f,-0.4753991892684921f,0.34389521379335675f,0f,0f,0f,1f],start_interpolation:0}
execute if entity @s[tag=aj.grey_guardian.bone.axe] run data modify entity @s {} merge value {transformation:[-0.000005913012338216257f,-0.000003490698343447117f,-0.000007269890656891469f,0.13096730762172604f,-0.000007167639948421149f,0.000006406378645380242f,0.000002753770183187649f,-0.35146198564680803f,0.000003696109124187166f,0.000006839103576278955f,-0.00000629010648677976f,0.29844367775241637f,0f,0f,0f,1f],start_interpolation:0}
execute if entity @s[tag=aj.grey_guardian.bone.left_arm_2] run data modify entity @s {} merge value {transformation:[-0.5913012338216257f,-0.34906983434471167f,-0.7269890656891468f,-0.3812056014644457f,-0.7167639948421148f,0.6406378645380242f,0.2753770183187649f,0.047741289644244345f,0.3696109124187166f,0.6839103576278954f,-0.629010648677976f,0.3781688976767245f,0f,0f,0f,1f],start_interpolation:0}
execute if entity @s[tag=aj.grey_guardian.bone.left_arm] run data modify entity @s {} merge value {transformation:[-0.7878773708354578f,-0.6090380417674217f,0.09122451537558712f,-0.45861203361230357f,-0.41293603375890986f,0.6323658394986353f,0.6554367071339893f,0.46020593364062357f,-0.45687315586371113f,0.47873386000500373f,-0.7497204884060743f,0.5834562096691592f,0f,0f,0f,1f],start_interpolation:0}
execute if entity @s[tag=aj.grey_guardian.bone.left_shoulder] run data modify entity @s {} merge value {transformation:[-0.9005722641575863f,-0.3257423706588962f,-0.2878567438633335f,-0.40437827588735764f,-0.3979518096405912f,0.351291184655817f,0.8474838410181585f,0.6255016182278335f,-0.17493985890544558f,0.8777735536803527f,-0.4459928634244138f,0.7902100645705764f,0f,0f,0f,1f],start_interpolation:0}
execute if entity @s[tag=aj.grey_guardian.bone.right_arm_2] run data modify entity @s {} merge value {transformation:[-0.811469124627412f,0.017099788545009147f,0.5841450650379045f,0.6500439687270179f,0.48921916301084417f,0.5666355226783859f,0.6630149281742925f,0.4578441525088319f,-0.3196599291737878f,0.823791103175258f,-0.4681727758102776f,0.0709204072559913f,0f,0f,0f,1f],start_interpolation:0}
execute if entity @s[tag=aj.grey_guardian.bone.right_arm] run data modify entity @s {} merge value {transformation:[-0.9796116792935008f,0.07756049333862859f,0.18532492456449606f,0.5400714020415073f,0.2003113989352565f,0.30650067606000664f,0.930555038152693f,0.6718183981263868f,0.015372093168081413f,0.948705278496872f,-0.31578789290250564f,0.4389970728964517f,0f,0f,0f,1f],start_interpolation:0}
execute if entity @s[tag=aj.grey_guardian.bone.right_shoulder] run data modify entity @s {} merge value {transformation:[-0.7236936921348931f,0.3461613793216168f,-0.5970257443614323f,0.45309807265096597f,-0.4126748180141523f,0.4763276016656428f,0.776409370415146f,0.7271276469452114f,0.5531427795254611f,0.8082600542879825f,-0.2018631965000915f,0.7181703533637145f,0f,0f,0f,1f],start_interpolation:0}
execute if entity @s[tag=aj.grey_guardian.bone.upper_body] run data modify entity @s {} merge value {transformation:[-0.989611788578842f,0.0677692041494492f,-0.12679054726096708f,-0.017636987462952714f,-0.11728640237903223f,0.1294550449910689f,0.9846244416747658f,0.5917853311381421f,0.08314089079850538f,0.9892667619481161f,-0.12016183246738704f,0.16069012129486304f,0f,0f,0f,1f],start_interpolation:0}
execute if entity @s[tag=aj.grey_guardian.bone.body] run data modify entity @s {} merge value {transformation:[-0.989611788578842f,-0.0757429135794473f,-0.12219459459518506f,-6.5972488474317385e-18f,-0.11728640237903223f,0.9168874943697698f,0.38152486483230574f,0.385416875f,0.08314089079850538f,0.39189326826423265f,-0.9162462870682802f,0.053870625f,0f,0f,0f,1f],start_interpolation:0}