execute if entity @s[tag=aj.grey_guardian.bone.head] run data modify entity @s {} merge value {transformation:[-0.9888336979036516f,0.1427230379073951f,0.04287251264707939f,0.030780573551887742f,0.14241394918055866f,0.8203013608771933f,0.5539169111173823f,0.6225700572938873f,0.04388832383432948f,0.5538373513889336f,-0.8314673795390316f,0.7595983557957515f,0f,0f,0f,1f],start_interpolation:0}
execute if entity @s[tag=aj.grey_guardian.bone.sword] run data modify entity @s {} merge value {transformation:[-0.3820612763015534f,-0.26886770885368966f,-0.8841602435568994f,0.10385140200348969f,-0.5211443775494733f,0.8527857861481171f,-0.034131227524215435f,-0.31539882965268473f,0.7631760733273809f,0.44773491943281074f,-0.4659353206412824f,0.34500685658207936f,0f,0f,0f,1f],start_interpolation:0}
execute if entity @s[tag=aj.grey_guardian.bone.axe] run data modify entity @s {} merge value {transformation:[-0.000006043306178880341f,-0.0000032665411195785533f,-0.0000072669222881773825f,0.10497799639637412f,-0.000006981885840303257f,0.0000065651543690413236f,0.0000028551739392952077f,-0.35917638161722293f,0.000003838192353345462f,0.000006799151213553067f,-0.000006248185515328455f,0.3000350965872245f,0f,0f,0f,1f],start_interpolation:0}
execute if entity @s[tag=aj.grey_guardian.bone.left_arm_2] run data modify entity @s {} merge value {transformation:[-0.6043306178880341f,-0.3266541119578553f,-0.7266922288177382f,-0.3967058614653138f,-0.6981885840303256f,0.6565154369041323f,0.28551739392952075f,0.05303165083265987f,0.3838192353345462f,0.6799151213553066f,-0.6248185515328454f,0.3802741098020261f,0f,0f,0f,1f],start_interpolation:0}
execute if entity @s[tag=aj.grey_guardian.bone.left_arm] run data modify entity @s {} merge value {transformation:[-0.8028372032496193f,-0.588475992736593f,0.09564743096921588f,-0.4622364888422178f,-0.4004677556428065f,0.6511317737205624f,0.6447115556137702f,0.4694142731668395f,-0.4416763540973673f,0.47929471019842873f,-0.758418472221676f,0.5817510748469197f,0f,0f,0f,1f],start_interpolation:0}
execute if entity @s[tag=aj.grey_guardian.bone.left_shoulder] run data modify entity @s {} merge value {transformation:[-0.9047110617744227f,-0.32267507491430747f,-0.27817025493758807f,-0.40638553975268976f,-0.3905763134964524f,0.3674523030070934f,0.844055062392439f,0.6370730685113657f,-0.1701412296843937f,0.8722726643910316f,-0.4584674044222261f,0.7861583158295717f,0f,0f,0f,1f],start_interpolation:0}
execute if entity @s[tag=aj.grey_guardian.bone.right_arm_2] run data modify entity @s {} merge value {transformation:[-0.8118053258687459f,0.011127422811896347f,0.583822141882872f,0.6531944607330404f,0.48275538772283233f,0.5752750701151035f,0.6603073748858487f,0.4625335536279924f,-0.3285108042602509f,0.8178843281085831f,-0.47238318907287014f,0.0716668443022136f,0f,0f,0f,1f],start_interpolation:0}
execute if entity @s[tag=aj.grey_guardian.bone.right_arm] run data modify entity @s {} merge value {transformation:[-0.9801893588972925f,0.07053306866296158f,0.1850781103466867f,0.5402613144463345f,0.1979378846149472f,0.31567534152307775f,0.9279922804573582f,0.6797039731214132f,0.00702954754406096f,0.9462421280936897f,-0.3233827770337368f,0.43696465207942603f,0f,0f,0f,1f],start_interpolation:0}
execute if entity @s[tag=aj.grey_guardian.bone.right_shoulder] run data modify entity @s {} merge value {transformation:[-0.7262864716679159f,0.3396477645813403f,-0.5976180695787803f,0.451315512236684f,-0.4092638014634493f,0.48484586982204664f,0.772934423692068f,0.7374330300006282f,0.5522781019412736f,0.805955258393046f,-0.21313146080469395f,0.7150243467821091f,0f,0f,0f,1f],start_interpolation:0}
execute if entity @s[tag=aj.grey_guardian.bone.upper_body] run data modify entity @s {} merge value {transformation:[-0.9898711183953117f,0.06481335486459774f,-0.12631072004390775f,-0.017759388341485105f,-0.1158252366498409f,0.14579718165971783f,0.9825109141251773f,0.5929204901692371f,0.08209557553134683f,0.9871891464411868f,-0.13681339710312712f,0.15844720756861524f,0f,0f,0f,1f],start_interpolation:0}
execute if entity @s[tag=aj.grey_guardian.bone.body] run data modify entity @s {} merge value {transformation:[-0.9898711183953117f,-0.07609602496994892f,-0.11985225884641319f,-6.5972488474317385e-18f,-0.1158252366498409f,0.9210493822548406f,0.37182327791974645f,0.385416875f,0.08209557553134683f,0.38193904020373404f,-0.9205340222101666f,0.053870625f,0f,0f,0f,1f],start_interpolation:0}