execute if entity @s[tag=aj.grey_guardian.bone.head] run data modify entity @s {} merge value {transformation:[-0.9888566471150648f,0.14126582478703997f,0.0469733776046562f,0.028079850376092497f,0.144241865798454f,0.831092825050913f,0.5371024113703767f,0.6365573987135525f,0.03683497804170729f,0.5378928172936779f,-0.8422081105620729f,0.7549916271845303f,0f,0f,0f,1f],start_interpolation:0}
execute if entity @s[tag=aj.grey_guardian.bone.sword] run data modify entity @s {} merge value {transformation:[-0.392960997281765f,-0.2337662586221062f,-0.8893452596967855f,0.06429759568089638f,-0.4735123104988477f,0.8805068877783988f,-0.022219639529948487f,-0.3340375972153945f,0.7882688287769367f,0.41238447704129283f,-0.4566960659716873f,0.36894679956739523f,0f,0f,0f,1f],start_interpolation:0}
execute if entity @s[tag=aj.grey_guardian.bone.axe] run data modify entity @s {} merge value {transformation:[-0.000006251367270313995f,-0.0000029625909849719103f,-0.000007221042993045402f,0.06341522191513427f,-0.000006586258960165769f,0.000006966727157241998f,0.000002843572686987788f,-0.37972970480954105f,0.0000041882693515679115f,0.000006533587634088181f,-0.000006306396155206786f,0.32591593636304883f,0f,0f,0f,1f],start_interpolation:0}
execute if entity @s[tag=aj.grey_guardian.bone.left_arm_2] run data modify entity @s {} merge value {transformation:[-0.6251367270313994f,-0.296259098497191f,-0.7221042993045401f,-0.4223821222494778f,-0.6586258960165768f,0.6966727157241998f,0.28435726869877875f,0.05344312780727878f,0.4188269351567911f,0.653358763408818f,-0.6306396155206786f,0.3922687206467915f,0f,0f,0f,1f],start_interpolation:0}
execute if entity @s[tag=aj.grey_guardian.bone.left_arm] run data modify entity @s {} merge value {transformation:[-0.827890751221573f,-0.5515218289870188f,0.1020812235065437f,-0.467107422612544f,-0.3838065396271288f,0.6897660746393658f,0.6139342818380888f,0.4787703610673226f,-0.40901032282966693f,0.4690910726366624f,-0.782728638412673f,0.5803062459038256f,0f,0f,0f,1f],start_interpolation:0}
execute if entity @s[tag=aj.grey_guardian.bone.left_shoulder] run data modify entity @s {} merge value {transformation:[-0.911843742997939f,-0.3214790892183204f,-0.25532760044865405f,-0.40917858685511593f,-0.37595936533782404f,0.4040677676392658f,0.8338967530634718f,0.6520216954603263f,-0.1649107151469814f,0.8563763392051297f,-0.48930974002091104f,0.77940256795813f,0f,0f,0f,1f],start_interpolation:0}
execute if entity @s[tag=aj.grey_guardian.bone.right_arm_2] run data modify entity @s {} merge value {transformation:[-0.8030151308375811f,0.0180961376560672f,0.595683833461875f,0.6542123154598629f,0.4842646634906245f,0.6023929812633051f,0.6345159035193834f,0.45749555134150244f,-0.34735347319440246f,0.7979945024413639f,-0.4924939986772888f,0.07549613842656083f,0f,0f,0f,1f],start_interpolation:0}
execute if entity @s[tag=aj.grey_guardian.bone.right_arm] run data modify entity @s {} merge value {transformation:[-0.9772790585252027f,0.06416796760244015f,0.20201018217373495f,0.5402063357896497f,0.21176051468114976f,0.33658513169699056f,0.9175336143937692f,0.6846666924119451f,-0.009117356528510506f,0.939464166987912f,-0.3425258424639522f,0.43432100415382335f,0f,0f,0f,1f],start_interpolation:0}
execute if entity @s[tag=aj.grey_guardian.bone.right_shoulder] run data modify entity @s {} merge value {transformation:[-0.7383295108235155f,0.3373090777048145f,-0.5840309234492944f,0.448922049047387f,-0.38608110318324235f,0.49864506606780484f,0.776076336355545f,0.7500885250752363f,0.5530017316536346f,0.798483365001527f,-0.23793570687040505f,0.7099082976961126f,0f,0f,0f,1f],start_interpolation:0}
execute if entity @s[tag=aj.grey_guardian.bone.upper_body] run data modify entity @s {} merge value {transformation:[-0.9903322774134388f,0.060805401155536544f,-0.12467832010187643f,-0.017955926986490813f,-0.1131787376070469f,0.16548473877458486f,0.9796965727134002f,0.5949161106580018f,0.08020320234745568f,0.9843360729054998f,-0.15700299968532888f,0.15435476677901788f,0f,0f,0f,1f],start_interpolation:0}
execute if entity @s[tag=aj.grey_guardian.bone.body] run data modify entity @s {} merge value {transformation:[-0.9903322774134388f,-0.07662881270918723f,-0.11562873940284914f,-6.5972488474317385e-18f,-0.1131787376070469f,0.9283193006344803f,0.3541381784320699f,0.385416875f,0.08020320234745568f,0.3638011835223873f,-0.9280173194509482f,0.053870625f,0f,0f,0f,1f],start_interpolation:0}