execute if entity @s[tag=aj.grey_guardian.bone.head] run data modify entity @s {} merge value {transformation:[-0.9895911872724534f,-0.0028503012353992482f,0.14387896946935447f,0.030385180862369472f,0.1388924100926444f,-0.2805536570462723f,0.9497360390848708f,0.6403408536673549f,0.0376587372511696f,0.9598341113446792f,0.278029311778124f,0.7652776022631644f,0f,0f,0f,1f],start_interpolation:0}
execute if entity @s[tag=aj.grey_guardian.bone.sword] run data modify entity @s {} merge value {transformation:[-0.3668387748487869f,-0.3907655373234597f,-0.8442343324621128f,0.21037386566058275f,-0.4846985001724775f,0.8548761207138962f,-0.18507885390749176f,-0.2636583156967638f,0.7940382089030678f,0.3413050147206569f,-0.5030051786299425f,0.4687405495008919f,0f,0f,0f,1f],start_interpolation:0}
execute if entity @s[tag=aj.grey_guardian.bone.axe] run data modify entity @s {} merge value {transformation:[-0.000005438493622520028f,-0.000004401363158140869f,-0.000007144983517683528f,0.2192174195121906f,-0.000007236398804630185f,0.0000067710239071992785f,0.0000013370742643857313f,-0.3112298288449014f,0.00000424939048078143f,0.000005897562004616491f,-0.000006867418943354783f,0.4287537371743381f,0f,0f,0f,1f],start_interpolation:0}
execute if entity @s[tag=aj.grey_guardian.bone.left_arm_2] run data modify entity @s {} merge value {transformation:[-0.5438493622520028f,-0.4401363158140868f,-0.7144983517683527f,-0.32990292611215194f,-0.7236398804630184f,0.6771023907199278f,0.1337074264385731f,0.04426969615934623f,0.4249390480781429f,0.589756200461649f,-0.6867418943354782f,0.4400403770654637f,0f,0f,0f,1f],start_interpolation:0}
execute if entity @s[tag=aj.grey_guardian.bone.left_arm] run data modify entity @s {} merge value {transformation:[-0.7309647366009271f,-0.6778707186432315f,0.07862469492498136f,-0.44821111743148156f,-0.5180926687179511f,0.6262441402427481f,0.5825789761331355f,0.46763852698085817f,-0.44415148369294993f,0.38510980981757703f,-0.8089622326880415f,0.5982292632287303f,0f,0f,0f,1f],start_interpolation:0}
execute if entity @s[tag=aj.grey_guardian.bone.left_shoulder] run data modify entity @s {} merge value {transformation:[-0.8767089978150866f,-0.36390175861748375f,-0.31457406635825724f,-0.4069046489661379f,-0.4538762641437036f,0.4092379804847777f,0.7915305503742074f,0.6524193193641835f,-0.15930370365130125f,0.8367196575937746f,-0.5239489904553066f,0.7910010318200641f,0f,0f,0f,1f],start_interpolation:0}
execute if entity @s[tag=aj.grey_guardian.bone.right_arm_2] run data modify entity @s {} merge value {transformation:[-0.7954724949130152f,0.03936192227509562f,0.6047099709047906f,0.6388586678402198f,0.48257908284056594f,0.6447076683207595f,0.5928485904623266f,0.4270297347010118f,-0.36652549521366357f,0.7634151305045104f,-0.5318424577590246f,0.09582671765452688f,0f,0f,0f,1f],start_interpolation:0}
execute if entity @s[tag=aj.grey_guardian.bone.right_arm] run data modify entity @s {} merge value {transformation:[-0.9750442425833092f,0.08759267654092515f,0.20400060789502078f,0.5348425677747674f,0.22200954125283734f,0.387587749726508f,0.8946996701992498f,0.6750949782356146f,-0.0006989977438353612f,0.9176618436430374f,-0.39736161380261115f,0.4436825223743733f,0f,0f,0f,1f],start_interpolation:0}
execute if entity @s[tag=aj.grey_guardian.bone.right_shoulder] run data modify entity @s {} merge value {transformation:[-0.7303365288482426f,0.3591549962280741f,-0.581047539633645f,0.4500753758502255f,-0.3463339152694013f,0.5384902142259156f,0.7681673699898315f,0.7567855958148104f,0.5887795629639903f,0.7622571599318301f,-0.2688915178442657f,0.7169998466145112f,0f,0f,0f,1f],start_interpolation:0}
execute if entity @s[tag=aj.grey_guardian.bone.upper_body] run data modify entity @s {} merge value {transformation:[-0.9890389823352175f,0.06273190948807927f,-0.1336659977454882f,-0.017337996531738273f,-0.12044891696625348f,0.18083408495527697f,0.9761101844156961f,0.589247887849498f,0.0854046241310973f,0.9815109481051992f,-0.17129596879862313f,0.16550269871230772f,0f,0f,0f,1f],start_interpolation:0}
execute if entity @s[tag=aj.grey_guardian.bone.body] run data modify entity @s {} merge value {transformation:[-0.9890389823352175f,-0.0748337714500111f,-0.12728628391105198f,-6.5972488474317385e-18f,-0.12044891696625348f,0.9075215005342795f,0.4023639949966527f,0.385416875f,0.0854046241310973f,0.4132851711815672f,-0.9065877880594072f,0.053870625f,0f,0f,0f,1f],start_interpolation:0}