execute if entity @s[tag=aj.grey_guardian.bone.head] run data modify entity @s {} merge value {transformation:[-0.9354951065127401f,0.17153372314230467f,0.30890951347547746f,-0.10378042216045258f,-0.3532903192946589f,-0.439478101923393f,-0.8258601263061984f,0.838593947823184f,-0.005903895611794552f,-0.8817228474723512f,0.4717308175875879f,-0.5903477000738366f,0f,0f,0f,1f],start_interpolation:0}
execute if entity @s[tag=aj.grey_guardian.bone.sword] run data modify entity @s {} merge value {transformation:[-0.7932064076061738f,0.6081787279038452f,-0.03069576286345277f,-1.3557955509004973f,0.5198066720319251f,0.6499680069568923f,-0.5543848966589732f,0.6006988414298922f,-0.31721383740877923f,-0.4556975146495163f,-0.8316941484095286f,0.420271401583296f,0f,0f,0f,1f],start_interpolation:0}
execute if entity @s[tag=aj.grey_guardian.bone.axe] run data modify entity @s {} merge value {transformation:[-0.000008745269372723395f,0.0000034140580087629736f,0.0000034444842155695257f,-1.382120454118342f,8.143959642268789e-7f,0.00000803531447327552f,-0.000005896649941197121f,0.5450516013002538f,-0.0000047809018826950635f,-0.000004876261808841935f,-0.000007305138462731042f,0.4325427749577083f,0f,0f,0f,1f],start_interpolation:0}
execute if entity @s[tag=aj.grey_guardian.bone.left_arm_2] run data modify entity @s {} merge value {transformation:[-0.8745269372723394f,0.34140580087629735f,0.34444842155695254f,-1.1066957787635916f,0.08143959642268789f,0.8035314473275519f,-0.5896649941197121f,0.6869721914745498f,-0.47809018826950633f,-0.4876261808841935f,-0.7305138462731041f,-0.14368656201428676f,0f,0f,0f,1f],start_interpolation:0}
execute if entity @s[tag=aj.grey_guardian.bone.left_arm] run data modify entity @s {} merge value {transformation:[-0.7059177506164975f,0.36460958329992427f,0.607239640611843f,-0.7487667567621009f,-0.7035231827356172f,-0.2616020456195251f,-0.6607718979203244f,0.6513275805997545f,-0.08206863419170622f,-0.8936577764969854f,0.4411808220994793f,-0.4418106899788662f,0f,0f,0f,1f],start_interpolation:0}
execute if entity @s[tag=aj.grey_guardian.bone.left_shoulder] run data modify entity @s {} merge value {transformation:[-0.8455786179768133f,0.36621614936345465f,0.3884360085854894f,-0.5274718564399229f,-0.30254477268983027f,0.270754529952982f,-0.9138701466991901f,0.7275402196228675f,-0.4398448150637694f,-0.8902683395782105f,-0.11814745958409281f,-0.5768340993612718f,0f,0f,0f,1f],start_interpolation:0}
execute if entity @s[tag=aj.grey_guardian.bone.right_arm_2] run data modify entity @s {} merge value {transformation:[-0.4829629902691928f,-0.8270242471167633f,-0.287711043776896f,0.9984677603031498f,-0.8637381073380028f,0.5039391869816447f,0.001333325333120916f,0.6383321515067378f,0.14388617710678342f,0.2491509392019829f,-0.9577163345857505f,-0.3959889237956816f,0f,0f,0f,1f],start_interpolation:0}
execute if entity @s[tag=aj.grey_guardian.bone.right_arm] run data modify entity @s {} merge value {transformation:[-0.703908166583255f,-0.7099689177033075f,-0.021387587816186354f,0.5987205122190358f,-0.5660021226450831f,0.5788535818707659f,-0.5870009607459303f,0.7483660274318216f,0.4291327186065649f,-0.4010893499590575f,-0.8093036779669049f,-0.5424609648072045f,0f,0f,0f,1f],start_interpolation:0}
execute if entity @s[tag=aj.grey_guardian.bone.right_shoulder] run data modify entity @s {} merge value {transformation:[-0.8319212609395634f,-0.41473640619152796f,-0.36864716054252067f,0.33065778608393825f,0.2774847781509063f,0.2643851530575522f,-0.923635582216968f,0.825438427504942f,0.48053013796355115f,-0.8706860537656905f,-0.10486459024217787f,-0.6462078373432955f,0f,0f,0f,1f],start_interpolation:0}
execute if entity @s[tag=aj.grey_guardian.bone.upper_body] run data modify entity @s {} merge value {transformation:[-0.9903657538988158f,-0.11186547977971435f,0.08161977663584154f,-0.03383284123832619f,-0.1129841315926547f,0.31198085237974527f,-0.9433464547856538f,0.594988926866528f,0.0800640962771955f,-0.9434797624655561f,-0.32161417615716814f,-0.04227666687289874f,0f,0f,0f,1f],start_interpolation:0}
execute if entity @s[tag=aj.grey_guardian.bone.body] run data modify entity @s {} merge value {transformation:[-0.9903657538988158f,-0.13761740485592658f,-0.015398811160292205f,-6.5972488474317385e-18f,-0.1129841315926547f,0.8673320392204278f,-0.48473675304229635f,0.385416875f,0.0800640962771955f,-0.47832685856269297f,-0.8745245318828178f,0.053870625f,0f,0f,0f,1f],start_interpolation:0}