execute if entity @s[tag=aj.grey_guardian.bone.head] run data modify entity @s {} merge value {transformation:[-0.9893568298045877f,-0.0034690942074467462f,0.14546830824752127f,0.023315906725961164f,0.1439120185154235f,-0.17106581713029628f,0.9746926783024279f,0.6705283993523048f,0.021503354292584355f,0.9852534961089576f,0.16974437887377505f,0.7491933090393292f,0f,0f,0f,1f],start_interpolation:0}
execute if entity @s[tag=aj.grey_guardian.bone.sword] run data modify entity @s {} merge value {transformation:[-0.36841413270802237f,-0.28725879517694347f,-0.884168203123414f,0.11702806540298549f,-0.4132048955843417f,0.9025555064364044f,-0.12105896111588954f,-0.30382719034222505f,0.8327861316605416f,0.3207427978845606f,-0.4512109445913908f,0.4534864158412799f,0f,0f,0f,1f],start_interpolation:0}
execute if entity @s[tag=aj.grey_guardian.bone.axe] run data modify entity @s {} merge value {transformation:[-0.000005874180966382485f,-0.0000034004875090452182f,-0.000007343751267235106f,0.11905405322818252f,-0.000006483408177628883f,0.000007408321723918821f,0.0000017556160278282328f,-0.3536332888156317f,0.000004843492167480472f,0.0000057925343275409175f,-0.000006556457098755047f,0.4153360502315218f,0f,0f,0f,1f],start_interpolation:0}
execute if entity @s[tag=aj.grey_guardian.bone.left_arm_2] run data modify entity @s {} merge value {transformation:[-0.5874180966382484f,-0.3400487509045218f,-0.7343751267235106f,-0.39171945313307865f,-0.6483408177628882f,0.740832172391882f,0.17556160278282326f,0.05459727032948669f,0.4843492167480472f,0.5792534327540917f,-0.6556457098755046f,0.43766742449200174f,0f,0f,0f,1f],start_interpolation:0}
execute if entity @s[tag=aj.grey_guardian.bone.left_arm] run data modify entity @s {} merge value {transformation:[-0.8063132459641406f,-0.5856029993334968f,0.08323506805658265f,-0.45673445795715695f,-0.4559590814160861f,0.7050141189850582f,0.5431909499484695f,0.49303745473042293f,-0.376776147675208f,0.40003027285861065f,-0.8354732283799973f,0.5853324934832768f,0f,0f,0f,1f],start_interpolation:0}
execute if entity @s[tag=aj.grey_guardian.bone.left_shoulder] run data modify entity @s {} merge value {transformation:[-0.8844288481790344f,-0.3672523789853649f,-0.287943228151482f,-0.414148162580659f,-0.44141644373712347f,0.4580964823215064f,0.7715563077852012f,0.6861358991287381f,-0.15145010963078667f,0.8094895323685486f,-0.5672649833001955f,0.7694805821341645f,0f,0f,0f,1f],start_interpolation:0}
execute if entity @s[tag=aj.grey_guardian.bone.right_arm_2] run data modify entity @s {} merge value {transformation:[-0.7843667973415943f,0.01780034379399041f,0.6200418332571648f,0.6559313217918022f,0.4791490683853381f,0.6521999570498969f,0.5874107475094195f,0.45482738763247815f,-0.39393514376550964f,0.757837953513103f,-0.5200930096833823f,0.08633506344206571f,0f,0f,0f,1f],start_interpolation:0}
execute if entity @s[tag=aj.grey_guardian.bone.right_arm] run data modify entity @s {} merge value {transformation:[-0.9759699242895467f,0.054232107804250654f,0.21104877484923784f,0.5386583633451147f,0.2153804333849309f,0.3870957352240046f,0.8965311822163835f,0.7017714216721495f,-0.0330753049445599f,0.9204432466233293f,-0.3894743302816361f,0.43075497034260357f,0f,0f,0f,1f],start_interpolation:0}
execute if entity @s[tag=aj.grey_guardian.bone.right_shoulder] run data modify entity @s {} merge value {transformation:[-0.74724291074727f,0.32973903050536957f,-0.5769750463402437f,0.4442321419297599f,-0.3519917131037655f,0.5400416739010017f,0.76449775954968f,0.7825642858160848f,0.5636753198821319f,0.7743559660850963f,-0.28747690610585264f,0.7011572546703607f,0f,0f,0f,1f],start_interpolation:0}
execute if entity @s[tag=aj.grey_guardian.bone.upper_body] run data modify entity @s {} merge value {transformation:[-0.9906550424107018f,0.052987607562575645f,-0.1256777641074393f,-0.018081912258916442f,-0.1112878138062982f,0.21868740242763302f,0.9694281007468624f,0.5963122999677644f,0.07885181953807655f,0.9743552398710897f,-0.2107469029221679f,0.15136714791760894f,0f,0f,0f,1f],start_interpolation:0}
execute if entity @s[tag=aj.grey_guardian.bone.body] run data modify entity @s {} merge value {transformation:[-0.9906550424107018f,-0.07694754915008784f,-0.11261288392562151f,-6.5972488474317385e-18f,-0.1112878138062982f,0.9333664973216639f,0.34123599484184414f,0.385416875f,0.07885181953807655f,0.35057960060060994f,-0.9332075515115871f,0.053870625f,0f,0f,0f,1f],start_interpolation:0}