execute if entity @s[tag=aj.grey_guardian.bone.head] run data modify entity @s {} merge value {transformation:[-0.9883088701889762f,0.0014546282835061625f,0.15245806361864409f,0.0364775511514748f,0.14068073822266036f,-0.37678071776118016f,0.9155573278700232f,0.5917114819136391f,0.058775054223003415f,0.9263013412383289f,0.37217108729878023f,0.7670239458039804f,0f,0f,0f,1f],start_interpolation:0}
execute if entity @s[tag=aj.grey_guardian.bone.sword] run data modify entity @s {} merge value {transformation:[-0.3666657642254924f,-0.36151258519569773f,-0.8572425958210774f,0.19060595459343777f,-0.5577981000436603f,0.8228635402279457f,-0.10842911855776785f,-0.2903446156721408f,0.7445921681918353f,0.43841104560521205f,-0.5033669219950063f,0.37237694361512613f,0f,0f,0f,1f],start_interpolation:0}
execute if entity @s[tag=aj.grey_guardian.bone.axe] run data modify entity @s {} merge value {transformation:[-0.000005562671815416508f,-0.000004115764727215398f,-0.0000072192217713670775f,0.19747841125631838f,-0.000007510958545020028f,0.000006207166356043533f,0.0000022486857413591344f,-0.333549814262998f,0.000003555584903916859f,0.00000667319762472316f,-0.000006544176758953549f,0.32736269451431166f,0f,0f,0f,1f],start_interpolation:0}
execute if entity @s[tag=aj.grey_guardian.bone.left_arm_2] run data modify entity @s {} merge value {transformation:[-0.5562671815416508f,-0.41157647272153974f,-0.7219221771367077f,-0.3414561455181363f,-0.7510958545020027f,0.6207166356043533f,0.2248685741359134f,0.03249933340589084f,0.35555849039168586f,0.667319762472316f,-0.6544176758953548f,0.3873461880944381f,0f,0f,0f,1f],start_interpolation:0}
execute if entity @s[tag=aj.grey_guardian.bone.left_arm] run data modify entity @s {} merge value {transformation:[-0.747541582546f,-0.659356876271426f,0.08018785492959296f,-0.44870494591582266f,-0.45599827009889576f,0.597230949421144f,0.6598338963105286f,0.43991838763103286f,-0.48295668546096f,0.4566877519346302f,-0.7471205640333141f,0.5892598523609954f,0f,0f,0f,1f],start_interpolation:0}
execute if entity @s[tag=aj.grey_guardian.bone.left_shoulder] run data modify entity @s {} merge value {transformation:[-0.8878213723653303f,-0.3409243775492421f,-0.30910156836225144f,-0.40044796818330586f,-0.42147196180296664f,0.33272808941194043f,0.8435955215209705f,0.6045163921406063f,-0.18475550380245892f,0.8792397780520066f,-0.4390931751983377f,0.7980417513568342f,0f,0f,0f,1f],start_interpolation:0}
execute if entity @s[tag=aj.grey_guardian.bone.right_arm_2] run data modify entity @s {} merge value {transformation:[-0.8038142992666715f,0.04016490722256702f,0.5935228323512354f,0.6400970589045736f,0.5071639905331878f,0.5677255186380841f,0.6484384490401314f,0.43786489962501773f,-0.3109135876749076f,0.8222375056605733f,-0.4767160845662715f,0.0735758424811414f,0f,0f,0f,1f],start_interpolation:0}
execute if entity @s[tag=aj.grey_guardian.bone.right_arm] run data modify entity @s {} merge value {transformation:[-0.9759073667613039f,0.09565907429622875f,0.1960973049427417f,0.5387291133398842f,0.2162049219667886f,0.30316609469187966f,0.9280871460949176f,0.6528135912818369f,0.029329903142574942f,0.9481242853835478f,-0.3165439878556917f,0.4435501315432543f,0f,0f,0f,1f],start_interpolation:0}
execute if entity @s[tag=aj.grey_guardian.bone.right_shoulder] run data modify entity @s {} merge value {transformation:[-0.7226341166019384f,0.36497753081290146f,-0.5870190248404678f,0.4565222903066344f,-0.40202463518980014f,0.4689118027860024f,0.7864463833653819f,0.7089358427719039f,0.5622954083250584f,0.8043090968089935f,-0.19212170769295456f,0.7240024888011259f,0f,0f,0f,1f],start_interpolation:0}
execute if entity @s[tag=aj.grey_guardian.bone.upper_body] run data modify entity @s {} merge value {transformation:[-0.9890277110368593f,0.07339821863088536f,-0.12820642847768454f,-0.017331731791429657f,-0.1205102851848982f,0.1011202918670806f,0.987548458424887f,0.5891975659360348f,0.08544856912696311f,0.9921629846323281f,-0.09116553054540633f,0.16559550530442954f,0f,0f,0f,1f],start_interpolation:0}
execute if entity @s[tag=aj.grey_guardian.bone.body] run data modify entity @s {} merge value {transformation:[-0.9890277110368593f,-0.07481415903984473f,-0.12738535397898657f,-6.5972488474317385e-18f,-0.1205102851848982f,0.9073349332364791f,0.402766172975597f,0.385416875f,0.08544856912696311f,0.4136981514775173f,-0.9063952678044164f,0.053870625f,0f,0f,0f,1f],start_interpolation:0}