execute if entity @s[tag=aj.grey_guardian.bone.head] run data modify entity @s {} merge value {transformation:[-0.9647964490636445f,0.008592619803347802f,0.2628573353724363f,0.008198265524867021f,-0.2160212595559679f,0.5441846012751733f,-0.8106774544508029f,0.9717667463583276f,-0.15000875739114536f,-0.8389215020607684f,-0.5231711823925977f,-0.4995968370017016f,0f,0f,0f,1f],start_interpolation:0}
execute if entity @s[tag=aj.grey_guardian.bone.sword] run data modify entity @s {} merge value {transformation:[-0.27239412769070664f,0.684121876424481f,0.676593450601664f,-1.568205372453746f,0.6434590423466133f,0.6523292691257299f,-0.4005333762176013f,0.3956518355461056f,-0.715375356034857f,0.3262572341563302f,-0.617895069683084f,-0.38556470485273076f,0f,0f,0f,1f],start_interpolation:0}
execute if entity @s[tag=aj.grey_guardian.bone.axe] run data modify entity @s {} merge value {transformation:[-0.000001637549501854922f,0.0000053512730736067966f,0.00000828747899669529f,-1.589961949561705f,0.0000024894463334505187f,0.000008353154309168085f,-0.000004901782332998522f,0.3416925241935218f,-0.000009545736670464177f,0.000001260432298426828f,-0.0000027000410810278422f,-0.4091283747466395f,0f,0f,0f,1f],start_interpolation:0}
execute if entity @s[tag=aj.grey_guardian.bone.left_arm_2] run data modify entity @s {} merge value {transformation:[-0.1637549501854922f,0.5351273073606796f,0.828747899669529f,-0.9776935834483715f,0.24894463334505185f,0.8353154309168085f,-0.4901782332998522f,0.5498837479546372f,-0.9545736670464176f,0.1260432298426828f,-0.2700041081027842f,-0.5082460659154368f,0f,0f,0f,1f],start_interpolation:0}
execute if entity @s[tag=aj.grey_guardian.bone.left_arm] run data modify entity @s {} merge value {transformation:[-0.0838469174248721f,0.8544836146870126f,0.5126669939344288f,-0.5574552574182674f,-0.41642654505462195f,0.43735426422035756f,-0.7970634730949226f,0.7249667423886204f,-0.9052947735473885f,-0.28031946025862475f,0.3191588525923975f,-0.4033298462663963f,0f,0f,0f,1f],start_interpolation:0}
execute if entity @s[tag=aj.grey_guardian.bone.left_shoulder] run data modify entity @s {} merge value {transformation:[-0.729386251652542f,0.017470079383131245f,0.6838790040837646f,-0.42153024814521645f,-0.5842194568778675f,0.5042053720754465f,-0.6359752895951147f,0.9044179878895215f,-0.35592600650357686f,-0.8634070529574146f,-0.357554106112359f,-0.552771348798374f,0f,0f,0f,1f],start_interpolation:0}
execute if entity @s[tag=aj.grey_guardian.bone.right_arm_2] run data modify entity @s {} merge value {transformation:[-0.46682499550699424f,-0.709569933986482f,-0.5278114553060724f,0.9471681504560193f,-0.35155888996269513f,0.6965505527674193f,-0.6254787560961605f,0.4475603095636723f,0.8114682806235203f,-0.10643230816731306f,-0.5746228270092355f,-0.41042061196379165f,0f,0f,0f,1f],start_interpolation:0}
execute if entity @s[tag=aj.grey_guardian.bone.right_arm] run data modify entity @s {} merge value {transformation:[-0.42850035203021186f,-0.577572462693525f,-0.6948363106862803f,0.6021488880641617f,-0.08807073902817802f,0.792051152629608f,-0.6040683045361179f,0.7178157683127904f,0.8992391190540006f,-0.19764873375826647f,-0.3902614313594656f,-0.37460063716086645f,0f,0f,0f,1f],start_interpolation:0}
execute if entity @s[tag=aj.grey_guardian.bone.right_shoulder] run data modify entity @s {} merge value {transformation:[-0.7182243636690206f,0.03682750037823795f,-0.6948363106862803f,0.44383660353785287f,0.610653763620912f,0.5120580674400858f,-0.6040683045361179f,0.926964837551532f,0.33355021272343016f,-0.8581609818591239f,-0.3902614313594656f,-0.515153406474247f,0f,0f,0f,1f],start_interpolation:0}
execute if entity @s[tag=aj.grey_guardian.bone.upper_body] run data modify entity @s {} merge value {transformation:[-0.9987182029343743f,0.02339604304098805f,0.04488403165445451f,-0.005329566877508824f,-0.026021275407625073f,0.5232794856670006f,-0.8517637425402891f,0.6067995750716169f,-0.043414794180030004f,-0.8518398940235798f,-0.5219999526783523f,-0.01872898677716881f,0f,0f,0f,1f],start_interpolation:0}
execute if entity @s[tag=aj.grey_guardian.bone.body] run data modify entity @s {} merge value {transformation:[-0.9998969011356145f,-0.013998584675728938f,-0.0031979253386741737f,-6.5972488474317385e-18f,-0.011732460375480439f,0.924866274095475f,-0.3801114631450775f,0.385416875f,0.008278675795866677f,-0.3800347545525675f,-0.924935159272928f,0.053870625f,0f,0f,0f,1f],start_interpolation:0}