execute if entity @s[tag=aj.grey_guardian.bone.head] run data modify entity @s {} merge value {transformation:[-0.9721762121702551f,-0.0893868283854238f,0.21652576613763555f,-0.03751940441105665f,-0.0032959902693780324f,0.9294614616062495f,0.36890449690525373f,1.1874504157407788f,-0.23422755802518075f,0.35792650963566386f,-0.9038949412191615f,0.21973152544669552f,0f,0f,0f,1f],start_interpolation:0}
execute if entity @s[tag=aj.grey_guardian.bone.sword] run data modify entity @s {} merge value {transformation:[-0.40849388270378945f,0.9001191172675744f,-0.15138798671963893f,-1.3603267175491194f,0.8508542200928777f,0.4355553851731351f,0.2938343114696151f,0.40814751314408004f,0.33042373392921315f,-0.008779588607951666f,-0.9437918599353099f,0.5361817623176048f,0f,0f,0f,1f],start_interpolation:0}
execute if entity @s[tag=aj.grey_guardian.bone.axe] run data modify entity @s {} merge value {transformation:[-0.000006550273342221916f,0.000007414613562916825f,0.000001455137400655632f,-1.4106989189606953f,0.000007530241926909565f,0.000006564743374430155f,4.4676722136783867e-7f,0.3791313283287791f,-6.239997310818941e-7f,0.0000013883984084135548f,-0.000009883469744736634f,0.5124983332651079f,0f,0f,0f,1f],start_interpolation:0}
execute if entity @s[tag=aj.grey_guardian.bone.left_arm_2] run data modify entity @s {} merge value {transformation:[-0.6550273342221915f,0.7414613562916824f,0.1455137400655632f,-1.015453954554529f,0.7530241926909564f,0.6564743374430154f,0.044676722136783864f,0.7542642035779235f,-0.0623999731081894f,0.13883984084135548f,-0.9883469744736634f,0.15042486210800535f,0f,0f,0f,1f],start_interpolation:0}
execute if entity @s[tag=aj.grey_guardian.bone.left_arm] run data modify entity @s {} merge value {transformation:[-0.6822248690725334f,0.5946541770864862f,0.42538880767194476f,-0.5887718677436666f,0.37286970543530235f,0.7834406158998728f,-0.4971810375778816f,0.9424186188856202f,-0.6289176502433014f,-0.18057466885480403f,-0.7562111994545057f,0.12210470065107527f,0f,0f,0f,1f],start_interpolation:0}
execute if entity @s[tag=aj.grey_guardian.bone.left_shoulder] run data modify entity @s {} merge value {transformation:[-0.9452493631890858f,-0.15001738449429353f,0.2898248190547511f,-0.47017289095905235f,-0.12523017786659704f,0.9868325802790738f,0.10236630818411765f,1.1835669262062152f,-0.3013652998308339f,0.06046687398267414f,-0.9515895718263389f,0.15026312601140263f,0f,0f,0f,1f],start_interpolation:0}
execute if entity @s[tag=aj.grey_guardian.bone.right_arm_2] run data modify entity @s {} merge value {transformation:[-0.8776280551589657f,-0.46291116220460155f,-0.1244277007112018f,0.8087185490012888f,-0.4760363831277489f,0.8721329270175736f,0.11301999624141915f,0.6910877810979177f,0.05619927701085209f,0.15842163210289278f,-0.9857708799438708f,-0.14137122991358814f,0f,0f,0f,1f],start_interpolation:0}
execute if entity @s[tag=aj.grey_guardian.bone.right_arm] run data modify entity @s {} merge value {transformation:[-0.7710392990273126f,-0.2242641901070575f,-0.595989909638658f,0.559886961944863f,-0.38804440076943963f,0.9075552119962796f,0.16051504667748243f,1.009182338768524f,0.5048959718466339f,0.355033956423908f,-0.7867851977503325f,0.03257723562526524f,0f,0f,0f,1f],start_interpolation:0}
execute if entity @s[tag=aj.grey_guardian.bone.right_shoulder] run data modify entity @s {} merge value {transformation:[-0.7608538006891195f,0.03827116980490624f,-0.6477938032573989f,0.3954136265934423f,-0.06378272543953095f,0.989015097421468f,0.13334504493197152f,1.221355342233168f,0.645781122294874f,0.14277413853414814f,-0.7500548562961278f,0.16099971074625993f,0f,0f,0f,1f],start_interpolation:0}
execute if entity @s[tag=aj.grey_guardian.bone.upper_body] run data modify entity @s {} merge value {transformation:[-0.9989717188876741f,-0.04528793830914478f,0.002123088861277645f,-0.01230768352428638f,-0.043611537549391816f,0.9726822205900042f,0.2280073058932022f,0.616362947106627f,-0.01239107159142308f,0.22768025911748563f,-0.9736571064563802f,0.025202864203530722f,0f,0f,0f,1f],start_interpolation:0}
execute if entity @s[tag=aj.grey_guardian.bone.body] run data modify entity @s {} merge value {transformation:[-0.9987730318875584f,-0.045267164085950565f,-0.020082694783068917f,-6.5972488474317385e-18f,-0.04045608983244477f,0.9797092117262766f,-0.19629866340387273f,0.385416875f,0.028561084881415743f,-0.19524534389913986f,-0.9803384722207443f,0.053870625f,0f,0f,0f,1f],start_interpolation:0}