execute if entity @s[tag=aj.grey_guardian.bone.head] run data modify entity @s {} merge value {transformation:[-0.9883149957751934f,0.01215477535468688f,0.15193989127927013f,0.015625431854190287f,0.15060068828174902f,-0.0759062733401879f,0.9856762502752453f,0.6787805488378443f,0.02351386431326845f,0.9970408713305999f,0.07318879068119263f,0.7130016540592319f,0f,0f,0f,1f],start_interpolation:0}
execute if entity @s[tag=aj.grey_guardian.bone.sword] run data modify entity @s {} merge value {transformation:[-0.3761309639327608f,0.014003024898894809f,-0.9264606916997036f,-0.16381693322285046f,-0.32586185180942273f,0.9340114245557432f,0.14641281478984342f,-0.4013893534315983f,0.867375092740359f,0.35696858978491675f,-0.3467475658178755f,0.33666521314102055f,0f,0f,0f,1f],start_interpolation:0}
execute if entity @s[tag=aj.grey_guardian.bone.axe] run data modify entity @s {} merge value {transformation:[-0.0000068896122771129845f,-5.340866526954978e-7f,-0.000007228277396341855f,-0.18001034487984263f,-0.000004775637959972007f,0.000007836430036057792f,0.000003972863748638465f,-0.44831753414257736f,0.000005452203659652533f,0.000006189112677709448f,-0.0000056540569077687725f,0.2982500892698987f,0f,0f,0f,1f],start_interpolation:0}
execute if entity @s[tag=aj.grey_guardian.bone.left_arm_2] run data modify entity @s {} merge value {transformation:[-0.6889612277112984f,-0.05340866526954977f,-0.7228277396341855f,-0.5503008876684246f,-0.47756379599720067f,0.7836430036057791f,0.3972863748638465f,0.08454989033217353f,0.5452203659652533f,0.6189112677709447f,-0.5654056907768772f,0.38178257607508115f,0f,0f,0f,1f],start_interpolation:0}
execute if entity @s[tag=aj.grey_guardian.bone.left_arm] run data modify entity @s {} merge value {transformation:[-0.9390753829025611f,-0.31903157251991804f,0.1278916766716131f,-0.47516962471660085f,-0.20664371438369739f,0.8213785728865606f,0.5316348514803613f,0.5183570019321918f,-0.27465578554277176f,0.47281719061208566f,-0.837262266992594f,0.5380784557473015f,0f,0f,0f,1f],start_interpolation:0}
execute if entity @s[tag=aj.grey_guardian.bone.left_shoulder] run data modify entity @s {} merge value {transformation:[-0.9099000489743921f,-0.34322637446858695f,-0.23297544236581708f,-0.4216380985291947f,-0.37952434508107835f,0.46205792198799095f,0.8015383635353446f,0.7039689919926224f,-0.16746095773993816f,0.8177396484195255f,-0.5506892908306222f,0.7270061805167816f,0f,0f,0f,1f],start_interpolation:0}
execute if entity @s[tag=aj.grey_guardian.bone.right_arm_2] run data modify entity @s {} merge value {transformation:[-0.7859858060643699f,-0.05432796435057295f,0.6158528923004791f,0.701401838635578f,0.4868799280810541f,0.5595124874159738f,0.6707411662164304f,0.5398474874738465f,-0.38101738582003103f,0.8270394481009432f,-0.41331767804892783f,0.03701502261459466f,0f,0f,0f,1f],start_interpolation:0}
execute if entity @s[tag=aj.grey_guardian.bone.right_arm] run data modify entity @s {} merge value {transformation:[-0.98220880142682f,-0.016624632988245774f,0.18705478335957032f,0.5528688802211357f,0.17533625645233347f,0.2755382227983788f,0.9451644750784872f,0.7382539602487704f,-0.06725375508453957f,0.9611463516838201f,-0.26772116664901874f,0.4002397558386236f,0f,0f,0f,1f],start_interpolation:0}
execute if entity @s[tag=aj.grey_guardian.bone.right_shoulder] run data modify entity @s {} merge value {transformation:[-0.7588294461703292f,0.25851028299034623f,-0.5977878429786628f,0.43958259127757454f,-0.44927057794906694f,0.45674089679520347f,0.767817491975811f,0.781767010556432f,0.47152287263094955f,0.8512110119018461f,-0.23044737751359404f,0.6719639261793391f,0f,0f,0f,1f],start_interpolation:0}
execute if entity @s[tag=aj.grey_guardian.bone.upper_body] run data modify entity @s {} merge value {transformation:[-0.9939331255650253f,0.04340426515270897f,-0.10105944622395734f,-0.018562033725393372f,-0.08978654213618886f,0.2104863181744041f,0.9734648872520312f,0.6097776078378413f,0.06352415883556409f,0.9766327762408638f,-0.2053122052297358f,0.11409620319349739f,0f,0f,0f,1f],start_interpolation:0}
execute if entity @s[tag=aj.grey_guardian.bone.body] run data modify entity @s {} merge value {transformation:[-0.9939331255650253f,-0.07652691835929046f,-0.07899729533958796f,-6.5972488474317385e-18f,-0.08978654213618886f,0.9793911705684831f,0.18091796998563375f,0.385416875f,0.06352415883556409f,0.1869132573653533f,-0.9803204146937404f,0.053870625f,0f,0f,0f,1f],start_interpolation:0}