execute if entity @s[tag=aj.grey_guardian.bone.head] run data modify entity @s {} merge value {transformation:[-0.9886112809289291f,0.0007371170017944559f,0.15048983978524105f,0.03525708110892814f,0.14046899591587564f,-0.35431190227074755f,0.9245169209352904f,0.6028970768796834f,0.05400181854759683f,0.9351270141364807f,0.3501732014671347f,0.7674877852041067f,0f,0f,0f,1f],start_interpolation:0}
execute if entity @s[tag=aj.grey_guardian.bone.sword] run data modify entity @s {} merge value {transformation:[-0.3653223903145271f,-0.3790949201558311f,-0.8501920916163149f,0.20442899853577884f,-0.5384817098426807f,0.8310628959929759f,-0.13918301285958273f,-0.28158330645987284f,0.7593266749560319f,0.4069662202392382f,-0.5077415644640538f,0.40535336404238614f,0f,0f,0f,1f],start_interpolation:0}
execute if entity @s[tag=aj.grey_guardian.bone.axe] run data modify entity @s {} merge value {transformation:[-0.0000054781007166644505f,-0.000004282670540480207f,-0.0000071867339995149f,0.21245241911960616f,-0.0000074775546134845035f,0.00000635898047476574f,0.0000019103780578473733f,-0.32615251195107026f,0.0000037518781350727606f,0.000006420443938175233f,-0.000006685903835407139f,0.36188598418130896f,0f,0f,0f,1f],start_interpolation:0}
execute if entity @s[tag=aj.grey_guardian.bone.left_arm_2] run data modify entity @s {} merge value {transformation:[-0.547810071666445f,-0.4282670540480206f,-0.7186733999514899f,-0.3328502831737144f,-0.7477554613484503f,0.635898047476574f,0.19103780578473734f,0.032856220304872286f,0.37518781350727604f,0.6420443938175232f,-0.6685903835407139f,0.40429055389328855f,0f,0f,0f,1f],start_interpolation:0}
execute if entity @s[tag=aj.grey_guardian.bone.left_arm] run data modify entity @s {} merge value {transformation:[-0.7374317198753081f,-0.6708896553656323f,0.07811228357389338f,-0.447064856550436f,-0.4802094858391893f,0.6021057767446113f,0.6378616490437637f,0.4447703617826176f,-0.474966639072479f,0.4328691533640986f,-0.7661794749495981f,0.5928203659364386f,0f,0f,0f,1f],start_interpolation:0}
execute if entity @s[tag=aj.grey_guardian.bone.left_shoulder] run data modify entity @s {} merge value {transformation:[-0.8827470144589513f,-0.3501547086866622f,-0.3132880279365406f,-0.40175617317316104f,-0.43425964611150025f,0.3534734643400308f,0.82853791088071f,0.61541388521129f,-0.1793774462493054f,0.8674377153386954f,-0.4640857052151701f,0.7973662812199874f,0f,0f,0f,1f],start_interpolation:0}
execute if entity @s[tag=aj.grey_guardian.bone.right_arm_2] run data modify entity @s {} merge value {transformation:[-0.7997898387832523f,0.04394020041593283f,0.5986697525067282f,0.638241406206512f,0.5038316826462997f,0.5913053129202317f,0.6296917201886213f,0.43126518034275196f,-0.32632782495652707f,0.8052498281277147f,-0.4950584460035278f,0.08025298862724178f,0f,0f,0f,1f],start_interpolation:0}
execute if entity @s[tag=aj.grey_guardian.bone.right_arm] run data modify entity @s {} merge value {transformation:[-0.9749470745521334f,0.09596475156713259f,0.20067129410779072f,0.5374335620136257f,0.22130290229637473f,0.3274900272690897f,0.9185724290846595f,0.6562973592224194f,0.022432727374042977f,0.9399686422939593f,-0.3405227220709545f,0.4443376930819223f,0f,0f,0f,1f],start_interpolation:0}
execute if entity @s[tag=aj.grey_guardian.bone.right_shoulder] run data modify entity @s {} merge value {transformation:[-0.7250965424657209f,0.3661780387923627f,-0.5832226401730614f,0.4551602817521498f,-0.3838778749794081f,0.48819579504764593f,0.7837746122445475f,0.7201257756541573f,0.5717278908760277f,0.792198529160447f,-0.21342143563961233f,0.7231175958150005f,0f,0f,0f,1f],start_interpolation:0}
execute if entity @s[tag=aj.grey_guardian.bone.upper_body] run data modify entity @s {} merge value {transformation:[-0.9889656164474101f,0.07113789414678065f,-0.12994771833762803f,-0.017296961976167594f,-0.12084778940349548f,0.119982543141535f,0.9853933230632212f,0.5889200790076607f,0.08569026363060435f,0.9902240096855109f,-0.11006175249043781f,0.16610550758695827f,0f,0f,0f,1f],start_interpolation:0}
execute if entity @s[tag=aj.grey_guardian.bone.body] run data modify entity @s {} merge value {transformation:[-0.9889656164474101f,-0.07470495138240114f,-0.12793037060740173f,-6.5972488474317385e-18f,-0.12084778940349548f,0.9063056088234427f,0.4049764872328482f,0.385416875f,0.08569026363060435f,0.41596792382841485f,-0.9053330133518801f,0.053870625f,0f,0f,0f,1f],start_interpolation:0}