execute if entity @s[tag=aj.grey_guardian.bone.head] run data modify entity @s {} merge value {transformation:[-0.9891364090327327f,-0.001388564864822488f,0.14699400060358486f,-0.0026903187729732693f,0.14062943473205472f,0.2822584908849807f,0.9489749767039573f,0.8364966979982511f,-0.042808018089760654f,0.9593373839327587f,-0.27899687700093945f,0.6361266788187725f,0f,0f,0f,1f],start_interpolation:0}
execute if entity @s[tag=aj.grey_guardian.bone.sword] run data modify entity @s {} merge value {transformation:[-0.4306930844954747f,0.4327207430544203f,-0.7919950918397185f,-0.6264122550647183f,0.0370821868768538f,0.8853022292517732f,0.4635351920817564f,-0.33744148402520274f,0.9017363131116571f,0.17027249164874247f,-0.39733977928660125f,0.46993602906118104f,0f,0f,0f,1f],start_interpolation:0}
execute if entity @s[tag=aj.grey_guardian.bone.axe] run data modify entity @s {} merge value {transformation:[-0.000007957039380975572f,0.0000032202969090434155f,-0.0000051298354853941755f,-0.6632596067853467f,-2.2381762860762435e-7f,0.00000830735063939256f,0.00000556217862202469f,-0.37908535804046367f,0.0000060527208723621455f,0.0000045406621952959065f,-0.0000065381156971624675f,0.4408110759084955f,0f,0f,0f,1f],start_interpolation:0}
execute if entity @s[tag=aj.grey_guardian.bone.left_arm_2] run data modify entity @s {} merge value {transformation:[-0.7957039380975572f,0.3220296909043415f,-0.5129835485394175f,-0.7641906796999726f,-0.022381762860762433f,0.830735063939256f,0.5562178622024689f,0.266512156698303f,0.6052720872362145f,0.45406621952959064f,-0.6538115697162467f,0.4082961258038851f,0f,0f,0f,1f],start_interpolation:0}
execute if entity @s[tag=aj.grey_guardian.bone.left_arm] run data modify entity @s {} merge value {transformation:[-0.9745368910587147f,0.05877031744854777f,0.2163883031788261f,-0.5186949615800145f,0.12271009992249218f,0.9474888603285345f,0.2953084674206731f,0.65880338078415f,-0.18767013439177427f,0.31434202604858874f,-0.930574559783923f,0.4723364774580869f,0f,0f,0f,1f],start_interpolation:0}
execute if entity @s[tag=aj.grey_guardian.bone.left_shoulder] run data modify entity @s {} merge value {transformation:[-0.9549895461589886f,-0.27891394848404316f,-0.10100483190466496f,-0.4398366953805248f,-0.26492079504113436f,0.6487193077124529f,0.7134285052868641f,0.8657086587811758f,-0.13346137674182137f,0.7080750448519679f,-0.6934102622373435f,0.6271999661366733f,0f,0f,0f,1f],start_interpolation:0}
execute if entity @s[tag=aj.grey_guardian.bone.right_arm_2] run data modify entity @s {} merge value {transformation:[-0.9066303192800286f,-0.23539134363291028f,0.35016050534702897f,0.763665793864245f,0.12417077282880346f,0.6443005550119907f,0.7546246841883312f,0.6515281446265995f,-0.4032407262880217f,0.7276453189253222f,-0.5549136928467117f,-0.003469587224145365f,0f,0f,0f,1f],start_interpolation:0}
execute if entity @s[tag=aj.grey_guardian.bone.right_arm] run data modify entity @s {} merge value {transformation:[-0.9845498701694957f,-0.10445917721549289f,-0.14053410064710853f,0.558609954616023f,-0.17162727688853957f,0.41652817476783155f,0.892775647882716f,0.8497244316048665f,-0.034722197180678316f,0.9031016332174585f,-0.4280208045211179f,0.3312388076783963f,0f,0f,0f,1f],start_interpolation:0}
execute if entity @s[tag=aj.grey_guardian.bone.right_shoulder] run data modify entity @s {} merge value {transformation:[-0.7538305626369068f,0.16320875195612825f,-0.6364765401171104f,0.4236603243229169f,-0.4352254839996665f,0.6016691465678683f,0.6697559377456456f,0.9243502905540233f,0.4922583274174045f,0.7818933056071116f,-0.38252398321543624f,0.5857594787777901f,0f,0f,0f,1f],start_interpolation:0}
execute if entity @s[tag=aj.grey_guardian.bone.upper_body] run data modify entity @s {} merge value {transformation:[-0.9965602334780091f,0.012044752074360697f,-0.08199161541110771f,-0.016909176780802795f,-0.06767819334356352f,0.4526987339442054f,0.8890914004932591f,0.6169921195235725f,0.0478263859810361f,0.8915821780591965f,-0.4503263889349727f,0.0737802625843481f,0f,0f,0f,1f],start_interpolation:0}
execute if entity @s[tag=aj.grey_guardian.bone.body] run data modify entity @s {} merge value {transformation:[-0.9965602334780091f,-0.06716580353233913f,-0.048543340285883016f,-6.5972488474317385e-18f,-0.06767819334356352f,0.9976667165351102f,0.008988040042380773f,0.385416875f,0.0478263859810361f,0.012242448852555064f,-0.9987806362010057f,0.053870625f,0f,0f,0f,1f],start_interpolation:0}