execute if entity @s[tag=aj.tutankhamen.bone.head] run data modify entity @s {} merge value {transformation:[-0.9296060681548386f,0.17677368646834318f,-0.3233939112322521f,0f,0.12236573523698363f,0.975727918331081f,0.18160852466007135f,1.625f,0.34764807620582944f,0.12925205283355165f,-0.9286736358639125f,0f,0f,0f,0f,1f],start_interpolation:0}
execute if entity @s[tag=aj.tutankhamen.bone.back_cape] run data modify entity @s {} merge value {transformation:[-0.5283305679113177f,0.25531087825547444f,-0.8097426544618499f,-0.1326623057925127f,0f,0.9537169507482269f,0.30070579950427306f,1.625f,0.8490387570720812f,0.15887206582631944f,-0.503877818215461f,-0.08255165123614339f,0f,0f,0f,1f],start_interpolation:0}
execute if entity @s[tag=aj.tutankhamen.bone.left_hand] run data modify entity @s {} merge value {transformation:[-0.5584260989041759f,-0.3911926706807025f,-0.7315248365355498f,0.13807555713337205f,-0.27581299443917623f,0.9192158862807063f,-0.2810148510446919f,1.2098127506417384f,0.7823602010334871f,0.044838028668473445f,-0.6212101633295828f,-0.3752743843479386f,0f,0f,0f,1f],start_interpolation:0}
execute if entity @s[tag=aj.tutankhamen.bone.cape_left_back] run data modify entity @s {} merge value {transformation:[-0.5158826404811933f,-0.041206819059768786f,-0.8556676336715836f,0.05702916632735955f,-0.17379715272452184f,0.9831049603121301f,0.05743854728781311f,1.3391263015215236f,0.8388442352159317f,0.17834414785089134f,-0.5143284106214028f,-0.3475171077695006f,0f,0f,0f,1f],start_interpolation:0}
execute if entity @s[tag=aj.tutankhamen.bone.cape_left_side] run data modify entity @s {} merge value {transformation:[-0.5158826404811933f,-0.041206819059768786f,-0.8556676336715836f,0.24459428311149395f,-0.17379715272452184f,0.9831049603121301f,0.05743854728781311f,1.3591022882237536f,0.8388442352159317f,0.17834414785089134f,-0.5143284106214028f,-0.4142954681943146f,0f,0f,0f,1f],start_interpolation:0}
execute if entity @s[tag=aj.tutankhamen.bone.left_arm] run data modify entity @s {} merge value {transformation:[-0.5103281403635123f,-0.08601214937432905f,-0.8556676336715836f,0.11405833861079587f,-0.25881904510252074f,0.964216529197506f,0.05743854728781311f,1.5f,0.8201084629762936f,0.2507755868945841f,-0.5143284106214028f,-0.2531297792905006f,0f,0f,0f,1f],start_interpolation:0}
execute if entity @s[tag=aj.tutankhamen.bone.cape_right_back] run data modify entity @s {} merge value {transformation:[-0.7091651744300662f,0.7049935776379688f,-0.00829523144893149f,-0.31393457341865194f,0.28817225130747154f,0.2790993842863323f,-0.9160023402084592f,1.368715550261236f,-0.643460572958404f,-0.6519874148940359f,-0.401087149965983f,0.29714588983243106f,0f,0f,0f,1f],start_interpolation:0}
execute if entity @s[tag=aj.tutankhamen.bone.cape_right] run data modify entity @s {} merge value {transformation:[-0.7091651744300662f,0.7049935776379688f,-0.00829523144893149f,-0.4226678240611169f,0.28817225130747154f,0.2790993842863323f,-0.9160023402084592f,1.6427430495801434f,-0.643460572958404f,-0.6519874148940359f,-0.401087149965983f,0.2968769627991762f,0f,0f,0f,1f],start_interpolation:0}
execute if entity @s[tag=aj.tutankhamen.bone.weapon] run data modify entity @s {} merge value {transformation:[-1.159780545682504f,0.2938584721314828f,1.1149636576247923f,-0.6810378088969306f,0.4712817026590941f,1.564096604826294f,0.07799385309571467f,1.3676971572537848f,-1.0523261453590564f,0.37661211177884474f,-1.1938846990670164f,0.6187170413713431f,0f,0f,0f,1f],start_interpolation:0}
execute if entity @s[tag=aj.tutankhamen.bone.right_hand] run data modify entity @s {} merge value {transformation:[-0.7091651744300662f,0.7049935776379688f,-0.00829523144893149f,-0.42370173035877934f,0.28817225130747154f,0.2790993842863323f,-0.9160023402084592f,1.400083656341832f,-0.643460572958404f,-0.6519874148940359f,-0.401087149965983f,0.38360412066210936f,0f,0f,0f,1f],start_interpolation:0}
execute if entity @s[tag=aj.tutankhamen.bone.right_arm] run data modify entity @s {} merge value {transformation:[-0.7091651744300662f,0.7049935776379688f,-0.00829523144893149f,-0.17671103109203742f,0.28817225130747154f,0.2790993842863323f,-0.9160023402084592f,1.5f,-0.643460572958404f,-0.6519874148940359f,-0.401087149965983f,0.2141429458579047f,0f,0f,0f,1f],start_interpolation:0}
execute if entity @s[tag=aj.tutankhamen.bone.body] run data modify entity @s {} merge value {transformation:[-0.5283305679113177f,0f,-0.8490387570720812f,0f,0f,1f,0f,0.1875f,0.8490387570720812f,0f,-0.5283305679113177f,0f,0f,0f,0f,1f],start_interpolation:0}
execute if entity @s[tag=aj.tutankhamen.bone.left_foot] run data modify entity @s {} merge value {transformation:[-0.9434857615011172f,0.09402267699473843f,-0.31779608879814775f,0.09411986536554556f,0.10857721885940166f,0.9936834364145185f,-0.02835869778729838f,0.44193861876439233f,0.31312234891399027f,-0.06126144306312756f,-0.9477348944744034f,0.03652845240994831f,0f,0f,0f,1f],start_interpolation:0}
execute if entity @s[tag=aj.tutankhamen.bone.left_leg] run data modify entity @s {} merge value {transformation:[-0.9434857615011172f,0.053035660343067455f,-0.3271419211544615f,0.08783903671872767f,0.10857721885940166f,0.9820990700485746f,-0.1539233710470332f,0.875f,0.31312234891399027f,-0.18074466891640217f,-0.9323549534747405f,-0.03276226683741546f,0f,0f,0f,1f],start_interpolation:0}
execute if entity @s[tag=aj.tutankhamen.bone.right_foot] run data modify entity @s {} merge value {transformation:[-0.9227153533624216f,0.18453643340399806f,-0.3384415480046638f,-0.06268348292833238f,0.1736481776669303f,0.9828250163923979f,0.06246036780420822f,0.5686032403700327f,0.34415503346924264f,-0.0011366177081780782f,-0.9389121476676985f,0.34560573616633494f,0f,0f,0f,1f],start_interpolation:0}
execute if entity @s[tag=aj.tutankhamen.bone.right_leg] run data modify entity @s {} merge value {transformation:[-0.9227153533624216f,-0.12340664818964793f,-0.36519470950693933f,-0.08783903671872767f,0.1736481776669303f,0.712738891844706f,-0.6795951606985844f,0.875f,0.34415503346924264f,-0.6904882846468701f,-0.6362257788735123f,0.03276226683741546f,0f,0f,0f,1f],start_interpolation:0}