execute if entity @s[tag=aj.tutankhamen.bone.head] run data modify entity @s {} merge value {transformation:[-0.9983562693823821f,0.05377037442265496f,0.019836991186672565f,0f,0.0573123127788474f,0.9351838337050462f,0.3494946294017577f,1.625f,0.00024122361451389684f,0.35005705822219885f,-0.9367283479216308f,0f,0f,0f,0f,1f],start_interpolation:0}
execute if entity @s[tag=aj.tutankhamen.bone.back_cape] run data modify entity @s {} merge value {transformation:[-0.9905160044612757f,-0.041316194337592135f,0.13103822721453562f,0.021468343397071845f,0f,0.9537169507482269f,0.30070579950427306f,1.625f,-0.1373973977412598f,0.29785390704330605f,-0.944671903442125f,-0.15476812569707432f,0f,0f,0f,1f],start_interpolation:0}
execute if entity @s[tag=aj.tutankhamen.bone.left_hand] run data modify entity @s {} merge value {transformation:[-0.9521243569633664f,-0.21216212288561928f,0.22010552580469978f,0.40167423825207305f,-0.2631126157086958f,0.9352986454430785f,-0.23661824800143896f,1.2155071310362378f,-0.15566297033021104f,-0.2832025378505808f,-0.9463431524679439f,-0.05690451174763025f,0f,0f,0f,1f],start_interpolation:0}
execute if entity @s[tag=aj.tutankhamen.bone.cape_left_back] run data modify entity @s {} merge value {transformation:[-0.9770792421816268f,-0.19041970261309996f,0.09516559963829668f,0.34019243474243355f,-0.1747056471691372f,0.9727208212934086f,0.1526176289603843f,1.3493244466707375f,-0.12163096375919648f,0.13249354957512136f,-0.9836927203024295f,-0.10562711615718909f,0f,0f,0f,1f],start_interpolation:0}
execute if entity @s[tag=aj.tutankhamen.bone.cape_left_side] run data modify entity @s {} merge value {transformation:[-0.9770792421816268f,-0.19041970261309996f,0.09516559963829668f,0.4809653663785256f,-0.1747056471691372f,0.9727208212934086f,0.1526176289603843f,1.3575450004208671f,-0.12163096375919648f,0.13249354957512136f,-0.9836927203024295f,0.03633931196798904f,0f,0f,0f,1f],start_interpolation:0}
execute if entity @s[tag=aj.tutankhamen.bone.left_arm] run data modify entity @s {} merge value {transformation:[-0.9567649900618043f,-0.27485316523103576f,0.09516559963829668f,0.2776371665540537f,-0.25881904510252074f,0.9537927244547055f,0.1526176289603843f,1.5f,-0.13271569494319416f,0.12138853463054547f,-0.9836927203024295f,0.0012623462873411762f,0f,0f,0f,1f],start_interpolation:0}
execute if entity @s[tag=aj.tutankhamen.bone.cape_right_back] run data modify entity @s {} merge value {transformation:[-0.27096200875812343f,0.6664926003210946f,0.6945266039015265f,-0.3329206501611316f,0.6231576428089969f,0.6713764084876577f,-0.4011586598030116f,1.342557465920902f,-0.7336580552399715f,0.32410080506447264f,-0.5972474580423625f,-0.192198778768083f,0f,0f,0f,1f],start_interpolation:0}
execute if entity @s[tag=aj.tutankhamen.bone.cape_right] run data modify entity @s {} merge value {transformation:[-0.27096200875812343f,0.6664926003210946f,0.6945266039015265f,-0.54889011500497f,0.6231576428089969f,0.6713764084876577f,-0.4011586598030116f,1.5402155125605608f,-0.7336580552399715f,0.32410080506447264f,-0.5972474580423625f,-0.15752098538873793f,0f,0f,0f,1f],start_interpolation:0}
execute if entity @s[tag=aj.tutankhamen.bone.weapon] run data modify entity @s {} merge value {transformation:[-0.44313578515651436f,-0.34799011034016586f,1.5352919046976925f,-0.7465497387646107f,1.019122395010547f,1.1522166497257302f,0.555314334133283f,1.1110998566919172f,-1.1998366111737035f,1.1071979718240839f,-0.09535424105381826f,-0.3084406830713827f,0f,0f,0f,1f],start_interpolation:0}
execute if entity @s[tag=aj.tutankhamen.bone.right_hand] run data modify entity @s {} merge value {transformation:[-0.27096200875812343f,0.6664926003210946f,0.6945266039015265f,-0.46810770071880514f,0.6231576428089969f,0.6713764084876577f,-0.4011586598030116f,1.3031815074354145f,-0.7336580552399715f,0.32410080506447264f,-0.5972474580423625f,-0.21831022749974355f,0f,0f,0f,1f],start_interpolation:0}
execute if entity @s[tag=aj.tutankhamen.bone.right_arm] run data modify entity @s {} merge value {transformation:[-0.27096200875812343f,0.6664926003210946f,0.6945266039015265f,-0.26749826908123175f,0.6231576428089969f,0.6713764084876577f,-0.4011586598030116f,1.5f,-0.7336580552399715f,0.32410080506447264f,-0.5972474580423625f,-0.07435499854654987f,0f,0f,0f,1f],start_interpolation:0}
execute if entity @s[tag=aj.tutankhamen.bone.body] run data modify entity @s {} merge value {transformation:[-0.9905160044612757f,0f,0.1373973977412598f,0f,0f,1f,0f,0.1875f,-0.1373973977412598f,0f,-0.9905160044612757f,0f,0f,0f,0f,1f],start_interpolation:0}
execute if entity @s[tag=aj.tutankhamen.bone.left_foot] run data modify entity @s {} merge value {transformation:[-0.9299184815496557f,-0.060567460244669545f,0.36274398745105724f,0.13581596600805476f,-0.06819980049691363f,0.9976374977477468f,-0.008258952705743533f,0.4413311342427571f,-0.3613867801740451f,-0.032419220334932504f,-0.931852235747874f,0.07762139777854449f,0f,0f,0f,1f],start_interpolation:0}
execute if entity @s[tag=aj.tutankhamen.bone.left_leg] run data modify entity @s {} merge value {transformation:[-0.9299184815496557f,-0.04323880397920085f,0.3652150373448917f,0.08783903671872764f,-0.06819980049691363f,0.996114536052049f,-0.05571910155406653f,0.875f,-0.3613867801740451f,-0.07672181499586309f,-0.9292541946201678f,0.03276226683741547f,0f,0f,0f,1f],start_interpolation:0}
execute if entity @s[tag=aj.tutankhamen.bone.right_foot] run data modify entity @s {} merge value {transformation:[-0.9227153533624214f,0.15433709206880966f,0.35323708565353834f,-0.22804589161511882f,0.17364817766693033f,0.9845288502303073f,0.023436157047246275f,0.46702570332496246f,-0.34415503346924275f,0.08296387813942135f,-0.9352402407199186f,0.04649568918323141f,0f,0f,0f,1f],start_interpolation:0}
execute if entity @s[tag=aj.tutankhamen.bone.right_leg] run data modify entity @s {} merge value {transformation:[-0.9227153533624214f,0.254564571665864f,0.28947064708159376f,-0.08783903671872764f,0.17364817766693033f,0.944916119376295f,-0.27745240625339257f,0.875f,-0.34415503346924275f,-0.20574354472356735f,-0.9160932849564861f,-0.03276226683741547f,0f,0f,0f,1f],start_interpolation:0}