execute if entity @s[tag=aj.tutankhamen.bone.head] run data modify entity @s {} merge value {transformation:[-0.9943911918122755f,0.09644386204804017f,-0.04341358219982396f,0f,0.07709957539372574f,0.9419887110351033f,0.32666944111216134f,1.625f,0.07240036685176036f,0.32149004612224497f,-0.9441410578531404f,0f,0f,0f,0f,1f],start_interpolation:0}
execute if entity @s[tag=aj.tutankhamen.bone.back_cape] run data modify entity @s {} merge value {transformation:[-0.9957188337396227f,0.027795374449889904f,-0.08815566513501008f,-0.014442778506284122f,0f,0.9537169507482269f,0.30070579950427306f,1.625f,0.09243378244021838f,0.2994184279811356f,-0.9496339299167337f,-0.15558106777181605f,0f,0f,0f,1f],start_interpolation:0}
execute if entity @s[tag=aj.tutankhamen.bone.left_hand] run data modify entity @s {} merge value {transformation:[-0.9624623832701475f,-0.2712636046229421f,0.009067391957758505f,0.37899077258031444f,-0.26510508420669754f,0.932399906306144f,-0.2456617777515533f,1.2141348254404574f,0.05818466393911127f,-0.23884403180163802f,-0.9693131967300511f,-0.14113549715932772f,0f,0f,0f,1f],start_interpolation:0}
execute if entity @s[tag=aj.tutankhamen.bone.cape_left_back] run data modify entity @s {} merge value {transformation:[-0.9792606434251336f,-0.15769154579164302f,-0.12720836695923504f,0.30794963244252754f,-0.17445820109197208f,0.9755491428975186f,0.13367200852710262f,1.3471615939140784f,0.10301906770276224f,0.15309227994173605f,-0.9828274647728841f,-0.1774399539692078f,0f,0f,0f,1f],start_interpolation:0}
execute if entity @s[tag=aj.tutankhamen.bone.cape_left_side] run data modify entity @s {} merge value {transformation:[-0.9792606434251336f,-0.15769154579164302f,-0.12720836695923504f,0.47686015384760905f,-0.17445820109197208f,0.9755491428975186f,0.13367200852710262f,1.3577116867688113f,0.10301906770276224f,0.15309227994173605f,-0.9828274647728841f,-0.0706832502011539f,0f,0f,0f,1f],start_interpolation:0}
execute if entity @s[tag=aj.tutankhamen.bone.left_arm] run data modify entity @s {} merge value {transformation:[-0.9617905372315324f,-0.24243967057279364f,-0.12720836695923504f,0.2705889594260251f,-0.2588190451025207f,0.9566318497878635f,0.13367200852710262f,1.5f,0.08928417768059191f,0.16148842095954027f,-0.9828274647728841f,-0.06217398818680875f,0f,0f,0f,1f],start_interpolation:0}
execute if entity @s[tag=aj.tutankhamen.bone.cape_right_back] run data modify entity @s {} merge value {transformation:[-0.2756759412057453f,0.785824040895086f,0.5536093859316732f,-0.3776508662017678f,0.6232761427380639f,0.584579177732266f,-0.5194170144069485f,1.3484136617689209f,-0.7317988967837317f,0.20186074832216783f,-0.6509397921105512f,-0.110945569672208f,0f,0f,0f,1f],start_interpolation:0}
execute if entity @s[tag=aj.tutankhamen.bone.cape_right] run data modify entity @s {} merge value {transformation:[-0.2756759412057453f,0.785824040895086f,0.5536093859316732f,-0.5591275784980838f,0.6232761427380639f,0.584579177732266f,-0.5194170144069485f,1.5756548126734804f,-0.7317988967837317f,0.20186074832216783f,-0.6509397921105512f,-0.06255419926702828f,0f,0f,0f,1f],start_interpolation:0}
execute if entity @s[tag=aj.tutankhamen.bone.weapon] run data modify entity @s {} merge value {transformation:[-0.450845028846896f,-0.15392527633660563f,1.5644914326642543f,-0.8298523429893536f,1.019316191769542f,1.210435021219666f,0.41283075734796637f,1.1724308440907494f,-1.1967961124483946f,1.0889176930883055f,-0.23774986123815775f,-0.163077137826041f,0f,0f,0f,1f],start_interpolation:0}
execute if entity @s[tag=aj.tutankhamen.bone.right_hand] run data modify entity @s {} merge value {transformation:[-0.2756759412057453f,0.785824040895086f,0.5536093859316732f,-0.5190943310970626f,0.6232761427380639f,0.584579177732266f,-0.5194170144069485f,1.3272822074133863f,-0.7317988967837317f,0.20186074832216783f,-0.6509397921105512f,-0.11836314173006113f,0f,0f,0f,1f],start_interpolation:0}
execute if entity @s[tag=aj.tutankhamen.bone.right_arm] run data modify entity @s {} merge value {transformation:[-0.2756759412057453f,0.785824040895086f,0.5536093859316732f,-0.277409879316745f,0.6232761427380639f,0.584579177732266f,-0.5194170144069485f,1.5f,-0.7317988967837317f,0.20186074832216783f,-0.6509397921105512f,-0.011302593851922355f,0f,0f,0f,1f],start_interpolation:0}
execute if entity @s[tag=aj.tutankhamen.bone.body] run data modify entity @s {} merge value {transformation:[-0.9957188337396227f,0f,-0.09243378244021838f,0f,0f,1f,0f,0.1875f,0.09243378244021838f,0f,-0.9957188337396227f,0f,0f,0f,0f,1f],start_interpolation:0}
execute if entity @s[tag=aj.tutankhamen.bone.left_foot] run data modify entity @s {} merge value {transformation:[-0.9725965763463421f,-0.029248252784290565f,0.23065220438669123f,0.12837138031838244f,-0.03282320647797809f,0.9993929624770967f,-0.011676629126440866f,0.43999560116054093f,-0.2301706688435296f,-0.01892739444082752f,-0.9729661951701115f,0.062382724349644f,0f,0f,0f,1f],start_interpolation:0}
execute if entity @s[tag=aj.tutankhamen.bone.left_leg] run data modify entity @s {} merge value {transformation:[-0.9725965763463421f,-0.01456049970917268f,0.2320428657114735f,0.09160751868479619f,-0.03282320647797809f,0.9966402835243335f,-0.07503853925177488f,0.875f,-0.2301706688435296f,-0.08059861726329628f,-0.9698068498929913f,0.019927995895591577f,0f,0f,0f,1f],start_interpolation:0}
execute if entity @s[tag=aj.tutankhamen.bone.right_foot] run data modify entity @s {} merge value {transformation:[-0.9623018094399787f,0.16285008864398043f,0.217841860479547f,-0.22516036152944877f,0.17364817766693033f,0.9843119440478557f,0.031245914895952798f,0.4804360326411524f,-0.20933594517305648f,0.06789584253382991f,-0.9754837859365599f,0.11742456625800574f,0f,0f,0f,1f],start_interpolation:0}
execute if entity @s[tag=aj.tutankhamen.bone.right_leg] run data modify entity @s {} merge value {transformation:[-0.9623018094399787f,0.23652779725635031f,0.13427519753700434f,-0.09160751868479619f,0.17364817766693033f,0.9142639380821466f,-0.36601606783784657f,0.875f,-0.20933594517305648f,-0.3289012810062979f,-0.9208704628833086f,-0.019927995895591577f,0f,0f,0f,1f],start_interpolation:0}