execute if entity @s[tag=aj.tutankhamen.bone.head] run data modify entity @s {} merge value {transformation:[-0.8721741370585175f,0.1384001753674707f,-0.4692096185123268f,0f,0.10906820066330572f,0.9900165856478242f,0.08928206844766334f,1.625f,0.47688195840301906f,0.026693662178084714f,-0.878561919359827f,0f,0f,0f,0f,1f],start_interpolation:0}
execute if entity @s[tag=aj.tutankhamen.bone.back_cape] run data modify entity @s {} merge value {transformation:[-0.09568781548694413f,0.29932597886638074f,-0.9493407187848941f,-0.15553303020751147f,0f,0.9537169507482269f,0.30070579950427306f,1.625f,0.9954113933280734f,0.0287738810588189f,-0.09125909160996733f,-0.014951221169835022f,0f,0f,0f,1f],start_interpolation:0}
execute if entity @s[tag=aj.tutankhamen.bone.left_hand] run data modify entity @s {} merge value {transformation:[-0.1661494017843212f,-0.35268078055241037f,-0.9208749335906884f,-0.030871280610638163f,-0.28276493422211246f,0.9116777453001472f,-0.2981403707967176f,1.2083577905321286f,0.944689561846153f,0.21085529576793277f,-0.2512004697160038f,-0.39673636227092846f,0f,0f,0f,1f],start_interpolation:0}
execute if entity @s[tag=aj.tutankhamen.bone.cape_left_back] run data modify entity @s {} merge value {transformation:[-0.0925131377883126f,0.003054702571293727f,-0.9957067781876157f,-0.09663221208829603f,-0.1736647347926128f,0.984618504199674f,0.019156228151906658f,1.335489302440194f,0.9804498351399586f,0.17469135633968083f,-0.09055965323603267f,-0.33695294585774743f,0f,0f,0f,1f],start_interpolation:0}
execute if entity @s[tag=aj.tutankhamen.bone.cape_left_side] run data modify entity @s {} merge value {transformation:[-0.0925131377883126f,0.003054702571293727f,-0.9957067781876157f,0.04228631296457977f,-0.1736647347926128f,0.984618504199674f,0.019156228151906658f,1.3602298887325512f,0.9804498351399586f,0.17469135633968083f,-0.09055965323603267f,-0.4788282759438619f,0f,0f,0f,1f],start_interpolation:0}
execute if entity @s[tag=aj.tutankhamen.bone.left_arm] run data modify entity @s {} merge value {transformation:[-0.09242733224002242f,-0.005019972732086795f,-0.9957067781876157f,-0.010395813774922356f,-0.25881904510252074f,0.9657358545768151f,0.019156228151906658f,1.5f,0.9614935725979721f,0.259478436596488f,-0.09055965323603267f,-0.2774453402496961f,0f,0f,0f,1f],start_interpolation:0}
execute if entity @s[tag=aj.tutankhamen.bone.cape_right_back] run data modify entity @s {} merge value {transformation:[-0.9713588585112978f,0.22930242183400054f,-0.0623086457298694f,-0.11744048757564743f,0.08769376637350546f,0.10222841658409187f,-0.9908880633966373f,1.3940637380713046f,-0.22084331851078792f,-0.9679719779951128f,-0.11940887104973072f,0.4400176026250549f,0f,0f,0f,1f],start_interpolation:0}
execute if entity @s[tag=aj.tutankhamen.bone.cape_right] run data modify entity @s {} merge value {transformation:[-0.9713588585112978f,0.22930242183400054f,-0.0623086457298694f,-0.25363814778557037f,0.08769376637350546f,0.10222841658409187f,-0.9908880633966373f,1.655487904916324f,-0.22084331851078792f,-0.9679719779951128f,-0.11940887104973072f,0.435363051870177f,0f,0f,0f,1f],start_interpolation:0}
execute if entity @s[tag=aj.tutankhamen.bone.weapon] run data modify entity @s {} merge value {transformation:[-1.588576466523685f,0.14283761296693226f,0.3613999169066632f,-0.26874085645251417f,0.1434158470900037f,1.6290605953454769f,-0.013459015833570589f,1.4746639070606835f,-0.36117084381451775f,0.018618985623834555f,-1.594928408601389f,0.8969482748955948f,0f,0f,0f,1f],start_interpolation:0}
execute if entity @s[tag=aj.tutankhamen.bone.right_hand] run data modify entity @s {} merge value {transformation:[-0.9713588585112978f,0.22930242183400054f,-0.0623086457298694f,-0.17256396427525872f,0.08769376637350546f,0.10222841658409187f,-0.9908880633966373f,1.4459561201597548f,-0.22084331851078792f,-0.9679719779951128f,-0.11940887104973072f,0.5615758006115901f,0f,0f,0f,1f],start_interpolation:0}
execute if entity @s[tag=aj.tutankhamen.bone.right_arm] run data modify entity @s {} merge value {transformation:[-0.9713588585112978f,0.22930242183400054f,-0.0623086457298694f,-0.0630580814672395f,0.08769376637350546f,0.10222841658409187f,-0.9908880633966373f,1.5f,-0.22084331851078792f,-0.9679719779951128f,-0.11940887104973072f,0.27038429712537576f,0f,0f,0f,1f],start_interpolation:0}
execute if entity @s[tag=aj.tutankhamen.bone.body] run data modify entity @s {} merge value {transformation:[-0.09568781548694413f,0f,-0.9954113933280734f,0f,0f,1f,0f,0.1875f,0.9954113933280734f,0f,-0.09568781548694413f,0f,0f,0f,0f,1f],start_interpolation:0}
execute if entity @s[tag=aj.tutankhamen.bone.left_foot] run data modify entity @s {} merge value {transformation:[-0.8140506943672082f,0.12574909996704647f,-0.5670173108977746f,0.08536106465911551f,0.17856285358749763f,0.9831822381169373f,-0.038314409431175256f,0.4473292530269051f,0.5526633462777821f,-0.13243810066913367f,-0.8228143017547741f,0.040638387614045125f,0f,0f,0f,1f],start_interpolation:0}
execute if entity @s[tag=aj.tutankhamen.bone.left_leg] run data modify entity @s {} merge value {transformation:[-0.8140506943672082f,0.03458002486061382f,-0.5797634766703619f,0.0750507413366588f,0.17856285358749763f,0.9647786463965385f,-0.1931773039876907f,0.875f,0.5526633462777821f,-0.2607803392472333f,-0.7915534349259954f,-0.056182281235438745f,0f,0f,0f,1f],start_interpolation:0}
execute if entity @s[tag=aj.tutankhamen.bone.right_foot] run data modify entity @s {} merge value {transformation:[-0.7883792206683241f,0.18606803130510446f,-0.5863760671656444f,0.07860328239186463f,0.17364817766693033f,0.9817103119847206f,0.07804597193844831f,0.630507018543459f,0.5901732921874386f,-0.040293312957680016f,-0.8062703852427762f,0.3863283633120338f,0f,0f,0f,1f],start_interpolation:0}
execute if entity @s[tag=aj.tutankhamen.bone.right_leg] run data modify entity @s {} merge value {transformation:[-0.7883792206683241f,-0.40752199857007676f,-0.4608514132557868f,-0.0750507413366588f,0.17364817766693033f,0.5712445417340173f,-0.8022007129964712f,0.875f,0.5901732921874386f,-0.7124643810188288f,-0.37959187421241924f,0.056182281235438745f,0f,0f,0f,1f],start_interpolation:0}