execute if entity @s[tag=aj.tutankhamen.bone.head] run data modify entity @s {} merge value {transformation:[-0.9522962285552843f,0.17487736969405399f,-0.25009957746519795f,0f,0.11864684783325156f,0.9672151680677314f,0.2245389591116501f,1.625f,0.28116688741495616f,0.18415407741507978f,-0.941824005423936f,0f,0f,0f,0f,1f],start_interpolation:0}
execute if entity @s[tag=aj.tutankhamen.bone.back_cape] run data modify entity @s {} merge value {transformation:[-0.7082614347366198f,0.2122833310544274f,-0.6732767094005712f,-0.11030472485710387f,0f,0.9537169507482269f,0.30070579950427306f,1.625f,0.7059502390854647f,0.21297832099051878f,-0.6754809358695734f,-0.11066584917759685f,0f,0f,0f,1f],start_interpolation:0}
execute if entity @s[tag=aj.tutankhamen.bone.left_hand] run data modify entity @s {} merge value {transformation:[-0.7181221157637451f,-0.38360269191245244f,-0.5806458486965377f,0.2156153775547472f,-0.27273132396071f,0.9227490778931615f,-0.2723082154066567f,1.210717301011437f,0.6402485859270917f,-0.03719024072038124f,-0.7672669901758576f,-0.33800909887438296f,0f,0f,0f,1f],start_interpolation:0}
execute if entity @s[tag=aj.tutankhamen.bone.cape_left_back] run data modify entity @s {} merge value {transformation:[-0.6925750409045077f,-0.06668031296480362f,-0.718257299704664f,0.132176889336313f,-0.17391296144463464f,0.9817812605841252f,0.07654958006026644f,1.3410411018212425f,0.700067207172052f,0.17793058261232647f,-0.6915537674060938f,-0.3272991066624381f,0f,0f,0f,1f],start_interpolation:0}
execute if entity @s[tag=aj.tutankhamen.bone.cape_left_side] run data modify entity @s {} merge value {transformation:[-0.6925750409045077f,-0.06668031296480362f,-0.718257299704664f,0.3301739019407253f,-0.17391296144463464f,0.9817812605841252f,0.07654958006026644f,1.3586463045394332f,0.700067207172052f,0.17793058261232647f,-0.6915537674060938f,-0.3502403868573095f,0f,0f,0f,1f],start_interpolation:0}
execute if entity @s[tag=aj.tutankhamen.bone.left_arm] run data modify entity @s {} merge value {transformation:[-0.6841280115766506f,-0.12678846634115776f,-0.718257299704664f,0.16885069444837916f,-0.25881904510252074f,0.9628877731515839f,0.07654958006026644f,1.5f,0.6818955680075929f,0.23826838044113383f,-0.6915537674060938f,-0.2203938128773415f,0f,0f,0f,1f],start_interpolation:0}
execute if entity @s[tag=aj.tutankhamen.bone.cape_right_back] run data modify entity @s {} merge value {transformation:[-0.545198708388561f,0.8331770020094292f,0.09259833526594627f,-0.3723176739188636f,0.40020280210461384f,0.3557409148194953f,-0.8445626789711963f,1.3613196708597162f,-0.7366112173725433f,-0.4233963684846249f,-0.527389258133849f,0.1965782070766018f,0f,0f,0f,1f],start_interpolation:0}
execute if entity @s[tag=aj.tutankhamen.bone.cape_right] run data modify entity @s {} merge value {transformation:[-0.545198708388561f,0.8331770020094292f,0.09259833526594627f,-0.4806545559210629f,0.40020280210461384f,0.3557409148194953f,-0.8445626789711963f,1.6349920284313613f,-0.7366112173725433f,-0.4233963684846249f,-0.527389258133849f,0.21333001889560416f,0f,0f,0f,1f],start_interpolation:0}
execute if entity @s[tag=aj.tutankhamen.bone.weapon] run data modify entity @s {} merge value {transformation:[-0.8916270543437925f,0.27597364196018503f,1.342917502498406f,-0.8034078669021691f,0.6544983326085873f,1.4932910749069557f,0.12767682572385702f,1.3213972257712852f,-1.2046662617446802f,0.60704858797099f,-0.9245857901069197f,0.4218364411475845f,0f,0f,0f,1f],start_interpolation:0}
execute if entity @s[tag=aj.tutankhamen.bone.right_hand] run data modify entity @s {} merge value {transformation:[-0.545198708388561f,0.8331770020094292f,0.09259833526594627f,-0.4992896547613065f,0.40020280210461384f,0.3557409148194953f,-0.8445626789711963f,1.3821435615087485f,-0.7366112173725433f,-0.4233963684846249f,-0.527389258133849f,0.2594454812276535f,0f,0f,0f,1f],start_interpolation:0}
execute if entity @s[tag=aj.tutankhamen.bone.right_arm] run data modify entity @s {} merge value {transformation:[-0.545198708388561f,0.8331770020094292f,0.09259833526594627f,-0.2209445274660933f,0.40020280210461384f,0.3557409148194953f,-0.8445626789711963f,1.5f,-0.7366112173725433f,-0.4233963684846249f,-0.527389258133849f,0.16812943095453947f,0f,0f,0f,1f],start_interpolation:0}
execute if entity @s[tag=aj.tutankhamen.bone.body] run data modify entity @s {} merge value {transformation:[-0.7082614347366198f,0f,-0.7059502390854647f,0f,0f,1f,0f,0.1875f,0.7059502390854647f,0f,-0.7082614347366198f,0f,0f,0f,0f,1f],start_interpolation:0}
execute if entity @s[tag=aj.tutankhamen.bone.left_foot] run data modify entity @s {} merge value {transformation:[-0.9807787153613606f,0.06778033207082318f,-0.18297250634586715f,0.10165832195369373f,0.07333617498695677f,0.9970241404132426f,-0.0237627622871823f,0.44035012999430867f,0.1808173579399995f,-0.0367245152126426f,-0.9828308059121847f,0.038048588668226115f,0f,0f,0f,1f],start_interpolation:0}
execute if entity @s[tag=aj.tutankhamen.bone.left_leg] run data modify entity @s {} merge value {transformation:[-0.9807787153613606f,0.04708235791118858f,-0.1893577647408265f,0.09160751868479622f,0.07333617498695677f,0.9882471189425119f,-0.13412470816410768f,0.875f,0.1808173579399995f,-0.14543343314158316f,-0.972704579814576f,-0.019927995895591535f,0f,0f,0f,1f],start_interpolation:0}
execute if entity @s[tag=aj.tutankhamen.bone.right_foot] run data modify entity @s {} merge value {transformation:[-0.9623018094399789f,0.18121656404253073f,-0.20281958599987793f,-0.12254489805733884f,0.1736481776669303f,0.9832896008494396f,0.054661423822508104f,0.5417528634349942f,0.20933594517305604f,0.017381535546925064f,-0.9776892882099786f,0.30342762028473197f,0f,0f,0f,1f],start_interpolation:0}
execute if entity @s[tag=aj.tutankhamen.bone.right_leg] run data modify entity @s {} merge value {transformation:[-0.9623018094399789f,0.001978166462956066f,-0.27197667989367647f,-0.09160751868479622f,0.1736481776669303f,0.774111181981937f,-0.6087677622242186f,0.875f,0.20933594517305604f,-0.6330465739485314f,-0.745272096130353f,0.019927995895591535f,0f,0f,0f,1f],start_interpolation:0}