# This file was generated by Animated Java via MC-Build. It is not recommended to edit this file directly.
$data merge entity $(bone_body) { transformation: [-0.7071067811865474f,0f,0.7071067811865477f,0.0234375f,0f,1f,0f,1f,-0.7071067811865477f,0f,-0.7071067811865474f,2.870265935501609e-18f,0f,0f,0f,1f], start_interpolation: 0, interpolation_duration: 1 }
$data merge entity $(bone_left_hand) { transformation: [-0.4055797876726389f,0.8551795231597129f,-0.32275845302601014f,0.13133212784590528f,-0.8191520442889917f,-0.49673176489215404f,-0.28678821817552314f,1.4590038963277712f,-0.405579787672639f,0.14807274197316556f,0.9019864183655789f,0.924995731166498f,0f,0f,0f,1f], start_interpolation: 0, interpolation_duration: 1 }
$data merge entity $(bone_left_arm) { transformation: [-0.4055797876726389f,0.5330974730063562f,0.7425039529225783f,0.305175358129015f,-0.8191520442889917f,0.1484525055496846f,-0.5540322932223234f,1.375f,-0.405579787672639f,-0.8329279307780824f,0.37647854913813983f,0.458514553425652f,0f,0f,0f,1f], start_interpolation: 0, interpolation_duration: 1 }
$data merge entity $(bone_right_hand) { transformation: [-0.18301270189221927f,0.2708660847496854f,-0.9450597415393833f,-0.6459230741139033f,0.9659258262890683f,-0.12940952255126031f,-0.22414386804201342f,1.4972896650373937f,-0.18301270189221935f,-0.9538787866419041f,-0.23795296035283642f,-0.6693605741139035f,0f,0f,0f,1f], start_interpolation: 0, interpolation_duration: 1 }
$data merge entity $(bone_right_arm) { transformation: [-0.18301270189221927f,0.6830127018922192f,0.7071067811865477f,-0.2914459884971344f,0.9659258262890683f,0.25881904510252074f,0f,1.4375f,-0.18301270189221935f,0.6830127018922195f,-0.7071067811865474f,-0.3148834884971345f,0f,0f,0f,1f], start_interpolation: 0, interpolation_duration: 1 }
$data merge entity $(bone_head) { transformation: [-1f,-8.326672684688674e-17f,2.220446049250313e-16f,0.0013404130879203953f,-2.7755575615628914e-17f,0.9396926207859084f,0.3420201433256687f,1.625f,-2.7755575615628914e-16f,0.34202014332566866f,-0.9396926207859083f,-0.02209708691207961f,0f,0f,0f,1f], start_interpolation: 0, interpolation_duration: 1 }
$data merge entity $(bone_bottom) { transformation: [-0.7071067811865474f,0.18301270189221935f,0.6830127018922195f,0.012388956543960198f,0f,0.9659258262890683f,-0.25881904510252074f,0.875f,-0.7071067811865477f,-0.18301270189221927f,-0.6830127018922192f,-0.011048543456039804f,0f,0f,0f,1f], start_interpolation: 0, interpolation_duration: 1 }
data modify entity @s data merge value {"locators":{"locator_left_hand":{"posx":-0.42354225004527135,"posy":1.7977833677302628,"posz":0.8341601784289931,"roty":199.6887699461307,"rotx":-16.66576867405813},"locator_right_hand":{"posx":-0.8265385156979502,"posy":1.597307255247425,"posz":-0.046237193847219804,"roty":284.13252220932566,"rotx":-12.952539642222355}},"cameras":{}}