# This file was generated by Animated Java via MC-Build. It is not recommended to edit this file directly.
$data merge entity $(bone_body) { transformation: [-0.7071067811865476f,0.12278780396897282f,-0.6963642403200189f,0.0387859754961216f,0f,0.984807753012208f,0.17364817766693033f,0.998100969126526f,0.7071067811865475f,0.12278780396897285f,-0.696364240320019f,0.01534847549612161f,0f,0f,0f,1f], start_interpolation: 0, interpolation_duration: 1 }
$data merge entity $(bone_left_hand) { transformation: [-0.5061616683075791f,0.09245140983368999f,0.8574690095600255f,1.0139349862180866f,-0.8067072841115986f,-0.4023612043997655f,-0.4328149939122471f,1.3498015147955666f,0.30499790703769897f,-0.9108008552991883f,0.27824104422045665f,-0.04239287279431658f,0f,0f,0f,1f], start_interpolation: 0, interpolation_duration: 1 }
$data merge entity $(bone_left_arm) { transformation: [-0.5061616683075791f,-0.8043232759649992f,0.31123051469452634f,0.5420031378018223f,-0.8067072841115986f,0.31392843791593783f,-0.5006718422569293f,1.3456978542977378f,0.30499790703769897f,-0.5044928181932729f,-0.8077519873661917f,-0.22168677375284468f,0f,0f,0f,1f], start_interpolation: 0, interpolation_duration: 1 }
$data merge entity $(bone_right_hand) { transformation: [0.12278780396897258f,0.007596123493896045f,-0.9924038765061041f,-0.3783496960964895f,0.984807753012208f,0.12278780396897304f,0.12278780396897274f,1.5777550538570662f,0.12278780396897308f,-0.9924038765061038f,0.007596123493895823f,0.8735064761944162f,0f,0f,0f,1f], start_interpolation: 0, interpolation_duration: 1 }
$data merge entity $(bone_right_arm) { transformation: [0.12278780396897258f,0.007596123493896045f,-0.9924038765061041f,-0.3978117264529081f,0.984807753012208f,0.12278780396897304f,0.12278780396897274f,1.4506603832777332f,0.12278780396897308f,-0.9924038765061038f,0.007596123493895823f,0.3852944458379977f,0f,0f,0f,1f], start_interpolation: 0, interpolation_duration: 1 }
$data merge entity $(bone_head) { transformation: [-0.9924038765061041f,0.12278780396897282f,0.007596123493896156f,0.09343126606465f,0.12278780396897285f,0.984807753012208f,0.12278780396897282f,1.6136058147591559f,0.007596123493895823f,0.12278780396897285f,-0.9924038765061041f,0.11418793988880925f,0f,0f,0f,1f], start_interpolation: 0, interpolation_duration: 1 }
$data merge entity $(bone_bottom) { transformation: [-0.7071067811865476f,0f,-0.7071067811865475f,0.012388956543960194f,0f,1f,0f,0.875f,0.7071067811865475f,0f,-0.7071067811865476f,0.011048543456039808f,0f,0f,0f,1f], start_interpolation: 0, interpolation_duration: 1 }
data modify entity @s data merge value {"locators":{"locator_left_hand":{"posx":0.9611725245820335,"posy":1.6264558564971565,"posz":0.5505545961983116,"roty":107.97778432655002,"rotx":-25.646339832973403},"locator_right_hand":{"posx":-0.38141609270234356,"posy":1.5125631786432434,"posz":1.5266900795885623,"roty":269.5614514132577,"rotx":7.053022130283176}},"cameras":{}}