# This file was generated by Animated Java via MC-Build. It is not recommended to edit this file directly.
$data merge entity $(bone_body) { transformation: [-0.656650545729429f,0f,0.7541949753168892f,0.0234375f,0f,1f,0f,1f,-0.7541949753168892f,0f,-0.656650545729429f,2.870265935501609e-18f,0f,0f,0f,1f], start_interpolation: 0, interpolation_duration: 1 }
$data merge entity $(bone_left_hand) { transformation: [-0.37663927994745566f,0.9200926924452415f,0.10757457929050185f,0.20179168423276625f,-0.8191520442889917f,-0.27656924965544827f,-0.5024931626223267f,1.372626978440394f,-0.43258846625612657f,-0.2773785994879358f,0.857862652997718f,0.9766790443945761f,0f,0f,0f,1f], start_interpolation: 0, interpolation_duration: 1 }
$data merge entity $(bone_left_arm) { transformation: [-0.37663927994745566f,0.302307901595773f,0.875644211671283f,0.2728786481156369f,-0.8191520442889917f,0.33272326370942285f,-0.4672099722006323f,1.375f,-0.43258846625612657f,-0.893255373574271f,0.12231948513160829f,0.47685525060861284f,0f,0f,0f,1f], start_interpolation: 0, interpolation_duration: 1 }
$data merge entity $(bone_right_hand) { transformation: [-0.16995366721173996f,0.3360141475475708f,-0.9263963750194409f,-0.5981602529505563f,0.9659258262890683f,-0.12940952255126031f,-0.22414386804201342f,1.4972896650373937f,-0.19520002333263645f,-0.9329242563686155f,-0.3025711201849971f,-0.7139351440313104f,0f,0f,0f,1f], start_interpolation: 0, interpolation_duration: 1 }
$data merge entity $(bone_right_arm) { transformation: [-0.16995366721173996f,0.6342757209668664f,0.7541949753168892f,-0.2689771961451364f,0.9659258262890683f,0.25881904510252074f,0f,1.4375f,-0.19520002333263645f,0.7284964047160296f,-0.656650545729429f,-0.3358524499458022f,0f,0f,0f,1f], start_interpolation: 0, interpolation_duration: 1 }
$data merge entity $(bone_head) { transformation: [-0.9976184351385194f,-0.02359060942121144f,0.06481466669595187f,0.0029171704459553423f,-2.7755575615628914e-17f,0.9396926207859084f,0.3420201433256687f,1.625f,-0.06897432762826672f,0.3412056001704058f,-0.9374546818596521f,-0.023568592978652783f,0f,0f,0f,1f], start_interpolation: 0, interpolation_duration: 1 }
$data merge entity $(bone_bottom) { transformation: [-0.656650545729429f,0.19520002333263645f,0.7284964047160296f,0.013177335222977671f,0f,0.9659258262890683f,-0.25881904510252074f,0.875f,-0.7541949753168892f,-0.16995366721173996f,-0.6342757209668664f,-0.01178429648932639f,0f,0f,0f,1f], start_interpolation: 0, interpolation_duration: 1 }
data modify entity @s data merge value {"locators":{"locator_left_hand":{"posx":-0.3961341564352445,"posy":1.5669247992187973,"posz":1.165467945093786,"roty":172.8525109264733,"rotx":-30.165083847698618},"locator_right_hand":{"posx":-0.821325063328833,"posy":1.597307255247425,"posz":-0.10475360115397891,"roty":288.08760033432566,"rotx":-12.952539642222355}},"cameras":{}}