execute if entity @s[tag=aj.heiloang_aj.bone.head_lower] run data modify entity @s {} merge value {transformation:[-0.7974643393978834f,0.05088821484768104f,-0.03822325180192737f,0.16609491369812718f,0.02186327861311943f,0.6702597076176836f,0.4362039905738389f,2.258567785634482f,0.05977143495836795f,0.433776801977553f,-0.6695259977246175f,0.8471799041107873f,0f,0f,0f,1f],start_interpolation:0}
execute if entity @s[tag=aj.heiloang_aj.bone.horne_right] run data modify entity @s {} merge value {transformation:[-0.6206371074957685f,-0.5016711600461603f,-0.055996678269569035f,-0.15672456429439097f,-0.45436499563746036f,0.5165331657290748f,0.4083453678459818f,2.7713631603350146f,-0.21991369111234613f,0.3485965230461137f,-0.6856518304369239f,0.9043240916597259f,0f,0f,0f,1f],start_interpolation:0}
execute if entity @s[tag=aj.heiloang_aj.bone.horne_left] run data modify entity @s {} merge value {transformation:[-0.5552676612088644f,0.5744282148414461f,-0.04135275576920011f,0.5212796170616895f,0.4866035952970972f,0.49867289432563194f,0.39311866593795236f,2.7527750008581404f,0.30804993987919627f,0.24770460322522542f,-0.6955197079029878f,0.8535064176581215f,0f,0f,0f,1f],start_interpolation:0}
execute if entity @s[tag=aj.heiloang_aj.bone.head_upper] run data modify entity @s {} merge value {transformation:[-1.1681058277415348f,0.07086509662627648f,-0.0605724828318301f,0.1615325040152124f,0.032024783930532014f,1.020076410410524f,0.5758303938992643f,2.482796008608331f,0.08755170364114342f,0.5723498645095744f,-1.018779880143599f,0.7129030017536615f,0f,0f,0f,1f],start_interpolation:0}
execute if entity @s[tag=aj.heiloang_aj.bone.neck_0] run data modify entity @s {} merge value {transformation:[-0.9995921567724906f,0.0019859473045872626f,-0.028488175305267028f,0.15001496860185368f,-0.025227047806546585f,0.40610932277112083f,0.9134762252064073f,2.8469511705758483f,0.013383429227460247f,0.9138223426748139f,-0.4058935942466064f,0.47898288073086603f,0f,0f,0f,1f],start_interpolation:0}
execute if entity @s[tag=aj.heiloang_aj.bone.neck_1] run data modify entity @s {} merge value {transformation:[-0.9922079133147577f,0.12455510804208296f,-0.0030792557865378517f,0.15044806994016696f,0.056007773882107786f,0.46796292337649836f,0.8819715594108981f,3.174152152454506f,0.1112950404121612f,0.874926698304233f,-0.47129257003915215f,0.3181844123925914f,0f,0f,0f,1f],start_interpolation:0}
execute if entity @s[tag=aj.heiloang_aj.bone.neck_2] run data modify entity @s {} merge value {transformation:[-0.992336813388268f,-0.05087332985285471f,-0.11260352172157062f,0.10600819139897817f,-0.09162464419255303f,0.9143826796284007f,0.3943465985299897f,3.3051083850234497f,0.08290098534399726f,0.4016419045683199f,-0.9120368452665313f,-0.06903063833083967f,0f,0f,0f,1f],start_interpolation:0}
execute if entity @s[tag=aj.heiloang_aj.bone.neck_3] run data modify entity @s {} merge value {transformation:[-0.9990145463737048f,0.016904786297893694f,-0.04103857129534232f,0.08436136022245215f,0.019921903868809952f,0.9970399022203126f,-0.07426002374596219f,3.2425342552027714f,0.03966174327966751f,-0.07500441040853228f,-0.9963941411606583f,-0.5828482808279248f,0f,0f,0f,1f],start_interpolation:0}
execute if entity @s[tag=aj.heiloang_aj.bone.wing_right_2] run data modify entity @s {} merge value {transformation:[1.2098205000449764f,-1.7987263717506659f,-0.9135063237660783f,-3.0291390973110506f,-1.5011857580829417f,-0.09107776238249897f,-1.8087902496556494f,2.973172553727716f,1.3477209220461315f,1.5132297535698567f,-1.1947217397833867f,1.330880127859889f,0f,0f,0f,1f],start_interpolation:0}
execute if entity @s[tag=aj.heiloang_aj.bone.wing_right_1] run data modify entity @s {} merge value {transformation:[-1.277955203640788f,-2.804809250756175f,-1.2988819566303977f,-2.1726773057652973f,-1.228121993239212f,1.7505717457275956f,-2.571854137715119f,3.816374939252955f,2.8365058857879313f,-0.5057295748053678f,-1.6987320948158962f,-0.5003864817161267f,0f,0f,0f,1f],start_interpolation:0}
execute if entity @s[tag=aj.heiloang_aj.bone.wing_right_0] run data modify entity @s {} merge value {transformation:[-2.044762912871489f,-0.0641459938200211f,-0.8621078364231143f,-0.277700595961904f,0.6806371081420386f,1.2454801344653403f,-1.7070185592641451f,3.1696130410506855f,0.532989453146443f,-1.8365904622775973f,-1.1275006504235885f,-1.0051719955788392f,0f,0f,0f,1f],start_interpolation:0}
execute if entity @s[tag=aj.heiloang_aj.bone.wing_left_2] run data modify entity @s {} merge value {transformation:[0.8622442139624553f,1.8602695953143669f,1.153042910978683f,3.0600151407322738f,1.824420194297074f,0.07364765196841118f,-1.4831193425754958f,2.8373180396590985f,-1.2089672768318838f,1.4378974450319695f,-1.4157771955506409f,1.407971010013203f,0f,0f,0f,1f],start_interpolation:0}
execute if entity @s[tag=aj.heiloang_aj.bone.wing_left_1] run data modify entity @s {} merge value {transformation:[-1.2808024186565357f,2.6189502763538526f,1.63947045940134f,2.196507433530229f,1.553704793760106f,2.0799535262782785f,-2.108794327398813f,3.886640251758444f,-2.670723750429915f,-0.045951620304670246f,-2.013042938037075f,-0.3099730500419705f,0f,0f,0f,1f],start_interpolation:0}
execute if entity @s[tag=aj.heiloang_aj.bone.wing_left_0] run data modify entity @s {} merge value {transformation:[-1.9349125369059699f,0.020157093638257063f,1.0881668833869922f,0.40551752838958643f,-0.7711014551251656f,1.5410133393072265f,-1.3996715450351342f,3.158198809146972f,-0.7680599067963076f,-1.5978959852422334f,-1.3361184078960953f,-1.0350760241356984f,0f,0f,0f,1f],start_interpolation:0}
execute if entity @s[tag=aj.heiloang_aj.bone.kazari_right] run data modify entity @s {} merge value {transformation:[-2.4905447101954254f,-0.8389039965444555f,-0.017242959594331305f,-2.974120125473298f,0.256842230592215f,-0.710778752333016f,-2.5170808136356255f,3.251923496539775f,0.7988049221544938f,-2.3870282441500157f,0.7555640585205815f,-3.7315920143927137f,0f,0f,0f,1f],start_interpolation:0}
execute if entity @s[tag=aj.heiloang_aj.bone.kazari_left] run data modify entity @s {} merge value {transformation:[-2.4905447101954254f,-0.8389039965444555f,-0.017242959594331305f,1.8343987689914392f,0.256842230592215f,-0.710778752333016f,-2.5170808136356255f,2.756035703944305f,0.7988049221544938f,-2.3870282441500157f,0.7555640585205815f,-5.27385244659749f,0f,0f,0f,1f],start_interpolation:0}
execute if entity @s[tag=aj.heiloang_aj.bone.ring] run data modify entity @s {} merge value {transformation:[-2.2005222296625027f,0.10214095809524687f,0.013979528768187968f,0.026760258069218307f,0.036763180225181505f,0.4983803475340245f,2.1455050183011974f,4.303308455986004f,0.09631547707884973f,2.1433876316838436f,-0.4995388623558975f,-2.2071342567229237f,0f,0f,0f,1f],start_interpolation:0}
execute if entity @s[tag=aj.heiloang_aj.bone.body_0] run data modify entity @s {} merge value {transformation:[-1.1273255963027637f,-0.011524660777730622f,-0.0515418087793777f,0.03470709925200962f,0.018833744785979756f,0.9412365415773827f,-0.6223917084878766f,2.7557080297024044f,0.049342333909415836f,-0.6225699405938901f,-0.9400129675121324f,-1.5314811233118781f,0f,0f,0f,1f],start_interpolation:0}
execute if entity @s[tag=aj.heiloang_aj.bone.leg_right_3] run data modify entity @s {} merge value {transformation:[-0.9405907453180632f,0.3254789516272393f,0.09670833402371916f,-0.9517042648869579f,0.3062085624810273f,0.9361863919390319f,-0.1726017259805938f,1.071915522361257f,-0.14671525512131592f,-0.13273466614193308f,-0.9802326980461715f,-1.3418167464679889f,0f,0f,0f,1f],start_interpolation:0}
execute if entity @s[tag=aj.heiloang_aj.bone.leg_right_2] run data modify entity @s {} merge value {transformation:[-0.9405907453180632f,0.33922900811716183f,-0.014585262214185421f,-0.7447023863952422f,0.3062085624810273f,0.8289063060214228f,-0.4681352925183295f,1.5981288387852384f,-0.14671525512131592f,-0.44478985587552006f,-0.8835364271069538f,-1.570647947180144f,0f,0f,0f,1f],start_interpolation:0}
execute if entity @s[tag=aj.heiloang_aj.bone.leg_right_1] run data modify entity @s {} merge value {transformation:[-0.9761323084268996f,0.21446719115708704f,0.034198543278351395f,-0.7527332735324258f,0.18436935641854904f,0.9015576449750025f,-0.3914099554187874f,1.942001142667339f,-0.114776551869194f,-0.3757627399095296f,-0.9195807231758948f,-0.9499747992532994f,0f,0f,0f,1f],start_interpolation:0}
execute if entity @s[tag=aj.heiloang_aj.bone.leg_right_0] run data modify entity @s {} merge value {transformation:[-0.8991575929128944f,0.4157838055765792f,-0.13652637154537825f,-0.4257350129125212f,0.25889635060100025f,0.2538658425732154f,-0.9319467869036703f,2.055286912143019f,-0.352828999307842f,-0.8733132089891055f,-0.33591030983370834f,-1.5978752611253861f,0f,0f,0f,1f],start_interpolation:0}
execute if entity @s[tag=aj.heiloang_aj.bone.leg_left_3] run data modify entity @s {} merge value {transformation:[-0.9796374447850521f,0.04310046739020904f,-0.19609392261301542f,0.5038596166743282f,-0.030862164042103943f,0.9327524135895647f,0.35919418393604274f,0.882449479820663f,0.19838851681902367f,0.3579319553400996f,-0.9124290173710834f,-1.2931287811672016f,0f,0f,0f,1f],start_interpolation:0}
execute if entity @s[tag=aj.heiloang_aj.bone.leg_left_2] run data modify entity @s {} merge value {transformation:[-0.9796374447850521f,-0.06623913778538003f,-0.18953325143748048f,0.4725157130294797f,-0.030862164042103943f,0.9824710625407017f,-0.1838426993404491f,1.4886462678956995f,0.19838851681902367f,-0.17424978592696716f,-0.9645097244189682f,-1.3536016207913022f,0f,0f,0f,1f],start_interpolation:0}
execute if entity @s[tag=aj.heiloang_aj.bone.leg_left_1] run data modify entity @s {} merge value {transformation:[-0.98379184981116f,0.009331188173182375f,-0.17907128516993598f,0.5995740757689664f,0.09212618892092908f,0.8830681426732938f,-0.46011240008333226f,1.879608938766842f,0.153838751815143f,-0.46915198424691296f,-0.8696148883943645f,-0.7751967664495737f,0f,0f,0f,1f],start_interpolation:0}
execute if entity @s[tag=aj.heiloang_aj.bone.leg_left_0] run data modify entity @s {} merge value {transformation:[-0.915081244735178f,-0.38595012329612777f,-0.11691371973220517f,0.27670975868382264f,0.04339884896540899f,0.19398155129633052f,-0.9800447426853258f,1.9568157884444908f,0.400927493996601f,-0.9018944838972975f,-0.16075908830679736f,-1.4304328091274776f,0f,0f,0f,1f],start_interpolation:0}
execute if entity @s[tag=aj.heiloang_aj.bone.tail_4] run data modify entity @s {} merge value {transformation:[-1.5473202618217257f,0.15717675520994642f,0.2568070066514793f,0.18376109380708225f,0.14963424858774557f,1.5681446976425737f,-0.0581907431876863f,-0.5000001756676209f,-0.26127373134932846f,-0.032742000012629925f,-1.5541937982213305f,-4.617624671957056f,0f,0f,0f,1f],start_interpolation:0}
execute if entity @s[tag=aj.heiloang_aj.bone.tail_3] run data modify entity @s {} merge value {transformation:[-0.9841651794236973f,0.13887900455631882f,0.11014318727623451f,0.032949807767184584f,0.10013534825358508f,0.9483452352911603f,-0.3010219705116005f,-0.12249030667465816f,-0.14625939846743152f,-0.28522611520335855f,-0.9472350561322915f,-3.3443711201395443f,0f,0f,0f,1f],start_interpolation:0}
execute if entity @s[tag=aj.heiloang_aj.bone.tail_2] run data modify entity @s {} merge value {transformation:[-0.9844387873450916f,0.1571164439130613f,0.07870639759663345f,-0.025806784120687765f,0.10914797462283146f,0.8977117297791488f,-0.42684935264407087f,0.22813392974871433f,-0.13772070870518782f,-0.4116164152084345f,-0.9008911882823022f,-2.64649355162036f,0f,0f,0f,1f],start_interpolation:0}
execute if entity @s[tag=aj.heiloang_aj.bone.tail_1] run data modify entity @s {} merge value {transformation:[-0.9593041005731255f,0.2597919880587621f,0.11065155021084244f,-0.10789181805609946f,0.14029698668357687f,0.7785798381993696f,-0.6116618273825428f,0.7192880954517926f,-0.24505590821503323f,-0.5712456201056769f,-0.7833428644973961f,-2.0439699880358817f,0f,0f,0f,1f],start_interpolation:0}
execute if entity @s[tag=aj.heiloang_aj.bone.tail_ring] run data modify entity @s {} merge value {transformation:[-0.9714072669738437f,0.23565155593611248f,-0.028918261623002692f,-0.10473885613092862f,0.11086050276279408f,0.34250277282890473f,-0.9329532676033093f,0.5958384372469785f,-0.20994730433513f,-0.9094834769194f,-0.35883413245260176f,-2.1237447741619695f,0f,0f,0f,1f],start_interpolation:0}
execute if entity @s[tag=aj.heiloang_aj.bone.tail_0] run data modify entity @s {} merge value {transformation:[-0.9714072669738437f,0.23565155593611248f,-0.028918261623002692f,-0.06966777794057753f,0.11086050276279408f,0.34250277282890473f,-0.9329532676033093f,1.8913415784815062f,-0.20994730433513f,-0.9094834769194f,-0.35883413245260176f,-1.6019384585235898f,0f,0f,0f,1f],start_interpolation:0}
execute if entity @s[tag=aj.heiloang_aj.bone.body_1] run data modify entity @s {} merge value {transformation:[-0.9638259304602803f,0.24802053859853854f,-0.09759809529732386f,-0.014895604183651656f,0.13511243340386386f,0.13901351478086627f,-0.9810300061914294f,2.245667203183578f,-0.22974813625372698f,-0.9587288746781129f,-0.16749548873440787f,-1.6100676603278539f,0f,0f,0f,1f],start_interpolation:0}