execute if entity @s[tag=aj.heiloang_aj.bone.head_lower] run data modify entity @s {} merge value {transformation:[-0.7974372155741316f,0.03172691999588551f,-0.05556338511061731f,0.14947780422747284f,0.004506264791205569f,0.7208451176116595f,0.34693228444909086f,1.868596690801319f,0.0638246096345888f,0.34550791447231427f,-0.7187146166886998f,0.8783939328592476f,0f,0f,0f,1f],start_interpolation:0}
execute if entity @s[tag=aj.heiloang_aj.bone.horne_right] run data modify entity @s {} merge value {transformation:[-0.6096478968848345f,-0.5132114000672242f,-0.07031003246292757f,-0.1863846004259603f,-0.48190080503138033f,0.5220783776359642f,0.3677033882290285f,2.3752507453456446f,-0.19000277875338065f,0.3225650731961529f,-0.7070012147231112f,0.9089730762491305f,0f,0f,0f,1f],start_interpolation:0}
execute if entity @s[tag=aj.heiloang_aj.bone.horne_left] run data modify entity @s {} merge value {transformation:[-0.5662168762587187f,0.562439095039879f,-0.0553237147210931f,0.4915965202551663f,0.4885455388398228f,0.5264837840832571f,0.35233234534609786f,2.371419519020162f,0.28411565518205145f,0.2155854574596731f,-0.7161013929691643f,0.8547093931378031f,0f,0f,0f,1f],start_interpolation:0}
execute if entity @s[tag=aj.heiloang_aj.bone.head_upper] run data modify entity @s {} merge value {transformation:[-1.1680660974425987f,0.04708229376365531f,-0.08103679423058915f,0.13832347456044028f,0.0066006640095381385f,1.052032376520633f,0.5160876111543306f,2.084756518003878f,0.09348869257750482f,0.5139778679732262f,-1.0489274178864079f,0.7318336786967052f,0f,0f,0f,1f],start_interpolation:0}
execute if entity @s[tag=aj.heiloang_aj.bone.neck_0] run data modify entity @s {} merge value {transformation:[-0.9991486064600394f,0.0005110997557670245f,-0.04125289063812003f,0.12144047021357164f,-0.03927477296911354f,0.29436587947796305f,0.9548854492594336f,2.4740065059638003f,0.012631485153600531f,0.9556926638706637f,-0.29409518494291825f,0.5429959979591723f,0f,0f,0f,1f],start_interpolation:0}
execute if entity @s[tag=aj.heiloang_aj.bone.neck_1] run data modify entity @s {} merge value {transformation:[-0.9922331150391711f,0.12338907075260813f,-0.015766503685686037f,0.11723624035461258f,0.02656891105474775f,0.33404481780699785f,0.9421826535559095f,2.8214742603487024f,0.12152176095262865f,0.9344459304395828f,-0.3347286433812837f,0.43269957166589335f,0f,0f,0f,1f],start_interpolation:0}
execute if entity @s[tag=aj.heiloang_aj.bone.neck_2] run data modify entity @s {} merge value {transformation:[-0.9928287286205008f,-0.04629413020331593f,-0.11021782584735723f,0.0736205410114827f,-0.09867552318435915f,0.8378222166599004f,0.5369516499605754f,3.0134361995893144f,0.0674852335707076f,0.5439768255907688f,-0.8363820636946355f,0.07171727595881938f,0f,0f,0f,1f],start_interpolation:0}
execute if entity @s[tag=aj.heiloang_aj.bone.neck_3] run data modify entity @s {} merge value {transformation:[-0.9988857492307215f,0.022467410415824174f,-0.04150271621215674f,0.05159880894420938f,0.018542251489658684f,0.9955259121446645f,0.09265173046537523f,3.0372755657351727f,0.04339867386769048f,0.09177893940191945f,-0.994833243005472f,-0.4453314690378043f,0f,0f,0f,1f],start_interpolation:0}
execute if entity @s[tag=aj.heiloang_aj.bone.wing_right_2] run data modify entity @s {} merge value {transformation:[1.4069753935489537f,-1.6412312316565851f,-0.927553929701008f,-2.9106896632215498f,-1.537323027682955f,-0.32895289998140476f,-1.7498582526794981f,2.6181417336278727f,1.0911618380535897f,1.6527934051628597f,-1.2693367596294847f,1.5332019826176855f,0f,0f,0f,1f],start_interpolation:0}
execute if entity @s[tag=aj.heiloang_aj.bone.wing_right_1] run data modify entity @s {} merge value {transformation:[-1.0580595047503558f,-2.8858877977987607f,-1.318855744887836f,-2.1978936622011176f,-1.4764422101782533f,1.6783594461227638f,-2.4880608397936026f,3.6226489889683324f,2.8085311565498765f,-0.20489011939746685f,-1.8048245218197545f,-0.27813495279187783f,0f,0f,0f,1f],start_interpolation:0}
execute if entity @s[tag=aj.heiloang_aj.bone.wing_right_0] run data modify entity @s {} merge value {transformation:[-2.0358434203123825f,-0.132202844120562f,-0.8753650529791629f,-0.3113194759336803f,0.622612331552653f,1.3467086105826436f,-1.6514023745838373f,3.030303273401375f,0.6293611463772991f,-1.759914295126044f,-1.197917451764374f,-0.873122760757694f,0f,0f,0f,1f],start_interpolation:0}
execute if entity @s[tag=aj.heiloang_aj.bone.wing_left_2] run data modify entity @s {} merge value {transformation:[1.1005429144461936f,1.7659881561168922f,1.0971176474007438f,2.866752015436113f,1.884622889393362f,-0.32328222496576786f,-1.37013180903036f,2.3111436937165535f,-0.8778256458761626f,1.519983697872134f,-1.5660931325965448f,1.4132272235122159f,0f,0f,0f,1f],start_interpolation:0}
execute if entity @s[tag=aj.heiloang_aj.bone.wing_left_1] run data modify entity @s {} merge value {transformation:[-0.9973231954471392f,2.785518614319715f,1.5599523281182273f,2.190053071048072f,2.0237608113904155f,1.8155869717164403f,-1.9481413961296377f,3.665775839487036f,-2.469201772841481f,0.36297213434628484f,-2.226771790638769f,-0.16952504610884533f,0f,0f,0f,1f],start_interpolation:0}
execute if entity @s[tag=aj.heiloang_aj.bone.wing_left_0] run data modify entity @s {} merge value {transformation:[-1.9637644248249257f,-0.0006624483744231894f,1.0353882580723899f,0.37180419520913827f,-0.6823152543776031f,1.6705957587219236f,-1.2930412617484208f,3.020771515224501f,-0.7787651619298682f,-1.4620223569092479f,-1.477976809852534f,-0.9057224013487456f,0f,0f,0f,1f],start_interpolation:0}
execute if entity @s[tag=aj.heiloang_aj.bone.kazari_right] run data modify entity @s {} merge value {transformation:[-2.4880935330384153f,-0.846192523285103f,-0.014797734456913422f,-3.013307636730657f,0.21018730086211365f,-0.5733212681449431f,-2.5561678760608086f,3.191700258479915f,0.8198061099826999f,-2.4211838273012884f,0.6104563907487324f,-3.5899794733413137f,0f,0f,0f,1f],start_interpolation:0}
execute if entity @s[tag=aj.heiloang_aj.bone.kazari_left] run data modify entity @s {} merge value {transformation:[-2.4880935330384153f,-0.846192523285103f,-0.014797734456913422f,1.7904787461574303f,0.21018730086211365f,-0.5733212681449431f,-2.5561678760608086f,2.785889592469943f,0.8198061099826999f,-2.4211838273012884f,0.6104563907487324f,-5.172787103138944f,0f,0f,0f,1f],start_interpolation:0}
execute if entity @s[tag=aj.heiloang_aj.bone.ring] run data modify entity @s {} merge value {transformation:[-2.200218012930046f,0.10869560441833677f,0.012338838775200459f,-0.007813928994375954f,0.030700072214692124f,0.37503500749342006f,2.1705604194549513f,4.154877141781627f,0.10499755677253006f,2.1680544952834033f,-0.37608709674390123f,-2.0170959021795887f,0f,0f,0f,1f],start_interpolation:0}
execute if entity @s[tag=aj.heiloang_aj.bone.body_0] run data modify entity @s {} merge value {transformation:[-1.1271697463391963f,-0.008306463743514634f,-0.05542329415852967f,-0.0013682845088748702f,0.015727619902878114f,1.0243595877134777f,-0.47338404384742305f,2.699198761486554f,0.05379015567458265f,-0.47357239537078805f,-1.0229800493816836f,-1.4564042412687719f,0f,0f,0f,1f],start_interpolation:0}
execute if entity @s[tag=aj.heiloang_aj.bone.leg_right_3] run data modify entity @s {} merge value {transformation:[-0.9398099902155929f,0.32850708526597405f,0.09402274842303326f,-0.9933263659136305f,0.30734290932747865f,0.932936945077954f,-0.18753397717409998f,1.0219504817132825f,-0.14932353591141687f,-0.14734908020978155f,-0.9777477845458118f,-1.239622010314144f,0f,0f,0f,1f],start_interpolation:0}
execute if entity @s[tag=aj.heiloang_aj.bone.leg_right_2] run data modify entity @s {} merge value {transformation:[-0.9398099902155929f,0.34121720829192753f,-0.018110744226295286f,-0.7849489717136238f,0.30734290932747865f,0.8209701487713337f,-0.48119471205791065f,1.5439532620655452f,-0.14932353591141687f,-0.45779780645153556f,-0.8764266369931224f,-1.4766998654404992f,0f,0f,0f,1f],start_interpolation:0}
execute if entity @s[tag=aj.heiloang_aj.bone.leg_right_1] run data modify entity @s {} merge value {transformation:[-0.9757146758775486f,0.2168595181744539f,0.030867793155874304f,-0.7904499878353102f,0.18612079344727467f,0.8950868297501826f,-0.405189606794553f,1.8970631038473977f,-0.115498578016039f,-0.38960430770836096f,-0.9137114215611852f,-0.861207386573993f,0f,0f,0f,1f],start_interpolation:0}
execute if entity @s[tag=aj.heiloang_aj.bone.leg_right_0] run data modify entity @s {} merge value {transformation:[-0.8989806962708946f,0.4148303845709421f,-0.14053277115684254f,-0.4644247210295234f,0.2568168910066205f,0.23933816067804317f,-0.9363558775043518f,1.9995136356308918f,-0.35479401379672515f,-0.877857048089252f,-0.3216958359911327f,-1.511398089714001f,0f,0f,0f,1f],start_interpolation:0}
execute if entity @s[tag=aj.heiloang_aj.bone.leg_left_3] run data modify entity @s {} merge value {transformation:[-0.9793185047173572f,0.04715710870004671f,-0.19675231489670275f,0.46165793615812384f,-0.024406172107849865f,0.9378229803825335f,0.3462548140163026f,0.8280378241799863f,0.20084721825606977f,0.34389571757361903f,-0.9172764743267561f,-1.1911176340164635f,0f,0f,0f,1f],start_interpolation:0}
execute if entity @s[tag=aj.heiloang_aj.bone.leg_left_2] run data modify entity @s {} merge value {transformation:[-0.9793185047173572f,-0.06313179028620772f,-0.19222290023152183f,0.43233076361594813f,-0.024406172107849865f,0.9799954314616697f,-0.1975178297706266f,1.433374130580361f,0.20084721825606977f,-0.18874144051986677f,-0.9612684659080855f,-1.26055698600526f,0f,0f,0f,1f],start_interpolation:0}
execute if entity @s[tag=aj.heiloang_aj.bone.leg_left_1] run data modify entity @s {} merge value {transformation:[-0.9831320699818343f,0.011462238469056946f,-0.18253753055881855f,0.5619949920297224f,0.09791868734839063f,0.8759398744388861f,-0.47237830923525326f,1.8324568426769594f,0.15447738877001146f,-0.4822841003571097f,-0.8622869492816946f,-0.6883087969663634f,0f,0f,0f,1f],start_interpolation:0}
execute if entity @s[tag=aj.heiloang_aj.bone.leg_left_0] run data modify entity @s {} merge value {transformation:[-0.9140715793149188f,-0.3871690524359402f,-0.12071981082070146f,0.2380200505668204f,0.052633972722557265f,0.18189609553976246f,-0.9819080788662606f,1.9010425119323637f,0.40212288271642893f,-0.9038882316211697f,-0.14588780597631654f,-1.3439556377160924f,0f,0f,0f,1f],start_interpolation:0}
execute if entity @s[tag=aj.heiloang_aj.bone.tail_4] run data modify entity @s {} merge value {transformation:[-1.5453238720172855f,0.024496165354812853f,0.3102070794551403f,0.39974914084055535f,0.1529537433007434f,1.4283018238298755f,0.6491636281726013f,0.30392152504172554f,-0.2709864326335699f,0.6664894609930713f,-1.4025735329747848f,-4.816251764147841f,0f,0f,0f,1f],start_interpolation:0}
execute if entity @s[tag=aj.heiloang_aj.bone.tail_3] run data modify entity @s {} merge value {transformation:[-0.9803226649570524f,0.0896649383408478f,0.1758626492574094f,0.16240011049419784f,0.09703080626846386f,0.9947098432879048f,0.03372462455007469f,0.2328927078531554f,-0.17190839190218277f,0.0501251084635598f,-0.9838368656922354f,-3.502839149116892f,0f,0f,0f,1f],start_interpolation:0}
execute if entity @s[tag=aj.heiloang_aj.bone.tail_2] run data modify entity @s {} merge value {transformation:[-0.9803226649570524f,0.11884095501465619f,0.15762074731045755f,0.04115428959822734f,0.09703080626846386f,0.9854541852631091f,-0.13951727986996315f,0.36013898595609356f,-0.17190839190218277f,-0.12147788341350962f,-0.9775943067729983f,-2.7396022078435993f,0f,0f,0f,1f],start_interpolation:0}
execute if entity @s[tag=aj.heiloang_aj.bone.tail_1] run data modify entity @s {} merge value {transformation:[-0.9435777743807642f,0.24945119967158283f,0.21779596570426113f,-0.12483720783419233f,0.13914118180063795f,0.895472868788366f,-0.42280973592273857f,0.7056821341025095f,-0.30050077407847947f,-0.3686494815489941f,-0.8796572312735752f,-2.0583887556075102f,0f,0f,0f,1f],start_interpolation:0}
execute if entity @s[tag=aj.heiloang_aj.bone.tail_ring] run data modify entity @s {} merge value {transformation:[-0.9640742991190091f,0.26540919607659585f,-0.010895155628359562f,-0.11817125719533922f,0.1263369093650802f,0.42205517404779347f,-0.8977240196138044f,0.5897625007769509f,-0.23366585353934483f,-0.8668491153006166f,-0.44042352365906573f,-2.148566244444794f,0f,0f,0f,1f],start_interpolation:0}
execute if entity @s[tag=aj.heiloang_aj.bone.tail_0] run data modify entity @s {} merge value {transformation:[-0.9640742991190091f,0.26540919607659585f,-0.010895155628359562f,-0.10894906684492953f,0.1263369093650802f,0.42205517404779347f,-0.8977240196138044f,1.834256319548897f,-0.23366585353934483f,-0.8668491153006166f,-0.44042352365906573f,-1.5137510849238334f,0f,0f,0f,1f],start_interpolation:0}
execute if entity @s[tag=aj.heiloang_aj.bone.body_1] run data modify entity @s {} merge value {transformation:[-0.9638259304602803f,0.24648151127096019f,-0.10142209016756742f,-0.05294113013495651f,0.1351124334038638f,0.12382514531847005f,-0.9830625431408453f,2.188223739121762f,-0.22974813625372698f,-0.9612045557468208f,-0.15264860267783525f,-1.527275143743804f,0f,0f,0f,1f],start_interpolation:0}