execute if entity @s[tag=aj.red_knight.bone.head] run data modify entity @s {} merge value {transformation:[-0.9969486169797389f,-0.07799155998618625f,0.003282022715803218f,-0.15256445587874568f,-0.030555917785792086f,0.428588561223596f,0.9029829350970899f,0.8386296916810742f,-0.07183168514279649f,0.9001273030850742f,-0.4296638770601239f,0.6637134707755746f,0f,0f,0f,1f],start_interpolation:0}
execute if entity @s[tag=aj.red_knight.bone.body] run data modify entity @s {} merge value {transformation:[-0.9594711561317799f,-0.22961993665492664f,0.16337008674091277f,0.44512254184249633f,0.17954777094309718f,-0.05127681041607163f,0.98241197400221f,0.314537497466464f,-0.217204278273958f,0.971928687406716f,0.0904263683631456f,-0.2516138953717963f,0f,0f,0f,1f],start_interpolation:0}
execute if entity @s[tag=aj.red_knight.bone.left_hand] run data modify entity @s {} merge value {transformation:[-0.5862933974577196f,-0.7828530044818611f,0.20832960776425363f,0.4659250579713065f,0.17039520583526999f,0.13223985452265286f,0.9764620293202307f,0.9995894953907936f,-0.7919757104393043f,0.6079916070551885f,0.05586304525004554f,0.6006918775568418f,0f,0f,0f,1f],start_interpolation:0}
execute if entity @s[tag=aj.red_knight.bone.left_arm] run data modify entity @s {} merge value {transformation:[-0.5862933974577196f,-0.7278914884044974f,-0.35557563640633505f,0.20181563050379364f,0.17039520583526999f,-0.5399152041919066f,0.8242918452288408f,0.8415156944455271f,-0.7919757104393043f,0.42268848268044523f,0.44057793939717665f,0.6832835464920245f,0f,0f,0f,1f],start_interpolation:0}
execute if entity @s[tag=aj.red_knight.bone.weapon] run data modify entity @s {} merge value {transformation:[-1.4052939388091144f,0.12121890306619648f,0.8878247016520615f,-0.7489294577376404f,0.3218545755972128f,-1.4728592564415892f,0.7105441722083465f,1.2152276889407232f,0.8362633290365431f,0.7705643166092854f,1.2184711963173205f,0.06087794382482825f,0f,0f,0f,1f],start_interpolation:0}
execute if entity @s[tag=aj.red_knight.bone.right_hand] run data modify entity @s {} merge value {transformation:[-0.8431763632854686f,0.36511922443869843f,0.39464106773367513f,-0.6348297001005472f,0.19311274535832768f,-0.47936656601929484f,0.8561046448671088f,1.0654256370596935f,0.5017579974219258f,0.7980574210720383f,0.3336813820023321f,0.3102708879098402f,0f,0f,0f,1f],start_interpolation:0}
execute if entity @s[tag=aj.red_knight.bone.right_arm] run data modify entity @s {} merge value {transformation:[-0.8431763632854686f,0.36511922443869843f,0.39464106773367513f,-0.46803141975811213f,0.19311274535832768f,-0.47936656601929484f,0.8561046448671088f,0.9035540385937684f,0.5017579974219258f,0.7980574210720383f,0.3336813820023321f,0.5283039571559818f,0f,0f,0f,1f],start_interpolation:0}
execute if entity @s[tag=aj.red_knight.bone.waist] run data modify entity @s {} merge value {transformation:[-0.9873014181578584f,-0.036389263925546915f,0.1546341850123658f,-0.2210441049495914f,-1.3877787807814457e-17f,0.9734105017668594f,0.22906766478486423f,0.7642109245603688f,-0.15885814333386153f,0.22615883029620537f,-0.9610495688441729f,-0.0032282997715525064f,0f,0f,0f,1f],start_interpolation:0}
execute if entity @s[tag=aj.red_knight.bone.left_foot] run data modify entity @s {} merge value {transformation:[-0.9847766999003603f,-0.010712111886716218f,0.17349380966559724f,0.06786778775812678f,0.1139059776736075f,0.714169597698862f,0.6906426094391114f,0.29071021205880243f,-0.13130224515816796f,0.6998907317443002f,-0.7020774060136479f,0.005238665770534966f,0f,0f,0f,1f],start_interpolation:0}
execute if entity @s[tag=aj.red_knight.bone.left_leg] run data modify entity @s {} merge value {transformation:[-0.9847766999003603f,0.056496505654818355f,0.1643867275121416f,0.12260449357497222f,0.1139059776736075f,0.9241041583735397f,0.3647696982027857f,0.7865788281750029f,-0.13130224515816796f,0.3779413305336251f,-0.916471533159049f,0.024880119696460194f,0f,0f,0f,1f],start_interpolation:0}
execute if entity @s[tag=aj.red_knight.bone.right_foot] run data modify entity @s {} merge value {transformation:[-0.9860176969281296f,-0.003259703854035123f,0.1666087502964098f,-0.20741220716081027f,0.16360826206377885f,0.17092956347852917f,0.9716045599489072f,0.3045054581464573f,-0.03164550408853212f,0.9852778586063038f,-0.16800626003562852f,0.08492551546063273f,0f,0f,0f,1f],start_interpolation:0}
execute if entity @s[tag=aj.red_knight.bone.right_leg] run data modify entity @s {} merge value {transformation:[-0.9860176969281296f,0.15717719396171084f,0.05535730342845624f,-0.12422086096449239f,0.16360826206377885f,0.9761833930217516f,0.14247217192494255f,0.7865788281750029f,-0.03164550408853212f,0.1495369950442474f,-0.9882495885069316f,-0.014834416137005181f,0f,0f,0f,1f],start_interpolation:0}