execute if entity @s[tag=aj.red_knight.bone.head] run data modify entity @s {} merge value {transformation:[-0.9828081568914723f,0.13826422505590633f,-0.12235657243187825f,0.006344527437722985f,0.1283856031831952f,0.9880514184322823f,0.08527327500009506f,1.576237481993334f,0.13268482823169714f,0.06809844787984808f,-0.9888161293958957f,-0.9348358788406704f,0f,0f,0f,1f],start_interpolation:0}
execute if entity @s[tag=aj.red_knight.bone.body] run data modify entity @s {} merge value {transformation:[-0.4529249551481499f,0.012281783946983052f,-0.8914640445845959f,0.6521033385087331f,0.02578206162195775f,0.9996673605550606f,0.0006734533390135578f,0.5641480533834742f,0.89117577968803f,-0.022678757107872635f,-0.45309094415301865f,-1.1033502963850526f,0f,0f,0f,1f],start_interpolation:0}
execute if entity @s[tag=aj.red_knight.bone.left_hand] run data modify entity @s {} merge value {transformation:[-0.460762409032129f,-0.4653050815195809f,-0.7557705892233209f,0.20498653380883425f,-0.24433241196436187f,0.8851476436657693f,-0.3959991431513629f,1.2180443901190392f,0.8532289697886415f,0.0021977317835801258f,-0.5215318735115053f,-1.371546647502743f,0f,0f,0f,1f],start_interpolation:0}
execute if entity @s[tag=aj.red_knight.bone.left_arm] run data modify entity @s {} merge value {transformation:[-0.460762409032129f,-0.047740844707562f,-0.8862385763266671f,0.16126986927321307f,-0.24433241196436187f,0.9667906364954504f,0.07495023447861272f,1.5048956882760949f,0.8532289697886415f,0.2510710595256453f,-0.4571254184379635f,-1.2397601307891888f,0f,0f,0f,1f],start_interpolation:0}
execute if entity @s[tag=aj.red_knight.bone.weapon] run data modify entity @s {} merge value {transformation:[1.6595407064559284f,0.13914089553289333f,-0.06589561885163876f,-0.12168273487476389f,0.060984965396841166f,0.06088854625983609f,1.664437201190747f,1.8625627296208063f,0.14136214270122646f,-1.6597319584506545f,0.05553691102545837f,-0.10742926179261297f,0f,0f,0f,1f],start_interpolation:0}
execute if entity @s[tag=aj.red_knight.bone.right_hand] run data modify entity @s {} merge value {transformation:[0.06595892013672525f,-0.2561207074848186f,-0.9643918311826752f,-0.2017204559637697f,0.8765487813676497f,-0.44693162070154296f,0.17864590759370946f,1.722896598151574f,-0.4767721203439702f,-0.8571197755358161f,0.1950231669524079f,-0.3752791916475555f,0f,0f,0f,1f],start_interpolation:0}
execute if entity @s[tag=aj.red_knight.bone.right_arm] run data modify entity @s {} merge value {transformation:[0.06595892013672525f,0.36636505939473246f,-0.9281304133089766f,-0.09135380741146112f,0.8765487813676497f,-0.4657146732555496f,-0.1215404335904916f,1.5225764639237367f,-0.4767721203439702f,-0.8055349069836581f,-0.35185488328790293f,-0.5972105925584505f,0f,0f,0f,1f],start_interpolation:0}
execute if entity @s[tag=aj.red_knight.bone.waist] run data modify entity @s {} merge value {transformation:[-0.9396926382208335f,-0.021305400466264557f,-0.3413558635567021f,-0.20455907396395107f,0.014918701668617904f,0.9945546777713115f,-0.1031427421766821f,0.8459294297551944f,0.34169456831224654f,-0.10201506180057351f,-0.934257860096308f,-0.8347580714455084f,0f,0f,0f,1f],start_interpolation:0}
execute if entity @s[tag=aj.red_knight.bone.left_foot] run data modify entity @s {} merge value {transformation:[-0.9563248174289654f,-0.13209947731684407f,-0.26075385263131307f,0.2332094543924198f,-0.1625279884591874f,0.9817534920117118f,0.0987154187055902f,0.41377135429947637f,0.24295575016217702f,0.13678380392219808f,-0.9603450913331663f,-0.7819346726704823f,0f,0f,0f,1f],start_interpolation:0}
execute if entity @s[tag=aj.red_knight.bone.left_leg] run data modify entity @s {} merge value {transformation:[-0.9563248174289654f,-0.18540565544345944f,-0.22598138529320758f,0.10746000280602812f,-0.1625279884591874f,0.9798479413414618f,-0.11611487766995919f,0.8531178322037624f,0.24295575016217702f,-0.07431523920758477f,-0.9671865118397036f,-0.9830051227714868f,0f,0f,0f,1f],start_interpolation:0}
execute if entity @s[tag=aj.red_knight.bone.right_foot] run data modify entity @s {} merge value {transformation:[-0.8444986460259909f,0.24996134582071738f,-0.4736468752728805f,-0.15497318316097133f,0.17354375751856194f,0.9644019880873399f,0.19952786672423667f,0.39746149039895456f,0.5066602422596492f,0.08630255482129093f,-0.8578154043526565f,-0.7039961926347362f,0f,0f,0f,1f],start_interpolation:0}
execute if entity @s[tag=aj.red_knight.bone.right_leg] run data modify entity @s {} merge value {transformation:[-0.933045305512597f,0.17412028187374282f,-0.31481516053251407f,-0.12746315674918024f,0.1857154212905906f,0.9825788585341618f,-0.006969150347206701f,0.8568475076209168f,0.30811725066241047f,-0.06496856318183349f,-0.9491274127546445f,-0.8975814806934251f,0f,0f,0f,1f],start_interpolation:0}