execute if entity @s[tag=aj.red_knight.bone.head] run data modify entity @s {} merge value {transformation:[-1f,-7.545140322893101e-17f,9.646078777101003e-17f,6.694683520062694e-17f,0f,0.7876621066430727f,0.6161074628330651f,1.1964639226573959f,-1.2246467991473532e-16f,0.6161074628330651f,-0.7876621066430727f,-0.5466623948001819f,0f,0f,0f,1f],start_interpolation:0}
execute if entity @s[tag=aj.red_knight.bone.body] run data modify entity @s {} merge value {transformation:[-1f,-2.8130395016383036e-17f,1.1919009481849082e-16f,0.46875000000000006f,0f,0.9732609835054122f,0.22970210705624272f,0.10835188562386228f,-1.2246467991473532e-16f,0.22970210705624272f,-0.9732609835054122f,-0.28973401010371835f,0f,0f,0f,1f],start_interpolation:0}
execute if entity @s[tag=aj.red_knight.bone.left_hand] run data modify entity @s {} merge value {transformation:[-0.8098909294790064f,0.5578743596116922f,-0.18125363785445883f,0.34193162600531146f,-0.5401619225586933f,-0.829775777441108f,-0.14034691514137487f,1.2588856191057627f,-0.22869582367268354f,-0.015759380059137594f,0.9733703622849955f,-0.009398294654432426f,0f,0f,0f,1f],start_interpolation:0}
execute if entity @s[tag=aj.red_knight.bone.left_arm] run data modify entity @s {} merge value {transformation:[-0.8098909294790064f,0.16779698267880505f,0.5620683721323588f,0.3437500000000001f,-0.5401619225586933f,0.16024383522439056f,-0.8261640337670685f,1.2752016974534663f,-0.22869582367268354f,-0.9727106897101863f,-0.03914248788983121f,-0.32766387416840836f,0f,0f,0f,1f],start_interpolation:0}
execute if entity @s[tag=aj.red_knight.bone.weapon] run data modify entity @s {} merge value {transformation:[-0.000003463087611210015f,-0.000009167441082213528f,-0.000013481202690376153f,-0.1794826583442838f,0.000013739813588828235f,-0.000009059413665559286f,0.00000263103104472492f,1.5051646432423316f,-0.000008775096838161523f,-0.000010567063254196932f,0.000009439948487172286f,0.006679871692231231f,0f,0f,0f,1f],start_interpolation:0}
execute if entity @s[tag=aj.red_knight.bone.right_hand] run data modify entity @s {} merge value {transformation:[-0.8354001993509579f,-0.5199917018680709f,0.17808744176029664f,-0.34198006517805596f,0.49048492980233904f,-0.8514964606650103f,-0.18541389136673275f,1.2390719992845158f,0.24805451126954772f,-0.0675455954397281f,0.9663884063747444f,-0.0144281268826838f,0f,0f,0f,1f],start_interpolation:0}
execute if entity @s[tag=aj.red_knight.bone.right_arm] run data modify entity @s {} merge value {transformation:[-0.8354001993509579f,-0.17274383130041218f,-0.5217912184696427f,-0.3437499999999999f,0.49048492980233904f,0.19413905614290022f,-0.8495496221626715f,1.269085146216526f,0.24805451126954772f,-0.9656446528757865f,-0.07745556023441584f,-0.3316954878607138f,0f,0f,0f,1f],start_interpolation:0}
execute if entity @s[tag=aj.red_knight.bone.waist] run data modify entity @s {} merge value {transformation:[-1f,5.341834311772723e-18f,1.223481206754078e-16f,-0.21874999999999992f,0f,0.9990482215818578f,-0.043619387365336f,0.47890490873099756f,-1.2246467991473532e-16f,-0.043619387365336f,-0.9990482215818578f,-0.6854553412172499f,0f,0f,0f,1f],start_interpolation:0}
execute if entity @s[tag=aj.red_knight.bone.left_foot] run data modify entity @s {} merge value {transformation:[-0.965121534441013f,-0.1792635300049615f,-0.1908009710886845f,0.2247842631425448f,-0.21521595812263564f,0.12826928710946878f,0.9681059246558634f,0.055497150664434614f,-0.1490721809311875f,0.9754032893088831f,-0.16237582356320898f,-0.49879601109321414f,0f,0f,0f,1f],start_interpolation:0}
execute if entity @s[tag=aj.red_knight.bone.left_leg] run data modify entity @s {} merge value {transformation:[-0.9777991767802003f,-0.20932001744841386f,-0.009690210697313212f,0.12500000000000008f,-0.20714456514320378f,0.9725461066668516f,-0.10604338517221235f,0.49315193133804736f,0.0316211799209898f,-0.10168186024333398f,-0.9943142864697558f,-0.7173571510692662f,0f,0f,0f,1f],start_interpolation:0}
execute if entity @s[tag=aj.red_knight.bone.right_foot] run data modify entity @s {} merge value {transformation:[-0.9526364919179299f,0.2764242121941347f,0.12678079183832186f,-0.19494284025434894f,0.24517670124666102f,0.45145359560136644f,0.8579499030738353f,0.13838655225209812f,0.17992248173062042f,0.8483980822299458f,-0.4978439460678864f,-0.37309402056563934f,0f,0f,0f,1f],start_interpolation:0}
execute if entity @s[tag=aj.red_knight.bone.right_leg] run data modify entity @s {} merge value {transformation:[-0.9848077560158668f,0.16685107694740411f,-0.04810823019488956f,-0.12499999999999992f,0.17216258185989516f,0.9020027511372058f,-0.3959180247832204f,0.49315193133804736f,-0.022665592829836954f,-0.39818557867205995f,-0.9170248174609392f,-0.7173571510692663f,0f,0f,0f,1f],start_interpolation:0}