execute if entity @s[tag=aj.red_knight.bone.head] run data modify entity @s {} merge value {transformation:[-0.9884147607299973f,0.04912214033831864f,0.14360806418737293f,0.0069824994174375685f,0.06410235614394416f,0.9927559159633723f,0.10161977788069078f,1.575376160127766f,-0.13757597431185814f,0.10964810371505981f,-0.9844034460747454f,-0.1674347400759411f,0f,0f,0f,1f],start_interpolation:0}
execute if entity @s[tag=aj.red_knight.bone.body] run data modify entity @s {} merge value {transformation:[-0.8976662642155067f,0.00928171422428172f,0.44057817452801146f,0.19819275928016883f,-0.0025112146231062804f,0.9996541859446192f,-0.02617636958246295f,0.5899872908289594f,-0.44066877798465925f,-0.02460403024831015f,-0.897332530227812f,0.5123990449665841f,0f,0f,0f,1f],start_interpolation:0}
execute if entity @s[tag=aj.red_knight.bone.left_hand] run data modify entity @s {} merge value {transformation:[-0.8672669314519279f,-0.10633629141207532f,0.48635446203225374f,0.46928415662718503f,-0.26304146188863214f,0.9273013679038671f,-0.26631065020218125f,1.2349624083559179f,-0.4226786710226199f,-0.3588938091028368f,-0.8321886654180098f,-0.009665237236394265f,0f,0f,0f,1f],start_interpolation:0}
execute if entity @s[tag=aj.red_knight.bone.left_arm] run data modify entity @s {} merge value {transformation:[-0.8672669314519279f,-0.3203353689886053f,0.381094897610675f,0.3149751706025004f,-0.26304146188863214f,0.9447637969441337f,0.19552635963264697f,1.51376100353292f,-0.4226786710226199f,0.06932978695076128f,-0.9036238828760083f,-0.014417095753195108f,0f,0f,0f,1f],start_interpolation:0}
execute if entity @s[tag=aj.red_knight.bone.weapon] run data modify entity @s {} merge value {transformation:[-0.41955452280595296f,0.7497298971471332f,1.4281655581530437f,-0.7780433362285861f,0.8557096596233265f,1.354364393026244f,-0.45960401119633826f,1.140217132495039f,-1.3673012684109445f,0.6175596732334306f,-0.7258684930312227f,-0.458561366271762f,0f,0f,0f,1f],start_interpolation:0}
execute if entity @s[tag=aj.red_knight.bone.right_hand] run data modify entity @s {} merge value {transformation:[-0.39688084481691677f,0.8098197289877244f,0.43206203438818686f,-0.5249746709199222f,0.6159077037511f,0.5839769376844794f,-0.5287992404615434f,1.3227099255214387f,-0.6805463213312211f,0.05624004618513587f,-0.7305434701149796f,-0.44098635183890705f,0f,0f,0f,1f],start_interpolation:0}
execute if entity @s[tag=aj.red_knight.bone.right_arm] run data modify entity @s {} merge value {transformation:[-0.39688084481691677f,0.611568633907854f,0.684448245696847f,-0.3090544200226606f,0.6159077037511f,0.7303291366952495f,-0.2954268988328909f,1.5124435492542605f,-0.6805463213312211f,0.30430767015317434f,-0.6665234777624035f,-0.30335605983283875f,0f,0f,0f,1f],start_interpolation:0}
execute if entity @s[tag=aj.red_knight.bone.waist] run data modify entity @s {} merge value {transformation:[-0.8639900018659533f,0.018902848436183606f,0.503154011209956f,-0.1898838839286234f,0.003117214195788722f,0.999476702598064f,-0.03219633425343372f,0.8419564201710447f,-0.5034993144497095f,-0.026248872065289343f,-0.8635968023701642f,-0.2593267258244802f,0f,0f,0f,1f],start_interpolation:0}
execute if entity @s[tag=aj.red_knight.bone.left_foot] run data modify entity @s {} merge value {transformation:[-0.9307427488204879f,-0.1349142158817537f,0.33987658035100526f,0.07354847456316509f,-0.16425402668253622f,0.984655281807904f,-0.05894565909691907f,0.48288347081574273f,-0.3267086626287319f,-0.11068934167664513f,-0.9386209668457957f,0.21494047565419944f,0f,0f,0f,1f],start_interpolation:0}
execute if entity @s[tag=aj.red_knight.bone.left_leg] run data modify entity @s {} merge value {transformation:[-0.9307427488204879f,-0.027912192968097216f,0.3646077961341385f,0.12313159906992457f,-0.16425402668253622f,0.9227460178505059f,-0.3486551322720014f,0.8554955658239172f,-0.3267086626287319f,-0.38439653487609093f,-0.8634238552058887f,-0.11364637518248034f,0f,0f,0f,1f],start_interpolation:0}
execute if entity @s[tag=aj.red_knight.bone.right_foot] run data modify entity @s {} merge value {transformation:[-0.8769088253749735f,0.17021917163962774f,0.44950678035576186f,-0.27932780681054625f,0.18205609291287783f,0.9831388288520615f,-0.01713540885694058f,0.42241238131751224f,-0.44484434470135953f,0.06680925691635749f,-0.8931125529167655f,-0.07746295064868106f,0f,0f,0f,1f],start_interpolation:0}
execute if entity @s[tag=aj.red_knight.bone.right_leg] run data modify entity @s {} merge value {transformation:[-0.8468027485224829f,0.22026019971960678f,0.48415963226424324f,-0.09286590139656375f,0.17651008353214195f,0.975017923303418f,-0.1348489512327275f,0.8562748693728643f,-0.5017661761281291f,-0.028731405405395177f,-0.8645260035633319f,-0.2395212037949077f,0f,0f,0f,1f],start_interpolation:0}