execute if entity @s[tag=aj.red_knight.bone.head] run data modify entity @s {} merge value {transformation:[-0.9870505696596361f,0.1550368854463871f,-0.04116718457304741f,0.027901681232363532f,0.1456102841913064f,0.9736454400011182f,0.17553404884168738f,1.559847598314203f,0.06729649375944119f,0.16726661745881255f,-0.9836122511495944f,-0.8906689970939743f,0f,0f,0f,1f],start_interpolation:0}
execute if entity @s[tag=aj.red_knight.bone.left_hand] run data modify entity @s {} merge value {transformation:[-0.4831430151488799f,-0.4637021538960603f,-0.7426662368688937f,0.2241650355389556f,-0.31556368594743706f,0.8834512183086861f,-0.34631417092022904f,1.2411922518665475f,0.8166960187389898f,0.06703922240787652f,-0.5731608462158164f,-1.358444412027785f,0f,0f,0f,1f],start_interpolation:0}
execute if entity @s[tag=aj.red_knight.bone.left_arm] run data modify entity @s {} merge value {transformation:[-0.4831430151488799f,-0.030244726629102783f,-0.8750189046094833f,0.18451712002055598f,-0.31556368594743706f,0.9382482835197486f,0.14180873944687852f,1.5146721100947542f,0.8166960187389898f,0.3446380927630842f,-0.46285224207354475f,-1.1997015068681343f,0f,0f,0f,1f],start_interpolation:0}
execute if entity @s[tag=aj.red_knight.bone.weapon] run data modify entity @s {} merge value {transformation:[1.6588194544398636f,-0.15154328451633348f,0.05595023027309007f,0.03236493241714321f,-0.04329717324077956f,0.1390462291978084f,1.660291925750711f,1.3934864028765475f,-0.1556314561358598f,-1.653928219978621f,0.13445471652998886f,0.028101498234408384f,0f,0f,0f,1f],start_interpolation:0}
execute if entity @s[tag=aj.red_knight.bone.left_foot] run data modify entity @s {} merge value {transformation:[-0.9681924544294799f,-0.1371159825902001f,-0.2092906555585874f,0.2207752105884252f,-0.15476050175756464f,0.9854461640202632f,0.07032101331391041f,0.40738037780633524f,0.1966025388482207f,0.1004742013457797f,-0.9753216785155355f,-0.7878172172507598f,0f,0f,0f,1f],start_interpolation:0}
execute if entity @s[tag=aj.red_knight.bone.left_leg] run data modify entity @s {} merge value {transformation:[-0.9681924544294799f,-0.17916457500509178f,-0.1746523010127956f,0.10677345181821417f,-0.15476050175756464f,0.9773074081380368f,-0.14463546278233175f,0.8406340052053267f,0.1966025388482207f,-0.11300568597091602f,-0.9739492577422484f,-1.0081861612240757f,0f,0f,0f,1f],start_interpolation:0}
execute if entity @s[tag=aj.red_knight.bone.right_foot] run data modify entity @s {} merge value {transformation:[-0.840938959019919f,0.2436469557235259f,-0.48317473875312766f,-0.15612975230221804f,0.17311982242557022f,0.9671068344575401f,0.1863703244319092f,0.38381749829645234f,0.5126901542704269f,0.07307894164651157f,-0.8554579323391603f,-0.7320220955959749f,0f,0f,0f,1f],start_interpolation:0}
execute if entity @s[tag=aj.red_knight.bone.right_leg] run data modify entity @s {} merge value {transformation:[-0.9305928653480807f,0.17714758148295337f,-0.32033678111947944f,-0.1281497077369942f,0.18689444735223937f,0.9823799473575742f,0.000323386194419753f,0.8443636806224811f,0.31474971725507545f,-0.05956822478864128f,-0.947303669413024f,-0.9227625191460139f,0f,0f,0f,1f],start_interpolation:0}
execute if entity @s[tag=aj.red_knight.bone.weapon_ground] run data modify entity @s {} merge value {transformation:[0.000016666666666666667f,2.2112027495480833e-21f,1.8554194116039847e-21f,-2.678914873134835e-17f,-2.041077998578922e-21f,0.0000014525957124609655f,0.000016603244968195763f,0.375f,2.041077998578922e-21f,-0.000016603244968195763f,0.0000014525957124609655f,0.21875f,0f,0f,0f,1f],start_interpolation:0}