execute if entity @s[tag=aj.red_knight.bone.head] run data modify entity @s {} merge value {transformation:[-0.9859699786955575f,0.14967894481695268f,-0.07388785143422144f,0.020051375189215917f,0.13805103380242004f,0.9800286123683974f,0.14312872180438316f,1.567180893484589f,0.0938355645646416f,0.1309203285122561f,-0.9869421231283413f,-0.9061577953759571f,0f,0f,0f,1f],start_interpolation:0}
execute if entity @s[tag=aj.red_knight.bone.body] run data modify entity @s {} merge value {transformation:[-0.4593952798103804f,0.03293488013175785f,-0.8876211300767062f,0.646268597506927f,-0.022188002438588872f,0.9985749903566463f,0.04853536012031772f,0.5547388492108725f,0.8879547676744168f,0.041991455141855885f,-0.45800987790586134f,-1.1353731089122652f,0f,0f,0f,1f],start_interpolation:0}
execute if entity @s[tag=aj.red_knight.bone.left_hand] run data modify entity @s {} merge value {transformation:[-0.47479015273923236f,-0.46553069699214855f,-0.7468972359166023f,0.2173940277730164f,-0.290157094470059f,0.884001597424773f,-0.36653790565116584f,1.233675357427885f,0.8308929963542535f,0.04268894363244416f,-0.5547922878888967f,-1.3628648953625018f,0f,0f,0f,1f],start_interpolation:0}
execute if entity @s[tag=aj.red_knight.bone.left_arm] run data modify entity @s {} merge value {transformation:[-0.47479015273923236f,-0.0377906259552481f,-0.8792873133690527f,0.17591007261579933f,-0.290157094470059f,0.9499409388865843f,0.11584935544045152f,1.5123970824255637f,0.8308929963542535f,0.3101355852158622f,-0.4619878216925907f,-1.214016712710404f,0f,0f,0f,1f],start_interpolation:0}
execute if entity @s[tag=aj.red_knight.bone.weapon] run data modify entity @s {} merge value {transformation:[1.6652108816211035f,-0.01955870999710424f,0.06684275855837842f,-0.023260382126884693f,-0.06249773934276427f,0.2862197685732861f,1.6407163235711029f,1.557430422583645f,-0.030733208187372723f,-1.6417897181791832f,0.28523633880241833f,0.02323677459173923f,0f,0f,0f,1f],start_interpolation:0}
execute if entity @s[tag=aj.red_knight.bone.right_hand] run data modify entity @s {} merge value {transformation:[0.09452991565928079f,-0.36067001814942523f,-0.9278907441361522f,-0.13596976279858008f,0.9954667296206402f,0.024422211978982998f,0.09192141089235285f,1.5650623638270773f,-0.010492152488236286f,-0.9323736877294141f,0.36134363307801154f,-0.2681300028237027f,0f,0f,0f,1f],start_interpolation:0}
execute if entity @s[tag=aj.red_knight.bone.right_arm] run data modify entity @s {} merge value {transformation:[0.09452991565928079f,0.187657791949019f,-0.977675124039815f,-0.0832348225432167f,0.9954667296206402f,-0.02816848571113416f,0.09084341820478123f,1.494043041441058f,-0.010492152488236286f,-0.9818304790204674f,-0.18946985301784366f,-0.574296267987084f,0f,0f,0f,1f],start_interpolation:0}
execute if entity @s[tag=aj.red_knight.bone.waist] run data modify entity @s {} merge value {transformation:[-0.9396926382208334f,-0.008526798290125651f,-0.341913789403834f,-0.20515807094095756f,0.014918701668617905f,0.9977158207583915f,-0.06588302777599084f,0.8372098226062463f,0.34169456831224665f,-0.06701070600529974f,-0.9374190030432382f,-0.8503274720519834f,0f,0f,0f,1f],start_interpolation:0}
execute if entity @s[tag=aj.red_knight.bone.left_foot] run data modify entity @s {} merge value {transformation:[-0.9642879914673486f,-0.13812822284076853f,-0.2259850958950999f,0.22596567354684366f,-0.15849011224285464f,0.984545675609635f,0.07450299966856955f,0.41161092744076005f,0.21220168197522338f,0.10765875112232408f,-0.9712775295834182f,-0.7818669963877877f,0f,0f,0f,1f],start_interpolation:0}
execute if entity @s[tag=aj.red_knight.bone.left_leg] run data modify entity @s {} merge value {transformation:[-0.9642879914673486f,-0.18376615934131527f,-0.1907319275653891f,0.1070432363053009f,-0.15849011224285464f,0.9773334124103796f,-0.1403577048384959f,0.845611983989009f,0.21220168197522338f,-0.10511612467754568f,-0.9715559924675782f,-0.9981263660357522f,0f,0f,0f,1f],start_interpolation:0}
execute if entity @s[tag=aj.red_knight.bone.right_foot] run data modify entity @s {} merge value {transformation:[-0.8423387671129413f,0.2456848555091768f,-0.4796919357171694f,-0.15491100672975774f,0.1742442632840571f,0.9663965314925079f,0.18898857275466663f,0.3900300209327655f,0.5100042530521155f,0.07560883343025887f,-0.8568424395278688f,-0.7188736306466298f,0f,0f,0f,1f],start_interpolation:0}
execute if entity @s[tag=aj.red_knight.bone.right_leg] run data modify entity @s {} merge value {transformation:[-0.931675878766887f,0.17450002744265392f,-0.31863740732447265f,-0.12787992324990746f,0.1864162710261098f,0.9824456383963446f,-0.007038571781169942f,0.8493416594061635f,0.3118157000868764f,-0.06595686483234116f,-0.9478505479034233f,-0.9127027239576906f,0f,0f,0f,1f],start_interpolation:0}