execute if entity @s[tag=aj.red_knight.bone.head] run data modify entity @s {} merge value {transformation:[-1f,-7.594873238328739e-17f,9.606970321589616e-17f,7.317799152555745e-17f,0f,0.7844686589046215f,0.6201684635616233f,1.118055237169922f,-1.2246467991473532e-16f,0.6201684635616233f,-0.7844686589046215f,-0.5975436474949904f,0f,0f,0f,1f],start_interpolation:0}
execute if entity @s[tag=aj.red_knight.bone.body] run data modify entity @s {} merge value {transformation:[-1f,-1.813512260052984e-17f,1.211144712859794e-16f,0.46875000000000006f,0f,0.9889747098535187f,0.14808451394439784f,0.05503827034420439f,-1.2246467991473532e-16f,0.14808451394439784f,-0.9889747098535187f,-0.25114080651262893f,0f,0f,0f,1f],start_interpolation:0}
execute if entity @s[tag=aj.red_knight.bone.left_hand] run data modify entity @s {} merge value {transformation:[-0.8636322854487118f,0.5002507239866454f,-0.06235774756573395f,0.34402152321889923f,-0.4696320779014914f,-0.8433336914834516f,-0.2612163781519485f,1.2233122312290616f,-0.18326207173488535f,-0.19630969909745002f,0.9632639903493259f,-0.07484885324408458f,0f,0f,0f,1f],start_interpolation:0}
execute if entity @s[tag=aj.red_knight.bone.left_arm] run data modify entity @s {} merge value {transformation:[-0.8636322854487118f,0.17185758278926525f,0.47392430489316073f,0.3437500000000001f,-0.4696320779014914f,0.06747769222453198f,-0.8802797694244591f,1.2150470051803846f,-0.18326207173488535f,-0.9828080851773057f,0.02243392015577278f,-0.393430259345423f,0f,0f,0f,1f],start_interpolation:0}
execute if entity @s[tag=aj.red_knight.bone.weapon] run data modify entity @s {} merge value {transformation:[-0.0000042504826777833115f,-0.000008841392324053677f,-0.000013473713539919375f,-0.18551036195994963f,0.000014808603886995127f,-0.000007639786475603514f,3.4160108758035607e-7f,1.4899109463809985f,-0.0000063573914227232f,-0.000011884495031642197f,0.000009804087408776768f,-0.015591948183764845f,0f,0f,0f,1f],start_interpolation:0}
execute if entity @s[tag=aj.red_knight.bone.right_hand] run data modify entity @s {} merge value {transformation:[-0.8595088989551012f,-0.507666224477858f,0.05932501278033234f,-0.34415605710928027f,0.4789445626808876f,-0.8404885901005915f,-0.25335949910972877f,1.2272582619745638f,0.1784840566980783f,-0.1893513518175045f,0.9655514005320899f,-0.074764245626735f,0f,0f,0f,1f],start_interpolation:0}
execute if entity @s[tag=aj.red_knight.bone.right_arm] run data modify entity @s {} merge value {transformation:[-0.8595088989551012f,-0.17060239704132305f,-0.48180833818100777f,-0.3437499999999999f,0.4789445626808876f,0.060347372853516004f,-0.8757684057261323f,1.216182780823732f,0.1784840566980783f,-0.9834902219714403f,0.029839986447109168f,-0.39326019353644f,0f,0f,0f,1f],start_interpolation:0}
execute if entity @s[tag=aj.red_knight.bone.waist] run data modify entity @s {} merge value {transformation:[-1f,5.087611352129025e-18f,1.2235895568918633e-16f,-0.21874999999999992f,0f,0.9991366961835642f,-0.04154349936382652f,0.3906654673663954f,-1.2246467991473532e-16f,-0.04154349936382652f,-0.9991366961835642f,-0.6855526484673206f,0f,0f,0f,1f],start_interpolation:0}
execute if entity @s[tag=aj.red_knight.bone.left_foot] run data modify entity @s {} merge value {transformation:[-0.9620070384820197f,-0.14503499845823836f,-0.23131646533109684f,0.22747130261931792f,-0.23103440176137097f,-0.019020257594614814f,0.9727596491445355f,-0.02428309330152384f,-0.14548389297038744f,0.989243690413668f,-0.015210452423500054f,-0.48396925545461034f,0f,0f,0f,1f],start_interpolation:0}
execute if entity @s[tag=aj.red_knight.bone.left_leg] run data modify entity @s {} merge value {transformation:[-0.9756027416834603f,-0.2195289211610951f,0.0025185697451374535f,0.12500000000000008f,-0.21777741130486963f,0.9662394111467344f,-0.13767497765448095f,0.404978743889144f,0.027790097967892488f,-0.13486457326020757f,-0.9904742587943803f,-0.7174247874006168f,0f,0f,0f,1f],start_interpolation:0}
execute if entity @s[tag=aj.red_knight.bone.right_foot] run data modify entity @s {} merge value {transformation:[-0.9652668894356691f,0.18026465144831502f,0.1891150115601754f,-0.2079839246961638f,0.1744003977007722f,-0.09439572550581897f,0.9801397595690333f,-0.04317790245951725f,0.1945362008496112f,0.9790781901587061f,0.05967884143104779f,-0.5136188338552348f,0f,0f,0f,1f],start_interpolation:0}
execute if entity @s[tag=aj.red_knight.bone.right_leg] run data modify entity @s {} merge value {transformation:[-0.9848077560158668f,0.17335891335245698f,0.010018525452798173f,-0.12499999999999992f,0.17220930415610908f,0.9824325337867628f,-0.07190460429896021f,0.404978743889144f,-0.022307829411705834f,-0.06908692870997121f,-0.9973611968732099f,-0.7174247874006168f,0f,0f,0f,1f],start_interpolation:0}
execute if entity @s[tag=aj.red_knight.bone.weapon_ground] run data modify entity @s {} merge value {transformation:[1.6666666666666667f,2.2112027495480826e-16f,1.855419411603985e-16f,-2.678914873134835e-17f,-2.041077998578922e-16f,0.14525957124609654f,1.660324496819576f,0.375f,2.041077998578922e-16f,-1.660324496819576f,0.14525957124609654f,0.21875f,0f,0f,0f,1f],start_interpolation:0}