execute if entity @s[tag=aj.red_knight.bone.head] run data modify entity @s {} merge value {transformation:[-0.9878061906737283f,0.15268647378047714f,-0.03042647516788105f,0.027901681232363532f,0.14521175704560557f,0.9740473029808752f,0.1736242989083367f,1.559847598314203f,0.05614690803941069f,0.1670888753932083f,-0.984341827028318f,-0.8906689970939743f,0f,0f,0f,1f],start_interpolation:0}
execute if entity @s[tag=aj.red_knight.bone.left_hand] run data modify entity @s {} merge value {transformation:[-0.4834631625043776f,-0.4639001266687922f,-0.7423341855107742f,0.2240873397387781f,-0.31271985832391985f,0.883597976965911f,-0.348512417729436f,1.2406639073370451f,0.8175999392802896f,0.06364972567441196f,-0.5722578542147226f,-1.357550176589934f,0f,0f,0f,1f],start_interpolation:0}
execute if entity @s[tag=aj.red_knight.bone.left_arm] run data modify entity @s {} merge value {transformation:[-0.4834631625043776f,-0.02993207059743526f,-0.874852811420879f,0.18451712002055598f,-0.31271985832391985f,0.9393702204894531f,0.14067650503002926f,1.5146721100947542f,0.8175999392802896f,0.34159575525370117f,-0.4635112504368369f,-1.1997015068681343f,0f,0f,0f,1f],start_interpolation:0}
execute if entity @s[tag=aj.red_knight.bone.weapon] run data modify entity @s {} merge value {transformation:[0.000016597511008497263f,-0.0000014244089745259609f,5.210231989843217e-7f,0.03236493241714321f,-4.0253960959550404e-7f,0.0000013830794105618177f,0.000016604301580752032f,1.3934864028765475f,-0.0000014623159587779422f,-0.000016547988645002987f,0.0000013429376825949364f,0.028101498234408384f,0f,0f,0f,1f],start_interpolation:0}
execute if entity @s[tag=aj.red_knight.bone.left_foot] run data modify entity @s {} merge value {transformation:[-0.9688215324729793f,-0.13834229924531666f,-0.20553891713305014f,0.22033939410559295f,-0.15465418682410068f,0.9857976112575677f,0.06546107344559621f,0.4088262937874179f,0.19356373811869756f,0.09520755158280683f,-0.9764571682399199f,-0.784775205276504f,0f,0f,0f,1f],start_interpolation:0}
execute if entity @s[tag=aj.red_knight.bone.left_leg] run data modify entity @s {} merge value {transformation:[-0.9688215324729793f,-0.17975403835059675f,-0.1705090141703945f,0.10677345181821417f,-0.15465418682410068f,0.976419031744986f,-0.15062522014576524f,0.8406340052053267f,0.19356373811869756f,-0.11955902367799878f,-0.9737754973004198f,-1.0081861612240757f,0f,0f,0f,1f],start_interpolation:0}
execute if entity @s[tag=aj.red_knight.bone.right_foot] run data modify entity @s {} merge value {transformation:[-0.8409577171029528f,0.24022298774297282f,-0.4848536214207642f,-0.15575004431028835f,0.17358745454781924f,0.9684608298458478f,0.17874847321837545f,0.38420256224912586f,0.5125012328459309f,0.06615540200264085f,-0.85613430553697f,-0.7310399469657312f,0f,0f,0f,1f],start_interpolation:0}
execute if entity @s[tag=aj.red_knight.bone.right_leg] run data modify entity @s {} merge value {transformation:[-0.9306636529029637f,0.1764111288913915f,-0.32053748418644706f,-0.1281497077369942f,0.18687625586231124f,0.9823815821999647f,-0.0019214445549278203f,0.8443636806224811f,0.31455115666644107f,-0.06168906351662765f,-0.9472338830944792f,-0.9227625191460139f,0f,0f,0f,1f],start_interpolation:0}