execute if entity @s[tag=aj.red_knight.bone.head] run data modify entity @s {} merge value {transformation:[-0.985162080994228f,0.15530555399967005f,0.07304696481016498f,-0.007970735311860103f,0.1665793109469378f,0.9677194679996213f,0.18913054861384382f,1.4900231705470304f,-0.0413159452943454f,0.1984923579168369f,-0.9792312170846316f,-0.5666487128141271f,0f,0f,0f,1f],start_interpolation:0}
execute if entity @s[tag=aj.red_knight.bone.body] run data modify entity @s {} merge value {transformation:[-0.8808546814883824f,-0.013519715817969189f,-0.47319366794601286f,0.6550464464267948f,0.021828767693379256f,0.9973687778004101f,-0.06913049956354114f,0.5169874076721193f,0.4728832149706613f,-0.07122315882574738f,-0.8782418383599666f,-0.27796864182589387f,0f,0f,0f,1f],start_interpolation:0}
execute if entity @s[tag=aj.red_knight.bone.left_hand] run data modify entity @s {} merge value {transformation:[-0.8535593538632851f,-0.39703810148403645f,-0.3373383693006818f,0.3858896679486794f,-0.24592625947181498f,0.877859010626748f,-0.41095478140986375f,1.138702574442831f,0.45930023332749653f,-0.2678139343487924f,-0.8469468650593895f,-0.8438759104289232f,0f,0f,0f,1f],start_interpolation:0}
execute if entity @s[tag=aj.red_knight.bone.left_arm] run data modify entity @s {} merge value {transformation:[-0.8535593538632851f,-0.11799732686025476f,-0.5074574467739392f,0.29566804368839444f,-0.24592625947181498f,0.9499257594050022f,0.1927727328255517f,1.4201839830399057f,0.45930023332749653f,0.2893400809992701f,-0.8398366586382395f,-0.7247508705336827f,0f,0f,0f,1f],start_interpolation:0}
execute if entity @s[tag=aj.red_knight.bone.weapon] run data modify entity @s {} merge value {transformation:[0.29769325058384527f,1.4696982803474623f,-0.7274224845839672f,-0.6564069264545224f,1.5950252534650005f,-0.4312104593524565f,-0.2184714130767061f,1.7782674005613903f,-0.3808555462948039f,-0.6571318606387391f,-1.483544589275204f,-0.07130522348182355f,0f,0f,0f,1f],start_interpolation:0}
execute if entity @s[tag=aj.red_knight.bone.right_hand] run data modify entity @s {} merge value {transformation:[0.2056440888036573f,0.31046829505557577f,-0.9280732441490795f,-0.5593855842496549f,0.8468073356678409f,-0.5318107323045864f,0.009730429835937526f,1.612076546716207f,-0.49053832164189404f,-0.787900236559771f,-0.3722705632061317f,-0.317524047406752f,0f,0f,0f,1f],start_interpolation:0}
execute if entity @s[tag=aj.red_knight.bone.right_arm] run data modify entity @s {} merge value {transformation:[0.2056440888036573f,0.8630798112853488f,-0.46130656627860794f,-0.30252589877321195f,0.8468073356678409f,-0.39321492272698416f,-0.35818900151169425f,1.4362714248847843f,-0.49053832164189404f,-0.31697833348110405f,-0.8117246399514405f,-0.3859211315169786f,0f,0f,0f,1f],start_interpolation:0}
execute if entity @s[tag=aj.red_knight.bone.waist] run data modify entity @s {} merge value {transformation:[-0.9991567500201918f,0.0076653931899292324f,-0.040336467821708084f,-0.21892485437269482f,0.011536098247242386f,0.995254379319811f,-0.09662110991893916f,0.7603352581752539f,0.03940440744787157f,-0.09700495962568892f,-0.9945035598134884f,-0.5029046069597534f,0f,0f,0f,1f],start_interpolation:0}
execute if entity @s[tag=aj.red_knight.bone.left_foot] run data modify entity @s {} merge value {transformation:[-0.9986027183977587f,-0.025621530794171107f,-0.04621848080984501f,0.1478725063850235f,-0.048854066323013076f,0.7810320494247273f,0.6225770779390427f,0.27025143102641164f,0.020146737014050422f,0.6239651231688945f,-0.7811924436760209f,-0.5449388767987058f,0f,0f,0f,1f],start_interpolation:0}
execute if entity @s[tag=aj.red_knight.bone.left_leg] run data modify entity @s {} merge value {transformation:[-0.9986027183977587f,-0.03924229755017719f,-0.035392836727084015f,0.12339453559591038f,-0.048854066323013076f,0.9408819804902653f,0.3351930473509594f,0.7689011643946696f,0.020146737014050422f,0.3364537722655213f,-0.9414844492162298f,-0.5490438107582821f,0f,0f,0f,1f],start_interpolation:0}
execute if entity @s[tag=aj.red_knight.bone.right_foot] run data modify entity @s {} merge value {transformation:[-0.9326886400189276f,0.27594544005416644f,-0.2322628142707215f,-0.17739050891929392f,0.28760125041801066f,0.9575955198860501f,-0.017214559307813404f,0.46523254755084187f,0.21766355123823555f,-0.08285489971919541f,-0.9725007167374644f,-0.14843385904128426f,0f,0f,0f,1f],start_interpolation:0}
execute if entity @s[tag=aj.red_knight.bone.right_leg] run data modify entity @s {} merge value {transformation:[-0.9829391380428506f,0.14855651636649775f,-0.10845096748590247f,-0.1263946519091376f,0.1832765551873144f,0.8407692149581389f,-0.5094279453439378f,0.7717851889564802f,0.015503393894534851f,-0.5206131852188584f,-0.8536518940141969f,-0.5391927088963142f,0f,0f,0f,1f],start_interpolation:0}