execute if entity @s[tag=aj.red_knight.bone.head] run data modify entity @s {} merge value {transformation:[-0.9875459561953455f,0.02468938664707182f,0.15538152589420773f,0.005548591334271368f,0.033431554752714164f,0.9979863733001575f,0.053902967024227415f,1.5952802003166764f,-0.15373781431071937f,0.05842630310219929f,-0.9863828118721314f,-0.10017169784172368f,0f,0f,0f,1f],start_interpolation:0}
execute if entity @s[tag=aj.red_knight.bone.body] run data modify entity @s {} merge value {transformation:[-0.817249556167559f,0.007586184903226747f,0.5762339913112917f,0.09293114022894208f,-0.0021003241948578475f,0.9998675006671197f,-0.016142172962890347f,0.6044683130973414f,-0.5762800982006964f,-0.014402461883352726f,-0.8171253376988712f,0.592924728922641f,0f,0f,0f,1f],start_interpolation:0}
execute if entity @s[tag=aj.red_knight.bone.left_hand] run data modify entity @s {} merge value {transformation:[-0.7899441181331576f,-0.06374407366589499f,0.609856526815369f,0.4379359635024115f,-0.2617767993209113f,0.9344494260097617f,-0.2414066642976659f,1.2547587655007097f,-0.5544918372385f,-0.3503440641747817f,-0.7548495473492508f,0.12669342672380893f,0f,0f,0f,1f],start_interpolation:0}
execute if entity @s[tag=aj.red_knight.bone.left_arm] run data modify entity @s {} merge value {transformation:[-0.7899441181331576f,-0.3281934925077473f,0.5179549417684854f,0.2860039897104181f,-0.2617767993209113f,0.9443608077561948f,0.19913706865213818f,1.5335104679669638f,-0.5544918372385f,0.021718569235432195f,-0.8319057075091132f,0.09882473978247525f,0f,0f,0f,1f],start_interpolation:0}
execute if entity @s[tag=aj.red_knight.bone.weapon] run data modify entity @s {} merge value {transformation:[-0.4155761167107225f,0.14326432603536343f,1.6076534458281255f,-0.6304647434082877f,0.7670872076043874f,1.4781487710711427f,0.066567291430193f,1.0574775228067141f,-1.4200885482698313f,0.7565245014170273f,-0.43450773480615823f,-0.500207242936441f,0f,0f,0f,1f],start_interpolation:0}
execute if entity @s[tag=aj.red_knight.bone.right_hand] run data modify entity @s {} merge value {transformation:[-0.3539614759788287f,0.5871489154214745f,0.7279886157367262f,-0.4469807073390769f,0.4882160867819574f,0.7799095784965493f,-0.3916453778313323f,1.3011992660868859f,-0.7977194532730171f,0.2167883771993342f,-0.5627134913800076f,-0.4324608750616491f,0f,0f,0f,1f],start_interpolation:0}
execute if entity @s[tag=aj.red_knight.bone.right_arm] run data modify entity @s {} merge value {transformation:[-0.3539614759788287f,0.447998012228424f,0.8209805445698879f,-0.28485873626901764f,0.4882160867819574f,0.837225458792098f,-0.24637082570319344f,1.532318716535544f,-0.7977194532730171f,0.3136101276900059f,-0.5150653955373597f,-0.2846002443289587f,0f,0f,0f,1f],start_interpolation:0}
execute if entity @s[tag=aj.red_knight.bone.waist] run data modify entity @s {} merge value {transformation:[-0.807586026088608f,0.01291561231607423f,0.5896083423976557f,-0.17726486253419896f,0.001748222753919471f,0.9998081983956268f,-0.019506669067104382f,0.8613914144276248f,-0.5897471951468807f,-0.01472254663404808f,-0.8074537091604665f,-0.21856707956490937f,0f,0f,0f,1f],start_interpolation:0}
execute if entity @s[tag=aj.red_knight.bone.left_foot] run data modify entity @s {} merge value {transformation:[-0.8508809697060927f,-0.12856156512086048f,0.5093854133813552f,0.05036099354232905f,-0.17104643343254022f,0.9845593712103977f,-0.03722851288721962f,0.4563527725403161f,-0.49673402641859243f,-0.11880559134763416f,-0.8597328296991525f,0.22065356465624558f,0f,0f,0f,1f],start_interpolation:0}
execute if entity @s[tag=aj.red_knight.bone.left_leg] run data modify entity @s {} merge value {transformation:[-0.8508809697060927f,-0.04554067999104543f,0.5233809528994846f,0.11896990107612541f,-0.17104643343254022f,0.9659695794748093f,-0.19402548579830337f,0.8758028825475496f,-0.49673402641859243f,-0.25461503882373726f,-0.8297147033786733f,-0.04130444943559071f,0f,0f,0f,1f],start_interpolation:0}
execute if entity @s[tag=aj.red_knight.bone.right_foot] run data modify entity @s {} merge value {transformation:[-0.8116843616246842f,0.15195026005599965f,0.5639854746027092f,-0.2693341854053769f,0.1761586251617203f,0.9842926850361845f,-0.011664002974593288f,0.4285215063397289f,-0.5568991254033908f,0.08988341700877238f,-0.8257023286098722f,-0.07013265663208888f,0f,0f,0f,1f],start_interpolation:0}
execute if entity @s[tag=aj.red_knight.bone.right_leg] run data modify entity @s {} merge value {transformation:[-0.7926001307509426f,0.18458848961051874f,0.5811300390075326f,-0.08292660544602658f,0.17528621996348895f,0.9818228662346011f,-0.07279148597043571f,0.8762399382360295f,-0.5840032310051891f,0.04416954654714251f,-0.8105487507444075f,-0.18874124822231086f,0f,0f,0f,1f],start_interpolation:0}