execute if entity @s[tag=aj.red_knight.bone.head] run data modify entity @s {} merge value {transformation:[-1f,-6.473461838540132e-17f,1.0395685166988771e-16f,7.627144539913023e-17f,0f,0.848872113512782f,0.5285982736448752f,1.1214300455786541f,-1.2246467991473532e-16f,0.5285982736448752f,-0.848872113512782f,-0.6228036153136837f,0f,0f,0f,1f],start_interpolation:0}
execute if entity @s[tag=aj.red_knight.bone.body] run data modify entity @s {} merge value {transformation:[-1f,-1.302454205501871e-17f,1.217701077065945e-16f,0.46875000000000006f,0f,0.9943283875103874f,0.10635345688313481f,0.07392492962669928f,-1.2246467991473532e-16f,0.10635345688313481f,-0.9943283875103874f,-0.23199287844162475f,0f,0f,0f,1f],start_interpolation:0}
execute if entity @s[tag=aj.red_knight.bone.left_hand] run data modify entity @s {} merge value {transformation:[-0.8528685297844202f,0.5220797392726382f,0.006929411546142489f,0.3500593743138093f,-0.49648499519615824f,-0.8068062885945961f,-0.32025967936860894f,1.2371770846772117f,-0.16161039709261427f,-0.27657975075053404f,0.9473044500192852f,-0.10465050867094622f,0f,0f,0f,1f],start_interpolation:0}
execute if entity @s[tag=aj.red_knight.bone.left_arm] run data modify entity @s {} merge value {transformation:[-0.8528685297844202f,0.15038370815269458f,0.5000000112256067f,0.3437500000000001f,-0.49648499519615824f,0.06282575479812111f,-0.8657687763364519f,1.2257798208518647f,-0.16161039709261427f,-0.9866294465787506f,0.021081145492501036f,-0.4230728605450942f,0f,0f,0f,1f],start_interpolation:0}
execute if entity @s[tag=aj.red_knight.bone.weapon] run data modify entity @s {} merge value {transformation:[-0.000008190791676818798f,-0.000010563606065918416f,-0.000009954844869149162f,-0.18695830884437853f,0.00001431548454074807f,-0.000007768234579256541f,-0.0000035354224164905414f,1.4932042922510083f,-0.00000239908562755414f,-0.000010287980179972764f,0.000012891067827993482f,-0.030459124907731977f,0f,0f,0f,1f],start_interpolation:0}
execute if entity @s[tag=aj.red_knight.bone.right_hand] run data modify entity @s {} merge value {transformation:[-0.8528685297844202f,-0.5219234095021781f,0.014533599587963492f,-0.3500593743138092f,0.49648499519615824f,-0.8192870642361492f,-0.28682983791855193f,1.2371770846772117f,0.16161039709261404f,-0.23741242804228593f,0.9578712954059299f,-0.10465050867094633f,0f,0f,0f,1f],start_interpolation:0}
execute if entity @s[tag=aj.red_knight.bone.right_arm] run data modify entity @s {} merge value {transformation:[-0.8528685297844202f,-0.15038370815269436f,-0.5000000112256067f,-0.3437499999999999f,0.49648499519615824f,0.06282575479812111f,-0.8657687763364519f,1.2257798208518647f,0.16161039709261404f,-0.9866294465787506f,0.021081145492500925f,-0.4230728605450943f,0f,0f,0f,1f],start_interpolation:0}
execute if entity @s[tag=aj.red_knight.bone.waist] run data modify entity @s {} merge value {transformation:[-1f,3.477067874182179e-18f,1.2241530878781832e-16f,-0.21874999999999992f,0f,0.9995968541545907f,-0.028392413850287686f,0.3906438974615036f,-1.2246467991473532e-16f,-0.028392413850287686f,-0.9995968541545907f,-0.6861691056007678f,0f,0f,0f,1f],start_interpolation:0}
execute if entity @s[tag=aj.red_knight.bone.left_foot] run data modify entity @s {} merge value {transformation:[-0.9605622539527031f,-0.15378798937024826f,-0.23166659363567962f,0.2296138661082514f,-0.2319386170132689f,-0.016422257382132224f,0.9725917886762393f,-0.0279903076625711f,-0.15337742408605928f,0.9879673900427739f,-0.019894773001814373f,-0.4930886283142166f,0f,0f,0f,1f],start_interpolation:0}
execute if entity @s[tag=aj.red_knight.bone.left_leg] run data modify entity @s {} merge value {transformation:[-0.9747237821275743f,-0.22341247389669383f,0.0006442532702482102f,0.12500000000000008f,-0.2219194733352508f,0.9678690110275068f,-0.11824265240276419f,0.4053753353748476f,0.025793330717882014f,-0.11539689770524642f,-0.992984521576486f,-0.7178501387595094f,0f,0f,0f,1f],start_interpolation:0}
execute if entity @s[tag=aj.red_knight.bone.right_foot] run data modify entity @s {} merge value {transformation:[-0.9631032665204846f,0.20577723412140728f,0.1734584328734586f,-0.20639756588580466f,0.18411838372360773f,0.03368780769770249f,0.9823266016898499f,-0.03333369158312699f,0.19629701676943276f,0.9780188451813523f,-0.07033220938911892f,-0.4938492368451348f,0f,0f,0f,1f],start_interpolation:0}
execute if entity @s[tag=aj.red_knight.bone.right_leg] run data modify entity @s {} merge value {transformation:[-0.9848077560158668f,0.17364816063232588f,-5.475257026390305e-8f,-0.12499999999999992f,0.1724879393859804f,0.978227777301102f,-0.11540505397478976f,0.4053753353748476f,-0.02003982178991142f,-0.1136518016819607f,-0.9933185156419229f,-0.7178501387595094f,0f,0f,0f,1f],start_interpolation:0}
execute if entity @s[tag=aj.red_knight.bone.weapon_ground] run data modify entity @s {} merge value {transformation:[1.6666666666666667f,2.2112027495480826e-16f,1.855419411603985e-16f,-2.678914873134835e-17f,-2.041077998578922e-16f,0.14525957124609654f,1.660324496819576f,0.375f,2.041077998578922e-16f,-1.660324496819576f,0.14525957124609654f,0.21875f,0f,0f,0f,1f],start_interpolation:0}