execute if entity @s[tag=aj.red_knight.bone.head] run data modify entity @s {} merge value {transformation:[-1f,-7.818606114330375e-17f,9.425782550809323e-17f,6.916277488288385e-17f,0f,0.7696735546421971f,0.6384376393074307f,1.1563346145635527f,-1.2246467991473532e-16f,0.6384376393074307f,-0.7696735546421971f,-0.5647569154717724f,0f,0f,0f,1f],start_interpolation:0}
execute if entity @s[tag=aj.red_knight.bone.body] run data modify entity @s {} merge value {transformation:[-1f,-2.4584891524771982e-17f,1.1997158386607128e-16f,0.46875000000000006f,0f,0.9796423258493809f,0.20075087398169772f,0.07631685172332281f,-1.2246467991473532e-16f,0.20075087398169772f,-0.9796423258493809f,-0.2756866265287796f,0f,0f,0f,1f],start_interpolation:0}
execute if entity @s[tag=aj.red_knight.bone.left_hand] run data modify entity @s {} merge value {transformation:[-0.8354146655853376f,0.5356467510620372f,-0.12314582657005707f,0.34298869156515316f,-0.5080348971323049f,-0.8380673708054877f,-0.19885579017706867f,1.2335960725397146f,-0.20972095703745725f,-0.1035646661166922f,0.9722610143945052f,-0.03498296047128413f,0f,0f,0f,1f],start_interpolation:0}
execute if entity @s[tag=aj.red_knight.bone.left_arm] run data modify entity @s {} merge value {transformation:[-0.8354146655853376f,0.16951912010857773f,0.5228246402404463f,0.3437500000000001f,-0.5080348971323049f,0.12480045231676992f,-0.8522472589555795f,1.2408440328179362f,-0.20972095703745725f,-0.9775930211591857f,-0.01813849939079301f,-0.3535883393983707f,0f,0f,0f,1f],start_interpolation:0}
execute if entity @s[tag=aj.red_knight.bone.weapon] run data modify entity @s {} merge value {transformation:[-0.000003445580993139992f,-0.00000895248014971108f,-0.000013629337788994714f,-0.1802542288165737f,0.000014274987748254978f,-0.00000838958762548699f,0.0000019019258763746867f,1.4897832376247138f,-0.00000788228863875591f,-0.000011280323418283823f,0.000009402212886976916f,0.0021191536188175097f,0f,0f,0f,1f],start_interpolation:0}
execute if entity @s[tag=aj.red_knight.bone.right_hand] run data modify entity @s {} merge value {transformation:[-0.8448294398351697f,-0.520516250970542f,0.12379842512473646f,-0.34291555724486805f,0.48863774869457166f,-0.8448777214341271f,-0.21774936595769445f,1.225758949676549f,0.2179366149560324f,-0.12346849112161767f,0.9681214611615924f,-0.03646474985668802f,0f,0f,0f,1f],start_interpolation:0}
execute if entity @s[tag=aj.red_knight.bone.right_arm] run data modify entity @s {} merge value {transformation:[-0.8448294398351697f,-0.17163610478345587f,-0.5067585866293297f,-0.3437499999999999f,0.48863774869457166f,0.1382894992985551f,-0.86145758162225f,1.2384345589139367f,0.2179366149560324f,-0.9754061010258841f,-0.03296316039139094f,-0.35490019486202884f,0f,0f,0f,1f],start_interpolation:0}
execute if entity @s[tag=aj.red_knight.bone.waist] run data modify entity @s {} merge value {transformation:[-1f,5.341834311772723e-18f,1.223481206754078e-16f,-0.21874999999999992f,0f,0.9990482215818578f,-0.043619387365336f,0.43478726167217385f,-1.2246467991473532e-16f,-0.043619387365336f,-0.9990482215818578f,-0.6854553412172499f,0f,0f,0f,1f],start_interpolation:0}
execute if entity @s[tag=aj.red_knight.bone.left_foot] run data modify entity @s {} merge value {transformation:[-0.9639837785365702f,-0.16323166940975267f,-0.20997784840325903f,0.22567397454976784f,-0.22195126555214734f,0.05874343712716336f,0.9732866198167358f,0.01513194236783888f,-0.14653637923108717f,0.9848373625610434f,-0.09285719608975267f,-0.49183312428460524f,0f,0f,0f,1f],start_interpolation:0}
execute if entity @s[tag=aj.red_knight.bone.left_leg] run data modify entity @s {} merge value {transformation:[-0.9769444679148583f,-0.21346379998373266f,-0.003565488333923424f,0.12500000000000008f,-0.21148497280971795f,0.9699036480291585f,-0.12066905077692094f,0.44903428427922365f,0.02921665426134927f,-0.11713291440169689f,-0.9926863892879451f,-0.7173571510692662f,0f,0f,0f,1f],start_interpolation:0}
execute if entity @s[tag=aj.red_knight.bone.right_foot] run data modify entity @s {} merge value {transformation:[-0.9589269597823917f,0.23129527707808578f,0.16419981913470819f,-0.20258344752612245f,0.21053271650121033f,0.19242140236338795f,0.9584622993081822f,0.04188516721850166f,0.19009224362167007f,0.9536647727130735f,-0.23321329336253743f,-0.4390084789480654f,0f,0f,0f,1f],start_interpolation:0}
execute if entity @s[tag=aj.red_knight.bone.right_leg] run data modify entity @s {} merge value {transformation:[-0.9848077560158668f,0.17257596083139473f,-0.019267107569999893f,-0.12499999999999992f,0.17216258185989508f,0.9558714031245716f,-0.23805441835008545f,0.44903428427922365f,-0.022665592829836947f,-0.23775491252923356f,-0.9710606945345325f,-0.7173571510692663f,0f,0f,0f,1f],start_interpolation:0}