execute if entity @s[tag=aj.red_knight.bone.head] run data modify entity @s {} merge value {transformation:[-0.9848930890010817f,0.08982468715053153f,0.1480443474645898f,0.006196264164243525f,0.11408659395836303f,0.9797527848576413f,0.16452577197106805f,1.5454139846488921f,-0.13026838571536328f,0.1789301711338963f,-0.9751995393462345f,-0.2681589884818646f,0f,0f,0f,1f],start_interpolation:0}
execute if entity @s[tag=aj.red_knight.bone.body] run data modify entity @s {} merge value {transformation:[-0.9791825264705734f,0.007566559664056125f,0.20284064442205607f,0.3562011915722406f,-0.0006014937817486465f,0.9991924186009508f,-0.040176470920339276f,0.5665917517183056f,-0.20298083175495965f,-0.03946210568675509f,-0.9783872056373347f,0.3556439849086952f,0f,0f,0f,1f],start_interpolation:0}
execute if entity @s[tag=aj.red_knight.bone.left_hand] run data modify entity @s {} merge value {transformation:[-0.9453736798091137f,-0.18058516165030647f,0.2713993458280765f,0.4927445817146871f,-0.26278463438809235f,0.9148266988791708f,-0.30665346394155635f,1.2041822414443613f,-0.19290630226535335f,-0.3612216914992391f,-0.9123080883872162f,-0.2290735789307374f,0f,0f,0f,1f],start_interpolation:0}
execute if entity @s[tag=aj.red_knight.bone.left_arm] run data modify entity @s {} merge value {transformation:[-0.9453736798091137f,-0.2922924130147771f,0.14433901350007272f,0.34231734765949967f,-0.26278463438809235f,0.94532166457185f,0.19316103753247774f,1.4831712219738087f,-0.19290630226535335f,0.14467928595727028f,-0.9704921755280682f,-0.19591794596067502f,0f,0f,0f,1f],start_interpolation:0}
execute if entity @s[tag=aj.red_knight.bone.weapon] run data modify entity @s {} merge value {transformation:[-0.5409258088847767f,1.4142785562541602f,0.6964145406148381f,-0.9104768397072833f,0.994756897084322f,0.8773980207854642f,-1.0091626264397129f,1.3220443546832832f,-1.2229618811570944f,0.08812863450193952f,-1.128882349403738f,-0.3116900354333605f,0f,0f,0f,1f],start_interpolation:0}
execute if entity @s[tag=aj.red_knight.bone.right_hand] run data modify entity @s {} merge value {transformation:[-0.3396039054529549f,0.9256558682748127f,-0.16682446142428486f,-0.6212093808714043f,0.7999177005971707f,0.1909401609856383f,-0.5689231294244537f,1.381713154991295f,-0.49477354382832095f,-0.32665435624093686f,-0.8052925380732048f,-0.4137695217586532f,0f,0f,0f,1f],start_interpolation:0}
execute if entity @s[tag=aj.red_knight.bone.right_arm] run data modify entity @s {} merge value {transformation:[-0.3396039054529549f,0.8510211597519377f,0.4005398520192055f,-0.3340400243581142f,0.7999177005971707f,0.4853348916896471f,-0.3529613508302766f,1.4833854523569867f,-0.49477354382832095f,0.20053186420882146f,-0.8455685139386988f,-0.32017996770412643f,0f,0f,0f,1f],start_interpolation:0}
execute if entity @s[tag=aj.red_knight.bone.waist] run data modify entity @s {} merge value {transformation:[-0.9312257863110935f,0.023474629987334683f,0.3636859588384507f,-0.204806014036208f,0.005375710151145534f,0.9986995683727665f,-0.05069786851950127f,0.8128618943280895f,-0.3644031238198383f,-0.04525609217561205f,-0.9301409836531966f,-0.3182584706815247f,0f,0f,0f,1f],start_interpolation:0}
execute if entity @s[tag=aj.red_knight.bone.left_foot] run data modify entity @s {} merge value {transformation:[-0.9836283582574523f,-0.13900901106017077f,0.11468106938733336f,0.13541035901298415f,-0.14192235682670393f,0.9897212712317554f,-0.01760255390991944f,0.48268929965588303f,-0.11105538016909747f,-0.0335901788544094f,-0.9932463956239792f,0.14054537554100952f,0f,0f,0f,1f],start_interpolation:0}
execute if entity @s[tag=aj.red_knight.bone.left_leg] run data modify entity @s {} merge value {transformation:[-0.9836283582574523f,-0.0775186349930572f,0.16268409283197363f,0.12703482731548407f,-0.14192235682670393f,0.8895529343775451f,-0.4342276149360522f,0.8250343663282234f,-0.11105538016909747f,-0.4502071058625262f,-0.8859911198010878f,-0.22276892904786164f,0f,0f,0f,1f],start_interpolation:0}
execute if entity @s[tag=aj.red_knight.bone.right_foot] run data modify entity @s {} merge value {transformation:[-0.9451468638048821f,0.19900365089295802f,0.25902693445097447f,-0.27917664653789853f,0.20014236325549228f,0.97951418406414f,-0.022248542596505494f,0.41944560618268445f,-0.25814809755313384f,0.030814122548527056f,-0.9656138201068076f,-0.08234419880509067f,0f,0f,0f,1f],start_interpolation:0}
execute if entity @s[tag=aj.red_knight.bone.right_leg] run data modify entity @s {} merge value {transformation:[-0.9119770409135299f,0.25092922997465616f,0.3245495314908463f,-0.10577161926228928f,0.17844880039598346f,0.9549974522230202f,-0.23693014135979928f,0.8263782938660097f,-0.369396673623134f,-0.15815937465691413f,-0.9157137706315757f,-0.3138697100028212f,0f,0f,0f,1f],start_interpolation:0}