execute if entity @s[tag=aj.red_knight.bone.head] run data modify entity @s {} merge value {transformation:[-0.9897151476021879f,0.10883145039039203f,-0.09284202718975426f,-0.02299794568756614f,0.10072311483946943f,0.9910182534765485f,0.08796405750831761f,1.56432542676618f,0.10158139959566653f,0.07770802199396917f,-0.991787619691822f,-0.9005366263889205f,0f,0f,0f,1f],start_interpolation:0}
execute if entity @s[tag=aj.red_knight.bone.body] run data modify entity @s {} merge value {transformation:[-0.6295117003550624f,-0.034573355909328085f,-0.7762214259972763f,0.6947697327618355f,0.04389462204999865f,0.9958316830008428f,-0.07995324437943116f,0.5878947618691157f,0.7757501410062171f,-0.08440344893946097f,-0.625370111642664f,-0.8670810002247918f,0f,0f,0f,1f],start_interpolation:0}
execute if entity @s[tag=aj.red_knight.bone.left_hand] run data modify entity @s {} merge value {transformation:[-0.6141250520207474f,-0.4901389800618776f,-0.6185581627498069f,0.23186080760720776f,-0.22680671649593706f,0.8603163364841588f,-0.4565243854722416f,1.2023310393050095f,0.7559160891480255f,-0.14006991612183697f,-0.6395086275921348f,-1.3005248232709548f,0f,0f,0f,1f],start_interpolation:0}
execute if entity @s[tag=aj.red_knight.bone.left_arm] run data modify entity @s {} merge value {transformation:[-0.6141250520207474f,0.006654541433307265f,-0.7891806748513465f,0.19555753605381956f,-0.22680671649593706f,0.9562929623197645f,0.18456024374177027f,1.48699717024894f,0.7559160891480255f,0.29233454687395805f,-0.5857741705394253f,-1.1619255218010913f,0f,0f,0f,1f],start_interpolation:0}
execute if entity @s[tag=aj.red_knight.bone.weapon] run data modify entity @s {} merge value {transformation:[1.3904984063820356f,0.8751969130576983f,-0.2798612566988742f,-0.42007315222951935f,0.6208438048113044f,-0.5206582295116385f,1.4564497093435824f,2.0304925709076938f,0.6773809339317287f,-1.3193646763476186f,-0.7604010119204854f,-0.3534640989373416f,0f,0f,0f,1f],start_interpolation:0}
execute if entity @s[tag=aj.red_knight.bone.right_hand] run data modify entity @s {} merge value {transformation:[0.2528869643648472f,0.11400946934313555f,-0.9607549240854449f,-0.3844451930597895f,0.6082407971321822f,-0.7909841564813087f,0.06623591850015959f,1.7833100220072848f,-0.7523904012933309f,-0.6011205412358228f,-0.2693747927071337f,-0.5413142680735362f,0f,0f,0f,1f],start_interpolation:0}
execute if entity @s[tag=aj.red_knight.bone.right_arm] run data modify entity @s {} merge value {transformation:[0.2528869643648472f,0.5604714565552449f,-0.7886190015724797f,-0.22510329815907842f,0.6082407971321822f,-0.725987135471298f,-0.32091402561151244f,1.5184239923517429f,-0.7523904012933309f,-0.3985152763910321f,-0.5244942883622653f,-0.6188258918649006f,0f,0f,0f,1f],start_interpolation:0}
execute if entity @s[tag=aj.red_knight.bone.waist] run data modify entity @s {} merge value {transformation:[-0.9560596173931531f,-0.022233571907779057f,-0.2923280285403355f,-0.20809584262157502f,0.014488504227731168f,0.9923185696790194f,-0.12285739503761324f,0.8365651416318265f,0.29281408988520446f,-0.12169438997097094f,-0.9483935808588608f,-0.770421064736294f,0f,0f,0f,1f],start_interpolation:0}
execute if entity @s[tag=aj.red_knight.bone.left_foot] run data modify entity @s {} merge value {transformation:[-0.9647854989668686f,-0.10906975168332489f,-0.23935899868396038f,0.22210944741941904f,-0.15122299958021812f,0.9745542230867352f,0.16545594779811124f,0.3909935401038574f,0.21522208386039668f,0.1958260849109429f,-0.9567296374040268f,-0.7226122278732237f,0f,0f,0f,1f],start_interpolation:0}
execute if entity @s[tag=aj.red_knight.bone.left_leg] run data modify entity @s {} merge value {transformation:[-0.9647854989668686f,-0.16047054886688128f,-0.20841819481420562f,0.11106700040437686f,-0.15122299958021812f,0.9866965788649882f,-0.05967801650599254f,0.8432504023598532f,0.21522208386039668f,-0.02605886034518859f,-0.9762173889130936f,-0.9026146823794688f,0f,0f,0f,1f],start_interpolation:0}
execute if entity @s[tag=aj.red_knight.bone.right_foot] run data modify entity @s {} merge value {transformation:[-0.8634736441920242f,0.25856723263129167f,-0.4330776512302861f,-0.13413594464937903f,0.21507857402019762f,0.965385421710466f,0.14755403941046136f,0.4306513459605275f,0.4562394906002594f,0.03426330045837811f,-0.889197139816877f,-0.5537497488402754f,0f,0f,0f,1f],start_interpolation:0}
execute if entity @s[tag=aj.red_knight.bone.right_leg] run data modify entity @s {} merge value {transformation:[-0.948282373986259f,0.12082940327381435f,-0.2935315902785914f,-0.12794790394391145f,0.1849552511365093f,0.9618509737202351f,-0.20157941221877396f,0.846872528416786f,0.25797692583643156f,-0.24544441256204946f,-0.9344543574076022f,-0.8294111599081677f,0f,0f,0f,1f],start_interpolation:0}