execute if entity @s[tag=aj.red_knight.bone.head] run data modify entity @s {} merge value {transformation:[-0.999997491384057f,0.0011952804643663776f,-0.0018943416282010404f,0.0003583131196576472f,0.00006327504885241188f,0.8604565876166873f,0.5095237549156219f,1.2848705413291923f,0.002239022523563351f,0.5095223568516479f,-0.8604545046930031f,-0.5473907035013117f,0f,0f,0f,1f],start_interpolation:0}
execute if entity @s[tag=aj.red_knight.bone.body] run data modify entity @s {} merge value {transformation:[-0.999997491384057f,0.0005733009914521003f,-0.0021653063446153086f,0.46961648938678996f,0.00006327504885241188f,0.9735351027920512f,0.22853752345717443f,0.1970370166294042f,0.002239022523563351f,0.2285368131344348f,-0.9735326968420196f,-0.2902107100226571f,0f,0f,0f,1f],start_interpolation:0}
execute if entity @s[tag=aj.red_knight.bone.left_hand] run data modify entity @s {} merge value {transformation:[-0.7388523912505414f,0.6571140324054437f,-0.14932612751697036f,0.3460393188961618f,-0.632937809950694f,-0.7527746206872814f,-0.18088697903370418f,1.3422711504308267f,-0.23127229120276466f,-0.03913462488612965f,0.972101645126088f,-0.0053659649586897396f,0f,0f,0f,1f],start_interpolation:0}
execute if entity @s[tag=aj.red_knight.bone.left_arm] run data modify entity @s {} merge value {transformation:[-0.7388523912505414f,0.14321384750238747f,0.6584731868701413f,0.344615371787499f,-0.632937809950694f,0.187873871545141f,-0.7510613404545997f,1.361423122166765f,-0.23127229120276466f,-0.9716960441795592f,-0.04816560025185075f,-0.3234754969649748f,0f,0f,0f,1f],start_interpolation:0}
execute if entity @s[tag=aj.red_knight.bone.weapon] run data modify entity @s {} merge value {transformation:[-0.0000016777374484014857f,-0.000009152444231799376f,-0.000013827354751210058f,-0.1650999263076433f,0.000013854273318216138f,-0.000008410479596312138f,0.000003885964688717518f,1.5498496131901327f,-0.000009111645606375031f,-0.000011102899410586283f,0.000008454662429689724f,0.022569025036146072f,0f,0f,0f,1f],start_interpolation:0}
execute if entity @s[tag=aj.red_knight.bone.right_hand] run data modify entity @s {} merge value {transformation:[-0.8026488008347913f,-0.5736209533679467f,0.1634438875446843f,-0.34435647423512666f,0.5263927615891898f,-0.8101124360105358f,-0.258124972770132f,1.2966894769368402f,0.28047381885833467f,-0.1211480205299403f,0.9521856930539853f,-0.01528973137946027f,0f,0f,0f,1f],start_interpolation:0}
execute if entity @s[tag=aj.red_knight.bone.right_arm] run data modify entity @s {} merge value {transformation:[-0.8026488008347913f,-0.1558738271946573f,-0.5757241114580505f,-0.3429014951812826f,0.5263927615891898f,0.2687735843297454f,-0.8066420649290782f,1.3477816744405613f,0.28047381885833467f,-0.95050729106211f,-0.13367994080186701f,-0.3298528735150155f,0f,0f,0f,1f],start_interpolation:0}
execute if entity @s[tag=aj.red_knight.bone.waist] run data modify entity @s {} merge value {transformation:[-1f,5.341834311772723e-18f,1.223481206754078e-16f,-0.21874999999999992f,0f,0.9990482215818578f,-0.043619387365336f,0.5671402028486445f,-1.2246467991473532e-16f,-0.043619387365336f,-0.9990482215818578f,-0.6854553412172499f,0f,0f,0f,1f],start_interpolation:0}
execute if entity @s[tag=aj.red_knight.bone.left_foot] run data modify entity @s {} merge value {transformation:[-0.9689243439646538f,-0.2061567859179148f,-0.136693069658488f,0.22218459620828612f,-0.1975559587008947f,0.31240470645008006f,0.9291797148935237f,0.1346640423905308f,-0.14885314526215299f,0.9273093761026223f,-0.34342402673332284f,-0.5167053878152125f,0f,0f,0f,1f],start_interpolation:0}
execute if entity @s[tag=aj.red_knight.bone.left_leg] run data modify entity @s {} merge value {transformation:[-0.97984145356413f,-0.19823014599461516f,-0.024809979771986627f,0.12500000000000008f,-0.19615441867312144f,0.9781692435923574f,-0.06861759923638688f,0.5813872254556943f,0.03787043586153481f,-0.06236778101639631f,-0.9973344925243227f,-0.7173571510692662f,0f,0f,0f,1f],start_interpolation:0}
execute if entity @s[tag=aj.red_knight.bone.right_foot] run data modify entity @s {} merge value {transformation:[-0.9402828313120751f,0.3403403368080716f,-0.006054112743935011f,-0.17229624988542486f,0.31051512164243256f,0.8648978674357839f,0.3943755039761203f,0.37006746559028547f,0.13945808105353097f,0.36894462192367294f,-0.9189294366720795f,-0.2674965037992462f,0f,0f,0f,1f],start_interpolation:0}
execute if entity @s[tag=aj.red_knight.bone.right_leg] run data modify entity @s {} merge value {transformation:[-0.9848077560158668f,0.13904121030904787f,-0.10402511969129462f,-0.12499999999999992f,0.17216258185989516f,0.7036034362586348f,-0.6894216778520795f,0.5813872254556943f,-0.022665592829836954f,-0.6968570486985382f,-0.7168518149386494f,-0.7173571510692663f,0f,0f,0f,1f],start_interpolation:0}