execute if entity @s[tag=aj.red_knight.bone.head] run data modify entity @s {} merge value {transformation:[-0.9830120925143634f,0.15368417291988162f,0.10034142197748924f,-0.003167456901096418f,0.171496917616221f,0.9638694227245186f,0.20382478550176017f,1.485202854575031f,-0.06539138489638963f,0.2175704734807445f,-0.9738516600851983f,-0.4667693774238184f,0f,0f,0f,1f],start_interpolation:0}
execute if entity @s[tag=aj.red_knight.bone.body] run data modify entity @s {} merge value {transformation:[-0.9488240202383862f,-0.006615273179097308f,-0.3157359922141161f,0.6060770718718024f,0.014096974176549891f,0.9978968211029409f,-0.06327092343020624f,0.5123335385419356f,0.31549049738103385f,-0.06448389406209312f,-0.9467352182468214f,-0.07680404488567422f,0f,0f,0f,1f],start_interpolation:0}
execute if entity @s[tag=aj.red_knight.bone.left_hand] run data modify entity @s {} merge value {transformation:[-0.9177067019047492f,-0.34614839747897214f,-0.19492484757425638f,0.43422136439809583f,-0.2522368038571387f,0.886799497084173f,-0.387250883473741f,1.1374464523848309f,0.30690552953481126f,-0.3062155105379169f,-0.9011332071602731f,-0.6740395901955145f,0f,0f,0f,1f],start_interpolation:0}
execute if entity @s[tag=aj.red_knight.bone.left_arm] run data modify entity @s {} merge value {transformation:[-0.9177067019047492f,-0.1710734108784213f,-0.3585363264294574f,0.32340425462954236f,-0.2522368038571387f,0.9481818119652754f,0.1932041568863942f,1.4179884683829083f,0.30690552953481126f,0.2677408066557466f,-0.913303813849634f,-0.571188992519668f,0f,0f,0f,1f],start_interpolation:0}
execute if entity @s[tag=aj.red_knight.bone.weapon] run data modify entity @s {} merge value {transformation:[-0.1389238862290583f,1.5318941169950904f,-0.6416995760701623f,-0.7562479745620345f,1.4999450347911043f,-0.16079338645592814f,-0.708581792918309f,1.6693954978184047f,-0.7131919967430274f,-0.636571817602417f,-1.3652513594916602f,-0.04752145100631622f,0f,0f,0f,1f],start_interpolation:0}
execute if entity @s[tag=aj.red_knight.bone.right_hand] run data modify entity @s {} merge value {transformation:[0.08657870376321408f,0.44168861471958626f,-0.8929811284018125f,-0.6182202824621639f,0.9091617599817893f,-0.4015272771946985f,-0.11045695928925048f,1.5439182236950615f,-0.40734386240803594f,-0.8023010739714266f,-0.43633010950746726f,-0.29824053662238703f,0f,0f,0f,1f],start_interpolation:0}
execute if entity @s[tag=aj.red_knight.bone.right_arm] run data modify entity @s {} merge value {transformation:[0.08657870376321408f,0.9588882145323593f,-0.27025454683617367f,-0.32397888440600253f,0.9091617599817893f,-0.18696597564261305f,-0.3721137166765305f,1.428668746307883f,-0.40734386240803594f,-0.21348797620229062f,-0.8879717685689974f,-0.3394965377851006f,0f,0f,0f,1f],start_interpolation:0}
execute if entity @s[tag=aj.red_knight.bone.waist] run data modify entity @s {} merge value {transformation:[-0.997921746450571f,0.015473421373429575f,0.06255206784785419f,-0.21902069866294188f,0.01008150422176408f,0.9962774621710888f,-0.08561297590062637f,0.7547548230092411f,-0.06364394106015761f,-0.0848044314934955f,-0.994362940362017f,-0.4311135710473186f,0f,0f,0f,1f],start_interpolation:0}
execute if entity @s[tag=aj.red_knight.bone.left_foot] run data modify entity @s {} merge value {transformation:[-0.998609481636886f,-0.052382644777301764f,-0.005929731110649539f,0.14769513850218693f,-0.04477128913760272f,0.7833244965301698f,0.6199986006473834f,0.26628482404601794f,-0.027832262823327243f,0.6194019629141414f,-0.7845805079685845f,-0.4115402051743394f,0f,0f,0f,1f],start_interpolation:0}
execute if entity @s[tag=aj.red_knight.bone.left_leg] run data modify entity @s {} merge value {transformation:[-0.998609481636886f,-0.050884437590012294f,0.013779593464893249f,0.1262114260086472f,-0.04477128913760272f,0.9566076291748835f,0.28791904326279966f,0.7641807357825383f,-0.027832262823327243f,0.28690175638283716f,-0.9575556105681677f,-0.4416348774362883f,0f,0f,0f,1f],start_interpolation:0}
execute if entity @s[tag=aj.red_knight.bone.right_foot] run data modify entity @s {} merge value {transformation:[-0.9598640246722648f,0.25254724678916834f,-0.12198746771358428f,-0.21682721321422246f,0.2573654225447666f,0.9659844329627522f,-0.025241128183660033f,0.42199028637996316f,0.11146341739923286f,-0.05562340705890906f,-0.9922106344767947f,-0.10870651907535889f,0f,0f,0f,1f],start_interpolation:0}
execute if entity @s[tag=aj.red_knight.bone.right_leg] run data modify entity @s {} merge value {transformation:[-0.9797701655255308f,0.20012079771818866f,-0.001445360408285197f,-0.12326901060399555f,0.18224702212303562f,0.8892316180656953f,-0.41958688296889257f,0.7667011118379794f,-0.08268280155727555f,-0.41136212240907793f,-0.9077140290717881f,-0.45754586270132774f,0f,0f,0f,1f],start_interpolation:0}