execute if entity @s[tag=aj.red_knight.bone.head] run data modify entity @s {} merge value {transformation:[-0.9881627417267475f,0.15139260204398144f,-0.024792658377629895f,0.027901681232363532f,0.14487268186070884f,0.9740674740216355f,0.17379430975609195f,1.559847598314203f,0.05046089489459182f,0.16814528271546386f,-0.9844698380280493f,-0.8906689970939743f,0f,0f,0f,1f],start_interpolation:0}
execute if entity @s[tag=aj.red_knight.bone.left_hand] run data modify entity @s {} merge value {transformation:[-0.4845955664930692f,-0.4487686909718877f,-0.7508487190763795f,0.21868191995271657f,-0.27885674047521064f,0.8928398007859033f,-0.35366086640188155f,1.2352500963990152f,0.8290995448236613f,0.037996738491176796f,-0.5578083834411516f,-1.3490956322807945f,0f,0f,0f,1f],start_interpolation:0}
execute if entity @s[tag=aj.red_knight.bone.left_arm] run data modify entity @s {} merge value {transformation:[-0.4845955664930692f,-0.012408246484300028f,-0.8746503143282156f,0.18451712002055598f,-0.27885674047521064f,0.9499217919214069f,0.14102307443948475f,1.5146721100947542f,0.8290995448236613f,0.31224129235578096f,-0.46378801204989045f,-1.1997015068681343f,0f,0f,0f,1f],start_interpolation:0}
execute if entity @s[tag=aj.red_knight.bone.weapon] run data modify entity @s {} merge value {transformation:[0.000016632232735520088f,-0.0000010166179712557733f,3.3630330029852657e-7f,0.03236493241714321f,-2.517687245068874e-7f,0.00000137498109584977f,0.000016607944402399527f,1.3934864028765475f,-0.0000010407807255287047f,-0.000016578712032735032f,0.0000013567831789907946f,0.028101498234408384f,0f,0f,0f,1f],start_interpolation:0}
execute if entity @s[tag=aj.red_knight.bone.left_foot] run data modify entity @s {} merge value {transformation:[-0.9710673645206535f,-0.13852317947580542f,-0.19452378340662108f,0.21804403326594374f,-0.15432761194415487f,0.9856410479319841f,0.06851797445309069f,0.41137233151135416f,0.18223929805211214f,0.09655595983394208f,-0.9785018062660995f,-0.7787938088521328f,0f,0f,0f,1f],start_interpolation:0}
execute if entity @s[tag=aj.red_knight.bone.left_leg] run data modify entity @s {} merge value {transformation:[-0.9710673645206535f,-0.17971544444919307f,-0.1572594435617182f,0.10677345181821417f,-0.15432761194415487f,0.9748069113539873f,-0.16104183856412532f,0.8406340052053267f,0.18223929805211214f,-0.13211299937147913f,-0.9743382336963611f,-1.0081861612240757f,0f,0f,0f,1f],start_interpolation:0}
execute if entity @s[tag=aj.red_knight.bone.right_foot] run data modify entity @s {} merge value {transformation:[-0.8414095261423726f,0.2315427018350386f,-0.48828064322047215f,-0.15759886343325652f,0.17141609060052002f,0.9712524659961115f,0.16518223627165982f,0.38249430764694087f,0.512490520107545f,0.055286748171714126f,-0.8569112219340435f,-0.7354739512595609f,0f,0f,0f,1f],start_interpolation:0}
execute if entity @s[tag=aj.red_knight.bone.right_leg] run data modify entity @s {} merge value {transformation:[-0.9306813432803702f,0.17967061236308948f,-0.318670218757445f,-0.1281497077369942f,0.18687170669160208f,0.9823509237183137f,0.008101105353197115f,0.8443636806224811f,0.31450151431752005f,-0.05201090003882064f,-0.9478310312334887f,-0.9227625191460139f,0f,0f,0f,1f],start_interpolation:0}