execute if entity @s[tag=aj.red_knight.bone.head] run data modify entity @s {} merge value {transformation:[-0.9997647413191706f,0.007951427962247376f,0.02018010922599639f,-0.010108345373052358f,0.012054970895322358f,0.9771499859285665f,0.21220881856443924f,1.5623568936773538f,-0.018031630312450753f,0.2124021652271072f,-0.9770159571445657f,-0.9386966444917312f,0f,0f,0f,1f],start_interpolation:0}
execute if entity @s[tag=aj.red_knight.bone.body] run data modify entity @s {} merge value {transformation:[-0.8915706530703668f,-0.016173352596883954f,0.45259274546711054f,0.1976923781170107f,-0.013313606189148798f,0.9998662077255805f,0.009503396166977485f,0.5639797407694481f,-0.4526858938313852f,0.002447307549763765f,-0.8916666934521199f,-0.2831140925819732f,0f,0f,0f,1f],start_interpolation:0}
execute if entity @s[tag=aj.red_knight.bone.left_hand] run data modify entity @s {} merge value {transformation:[-0.6857255263928366f,-0.34788810464492126f,0.6393390095245493f,0.530654610961327f,-0.5933822710218357f,0.7758837428004844f,-0.21424728258458886f,1.281281306945344f,-0.42151866256458437f,-0.5262872640530801f,-0.7384739215471916f,-0.7197784489924739f,0f,0f,0f,1f],start_interpolation:0}
execute if entity @s[tag=aj.red_knight.bone.left_arm] run data modify entity @s {} merge value {transformation:[-0.6857255263928366f,-0.5886846819936611f,0.4280547250519372f,0.30383280243875566f,-0.5933822710218357f,0.7927194417567109f,0.13961864881847805f,1.4919197405554514f,-0.42151866256458437f,-0.15826001341763862f,-0.8929030099976217f,-0.7955796195957725f,0f,0f,0f,1f],start_interpolation:0}
execute if entity @s[tag=aj.red_knight.bone.weapon] run data modify entity @s {} merge value {transformation:[-0.0000023719317422310217f,0.00001597028504463573f,-0.000004135421765800819f,-0.9221071031382254f,8.257318852926612e-7f,0.000004287643509164337f,0.000016084528521834568f,1.324307622024766f,0.00001647634317564385f,0.0000020841992489162755f,-0.0000014014302790395563f,-0.9673925547167912f,0f,0f,0f,1f],start_interpolation:0}
execute if entity @s[tag=aj.red_knight.bone.right_hand] run data modify entity @s {} merge value {transformation:[-0.38517571067434253f,0.8642210569518614f,-0.32366902327458336f,-0.6520380228407687f,0.9221246452960289f,0.37426553964921505f,-0.09803797411592555f,1.4412656031651458f,0.0364116800517118f,-0.3362250296335616f,-0.9410775308143968f,-1.0724628764772792f,0f,0f,0f,1f],start_interpolation:0}
execute if entity @s[tag=aj.red_knight.bone.right_arm] run data modify entity @s {} merge value {transformation:[-0.38517571067434253f,0.9200387136321305f,0.07189184463240411f,-0.3404524429135815f,0.9221246452960289f,0.3806324112090098f,0.06931887242943524f,1.5025804413369597f,0.0364116800517118f,0.09299318768248471f,-0.9950007319597618f,-1.0456782353297347f,0f,0f,0f,1f],start_interpolation:0}
execute if entity @s[tag=aj.red_knight.bone.left_foot] run data modify entity @s {} merge value {transformation:[-0.9845447937275466f,-0.16694632748079175f,0.05291949437267136f,0.18969831161724215f,-0.16843297968763962f,0.9853967682699218f,-0.02497079167221545f,0.3927747960009804f,-0.04797791676934439f,-0.0334982510568872f,-0.9982865253415992f,-0.7602245335902985f,0f,0f,0f,1f],start_interpolation:0}
execute if entity @s[tag=aj.red_knight.bone.left_leg] run data modify entity @s {} merge value {transformation:[-0.9839098543896981f,-0.16400870002325413f,0.07086991429037567f,0.1250000000000001f,-0.16869007221076246f,0.983453734033187f,-0.06604856208661328f,0.8424166372204002f,-0.05886474303325126f,-0.07694088206450263f,-0.995296459701714f,-0.9673571510692662f,0f,0f,0f,1f],start_interpolation:0}
execute if entity @s[tag=aj.red_knight.bone.right_foot] run data modify entity @s {} merge value {transformation:[-0.9664712016243802f,0.1798596771099592f,-0.18325914160179807f,-0.20875048092782655f,0.16792580802161708f,0.9826443505353181f,0.07880991918096453f,0.3883520972673807f,0.194253286795909f,0.045393577859917184f,-0.9799005478404744f,-0.7774128733807544f,0f,0f,0f,1f],start_interpolation:0}
execute if entity @s[tag=aj.red_knight.bone.right_leg] run data modify entity @s {} merge value {transformation:[-0.9848077560158668f,0.1729454659111222f,0.015606072913385399f,-0.12499999999999989f,0.17216258185989508f,0.984162135791827f,-0.042248501523778306f,0.8424166372204002f,-0.022665592829836947f,-0.03891987017520284f,-0.998985242437153f,-0.9673571510692663f,0f,0f,0f,1f],start_interpolation:0}