execute if entity @s[tag=aj.red_knight.bone.head] run data modify entity @s {} merge value {transformation:[-0.9997525298337342f,-0.009312855969897518f,0.020202717756092947f,-0.013607570208985212f,-0.0039656607009439845f,0.9682183009133719f,0.25007517931939693f,1.5621903879562602f,-0.021889555186284382f,0.24993317604933418f,-0.9680156273963967f,-0.9289377735631446f,0f,0f,0f,1f],start_interpolation:0}
execute if entity @s[tag=aj.red_knight.bone.body] run data modify entity @s {} merge value {transformation:[-0.876615709191968f,-0.021772112334376523f,0.4806983186181976f,0.17872899650002746f,-0.010400934662187472f,0.9995997985718305f,0.026307095113468355f,0.5543124799505958f,-0.4810787034945694f,0.018061501035502373f,-0.8764913366510413f,-0.2832479640100468f,0f,0f,0f,1f],start_interpolation:0}
execute if entity @s[tag=aj.red_knight.bone.left_hand] run data modify entity @s {} merge value {transformation:[-0.6344166024790273f,-0.37014272010480687f,0.6786088278621066f,0.5312561559738108f,-0.6366798865335997f,0.7480626786923288f,-0.18719228304398774f,1.2948821086259354f,-0.4383540767262583f,-0.5508144837430042f,-0.7102458080949142f,-0.689657145602928f,0f,0f,0f,1f],start_interpolation:0}
execute if entity @s[tag=aj.red_knight.bone.left_arm] run data modify entity @s {} merge value {transformation:[-0.6344166024790273f,-0.6263826417451642f,0.4529463109677756f,0.2958605427735078f,-0.6366798865335997f,0.7557284526611522f,0.15334023582198952f,1.4912547571741954f,-0.4383540767262583f,-0.19110021443925634f,-0.8782519066069485f,-0.7767730924105868f,0f,0f,0f,1f],start_interpolation:0}
execute if entity @s[tag=aj.red_knight.bone.weapon] run data modify entity @s {} merge value {transformation:[-0.0000028631215948544724f,0.000015684562571232906f,-0.000004855389733063206f,-0.913230671780634f,7.025010039133205e-7f,0.000005041168395741965f,0.000015870440804308215f,1.2997018177731354f,0.000016403865545972896f,0.0000025216851374884235f,-0.0000015271139429627463f,-0.9864942136158936f,0f,0f,0f,1f],start_interpolation:0}
execute if entity @s[tag=aj.red_knight.bone.right_hand] run data modify entity @s {} merge value {transformation:[-0.42776370249242646f,0.8518959298413953f,-0.30214489826842256f,-0.6470131937051979f,0.9032963835448651f,0.4150110632785383f,-0.10872654152131075f,1.4293927750476787f,0.03276977730682773f,-0.31943566187274985f,-0.9470411815856686f,-1.086317857951128f,0f,0f,0f,1f],start_interpolation:0}
execute if entity @s[tag=aj.red_knight.bone.right_arm] run data modify entity @s {} merge value {transformation:[-0.42776370249242646f,0.8980638396421381f,0.10246733507411443f,-0.3396330124112532f,0.9032963835448651f,0.42061694537239885f,0.08448093714182313f,1.5043795465049992f,0.03276977730682773f,0.12869625166574356f,-0.9911424804247111f,-1.0481483903872597f,0f,0f,0f,1f],start_interpolation:0}
execute if entity @s[tag=aj.red_knight.bone.left_foot] run data modify entity @s {} merge value {transformation:[-0.9852242450780971f,-0.16696656466894128f,0.038149091639852535f,0.1936231483557938f,-0.16841044117329018f,0.9849683636656423f,-0.03840892971230537f,0.3900433632592423f,-0.031162641321161734f,-0.04426611413349159f,-0.9985336253353763f,-0.7675651025778361f,0f,0f,0f,1f],start_interpolation:0}
execute if entity @s[tag=aj.red_knight.bone.left_leg] run data modify entity @s {} merge value {transformation:[-0.9847415900035199f,-0.16579008159190262f,0.052892813907843776f,0.1250000000000001f,-0.16853338141090268f,0.9842988807552906f,-0.05246153537678328f,0.8424166372204002f,-0.04336473529893511f,-0.060575260541186005f,-0.9972212079287227f,-0.9673571510692662f,0f,0f,0f,1f],start_interpolation:0}
execute if entity @s[tag=aj.red_knight.bone.right_foot] run data modify entity @s {} merge value {transformation:[-0.9660992821596666f,0.18054395168728812f,-0.18454283654402612f,-0.20852271014417031f,0.1700531849122841f,0.9828514129091463f,0.0713092872190117f,0.3902600962655701f,0.19425264814608184f,0.03750975408654598f,-0.9802341184822131f,-0.7728166733096598f,0f,0f,0f,1f],start_interpolation:0}
execute if entity @s[tag=aj.red_knight.bone.right_leg] run data modify entity @s {} merge value {transformation:[-0.9848077560158668f,0.17309257264310607f,0.013879660903065895f,-0.12499999999999989f,0.17216258185989514f,0.9836915916292525f,-0.05206628434258642f,0.8424166372204002f,-0.022665592829836954f,-0.04888572239109492f,-0.998547173171089f,-0.9673571510692663f,0f,0f,0f,1f],start_interpolation:0}