execute if entity @s[tag=aj.red_knight.bone.head] run data modify entity @s {} merge value {transformation:[-0.9819809069555445f,0.1146197399025805f,0.1502524994781495f,0.004054828736647895f,0.14261757735931313f,0.971122080986523f,0.19126455617433544f,1.5253818139337556f,-0.12399082628536218f,0.20924678980827868f,-0.969970131474162f,-0.3348657917649366f,0f,0f,0f,1f],start_interpolation:0}
execute if entity @s[tag=aj.red_knight.bone.body] run data modify entity @s {} merge value {transformation:[-0.9995399587343295f,0.0041482122844200536f,0.030044354348500585f,0.4534187949346945f,0.002681306505397293f,0.9988097839668271f,-0.04870139677221115f,0.5496658659286291f,-0.030210618808607564f,-0.04859843399723504f,-0.9983614128782309f,0.22707457623794863f,0f,0f,0f,1f],start_interpolation:0}
execute if entity @s[tag=aj.red_knight.bone.left_hand] run data modify entity @s {} merge value {transformation:[-0.9650314620730126f,-0.2351115223753383f,0.11591742429667093f,0.4892364545608172f,-0.2608020057795182f,0.905674680860406f,-0.3342688831312029f,1.182731602297892f,-0.026393010260366535f,-0.352811485774985f,-0.9353221180505911f,-0.38002029929793585f,0f,0f,0f,1f],start_interpolation:0}
execute if entity @s[tag=aj.red_knight.bone.left_arm] run data modify entity @s {} merge value {transformation:[-0.9650314620730126f,-0.2609105980718607f,-0.025296976558624885f,0.34738742628379743f,-0.2608020057795182f,0.9459296844413646f,0.19287131946984892f,1.4620345033245985f,-0.026393010260366535f,0.19272439364658622f,-0.9808979137009886f,-0.32144348942465056f,0f,0f,0f,1f],start_interpolation:0}
execute if entity @s[tag=aj.red_knight.bone.weapon] run data modify entity @s {} merge value {transformation:[-0.5607381020102983f,1.5650734843613558f,0.11787937597676046f,-0.909008233504015f,1.1646180489636144f,0.49882280790893446f,-1.0828750547112114f,1.4527892379056144f,-1.05214797379449f,-0.28195491241797527f,-1.2614530694327468f,-0.19566544302466904f,0f,0f,0f,1f],start_interpolation:0}
execute if entity @s[tag=aj.red_knight.bone.right_hand] run data modify entity @s {} merge value {transformation:[-0.22195592622296423f,0.8166795397966884f,-0.5327007566091635f,-0.65379587731755f,0.88626916498047f,-0.05880175083111361f,-0.45942281321677536f,1.4344136907708915f,-0.4065249488276538f,-0.574087870779957f,-0.7107464967229938f,-0.3750679026434056f,0f,0f,0f,1f],start_interpolation:0}
execute if entity @s[tag=aj.red_knight.bone.right_arm] run data modify entity @s {} merge value {transformation:[-0.22195592622296423f,0.9589052593467688f,0.17673785789018714f,-0.3402657383827494f,0.88626916498047f,0.2739743773184414f,-0.37345014095296947f,1.464638860871625f,-0.4065249488276538f,0.07374784179946031f,-0.9106584001757163f,-0.32661389277934594f,0f,0f,0f,1f],start_interpolation:0}
execute if entity @s[tag=aj.red_knight.bone.waist] run data modify entity @s {} merge value {transformation:[-0.9637750917657848f,0.023395136942165197f,0.2656882384662719f,-0.2119224483679294f,0.006954553869729072f,0.9980111832718187f,-0.06265231236640324f,0.7934895344431367f,-0.2666255926806844f,-0.05853499493330178f,-0.9620210224812304f,-0.35641385384473456f,0f,0f,0f,1f],start_interpolation:0}
execute if entity @s[tag=aj.red_knight.bone.left_foot] run data modify entity @s {} merge value {transformation:[-0.9925738910839531f,-0.11752692915803958f,0.03137661009640992f,0.15826550197839456f,-0.110894103397759f,0.9802584593458947f,0.16369438204293954f,0.40193462761425797f,-0.049995685514533206f,0.15899928868864116f,-0.9860119966949884f,-0.0023006385574235733f,0f,0f,0f,1f],start_interpolation:0}
execute if entity @s[tag=aj.red_knight.bone.left_leg] run data modify entity @s {} merge value {transformation:[-0.9925738910839531f,-0.09315580827135389f,0.0782244598816236f,0.12804354589335148f,-0.110894103397759f,0.9572570601026625f,-0.26713558114787805f,0.8047349465275895f,-0.049995685514533206f,-0.27382643456926903f,-0.9604787947482305f,-0.2957390726091206f,0f,0f,0f,1f],start_interpolation:0}
execute if entity @s[tag=aj.red_knight.bone.right_foot] run data modify entity @s {} merge value {transformation:[-0.9673348193377889f,0.21911607454213333f,0.12748134441546377f,-0.26728865346066527f,0.21785913946974292f,0.9756876759549614f,-0.023894650847193444f,0.42031663367526123f,-0.12961767875652974f,0.0046588482323895175f,-0.9915531011937366f,-0.08614449636964655f,0f,0f,0f,1f],start_interpolation:0}
execute if entity @s[tag=aj.red_knight.bone.right_leg] run data modify entity @s {} merge value {transformation:[-0.9440951481877569f,0.25098573170784455f,0.2137533944699254f,-0.11290022704809471f,0.1797558767026834f,0.9354226345099136f,-0.30442128643933947f,0.8064735849950218f,-0.27635516271491534f,-0.24897923071133976f,-0.9282441309888267f,-0.3623954707792917f,0f,0f,0f,1f],start_interpolation:0}