execute if entity @s[tag=aj.red_knight.bone.head] run data modify entity @s {} merge value {transformation:[-0.9819358419530594f,0.006424226049263682f,0.18910508086142014f,0.002321838559491091f,0.00916650433836885f,0.9998650858985362f,0.013630304447360825f,1.6151138510051255f,-0.1889920037624634f,0.01511751701771958f,-0.9818622526571985f,-0.03322087008704753f,0f,0f,0f,1f],start_interpolation:0}
execute if entity @s[tag=aj.red_knight.bone.body] run data modify entity @s {} merge value {transformation:[-0.7243043342346385f,0.0032357851908072608f,0.6894728138970501f,-0.006132696907354422f,-0.0008063978581471938f,0.9999843278733335f,-0.005540192254071659f,0.6182776182548343f,-0.6894799352638274f,-0.004568774662494575f,-0.7242903735151199f,0.656686810987926f,0f,0f,0f,1f],start_interpolation:0}
execute if entity @s[tag=aj.red_knight.bone.left_hand] run data modify entity @s {} merge value {transformation:[-0.7000102050920054f,-0.027201302685399387f,0.7136146031992799f,0.3980825496390598f,-0.25985298162996f,0.9404750570925026f,-0.21905043922547593f,1.2742493894458753f,-0.6651782773851445f,-0.33877242526373297f,-0.6654104772062583f,0.25220529654342017f,0f,0f,0f,1f],start_interpolation:0}
execute if entity @s[tag=aj.red_knight.bone.left_arm] run data modify entity @s {} merge value {transformation:[-0.7000102050920054f,-0.33034462381627794f,0.633133589602329f,0.2510992168782226f,-0.25985298162996f,0.943627045384888f,0.20504737783304244f,1.5528920297767803f,-0.6651782773851445f,-0.020986394017758703f,-0.7463895970343258f,0.20407340607629904f,0f,0f,0f,1f],start_interpolation:0}
execute if entity @s[tag=aj.red_knight.bone.weapon] run data modify entity @s {} merge value {transformation:[-0.39845079578932846f,-0.36894263469255184f,1.575720810746227f,-0.48182783241844684f,0.6319996979956756f,1.458443147973461f,0.5012960638588884f,1.0146539587144747f,-1.4898292260678752f,0.7173581352526492f,-0.20876771953205842f,-0.4928881471367133f,0f,0f,0f,1f],start_interpolation:0}
execute if entity @s[tag=aj.red_knight.bone.right_hand] run data modify entity @s {} merge value {transformation:[-0.2661836086783795f,0.35219805819480754f,0.8972752165722413f,-0.3717659392325695f,0.3805430337373468f,0.8936438441893154f,-0.2378816496002148f,1.2939176600236357f,-0.8856259289027912f,0.27813163708278466f,-0.37189986086138616f,-0.4059720105483431f,0f,0f,0f,1f],start_interpolation:0}
execute if entity @s[tag=aj.red_knight.bone.right_arm] run data modify entity @s {} merge value {transformation:[-0.2661836086783795f,0.31198860180780175f,0.9120358539076018f,-0.25763302562523277f,0.3805430337373468f,0.9033295242823116f,-0.19794638171451726f,1.552424196753274f,-0.8856259289027912f,0.29437880851363224f,-0.3591766016226035f,-0.25862701233140856f,0f,0f,0f,1f],start_interpolation:0}
execute if entity @s[tag=aj.red_knight.bone.waist] run data modify entity @s {} merge value {transformation:[-0.742603009377848f,0.004791565043784793f,0.6697147238693466f,-0.16266901291283167f,0.0005358494878996978f,0.999978337348674f,-0.006560312394074193f,0.8808682325122589f,-0.6697316502363393f,-0.004512841434474014f,-0.7425894901854572f,-0.17637559238029207f,0f,0f,0f,1f],start_interpolation:0}
execute if entity @s[tag=aj.red_knight.bone.left_foot] run data modify entity @s {} merge value {transformation:[-0.7471624686675207f,-0.1255750390123643f,0.6526707860718908f,0.047840969552017734f,-0.17295136928268204f,0.9848937262079418f,-0.008495406963826974f,0.44283547530870054f,-0.6417445514205024f,-0.11922775538136615f,-0.7575940027935937f,0.22929090262702986f,0f,0f,0f,1f],start_interpolation:0}
execute if entity @s[tag=aj.red_knight.bone.left_leg] run data modify entity @s {} merge value {transformation:[-0.7471624686675207f,-0.10059920775317832f,0.6569840521763747f,0.1136042248855298f,-0.17295136928268204f,0.9838536968868931f,-0.04604049288657501f,0.8961036860095516f,-0.6417445514205024f,-0.14802601974459184f,-0.7524973277033429f,0.03056822767274039f,0f,0f,0f,1f],start_interpolation:0}
execute if entity @s[tag=aj.red_knight.bone.right_foot] run data modify entity @s {} merge value {transformation:[-0.736151523326599f,0.13299566022654125f,0.6636211939539259f,-0.25402143938447785f,0.17395715029623124f,0.9847434745086484f,-0.00438169755339821f,0.4383334913905579f,-0.6540793870507937f,0.11221605844771698f,-0.7480559549002445f,-0.05638802637544288f,0f,0f,0f,1f],start_interpolation:0}
execute if entity @s[tag=aj.red_knight.bone.right_leg] run data modify entity @s {} merge value {transformation:[-0.7303444453360086f,0.14332632032151885f,0.6678731594172141f,-0.07204652745893218f,0.17416146196363191f,0.9844969419378445f,-0.020822019155758452f,0.8962376483815265f,-0.6605034264358728f,0.10111051981928362f,-0.7439837944796553f,-0.13686468488634443f,0f,0f,0f,1f],start_interpolation:0}