execute if entity @s[tag=aj.red_knight.bone.head] run data modify entity @s {} merge value {transformation:[-0.9993627195567445f,0.03138354478478768f,-0.017006700940770392f,-0.01194086712072518f,0.027319208294505556f,0.9791143478414984f,0.20146651014269973f,1.5623253622609894f,0.022974238144256198f,0.20087350987041155f,-0.9793477510129038f,-0.9404762983651876f,0f,0f,0f,1f],start_interpolation:0}
execute if entity @s[tag=aj.red_knight.bone.body] run data modify entity @s {} merge value {transformation:[-0.9507088315607016f,-0.01911275459510066f,0.3094954284060959f,0.29806893806540646f,-0.018287203847471848f,0.999817267745798f,0.005568598815507447f,0.5682959219109401f,-0.3095453048713974f,-0.00036568991580150645f,-0.9508846252321882f,-0.31956893417482446f,0f,0f,0f,1f],start_interpolation:0}
execute if entity @s[tag=aj.red_knight.bone.left_hand] run data modify entity @s {} merge value {transformation:[-0.7751230748749678f,-0.37842910980526584f,0.5059403400089473f,0.5439329784722683f,-0.5482210758259132f,0.8009039308316727f,-0.24084548075198292f,1.270745501376652f,-0.31406666619788465f,-0.4640520471136502f,-0.82826193124698f,-0.8085545404646285f,0f,0f,0f,1f],start_interpolation:0}
execute if entity @s[tag=aj.red_knight.bone.left_arm] run data modify entity @s {} merge value {transformation:[-0.7751230748749678f,-0.5609020815705001f,0.29081450047453816f,0.32020588580180154f,-0.5482210758259132f,0.8258948774794901f,0.13172434616811146f,1.494573833349873f,-0.31406666619788465f,-0.05732805807820558f,-0.9476685195469607f,-0.8460987252514355f,0f,0f,0f,1f],start_interpolation:0}
execute if entity @s[tag=aj.red_knight.bone.weapon] run data modify entity @s {} merge value {transformation:[3.391222420650955e-7f,0.00001625845056835413f,-0.00000365041901692119f,-0.9243541003113325f,8.451785352745121e-7f,0.000003629692437489805f,0.000016244654007719538f,1.343806666486376f,0.000016641768149034705f,-5.156507571917542e-7f,-7.50623039987178e-7f,-0.8251224537572819f,0f,0f,0f,1f],start_interpolation:0}
execute if entity @s[tag=aj.red_knight.bone.right_hand] run data modify entity @s {} merge value {transformation:[-0.3395050098948881f,0.8172008927809469f,-0.4657456914393257f,-0.6689788213172866f,0.9363802775472344f,0.34051209303756996f,-0.08510869706285779f,1.4502166955606166f,0.0890411369920446f,-0.46500990885485094f,-0.8808163603101201f,-0.9704380502744228f,0f,0f,0f,1f],start_interpolation:0}
execute if entity @s[tag=aj.red_knight.bone.right_arm] run data modify entity @s {} merge value {transformation:[-0.3395050098948881f,0.9368764150259101f,-0.08365961525414078f,-0.35498587850325913f,0.9363802775472344f,0.34506052539717297f,0.0642277948647701f,1.4995243424005311f,0.0890411369920446f,-0.05653155562007656f,-0.9944223746187222f,-0.9936692324676994f,0f,0f,0f,1f],start_interpolation:0}
execute if entity @s[tag=aj.red_knight.bone.waist] run data modify entity @s {} merge value {transformation:[-0.9987568186584554f,0.00007367201940185974f,-0.04984788617057603f,-0.2184815074574465f,0.002265015521388001f,0.9990331187178513f,-0.04390555101090917f,0.8286657947054044f,0.049796454571877105f,-0.04396387468498691f,-0.9977913062533436f,-0.9245462189365431f,0f,0f,0f,1f],start_interpolation:0}
execute if entity @s[tag=aj.red_knight.bone.left_foot] run data modify entity @s {} merge value {transformation:[-0.9859328331816869f,-0.1661760463088468f,0.01794352494613114f,0.19344199922981187f,-0.16636469267081264f,0.9860177655848456f,-0.009578882169353528f,0.3952983381492006f,-0.016100853607138664f,-0.012429303449038392f,-0.999793116063965f,-0.7621282350502683f,0f,0f,0f,1f],start_interpolation:0}
execute if entity @s[tag=aj.red_knight.bone.left_leg] run data modify entity @s {} merge value {transformation:[-0.9856824439848965f,-0.16401212709209895f,0.03911702681297294f,0.12328455363887023f,-0.16671098431927428f,0.9827201801808964f,-0.08042695550948734f,0.8421250396308027f,-0.025250095589133076f,-0.08579667611249016f,-0.9959926521018054f,-0.9735316640579958f,0f,0f,0f,1f],start_interpolation:0}
execute if entity @s[tag=aj.red_knight.bone.right_foot] run data modify entity @s {} merge value {transformation:[-0.9555242272266606f,0.18404782310345194f,-0.230434046950041f,-0.20198082952852398f,0.16844685134660378f,0.9819683768933256f,0.08581238286461193f,0.38735838694074237f,0.24207252932604392f,0.04317992117139676f,-0.9692968507909864f,-0.770746627473348f,0f,0f,0f,1f],start_interpolation:0}
execute if entity @s[tag=aj.red_knight.bone.right_leg] run data modify entity @s {} merge value {transformation:[-0.98432513460131f,0.17327601659498534f,-0.03285500669741977f,-0.12640465102574364f,0.1743862431946513f,0.9840687448340113f,-0.03461421131947902f,0.8426912935111497f,0.02633377254722654f,-0.03980109940426251f,-0.9988605532854138f,-0.9610825504150265f,0f,0f,0f,1f],start_interpolation:0}