execute if entity @s[tag=aj.red_knight.bone.head] run data modify entity @s {} merge value {transformation:[-0.9908429190200414f,-0.08329127274653966f,0.10626793360231074f,-0.03225290204531503f,-0.03414663402760926f,0.9160514584468202f,0.3996044705230889f,1.5595391619883414f,-0.1306304605076017f,0.39231656778896723f,-0.9105072176681835f,-0.8894519830830805f,0f,0f,0f,1f],start_interpolation:0}
execute if entity @s[tag=aj.red_knight.bone.body] run data modify entity @s {} merge value {transformation:[-0.8807143777999006f,-0.05160464327250423f,0.47082814861608635f,0.1967725315128494f,-0.007007132421510697f,0.9953578370231606f,0.09598789700687668f,0.5194719697843255f,-0.4735959087996447f,0.08123876580360471f,-0.8769875586910831f,-0.3101988872913102f,0f,0f,0f,1f],start_interpolation:0}
execute if entity @s[tag=aj.red_knight.bone.left_hand] run data modify entity @s {} merge value {transformation:[-0.5505122849546221f,-0.4095160506311708f,0.7274839024950924f,0.5306741485362745f,-0.7077916889414139f,0.6910402457936037f,-0.1466093576787541f,1.3256912645874792f,-0.4426817696489226f,-0.5956173125161528f,-0.6702782018322944f,-0.6431717044144076f,0f,0f,0f,1f],start_interpolation:0}
execute if entity @s[tag=aj.red_knight.bone.left_arm] run data modify entity @s {} merge value {transformation:[-0.5505122849546221f,-0.7004789442958185f,0.45416458769069207f,0.2773674606341674f,-0.7077916889414139f,0.6801061569953376f,0.19101450280670862f,1.493987458089684f,-0.4426817696489226f,-0.21629809017938365f,-0.8701999695502464f,-0.7384324681985227f,0f,0f,0f,1f],start_interpolation:0}
execute if entity @s[tag=aj.red_knight.bone.weapon] run data modify entity @s {} merge value {transformation:[-0.0000023276840407531303f,0.000015131352925332238f,-0.000006588006028628127f,-0.9013547370327157f,1.837696044612181e-7f,0.0000066765639149176746f,0.000015269823207891877f,1.2415645777530235f,0.00001650229964328237f,0.000002059958911443753f,-0.0000010992968408324091f,-0.9384737844154131f,0f,0f,0f,1f],start_interpolation:0}
execute if entity @s[tag=aj.red_knight.bone.right_hand] run data modify entity @s {} merge value {transformation:[-0.5167139545067249f,0.7844185373833715f,-0.34306595200829015f,-0.6562239441004121f,0.8525466056269588f,0.5081862608331615f,-0.12211064463985528f,1.4003727842633866f,0.07855555010292603f,-0.355575986970074f,-0.931340293898146f,-1.0495912803435612f,0f,0f,0f,1f],start_interpolation:0}
execute if entity @s[tag=aj.red_knight.bone.right_arm] run data modify entity @s {} merge value {transformation:[-0.5167139545067249f,0.8520535815272356f,0.08373400399259917f,-0.3576625777164807f,0.8525466056269588f,0.5030939046130111f,0.14163618314253457f,1.5043054666032676f,0.07855555010292603f,0.14457253317226237f,-0.986371029684156f,-1.009322085608662f,0f,0f,0f,1f],start_interpolation:0}
execute if entity @s[tag=aj.red_knight.bone.left_foot] run data modify entity @s {} merge value {transformation:[-0.9856508891617857f,-0.16848176993958627f,0.010306206508973646f,0.20056793872726858f,-0.16879281266780885f,0.984203488336181f,-0.053408612962545246f,0.3853838277362483f,-0.0011450267556969637f,-0.054381860440015334f,-0.9985195552260412f,-0.7811366478572548f,0f,0f,0f,1f],start_interpolation:0}
execute if entity @s[tag=aj.red_knight.bone.left_leg] run data modify entity @s {} merge value {transformation:[-0.9855852445239955f,-0.16812547752513238f,0.018856022473526284f,0.1250000000000001f,-0.16861049035668865f,0.9852839064103204f,-0.02803794412035386f,0.8424166372204002f,-0.013864642738019298f,-0.030813107207247094f,-0.999428999031938f,-0.9673571510692662f,0f,0f,0f,1f],start_interpolation:0}
execute if entity @s[tag=aj.red_knight.bone.right_foot] run data modify entity @s {} merge value {transformation:[-0.9650775816965202f,0.1828243308035394f,-0.18761803051155368f,-0.20785581713395335f,0.17588276469558103f,0.982975413958615f,0.05314685913512175f,0.3957202195281695f,0.1941404501638831f,0.01829206437577699f,-0.980803184125662f,-0.7603189852326433f,0f,0f,0f,1f],start_interpolation:0}
execute if entity @s[tag=aj.red_knight.bone.right_leg] run data modify entity @s {} merge value {transformation:[-0.9848077560158668f,0.17340740203507013f,0.009140930501901632f,-0.12499999999999989f,0.1721625818598951f,0.9818998456859293f,-0.07894769438864684f,0.8424166372204002f,-0.022665592829836947f,-0.07617457555770046f,-0.9968368497102604f,-0.9673571510692663f,0f,0f,0f,1f],start_interpolation:0}