execute if entity @s[tag=aj.red_knight.bone.head] run data modify entity @s {} merge value {transformation:[-0.9978851904540806f,-0.038317179563824924f,0.05250657504253062f,-0.009452356319128628f,-0.0018376157592602967f,0.8240863790078317f,0.5664611752821918f,1.4178973570829791f,-0.06497514787012507f,0.5651667308715493f,-0.8224140055198607f,-0.6373575646518282f,0f,0f,0f,1f],start_interpolation:0}
execute if entity @s[tag=aj.red_knight.bone.body] run data modify entity @s {} merge value {transformation:[-0.9978851904540806f,-0.015123770110605957f,0.06321723064216625f,0.4418214814957445f,-0.0018376157592602967f,0.9787309491745807f,0.20513983595622212f,0.3374578723174407f,-0.06497514787012507f,0.20458983529360872f,-0.9766889112986742f,-0.32314584373197874f,0f,0f,0f,1f],start_interpolation:0}
execute if entity @s[tag=aj.red_knight.bone.left_hand] run data modify entity @s {} merge value {transformation:[-0.487090166897419f,0.7360699290999562f,0.4700470495457132f,0.3838986815434462f,-0.8546262061910442f,-0.29086935875029213f,-0.4301267997134061f,1.4350143064360878f,-0.17988111908520943f,-0.6112250613440022f,0.7707442554970315f,-0.1381097739024234f,0f,0f,0f,1f],start_interpolation:0}
execute if entity @s[tag=aj.red_knight.bone.left_arm] run data modify entity @s {} merge value {transformation:[-0.487090166897419f,-0.09834122169541301f,0.8677973112583942f,0.32272391433254094f,-0.8546262061910442f,0.2583278950092342f,-0.4504228528300943f,1.4623276357395332f,-0.17988111908520943f,-0.9610388664229724f,-0.20987396270405f,-0.44967698960242786f,0f,0f,0f,1f],start_interpolation:0}
execute if entity @s[tag=aj.red_knight.bone.weapon] run data modify entity @s {} merge value {transformation:[0.000010589792437024673f,-0.0000025264120933132834f,-0.000012619481600021192f,-0.2912668746404321f,0.000012761628131416325f,-5.393808187308951e-8f,0.000010719874807876496f,1.4738704159859242f,-0.0000016658095191096883f,-0.000016473982833421378f,0.000001900196313005393f,0.02828437820520796f,0f,0f,0f,1f],start_interpolation:0}
execute if entity @s[tag=aj.red_knight.bone.right_hand] run data modify entity @s {} merge value {transformation:[-0.5488385712247462f,-0.6079463954255296f,-0.5737398391475749f,-0.4812501232109101f,0.8226824161309869f,-0.2711294218675755f,-0.4996823779028394f,1.3891424716523069f,0.14822234961321068f,-0.7462506394549087f,0.6489530939815905f,-0.20491894662445098f,0f,0f,0f,1f],start_interpolation:0}
execute if entity @s[tag=aj.red_knight.bone.right_arm] run data modify entity @s {} merge value {transformation:[-0.5488385712247462f,0.26799227200293196f,-0.7918057620923745f,-0.3632001275084472f,0.8226824161309869f,0.34112084957713557f,-0.45478589267110625f,1.444325086136975f,0.14822234961321068f,-0.9010087170113726f,-0.4076928095326914f,-0.4957480675413306f,0f,0f,0f,1f],start_interpolation:0}
execute if entity @s[tag=aj.red_knight.bone.waist] run data modify entity @s {} merge value {transformation:[-1f,5.341834311772723e-18f,1.223481206754078e-16f,-0.21874999999999992f,0f,0.9990482215818578f,-0.043619387365336f,0.6969196146133505f,-1.2246467991473532e-16f,-0.043619387365336f,-0.9990482215818578f,-0.7604553412172501f,0f,0f,0f,1f],start_interpolation:0}
execute if entity @s[tag=aj.red_knight.bone.left_foot] run data modify entity @s {} merge value {transformation:[-0.9803153499686582f,-0.191066020373393f,-0.04975530599344376f,0.21657055025682803f,-0.17645557370086054f,0.7348043469695911f,0.6549244247884584f,0.25378761294669483f,-0.08857338836087963f,0.6508120677532547f,-0.7540546447977134f,-0.6143491720203065f,0f,0f,0f,1f],start_interpolation:0}
execute if entity @s[tag=aj.red_knight.bone.left_leg] run data modify entity @s {} merge value {transformation:[-0.9826610934058496f,-0.18155109630791366f,-0.037634757018143575f,0.12500000000000008f,-0.1808788763269408f,0.9832899220262399f,-0.02058546429727712f,0.7111666372204003f,0.040743190905024956f,-0.013421202294350159f,-0.9990795082093571f,-0.7923571510692664f,0f,0f,0f,1f],start_interpolation:0}
execute if entity @s[tag=aj.red_knight.bone.right_foot] run data modify entity @s {} merge value {transformation:[-0.9398218243596588f,0.2951117082862594f,-0.17217438279154196f,-0.1712065804669703f,0.31286704163649093f,0.9458405213489758f,-0.08660209253781137f,0.5064983289678924f,0.137292216512492f,-0.1352582263918285f,-0.9812522914512987f,-0.33931916850753274f,0f,0f,0f,1f],start_interpolation:0}
execute if entity @s[tag=aj.red_knight.bone.right_leg] run data modify entity @s {} merge value {transformation:[-0.9848077560158668f,0.1374732083157092f,-0.10608864541683372f,-0.1249999999999999f,0.17216258185989516f,0.6932358425992234f,-0.6998457772560177f,0.7111666372204003f,-0.02266559282983696f,-0.7074780445576601f,-0.7063717770201057f,-0.7923571510692665f,0f,0f,0f,1f],start_interpolation:0}