execute if entity @s[tag=aj.red_knight.bone.head] run data modify entity @s {} merge value {transformation:[-0.9782499464303058f,-0.13320971326571956f,0.15900381945339812f,-0.04296998026053515f,-0.03814681272385003f,0.8690017778344551f,0.4933363262517447f,1.556097690959266f,-0.20389179235103008f,0.4765407458048274f,-0.8551824685993413f,-0.8624966934679025f,0f,0f,0f,1f],start_interpolation:0}
execute if entity @s[tag=aj.red_knight.bone.body] run data modify entity @s {} merge value {transformation:[-0.8950764984088246f,-0.06875196841685642f,0.4405805588482145f,0.22505881736135055f,-0.0061490310875923285f,0.9898514833766399f,0.14197263917300867f,0.49814224631843074f,-0.4458702181272946f,0.12436722918788966f,-0.8864155576766722f,-0.33465447907028667f,0f,0f,0f,1f],start_interpolation:0}
execute if entity @s[tag=aj.red_knight.bone.left_hand] run data modify entity @s {} merge value {transformation:[-0.5195094636795657f,-0.40953198184815276f,0.7499289786312398f,0.5294881522167458f,-0.7331865853292925f,0.6643658848682273f,-0.14510479701384515f,1.3396979479518745f,-0.4388021743799156f,-0.6252211823561178f,-0.6454077198892779f,-0.6212161322371739f,0f,0f,0f,1f],start_interpolation:0}
execute if entity @s[tag=aj.red_knight.bone.left_arm] run data modify entity @s {} merge value {transformation:[-0.5195094636795657f,-0.7296295892583077f,0.44469155560469475f,0.26900956409355187f,-0.7331865853292925f,0.6479101322105351f,0.20651850200913935f,1.4963457026845859f,-0.4388021743799156f,-0.21875356695990214f,-0.8715500724007647f,-0.717001757810888f,0f,0f,0f,1f],start_interpolation:0}
execute if entity @s[tag=aj.red_knight.bone.weapon] run data modify entity @s {} merge value {transformation:[-0.0000014158705751237964f,0.000014830217226030134f,-0.000007472465812637456f,-0.8941456729855044f,-3.370584542040587e-8f,0.000007496994747114837f,0.00001488528506463664f,1.2119021369081147f,0.000016606382875516898f,0.0000012796501741763242f,-6.068945552955595e-7f,-0.8822894448505638f,0f,0f,0f,1f],start_interpolation:0}
execute if entity @s[tag=aj.red_knight.bone.right_hand] run data modify entity @s {} merge value {transformation:[-0.5549696379608953f,0.7308579805664209f,-0.39731009700726955f,-0.6657525540584979f,0.8227968850394644f,0.552612604580073f,-0.1327576560074102f,1.3845935758393875f,0.12253157515884122f,-0.4005819785032785f,-0.9080308869127153f,-1.0074713131328383f,0f,0f,0f,1f],start_interpolation:0}
execute if entity @s[tag=aj.red_knight.bone.right_arm] run data modify entity @s {} merge value {transformation:[-0.5549696379608953f,0.830703551228846f,0.04404896045693707f,-0.37147209192692754f,0.8227968850394644f,0.5403465619430183f,0.1761558371604922f,1.5020270711316142f,0.12253157515884122f,0.1340044886268511f,-0.9833762301972473f,-0.9732531338843748f,0f,0f,0f,1f],start_interpolation:0}
execute if entity @s[tag=aj.red_knight.bone.left_foot] run data modify entity @s {} merge value {transformation:[-0.985517075730378f,-0.16956427767918208f,-0.0020122571857558447f,0.20352888150377518f,-0.16922523805363038f,0.9841711385337142f,-0.05263068385405128f,0.38359753168070465f,0.010904689337001573f,-0.05152791294424999f,-0.9986120177216341f,-0.7868417188023272f,0f,0f,0f,1f],start_interpolation:0}
execute if entity @s[tag=aj.red_knight.bone.left_leg] run data modify entity @s {} merge value {transformation:[-0.9856254108261585f,-0.16890375185754788f,0.003751285407712027f,0.1250000000000001f,-0.1689442076843359f,0.9854589950919f,-0.018122463474226122f,0.8424166372204002f,-0.0006357858744886384f,-0.018495718447969895f,-0.9998287374222724f,-0.9673571510692662f,0f,0f,0f,1f],start_interpolation:0}
execute if entity @s[tag=aj.red_knight.bone.right_foot] run data modify entity @s {} merge value {transformation:[-0.9643949984196233f,0.18446512819280564f,-0.18951227797698625f,-0.20737682993457954f,0.17976561427939483f,0.9828189286394559f,0.04184826675914159f,0.39954562223821793f,0.19397579989773617f,0.006290468091025972f,-0.9809861462147309f,-0.7520738491074533f,0f,0f,0f,1f],start_interpolation:0}
execute if entity @s[tag=aj.red_knight.bone.right_leg] run data modify entity @s {} merge value {transformation:[-0.9848077560158668f,0.17354522345848852f,0.005978219278040177f,-0.12499999999999989f,0.17216258185989516f,0.9802974706617147f,-0.09683446918107089f,0.8424166372204002f,-0.022665592829836954f,-0.09433411063336603f,-0.9952825460504591f,-0.9673571510692663f,0f,0f,0f,1f],start_interpolation:0}