execute if entity @s[tag=aj.red_knight.bone.head] run data modify entity @s {} merge value {transformation:[-1f,-7.6600347681607e-17f,9.555095269894226e-17f,6.763835709494867e-17f,0f,0.7802327394761376f,0.6254893062631539f,1.1830631261855844f,-1.2246467991473532e-16f,0.6254893062631539f,-0.7802327394761376f,-0.5523090995872534f,0f,0f,0f,1f],start_interpolation:0}
execute if entity @s[tag=aj.red_knight.bone.body] run data modify entity @s {} merge value {transformation:[-1f,-2.7023959985468268e-17f,1.1944581789800087e-16f,0.46875000000000006f,0f,0.9753491209152199f,0.22066737939692815f,0.09738031557190036f,-1.2246467991473532e-16f,0.22066737939692815f,-0.9753491209152199f,-0.28530191852657155f,0f,0f,0f,1f],start_interpolation:0}
execute if entity @s[tag=aj.red_knight.bone.left_hand] run data modify entity @s {} merge value {transformation:[-0.8192506869438922f,0.5498741121373715f,-0.16268611724144855f,0.3422723087844602f,-0.528548189165377f,-0.8341298741643822f,-0.1576837491833365f,1.250189452823901f,-0.2224075620835806f,-0.043195067168023016f,0.9739964386487197f,-0.01757126930841546f,0f,0f,0f,1f],start_interpolation:0}
execute if entity @s[tag=aj.red_knight.bone.left_arm] run data modify entity @s {} merge value {transformation:[-0.8192506869438922f,0.16857874927850616f,0.5480962663927346f,0.3437500000000001f,-0.528548189165377f,0.14872163959831655f,-0.8357743030538747f,1.263630703375539f,-0.2224075620835806f,-0.9744039609971235f,-0.0327383127414243f,-0.3359729797502403f,0f,0f,0f,1f],start_interpolation:0}
execute if entity @s[tag=aj.red_knight.bone.weapon] run data modify entity @s {} merge value {transformation:[-0.000003461515268437256f,-0.000009102921671464398f,-0.000013525254410447792f,-0.1797408033260453f,0.00001391018356625199f,-0.000008860497460794562f,0.0000024033634095167853f,1.5002706787762443f,-0.000008503086673516078f,-0.000010789169549516543f,0.000009437643521146386f,0.005029156620811423f,0f,0f,0f,1f],start_interpolation:0}
execute if entity @s[tag=aj.red_knight.bone.right_hand] run data modify entity @s {} merge value {transformation:[-0.838833259642424f,-0.5200209748734382f,0.16104952098452446f,-0.34224735797399475f,0.4896495399694212f,-0.8500037689074501f,-0.1942599311511895f,1.234644500992666f,0.2379119385936739f,-0.08409386740309724f,0.9676394633022111f,-0.021250176942656462f,0f,0f,0f,1f],start_interpolation:0}
execute if entity @s[tag=aj.red_knight.bone.right_arm] run data modify entity @s {} merge value {transformation:[-0.838833259642424f,-0.1725751064117013f,-0.51631056077196f,-0.3437499999999999f,0.4896495399694212f,0.17530754636705198f,-0.8541139222577387f,1.258825012984281f,0.2379119385936739f,-0.9692703940767791f,-0.06255247909432629f,-0.33901667125375456f,0f,0f,0f,1f],start_interpolation:0}
execute if entity @s[tag=aj.red_knight.bone.waist] run data modify entity @s {} merge value {transformation:[-1f,5.341834311772723e-18f,1.223481206754078e-16f,-0.21874999999999992f,0f,0.9990482215818578f,-0.043619387365336f,0.4641990263780562f,-1.2246467991473532e-16f,-0.043619387365336f,-0.9990482215818578f,-0.6854553412172499f,0f,0f,0f,1f],start_interpolation:0}
execute if entity @s[tag=aj.red_knight.bone.left_foot] run data modify entity @s {} merge value {transformation:[-0.9647011706749908f,-0.1737751089468099f,-0.19787335042604023f,0.22510166432227074f,-0.21766527958595452f,0.10321271410397816f,0.9705508547778724f,0.042139283325073384f,-0.14823453498112507f,0.97936170394692f,-0.13739423379863794f,-0.49626069889467156f,0f,0f,0f,1f],start_interpolation:0}
execute if entity @s[tag=aj.red_knight.bone.left_leg] run data modify entity @s {} merge value {transformation:[-0.9774960499979072f,-0.21082250946639833f,-0.007439202966670235f,0.12500000000000008f,-0.20870727131352093f,0.9716179061032869f,-0.1113549255324108f,0.478446048985106f,0.030704187651740246f,-0.10729638410382146f,-0.9937528560054013f,-0.7173571510692662f,0f,0f,0f,1f],start_interpolation:0}
execute if entity @s[tag=aj.red_knight.bone.right_foot] run data modify entity @s {} merge value {transformation:[-0.9548667458068711f,0.26101315741541f,0.1417802151508967f,-0.19791889298723025f,0.23298815618437696f,0.3620792378310854f,0.9025603274072401f,0.10369008704132315f,0.18424444857308597f,0.8948579536371672f,-0.4065503978380797f,-0.395629965152212f,0f,0f,0f,1f],start_interpolation:0}
execute if entity @s[tag=aj.red_knight.bone.right_leg] run data modify entity @s {} merge value {transformation:[-0.9848077560158668f,0.1694599193534312f,-0.037908039038199295f,-0.12499999999999992f,0.17216258185989516f,0.9243388248864758f,-0.3405257438356519f,0.478446048985106f,-0.02266559282983696f,-0.34187873952648434f,-0.9394707011724498f,-0.7173571510692663f,0f,0f,0f,1f],start_interpolation:0}