execute if entity @s[tag=aj.red_knight.bone.head] run data modify entity @s {} merge value {transformation:[-1f,-7.879532842588605e-17f,9.374910156836349e-17f,7.062479299439333e-17f,0f,0.7655195084299836f,0.643412684218392f,1.1292484700903076f,-1.2246467991473532e-16f,0.643412684218392f,-0.7655195084299836f,-0.5766951993306565f,0f,0f,0f,1f],start_interpolation:0}
execute if entity @s[tag=aj.red_knight.bone.body] run data modify entity @s {} merge value {transformation:[-1f,-2.224566254635681e-17f,1.2042727400590033e-16f,0.46875000000000006f,0f,0.9833633182216005f,0.18164961980748326f,0.055060341964965454f,-1.2246467991473532e-16f,0.18164961980748326f,-0.9833633182216005f,-0.2666631600273394f,0f,0f,0f,1f],start_interpolation:0}
execute if entity @s[tag=aj.red_knight.bone.left_hand] run data modify entity @s {} merge value {transformation:[-0.8479898399710079f,0.5219427517502105f,-0.09213574334297635f,0.34336403862448023f,-0.4912576333864644f,-0.8392685610207237f,-0.2330112017087047f,1.2166327598844648f,-0.1989451405424993f,-0.1523287444234435f,0.9680995737406887f,-0.05066859056116774f,0f,0f,0f,1f],start_interpolation:0}
execute if entity @s[tag=aj.red_knight.bone.left_arm] run data modify entity @s {} merge value {transformation:[-0.8479898399710079f,0.17083304439586516f,0.5017263220605284f,0.3437500000000001f,-0.4912576333864644f,0.10198925386208747f,-0.8650226180489071f,1.217800799629713f,-0.1989451405424993f,-0.9800072770337451f,-0.0025628139671565464f,-0.3693549359181193f,0f,0f,0f,1f],start_interpolation:0}
execute if entity @s[tag=aj.red_knight.bone.weapon] run data modify entity @s {} merge value {transformation:[-0.0000035656232289957916f,-0.000008837790256415887f,-0.000013673242927346241f,-0.18139950366467628f,0.000014558658660077392f,-0.000007996310713461648f,0.0000013719514462655228f,1.4774231092422f,-0.000007287631081907009f,-0.000011650332876581553f,0.000009430692172722211f,-0.0019433377821181444f,0f,0f,0f,1f],start_interpolation:0}
execute if entity @s[tag=aj.red_knight.bone.right_hand] run data modify entity @s {} merge value {transformation:[-0.8502103360630864f,-0.5181794736655437f,0.09291080412521473f,-0.3433305891851587f,0.4865081937085016f,-0.8408085763086613f,-0.23738305638839052f,1.2146704291457435f,0.20112722815666906f,-0.1566236606566935f,0.9669627019779579f,-0.050888231737334866f,0f,0f,0f,1f],start_interpolation:0}
execute if entity @s[tag=aj.red_knight.bone.right_arm] run data modify entity @s {} merge value {transformation:[-0.8502103360630864f,-0.17138418182010912f,-0.4977648507813159f,-0.3437499999999999f,0.4865081937085016f,0.10544648221241665f,-0.8672893501268871f,1.2172156927303424f,0.20112722815666906f,-0.9795450482805163f,-0.006271880350978365f,-0.369566511084788f,0f,0f,0f,1f],start_interpolation:0}
execute if entity @s[tag=aj.red_knight.bone.waist] run data modify entity @s {} merge value {transformation:[-1f,5.341834311772723e-18f,1.223481206754078e-16f,-0.21874999999999992f,0f,0.9990482215818578f,-0.043619387365336f,0.4053754969662916f,-1.2246467991473532e-16f,-0.043619387365336f,-0.9990482215818578f,-0.6854553412172499f,0f,0f,0f,1f],start_interpolation:0}
execute if entity @s[tag=aj.red_knight.bone.left_foot] run data modify entity @s {} merge value {transformation:[-0.963380958136859f,-0.15422765462091276f,-0.21934210733336204f,0.22619833176663642f,-0.22532588846681884f,0.022232937885783774f,0.9740297431082924f,-0.01238179635786174f,-0.1453457033625225f,0.9877851623825392f,-0.056170272306214644f,-0.48844942557826604f,0f,0f,0f,1f],start_interpolation:0}
execute if entity @s[tag=aj.red_knight.bone.left_leg] run data modify entity @s {} merge value {transformation:[-0.9764845639121907f,-0.21558573438038373f,-0.0008292001502921784f,0.12500000000000008f,-0.21371269610937987f,0.9684925302967238f,-0.12786360811861042f,0.4196225195733414f,0.028368644008455124f,-0.12467962901420733f,-0.9917914146361629f,-0.7173571510692662f,0f,0f,0f,1f],start_interpolation:0}
execute if entity @s[tag=aj.red_knight.bone.right_foot] run data modify entity @s {} merge value {transformation:[-0.9620429690169646f,0.2069299796579343f,0.17791376923608448f,-0.20552287909912015f,0.19307321030362729f,0.05536483810954873f,0.9796210849936594f,-0.008986736841854304f,0.19286280415900606f,0.9767879597025498f,-0.0932159887146755f,-0.4742980031611873f,0f,0f,0f,1f],start_interpolation:0}
execute if entity @s[tag=aj.red_knight.bone.right_leg] run data modify entity @s {} merge value {transformation:[-0.9848077560158668f,0.17357899822939216f,-0.0049005167761882f,-0.12499999999999992f,0.17216258185989505f,0.9723101682895239f,-0.15802842164665365f,0.4196225195733414f,-0.022665592829836947f,-0.1564713009292065f,-0.9874224034764422f,-0.7173571510692663f,0f,0f,0f,1f],start_interpolation:0}
execute if entity @s[tag=aj.red_knight.bone.weapon_ground] run data modify entity @s {} merge value {transformation:[1.6666666666666667f,2.2112027495480826e-16f,1.855419411603985e-16f,-2.678914873134835e-17f,-2.041077998578922e-16f,0.14525957124609654f,1.660324496819576f,0.375f,2.041077998578922e-16f,-1.660324496819576f,0.14525957124609654f,0.21875f,0f,0f,0f,1f],start_interpolation:0}