execute if entity @s[tag=aj.convict.bone.left_leg_2] run data modify entity @s {} merge value {transformation:[-0.9180425856065397f,-0.3612485717987314f,-0.16339302428878655f,0.1752068613510565f,-0.36033997755461417f,0.9321174620479483f,-0.036223438837745044f,0.5055882931100162f,0.16538715666217657f,0.025622379254638047f,-0.9858958272010954f,-0.012790408799086073f,0f,0f,0f,1f],start_interpolation:0}
execute if entity @s[tag=aj.convict.bone.left_leg] run data modify entity @s {} merge value {transformation:[-0.9180425856065397f,-0.3612485717987314f,-0.16339302428878655f,0.062316682663952974f,-0.36033997755461417f,0.9321174620479483f,-0.036223438837745044f,0.796875f,0.16538715666217657f,0.025622379254638047f,-0.9858958272010954f,-0.004783415282011682f,0f,0f,0f,1f],start_interpolation:0}
execute if entity @s[tag=aj.convict.bone.right_leg_2] run data modify entity @s {} merge value {transformation:[-0.9466711994897371f,0.25629901812797534f,-0.19525484209949376f,-0.26638518251022536f,0.2589375165575276f,0.9658152855888505f,0.012336800312366837f,0.495033741634624f,0.191742020891829f,-0.038879910359501425f,-0.9806749461441108f,0.029782813761173102f,0f,0f,0f,1f],start_interpolation:0}
execute if entity @s[tag=aj.convict.bone.right_leg] run data modify entity @s {} merge value {transformation:[-0.9466711994897371f,0.25419243045877254f,-0.19798951576819557f,-0.18695004799185894f,0.2589375165575276f,0.9658920267692033f,0.001988754057392926f,0.796875f,0.191742020891829f,-0.04938421732844177f,-0.9802021202298915f,0.014350245846035047f,0f,0f,0f,1f],start_interpolation:0}
execute if entity @s[tag=aj.convict.bone.head] run data modify entity @s {} merge value {transformation:[-0.9998918089949923f,-0.013778669176043323f,-0.005149619447975692f,-0.07053743768230407f,-0.00849893382034412f,0.8268993132638387f,-0.5622857759606847f,1.6908767070565442f,0.012005766474458293f,-0.5621811754225936f,-0.8269269541935561f,-0.10231374261334857f,0f,0f,0f,1f],start_interpolation:0}
execute if entity @s[tag=aj.convict.bone.left_axe] run data modify entity @s {} merge value {transformation:[-0.5014102033767055f,-0.7675867728940444f,-0.39924723421438735f,1.0981912377165677f,-0.6599015557173229f,0.6377162913405187f,-0.3973007280647145f,1.3629343038506316f,0.5595692492548066f,0.06425323211327066f,-0.826289160918507f,0.3791682278185696f,0f,0f,0f,1f],start_interpolation:0}
execute if entity @s[tag=aj.convict.bone.left_arm_2] run data modify entity @s {} merge value {transformation:[-0.5014102033767055f,-0.8308431739050504f,0.24142789467067216f,0.7062378623213699f,-0.6599015557173229f,0.18677154916399547f,-0.727768043530862f,1.4497647829238625f,0.5595692492548066f,-0.5242289660046112f,-0.641923863468362f,0.06915435790343902f,0f,0f,0f,1f],start_interpolation:0}
execute if entity @s[tag=aj.convict.bone.left_arm] run data modify entity @s {} merge value {transformation:[-0.5014102033767055f,-0.8066397373099035f,0.3129219425708924f,0.305339803494083f,-0.6599015557173229f,0.12263166264961176f,-0.7412768794975662f,1.4946530383586314f,0.5595692492548066f,-0.578181467627943f,-0.5937915844637831f,-0.10525666940916922f,0f,0f,0f,1f],start_interpolation:0}
execute if entity @s[tag=aj.convict.bone.right_axe] run data modify entity @s {} merge value {transformation:[-0.6532823450248039f,0.7140448429456463f,0.2517183742630247f,-1.142452067722721f,0.5985330797444259f,0.6906765647034179f,-0.4058620891647039f,1.2392655092979674f,-0.46365971372391807f,-0.11448076359027554f,-0.8785862647670073f,0.5234279268933025f,0f,0f,0f,1f],start_interpolation:0}
execute if entity @s[tag=aj.convict.bone.right_arm_2] run data modify entity @s {} merge value {transformation:[-0.6532823450248039f,0.7081702543735225f,-0.2678004266229486f,-0.8019227556800699f,0.5985330797444259f,0.2664484429278057f,-0.7554888349360304f,1.4102588812350723f,-0.46365971372391807f,-0.6538349318305715f,-0.5979293869576626f,0.19050926169432517f,0f,0f,0f,1f],start_interpolation:0}
execute if entity @s[tag=aj.convict.bone.right_arm] run data modify entity @s {} merge value {transformation:[-0.6532823450248039f,0.6821351076627231f,-0.32850246966021135f,-0.44246038847335273f,0.5985330797444259f,0.19958933561306844f,-0.7758364837781132f,1.4946530383586314f,-0.46365971372391807f,-0.7034598723477402f,-0.5386686160024133f,-0.047855686025029036f,0f,0f,0f,1f],start_interpolation:0}
execute if entity @s[tag=aj.convict.bone.body] run data modify entity @s {} merge value {transformation:[-0.9970669226232476f,-0.009989775721091025f,-0.07587988001867901f,-0.062316682663952974f,0f,0.9914448613738104f,-0.13052619222005157f,0.875f,0.07653464451218692f,-0.1301433487985773f,-0.9885368768806174f,0.004783415282011682f,0f,0f,0f,1f],start_interpolation:0}