execute if entity @s[tag=aj.convict.bone.left_leg_2] run data modify entity @s {} merge value {transformation:[-0.9274399355319752f,-0.3577415792209043f,-0.10897765127299802f,0.17567225550092344f,-0.3603386849739583f,0.9328108274880109f,0.004471267423303303f,0.5055881149312658f,0.10005597479253367f,0.04341569552207737f,-0.9940341439259772f,-0.00036968447567023866f,0f,0f,0f,1f],start_interpolation:0}
execute if entity @s[tag=aj.convict.bone.left_leg] run data modify entity @s {} merge value {transformation:[-0.9274399355319752f,-0.36215462689157113f,-0.09326946017573282f,0.06249893459730745f,-0.3603386849739583f,0.9321180322199495f,-0.03622162505531128f,0.796875f,0.10005597479253367f,0.000015213021793278585f,-0.9949818097216049f,-0.0003649304063598391f,0f,0f,0f,1f],start_interpolation:0}
execute if entity @s[tag=aj.convict.bone.right_leg_2] run data modify entity @s {} merge value {transformation:[-0.9578581605109965f,0.2843879834837991f,-0.0403883546645388f,-0.2678259624472142f,0.25894281713752326f,0.9157700041747187f,0.3071057096615414f,0.4950341854804589f,0.12432361720676155f,0.28370543580244306f,-0.950817997253298f,0.010872263280555608f,0f,0f,0f,1f],start_interpolation:0}
execute if entity @s[tag=aj.convict.bone.right_leg] run data modify entity @s {} merge value {transformation:[-0.9578581605109965f,0.2570533076969339f,-0.12818479373371708f,-0.18749680379192235f,0.25894281713752326f,0.9658906064625314f,0.001988416537435443f,0.796875f,0.12432361720676155f,-0.03128791059672349f,-0.9917483072106138f,0.0010947912190795172f,0f,0f,0f,1f],start_interpolation:0}
execute if entity @s[tag=aj.convict.bone.head] run data modify entity @s {} merge value {transformation:[-0.969637619157634f,-0.12021486930340533f,-0.2129583825837349f,-0.0577351231053767f,-0.24165752120860826f,0.6044830013122141f,0.7590796687883881f,0.982412206207374f,0.03747705908454254f,0.7874951976507178f,-0.615180285541914f,0.8162277296670565f,0f,0f,0f,1f],start_interpolation:0}
execute if entity @s[tag=aj.convict.bone.left_axe] run data modify entity @s {} merge value {transformation:[-0.9909916403042334f,0.08894481820817526f,0.1001218665479215f,0.23012071094700437f,0.08976639196075957f,0.9959558943493325f,0.0037217449091958565f,0.27829932968545956f,-0.099385933217294f,0.01267579680874159f,-0.9949682208260684f,1.2606031187717288f,0f,0f,0f,1f],start_interpolation:0}
execute if entity @s[tag=aj.convict.bone.left_arm_2] run data modify entity @s {} merge value {transformation:[-0.9909916403042334f,0.1332183512995618f,0.01372733492531195f,0.33181562317487f,0.08976639196075957f,0.7368100837821173f,-0.6701140912645673f,0.6192649018029868f,-0.099385933217294f,-0.6628452091657722f,-0.7421311642590629f,0.8991114818324142f,0f,0f,0f,1f],start_interpolation:0}
execute if entity @s[tag=aj.convict.bone.left_arm] run data modify entity @s {} merge value {transformation:[-0.9909916403042334f,0.13390783132450848f,0.0020643539163936507f,0.31611275674798245f,0.08976639196075957f,0.6756020076144448f,-0.7317813349503248f,0.9565788701375321f,-0.099385933217294f,-0.7250038758636392f,-0.681536364591963f,0.6178178234465842f,0f,0f,0f,1f],start_interpolation:0}
execute if entity @s[tag=aj.convict.bone.right_axe] run data modify entity @s {} merge value {transformation:[-0.9961347700186591f,0.04840348598144088f,-0.07329817531642574f,-0.4636762083610951f,0.045624875045606805f,0.9981923430002336f,0.03912054642737167f,0.2187659292842835f,0.0750592481773285f,0.035625116428551096f,-0.9965425030285994f,1.2021280423431155f,0f,0f,0f,1f],start_interpolation:0}
execute if entity @s[tag=aj.convict.bone.right_arm_2] run data modify entity @s {} merge value {transformation:[-0.9961347700186591f,-0.0138327362431502f,-0.08674200463385928f,-0.502916320185471f,0.045624875045606805f,0.7623740503543763f,-0.6455262799633606f,0.6186200620491353f,0.0750592481773285f,-0.6469887655549282f,-0.7587961824553177f,0.8945395682752308f,0f,0f,0f,1f],start_interpolation:0}
execute if entity @s[tag=aj.convict.bone.right_arm] run data modify entity @s {} merge value {transformation:[-0.9961347700186591f,-0.02134016234681257f,-0.08520632271659603f,-0.43387445841970695f,0.045624875045606805f,0.7032116645324198f,-0.7095151341885638f,0.9565788701375321f,0.0750592481773285f,-0.7106602228467236f,-0.699519947482914f,0.6221969883229023f,0f,0f,0f,1f],start_interpolation:0}
execute if entity @s[tag=aj.convict.bone.body] run data modify entity @s {} merge value {transformation:[-0.9999829535569192f,0.005788934018312304f,-0.0007621276218794529f,-0.06249893459730745f,0f,0.13052619222005135f,0.9914448613738105f,0.875f,0.005838886501757425f,0.9914279607654134f,-0.13052396721274512f,0.0003649304063598391f,0f,0f,0f,1f],start_interpolation:0}