execute if entity @s[tag=aj.convict.bone.left_leg_2] run data modify entity @s {} merge value {transformation:[-0.8374888615089777f,-0.13225179105204093f,0.5302092705827798f,0.00706611563634002f,-0.07190283341348941f,0.9885054421977975f,0.13299238058042673f,0.5070468895637026f,-0.5417032300028384f,0.07325608854466892f,-0.8373715758823125f,0.14261123151775076f,0f,0f,0f,1f],start_interpolation:0}
execute if entity @s[tag=aj.convict.bone.left_leg] run data modify entity @s {} merge value {transformation:[-0.8374888615089777f,0.14368235242422098f,0.5272265058304998f,0.05196685076890908f,-0.07190283341348941f,0.9274499533961517f,-0.36696943536565574f,0.796875f,-0.5417032300028384f,-0.345241894252882f,-0.7663978373254805f,0.03472313956372513f,0f,0f,0f,1f],start_interpolation:0}
execute if entity @s[tag=aj.convict.bone.right_leg_2] run data modify entity @s {} merge value {transformation:[-0.8638103441438552f,-0.11879899112979767f,0.4896105483510506f,-0.12939669854548053f,0.03422019500804619f,0.9557232532177363f,0.29227049374255665f,0.49263252364666216f,-0.5026536258734094f,0.26922084422542175f,-0.821498307625077f,-0.1704288430637966f,0f,0f,0f,1f],start_interpolation:0}
execute if entity @s[tag=aj.convict.bone.right_leg] run data modify entity @s {} merge value {transformation:[-0.8638103441438552f,-0.0848123320359894f,0.49662718178195936f,-0.15590055230672722f,0.03422019500804619f,0.9735759243306811f,0.22578506996095024f,0.796875f,-0.5026536258734094f,0.21203015799238792f,-0.8380826597048989f,-0.10416941869117538f,0f,0f,0f,1f],start_interpolation:0}
execute if entity @s[tag=aj.convict.bone.head] run data modify entity @s {} merge value {transformation:[-0.9940265949840985f,-0.07779689623038498f,0.0765426116698249f,-0.11756997285085741f,-0.0699756492153451f,0.9925197561272453f,0.10003970318830696f,1.6894008265810592f,-0.08375283267573613f,0.0940860065792586f,-0.9920349219582734f,0.06345887099296638f,0f,0f,0f,1f],start_interpolation:0}
execute if entity @s[tag=aj.convict.bone.left_axe] run data modify entity @s {} merge value {transformation:[-0.9953100638509f,-0.09477657496901032f,-0.019372083890495946f,0.3239927880401217f,-0.08165055070157272f,0.7156890801221271f,0.6936298206998265f,0.5629311398692282f,-0.051875469802660445f,0.6919584824475287f,-0.7200711035735748f,0.288436572391106f,0f,0f,0f,1f],start_interpolation:0}
execute if entity @s[tag=aj.convict.bone.left_arm_2] run data modify entity @s {} merge value {transformation:[-0.9953100638509f,-0.08094716979696048f,0.05296633363731056f,0.3194292038488356f,-0.08165055070157272f,0.9965975252904475f,-0.0112498957811063f,1.0679352263072848f,-0.051875469802660445f,-0.015521864798338544f,-0.9985329275221398f,0.24126002631443788f,0f,0f,0f,1f],start_interpolation:0}
execute if entity @s[tag=aj.convict.bone.left_arm] run data modify entity @s {} merge value {transformation:[-0.9953100638509f,-0.07602282122848424f,0.05981979145382216f,0.21000911044689938f,-0.08165055070157272f,0.991824677803062f,-0.0980662840683898f,1.4935321167622937f,-0.051875469802660445f,-0.10249067837278739f,-0.993380388612257f,0.24818429455317698f,0f,0f,0f,1f],start_interpolation:0}
execute if entity @s[tag=aj.convict.bone.right_axe] run data modify entity @s {} merge value {transformation:[-0.7329279036386996f,-0.40896924608694263f,0.5436550779886624f,-0.4278376648341334f,0.030038853715903705f,0.7788986033937485f,0.6264300702382531f,0.5584974016393167f,-0.6796428145248173f,0.47545885351557593f,-0.5585915531749819f,-0.2526556120017205f,0f,0f,0f,1f],start_interpolation:0}
execute if entity @s[tag=aj.convict.bone.right_arm_2] run data modify entity @s {} merge value {transformation:[-0.7329279036386996f,0.012435323571841163f,0.6801926571166763f,-0.46116283265306146f,0.030038853715903705f,0.9994493366747695f,0.014095768435867531f,1.0633353555985137f,-0.6796428145248173f,0.030763389735636623f,-0.7328978499878123f,-0.24479071043443384f,0f,0f,0f,1f],start_interpolation:0}
execute if entity @s[tag=aj.convict.bone.right_arm] run data modify entity @s {} merge value {transformation:[-0.7329279036386996f,0.07167069965383058f,0.6765205088383582f,-0.4135930987800095f,0.030038853715903705f,0.9968746573743444f,-0.07306561949520363f,1.4935321167622937f,-0.6796428145248173f,-0.03322993072387831f,-0.7327901584825431f,-0.16849338021152455f,0f,0f,0f,1f],start_interpolation:0}
execute if entity @s[tag=aj.convict.bone.body] run data modify entity @s {} merge value {transformation:[-0.8314696123025452f,-0.07972022943623357f,0.5498208515835765f,-0.05196685076890908f,0f,0.9896513868196701f,0.14349262199118004f,0.875f,-0.5555702330196021f,0.11930975477528215f,-0.8228650549136274f,-0.03472313956372513f,0f,0f,0f,1f],start_interpolation:0}