execute if entity @s[tag=aj.convict.bone.left_leg_2] run data modify entity @s {} merge value {transformation:[-0.9001108289985206f,-0.1735937493609814f,0.3995819136327277f,0.060233890880175674f,-0.14868763285409314f,0.984522525546493f,0.09277599111732299f,0.5002446756544643f,-0.40950272692113093f,0.024095785406413994f,-0.9119906303081222f,0.12613669335800096f,0f,0f,0f,1f],start_interpolation:0}
execute if entity @s[tag=aj.convict.bone.left_leg] run data modify entity @s {} merge value {transformation:[-0.9001108289985206f,-0.013800822321710413f,0.4354423415595232f,0.05592113390464117f,-0.14868763285409314f,0.9492170379057144f,-0.2772706309470008f,0.796875f,-0.40950272692113093f,-0.3143191884895768f,-0.8564525464912879f,0.027911946955008204f,0f,0f,0f,1f],start_interpolation:0}
execute if entity @s[tag=aj.convict.bone.right_leg_2] run data modify entity @s {} merge value {transformation:[-0.9224372732458066f,0.0063280046184889145f,0.38609510911741635f,-0.1749176423677065f,0.09338953004872924f,0.9738393424209947f,0.20716015743941182f,0.4900520754041297f,-0.37468369674182356f,0.2271494915481714f,-0.8988966769797785f,-0.14259805100960427f,0f,0f,0f,1f],start_interpolation:0}
execute if entity @s[tag=aj.convict.bone.right_leg] run data modify entity @s {} merge value {transformation:[-0.9224372732458066f,0.022893570092105492f,0.3854677176824009f,-0.1677634017139235f,0.09338953004872924f,0.9818333587067849f,0.16517158171983248f,0.796875f,-0.37468369674182356f,0.18835907246265488f,-0.9078177059392979f,-0.08373584086502461f,0f,0f,0f,1f],start_interpolation:0}
execute if entity @s[tag=aj.convict.bone.head] run data modify entity @s {} merge value {transformation:[-0.9912030264439844f,-0.10571402140329417f,0.07963106207397941f,-0.14067417171785693f,-0.0830626996278693f,0.9653034020175586f,0.247568031021491f,1.675735044132328f,-0.10303954725646103f,0.2387758106091809f,-0.9655925455227542f,0.14188939237892012f,0f,0f,0f,1f],start_interpolation:0}
execute if entity @s[tag=aj.convict.bone.left_axe] run data modify entity @s {} merge value {transformation:[-0.9408803215938731f,-0.11742959382766179f,-0.3177333959955741f,0.5439260653800287f,-0.3356902432606046f,0.4488024410981293f,0.8281838138022235f,0.6442701459622073f,0.04534623487177325f,0.8858818540628487f,-0.4616893540305249f,0.006093292075979889f,0f,0f,0f,1f],start_interpolation:0}
execute if entity @s[tag=aj.convict.bone.left_arm_2] run data modify entity @s {} merge value {transformation:[-0.9408803215938731f,-0.30738040651028825f,-0.14234291738959085f,0.41524478506573503f,-0.3356902432606046f,0.9023467834199288f,0.27033746139102527f,1.12203176614496f,0.04534623487177325f,0.302138326177395f,-0.9521849352083217f,0.1177200921580234f,0f,0f,0f,1f],start_interpolation:0}
execute if entity @s[tag=aj.convict.bone.left_arm] run data modify entity @s {} merge value {transformation:[-0.9408803215938731f,-0.31861673395279294f,-0.11501129197894044f,0.21523629001174563f,-0.3356902432606046f,0.9224745437231249f,0.19066404160839717f,1.48315304411239f,0.04534623487177325f,0.2180002133670233f,-0.9748946742878875f,0.2685227446582752f,0f,0f,0f,1f],start_interpolation:0}
execute if entity @s[tag=aj.convict.bone.right_axe] run data modify entity @s {} merge value {transformation:[-0.7600917090623233f,-0.41788925697450763f,0.4976235150392417f,-0.43667007667632923f,0.27353455005647165f,0.48888118221155785f,0.8283562274799614f,0.6700506937254026f,-0.5894399407404626f,0.7657439249414413f,-0.2572873834356369f,-0.5355411346569762f,0f,0f,0f,1f],start_interpolation:0}
execute if entity @s[tag=aj.convict.bone.right_arm_2] run data modify entity @s {} merge value {transformation:[-0.7600917090623233f,-0.025615862838157068f,0.6493107279152048f,-0.48945972719784875f,0.27353455005647165f,0.8937699942915021f,0.3554631446853136f,1.1226472073352647f,-0.5894399407404626f,0.4477935069596536f,-0.6723403389539071f,-0.31553333499854375f,0f,0f,0f,1f],start_interpolation:0}
execute if entity @s[tag=aj.convict.bone.right_arm] run data modify entity @s {} merge value {transformation:[-0.7600917090623233f,0.03107277201905482f,0.6490724741150007f,-0.4558173168439484f,0.27353455005647165f,0.9213495840211507f,0.2762133124044824f,1.48315304411239f,-0.5894399407404626f,0.387491195852376f,-0.7088096566757366f,-0.06642061880182323f,0f,0f,0f,1f],start_interpolation:0}
execute if entity @s[tag=aj.convict.bone.body] run data modify entity @s {} merge value {transformation:[-0.8947381424742588f,-0.10299100721833632f,0.43455322899946985f,-0.05592113390464117f,0f,0.9730448705798238f,0.23061587074244022f,0.875f,-0.44659115128013127f,0.20634081581317473f,-0.8706203600466971f,-0.027911946955008204f,0f,0f,0f,1f],start_interpolation:0}