execute if entity @s[tag=aj.convict.bone.left_leg_2] run data modify entity @s {} merge value {transformation:[-0.9268682704730749f,-0.36215041211545695f,-0.09880429239084454f,0.17566794055837048f,-0.36033997755461417f,0.9321174620479483f,-0.036223438837745044f,0.5055882931100162f,0.10521553956612584f,0.002028780396288482f,-0.994447371299212f,-0.0013466557529304341f,0f,0f,0f,1f],start_interpolation:0}
execute if entity @s[tag=aj.convict.bone.left_leg] run data modify entity @s {} merge value {transformation:[-0.9268682704730749f,-0.36215041211545695f,-0.09880429239084454f,0.06249593677229018f,-0.36033997755461417f,0.9321174620479483f,-0.036223438837745044f,0.796875f,0.10521553956612584f,0.002028780396288482f,-0.994447371299212f,-0.0007126618790902834f,0f,0f,0f,1f],start_interpolation:0}
execute if entity @s[tag=aj.convict.bone.right_leg_2] run data modify entity @s {} merge value {transformation:[-0.9571533394278791f,0.26155607647340534f,-0.12428155004624591f,-0.26775972308160484f,0.2589375165575276f,0.9651826551575126f,0.03706487153780638f,0.495033741634624f,0.1296489388351464f,0.0032956096449817326f,-0.9915544824244346f,0.0123617212313285f,0f,0f,0f,1f],start_interpolation:0}
execute if entity @s[tag=aj.convict.bone.right_leg] run data modify entity @s {} merge value {transformation:[-0.9571533394278791f,0.2568701208471498f,-0.13369826415488748f,-0.18748781031687053f,0.2589375165575276f,0.9658920267692033f,0.001988754057392926f,0.796875f,0.1296489388351464f,-0.03271595390098449f,-0.9910200901188982f,0.00213798563727085f,0f,0f,0f,1f],start_interpolation:0}
execute if entity @s[tag=aj.convict.bone.head] run data modify entity @s {} merge value {transformation:[-0.9999730944249577f,0.0073232879713574185f,-0.00042412199078707344f,-0.05646441393928314f,0.005422336442428755f,0.7768688541634601f,0.6296390884453236f,1.5053908992425846f,0.004940515527716364f,0.6296198479114532f,-0.7768876613914519f,0.5296390443220594f,0f,0f,0f,1f],start_interpolation:0}
execute if entity @s[tag=aj.convict.bone.left_axe] run data modify entity @s {} merge value {transformation:[-0.5618392256124916f,0.07290081035130863f,-0.824028007056361f,0.847427331166031f,-0.8128294368649316f,-0.23380669024473177f,0.5335192013064218f,1.1784946106164509f,-0.15376927888558922f,0.9695462358479492f,0.19061769441497128f,-0.35591456226718815f,0f,0f,0f,1f],start_interpolation:0}
execute if entity @s[tag=aj.convict.bone.left_arm_2] run data modify entity @s {} merge value {transformation:[-0.5618392256124916f,-0.5260089052528174f,-0.6384757757017006f,0.5750596218244947f,-0.8128294368649316f,0.20755792742313986f,0.5442683284278527f,1.3334344217202272f,-0.15376927888558922f,0.8247632013848238f,-0.5441697074557375f,0.04294013052543988f,0f,0f,0f,1f],start_interpolation:0}
execute if entity @s[tag=aj.convict.bone.left_arm] run data modify entity @s {} merge value {transformation:[-0.5618392256124916f,-0.5796541130195689f,-0.5902014857848568f,0.3170605861192025f,-0.8128294368649316f,0.2542042172639991f,0.5241073577913554f,1.3537777769493613f,-0.15376927888558922f,0.7741972133666555f,-0.6139818268371725f,0.39815282873436364f,0f,0f,0f,1f],start_interpolation:0}
execute if entity @s[tag=aj.convict.bone.right_axe] run data modify entity @s {} merge value {transformation:[-0.6258330503952121f,0.030410037655944855f,0.7793639859800991f,-0.9109661517920812f,0.772407896916582f,-0.11452524443883985f,0.6247159427828999f,1.1263078808812945f,0.10825448634549656f,0.9929547814457556f,0.04818472984343403f,-0.368716000490594f,0f,0f,0f,1f],start_interpolation:0}
execute if entity @s[tag=aj.convict.bone.right_arm_2] run data modify entity @s {} merge value {transformation:[-0.6258330503952121f,0.5081561483730165f,0.5917012099900802f,-0.6887022852739086f,0.772407896916582f,0.2985002550492253f,0.5606100592358746f,1.2913685501560086f,0.10825448634549656f,0.8078829906652625f,-0.5793151470312375f,0.05482565312036625f,0f,0f,0f,1f],start_interpolation:0}
execute if entity @s[tag=aj.convict.bone.right_arm] run data modify entity @s {} merge value {transformation:[-0.6258330503952121f,0.5577926192532948f,0.5451608817033491f,-0.4328906551482796f,0.772407896916582f,0.34622475756358334f,0.5324607572684971f,1.3537777769493613f,0.10825448634549656f,0.7543181100547613f,-0.6475223201013892f,0.40670477128344706f,0f,0f,0f,1f],start_interpolation:0}
execute if entity @s[tag=aj.convict.bone.body] run data modify entity @s {} merge value {transformation:[-0.9999349883566429f,0.007329443612402573f,-0.00873489075679745f,-0.06249593677229018f,0f,0.7660444431189781f,0.6427876096865394f,0.875f,0.011402590065444534f,0.642745821007704f,-0.7659946413108464f,0.0007126618790902834f,0f,0f,0f,1f],start_interpolation:0}