execute if entity @s[tag=aj.convict.bone.left_leg_2] run data modify entity @s {} merge value {transformation:[-0.9180213811646019f,-0.36124528493067143f,-0.16351938062503374f,0.17520522062490282f,-0.36033997755461417f,0.9321174620479483f,-0.036223438837745044f,0.5055882931100162f,0.16550481654796886f,0.025668678591810868f,-0.9858748777805292f,-0.012812864141760234f,0f,0f,0f,1f],start_interpolation:0}
execute if entity @s[tag=aj.convict.bone.left_leg] run data modify entity @s {} merge value {transformation:[-0.9180213811646019f,-0.36124528493067143f,-0.16351938062503374f,0.06231606908406801f,-0.36033997755461417f,0.9321174620479483f,-0.036223438837745044f,0.796875f,0.16550481654796886f,0.025668678591810868f,-0.9858748777805292f,-0.004791402081819338f,0f,0f,0f,1f],start_interpolation:0}
execute if entity @s[tag=aj.convict.bone.right_leg_2] run data modify entity @s {} merge value {transformation:[-0.946646617032417f,0.25581389051341596f,-0.19600876480777663f,-0.26638136319777395f,0.2589375165575276f,0.9658426472333957f,0.009967111126426686f,0.495033741634624f,0.19186334975732178f,-0.04131869075341621f,-0.9805514880995914f,0.029816954865217633f,0f,0f,0f,1f],start_interpolation:0}
execute if entity @s[tag=aj.convict.bone.right_leg] run data modify entity @s {} merge value {transformation:[-0.946646617032417f,0.2541860990258237f,-0.19811514208438083f,-0.18694820725220404f,0.2589375165575276f,0.9658920267692033f,0.001988754057392926f,0.796875f,0.19186334975732178f,-0.04941679558323079f,-0.9801767367848436f,0.014374206245458014f,0f,0f,0f,1f],start_interpolation:0}
execute if entity @s[tag=aj.convict.bone.head] run data modify entity @s {} merge value {transformation:[-0.9978223672676271f,-0.04098151609482392f,0.051682092827189705f,-0.11399375850307313f,-0.05262398499414935f,0.022247007230635107f,-0.9983665593721656f,1.3470057285756394f,0.039764803328623526f,-0.9989122013509744f,-0.02435517210750393f,-0.6673188506058317f,0f,0f,0f,1f],start_interpolation:0}
execute if entity @s[tag=aj.convict.bone.left_axe] run data modify entity @s {} merge value {transformation:[-0.5862570381291412f,-0.41354912938479005f,0.6966202716179947f,0.10870584697902222f,-0.09047394995332542f,-0.8210908560293017f,-0.563581644950323f,2.15526178302156f,0.8050572337566377f,-0.39342969350336415f,0.44395487005545875f,-0.5991151938151381f,0f,0f,0f,1f],start_interpolation:0}
execute if entity @s[tag=aj.convict.bone.left_arm_2] run data modify entity @s {} merge value {transformation:[-0.5862570381291412f,0.17934848017120703f,0.7900232957985003f,0.25177960005436184f,-0.09047394995332542f,-0.9835809064365981f,0.15615077608902028f,1.6686850645651947f,0.8050572337566377f,0.02006796336548102f,0.5928575943871108f,-0.5921453762635198f,0f,0f,0f,1f],start_interpolation:0}
execute if entity @s[tag=aj.convict.bone.left_arm] run data modify entity @s {} merge value {transformation:[-0.5862570381291412f,0.24752107219064012f,0.7713857686434475f,0.2723314773170117f,-0.09047394995332542f,-0.9662286472657504f,0.2412812996956899f,1.233485272719404f,0.8050572337566377f,0.07166254268859007f,0.588852553999315f,-0.5344203642317801f,0f,0f,0f,1f],start_interpolation:0}
execute if entity @s[tag=aj.convict.bone.right_axe] run data modify entity @s {} merge value {transformation:[-0.753757555369526f,0.37328144688375525f,-0.5408424069317476f,-0.4671657819995509f,0.038645066814111895f,-0.7964060393793022f,-0.603526287125181f,2.172259147200103f,-0.6560153249233504f,-0.47581338973650555f,0.585871582868778f,-0.4914460570434073f,0f,0f,0f,1f],start_interpolation:0}
execute if entity @s[tag=aj.convict.bone.right_arm_2] run data modify entity @s {} merge value {transformation:[-0.753757555369526f,-0.06772685290353223f,-0.653653288157521f,-0.5132052880332059f,0.038645066814111895f,-0.9975219210906158f,0.05879265051535236f,1.6691917332947517f,-0.6560153249233504f,0.019054929532035456f,0.7545069934243422f,-0.5203826116982005f,0f,0f,0f,1f],start_interpolation:0}
execute if entity @s[tag=aj.convict.bone.right_arm] run data modify entity @s {} merge value {transformation:[-0.753757555369526f,-0.12443876960975613f,-0.6452631558839896f,-0.4754613516918045f,0.038645066814111895f,-0.988601931896995f,0.14550869066987843f,1.233485272719404f,-0.6560153249233504f,0.08474203719252654f,0.7499751199861044f,-0.4769235392499481f,0f,0f,0f,1f],start_interpolation:0}
execute if entity @s[tag=aj.convict.bone.body] run data modify entity @s {} merge value {transformation:[-0.9970571053450882f,-0.06279818896532546f,-0.04397176529943872f,-0.06231606908406801f,0f,0.5735764363510463f,-0.8191520442889917f,0.875f,0.0766624333091094f,-0.8167413661162936f,-0.5718884613223254f,0.004791402081819338f,0f,0f,0f,1f],start_interpolation:0}