execute if entity @s[tag=aj.convict.bone.left_leg_2] run data modify entity @s {} merge value {transformation:[-0.9209099787235248f,-0.32632498711998065f,-0.21315912804424214f,0.17540599810800162f,-0.3603270516895012f,0.921275982157816f,0.14633858178861442f,0.5055865113956439f,0.148624449227537f,0.2115716603902703f,-0.9659959656290057f,-0.009600347253308657f,0f,0f,0f,1f],start_interpolation:0}
execute if entity @s[tag=aj.convict.bone.left_leg] run data modify entity @s {} merge value {transformation:[-0.9209099787235248f,-0.3616400269258792f,-0.14540048835023406f,0.06239348969366435f,-0.3603270516895012f,0.9321231635339394f,-0.0362053010515363f,0.796875f,0.148624449227537f,0.019049906260404394f,-0.9887102073728585f,-0.003647251546932284f,0f,0f,0f,1f],start_interpolation:0}
execute if entity @s[tag=aj.convict.bone.right_leg_2] run data modify entity @s {} merge value {transformation:[-0.9499891996986016f,0.2953127476654683f,-0.10154260939271582f,-0.26689934162038165f,0.2589905218078103f,0.9267352958243993f,0.2721867026270412f,0.4950381804878166f,0.1744833231851352f,0.23227585440491805f,-0.9568717246270458f,0.024930526846332138f,0f,0f,0f,1f],start_interpolation:0}
execute if entity @s[tag=aj.convict.bone.right_leg] run data modify entity @s {} merge value {transformation:[-0.9499891996986016f,0.2551003921260434f,-0.18012304237145532f,-0.18718046908099306f,0.2589905218078103f,0.9658778224389868f,0.0019853801246151187f,0.796875f,0.1744833231851352f,-0.04476407105771292f,-0.9836420832155423f,0.010941754640796851f,0f,0f,0f,1f],start_interpolation:0}
execute if entity @s[tag=aj.convict.bone.head] run data modify entity @s {} merge value {transformation:[-0.9973909419155764f,-0.04678480831167615f,-0.05497718341274826f,-0.05097930033080033f,-0.003372898622044502f,0.7909383375172634f,-0.611886566121788f,1.6743337806467604f,0.07211055775435836f,-0.6101046860635211f,-0.7890325338689703f,0.19890965591067822f,0f,0f,0f,1f],start_interpolation:0}
execute if entity @s[tag=aj.convict.bone.left_axe] run data modify entity @s {} merge value {transformation:[-0.9964213513796707f,0.06961007090540769f,0.047947143223083494f,0.2818748686270266f,-0.07877953845644378f,-0.559248064753067f,-0.8252486815442605f,2.3999135515795853f,-0.030631272178942612f,-0.8260726603020432f,0.5627305616955651f,0.32170443893599093f,0f,0f,0f,1f],start_interpolation:0}
execute if entity @s[tag=aj.convict.bone.left_arm_2] run data modify entity @s {} merge value {transformation:[-0.9964213513796707f,0.08370124652002202f,-0.011772503799331268f,0.3577297143096358f,-0.07877953845644378f,-0.9701118517404314f,-0.22951422490412662f,1.9038466161108023f,-0.030631272178942612f,-0.22776544172403945f,0.9732341078697119f,0.24795338443092646f,0f,0f,0f,1f],start_interpolation:0}
execute if entity @s[tag=aj.convict.bone.left_arm] run data modify entity @s {} merge value {transformation:[-0.9964213513796707f,0.08235669669428575f,-0.019022750177516097f,0.320636450853028f,-0.07877953845644378f,-0.9864237660024555f,-0.14409003499938405f,1.482088793633288f,-0.030631272178942612f,-0.1420757839152733f,0.989381724507564f,0.13006426499716517f,0f,0f,0f,1f],start_interpolation:0}
execute if entity @s[tag=aj.convict.bone.right_axe] run data modify entity @s {} merge value {transformation:[-0.9956090590082669f,-0.07522186004916587f,-0.055716006599692496f,-0.37981264436268164f,0.08792981129163085f,-0.5473544391076486f,-0.832268866578205f,2.380751203192525f,0.03210840866333086f,-0.8335135210420377f,0.5515652820230924f,0.44150967203492497f,0f,0f,0f,1f],start_interpolation:0}
execute if entity @s[tag=aj.convict.bone.right_arm_2] run data modify entity @s {} merge value {transformation:[-0.9956090590082669f,-0.09312242308676365f,0.009529739719586365f,-0.4610795728656431f,0.08792981129163085f,-0.9652690110401269f,-0.2460164315890992f,1.9021366753176645f,0.03210840866333086f,-0.24409823973979308f,0.9692188088605397f,0.29882959885247257f,0f,0f,0f,1f],start_interpolation:0}
execute if entity @s[tag=aj.convict.bone.right_arm] run data modify entity @s {} merge value {transformation:[-0.9956090590082669f,-0.0919374926090379f,0.017609630133434813f,-0.42808542547094425f,0.08792981129163085f,-0.9830376158537134f,-0.1609515271840115f,1.482088793633288f,0.03210840866333086f,-0.1586963870710688f,0.9868052020655842f,0.1738312835603526f,0f,0f,0f,1f],start_interpolation:0}
execute if entity @s[tag=aj.convict.bone.body] run data modify entity @s {} merge value {transformation:[-0.9982958350986296f,0.013870403815529996f,-0.05668366186762915f,-0.06239348969366435f,0f,0.9713420698132608f,0.23768589232617574f,0.875f,0.058356024750916544f,0.23728083637092257f,-0.9696867427506606f,0.003647251546932284f,0f,0f,0f,1f],start_interpolation:0}