execute if entity @s[tag=aj.convict.bone.left_leg_2] run data modify entity @s {} merge value {transformation:[-0.902268349575082f,-0.16599459536707953f,0.3979417289804847f,0.05580203023644986f,-0.13777070294899837f,0.9855316411498125f,0.09872495987082552f,0.5009261683595201f,-0.4085719750105198f,0.03425169487013485f,-0.9120831994037203f,0.1279948009023134f,0f,0f,0f,1f],start_interpolation:0}
execute if entity @s[tag=aj.convict.bone.left_leg] run data modify entity @s {} merge value {transformation:[-0.902268349575082f,0.0008080515498981033f,0.4311741787349408f,0.056054546345793016f,-0.13777070294899837f,0.9470362612495355f,-0.29007163475155645f,0.796875f,-0.4085719750105198f,-0.32112562484360263f,-0.8543695185953261f,0.027643043138687595f,0f,0f,0f,1f],start_interpolation:0}
execute if entity @s[tag=aj.convict.bone.right_leg_2] run data modify entity @s {} merge value {transformation:[-0.9241177416360528f,-0.03320465708196401f,0.38066238367029515f,-0.17203286252557265f,0.08496072051426283f,0.953423809180138f,0.28942134692889016f,0.49027701211549174f,-0.3725427164274979f,0.29980075189449557f,-0.8782547657714795f,-0.14325286383933394f,0f,0f,0f,1f],start_interpolation:0}
execute if entity @s[tag=aj.convict.bone.right_leg] run data modify entity @s {} merge value {transformation:[-0.9241177416360528f,0.012381515162219553f,0.38190718463491824f,-0.16816363903737905f,0.08496072051426283f,0.9811135612304264f,0.17377530301929475f,0.796875f,-0.3725427164274979f,0.19303595015446767f,-0.9077163909420073f,-0.08292912941606279f,0f,0f,0f,1f],start_interpolation:0}
execute if entity @s[tag=aj.convict.bone.head] run data modify entity @s {} merge value {transformation:[-0.9814472736090625f,-0.1891292368386846f,-0.03148620171050692f,-0.20843280252741045f,-0.1902383549826847f,0.9401199799684916f,0.28281405827420425f,1.6223263426567178f,-0.023887599687285876f,0.28355696964959215f,-0.9586578261008044f,0.28134949362255696f,0f,0f,0f,1f],start_interpolation:0}
execute if entity @s[tag=aj.convict.bone.left_axe] run data modify entity @s {} merge value {transformation:[-0.9777380093999213f,-0.20818849385028898f,-0.026190379971048214f,0.35712121312172984f,-0.18760007276795704f,0.8114085499519075f,0.5535543132903944f,0.5472247773909762f,-0.09399254051326056f,0.5461444095596797f,-0.83240115703582f,0.5775052551074202f,0f,0f,0f,1f],start_interpolation:0}
execute if entity @s[tag=aj.convict.bone.left_arm_2] run data modify entity @s {} merge value {transformation:[-0.9777380093999213f,-0.16740122002703975f,0.12651172478524797f,0.31137846361643823f,-0.18760007276795704f,0.9674784400601818f,-0.16968111478940298f,1.0346448456568194f,-0.09399254051326056f,-0.1896372841826625f,-0.9773449251803005f,0.44482195533330393f,0f,0f,0f,1f],start_interpolation:0}
execute if entity @s[tag=aj.convict.bone.left_arm] run data modify entity @s {} merge value {transformation:[-0.9777380093999213f,-0.15573798450508114f,0.14062028714582692f,0.16454243987717762f,-0.18760007276795704f,0.9490082089163047f,-0.25335672895529093f,1.4425894836406759f,-0.09399254051326056f,-0.27409687993802956f,-0.9570978543159003f,0.3728930323025309f,0f,0f,0f,1f],start_interpolation:0}
execute if entity @s[tag=aj.convict.bone.right_axe] run data modify entity @s {} merge value {transformation:[-0.8385007201980678f,-0.22946497572113533f,0.4942290634357924f,-0.6451433043974268f,0.07559312774259484f,0.8492520700256296f,0.5225481801664561f,0.513768722801799f,-0.5396315606646942f,0.4755173461341679f,-0.6947524971240511f,0.05069256018255974f,0f,0f,0f,1f],start_interpolation:0}
execute if entity @s[tag=aj.convict.bone.right_arm_2] run data modify entity @s {} merge value {transformation:[-0.8385007201980678f,0.13270064829210565f,0.5284951089368535f,-0.6181898928136572f,0.07559312774259484f,0.9888430415641257f,-0.12835543692536222f,1.0178534082027768f,-0.5396315606646942f,-0.06767552802205377f,-0.8391768595722374f,0.015966103514418573f,0f,0f,0f,1f],start_interpolation:0}
execute if entity @s[tag=aj.convict.bone.right_arm] run data modify entity @s {} merge value {transformation:[-0.8385007201980678f,0.17825706601982907f,0.5149184019253187f,-0.5081121162723385f,0.07559312774259484f,0.9738932818101674f,-0.2140503554846701f,1.4425894836406759f,-0.5396315606646942f,-0.1405570846987949f,-0.8300852273565422f,0.04117651463827976f,0f,0f,0f,1f],start_interpolation:0}
execute if entity @s[tag=aj.convict.bone.body] run data modify entity @s {} merge value {transformation:[-0.8968727415326883f,-0.18516846696285993f,0.4016614548824223f,-0.056054546345793016f,0f,0.9081431738250814f,0.4186597375374279f,0.875f,-0.4422886902190015f,0.3754845065745487f,-0.8144888580126973f,-0.027643043138687595f,0f,0f,0f,1f],start_interpolation:0}