execute if entity @s[tag=aj.convict.bone.left_leg_2] run data modify entity @s {} merge value {transformation:[-0.9524366192705924f,-0.2390043375745477f,0.1890539946495611f,0.1198549817874812f,-0.23510455958610615f,0.9710126581776677f,0.04313077463439169f,0.4981787562860838f,-0.1938822641043469f,-0.003368126970777263f,-0.9810190229483223f,0.086164648330887f,0f,0f,0f,1f],start_interpolation:0}
execute if entity @s[tag=aj.convict.bone.left_leg] run data modify entity @s {} merge value {transformation:[-0.9524366192705924f,-0.19035077646212617f,0.23797283074475187f,0.060370364143066776f,-0.23510455958610615f,0.9558279798845317f,-0.17640498556355544f,0.796875f,-0.1938822641043469f,-0.2239630656383343f,-0.9551179052324648f,0.016176190318907532f,0f,0f,0f,1f],start_interpolation:0}
execute if entity @s[tag=aj.convict.bone.right_leg_2] run data modify entity @s {} merge value {transformation:[-0.9733370549981609f,0.10322034513070669f,0.20484271458513015f,-0.22517114431583954f,0.16040311596152507f,0.944659833887527f,0.28616190981579553f,0.4899298199504956f,-0.16396895363861064f,0.3113894002542279f,-0.9360292856807267f,-0.08725347601953734f,0f,0f,0f,1f],start_interpolation:0}
execute if entity @s[tag=aj.convict.bone.right_leg] run data modify entity @s {} merge value {transformation:[-0.9733370549981609f,0.14099216603724551f,0.18093144139047002f,-0.18111109242920032f,0.16040311596152507f,0.982224576158414f,0.0974972942201867f,0.796875f,-0.16396895363861064f,0.12391969620100718f,-0.9786511590633863f,-0.0485285709567226f,0f,0f,0f,1f],start_interpolation:0}
execute if entity @s[tag=aj.convict.bone.head] run data modify entity @s {} merge value {transformation:[-0.9558159216211262f,-0.24388606996385198f,-0.16412040961789115f,-0.2223266147971592f,-0.2939413502960368f,0.8001263599108255f,0.52287311153089f,1.4094417584067234f,0.003795597673597245f,0.5480122198030253f,-0.8364617148350908f,0.5882527657255263f,0f,0f,0f,1f],start_interpolation:0}
execute if entity @s[tag=aj.convict.bone.left_axe] run data modify entity @s {} merge value {transformation:[-0.9683605612708324f,-0.23382777546346833f,0.08719171289202209f,0.3145589462655966f,-0.18562286890246682f,0.9084135618740298f,0.37460506022177026f,0.4373173666356476f,-0.16679920238315463f,0.34656799047970993f,-0.9230756491529821f,0.9279779815329654f,0f,0f,0f,1f],start_interpolation:0}
execute if entity @s[tag=aj.convict.bone.left_arm_2] run data modify entity @s {} merge value {transformation:[-0.9683605612708324f,-0.10959386102021626f,0.2242030530611046f,0.3016757374990446f,-0.18562286890246682f,0.916801023345096f,-0.3535817220018628f,0.8915348396973235f,-0.16679920238315463f,-0.3840118086987255f,-0.9081370804368012f,0.7025981017369324f,0f,0f,0f,1f],start_interpolation:0}
execute if entity @s[tag=aj.convict.bone.left_arm] run data modify entity @s {} merge value {transformation:[-0.9683605612708324f,-0.08963623967590986f,0.23290162711325527f,0.17884710452354624f,-0.18562286890246682f,0.8824956410584028f,-0.43214071094186013f,1.2809050302063645f,-0.16679920238315463f,-0.4616998895924512f,-0.8712125102606494f,0.5399408019928797f,0f,0f,0f,1f],start_interpolation:0}
execute if entity @s[tag=aj.convict.bone.right_axe] run data modify entity @s {} merge value {transformation:[-0.9531446761509033f,-0.014349145268497815f,0.30217433437546215f,-0.7477293451203233f,0.09993380269504734f,0.9278634504109065f,0.35928074325028075f,0.3920668601349658f,-0.2855318920963075f,0.37264395798352945f,-0.8829541433020586f,0.5709607827628478f,0f,0f,0f,1f],start_interpolation:0}
execute if entity @s[tag=aj.convict.bone.right_arm_2] run data modify entity @s {} merge value {transformation:[-0.9531446761509033f,0.185335356052189f,0.2390941909001521f,-0.6919847940518209f,0.09993380269504734f,0.9388870804611944f,-0.3293998864935469f,0.8760733025012906f,-0.2855318920963075f,-0.29007215643708817f,-0.9134164891525881f,0.4343441951221237f,0f,0f,0f,1f],start_interpolation:0}
execute if entity @s[tag=aj.convict.bone.right_arm] run data modify entity @s {} merge value {transformation:[-0.9531446761509033f,0.2054685308626897f,0.22203132470513698f,-0.545597265193255f,0.09993380269504734f,0.9066052398939406f,-0.40997582133066995f,1.2809050302063645f,-0.2855318920963075f,-0.36857783685671874f,-0.8846592093986952f,0.34582651816598925f,0f,0f,0f,1f],start_interpolation:0}
execute if entity @s[tag=aj.convict.bone.body] run data modify entity @s {} merge value {transformation:[-0.9659258262890684f,-0.1968075459068602f,0.1680895237125136f,-0.060370364143066776f,0f,0.6494480483301831f,0.7604059656000314f,0.875f,-0.2588190451025205f,0.7344957606373472f,-0.6273186427151549f,-0.016176190318907532f,0f,0f,0f,1f],start_interpolation:0}