execute if entity @s[tag=aj.convict.bone.left_leg_2] run data modify entity @s {} merge value {transformation:[-0.9262095169293026f,-0.3453389648952966f,-0.15125121511787265f,0.17565503264232182f,-0.3603360998087429f,0.928872161113665f,0.08575781878437128f,0.5055877585786405f,0.11087752668693303f,0.13393098085609062f,-0.9847683313565246f,-0.0024219671526505364f,0f,0f,0f,1f],start_interpolation:0}
execute if entity @s[tag=aj.convict.bone.left_leg] run data modify entity @s {} merge value {transformation:[-0.9262095169293026f,-0.36212678735558435f,-0.10488145989216255f,0.06249041159370172f,-0.3603360998087429f,0.9321191725483505f,-0.036217997492985515f,0.796875f,0.11087752668693303f,0.004247122237664148f,-0.9938250027185304f,-0.0010947414533804903f,0f,0f,0f,1f],start_interpolation:0}
execute if entity @s[tag=aj.convict.bone.right_leg_2] run data modify entity @s {} merge value {transformation:[-0.9563375680598656f,0.28992611355954545f,-0.0368958614698133f,-0.26768393598745505f,0.2589534182608714f,0.8990898747359234f,0.35295966386876515f,0.4950350731984521f,0.13550491905592305f,0.32799427712019474f,-0.9349107824215361f,0.014000154259922654f,0f,0f,0f,1f],start_interpolation:0}
execute if entity @s[tag=aj.convict.bone.right_leg] run data modify entity @s {} merge value {transformation:[-0.9563375680598656f,0.2566806438603196f,-0.13976230888474145f,-0.18747123478110517f,0.2589534182608714f,0.9658877657649534f,0.0019877415819732538f,0.796875f,0.13550491905592305f,-0.034290975679299784f,-0.9901830870594638f,0.003284224360141471f,0f,0f,0f,1f],start_interpolation:0}
execute if entity @s[tag=aj.convict.bone.head] run data modify entity @s {} merge value {transformation:[-0.9824083790464216f,-0.09878684388833424f,-0.15847692656650123f,-0.0481996267607038f,-0.18214510340307863f,0.6940827918968933f,0.6964712767220884f,0.982412206207374f,0.041193908356262285f,0.7130850141933961f,-0.6998662904063462f,0.8168462811922199f,0f,0f,0f,1f],start_interpolation:0}
execute if entity @s[tag=aj.convict.bone.left_axe] run data modify entity @s {} merge value {transformation:[-0.9896017275844438f,0.11210610406617805f,0.09011460588044344f,0.22813563873999204f,0.10997493121812801f,0.9935316019537042f,-0.02829258600543877f,0.29996775165404754f,-0.0927034803308506f,-0.01808804440536299f,-0.9955294507869357f,1.2777371730687463f,0f,0f,0f,1f],start_interpolation:0}
execute if entity @s[tag=aj.convict.bone.left_arm_2] run data modify entity @s {} merge value {transformation:[-0.9896017275844438f,0.14353383514204254f,-0.009298329489824729f,0.33403765778416605f,0.10997493121812801f,0.713394139471725f,-0.6920797036981836f,0.6275259453446145f,-0.0927034803308506f,-0.6859058535519392f,-0.721761196517057f,0.9052241233267653f,0f,0f,0f,1f],start_interpolation:0}
execute if entity @s[tag=aj.convict.bone.left_arm] run data modify entity @s {} merge value {transformation:[-0.9896017275844438f,0.14217724275227933f,-0.021772744550098158f,0.3233058158533785f,0.10997493121812801f,0.6503607387750614f,-0.7516225275785213f,0.9565788701375321f,-0.0927034803308506f,-0.7462014078674177f,-0.6592340431373609f,0.6140842673301972f,0f,0f,0f,1f],start_interpolation:0}
execute if entity @s[tag=aj.convict.bone.right_axe] run data modify entity @s {} merge value {transformation:[-0.9951433018819704f,0.04237108387778267f,-0.08885099870272306f,-0.44261152949572075f,0.04178330704778456f,0.9990908305463637f,0.008465670105067102f,0.23650362951141146f,0.0891289177068809f,0.004712066340701759f,-0.9960089519975213f,1.2295588750255382f,0f,0f,0f,1f],start_interpolation:0}
execute if entity @s[tag=aj.convict.bone.right_arm_2] run data modify entity @s {} merge value {transformation:[-0.9951433018819704f,-0.02878762478126143f,-0.0941333170503552f,-0.4892031975122121f,0.04178330704778456f,0.742326350600526f,-0.6687344349263431f,0.6266090973496955f,0.0891289177068809f,-0.6694197949445162f,-0.7375182534451887f,0.9106847248053522f,0f,0f,0f,1f],start_interpolation:0}
execute if entity @s[tag=aj.convict.bone.right_arm] run data modify entity @s {} merge value {transformation:[-0.9951433018819704f,-0.03688233834257168f,-0.09126610453960143f,-0.4265791232710422f,0.04178330704778456f,0.6812175283450973f,-0.7308877029527497f,0.9565788701375321f,0.0891289177068809f,-0.7311514016903615f,-0.6763679943896069f,0.6272211647707631f,0f,0f,0f,1f],start_interpolation:0}
execute if entity @s[tag=aj.convict.bone.body] run data modify entity @s {} merge value {transformation:[-0.9998465854992276f,0.017366012615791744f,-0.0022862789340032043f,-0.06249041159370172f,0f,0.13052619222005135f,0.9914448613738105f,0.875f,0.017515863254087844f,0.9912927593553594f,-0.13050616760943418f,0.0010947414533804903f,0f,0f,0f,1f],start_interpolation:0}