execute if entity @s[tag=aj.convict.bone.left_leg_2] run data modify entity @s {} merge value {transformation:[-0.9181236576302375f,-0.3612611053847992f,-0.16290906370066596f,0.1752131185961849f,-0.36033997755461417f,0.9321174620479483f,-0.036223438837745044f,0.5055882931100162f,0.16493650255663472f,0.02544505219968549f,-0.9859759122021899f,-0.012704404493534337f,0f,0f,0f,1f],start_interpolation:0}
execute if entity @s[tag=aj.convict.bone.left_leg] run data modify entity @s {} merge value {transformation:[-0.9181236576302375f,-0.3612611053847992f,-0.16290906370066596f,0.06231902316343515f,-0.36033997755461417f,0.9321174620479483f,-0.036223438837745044f,0.796875f,0.16493650255663472f,0.02544505219968549f,-0.9859759122021899f,-0.004752825681132621f,0f,0f,0f,1f],start_interpolation:0}
execute if entity @s[tag=aj.convict.bone.right_leg_2] run data modify entity @s {} merge value {transformation:[-0.9467652047220998f,0.2558042370124115f,-0.19544779214413907f,-0.26639976973293683f,0.2589375165575276f,0.9658444259431858f,0.009793232025132931f,0.495033741634624f,0.19127731085139374f,-0.041336874591289215f,-0.9806652095146862f,0.02965205124063136f,0f,0f,0f,1f],start_interpolation:0}
execute if entity @s[tag=aj.convict.bone.right_leg] run data modify entity @s {} merge value {transformation:[-0.9467652047220998f,0.2542166407764204f,-0.19750834584865778f,-0.18695706949030544f,0.2589375165575276f,0.9658920267692033f,0.001988754057392926f,0.796875f,0.19127731085139374f,-0.04925943743114719f,-0.980299188093832f,0.014258477043397864f,0f,0f,0f,1f],start_interpolation:0}
execute if entity @s[tag=aj.convict.bone.head] run data modify entity @s {} merge value {transformation:[-0.9978755935287684f,-0.039159889254227996f,0.05206537153622217f,-0.11358064663356997f,-0.051434982434404905f,-0.016937301378121827f,-0.9985327087301643f,1.3470057285756394f,0.039984277179670395f,-0.999089400852408f,0.014887131449544566f,-0.6673892882432603f,0f,0f,0f,1f],start_interpolation:0}
execute if entity @s[tag=aj.convict.bone.left_axe] run data modify entity @s {} merge value {transformation:[-0.6334586619150072f,-0.3547916521025638f,0.687643081287947f,0.07864301993154432f,-0.10000536294571533f,-0.8436917694454028f,-0.5274306831728525f,2.1469397923501363f,0.7672868114511968f,-0.4028735307369046f,0.4989627914029632f,-0.6269235905199776f,0f,0f,0f,1f],start_interpolation:0}
execute if entity @s[tag=aj.convict.bone.left_arm_2] run data modify entity @s {} merge value {transformation:[-0.6334586619150072f,0.21494782656106626f,0.7433219729710152f,0.23936566364730796f,-0.10000536294571533f,-0.9753274638142793f,0.19681276816228788f,1.6665270431950194f,0.7672868114511968f,0.05033656907538004f,0.6393255655663834f,-0.6014794877499854f,0f,0f,0f,1f],start_interpolation:0}
execute if entity @s[tag=aj.convict.bone.left_arm] run data modify entity @s {} merge value {transformation:[-0.6334586619150072f,0.2789146638414218f,0.7217594709728965f,0.2726622470886857f,-0.10000536294571533f,-0.9544626853636469f,0.28106922569095427f,1.233485272719404f,0.7672868114511968f,0.1058659177575273f,0.6325056177066042f,-0.5342516806298724f,0f,0f,0f,1f],start_interpolation:0}
execute if entity @s[tag=aj.convict.bone.right_axe] run data modify entity @s {} merge value {transformation:[-0.7862384483555106f,0.3214596186960995f,-0.527724185418176f,-0.43620981927311053f,0.04195835637916556f,-0.8242841535345788f,-0.5646194564144434f,2.1702617419434143f,-0.6164970386445325f,-0.4660679647643047f,0.6345959766363013f,-0.5273013794859444f,0f,0f,0f,1f],start_interpolation:0}
execute if entity @s[tag=aj.convict.bone.right_arm_2] run data modify entity @s {} merge value {transformation:[-0.7862384483555106f,-0.09999284263116212f,-0.6097790860221911f,-0.5005713811201482f,0.04195835637916556f,-0.9931817392480471f,0.10876363893408059f,1.6684317601875174f,-0.6164970386445325f,0.05992882650914956f,0.7850732049278961f,-0.5349199103165847f,0f,0f,0f,1f],start_interpolation:0}
execute if entity @s[tag=aj.convict.bone.right_arm] run data modify entity @s {} merge value {transformation:[-0.7862384483555106f,-0.1527580888305382f,-0.5987437420335686f,-0.47516603087253606f,0.04195835637916556f,-0.9799230071452051f,0.19491125261887055f,1.233485272719404f,-0.6164970386445325f,0.1281244175180501f,0.7768626229766641f,-0.47721777245628094f,0f,0f,0f,1f],start_interpolation:0}
execute if entity @s[tag=aj.convict.bone.body] run data modify entity @s {} merge value {transformation:[-0.9971043706149624f,-0.062292589965584094f,-0.04361774106850853f,-0.06231902316343515f,0f,0.5735764363510463f,-0.8191520442889917f,0.875f,0.07604521089812194f,-0.8167800835587349f,-0.571915571567383f,0.004752825681132621f,0f,0f,0f,1f],start_interpolation:0}