execute if entity @s[tag=aj.convict.bone.left_leg_2] run data modify entity @s {} merge value {transformation:[-0.9226260136679361f,-0.3618583920415313f,-0.13349061020285616f,0.17551362268076237f,-0.36033997755461417f,0.9321174620479483f,-0.036223438837745044f,0.5055882931100162f,0.13753668412155942f,0.014681316508035927f,-0.9903878631457664f,-0.00748378749104061f,0f,0f,0f,1f],start_interpolation:0}
execute if entity @s[tag=aj.convict.bone.left_leg] run data modify entity @s {} merge value {transformation:[-0.9226260136679361f,-0.3618583920415313f,-0.13349061020285616f,0.062432875167783855f,-0.36033997755461417f,0.9321174620479483f,-0.036223438837745044f,0.796875f,0.13753668412155942f,0.014681316508035927f,-0.9903878631457664f,-0.002895876082279383f,0f,0f,0f,1f],start_interpolation:0}
execute if entity @s[tag=aj.convict.bone.right_leg_2] run data modify entity @s {} merge value {transformation:[-0.9520388710869523f,0.2601920405591954f,-0.16100338496169372f,-0.2671642992454559f,0.2589375165575276f,0.9654556033962354f,0.029100522157362665f,0.495033741634624f,0.16301334441849064f,-0.01398498839660016f,-0.9865247435523578f,0.021709874832050162f,0f,0f,0f,1f],start_interpolation:0}
execute if entity @s[tag=aj.convict.bone.right_leg] run data modify entity @s {} merge value {transformation:[-0.9520388710869523f,0.2555701559747338f,-0.16824352384128066f,-0.18729862550335158f,0.2589375165575276f,0.9658920267692033f,0.001988754057392926f,0.796875f,0.16301334441849064f,-0.04167118907267844f,-0.9857434562515581f,0.008687628246838148f,0f,0f,0f,1f],start_interpolation:0}
execute if entity @s[tag=aj.convict.bone.head] run data modify entity @s {} merge value {transformation:[-0.9995560341612998f,0.029671914352767132f,-0.0027040840180237793f,-0.03792399764212864f,0.023367267175796392f,0.8369950732909877f,0.546711274907834f,1.5053908992425846f,0.018485275125608165f,0.5464053667244277f,-0.8373168276215845f,0.5312885446861535f,0f,0f,0f,1f],start_interpolation:0}
execute if entity @s[tag=aj.convict.bone.left_axe] run data modify entity @s {} merge value {transformation:[-0.5435325935980515f,0.18643458009514668f,-0.818421937047952f,0.7796461474006261f,-0.8250180718624656f,-0.2982987699319881f,0.4799614827852366f,1.2594669431021652f,-0.15465283960184945f,0.9360875980386714f,0.31594700188682834f,-0.43185912923422587f,0f,0f,0f,1f],start_interpolation:0}
execute if entity @s[tag=aj.convict.bone.left_arm_2] run data modify entity @s {} merge value {transformation:[-0.5435325935980515f,-0.4378664995642715f,-0.7161321444090519f,0.5479112375266499f,-0.8250180718624656f,0.12148940304924914f,0.5518926580840492f,1.3717262618075838f,-0.15465283960184945f,0.8907936088152346f,-0.42728122553771963f,0.005144711743203745f,0f,0f,0f,1f],start_interpolation:0}
execute if entity @s[tag=aj.convict.bone.left_arm] run data modify entity @s {} merge value {transformation:[-0.5435325935980515f,-0.498615314289363f,-0.6752444653995286f,0.33077870848768715f,-0.8250180718624656f,0.1691277137242878f,0.5392040407403634f,1.3537777769493613f,-0.15465283960184945f,0.8501638576218795f,-0.5032930700859782f,0.3868314055381819f,0f,0f,0f,1f],start_interpolation:0}
execute if entity @s[tag=aj.convict.bone.right_axe] run data modify entity @s {} merge value {transformation:[-0.5978092322983789f,-0.023749270338933925f,0.8012865242453482f,-0.8720974328945774f,0.790626721401923f,-0.18257426900890542f,0.5844450561867299f,1.1958787737135947f,0.1324141577931488f,0.9829051879272142f,0.12792139133741104f,-0.38515036809984965f,0f,0f,0f,1f],start_interpolation:0}
execute if entity @s[tag=aj.convict.bone.right_arm_2] run data modify entity @s {} merge value {transformation:[-0.5978092322983789f,0.4852340874623362f,0.6381003072741908f,-0.6614245349961976f,0.790626721401923f,0.22540305867294852f,0.5693003149007784f,1.3245087848778976f,0.1324141577931488f,0.844832138063813f,-0.5183870651457825f,0.05655658629808752f,0f,0f,0f,1f],start_interpolation:0}
execute if entity @s[tag=aj.convict.bone.right_arm] run data modify entity @s {} merge value {transformation:[-0.5978092322983789f,0.5390017314913567f,0.5933812056580005f,-0.41841579352571917f,0.790626721401923f,0.274163123775307f,0.5474887843298817f,1.3537777769493613f,0.1324141577931488f,0.7964368870231247f,-0.5900464183476126f,0.42158191852553445f,0f,0f,0f,1f],start_interpolation:0}
execute if entity @s[tag=aj.convict.bone.body] run data modify entity @s {} merge value {transformation:[-0.9989260026845417f,0.029782932238028557f,-0.03549391649266045f,-0.062432875167783855f,0f,0.7660444431189781f,0.6427876096865394f,0.875f,0.046334017316470126f,0.6420972575193261f,-0.7652217134435466f,0.002895876082279383f,0f,0f,0f,1f],start_interpolation:0}