execute if entity @s[tag=aj.frestchika_v2.bone.hair] run data modify entity @s {} merge value {transformation:[-0.7946690266606331f,0.5954090013649544f,-0.11827619861928776f,-0.003446073681158679f,0.24564200435377948f,0.4935780393631859f,0.8342905517596679f,1.274900150095113f,0.5551226384892796f,0.6339312582228303f,-0.5384886406273761f,0.04345589743511874f,0f,0f,0f,1f],start_interpolation:0}
execute if entity @s[tag=aj.frestchika_v2.bone.side_hair_2] run data modify entity @s {} merge value {transformation:[-0.7312473762447673f,0.6704107097535476f,-0.12580443149145407f,0.590359308720109f,0.17704292118878562f,0.3646529496085255f,0.9141575522844755f,1.3775351394833497f,0.6587359704707834f,0.64620252753262f,-0.38534298309216486f,0.00024535927959296044f,0f,0f,0f,1f],start_interpolation:0}
execute if entity @s[tag=aj.frestchika_v2.bone.side_hair_1] run data modify entity @s {} merge value {transformation:[-0.7312473762447673f,0.5807980401827041f,-0.35770226621461804f,0.6995596125036183f,0.17704292118878562f,0.6680376237925281f,0.7227596677005256f,1.664276563098562f,0.6587359704707834f,0.4651874565350646f,-0.5913269412857427f,0.28466321372020476f,0f,0f,0f,1f],start_interpolation:0}
execute if entity @s[tag=aj.frestchika_v2.bone.head] run data modify entity @s {} merge value {transformation:[-0.7946690266606331f,0.45650122151433026f,-0.40013469334983437f,0.19040608890572236f,0.24564200435377948f,0.8445963967184685f,0.4757277922796157f,1.2915454416819483f,0.5551226384892796f,0.27975625356031586f,-0.783310471544072f,0.31359355022232027f,0f,0f,0f,1f],start_interpolation:0}
execute if entity @s[tag=aj.frestchika_v2.bone.group] run data modify entity @s {} merge value {transformation:[0.000008411463348587766f,0.000003675898223456265f,0.000003966743826636112f,0.47827396649320997f,-0.000002506073837367955f,0.000009149168474022964f,-0.0000031642234680256373f,1.0108968274373589f,-0.0000047923770987918375f,0.0000016674796804565327f,0.00000861699676559299f,0.5912783991776183f,0f,0f,0f,1f],start_interpolation:0}
execute if entity @s[tag=aj.frestchika_v2.bone.group2] run data modify entity @s {} merge value {transformation:[0.000008411463348587766f,0.000003675898223456265f,0.000003966743826636112f,0.47827396649320997f,-0.000002506073837367955f,0.000009149168474022964f,-0.0000031642234680256373f,1.0108968274373589f,-0.0000047923770987918375f,0.0000016674796804565327f,0.00000861699676559299f,0.5912783991776183f,0f,0f,0f,1f],start_interpolation:0}
execute if entity @s[tag=aj.frestchika_v2.bone.group3] run data modify entity @s {} merge value {transformation:[0.000008411463348587766f,0.000003675898223456265f,0.000003966743826636112f,0.47827396649320997f,-0.000002506073837367955f,0.000009149168474022964f,-0.0000031642234680256373f,1.0108968274373589f,-0.0000047923770987918375f,0.0000016674796804565327f,0.00000861699676559299f,0.5912783991776183f,0f,0f,0f,1f],start_interpolation:0}
execute if entity @s[tag=aj.frestchika_v2.locator_origin.muzzle] at @s on origin run tp @s ^0.47828 ^1.0109 ^0.59128 ~155.28152 ~-18.4467
execute if entity @s[tag=aj.frestchika_v2.bone.gun] run data modify entity @s {} merge value {transformation:[0.000008411463348587766f,0.000003675898223456265f,0.000003966743826636112f,0.47827690942264006f,-0.000002506073837367955f,0.000009149168474022964f,-0.0000031642234680256373f,1.010896942204486f,-0.0000047923770987918375f,0.0000016674796804565327f,0.00000861699676559299f,0.5912825264046158f,0f,0f,0f,1f],start_interpolation:0}
execute if entity @s[tag=aj.frestchika_v2.bone.sword] run data modify entity @s {} merge value {transformation:[0.3868478531383139f,-0.6643239908540322f,-0.7187121021647322f,0.30152031926194434f,0.9628493410377028f,0.3968946280149919f,0.15139522058540447f,0.8126740800194001f,0.17548389409156512f,-0.7132131529413998f,0.7536956371678473f,0.5130726174694618f,0f,0f,0f,1f],start_interpolation:0}
execute if entity @s[tag=aj.frestchika_v2.bone.arm_right_1] run data modify entity @s {} merge value {transformation:[0.8411463348587765f,0.3675898223456265f,0.3966743826636111f,0.2352551883712255f,-0.2506073837367955f,0.9149168474022963f,-0.3164223468025637f,1.0733921542021656f,-0.4792377098791837f,0.16674796804565326f,0.861699676559299f,0.7841285693318606f,0f,0f,0f,1f],start_interpolation:0}
execute if entity @s[tag=aj.frestchika_v2.bone.arm_right_0] run data modify entity @s {} merge value {transformation:[0.7597948969577845f,0.3675898223456265f,-0.5362736587459986f,0.015766236750410747f,-0.3988451629032552f,0.9149168474022963f,0.06204593756338256f,1.2012091158446687f,0.5134532603709756f,0.16674796804565326f,0.8417605743719887f,0.5666747239725662f,0f,0f,0f,1f],start_interpolation:0}
execute if entity @s[tag=aj.frestchika_v2.bone.arm_left_1] run data modify entity @s {} merge value {transformation:[-0.1666901208498499f,0.4642065161458353f,-0.8699004046319374f,0.12164964027963987f,0.7527212710852766f,0.6297714096028816f,0.19182976750902114f,1.0828305143580443f,0.6368870321076006f,-0.6228164111634711f,-0.4543947912538458f,-0.24338949028347662f,0f,0f,0f,1f],start_interpolation:0}
execute if entity @s[tag=aj.frestchika_v2.bone.arm_left_0] run data modify entity @s {} merge value {transformation:[0.2464045342275234f,0.4642065161458353f,-0.8507626671874261f,0.23084598731049205f,0.583590671416001f,0.6297714096028816f,0.5126498804086672f,1.3098586594193364f,0.773761419139219f,-0.6228164111634711f,-0.11572806158022184f,0.06756167814196379f,0f,0f,0f,1f],start_interpolation:0}
execute if entity @s[tag=aj.frestchika_v2.bone.right_wing_0] run data modify entity @s {} merge value {transformation:[-0.164933028434174f,0.5077495704152597f,-0.8455693170134846f,-0.49048523601824373f,-0.07855177645906616f,0.8478248815222325f,0.5244259611107533f,1.2821068389746704f,0.9831717624843873f,0.15291613392618741f,-0.09994969453886021f,0.4027980677668096f,0f,0f,0f,1f],start_interpolation:0}
execute if entity @s[tag=aj.frestchika_v2.bone.right_wing_1] run data modify entity @s {} merge value {transformation:[-0.164933028434174f,0.5077495704152597f,-0.8455693170134846f,0.4742241092191041f,-0.07855177645906616f,0.8478248815222325f,0.5244259611107533f,1.6645128238380313f,0.9831717624843873f,0.15291613392618741f,-0.09994969453886021f,0.18834022353533683f,0f,0f,0f,1f],start_interpolation:0}
execute if entity @s[tag=aj.frestchika_v2.bone.right_wing_2] run data modify entity @s {} merge value {transformation:[-0.164933028434174f,0.5077495704152597f,-0.8455693170134846f,0.46573463620153144f,-0.07855177645906616f,0.8478248815222325f,0.5244259611107533f,1.6491070559123586f,0.9831717624843873f,0.15291613392618741f,-0.09994969453886021f,0.17932822250869335f,0f,0f,0f,1f],start_interpolation:0}
execute if entity @s[tag=aj.frestchika_v2.bone.left_wing_0] run data modify entity @s {} merge value {transformation:[-0.164933028434174f,0.5077495704152597f,-0.8455693170134846f,-0.49048523601824373f,-0.07855177645906616f,0.8478248815222325f,0.5244259611107533f,1.2821068389746704f,0.9831717624843873f,0.15291613392618741f,-0.09994969453886021f,0.4027980677668096f,0f,0f,0f,1f],start_interpolation:0}
execute if entity @s[tag=aj.frestchika_v2.bone.left_wing_1] run data modify entity @s {} merge value {transformation:[-0.164933028434174f,0.5077495704152597f,-0.8455693170134846f,0.4742241092191041f,-0.07855177645906616f,0.8478248815222325f,0.5244259611107533f,1.6645128238380313f,0.9831717624843873f,0.15291613392618741f,-0.09994969453886021f,0.18834022353533683f,0f,0f,0f,1f],start_interpolation:0}
execute if entity @s[tag=aj.frestchika_v2.bone.left_wing_2] run data modify entity @s {} merge value {transformation:[-0.164933028434174f,0.5077495704152597f,-0.8455693170134846f,0.46573463620153144f,-0.07855177645906616f,0.8478248815222325f,0.5244259611107533f,1.6491070559123586f,0.9831717624843873f,0.15291613392618741f,-0.09994969453886021f,0.17932822250869335f,0f,0f,0f,1f],start_interpolation:0}
execute if entity @s[tag=aj.frestchika_v2.bone.leg_right_1] run data modify entity @s {} merge value {transformation:[-0.3517854940026349f,-0.07098380498585272f,-0.933385378950759f,0.14204790236300066f,0.17386201007006394f,0.9748161772166684f,-0.13966181328866528f,0.43810051481738554f,0.9197928938971635f,-0.2114112581354442f,-0.3305848034466641f,0.5226980163755829f,0f,0f,0f,1f],start_interpolation:0}
execute if entity @s[tag=aj.frestchika_v2.bone.leg_right_0] run data modify entity @s {} merge value {transformation:[-0.3517854940026349f,-0.47323010517376585f,-0.8076510594102803f,-0.0651160090836089f,0.17386201007006394f,0.8147565355947919f,-0.5531218574238136f,0.7443821033543483f,0.9197928938971635f,-0.33500008248177926f,-0.20434279305491063f,0.3855715040975332f,0f,0f,0f,1f],start_interpolation:0}
execute if entity @s[tag=aj.frestchika_v2.bone.leg_left_1] run data modify entity @s {} merge value {transformation:[-0.10834666372307239f,-0.13527016224309973f,-0.9848669878043452f,0.2945184365403807f,-0.22486101275933384f,0.9683574483829982f,-0.1082653088575245f,0.5704806980749456f,0.9683483492013223f,0.2097280032992588f,-0.135335284501788f,0.11761522507066412f,0f,0f,0f,1f],start_interpolation:0}
execute if entity @s[tag=aj.frestchika_v2.bone.leg_left_0] run data modify entity @s {} merge value {transformation:[-0.10834666372307239f,-0.8660710202089114f,-0.48803892100361657f,-0.029835871481296124f,-0.22486101275933384f,0.4995560080115119f,-0.8365890985426768f,0.688725031303776f,0.9683483492013223f,0.019099288308654053f,-0.2488708335365491f,0.10878145505130812f,0f,0f,0f,1f],start_interpolation:0}
execute if entity @s[tag=aj.frestchika_v2.bone.body_0] run data modify entity @s {} merge value {transformation:[-0.09184384585353755f,0.11394003255487012f,-0.9892332267772986f,0.02350692455626199f,-0.07275993382488707f,0.990008619093864f,0.12078462712472376f,1.0128622630334367f,0.9931116251502795f,0.08306986879281592f,-0.0826359297770326f,0.2633294506447309f,0f,0f,0f,1f],start_interpolation:0}
execute if entity @s[tag=aj.frestchika_v2.bone.body_1] run data modify entity @s {} merge value {transformation:[-0.164933028434174f,0.5077495704152597f,-0.8455693170134846f,-3.138157422815092e-17f,-0.07855177645906616f,0.8478248815222325f,0.5244259611107533f,0.9736111111111111f,0.9831717624843873f,0.15291613392618741f,-0.09994969453886021f,0.25625f,0f,0f,0f,1f],start_interpolation:0}