execute if entity @s[tag=aj.frestchika_v2.bone.hair] run data modify entity @s {} merge value {transformation:[-0.6452469394764503f,0.7020899428759275f,-0.3012077343109746f,-0.04273567978208656f,0.29712714984629474f,0.5938476274144253f,0.7477034520707224f,1.3275479246171058f,0.7038265723319141f,0.39295636847713056f,-0.5917883477669816f,0.02146182793337212f,0f,0f,0f,1f],start_interpolation:0}
execute if entity @s[tag=aj.frestchika_v2.bone.side_hair_2] run data modify entity @s {} merge value {transformation:[-0.5538076259529773f,0.7726640571640375f,-0.3103020596179405f,0.523460220779034f,0.24544055308029022f,0.5075992065520468f,0.82589465454825f,1.429870775139714f,0.7956481938268747f,0.3812260487880401f,-0.47075540505180635f,-0.17468357408187554f,0f,0f,0f,1f],start_interpolation:0}
execute if entity @s[tag=aj.frestchika_v2.bone.side_hair_1] run data modify entity @s {} merge value {transformation:[-0.5538076259529773f,0.6101417271812956f,-0.5665899630143059f,0.6721081727606304f,0.24544055308029022f,0.7698588576333816f,0.589131796992036f,1.76687128575393f,0.7956481938268747f,0.1872015279735984f,-0.5761072292415549f,0.023743512036237785f,0f,0f,0f,1f],start_interpolation:0}
execute if entity @s[tag=aj.frestchika_v2.bone.head] run data modify entity @s {} merge value {transformation:[-0.6452469394764503f,0.4574238591166314f,-0.6118985211676213f,0.21083940420145694f,0.29712714984629474f,0.8881388573533697f,0.35060637028335345f,1.3871396169409818f,0.7038265723319141f,0.044416023796582875f,-0.7089819270683914f,0.22877459916012352f,0f,0f,0f,1f],start_interpolation:0}
execute if entity @s[tag=aj.frestchika_v2.bone.group] run data modify entity @s {} merge value {transformation:[0.00000347913656406495f,0.0000019245740992050433f,0.000009175599343108625f,0.49936000985251683f,1.9400124129574274e-7f,0.000009770153937818133f,-0.0000021228413859053507f,1.2790501565111858f,-0.000009373258360194817f,9.165732747609086e-7f,0.00000336183300373948f,0.19092470061712494f,0f,0f,0f,1f],start_interpolation:0}
execute if entity @s[tag=aj.frestchika_v2.bone.group2] run data modify entity @s {} merge value {transformation:[0.00000347913656406495f,0.0000019245740992050433f,0.000009175599343108625f,0.49936000985251683f,1.9400124129574274e-7f,0.000009770153937818133f,-0.0000021228413859053507f,1.2790501565111858f,-0.000009373258360194817f,9.165732747609086e-7f,0.00000336183300373948f,0.19092470061712494f,0f,0f,0f,1f],start_interpolation:0}
execute if entity @s[tag=aj.frestchika_v2.bone.group3] run data modify entity @s {} merge value {transformation:[0.00000347913656406495f,0.0000019245740992050433f,0.000009175599343108625f,0.49936000985251683f,1.9400124129574274e-7f,0.000009770153937818133f,-0.0000021228413859053507f,1.2790501565111858f,-0.000009373258360194817f,9.165732747609086e-7f,0.00000336183300373948f,0.19092470061712494f,0f,0f,0f,1f],start_interpolation:0}
execute if entity @s[tag=aj.frestchika_v2.locator_origin.muzzle] at @s on origin run tp @s ^0.49937 ^1.27905 ^0.19092 ~110.12225 ~-12.25624
execute if entity @s[tag=aj.frestchika_v2.bone.gun] run data modify entity @s {} merge value {transformation:[0.00000347913656406495f,0.0000019245740992050433f,0.000009175599343108625f,0.49936483485687894f,1.9400124129574274e-7f,0.000009770153937818133f,-0.0000021228413859053507f,1.2790510024269577f,-0.000009373258360194817f,9.165732747609086e-7f,0.00000336183300373948f,0.19092600896234882f,0f,0f,0f,1f],start_interpolation:0}
execute if entity @s[tag=aj.frestchika_v2.bone.sword] run data modify entity @s {} merge value {transformation:[0.20254025362623962f,-1.0310392346916246f,-0.05882392614852729f,0.35942192383301574f,1.0282012302620427f,0.20692644843862248f,-0.08665094993247592f,1.040322272839407f,0.09645925486256328f,-0.04079526397863981f,1.047165732197283f,0.19967589109927117f,0f,0f,0f,1f],start_interpolation:0}
execute if entity @s[tag=aj.frestchika_v2.bone.arm_right_1] run data modify entity @s {} merge value {transformation:[0.34791365640649496f,0.1924574099205043f,0.9175599343108624f,0.4365210605463362f,0.019400124129574273f,0.9770153937818132f,-0.21228413859053505f,1.2623765456519587f,-0.9373258360194816f,0.09165732747609086f,0.33618330037394795f,0.5006475406965625f,0f,0f,0f,1f],start_interpolation:0}
execute if entity @s[tag=aj.frestchika_v2.bone.arm_right_0] run data modify entity @s {} merge value {transformation:[0.9711843124733724f,0.1924574099205043f,0.1405744520612243f,0.1101346319697003f,-0.17625947412397108f,0.9770153937818132f,-0.11988960795210543f,1.3265373673749161f,-0.16041704705910664f,0.09165732747609086f,0.9827844653497411f,0.5020590609711065f,0f,0f,0f,1f],start_interpolation:0}
execute if entity @s[tag=aj.frestchika_v2.bone.arm_left_1] run data modify entity @s {} merge value {transformation:[-0.22850904820401158f,0.19310399213160434f,-0.9541983353117599f,0.07546449123123795f,0.892942194077806f,0.4320610506117736f,-0.12640208297241007f,1.0472212915422168f,0.3878631884110818f,-0.8809279747897026f,-0.2711605618604998f,-0.207508275562476f,0f,0f,0f,1f],start_interpolation:0}
execute if entity @s[tag=aj.frestchika_v2.bone.arm_left_0] run data modify entity @s {} merge value {transformation:[0.22959392631298092f,0.19310399213160434f,-0.9539378791216053f,0.1792262852454504f,0.853002665463165f,0.4320610506117736f,0.2927621923284937f,1.3847628303233765f,0.46869295035548064f,-0.8809279747897026f,-0.06551962698296786f,-0.01921210008299662f,0f,0f,0f,1f],start_interpolation:0}
execute if entity @s[tag=aj.frestchika_v2.bone.right_wing_0] run data modify entity @s {} merge value {transformation:[0.12293848575400212f,0.5622384112038853f,-0.8177860953130981f,-0.41518286538305504f,0.004358876858625163f,0.8237231378873213f,0.5669754776898169f,1.426449137957041f,0.9924047203198118f,-0.07326773557300387f,0.09881654725277565f,0.5084358390019534f,0f,0f,0f,1f],start_interpolation:0}
execute if entity @s[tag=aj.frestchika_v2.bone.right_wing_1] run data modify entity @s {} merge value {transformation:[0.12293848575400212f,0.5622384112038853f,-0.8177860953130981f,0.4604509931605316f,0.004358876858625163f,0.8237231378873213f,0.5669754776898169f,1.7315975988097323f,0.9924047203198118f,-0.07326773557300387f,0.09881654725277565f,-0.004438792473716147f,0f,0f,0f,1f],start_interpolation:0}
execute if entity @s[tag=aj.frestchika_v2.bone.right_wing_2] run data modify entity @s {} merge value {transformation:[0.12293848575400212f,0.5622384112038853f,-0.8177860953130981f,0.44914065741449605f,0.004358876858625163f,0.8237231378873213f,0.5669754776898169f,1.716125546993978f,0.9924047203198118f,-0.07326773557300387f,0.09881654725277565f,-0.009267551933721085f,0f,0f,0f,1f],start_interpolation:0}
execute if entity @s[tag=aj.frestchika_v2.bone.left_wing_0] run data modify entity @s {} merge value {transformation:[0.12293848575400212f,0.5622384112038853f,-0.8177860953130981f,-0.41518286538305504f,0.004358876858625163f,0.8237231378873213f,0.5669754776898169f,1.426449137957041f,0.9924047203198118f,-0.07326773557300387f,0.09881654725277565f,0.5084358390019534f,0f,0f,0f,1f],start_interpolation:0}
execute if entity @s[tag=aj.frestchika_v2.bone.left_wing_1] run data modify entity @s {} merge value {transformation:[0.12293848575400212f,0.5622384112038853f,-0.8177860953130981f,0.4604509931605316f,0.004358876858625163f,0.8237231378873213f,0.5669754776898169f,1.7315975988097323f,0.9924047203198118f,-0.07326773557300387f,0.09881654725277565f,-0.004438792473716147f,0f,0f,0f,1f],start_interpolation:0}
execute if entity @s[tag=aj.frestchika_v2.bone.left_wing_2] run data modify entity @s {} merge value {transformation:[0.12293848575400212f,0.5622384112038853f,-0.8177860953130981f,0.44914065741449605f,0.004358876858625163f,0.8237231378873213f,0.5669754776898169f,1.716125546993978f,0.9924047203198118f,-0.07326773557300387f,0.09881654725277565f,-0.009267551933721085f,0f,0f,0f,1f],start_interpolation:0}
execute if entity @s[tag=aj.frestchika_v2.bone.leg_right_1] run data modify entity @s {} merge value {transformation:[0.14525057761449017f,-0.39140194244290455f,-0.9086840975578795f,0.12224581449748062f,0.03183878511086219f,0.9197975027661236f,-0.391099534220979f,0.454917994880489f,0.9888824811196328f,0.027876035534552226f,0.1460628809025589f,0.38990849965361213f,0f,0f,0f,1f],start_interpolation:0}
execute if entity @s[tag=aj.frestchika_v2.bone.leg_right_0] run data modify entity @s {} merge value {transformation:[0.14525057761449017f,-0.3889730697274597f,-0.9097264537922668f,-0.03838129000832885f,0.03183878511086219f,0.9208390114860275f,-0.388640974021139f,0.8624188886637536f,0.9888824811196328f,0.027485740889269847f,0.14613682828926677f,0.4003817828981854f,0f,0f,0f,1f],start_interpolation:0}
execute if entity @s[tag=aj.frestchika_v2.bone.leg_left_1] run data modify entity @s {} merge value {transformation:[0.09865287800693993f,-0.3559868538057702f,-0.9292690512324281f,0.2445721658232035f,0.10256715350560183f,0.9324883590750258f,-0.34633140084509234f,0.9534545578476978f,0.9898219984839222f,-0.061145891988217904f,0.1285052186109929f,0.11330856210491486f,0f,0f,0f,1f],start_interpolation:0}
execute if entity @s[tag=aj.frestchika_v2.bone.leg_left_0] run data modify entity @s {} merge value {transformation:[0.09865287800693993f,-0.973390709806912f,0.20682875941837425f,-0.04723603371382684f,0.10256715350560183f,-0.19678959152563366f,-0.9750660673456606f,0.7968112474030903f,0.9898219984839222f,0.11740691090719582f,0.0804240547878784f,0.15862395946630997f,0f,0f,0f,1f],start_interpolation:0}
execute if entity @s[tag=aj.frestchika_v2.bone.body_0] run data modify entity @s {} merge value {transformation:[0.09643258478724098f,0.08213920139023695f,-0.9919445086224458f,0.030447750694204547f,0.07531029364635876f,0.9931301999382813f,0.08955872733267434f,1.1228517705138688f,0.9924863305165216f,-0.08334001179219498f,0.08958418483374186f,0.2522822210254561f,0f,0f,0f,1f],start_interpolation:0}
execute if entity @s[tag=aj.frestchika_v2.bone.body_1] run data modify entity @s {} merge value {transformation:[0.12293848575400212f,0.5622384112038853f,-0.8177860953130981f,-3.138157422815092e-17f,0.004358876858625163f,0.8237231378873213f,0.5669754776898169f,1.0782434402332362f,0.9924047203198118f,-0.07326773557300387f,0.09881654725277565f,0.25625f,0f,0f,0f,1f],start_interpolation:0}