execute if entity @s[tag=aj.frestchika_v2.bone.hair] run data modify entity @s {} merge value {transformation:[-0.8899879295643243f,0.45578763345830714f,-0.013383512852892326f,-0.009851834301294132f,0.13819811226929893f,0.2975886706283564f,0.9446386954168509f,1.180067270422038f,0.43453741725541883f,0.8388674605085855f,-0.3278393153739597f,0.0999892340694114f,0f,0f,0f,1f],start_interpolation:0}
execute if entity @s[tag=aj.frestchika_v2.bone.side_hair_2] run data modify entity @s {} merge value {transformation:[-0.8479968584940052f,0.5282469126350884f,-0.04308743756358413f,0.5788262470484258f,0.04370646220607244f,0.15071840313759083f,0.987610099238097f,1.2689893202282327f,0.528196055594632f,0.8356070621094294f,-0.15089653610046994f,0.1961628604562884f,0f,0f,0f,1f],start_interpolation:0}
execute if entity @s[tag=aj.frestchika_v2.bone.side_hair_1] run data modify entity @s {} merge value {transformation:[-0.8479968584940052f,0.477719821342873f,-0.22953235127195443f,0.6296280352613907f,0.04370646220607244f,0.4946355572963566f,0.8680008125684859f,1.4674716464925683f,0.528196055594632f,0.726029915192381f,-0.44032884200335576f,0.5609406157579973f,0f,0f,0f,1f],start_interpolation:0}
execute if entity @s[tag=aj.frestchika_v2.bone.head] run data modify entity @s {} merge value {transformation:[-0.8899879295643243f,0.388031912879238f,-0.23948427885163381f,0.12662130360734217f,0.13819811226929893f,0.730038696351022f,0.6692867723146054f,1.121868508496081f,0.43453741725541883f,0.5625608735215947f,-0.7033509057274401f,0.398012831901288f,0f,0f,0f,1f],start_interpolation:0}
execute if entity @s[tag=aj.frestchika_v2.bone.group] run data modify entity @s {} merge value {transformation:[0.000003894248649445741f,0.000007011085219568965f,0.000005973232918632221f,0.23879882312818734f,5.302536592741053e-7f,0.000006303774207571317f,-0.000007744757052147277f,0.7524957226523791f,-0.0000091953063305752f,0.0000033327338303411205f,0.0000020830810601086454f,0.35118716255509413f,0f,0f,0f,1f],start_interpolation:0}
execute if entity @s[tag=aj.frestchika_v2.bone.group2] run data modify entity @s {} merge value {transformation:[0.000003894248649445741f,0.000007011085219568965f,0.000005973232918632221f,0.23879882312818734f,5.302536592741053e-7f,0.000006303774207571317f,-0.000007744757052147277f,0.7524957226523791f,-0.0000091953063305752f,0.0000033327338303411205f,0.0000020830810601086454f,0.35118716255509413f,0f,0f,0f,1f],start_interpolation:0}
execute if entity @s[tag=aj.frestchika_v2.bone.group3] run data modify entity @s {} merge value {transformation:[0.000003894248649445741f,0.000007011085219568965f,0.000005973232918632221f,0.23879882312818734f,5.302536592741053e-7f,0.000006303774207571317f,-0.000007744757052147277f,0.7524957226523791f,-0.0000091953063305752f,0.0000033327338303411205f,0.0000020830810601086454f,0.35118716255509413f,0f,0f,0f,1f],start_interpolation:0}
execute if entity @s[tag=aj.frestchika_v2.locator_origin.muzzle] at @s on origin run tp @s ^0.23881 ^0.7525 ^0.35118 ~109.2255 ~-50.75752
execute if entity @s[tag=aj.frestchika_v2.bone.gun] run data modify entity @s {} merge value {transformation:[0.000003894248649445741f,0.000007011085219568965f,0.000005973232918632221f,0.23880312020250205f,5.302536592741053e-7f,0.000006303774207571317f,-0.000007744757052147277f,0.7524932991108151f,-0.0000091953063305752f,0.0000033327338303411205f,0.0000020830810601086454f,0.35118833285695f,0f,0f,0f,1f],start_interpolation:0}
execute if entity @s[tag=aj.frestchika_v2.bone.sword] run data modify entity @s {} merge value {transformation:[0.7378395974222183f,-0.7227600504777107f,-0.20183000274804472f,-0.011674555537343922f,0.6634028938305978f,0.7605470701176547f,-0.29831102341790705f,0.6436484688851658f,0.3507335755712692f,0.08191932414826104f,0.9888376486552704f,0.3057381183047283f,0f,0f,0f,1f],start_interpolation:0}
execute if entity @s[tag=aj.frestchika_v2.bone.arm_right_1] run data modify entity @s {} merge value {transformation:[0.38942486494457407f,0.7011085219568964f,0.5973232918632221f,0.14697652540412032f,0.05302536592741053f,0.6303774207571317f,-0.7744757052147276f,0.69720065751706f,-0.91953063305752f,0.333273383034112f,0.20830810601086452f,0.6489557000606809f,0f,0f,0f,1f],start_interpolation:0}
execute if entity @s[tag=aj.frestchika_v2.bone.arm_right_0] run data modify entity @s {} merge value {transformation:[0.7034825817211272f,0.7011085219568964f,-0.11644353848279199f,-0.07380169743358987f,-0.687821741839198f,0.6303774207571317f,-0.35989659466696455f,0.9471694045412815f,-0.17892319209165958f,0.333273383034112f,0.9256972202036303f,0.6405987154744909f,0f,0f,0f,1f],start_interpolation:0}
execute if entity @s[tag=aj.frestchika_v2.bone.arm_left_1] run data modify entity @s {} merge value {transformation:[-0.07632085330602884f,0.43268681193305625f,-0.8983079929121457f,0.048349086766381416f,0.23675636453757365f,0.8830332219302122f,0.4052144528746474f,1.1890807122055134f,0.968566751030403f,-0.18175382182159533f,-0.16983520557190895f,-0.20390079544095233f,0f,0f,0f,1f],start_interpolation:0}
execute if entity @s[tag=aj.frestchika_v2.bone.arm_left_0] run data modify entity @s {} merge value {transformation:[0.3398209163949192f,0.43268681193305625f,-0.8350472247482326f,0.194715543633702f,0.02698795348384947f,0.8830332219302122f,0.46853386145966214f,1.1940192203308073f,0.9401028641309793f,-0.18175382182159533f,0.2883958271299583f,0.16853540237231499f,0f,0f,0f,1f],start_interpolation:0}
execute if entity @s[tag=aj.frestchika_v2.bone.right_wing_0] run data modify entity @s {} merge value {transformation:[-0.2744873151655616f,0.33765680961957917f,-0.9003580358561415f,-0.5492012610098445f,-0.2939904706286542f,0.86201972635992f,0.4129062781623827f,1.001693837909677f,0.9155470042508707f,0.3780342184034347f,-0.13734559593725654f,0.3760711083631792f,0f,0f,0f,1f],start_interpolation:0}
execute if entity @s[tag=aj.frestchika_v2.bone.right_wing_1] run data modify entity @s {} merge value {transformation:[-0.2744873151655616f,0.33765680961957917f,-0.9003580358561415f,0.3589756313612604f,-0.2939904706286542f,0.86201972635992f,0.4129062781623827f,1.5475798347209118f,0.9155470042508707f,0.3780342184034347f,-0.13734559593725654f,0.3867404873782605f,0f,0f,0f,1f],start_interpolation:0}
execute if entity @s[tag=aj.frestchika_v2.bone.right_wing_2] run data modify entity @s {} merge value {transformation:[-0.2744873151655616f,0.33765680961957917f,-0.9003580358561415f,0.35436011190067795f,-0.2939904706286542f,0.86201972635992f,0.4129062781623827f,1.5332544052930919f,0.9155470042508707f,0.3780342184034347f,-0.13734559593725654f,0.373930177006628f,0f,0f,0f,1f],start_interpolation:0}
execute if entity @s[tag=aj.frestchika_v2.bone.left_wing_0] run data modify entity @s {} merge value {transformation:[-0.2744873151655616f,0.33765680961957917f,-0.9003580358561415f,-0.5492012610098445f,-0.2939904706286542f,0.86201972635992f,0.4129062781623827f,1.001693837909677f,0.9155470042508707f,0.3780342184034347f,-0.13734559593725654f,0.3760711083631792f,0f,0f,0f,1f],start_interpolation:0}
execute if entity @s[tag=aj.frestchika_v2.bone.left_wing_1] run data modify entity @s {} merge value {transformation:[-0.2744873151655616f,0.33765680961957917f,-0.9003580358561415f,0.3589756313612604f,-0.2939904706286542f,0.86201972635992f,0.4129062781623827f,1.5475798347209118f,0.9155470042508707f,0.3780342184034347f,-0.13734559593725654f,0.3867404873782605f,0f,0f,0f,1f],start_interpolation:0}
execute if entity @s[tag=aj.frestchika_v2.bone.left_wing_2] run data modify entity @s {} merge value {transformation:[-0.2744873151655616f,0.33765680961957917f,-0.9003580358561415f,0.35436011190067795f,-0.2939904706286542f,0.86201972635992f,0.4129062781623827f,1.5332544052930919f,0.9155470042508707f,0.3780342184034347f,-0.13734559593725654f,0.373930177006628f,0f,0f,0f,1f],start_interpolation:0}
execute if entity @s[tag=aj.frestchika_v2.bone.leg_right_1] run data modify entity @s {} merge value {transformation:[-0.7684360164080719f,0.17022205674035248f,-0.616871575034851f,0.16807337447375742f,0.20761239562291836f,0.9781460031009661f,0.011291138176363846f,0.44525325279395533f,0.6053124663102573f,-0.11939366824371014f,-0.7869828270761088f,0.6361790543648521f,0f,0f,0f,1f],start_interpolation:0}
execute if entity @s[tag=aj.frestchika_v2.bone.leg_right_0] run data modify entity @s {} merge value {transformation:[-0.7684360164080719f,-0.4683958532136291f,-0.4360176755352586f,-0.020777513924551294f,0.20761239562291836f,0.4620213091223494f,-0.8622258422829736f,0.5320680508104823f,0.6053124663102573f,-0.7530880656398341f,-0.25778902909209817f,0.36665932422925607f,0f,0f,0f,1f],start_interpolation:0}
execute if entity @s[tag=aj.frestchika_v2.bone.leg_left_1] run data modify entity @s {} merge value {transformation:[-0.02795843522230225f,0.05932043335832321f,-0.9978473891763715f,0.046078339399980184f,-0.7330886624373287f,0.6774090503861854f,0.06081111297069463f,0.2821000987763198f,0.6795581939067237f,0.7332107914106741f,0.024547840091632384f,-0.244565567249176f,0f,0f,0f,1f],start_interpolation:0}
execute if entity @s[tag=aj.frestchika_v2.bone.leg_left_0] run data modify entity @s {} merge value {transformation:[-0.02795843522230225f,-0.09798992366071138f,-0.9947946022978252f,-0.0005557098406968851f,-0.7330886624373287f,0.6785596383799128f,-0.046236675567886555f,0.5319890559150333f,0.6795581939067237f,0.7279799392996278f,-0.09080676776288052f,0.023089135368971114f,0f,0f,0f,1f],start_interpolation:0}
execute if entity @s[tag=aj.frestchika_v2.bone.body_0] run data modify entity @s {} merge value {transformation:[-0.01611170295354236f,0.03043144425284633f,-0.9994069942864232f,0.013170178801134011f,-0.3547881147377674f,0.9343221362392377f,0.03416927529474545f,0.8322338712712145f,0.9348078982704187f,0.3551282485723055f,-0.004256805986790929f,0.27099508467615246f,0f,0f,0f,1f],start_interpolation:0}
execute if entity @s[tag=aj.frestchika_v2.bone.body_1] run data modify entity @s {} merge value {transformation:[-0.2744873151655616f,0.33765680961957917f,-0.9003580358561415f,-3.138157422815092e-17f,-0.2939904706286542f,0.86201972635992f,0.4129062781623827f,0.7986111111111112f,0.9155470042508707f,0.3780342184034347f,-0.13734559593725654f,0.25625f,0f,0f,0f,1f],start_interpolation:0}