execute if entity @s[tag=aj.frestchika_v2.bone.hair] run data modify entity @s {} merge value {transformation:[-0.9958180433239059f,0.030246079196435915f,0.08620672412167146f,0.03198505196023506f,0.09135370240065785f,0.33960364441084595f,0.9361217152489114f,1.2226390407832437f,-0.0009621061475180714f,0.9400821982125365f,-0.3409465280005741f,0.10827198991399961f,0f,0f,0f,1f],start_interpolation:0}
execute if entity @s[tag=aj.frestchika_v2.bone.side_hair_2] run data modify entity @s {} merge value {transformation:[-0.9944123661150357f,0.097547408608951f,-0.04035528702876803f,0.5201727355437596f,0.0012681458324522998f,0.39328860019538003f,0.9194141986952923f,1.2865889286249914f,0.10555774686702786f,0.9142256723752822f,-0.3912147518260521f,0.49542127681872516f,0f,0f,0f,1f],start_interpolation:0}
execute if entity @s[tag=aj.frestchika_v2.bone.side_hair_1] run data modify entity @s {} merge value {transformation:[-0.9944123661150357f,0.07660630986702963f,-0.0726327708823816f,0.3924561865833143f,0.0012681458324522998f,0.6966551202761575f,0.7174050705139742f,1.556593715529454f,0.10555774686702786f,0.7133043646870311f,-0.6928596144925661f,0.7883799163195946f,0f,0f,0f,1f],start_interpolation:0}
execute if entity @s[tag=aj.frestchika_v2.bone.head] run data modify entity @s {} merge value {transformation:[-0.9958180433239059f,0.06929723500982525f,0.05953417346818629f,0.027584635658432794f,0.09135370240065785f,0.7621662409020253f,0.6409033642343969f,1.1781458312529929f,-0.0009621061475180714f,0.6436618012972876f,-0.7653094536868678f,0.4381675321195106f,0f,0f,0f,1f],start_interpolation:0}
execute if entity @s[tag=aj.frestchika_v2.bone.group] run data modify entity @s {} merge value {transformation:[0.000007357130708641417f,0.0000019168448129942476f,-0.000006496024453376271f,-0.07594335046174448f,-0.000005276783656163141f,0.00000763493144016863f,-0.0000037233554960511237f,0.6915031272153146f,0.000004245960666564752f,0.000006167132872479854f,0.00000662859639374456f,0.8352725124943382f,0f,0f,0f,1f],start_interpolation:0}
execute if entity @s[tag=aj.frestchika_v2.bone.group2] run data modify entity @s {} merge value {transformation:[0.000007357130708641417f,0.0000019168448129942476f,-0.000006496024453376271f,-0.07594335046174448f,-0.000005276783656163141f,0.00000763493144016863f,-0.0000037233554960511237f,0.6915031272153146f,0.000004245960666564752f,0.000006167132872479854f,0.00000662859639374456f,0.8352725124943382f,0f,0f,0f,1f],start_interpolation:0}
execute if entity @s[tag=aj.frestchika_v2.bone.group3] run data modify entity @s {} merge value {transformation:[0.000007357130708641417f,0.0000019168448129942476f,-0.000006496024453376271f,-0.07594335046174448f,-0.000005276783656163141f,0.00000763493144016863f,-0.0000037233554960511237f,0.6915031272153146f,0.000004245960666564752f,0.000006167132872479854f,0.00000662859639374456f,0.8352725124943382f,0f,0f,0f,1f],start_interpolation:0}
execute if entity @s[tag=aj.frestchika_v2.locator_origin.muzzle] at @s on origin run tp @s ^-0.07594 ^0.6915 ^0.83528 ~-135.57873 ~-21.85973
execute if entity @s[tag=aj.frestchika_v2.bone.gun] run data modify entity @s {} merge value {transformation:[0.000007357130708641417f,0.0000019168448129942476f,-0.000006496024453376271f,-0.0759456911993026f,-0.000005276783656163141f,0.00000763493144016863f,-0.0000037233554960511237f,0.691502566092837f,0.000004245960666564752f,0.000006167132872479854f,0.00000662859639374456f,0.8352769750157176f,0f,0f,0f,1f],start_interpolation:0}
execute if entity @s[tag=aj.frestchika_v2.bone.sword] run data modify entity @s {} merge value {transformation:[0.20172683127470165f,0.4191708057814347f,-0.943995144703833f,-0.12234390173809159f,0.8034925498319067f,0.5406955343511443f,0.41179214853776896f,0.5537820689678554f,0.6490228963669074f,-0.7996679853622208f,-0.21639109334313528f,0.5996241459553073f,0f,0f,0f,1f],start_interpolation:0}
execute if entity @s[tag=aj.frestchika_v2.bone.arm_right_1] run data modify entity @s {} merge value {transformation:[0.7357130708641416f,0.19168448129942475f,-0.6496024453376271f,-0.3383340064994589f,-0.5276783656163141f,0.763493144016863f,-0.37233554960511234f,0.8377858112597742f,0.4245960666564752f,0.6167132872479854f,0.6628596393744559f,0.7357360845460277f,0f,0f,0f,1f],start_interpolation:0}
execute if entity @s[tag=aj.frestchika_v2.bone.arm_right_0] run data modify entity @s {} merge value {transformation:[0.018103385406790518f,0.19168448129942475f,-0.9812896244564006f,-0.29269551932378973f,-0.631008898993609f,0.763493144016863f,0.1374990488335062f,1.044955089173797f,0.775564334422159f,0.6167132872479854f,0.13477642414049046f,0.4650746337044163f,0f,0f,0f,1f],start_interpolation:0}
execute if entity @s[tag=aj.frestchika_v2.bone.arm_left_1] run data modify entity @s {} merge value {transformation:[-0.6998882595571227f,0.5231198497440995f,-0.4863147611761459f,0.39686740375197016f,0.30744831268665207f,0.8352133642869521f,0.45595413271797597f,1.2021169773436766f,0.6446952451819634f,0.1696002916276434f,-0.7453883430263626f,-0.046709358623823694f,0f,0f,0f,1f],start_interpolation:0}
execute if entity @s[tag=aj.frestchika_v2.bone.arm_left_0] run data modify entity @s {} merge value {transformation:[-0.40282272401116137f,0.5231198497440995f,-0.7510522457352338f,0.24512646721919598f,0.06693960788356682f,0.8352133642869521f,0.5458367201030592f,1.2220698614958152f,0.9128268959209198f,0.1696002916276434f,-0.37146036015057693f,0.32306465424642644f,0f,0f,0f,1f],start_interpolation:0}
execute if entity @s[tag=aj.frestchika_v2.bone.right_wing_0] run data modify entity @s {} merge value {transformation:[-0.8706270701706933f,0.07355902842248753f,-0.48641296654543864f,-0.4455099996368152f,-0.18114207001069146f,0.8713518463042771f,0.4559972701830233f,1.101663102704613f,0.4573795526236782f,0.48511341898536164f,-0.7452978703592925f,-0.0537586694765988f,0f,0f,0f,1f],start_interpolation:0}
execute if entity @s[tag=aj.frestchika_v2.bone.right_wing_1] run data modify entity @s {} merge value {transformation:[-0.8706270701706933f,0.07355902842248753f,-0.48641296654543864f,0.24901651827288468f,-0.18114207001069146f,0.8713518463042771f,0.4559972701830233f,1.5841151814629362f,0.4573795526236782f,0.48511341898536164f,-0.7452978703592925f,0.5848049785820737f,0f,0f,0f,1f],start_interpolation:0}
execute if entity @s[tag=aj.frestchika_v2.bone.right_wing_2] run data modify entity @s {} merge value {transformation:[-0.8706270701706933f,0.07355902842248753f,-0.48641296654543864f,0.25307870567852986f,-0.18114207001069146f,0.8713518463042771f,0.4559972701830233f,1.5689094722822976f,0.4573795526236782f,0.48511341898536164f,-0.7452978703592925f,0.5728504797722f,0f,0f,0f,1f],start_interpolation:0}
execute if entity @s[tag=aj.frestchika_v2.bone.left_wing_0] run data modify entity @s {} merge value {transformation:[-0.8706270701706933f,0.07355902842248753f,-0.48641296654543864f,-0.4455099996368152f,-0.18114207001069146f,0.8713518463042771f,0.4559972701830233f,1.101663102704613f,0.4573795526236782f,0.48511341898536164f,-0.7452978703592925f,-0.0537586694765988f,0f,0f,0f,1f],start_interpolation:0}
execute if entity @s[tag=aj.frestchika_v2.bone.left_wing_1] run data modify entity @s {} merge value {transformation:[-0.8706270701706933f,0.07355902842248753f,-0.48641296654543864f,0.24901651827288468f,-0.18114207001069146f,0.8713518463042771f,0.4559972701830233f,1.5841151814629362f,0.4573795526236782f,0.48511341898536164f,-0.7452978703592925f,0.5848049785820737f,0f,0f,0f,1f],start_interpolation:0}
execute if entity @s[tag=aj.frestchika_v2.bone.left_wing_2] run data modify entity @s {} merge value {transformation:[-0.8706270701706933f,0.07355902842248753f,-0.48641296654543864f,0.25307870567852986f,-0.18114207001069146f,0.8713518463042771f,0.4559972701830233f,1.5689094722822976f,0.4573795526236782f,0.48511341898536164f,-0.7452978703592925f,0.5728504797722f,0f,0f,0f,1f],start_interpolation:0}
execute if entity @s[tag=aj.frestchika_v2.bone.leg_right_1] run data modify entity @s {} merge value {transformation:[-0.9459804624617967f,0.3227145970037168f,-0.0312450559495992f,-0.14883599675629083f,0.3220266668455283f,0.9463970093464221f,0.02513019181199211f,0.5258539062220222f,0.037680107230795346f,0.013710929249210413f,-0.9991957865894949f,0.6180434049393172f,0f,0f,0f,1f],start_interpolation:0}
execute if entity @s[tag=aj.frestchika_v2.bone.leg_right_0] run data modify entity @s {} merge value {transformation:[-0.9459804624617967f,0.10738575432360203f,-0.30592362512384674f,-0.13839887953968272f,0.3220266668455283f,0.4208509493808877f,-0.8480467582896386f,0.5950665964703601f,0.037680107230795346f,-0.9007512299039935f,-0.4326978522543407f,0.2885585949119542f,0f,0f,0f,1f],start_interpolation:0}
execute if entity @s[tag=aj.frestchika_v2.bone.leg_left_1] run data modify entity @s {} merge value {transformation:[-0.6779499938907854f,-0.22813571006114833f,-0.6988117797936576f,0.2589231397419021f,-0.5608856549260619f,0.7750174941150855f,0.291127404951399f,0.25596537811317416f,0.47517479718693667f,0.5893233251878538f,-0.6533811525502434f,-0.0666571783730292f,0f,0f,0f,1f],start_interpolation:0}
execute if entity @s[tag=aj.frestchika_v2.bone.leg_left_0] run data modify entity @s {} merge value {transformation:[-0.6779499938907854f,-0.38314336955327505f,-0.6273635024057793f,0.11156402911614789f,-0.5608856549260619f,0.8212653972481666f,0.10454869382719949f,0.560345360002332f,0.47517479718693667f,0.422757975265013f,-0.7716764908095749f,0.08238325424053047f,0f,0f,0f,1f],start_interpolation:0}
execute if entity @s[tag=aj.frestchika_v2.bone.body_0] run data modify entity @s {} merge value {transformation:[-0.7513774111262632f,-0.06385111423837211f,-0.65677623378112f,0.0019411410278156118f,-0.23154371537559795f,0.9575336623220067f,0.1718045208667957f,0.8743828959441406f,0.6179154423699558f,0.28116244544875385f,-0.7342534884833835f,0.2690516041121137f,0f,0f,0f,1f],start_interpolation:0}
execute if entity @s[tag=aj.frestchika_v2.bone.body_1] run data modify entity @s {} merge value {transformation:[-0.8706270701706933f,0.07355902842248753f,-0.48641296654543864f,-3.138157422815092e-17f,-0.18114207001069146f,0.8713518463042771f,0.4559972701830233f,0.8513888888888889f,0.4573795526236782f,0.48511341898536164f,-0.7452978703592925f,0.25625f,0f,0f,0f,1f],start_interpolation:0}