execute if entity @s[tag=aj.frestchika_v2.bone.hair] run data modify entity @s {} merge value {transformation:[-0.8313720162580369f,0.5511466398904863f,-0.07111927952723501f,-0.0031835310714046217f,0.21118933525807443f,0.431725014025886f,0.8769336217397536f,1.2430753290949386f,0.5140229909802662f,0.7140384398628515f,-0.4753203878879231f,0.05986129776877391f,0f,0f,0f,1f],start_interpolation:0}
execute if entity @s[tag=aj.frestchika_v2.bone.side_hair_2] run data modify entity @s {} merge value {transformation:[-0.77635694270302f,0.6244559866210592f,-0.0855839838400809f,0.5923448776900716f,0.13348174433125334f,0.2955963732573742f,0.945941545787779f,1.342033095317452f,0.615997176492803f,0.722964387013777f,-0.31284177096846866f,0.06736359536815745f,0f,0f,0f,1f],start_interpolation:0}
execute if entity @s[tag=aj.frestchika_v2.bone.side_hair_1] run data modify entity @s {} merge value {transformation:[-0.77635694270302f,0.5523093295157314f,-0.30368454364142883f,0.6833724682730538f,0.13348174433125334f,0.6149581203703236f,0.7771802455807045f,1.60132322321429f,0.615997176492803f,0.5628329367765194f,-0.551150218935285f,0.38283383741293225f,0f,0f,0f,1f],start_interpolation:0}
execute if entity @s[tag=aj.frestchika_v2.bone.head] run data modify entity @s {} merge value {transformation:[-0.8313720162580369f,0.4417473515919775f,-0.33716442271467517f,0.17033020981941882f,0.21118933525807443f,0.812351640465487f,0.5435842868463774f,1.2348923843773099f,0.5140229909802662f,0.3807152342558751f,-0.7686587507790403f,0.3438614725272068f,0f,0f,0f,1f],start_interpolation:0}
execute if entity @s[tag=aj.frestchika_v2.bone.group] run data modify entity @s {} merge value {transformation:[0.000007486434891948602f,0.000005948163523139382f,0.000002927907667705493f,0.3694892206460287f,-0.0000036683642803798963f,0.0000073952064055858785f,-0.000005643937076652652f,0.8151991528237412f,-0.000005522354218541888f,0.000003151233555415357f,0.000007718376187008305f,0.5782368903785017f,0f,0f,0f,1f],start_interpolation:0}
execute if entity @s[tag=aj.frestchika_v2.bone.group2] run data modify entity @s {} merge value {transformation:[0.000007486434891948602f,0.000005948163523139382f,0.000002927907667705493f,0.3694892206460287f,-0.0000036683642803798963f,0.0000073952064055858785f,-0.000005643937076652652f,0.8151991528237412f,-0.000005522354218541888f,0.000003151233555415357f,0.000007718376187008305f,0.5782368903785017f,0f,0f,0f,1f],start_interpolation:0}
execute if entity @s[tag=aj.frestchika_v2.bone.group3] run data modify entity @s {} merge value {transformation:[0.000007486434891948602f,0.000005948163523139382f,0.000002927907667705493f,0.3694892206460287f,-0.0000036683642803798963f,0.0000073952064055858785f,-0.000005643937076652652f,0.8151991528237412f,-0.000005522354218541888f,0.000003151233555415357f,0.000007718376187008305f,0.5782368903785017f,0f,0f,0f,1f],start_interpolation:0}
execute if entity @s[tag=aj.frestchika_v2.locator_origin.muzzle] at @s on origin run tp @s ^0.3695 ^0.8152 ^0.57824 ~159.22614 ~-34.3602
execute if entity @s[tag=aj.frestchika_v2.bone.gun] run data modify entity @s {} merge value {transformation:[0.000007486434891948602f,0.000005948163523139382f,0.000002927907667705493f,0.3694920593100441f,-0.0000036683642803798963f,0.0000073952064055858785f,-0.000005643937076652652f,0.815197721874862f,-0.000005522354218541888f,0.000003151233555415357f,0.000007718376187008305f,0.5782408403632769f,0f,0f,0f,1f],start_interpolation:0}
execute if entity @s[tag=aj.frestchika_v2.bone.sword] run data modify entity @s {} merge value {transformation:[0.6259787810116655f,-0.5307844267517817f,-0.658743630057196f,0.14725902155226867f,0.7782641269174523f,0.6825608818728721f,0.18957927996050405f,0.6881631805189015f,0.3316326681383568f,-0.5999193670441967f,0.7985244132578065f,0.4727577263347237f,0f,0f,0f,1f],start_interpolation:0}
execute if entity @s[tag=aj.frestchika_v2.bone.arm_right_1] run data modify entity @s {} merge value {transformation:[0.7486434891948601f,0.5948163523139381f,0.29279076677054927f,0.15018360473205575f,-0.3668364280379896f,0.7395206405585878f,-0.5643937076652652f,0.9016152705307019f,-0.5522354218541887f,0.31512335554153564f,0.7718376187008305f,0.7894057373822966f,0f,0f,0f,1f],start_interpolation:0}
execute if entity @s[tag=aj.frestchika_v2.bone.arm_right_0] run data modify entity @s {} merge value {transformation:[0.6053936749231991f,0.5948163523139381f,-0.5288591545798605f,-0.015407497690877642f,-0.6700095448073475f,0.7395206405585878f,0.06477987384108458f,1.117413410305545f,0.4296343890216826f,0.31512335554153564f,0.84623375172715f,0.5955423440016101f,0f,0f,0f,1f],start_interpolation:0}
execute if entity @s[tag=aj.frestchika_v2.bone.arm_left_1] run data modify entity @s {} merge value {transformation:[-0.13881746985304885f,0.4775159447477738f,-0.8675875936038037f,0.10387557941670873f,0.602846715263744f,0.7357932992649068f,0.3085191382273999f,1.119301012643454f,0.7856879456624696f,-0.48019448483765825f,-0.39000988291604044f,-0.2486694028650125f,0f,0f,0f,1f],start_interpolation:0}
execute if entity @s[tag=aj.frestchika_v2.bone.arm_left_0] run data modify entity @s {} merge value {transformation:[0.270189253877633f,0.4775159447477738f,-0.8360480187170405f,0.22240188120172494f,0.3970755986424517f,0.7357932992649068f,0.5485792465265176f,1.2712740115188532f,0.8771138672098316f,-0.48019448483765825f,0.009193512914508914f,0.10206122510748883f,0f,0f,0f,1f],start_interpolation:0}
execute if entity @s[tag=aj.frestchika_v2.bone.right_wing_0] run data modify entity @s {} merge value {transformation:[-0.21112552235954798f,0.4542138928517836f,-0.8655147331783766f,-0.5128343017612846f,-0.1508997149724617f,0.8597130250061601f,0.4879782686308758f,1.186408192689554f,0.965740798470085f,0.23363059340588477f,-0.11296661451586627f,0.3948032314407811f,0f,0f,0f,1f],start_interpolation:0}
execute if entity @s[tag=aj.frestchika_v2.bone.right_wing_1] run data modify entity @s {} merge value {transformation:[-0.21112552235954798f,0.4542138928517836f,-0.8655147331783766f,0.4403698837976516f,-0.1508997149724617f,0.8597130250061601f,0.4879782686308758f,1.6286817824650188f,0.965740798470085f,0.23363059340588477f,-0.11296661451586627f,0.25810474051989024f,0f,0f,0f,1f],start_interpolation:0}
execute if entity @s[tag=aj.frestchika_v2.bone.right_wing_2] run data modify entity @s {} merge value {transformation:[-0.21112552235954798f,0.4542138928517836f,-0.8655147331783766f,0.43317290782142776f,-0.1508997149724617f,0.8597130250061601f,0.4879782686308758f,1.613505286464731f,0.965740798470085f,0.23363059340588477f,-0.11296661451586627f,0.2476882869030918f,0f,0f,0f,1f],start_interpolation:0}
execute if entity @s[tag=aj.frestchika_v2.bone.left_wing_0] run data modify entity @s {} merge value {transformation:[-0.21112552235954798f,0.4542138928517836f,-0.8655147331783766f,-0.5128343017612846f,-0.1508997149724617f,0.8597130250061601f,0.4879782686308758f,1.186408192689554f,0.965740798470085f,0.23363059340588477f,-0.11296661451586627f,0.3948032314407811f,0f,0f,0f,1f],start_interpolation:0}
execute if entity @s[tag=aj.frestchika_v2.bone.left_wing_1] run data modify entity @s {} merge value {transformation:[-0.21112552235954798f,0.4542138928517836f,-0.8655147331783766f,0.4403698837976516f,-0.1508997149724617f,0.8597130250061601f,0.4879782686308758f,1.6286817824650188f,0.965740798470085f,0.23363059340588477f,-0.11296661451586627f,0.25810474051989024f,0f,0f,0f,1f],start_interpolation:0}
execute if entity @s[tag=aj.frestchika_v2.bone.left_wing_2] run data modify entity @s {} merge value {transformation:[-0.21112552235954798f,0.4542138928517836f,-0.8655147331783766f,0.43317290782142776f,-0.1508997149724617f,0.8597130250061601f,0.4879782686308758f,1.613505286464731f,0.965740798470085f,0.23363059340588477f,-0.11296661451586627f,0.2476882869030918f,0f,0f,0f,1f],start_interpolation:0}
execute if entity @s[tag=aj.frestchika_v2.bone.leg_right_1] run data modify entity @s {} merge value {transformation:[-0.5116023912053136f,0.05547864264618296f,-0.8574293635764652f,0.16093096583804595f,0.2164317455129367f,0.9740566226796104f,-0.06611350352397033f,0.4326682685046876f,0.8315168626355259f,-0.2193987603067249f,-0.5103370367988624f,0.5732729403316454f,0f,0f,0f,1f],start_interpolation:0}
execute if entity @s[tag=aj.frestchika_v2.bone.leg_right_0] run data modify entity @s {} merge value {transformation:[-0.5116023912053136f,-0.49341823185953637f,-0.7034212406386473f,-0.053333618412659975f,0.2164317455129367f,0.7182696519977092f,-0.661245798892751f,0.6708452916397778f,0.8315168626355259f,-0.49053761883029723f,-0.26067710230297014f,0.3794496401033737f,0f,0f,0f,1f],start_interpolation:0}
execute if entity @s[tag=aj.frestchika_v2.bone.leg_left_1] run data modify entity @s {} merge value {transformation:[-0.09714424343396608f,-0.07189692698706696f,-0.9926700498440852f,0.24338849049294028f,-0.4233898459809532f,0.9056254119540443f,-0.024158881250840702f,0.40998317724504507f,0.900724172145872f,0.4179395232720684f,-0.11841672432240777f,0.0032098838730416773f,0f,0f,0f,1f],start_interpolation:0}
execute if entity @s[tag=aj.frestchika_v2.bone.leg_left_0] run data modify entity @s {} merge value {transformation:[-0.09714424343396608f,-0.6613389052591073f,-0.7437700238368898f,-0.020620064890611217f,-0.4233898459809532f,0.7037739505528536f,-0.5704763490658086f,0.6313457196669148f,0.900724172145872f,0.2594861825105815f,-0.34837176521385615f,0.07878878302363901f,0f,0f,0f,1f],start_interpolation:0}
execute if entity @s[tag=aj.frestchika_v2.bone.body_0] run data modify entity @s {} merge value {transformation:[-0.07650471342684985f,0.08981705690521968f,-0.9930155714349901f,0.019871857812265498f,-0.17598096147389108f,0.9790828579008304f,0.10211492821065399f,0.9501124448440194f,0.9814161859385648f,0.18256410833903441f,-0.059098361433908494f,0.26647133846150745f,0f,0f,0f,1f],start_interpolation:0}
execute if entity @s[tag=aj.frestchika_v2.bone.body_1] run data modify entity @s {} merge value {transformation:[-0.21112552235954798f,0.4542138928517836f,-0.8655147331783766f,-3.138157422815092e-17f,-0.1508997149724617f,0.8597130250061601f,0.4879782686308758f,0.9124999999999999f,0.965740798470085f,0.23363059340588477f,-0.11296661451586627f,0.25625f,0f,0f,0f,1f],start_interpolation:0}