execute if entity @s[tag=aj.frestchika_v2.bone.hair] run data modify entity @s {} merge value {transformation:[-0.9566485819819355f,-0.2094501371482667f,0.2023712693060051f,0.07476513548087935f,0.08273016884521973f,0.47080151923411623f,0.8783516657066744f,1.2528875760386065f,-0.2792475778852752f,0.8570160847588686f,-0.4330637605593278f,0.08592560570826424f,0f,0f,0f,1f],start_interpolation:0}
execute if entity @s[tag=aj.frestchika_v2.bone.side_hair_2] run data modify entity @s {} merge value {transformation:[-0.9863047474975729f,-0.1365686200786536f,0.09247679208082725f,0.44492988464368766f,0.008821019687205015f,0.5162118753878805f,0.8564154887204022f,1.376511977899432f,-0.16469709977843003f,0.8455024019589417f,-0.5079375489233241f,0.5747466551701828f,0f,0f,0f,1f],start_interpolation:0}
execute if entity @s[tag=aj.frestchika_v2.bone.side_hair_1] run data modify entity @s {} merge value {transformation:[-0.9863047474975729f,-0.09435707222063064f,0.13527633934172997f,0.2522849699827471f,0.008821019687205015f,0.7888371654391046f,0.6145389459047137f,1.6834128767892722f,-0.16469709977843003f,0.60731595512052f,-0.7772015156834324f,0.7838845078027885f,0f,0f,0f,1f],start_interpolation:0}
execute if entity @s[tag=aj.frestchika_v2.bone.head] run data modify entity @s {} merge value {transformation:[-0.9566485819819355f,-0.0802035049435312f,0.2799837287892358f,-0.018266537559159725f,0.08273016884521973f,0.8469019086503898f,0.525274096341299f,1.2560086389209668f,-0.2792475778852752f,0.5256658205733941f,-0.8035522604822336f,0.4055589032585283f,0f,0f,0f,1f],start_interpolation:0}
execute if entity @s[tag=aj.frestchika_v2.bone.group] run data modify entity @s {} merge value {transformation:[3.630892288708726e-7f,9.72890049017322e-7f,-0.000009945936414657042f,-0.46488400598719887f,-0.0000019781458245547214f,0.000009762566869729531f,8.827384725138598e-7f,1.0574254428149834f,0.000009795667680596086f,0.0000019353999758660875f,5.469201264744873e-7f,0.8595576736374507f,0f,0f,0f,1f],start_interpolation:0}
execute if entity @s[tag=aj.frestchika_v2.bone.group2] run data modify entity @s {} merge value {transformation:[3.630892288708726e-7f,9.72890049017322e-7f,-0.000009945936414657042f,-0.46488400598719887f,-0.0000019781458245547214f,0.000009762566869729531f,8.827384725138598e-7f,1.0574254428149834f,0.000009795667680596086f,0.0000019353999758660875f,5.469201264744873e-7f,0.8595576736374507f,0f,0f,0f,1f],start_interpolation:0}
execute if entity @s[tag=aj.frestchika_v2.bone.group3] run data modify entity @s {} merge value {transformation:[3.630892288708726e-7f,9.72890049017322e-7f,-0.000009945936414657042f,-0.46488400598719887f,-0.0000019781458245547214f,0.000009762566869729531f,8.827384725138598e-7f,1.0574254428149834f,0.000009795667680596086f,0.0000019353999758660875f,5.469201264744873e-7f,0.8595576736374507f,0f,0f,0f,1f],start_interpolation:0}
execute if entity @s[tag=aj.frestchika_v2.locator_origin.muzzle] at @s on origin run tp @s ^-0.46489 ^1.05743 ^0.85957 ~-93.14749 ~5.06431
execute if entity @s[tag=aj.frestchika_v2.bone.gun] run data modify entity @s {} merge value {transformation:[3.630892288708726e-7f,9.72890049017322e-7f,-0.000009945936414657042f,-0.46488846870820144f,-0.0000019781458245547214f,0.000009762566869729531f,8.827384725138598e-7f,1.057427594354345f,0.000009795667680596086f,0.0000019353999758660875f,5.469201264744873e-7f,0.859558752065678f,0f,0f,0f,1f],start_interpolation:0}
execute if entity @s[tag=aj.frestchika_v2.bone.sword] run data modify entity @s {} merge value {transformation:[0.10238597586853392f,0.9867656024526378f,-0.35119150026976764f,-0.4179745380886968f,1.0274027748034662f,-0.025998529084258988f,0.22647809366822585f,0.8097813324817134f,0.2036795580601712f,-0.3648868789114476f,-0.9658658888927988f,0.7450057197702864f,0f,0f,0f,1f],start_interpolation:0}
execute if entity @s[tag=aj.frestchika_v2.bone.arm_right_1] run data modify entity @s {} merge value {transformation:[0.03630892288708726f,0.0972890049017322f,-0.9945936414657042f,-0.5259643817586341f,-0.19781458245547212f,0.976256686972953f,0.08827384725138597f,1.1236601286276053f,0.9795667680596085f,0.19353999758660873f,0.05469201264744872f,0.5561814474647558f,0f,0f,0f,1f],start_interpolation:0}
execute if entity @s[tag=aj.frestchika_v2.bone.arm_right_0] run data modify entity @s {} merge value {transformation:[-0.5223768551128665f,0.0972890049017322f,-0.8471465462171356f,-0.3113644869859883f,-0.11543449229505201f,0.976256686972953f,0.18329691522002595f,1.1571885666101225f,0.844865255073834f,0.19353999758660873f,-0.4987433910371152f,0.27918148535280574f,0f,0f,0f,1f],start_interpolation:0}
execute if entity @s[tag=aj.frestchika_v2.bone.arm_left_1] run data modify entity @s {} merge value {transformation:[-0.8611977271650711f,0.5066933361020423f,0.040004223220776625f,0.5412657271994721f,0.4821789212341623f,0.789562064924752f,0.379598779699331f,1.1692917336200426f,0.16075435497421098f,0.3461987995091032f,-0.9242859019671787f,0.1764233966194919f,0f,0f,0f,1f],start_interpolation:0}
execute if entity @s[tag=aj.frestchika_v2.bone.arm_left_0] run data modify entity @s {} merge value {transformation:[-0.7854943308119652f,0.5066933361020423f,-0.3553315626454327f,0.2315096394077539f,0.25729032494952636f,0.789562064924752f,0.5571296387010197f,1.2652437431160903f,0.562850197610012f,0.3461987995091032f,-0.7505638189180359f,0.41094552339997215f,0f,0f,0f,1f],start_interpolation:0}
execute if entity @s[tag=aj.frestchika_v2.bone.right_wing_0] run data modify entity @s {} merge value {transformation:[-0.9988002655750019f,-0.04871076682442585f,0.005028984259408217f,-0.19938054459456409f,-0.04266556076250996f,0.9160230371225785f,0.39885015404979823f,1.1600230683494406f,-0.02403496228675088f,0.39815707535607553f,-0.9170023249325875f,-0.24991345788705266f,0f,0f,0f,1f],start_interpolation:0}
execute if entity @s[tag=aj.frestchika_v2.bone.right_wing_1] run data modify entity @s {} merge value {transformation:[-0.9988002655750019f,-0.04871076682442585f,0.005028984259408217f,0.15909831564983032f,-0.04266556076250996f,0.9160230371225785f,0.39885015404979823f,1.6559150114393915f,-0.02403496228675088f,0.39815707535607553f,-0.9170023249325875f,0.6152308725783056f,0f,0f,0f,1f],start_interpolation:0}
execute if entity @s[tag=aj.frestchika_v2.bone.right_wing_2] run data modify entity @s {} merge value {transformation:[-0.9988002655750019f,-0.04871076682442585f,0.005028984259408217f,0.1662541441876321f,-0.04266556076250996f,0.9160230371225785f,0.39885015404979823f,1.6390062392481086f,-0.02403496228675088f,0.39815707535607553f,-0.9170023249325875f,0.6079156459296713f,0f,0f,0f,1f],start_interpolation:0}
execute if entity @s[tag=aj.frestchika_v2.bone.left_wing_0] run data modify entity @s {} merge value {transformation:[-0.9988002655750019f,-0.04871076682442585f,0.005028984259408217f,-0.19938054459456409f,-0.04266556076250996f,0.9160230371225785f,0.39885015404979823f,1.1600230683494406f,-0.02403496228675088f,0.39815707535607553f,-0.9170023249325875f,-0.24991345788705266f,0f,0f,0f,1f],start_interpolation:0}
execute if entity @s[tag=aj.frestchika_v2.bone.left_wing_1] run data modify entity @s {} merge value {transformation:[-0.9988002655750019f,-0.04871076682442585f,0.005028984259408217f,0.15909831564983032f,-0.04266556076250996f,0.9160230371225785f,0.39885015404979823f,1.6559150114393915f,-0.02403496228675088f,0.39815707535607553f,-0.9170023249325875f,0.6152308725783056f,0f,0f,0f,1f],start_interpolation:0}
execute if entity @s[tag=aj.frestchika_v2.bone.left_wing_2] run data modify entity @s {} merge value {transformation:[-0.9988002655750019f,-0.04871076682442585f,0.005028984259408217f,0.1662541441876321f,-0.04266556076250996f,0.9160230371225785f,0.39885015404979823f,1.6390062392481086f,-0.02403496228675088f,0.39815707535607553f,-0.9170023249325875f,0.6079156459296713f,0f,0f,0f,1f],start_interpolation:0}
execute if entity @s[tag=aj.frestchika_v2.bone.leg_right_1] run data modify entity @s {} merge value {transformation:[-0.8797646712825982f,0.35231236049264547f,0.3192023242508144f,-0.297297084806714f,0.3479279588245179f,0.9346971385592181f,-0.0727144733695746f,0.6118489286556031f,-0.32397570685350235f,0.04708778836715677f,-0.9448928413081896f,0.5082215885591244f,0f,0f,0f,1f],start_interpolation:0}
execute if entity @s[tag=aj.frestchika_v2.bone.leg_right_0] run data modify entity @s {} merge value {transformation:[-0.8797646712825982f,0.44749442931916616f,-0.1605081271815719f,-0.16072962243148645f,0.3479279588245179f,0.37597186284621276f,-0.8588313535358112f,0.6714415170237229f,-0.32397570685350235f,-0.8114147484956523f,-0.4864625857067645f,0.20136740502182437f,0f,0f,0f,1f],start_interpolation:0}
execute if entity @s[tag=aj.frestchika_v2.bone.leg_left_1] run data modify entity @s {} merge value {transformation:[-0.9492674773068703f,-0.2627577804981596f,-0.17277038321173938f,0.24686343627211743f,-0.3076856131842881f,0.8895603980593764f,0.33765642544434477f,0.24771132328252676f,0.06496783794200753f,0.37368522447659697f,-0.9252775437894385f,0.190168522490288f,0f,0f,0f,1f],start_interpolation:0}
execute if entity @s[tag=aj.frestchika_v2.bone.leg_left_0] run data modify entity @s {} merge value {transformation:[-0.9492674773068703f,-0.3088728986688433f,-0.059065971551789095f,0.13300887689082488f,-0.3076856131842881f,0.9510621645488198f,-0.028466165936464283f,0.5949986433529317f,0.06496783794200753f,-0.00884825585186827f,-0.9978481289262013f,0.17134200192997678f,0f,0f,0f,1f],start_interpolation:0}
execute if entity @s[tag=aj.frestchika_v2.bone.body_0] run data modify entity @s {} merge value {transformation:[-0.9920758577145093f,-0.03478961640510927f,-0.12072768999034818f,-0.0009133268779580162f,-0.05470615063719028f,0.984639786944658f,0.16580629375279898f,0.9296754319460483f,0.1131049495932044f,0.17109696828396403f,-0.9787405671686216f,0.2637154451629264f,0f,0f,0f,1f],start_interpolation:0}
execute if entity @s[tag=aj.frestchika_v2.bone.body_1] run data modify entity @s {} merge value {transformation:[-0.9988002655750019f,-0.04871076682442585f,0.005028984259408217f,-3.138157422815092e-17f,-0.04266556076250996f,0.9160230371225785f,0.39885015404979823f,0.9125f,-0.02403496228675088f,0.39815707535607553f,-0.9170023249325875f,0.25625f,0f,0f,0f,1f],start_interpolation:0}