execute if entity @s[tag=aj.frestchika_v2.bone.hair] run data modify entity @s {} merge value {transformation:[-0.7228554685085751f,-0.42682263484626903f,0.54341734424854f,0.18618647492449408f,0.019943631425786996f,0.7732079681738706f,0.6338388513794234f,1.2697576892096147f,-0.6907113892305526f,0.4690115950968833f,-0.5504052147753298f,0.05751280746095755f,0f,0f,0f,1f],start_interpolation:0}
execute if entity @s[tag=aj.frestchika_v2.bone.side_hair_2] run data modify entity @s {} merge value {transformation:[-0.81101850547779f,-0.3532238897444898f,0.46634951215407505f,0.3502426892713948f,-0.0028405580499356944f,0.7995189434638057f,0.6006341567647354f,1.5525573001282014f,-0.5850136024081287f,0.48580072329741564f,-0.6494280115926409f,0.5885367521450887f,0f,0f,0f,1f],start_interpolation:0}
execute if entity @s[tag=aj.frestchika_v2.bone.side_hair_1] run data modify entity @s {} merge value {transformation:[-0.81101850547779f,-0.16263819119455436f,0.5619588975517114f,0.15889596541920792f,-0.0028405580499356944f,0.9616632674181805f,0.2742183278494599f,1.9245454853030368f,-0.5850136024081287f,0.22079986155691417f,-0.780388689137606f,0.5814594893085252f,0f,0f,0f,1f],start_interpolation:0}
execute if entity @s[tag=aj.frestchika_v2.bone.head] run data modify entity @s {} merge value {transformation:[-0.7228554685085751f,-0.09793057256280821f,0.6840245423994437f,-0.02363931086309966f,0.019943631425786996f,0.9865371685368334f,0.16231656311319467f,1.3998330889796522f,-0.6907113892305526f,0.1309733486356972f,-0.7111706959193073f,0.2808591934139963f,0f,0f,0f,1f],start_interpolation:0}
execute if entity @s[tag=aj.frestchika_v2.bone.group] run data modify entity @s {} merge value {transformation:[-0.000007859440033656211f,0.00000216200645694942f,0.000005792661774820883f,-0.6321218630008846f,0.0000029061353534148266f,0.000009561072556163614f,3.7452487688729025e-7f,1.4825806114061628f,-0.000005457433432025946f,0.000001977781498518978f,-0.000008142775981145587f,-0.3719330256710819f,0f,0f,0f,1f],start_interpolation:0}
execute if entity @s[tag=aj.frestchika_v2.bone.group2] run data modify entity @s {} merge value {transformation:[-0.000007859440033656211f,0.00000216200645694942f,0.000005792661774820883f,-0.6321218630008846f,0.0000029061353534148266f,0.000009561072556163614f,3.7452487688729025e-7f,1.4825806114061628f,-0.000005457433432025946f,0.000001977781498518978f,-0.000008142775981145587f,-0.3719330256710819f,0f,0f,0f,1f],start_interpolation:0}
execute if entity @s[tag=aj.frestchika_v2.bone.group3] run data modify entity @s {} merge value {transformation:[-0.000007859440033656211f,0.00000216200645694942f,0.000005792661774820883f,-0.6321218630008846f,0.0000029061353534148266f,0.000009561072556163614f,3.7452487688729025e-7f,1.4825806114061628f,-0.000005457433432025946f,0.000001977781498518978f,-0.000008142775981145587f,-0.3719330256710819f,0f,0f,0f,1f],start_interpolation:0}
execute if entity @s[tag=aj.frestchika_v2.locator_origin.muzzle] at @s on origin run tp @s ^-0.63213 ^1.48259 ^-0.37194 ~35.42754 ~2.14637
execute if entity @s[tag=aj.frestchika_v2.bone.gun] run data modify entity @s {} merge value {transformation:[-0.000007859440033656211f,0.00000216200645694942f,0.000005792661774820883f,-0.6321191107257186f,0.0000029061353534148266f,0.000009561072556163614f,3.7452487688729025e-7f,1.4825827158908977f,-0.000005457433432025946f,0.000001977781498518978f,-0.000008142775981145587f,-0.3719367275804842f,0f,0f,0f,1f],start_interpolation:0}
execute if entity @s[tag=aj.frestchika_v2.bone.sword] run data modify entity @s {} merge value {transformation:[0.22752739752290008f,-0.3326794773358812f,0.9721524370364869f,-0.6831647389331231f,1.0061977147381027f,-0.12955788895281364f,-0.27983142133418487f,1.2139148578297247f,0.20813974712263866f,0.9899817325938973f,0.2900667628290232f,-0.328763692020524f,0f,0f,0f,1f],start_interpolation:0}
execute if entity @s[tag=aj.frestchika_v2.bone.arm_right_1] run data modify entity @s {} merge value {transformation:[-0.7859440033656211f,0.216200645694942f,0.5792661774820883f,-0.3575496217095072f,0.29061353534148265f,0.9561072556163613f,0.037452487688729025f,1.393641478583774f,-0.5457433432025945f,0.19777814985189776f,-0.8142775981145587f,-0.24210662049519452f,0f,0f,0f,1f],start_interpolation:0}
execute if entity @s[tag=aj.frestchika_v2.bone.arm_right_0] run data modify entity @s {} merge value {transformation:[-0.6961852220004106f,0.216200645694942f,0.6845315313915997f,-0.10684996565756696f,0.292989660853877f,0.9561072556163613f,-0.0039967975279866785f,1.2855698016630592f,-0.6553496740679503f,0.19777814985189776f,-0.7289722958660302f,0.00628627302403878f,0f,0f,0f,1f],start_interpolation:0}
execute if entity @s[tag=aj.frestchika_v2.bone.arm_left_1] run data modify entity @s {} merge value {transformation:[-0.3749098276307303f,0.2825895666163447f,0.882941537127732f,0.4189679775563778f,0.6109594902642358f,0.7916387072386245f,0.006054622830892836f,1.1804714842808814f,-0.6972597237772744f,0.5417114490585792f,-0.4694439088505603f,0.64132354648566f,0f,0f,0f,1f],start_interpolation:0}
execute if entity @s[tag=aj.frestchika_v2.bone.arm_left_0] run data modify entity @s {} merge value {transformation:[-0.7348941720827398f,0.2825895666163447f,0.6165011700543728f,0.11730404409760228f,0.5416201505955022f,0.7916387072386245f,0.2827645127495045f,1.3935849881097135f,-0.40813988816057867f,0.5417114490585792f,-0.7348268759722418f,0.4872529271710816f,0f,0f,0f,1f],start_interpolation:0}
execute if entity @s[tag=aj.frestchika_v2.bone.right_wing_0] run data modify entity @s {} merge value {transformation:[-0.5633794313284228f,-0.06303816230159902f,0.8237899043140184f,0.34756958808566246f,0.018768333478242902f,0.9958512002420361f,0.08904008442800021f,1.1149573483618291f,-0.8259850882519078f,0.06562451577065687f,-0.5598589616281539f,-0.22184280108853127f,0f,0f,0f,1f],start_interpolation:0}
execute if entity @s[tag=aj.frestchika_v2.bone.right_wing_1] run data modify entity @s {} merge value {transformation:[-0.5633794313284228f,-0.06303816230159902f,0.8237899043140184f,0.034547540632458906f,0.018768333478242902f,0.9958512002420361f,0.08904008442800021f,1.8325912150304977f,-0.8259850882519078f,0.06562451577065687f,-0.5598589616281539f,0.49223664562477387f,0f,0f,0f,1f],start_interpolation:0}
execute if entity @s[tag=aj.frestchika_v2.bone.right_wing_2] run data modify entity @s {} merge value {transformation:[-0.5633794313284228f,-0.06303816230159902f,0.8237899043140184f,0.039250627621416546f,0.018768333478242902f,0.9958512002420361f,0.08904008442800021f,1.8138017029417202f,-0.8259850882519078f,0.06562451577065687f,-0.5598589616281539f,0.49616859275564845f,0f,0f,0f,1f],start_interpolation:0}
execute if entity @s[tag=aj.frestchika_v2.bone.left_wing_0] run data modify entity @s {} merge value {transformation:[-0.5633794313284228f,-0.06303816230159902f,0.8237899043140184f,0.34756958808566246f,0.018768333478242902f,0.9958512002420361f,0.08904008442800021f,1.1149573483618291f,-0.8259850882519078f,0.06562451577065687f,-0.5598589616281539f,-0.22184280108853127f,0f,0f,0f,1f],start_interpolation:0}
execute if entity @s[tag=aj.frestchika_v2.bone.left_wing_1] run data modify entity @s {} merge value {transformation:[-0.5633794313284228f,-0.06303816230159902f,0.8237899043140184f,0.034547540632458906f,0.018768333478242902f,0.9958512002420361f,0.08904008442800021f,1.8325912150304977f,-0.8259850882519078f,0.06562451577065687f,-0.5598589616281539f,0.49223664562477387f,0f,0f,0f,1f],start_interpolation:0}
execute if entity @s[tag=aj.frestchika_v2.bone.left_wing_2] run data modify entity @s {} merge value {transformation:[-0.5633794313284228f,-0.06303816230159902f,0.8237899043140184f,0.039250627621416546f,0.018768333478242902f,0.9958512002420361f,0.08904008442800021f,1.8138017029417202f,-0.8259850882519078f,0.06562451577065687f,-0.5598589616281539f,0.49616859275564845f,0f,0f,0f,1f],start_interpolation:0}
execute if entity @s[tag=aj.frestchika_v2.bone.leg_right_1] run data modify entity @s {} merge value {transformation:[-0.4489850726727663f,0.4898627607203933f,0.7472930350113166f,-0.377056895695412f,0.1373934815811048f,0.8642316053457578f,-0.4839697961035548f,0.7907066084346017f,-0.8829130397361072f,-0.11462202223346335f,-0.45533104032457333f,0.2799646462188752f,0f,0f,0f,1f],start_interpolation:0}
execute if entity @s[tag=aj.frestchika_v2.bone.leg_right_0] run data modify entity @s {} merge value {transformation:[-0.4489850726727663f,0.8927121969311489f,0.038436154430325886f,-0.06614414732609171f,0.1373934815811048f,0.11147757008572282f,-0.984223441392657f,0.7647461368962698f,-0.8829130397361072f,-0.4366207562841511f,-0.1727046016926091f,0.11781732700789493f,0f,0f,0f,1f],start_interpolation:0}
execute if entity @s[tag=aj.frestchika_v2.bone.leg_left_1] run data modify entity @s {} merge value {transformation:[-0.5705900740592111f,-0.1280505567690572f,0.8111904969218007f,-0.11130775231592988f,-0.0003319201740554499f,0.9878048742233332f,0.15569656479711663f,0.3965866830931514f,-0.821234958592303f,0.08856966394742116f,-0.5636741589022323f,0.46046131226542736f,0f,0f,0f,1f],start_interpolation:0}
execute if entity @s[tag=aj.frestchika_v2.bone.leg_left_0] run data modify entity @s {} merge value {transformation:[-0.5705900740592111f,0.41820205780215786f,0.7067771970254446f,0.05804878221366813f,-0.0003319201740554499f,0.8605096871295352f,-0.5094339684249835f,0.6910818437856053f,-0.821234958592303f,-0.2909125593821444f,-0.4908594764080943f,0.3426741851435391f,0f,0f,0f,1f],start_interpolation:0}
execute if entity @s[tag=aj.frestchika_v2.bone.body_0] run data modify entity @s {} merge value {transformation:[-0.5642608849389029f,0.11827612194781843f,0.8170804199740381f,-0.00028454726038919394f,0.06233270101310727f,0.992963307239165f,-0.10069014281979084f,1.030884050556648f,-0.8232401157088837f,-0.005884679570213866f,-0.5676628246009945f,0.25654622177257586f,0f,0f,0f,1f],start_interpolation:0}
execute if entity @s[tag=aj.frestchika_v2.bone.body_1] run data modify entity @s {} merge value {transformation:[-0.5633794313284228f,-0.06303816230159902f,0.8237899043140184f,-3.138157422815092e-17f,0.018768333478242902f,0.9958512002420361f,0.08904008442800021f,1.0263888888888888f,-0.8259850882519078f,0.06562451577065687f,-0.5598589616281539f,0.25625f,0f,0f,0f,1f],start_interpolation:0}