execute if entity @s[tag=aj.convict.bone.left_leg_2] run data modify entity @s {} merge value {transformation:[-0.29018549011638534f,-0.10248868073554013f,-0.9514664742632828f,0.20750329654764627f,-0.11827061815183047f,0.9904670976215662f,-0.07061861943634212f,0.5476849622099984f,0.949633846389174f,0.09203802936938371f,-0.29954057979162574f,-0.03292329706611166f,0f,0f,0f,1f],start_interpolation:0}
execute if entity @s[tag=aj.convict.bone.left_leg] run data modify entity @s {} merge value {transformation:[-0.29018549011638534f,-0.5976606406017976f,-0.7473915573522104f,0.02073434635958453f,-0.11827061815183047f,0.7974081209280053f,-0.5917367231802094f,0.796875f,0.949633846389174f,-0.0833189495464077f,-0.3020819598032726f,-0.05896046879936407f,0f,0f,0f,1f],start_interpolation:0}
execute if entity @s[tag=aj.convict.bone.right_leg_2] run data modify entity @s {} merge value {transformation:[-0.13442964375369507f,0.38558784496351717f,-0.9128256595301457f,-0.17014177493322835f,0.45462201607442737f,0.8425164821555056f,0.2889373631026887f,0.5299006675261388f,0.8804813986568244f,-0.3761488948710371f,-0.2885559140038889f,0.2982493803544625f,0f,0f,0f,1f],start_interpolation:0}
execute if entity @s[tag=aj.convict.bone.right_leg] run data modify entity @s {} merge value {transformation:[-0.13442964375369507f,0.3454039547343192f,-0.9287759573407072f,-0.06220303907875359f,0.45462201607442737f,0.8543178639163557f,0.25191230595947145f,0.796875f,0.8804813986568244f,-0.388377516660385f,-0.27187388836008985f,0.17688140639809222f,0f,0f,0f,1f],start_interpolation:0}
execute if entity @s[tag=aj.convict.bone.head] run data modify entity @s {} merge value {transformation:[-0.5740704706818441f,0.4926979887477935f,-0.6539814879451905f,0.6052984861257482f,0.4052279505696377f,0.8649867538544577f,0.29595307691162676f,1.3566832067650083f,0.7115008100966977f,-0.09511365590811433f,-0.6962183491488397f,0.2897338730961663f,0f,0f,0f,1f],start_interpolation:0}
execute if entity @s[tag=aj.convict.bone.left_axe] run data modify entity @s {} merge value {transformation:[-0.9258657908981325f,0.2917161851257223f,0.2401545431181166f,0.5304869413540585f,-0.21870546041974812f,-0.9320249535297448f,0.2889591797823066f,0.6540617670302342f,0.308124096472772f,0.21501430960187923f,0.9267299433164258f,-0.737210667551794f,0f,0f,0f,1f],start_interpolation:0}
execute if entity @s[tag=aj.convict.bone.left_arm_2] run data modify entity @s {} merge value {transformation:[-0.9258657908981325f,0.21381594179076752f,-0.31153696454947866f,0.6572082698628691f,-0.21870546041974812f,0.36909092994831f,0.9032938652578562f,0.884917643542678f,0.308124096472772f,0.9044637242399604f,-0.29496595177548757f,-0.3037099763180144f,0f,0f,0f,1f],start_interpolation:0}
execute if entity @s[tag=aj.convict.bone.left_arm] run data modify entity @s {} merge value {transformation:[-0.9258657908981325f,0.21381594179076752f,-0.31153696454947866f,0.697948585690181f,-0.21870546041974812f,0.36909092994831f,0.9032938652578562f,0.9775595343967625f,0.308124096472772f,0.9044637242399604f,-0.29496595177548757f,0.12397112242376312f,0f,0f,0f,1f],start_interpolation:0}
execute if entity @s[tag=aj.convict.bone.right_axe] run data modify entity @s {} merge value {transformation:[-0.7200906416708183f,0.052870534529934066f,-0.6918628291479666f,0.7252016896762039f,-0.5664630237434933f,0.5310575634404812f,0.6301567321262527f,0.8721111968514217f,0.40073571154750853f,0.8456846758048641f,-0.35246037876523634f,0.8002752830275731f,0f,0f,0f,1f],start_interpolation:0}
execute if entity @s[tag=aj.convict.bone.right_arm_2] run data modify entity @s {} merge value {transformation:[-0.7982864675566625f,-0.5922799720137272f,0.10928472202153539f,0.3967967819868543f,-0.5689599182241725f,0.6820914110844125f,-0.45938645863718935f,1.2064580111425112f,0.19754322861148285f,-0.4289006198133711f,-0.8814879075480602f,0.609497381730068f,0f,0f,0f,1f],start_interpolation:0}
execute if entity @s[tag=aj.convict.bone.right_arm] run data modify entity @s {} merge value {transformation:[-0.7982864675566625f,-0.532004899189089f,0.28232871436450263f,0.2115184289264193f,-0.5689599182241725f,0.5123819683850486f,-0.6432334956516228f,1.5041109741904632f,0.19754322861148285f,-0.674118317295021f,-0.7117170555193129f,0.34449160637471743f,0f,0f,0f,1f],start_interpolation:0}
execute if entity @s[tag=aj.convict.bone.body] run data modify entity @s {} merge value {transformation:[-0.6485735423516822f,0.7607485658686155f,0.024778613565649588f,-0.02073434635958453f,0.702068586391601f,0.5853364068697805f,0.4055625608890372f,0.875f,0.29402731193460574f,0.28043343295980194f,-0.9137313771097556f,0.05896046879936407f,0f,0f,0f,1f],start_interpolation:0}