execute if entity @s[tag=aj.convict.bone.left_leg_2] run data modify entity @s {} merge value {transformation:[-0.9869476231951388f,-0.07770294870054974f,0.14105545304136943f,0.05843815090050494f,-0.06876710498097996f,0.9953694340091822f,0.0671623042545082f,0.5232586419254452f,-0.14562099553979546f,0.05658570140486002f,-0.9877209039270753f,0.1612461498399821f,0f,0f,0f,1f],start_interpolation:0}
execute if entity @s[tag=aj.convict.bone.left_leg] run data modify entity @s {} merge value {transformation:[-0.9869476231951388f,0.010255037425830477f,0.1607147263845509f,0.061642850096076965f,-0.06876710498097996f,0.8755723458385753f,-0.47816749416419874f,0.796875f,-0.14562099553979546f,-0.48297815831580726f,-0.863438836425528f,0.010315475366292329f,0f,0f,0f,1f],start_interpolation:0}
execute if entity @s[tag=aj.convict.bone.right_leg_2] run data modify entity @s {} merge value {transformation:[-0.9807835675758303f,0.1557796346777844f,0.11745764765600725f,-0.2351644245431186f,0.18368297757566346f,0.9402166657962302f,0.2867981609215069f,0.4994275787680473f,-0.06575832511678675f,0.3028618939032712f,-0.9507631229171433f,-0.11254077970443227f,0f,0f,0f,1f],start_interpolation:0}
execute if entity @s[tag=aj.convict.bone.right_leg] run data modify entity @s {} merge value {transformation:[-0.9807835675758303f,0.16075479761564054f,0.1105508417732817f,-0.1849285502882309f,0.18368297757566346f,0.9518317479422488f,0.24551351766886848f,0.796875f,-0.06575832511678675f,0.2611019315377769f,-0.9630688573643512f,-0.03094642609887699f,0f,0f,0f,1f],start_interpolation:0}
execute if entity @s[tag=aj.convict.bone.head] run data modify entity @s {} merge value {transformation:[-0.8709578599991941f,0.487494181929954f,0.06149657462061453f,0.31099977997542133f,0.4909983381655211f,0.8682634550871914f,0.07098735435800715f,1.5472605002940165f,-0.01878930611599361f,0.09202171018024805f,-0.9955797139512144f,0.28361559335152925f,0f,0f,0f,1f],start_interpolation:0}
execute if entity @s[tag=aj.convict.bone.left_axe] run data modify entity @s {} merge value {transformation:[-0.969587370710635f,-0.10742944572124816f,0.21990735492580205f,0.35057194128159386f,0.23040648787821494f,-0.09762989061920074f,0.9681845148530877f,0.34752248076209113f,-0.08254199477879892f,0.9894075594261995f,0.11941315023157378f,-0.03595734208677179f,0f,0f,0f,1f],start_interpolation:0}
execute if entity @s[tag=aj.convict.bone.left_arm_2] run data modify entity @s {} merge value {transformation:[-0.969587370710635f,0.16990228425734538f,0.1761634024494687f,0.4767266228280795f,0.23040648787821494f,0.8764044549841827f,0.42288069431874453f,0.7990958837221744f,-0.08254199477879892f,0.450608971379858f,-0.8888972797854222f,0.15754211058037676f,0f,0f,0f,1f],start_interpolation:0}
execute if entity @s[tag=aj.convict.bone.left_arm] run data modify entity @s {} merge value {transformation:[-0.969587370710635f,0.16990228425734538f,0.1761634024494687f,0.46846768693716523f,0.23040648787821494f,0.8764044549841827f,0.42288069431874453f,1.1693869430359578f,-0.08254199477879892f,0.450608971379858f,-0.8888972797854222f,0.3941213507218759f,0f,0f,0f,1f],start_interpolation:0}
execute if entity @s[tag=aj.convict.bone.right_axe] run data modify entity @s {} merge value {transformation:[-0.8691868387008467f,0.0645295935455428f,0.49025521005500305f,-0.5326088826093173f,0.11923456378514877f,0.9895445721630602f,0.08114590871751132f,1.1074676051873682f,-0.47989306957716477f,0.12898632198598586f,-0.8677932763696282f,0.6398022695069168f,0f,0f,0f,1f],start_interpolation:0}
execute if entity @s[tag=aj.convict.bone.right_arm_2] run data modify entity @s {} merge value {transformation:[-0.8304308215252534f,0.4939804120587015f,0.2576198811489673f,-0.3173802507650438f,0.096592021365045f,0.5830690099657075f,-0.8066600963393591f,1.4220625229691126f,-0.5486844558300402f,-0.6449913814307328f,-0.5319130434672266f,0.3070253818105645f,0f,0f,0f,1f],start_interpolation:0}
execute if entity @s[tag=aj.convict.bone.right_arm] run data modify entity @s {} merge value {transformation:[-0.8304308215252534f,0.5485852846470735f,0.09715367275395159f,-0.02571409234711787f,0.096592021365045f,0.31351542906236124f,-0.9446576401789476f,1.6017679887638312f,-0.5486844558300402f,-0.7750885505595685f,-0.3133418368522784f,0.03172515824920271f,0f,0f,0f,1f],start_interpolation:0}
execute if entity @s[tag=aj.convict.bone.body] run data modify entity @s {} merge value {transformation:[-0.6589090390457107f,0.452831435825761f,0.6006517868048321f,-0.061642850096076965f,0.5765080609704978f,0.8169239454398313f,0.016544576242876002f,0.875f,-0.48319492329689756f,0.3571819677629306f,-0.7993395448775859f,-0.010315475366292329f,0f,0f,0f,1f],start_interpolation:0}