execute if entity @s[tag=aj.convict.bone.left_leg_2] run data modify entity @s {} merge value {transformation:[-0.8125172866061879f,-0.15119230390683192f,-0.5629889396830655f,0.18708947554551436f,-0.1239678419840384f,0.9885042251304297f,-0.0865527067925051f,0.5508777274487723f,0.5696030487277421f,-0.0005330465580756227f,-0.8219197544416539f,0.10456462730998577f,0f,0f,0f,1f],start_interpolation:0}
execute if entity @s[tag=aj.convict.bone.left_leg] run data modify entity @s {} merge value {transformation:[-0.8125172866061879f,-0.43000803258306886f,-0.3935844901417693f,0.052711965363305364f,-0.1239678419840384f,0.7871912721639288f,-0.6041207455325102f,0.796875f,0.5696030487277421f,-0.4420667290613192f,-0.6929136843338337f,-0.033581225521676486f,0f,0f,0f,1f],start_interpolation:0}
execute if entity @s[tag=aj.convict.bone.right_leg_2] run data modify entity @s {} merge value {transformation:[-0.6307086671739097f,0.5585825519827672f,-0.5386948206286467f,-0.3251838233125217f,0.4833812226274761f,0.8258441653995291f,0.2903859639974388f,0.5350860616889956f,0.607082507376779f,-0.07724601669972861f,-0.7908753897682925f,0.13564055018757964f,0f,0f,0f,1f],start_interpolation:0}
execute if entity @s[tag=aj.convict.bone.right_leg] run data modify entity @s {} merge value {transformation:[-0.6307086671739097f,0.534553367112338f,-0.5625471312348616f,-0.1581358960899161f,0.4833812226274761f,0.8377246025952139f,0.25408676435001f,0.796875f,0.607082507376779f,-0.11166999559216059f,-0.7867532277160165f,0.10074367656502946f,0f,0f,0f,1f],start_interpolation:0}
execute if entity @s[tag=aj.convict.bone.head] run data modify entity @s {} merge value {transformation:[-0.8393475942779507f,0.5224451990860942f,0.15015535265753355f,0.23725435468961242f,0.5336003042381877f,0.8445844229944905f,0.044134654773508364f,1.4341040127357647f,-0.10376093338405579f,0.11716725816948442f,-0.9876768207851772f,0.563217345265695f,0f,0f,0f,1f],start_interpolation:0}
execute if entity @s[tag=aj.convict.bone.left_axe] run data modify entity @s {} merge value {transformation:[-0.8477078624127196f,-0.09439600090075792f,-0.5219969109272606f,0.8673350384869425f,-0.19130961527964566f,-0.8634129229529335f,0.46681768987413697f,0.498589055742982f,-0.49476460170995673f,0.4955880542263063f,0.7138630606796882f,0.03289583503865301f,0f,0f,0f,1f],start_interpolation:0}
execute if entity @s[tag=aj.convict.bone.left_arm_2] run data modify entity @s {} merge value {transformation:[-0.8477078624127196f,-0.5019933565743601f,0.17144693044457116f,0.6502260249547303f,-0.19130961527964566f,0.5907660593662233f,0.783834226225455f,0.8353970724290087f,-0.49476460170995673f,0.6316629900952813f,-0.5968331892905058f,0.3438614541328318f,0f,0f,0f,1f],start_interpolation:0}
execute if entity @s[tag=aj.convict.bone.left_arm] run data modify entity @s {} merge value {transformation:[-0.8477078624127196f,-0.5019933565743601f,0.17144693044457116f,0.3624904614950608f,-0.19130961527964566f,0.5907660593662233f,0.783834226225455f,1.031909798599146f,-0.49476460170995673f,0.6316629900952813f,-0.5968331892905058f,0.6117129231775813f,0f,0f,0f,1f],start_interpolation:0}
execute if entity @s[tag=aj.convict.bone.right_axe] run data modify entity @s {} merge value {transformation:[-0.6491056190837984f,0.6678429851837467f,0.36420824045413963f,-0.3825470468776758f,-0.5444984307348194f,-0.07356558194332649f,-0.8355295111967371f,2.2159929578068196f,-0.5312093318091822f,-0.7406577160161102f,0.41139129002039043f,-0.3094463344319964f,0f,0f,0f,1f],start_interpolation:0}
execute if entity @s[tag=aj.convict.bone.right_arm_2] run data modify entity @s {} merge value {transformation:[-0.7205369418393075f,0.3851207755874869f,-0.5766355032910746f,-0.20067993276890184f,-0.6148746854352222f,-0.7392840821848417f,0.27456905695845035f,1.8161986974430322f,-0.3205552006375731f,0.5523957223214252f,0.7694825074718697f,-0.05820405011176194f,0f,0f,0f,1f],start_interpolation:0}
execute if entity @s[tag=aj.convict.bone.right_arm] run data modify entity @s {} merge value {transformation:[-0.7205369418393075f,0.19389857172339875f,-0.6657551046206738f,-0.02745933402864662f,-0.6148746854352222f,-0.6225032528062037f,0.48416817476640506f,1.567361904475002f,-0.3205552006375731f,0.7582170165126353f,0.5677599133567668f,0.25995988582874713f,0f,0f,0f,1f],start_interpolation:0}
execute if entity @s[tag=aj.convict.bone.body] run data modify entity @s {} merge value {transformation:[-0.5199330606982766f,0.35236404655441994f,0.7781447108916933f,-0.052711965363305364f,0.7139361411678076f,0.6794173624593185f,0.16937306138593367f,0.875f,-0.46900404979844557f,0.6436082863703804f,-0.6048169764383601f,0.033581225521676486f,0f,0f,0f,1f],start_interpolation:0}