execute if entity @s[tag=aj.convict.bone.left_leg_2] run data modify entity @s {} merge value {transformation:[-0.9203414774029961f,-0.09177174863311449f,0.38019667426805687f,0.017666249519528776f,-0.050926391693983136f,0.9919248799254144f,0.11615306803517084f,0.5159406385682351f,-0.3877861106340729f,0.0875384414858551f,-0.9175832134806773f,0.1559180444640235f,0f,0f,0f,1f],start_interpolation:0}
execute if entity @s[tag=aj.convict.bone.left_leg] run data modify entity @s {} merge value {transformation:[-0.9203414774029961f,0.12688001641453275f,0.3699635474020628f,0.05731625464907026f,-0.050926391693983136f,0.8989899565816476f,-0.43499834550761024f,0.796875f,-0.3877861106340729f,-0.41918792849982595f,-0.8209162033967434f,0.02492181680782788f,0f,0f,0f,1f],start_interpolation:0}
execute if entity @s[tag=aj.convict.bone.right_leg_2] run data modify entity @s {} merge value {transformation:[-0.9405727607089219f,-0.024250581636429673f,0.338725244265455f,-0.16899485369215836f,0.07997605289543756f,0.9535733834406301f,0.29034743559545195f,0.495209196831898f,-0.33004047142079934f,0.30018279711516416f,-0.8949656840016006f,-0.15628396128542854f,0f,0f,0f,1f],start_interpolation:0}
execute if entity @s[tag=aj.convict.bone.right_leg] run data modify entity @s {} merge value {transformation:[-0.9405727607089219f,-0.009452512816167782f,0.33946064840251733f,-0.1719487639472108f,0.07997605289543756f,0.9653305701379264f,0.24847680237891834f,0.796875f,-0.33004047142079934f,0.26085923475822365f,-0.9072076646863664f,-0.07476545042348365f,0f,0f,0f,1f],start_interpolation:0}
execute if entity @s[tag=aj.convict.bone.head] run data modify entity @s {} merge value {transformation:[-0.9428260633743033f,0.30056187057633993f,0.1440193604268744f,0.16768807175928896f,0.31539158275408635f,0.9442922074180562f,0.0940232765723847f,1.6294468801819924f,-0.1077365478841174f,0.134070089748558f,-0.9850979886715976f,0.21460926936042884f,0f,0f,0f,1f],start_interpolation:0}
execute if entity @s[tag=aj.convict.bone.left_axe] run data modify entity @s {} merge value {transformation:[-0.9774601574171294f,-0.03969348281812453f,0.20735493262483062f,0.275843777192612f,0.1950176733223929f,0.20645580519929552f,0.9588243361489274f,0.4249971635300374f,-0.08086870688963227f,0.9776504630599211f,-0.1940613931845307f,0.05777607526067899f,0f,0f,0f,1f],start_interpolation:0}
execute if entity @s[tag=aj.convict.bone.left_arm_2] run data modify entity @s {} merge value {transformation:[-0.9774601574171294f,0.15928086434280714f,0.13856856395405515f,0.3953624260355661f,0.1950176733223929f,0.9326176418481092f,0.3036320819768431f,0.901224483546986f,-0.08086870688963227f,0.32381158158392076f,-0.9426591705797589f,0.18504905891298667f,0f,0f,0f,1f],start_interpolation:0}
execute if entity @s[tag=aj.convict.bone.left_arm] run data modify entity @s {} merge value {transformation:[-0.9774601574171294f,0.15928086434280714f,0.13856856395405515f,0.3840319500063106f,0.1950176733223929f,0.9326176418481092f,0.3036320819768431f,1.2996380467973325f,-0.08086870688963227f,0.32381158158392076f,-0.9426591705797589f,0.3702291561880875f,0f,0f,0f,1f],start_interpolation:0}
execute if entity @s[tag=aj.convict.bone.right_axe] run data modify entity @s {} merge value {transformation:[-0.7308616555977567f,-0.287421341891148f,0.6190559042626103f,-0.46294507661195855f,0.18521991728557285f,0.789448498939501f,0.5852047930108691f,0.7146765524005618f,-0.6569131012680689f,0.5423652272663325f,-0.5237414797729006f,-0.05557570442330037f,0f,0f,0f,1f],start_interpolation:0}
execute if entity @s[tag=aj.convict.bone.right_arm_2] run data modify entity @s {} merge value {transformation:[-0.708756395274828f,0.2597256672610415f,0.6559016312853924f,-0.3701945696091371f,0.20067027580021587f,0.9655763598386797f,-0.16551052453227788f,1.2121009870490331f,-0.676310440971672f,0.014313318500307953f,-0.7364776414435211f,-0.055817592619381004f,0f,0f,0f,1f],start_interpolation:0}
execute if entity @s[tag=aj.convict.bone.right_arm] run data modify entity @s {} merge value {transformation:[-0.708756395274828f,0.4449381958430799f,0.5474434893547799f,-0.15688582217242114f,0.20067027580021587f,0.8711165670140681f,-0.4482046040413795f,1.596356924113296f,-0.676310440971672f,-0.2078122435120935f,-0.7066953083749554f,-0.05622819406578256f,0f,0f,0f,1f],start_interpolation:0}
execute if entity @s[tag=aj.convict.bone.body] run data modify entity @s {} merge value {transformation:[-0.721223696238309f,0.27342290970562394f,0.6364560412412328f,-0.05731625464907026f,0.395625169754618f,0.9167959767285028f,0.05445972925988749f,0.875f,-0.5686098003384934f,0.29107567659036854f,-0.7693879680996305f,-0.02492181680782788f,0f,0f,0f,1f],start_interpolation:0}