execute if entity @s[tag=aj.convict.bone.left_leg_2] run data modify entity @s {} merge value {transformation:[-0.8135016953225869f,-0.14460419136551536f,-0.5632979846819999f,0.185405004294105f,-0.12123867617117355f,0.9894811170993358f,-0.07891959391755493f,0.5493386115461982f,0.5687848232042926f,0.004092278506634628f,-0.8224761869799551f,0.10343900586974207f,0f,0f,0f,1f],start_interpolation:0}
execute if entity @s[tag=aj.convict.bone.left_leg] run data modify entity @s {} merge value {transformation:[-0.8135016953225869f,-0.4246177245785589f,-0.397384926338436f,0.052711965363305364f,-0.12123867617117355f,0.7921164430521654f,-0.5982079271011433f,0.796875f,0.5687848232042926f,-0.43846474045253936f,-0.6958681601225545f,-0.033581225521676486f,0f,0f,0f,1f],start_interpolation:0}
execute if entity @s[tag=aj.convict.bone.right_leg_2] run data modify entity @s {} merge value {transformation:[-0.6397425977119003f,0.5476143923241203f,-0.5393031485095503f,-0.32175124353424694f,0.4696818849300251f,0.8339637258243391f,0.2896608896239966f,0.5325609975944741f,0.6083817351313304f,-0.06799250935706724f,-0.7907266803579609f,0.13274955435400007f,0f,0f,0f,1f],start_interpolation:0}
execute if entity @s[tag=aj.convict.bone.right_leg] run data modify entity @s {} merge value {transformation:[-0.6397425977119003f,0.5235691118218587f,-0.5626764557175816f,-0.1581358960899161f,0.4696818849300251f,0.845804807697683f,0.25300820983530187f,0.796875f,0.6083817351313304f,-0.10241880892470598f,-0.7870082921653598f,0.10074367656502946f,0f,0f,0f,1f],start_interpolation:0}
execute if entity @s[tag=aj.convict.bone.head] run data modify entity @s {} merge value {transformation:[-0.8386073322732304f,0.5280370892641841f,0.13384533842829294f,0.25472228642890454f,0.5386182661356452f,0.8404911264828272f,0.05886450278953867f,1.4324787657881284f,-0.08141317855609975f,0.12145574776451079f,-0.9892524428538736f,0.5550155834998164f,0f,0f,0f,1f],start_interpolation:0}
execute if entity @s[tag=aj.convict.bone.left_axe] run data modify entity @s {} merge value {transformation:[-0.8705343484128579f,-0.12424069788697181f,-0.4761661445566654f,0.8434414242894461f,-0.15953293326007828f,-0.8441003202796056f,0.5119022294435756f,0.47755256713493754f,-0.46553108536255283f,0.5215926555200197f,0.7149978393455032f,0.005543702511423054f,0f,0f,0f,1f],start_interpolation:0}
execute if entity @s[tag=aj.convict.bone.left_arm_2] run data modify entity @s {} merge value {transformation:[-0.8705343484128579f,-0.4578599387071747f,0.18037246120309824f,0.6497420262140731f,-0.15953293326007828f,0.609307936365797f,0.7767194357598433f,0.8223316839921708f,-0.46553108536255283f,0.6473856000937279f,-0.6034672264112175f,0.32316530738728094f,0f,0f,0f,1f],start_interpolation:0}
execute if entity @s[tag=aj.convict.bone.left_arm] run data modify entity @s {} merge value {transformation:[-0.8705343484128579f,-0.4578599387071747f,0.18037246120309824f,0.37879487545846f,-0.15953293326007828f,0.609307936365797f,0.7767194357598433f,1.0295498374134626f,-0.46553108536255283f,0.6473856000937279f,-0.6034672264112175f,0.6002964927233746f,0f,0f,0f,1f],start_interpolation:0}
execute if entity @s[tag=aj.convict.bone.right_axe] run data modify entity @s {} merge value {transformation:[-0.6926765788040631f,0.6089092597520288f,0.3865600478121544f,-0.42469122198075315f,-0.48478874121336907f,0.00376504409245787f,-0.8746231764798706f,2.2787032744221003f,-0.5340215665767214f,-0.7932309486090532f,0.29258439568734024f,-0.18700489128268707f,0f,0f,0f,1f],start_interpolation:0}
execute if entity @s[tag=aj.convict.bone.right_arm_2] run data modify entity @s {} merge value {transformation:[-0.7425363857494666f,0.4363832167332344f,-0.508143094011593f,-0.21918128905717746f,-0.579834379357611f,-0.7985665897215981f,0.16150385226176717f,1.8526176471734161f,-0.3353085271106202f,0.41456132228413656f,0.8459947409487454f,-0.00742067993220652f,0f,0f,0f,1f],start_interpolation:0}
execute if entity @s[tag=aj.convict.bone.right_arm] run data modify entity @s {} merge value {transformation:[-0.7425363857494666f,0.26338449547319187f,-0.6158476462425198f,-0.017230187510478202f,-0.579834379357611f,-0.7130413479012983f,0.39416256633281865f,1.567253136744967f,-0.3353085271106202f,0.6497696851403826f,0.6821785308256737f,0.2589179471343709f,0f,0f,0f,1f],start_interpolation:0}
execute if entity @s[tag=aj.convict.bone.body] run data modify entity @s {} merge value {transformation:[-0.5280334172919177f,0.37359089493967407f,0.7626339577026408f,-0.052711965363305364f,0.7169377324420056f,0.6774423793267436f,0.1645360461814851f,0.875f,-0.4551713941186715f,0.633641591051514f,-0.6255536236532974f,0.033581225521676486f,0f,0f,0f,1f],start_interpolation:0}