execute if entity @s[tag=aj.convict.bone.left_leg_2] run data modify entity @s {} merge value {transformation:[-0.7120619659745867f,-0.13203882823727975f,0.6895893737943855f,-0.036712645294372855f,-0.03880672476913288f,0.9880578348382686f,0.14911657562928998f,0.511425061389177f,-0.701043361515605f,0.07941953696943294f,-0.7086823988377738f,0.14217501747389f,0f,0f,0f,1f],start_interpolation:0}
execute if entity @s[tag=aj.convict.bone.left_leg] run data modify entity @s {} merge value {transformation:[-0.7120619659745867f,0.2591556822093762f,0.6525381896801131f,0.0442735053960572f,-0.03880672476913288f,0.9134398035546337f,-0.4051194433679591f,0.796875f,-0.701043361515605f,-0.31379301722738356f,-0.6403687590866965f,0.04411469959033263f,0f,0f,0f,1f],start_interpolation:0}
execute if entity @s[tag=aj.convict.bone.right_leg_2] run data modify entity @s {} merge value {transformation:[-0.7465264822355319f,-0.18927352280637666f,0.6378665572715866f,-0.08242363246841497f,0.008774702005361078f,0.9558010101733471f,0.2938833672672313f,0.4944655275509737f,-0.6652978400128465f,0.2249888053127828f,-0.7118699470817457f,-0.19288264091101748f,0f,0f,0f,1f],start_interpolation:0}
execute if entity @s[tag=aj.convict.bone.right_leg] run data modify entity @s {} merge value {transformation:[-0.7465264822355319f,-0.16127002790322117f,0.6455154447580138f,-0.1328205161881716f,0.008774702005361078f,0.9677103118368842f,0.2519122009138847f,0.796875f,-0.6652978400128465f,0.19372333484806262f,-0.7210062784813916f,-0.1323440987709979f,0f,0f,0f,1f],start_interpolation:0}
execute if entity @s[tag=aj.convict.bone.head] run data modify entity @s {} merge value {transformation:[-0.9663892829238284f,0f,0.25708316524029495f,-0.0442735053960572f,0f,1f,0f,1.697916875f,-0.25708316524029495f,0f,-0.9663892829238284f,-0.04411469959033263f,0f,0f,0f,1f],start_interpolation:0}
execute if entity @s[tag=aj.convict.bone.left_axe] run data modify entity @s {} merge value {transformation:[-0.9862454824907303f,-0.07111901285460862f,0.1492043373270775f,0.2109772322641867f,0.05301404405665946f,0.7188980459038367f,0.6930909830090157f,0.5650036801621526f,-0.15655465307484445f,0.6914677762602037f,-0.7052396436633322f,0.22205905030181255f,0f,0f,0f,1f],start_interpolation:0}
execute if entity @s[tag=aj.convict.bone.left_arm_2] run data modify entity @s {} merge value {transformation:[-0.9862454824907303f,0.05521466244563463f,0.15579213496720862f,0.27901637967149284f,0.05301404405665946f,0.998427017305286f,-0.018248349175435684f,1.0660308076927076f,-0.15655465307484445f,-0.009738180830354253f,-0.9876212879614992f,0.18183378438474276f,0f,0f,0f,1f],start_interpolation:0}
execute if entity @s[tag=aj.convict.bone.left_arm] run data modify entity @s {} merge value {transformation:[-0.9862454824907303f,0.05521466244563463f,0.15579213496720862f,0.22136752698028597f,0.05301404405665946f,0.998427017305286f,-0.018248349175435684f,1.5f,-0.15655465307484445f,-0.009738180830354253f,-0.9876212879614992f,0.22057349795166317f,0f,0f,0f,1f],start_interpolation:0}
execute if entity @s[tag=aj.convict.bone.right_axe] run data modify entity @s {} merge value {transformation:[-0.1326879406939277f,0.9282707148938014f,0.3474296911102374f,-1.2428961969233137f,-0.814500438687572f,0.0976197540674425f,-0.5718910901505324f,1.6005744498687813f,-0.5647857520973394f,-0.35886468687565554f,0.7431239403635709f,-0.30468743120489766f,0f,0f,0f,1f],start_interpolation:0}
execute if entity @s[tag=aj.convict.bone.right_arm_2] run data modify entity @s {} merge value {transformation:[-0.1326879406939277f,0.9888190680870104f,-0.06804969494377433f,-0.7472415130388914f,-0.814500438687572f,-0.14790351421651904f,-0.5609933919933071f,1.5100396324030225f,-0.5647857520973394f,-0.019010551542233634f,0.8250185774622911f,-0.351202637475604f,0f,0f,0f,1f],start_interpolation:0}
execute if entity @s[tag=aj.convict.bone.right_arm] run data modify entity @s {} merge value {transformation:[-0.1326879406939277f,0.9669587576897634f,-0.21768020424805296f,-0.30991453777240036f,-0.814500438687572f,-0.23152235513471786f,-0.5319646928609323f,1.5f,-0.5647857520973394f,0.10671532223604457f,0.8183085568585359f,-0.30880289713232845f,0f,0f,0f,1f],start_interpolation:0}
execute if entity @s[tag=aj.convict.bone.body] run data modify entity @s {} merge value {transformation:[-0.7083760863369152f,0f,0.7058351934453221f,-0.0442735053960572f,0f,1f,0f,0.875f,-0.7058351934453221f,0f,-0.7083760863369152f,-0.04411469959033263f,0f,0f,0f,1f],start_interpolation:0}