execute if entity @s[tag=aj.convict.bone.left_leg_2] run data modify entity @s {} merge value {transformation:[-0.7612130520154057f,-0.12590610540457645f,0.6361621979206584f,-0.02626387525880755f,-0.03880672476913288f,0.9880578348382686f,0.14911657562928998f,0.511425061389177f,-0.6473397311721906f,0.08882211231762421f,-0.7570085236041608f,0.1444706294531908f,0f,0f,0f,1f],start_interpolation:0}
execute if entity @s[tag=aj.convict.bone.left_leg] run data modify entity @s {} merge value {transformation:[-0.7612130520154057f,0.2356215675139891f,0.6041830569981601f,0.04736786458931405f,-0.03880672476913288f,0.9134398035546337f,-0.4051194433679591f,0.796875f,-0.6473397311721906f,-0.3318285735200074f,-0.6861785993759882f,0.040774200228188506f,0f,0f,0f,1f],start_interpolation:0}
execute if entity @s[tag=aj.convict.bone.right_leg_2] run data modify entity @s {} merge value {transformation:[-0.7929835769523186f,-0.172390440195835f,0.5843445754116251f,-0.0962480905474265f,0.008774702005361078f,0.9558010101733471f,0.2938833672672313f,0.4944655275509737f,-0.6091798185171792f,0.23817213330004733f,-0.7564218291606087f,-0.18636972238019578f,0f,0f,0f,1f],start_interpolation:0}
execute if entity @s[tag=aj.convict.bone.right_leg] run data modify entity @s {} merge value {transformation:[-0.7929835769523186f,-0.1467376103056501f,0.5913079742449727f,-0.14210359376794215f,0.008774702005361078f,0.9677103118368842f,0.2519122009138847f,0.796875f,-0.6091798185171792f,0.20495078942601683f,-0.7660908057306451f,-0.12232260068456552f,0f,0f,0f,1f],start_interpolation:0}
execute if entity @s[tag=aj.convict.bone.head] run data modify entity @s {} merge value {transformation:[-0.9825419867433851f,0f,0.18604097475115972f,-0.04736786458931405f,0f,1f,0f,1.697916875f,-0.18604097475115972f,0f,-0.9825419867433851f,-0.040774200228188506f,0f,0f,0f,1f],start_interpolation:0}
execute if entity @s[tag=aj.convict.bone.left_axe] run data modify entity @s {} merge value {transformation:[-0.9953681659870035f,-0.048947422863358514f,0.08274275759668916f,0.25518826658278254f,0.02323770615511146f,0.7126603095077169f,0.7011243058581079f,0.5651364465181856f,-0.09328570711699408f,0.6997995663383914f,-0.7082219594168778f,0.1992088300608243f,0f,0f,0f,1f],start_interpolation:0}
execute if entity @s[tag=aj.convict.bone.left_arm_2] run data modify entity @s {} merge value {transformation:[-0.9953681659870035f,0.023896910362407372f,0.09311901961897989f,0.3051623788209429f,0.02323770615511146f,0.9996966886623896f,-0.008157186408431393f,1.0682392507231813f,-0.09328570711699408f,-0.005955531259616554f,-0.99562156891818f,0.1583953932218543f,0f,0f,0f,1f],start_interpolation:0}
execute if entity @s[tag=aj.convict.bone.left_arm] run data modify entity @s {} merge value {transformation:[-0.9953681659870035f,0.023896910362407372f,0.09311901961897989f,0.23683932294657026f,0.02323770615511146f,0.9996966886623896f,-0.008157186408431393f,1.5f,-0.09328570711699408f,-0.005955531259616554f,-0.99562156891818f,0.20387100114094253f,0f,0f,0f,1f],start_interpolation:0}
execute if entity @s[tag=aj.convict.bone.right_axe] run data modify entity @s {} merge value {transformation:[-0.38435175204208105f,0.7482990974553096f,0.540668282267188f,-1.1168081905688527f,-0.671953296058005f,0.17483773172912268f,-0.7196600138124937f,1.4124288046379532f,-0.6330501549000407f,-0.639906421526917f,0.43562285645917387f,0.22180164305480451f,0f,0f,0f,1f],start_interpolation:0}
execute if entity @s[tag=aj.convict.bone.right_arm_2] run data modify entity @s {} merge value {transformation:[-0.38435175204208105f,0.840490052644226f,0.38190339368522075f,-0.7141779091956209f,-0.671953296058005f,0.028973836837796193f,-0.7400265432372545f,1.4198063533989724f,-0.6330501549000407f,-0.5410517426134056f,0.5536339162262655f,-0.08457755261638009f,0f,0f,0f,1f],start_interpolation:0}
execute if entity @s[tag=aj.convict.bone.right_arm] run data modify entity @s {} merge value {transformation:[-0.38435175204208105f,0.8655508095890163f,0.3210849213556768f,-0.33157505212519833f,-0.671953296058005f,-0.023795002390336384f,-0.7402111629650199f,1.5f,-0.6330501549000407f,-0.5002555285861842f,0.5907553702675854f,-0.28541940159731954f,0f,0f,0f,1f],start_interpolation:0}
execute if entity @s[tag=aj.convict.bone.body] run data modify entity @s {} merge value {transformation:[-0.7578858334290248f,0f,0.6523872036510161f,-0.04736786458931405f,0f,1f,0f,0.875f,-0.6523872036510161f,0f,-0.7578858334290248f,-0.040774200228188506f,0f,0f,0f,1f],start_interpolation:0}