execute if entity @s[tag=aj.convict.bone.left_leg_2] run data modify entity @s {} merge value {transformation:[-0.7367395225847453f,-0.12910640233581788f,0.6637367043771976f,-0.03159145996473716f,-0.03880672476913288f,0.9880578348382686f,0.14911657562928998f,0.511425061389177f,-0.6750621556377563f,0.08410262713265793f,-0.732951454146242f,0.1433999078643629f,0f,0f,0f,1f],start_interpolation:0}
execute if entity @s[tag=aj.convict.bone.left_leg] run data modify entity @s {} merge value {transformation:[-0.7367395225847453f,0.2477382359775743f,0.629158678153867f,0.04582673877825481f,-0.03880672476913288f,0.9134398035546337f,-0.4051194433679591f,0.796875f,-0.6750621556377563f,-0.3228830929559365f,-0.6633532952423721f,0.042498941315632754f,0f,0f,0f,1f],start_interpolation:0}
execute if entity @s[tag=aj.convict.bone.right_leg_2] run data modify entity @s {} merge value {transformation:[-0.7699002499159886f,-0.18108501814217995f,0.6119328569244705f,-0.08928630102154628f,0.008774702005361078f,0.9558010101733471f,0.2938833672672313f,0.4944655275509737f,-0.6381039176999427f,0.2316304063719952f,-0.7342824695305813f,-0.18980338459570917f,0f,0f,0f,1f],start_interpolation:0}
execute if entity @s[tag=aj.convict.bone.right_leg] run data modify entity @s {} merge value {transformation:[-0.7699002499159886f,-0.1542205290022981f,0.6192492499903003f,-0.13748021633476443f,0.008774702005361078f,0.9677103118368842f,0.2519122009138847f,0.796875f,-0.6381039176999427f,0.19938099407619486f,-0.7436871717443921f,-0.12749682394689826f,0f,0f,0f,1f],start_interpolation:0}
execute if entity @s[tag=aj.convict.bone.head] run data modify entity @s {} merge value {transformation:[-0.9749854497980559f,0f,0.22226869478647393f,-0.04582673877825481f,0f,1f,0f,1.697916875f,-0.22226869478647393f,0f,-0.9749854497980559f,-0.042498941315632754f,0f,0f,0f,1f],start_interpolation:0}
execute if entity @s[tag=aj.convict.bone.left_axe] run data modify entity @s {} merge value {transformation:[-0.991337693595005f,-0.060376828234957644f,0.11663711188992237f,0.2329326340369249f,0.03841045639626856f,0.715964005010998f,0.6970797517989185f,0.5649530468122708f,-0.12559543820205488f,0.695521518100553f,-0.7074430038963816f,0.21147167749513815f,0f,0f,0f,1f],start_interpolation:0}
execute if entity @s[tag=aj.convict.bone.left_arm_2] run data modify entity @s {} merge value {transformation:[-0.991337693595005f,0.039782028083904256f,0.12516775742685216f,0.2921008873179741f,0.03841045639626856f,0.9991728225536067f,-0.013353183503905422f,1.0670580442584043f,-0.12559543820205488f,-0.008429763448049642f,-0.9920457272681756f,0.17066396421910524f,0f,0f,0f,1f],start_interpolation:0}
execute if entity @s[tag=aj.convict.bone.left_arm] run data modify entity @s {} merge value {transformation:[-0.991337693595005f,0.039782028083904256f,0.12516775742685216f,0.22913369389127405f,0.03841045639626856f,0.9991728225536067f,-0.013353183503905422f,1.5f,-0.12559543820205488f,-0.008429763448049642f,-0.9920457272681756f,0.21249470657816377f,0f,0f,0f,1f],start_interpolation:0}
execute if entity @s[tag=aj.convict.bone.right_axe] run data modify entity @s {} merge value {transformation:[-0.15285260195640177f,0.9695639873845521f,0.1912635784516381f,-1.252459981279381f,-0.814500438687572f,-0.01399263004383522f,-0.5799941738347109f,1.6150516033753963f,-0.5596651833488575f,-0.2444378871440032f,0.7918491029708028f,-0.2811508423830562f,0f,0f,0f,1f],start_interpolation:0}
execute if entity @s[tag=aj.convict.bone.right_arm_2] run data modify entity @s {} merge value {transformation:[-0.15285260195640177f,0.984267242860065f,-0.08862322894029398f,-0.7593531696280404f,-0.814500438687572f,-0.17625720095532404f,-0.5527408384488584f,1.5100396324030225f,-0.5596651833488575f,-0.012304216514692504f,0.8286274728749036f,-0.3241850322799018f,0f,0f,0f,1f],start_interpolation:0}
execute if entity @s[tag=aj.convict.bone.right_arm] run data modify entity @s {} merge value {transformation:[-0.15285260195640177f,0.9701632305304068f,-0.18820039373487635f,-0.3207871714477837f,-0.814500438687572f,-0.23152235513471786f,-0.5319646928609323f,1.5f,-0.5596651833488575f,0.07197711580549904f,0.8255871712589842f,-0.2974925892094293f,0f,0f,0f,1f],start_interpolation:0}
execute if entity @s[tag=aj.convict.bone.body] run data modify entity @s {} merge value {transformation:[-0.7332278204520769f,0f,0.6799830610501241f,-0.04582673877825481f,0f,1f,0f,0.875f,-0.6799830610501241f,0f,-0.7332278204520769f,-0.042498941315632754f,0f,0f,0f,1f],start_interpolation:0}