execute if entity @s[tag=aj.convict.bone.left_leg_2] run data modify entity @s {} merge value {transformation:[-0.8208239917667622f,-0.15256210775198464f,0.5504296302147532f,-0.0010284959581985179f,-0.036324305640375344f,0.9756610141117019f,0.21625478113158597f,0.48738916419241257f,-0.570025016433334f,0.15751313856563642f,-0.8063876808454975f,0.12975334358044865f,0f,0f,0f,1f],start_interpolation:0}
execute if entity @s[tag=aj.convict.bone.left_leg] run data modify entity @s {} merge value {transformation:[-0.8208239917667622f,0.16692113055123992f,0.5462465658615842f,0.051134357339063956f,-0.036324305640375344f,0.9391546745842797f,-0.34156850268465966f,0.780875f,-0.570025016433334f,-0.30020964904878f,-0.7648173947147029f,0.03593782825270492f,0f,0f,0f,1f],start_interpolation:0}
execute if entity @s[tag=aj.convict.bone.right_leg_2] run data modify entity @s {} merge value {transformation:[-0.8469610996739451f,-0.13119143131696853f,0.5152142311583666f,-0.1272239953149517f,0.008214712900425431f,0.9657315549334385f,0.2594129570738646f,0.4729600558283259f,-0.5315913977210931f,0.22394502038412958f,-0.8168593598129891f,-0.15428167924394615f,0f,0f,0f,1f],start_interpolation:0}
execute if entity @s[tag=aj.convict.bone.right_leg] run data modify entity @s {} merge value {transformation:[-0.8469610996739451f,-0.08377304544716846f,0.5250133069700313f,-0.15340307201719186f,0.008214712900425431f,0.9853278213493571f,0.17047464024567693f,0.780875f,-0.5315913977210931f,0.1486982223546604f,-0.8338461635922412f,-0.10781348475811475f,0f,0f,0f,1f],start_interpolation:0}
execute if entity @s[tag=aj.convict.bone.head] run data modify entity @s {} merge value {transformation:[-0.9955204507350235f,-0.008895638263740019f,0.0941270406855339f,-0.05845472818019132f,-0.007780836413046894f,0.999895255217154f,0.012203982093388204f,1.6818306787506279f,-0.09422574357917746f,0.011416926648753633f,-0.9954853906677125f,-0.026542646652808356f,0f,0f,0f,1f],start_interpolation:0}
execute if entity @s[tag=aj.convict.bone.left_axe] run data modify entity @s {} merge value {transformation:[0.05419607736820611f,-0.01739274443247772f,-0.01678132677055922f,0.09467199225086742f,-0.024160489119722718f,-0.03792237908959435f,-0.03872336786560814f,0.6092300817600155f,-0.0006255018541401246f,-0.042198588773393456f,0.04171598185514581f,0.1652298209948176f,0f,0f,0f,1f],start_interpolation:0}
execute if entity @s[tag=aj.convict.bone.left_arm_2] run data modify entity @s {} merge value {transformation:[-0.9133014866190653f,0.407218999559001f,-0.007285666583881578f,0.3310435483620582f,0.4071477439330567f,0.9133124411813196f,0.009544600234734007f,1.056344029058003f,0.010540832492136998f,0.005750754870891423f,-0.9999279072357105f,0.1265880597420257f,0f,0f,0f,1f],start_interpolation:0}
execute if entity @s[tag=aj.convict.bone.left_arm] run data modify entity @s {} merge value {transformation:[-0.9998304349764193f,-0.016912136390549337f,-0.007285666583881578f,0.2503928548085951f,-0.016981345517270874f,0.9998102492527181f,0.009544600234734007f,1.4842090712208051f,0.007122864542239704f,0.009666702225954664f,-0.9999279072357105f,0.18642439335357158f,0f,0f,0f,1f],start_interpolation:0}
execute if entity @s[tag=aj.convict.bone.right_axe] run data modify entity @s {} merge value {transformation:[-0.6678868328853643f,-0.3359022110501746f,0.6641512501455984f,-0.42594122129059486f,0.21070715051969488f,0.7705147944277224f,0.601589102534176f,0.5617383592855223f,-0.7138134736597705f,0.5417348578221717f,-0.44383968799800155f,-0.4339535953105894f,0f,0f,0f,1f],start_interpolation:0}
execute if entity @s[tag=aj.convict.bone.right_arm_2] run data modify entity @s {} merge value {transformation:[-0.6678868328853643f,0.13782052296869526f,0.7313909227677032f,-0.3948876940627311f,0.21070715051969488f,0.9775147276378267f,0.008213036650113938f,1.0618250376401792f,-0.7138134736597705f,0.15959467628896906f,-0.6819089852186955f,-0.3633648155828926f,0f,0f,0f,1f],start_interpolation:0}
execute if entity @s[tag=aj.convict.bone.right_arm] run data modify entity @s {} merge value {transformation:[-0.6801621565163033f,0.049464724158727595f,0.7313909227677032f,-0.36378111731639806f,0.08131324639988316f,0.9966547556646161f,0.008213036650113938f,1.4836599978006375f,-0.7285379858339602f,0.06505796703713712f,-0.6819089852186955f,-0.24402889154803936f,0f,0f,0f,1f],start_interpolation:0}
execute if entity @s[tag=aj.convict.bone.body] run data modify entity @s {} merge value {transformation:[-0.8188986294999908f,-0.008895638263740019f,0.5738692379130609f,-0.051134357339063956f,-0.0007320978935569411f,0.999895255217154f,0.014454847868330744f,0.859f,-0.5739377132021479f,0.011416926648753633f,-0.8188193666189058f,-0.03593782825270492f,0f,0f,0f,1f],start_interpolation:0}