execute if entity @s[tag=aj.convict.bone.left_leg_2] run data modify entity @s {} merge value {transformation:[-0.7803966079351334f,-0.0420983478051597f,0.623866062096195f,-0.021893279161781097f,-0.03880672476913288f,0.999068481904319f,0.018873435778690884f,0.511425061389177f,-0.6240794600337608f,-0.009481433302797992f,-0.7813033533695437f,0.1451972391120289f,0f,0f,0f,1f],start_interpolation:0}
execute if entity @s[tag=aj.convict.bone.left_leg] run data modify entity @s {} merge value {transformation:[-0.7803966079351334f,0.2255031302849157f,0.5832062007172437f,0.04857644905225506f,-0.03880672476913288f,0.9134398035546337f,-0.4051194433679591f,0.796875f,-0.6240794600337608f,-0.3387861619278104f,-0.704094286335426f,0.039326563509588124f,0f,0f,0f,1f],start_interpolation:0}
execute if entity @s[tag=aj.convict.bone.right_leg_2] run data modify entity @s {} merge value {transformation:[-0.8110013961809746f,-0.14848200048250715f,0.5658885322439592f,-0.10182700247166698f,0.008774702005361078f,0.9640618184751777f,0.2655330765894344f,0.4944655275509737f,-0.5849784098556348f,0.22031319908495292f,-0.7805525954807445f,-0.18338110568357904f,0f,0f,0f,1f],start_interpolation:0}
execute if entity @s[tag=aj.convict.bone.right_leg] run data modify entity @s {} merge value {transformation:[-0.8110013961809746f,-0.1404875029923143f,0.5679260487911205f,-0.1457293471567652f,0.008774702005361078f,0.9677103118368842f,0.2519122009138847f,0.796875f,-0.5849784098556348f,0.20928452849540696f,-0.7835816780242045f,-0.11797969052876436f,0f,0f,0f,1f],start_interpolation:0}
execute if entity @s[tag=aj.convict.bone.head] run data modify entity @s {} merge value {transformation:[-0.9877075305549994f,0f,0.15631325626748638f,-0.04857644905225506f,0f,1f,0f,1.697916875f,-0.15631325626748638f,0f,-0.9877075305549994f,-0.039326563509588124f,0f,0f,0f,1f],start_interpolation:0}
execute if entity @s[tag=aj.convict.bone.left_axe] run data modify entity @s {} merge value {transformation:[-0.8383694555967642f,-0.2464585206189155f,-0.48620453878663084f,0.757610299930272f,-0.422808539451253f,0.8569800788289621f,0.29464908528180456f,0.7504940652845491f,0.3440488263160958f,0.45259622413873646f,-0.8226706892833092f,0.41486243690191227f,0f,0f,0f,1f],start_interpolation:0}
execute if entity @s[tag=aj.convict.bone.left_arm_2] run data modify entity @s {} merge value {transformation:[-0.8383694555967642f,-0.5180710176305442f,-0.16952603520886472f,0.5180293687448423f,-0.422808539451253f,0.8143247913549185f,-0.3976280588085639f,1.159332062077755f,0.3440488263160958f,-0.2616821638477121f,-0.9017498823035663f,0.23395348214850026f,0f,0f,0f,1f],start_interpolation:0}
execute if entity @s[tag=aj.convict.bone.left_arm] run data modify entity @s {} merge value {transformation:[-0.8383694555967642f,-0.5180710176305442f,-0.16952603520886472f,0.24288224526127533f,-0.422808539451253f,0.8143247913549185f,-0.3976280588085639f,1.5f,0.3440488263160958f,-0.2616821638477121f,-0.9017498823035663f,0.1966328175479406f,0f,0f,0f,1f],start_interpolation:0}
execute if entity @s[tag=aj.convict.bone.right_axe] run data modify entity @s {} merge value {transformation:[-0.6763904552829768f,-0.4143366807232107f,0.6089507919441106f,-0.31165978584001747f,0.06289775956259878f,0.7912554697906019f,0.6082422653585159f,0.5607781175987875f,-0.7338527262633101f,0.4497109032853506f,-0.5091367985347173f,-0.3585438204214658f,0f,0f,0f,1f],start_interpolation:0}
execute if entity @s[tag=aj.convict.bone.right_arm_2] run data modify entity @s {} merge value {transformation:[-0.6763904552829768f,0.04199036464294664f,0.7353453347096449f,-0.3293172845909744f,0.06289775956259878f,0.9980196006252362f,0.0008652224277930411f,1.0663021806174577f,-0.7338527262633101f,0.04683680224990196f,-0.6776920319074962f,-0.34560482156194827f,0f,0f,0f,1f],start_interpolation:0}
execute if entity @s[tag=aj.convict.bone.right_arm] run data modify entity @s {} merge value {transformation:[-0.6760846835793748f,-0.046655539329612056f,0.7353453347096449f,-0.34003514336578544f,-0.06790803772032467f,0.9976912096451113f,0.0008652224277930411f,1.5f,-0.7336879439123636f,-0.0493508950956071f,-0.6776920319074962f,-0.27528594456711686f,0f,0f,0f,1f],start_interpolation:0}
execute if entity @s[tag=aj.convict.bone.body] run data modify entity @s {} merge value {transformation:[-0.777223184836081f,0f,0.62922501615341f,-0.04857644905225506f,0f,1f,0f,0.875f,-0.62922501615341f,0f,-0.777223184836081f,-0.039326563509588124f,0f,0f,0f,1f],start_interpolation:0}