execute if entity @s[tag=aj.convict.bone.left_leg_2] run data modify entity @s {} merge value {transformation:[-0.947711215939268f,-0.20754491289585722f,0.24242227685170603f,0.07667048089458693f,-0.01940727917138542f,0.795712526946265f,0.6053634709626551f,0.361628145490647f,-0.3185385513530162f,0.5690049943470097f,-0.7581335685155232f,-0.013036034293004574f,0f,0f,0f,1f],start_interpolation:0}
execute if entity @s[tag=aj.convict.bone.left_leg] run data modify entity @s {} merge value {transformation:[-0.947711215939268f,-0.055959512963657046f,0.3141846337613991f,0.059183133093444105f,-0.01940727917138542f,0.9927899344299297f,0.11828568641124708f,0.671875f,-0.3185385513530162f,0.10600320279824697f,-0.9419641778212352f,0.020089966581447606f,0f,0f,0f,1f],start_interpolation:0}
execute if entity @s[tag=aj.convict.bone.right_leg_2] run data modify entity @s {} merge value {transformation:[-0.955500636844393f,-0.001150209711403144f,0.2949867963275293f,-0.2143469479118023f,0.004392498997766756f,0.9998260548705542f,0.01812638834788244f,0.38360855998377125f,-0.2949563339589677f,0.018615504817313555f,-0.9553293798674268f,0.054641587823630884f,0f,0f,0f,1f],start_interpolation:0}
execute if entity @s[tag=aj.convict.bone.right_leg] run data modify entity @s {} merge value {transformation:[-0.955500636844393f,0.11775215562070397f,0.2704680440211689f,-0.1775493992803323f,0.004392498997766756f,0.9224526080519321f,-0.3860853427038421f,0.671875f,-0.2949563339589677f,-0.36771676021751587f,-0.8819212806779411f,-0.06026989974434282f,0f,0f,0f,1f],start_interpolation:0}
execute if entity @s[tag=aj.convict.bone.head] run data modify entity @s {} merge value {transformation:[-0.9871863707657607f,-0.030285974185111905f,-0.15667108585181028f,-0.08410597232618706f,-0.04442522247268989f,0.995169168202004f,0.08754842242087242f,1.5689415019931423f,0.15326274492706493f,0.09338675723993335f,-0.9837629005962928f,0.05675957185282197f,0f,0f,0f,1f],start_interpolation:0}
execute if entity @s[tag=aj.convict.bone.left_axe] run data modify entity @s {} merge value {transformation:[0.0641077004245975f,-0.03111157678877825f,0.00014472745226086318f,0.1864752271942616f,-0.02184648119321874f,-0.04525132450834386f,-0.05052521449498574f,0.48253259361837597f,-0.022151352459699215f,-0.0454107457547873f,0.0502486832091117f,0.12425312428294238f,0f,0f,0f,1f],start_interpolation:0}
execute if entity @s[tag=aj.convict.bone.left_arm_2] run data modify entity @s {} merge value {transformation:[-0.8996521234902843f,0.30728858943870907f,-0.3101608929252543f,0.35950199276155753f,0.3065814725235202f,0.9504046489142945f,0.052333584125364194f,0.9535614535132f,0.31085986779372543f,-0.04800756318399298f,-0.949242548810578f,0.050299546526126726f,0f,0f,0f,1f],start_interpolation:0}
execute if entity @s[tag=aj.convict.bone.left_arm] run data modify entity @s {} merge value {transformation:[-0.9482030229278433f,-0.06863853007101121f,-0.3101608929252543f,0.2771398707484272f,-0.08911890349107107f,0.9946451714119676f,0.052333584125364194f,1.3715230876154447f,0.30490793422121576f,0.07726406135162907f,-0.949242548810578f,0.15836419741520688f,0f,0f,0f,1f],start_interpolation:0}
execute if entity @s[tag=aj.convict.bone.right_axe] run data modify entity @s {} merge value {transformation:[-0.5151969402018199f,0.026215356890825214f,0.8566708048426592f,-0.8835679855481084f,0.6661581891085185f,0.6411469658200886f,0.38100372085237355f,0.6580562536420307f,-0.5392637387126468f,0.766970223204774f,-0.34778052968341616f,-0.502344847543035f,0f,0f,0f,1f],start_interpolation:0}
execute if entity @s[tag=aj.convict.bone.right_arm_2] run data modify entity @s {} merge value {transformation:[-0.5151969402018199f,0.5423061843023311f,0.6636837464290721f,-0.6418249560899173f,0.6661581891085185f,0.7405964565146883f,-0.08803496851562259f,1.0562925400652516f,-0.5392637387126468f,0.3967630162519355f,-0.7428147339978689f,-0.3048557310612665f,0f,0f,0f,1f],start_interpolation:0}
execute if entity @s[tag=aj.convict.bone.right_arm] run data modify entity @s {} merge value {transformation:[-0.5815745202129734f,0.47041998486981956f,0.6636837464290721f,-0.43336360466670526f,0.5637918780131985f,0.8212116430036803f,-0.08803496851562259f,1.3724383726370601f,-0.5864382283969904f,0.32298061122964444f,-0.7428147339978689f,-0.0818106840281854f,0f,0f,0f,1f],start_interpolation:0}
execute if entity @s[tag=aj.convict.bone.body] run data modify entity @s {} merge value {transformation:[-0.9473379672201767f,-0.030285974185111905f,0.31880014998553946f,-0.059183133093444105f,0.0012203800288206736f,0.995169168202004f,0.09816739444803842f,0.75f,-0.3202331752578564f,0.09338675723993335f,-0.9427245764466315f,-0.020089966581447606f,0f,0f,0f,1f],start_interpolation:0}