execute if entity @s[tag=aj.convict.bone.left_leg_2] run data modify entity @s {} merge value {transformation:[-0.9999858088579969f,0.004969891358518609f,-0.0019189222240454738f,0.06139749130261915f,0.00031831702045553997f,0.4152880841124001f,0.9096898954415875f,0.29858343807427423f,0.005317965484271394f,0.9096763750774978f,-0.4152837727012354f,-0.19274173778007203f,0f,0f,0f,1f],start_interpolation:0}
execute if entity @s[tag=aj.convict.bone.left_leg] run data modify entity @s {} merge value {transformation:[-0.9999858088579969f,0.003525147196625845f,-0.00399442359540579f,0.06249909980156473f,0.00031831702045553997f,0.7879726635852591f,0.615710142937914f,0.5448248954446677f,0.005317965484271394f,0.6157001338148257f,-0.7879626034676479f,-0.00033544596293898785f,0f,0f,0f,1f],start_interpolation:0}
execute if entity @s[tag=aj.convict.bone.right_leg_2] run data modify entity @s {} merge value {transformation:[-0.9999879403097369f,-0.0013622374815470178f,-0.004718426022940825f,-0.1861491636780334f,-0.00007206880144341988f,0.9647279374194472f,-0.26324893460089704f,0.39147187350996726f,0.004910604970668607f,-0.26324541984897554f,-0.9647164012741563f,0.27328796267014116f,0f,0f,0f,1f],start_interpolation:0}
execute if entity @s[tag=aj.convict.bone.right_leg] run data modify entity @s {} merge value {transformation:[-0.9999879403097369f,-0.004314034325314405f,-0.0023469859245649123f,-0.18749729940469417f,-0.00007206880144341988f,0.4907296701910415f,-0.8713118761960493f,0.5448248954446677f,0.004910604970668607f,-0.8713011993002373f,-0.49072406305049926f,0.0010063378888169635f,0f,0f,0f,1f],start_interpolation:0}
execute if entity @s[tag=aj.convict.bone.head] run data modify entity @s {} merge value {transformation:[-0.7853031029294526f,0.0005399696380092105f,-0.6191112541071787f,-0.06205474967445931f,-0.3360417986574246f,0.8395023504832251f,0.4269797572347233f,1.313790546259478f,0.519975909138545f,0.5433557876437229f,-0.6590823483826683f,0.4474720927438751f,0f,0f,0f,1f],start_interpolation:0}
execute if entity @s[tag=aj.convict.bone.left_axe] run data modify entity @s {} merge value {transformation:[0.001845205249348504f,-0.001171290378651488f,0.0026719516835015454f,0.6171865460865571f,0.00042641795932432154f,-0.003019299218449855f,-0.0016180325447114272f,0.4630945256589933f,-0.0028860725344408743f,-0.0011949646189984503f,0.0014692427463150817f,0.02709172140328847f,0f,0f,0f,1f],start_interpolation:0}
execute if entity @s[tag=aj.convict.bone.left_arm_2] run data modify entity @s {} merge value {transformation:[-0.5345383873529503f,-0.30739861331350915f,-0.78725777543257f,0.44802074155721844f,-0.12352922169283748f,0.9499207775020909f,-0.287038408332029f,0.9346313753642873f,0.8360677268224561f,-0.05618370762734026f,-0.5457418319711039f,-0.052353291451387285f,0f,0f,0f,1f],start_interpolation:0}
execute if entity @s[tag=aj.convict.bone.left_arm] run data modify entity @s {} merge value {transformation:[-0.35661429310708387f,-0.5030421860765716f,-0.78725777543257f,0.24895869697613124f,-0.5100816227904905f,0.8108179143516965f,-0.287038408332029f,1.2612515865761817f,0.7827151359486761f,0.299203724565168f,-0.5457418319711039f,0.1640882838773788f,0f,0f,0f,1f],start_interpolation:0}
execute if entity @s[tag=aj.convict.bone.right_axe] run data modify entity @s {} merge value {transformation:[0.010831377050776317f,0.012855121243151805f,0.016332285059286206f,0.09467272985696695f,0.01807776752207309f,-0.014914704831219271f,-0.00024961463395400865f,0.37006090105267964f,-0.01025631507178848f,-0.012712743365280051f,0.01680805055700192f,0.5965996422773778f,0f,0f,0f,1f],start_interpolation:0}
execute if entity @s[tag=aj.convict.bone.right_arm_2] run data modify entity @s {} merge value {transformation:[-0.4621387541664562f,-0.8593543923102782f,-0.2189470262746408f,-0.3499335437872069f,-0.7713180809417852f,0.511342364099113f,-0.37894248203363523f,0.6096396879602684f,0.4376027763963085f,-0.006246206413702188f,-0.8991467038229523f,0.6276004413745191f,0f,0f,0f,1f],start_interpolation:0}
execute if entity @s[tag=aj.convict.bone.right_arm] run data modify entity @s {} merge value {transformation:[-0.9445680062597638f,-0.24464971129340538f,-0.2189470262746408f,-0.3732819345317492f,-0.14873687024069376f,0.9133892591558055f,-0.37894248203363523f,1.034026142417185f,0.2926920309496962f,-0.32537144930504003f,-0.8991467038229523f,0.5157773426031528f,0f,0f,0f,1f],start_interpolation:0}
execute if entity @s[tag=aj.convict.bone.body] run data modify entity @s {} merge value {transformation:[-0.8296541753438406f,0.0005399696380092105f,-0.5582774021643021f,-0.06249909980156473f,-0.30296725887866216f,0.8395023504832251f,0.4510505998008318f,0.6229498954446677f,0.46891874496769864f,0.5433557876437229f,-0.6963330371682704f,0.00033544596293898785f,0f,0f,0f,1f],start_interpolation:0}