execute if entity @s[tag=aj.convict.bone.left_leg_2] run data modify entity @s {} merge value {transformation:[-0.9991065986036666f,0.040214022886825324f,-0.012993728867031994f,0.05311806318725836f,0.0025258427249977944f,0.3637346586921154f,0.9314991777691802f,0.29654341550091906f,0.042185598788456555f,0.9306341549875483f,-0.3635112719372966f,-0.20950229049070718f,0f,0f,0f,1f],start_interpolation:0}
execute if entity @s[tag=aj.convict.bone.left_leg] run data modify entity @s {} merge value {transformation:[-0.9991065986036666f,0.02984084782867562f,-0.0299253809913571f,0.06244332813371949f,0.0025258427249977944f,0.7490048155280606f,0.6625597380118298f,0.530607420353438f,0.042185598788456555f,0.6618922194108657f,-0.7484110268684031f,-0.002660971924811632f,0f,0f,0f,1f],start_interpolation:0}
execute if entity @s[tag=aj.convict.bone.right_leg_2] run data modify entity @s {} merge value {transformation:[-0.9992407656211653f,-0.011991888969494362f,-0.03706867841953375f,-0.17623429924783723f,-0.000571862215979522f,0.9558634099707803f,-0.29381084808535957f,0.3978067869325582f,0.038955940425478404f,-0.29356657861203395f,-0.95514454331666f,0.29064371520370036f,0f,0f,0f,1f],start_interpolation:0}
execute if entity @s[tag=aj.convict.bone.right_leg] run data modify entity @s {} merge value {transformation:[-0.9992407656211653f,-0.03550619249062798f,-0.016037537705207765f,-0.18732998440115847f,-0.000571862215979522f,0.4249620269468154f,-0.9052109967443283f,0.530607420353438f,0.038955940425478404f,-0.9045145581736496f,-0.42465968581617675f,0.007982915774434897f,0f,0f,0f,1f],start_interpolation:0}
execute if entity @s[tag=aj.convict.bone.head] run data modify entity @s {} merge value {transformation:[-0.9250688184515842f,0.0219679822835502f,-0.37916367031003867f,-0.044365504802884995f,-0.1379955734414084f,0.910656561498697f,0.38943786245041295f,1.358127072140191f,0.35384304831261976f,0.41257973138989695f,-0.8393885050482128f,0.34217979516852504f,0f,0f,0f,1f],start_interpolation:0}
execute if entity @s[tag=aj.convict.bone.left_axe] run data modify entity @s {} merge value {transformation:[0.0473953639743985f,-0.034568832452301565f,0.021562126440103045f,0.33363177192108023f,-0.0045872601894589755f,-0.0373944929857027f,-0.04986841624010567f,0.3005385317537861f,-0.04048316338539386f,-0.03623393046892557f,0.030894429353599873f,0.05124284632523855f,0f,0f,0f,1f],start_interpolation:0}
execute if entity @s[tag=aj.convict.bone.left_arm_2] run data modify entity @s {} merge value {transformation:[-0.758325823590376f,0.14715408035400657f,-0.6350493066771623f,0.40766873571116713f,0.07339616303134361f,0.987267117754164f,0.14112633153902243f,0.8018025191400853f,0.6477306141663017f,0.060409559148798836f,-0.7594706950470133f,0.02825321688358534f,0f,0f,0f,1f],start_interpolation:0}
execute if entity @s[tag=aj.convict.bone.left_arm] run data modify entity @s {} merge value {transformation:[-0.7593300452104524f,-0.14188114931007484f,-0.6350493066771623f,0.3256917391231691f,-0.29462668241252965f,0.9451341050649502f,0.14112633153902243f,1.178424124609764f,0.5801835920217658f,0.2942639341025806f,-0.7594706950470133f,0.2394151306359384f,0f,0f,0f,1f],start_interpolation:0}
execute if entity @s[tag=aj.convict.bone.right_axe] run data modify entity @s {} merge value {transformation:[0.2812773727006356f,0.7897701365913841f,0.5451111546786164f,-1.332614452355212f,0.7912844851078477f,0.13049121208094308f,-0.5973616217980985f,1.3659931430707106f,-0.54291058493479f,0.5993623068879734f,-0.5882286305916187f,0.11698089554524145f,0f,0f,0f,1f],start_interpolation:0}
execute if entity @s[tag=aj.convict.bone.right_arm_2] run data modify entity @s {} merge value {transformation:[0.2812773727006356f,0.9584094214177878f,-0.04831584154549096f,-0.8385426701201292f,0.7912844851078477f,-0.2601250755377092f,-0.5533568547547859f,1.2736814963797818f,-0.54291058493479f,0.11741518647143742f,-0.8315418033698858f,0.17533684750208353f,0f,0f,0f,1f],start_interpolation:0}
execute if entity @s[tag=aj.convict.bone.right_arm] run data modify entity @s {} merge value {transformation:[0.15377347341928468f,0.9869241603731868f,-0.04831584154549096f,-0.42311841753617035f,0.8184680722558875f,-0.1546163186524046f,-0.5533568547547859f,1.1773614179704832f,-0.5535916668179712f,0.045546631906855345f,-0.8315418033698858f,0.28163147745105604f,0f,0f,0f,1f],start_interpolation:0}
execute if entity @s[tag=aj.convict.bone.body] run data modify entity @s {} merge value {transformation:[-0.9984135422124527f,0.0219679822835502f,-0.05184405926596293f,-0.06244332813371949f,-0.0014169421857075418f,0.910656561498697f,0.41316173500726355f,0.608732420353438f,0.05628846242015689f,0.41257973138989695f,-0.9091807159440939f,0.002660971924811632f,0f,0f,0f,1f],start_interpolation:0}