execute if entity @s[tag=aj.convict.bone.left_leg_2] run data modify entity @s {} merge value {transformation:[-0.787040177968154f,-0.04219754454442118f,0.6154568429209948f,-0.020335912904571367f,-0.03880672476913288f,0.999068481904319f,0.018873435778690884f,0.511425061389177f,-0.6156799463816808f,-0.009029712056383143f,-0.7879445842974171f,0.14542353511226802f,0f,0f,0f,1f],start_interpolation:0}
execute if entity @s[tag=aj.convict.bone.left_leg] run data modify entity @s {} merge value {transformation:[-0.787040177968154f,0.22185933791725473f,0.5756267822493789f,0.04899513019457074f,-0.03880672476913288f,0.9134398035546337f,-0.4051194433679591f,0.796875f,-0.6156799463816808f,-0.3411834689151712f,-0.7103041912888175f,0.03880370107627702f,0f,0f,0f,1f],start_interpolation:0}
execute if entity @s[tag=aj.convict.bone.right_leg_2] run data modify entity @s {} merge value {transformation:[-0.8172241544938887f,-0.1528728914178591f,0.5556748693087459f,-0.1037864877722056f,0.008774702005361078f,0.9607655110365622f,0.2772230823855951f,0.4944655275509737f,-0.5762531439536497f,0.23142928049880993f,-0.783819368356854f,-0.1822792728480303f,0f,0f,0f,1f],start_interpolation:0}
execute if entity @s[tag=aj.convict.bone.right_leg] run data modify entity @s {} merge value {transformation:[-0.8172241544938887f,-0.13823648899682114f,0.5594956250245217f,-0.1469853905837122f,0.008774702005361078f,0.9677103118368842f,0.2519122009138847f,0.796875f,-0.5762531439536497f,0.21077814278143756f,-0.7896232573887007f,-0.11641110322883107f,0f,0f,0f,1f],start_interpolation:0}
execute if entity @s[tag=aj.convict.bone.head] run data modify entity @s {} merge value {transformation:[-0.9893260471738043f,0f,0.1457188127300496f,-0.04899513019457074f,0f,1f,0f,1.697916875f,-0.1457188127300496f,0f,-0.9893260471738043f,-0.03880370107627702f,0f,0f,0f,1f],start_interpolation:0}
execute if entity @s[tag=aj.convict.bone.left_axe] run data modify entity @s {} merge value {transformation:[-0.9198391642147581f,-0.1739736771216136f,-0.3516092598972328f,0.6267597232157506f,-0.33638679843846586f,0.810940600737095f,0.4787684867579304f,0.6581461088868035f,0.20184111031455965f,0.5586667179499278f,-0.8044573726693303f,0.3349129034232925f,0f,0f,0f,1f],start_interpolation:0}
execute if entity @s[tag=aj.convict.bone.left_arm_2] run data modify entity @s {} merge value {transformation:[-0.9198391642147581f,-0.3716432588419684f,-0.12560732516066458f,0.46563376709349025f,-0.33638679843846586f,0.9119620415256467f,-0.23488115431573814f,1.1199742852378245f,0.20184111031455965f,-0.1738002387043708f,-0.9638742880756233f,0.20064175271879908f,0f,0f,0f,1f],start_interpolation:0}
execute if entity @s[tag=aj.convict.bone.left_arm] run data modify entity @s {} merge value {transformation:[-0.9198391642147581f,-0.3716432588419684f,-0.12560732516066458f,0.24497565097285368f,-0.33638679843846586f,0.9119620415256467f,-0.23488115431573814f,1.5f,0.20184111031455965f,-0.1738002387043708f,-0.9638742880756233f,0.1940185053813851f,0f,0f,0f,1f],start_interpolation:0}
execute if entity @s[tag=aj.convict.bone.right_axe] run data modify entity @s {} merge value {transformation:[-0.6741526320298707f,-0.3998929144190684f,0.6209701166115977f,-0.33222283974562034f,0.09083898760394904f,0.7894738725961957f,0.6070249441489661f,0.5623328622488322f,-0.7329846567686714f,0.4656357605311146f,-0.49590002163371955f,-0.37428896993492194f,0f,0f,0f,1f],start_interpolation:0}
execute if entity @s[tag=aj.convict.bone.right_arm_2] run data modify entity @s {} merge value {transformation:[-0.6741526320298707f,0.06076627614702319f,0.736088098267063f,-0.3403492030436054f,0.09083898760394904f,0.9958651063409123f,0.0009840242339738958f,1.0677245228379266f,-0.7329846567686714f,0.06752888016121082f,-0.676885029592091f,-0.35090062088934293f,0f,0f,0f,1f],start_interpolation:0}
execute if entity @s[tag=aj.convict.bone.right_arm] run data modify entity @s {} merge value {transformation:[-0.6763167534485077f,-0.027748163803196516f,0.736088098267063f,-0.34296591136199517f,-0.039924632823161485f,0.9992022094602487f,0.0009840242339738958f,1.5f,-0.7355281590114725f,-0.028722534973575818f,-0.676885029592091f,-0.27162590753393917f,0f,0f,0f,1f],start_interpolation:0}
execute if entity @s[tag=aj.convict.bone.body] run data modify entity @s {} merge value {transformation:[-0.7839220831131318f,0f,0.6208592172204324f,-0.04899513019457074f,0f,1f,0f,0.875f,-0.6208592172204324f,0f,-0.7839220831131318f,-0.03880370107627702f,0f,0f,0f,1f],start_interpolation:0}