execute if entity @s[tag=aj.convict.bone.left_leg_2] run data modify entity @s {} merge value {transformation:[-0.9998397916393136f,0.016817777540629453f,-0.006128083978539374f,0.058702454903542776f,0.0010695449895753487f,0.39788237905484897f,0.9174358116572345f,0.29778868186686275f,0.01786748802068734f,0.9172822765082989f,-0.3978366223408589f,-0.19856576894447467f,0f,0f,0f,1f],start_interpolation:0}
execute if entity @s[tag=aj.convict.bone.left_leg] run data modify entity @s {} merge value {transformation:[-0.9998397916393136f,0.01211962389513173f,-0.013172158945847995f,0.06248983737077144f,0.0010695449895753487f,0.7750334938471062f,0.6319192507660001f,0.5399866486940834f,0.01786748802068734f,0.6318039238021462f,-0.7749222894845924f,-0.0011270427563039522f,0f,0f,0f,1f],start_interpolation:0}
execute if entity @s[tag=aj.convict.bone.right_leg_2] run data modify entity @s {} merge value {transformation:[-0.9998638537397291f,-0.004748324532565868f,-0.015802765545028304f,-0.18287934732661038f,-0.0002421509110324642f,0.9618204683361983f,-0.2736810699563861f,0.3935390732062558f,0.016498949896099048f,-0.27363998264813105f,-0.9616906698874939f,0.2794033882788196f,0f,0f,0f,1f],start_interpolation:0}
execute if entity @s[tag=aj.convict.bone.right_leg] run data modify entity @s {} merge value {transformation:[-0.9998638537397291f,-0.01468852731425269f,-0.007518054939687079f,-0.18746951211231433f,-0.0002421509110324642f,0.4686322415610483f,-0.883393323232864f,0.5399866486940834f,0.016498949896099048f,-0.8832712320317049f,-0.46857199587418824f,0.0033811282689118565f,0f,0f,0f,1f],start_interpolation:0}
execute if entity @s[tag=aj.convict.bone.head] run data modify entity @s {} merge value {transformation:[-0.6427167391880407f,0.007986104646482752f,-0.766062278995688f,-0.05591793709166488f,-0.40948366602008407f,0.8415405256738033f,0.35232466690740083f,1.310629548267427f,0.6474861546243628f,0.5401349514530921f,-0.5376020031477947f,0.4456132090843592f,0f,0f,0f,1f],start_interpolation:0}
execute if entity @s[tag=aj.convict.bone.left_axe] run data modify entity @s {} merge value {transformation:[0.004621202982548602f,-0.004518565277851785f,0.010690992140486593f,0.5838440143235691f,0.0021134138439550454f,-0.010987265946718134f,-0.005557313295499652f,0.5007497446574518f,-0.011412634535563338f,-0.003864300320879612f,0.003299881529962351f,-0.10273621393739918f,0f,0f,0f,1f],start_interpolation:0}
execute if entity @s[tag=aj.convict.bone.left_arm_2] run data modify entity @s {} merge value {transformation:[-0.36990905716229716f,-0.3493661909746936f,-0.8608777811240886f,0.38484066577570064f,-0.16917043578553415f,0.9364414937215257f,-0.3073413289694866f,0.9662146038685933f,0.9135363446986839f,0.03194672816473548f,-0.40550062080610394f,-0.13460645437921104f,0f,0f,0f,1f],start_interpolation:0}
execute if entity @s[tag=aj.convict.bone.left_arm] run data modify entity @s {} merge value {transformation:[-0.1944428752221159f,-0.47019295426688645f,-0.8608777811240886f,0.2159235691333838f,-0.5377476574934753f,0.7850915643207165f,-0.3073413289694866f,1.2808577647511814f,0.820377611308132f,0.4031746785082462f,-0.40550062080610394f,0.12155777276315777f,0f,0f,0f,1f],start_interpolation:0}
execute if entity @s[tag=aj.convict.bone.right_axe] run data modify entity @s {} merge value {transformation:[0.015959504171286214f,0.036000009048692896f,0.0485339425052275f,0.24310737869259966f,0.052357108751103644f,-0.03330115118560485f,0.007484416673234741f,0.43630524862695363f,-0.03017080359937077f,-0.038746389227997974f,0.03866122000093476f,0.5680892490410604f,0f,0f,0f,1f],start_interpolation:0}
execute if entity @s[tag=aj.convict.bone.right_arm_2] run data modify entity @s {} merge value {transformation:[-0.2553520667405794f,-0.9297011139872732f,-0.2654263752194534f,-0.2289088847898583f,-0.8377137400176583f,0.34981368542956737f,-0.41936389361962334f,0.5929989189256781f,0.48273285758993234f,0.11526588453227118f,-0.8681490448454408f,0.6612639448597462f,0f,0f,0f,1f],start_interpolation:0}
execute if entity @s[tag=aj.convict.bone.right_arm] run data modify entity @s {} merge value {transformation:[-0.8676205789611463f,-0.42045614551459126f,-0.2654263752194534f,-0.33092061306682324f,-0.28878907322812697f,0.8606595121836675f,-0.41936389361962334f,1.0072911897292396f,0.4047658608963517f,-0.28719650726773127f,-0.8681490448454408f,0.5558650020658152f,0f,0f,0f,1f],start_interpolation:0}
execute if entity @s[tag=aj.convict.bone.body] run data modify entity @s {} merge value {transformation:[-0.7291255762669426f,0.007986104646482752f,-0.6843333370266088f,-0.06248983737077144f,-0.364755433362589f,0.8415405256738033f,0.39845077171606613f,0.6181116486940834f,0.5790763057368766f,0.5401349514530921f,-0.6106757456726909f,0.0011270427563039522f,0f,0f,0f,1f],start_interpolation:0}