execute if entity @s[tag=aj.convict.bone.left_leg_2] run data modify entity @s {} merge value {transformation:[-0.7770411606536965f,-0.04204693539172294f,0.6280438598331493f,-0.022671030446174502f,-0.03880672476913288f,0.999068481904319f,0.018873435778690884f,0.511425061389177f,-0.6282523957476397f,-0.009706888768491906f,-0.7779490366005908f,0.14507783530477697f,0f,0f,0f,1f],start_interpolation:0}
execute if entity @s[tag=aj.convict.bone.left_leg] run data modify entity @s {} merge value {transformation:[-0.7770411606536965f,0.22731533937305962f,0.5869708435141109f,0.04836501310790663f,-0.03880672476913288f,0.9134398035546337f,-0.4051194433679591f,0.796875f,-0.6282523957476397f,-0.3375728984497763f,-0.7009589613305248f,0.03958630453922189f,0f,0f,0f,1f],start_interpolation:0}
execute if entity @s[tag=aj.convict.bone.right_leg_2] run data modify entity @s {} merge value {transformation:[-0.8078550395190902f,-0.1461956102580115f,0.5709615386914401f,-0.10084285968829731f,0.008774702005361078f,0.9656566650848003f,0.25967327506314314f,0.4944655275509737f,-0.589315908260015f,0.21478838124672694f,-0.7788277804194482f,-0.18392413110840905f,0f,0f,0f,1f],start_interpolation:0}
execute if entity @s[tag=aj.convict.bone.right_leg] run data modify entity @s {} merge value {transformation:[-0.8078550395190902f,-0.14160697483335227f,0.5721168585194423f,-0.1450950393237199f,0.008774702005361078f,0.9677103118368842f,0.2519122009138847f,0.796875f,-0.589315908260015f,0.2085286959703788f,-0.7805270932059739f,-0.11875891361766568f,0f,0f,0f,1f],start_interpolation:0}
execute if entity @s[tag=aj.convict.bone.head] run data modify entity @s {} merge value {transformation:[-0.9868557164068072f,0f,0.16160382110336136f,-0.04836501310790663f,0f,1f,0f,1.697916875f,-0.16160382110336136f,0f,-0.9868557164068072f,-0.03958630453922189f,0f,0f,0f,1f],start_interpolation:0}
execute if entity @s[tag=aj.convict.bone.left_axe] run data modify entity @s {} merge value {transformation:[-0.8005780809003218f,-0.28276407539253995f,-0.5283173421811551f,0.8067977121369159f,-0.44233854090213043f,0.8736403099433312f,0.2027047707250485f,0.7999197364062182f,0.4042416994998562f,0.39597611861010285f,-0.8244947312602704f,0.45292528011695354f,0f,0f,0f,1f],start_interpolation:0}
execute if entity @s[tag=aj.convict.bone.left_arm_2] run data modify entity @s {} merge value {transformation:[-0.8005780809003218f,-0.5735211704607576f,-0.17363238008873916f,0.5377851577365544f,-0.44233854090213043f,0.7610909054373928f,-0.4744230695203005f,1.1794132647403512f,0.4042416994998562f,-0.3030084168695851f,-0.8630032141838497f,0.25070636990568235f,0f,0f,0f,1f],start_interpolation:0}
execute if entity @s[tag=aj.convict.bone.left_arm] run data modify entity @s {} merge value {transformation:[-0.8005780809003218f,-0.5735211704607576f,-0.17363238008873916f,0.24182506553953315f,-0.44233854090213043f,0.7610909054373928f,-0.4744230695203005f,1.5f,0.4042416994998562f,-0.3030084168695851f,-0.8630032141838497f,0.19793152269610947f,0f,0f,0f,1f],start_interpolation:0}
execute if entity @s[tag=aj.convict.bone.right_axe] run data modify entity @s {} merge value {transformation:[-0.6772677773470018f,-0.4214791531043576f,0.6030453393119669f,-0.3014839755202998f,0.048873645877200264f,0.7920648830185275f,0.6084772697706269f,0.5602573151833247f,-0.734111520483177f,0.4415750724251538f,-0.5158407999631266f,-0.3504812253556208f,0f,0f,0f,1f],start_interpolation:0}
execute if entity @s[tag=aj.convict.bone.right_arm_2] run data modify entity @s {} merge value {transformation:[-0.6772677773470018f,0.03272884853813876f,0.7350082858314043f,-0.32383572616383155f,0.048873645877200264f,0.9988048129350269f,0.0005589244098339347f,1.065703711401503f,-0.734111520483177f,0.03630107617128527f,-0.6780578938134153f,-0.3428573787047061f,0f,0f,0f,1f],start_interpolation:0}
execute if entity @s[tag=aj.convict.bone.right_arm] run data modify entity @s {} merge value {transformation:[-0.675745629600177f,-0.05595233538862243f,0.7350082858314043f,-0.3385550917553464f,-0.08191466394191646f,0.9966391901961246f,0.0005589244098339347f,1.5f,-0.7325693359044885f,-0.05983026600118142f,-0.6780578938134153f,-0.27710413177455323f,0f,0f,0f,1f],start_interpolation:0}
execute if entity @s[tag=aj.convict.bone.body] run data modify entity @s {} merge value {transformation:[-0.7738402097265061f,0f,0.6333808726275503f,-0.04836501310790663f,0f,1f,0f,0.875f,-0.6333808726275503f,0f,-0.7738402097265061f,-0.03958630453922189f,0f,0f,0f,1f],start_interpolation:0}