execute if entity @s[tag=aj.convict.bone.left_leg_2] run data modify entity @s {} merge value {transformation:[-0.7744905562655114f,-0.06263672009553675f,0.6294767823766115f,-0.023258365992381846f,-0.03880672476913288f,0.9979160466187645f,0.051551935108864355f,0.511425061389177f,-0.6313940262373658f,0.015498554656779406f,-0.7753072800092358f,0.14498483482618374f,0f,0f,0f,1f],start_interpolation:0}
execute if entity @s[tag=aj.convict.bone.left_leg] run data modify entity @s {} merge value {transformation:[-0.7744905562655114f,0.2286805437361561f,0.5898047025686338f,0.04820430392516693f,-0.03880672476913288f,0.9134398035546337f,-0.4051194433679591f,0.796875f,-0.6313940262373658f,-0.33664957180814625f,-0.6985761586492631f,0.03978184363613803f,0f,0f,0f,1f],start_interpolation:0}
execute if entity @s[tag=aj.convict.bone.right_leg_2] run data modify entity @s {} merge value {transformation:[-0.8054618634789164f,-0.14442772010911842f,0.5747798014415205f,-0.10009719554599547f,0.008774702005361078f,0.9668383048778245f,0.2552385096839655f,0.4944655275509737f,-0.5925826449414364f,0.21062840711797828f,-0.7774840725244181f,-0.18433100606768144f,0f,0f,0f,1f],start_interpolation:0}
execute if entity @s[tag=aj.convict.bone.right_leg] run data modify entity @s {} merge value {transformation:[-0.8054618634789164f,-0.14245029193441702f,0.5752730662988411f,-0.14461291177550079f,0.008774702005361078f,0.9677103118368842f,0.2519122009138847f,0.796875f,-0.5925826449414364f,0.20795352050965546f,-0.7782037922175988f,-0.11934553090841409f,0f,0f,0f,1f],start_interpolation:0}
execute if entity @s[tag=aj.convict.bone.head] run data modify entity @s {} merge value {transformation:[-0.9861931774241521f,0f,0.16559896377107802f,-0.04820430392516693f,0f,1f,0f,1.697916875f,-0.16559896377107802f,0f,-0.9861931774241521f,-0.03978184363613803f,0f,0f,0f,1f],start_interpolation:0}
execute if entity @s[tag=aj.convict.bone.left_axe] run data modify entity @s {} merge value {transformation:[-0.005739533165497349f,-0.019631541378891004f,-0.029923278218236326f,-0.42401371927547354f,-0.03381895607558347f,-0.006939259337307831f,0.011039344500570347f,1.18712139564811f,0.011708040237155092f,-0.029668021506892007f,0.01721837770716745f,0.15762526933475007f,0f,0f,0f,1f],start_interpolation:0}
execute if entity @s[tag=aj.convict.bone.left_arm_2] run data modify entity @s {} merge value {transformation:[0.1583512472213292f,0.9667536494569537f,0.20077914175807904f,0.06645106106477355f,0.9330504276000535f,-0.07998762435002643f,-0.3507404731510128f,1.1003798818606856f,-0.3230197858627344f,0.24287725544500938f,-0.9146960460878208f,0.2535199467219248f,0f,0f,0f,1f],start_interpolation:0}
execute if entity @s[tag=aj.convict.bone.left_arm] run data modify entity @s {} merge value {transformation:[-0.797478023937293f,0.5689609279836003f,0.20077914175807904f,0.24102151962583462f,0.4837686236313171f,0.801841031179912f,-0.3507404731510128f,1.5f,-0.3605505791521231f,-0.18257717038111784f,-0.9146960460878208f,0.19890921818069013f,0f,0f,0f,1f],start_interpolation:0}
execute if entity @s[tag=aj.convict.bone.right_axe] run data modify entity @s {} merge value {transformation:[-0.67782518945495f,-0.4268408118704894f,0.5986317180555192f,-0.29384302576539206f,0.03825509238603854f,0.7926393458216764f,0.6084894537803597f,0.5599782058207999f,-0.7342271858538723f,0.4353501909694383f,-0.5209420800587883f,-0.34430580163976865f,0f,0f,0f,1f],start_interpolation:0}
execute if entity @s[tag=aj.convict.bone.right_arm_2] run data modify entity @s {} merge value {transformation:[-0.67782518945495f,0.02578831626334794f,0.7347706957171486f,-0.3197095179791498f,0.03825509238603854f,0.9992679820739541f,0.000218879837696276f,1.0653018412979132f,-0.7342271858538723f,0.02825708311466768f,-0.6783155436866783f,-0.34073771345694753f,0f,0f,0f,1f],start_interpolation:0}
execute if entity @s[tag=aj.convict.bone.right_arm] run data modify entity @s {} merge value {transformation:[-0.675392351720461f,-0.0629062473276107f,0.7347706957171486f,-0.3374301274761685f,-0.0925028299400097f,0.9957123975047746f,0.000218879837696276f,1.5f,-0.7316340599579784f,-0.06782053894250012f,-0.6783155436866783f,-0.2784729054529662f,0f,0f,0f,1f],start_interpolation:0}
execute if entity @s[tag=aj.convict.bone.body] run data modify entity @s {} merge value {transformation:[-0.7712688628026709f,0f,0.6365094981782085f,-0.04820430392516693f,0f,1f,0f,0.875f,-0.6365094981782085f,0f,-0.7712688628026709f,-0.03978184363613803f,0f,0f,0f,1f],start_interpolation:0}