execute if entity @s[tag=aj.convict.bone.left_leg_2] run data modify entity @s {} merge value {transformation:[-0.7704196315350512f,-0.04194298148795311f,0.6361559381545511f,-0.02418901115055451f,-0.03880672476913288f,0.999068481904319f,0.018873435778690884f,0.511425061389177f,-0.6363549555539648f,-0.01014666296379374f,-0.7713296414456083f,0.14483247445849193f,0f,0f,0f,1f],start_interpolation:0}
execute if entity @s[tag=aj.convict.bone.left_leg] run data modify entity @s {} merge value {transformation:[-0.7704196315350512f,0.23083786604483436f,0.5942789504477363f,0.04794782198845622f,-0.03880672476913288f,0.9134398035546337f,-0.4051194433679591f,0.796875f,-0.6363549555539648f,-0.3351739919533426f,-0.6947738953501147f,0.04009060197307237f,0f,0f,0f,1f],start_interpolation:0}
execute if entity @s[tag=aj.convict.bone.right_leg_2] run data modify entity @s {} merge value {transformation:[-0.801639555347131f,-0.14155378885028805f,0.5808068079533694f,-0.09891131661558172f,0.008774702005361078f,0.9686704491715145f,0.24819461216266064f,0.4944655275509737f,-0.5977432792659163f,0.20405902519610472f,-0.7752824558368674f,-0.18497005108792344f,0f,0f,0f,1f],start_interpolation:0}
execute if entity @s[tag=aj.convict.bone.right_leg] run data modify entity @s {} merge value {transformation:[-0.801639555347131f,-0.14378287791931826f,0.5802590002060222f,-0.14384346596536868f,0.008774702005361078f,0.9677103118368842f,0.2519122009138847f,0.796875f,-0.5977432792659163f,0.20703438453986028f,-0.7744932121785381f,-0.1202718059192171f,0f,0f,0f,1f],start_interpolation:0}
execute if entity @s[tag=aj.convict.bone.head] run data modify entity @s {} merge value {transformation:[-0.9851093261547739f,0f,0.17192910027940972f,-0.04794782198845622f,0f,1f,0f,1.697916875f,-0.17192910027940972f,0f,-0.9851093261547739f,-0.04009060197307237f,0f,0f,0f,1f],start_interpolation:0}
execute if entity @s[tag=aj.convict.bone.left_axe] run data modify entity @s {} merge value {transformation:[-0.01468478559053387f,-0.015859238107308514f,-0.018567562252677184f,-0.4544093624422336f,-0.021710363814911548f,-0.0014378709347225224f,0.018398515140917206f,1.4332248296203192f,0.011177204676283253f,-0.023629003851666573f,0.011342530660910646f,0.16846705257670913f,0f,0f,0f,1f],start_interpolation:0}
execute if entity @s[tag=aj.convict.bone.left_arm_2] run data modify entity @s {} merge value {transformation:[0.5153626429566261f,0.8543326184976262f,0.06720954705806764f,-0.0383749572465405f,0.7619253550705705f,-0.42089393799508235f,-0.4922581093893496f,1.174566188314898f,-0.3922640686391581f,0.3049000982780776f,-0.8678506959867419f,0.29994580025491907f,0f,0f,0f,1f],start_interpolation:0}
execute if entity @s[tag=aj.convict.bone.left_arm] run data modify entity @s {} merge value {transformation:[-0.6397078691261752f,0.7656740291810202f,0.06720954705806764f,0.23973910994228115f,0.6462455302759675f,0.5831369207473975f,-0.4922581093893496f,1.5f,-0.41610161832944365f,-0.27146751683939196f,-0.8678506959867419f,0.20045300986536183f,0f,0f,0f,1f],start_interpolation:0}
execute if entity @s[tag=aj.convict.bone.right_axe] run data modify entity @s {} merge value {transformation:[-0.678524634126378f,-0.4352785676133246f,0.5917236597096291f,-0.2818156736342742f,0.021384804530978074f,0.7934829051252961f,0.6082167125368163f,0.5597389780906109f,-0.7342663079692792f,0.4253439171428371f,-0.529089350800742f,-0.3343696440504706f,0f,0f,0f,1f],start_interpolation:0}
execute if entity @s[tag=aj.convict.bone.right_arm_2] run data modify entity @s {} merge value {transformation:[-0.678524634126378f,0.01488883508988846f,0.734426744797145f,-0.31319634842520117f,0.021384804530978074f,0.9997711883160454f,-0.0005110267060291895f,1.0647542704566613f,-0.7342663079692792f,0.015358828171072175f,-0.6786877745903301f,-0.3373006798110474f,0f,0f,0f,1f],start_interpolation:0}
execute if entity @s[tag=aj.convict.bone.right_arm] run data modify entity @s {} merge value {transformation:[-0.6746631447710177f,-0.0738037777783078f,0.734426744797145f,-0.33563475391919356f,-0.10929447173848794f,0.99400928431233f,-0.0005110267060291895f,1.5f,-0.7299892872741938f,-0.0806135539877729f,-0.6786877745903301f,-0.28063421381150655f,0f,0f,0f,1f],start_interpolation:0}
execute if entity @s[tag=aj.convict.bone.body] run data modify entity @s {} merge value {transformation:[-0.7671651518152995f,0f,0.6414496315691579f,-0.04794782198845622f,0f,1f,0f,0.875f,-0.6414496315691579f,0f,-0.7671651518152995f,-0.04009060197307237f,0f,0f,0f,1f],start_interpolation:0}