execute if entity @s[tag=aj.tutankhamen.bone.head] run data modify entity @s {} merge value {transformation:[-0.9634148883699926f,-0.25286637562635883f,-0.0888276361535279f,-0.0026724161154533773f,-0.23106722045757688f,0.9515798738956821f,-0.20274043313233592f,1.6064437581633249f,0.13579282932851777f,-0.17479799676846078f,-0.9751953485475046f,-0.15862962083555815f,0f,0f,0f,1f],start_interpolation:0}
execute if entity @s[tag=aj.tutankhamen.bone.back_cape] run data modify entity @s {} merge value {transformation:[-0.8926095301522268f,0.23200525054275584f,-0.38655114849397826f,-0.07311207833907932f,0.10064354089156194f,0.9383275727483005f,0.3307752165702432f,1.5739963233670538f,0.43945318790313614f,0.2563492343286319f,-0.8609099637597969f,-0.29427430543824806f,0f,0f,0f,1f],start_interpolation:0}
execute if entity @s[tag=aj.tutankhamen.bone.left_hand] run data modify entity @s {} merge value {transformation:[-0.8660625493564598f,-0.3350597685578052f,-0.3710399063391689f,0.28831010816499947f,-0.14737672056540083f,0.8803030106059294f,-0.4509398094574535f,1.145682886320475f,0.4777193347956277f,-0.33585943638987825f,-0.8117774794549895f,-0.34308707811069766f,0f,0f,0f,1f],start_interpolation:0}
execute if entity @s[tag=aj.tutankhamen.bone.cape_left_back] run data modify entity @s {} merge value {transformation:[-0.8751877230659181f,0.08194496687755412f,-0.47679290242004446f,0.21308944583911943f,-0.043629635883005155f,0.9681650622601458f,0.24648096699648891f,1.2804298453740817f,0.4818121047331729f,0.23651941700893056f,-0.8437509473241174f,-0.3742475141955547f,0f,0f,0f,1f],start_interpolation:0}
execute if entity @s[tag=aj.tutankhamen.bone.cape_left_side] run data modify entity @s {} merge value {transformation:[-0.8751877230659181f,-0.04199764684366021f,-0.4819571008443476f,0.4100821651737126f,-0.043629635883005155f,0.9990171139585994f,-0.007826933661844365f,1.2882253426885317f,0.4818121047331729f,0.014177576570970081f,-0.8761598553090435f,-0.3400106736464825f,0f,0f,0f,1f],start_interpolation:0}
execute if entity @s[tag=aj.tutankhamen.bone.left_arm] run data modify entity @s {} merge value {transformation:[-0.8660625493564598f,-0.13286464370892875f,-0.4819571008443476f,0.22680619662834625f,-0.14737672056540083f,0.9890494635481284f,-0.007826933661844365f,1.4494607748787076f,0.4777193347956277f,0.06425064285482728f,-0.8761598553090435f,-0.2827460944502854f,0f,0f,0f,1f],start_interpolation:0}
execute if entity @s[tag=aj.tutankhamen.bone.cape_right_back] run data modify entity @s {} merge value {transformation:[-0.9470839447410055f,0.2494667946693577f,0.20198594003348874f,-0.2818232877255421f,-0.2682630856504634f,-0.9607025193030595f,-0.07131329667072844f,1.7001881226400577f,0.1762581019162176f,-0.12172504985479217f,0.9767886638094962f,0.06716110163661793f,0f,0f,0f,1f],start_interpolation:0}
execute if entity @s[tag=aj.tutankhamen.bone.cape_right] run data modify entity @s {} merge value {transformation:[-0.9470839447410055f,0.2494667946693577f,0.20198594003348874f,-0.4803016390996964f,-0.2682630856504634f,-0.9607025193030595f,-0.07131329667072844f,1.6761003396748548f,0.1762581019162176f,-0.12172504985479217f,0.9767886638094962f,-0.14949573589134713f,0f,0f,0f,1f],start_interpolation:0}
execute if entity @s[tag=aj.tutankhamen.bone.weapon] run data modify entity @s {} merge value {transformation:[-0.7688540914862395f,1.1104336163159299f,-0.9221649762225338f,-0.4167668170920804f,1.4355264196176742f,0.6973495825846789f,-0.3571486131286932f,2.146301328556063f,0.15071482407395442f,-0.9773578756195771f,-1.3025529925419f,0.01477207203541303f,0f,0f,0f,1f],start_interpolation:0}
execute if entity @s[tag=aj.tutankhamen.bone.right_hand] run data modify entity @s {} merge value {transformation:[-0.9697128932633016f,0.12856369480153065f,0.2076734961854672f,-0.33838098395232785f,-0.15440657727868307f,-0.9814795275660712f,-0.11338670937003423f,1.8052087154975702f,0.18924987062610754f,-0.14201870773831657f,0.9716044324313989f,0.022538577357383044f,0f,0f,0f,1f],start_interpolation:0}
execute if entity @s[tag=aj.tutankhamen.bone.right_arm] run data modify entity @s {} merge value {transformation:[-0.9697128932633016f,0.13732656213458588f,0.20198594003348874f,-0.26444592133858263f,-0.15440657727868307f,-0.9854303743091317f,-0.07131329667072844f,1.5048504508260834f,0.18924987062610754f,-0.1003413809017045f,0.9767886638094962f,-0.04089083522185491f,0f,0f,0f,1f],start_interpolation:0}
execute if entity @s[tag=aj.tutankhamen.bone.body] run data modify entity @s {} merge value {transformation:[-0.8926095301522268f,-0.0038871507133867306f,-0.45081383823120597f,0.002915363035040048f,0.10064354089156194f,0.973009102783018f,-0.2076635826961355f,0.20774317291273647f,0.43945318790313614f,-0.23073399394263003f,-0.8681259814572151f,0.17305049545697251f,0f,0f,0f,1f],start_interpolation:0}
execute if entity @s[tag=aj.tutankhamen.bone.left_foot] run data modify entity @s {} merge value {transformation:[-0.7451645887608587f,-0.13139262206706714f,0.6538086222459911f,0.15170753620899433f,-0.17364817766693033f,0.984807753012208f,0f,0.44957311360925056f,-0.6438758001740821f,-0.11353267579594281f,-0.7566599536626732f,0.1310862227517267f,0f,0f,0f,1f],start_interpolation:0}
execute if entity @s[tag=aj.tutankhamen.bone.left_leg] run data modify entity @s {} merge value {transformation:[-0.7451645887608587f,-0.13139262206706714f,0.6538086222459911f,0.07093687065587562f,-0.17364817766693033f,0.984807753012208f,0f,0.875f,-0.6438758001740821f,-0.11353267579594281f,-0.7566599536626732f,0.06129455833556167f,0f,0f,0f,1f],start_interpolation:0}
execute if entity @s[tag=aj.tutankhamen.bone.right_foot] run data modify entity @s {} merge value {transformation:[-0.7451645887608587f,0.13139262206706714f,0.6538086222459911f,-0.15170753620899433f,0.17364817766693033f,0.984807753012208f,0f,0.44957311360925056f,-0.6438758001740821f,0.11353267579594281f,-0.7566599536626732f,-0.1310862227517267f,0f,0f,0f,1f],start_interpolation:0}
execute if entity @s[tag=aj.tutankhamen.bone.right_leg] run data modify entity @s {} merge value {transformation:[-0.7451645887608587f,0.13139262206706714f,0.6538086222459911f,-0.07093687065587562f,0.17364817766693033f,0.984807753012208f,0f,0.875f,-0.6438758001740821f,0.11353267579594281f,-0.7566599536626732f,-0.06129455833556167f,0f,0f,0f,1f],start_interpolation:0}