execute if entity @s[tag=aj.tutankhamen.bone.head] run data modify entity @s {} merge value {transformation:[-0.9592696312980742f,-0.27279103048335446f,-0.0733950145247359f,-0.0029595902063868336f,-0.25113134090311956f,0.9424689851904317f,-0.22064736928030476f,1.6036075952344213f,0.12936314809658028f,-0.19322853216320712f,-0.9725882532051238f,-0.17014159514012597f,0f,0f,0f,1f],start_interpolation:0}
execute if entity @s[tag=aj.tutankhamen.bone.back_cape] run data modify entity @s {} merge value {transformation:[-0.886531037795204f,0.1643018547439632f,-0.43251314379270767f,-0.07524851165726641f,0.11080020401724282f,0.9830133656382642f,0.14631485832364866f,1.569024579188719f,0.4492060037616319f,0.08179011862215135f,-0.8896765382318893f,-0.30427730752370874f,0f,0f,0f,1f],start_interpolation:0}
execute if entity @s[tag=aj.tutankhamen.bone.left_hand] run data modify entity @s {} merge value {transformation:[-0.8600161328808685f,-0.3368405526186323f,-0.38328930756833046f,0.28434224329642777f,-0.13679003014055716f,0.8758524245148974f,-0.46278614729216044f,1.1389122507469056f,0.49159001092249766f,-0.34557339681021465f,-0.7993236444508995f,-0.3505058838742405f,0f,0f,0f,1f],start_interpolation:0}
execute if entity @s[tag=aj.tutankhamen.bone.cape_left_back] run data modify entity @s {} merge value {transformation:[-0.8687898257809534f,0.15311073572745623f,-0.47091542895141714f,0.20907760857806712f,-0.033420435808137486f,0.9306978463147311f,0.3642589646604667f,1.273261467102916f,0.4940519335959473f,0.3322026813108497f,-0.8034637922395677f,-0.3829362440164073f,0f,0f,0f,1f],start_interpolation:0}
execute if entity @s[tag=aj.tutankhamen.bone.cape_left_side] run data modify entity @s {} merge value {transformation:[-0.8687898257809534f,-0.039524898647563866f,-0.493601074762201f,0.4065261532016162f,-0.033420435808137486f,0.9992167568069551f,-0.021188378573741257f,1.2811319575196551f,0.4940519335959473f,-0.0019118846957437846f,-0.869430291401798f,-0.35145307221554933f,0f,0f,0f,1f],start_interpolation:0}
execute if entity @s[tag=aj.tutankhamen.bone.left_arm] run data modify entity @s {} merge value {transformation:[-0.8600161328808685f,-0.12934539102046083f,-0.493601074762201f,0.22446189500103023f,-0.13679003014055716f,0.9903734347545683f,-0.021188378573741257f,1.4438411051556947f,0.49159001092249766f,0.04929735849112804f,-0.869430291401798f,-0.2944924153396293f,0f,0f,0f,1f],start_interpolation:0}
execute if entity @s[tag=aj.tutankhamen.bone.cape_right_back] run data modify entity @s {} merge value {transformation:[-0.9293777708344363f,0.3077887624049235f,0.20377202167142297f,-0.2833496362389052f,-0.31215206237771054f,-0.9499661613464151f,0.011197421582632788f,1.717908184218215f,0.19702296574804493f,-0.053201222110049504f,0.9789543303616576f,0.04443406836613131f,0f,0f,0f,1f],start_interpolation:0}
execute if entity @s[tag=aj.tutankhamen.bone.cape_right] run data modify entity @s {} merge value {transformation:[-0.9293777708344363f,0.3077887624049235f,0.20377202167142297f,-0.4795079183496416f,-0.31215206237771054f,-0.9499661613464151f,0.011197421582632788f,1.6663350690760395f,0.19702296574804493f,-0.053201222110049504f,0.9789543303616576f,-0.16951967582615107f,0f,0f,0f,1f],start_interpolation:0}
execute if entity @s[tag=aj.tutankhamen.bone.weapon] run data modify entity @s {} merge value {transformation:[-0.7728194130753614f,-1.4271837015981788f,-0.2012076297695572f,-0.4165983818456731f,1.441266842767599f,-0.7637520376902404f,-0.11840771289842227f,2.147937807333258f,0.009365699316273263f,-0.23327490312426563f,1.6186669752792857f,-0.05035639796345029f,0f,0f,0f,1f],start_interpolation:0}
execute if entity @s[tag=aj.tutankhamen.bone.right_hand] run data modify entity @s {} merge value {transformation:[-0.9693573805830766f,0.13130746832849363f,0.2076165154082816f,-0.337280714694481f,-0.13782132108640827f,-0.9903084018888499f,-0.017162534846283925f,1.8094614771548378f,0.20335081057894205f,-0.045250612255685524f,0.9780597271779329f,-0.009230861959135736f,0f,0f,0f,1f],start_interpolation:0}
execute if entity @s[tag=aj.tutankhamen.bone.right_arm] run data modify entity @s {} merge value {transformation:[-0.9693573805830766f,0.13719778384892636f,0.20377202167142297f,-0.2634448943047494f,-0.13782132108640827f,-0.9903938111700307f,0.011197421582632788f,1.5048205514376045f,0.20335081057894205f,-0.017229825972578355f,0.9789543303616576f,-0.04726964513939633f,0f,0f,0f,1f],start_interpolation:0}
execute if entity @s[tag=aj.tutankhamen.bone.body] run data modify entity @s {} merge value {transformation:[-0.886531037795204f,-0.0043048584820172126f,-0.46264909728562925f,0.0032286438615129094f,0.11080020401724282f,0.9688837748864311f,-0.22133130269249524f,0.21083716883517667f,0.4492060037616319f,-0.24747868384018323f,-0.8584685592549297f,0.18560901288013743f,0f,0f,0f,1f],start_interpolation:0}
execute if entity @s[tag=aj.tutankhamen.bone.left_foot] run data modify entity @s {} merge value {transformation:[-0.744658660114457f,-0.13130341319639321f,0.6544026998718135f,0.15160453455056772f,-0.17364817766693033f,0.984807753012208f,0f,0.44957311360925056f,-0.644460852425883f,-0.11363583629305957f,-0.7561462202514017f,0.13120533312950494f,0f,0f,0f,1f],start_interpolation:0}
execute if entity @s[tag=aj.tutankhamen.bone.left_leg] run data modify entity @s {} merge value {transformation:[-0.744658660114457f,-0.13130341319639321f,0.6544026998718135f,0.0708887081485689f,-0.17364817766693033f,0.984807753012208f,0f,0.875f,-0.644460852425883f,-0.11363583629305957f,-0.7561462202514017f,0.06135025311298252f,0f,0f,0f,1f],start_interpolation:0}
execute if entity @s[tag=aj.tutankhamen.bone.right_foot] run data modify entity @s {} merge value {transformation:[-0.744658660114457f,0.13130341319639321f,0.6544026998718135f,-0.15160453455056772f,0.17364817766693033f,0.984807753012208f,0f,0.44957311360925056f,-0.644460852425883f,0.11363583629305957f,-0.7561462202514017f,-0.13120533312950494f,0f,0f,0f,1f],start_interpolation:0}
execute if entity @s[tag=aj.tutankhamen.bone.right_leg] run data modify entity @s {} merge value {transformation:[-0.744658660114457f,0.13130341319639321f,0.6544026998718135f,-0.0708887081485689f,0.17364817766693033f,0.984807753012208f,0f,0.875f,-0.644460852425883f,0.11363583629305957f,-0.7561462202514017f,-0.06135025311298252f,0f,0f,0f,1f],start_interpolation:0}