execute if entity @s[tag=aj.tutankhamen.bone.head] run data modify entity @s {} merge value {transformation:[-0.8921259182292876f,0.29182043904494953f,0.3448944438218211f,0.24587574200591444f,0.19850154118630192f,0.938953082692557f,-0.2810057768957908f,1.5587265808327828f,-0.4058429304179307f,-0.1822304580956678f,-0.8955911879714034f,-0.1621076949433645f,0f,0f,0f,1f],start_interpolation:0}
execute if entity @s[tag=aj.tutankhamen.bone.back_cape] run data modify entity @s {} merge value {transformation:[-0.6539634452362633f,-0.01085896006210646f,0.7564482105743172f,0.3500403962242623f,0.06208476492100609f,0.9957539246348366f,0.06796766539335858f,1.4925001023845097f,-0.7539743326263966f,0.09141227795372853f,-0.6505124911789857f,-0.25790874328790214f,0f,0f,0f,1f],start_interpolation:0}
execute if entity @s[tag=aj.tutankhamen.bone.left_hand] run data modify entity @s {} merge value {transformation:[-0.7232514601475911f,0.32224485227611427f,0.6107909467042899f,0.4408608595617207f,-0.17300931118889085f,0.7716999187217827f,-0.612002462157416f,1.1140407134272028f,-0.668561966938236f,-0.5483041953389918f,-0.5023817330848502f,0.1474131913569918f,0f,0f,0f,1f],start_interpolation:0}
execute if entity @s[tag=aj.tutankhamen.bone.cape_left_back] run data modify entity @s {} merge value {transformation:[-0.717568019581462f,-0.011664845623940823f,0.6963907442309297f,0.4660752701642035f,-0.08591828835034526f,0.993705409186484f,-0.07188607292424079f,1.2281557755762242f,-0.6911687095065037f,-0.11141584775108057f,-0.7140534460872114f,0.04481341097887659f,0f,0f,0f,1f],start_interpolation:0}
execute if entity @s[tag=aj.tutankhamen.bone.cape_left_side] run data modify entity @s {} merge value {transformation:[-0.717568019581462f,0.09548346007678647f,0.6899123466975376f,0.49195622988661475f,-0.08591828835034526f,0.9708571626222696f,-0.22372844591598723f,1.2695465638704642f,-0.6911687095065037f,-0.21981646579999556f,-0.6884522760237732f,0.23886505634223942f,0f,0f,0f,1f],start_interpolation:0}
execute if entity @s[tag=aj.tutankhamen.bone.left_arm] run data modify entity @s {} merge value {transformation:[-0.7232514601475911f,0.030467675800329996f,0.6899123466975376f,0.4057241123812083f,-0.17300931118889085f,0.9591732693992064f,-0.22372844591598723f,1.4130535072947288f,-0.668561966938236f,-0.2811731850681414f,-0.6884522760237732f,0.05222112697438901f,0f,0f,0f,1f],start_interpolation:0}
execute if entity @s[tag=aj.tutankhamen.bone.cape_right_back] run data modify entity @s {} merge value {transformation:[-0.035465994096762696f,0.9991185305905101f,-0.02245718355869275f,-0.15413957166655257f,0.48666012940921904f,-0.0023605260577464274f,-0.8735882018205907f,1.3670916599629512f,-0.8728711713111681f,-0.0419116898656105f,-0.48614743498909685f,-0.39073283814238435f,0f,0f,0f,1f],start_interpolation:0}
execute if entity @s[tag=aj.tutankhamen.bone.cape_right] run data modify entity @s {} merge value {transformation:[-0.035465994096762696f,0.9991185305905101f,-0.02245718355869275f,-0.15406683735449855f,0.48666012940921904f,-0.0023605260577464274f,-0.8735882018205907f,1.6615293556382895f,-0.8728711713111681f,-0.0419116898656105f,-0.48614743498909685f,-0.4055820999124801f,0f,0f,0f,1f],start_interpolation:0}
execute if entity @s[tag=aj.tutankhamen.bone.weapon] run data modify entity @s {} merge value {transformation:[-0.48832255647635747f,1.0514812604892656f,-1.1534799145574284f,-0.3485157441523826f,1.5457195680408968f,0.1581302014735842f,-0.5102288995818436f,1.7370488807556494f,-0.21651736979505898f,-1.2425657615727788f,-1.0410274878000103f,-0.22086974444243535f,0f,0f,0f,1f],start_interpolation:0}
execute if entity @s[tag=aj.tutankhamen.bone.right_hand] run data modify entity @s {} merge value {transformation:[-0.10538444278018805f,0.3898487922841777f,-0.9148289667333876f,-0.2693767475397167f,0.4856294417445066f,-0.7826188057569762f,-0.3894507031530994f,1.4330598532914591f,-0.8677892396952316f,-0.48530992574858034f,-0.10684620460774018f,-0.3753900295881604f,0f,0f,0f,1f],start_interpolation:0}
execute if entity @s[tag=aj.tutankhamen.bone.right_arm] run data modify entity @s {} merge value {transformation:[-0.10538444278018805f,0.994177948923894f,-0.02245718355869275f,0.04581206047820463f,0.4856294417445066f,0.03174427429924942f,-0.8735882018205907f,1.4472221680928292f,-0.8677892396952316f,-0.10296847538297116f,-0.48614743498909685f,-0.36273241685821156f,0f,0f,0f,1f],start_interpolation:0}
execute if entity @s[tag=aj.tutankhamen.bone.body] run data modify entity @s {} merge value {transformation:[-0.6539634452362633f,0.3576374429176937f,0.6666537869974266f,-0.2682280821882703f,0.06208476492100609f,0.9036022993931386f,-0.4238494620689473f,0.259798275455146f,-0.7539743326263966f,-0.23579301082671197f,-0.6131267094050411f,0.17684475812003397f,0f,0f,0f,1f],start_interpolation:0}
execute if entity @s[tag=aj.tutankhamen.bone.left_foot] run data modify entity @s {} merge value {transformation:[-0.7293985544081418f,-0.12861264483190665f,0.6718902711132635f,0.1484977403283092f,-0.17364817766693033f,0.984807753012208f,0f,0.44957311360925056f,-0.6616827481658163f,-0.11667252117095797f,-0.7406507028170197f,0.1347115268093443f,0f,0f,0f,1f],start_interpolation:0}
execute if entity @s[tag=aj.tutankhamen.bone.left_leg] run data modify entity @s {} merge value {transformation:[-0.7293985544081418f,-0.12861264483190665f,0.6718902711132635f,0.0694360033890956f,-0.17364817766693033f,0.984807753012208f,0f,0.875f,-0.6616827481658163f,-0.11667252117095797f,-0.7406507028170197f,0.06298971291686845f,0f,0f,0f,1f],start_interpolation:0}
execute if entity @s[tag=aj.tutankhamen.bone.right_foot] run data modify entity @s {} merge value {transformation:[-0.7293985544081418f,0.12861264483190665f,0.6718902711132635f,-0.1484977403283092f,0.17364817766693033f,0.984807753012208f,0f,0.44957311360925056f,-0.6616827481658163f,0.11667252117095797f,-0.7406507028170197f,-0.1347115268093443f,0f,0f,0f,1f],start_interpolation:0}
execute if entity @s[tag=aj.tutankhamen.bone.right_leg] run data modify entity @s {} merge value {transformation:[-0.7293985544081418f,0.12861264483190665f,0.6718902711132635f,-0.0694360033890956f,0.17364817766693033f,0.984807753012208f,0f,0.875f,-0.6616827481658163f,0.11667252117095797f,-0.7406507028170197f,-0.06298971291686845f,0f,0f,0f,1f],start_interpolation:0}