execute if entity @s[tag=aj.tutankhamen.bone.back_cape] run data modify entity @s {} merge value {transformation:[-0.9697019765977114f,0.14469476564220873f,-0.19682860914571776f,-0.0874757459278774f,-0.09745774514959887f,0.5096849911284697f,0.8548234892237857f,1.6329315000731015f,0.22400907234495487f,0.8481064995707309f,-0.4801409177450247f,-0.07611396114010263f,0f,0f,0f,1f],start_interpolation:0}
execute if entity @s[tag=aj.tutankhamen.bone.cape_left_back] run data modify entity @s {} merge value {transformation:[-0.7850669442494256f,-0.1932610102137683f,-0.5884896557952596f,0.22964013653846221f,-0.5898555554772735f,0.523234093608113f,0.6150581329912592f,1.4135001495050379f,0.189051095525698f,0.8299857018149468f,-0.5247698715277807f,-0.23085864520953372f,0f,0f,0f,1f],start_interpolation:0}
execute if entity @s[tag=aj.tutankhamen.bone.cape_left_side] run data modify entity @s {} merge value {transformation:[-0.7850669442494256f,-0.3524425630189078f,-0.5093664033085933f,0.41597764699100914f,-0.5898555554772735f,0.6763731225617938f,0.4411233645462524f,1.4505246594800802f,0.189051095525698f,0.6467639746064028f,-0.7388883842853815f,-0.16803683084975135f,0f,0f,0f,1f],start_interpolation:0}
execute if entity @s[tag=aj.tutankhamen.bone.cape_right_back] run data modify entity @s {} merge value {transformation:[-0.956695020364393f,0.16433142781659352f,0.24027030578440806f,-0.3111769779863527f,-0.18427383188025284f,0.29706526115147514f,-0.9369073516101653f,1.3311237074126603f,-0.22533928395675168f,-0.9406101277621696f,-0.25391887416474734f,0.26431346352070006f,0f,0f,0f,1f],start_interpolation:0}
execute if entity @s[tag=aj.tutankhamen.bone.cape_right] run data modify entity @s {} merge value {transformation:[-0.956695020364393f,0.16433142781659352f,0.24027030578440806f,-0.5207281513643911f,-0.18427383188025284f,0.29706526115147514f,-0.9369073516101653f,1.5365577590839121f,-0.22533928395675168f,-0.9406101277621696f,-0.25391887416474734f,0.29258391894364444f,0f,0f,0f,1f],start_interpolation:0}