execute if entity @s[tag=aj.tutankhamen.bone.head] run data modify entity @s {} merge value {transformation:[-0.9592696274536697f,-0.27279104161099466f,-0.073395023412261f,-0.0029595971299062962f,-0.2511313482950292f,0.942468980041869f,-0.22064738285862323f,1.6036075925651647f,0.1293631622542465f,-0.19322854156575242f,-0.9725882494539781f,-0.1701416054698827f,0f,0f,0f,1f],start_interpolation:0}
execute if entity @s[tag=aj.tutankhamen.bone.back_cape] run data modify entity @s {} merge value {transformation:[-0.8865310309986654f,0.1643018500673389f,-0.43251315950025504f,-0.07524852060107724f,0.11080020557118458f,0.9830133679218881f,0.1463148418044105f,1.5690245739853883f,0.44920601679165717f,0.0817901005703999f,-0.889676533312449f,-0.30427731611134473f,0f,0f,0f,1f],start_interpolation:0}
execute if entity @s[tag=aj.tutankhamen.bone.left_hand] run data modify entity @s {} merge value {transformation:[-0.8600161248465114f,-0.3368405618332432f,-0.3832893174977029f,0.28434223583514073f,-0.13679002538643523f,0.8758524168664396f,-0.46278616317257687f,1.1389122468209247f,0.4915900263011529f,-0.34557340721340457f,-0.799323630495277f,-0.3505058910132478f,0f,0f,0f,1f],start_interpolation:0}
execute if entity @s[tag=aj.tutankhamen.bone.cape_left_back] run data modify entity @s {} merge value {transformation:[-0.8687898181823558f,0.1531107364765269f,-0.47091544272648855f,0.20907760001345316f,-0.033420431050639215f,0.9306978528864088f,0.364258948306034f,1.2732614622594716f,0.4940519472798975f,0.33220266255441727f,-0.8034637915803656f,-0.38293625239558043f,0f,0f,0f,1f],start_interpolation:0}
execute if entity @s[tag=aj.tutankhamen.bone.cape_left_side] run data modify entity @s {} merge value {transformation:[-0.8687898181823558f,-0.03952490324727766f,-0.4936010877682124f,0.4065261450754728f,-0.033420431050639215f,0.9992167565923589f,-0.021188396197826087f,1.2811319541358621f,0.4940519472798975f,-0.0019119017600069607f,-0.8694302835883976f,-0.3514530837095147f,0f,0f,0f,1f],start_interpolation:0}
execute if entity @s[tag=aj.tutankhamen.bone.left_arm] run data modify entity @s {} merge value {transformation:[-0.8600161248465114f,-0.12934539480796103f,-0.4936010877682124f,0.2244618869890144f,-0.13679002538643523f,0.9903734350341503f,-0.021188396197826087f,1.4438411019457615f,0.4915900263011529f,0.049297342936818894f,-0.8694302835883976f,-0.2944924269654407f,0f,0f,0f,1f],start_interpolation:0}
execute if entity @s[tag=aj.tutankhamen.bone.cape_right_back] run data modify entity @s {} merge value {transformation:[-0.9293777576838141f,0.3077887792263725f,0.20377205624163688f,-0.283349641448717f,-0.3121520798410475f,-0.9499661555113874f,0.01119742978646146f,1.7179081818639212f,0.19702300011296606f,-0.05320122898255042f,0.978954323071936f,0.0444340637068196f,0f,0f,0f,1f],start_interpolation:0}
execute if entity @s[tag=aj.tutankhamen.bone.cape_right] run data modify entity @s {} merge value {transformation:[-0.9293777576838141f,0.3077887792263725f,0.20377205624163688f,-0.4795079301472222f,-0.3121520798410475f,-0.9499661555113874f,0.01119742978646146f,1.6663350619421422f,0.19702300011296606f,-0.05320122898255042f,0.978954323071936f,-0.16951967329351345f,0f,0f,0f,1f],start_interpolation:0}
execute if entity @s[tag=aj.tutankhamen.bone.weapon] run data modify entity @s {} merge value {transformation:[-0.7728194413689592f,-1.427183689573602f,-0.20120760638792948f,-0.41659839889481226f,1.4412668270309783f,-0.7637520533729738f,-0.11840780328902478f,2.14793780194856f,0.0093657863170204f,-0.2332749253450878f,1.618666971573529f,-0.05035639972782715f,0f,0f,0f,1f],start_interpolation:0}
execute if entity @s[tag=aj.tutankhamen.bone.right_hand] run data modify entity @s {} merge value {transformation:[-0.9693573706414863f,0.13130748622714666f,0.2076165505053285f,-0.33728072361486505f,-0.1378213393101682f,-0.9903083994960692f,-0.0171625265705565f,1.8094614735085364f,0.2033508456185404f,-0.04525061268360091f,0.9780597198729652f,-0.009230865093660202f,0f,0f,0f,1f],start_interpolation:0}
execute if entity @s[tag=aj.tutankhamen.bone.right_arm] run data modify entity @s {} merge value {transformation:[-0.9693573706414863f,0.13719780274508447f,0.20377205624163688f,-0.26344489857625614f,-0.1378213393101682f,-0.9903938085412936f,0.01119742978646146f,1.5048205490828908f,0.2033508456185404f,-0.01722982660946243f,0.978954323071936f,-0.047269649594068264f,0f,0f,0f,1f],start_interpolation:0}
execute if entity @s[tag=aj.tutankhamen.bone.body] run data modify entity @s {} merge value {transformation:[-0.8865310309986654f,-0.004304868552590976f,-0.462649110215494f,0.0032286514144432323f,0.11080020557118458f,0.9688837710038759f,-0.22133131891056948f,0.21083717174709304f,0.44920601679165717f,-0.2474786988652839f,-0.8584685481053569f,0.1856090241489629f,0f,0f,0f,1f],start_interpolation:0}
execute if entity @s[tag=aj.tutankhamen.bone.left_foot] run data modify entity @s {} merge value {transformation:[-0.744658660114457f,-0.13130341319639321f,0.6544026998718135f,0.15160453455056772f,-0.17364817766693033f,0.984807753012208f,0f,0.44957311360925056f,-0.644460852425883f,-0.11363583629305957f,-0.7561462202514017f,0.13120533312950494f,0f,0f,0f,1f],start_interpolation:0}
execute if entity @s[tag=aj.tutankhamen.bone.left_leg] run data modify entity @s {} merge value {transformation:[-0.744658660114457f,-0.13130341319639321f,0.6544026998718135f,0.0708887081485689f,-0.17364817766693033f,0.984807753012208f,0f,0.875f,-0.644460852425883f,-0.11363583629305957f,-0.7561462202514017f,0.06135025311298252f,0f,0f,0f,1f],start_interpolation:0}
execute if entity @s[tag=aj.tutankhamen.bone.right_foot] run data modify entity @s {} merge value {transformation:[-0.744658660114457f,0.13130341319639321f,0.6544026998718135f,-0.15160453455056772f,0.17364817766693033f,0.984807753012208f,0f,0.44957311360925056f,-0.644460852425883f,0.11363583629305957f,-0.7561462202514017f,-0.13120533312950494f,0f,0f,0f,1f],start_interpolation:0}
execute if entity @s[tag=aj.tutankhamen.bone.right_leg] run data modify entity @s {} merge value {transformation:[-0.744658660114457f,0.13130341319639321f,0.6544026998718135f,-0.0708887081485689f,0.17364817766693033f,0.984807753012208f,0f,0.875f,-0.644460852425883f,0.11363583629305957f,-0.7561462202514017f,-0.06135025311298252f,0f,0f,0f,1f],start_interpolation:0}