execute if entity @s[tag=aj.tutankhamen.bone.back_cape] run data modify entity @s {} merge value {transformation:[-0.9697019765977114f,0.18057252606788748f,-0.16453461463155256f,-0.0874757459278774f,-0.09745774514959887f,0.331650192310852f,0.9383550169581503f,1.6329315000731015f,0.22400907234495487f,0.9259598872357466f,-0.30400365579630084f,-0.07611396114010263f,0f,0f,0f,1f],start_interpolation:0}
execute if entity @s[tag=aj.tutankhamen.bone.cape_left_back] run data modify entity @s {} merge value {transformation:[-0.7601240769485401f,-0.18324348141004965f,-0.6234045349240368f,0.23353745955422558f,-0.6331626517133617f,0.4244552302809789f,0.6472579191963783f,1.406733415718149f,0.1460015209456196f,0.8867127967994177f,-0.43866156872208434f,-0.237585141237671f,0f,0f,0f,1f],start_interpolation:0}
execute if entity @s[tag=aj.tutankhamen.bone.cape_left_side] run data modify entity @s {} merge value {transformation:[-0.7601240769485401f,-0.4034318465659316f,-0.5093664033085933f,0.41597764699100914f,-0.6331626517133617f,0.6360151206745783f,0.4411233645462524f,1.4505246594800802f,0.1460015209456196f,0.6578202729087208f,-0.7388883842853815f,-0.16803683084975135f,0f,0f,0f,1f],start_interpolation:0}
execute if entity @s[tag=aj.tutankhamen.bone.cape_right_back] run data modify entity @s {} merge value {transformation:[-0.9486164224850353f,0.20590547139393767f,0.24027030578440806f,-0.31243925890500235f,-0.17114063932509f,0.30482043250121094f,-0.9369073516101653f,1.3290716460759162f,-0.2661536484121383f,-0.9298857138271426f,-0.25391887416474734f,0.27069070796685424f,0f,0f,0f,1f],start_interpolation:0}
execute if entity @s[tag=aj.tutankhamen.bone.cape_right] run data modify entity @s {} merge value {transformation:[-0.9486164224850353f,0.20590547139393767f,0.24027030578440806f,-0.5207281513643911f,-0.17114063932509f,0.30482043250121094f,-0.9369073516101653f,1.5365577590839121f,-0.2661536484121383f,-0.9298857138271426f,-0.25391887416474734f,0.29258391894364444f,0f,0f,0f,1f],start_interpolation:0}