execute if entity @s[tag=aj.tutankhamen.bone.head] run data modify entity @s {} merge value {transformation:[-0.8431051637227486f,-0.11570932221927577f,0.5251523927924093f,-0.026406545114969072f,0.14908706693833879f,0.8879981302829643f,0.4350084678321597f,1.6244882729160914f,-0.5166688778857891f,0.4450513154294856f,-0.7314250455506183f,0.002461148280135212f,0f,0f,0f,1f],start_interpolation:0}
execute if entity @s[tag=aj.tutankhamen.bone.back_cape] run data modify entity @s {} merge value {transformation:[-0.12389595823371152f,-0.4703904593236152f,0.8737176931427386f,0.12852338646244077f,-0.0012074156025746637f,0.8805725836649603f,0.47390976677546887f,1.6305128172933445f,-0.9922944793159503f,0.05766056429601542f,-0.10966734082739504f,-0.016890432184147437f,0f,0f,0f,1f],start_interpolation:0}
execute if entity @s[tag=aj.tutankhamen.bone.left_hand] run data modify entity @s {} merge value {transformation:[-0.1097331904982458f,0.14708319930194247f,0.9830183921912043f,0.16573882695169753f,-0.2597926721576243f,0.9503677876995462f,-0.17119823479309382f,1.2255690854478907f,-0.9594093987429333f,-0.2741671033989585f,-0.06607575211488677f,0.3707322230264849f,0f,0f,0f,1f],start_interpolation:0}
execute if entity @s[tag=aj.tutankhamen.bone.cape_left_back] run data modify entity @s {} merge value {transformation:[-0.13390564581357517f,-0.3520912756031926f,0.9263374178253655f,0.1828326885473974f,-0.17742875040578887f,0.9281695409237156f,0.3271396365940686f,1.362434861155219f,-0.9749811877922003f,-0.12055304618953265f,-0.18675825686093447f,0.2997636550357898f,0f,0f,0f,1f],start_interpolation:0}
execute if entity @s[tag=aj.tutankhamen.bone.cape_left_side] run data modify entity @s {} merge value {transformation:[-0.13390564581357517f,-0.2715013739748632f,0.9530772696633839f,0.08462078699784553f,-0.17742875040578887f,0.9527667265111456f,0.24648448913202664f,1.3593475422646202f,-0.9749811877922003f,-0.13609764429628207f,-0.17575299334097572f,0.47407358979594305f,0f,0f,0f,1f],start_interpolation:0}
execute if entity @s[tag=aj.tutankhamen.bone.left_arm] run data modify entity @s {} merge value {transformation:[-0.1097331904982458f,-0.2821388752973699f,0.9530772696633839f,0.0490725592757548f,-0.2597926721576243f,0.933677226942226f,0.24648448913202664f,1.5013361796221192f,-0.9594093987429333f,-0.22055496125775567f,-0.17575299334097572f,0.27050117605210716f,0f,0f,0f,1f],start_interpolation:0}
execute if entity @s[tag=aj.tutankhamen.bone.cape_right_back] run data modify entity @s {} merge value {transformation:[0.2915979603534836f,-0.6076908481707182f,0.7387032303755285f,0.16327116964432395f,0.7575701289541629f,0.6182127724690543f,0.2095243844341239f,1.398370787369516f,-0.5840018229715225f,0.49852261834913625f,0.6406380177294039f,-0.3149338255779668f,0f,0f,0f,1f],start_interpolation:0}
execute if entity @s[tag=aj.tutankhamen.bone.cape_right] run data modify entity @s {} merge value {transformation:[0.2915979603534836f,-0.6076908481707182f,0.7387032303755285f,0.024157543355673626f,0.7575701289541629f,0.6182127724690543f,0.2095243844341239f,1.464360023910073f,-0.5840018229715225f,0.49852261834913625f,0.6406380177294039f,-0.5663436148496181f,0f,0f,0f,1f],start_interpolation:0}
execute if entity @s[tag=aj.tutankhamen.bone.weapon] run data modify entity @s {} merge value {transformation:[0.5152303045799473f,-1.4766519952900372f,-0.47814672607842595f,0.38349447527714897f,1.1986245325264515f,0.058452887613815625f,1.1110671282899443f,1.114389005637029f,-0.9861159348065072f,-0.7004782782832522f,1.1006785263577785f,-0.6329587310098673f,0f,0f,0f,1f],start_interpolation:0}
execute if entity @s[tag=aj.tutankhamen.bone.right_hand] run data modify entity @s {} merge value {transformation:[0.3150452817813691f,-0.6465680717266965f,0.6947634122857356f,0.1977677983499881f,0.7329169116085309f,0.6308313160030778f,0.25472465806835004f,1.3311250042009222f,-0.6029753486714948f,0.4289540527532597f,0.672621103981315f,-0.43027687062491315f,0f,0f,0f,1f],start_interpolation:0}
execute if entity @s[tag=aj.tutankhamen.bone.right_arm] run data modify entity @s {} merge value {transformation:[0.3150452817813691f,-0.5958724761725921f,0.7387032303755285f,-0.01911420081795951f,0.7329169116085309f,0.6472498227158617f,0.2095243844341239f,1.5006716724081643f,-0.6029753486714948f,0.4753984214679612f,0.6406380177294039f,-0.2756130521118227f,0f,0f,0f,1f],start_interpolation:0}
execute if entity @s[tag=aj.tutankhamen.bone.body] run data modify entity @s {} merge value {transformation:[-0.12389595823371152f,-0.03840952016722774f,0.9915515620954231f,0.028807140125420808f,-0.0012074156025746637f,0.9992556696961332f,0.03855708401442035f,0.18805824772790003f,-0.9922944793159503f,0.003579852043833036f,-0.12385011497140896f,-0.002684889032874777f,0f,0f,0f,1f],start_interpolation:0}