execute if entity @s[tag=aj.tutankhamen.bone.back_cape] run data modify entity @s {} merge value {transformation:[-0.9697019844802036f,0.18057245871596977f,-0.16453464209224655f,-0.08747577460163306f,-0.09745778306962423f,0.3316502338557783f,0.9383549983362168f,1.6329314932198957f,0.22400902172526083f,0.9259598854900122f,-0.30400369841338215f,-0.0761139908018913f,0f,0f,0f,1f],start_interpolation:0}
execute if entity @s[tag=aj.tutankhamen.bone.cape_left_back] run data modify entity @s {} merge value {transformation:[-0.7601240862012433f,-0.18324355031293307f,-0.6234045033887994f,0.23353744947652622f,-0.6331626454460906f,0.42445528153865797f,0.6472578917136868f,1.4067334129509514f,0.1460014999526802f,0.8867127580240682f,-0.4386616540899344f,-0.23758514188230018f,0f,0f,0f,1f],start_interpolation:0}
execute if entity @s[tag=aj.tutankhamen.bone.cape_left_side] run data modify entity @s {} merge value {transformation:[-0.7601240862012433f,-0.4034318986382648f,-0.5093663482581559f,0.41597763147774f,-0.6331626454460906f,0.6360151579046733f,0.44112331986327996f,1.450524661318993f,0.1460014999526802f,0.6578202049774833f,-0.7388884489115721f,-0.16803682013595994f,0f,0f,0f,1f],start_interpolation:0}
execute if entity @s[tag=aj.tutankhamen.bone.cape_right_back] run data modify entity @s {} merge value {transformation:[-0.948616399536969f,0.2059055088362718f,0.24027036429903928f,-0.3124392925406856f,-0.1711406937142524f,0.3048204091110732f,-0.9369073492850626f,1.3290716409322307f,-0.26615369522988314f,-0.9298857132036351f,-0.2539188273745065f,0.27069067658421825f,0f,0f,0f,1f],start_interpolation:0}
execute if entity @s[tag=aj.tutankhamen.bone.cape_right] run data modify entity @s {} merge value {transformation:[-0.948616399536969f,0.2059055088362718f,0.24027036429903928f,-0.5207281960430968f,-0.1711406937142524f,0.3048204091110732f,-0.9369073492850626f,1.5365577448606444f,-0.26615369522988314f,-0.9298857132036351f,-0.2539188273745065f,0.29258386854817564f,0f,0f,0f,1f],start_interpolation:0}