execute if entity @s[tag=aj.tutankhamen.bone.head] run data modify entity @s {} merge value {transformation:[-0.9616606328957988f,-0.2706192704356931f,-0.044430143003438616f,-0.008971871409699031f,-0.2564467272184675f,0.944788117416341f,-0.2039864929053471f,1.605403140272347f,0.09717974705353832f,-0.18477181510646995f,-0.9779649651725115f,-0.1627303006134545f,0f,0f,0f,1f],start_interpolation:0}
execute if entity @s[tag=aj.tutankhamen.bone.back_cape] run data modify entity @s {} merge value {transformation:[-0.8852509714912059f,0.2301074906116898f,-0.4042044782511295f,-0.08161726964335056f,0.098842030408665f,0.9422666258850929f,0.3199435243411167f,1.5717361446644622f,0.4544897914129306f,0.24327792441467716f,-0.8568867375528212f,-0.2969064610228686f,0f,0f,0f,1f],start_interpolation:0}
execute if entity @s[tag=aj.tutankhamen.bone.left_hand] run data modify entity @s {} merge value {transformation:[-0.8583204524181243f,-0.34816598513723157f,-0.3769170303318333f,0.28139933986605414f,-0.14649237632036577f,0.8702683453589365f,-0.4702903260181216f,1.1446993170213549f,0.49175805498309777f,-0.3484443339468156f,-0.7979727824303288f,-0.3476564948450833f,0f,0f,0f,1f],start_interpolation:0}
execute if entity @s[tag=aj.tutankhamen.bone.cape_left_back] run data modify entity @s {} merge value {transformation:[-0.8681970217207594f,0.12614313392885335f,-0.47991857771689905f,0.20496730572211394f,-0.03732007814495586f,0.9478115539191276f,0.3166393374561395f,1.2795297963726466f,0.49481425125238493f,0.2928159285626655f,-0.8181794966494369f,-0.37925949776221096f,0f,0f,0f,1f],start_interpolation:0}
execute if entity @s[tag=aj.tutankhamen.bone.cape_left_side] run data modify entity @s {} merge value {transformation:[-0.8681970217207594f,-0.04252517860682002f,-0.49439411470977485f,0.40242235470470444f,-0.03732007814495586f,0.9990951215212143f,-0.020399752933903892f,1.287911027699534f,0.49481425125238493f,0.0007398222543203367f,-0.8689984519091929f,-0.347949418031747f,0f,0f,0f,1f],start_interpolation:0}
execute if entity @s[tag=aj.tutankhamen.bone.left_arm] run data modify entity @s {} merge value {transformation:[-0.8583204524181243f,-0.1373333910638091f,-0.49439411470977485f,0.21910633338773877f,-0.14649237632036577f,0.989001432638117f,-0.020399752933903892f,1.448817113179731f,0.49175805498309777f,0.054915443535192024f,-0.8689984519091929f,-0.2898921596201592f,0f,0f,0f,1f],start_interpolation:0}
execute if entity @s[tag=aj.tutankhamen.bone.cape_right_back] run data modify entity @s {} merge value {transformation:[-0.9188237670697378f,0.3404287151053325f,0.1996776777697227f,-0.2991709437791309f,-0.3330231716410126f,-0.9402689789382921f,0.0706386183082777f,1.7156150316660495f,0.21179814026080934f,-0.0015928521821720922f,0.9773121357089496f,0.04138470949384285f,0f,0f,0f,1f],start_interpolation:0}
execute if entity @s[tag=aj.tutankhamen.bone.cape_right] run data modify entity @s {} merge value {transformation:[-0.9188237670697378f,0.3404287151053325f,0.1996776777697227f,-0.4926565768262081f,-0.3330231716410126f,-0.9402689789382921f,0.0706386183082777f,1.6459205065200717f,0.21179814026080934f,-0.0015928521821720922f,0.9773121357089496f,-0.1698498650176431f,0f,0f,0f,1f],start_interpolation:0}
execute if entity @s[tag=aj.tutankhamen.bone.weapon] run data modify entity @s {} merge value {transformation:[-0.8403184870078915f,0.008275599829571295f,1.402991100631555f,-0.45489630403683257f,1.4029793154666574f,-0.006790040690916888f,0.8403514796388699f,2.1388242271321434f,0.010077419143314656f,1.6353816323433468f,-0.003610516380446337f,-0.058271580438150734f,0f,0f,0f,1f],start_interpolation:0}
execute if entity @s[tag=aj.tutankhamen.bone.right_hand] run data modify entity @s {} merge value {transformation:[-0.960525574216692f,0.17790274965251723f,0.21387200130397704f,-0.3593637368262911f,-0.18305520155314442f,-0.9830929308731512f,-0.004368346549358582f,1.804617343019138f,0.20947891173106714f,-0.04334629088297404f,0.9768519256298042f,-0.016700973771427388f,0f,0f,0f,1f],start_interpolation:0}
execute if entity @s[tag=aj.tutankhamen.bone.right_arm] run data modify entity @s {} merge value {transformation:[-0.960525574216692f,0.19369937087194006f,0.1996776777697227f,-0.2680959650273039f,-0.18305520155314442f,-0.9805615629769684f,0.0706386183082777f,1.503215318825292f,0.20947891173106714f,0.03129816186263175f,0.9773121357089496f,-0.03976143046709574f,0f,0f,0f,1f],start_interpolation:0}
execute if entity @s[tag=aj.tutankhamen.bone.body] run data modify entity @s {} merge value {transformation:[-0.8852509714912059f,-0.013049994777744045f,-0.46493054869536976f,0.009787496083308034f,0.098842030408665f,0.9714954767597775f,-0.2154687718904644f,0.20887839243016681f,0.4544897914129306f,-0.23669861907411566f,-0.8587274266202505f,0.17752396430558676f,0f,0f,0f,1f],start_interpolation:0}
execute if entity @s[tag=aj.tutankhamen.bone.left_foot] run data modify entity @s {} merge value {transformation:[-0.7511372667604613f,-0.13244576634548097f,0.6467232216804819f,0.15292350953563366f,-0.17364817766693033f,0.984807753012208f,0f,0.44957311360925056f,-0.6368980427639714f,-0.11230230889970189f,-0.7627247698476943f,0.12966562601253886f,0f,0f,0f,1f],start_interpolation:0}
execute if entity @s[tag=aj.tutankhamen.bone.left_leg] run data modify entity @s {} merge value {transformation:[-0.7511372667604613f,-0.13244576634548097f,0.6467232216804819f,0.07150544717322134f,-0.17364817766693033f,0.984807753012208f,0f,0.875f,-0.6368980427639714f,-0.11230230889970189f,-0.7627247698476943f,0.06063030203254518f,0f,0f,0f,1f],start_interpolation:0}
execute if entity @s[tag=aj.tutankhamen.bone.right_foot] run data modify entity @s {} merge value {transformation:[-0.7511372667604613f,0.13244576634548097f,0.6467232216804819f,-0.15292350953563366f,0.17364817766693033f,0.984807753012208f,0f,0.44957311360925056f,-0.6368980427639714f,0.11230230889970189f,-0.7627247698476943f,-0.12966562601253886f,0f,0f,0f,1f],start_interpolation:0}
execute if entity @s[tag=aj.tutankhamen.bone.right_leg] run data modify entity @s {} merge value {transformation:[-0.7511372667604613f,0.13244576634548097f,0.6467232216804819f,-0.07150544717322134f,0.17364817766693033f,0.984807753012208f,0f,0.875f,-0.6368980427639714f,0.11230230889970189f,-0.7627247698476943f,-0.06063030203254518f,0f,0f,0f,1f],start_interpolation:0}