execute if entity @s[tag=aj.tutankhamen.bone.head] run data modify entity @s {} merge value {transformation:[-0.9629370374061875f,-0.26667693351367555f,-0.04044348060118069f,-0.009646527088329958f,-0.25384410389670675f,0.9466841566817366f,-0.19837408702919673f,1.6061421876918687f,0.091188995543724f,-0.1807554165703813f,-0.9792916044121869f,-0.15962712599607226f,0f,0f,0f,1f],start_interpolation:0}
execute if entity @s[tag=aj.tutankhamen.bone.back_cape] run data modify entity @s {} merge value {transformation:[-0.8853511098863323f,0.2311693121339458f,-0.40337843441433413f,-0.08225765798876081f,0.09583591466082796f,0.9397338014843986f,0.3282009442533699f,1.5730252267483182f,0.4549383361337702f,0.2519149290439127f,-0.8541486866117853f,-0.2939586303694837f,0f,0f,0f,1f],start_interpolation:0}
execute if entity @s[tag=aj.tutankhamen.bone.left_hand] run data modify entity @s {} merge value {transformation:[-0.8582116366558195f,-0.34910792535352253f,-0.37629302832221073f,0.2811968663004215f,-0.14958488022163466f,0.8713725903492254f,-0.46726242348081004f,1.146588646152713f,0.4910164460765239f,-0.34472230163341633f,-0.8000433640990597f,-0.3466457022362202f,0f,0f,0f,1f],start_interpolation:0}
execute if entity @s[tag=aj.tutankhamen.bone.cape_left_back] run data modify entity @s {} merge value {transformation:[-0.8682052384128416f,0.11701645425883503f,-0.4822103414747467f,0.20462951241507754f,-0.04030409891771314f,0.9519549757421948f,0.3035742146001675f,1.281503665537481f,0.49456571211815015f,0.282999776664872f,-0.8217760539250947f,-0.37764573331297313f,0f,0f,0f,1f],start_interpolation:0}
execute if entity @s[tag=aj.tutankhamen.bone.cape_left_side] run data modify entity @s {} merge value {transformation:[-0.8682052384128416f,-0.04342479651242531f,-0.49430147788607337f,0.4020742656528432f,-0.04030409891771314f,0.9990432481391107f,-0.016975510539783273f,1.2899231198108465f,0.49456571211815015f,0.005184148484520007f,-0.8691247787294746f,-0.3462810284902498f,0f,0f,0f,1f],start_interpolation:0}
execute if entity @s[tag=aj.tutankhamen.bone.left_arm] run data modify entity @s {} merge value {transformation:[-0.8582116366558195f,-0.1383431807794821f,-0.49430147788607337f,0.21858998996217208f,-0.14958488022163466f,0.9886031537735416f,-0.016975510539783273f,1.4503788867428558f,0.4910164460765239f,0.05937144667954991f,-0.8691247787294746f,-0.287513310286775f,0f,0f,0f,1f],start_interpolation:0}
execute if entity @s[tag=aj.tutankhamen.bone.cape_right_back] run data modify entity @s {} merge value {transformation:[-0.9183958758681228f,0.34154304118707335f,0.19974325071228355f,-0.30113238221453487f,-0.3348600284738996f,-0.9398529932334325f,0.06741744908120065f,1.713682111142269f,0.21075525264838368f,-0.0049701234232608325f,0.9775262254048602f,0.04510557619306016f,0f,0f,0f,1f],start_interpolation:0}
execute if entity @s[tag=aj.tutankhamen.bone.cape_right] run data modify entity @s {} merge value {transformation:[-0.9183958758681228f,0.34154304118707335f,0.19974325071228355f,-0.49456755049699996f,-0.3348600284738996f,-0.9398529932334325f,0.06741744908120065f,1.6445058694229222f,0.21075525264838368f,-0.0049701234232608325f,0.9775262254048602f,-0.16634547193184496f,0f,0f,0f,1f],start_interpolation:0}
execute if entity @s[tag=aj.tutankhamen.bone.weapon] run data modify entity @s {} merge value {transformation:[-0.849579800230207f,1.3821698381263952f,-0.20593293866104004f,-0.4604260165866958f,1.3970326225863607f,0.8457914118692132f,-0.08674337236278906f,2.1377331724007287f,0.03319168693194416f,-0.22097760020656637f,-1.6200786665272373f,-0.04880636280166289f,0f,0f,0f,1f],start_interpolation:0}
execute if entity @s[tag=aj.tutankhamen.bone.right_hand] run data modify entity @s {} merge value {transformation:[-0.9587283490960137f,0.18430617270245697f,0.21649754581381642f,-0.3625674904703874f,-0.1925678820851095f,-0.9811272862000857f,-0.017517393153954175f,1.8035882531179388f,0.20918308590535906f,-0.05848489529294695f,0.9761259926841843f,-0.012478551020031606f,0f,0f,0f,1f],start_interpolation:0}
execute if entity @s[tag=aj.tutankhamen.bone.right_arm] run data modify entity @s {} merge value {transformation:[-0.9587283490960137f,0.2023427449515383f,0.19974325071228355f,-0.2686674201193203f,-0.1925678820851095f,-0.9789650138532219f,0.06741744908120065f,1.5031226615560156f,0.20918308590535906f,0.026170884907424474f,0.9775262254048602f,-0.03713572230387391f,0f,0f,0f,1f],start_interpolation:0}
execute if entity @s[tag=aj.tutankhamen.bone.body] run data modify entity @s {} merge value {transformation:[-0.8853511098863323f,-0.01403131212847994f,-0.4647112377627574f,0.010523484096359954f,0.09583591466082796f,0.9725704548245363f,-0.21194855003872304f,0.2080721588815978f,0.4549383361337702f,-0.23218491053974147f,-0.8597216279898335f,0.1741386829048061f,0f,0f,0f,1f],start_interpolation:0}
execute if entity @s[tag=aj.tutankhamen.bone.left_foot] run data modify entity @s {} merge value {transformation:[-0.7512831441291553f,-0.13247148846145648f,0.6465484839454942f,0.15295320860685502f,-0.17364817766693033f,0.984807753012208f,0f,0.44957311360925056f,-0.6367259596878119f,-0.11227196601045164f,-0.762872897609938f,0.12963059173970679f,0f,0f,0f,1f],start_interpolation:0}
execute if entity @s[tag=aj.tutankhamen.bone.left_leg] run data modify entity @s {} merge value {transformation:[-0.7512831441291553f,-0.13247148846145648f,0.6465484839454942f,0.07151933415093169f,-0.17364817766693033f,0.984807753012208f,0f,0.875f,-0.6367259596878119f,-0.11227196601045164f,-0.762872897609938f,0.060613920369890086f,0f,0f,0f,1f],start_interpolation:0}
execute if entity @s[tag=aj.tutankhamen.bone.right_foot] run data modify entity @s {} merge value {transformation:[-0.7512831441291553f,0.13247148846145648f,0.6465484839454942f,-0.15295320860685502f,0.17364817766693033f,0.984807753012208f,0f,0.44957311360925056f,-0.6367259596878119f,0.11227196601045164f,-0.762872897609938f,-0.12963059173970679f,0f,0f,0f,1f],start_interpolation:0}
execute if entity @s[tag=aj.tutankhamen.bone.right_leg] run data modify entity @s {} merge value {transformation:[-0.7512831441291553f,0.13247148846145648f,0.6465484839454942f,-0.07151933415093169f,0.17364817766693033f,0.984807753012208f,0f,0.875f,-0.6367259596878119f,0.11227196601045164f,-0.762872897609938f,-0.060613920369890086f,0f,0f,0f,1f],start_interpolation:0}