execute if entity @s[tag=aj.tutankhamen.bone.head] run data modify entity @s {} merge value {transformation:[-0.9480926306058101f,-0.09994230342023652f,0.30188060517034254f,-0.01679691472455305f,0.04269217610257418f,0.9007281871277544f,0.43228013025488005f,1.6247926854018073f,-0.3151154421645845f,0.42272954580985533f,-0.8497070019770414f,0.0016965402761050209f,0f,0f,0f,1f],start_interpolation:0}
execute if entity @s[tag=aj.tutankhamen.bone.back_cape] run data modify entity @s {} merge value {transformation:[-0.4996457179942786f,-0.3236532836048918f,0.8034940625180459f,0.1184976532203689f,-0.010072873165817548f,0.9296841794606783f,0.36821985781148575f,1.6282919295571063f,-0.86617128428283f,0.17588598145473922f,-0.4677728378300049f,-0.07638801437421303f,0f,0f,0f,1f],start_interpolation:0}
execute if entity @s[tag=aj.tutankhamen.bone.left_hand] run data modify entity @s {} merge value {transformation:[-0.47629726819861506f,0.038119406747061546f,0.8784576387827637f,0.2994899314904236f,-0.26847064694182343f,0.9450471046943613f,-0.18657299279221468f,1.2270473650651057f,-0.8372958999285589f,-0.3247042973815669f,-0.4398894124945128f,0.2726969788244531f,0f,0f,0f,1f],start_interpolation:0}
execute if entity @s[tag=aj.tutankhamen.bone.cape_left_back] run data modify entity @s {} merge value {transformation:[-0.5038305288392412f,-0.3215798772868622f,0.8017114073865591f,0.28898196399301995f,-0.18592767542833308f,0.9467369379338794f,0.26290696046586215f,1.3628679351743933f,-0.8435553910202858f,-0.016599785412727396f,-0.5367855711593451f,0.19851252181940912f,0f,0f,0f,1f],start_interpolation:0}
execute if entity @s[tag=aj.tutankhamen.bone.cape_left_side] run data modify entity @s {} merge value {transformation:[-0.5038305288392412f,-0.2939110213536161f,0.8122629560286773f,0.26617261462056674f,-0.18592767542833308f,0.9551921632132727f,0.23030160843069486f,1.3631314334062334f,-0.8435553910202858f,-0.03498918208279339f,-0.5359011657178869f,0.39730569738106464f,0f,0f,0f,1f],start_interpolation:0}
execute if entity @s[tag=aj.tutankhamen.bone.left_arm] run data modify entity @s {} merge value {transformation:[-0.47629726819861506f,-0.3367043251431316f,0.8122629560286773f,0.15569624743043292f,-0.26847064694182343f,0.9353527040025457f,0.23030160843069486f,1.5034285045385576f,-0.8372958999285589f,-0.1083767343346097f,-0.5359011657178869f,0.22130035259155326f,0f,0f,0f,1f],start_interpolation:0}
execute if entity @s[tag=aj.tutankhamen.bone.cape_right_back] run data modify entity @s {} merge value {transformation:[0.00025064059927373534f,-0.02537969878866466f,0.9996778521447229f,-0.026387807778256667f,0.49803898162566496f,0.8668784761481992f,0.021883335491796548f,1.3366595563782946f,-0.8671546055695952f,0.4978730545835681f,0.012857354279431854f,-0.3515828524130267f,0f,0f,0f,1f],start_interpolation:0}
execute if entity @s[tag=aj.tutankhamen.bone.cape_right] run data modify entity @s {} merge value {transformation:[0.00025064059927373534f,-0.02537969878866466f,0.9996778521447229f,-0.2762681082208009f,0.49803898162566496f,0.8668784761481992f,0.021883335491796548f,1.4090073133843557f,-0.8671546055695952f,0.4978730545835681f,0.012857354279431854f,-0.49029009810313395f,0f,0f,0f,1f],start_interpolation:0}
execute if entity @s[tag=aj.tutankhamen.bone.weapon] run data modify entity @s {} merge value {transformation:[0.0010566321460960578f,-1.3238592828971578f,0.9601995397971411f,-0.12381066726799572f,0.7923106939522465f,0.8404045024776106f,1.1578219682124624f,0.9500208928502192f,-1.4306747783436067f,0.46444003371102044f,0.6419133954896786f,-0.6264820664906836f,0f,0f,0f,1f],start_interpolation:0}
execute if entity @s[tag=aj.tutankhamen.bone.right_hand] run data modify entity @s {} merge value {transformation:[0.0006460935415619207f,-0.07056600597266754f,0.9975069029155642f,-0.0857376836850991f,0.48447023324468574f,0.8726489800892475f,0.061419464740714344f,1.243234909949965f,-0.8748075077769824f,0.48322271919919235f,0.03475094224281028f,-0.4390659086431641f,0f,0f,0f,1f],start_interpolation:0}
execute if entity @s[tag=aj.tutankhamen.bone.right_arm] run data modify entity @s {} merge value {transformation:[0.0006460935415619207f,-0.025372711610092108f,0.9996778521447229f,-0.11928627169630827f,0.48447023324468574f,0.8745339974681334f,0.021883335491796548f,1.497884848427384f,-0.8748075077769824f,0.4843000235163713f,0.012857354279431854f,-0.25540134456992364f,0f,0f,0f,1f],start_interpolation:0}
execute if entity @s[tag=aj.tutankhamen.bone.body] run data modify entity @s {} merge value {transformation:[-0.4996457179942786f,-0.024431875962986255f,0.8658852348475005f,0.018323906972239692f,-0.010072873165817548f,0.9996984514935379f,0.02239516259391418f,0.18772616137984666f,-0.86617128428283f,0.0024676949470618485f,-0.49974114976203543f,-0.0018507712102963864f,0f,0f,0f,1f],start_interpolation:0}