execute if entity @s[tag=aj.tutankhamen.bone.head] run data modify entity @s {} merge value {transformation:[-0.9867700956537843f,-0.07670603027987959f,0.14283194055295667f,-0.05111611652040028f,-0.05633199986118174f,0.9883213899286617f,0.14158932163520696f,1.6189601181811906f,-0.15202461680616391f,0.13167009959812614f,-0.9795669965636644f,0.07520305818482759f,0f,0f,0f,1f],start_interpolation:0}
execute if entity @s[tag=aj.tutankhamen.bone.back_cape] run data modify entity @s {} merge value {transformation:[-0.9697019765977114f,0.19323856069206388f,-0.14945546240987972f,-0.0874757459278774f,-0.09745774514959887f,0.25499105111361625f,0.962019517350001f,1.6329315000731015f,0.22400907234495487f,0.9474378198666298f,-0.22843273187859933f,-0.07611396114010263f,0f,0f,0f,1f],start_interpolation:0}
execute if entity @s[tag=aj.tutankhamen.bone.left_hand] run data modify entity @s {} merge value {transformation:[-0.822961463591527f,-0.20620429971959384f,-0.5293526388150376f,0.31271653289974843f,-0.5006923501671355f,0.7035128947674618f,0.5043577870718531f,1.3224091393246624f,0.2684056629942862f,0.6801098394179118f,-0.6822089169745142f,-0.25792457090332227f,0f,0f,0f,1f],start_interpolation:0}
execute if entity @s[tag=aj.tutankhamen.bone.cape_left_back] run data modify entity @s {} merge value {transformation:[-0.7490073609595689f,-0.1406399778132542f,-0.6474630258702572f,0.23527444642750234f,-0.6500267584278108f,0.34516693032406187f,0.6769970483971823f,1.4040983990440163f,0.12826997527174697f,0.927944064505696f,-0.34995232045584995f,-0.24035569524921357f,0f,0f,0f,1f],start_interpolation:0}
execute if entity @s[tag=aj.tutankhamen.bone.cape_left_side] run data modify entity @s {} merge value {transformation:[-0.7490073609595689f,-0.4237143382148514f,-0.5093664033085933f,0.41597764699100914f,-0.6500267584278108f,0.6187692547139254f,0.4411233645462524f,1.4505246594800802f,0.12826997527174697f,0.661506439131112f,-0.7388883842853815f,-0.16803683084975135f,0f,0f,0f,1f],start_interpolation:0}
execute if entity @s[tag=aj.tutankhamen.bone.left_arm] run data modify entity @s {} merge value {transformation:[-0.822961463591527f,-0.25155575251573803f,-0.5093664033085933f,0.21643207106239792f,-0.5006923501671355f,0.7447934933493342f,0.4411233645462524f,1.5251756034122153f,0.2684056629942862f,0.618063391280163f,-0.7388883842853815f,-0.035843877302020266f,0f,0f,0f,1f],start_interpolation:0}
execute if entity @s[tag=aj.tutankhamen.bone.cape_right_back] run data modify entity @s {} merge value {transformation:[-0.9387320793296445f,0.24708756220358155f,0.24027030578440806f,-0.31398368752303213f,-0.1576816708359737f,0.31199536083281987f,-0.9369073516101653f,1.3269686822494917f,-0.30646137427058795f,-0.9173912095845965f,-0.25391887416474734f,0.276988790132237f,0f,0f,0f,1f],start_interpolation:0}
execute if entity @s[tag=aj.tutankhamen.bone.cape_right] run data modify entity @s {} merge value {transformation:[-0.9387320793296445f,0.24708756220358155f,0.24027030578440806f,-0.5207281513643911f,-0.1576816708359737f,0.31199536083281987f,-0.9369073516101653f,1.5365577590839121f,-0.30646137427058795f,-0.9173912095845965f,-0.25391887416474734f,0.29258391894364444f,0f,0f,0f,1f],start_interpolation:0}
execute if entity @s[tag=aj.tutankhamen.bone.weapon] run data modify entity @s {} merge value {transformation:[-1.5716503863373419f,-0.4315814490739272f,0.13505624588312876f,-0.2955035819722903f,-0.14491812868842724f,0.018002875817718998f,-1.628883760754845f,0.7963332111809328f,0.42837071878717314f,-1.5773398564953118f,-0.05554437872746055f,0.7755594257232041f,0f,0f,0f,1f],start_interpolation:0}
execute if entity @s[tag=aj.tutankhamen.bone.right_hand] run data modify entity @s {} merge value {transformation:[-0.9699599173771747f,0.038051791546934f,0.24027030578440806f,-0.35918895330103445f,-0.2214721410822954f,0.2704712650601717f,-0.9369073516101653f,1.3547627401597715f,-0.10063721680416321f,-0.9619757564184341f,-0.25391887416474734f,0.37780075169057903f,0f,0f,0f,1f],start_interpolation:0}
execute if entity @s[tag=aj.tutankhamen.bone.right_arm] run data modify entity @s {} merge value {transformation:[-0.9699599173771747f,0.038051791546934f,0.24027030578440806f,-0.31724826026803554f,-0.2214721410822954f,0.2704712650601717f,-0.9369073516101653f,1.471539246080408f,-0.10063721680416321f,-0.9619757564184341f,-0.25391887416474734f,0.0874406357083874f,0f,0f,0f,1f],start_interpolation:0}
execute if entity @s[tag=aj.tutankhamen.bone.body] run data modify entity @s {} merge value {transformation:[-0.9697019765977114f,-0.07435071493876405f,-0.2327016282078535f,0.05576303620407304f,-0.09745774514959887f,0.9912147173544591f,0.08941684410823057f,0.1940889619841557f,0.22400907234495487f,0.1093862664506583f,-0.9684289236795534f,-0.08203969983799372f,0f,0f,0f,1f],start_interpolation:0}
execute if entity @s[tag=aj.tutankhamen.bone.left_foot] run data modify entity @s {} merge value {transformation:[-0.29613740272754263f,-0.05221701409779433f,0.9537169507482269f,0.06029040620654632f,-0.17364817766693033f,0.984807753012208f,0f,0.44957311360925056f,-0.939227847276016f,-0.16561121050749114f,-0.300705799504273f,0.19121673895704916f,0f,0f,0f,1f],start_interpolation:0}
execute if entity @s[tag=aj.tutankhamen.bone.left_leg] run data modify entity @s {} merge value {transformation:[-0.29613740272754263f,-0.05221701409779433f,0.9537169507482269f,0.028191168703525595f,-0.17364817766693033f,0.984807753012208f,0f,0.875f,-0.939227847276016f,-0.16561121050749114f,-0.300705799504273f,0.08941096413264628f,0f,0f,0f,1f],start_interpolation:0}
execute if entity @s[tag=aj.tutankhamen.bone.right_foot] run data modify entity @s {} merge value {transformation:[-0.29613740272754263f,0.05221701409779433f,0.9537169507482269f,-0.06029040620654632f,0.17364817766693033f,0.984807753012208f,0f,0.44957311360925056f,-0.939227847276016f,0.16561121050749114f,-0.300705799504273f,-0.19121673895704916f,0f,0f,0f,1f],start_interpolation:0}
execute if entity @s[tag=aj.tutankhamen.bone.right_leg] run data modify entity @s {} merge value {transformation:[-0.29613740272754263f,0.05221701409779433f,0.9537169507482269f,-0.028191168703525595f,0.17364817766693033f,0.984807753012208f,0f,0.875f,-0.939227847276016f,0.16561121050749114f,-0.300705799504273f,-0.08941096413264628f,0f,0f,0f,1f],start_interpolation:0}