execute if entity @s[tag=aj.red_knight.bone.head] run data modify entity @s {} merge value {transformation:[-0.798023528766123f,0.42048279254324183f,-0.43168584492742146f,0f,0.1775292581627504f,0.8485872158642852f,0.4983804767122048f,1.5625f,0.5758835038719622f,0.32108247888469105f,-0.7518405627002401f,0f,0f,0f,0f,1f],start_interpolation:0}
execute if entity @s[tag=aj.red_knight.bone.body] run data modify entity @s {} merge value {transformation:[-0.40673664307580026f,0f,-0.9135454576426009f,0.6474305302630818f,0f,1f,0f,0.5625f,0.9135454576426009f,0f,-0.40673664307580026f,-0.22485611173206904f,0f,0f,0f,1f],start_interpolation:0}
execute if entity @s[tag=aj.red_knight.bone.left_hand] run data modify entity @s {} merge value {transformation:[-0.4108704684038197f,-0.29119077890262285f,-0.8639406162900951f,0.1338674343728594f,0.227395279726664f,0.8849406664354819f,-0.4064128487717352f,1.1814796360318096f,0.8828798587303134f,-0.3634390556486863f,-0.2973805775055477f,-0.3055521223894102f,0f,0f,0f,1f],start_interpolation:0}
execute if entity @s[tag=aj.red_knight.bone.left_arm] run data modify entity @s {} merge value {transformation:[-0.4108704684038197f,0.10120861107099412f,-0.9060586488957025f,0.13981572105730633f,0.227395279726664f,0.9737861087528763f,0.005656956599047493f,1.5f,0.8828798587303134f,-0.20370918350681083f,-0.42311431505366304f,-0.314031251064644f,0f,0f,0f,1f],start_interpolation:0}
execute if entity @s[tag=aj.red_knight.bone.weapon] run data modify entity @s {} merge value {transformation:[0.4682843874059167f,-1.5521017600700582f,0.38661044563885066f,0.14254745836704105f,1.3140438554073826f,0.6029887658266379f,0.8291387532438393f,0.9062245537661484f,-0.9120176842341082f,0.07185020843444662f,1.3931400033628925f,-0.0369489271748189f,0f,0f,0f,1f],start_interpolation:0}
execute if entity @s[tag=aj.red_knight.bone.right_hand] run data modify entity @s {} merge value {transformation:[-0.512361293063727f,-0.5726916305440092f,-0.6399298412130112f,0.007127832671213613f,-0.6679507426715754f,0.734107861116816f,-0.12217795877728721f,1.2288443719840214f,0.5397478214264108f,0.36484235575291657f,-0.7586582529137251f,0.23375225373100827f,0f,0f,0f,1f],start_interpolation:0}
execute if entity @s[tag=aj.red_knight.bone.right_arm] run data modify entity @s {} merge value {transformation:[-0.512361293063727f,-0.5726916305440092f,-0.6399298412130112f,-0.13981572105730633f,-0.6679507426715754f,0.734107861116816f,-0.12217795877728721f,1.5f,0.5397478214264108f,0.36484235575291657f,-0.7586582529137251f,0.314031251064644f,0f,0f,0f,1f],start_interpolation:0}
execute if entity @s[tag=aj.red_knight.bone.left_foot] run data modify entity @s {} merge value {transformation:[-0.9969246247450019f,-0.03748666820546931f,-0.06881890934830544f,0.16367411937884035f,-0.055662909504494144f,0.956873925463762f,0.285120906411763f,0.547541152551118f,0.055162787117147394f,0.28807471335475426f,-0.9560177960911839f,0.3687902596093001f,0f,0f,0f,1f],start_interpolation:0}
execute if entity @s[tag=aj.red_knight.bone.left_leg] run data modify entity @s {} merge value {transformation:[-0.9969246247450019f,-0.07681430893868409f,-0.01551948837138725f,0.125f,-0.055662909504494144f,0.8334819892940046f,-0.5497357674628816f,0.84375f,0.055162787117147394f,-0.5471812638100662f,-0.8351944273357474f,-0.031249999999999986f,0f,0f,0f,1f],start_interpolation:0}