execute if entity @s[tag=aj.red_knight.bone.head] run data modify entity @s {} merge value {transformation:[-0.44783747118065276f,-0.25756187510432554f,0.8562146225679994f,0f,-0.08398250453086077f,0.9654949513332011f,0.24650849454496207f,1.5625f,-0.8901620854312106f,0.0384886924023593f,-0.4540155087856742f,0f,0f,0f,0f,1f],start_interpolation:0}
execute if entity @s[tag=aj.red_knight.bone.left_hand] run data modify entity @s {} merge value {transformation:[-0.015717536490062335f,0.40370872726746676f,0.9147525471813487f,0.022447375498556348f,-0.6380496927549638f,0.7003326921187936f,-0.320041731536591f,1.299261714344035f,-0.7698347541011511f,-0.5886878492696491f,0.24657872475194384f,0.5908315776637872f,0f,0f,0f,1f],start_interpolation:0}
execute if entity @s[tag=aj.red_knight.bone.left_arm] run data modify entity @s {} merge value {transformation:[-0.015717536490062335f,-0.020706768195498493f,0.9996620372893938f,0.014994164406834171f,-0.6380496927549638f,0.769972452650081f,0.005917071515123561f,1.5f,-0.7698347541011511f,-0.6377410539638455f,-0.025314017205956517f,0.3434228261687636f,0f,0f,0f,1f],start_interpolation:0}
execute if entity @s[tag=aj.red_knight.bone.weapon] run data modify entity @s {} merge value {transformation:[-0.7707340134105516f,-1.4768511472391666f,-0.051551403940152306f,0.5250575278661522f,1.3724185786901892f,-0.6938037670104996f,-0.6425584452217702f,1.6967233942957403f,0.5479179712473765f,-0.33959505231698794f,1.5369576685789876f,-0.6749354374939726f,0f,0f,0f,1f],start_interpolation:0}
execute if entity @s[tag=aj.red_knight.bone.right_hand] run data modify entity @s {} merge value {transformation:[0.21743204901100527f,-0.8394009438744319f,-0.4981258470362578f,0.2609081336171137f,-0.9031278159304216f,-0.36659361284836933f,0.22353807530603526f,1.558115015519464f,-0.37024782532193534f,0.4012669665465789f,-0.8377955415272179f,-0.49195924229719046f,0f,0f,0f,1f],start_interpolation:0}
execute if entity @s[tag=aj.red_knight.bone.right_arm] run data modify entity @s {} merge value {transformation:[0.21743204901100527f,-0.8394009438744319f,-0.4981258470362578f,-0.014994164406834171f,-0.9031278159304216f,-0.36659361284836933f,0.22353807530603526f,1.5f,-0.37024782532193534f,0.4012669665465789f,-0.8377955415272179f,-0.3434228261687636f,0f,0f,0f,1f],start_interpolation:0}
execute if entity @s[tag=aj.red_knight.bone.left_foot] run data modify entity @s {} merge value {transformation:[-0.9509066090979689f,0.061220665049594655f,0.303362243769207f,-0.05124822271998267f,-0.007263421745509743f,0.9755536578396684f,-0.21964130617939387f,0.783235873829445f,-0.30939273339616324f,-0.21106181759505604f,-0.9272157492596433f,0.5525838169888359f,0f,0f,0f,1f],start_interpolation:0}
execute if entity @s[tag=aj.red_knight.bone.left_leg] run data modify entity @s {} merge value {transformation:[-0.9509066090979689f,0.2717408460421551f,0.14809974127626363f,0.10158494189413536f,-0.007263421745509743f,0.4588188017656017f,-0.8885001687399527f,0.8455962206548915f,-0.30939273339616324f,-0.845956393520772f,-0.4343200626070357f,0.08139299676538972f,0f,0f,0f,1f],start_interpolation:0}
execute if entity @s[tag=aj.red_knight.bone.right_foot] run data modify entity @s {} merge value {transformation:[-0.9391112776893344f,0.06547774384677153f,0.3373168735439163f,-0.2180539713022211f,-0.03340656147091722f,0.9596276532739976f,-0.2792825965264041f,0.4437724544606808f,-0.34198539408488726f,-0.27354603293152874f,-0.8990097652973673f,0.2684641450212564f,0f,0f,0f,1f],start_interpolation:0}
execute if entity @s[tag=aj.red_knight.bone.right_leg] run data modify entity @s {} merge value {transformation:[-0.9391112776893344f,0.06547774384677153f,0.3373168735439163f,-0.12938494123368632f,-0.03340656147091722f,0.9596276532739976f,-0.2792825965264041f,0.8455962206548915f,-0.34198539408488726f,-0.27354603293152874f,-0.8990097652973673f,-0.014277861325882737f,0f,0f,0f,1f],start_interpolation:0}