execute if entity @s[tag=aj.red_knight.bone.head] run data modify entity @s {} merge value {transformation:[-0.605711021955829f,-0.2796435512979842f,0.7449252594043759f,0f,-0.13467206751141425f,0.9587297030111014f,0.2504012595744007f,1.5625f,-0.7842050701910988f,0.051350178010373136f,-0.6183733234097964f,0f,0f,0f,0f,1f],start_interpolation:0}
execute if entity @s[tag=aj.red_knight.bone.left_hand] run data modify entity @s {} merge value {transformation:[-0.02043177899318623f,0.4075211736839095f,0.9129671600920057f,0.02142645719777833f,-0.445755472784386f,0.8136621351740254f,-0.373170186733633f,1.2481294468065534f,-0.8949215613057616f,-0.41458463886561786f,0.16503022852411925f,0.53856982215763f,0f,0f,0f,1f],start_interpolation:0}
execute if entity @s[tag=aj.red_knight.bone.left_arm] run data modify entity @s {} merge value {transformation:[-0.02043177899318623f,-0.016496981132384073f,0.9996551365449442f,0.014994164406834171f,-0.445755472784386f,0.8951368647759067f,0.0056614310848602375f,1.5f,-0.8949215613057616f,-0.4454860749032205f,-0.025642858213935905f,0.3434228261687636f,0f,0f,0f,1f],start_interpolation:0}
execute if entity @s[tag=aj.red_knight.bone.weapon] run data modify entity @s {} merge value {transformation:[-0.7694123378421002f,-1.470993229229279f,0.14819362913347595f,0.4754387929244913f,1.336151583390551f,-0.7633699305030208f,-0.6401117661662797f,1.720992809897186f,0.6328359806119221f,-0.1767004429626881f,1.5316897051549028f,-0.7318738887169423f,0f,0f,0f,1f],start_interpolation:0}
execute if entity @s[tag=aj.red_knight.bone.right_hand] run data modify entity @s {} merge value {transformation:[0.21757887821924582f,-0.7719664613122912f,-0.5972664517297399f,0.23984403464195972f,-0.8929077264745167f,-0.40455640672438253f,0.19761049005649023f,1.5706171441967123f,-0.39417664029590144f,0.49030796076265687f,-0.7773177470364357f,-0.5212801039255877f,0f,0f,0f,1f],start_interpolation:0}
execute if entity @s[tag=aj.red_knight.bone.right_arm] run data modify entity @s {} merge value {transformation:[0.21757887821924582f,-0.7719664613122912f,-0.5972664517297399f,-0.014994164406834171f,-0.8929077264745167f,-0.40455640672438253f,0.19761049005649023f,1.5f,-0.39417664029590144f,0.49030796076265687f,-0.7773177470364357f,-0.3434228261687636f,0f,0f,0f,1f],start_interpolation:0}
execute if entity @s[tag=aj.red_knight.bone.left_foot] run data modify entity @s {} merge value {transformation:[-0.9509066090979689f,-0.03702844989760032f,0.3072548041479308f,-0.03640876763116477f,-0.007263421745509736f,0.9952131569852202f,0.09745775940405393f,0.6310029661617471f,-0.30939273339616324f,0.09044150629933417f,-0.9466237216866891f,0.5105492030382196f,0f,0f,0f,1f],start_interpolation:0}
execute if entity @s[tag=aj.red_knight.bone.left_leg] run data modify entity @s {} merge value {transformation:[-0.9509066090979689f,0.2115694065390561f,0.2258650194043205f,0.10158494189413536f,-0.007263421745509736f,0.7143676613374261f,-0.6997328684146854f,0.8455962206548915f,-0.30939273339616324f,-0.6670211620720952f,-0.6777602126634777f,0.08139299676538972f,0f,0f,0f,1f],start_interpolation:0}
execute if entity @s[tag=aj.red_knight.bone.right_foot] run data modify entity @s {} merge value {transformation:[-0.9467649130089443f,-0.014585796523859107f,0.3215951710379539f,-0.17782201913527568f,-0.03337372807786019f,0.9980374359364691f,-0.052985571088208394f,0.3868730675904574f,-0.3201911831536766f,-0.06089770939143058f,-0.9453936086210473f,0.17675746643309284f,0f,0f,0f,1f],start_interpolation:0}
execute if entity @s[tag=aj.red_knight.bone.right_leg] run data modify entity @s {} merge value {transformation:[-0.9467649130089443f,-0.014585796523859107f,0.3215951710379539f,-0.12938494123368632f,-0.03337372807786019f,0.9980374359364691f,-0.052985571088208394f,0.8455962206548915f,-0.3201911831536766f,-0.06089770939143058f,-0.9453936086210473f,-0.014277861325882737f,0f,0f,0f,1f],start_interpolation:0}