execute if entity @s[tag=aj.red_knight.bone.head] run data modify entity @s {} merge value {transformation:[-0.7942763052472777f,0.42428050212746893f,-0.43486918313119893f,0f,0.18149732039486843f,0.8487824555777519f,0.4966156117087784f,1.5625f,0.5798136542133309f,0.31552242173554723f,-0.7511735670069333f,0f,0f,0f,0f,1f],start_interpolation:0}
execute if entity @s[tag=aj.red_knight.bone.body] run data modify entity @s {} merge value {transformation:[-0.39474385638426757f,0f,-0.9187912101488982f,0.6444317877545745f,0f,1f,0f,0.5625f,0.9187912101488982f,0f,-0.39474385638426757f,-0.23331145156516225f,0f,0f,0f,1f],start_interpolation:0}
execute if entity @s[tag=aj.red_knight.bone.left_hand] run data modify entity @s {} merge value {transformation:[-0.3997050721212312f,-0.2974931193456743f,-0.8670257777382065f,0.13042458125864057f,0.22316567221992703f,0.8858274434611665f,-0.40682529807483947f,1.1814383610224566f,0.8890629550617828f,-0.356100525628697f,-0.287679470216031f,-0.30853901264756145f,0f,0f,0f,1f],start_interpolation:0}
execute if entity @s[tag=aj.red_knight.bone.left_arm] run data modify entity @s {} merge value {transformation:[-0.3997050721212312f,0.09680059641929076f,-0.9115182389033316f,0.13569320063209198f,0.22316567221992703f,0.9747641102841536f,0.005657918749032669f,1.5f,0.8890629550617828f,-0.20115808170394786f,-0.4112207291735162f,-0.31583447848868373f,0f,0f,0f,1f],start_interpolation:0}
execute if entity @s[tag=aj.red_knight.bone.weapon] run data modify entity @s {} merge value {transformation:[0.4590930374863501f,-1.549826264960476f,0.40626334950127513f,0.1409091826282611f,1.3152550017317088f,0.6058929474608514f,0.8250913854929667f,0.9064980125343514f,-0.9149402391025645f,0.09332771524922559f,1.3899467882674792f,-0.040149401299192644f,0f,0f,0f,1f],start_interpolation:0}
execute if entity @s[tag=aj.red_knight.bone.right_hand] run data modify entity @s {} merge value {transformation:[-0.5066772182561983f,-0.5664470710138721f,-0.6499353138889794f,0.009654182918730686f,-0.6682034502192422f,0.734379556189931f,-0.1191252138104307f,1.2287436730519439f,0.5447773358127719f,0.37393098720229834f,-0.7505952778925891f,0.23302962847626374f,0f,0f,0f,1f],start_interpolation:0}
execute if entity @s[tag=aj.red_knight.bone.right_arm] run data modify entity @s {} merge value {transformation:[-0.5066772182561983f,-0.5664470710138721f,-0.6499353138889794f,-0.13569320063209198f,-0.6682034502192422f,0.734379556189931f,-0.1191252138104307f,1.5f,0.5447773358127719f,0.37393098720229834f,-0.7505952778925891f,0.31583447848868373f,0f,0f,0f,1f],start_interpolation:0}
execute if entity @s[tag=aj.red_knight.bone.left_foot] run data modify entity @s {} merge value {transformation:[-0.9969246247450019f,-0.03718890639129013f,-0.06898027122632301f,0.1636993757092267f,-0.05566290950449416f,0.9556327949139587f,0.28925352511323016f,0.5458111788416475f,0.05516278711714739f,0.2922036045745422f,-0.9547639081946451f,0.3675010442512815f,0f,0f,0f,1f],start_interpolation:0}
execute if entity @s[tag=aj.red_knight.bone.left_leg] run data modify entity @s {} merge value {transformation:[-0.9969246247450019f,-0.07674652170387854f,-0.015851308570377684f,0.125f,-0.05566290950449416f,0.8358499755463762f,-0.5461286102051576f,0.84375f,0.05516278711714739f,-0.5435667298368053f,-0.8375513579070777f,-0.031249999999999986f,0f,0f,0f,1f],start_interpolation:0}