execute if entity @s[tag=aj.red_knight.bone.head] run data modify entity @s {} merge value {transformation:[-0.838094691186971f,0.3712266798131183f,-0.3997349631932938f,0f,0.13062428017613306f,0.8479980391273739f,0.5136502925771539f,1.5625f,0.5296551576570199f,0.3782724915071901f,-0.7591938725623778f,0f,0f,0f,0f,1f],start_interpolation:0}
execute if entity @s[tag=aj.red_knight.bone.body] run data modify entity @s {} merge value {transformation:[-0.5336145159156117f,0f,-0.8457278217039731f,0.6729957151874295f,0f,1f,0f,0.5625f,0.8457278217039731f,0f,-0.5336145159156117f,-0.12962765846593155f,0f,0f,0f,1f],start_interpolation:0}
execute if entity @s[tag=aj.red_knight.bone.left_hand] run data modify entity @s {} merge value {transformation:[-0.5265136879754005f,-0.21309345832300122f,-0.8230276510509752f,0.16799389077977023f,0.2736209454866982f,0.8740954634275324f,-0.4013585666288598f,1.1823296331317035f,0.8049316210495818f,-0.43651838315854563f,-0.40191639254842704f,-0.27047628919592426f,0f,0f,0f,1f],start_interpolation:0}
execute if entity @s[tag=aj.red_knight.bone.left_arm] run data modify entity @s {} merge value {transformation:[-0.5265136879754005f,0.15469825460698827f,-0.8359735560387624f,0.18342998984599151f,0.2736209454866982f,0.9618209848812093f,0.005654311019571095f,1.5f,0.8049316210495818f,-0.2257628026573291f,-0.5487405966126436f,-0.2907189387107407f,0f,0f,0f,1f],start_interpolation:0}
execute if entity @s[tag=aj.red_knight.bone.weapon] run data modify entity @s {} merge value {transformation:[0.5691979457955345f,-1.5572137175560634f,0.16993208683220018f,0.15659126147975422f,1.3001362951964697f,0.5704868593283616f,0.872907861703765f,0.9036865879128273f,-0.8737488713541904f,-0.16555349276492032f,1.4095860132033067f,0.0002680340926423108f,0f,0f,0f,1f],start_interpolation:0}
execute if entity @s[tag=aj.red_knight.bone.right_hand] run data modify entity @s {} merge value {transformation:[-0.5716804708028315f,-0.6318264987370626f,-0.5234278506120184f,-0.021714238415836418f,-0.6649196266501866f,0.7305276545665916f,-0.15559960157021951f,1.2301526312823035f,0.4806904715074239f,0.2590841975248568f,-0.8377422331450596f,0.23979828145343696f,0f,0f,0f,1f],start_interpolation:0}
execute if entity @s[tag=aj.red_knight.bone.right_arm] run data modify entity @s {} merge value {transformation:[-0.5716804708028315f,-0.6318264987370626f,-0.5234278506120184f,-0.18342998984599151f,-0.6649196266501866f,0.7305276545665916f,-0.15559960157021951f,1.5f,0.4806904715074239f,0.2590841975248568f,-0.8377422331450596f,0.2907189387107407f,0f,0f,0f,1f],start_interpolation:0}
execute if entity @s[tag=aj.red_knight.bone.left_foot] run data modify entity @s {} merge value {transformation:[-0.9969246247450019f,-0.04071462550023253f,-0.06695977783276347f,0.16334874074838984f,-0.05566290950449415f,0.9693419917684225f,0.23932769062505477f,0.5669288095718501f,0.05516278711714739f,0.2423188442214168f,-0.9686271959080361f,0.3824733142306036f,0f,0f,0f,1f],start_interpolation:0}
execute if entity @s[tag=aj.red_knight.bone.left_leg] run data modify entity @s {} merge value {transformation:[-0.9969246247450019f,-0.07746502252584687f,-0.011851702920140378f,0.125f,-0.05566290950449415f,0.8064166693454345f,-0.5887221720874036f,0.84375f,0.05516278711714739f,-0.5862519302201794f,-0.8082485640139314f,-0.031249999999999986f,0f,0f,0f,1f],start_interpolation:0}