execute if entity @s[tag=aj.red_knight.bone.head] run data modify entity @s {} merge value {transformation:[-0.8310008848394121f,0.38117759670897644f,-0.4051433933353512f,0f,0.1395731306223967f,0.8478971655075664f,0.511458442038547f,1.5625f,0.5384764345859321f,0.3684752861338237f,-0.7578054452854104f,0f,0f,0f,0f,1f],start_interpolation:0}
execute if entity @s[tag=aj.red_knight.bone.body] run data modify entity @s {} merge value {transformation:[-0.5112930860770524f,0f,-0.8594064115014525f,0.6693718398493446f,0f,1f,0f,0.5625f,0.8594064115014525f,0f,-0.5112930860770524f,-0.14720021235277964f,0f,0f,0f,1f],start_interpolation:0}
execute if entity @s[tag=aj.red_knight.bone.left_hand] run data modify entity @s {} merge value {transformation:[-0.5065339809732189f,-0.22842913567742748f,-0.8314105220004654f,0.1623084455403566f,0.2652595697968258f,0.8762155320922359f,-0.40234773759960785f,1.1821211327197907f,0.8204027588633681f,-0.4243423986522952f,-0.38323992740239227f,-0.27712718003259895f,0f,0f,0f,1f],start_interpolation:0}
execute if entity @s[tag=aj.red_knight.bone.left_arm] run data modify entity @s {} merge value {transformation:[-0.5065339809732189f,0.14434216515026027f,-0.8500521545641525f,0.17575699833898675f,0.2652595697968258f,0.9641604613373044f,0.005653797399919461f,1.5f,0.8204027588633681f,-0.22262062831995472f,-0.5266681774094605f,-0.2954209539536243f,0f,0f,0f,1f],start_interpolation:0}
execute if entity @s[tag=aj.red_knight.bone.weapon] run data modify entity @s {} merge value {transformation:[0.5509045601808086f,-1.5590019964390271f,0.20927187687048387f,0.15459579071095206f,1.302744037550454f,0.576470697097742f,0.8650533427437656f,0.9040841221785377f,-0.8815553958637592f,-0.1223604848983062f,1.4091365347391713f,-0.0067421198795574455f,0f,0f,0f,1f],start_interpolation:0}
execute if entity @s[tag=aj.red_knight.bone.right_hand] run data modify entity @s {} merge value {transformation:[-0.5613490937336751f,-0.6224147091855594f,-0.5454238028852765f,-0.016336720076854133f,-0.6655048392218765f,0.7312588050153266f,-0.1495455417584241f,1.2298875709813433f,0.4919253032083688f,0.2790349259089475f,-0.8247114684459907f,0.23896787105760123f,0f,0f,0f,1f],start_interpolation:0}
execute if entity @s[tag=aj.red_knight.bone.right_arm] run data modify entity @s {} merge value {transformation:[-0.5613490937336751f,-0.6224147091855594f,-0.5454238028852765f,-0.17575699833898675f,-0.6655048392218765f,0.7312588050153266f,-0.1495455417584241f,1.5f,0.4919253032083688f,0.2790349259089475f,-0.8247114684459907f,0.2954209539536243f,0f,0f,0f,1f],start_interpolation:0}
execute if entity @s[tag=aj.red_knight.bone.left_foot] run data modify entity @s {} merge value {transformation:[-0.9969246247450019f,-0.040134355635279964f,-0.06730918269283986f,0.1634143695450146f,-0.05566290950449413f,0.9672372182546822f,0.24769700064481737f,0.5633559555073406f,0.05516278711714737f,0.25068186436335f,-0.9664965958536963f,0.38005413826085876f,0f,0f,0f,1f],start_interpolation:0}
execute if entity @s[tag=aj.red_knight.bone.left_leg] run data modify entity @s {} merge value {transformation:[-0.9969246247450019f,-0.07735969189784117f,-0.01252080854051806f,0.125f,-0.05566290950449413f,0.811475010442985f,-0.5817301332508502f,0.84375f,0.05516278711714737f,-0.5792441501612497f,-0.8132854858052243f,-0.031249999999999986f,0f,0f,0f,1f],start_interpolation:0}