execute if entity @s[tag=aj.red_knight.bone.head] run data modify entity @s {} merge value {transformation:[-0.36508226775047675f,-0.264307835506251f,0.8926680826960095f,0f,-0.05615695038927168f,0.9633587491512531f,0.2622714573809164f,1.5625f,-0.9292800087686951f,0.04562114119280138f,-0.36654791880342236f,0f,0f,0f,0f,1f],start_interpolation:0}
execute if entity @s[tag=aj.red_knight.bone.left_hand] run data modify entity @s {} merge value {transformation:[-0.015264195152527447f,0.4033623688454251f,0.9149130033755957f,0.022538328868991746f,-0.6574407865367758f,0.6853629872416047f,-0.31312806951336936f,1.3056264701823836f,-0.7533515889305942f,-0.6062807725127617f,0.25472535864549833f,0.5958599797115971f,0f,0f,0f,1f],start_interpolation:0}
execute if entity @s[tag=aj.red_knight.bone.left_arm] run data modify entity @s {} merge value {transformation:[-0.015264195152527447f,-0.021088487248398752f,0.9996610825934555f,0.014994164406834171f,-0.6574407865367758f,0.7534834527237276f,0.005856506589740112f,1.5f,-0.7533515889305942f,-0.6571285735509484f,-0.025365750110033208f,0.3434228261687636f,0f,0f,0f,1f],start_interpolation:0}
execute if entity @s[tag=aj.red_knight.bone.weapon] run data modify entity @s {} merge value {transformation:[-0.7692269238154528f,-1.470889170747776f,0.15017577977860705f,0.47491248545364406f,1.346170008692299f,-0.7667498465089371f,-0.6145720123416571f,1.7147068976065987f,0.611468744215571f,-0.1623499246480233f,1.5419229081221895f,-0.7360409080249675f,0f,0f,0f,1f],start_interpolation:0}
execute if entity @s[tag=aj.red_knight.bone.right_hand] run data modify entity @s {} merge value {transformation:[0.2174876059024079f,-0.7712522734629275f,-0.5982215910154904f,0.23961514641923112f,-0.8992383502353782f,-0.3966626899549406f,0.18446978035349343f,1.567754693721208f,-0.3795649229641672f,0.4978239056895282f,-0.7798088407931968f,-0.5227156043820016f,0f,0f,0f,1f],start_interpolation:0}
execute if entity @s[tag=aj.red_knight.bone.right_arm] run data modify entity @s {} merge value {transformation:[0.2174876059024079f,-0.7712522734629275f,-0.5982215910154904f,-0.014994164406834171f,-0.8992383502353782f,-0.3966626899549406f,0.18446978035349343f,1.5f,-0.3795649229641672f,0.4978239056895282f,-0.7798088407931968f,-0.3434228261687636f,0f,0f,0f,1f],start_interpolation:0}
execute if entity @s[tag=aj.red_knight.bone.left_foot] run data modify entity @s {} merge value {transformation:[-0.9509066090979689f,0.09307834210839323f,0.2951491877070906f,-0.05279610561319964f,-0.007263421745509743f,0.9467251651984747f,-0.32196071854260083f,0.836171774410072f,-0.30939273339616324f,-0.3082983681602513f,-0.8995711493324899f,0.5560984318601615f,0f,0f,0f,1f],start_interpolation:0}
execute if entity @s[tag=aj.red_knight.bone.left_leg] run data modify entity @s {} merge value {transformation:[-0.9509066090979689f,0.285927000171537f,0.11841609412030266f,0.10158494189413536f,-0.007263421745509743f,0.36190698662586895f,-0.9321859126461471f,0.8455962206548915f,-0.30939273339616324f,-0.887281851276295f,-0.3420629370705947f,0.08139299676538972f,0f,0f,0f,1f],start_interpolation:0}
execute if entity @s[tag=aj.red_knight.bone.right_foot] run data modify entity @s {} merge value {transformation:[-0.9364483584861978f,0.09378456100345811f,0.33803687373701446f,-0.23144654187760666f,-0.03341164425599612f,0.9353775635943341f,-0.3520688505852773f,0.46764982141439193f,-0.3492107299563064f,-0.3409886649754156f,-0.8727992876037809f,0.29557295293824315f,0f,0f,0f,1f],start_interpolation:0}
execute if entity @s[tag=aj.red_knight.bone.right_leg] run data modify entity @s {} merge value {transformation:[-0.9364483584861978f,0.09378456100345811f,0.33803687373701446f,-0.12938494123368632f,-0.03341164425599612f,0.9353775635943341f,-0.3520688505852773f,0.8455962206548915f,-0.3492107299563064f,-0.3409886649754156f,-0.8727992876037809f,-0.014277861325882737f,0f,0f,0f,1f],start_interpolation:0}