execute if entity @s[tag=aj.red_knight.bone.head] run data modify entity @s {} merge value {transformation:[-0.45998207995461265f,-0.2578593948607278f,0.849661708330255f,0f,-0.08805732315453024f,0.9654339019758353f,0.24532282558818655f,1.5625f,-0.8835510137844258f,0.03802516795192928f,-0.46678870235122505f,0f,0f,0f,0f,1f],start_interpolation:0}
execute if entity @s[tag=aj.red_knight.bone.left_hand] run data modify entity @s {} merge value {transformation:[-0.01593001512069968f,0.4038401203721614f,0.9146908722601601f,0.02241529680611698f,-0.6308261064180363f,0.7057020934151275f,-0.3225569388665621f,1.2969573330866326f,-0.7757606964004522f,-0.5821492184374251f,0.24351104573094928f,0.588944927427733f,0f,0f,0f,1f],start_interpolation:0}
execute if entity @s[tag=aj.red_knight.bone.left_arm] run data modify entity @s {} merge value {transformation:[-0.01593001512069968f,-0.02056162065356505f,0.9996616699535664f,0.014994164406834171f,-0.6308261064180363f,0.775901755406383f,0.005906726568403997f,1.5f,-0.7757606964004522f,-0.6305185847486118f,-0.025330933794334227f,0.3434228261687636f,0f,0f,0f,1f],start_interpolation:0}
execute if entity @s[tag=aj.red_knight.bone.weapon] run data modify entity @s {} merge value {transformation:[-0.7706313681153063f,-1.4764689395938946f,-0.06280559424914872f,0.5276216396206803f,1.3736078629983934f,-0.6895231132834344f,-0.6446216663552995f,1.6958100950862531f,0.5450747755707416f,-0.3498215608566422f,1.5356744910214875f,-0.6712688747032836f,0f,0f,0f,1f],start_interpolation:0}
execute if entity @s[tag=aj.red_knight.bone.right_hand] run data modify entity @s {} merge value {transformation:[0.21743169605357648f,-0.84282905655842f,-0.49230340134119405f,0.2619793967710206f,-0.9031526109250839f,-0.3650107506011493f,0.2260144095512267f,1.5576188213800415f,-0.3701875456177169f,0.3954824058873279f,-0.840568169575259f,-0.4901477996096608f,0f,0f,0f,1f],start_interpolation:0}
execute if entity @s[tag=aj.red_knight.bone.right_arm] run data modify entity @s {} merge value {transformation:[0.21743169605357648f,-0.84282905655842f,-0.49230340134119405f,-0.014994164406834171f,-0.9031526109250839f,-0.3650107506011493f,0.2260144095512267f,1.5f,-0.3701875456177169f,0.3954824058873279f,-0.840568169575259f,-0.3434228261687636f,0f,0f,0f,1f],start_interpolation:0}
execute if entity @s[tag=aj.red_knight.bone.left_foot] run data modify entity @s {} merge value {transformation:[-0.9509066090979689f,0.05583392959921446f,0.3043997258200349f,-0.05082156443397834f,-0.007263421745509743f,0.9792935549210757f,-0.20231504144425083f,0.7744656638316445f,-0.30939273339616324f,-0.1945936936171161f,-0.9308111682431077f,0.5514783920287116f,0f,0f,0f,1f],start_interpolation:0}
execute if entity @s[tag=aj.red_knight.bone.left_leg] run data modify entity @s {} merge value {transformation:[-0.9509066090979689f,0.26907307659786384f,0.1528931006421237f,0.10158494189413536f,-0.007263421745509743f,0.47449545009139793f,-0.880227987823103f,0.8455962206548915f,-0.30939273339616324f,-0.8381251382059377f,-0.44924646824313363f,0.08139299676538972f,0f,0f,0f,1f],start_interpolation:0}
execute if entity @s[tag=aj.red_knight.bone.right_foot] run data modify entity @s {} merge value {transformation:[-0.9395496833780775f,0.0608213318380082f,0.33696759199900095f,-0.21581124540758095f,-0.033405462055995566f,0.9631222109577419f,-0.26698254973817404f,0.44002031000469866f,-0.34077920647976706f,-0.262099928182596f,-0.9028694036668307f,0.2637621587649457f,0f,0f,0f,1f],start_interpolation:0}
execute if entity @s[tag=aj.red_knight.bone.right_leg] run data modify entity @s {} merge value {transformation:[-0.9395496833780775f,0.0608213318380082f,0.33696759199900095f,-0.12938494123368632f,-0.033405462055995566f,0.9631222109577419f,-0.26698254973817404f,0.8455962206548915f,-0.34077920647976706f,-0.262099928182596f,-0.9028694036668307f,-0.014277861325882737f,0f,0f,0f,1f],start_interpolation:0}