execute if entity @s[tag=aj.red_knight.bone.head] run data modify entity @s {} merge value {transformation:[-0.6112173038764701f,-0.28015209457376666f,0.7402217312048531f,0f,-0.13621067652676772f,0.9585372161181083f,0.2503059266511028f,1.5625f,-0.7796538071747606f,0.05216521084476029f,-0.6240342392332513f,0f,0f,0f,0f,1f],start_interpolation:0}
execute if entity @s[tag=aj.red_knight.bone.left_hand] run data modify entity @s {} merge value {transformation:[-0.020578612135624532f,0.40769401915309195f,0.9128866892826129f,0.02137605313534929f,-0.43759678190092394f,0.817301299419502f,-0.3748701674408738f,1.2463643268183782f,-0.8989358025980091f,-0.40719058524724233f,0.1615866643429508f,0.5362717742757274f,0f,0f,0f,1f],start_interpolation:0}
execute if entity @s[tag=aj.red_knight.bone.left_arm] run data modify entity @s {} merge value {transformation:[-0.020578612135624532f,-0.01630632150412347f,0.9996552528754978f,0.014994164406834171f,-0.43759678190092394f,0.8991535105613744f,0.0056587025996881115f,1.5f,-0.8989358025980091f,-0.4373294734226823f,-0.025638925159073962f,0.3434228261687636f,0f,0f,0f,1f],start_interpolation:0}
execute if entity @s[tag=aj.red_knight.bone.weapon] run data modify entity @s {} merge value {transformation:[-0.7691967136110677f,-1.4701472447525918f,0.15742068572482532f,0.47295829061719946f,1.3344834420218399f,-0.766703895113956f,-0.6396067994982609f,1.7220550203580283f,0.6366067361544745f,-0.16914488978751124f,1.5309799631344931f,-0.7343838283513683f,0f,0f,0f,1f],start_interpolation:0}
execute if entity @s[tag=aj.red_knight.bone.right_hand] run data modify entity @s {} merge value {transformation:[0.21758539693521178f,-0.76854990261154f,-0.6016540885229145f,0.23877676746772278f,-0.8924584663918653f,-0.4062416192372911f,0.19617755367254464f,1.5711718518621618f,-0.3951891709118892f,0.49426591425593613f,-0.7742911114036614f,-0.5225802475557367f,0f,0f,0f,1f],start_interpolation:0}
execute if entity @s[tag=aj.red_knight.bone.right_arm] run data modify entity @s {} merge value {transformation:[0.21758539693521178f,-0.76854990261154f,-0.6016540885229145f,-0.014994164406834171f,-0.8924584663918653f,-0.4062416192372911f,0.19617755367254464f,1.5f,-0.3951891709118892f,0.49426591425593613f,-0.7742911114036614f,-0.3434228261687636f,0f,0f,0f,1f],start_interpolation:0}
execute if entity @s[tag=aj.red_knight.bone.left_foot] run data modify entity @s {} merge value {transformation:[-0.9509066090979689f,-0.042468746184472134f,0.30655020204090766f,-0.03515500582399261f,-0.007263421745509736f,0.9933293617798026f,0.1150826734598962f,0.6230465405811749f,-0.3093927333961632f,0.10720627138208444f,-0.9448719235420224f,0.5068826026573904f,0f,0f,0f,1f],start_interpolation:0}
execute if entity @s[tag=aj.red_knight.bone.left_leg] run data modify entity @s {} merge value {transformation:[-0.9509066090979689f,0.20753269496413618f,0.22957961863964593f,0.10158494189413536f,-0.007263421745509736f,0.7266582485931243f,-0.6869607211887155f,0.8455962206548915f,-0.3093927333961632f,-0.6549030235634098f,-0.6894767336532501f,0.08139299676538972f,0f,0f,0f,1f],start_interpolation:0}
execute if entity @s[tag=aj.red_knight.bone.right_foot] run data modify entity @s {} merge value {transformation:[-0.947175313547569f,-0.018754394046888473f,0.32016745323345785f,-0.17562260004870792f,-0.033371000332423004f,0.9986331417052758f,-0.040227162771740155f,0.3844009790819363f,-0.3189753936322953f,-0.04878648369973693f,-0.9465065120036618f,0.17127160965899832f,0f,0f,0f,1f],start_interpolation:0}
execute if entity @s[tag=aj.red_knight.bone.right_leg] run data modify entity @s {} merge value {transformation:[-0.947175313547569f,-0.018754394046888473f,0.32016745323345785f,-0.12938494123368632f,-0.033371000332423004f,0.9986331417052758f,-0.040227162771740155f,0.8455962206548915f,-0.3189753936322953f,-0.04878648369973693f,-0.9465065120036618f,-0.014277861325882737f,0f,0f,0f,1f],start_interpolation:0}