execute if entity @s[tag=aj.red_knight.bone.head] run data modify entity @s {} merge value {transformation:[-0.816533536108777f,0.3997698781217124f,-0.416481727037631f,0f,0.15692574278959492f,0.847969414474398f,0.506282710909508f,1.5625f,0.5555603438508101f,0.3480401078360048f,-0.755129649582025f,0f,0f,0f,0f,1f],start_interpolation:0}
execute if entity @s[tag=aj.red_knight.bone.body] run data modify entity @s {} merge value {transformation:[-0.46561452032511164f,0f,-0.8849876374630418f,0.660750625133917f,0f,1f,0f,0.5625f,0.8849876374630418f,0f,-0.46561452032511164f,-0.18203069489824503f,0f,0f,0f,1f],start_interpolation:0}
execute if entity @s[tag=aj.red_knight.bone.left_hand] run data modify entity @s {} merge value {transformation:[-0.4651352294548839f,-0.25762674626762616f,-0.8469224745674829f,0.1502397626590697f,0.2484775136835046f,0.8802584020874197f,-0.40423269381405336f,1.1817760420151802f,0.849651777797008f,-0.39846405755357484f,-0.3454247404635706f,-0.2900839006033341f,0f,0f,0f,1f],start_interpolation:0}
execute if entity @s[tag=aj.red_knight.bone.left_arm] run data modify entity @s {} merge value {transformation:[-0.4651352294548839f,0.1244357777395766f,-0.8764502014023953f,0.16005499136175713f,0.2484775136835046f,0.9686211628147227f,0.005654037594352646f,1.5f,0.849651777797008f,-0.2151482748380783f,-0.48145931948668563f,-0.3042145003779206f,0f,0f,0f,1f],start_interpolation:0}
execute if entity @s[tag=aj.red_knight.bone.weapon] run data modify entity @s {} merge value {transformation:[0.5142257189522441f,-1.5589557149029853f,0.2881089493874617f,0.14985102807097456f,1.3078545116754035f,0.5883401117061753f,0.8492056682721998f,0.9049642810573606f,-0.8960280486882731f,-0.0359272835970841f,1.4048561293011452f,-0.02045870288052537f,0f,0f,0f,1f],start_interpolation:0}
execute if entity @s[tag=aj.red_knight.bone.right_hand] run data modify entity @s {} merge value {transformation:[-0.5400699649713344f,-0.6017807948987808f,-0.5883742922892308f,-0.005752865766596532f,-0.6666299125556845f,0.7326144802942149f,-0.13740663357071942f,1.2293936053733274f,0.5137401995385042f,0.3180187072394153f,-0.7968281553910537f,0.23694241683675982f,0f,0f,0f,1f],start_interpolation:0}
execute if entity @s[tag=aj.red_knight.bone.right_arm] run data modify entity @s {} merge value {transformation:[-0.5400699649713344f,-0.6017807948987808f,-0.5883742922892308f,-0.16005499136175713f,-0.6666299125556845f,0.7326144802942149f,-0.13740663357071942f,1.5f,0.5137401995385042f,0.3180187072394153f,-0.7968281553910537f,0.3042145003779206f,0f,0f,0f,1f],start_interpolation:0}
execute if entity @s[tag=aj.red_knight.bone.left_foot] run data modify entity @s {} merge value {transformation:[-0.9969246247450019f,-0.038964864540785016f,-0.06799288130646838f,0.163537012995432f,-0.05566290950449414f,0.962811056011539f,0.26437948280348716f,0.5562733548318093f,0.05516278711714738f,0.26735109828325604f,-0.9620189484434312f,0.37512378758629605f,0f,0f,0f,1f],start_interpolation:0}
execute if entity @s[tag=aj.red_knight.bone.left_leg] run data modify entity @s {} merge value {transformation:[-0.9969246247450019f,-0.07713170103639935f,-0.01385616369233332f,0.125f,-0.05566290950449414f,0.8214094509497107f,-0.5676162034297376f,0.84375f,0.05516278711714738f,-0.565099296217688f,-0.8231766835447553f,-0.031249999999999986f,0f,0f,0f,1f],start_interpolation:0}