# This file was generated by Animated Java via MC-Build. It is not recommended to edit this file directly.
$data merge entity $(bone_body) { transformation: [-0.7071067811865474f,-0.2705980500730985f,0.6532814824381884f,-0.010387256259137313f,0f,0.9238795325112867f,0.3826834323650897f,0.9904849415639109f,-0.7071067811865477f,0.2705980500730984f,-0.6532814824381881f,0.0338247562591373f,0f,0f,0f,1f], start_interpolation: 0, interpolation_duration: 1 }
$data merge entity $(bone_left_hand) { transformation: [-0.18391884177464532f,0.36269166668727026f,0.913580108450202f,0.4119631708889815f,-0.7567978077333785f,0.5408465829690123f,-0.36707227067798975f,1.1328673379950613f,-0.6272407335706326f,-0.7589069301346201f,0.17501238111465617f,1.0055099690135985f,0f,0f,0f,1f], start_interpolation: 0, interpolation_duration: 1 }
$data merge entity $(bone_left_arm) { transformation: [-0.18391884177464532f,-0.4285309709231464f,0.8846101212398252f,0.1766044954360106f,-0.7567978077333785f,0.6360247214185688f,0.15076349675695427f,1.289104337210007f,-0.6272407335706326f,-0.6417427527476235f,-0.44128822944383794f,0.5870854161186563f,0f,0f,0f,1f], start_interpolation: 0, interpolation_duration: 1 }
$data merge entity $(bone_right_hand) { transformation: [-0.44439034700128766f,0.25926997313058114f,-0.857494198537193f,-0.8143134440536637f,0.8923991008325228f,0.2118547648384246f,-0.3984236482044716f,1.4499206848213526f,0.07836494321684889f,-0.9422826750227999f,-0.3255185033550268f,-0.5009702041741433f,0f,0f,0f,1f], start_interpolation: 0, interpolation_duration: 1 }
$data merge entity $(bone_right_arm) { transformation: [-0.44439034700128766f,0.6129767729656957f,0.6532814824381884f,-0.4436573916632523f,0.8923991008325228f,0.23911761839433449f,0.3826834323650897f,1.3946822370375989f,0.07836494321684889f,0.753048630818743f,-0.6532814824381881f,-0.16267208533101665f,0f,0f,0f,1f], start_interpolation: 0, interpolation_duration: 1 }
$data merge entity $(bone_head) { transformation: [-0.9619397662556433f,-0.2412616242524932f,-0.1283149046646062f,-0.2016081244669035f,-0.27059805007309845f,0.7756127953263433f,0.5702644009779085f,1.567909649383465f,-0.03806023374435691f,0.5832817675781616f,-0.811377716121302f,0.18085145064274416f,0f,0f,0f,1f], start_interpolation: 0, interpolation_duration: 1 }
$data merge entity $(bone_bottom) { transformation: [-0.7071067811865474f,0f,0.7071067811865477f,0.012388956543960198f,0f,1f,0f,0.875f,-0.7071067811865477f,0f,-0.7071067811865474f,-0.011048543456039804f,0f,0f,0f,1f], start_interpolation: 0, interpolation_duration: 1 }
data modify entity @s data merge value {"locators":{"locator_left_hand":{"posx":0.1768204965281892,"posy":0.789761733667481,"posz":1.513343278376484,"roty":100.84463151274223,"rotx":-21.53516954929161},"locator_right_hand":{"posx":-0.9914029630925028,"posy":1.3248347313466446,"posz":0.11862725354733239,"roty":290.7875622980109,"rotx":-23.479670038446194}},"cameras":{}}