execute if entity @s[tag=aj.tutankhamen.bone.head] run data modify entity @s {} merge value {transformation:[-0.9941120744464426f,-0.06685664299642369f,0.0852723444443727f,-0.06539171457331597f,-0.015889205437670917f,0.8683960378502074f,0.4956166407583795f,1.351247828417033f,-0.10718543086796109f,0.4913435770754615f,-0.8643452855637841f,0.5451540224059173f,0f,0f,0f,1f],start_interpolation:0}
execute if entity @s[tag=aj.tutankhamen.bone.back_cape] run data modify entity @s {} merge value {transformation:[-0.6951379342919509f,-0.5430624102239482f,0.4710270384065821f,0.04594519264660979f,0.5300265487285202f,0.05547224164447778f,0.8461646932186844f,1.4445920721635608f,-0.48564916344131903f,0.8378580124392754f,0.24927663556790491f,0.4876648255939031f,0f,0f,0f,1f],start_interpolation:0}
execute if entity @s[tag=aj.tutankhamen.bone.left_hand] run data modify entity @s {} merge value {transformation:[-0.6370595967059326f,-0.15737016460464742f,0.7545791552495873f,0.3467437571150093f,0.47055874557299415f,0.6959580691670175f,0.5424175816896859f,1.0276872888181345f,-0.6105157960361425f,0.700626146567214f,-0.36931485962080113f,0.34064337904385966f,0f,0f,0f,1f],start_interpolation:0}
execute if entity @s[tag=aj.tutankhamen.bone.cape_left_back] run data modify entity @s {} merge value {transformation:[-0.6745210486574874f,-0.40037173246255486f,0.620261098863161f,0.30254403901200644f,0.5041921886662115f,0.3638869751518574f,0.7831835712033335f,1.147402138306026f,-0.5392694983085722f,0.8410046047197149f,-0.04358512400185344f,0.4288234110158327f,0f,0f,0f,1f],start_interpolation:0}
execute if entity @s[tag=aj.tutankhamen.bone.cape_left_side] run data modify entity @s {} merge value {transformation:[-0.6745210486574874f,-0.40037173246255486f,0.620261098863161f,0.3304053155068437f,0.5041921886662115f,0.3638869751518574f,0.7831835712033335f,0.9707241624265137f,-0.5392694983085722f,0.8410046047197149f,-0.04358512400185344f,0.5185324106267788f,0f,0f,0f,1f],start_interpolation:0}
execute if entity @s[tag=aj.tutankhamen.bone.left_arm] run data modify entity @s {} merge value {transformation:[-0.6370595967059326f,-0.45763658013967656f,0.620261098863161f,0.16407465891328557f,0.47055874557299415f,0.40644552004169415f,0.7831835712033335f,1.1522115062516147f,-0.6105157960361425f,0.7908038946262836f,-0.04358512400185344f,0.5660995629356769f,0f,0f,0f,1f],start_interpolation:0}
execute if entity @s[tag=aj.tutankhamen.bone.cape_right_back] run data modify entity @s {} merge value {transformation:[-0.6462763344420974f,0.17776894487795855f,0.742108551208692f,-0.19037162285092507f,0.7629969298939563f,0.1667819411069668f,0.6245153873948899f,1.4722980999385167f,-0.012750863205425456f,0.9698360615885399f,-0.24342438072211842f,0.09545182564221702f,0f,0f,0f,1f],start_interpolation:0}
execute if entity @s[tag=aj.tutankhamen.bone.cape_right] run data modify entity @s {} merge value {transformation:[-0.6462763344420974f,0.17776894487795855f,0.742108551208692f,-0.4768794379096758f,0.7629969298939563f,0.1667819411069668f,0.6245153873948899f,1.435387523385725f,-0.012750863205425456f,0.9698360615885399f,-0.24342438072211842f,0.1543155984468989f,0f,0f,0f,1f],start_interpolation:0}
execute if entity @s[tag=aj.tutankhamen.bone.weapon] run data modify entity @s {} merge value {transformation:[-1.0569310886188468f,-0.283471665186436f,1.2153716150044482f,-0.4007978149307911f,1.2478178957640744f,-0.21342786214941012f,1.035367915419616f,1.3565888535208812f,-0.020852974200539547f,1.5964585921049985f,0.3542213866669126f,-0.32940817024493446f,0f,0f,0f,1f],start_interpolation:0}
execute if entity @s[tag=aj.tutankhamen.bone.right_hand] run data modify entity @s {} merge value {transformation:[-0.6462763344420974f,0.17776894487795855f,0.742108551208692f,-0.27917066086252873f,0.7629969298939563f,0.1667819411069668f,0.6245153873948899f,1.4362617996471514f,-0.012750863205425456f,0.9698360615885399f,-0.24342438072211842f,-0.010962122736387636f,0f,0f,0f,1f],start_interpolation:0}
execute if entity @s[tag=aj.tutankhamen.bone.right_arm] run data modify entity @s {} merge value {transformation:[-0.6462763344420974f,0.17776894487795855f,0.742108551208692f,-0.21849797891396106f,0.7629969298939563f,0.1667819411069668f,0.6245153873948899f,1.4439142674770995f,-0.012750863205425456f,0.9698360615885399f,-0.24342438072211842f,0.29882011758992955f,0f,0f,0f,1f],start_interpolation:0}
execute if entity @s[tag=aj.tutankhamen.bone.body] run data modify entity @s {} merge value {transformation:[-0.6951379342919509f,-0.09511522119755049f,0.7125562062075248f,0.07133641589816286f,0.5300265487285202f,0.6018150231520483f,0.5974031599777768f,0.4861387326359638f,-0.48564916344131903f,0.7929513053176978f,-0.36793085959688987f,-0.5947134789882733f,0f,0f,0f,1f],start_interpolation:0}
execute if entity @s[tag=aj.tutankhamen.bone.left_foot] run data modify entity @s {} merge value {transformation:[-0.9938929107473552f,0.041330282437784784f,0.10231661507185934f,0.11200460039759096f,0.10872199087767542f,0.5253961992778214f,0.8438829080411656f,0.6666281616540228f,-0.01887884174796622f,0.8498533058934541f,-0.526681068386004f,-0.40961495534722425f,0f,0f,0f,1f],start_interpolation:0}
execute if entity @s[tag=aj.tutankhamen.bone.left_leg] run data modify entity @s {} merge value {transformation:[-0.9938929107473552f,0.041330282437784784f,0.10231661507185934f,0.09902744550326695f,0.10872199087767542f,0.5253961992778214f,0.8438829080411656f,0.899886561052997f,-0.01887884174796622f,0.8498533058934541f,-0.526681068386004f,-0.03839409782346206f,0f,0f,0f,1f],start_interpolation:0}
execute if entity @s[tag=aj.tutankhamen.bone.right_foot] run data modify entity @s {} merge value {transformation:[-0.9798757570924986f,0.0997514589661023f,0.1728963478403661f,-0.20211905870338892f,0.19082141628892585f,0.21395604773275262f,0.958024006340169f,0.4767689672320921f,0.05857207310563037f,0.9717368244914435f,-0.22868505893344795f,-0.07228683477351378f,0f,0f,0f,1f],start_interpolation:0}
execute if entity @s[tag=aj.tutankhamen.bone.right_leg] run data modify entity @s {} merge value {transformation:[-0.9798757570924986f,0.19282262500725764f,-0.05160364277561563f,-0.08713804285357313f,0.19082141628892585f,0.9807560298969917f,0.04128918631045142f,0.899886561052997f,0.05857207310563037f,0.030611192495576145f,-0.9978137437147815f,-0.06072481534125016f,0f,0f,0f,1f],start_interpolation:0}