execute if entity @s[tag=aj.tutankhamen.bone.head] run data modify entity @s {} merge value {transformation:[-0.7671426477926462f,-0.2549008970058394f,0.5886575325631248f,0.010335619487997222f,0.002176361829417028f,0.9166207478292997f,0.39975200824766705f,1.6248491509397875f,-0.6414728531955778f,0.3079479458520123f,-0.7026241109289167f,-0.010028443156971076f,0f,0f,0f,1f],start_interpolation:0}
execute if entity @s[tag=aj.tutankhamen.bone.back_cape] run data modify entity @s {} merge value {transformation:[-0.3539225935819348f,-0.9248273127191022f,0.13940315420032748f,0.15645341394743353f,-0.00832323523955767f,0.15215904661416035f,0.9883209743239374f,1.621845616071175f,-0.9352376818260604f,0.3486288372786071f,-0.06155007969436722f,-0.06529716324892682f,0f,0f,0f,1f],start_interpolation:0}
execute if entity @s[tag=aj.tutankhamen.bone.left_hand] run data modify entity @s {} merge value {transformation:[-0.21497184642680583f,-0.558728539258746f,0.8010053212442709f,0.42544110753198927f,-0.6811273431752989f,0.673557264445968f,0.28702988327180035f,1.3886598887803225f,-0.699894740388016f,-0.48388328234177735f,-0.5253611343136633f,0.31163450383213115f,0f,0f,0f,1f],start_interpolation:0}
execute if entity @s[tag=aj.tutankhamen.bone.cape_left_back] run data modify entity @s {} merge value {transformation:[-0.2879521128842796f,-0.8247823891646054f,0.4866390769445099f,0.33189244757627695f,-0.6360829008582657f,0.5445989936762089f,0.5466356001236972f,1.469463622477481f,-0.7158785678599499f,-0.15213791970046778f,-0.6814484055803498f,0.2179308051433345f,0f,0f,0f,1f],start_interpolation:0}
execute if entity @s[tag=aj.tutankhamen.bone.cape_left_side] run data modify entity @s {} merge value {transformation:[-0.2879521128842796f,-0.8247823891646054f,0.4866390769445099f,0.3160550805963819f,-0.6360829008582657f,0.5445989936762089f,0.5466356001236972f,1.500522125721123f,-0.7158785678599499f,-0.15213791970046778f,-0.6814484055803498f,0.4149678820689954f,0f,0f,0f,1f],start_interpolation:0}
execute if entity @s[tag=aj.tutankhamen.bone.left_arm] run data modify entity @s {} merge value {transformation:[-0.21497184642680583f,-0.8467405234394095f,0.4866390769445099f,0.1403516219525913f,-0.6811273431752989f,0.48708835241295223f,0.5466356001236972f,1.501457702397043f,-0.699894740388016f,-0.21395191728327745f,-0.6814484055803498f,0.23610034284735312f,0f,0f,0f,1f],start_interpolation:0}
execute if entity @s[tag=aj.tutankhamen.bone.cape_right_back] run data modify entity @s {} merge value {transformation:[-0.1608395105711901f,0.19646421437995876f,0.9672292718416278f,-0.00702865920336343f,0.9094458492328935f,0.410240796742885f,0.06790240055273425f,1.43146188491965f,-0.3834565153342437f,0.8905640354044331f,-0.24465649325511568f,-0.4694768423793523f,0f,0f,0f,1f],start_interpolation:0}
execute if entity @s[tag=aj.tutankhamen.bone.cape_right] run data modify entity @s {} merge value {transformation:[-0.1608395105711901f,0.19646421437995876f,0.9672292718416278f,-0.2739671506905188f,0.9094458492328935f,0.410240796742885f,0.06790240055273425f,1.5565871987241062f,-0.3834565153342437f,0.8905640354044331f,-0.24465649325511568f,-0.4682277995865489f,0f,0f,0f,1f],start_interpolation:0}
execute if entity @s[tag=aj.tutankhamen.bone.weapon] run data modify entity @s {} merge value {transformation:[-0.2630396162466338f,-0.36790961658956983f,1.571636200880105f,-0.228569517673267f,1.4873228992662946f,0.5634133625097688f,0.38081970783383895f,1.2789880221178285f,-0.6271111761195444f,1.490568874818424f,0.24397474422490967f,-0.8767177996954224f,0f,0f,0f,1f],start_interpolation:0}
execute if entity @s[tag=aj.tutankhamen.bone.right_hand] run data modify entity @s {} merge value {transformation:[-0.1608395105711901f,0.19646421437995876f,0.9672292718416278f,-0.09706475019630968f,0.9094458492328935f,0.410240796742885f,0.06790240055273425f,1.4043580680807715f,-0.3834565153342437f,0.8905640354044331f,-0.24465649325511568f,-0.5774893320806567f,0f,0f,0f,1f],start_interpolation:0}
execute if entity @s[tag=aj.tutankhamen.bone.right_arm] run data modify entity @s {} merge value {transformation:[-0.1608395105711901f,0.19646421437995876f,0.9672292718416278f,-0.054431447038194414f,0.9094458492328935f,0.410240796742885f,0.06790240055273425f,1.4968769682667764f,-0.3834565153342437f,0.8905640354044331f,-0.24465649325511568f,-0.27861239153402845f,0f,0f,0f,1f],start_interpolation:0}
execute if entity @s[tag=aj.tutankhamen.bone.body] run data modify entity @s {} merge value {transformation:[-0.3539225935819348f,0.015033628346177776f,0.9351538845403924f,-0.011275221259633332f,-0.00832323523955767f,0.9997805831851454f,-0.019222623159119975f,0.18766456261114095f,-0.9352376818260604f,-0.014586826410139747f,-0.35371980858851676f,0.010940119807604811f,0f,0f,0f,1f],start_interpolation:0}
execute if entity @s[tag=aj.tutankhamen.bone.left_foot] run data modify entity @s {} merge value {transformation:[-0.6929429626117373f,0.6385528443569223f,0.3347839833841407f,-0.19336812262998165f,0.006917408567937291f,0.47020448273660154f,-0.8825303926058916f,0.6690830833359172f,-0.7209592221655623f,-0.6092273872521565f,-0.3302420182174554f,0.3572621938181606f,0f,0f,0f,1f],start_interpolation:0}
execute if entity @s[tag=aj.tutankhamen.bone.left_leg] run data modify entity @s {} merge value {transformation:[-0.6929429626117373f,0.6385528443569223f,0.3347839833841407f,0.06434427919455508f,0.006917408567937291f,0.47020448273660154f,-0.8825303926058916f,0.8750137135509284f,-0.7209592221655623f,-0.6092273872521565f,-0.3302420182174554f,0.06819523620266825f,0f,0f,0f,1f],start_interpolation:0}
execute if entity @s[tag=aj.tutankhamen.bone.right_foot] run data modify entity @s {} merge value {transformation:[-0.5644397447615134f,0.582681833901389f,0.5847133100715868f,-0.3799064183976552f,0.21833533206374414f,0.7884918019528779f,-0.5749872703162375f,1.0699446670034314f,-0.7960762886219963f,-0.1968820933818456f,-0.5722761431331992f,0.170245427881074f,0f,0f,0f,1f],start_interpolation:0}
execute if entity @s[tag=aj.tutankhamen.bone.right_leg] run data modify entity @s {} merge value {transformation:[-0.5644397447615134f,0.6766724425966415f,-0.47278132361997155f,-0.06622348273782731f,0.21833533206374414f,-0.42996108417259654f,-0.8760497410933582f,0.8750137135509284f,-0.7960762886219963f,-0.5977021595472278f,0.09494562215504143f,-0.0663718829014008f,0f,0f,0f,1f],start_interpolation:0}