execute if entity @s[tag=aj.tutankhamen.bone.head] run data modify entity @s {} merge value {transformation:[-0.9145693160415338f,-0.2647511464376857f,0.3057283052241845f,-0.12903876884963528f,-0.0325341803958443f,0.8016627142820046f,0.5968906261920852f,1.5679788011397728f,-0.4031184605811195f,0.5359512319138188f,-0.741789581855103f,0.24187130348002261f,0f,0f,0f,1f],start_interpolation:0}
execute if entity @s[tag=aj.tutankhamen.bone.back_cape] run data modify entity @s {} merge value {transformation:[-0.5345233298937769f,-0.8138269567751641f,0.22797038014914034f,-0.0002811614025860776f,0.20513228511371337f,0.1367440377630712f,0.9691345694692136f,1.6214066067234914f,-0.8198814276487147f,0.5647891222060912f,0.0938493049221914f,0.17129502832314036f,0f,0f,0f,1f],start_interpolation:0}
execute if entity @s[tag=aj.tutankhamen.bone.left_hand] run data modify entity @s {} merge value {transformation:[-0.1606380268783647f,0.6202390199875324f,0.7677883708454635f,0.1466422446355176f,-0.25081501321074373f,0.7267038609532894f,-0.6395258615753365f,1.1203519308636867f,-0.9546136671286034f,-0.2953050229178088f,0.03882898364356563f,0.5093389684964746f,0f,0f,0f,1f],start_interpolation:0}
execute if entity @s[tag=aj.tutankhamen.bone.cape_left_back] run data modify entity @s {} merge value {transformation:[-0.17221872593454474f,-0.1253543881942045f,0.9770501459996506f,0.1833925527085835f,-0.16591248748831375f,0.9813911296163071f,0.09666693957019967f,1.2522212168181028f,-0.9709859715428035f,-0.14545696295085075f,-0.18981178834886048f,0.43639457470724147f,0f,0f,0f,1f],start_interpolation:0}
execute if entity @s[tag=aj.tutankhamen.bone.cape_left_side] run data modify entity @s {} merge value {transformation:[-0.17221872593454474f,-0.1253543881942045f,0.9770501459996506f,0.08817046038589982f,-0.16591248748831375f,0.9813911296163071f,0.09666693957019967f,1.266061675541877f,-0.9709859715428035f,-0.14545696295085075f,-0.18981178834886048f,0.6118376063044121f,0f,0f,0f,1f],start_interpolation:0}
execute if entity @s[tag=aj.tutankhamen.bone.left_arm] run data modify entity @s {} merge value {transformation:[-0.1606380268783647f,-0.13988722787548163f,0.9770501459996506f,0.07191592549062326f,-0.25081501321074373f,0.9631964139998787f,0.09666693957019967f,1.4095147307540703f,-0.9546136671286034f,-0.22953045883953452f,-0.18981178834886048f,0.40684202509365f,0f,0f,0f,1f],start_interpolation:0}
execute if entity @s[tag=aj.tutankhamen.bone.cape_right_back] run data modify entity @s {} merge value {transformation:[-0.4952403335485145f,0.16518791776274006f,0.8529067732477953f,-0.18109745811552308f,0.8219684736458849f,0.4069342850564521f,0.3984624398583239f,1.4862075698216257f,-0.28125582724453957f,0.8983971501907185f,-0.33730953169186517f,-0.24425944434445784f,0f,0f,0f,1f],start_interpolation:0}
execute if entity @s[tag=aj.tutankhamen.bone.cape_right] run data modify entity @s {} merge value {transformation:[-0.4952403335485145f,0.16518791776274006f,0.8529067732477953f,-0.4717054535444273f,0.8219684736458849f,0.4069342850564521f,0.3984624398583239f,1.5150245338642143f,-0.28125582724453957f,0.8983971501907185f,-0.33730953169186517f,-0.20387828442845085f,0f,0f,0f,1f],start_interpolation:0}
execute if entity @s[tag=aj.tutankhamen.bone.weapon] run data modify entity @s {} merge value {transformation:[-0.8099242954907998f,0.2652804651038853f,1.3957924573585818f,-0.3914522839425467f,1.344260941275041f,0.6632283671442327f,0.653971198439692f,1.2893163938815608f,-0.45997046747284076f,1.4711703101478675f,-0.5465096167528577f,-0.6381611328572402f,0f,0f,0f,1f],start_interpolation:0}
execute if entity @s[tag=aj.tutankhamen.bone.right_hand] run data modify entity @s {} merge value {transformation:[-0.4952403335485145f,0.16518791776274006f,0.8529067732477953f,-0.27052888158724386f,0.8219684736458849f,0.4069342850564521f,0.3984624398583239f,1.4361233964998579f,-0.28125582724453957f,0.8983971501907185f,-0.33730953169186517f,-0.34426648698894796f,0f,0f,0f,1f],start_interpolation:0}
execute if entity @s[tag=aj.tutankhamen.bone.right_arm] run data modify entity @s {} merge value {transformation:[-0.4952403335485145f,0.16518791776274006f,0.8529067732477953f,-0.22226166173306638f,0.8219684736458849f,0.4069342850564521f,0.3984624398583239f,1.522410309527828f,-0.28125582724453957f,0.8983971501907185f,-0.33730953169186517f,-0.0443838180199585f,0f,0f,0f,1f],start_interpolation:0}
execute if entity @s[tag=aj.tutankhamen.bone.body] run data modify entity @s {} merge value {transformation:[-0.5345233298937769f,-0.1876927546903786f,0.8240486876611149f,0.14076956601778395f,0.20513228511371337f,0.917060074385124f,0.3419379557357985f,0.24970494421115697f,-0.8198814276487147f,0.3518128050618511f,-0.45168816100404646f,-0.2638596037963883f,0f,0f,0f,1f],start_interpolation:0}
execute if entity @s[tag=aj.tutankhamen.bone.left_foot] run data modify entity @s {} merge value {transformation:[-0.8760961645353633f,0.18020741605796306f,0.4471921261428218f,0.04298286026279679f,0.06493909381614989f,0.9631754996232145f,-0.2609135316918392f,0.4567651175840188f,-0.4777430528859238f,-0.19954509295716408f,-0.8555368672920847f,0.12437064189557864f,0f,0f,0f,1f],start_interpolation:0}
execute if entity @s[tag=aj.tutankhamen.bone.left_leg] run data modify entity @s {} merge value {transformation:[-0.8760961645353633f,0.18020741605796306f,0.4471921261428218f,0.09444559964642553f,0.06493909381614989f,0.9631754996232145f,-0.2609135316918392f,0.8801837453509298f,-0.4777430528859238f,-0.19954509295716408f,-0.8555368672920847f,0.022140193324134236f,0f,0f,0f,1f],start_interpolation:0}
execute if entity @s[tag=aj.tutankhamen.bone.right_foot] run data modify entity @s {} merge value {transformation:[-0.8352728207538767f,0.16068524988391356f,0.5258322597365116f,-0.3374940022328848f,0.2563002359472105f,0.9598741176651032f,0.11380627087310904f,0.7314097007568524f,-0.48644578728082977f,0.22983021713078444f,-0.8429404292892528f,0.24887767852694107f,0f,0f,0f,1f],start_interpolation:0}
execute if entity @s[tag=aj.tutankhamen.bone.right_leg] run data modify entity @s {} merge value {transformation:[-0.8352728207538767f,0.5495033629124524f,-0.019114629417480017f,-0.0709840053101282f,0.2563002359472105f,0.35836211878269203f,-0.8977119698850983f,0.8801837453509298f,-0.48644578728082977f,-0.7547334933401889f,-0.44016797937520225f,-0.06611679395686562f,0f,0f,0f,1f],start_interpolation:0}