execute if entity @s[tag=aj.tutankhamen.bone.head] run data modify entity @s {} merge value {transformation:[-0.7601366459899728f,-0.3883240463260569f,0.5209574977558853f,0.037441337154637856f,0.009592113154196228f,0.7949713253443418f,0.6065711691512364f,1.623152859159183f,-0.6496924432286033f,0.46607405733983864f,-0.6005619887125966f,-0.03368312632328563f,0f,0f,0f,1f],start_interpolation:0}
execute if entity @s[tag=aj.tutankhamen.bone.back_cape] run data modify entity @s {} merge value {transformation:[-0.3526278098541157f,-0.9158965701725409f,0.19179963624487273f,0.18340658163239112f,-0.026695375200327793f,0.21472862835713646f,0.9763088512897835f,1.6124938614568216f,-0.9353828011356653f,0.3391534887186605f,-0.10016948851600471f,-0.08840602530105156f,0f,0f,0f,1f],start_interpolation:0}
execute if entity @s[tag=aj.tutankhamen.bone.left_hand] run data modify entity @s {} merge value {transformation:[0.008403309565014005f,0.9193868722123373f,0.3932647499992462f,0.12443399877329715f,-0.8013586935059359f,0.2414297756056076f,-0.5472987372482102f,1.3467658599586292f,-0.5981250945503074f,-0.31054700554769654f,0.7387874718852134f,0.4885305000592871f,0f,0f,0f,1f],start_interpolation:0}
execute if entity @s[tag=aj.tutankhamen.bone.cape_left_back] run data modify entity @s {} merge value {transformation:[0.02579551475094639f,0.1984269185164036f,0.9797761731267086f,0.2136401540069752f,-0.7471125628424442f,0.6550241868725386f,-0.11298731369036336f,1.3965647105662966f,-0.6641968156064351f,-0.7290885217996882f,0.1651439297044165f,0.37181154421469537f,0f,0f,0f,1f],start_interpolation:0}
execute if entity @s[tag=aj.tutankhamen.bone.cape_left_side] run data modify entity @s {} merge value {transformation:[0.02579551475094639f,0.1984269185164036f,0.9797761731267086f,0.08713758318630124f,-0.7471125628424442f,0.6550241868725386f,-0.11298731369036336f,1.527424462721724f,-0.6641968156064351f,-0.7290885217996882f,0.1651439297044165f,0.4549493054401488f,0f,0f,0f,1f],start_interpolation:0}
execute if entity @s[tag=aj.tutankhamen.bone.left_arm] run data modify entity @s {} merge value {transformation:[0.008403309565014005f,0.19992007143240098f,0.9797761731267086f,0.16213670942446973f,-0.8013586935059359f,0.58741647175364f,-0.11298731369036336f,1.503317696476166f,-0.5981250945503074f,-0.7842026866512055f,0.1651439297044165f,0.2169153327492621f,0f,0f,0f,1f],start_interpolation:0}
execute if entity @s[tag=aj.tutankhamen.bone.cape_right_back] run data modify entity @s {} merge value {transformation:[-0.103550184836203f,0.21674746128707661f,0.9707202981528692f,0.012321372111849f,0.8992319790365302f,0.43746858676163736f,-0.0017559825799629142f,1.4119062807824525f,-0.42504024174004224f,0.8727209024782109f,-0.24020620158352163f,-0.4852565619851521f,0f,0f,0f,1f],start_interpolation:0}
execute if entity @s[tag=aj.tutankhamen.bone.cape_right] run data modify entity @s {} merge value {transformation:[-0.103550184836203f,0.21674746128707661f,0.9707202981528692f,-0.246538418807025f,0.8992319790365302f,0.43746858676163736f,-0.0017559825799629142f,1.5528502731519012f,-0.42504024174004224f,0.8727209024782109f,-0.24020620158352163f,-0.49161754936115326f,0f,0f,0f,1f],start_interpolation:0}
execute if entity @s[tag=aj.tutankhamen.bone.weapon] run data modify entity @s {} merge value {transformation:[-0.16934769811754033f,0.6206218643297013f,1.503574917411609f,-0.21612014120500006f,1.470618965715992f,0.7044227187715768f,-0.12512459616716876f,1.2548340774467461f,-0.6951178953456941f,1.339105973553063f,-0.6310261300261556f,-0.8868989726663129f,0f,0f,0f,1f],start_interpolation:0}
execute if entity @s[tag=aj.tutankhamen.bone.right_hand] run data modify entity @s {} merge value {transformation:[-0.103550184836203f,0.21674746128707661f,0.9707202981528692f,-0.0786780224597212f,0.8992319790365302f,0.43746858676163736f,-0.0017559825799629142f,1.3854334556933872f,-0.42504024174004224f,0.8727209024782109f,-0.24020620158352163f,-0.5926162947503346f,0f,0f,0f,1f],start_interpolation:0}
execute if entity @s[tag=aj.tutankhamen.bone.right_arm] run data modify entity @s {} merge value {transformation:[-0.103550184836203f,0.21674746128707661f,0.9707202981528692f,-0.03193376886779211f,0.8992319790365302f,0.43746858676163736f,-0.0017559825799629142f,1.4886257632577897f,-0.42504024174004224f,0.8727209024782109f,-0.24020620158352163f,-0.29787726876975695f,0f,0f,0f,1f],start_interpolation:0}
execute if entity @s[tag=aj.tutankhamen.bone.body] run data modify entity @s {} merge value {transformation:[-0.3526278098541157f,0.05446012677038233f,0.9341775646576209f,-0.04084509507778675f,-0.026695375200327793f,0.9973132496860843f,-0.06821758529511235f,0.18951506273543683f,-0.9353828011356653f,-0.048993638288415464f,-0.3502265534577019f,0.0367452287163116f,0f,0f,0f,1f],start_interpolation:0}
execute if entity @s[tag=aj.tutankhamen.bone.left_foot] run data modify entity @s {} merge value {transformation:[-0.673639983756399f,0.7268576192000777f,0.13374293886210764f,-0.23765175220693874f,-0.005253451940683238f,0.176249714808552f,-0.9843314681917931f,0.7982228420390246f,-0.7390409823057078f,-0.6637876463453496f,-0.11491034345051587f,0.3862610829238747f,0f,0f,0f,1f],start_interpolation:0}
execute if entity @s[tag=aj.tutankhamen.bone.left_leg] run data modify entity @s {} merge value {transformation:[-0.673639983756399f,0.7268576192000777f,0.13374293886210764f,0.0592972067007078f,-0.005253451940683238f,0.176249714808552f,-0.9843314681917931f,0.8751679218946198f,-0.7390409823057078f,-0.6637876463453496f,-0.11491034345051587f,0.07275895695073087f,0f,0f,0f,1f],start_interpolation:0}
execute if entity @s[tag=aj.tutankhamen.bone.right_foot] run data modify entity @s {} merge value {transformation:[-0.49489009284221874f,0.7544318848143253f,0.43118015629447115f,-0.3423393242306911f,0.16328092001485733f,0.5681026283906465f,-0.806597015104036f,1.1650470720383803f,-0.8534770864913257f,-0.3287733790791817f,-0.40433269474918165f,0.11238294429180759f,0f,0f,0f,1f],start_interpolation:0}
execute if entity @s[tag=aj.tutankhamen.bone.right_leg] run data modify entity @s {} merge value {transformation:[-0.49489009284221874f,0.5960440829311225f,-0.6323094552585917f,-0.0661047225470056f,0.16328092001485733f,-0.6509179917561058f,-0.7413805427493358f,0.8751679218946198f,-0.8534770864913257f,-0.4701459552213496f,0.22481023914244413f,-0.06663475216467893f,0f,0f,0f,1f],start_interpolation:0}