execute if entity @s[tag=aj.tutankhamen.bone.head] run data modify entity @s {} merge value {transformation:[-0.9396926207859082f,-0.12673810788750672f,0.3176715763955061f,0f,1.3877787807814457e-17f,0.9288095528719242f,0.37055743750983616f,1.625f,-0.342020143325669f,0.3482100896053284f,-0.8727954829492062f,0f,0f,0f,0f,1f],start_interpolation:0}
execute if entity @s[tag=aj.tutankhamen.bone.back_cape] run data modify entity @s {} merge value {transformation:[-0.5948227867513411f,-0.4668020549289349f,0.6544323447656695f,0.1256026344714402f,0f,0.8141155183563193f,0.5807029557109396f,1.625f,-0.8038568606172174f,0.3454153503907217f,-0.4842544613662185f,-0.09294106042989705f,0f,0f,0f,1f],start_interpolation:0}
execute if entity @s[tag=aj.tutankhamen.bone.left_hand] run data modify entity @s {} merge value {transformation:[-0.5524770866005451f,-0.2862249351274741f,0.7828437617383477f,0.4067023379548764f,-0.3705574375098362f,0.9256195587825303f,0.07691305419353589f,1.2673534349381672f,-0.7466299312829064f,-0.2475958782179284f,-0.6174463756489101f,0.20682961728832464f,0f,0f,0f,1f],start_interpolation:0}
execute if entity @s[tag=aj.tutankhamen.bone.cape_left_back] run data modify entity @s {} merge value {transformation:[-0.5997651349464045f,-0.5163831953523528f,0.6112529578336738f,0.3494155841586621f,-0.29734286394558157f,0.8530252922872401f,0.42887652299806284f,1.3970010917423807f,-0.7428788623748561f,0.07547348061380552f,-0.665157687740792f,0.1438161962453406f,0f,0f,0f,1f],start_interpolation:0}
execute if entity @s[tag=aj.tutankhamen.bone.cape_left_side] run data modify entity @s {} merge value {transformation:[-0.5997651349464045f,-0.5163831953523528f,0.6112529578336738f,0.36672226676482855f,-0.29734286394558157f,0.8530252922872401f,0.42887652299806284f,1.38985134885912f,-0.7428788623748561f,0.07547348061380552f,-0.665157687740792f,0.34303572945901084f,0f,0f,0f,1f],start_interpolation:0}
execute if entity @s[tag=aj.tutankhamen.bone.left_arm] run data modify entity @s {} merge value {transformation:[-0.5524770866005451f,-0.5666911772040912f,0.6112529578336738f,0.19334115109481517f,-0.3705574375098362f,0.8238641353568171f,0.42887652299806284f,1.5f,-0.7466299312829064f,0.010440122212187264f,-0.665157687740792f,0.1992565910168202f,0f,0f,0f,1f],start_interpolation:0}
execute if entity @s[tag=aj.tutankhamen.bone.cape_right_back] run data modify entity @s {} merge value {transformation:[-0.19777688165159357f,0.30051176069857805f,0.9330471514162679f,-0.10936454598594081f,0.5347379093627285f,0.8308221495619621f,-0.15423982652875018f,1.3338789357952048f,-0.8215471218223274f,0.4684306111678454f,-0.3250124446023089f,-0.3646044511655363f,0f,0f,0f,1f],start_interpolation:0}
execute if entity @s[tag=aj.tutankhamen.bone.cape_right] run data modify entity @s {} merge value {transformation:[-0.19777688165159357f,0.30051176069857805f,0.9330471514162679f,-0.3735289715980693f,0.5347379093627285f,0.8308221495619621f,-0.15423982652875018f,1.4559916907653188f,-0.8215471218223274f,0.4684306111678454f,-0.3250124446023089f,-0.4117180777996977f,0f,0f,0f,1f],start_interpolation:0}
execute if entity @s[tag=aj.tutankhamen.bone.weapon] run data modify entity @s {} merge value {transformation:[-0.323447608534377f,-0.655812952689175f,1.4628324200774365f,-0.37736722457817373f,0.8745192892702955f,1.1785266655025912f,0.7217191870836132f,0.9921189829390239f,-1.3435718554802647f,0.9249713203097492f,0.11760271840765434f,-0.5871994354219863f,0f,0f,0f,1f],start_interpolation:0}
execute if entity @s[tag=aj.tutankhamen.bone.right_hand] run data modify entity @s {} merge value {transformation:[-0.19777688165159357f,0.30051176069857805f,0.9330471514162679f,-0.21142449058839216f,0.5347379093627285f,0.8308221495619621f,-0.15423982652875018f,1.2563767159255919f,-0.8215471218223274f,0.4684306111678454f,-0.3250124446023089f,-0.4285183473308204f,0f,0f,0f,1f],start_interpolation:0}
execute if entity @s[tag=aj.tutankhamen.bone.right_arm] run data modify entity @s {} merge value {transformation:[-0.19777688165159357f,0.30051176069857805f,0.9330471514162679f,-0.13402254370771918f,0.5347379093627285f,0.8308221495619621f,-0.15423982652875018f,1.5f,-0.8215471218223274f,0.4684306111678454f,-0.3250124446023089f,-0.24315005150816854f,0f,0f,0f,1f],start_interpolation:0}
execute if entity @s[tag=aj.tutankhamen.bone.body] run data modify entity @s {} merge value {transformation:[-0.5948227867513411f,0f,0.8038568606172174f,0f,0f,1f,0f,0.1875f,-0.8038568606172174f,0f,-0.5948227867513411f,0f,0f,0f,0f,1f],start_interpolation:0}
execute if entity @s[tag=aj.tutankhamen.bone.left_foot] run data modify entity @s {} merge value {transformation:[-0.7142602917048242f,0.10621540779580085f,0.6917734620817071f,0.04214265394135169f,-0.12059608825284411f,0.9549551300410792f,-0.27114070720999744f,0.4609757583649292f,-0.6894119372275559f,-0.2770902141090462f,-0.6692773670558054f,0.20906235244730767f,0f,0f,0f,1f],start_interpolation:0}
execute if entity @s[tag=aj.tutankhamen.bone.left_leg] run data modify entity @s {} merge value {transformation:[-0.7142602917048242f,0.10621540779580085f,0.6917734620817071f,0.06629126073623881f,-0.12059608825284411f,0.9549551300410792f,-0.27114070720999744f,0.875f,-0.6894119372275559f,-0.2770902141090462f,-0.6692773670558054f,0.06629126073623884f,0f,0f,0f,1f],start_interpolation:0}
execute if entity @s[tag=aj.tutankhamen.bone.right_foot] run data modify entity @s {} merge value {transformation:[-0.6725865009397467f,0.24087450703439897f,0.6997191369503648f,-0.30182019112858816f,0.1972849967184448f,0.9696867387455236f,-0.14417440400734677f,0.5133586545456261f,-0.7132363064394797f,0.04107432972071107f,-0.6997191369503645f,0.011967749647141812f,0f,0f,0f,1f],start_interpolation:0}
execute if entity @s[tag=aj.tutankhamen.bone.right_leg] run data modify entity @s {} merge value {transformation:[-0.6725865009397467f,0.4903099479725309f,0.5542775060137314f,-0.06629126073623881f,0.1972849967184448f,0.8407005750898862f,-0.5042828304764477f,0.875f,-0.7132363064394797f,-0.22982318847911862f,-0.662174654614521f,-0.06629126073623884f,0f,0f,0f,1f],start_interpolation:0}