execute if entity @s[tag=aj.tutankhamen.bone.head] run data modify entity @s {} merge value {transformation:[-0.8191520442889917f,-0.19852458815882013f,0.5381244430738459f,0f,1.3877787807814457e-17f,0.9381913359224842f,0.34611705707749296f,1.625f,-0.5735764363510464f,0.28352249486831804f,-0.768521350755123f,0f,0f,0f,0f,1f],start_interpolation:0}
execute if entity @s[tag=aj.tutankhamen.bone.back_cape] run data modify entity @s {} merge value {transformation:[-0.41469324265623897f,-0.862937798493722f,0.2887349483974226f,0.14218144857445988f,0f,0.3173046564050922f,0.9483236552061993f,1.625f,-0.9099612708765433f,0.3932634116650759f,-0.13158409687455144f,-0.06479581916503734f,0f,0f,0f,1f],start_interpolation:0}
execute if entity @s[tag=aj.tutankhamen.bone.left_hand] run data modify entity @s {} merge value {transformation:[-0.3386557345978305f,-0.7610790944041923f,0.5532367535557435f,0.4476934410236655f,-0.5771451900372335f,0.6324012131690407f,0.5166934634763739f,1.4020559246398805f,-0.7431121873855182f,-0.14431672683102298f,-0.653419435979594f,0.22467385843198992f,0f,0f,0f,1f],start_interpolation:0}
execute if entity @s[tag=aj.tutankhamen.bone.cape_left_back] run data modify entity @s {} merge value {transformation:[-0.41546293998925654f,-0.8631243461590163f,0.28706603519583096f,0.33104471585526163f,-0.5367066780223586f,0.48741301056800085f,0.6887485019186916f,1.4882330847919731f,-0.7343953208331926f,0.13207921939733186f,-0.6657466429068223f,0.169650678847579f,0f,0f,0f,1f],start_interpolation:0}
execute if entity @s[tag=aj.tutankhamen.bone.cape_left_side] run data modify entity @s {} merge value {transformation:[-0.41546293998925654f,-0.8631243461590163f,0.28706603519583096f,0.3600775458291041f,-0.5367066780223586f,0.48741301056800085f,0.6887485019186916f,1.4859999404931303f,-0.7343953208331926f,0.13207921939733186f,-0.6657466429068223f,0.36761827809111813f,0f,0f,0f,1f],start_interpolation:0}
execute if entity @s[tag=aj.tutankhamen.bone.left_arm] run data modify entity @s {} merge value {transformation:[-0.3386557345978305f,-0.8960498785564059f,0.28706603519583096f,0.14768840832161587f,-0.5771451900372335f,0.4387811877481115f,0.6887485019186916f,1.5f,-0.7431121873855182f,0.0675698484340968f,-0.6657466429068223f,0.23510024206227473f,0f,0f,0f,1f],start_interpolation:0}
execute if entity @s[tag=aj.tutankhamen.bone.cape_right_back] run data modify entity @s {} merge value {transformation:[-0.1727688575530354f,0.24308003362555963f,0.9544962122043313f,-0.04307204077674448f,0.8516582524173482f,0.5236850726098765f,0.020788598197495803f,1.4088122970818953f,-0.4948021250452018f,0.8164961983856297f,-0.297497588347481f,-0.44800986942199716f,0f,0f,0f,1f],start_interpolation:0}
execute if entity @s[tag=aj.tutankhamen.bone.cape_right] run data modify entity @s {} merge value {transformation:[-0.1727688575530354f,0.24308003362555963f,0.9544962122043313f,-0.3086912278204891f,0.8516582524173482f,0.5236850726098765f,0.020788598197495803f,1.5366867494727319f,-0.4948021250452018f,0.8164961983856297f,-0.297497588347481f,-0.4509483043734397f,0f,0f,0f,1f],start_interpolation:0}
execute if entity @s[tag=aj.tutankhamen.bone.weapon] run data modify entity @s {} merge value {transformation:[-0.28254906912319333f,-0.5959178983011265f,1.4965411974393141f,-0.28550617862177197f,1.392816100307538f,0.6728936463007376f,0.5309097146439412f,1.205980689181f,-0.8092076420010071f,1.366266325744574f,0.39126332932528207f,-0.8198416267648524f,0f,0f,0f,1f],start_interpolation:0}
execute if entity @s[tag=aj.tutankhamen.bone.right_hand] run data modify entity @s {} merge value {transformation:[-0.1727688575530354f,0.24308003362555963f,0.9544962122043313f,-0.13851208504124246f,0.8516582524173482f,0.5236850726098765f,0.020788598197495803f,1.3686666960063592f,-0.4948021250452018f,0.8164961983856297f,-0.297497588347481f,-0.546940861356146f,0f,0f,0f,1f],start_interpolation:0}
execute if entity @s[tag=aj.tutankhamen.bone.right_arm] run data modify entity @s {} merge value {transformation:[-0.1727688575530354f,0.24308003362555963f,0.9544962122043313f,-0.08054009124045855f,0.8516582524173482f,0.5236850726098765f,0.020788598197495803f,1.5f,-0.4948021250452018f,0.8164961983856297f,-0.297497588347481f,-0.26570149317098524f,0f,0f,0f,1f],start_interpolation:0}
execute if entity @s[tag=aj.tutankhamen.bone.body] run data modify entity @s {} merge value {transformation:[-0.41469324265623897f,0f,0.9099612708765433f,0f,0f,1f,0f,0.1875f,-0.9099612708765433f,0f,-0.41469324265623897f,0f,0f,0f,0f,1f],start_interpolation:0}
execute if entity @s[tag=aj.tutankhamen.bone.left_foot] run data modify entity @s {} merge value {transformation:[-0.7121887981512358f,0.5087921899227141f,0.4836503109288228f,-0.1340494224127225f,-0.01583414833665028f,0.6771539076245816f,-0.7356710305124244f,0.5792399825497658f,-0.7018093726464126f,-0.5315948578216386f,-0.4742051366267984f,0.3207955539284061f,0f,0f,0f,1f],start_interpolation:0}
execute if entity @s[tag=aj.tutankhamen.bone.left_leg] run data modify entity @s {} merge value {transformation:[-0.7121887981512358f,0.5087921899227141f,0.4836503109288228f,0.06629126073623881f,-0.01583414833665028f,0.6771539076245816f,-0.7356710305124244f,0.875f,-0.7018093726464126f,-0.5315948578216386f,-0.4742051366267984f,0.06629126073623884f,0f,0f,0f,1f],start_interpolation:0}
execute if entity @s[tag=aj.tutankhamen.bone.right_foot] run data modify entity @s {} merge value {transformation:[-0.6101298286770511f,0.46493739653127153f,0.6415409647600341f,-0.4225086202225037f,0.22716375182849607f,0.8783770538815728f,-0.42053582614270746f,0.9050169094943815f,-0.7590376947251788f,-0.11084659905044991f,-0.6415409647600337f,0.1878563153785832f,0f,0f,0f,1f],start_interpolation:0}
execute if entity @s[tag=aj.tutankhamen.bone.right_leg] run data modify entity @s {} merge value {transformation:[-0.6101298286770511f,0.7706304053488161f,-0.18403904615714492f,-0.06629126073623881f,0.22716375182849607f,-0.052384096570836536f,-0.9724466752895289f,0.875f,-0.7590376947251788f,-0.635125723599963f,-0.1430981942859852f,-0.06629126073623884f,0f,0f,0f,1f],start_interpolation:0}