execute if entity @s[tag=aj.frestchika_v2.bone.hair] run data modify entity @s {} merge value {transformation:[-0.7388929324932669f,0.49389605749460985f,-0.458370940072319f,-0.03168104057608845f,0.17513216398591766f,0.7976402455287757f,0.5771470903074917f,0.9599830424874597f,0.650665781679896f,0.3461744113941344f,-0.6758678254265508f,-0.1219347386579972f,0f,0f,0f,1f],start_interpolation:0}
execute if entity @s[tag=aj.frestchika_v2.bone.side_hair_2] run data modify entity @s {} merge value {transformation:[-0.8229390589934964f,0.2893126238167581f,-0.4889473498068697f,0.6429806397721983f,-0.0037163132048072807f,0.8578666601838789f,0.5138589128945034f,0.9648117242649359f,0.5681175003457138f,0.42469165172536655f,-0.7048968057494073f,-0.12546862134629921f,0f,0f,0f,1f],start_interpolation:0}
execute if entity @s[tag=aj.frestchika_v2.bone.side_hair_1] run data modify entity @s {} merge value {transformation:[-0.7546640284733271f,0.4463049015858864f,-0.480930492845714f,0.6963876294614326f,0.148928566996353f,0.8303903923784537f,0.5369097486337627f,1.3099802985953837f,0.6389855131854101f,0.33356218470619503f,-0.6931333081545051f,0.10484684716354857f,0f,0f,0f,1f],start_interpolation:0}
execute if entity @s[tag=aj.frestchika_v2.bone.head] run data modify entity @s {} merge value {transformation:[-0.7388929324932669f,0.49389605749460985f,-0.458370940072319f,0.1852110215604787f,0.17513216398591766f,0.7976402455287757f,0.5771470903074917f,0.9397400920732909f,0.650665781679896f,0.3461744113941344f,-0.6758678254265508f,0.12981540427280042f,0f,0f,0f,1f],start_interpolation:0}
execute if entity @s[tag=aj.frestchika_v2.bone.group] run data modify entity @s {} merge value {transformation:[3.020968441265992e-7f,0.0000038116071068093597f,0.00000924015090569895f,0.38634441495898014f,4.317185503424889e-7f,0.000009230767755522738f,-0.000003821851087744247f,0.6722125760517188f,-0.000009986108180370316f,5.14371370628356e-7f,1.1430443131821289e-7f,-0.09153988204508452f,0f,0f,0f,1f],start_interpolation:0}
execute if entity @s[tag=aj.frestchika_v2.bone.group2] run data modify entity @s {} merge value {transformation:[3.020968441265992e-7f,0.0000038116071068093597f,0.00000924015090569895f,0.38634441495898014f,4.317185503424889e-7f,0.000009230767755522738f,-0.000003821851087744247f,0.6722125760517188f,-0.000009986108180370316f,5.14371370628356e-7f,1.1430443131821289e-7f,-0.09153988204508452f,0f,0f,0f,1f],start_interpolation:0}
execute if entity @s[tag=aj.frestchika_v2.bone.group3] run data modify entity @s {} merge value {transformation:[3.020968441265992e-7f,0.0000038116071068093597f,0.00000924015090569895f,0.38634441495898014f,4.317185503424889e-7f,0.000009230767755522738f,-0.000003821851087744247f,0.6722125760517188f,-0.000009986108180370316f,5.14371370628356e-7f,1.1430443131821289e-7f,-0.09153988204508452f,0f,0f,0f,1f],start_interpolation:0}
execute if entity @s[tag=aj.frestchika_v2.locator_origin.muzzle] at @s on origin run tp @s ^0.38635 ^0.67222 ^-0.09155 ~90.70874 ~-22.4691
execute if entity @s[tag=aj.frestchika_v2.bone.gun] run data modify entity @s {} merge value {transformation:[3.020968441265992e-7f,0.0000038116071068093597f,0.00000924015090569895f,0.38634947511683926f,4.317185503424889e-7f,0.000009230767755522738f,-0.000003821851087744247f,0.6722125355647827f,-0.000009986108180370316f,5.14371370628356e-7f,1.1430443131821289e-7f,-0.09154020011907131f,0f,0f,0f,1f],start_interpolation:0}
execute if entity @s[tag=aj.frestchika_v2.bone.sword] run data modify entity @s {} merge value {transformation:[0.4011297203135103f,-0.9369776320899423f,0.26209268693408755f,0.216524759441284f,0.9714367678234576f,0.36993022823705807f,-0.164277035696387f,0.4587177872944093f,0.054131928673557574f,0.30454762402554175f,1.0059051600913866f,-0.044300984202467815f,0f,0f,0f,1f],start_interpolation:0}
execute if entity @s[tag=aj.frestchika_v2.bone.arm_right_1] run data modify entity @s {} merge value {transformation:[0.03020968441265992f,0.38116071068093593f,0.924015090569895f,0.4231106486047803f,0.04317185503424889f,0.9230767755522737f,-0.3821851087744247f,0.6396142954547424f,-0.9986108180370314f,0.051437137062835606f,0.011430443131821288f,0.22109501153124955f,0f,0f,0f,1f],start_interpolation:0}
execute if entity @s[tag=aj.frestchika_v2.bone.arm_right_0] run data modify entity @s {} merge value {transformation:[0.8036368954353131f,0.38116071068093593f,0.45703856831595213f,0.12617477692758985f,-0.303309141667592f,0.9230767755522737f,-0.23650122836231877f,0.7552843248629351f,-0.5120266642236124f,0.051437137062835606f,0.8574280821473127f,0.34567368108593244f,0f,0f,0f,1f],start_interpolation:0}
execute if entity @s[tag=aj.frestchika_v2.bone.arm_left_1] run data modify entity @s {} merge value {transformation:[-0.7750930865832347f,0.5228215638942892f,-0.35480743996991393f,0.25459680805148804f,0.6317467217349922f,0.6512556166815007f,-0.4204309709308866f,0.7885979407492016f,0.011259960389110313f,-0.5500215760021852f,-0.8350745351309115f,-0.19729073070933564f,0f,0f,0f,1f],start_interpolation:0}
execute if entity @s[tag=aj.frestchika_v2.bone.arm_left_0] run data modify entity @s {} merge value {transformation:[-0.5295337900157112f,0.5228215638942892f,-0.6680206415663564f,0.05113355006478297f,0.7537621172993876f,0.6512556166815007f,-0.08779972816098047f,1.091200284270969f,0.38914860369265203f,-0.5500215760021852f,-0.7389449439411108f,-0.03239447743301094f,0f,0f,0f,1f],start_interpolation:0}
execute if entity @s[tag=aj.frestchika_v2.bone.right_wing_0] run data modify entity @s {} merge value {transformation:[0.0000030979624459572995f,0.0000049389605749460985f,-0.000008124610582825887f,-0.3770661245383578f,-0.000005334157591278029f,0.000007976402455287757f,0.0000028149185889986976f,0.7195576311064987f,0.000007870793573385677f,0.000003461744113941344f,0.0000051055789304194705f,0.45696005788291183f,0f,0f,0f,1f],start_interpolation:0}
execute if entity @s[tag=aj.frestchika_v2.bone.right_wing_1] run data modify entity @s {} merge value {transformation:[0.0000030979624459572995f,0.0000049389605749460985f,-0.000008124610582825887f,0.3672704258963013f,-0.000005334157591278029f,0.000007976402455287757f,0.0000028149185889986976f,1.3889445853551783f,0.000007870793573385677f,0.000003461744113941344f,0.0000051055789304194705f,0.10943332485549635f,0f,0f,0f,1f],start_interpolation:0}
execute if entity @s[tag=aj.frestchika_v2.bone.right_wing_2] run data modify entity @s {} merge value {transformation:[0.0000030979624459572995f,0.0000049389605749460985f,-0.000008124610582825887f,0.3560736482895539f,-0.000005334157591278029f,0.000007976402455287757f,0.0000028149185889986976f,1.3773226792460624f,0.000007870793573385677f,0.000003461744113941344f,0.0000051055789304194705f,0.09802330865849017f,0f,0f,0f,1f],start_interpolation:0}
execute if entity @s[tag=aj.frestchika_v2.bone.left_wing_0] run data modify entity @s {} merge value {transformation:[0.0000030979624459572995f,0.0000049389605749460985f,-0.000008124610582825887f,-0.3770661245383578f,-0.000005334157591278029f,0.000007976402455287757f,0.0000028149185889986976f,0.7195576311064987f,0.000007870793573385677f,0.000003461744113941344f,0.0000051055789304194705f,0.45696005788291183f,0f,0f,0f,1f],start_interpolation:0}
execute if entity @s[tag=aj.frestchika_v2.bone.left_wing_1] run data modify entity @s {} merge value {transformation:[0.0000030979624459572995f,0.0000049389605749460985f,-0.000008124610582825887f,0.3672704258963013f,-0.000005334157591278029f,0.000007976402455287757f,0.0000028149185889986976f,1.3889445853551783f,0.000007870793573385677f,0.000003461744113941344f,0.0000051055789304194705f,0.10943332485549635f,0f,0f,0f,1f],start_interpolation:0}
execute if entity @s[tag=aj.frestchika_v2.bone.left_wing_2] run data modify entity @s {} merge value {transformation:[0.0000030979624459572995f,0.0000049389605749460985f,-0.000008124610582825887f,0.3560736482895539f,-0.000005334157591278029f,0.000007976402455287757f,0.0000028149185889986976f,1.3773226792460624f,0.000007870793573385677f,0.000003461744113941344f,0.0000051055789304194705f,0.09802330865849017f,0f,0f,0f,1f],start_interpolation:0}
execute if entity @s[tag=aj.frestchika_v2.bone.leg_right_1] run data modify entity @s {} merge value {transformation:[-0.9499815653753312f,-0.06941879569261987f,-0.3044931136357955f,0.08196377954082212f,-0.07427322510792472f,0.9972283377182467f,0.0043738408486306f,0.3866465746034259f,0.30334553479341486f,0.026770753748968923f,-0.952504495141419f,0.509864232687826f,0f,0f,0f,1f],start_interpolation:0}
execute if entity @s[tag=aj.frestchika_v2.bone.leg_right_0] run data modify entity @s {} merge value {transformation:[-0.9499815653753312f,-0.31230038837790197f,0.00186892109163668f,-0.01740675790229318f,-0.07427322510792472f,0.22010987978016971f,-0.9726433718764684f,0.36562128266993604f,0.30334553479341486f,-0.9241320837640965f,-0.23229588519542588f,0.19351939175094907f,0f,0f,0f,1f],start_interpolation:0}
execute if entity @s[tag=aj.frestchika_v2.bone.leg_left_1] run data modify entity @s {} merge value {transformation:[-0.9703362496219645f,0.1824334226894426f,-0.1586367200726094f,-0.005854922048915967f,-0.082019002320208f,0.3688472042513237f,0.9258642574235055f,0.1518042916148414f,0.2274212961179713f,0.9114108767190555f,-0.3429428055379272f,-0.3204824533778321f,0f,0f,0f,1f],start_interpolation:0}
execute if entity @s[tag=aj.frestchika_v2.bone.leg_left_0] run data modify entity @s {} merge value {transformation:[-0.9703362496219645f,0.16485198074461505f,-0.1768371768440034f,0.03973793514378554f,-0.082019002320208f,0.46360578869624125f,0.8822372447056025f,0.36261441517593535f,0.2274212961179713f,0.8705707881223176f,-0.4363325073153602f,-0.04992363095568551f,0f,0f,0f,1f],start_interpolation:0}
execute if entity @s[tag=aj.frestchika_v2.bone.body_0] run data modify entity @s {} merge value {transformation:[-0.22507956778432625f,0.13996817599954542f,-0.9642344620855351f,0.05446824307060555f,0.03678104840354088f,0.9901431371015225f,0.13514334067608264f,0.6704433819637192f,0.9736459020836876f,-0.00504754971402753f,-0.2280091655998222f,0.07023629470485451f,0f,0f,0f,1f],start_interpolation:0}
execute if entity @s[tag=aj.frestchika_v2.bone.body_1] run data modify entity @s {} merge value {transformation:[0.3097962445957299f,0.49389605749460985f,-0.8124610582825886f,0f,-0.5334157591278028f,0.7976402455287757f,0.2814918588998697f,0.640625f,0.7870793573385676f,0.3461744113941344f,0.510557893041947f,0f,0f,0f,0f,1f],start_interpolation:0}