execute if entity @s[tag=aj.frestchika_v2.bone.hair] run data modify entity @s {} merge value {transformation:[-0.9943017603072621f,-0.000025192243507516504f,0.10660210511631807f,0.036003264932347394f,0.002972493726359944f,0.999604585612791f,0.027961343010079975f,1.4061058134241042f,-0.10656065751921018f,0.028118886664152704f,-0.9939085242022236f,-0.2731458504583505f,0f,0f,0f,1f],start_interpolation:0}
execute if entity @s[tag=aj.frestchika_v2.bone.side_hair_2] run data modify entity @s {} merge value {transformation:[-0.9942821127790086f,-0.0061586567461290745f,0.10660746294136249f,0.49014955267795235f,-0.0034594557074948294f,0.9996692059982603f,0.025485500682065083f,1.7265239340537752f,-0.10672915428278484f,0.024970973667260508f,-0.9939745158202953f,0.0719473890826212f,0f,0f,0f,1f],start_interpolation:0}
execute if entity @s[tag=aj.frestchika_v2.bone.side_hair_1] run data modify entity @s {} merge value {transformation:[-0.9943017603072621f,0.00014514686324655033f,0.10660200927875492f,0.3328382477156546f,0.002972493726359944f,0.9996479887984299f,0.02636404317059411f,2.1141430601198374f,-0.10656065751921018f,0.026530688337136846f,-0.9939521863980336f,0.0653570380501148f,0f,0f,0f,1f],start_interpolation:0}
execute if entity @s[tag=aj.frestchika_v2.bone.head] run data modify entity @s {} merge value {transformation:[-0.9943017603072621f,-0.000025192243507516504f,0.10660210511631807f,0.0060169355000081635f,0.002972493726359944f,0.999604585612791f,0.027961343010079975f,1.5762962525147977f,-0.10656065751921018f,0.028118886664152704f,-0.9939085242022236f,0.01139959866057708f,0f,0f,0f,1f],start_interpolation:0}
execute if entity @s[tag=aj.frestchika_v2.bone.group] run data modify entity @s {} merge value {transformation:[-0.000006581031745700645f,-0.000006365917065064544f,0.000004020587156473585f,-0.4816224993983952f,-0.000007367610893123557f,0.000004344084431334717f,-0.0000051814322518935285f,1.001435309101975f,0.0000015518797922543615f,-0.000006372129186869593f,-0.0000075490157461908384f,-0.2242079634070509f,0f,0f,0f,1f],start_interpolation:0}
execute if entity @s[tag=aj.frestchika_v2.bone.group2] run data modify entity @s {} merge value {transformation:[-0.000006581031745700645f,-0.000006365917065064544f,0.000004020587156473585f,-0.4816224993983952f,-0.000007367610893123557f,0.000004344084431334717f,-0.0000051814322518935285f,1.001435309101975f,0.0000015518797922543615f,-0.000006372129186869593f,-0.0000075490157461908384f,-0.2242079634070509f,0f,0f,0f,1f],start_interpolation:0}
execute if entity @s[tag=aj.frestchika_v2.bone.group3] run data modify entity @s {} merge value {transformation:[-0.000006581031745700645f,-0.000006365917065064544f,0.000004020587156473585f,-0.4816224993983952f,-0.000007367610893123557f,0.000004344084431334717f,-0.0000051814322518935285f,1.001435309101975f,0.0000015518797922543615f,-0.000006372129186869593f,-0.0000075490157461908384f,-0.2242079634070509f,0f,0f,0f,1f],start_interpolation:0}
execute if entity @s[tag=aj.frestchika_v2.locator_origin.muzzle] at @s on origin run tp @s ^-0.48163 ^1.00143 ^-0.22421 ~28.03965 ~-31.20778
execute if entity @s[tag=aj.frestchika_v2.bone.gun] run data modify entity @s {} merge value {transformation:[-0.000006581031745700645f,-0.000006365917065064544f,0.000004020587156473585f,-0.4816221168434784f,-0.000007367610893123557f,0.000004344084431334717f,-0.0000051814322518935285f,1.0014333494646772f,0.0000015518797922543615f,-0.000006372129186869593f,-0.0000075490157461908384f,-0.2242126240380392f,0f,0f,0f,1f],start_interpolation:0}
execute if entity @s[tag=aj.frestchika_v2.bone.sword] run data modify entity @s {} merge value {transformation:[-0.6699427460103276f,-0.21241444910526397f,0.7833144521706776f,-0.30827821342539685f,0.4571671014692343f,0.7404726089398601f,0.5917966448401139f,0.9713255473217279f,-0.6705965034969691f,0.7170112476949744f,-0.37910409161144043f,-0.010870545756526684f,0f,0f,0f,1f],start_interpolation:0}
execute if entity @s[tag=aj.frestchika_v2.bone.arm_right_1] run data modify entity @s {} merge value {transformation:[-0.6581031745700644f,-0.6365917065064544f,0.40205871564735846f,-0.2558649230431324f,-0.7367610893123556f,0.4344084431334717f,-0.5181432251893529f,1.2057633226371944f,0.15518797922543615f,-0.6372129186869593f,-0.7549015746190838f,-0.31045505100316284f,0f,0f,0f,1f],start_interpolation:0}
execute if entity @s[tag=aj.frestchika_v2.bone.arm_right_0] run data modify entity @s {} merge value {transformation:[-0.3106765699387456f,-0.6365917065064544f,0.7058548491710571f,-0.15165064642220605f,-0.900703958944052f,0.4344084431334717f,-0.00465648761030399f,1.5436083800165719f,-0.3036650247124407f,-0.6372129186869593f,-0.7083411953464511f,-0.18424794056701915f,0f,0f,0f,1f],start_interpolation:0}
execute if entity @s[tag=aj.frestchika_v2.bone.arm_left_1] run data modify entity @s {} merge value {transformation:[0.2826885854891621f,0.5706306998753344f,0.7710173590743093f,0.2169400467288225f,0.8228530529024026f,0.2688203798901104f,-0.5006480367333248f,1.18125322512154f,-0.4929503189605748f,0.7759614730871132f,-0.3935527605304592f,0.29906127509772756f,0f,0f,0f,1f],start_interpolation:0}
execute if entity @s[tag=aj.frestchika_v2.bone.arm_left_0] run data modify entity @s {} merge value {transformation:[-0.0981571821695866f,0.5706306998753344f,0.8153194293945853f,0.16748568099355554f,0.960456890974542f,0.2688203798901104f,-0.07251319835211657f,1.5663423964907581f,-0.2605527358675077f,0.7759614730871132f,-0.5744528388966619f,0.20202084123693273f,0f,0f,0f,1f],start_interpolation:0}
execute if entity @s[tag=aj.frestchika_v2.bone.right_wing_0] run data modify entity @s {} merge value {transformation:[-0.000006389251667511805f,1.6045161333355105e-7f,0.000007691015434191786f,0.3044373353171326f,3.36341220163775e-7f,0.000009994090543251747f,7.091401063809466e-8f,1.2471498783754966f,-0.000007685332635144452f,3.039892976153888e-7f,-0.000006390872616014103f,-0.5123059091317927f,0f,0f,0f,1f],start_interpolation:0}
execute if entity @s[tag=aj.frestchika_v2.bone.right_wing_1] run data modify entity @s {} merge value {transformation:[-0.000006389251667511805f,1.6045161333355105e-7f,0.000007691015434191786f,0.11588864290415116f,3.36341220163775e-7f,0.000009994090543251747f,7.091401063809466e-8f,2.0102740338788516f,-0.000007685332635144452f,3.039892976153888e-7f,-0.000006390872616014103f,0.19831462172602488f,0f,0f,0f,1f],start_interpolation:0}
execute if entity @s[tag=aj.frestchika_v2.bone.right_wing_2] run data modify entity @s {} merge value {transformation:[-0.000006389251667511805f,1.6045161333355105e-7f,0.000007691015434191786f,0.11958107842134563f,3.36341220163775e-7f,0.000009994090543251747f,7.091401063809466e-8f,1.991324900847652f,-0.000007685332635144452f,3.039892976153888e-7f,-0.000006390872616014103f,0.20254797468996133f,0f,0f,0f,1f],start_interpolation:0}
execute if entity @s[tag=aj.frestchika_v2.bone.left_wing_0] run data modify entity @s {} merge value {transformation:[-0.000006389251667511805f,1.6045161333355105e-7f,0.000007691015434191786f,0.3044373353171326f,3.36341220163775e-7f,0.000009994090543251747f,7.091401063809466e-8f,1.2471498783754966f,-0.000007685332635144452f,3.039892976153888e-7f,-0.000006390872616014103f,-0.5123059091317927f,0f,0f,0f,1f],start_interpolation:0}
execute if entity @s[tag=aj.frestchika_v2.bone.left_wing_1] run data modify entity @s {} merge value {transformation:[-0.000006389251667511805f,1.6045161333355105e-7f,0.000007691015434191786f,0.11588864290415116f,3.36341220163775e-7f,0.000009994090543251747f,7.091401063809466e-8f,2.0102740338788516f,-0.000007685332635144452f,3.039892976153888e-7f,-0.000006390872616014103f,0.19831462172602488f,0f,0f,0f,1f],start_interpolation:0}
execute if entity @s[tag=aj.frestchika_v2.bone.left_wing_2] run data modify entity @s {} merge value {transformation:[-0.000006389251667511805f,1.6045161333355105e-7f,0.000007691015434191786f,0.11958107842134563f,3.36341220163775e-7f,0.000009994090543251747f,7.091401063809466e-8f,1.991324900847652f,-0.000007685332635144452f,3.039892976153888e-7f,-0.000006390872616014103f,0.20254797468996133f,0f,0f,0f,1f],start_interpolation:0}
execute if entity @s[tag=aj.frestchika_v2.bone.leg_right_1] run data modify entity @s {} merge value {transformation:[-0.48736170858402805f,-0.2346942463835039f,0.8410690671523569f,-0.32654745047079686f,0.014664194060807087f,0.9608673926776239f,0.2766203446991053f,0.6032371396563098f,-0.8730770449499882f,0.14714776384092287f,-0.4648483722441243f,0.02309825928267939f,0f,0f,0f,1f],start_interpolation:0}
execute if entity @s[tag=aj.frestchika_v2.bone.leg_right_0] run data modify entity @s {} merge value {transformation:[-0.48736170858402805f,0.5330554538663727f,0.6916143781829381f,-0.11648556767560092f,0.014664194060807087f,0.7969302855042669f,-0.6038932699232825f,0.8368532787552367f,-0.8730770449499882f,-0.2841724883752875f,-0.3962101341863848f,-0.09023689971652377f,0f,0f,0f,1f],start_interpolation:0}
execute if entity @s[tag=aj.frestchika_v2.bone.leg_left_1] run data modify entity @s {} merge value {transformation:[-0.5165104125262798f,0.008171231104923626f,0.8562419195146673f,-0.06697294750428928f,0.0216423886659763f,0.9997595987953891f,0.0035144884853340608f,0.46687981284748686f,-0.8560073602281485f,0.02034639031161678f,-0.5165630877603665f,0.16223057213723302f,0f,0f,0f,1f],start_interpolation:0}
execute if entity @s[tag=aj.frestchika_v2.bone.leg_left_0] run data modify entity @s {} merge value {transformation:[-0.5165104125262798f,0.17139976303670393f,0.8389511994048843f,0.0019332666199098208f,0.0216423886659763f,0.9820617951074334f,-0.1873132072310877f,0.830474914913625f,-0.8560073602281485f,-0.07859231400924213f,-0.5109546432061357f,0.12984567469947617f,0f,0f,0f,1f],start_interpolation:0}
execute if entity @s[tag=aj.frestchika_v2.bone.body_0] run data modify entity @s {} merge value {transformation:[-0.47354731002243894f,0.15363259152481623f,0.8672658023881035f,0f,0.02633570462111847f,0.9866991056051666f,-0.1604098053738412f,1.201517857142857f,-0.8803745656438634f,-0.05312157583631505f,-0.4712947298114474f,0f,0f,0f,0f,1f],start_interpolation:0}
execute if entity @s[tag=aj.frestchika_v2.bone.body_1] run data modify entity @s {} merge value {transformation:[-0.6389251667511805f,0.016045161333355103f,0.7691015434191786f,0f,0.0336341220163775f,0.9994090543251746f,0.007091401063809465f,1.201517857142857f,-0.7685332635144451f,0.03039892976153888f,-0.6390872616014103f,0f,0f,0f,0f,1f],start_interpolation:0}