execute if entity @s[tag=aj.frestchika_v2.bone.hair] run data modify entity @s {} merge value {transformation:[-0.7334895197096518f,0.49847218120268455f,-0.4620807386627823f,-0.03182349707462906f,0.17999947642385428f,0.7980106439138366f,0.5751340719235493f,0.9594898032490348f,0.6554336831161813f,0.3386805231590118f,-0.6750571755558897f,-0.12318210262816356f,0f,0f,0f,1f],start_interpolation:0}
execute if entity @s[tag=aj.frestchika_v2.bone.side_hair_2] run data modify entity @s {} merge value {transformation:[-0.8123145920438765f,0.32878094208331726f,-0.48171370716993006f,0.6321648826753701f,0.022345833230731194f,0.8428950081411714f,0.5376138660673841f,0.9655361349950023f,0.5827912724894009f,0.4259472941262819f,-0.6920427987752519f,-0.13340071051627572f,0f,0f,0f,1f],start_interpolation:0}
execute if entity @s[tag=aj.frestchika_v2.bone.side_hair_1] run data modify entity @s {} merge value {transformation:[-0.7402114195717301f,0.47457136764896074f,-0.4763077485653569f,0.6988064560518172f,0.16911265504723938f,0.8170289945161036f,0.5512390878946072f,1.3087245633550886f,0.650759528734292f,0.32748379979443254f,-0.6850302158545435f,0.096424156775182f,0f,0f,0f,1f],start_interpolation:0}
execute if entity @s[tag=aj.frestchika_v2.bone.head] run data modify entity @s {} merge value {transformation:[-0.7334895197096518f,0.49847218120268455f,-0.4620807386627823f,0.18692706795100672f,0.17999947642385428f,0.7980106439138366f,0.5751340719235493f,0.9398789914676887f,0.6554336831161813f,0.3386805231590118f,-0.6750571755558897f,0.12700519618462944f,0f,0f,0f,1f],start_interpolation:0}
execute if entity @s[tag=aj.frestchika_v2.bone.group] run data modify entity @s {} merge value {transformation:[1.2272902512332318e-7f,0.0000037559174135780905f,0.000009267039547167862f,0.38399539167869373f,4.533245831947242e-7f,0.000009256118504712644f,-0.0000037574947836274526f,0.6751313964286689f,-0.000009988965632569951f,4.662130511869465e-7f,-5.666552955147564e-8f,-0.09812125817717024f,0f,0f,0f,1f],start_interpolation:0}
execute if entity @s[tag=aj.frestchika_v2.bone.group2] run data modify entity @s {} merge value {transformation:[1.2272902512332318e-7f,0.0000037559174135780905f,0.000009267039547167862f,0.38399539167869373f,4.533245831947242e-7f,0.000009256118504712644f,-0.0000037574947836274526f,0.6751313964286689f,-0.000009988965632569951f,4.662130511869465e-7f,-5.666552955147564e-8f,-0.09812125817717024f,0f,0f,0f,1f],start_interpolation:0}
execute if entity @s[tag=aj.frestchika_v2.bone.group3] run data modify entity @s {} merge value {transformation:[1.2272902512332318e-7f,0.0000037559174135780905f,0.000009267039547167862f,0.38399539167869373f,4.533245831947242e-7f,0.000009256118504712644f,-0.0000037574947836274526f,0.6751313964286689f,-0.000009988965632569951f,4.662130511869465e-7f,-5.666552955147564e-8f,-0.09812125817717024f,0f,0f,0f,1f],start_interpolation:0}
execute if entity @s[tag=aj.frestchika_v2.locator_origin.muzzle] at @s on origin run tp @s ^0.384 ^0.67513 ^-0.09813 ~89.64966 ~-22.07064
execute if entity @s[tag=aj.frestchika_v2.bone.gun] run data modify entity @s {} merge value {transformation:[1.2272902512332318e-7f,0.0000037559174135780905f,0.000009267039547167862f,0.38400044559091956f,4.533245831947242e-7f,0.000009256118504712644f,-0.0000037574947836274526f,0.6751313918747985f,-0.000009988965632569951f,4.662130511869465e-7f,-5.666552955147564e-8f,-0.09812166555695415f,0f,0f,0f,1f],start_interpolation:0}
execute if entity @s[tag=aj.frestchika_v2.bone.sword] run data modify entity @s {} merge value {transformation:[0.3952689926875448f,-0.93400012713501f,0.28094643267277664f,0.21652256592118493f,0.974104655317454f,0.36278715663181665f,-0.164408976555011f,0.46036489625889504f,0.049063795293863066f,0.3217980012287013f,1.0007814459194249f,-0.04833715696318751f,0f,0f,0f,1f],start_interpolation:0}
execute if entity @s[tag=aj.frestchika_v2.bone.arm_right_1] run data modify entity @s {} merge value {transformation:[0.012272902512332318f,0.37559174135780904f,0.9267039547167862f,0.426501252360023f,0.04533245831947241f,0.9256118504712644f,-0.37574947836274525f,0.642179755577855f,-0.998896563256995f,0.046621305118694646f,-0.0056665529551475635f,0.21374797994810707f,0f,0f,0f,1f],start_interpolation:0}
execute if entity @s[tag=aj.frestchika_v2.bone.arm_right_0] run data modify entity @s {} merge value {transformation:[0.7965575862049001f,0.37559174135780904f,0.47373711664089785f,0.1310153542048187f,-0.29669295258020556f,0.9256118504712644f,-0.2349808378493909f,0.7555312992027026f,-0.5267535512444722f,0.046621305118694646f,0.8487385640822305f,0.343785759263491f,0f,0f,0f,1f],start_interpolation:0}
execute if entity @s[tag=aj.frestchika_v2.bone.arm_left_1] run data modify entity @s {} merge value {transformation:[-0.7653719116194925f,0.5248553124809223f,-0.3724684387494829f,0.2471649933163324f,0.6430057567149401f,0.648223957250609f,-0.4078594096962922f,0.7870699055972782f,0.02737578739271379f,-0.5516634863817924f,-0.8336173966861026f,-0.20364730912947446f,0f,0f,0f,1f],start_interpolation:0}
execute if entity @s[tag=aj.frestchika_v2.bone.arm_left_0] run data modify entity @s {} merge value {transformation:[-0.5128542340384042f,0.5248553124809223f,-0.6793433856227903f,0.05051509202125556f,0.7580866215551864f,0.648223957250609f,-0.07148689016459175f,1.0911981403464102f,0.4028463836848053f,-0.5516634863817924f,-0.7303301917250583f,-0.03337962825898908f,0f,0f,0f,1f],start_interpolation:0}
execute if entity @s[tag=aj.frestchika_v2.bone.right_wing_0] run data modify entity @s {} merge value {transformation:[0.0000032108870888883993f,0.000004984721812026846f,-0.000008052499770823567f,-0.3705876973494547f,-0.000005328456839049407f,0.000007980106439138366f,0.0000028152173867056885f,0.7197017931884802f,0.000007829288078541842f,0.0000033868052315901185f,0.000005218409576343775f,0.4622048640812647f,0f,0f,0f,1f],start_interpolation:0}
execute if entity @s[tag=aj.frestchika_v2.bone.right_wing_1] run data modify entity @s {} merge value {transformation:[0.0000032108870888883993f,0.000004984721812026846f,-0.000008052499770823567f,0.3685253845522561f,-0.000005328456839049407f,0.000007980106439138366f,0.0000028152173867056885f,1.389132349972491f,0.000007829288078541842f,0.0000033868052315901185f,0.000005218409576343775f,0.10378443106215747f,0f,0f,0f,1f],start_interpolation:0}
execute if entity @s[tag=aj.frestchika_v2.bone.right_wing_2] run data modify entity @s {} merge value {transformation:[0.0000032108870888883993f,0.000004984721812026846f,-0.000008052499770823567f,0.3571722267241504f,-0.000005328456839049407f,0.000007980106439138366f,0.0000028152173867056885f,1.3774999359235123f,0.000007829288078541842f,0.0000033868052315901185f,0.000005218409576343775f,0.09254086620383721f,0f,0f,0f,1f],start_interpolation:0}
execute if entity @s[tag=aj.frestchika_v2.bone.left_wing_0] run data modify entity @s {} merge value {transformation:[0.0000032108870888883993f,0.000004984721812026846f,-0.000008052499770823567f,-0.3705876973494547f,-0.000005328456839049407f,0.000007980106439138366f,0.0000028152173867056885f,0.7197017931884802f,0.000007829288078541842f,0.0000033868052315901185f,0.000005218409576343775f,0.4622048640812647f,0f,0f,0f,1f],start_interpolation:0}
execute if entity @s[tag=aj.frestchika_v2.bone.left_wing_1] run data modify entity @s {} merge value {transformation:[0.0000032108870888883993f,0.000004984721812026846f,-0.000008052499770823567f,0.3685253845522561f,-0.000005328456839049407f,0.000007980106439138366f,0.0000028152173867056885f,1.389132349972491f,0.000007829288078541842f,0.0000033868052315901185f,0.000005218409576343775f,0.10378443106215747f,0f,0f,0f,1f],start_interpolation:0}
execute if entity @s[tag=aj.frestchika_v2.bone.left_wing_2] run data modify entity @s {} merge value {transformation:[0.0000032108870888883993f,0.000004984721812026846f,-0.000008052499770823567f,0.3571722267241504f,-0.000005328456839049407f,0.000007980106439138366f,0.0000028152173867056885f,1.3774999359235123f,0.000007829288078541842f,0.0000033868052315901185f,0.000005218409576343775f,0.09254086620383721f,0f,0f,0f,1f],start_interpolation:0}
execute if entity @s[tag=aj.frestchika_v2.bone.leg_right_1] run data modify entity @s {} merge value {transformation:[-0.9500269061291948f,-0.06949737080048453f,-0.30433368706472486f,0.0828895425614261f,-0.07408314831191082f,0.9972458119380869f,0.003532379954227449f,0.3870864873891152f,0.30325000373748634f,0.025901853674313996f,-0.9525589373941379f,0.5093171251462435f,0f,0f,0f,1f],start_interpolation:0}
execute if entity @s[tag=aj.frestchika_v2.bone.leg_right_0] run data modify entity @s {} merge value {transformation:[-0.9500269061291948f,-0.3121617476191483f,0.0019801398811979537f,-0.016426376378315094f,-0.07408314831191082f,0.21929214698221244f,-0.9728425573586545f,0.36578186948732155f,0.30325000373748634f,-0.9243732999147537f,-0.23145936498211445f,0.1929738203313426f,0f,0f,0f,1f],start_interpolation:0}
execute if entity @s[tag=aj.frestchika_v2.bone.leg_left_1] run data modify entity @s {} merge value {transformation:[-0.9703682811783574f,0.18225316257063723f,-0.15864798648568212f,-0.0035247587892630328f,-0.0818957039216215f,0.36964411553315024f,0.9255573032129867f,0.1486848418382247f,0.22732904029653225f,0.9111240379798548f,-0.343765173996933f,-0.3165390332935246f,0f,0f,0f,1f],start_interpolation:0}
execute if entity @s[tag=aj.frestchika_v2.bone.leg_left_0] run data modify entity @s {} merge value {transformation:[-0.9703682811783574f,0.16467153044875638f,-0.17682953922527933f,0.040759367399278684f,-0.0818957039216215f,0.4643662489627647f,0.8818486721107162f,0.36256998778145577f,0.22732904029653225f,0.8701995598044829f,-0.4371203879412875f,-0.05045694400322326f,0f,0f,0f,1f],start_interpolation:0}
execute if entity @s[tag=aj.frestchika_v2.bone.body_0] run data modify entity @s {} merge value {transformation:[-0.22524558860898386f,0.13989546005565023f,-0.964206246125802f,0.055446653465198587f,0.03760124803069523f,0.9901488482892804f,0.1348755143750928f,0.6705032285738848f,0.9735761762485393f,-0.005875243588964615f,-0.22828690403534713f,0.06944078467872375f,0f,0f,0f,1f],start_interpolation:0}
execute if entity @s[tag=aj.frestchika_v2.bone.body_1] run data modify entity @s {} merge value {transformation:[0.3210887088888399f,0.49847218120268455f,-0.8052499770823567f,0f,-0.5328456839049407f,0.7980106439138366f,0.28152173867056884f,0.640625f,0.7829288078541842f,0.3386805231590118f,0.5218409576343774f,0f,0f,0f,0f,1f],start_interpolation:0}