execute if entity @s[tag=aj.frestchika_v2.bone.hair] run data modify entity @s {} merge value {transformation:[-0.9834058127634827f,-0.014273647746529186f,0.18085704410666964f,0.0998404706885668f,0.026755981619360252f,0.9745879156058532f,0.22240169109658955f,1.3837979638282116f,-0.17943557303550017f,0.2235501235406646f,-0.9580335157990951f,-0.2134927715398565f,0f,0f,0f,1f],start_interpolation:0}
execute if entity @s[tag=aj.frestchika_v2.bone.side_hair_2] run data modify entity @s {} merge value {transformation:[-0.9780728286660819f,-0.09624982407108913f,0.18468760973983506f,0.5186397069093772f,-0.07268241202403689f,0.9887942519213723f,0.13039629730027585f,1.624459719678317f,-0.1951686675865196f,0.11411353440121903f,-0.9741084603158747f,0.24332251791971715f,0f,0f,0f,1f],start_interpolation:0}
execute if entity @s[tag=aj.frestchika_v2.bone.side_hair_1] run data modify entity @s {} merge value {transformation:[-0.9834058127634827f,-0.003330405131212138f,0.18138885253690712f,0.36170686760069226f,0.026755981619360252f,0.9862357061659502f,0.1631663241325674f,2.0106486676292046f,-0.17943557303550017f,0.1653119484036517f,-0.9697808179400178f,0.2789461998601299f,0f,0f,0f,1f],start_interpolation:0}
execute if entity @s[tag=aj.frestchika_v2.bone.head] run data modify entity @s {} merge value {transformation:[-0.9834058127634827f,-0.014273647746529186f,0.18085704410666964f,0.04643193352871545f,0.026755981619360252f,0.9745879156058532f,0.22240169109658955f,1.4948459606745885f,-0.17943557303550017f,0.2235501235406646f,-0.9580335157990951f,0.09577402053431991f,0f,0f,0f,1f],start_interpolation:0}
execute if entity @s[tag=aj.frestchika_v2.bone.group] run data modify entity @s {} merge value {transformation:[-0.0000019612790228855273f,-0.0000024404352142230013f,0.000009497244893102923f,-0.16268797264335869f,-0.0000031441145220176916f,0.00000933048848881895f,0.0000017482930053210668f,1.3060391649198813f,-0.000009288052996555664f,-0.0000026431535190369556f,-0.000002597269914347737f,-0.7727539780603103f,0f,0f,0f,1f],start_interpolation:0}
execute if entity @s[tag=aj.frestchika_v2.bone.group2] run data modify entity @s {} merge value {transformation:[-0.0000019612790228855273f,-0.0000024404352142230013f,0.000009497244893102923f,-0.16268797264335869f,-0.0000031441145220176916f,0.00000933048848881895f,0.0000017482930053210668f,1.3060391649198813f,-0.000009288052996555664f,-0.0000026431535190369556f,-0.000002597269914347737f,-0.7727539780603103f,0f,0f,0f,1f],start_interpolation:0}
execute if entity @s[tag=aj.frestchika_v2.bone.group3] run data modify entity @s {} merge value {transformation:[-0.0000019612790228855273f,-0.0000024404352142230013f,0.000009497244893102923f,-0.16268797264335869f,-0.0000031441145220176916f,0.00000933048848881895f,0.0000017482930053210668f,1.3060391649198813f,-0.000009288052996555664f,-0.0000026431535190369556f,-0.000002597269914347737f,-0.7727539780603103f,0f,0f,0f,1f],start_interpolation:0}
execute if entity @s[tag=aj.frestchika_v2.locator_origin.muzzle] at @s on origin run tp @s ^-0.16269 ^1.30604 ^-0.77276 ~74.70495 ~10.06872
execute if entity @s[tag=aj.frestchika_v2.bone.gun] run data modify entity @s {} merge value {transformation:[-0.0000019612790228855273f,-0.0000024404352142230013f,0.000009497244893102923f,-0.16268407032637192f,-0.0000031441145220176916f,0.00000933048848881895f,0.0000017482930053210668f,1.306041586518451f,-0.000009288052996555664f,-0.0000026431535190369556f,-0.000002597269914347737f,-0.7727561264993517f,0f,0f,0f,1f],start_interpolation:0}
execute if entity @s[tag=aj.frestchika_v2.bone.sword] run data modify entity @s {} merge value {transformation:[-0.2568289615096145f,-0.9710695266700718f,0.313986577742832f,-0.16952063795428787f,0.9819312780748171f,-0.14687279241131887f,0.34894707347627607f,1.0612244806846152f,-0.2781628331899304f,0.37812308752847124f,0.9418986575049814f,-0.6493625962197177f,0f,0f,0f,1f],start_interpolation:0}
execute if entity @s[tag=aj.frestchika_v2.bone.arm_right_1] run data modify entity @s {} merge value {transformation:[-0.1961279022885527f,-0.2440435214223001f,0.9497244893102923f,-0.053908890478921875f,-0.31441145220176914f,0.9330488488818949f,0.17482930053210666f,1.4130380463782006f,-0.9288052996555664f,-0.26431535190369554f,-0.2597269914347737f,-0.4954935748903052f,0f,0f,0f,1f],start_interpolation:0}
execute if entity @s[tag=aj.frestchika_v2.bone.arm_right_0] run data modify entity @s {} merge value {transformation:[0.029187324903811707f,-0.2440435214223001f,0.9693249505283369f,-0.0713451526115678f,-0.2653658362964008f,0.9330488488818949f,0.2429008409349026f,1.5109236668580903f,-0.9637059058611559f,-0.26431535190369554f,-0.03752761325150383f,-0.13385255921077685f,0f,0f,0f,1f],start_interpolation:0}
execute if entity @s[tag=aj.frestchika_v2.bone.arm_left_1] run data modify entity @s {} merge value {transformation:[0.835503945130524f,0.12418334238443679f,0.5352678349626103f,0.010419984171302743f,0.3548729931302181f,0.6217809860330105f,-0.6981787479969709f,1.1650332810258601f,-0.41952153272285175f,0.773283197077272f,0.4754311524288478f,0.5195969377341112f,0f,0f,0f,1f],start_interpolation:0}
execute if entity @s[tag=aj.frestchika_v2.bone.arm_left_0] run data modify entity @s {} merge value {transformation:[0.5014329542072362f,0.12418334238443679f,0.8562379867240377f,0.20029019102014678f,0.633160670847954f,0.6217809860330105f,-0.460972852019711f,1.424059710015288f,-0.589637649176486f,0.773283197077272f,0.23315346832414968f,0.280827459709465f,0f,0f,0f,1f],start_interpolation:0}
execute if entity @s[tag=aj.frestchika_v2.bone.right_wing_0] run data modify entity @s {} merge value {transformation:[-0.00000547955204701898f,0.0000012381848940990786f,0.000008272932220925962f,0.3591587039822478f,0.0000028064792106652706f,0.000009588749427512842f,4.237438571540882e-7f,1.248896300060943f,-0.000007880240085436089f,0.0000025539738809151976f,-0.00000560169917181289f,-0.46402081778938364f,0f,0f,0f,1f],start_interpolation:0}
execute if entity @s[tag=aj.frestchika_v2.bone.right_wing_1] run data modify entity @s {} merge value {transformation:[-0.00000547955204701898f,0.0000012381848940990786f,0.000008272932220925962f,0.18386863009701854f,0.0000028064792106652706f,0.000009588749427512842f,4.237438571540882e-7f,1.8605983891402489f,-0.000007880240085436089f,0.0000025539738809151976f,-0.00000560169917181289f,0.38331888340095005f,0f,0f,0f,1f],start_interpolation:0}
execute if entity @s[tag=aj.frestchika_v2.bone.right_wing_2] run data modify entity @s {} merge value {transformation:[-0.00000547955204701898f,0.0000012381848940990786f,0.000008272932220925962f,0.1849717534499696f,0.0000028064792106652706f,0.000009588749427512842f,4.237438571540882e-7f,1.8408654344569966f,-0.000007880240085436089f,0.0000025539738809151976f,-0.00000560169917181289f,0.3834553324276315f,0f,0f,0f,1f],start_interpolation:0}
execute if entity @s[tag=aj.frestchika_v2.bone.left_wing_0] run data modify entity @s {} merge value {transformation:[-0.00000547955204701898f,0.0000012381848940990786f,0.000008272932220925962f,0.3591587039822478f,0.0000028064792106652706f,0.000009588749427512842f,4.237438571540882e-7f,1.248896300060943f,-0.000007880240085436089f,0.0000025539738809151976f,-0.00000560169917181289f,-0.46402081778938364f,0f,0f,0f,1f],start_interpolation:0}
execute if entity @s[tag=aj.frestchika_v2.bone.left_wing_1] run data modify entity @s {} merge value {transformation:[-0.00000547955204701898f,0.0000012381848940990786f,0.000008272932220925962f,0.18386863009701854f,0.0000028064792106652706f,0.000009588749427512842f,4.237438571540882e-7f,1.8605983891402489f,-0.000007880240085436089f,0.0000025539738809151976f,-0.00000560169917181289f,0.38331888340095005f,0f,0f,0f,1f],start_interpolation:0}
execute if entity @s[tag=aj.frestchika_v2.bone.left_wing_2] run data modify entity @s {} merge value {transformation:[-0.00000547955204701898f,0.0000012381848940990786f,0.000008272932220925962f,0.1849717534499696f,0.0000028064792106652706f,0.000009588749427512842f,4.237438571540882e-7f,1.8408654344569966f,-0.000007880240085436089f,0.0000025539738809151976f,-0.00000560169917181289f,0.3834553324276315f,0f,0f,0f,1f],start_interpolation:0}
execute if entity @s[tag=aj.frestchika_v2.bone.leg_right_1] run data modify entity @s {} merge value {transformation:[-0.8605787611070772f,0.01024047526982147f,0.509214423006317f,-0.23733230338478567f,-0.044857969917694016f,0.9943885483685823f,-0.09580802371559027f,0.6124925100104539f,-0.5073381105991067f,-0.10529267562215361f,-0.8552902980825029f,0.06432481315530555f,0f,0f,0f,1f],start_interpolation:0}
execute if entity @s[tag=aj.frestchika_v2.bone.leg_right_0] run data modify entity @s {} merge value {transformation:[-0.8605787611070772f,0.32793179575696063f,0.3896985158594054f,-0.1149866423942394f,-0.044857969917694016f,0.713363518707858f,-0.6993570280705035f,0.8137137720219993f,-0.5073381105991067f,-0.6193328890898326f,-0.5991951385194725f,-0.1609972202026718f,0f,0f,0f,1f],start_interpolation:0}
execute if entity @s[tag=aj.frestchika_v2.bone.leg_left_1] run data modify entity @s {} merge value {transformation:[-0.9494089667562676f,-0.04077901822764732f,0.31138350231697504f,-0.07419880547540508f,0.04817563734702039f,0.9608848684674329f,0.27272582847345606f,0.5151161992785747f,-0.31032518719724433f,0.27392944570219857f,-0.9103081549498949f,0.27541634349178923f,0f,0f,0f,1f],start_interpolation:0}
execute if entity @s[tag=aj.frestchika_v2.bone.leg_left_0] run data modify entity @s {} merge value {transformation:[-0.9494089667562676f,0.21632736359231303f,0.22765123677238297f,0.012775958396120217f,0.04817563734702039f,0.8166522173609493f,-0.575115869930272f,0.7627609775473224f,-0.31032518719724433f,-0.5350529204112846f,-0.785758646500534f,0.047770704056550865f,0f,0f,0f,1f],start_interpolation:0}
execute if entity @s[tag=aj.frestchika_v2.bone.body_0] run data modify entity @s {} merge value {transformation:[-0.5099716624332261f,0.14383209709497863f,0.8480809108571847f,0f,0.211136359584369f,0.976690891421484f,-0.03868255777177911f,1.135267857142857f,-0.8338766942279606f,0.15933370785733816f,-0.528452862953623f,0f,0f,0f,0f,1f],start_interpolation:0}
execute if entity @s[tag=aj.frestchika_v2.bone.body_1] run data modify entity @s {} merge value {transformation:[-0.547955204701898f,0.12381848940990786f,0.8272932220925961f,0f,0.28064792106652703f,0.958874942751284f,0.042374385715408816f,1.135267857142857f,-0.7880240085436088f,0.25539738809151974f,-0.560169917181289f,0f,0f,0f,0f,1f],start_interpolation:0}