execute if entity @s[tag=aj.tutankhamen.bone.head] run data modify entity @s {} merge value {transformation:[-0.9834498900550206f,-0.05089849895021392f,0.1738840319160525f,0f,0f,0.9597290568087726f,0.2809272815462104f,1.6516667350034853f,-0.18118033488976587f,0.27627790415007647f,-0.943845435401196f,0f,0f,0f,0f,1f],start_interpolation:0}
execute if entity @s[tag=aj.tutankhamen.bone.back_cape] run data modify entity @s {} merge value {transformation:[-0.7016742170713934f,-0.2142522581754955f,0.6795213484239828f,0.11132780077773478f,0f,0.9537169507482269f,0.30070579950427306f,1.6516667350034853f,-0.7124979249775026f,0.21099750643598822f,-0.6691985947239788f,-0.10963659641740522f,0f,0f,0f,1f],start_interpolation:0}
execute if entity @s[tag=aj.tutankhamen.bone.left_hand] run data modify entity @s {} merge value {transformation:[-0.6647637973923088f,-0.19715555469998905f,0.7205683735271046f,0.3774586697561366f,-0.3200618717569716f,0.9467030259347684f,-0.036246088525206166f,1.25481878748794f,-0.6750181419221125f,-0.25472154980859557f,-0.6924358743877487f,0.1986791695153269f,0f,0f,0f,1f],start_interpolation:0}
execute if entity @s[tag=aj.tutankhamen.bone.cape_left_back] run data modify entity @s {} merge value {transformation:[-0.6947840963683461f,-0.31410937323504806f,0.6470010518380213f,0.3457481305867576f,-0.23823014542287602f,0.949315115133938f,0.2050541635520563f,1.386036391362937f,-0.6786173128099636f,-0.011666782938043033f,-0.7343993661016195f,0.12227654884192818f,0f,0f,0f,1f],start_interpolation:0}
execute if entity @s[tag=aj.tutankhamen.bone.cape_left_side] run data modify entity @s {} merge value {transformation:[-0.6947840963683461f,-0.31410937323504806f,0.6470010518380213f,0.373433014164559f,-0.23823014542287602f,0.949315115133938f,0.2050541635520563f,1.3976280811412543f,-0.6786173128099636f,-0.011666782938043033f,-0.7343993661016195f,0.32011042473118745f,0f,0f,0f,1f],start_interpolation:0}
execute if entity @s[tag=aj.tutankhamen.bone.left_arm] run data modify entity @s {} merge value {transformation:[-0.6647637973923088f,-0.3734685162059198f,0.6470010518380213f,0.21937345843261455f,-0.3200618717569716f,0.9249395592455706f,0.2050541635520563f,1.5266667350034853f,-0.6750181419221125f,-0.07076778324603797f,-0.7343993661016195f,0.17017425041887635f,0f,0f,0f,1f],start_interpolation:0}
execute if entity @s[tag=aj.tutankhamen.bone.cape_right_back] run data modify entity @s {} merge value {transformation:[-0.23708097803518974f,0.2916645299654823f,0.926673843277068f,-0.14127978829173676f,0.3687032976827961f,0.9095157587173153f,-0.19193478820343565f,1.341461306422989f,-0.8988050334370126f,0.29616361458639806f,-0.32316655963049473f,-0.3114134021606582f,0f,0f,0f,1f],start_interpolation:0}
execute if entity @s[tag=aj.tutankhamen.bone.cape_right] run data modify entity @s {} merge value {transformation:[-0.23708097803518974f,0.2916645299654823f,0.926673843277068f,-0.4099921519290022f,0.3687032976827961f,0.9095157587173153f,-0.19193478820343565f,1.4470548937367849f,-0.8988050334370126f,0.29616361458639806f,-0.32316655963049473f,-0.37106004872756776f,0f,0f,0f,1f],start_interpolation:0}
execute if entity @s[tag=aj.tutankhamen.bone.weapon] run data modify entity @s {} merge value {transformation:[-0.3877261828283832f,-0.5246737938655592f,1.4996577912281066f,-0.40642669408080967f,0.6029835180854061f,1.3795794642071808f,0.6385601400543928f,0.9587050057390754f,-1.469920731766781f,0.7043192355598842f,-0.13362309064552616f,-0.45759329394556175f,0f,0f,0f,1f],start_interpolation:0}
execute if entity @s[tag=aj.tutankhamen.bone.right_hand] run data modify entity @s {} merge value {transformation:[-0.23708097803518974f,0.2916645299654823f,0.926673843277068f,-0.24306375030583857f,0.3687032976827961f,0.9095157587173153f,-0.19193478820343565f,1.2512897388986266f,-0.8988050334370126f,0.29616361458639806f,-0.32316655963049473f,-0.3563236013019587f,0f,0f,0f,1f],start_interpolation:0}
execute if entity @s[tag=aj.tutankhamen.bone.right_arm] run data modify entity @s {} merge value {transformation:[-0.23708097803518974f,0.2916645299654823f,0.926673843277068f,-0.1667964553037122f,0.3687032976827961f,0.9095157587173153f,-0.19193478820343565f,1.5266667350034853f,-0.8988050334370126f,0.29616361458639806f,-0.32316655963049473f,-0.22195254508211715f,0f,0f,0f,1f],start_interpolation:0}
execute if entity @s[tag=aj.tutankhamen.bone.body] run data modify entity @s {} merge value {transformation:[-0.7016742170713934f,0f,0.7124979249775026f,0f,0f,1f,0f,0.21416673500348515f,-0.7124979249775026f,0f,-0.7016742170713934f,0f,0f,0f,0f,1f],start_interpolation:0}