execute if entity @s[tag=aj.tutankhamen.bone.head] run data modify entity @s {} merge value {transformation:[-0.9799298592960377f,-0.0665273498107311f,0.1879137636981621f,0f,0f,0.942667381717305f,0.3337337373509619f,1.6382090799130755f,-0.1993425967023808f,0.32703565428466885f,-0.9237479147292027f,0f,0f,0f,0f,1f],start_interpolation:0}
execute if entity @s[tag=aj.tutankhamen.bone.back_cape] run data modify entity @s {} merge value {transformation:[-0.6883733312726579f,-0.2181189279605503f,0.6917848582167174f,0.1133369644018179f,0f,0.9537169507482269f,0.30070579950427306f,1.6382090799130755f,-0.7253565721716345f,0.2069978529377644f,-0.6565133144777584f,-0.10755833301135279f,0f,0f,0f,1f],start_interpolation:0}
execute if entity @s[tag=aj.tutankhamen.bone.left_hand] run data modify entity @s {} merge value {transformation:[-0.6577064621089971f,-0.10685511285045557f,0.7456568879570433f,0.3687890990035003f,-0.29515224160909387f,0.9472923424088748f,-0.12458881284703721f,1.2380189819356853f,-0.6930421083694652f,-0.30202516926776707f,-0.6545788211938903f,0.2004335760718781f,0f,0f,0f,1f],start_interpolation:0}
execute if entity @s[tag=aj.tutankhamen.bone.cape_left_back] run data modify entity @s {} merge value {transformation:[-0.686174899467877f,-0.29667964369718164f,0.6641876213510474f,0.3408799586721093f,-0.212730025214172f,0.9549768694736844f,0.20679728030759795f,1.371199057068541f,-0.6956363588202006f,0.0006064535883471972f,-0.7183938254894863f,0.1259679747485744f,0f,0f,0f,1f],start_interpolation:0}
execute if entity @s[tag=aj.tutankhamen.bone.cape_left_side] run data modify entity @s {} merge value {transformation:[-0.686174899467877f,-0.29667964369718164f,0.6641876213510474f,0.36507133404508413f,-0.212730025214172f,0.9549768694736844f,0.20679728030759795f,1.3785884634698058f,-0.6956363588202006f,0.0006064535883471972f,-0.7183938254894863f,0.32446038400041655f,0f,0f,0f,1f],start_interpolation:0}
execute if entity @s[tag=aj.tutankhamen.bone.left_arm] run data modify entity @s {} merge value {transformation:[-0.6577064621089971f,-0.355354771100803f,0.6641876213510474f,0.2161877897922695f,-0.29515224160909387f,0.9328022508176681f,0.20679728030759795f,1.5132090799130755f,-0.6930421083694652f,-0.06002455768590084f,-0.7183938254894863f,0.17420341361479116f,0f,0f,0f,1f],start_interpolation:0}
execute if entity @s[tag=aj.tutankhamen.bone.cape_right_back] run data modify entity @s {} merge value {transformation:[-0.22501324429949232f,0.2745045476546836f,0.9348883854272202f,-0.1331307379639725f,0.35371577669377835f,0.9170497637316886f,-0.1841327786071003f,1.3271873999741515f,-0.907884458071474f,0.28925245747711775f,-0.3034449318010009f,-0.3114828032214898f,0f,0f,0f,1f],start_interpolation:0}
execute if entity @s[tag=aj.tutankhamen.bone.cape_right] run data modify entity @s {} merge value {transformation:[-0.22501324429949232f,0.2745045476546836f,0.9348883854272202f,-0.40201115374257324f,0.35371577669377835f,0.9170497637316886f,-0.1841327786071003f,1.4284886847343294f,-0.907884458071474f,0.28925245747711775f,-0.3034449318010009f,-0.3774785168449074f,0f,0f,0f,1f],start_interpolation:0}
execute if entity @s[tag=aj.tutankhamen.bone.weapon] run data modify entity @s {} merge value {transformation:[-0.3679904099481281f,-0.6641086117421562f,1.4484924865553241f,-0.3906196214589185f,0.5784726764679501f,1.329521893977553f,0.7565240046591105f,0.9391280711876672f,-1.4847693741377233f,0.6825825655958094f,-0.06425434131969132f,-0.45737063802381067f,0f,0f,0f,1f],start_interpolation:0}
execute if entity @s[tag=aj.tutankhamen.bone.right_hand] run data modify entity @s {} merge value {transformation:[-0.22501324429949232f,0.2745045476546836f,0.9348883854272202f,-0.23290599439436838f,0.35371577669377835f,0.9170497637316886f,-0.1841327786071003f,1.235118096192315f,-0.907884458071474f,0.28925245747711775f,-0.3034449318010009f,-0.35704544148330053f,0f,0f,0f,1f],start_interpolation:0}
execute if entity @s[tag=aj.tutankhamen.bone.right_arm] run data modify entity @s {} merge value {transformation:[-0.22501324429949232f,0.2745045476546836f,0.9348883854272202f,-0.16266191494029414f,0.35371577669377835f,0.9170497637316886f,-0.1841327786071003f,1.5132090799130755f,-0.907884458071474f,0.28925245747711775f,-0.3034449318010009f,-0.22500020266272877f,0f,0f,0f,1f],start_interpolation:0}
execute if entity @s[tag=aj.tutankhamen.bone.body] run data modify entity @s {} merge value {transformation:[-0.6883733312726579f,0f,0.7253565721716345f,0f,0f,1f,0f,0.20070907991307552f,-0.7253565721716345f,0f,-0.6883733312726579f,0f,0f,0f,0f,1f],start_interpolation:0}