execute if entity @s[tag=aj.tutankhamen.bone.head] run data modify entity @s {} merge value {transformation:[-0.9847110664006979f,-0.04536569967575056f,0.16818462771885423f,0f,-1.3877787807814457e-17f,0.9654928353584805f,0.2604296159645483f,1.6561410881954979f,-0.17419562482450573f,0.25644792485877455f,-0.9507314795080829f,0f,0f,0f,0f,1f],start_interpolation:0}
execute if entity @s[tag=aj.tutankhamen.bone.back_cape] run data modify entity @s {} merge value {transformation:[-0.7067135773613411f,-0.21274928292927966f,0.6747545199450041f,0.11054683851292857f,0f,0.9537169507482269f,0.30070579950427306f,1.6561410881954979f,-0.7074997664827428f,0.21251287130096702f,-0.6740047180534294f,-0.11042399646270955f,0f,0f,0f,1f],start_interpolation:0}
execute if entity @s[tag=aj.tutankhamen.bone.left_hand] run data modify entity @s {} merge value {transformation:[-0.6654885005753972f,-0.23587518922920386f,0.7081581396185435f,0.3821981170034012f,-0.33654747604612634f,0.9416628618116752f,-0.002617451361113965f,1.261624893765268f,-0.6662288285333287f,-0.24007071831177795f,-0.7060490055515802f,0.19933763096512205f,0f,0f,0f,1f],start_interpolation:0}
execute if entity @s[tag=aj.tutankhamen.bone.cape_left_back] run data modify entity @s {} merge value {transformation:[-0.6965403460446814f,-0.325868362381287f,0.639250621220577f,0.3483359360704663f,-0.2551405937505975f,0.945178902580285f,0.20381393362015393f,1.391484136791918f,-0.6706227134183185f,-0.021134155201146552f,-0.7414974873399004f,0.12155004834500036f,0f,0f,0f,1f],start_interpolation:0}
execute if entity @s[tag=aj.tutankhamen.bone.cape_left_side] run data modify entity @s {} merge value {transformation:[-0.6965403460446814f,-0.325868362381287f,0.639250621220577f,0.3772640374873757f,-0.2551405937505975f,0.945178902580285f,0.20381393362015393f,1.4058731128629296f,-0.6706227134183185f,-0.021134155201146552f,-0.7414974873399004f,0.31902203323410017f,0f,0f,0f,1f],start_interpolation:0}
execute if entity @s[tag=aj.tutankhamen.bone.left_arm] run data modify entity @s {} merge value {transformation:[-0.6654885005753972f,-0.3853358260933128f,0.639250621220577f,0.22057576369343934f,-0.33654747604612634f,0.9193452435452426f,0.20381393362015393f,1.5311410881954979f,-0.6662288285333287f,-0.07950235405145373f,-0.7414974873399004f,0.1686129361625866f,0f,0f,0f,1f],start_interpolation:0}
execute if entity @s[tag=aj.tutankhamen.bone.cape_right_back] run data modify entity @s {} merge value {transformation:[-0.24159060734290272f,0.2983139509096793f,0.9233865740502971f,-0.14441469206043234f,0.374420012040873f,0.9065425887909088f,-0.19491072133566656f,1.3462656528554435f,-0.8952338426506228f,0.29864581262916573f,-0.3307068876997655f,-0.31133201215466605f,0f,0f,0f,1f],start_interpolation:0}
execute if entity @s[tag=aj.tutankhamen.bone.cape_right] run data modify entity @s {} merge value {transformation:[-0.24159060734290272f,0.2983139509096793f,0.9233865740502971f,-0.4130098679703352f,0.374420012040873f,0.9065425887909088f,-0.19491072133566656f,1.4534964600707465f,-0.8952338426506228f,0.29864581262916573f,-0.3307068876997655f,-0.3685355781438845f,0f,0f,0f,1f],start_interpolation:0}
execute if entity @s[tag=aj.tutankhamen.bone.weapon] run data modify entity @s {} merge value {transformation:[-0.3951013057587055f,-0.4699043567172554f,1.5158075495711913f,-0.41250717932072334f,0.6123327280251777f,1.3959738185374442f,0.5923625593826317f,0.9655787176663346f,-1.4640803468348726f,0.7106579114505378f,-0.16131256775511885f,-0.45754317375293113f,0f,0f,0f,1f],start_interpolation:0}
execute if entity @s[tag=aj.tutankhamen.bone.right_hand] run data modify entity @s {} merge value {transformation:[-0.24159060734290272f,0.2983139509096793f,0.9233865740502971f,-0.24696530328175154f,0.374420012040873f,0.9065425887909088f,-0.19491072133566656f,1.2568303747163363f,-0.8952338426506228f,0.29864581262916573f,-0.3307068876997655f,-0.3559696158349084f,0f,0f,0f,1f],start_interpolation:0}
execute if entity @s[tag=aj.tutankhamen.bone.right_arm] run data modify entity @s {} merge value {transformation:[-0.24159060734290272f,0.2983139509096793f,0.9233865740502971f,-0.16836758717526157f,0.374420012040873f,0.9065425887909088f,-0.19491072133566656f,1.5311410881954979f,-0.8952338426506228f,0.29864581262916573f,-0.3307068876997655f,-0.22076309782002335f,0f,0f,0f,1f],start_interpolation:0}
execute if entity @s[tag=aj.tutankhamen.bone.body] run data modify entity @s {} merge value {transformation:[-0.7067135773613411f,0f,0.7074997664827428f,0f,0f,1f,0f,0.218641088195498f,-0.7074997664827428f,0f,-0.7067135773613411f,0f,0f,0f,0f,1f],start_interpolation:0}