execute if entity @s[tag=aj.tutankhamen.bone.head] run data modify entity @s {} merge value {transformation:[-0.984241363391098f,-0.047421031124397106f,0.17035311678138293f,0f,-1.3877787807814457e-17f,0.9633708786158803f,0.26817261276063736f,1.6531911902923702f,-0.17683025360506766f,0.2639465780076827f,-0.948189467020174f,0f,0f,0f,0f,1f],start_interpolation:0}
execute if entity @s[tag=aj.tutankhamen.bone.back_cape] run data modify entity @s {} merge value {transformation:[-0.704817658193756f,-0.2133172413007253f,0.6765558537638396f,0.11084195585248328f,0f,0.9537169507482269f,0.30070579950427306f,1.6531911902923702f,-0.709388517455893f,0.21194275741188284f,-0.672196547806055f,-0.11012775909277436f,0f,0f,0f,1f],start_interpolation:0}
execute if entity @s[tag=aj.tutankhamen.bone.left_hand] run data modify entity @s {} merge value {transformation:[-0.6657478796227965f,-0.21990998353263463f,0.7130353146376601f,0.3800019478599854f,-0.3283171752135611f,0.94444419816264f,-0.015263977748797397f,1.257498812183172f,-0.6700653648992301f,-0.24426370115022072f,-0.700961946943525f,0.19868763012219476f,0f,0f,0f,1f],start_interpolation:0}
execute if entity @s[tag=aj.tutankhamen.bone.cape_left_back] run data modify entity @s {} merge value {transformation:[-0.6962864802568277f,-0.3199906223364429f,0.6424882403813275f,0.34714889445121627f,-0.2466947629673956f,0.947283078494103f,0.204441833104665f,1.3880422063264373f,-0.6740377076514481f,-0.016148399780509734f,-0.7385204112605892f,0.12161573229848541f,0f,0f,0f,1f],start_interpolation:0}
execute if entity @s[tag=aj.tutankhamen.bone.cape_left_side] run data modify entity @s {} merge value {transformation:[-0.6962864802568277f,-0.3199906223364429f,0.6424882403813275f,0.37563262694367966f,-0.2466947629673956f,0.947283078494103f,0.204441833104665f,1.4010330339020096f,-0.6740377076514481f,-0.016148399780509734f,-0.7385204112605892f,0.3192491755265978f,0f,0f,0f,1f],start_interpolation:0}
execute if entity @s[tag=aj.tutankhamen.bone.left_arm] run data modify entity @s {} merge value {transformation:[-0.6657478796227965f,-0.37945832676257896f,0.6424882403813275f,0.22012373722479428f,-0.3283171752135611f,0.9221775150894713f,0.204441833104665f,1.5281911902923702f,-0.6700653648992301f,-0.07483320729430054f,-0.7385204112605892f,0.16920263024108764f,0f,0f,0f,1f],start_interpolation:0}
execute if entity @s[tag=aj.tutankhamen.bone.cape_right_back] run data modify entity @s {} merge value {transformation:[-0.23989815128517028f,0.29580266049590886f,0.9246348809413907f,-0.14323216502535235f,0.37226672926330384f,0.9076689915974487f,-0.19378979327114354f,1.3431902365823876f,-0.8965859464064556f,0.29772098974713324f,-0.32786560199329823f,-0.3113662800521081f,0f,0f,0f,1f],start_interpolation:0}
execute if entity @s[tag=aj.tutankhamen.bone.cape_right] run data modify entity @s {} merge value {transformation:[-0.23989815128517028f,0.29580266049590886f,0.9246348809413907f,-0.41187497139900786f,0.37226672926330384f,0.9076689915974487f,-0.19378979327114354f,1.4498043613475646f,-0.8965859464064556f,0.29772098974713324f,-0.32786560199329823f,-0.3694914336797922f,0f,0f,0f,1f],start_interpolation:0}
execute if entity @s[tag=aj.tutankhamen.bone.weapon] run data modify entity @s {} merge value {transformation:[-0.3923334349142889f,-0.49062937394936784f,1.5099486636563237f,-0.4102136115375081f,0.6088112134826948f,1.3899773107973188f,0.6098357610188941f,0.9617207909220894f,-1.4662915998522243f,0.7084021220308538f,-0.15080799486797575f,-0.4575709221497575f,0f,0f,0f,1f],start_interpolation:0}
execute if entity @s[tag=aj.tutankhamen.bone.right_hand] run data modify entity @s {} merge value {transformation:[-0.23989815128517028f,0.29580266049590886f,0.9246348809413907f,-0.24549399487383944f,0.37226672926330384f,0.9076689915974487f,-0.19378979327114354f,1.2534768100016311f,-0.8965859464064556f,0.29772098974713324f,-0.32786560199329823f,-0.35610811447112034f,0f,0f,0f,1f],start_interpolation:0}
execute if entity @s[tag=aj.tutankhamen.bone.right_arm] run data modify entity @s {} merge value {transformation:[-0.23989815128517028f,0.29580266049590886f,0.9246348809413907f,-0.1677761850504303f,0.37226672926330384f,0.9076689915974487f,-0.19378979327114354f,1.5281911902923702f,-0.8965859464064556f,0.29772098974713324f,-0.32786560199329823f,-0.2212128872833504f,0f,0f,0f,1f],start_interpolation:0}
execute if entity @s[tag=aj.tutankhamen.bone.body] run data modify entity @s {} merge value {transformation:[-0.704817658193756f,0f,0.709388517455893f,0f,0f,1f,0f,0.21569119029237016f,-0.709388517455893f,0f,-0.704817658193756f,0f,0f,0f,0f,1f],start_interpolation:0}