execute if entity @s[tag=aj.tutankhamen.bone.head] run data modify entity @s {} merge value {transformation:[-0.9812079433903131f,-0.06082740212505244f,0.18311471535206952f,0f,-1.3877787807814457e-17f,0.9490105925389646f,0.31524418352896444f,1.6413807861434662f,-0.19295328923797167f,0.30932009698621354f,-0.9311767317607798f,0f,0f,0f,0f,1f],start_interpolation:0}
execute if entity @s[tag=aj.tutankhamen.bone.back_cape] run data modify entity @s {} merge value {transformation:[-0.6930850326774439f,-0.2167655307384977f,0.6874924306217226f,0.11263372450323816f,0f,0.9537169507482269f,0.30070579950427306f,1.6413807861434662f,-0.7208558368207243f,0.208414688875716f,-0.661006943974367f,-0.10829453635585061f,0f,0f,0f,1f],start_interpolation:0}
execute if entity @s[tag=aj.tutankhamen.bone.left_hand] run data modify entity @s {} merge value {transformation:[-0.6603978944897267f,-0.13865561329299425f,0.7380035513843274f,0.3717484042482176f,-0.30347877352117075f,0.9482485134999555f,-0.09340979963157292f,1.2422838930608688f,-0.6868589775023851f,-0.285656047629782f,-0.6683003572323675f,0.199754044966652f,0f,0f,0f,1f],start_interpolation:0}
execute if entity @s[tag=aj.tutankhamen.bone.cape_left_back] run data modify entity @s {} merge value {transformation:[-0.6893805730380694f,-0.30243993691345766f,0.6582435036348533f,0.3425510783089975f,-0.22124712988507153f,0.9531621571072991f,0.20623193199933637f,1.374819887630939f,-0.6897855703298829f,-0.0034621984842542683f,-0.7240054420695566f,0.12463610697449945f,0f,0f,0f,1f],start_interpolation:0}
execute if entity @s[tag=aj.tutankhamen.bone.cape_left_side] run data modify entity @s {} merge value {transformation:[-0.6893805730380694f,-0.30243993691345766f,0.6582435036348533f,0.3679863548918392f,-0.22124712988507153f,0.9531621571072991f,0.20623193199933637f,1.3836107601755643f,-0.6897855703298829f,-0.0034621984842542683f,-0.7240054420695566f,0.32291578259723824f,0f,0f,0f,1f],start_interpolation:0}
execute if entity @s[tag=aj.tutankhamen.bone.left_arm] run data modify entity @s {} merge value {transformation:[-0.6603978944897267f,-0.36137253752332765f,0.6582435036348533f,0.217318283748894f,-0.30347877352117075f,0.9302521293960617f,0.20623193199933637f,1.5163807861434662f,-0.6868589775023851f,-0.06356779749247332f,-0.7240054420695566f,0.17279106839980973f,0f,0f,0f,1f],start_interpolation:0}
execute if entity @s[tag=aj.tutankhamen.bone.cape_right_back] run data modify entity @s {} merge value {transformation:[-0.22931474440131017f,0.2805190102893681f,0.932053556865932f,-0.13599694406420731f,0.35900847559480176f,0.9144319527241005f,-0.1868879832634645f,1.3306393418202982f,-0.9047251861484008f,0.29175895650941347f,-0.3104014317706667f,-0.3114818238564261f,0f,0f,0f,1f],start_interpolation:0}
execute if entity @s[tag=aj.tutankhamen.bone.cape_right] run data modify entity @s {} merge value {transformation:[-0.22931474440131017f,0.2805190102893681f,0.932053556865932f,-0.40484076209339503f,0.35900847559480176f,0.9144319527241005f,-0.1868879832634645f,1.4334564119478521f,-0.9047251861484008f,0.29175895650941347f,-0.3104014317706667f,-0.375244776249447f,0f,0f,0f,1f],start_interpolation:0}
execute if entity @s[tag=aj.tutankhamen.bone.weapon] run data modify entity @s {} merge value {transformation:[-0.37502515490630933f,-0.615595704802224f,1.4679869669134202f,-0.3961792705419097f,0.587128444462332f,1.34834853637343f,0.7154188198349148f,0.944432687154783f,-1.4796026481801972f,0.6910758469949544f,-0.08819212441859987f,-0.4575071812630141f,0f,0f,0f,1f],start_interpolation:0}
execute if entity @s[tag=aj.tutankhamen.bone.right_hand] run data modify entity @s {} merge value {transformation:[-0.22931474440131017f,0.2805190102893681f,0.932053556865932f,-0.23648125341704002f,0.35900847559480176f,0.9144319527241005f,-0.1868879832634645f,1.2392348615460897f,-0.9047251861484008f,0.29175895650941347f,-0.3104014317706667f,-0.35682426600157363f,0f,0f,0f,1f],start_interpolation:0}
execute if entity @s[tag=aj.tutankhamen.bone.right_arm] run data modify entity @s {} merge value {transformation:[-0.22931474440131017f,0.2805190102893681f,0.932053556865932f,-0.1641245294103007f,0.35900847559480176f,0.9144319527241005f,-0.1868879832634645f,1.5163807861434662f,-0.9047251861484008f,0.29175895650941347f,-0.3104014317706667f,-0.22393554567366003f,0f,0f,0f,1f],start_interpolation:0}
execute if entity @s[tag=aj.tutankhamen.bone.body] run data modify entity @s {} merge value {transformation:[-0.6930850326774439f,0f,0.7208558368207243f,0f,0f,1f,0f,0.20388078614346616f,-0.7208558368207243f,0f,-0.6930850326774439f,0f,0f,0f,0f,1f],start_interpolation:0}