execute if entity @s[tag=aj.tutankhamen.bone.head] run data modify entity @s {} merge value {transformation:[-0.9769904590836156f,-0.07970543842687464f,0.197829941982415f,0f,1.3877787807814457e-17f,0.9275466474543786f,0.37370739462331043f,1.6271766221342014f,-0.21328301118369936f,0.36510855903597006f,-0.9062042249179219f,0f,0f,0f,0f,1f],start_interpolation:0}
execute if entity @s[tag=aj.tutankhamen.bone.back_cape] run data modify entity @s {} merge value {transformation:[-0.6779696223202178f,-0.22104580224949794f,0.7010677174987143f,0.1148578000770925f,0f,0.9537169507482269f,0.30070579950427306f,1.6271766221342014f,-0.735089920493392f,0.20386939731941117f,-0.6465911208991653f,-0.10593275348753403f,0f,0f,0f,1f],start_interpolation:0}
execute if entity @s[tag=aj.tutankhamen.bone.left_hand] run data modify entity @s {} merge value {transformation:[-0.6522470646599817f,-0.03373141878335684f,0.7572555434127239f,0.36153210224370974f,-0.27283999666746095f,0.9424970386086531f,-0.19302245577242805f,1.2241739875848996f,-0.7072001858462268f,-0.3325079301321713f,-0.6239442070716593f,0.2009354572258994f,0f,0f,0f,1f],start_interpolation:0}
execute if entity @s[tag=aj.tutankhamen.bone.cape_left_back] run data modify entity @s {} merge value {transformation:[-0.6793714472071963f,-0.28155538934240604f,0.6776289541126811f,0.336801117686506f,-0.1899403105869923f,0.95946019929991f,0.2082277704185823f,1.359021896130987f,-0.7087856623364477f,0.012754947731098656f,-0.7053085822352231f,0.12837239313369803f,0f,0f,0f,1f],start_interpolation:0}
execute if entity @s[tag=aj.tutankhamen.bone.cape_left_side] run data modify entity @s {} merge value {transformation:[-0.6793714472071963f,-0.28155538934240604f,0.6776289541126811f,0.3582492870485453f,-0.1899403105869923f,0.95946019929991f,0.2082277704185823f,1.3626715983578819f,-0.7087856623364477f,0.012754947731098656f,-0.7053085822352231f,0.3272837256531709f,0f,0f,0f,1f],start_interpolation:0}
execute if entity @s[tag=aj.tutankhamen.bone.left_arm] run data modify entity @s {} merge value {transformation:[-0.6522470646599817f,-0.3396951091649567f,0.6776289541126811f,0.21368404722502607f,-0.27283999666746095f,0.9392547747256896f,0.2082277704185823f,1.5021766221342014f,-0.7072001858462268f,-0.04906832954566612f,-0.7053085822352231f,0.17726566991903803f,0f,0f,0f,1f],start_interpolation:0}
execute if entity @s[tag=aj.tutankhamen.bone.cape_right_back] run data modify entity @s {} merge value {transformation:[-0.2154166453318928f,0.26147084338185617f,0.9408659133878401f,-0.12688000976324942f,0.3420912427406796f,0.9226378412981507f,-0.17808142925309706f,1.3155697342397834f,-0.9146415967766233f,0.2835002854775799f,-0.28819843438165965f,-0.3113965707107281f,0f,0f,0f,1f],start_interpolation:0}
execute if entity @s[tag=aj.tutankhamen.bone.cape_right] run data modify entity @s {} merge value {transformation:[-0.2154166453318928f,0.26147084338185617f,0.9408659133878401f,-0.3957553389433177f,0.3420912427406796f,0.9226378412981507f,-0.17808142925309706f,1.413541848231289f,-0.9146415967766233f,0.2835002854775799f,-0.28819843438165965f,-0.3822597116116606f,0f,0f,0f,1f],start_interpolation:0}
execute if entity @s[tag=aj.tutankhamen.bone.weapon] run data modify entity @s {} merge value {transformation:[-0.35229597205319974f,-0.7676213698206297f,1.4004401644771913f,-0.3784967160552314f,0.5594617198988198f,1.2839122498315114f,0.8444877691900294f,0.9235170220585109f,-1.4958201113951026f,0.6609950385126939f,-0.013979521402985142f,-0.4568528600593943f,0f,0f,0f,1f],start_interpolation:0}
execute if entity @s[tag=aj.tutankhamen.bone.right_hand] run data modify entity @s {} merge value {transformation:[-0.2154166453318928f,0.26147084338185617f,0.9408659133878401f,-0.22509975493934314f,0.3420912427406796f,0.9226378412981507f,-0.17808142925309706f,1.2220604447414793f,-0.9146415967766233f,0.2835002854775799f,-0.28819843438165965f,-0.3574042541458413f,0f,0f,0f,1f],start_interpolation:0}
execute if entity @s[tag=aj.tutankhamen.bone.right_arm] run data modify entity @s {} merge value {transformation:[-0.2154166453318928f,0.26147084338185617f,0.9408659133878401f,-0.15943992426701745f,0.3420912427406796f,0.9226378412981507f,-0.17808142925309706f,1.5021766221342014f,-0.9146415967766233f,0.2835002854775799f,-0.28819843438165965f,-0.2272947432741027f,0f,0f,0f,1f],start_interpolation:0}
execute if entity @s[tag=aj.tutankhamen.bone.body] run data modify entity @s {} merge value {transformation:[-0.6779696223202178f,0f,0.735089920493392f,0f,0f,1f,0f,0.18967662213420156f,-0.735089920493392f,0f,-0.6779696223202178f,0f,0f,0f,0f,1f],start_interpolation:0}