execute if entity @s[tag=aj.tutankhamen.bone.head] run data modify entity @s {} merge value {transformation:[-0.9831274435636829f,-0.052319852819545945f,0.17527995525124512f,0f,0f,0.9582227920298918f,0.2860228676774618f,1.6504277030628562f,-0.1829219224476319f,0.28119693070049656f,-0.9420551238928021f,0f,0f,0f,0f,1f],start_interpolation:0}
execute if entity @s[tag=aj.tutankhamen.bone.back_cape] run data modify entity @s {} merge value {transformation:[-0.7004111507838061f,-0.2146256377403932f,0.680705557111321f,0.11152181285569086f,0f,0.9537169507482269f,0.30070579950427306f,1.6504277030628562f,-0.7137396022764215f,0.21061769507815237f,-0.6679939869955882f,-0.10943924230996971f,0f,0f,0f,1f],start_interpolation:0}
execute if entity @s[tag=aj.tutankhamen.bone.left_hand] run data modify entity @s {} merge value {transformation:[-0.6642164626584794f,-0.18837526182998832f,0.723416374893422f,0.3765519253489821f,-0.3173046564050922f,0.9472708973723987f,-0.04467216152075909f,1.2531991619500822f,-0.676856148496195f,-0.2592153693780015f,-0.688965272362202f,0.1987826050902275f,0f,0f,0f,1f],start_interpolation:0}
execute if entity @s[tag=aj.tutankhamen.bone.cape_left_back] run data modify entity @s {} merge value {transformation:[-0.6940635449044432f,-0.31215339410115933f,0.6487187789680551f,0.345244330479834f,-0.2354045427799116f,0.9499764028258186f,0.20525480582120034f,1.3846392843095816f,-0.6803385163822924f,-0.010251469418782105f,-0.7328263167364399f,0.12259660214676882f,0f,0f,0f,1f],start_interpolation:0}
execute if entity @s[tag=aj.tutankhamen.bone.cape_left_side] run data modify entity @s {} merge value {transformation:[-0.6940635449044432f,-0.31215339410115933f,0.6487187789680551f,0.37260191200014636f,-0.2354045427799116f,0.9499764028258186f,0.20525480582120034f,1.3957643933912927f,-0.6803385163822924f,-0.010251469418782105f,-0.7328263167364399f,0.320502784923557f,0f,0f,0f,1f],start_interpolation:0}
execute if entity @s[tag=aj.tutankhamen.bone.left_arm] run data modify entity @s {} merge value {transformation:[-0.6642164626584794f,-0.3714571799651374f,0.6487187789680551f,0.21907170424530223f,-0.3173046564050922f,0.9258445980351928f,0.20525480582120034f,1.5254277030628562f,-0.676856148496195f,-0.0695078681977789f,-0.7328263167364399f,0.170562534483313f,0f,0f,0f,1f],start_interpolation:0}
execute if entity @s[tag=aj.tutankhamen.bone.cape_right_back] run data modify entity @s {} merge value {transformation:[-0.23594516753727962f,0.2900107484052598f,0.9274824223268203f,-0.1404981875340991f,0.36727381522369773f,0.9102505595997963f,-0.19119064673588737f,1.3401413804384834f,-0.899688736489923f,0.2955294986252284f,-0.32128257480835615f,-0.31142896482236404f,0f,0f,0f,1f],start_interpolation:0}
execute if entity @s[tag=aj.tutankhamen.bone.cape_right] run data modify entity @s {} merge value {transformation:[-0.23594516753727962f,0.2900107484052598f,0.9274824223268203f,-0.4092352255435041f,0.36727381522369773f,0.9102505595997963f,-0.19119064673588737f,1.445325575751158f,-0.899688736489923f,0.2955294986252284f,-0.32128257480835615f,-0.3716846861968255f,0f,0f,0f,1f],start_interpolation:0}
execute if entity @s[tag=aj.tutankhamen.bone.weapon] run data modify entity @s {} merge value {transformation:[-0.38586865940992604f,-0.5382394465412204f,1.495323158880146f,-0.40491061566533515f,0.600645718647089f,1.3752434366315311f,0.6500137569959028f,0.9568716829018238f,-1.471365954467895f,0.7025606463501978f,-0.1268007880254853f,-0.4575940595779225f,0f,0f,0f,1f],start_interpolation:0}
execute if entity @s[tag=aj.tutankhamen.bone.right_hand] run data modify entity @s {} merge value {transformation:[-0.23594516753727962f,0.2900107484052598f,0.9274824223268203f,-0.24209046896572287f,0.36727381522369773f,0.9102505595997963f,-0.19119064673588737f,1.2497867826352425f,-0.899688736489923f,0.2955294986252284f,-0.32128257480835615f,-0.35640526424030544f,0f,0f,0f,1f],start_interpolation:0}
execute if entity @s[tag=aj.tutankhamen.bone.right_arm] run data modify entity @s {} merge value {transformation:[-0.23594516753727962f,0.2900107484052598f,0.9274824223268203f,-0.1664030746443194f,0.36727381522369773f,0.9102505595997963f,-0.19119064673588737f,1.5254277030628562f,-0.899688736489923f,0.2955294986252284f,-0.32128257480835615f,-0.22224762432752698f,0f,0f,0f,1f],start_interpolation:0}
execute if entity @s[tag=aj.tutankhamen.bone.body] run data modify entity @s {} merge value {transformation:[-0.7004111507838061f,0f,0.7137396022764215f,0f,0f,1f,0f,0.21292770306285624f,-0.7137396022764215f,0f,-0.7004111507838061f,0f,0f,0f,0f,1f],start_interpolation:0}