execute if entity @s[tag=aj.tutankhamen.bone.head] run data modify entity @s {} merge value {transformation:[-0.9812079433903131f,-0.06082740212505244f,0.18311471535206952f,0f,-1.3877787807814457e-17f,0.9490105925389646f,0.31524418352896444f,1.6430409200869245f,-0.19295328923797167f,0.30932009698621354f,-0.9311767317607798f,0f,0f,0f,0f,1f],start_interpolation:0}
execute if entity @s[tag=aj.tutankhamen.bone.back_cape] run data modify entity @s {} merge value {transformation:[-0.6930850326774439f,-0.2167655307384977f,0.6874924306217226f,0.11263372450323816f,0f,0.9537169507482269f,0.30070579950427306f,1.6430409200869245f,-0.7208558368207243f,0.208414688875716f,-0.661006943974367f,-0.10829453635585061f,0f,0f,0f,1f],start_interpolation:0}
execute if entity @s[tag=aj.tutankhamen.bone.left_hand] run data modify entity @s {} merge value {transformation:[-0.6603978944897267f,-0.13865561329299414f,0.7380035513843274f,0.37174840424821753f,-0.30347877352117064f,0.9482485134999555f,-0.09340979963157289f,1.2439440270043272f,-0.6868589775023851f,-0.2856560476297819f,-0.6683003572323675f,0.19975404496665197f,0f,0f,0f,1f],start_interpolation:0}
execute if entity @s[tag=aj.tutankhamen.bone.cape_left_back] run data modify entity @s {} merge value {transformation:[-0.6893805730380694f,-0.30243993691345755f,0.6582435036348533f,0.34255107830899745f,-0.22124712988507142f,0.9531621571072991f,0.2062319319993364f,1.3764800215743973f,-0.6897855703298829f,-0.0034621984842542128f,-0.7240054420695566f,0.12463610697449945f,0f,0f,0f,1f],start_interpolation:0}
execute if entity @s[tag=aj.tutankhamen.bone.cape_left_side] run data modify entity @s {} merge value {transformation:[-0.6893805730380694f,-0.30243993691345755f,0.6582435036348533f,0.3679863548918391f,-0.22124712988507142f,0.9531621571072991f,0.2062319319993364f,1.3852708941190226f,-0.6897855703298829f,-0.0034621984842542128f,-0.7240054420695566f,0.32291578259723824f,0f,0f,0f,1f],start_interpolation:0}
execute if entity @s[tag=aj.tutankhamen.bone.left_arm] run data modify entity @s {} merge value {transformation:[-0.6603978944897267f,-0.36137253752332754f,0.6582435036348533f,0.217318283748894f,-0.30347877352117064f,0.9302521293960617f,0.2062319319993364f,1.5180409200869245f,-0.6868589775023851f,-0.06356779749247327f,-0.7240054420695566f,0.17279106839980973f,0f,0f,0f,1f],start_interpolation:0}
execute if entity @s[tag=aj.tutankhamen.bone.cape_right_back] run data modify entity @s {} merge value {transformation:[-0.22931474440131017f,0.2805190102893681f,0.932053556865932f,-0.13599694406420731f,0.35900847559480176f,0.9144319527241005f,-0.1868879832634645f,1.3322994757637565f,-0.9047251861484008f,0.29175895650941347f,-0.3104014317706667f,-0.3114818238564261f,0f,0f,0f,1f],start_interpolation:0}
execute if entity @s[tag=aj.tutankhamen.bone.cape_right] run data modify entity @s {} merge value {transformation:[-0.22931474440131017f,0.2805190102893681f,0.932053556865932f,-0.40484076209339503f,0.35900847559480176f,0.9144319527241005f,-0.1868879832634645f,1.4351165458913104f,-0.9047251861484008f,0.29175895650941347f,-0.3104014317706667f,-0.375244776249447f,0f,0f,0f,1f],start_interpolation:0}
execute if entity @s[tag=aj.tutankhamen.bone.weapon] run data modify entity @s {} merge value {transformation:[-0.37502515490630933f,-0.615595704802224f,1.4679869669134202f,-0.3961792705419097f,0.587128444462332f,1.34834853637343f,0.7154188198349148f,0.9460928210982413f,-1.4796026481801972f,0.6910758469949544f,-0.08819212441859987f,-0.4575071812630141f,0f,0f,0f,1f],start_interpolation:0}
execute if entity @s[tag=aj.tutankhamen.bone.right_hand] run data modify entity @s {} merge value {transformation:[-0.22931474440131017f,0.2805190102893681f,0.932053556865932f,-0.23648125341704002f,0.35900847559480176f,0.9144319527241005f,-0.1868879832634645f,1.240894995489548f,-0.9047251861484008f,0.29175895650941347f,-0.3104014317706667f,-0.35682426600157363f,0f,0f,0f,1f],start_interpolation:0}
execute if entity @s[tag=aj.tutankhamen.bone.right_arm] run data modify entity @s {} merge value {transformation:[-0.22931474440131017f,0.2805190102893681f,0.932053556865932f,-0.1641245294103007f,0.35900847559480176f,0.9144319527241005f,-0.1868879832634645f,1.5180409200869245f,-0.9047251861484008f,0.29175895650941347f,-0.3104014317706667f,-0.22393554567366003f,0f,0f,0f,1f],start_interpolation:0}
execute if entity @s[tag=aj.tutankhamen.bone.body] run data modify entity @s {} merge value {transformation:[-0.6930850326774439f,0f,0.7208558368207243f,0f,0f,1f,0f,0.20554092008692437f,-0.7208558368207243f,0f,-0.6930850326774439f,0f,0f,0f,0f,1f],start_interpolation:0}