execute if entity @s[tag=aj.tutankhamen.bone.head] run data modify entity @s {} merge value {transformation:[-0.9790875756159875f,-0.070295329732597f,0.19090857993341626f,0f,1.3877787807814457e-17f,0.938405942185769f,0.3455347850368167f,1.634011740122856f,-0.20343922747200982f,0.3383088149726883f,-0.918781598878301f,0f,0f,0f,0f,1f],start_interpolation:0}
execute if entity @s[tag=aj.tutankhamen.bone.back_cape] run data modify entity @s {} merge value {transformation:[-0.6853336419963837f,-0.21898275029448308f,0.694524552641184f,0.11378581587026149f,0f,0.9537169507482269f,0.30070579950427306f,1.634011740122856f,-0.7282292215696735f,0.2060838007436978f,-0.653614311289968f,-0.10708338156193495f,0f,0f,0f,1f],start_interpolation:0}
execute if entity @s[tag=aj.tutankhamen.bone.left_hand] run data modify entity @s {} merge value {transformation:[-0.6559679066314823f,-0.08614994688871458f,0.7498561809577772f,0.3668489516248168f,-0.28958869390717096f,0.9461614784572863f,-0.1446265710188173f,1.2331044764707697f,-0.6970254613933767f,-0.31202026109628483f,-0.6455996149586495f,0.20080680386059785f,0f,0f,0f,1f],start_interpolation:0}
execute if entity @s[tag=aj.tutankhamen.bone.cape_left_back] run data modify entity @s {} merge value {transformation:[-0.6840963713798164f,-0.29286964594858433f,0.6680116205178763f,0.33978334372245156f,-0.20704291522510948f,0.9561462831397568f,0.20716543266943946f,1.3667083070979416f,-0.6993892949710171f,0.0034140474482226013f,-0.7147327880823467f,0.12679026775215096f,0f,0f,0f,1f],start_interpolation:0}
execute if entity @s[tag=aj.tutankhamen.bone.cape_left_side] run data modify entity @s {} merge value {transformation:[-0.6840963713798164f,-0.29286964594858433f,0.6680116205178763f,0.3631719491858133f,-0.20704291522510948f,0.9561462831397568f,0.20716543266943946f,1.373163083518185f,-0.6993892949710171f,0.0034140474482226013f,-0.7147327880823467f,0.32541144360166574f,0f,0f,0f,1f],start_interpolation:0}
execute if entity @s[tag=aj.tutankhamen.bone.left_arm] run data modify entity @s {} merge value {transformation:[-0.6559679066314823f,-0.35137811588457213f,0.6680116205178763f,0.21545732568679996f,-0.28958869390717096f,0.9344628788068698f,0.20716543266943946f,1.509011740122856f,-0.6970254613933767f,-0.05755473750600698f,-0.7147327880823467f,0.17510605522997977f,0f,0f,0f,1f],start_interpolation:0}
execute if entity @s[tag=aj.tutankhamen.bone.cape_right_back] run data modify entity @s {} merge value {transformation:[-0.22222319160483156f,0.27066149038219484f,0.9366745489961021f,-0.13129341033568637f,0.35031065072745504f,0.9187095362111941f,-0.1823601822260542f,1.322814347605001f,-0.9098897191967108f,0.28760240906275764f,-0.29897416811729555f,-0.31147004039035114f,0f,0f,0f,1f],start_interpolation:0}
execute if entity @s[tag=aj.tutankhamen.bone.cape_right] run data modify entity @s {} merge value {transformation:[-0.22222319160483156f,0.27066149038219484f,0.9366745489961021f,-0.40018442127296683f,0.35031065072745504f,0.9187095362111941f,-0.1823601822260542f,1.4231404323376793f,-0.9098897191967108f,0.28760240906275764f,-0.29897416811729555f,-0.37889676698551333f,0f,0f,0f,1f],start_interpolation:0}
execute if entity @s[tag=aj.tutankhamen.bone.weapon] run data modify entity @s {} merge value {transformation:[-0.3634275112704016f,-0.6948737813080141f,1.4351510532740503f,-0.3870559096308597f,0.5729038767105255f,1.3167610490901067f,0.782629645017542f,0.9335745286041564f,-1.4880488116029542f,0.6766671569249795f,-0.049193156406272f,-0.4572497899561821f,0f,0f,0f,1f],start_interpolation:0}
execute if entity @s[tag=aj.tutankhamen.bone.right_hand] run data modify entity @s {} merge value {transformation:[-0.22222319160483156f,0.27066149038219484f,0.9366745489961021f,-0.2306127306833681f,0.35031065072745504f,0.9187095362111941f,-0.1823601822260542f,1.230320374802963f,-0.9098897191967108f,0.28760240906275764f,-0.29897416811729555f,-0.3571685097407621f,0f,0f,0f,1f],start_interpolation:0}
execute if entity @s[tag=aj.tutankhamen.bone.right_arm] run data modify entity @s {} merge value {transformation:[-0.22222319160483156f,0.27066149038219484f,0.9366745489961021f,-0.16171947085411983f,0.35031065072745504f,0.9187095362111941f,-0.1823601822260542f,1.509011740122856f,-0.9098897191967108f,0.28760240906275764f,-0.29897416811729555f,-0.22567853800699791f,0f,0f,0f,1f],start_interpolation:0}
execute if entity @s[tag=aj.tutankhamen.bone.body] run data modify entity @s {} merge value {transformation:[-0.6853336419963837f,0f,0.7282292215696735f,0f,0f,1f,0f,0.19651174012285588f,-0.7282292215696735f,0f,-0.6853336419963837f,0f,0f,0f,0f,1f],start_interpolation:0}