execute if entity @s[tag=aj.tutankhamen.bone.head] run data modify entity @s {} merge value {transformation:[-0.9827804197431712f,-0.05385228918898005f,0.17675570010198416f,0f,0f,0.9565877979755122f,0.29144430816943506f,1.6490887285251548f,-0.18477728910619962f,0.28642575951451554f,-0.9401157576155696f,0f,0f,0f,0f,1f],start_interpolation:0}
execute if entity @s[tag=aj.tutankhamen.bone.back_cape] run data modify entity @s {} merge value {transformation:[-0.6990626909156712f,-0.21502280475966365f,0.6819652099653092f,0.11172818515334296f,0f,0.9537169507482269f,0.30070579950427306f,1.6490887285251548f,-0.7150603849813949f,0.21021220537540544f,-0.6667079379619442f,-0.10922854545557362f,0f,0f,0f,1f],start_interpolation:0}
execute if entity @s[tag=aj.tutankhamen.bone.left_hand] run data modify entity @s {} merge value {transformation:[-0.6635801167480704f,-0.1791114705967713f,0.7263473754046882f,0.37562208512314504f,-0.31454475615161365f,0.9477246330894283f,-0.05366205561688944f,1.2514818973011883f,-0.6787658101540907f,-0.26407783120922923f,-0.6852297965133235f,0.1989263714897517f,0f,0f,0f,1f],start_interpolation:0}
execute if entity @s[tag=aj.tutankhamen.bone.cape_left_back] run data modify entity @s {} merge value {transformation:[-0.6932539606307893f,-0.31020105401089f,0.6505184487470412f,0.34472585776482667f,-0.23257694824045091f,0.9506296522077928f,0.20545371130853166f,1.3831434259528932f,-0.6821340844855084f,-0.008863996492764661f,-0.7311733859689462f,0.12295503929799023f,0f,0f,0f,1f],start_interpolation:0}
execute if entity @s[tag=aj.tutankhamen.bone.cape_left_side] run data modify entity @s {} merge value {transformation:[-0.6932539606307893f,-0.31020105401089f,0.6505184487470412f,0.3717319830200073f,-0.23257694824045091f,0.9506296522077928f,0.20545371130853166f,1.3938018602018971f,-0.6821340844855084f,-0.008863996492764661f,-0.7311733859689462f,0.3209351632449692f,0f,0f,0f,1f],start_interpolation:0}
execute if entity @s[tag=aj.tutankhamen.bone.left_arm] run data modify entity @s {} merge value {transformation:[-0.6635801167480704f,-0.369441709199652f,0.6505184487470412f,0.2187493703588169f,-0.31454475615161365f,0.9267418027083231f,0.20545371130853166f,1.5240887285251548f,-0.6787658101540907f,-0.06828216909682427f,-0.7311733859689462f,0.1709757372785205f,0f,0f,0f,1f],start_interpolation:0}
execute if entity @s[tag=aj.tutankhamen.bone.cape_right_back] run data modify entity @s {} merge value {transformation:[-0.23473016421169535f,0.2882508086461581f,0.9283389582065305f,-0.13966555895431887f,0.36574915707004596f,0.9110304889239531f,-0.1903969599377412f,1.3387168374491065f,-0.9006271726478727f,0.2948472817677296f,-0.31927382655407205f,-0.31144346613153195f,0f,0f,0f,1f],start_interpolation:0}
execute if entity @s[tag=aj.tutankhamen.bone.cape_right] run data modify entity @s {} merge value {transformation:[-0.23473016421169535f,0.2882508086461581f,0.9283389582065305f,-0.4084268866640289f,0.36574915707004596f,0.9110304889239531f,-0.1903969599377412f,1.4434643832257366f,-0.9006271726478727f,0.2948472817677296f,-0.31927382655407205f,-0.37234800521924405f,0f,0f,0f,1f],start_interpolation:0}
execute if entity @s[tag=aj.tutankhamen.bone.weapon] run data modify entity @s {} merge value {transformation:[-0.3838816227212101f,-0.5526491011235254f,1.4905708786821914f,-0.4032955352567681f,0.5981522672916377f,1.3705154072040637f,0.6621850627741945f,0.9549013397275674f,-1.4729006886012086f,0.7006098509546879f,-0.11957036369622034f,-0.4575897196878145f,0f,0f,0f,1f],start_interpolation:0}
execute if entity @s[tag=aj.tutankhamen.bone.right_hand] run data modify entity @s {} merge value {transformation:[-0.23473016421169535f,0.2882508086461581f,0.9283389582065305f,-0.24105341255461227f,0.36574915707004596f,0.9110304889239531f,-0.1903969599377412f,1.2481674974881602f,-0.9006271726478727f,0.2948472817677296f,-0.31927382655407205f,-0.3564893613381147f,0f,0f,0f,1f],start_interpolation:0}
execute if entity @s[tag=aj.tutankhamen.bone.right_arm] run data modify entity @s {} merge value {transformation:[-0.23473016421169535f,0.2882508086461581f,0.9283389582065305f,-0.16598327690007733f,0.36574915707004596f,0.9110304889239531f,-0.1903969599377412f,1.5240887285251548f,-0.9006271726478727f,0.2948472817677296f,-0.31927382655407205f,-0.22256132089791514f,0f,0f,0f,1f],start_interpolation:0}
execute if entity @s[tag=aj.tutankhamen.bone.body] run data modify entity @s {} merge value {transformation:[-0.6990626909156712f,0f,0.7150603849813949f,0f,0f,1f,0f,0.21158872852515476f,-0.7150603849813949f,0f,-0.6990626909156712f,0f,0f,0f,0f,1f],start_interpolation:0}