execute if entity @s[tag=aj.tutankhamen.bone.head] run data modify entity @s {} merge value {transformation:[-0.9772681235681933f,-0.07845769657316004f,0.19695533632256873f,0f,0f,0.9290034489644244f,0.3700710631921982f,1.6280588097076298f,-0.21200710992205485f,0.36165865351272586f,-0.907885457357843f,0f,0f,0f,0f,1f],start_interpolation:0}
execute if entity @s[tag=aj.tutankhamen.bone.back_cape] run data modify entity @s {} merge value {transformation:[-0.6789288986491759f,-0.2207794083886529f,0.7002228241142767f,0.11471937893315161f,0f,0.9537169507482269f,0.30070579950427306f,1.6280588097076298f,-0.7342040251721703f,0.20415785727485602f,-0.6475059989945441f,-0.10608264041393374f,0f,0f,0f,1f],start_interpolation:0}
execute if entity @s[tag=aj.tutankhamen.bone.left_hand] run data modify entity @s {} merge value {transformation:[-0.6526283445370419f,-0.04096650661145551f,0.7565698839121827f,0.36234286384915604f,-0.27563735581699916f,0.942954616270401f,-0.18671004186318932f,1.2253995398452018f,-0.7057622064017406f,-0.33039118782194304f,-0.6266908097495545f,0.2010565777272111f,0f,0f,0f,1f],start_interpolation:0}
execute if entity @s[tag=aj.tutankhamen.bone.cape_left_back] run data modify entity @s {} merge value {transformation:[-0.679918438407405f,-0.28343283139420844f,0.6762963456958037f,0.33725103747020857f,-0.19279490350484862f,0.9589281496726727f,0.20805511036237578f,1.360042944490082f,-0.70748925242451f,0.011074017031162661f,-0.7066373354490983f,0.12823809009202766f,0f,0f,0f,1f],start_interpolation:0}
execute if entity @s[tag=aj.tutankhamen.bone.cape_left_side] run data modify entity @s {} merge value {transformation:[-0.679918438407405f,-0.28343283139420844f,0.6762963456958037f,0.3589512502593901f,-0.19279490350484862f,0.9589281496726727f,0.20805511036237578f,1.3641602593674176f,-0.70748925242451f,0.011074017031162661f,-0.7066373354490983f,0.32711295271449464f,0f,0f,0f,1f],start_interpolation:0}
execute if entity @s[tag=aj.tutankhamen.bone.left_arm] run data modify entity @s {} merge value {transformation:[-0.6526283445370419f,-0.34161308040726734f,0.6762963456958037f,0.2139153322717923f,-0.27563735581699916f,0.9384759555419162f,0.20805511036237578f,1.5030588097076298f,-0.7057622064017406f,-0.05062987422802165f,-0.7066373354490983f,0.17698649776003025f,0f,0f,0f,1f],start_interpolation:0}
execute if entity @s[tag=aj.tutankhamen.bone.cape_right_back] run data modify entity @s {} merge value {transformation:[-0.2163070233615746f,0.26265851989631206f,0.940330672460669f,-0.12745192014038997f,0.343159575381361f,0.9221334638295293f,-0.17863756802486475f,1.3165039821272257f,-0.914031059356595f,0.28404291367966356f,-0.2895977308609788f,-0.3114095045168223f,0f,0f,0f,1f],start_interpolation:0}
execute if entity @s[tag=aj.tutankhamen.bone.cape_right] run data modify entity @s {} merge value {transformation:[-0.2163070233615746f,0.26265851989631206f,0.940330672460669f,-0.39633256065580325f,0.343159575381361f,0.9221334638295293f,-0.17863756802486475f,1.4147820577867796f,-0.914031059356595f,0.28404291367966356f,-0.2895977308609788f,-0.3818274248260456f,0f,0f,0f,1f],start_interpolation:0}
execute if entity @s[tag=aj.tutankhamen.bone.weapon] run data modify entity @s {} merge value {transformation:[-0.35375211112257515f,-0.7582905782131146f,1.4051485745218024f,-0.3796057460154535f,0.5612088889049341f,1.2883431148363784f,0.8365430503440326f,0.9248139694023767f,-1.4948216283227649f,0.6631403253143557f,-0.018462991403337074f,-0.45691280397486145f,0f,0f,0f,1f],start_interpolation:0}
execute if entity @s[tag=aj.tutankhamen.bone.right_hand] run data modify entity @s {} merge value {transformation:[-0.2163070233615746f,0.26265851989631206f,0.940330672460669f,-0.22581449663626996f,0.343159575381361f,0.9221334638295293f,-0.17863756802486475f,1.2231258838807562f,-0.914031059356595f,0.28404291367966356f,-0.2895977308609788f,-0.35737848115286275f,0f,0f,0f,1f],start_interpolation:0}
execute if entity @s[tag=aj.tutankhamen.bone.right_arm] run data modify entity @s {} merge value {transformation:[-0.2163070233615746f,0.26265851989631206f,0.940330672460669f,-0.15973658174427494f,0.343159575381361f,0.9221334638295293f,-0.17863756802486475f,1.5030588097076298f,-0.914031059356595f,0.28404291367966356f,-0.2895977308609788f,-0.22708635851359957f,0f,0f,0f,1f],start_interpolation:0}
execute if entity @s[tag=aj.tutankhamen.bone.body] run data modify entity @s {} merge value {transformation:[-0.6789288986491759f,0f,0.7342040251721703f,0f,0f,1f,0f,0.19055880970762984f,-0.7342040251721703f,0f,-0.6789288986491759f,0f,0f,0f,0f,1f],start_interpolation:0}