execute if entity @s[tag=aj.tutankhamen.bone.head] run data modify entity @s {} merge value {transformation:[-0.9844373618362747f,-0.04656257541974011f,0.1694550299965049f,0f,0f,0.9642600124943536f,0.26495778589124164f,1.6540733778657986f,-0.1757358262302693f,0.2608343437407545f,-0.9492535828241548f,0f,0f,0f,0f,1f],start_interpolation:0}
execute if entity @s[tag=aj.tutankhamen.bone.back_cape] run data modify entity @s {} merge value {transformation:[-0.7056059484742818f,-0.21308146319630114f,0.675808061153337f,0.11071944298815874f,0f,0.9537169507482269f,0.30070579950427306f,1.6540733778657986f,-0.7086044351242159f,0.21217980087092983f,-0.6729483536087025f,-0.11025092944910653f,0f,0f,0f,1f],start_interpolation:0}
execute if entity @s[tag=aj.tutankhamen.bone.left_hand] run data modify entity @s {} merge value {transformation:[-0.6658157751422449f,-0.22607523177126174f,0.7110410277552919f,0.3807778247873894f,-0.3310634178849581f,0.9435554823691128f,-0.01000325094759566f,1.2587707748992072f,-0.6686451726514303f,-0.24205999518871613f,-0.7030793638126337f,0.19882256873923582f,0f,0f,0f,1f],start_interpolation:0}
execute if entity @s[tag=aj.tutankhamen.bone.cape_left_back] run data modify entity @s {} merge value {transformation:[-0.6965262326039001f,-0.32195199048237483f,0.641247318215877f,0.3475713893362471f,-0.24951215910507174f,0.9465896941974979f,0.20423426083253712f,1.3890872207112506f,-0.6727517296546646f,-0.017744482622051146f,-0.739655489794494f,0.1215183974260558f,0f,0f,0f,1f],start_interpolation:0}
execute if entity @s[tag=aj.tutankhamen.bone.cape_left_side] run data modify entity @s {} merge value {transformation:[-0.6965262326039001f,-0.32195199048237483f,0.641247318215877f,0.3762476984036219f,-0.24951215910507174f,0.9465896941974979f,0.20423426083253712f,1.4025442129673509f,-0.6727517296546646f,-0.017744482622051146f,-0.739655489794494f,0.3190927914089089f,0f,0f,0f,1f],start_interpolation:0}
execute if entity @s[tag=aj.tutankhamen.bone.left_arm] run data modify entity @s {} merge value {transformation:[-0.6658157751422449f,-0.381433127104447f,0.641247318215877f,0.22031172727573356f,-0.3310634178849581f,0.9212412170764598f,0.20423426083253712f,1.5290733778657986f,-0.6686451726514303f,-0.07631113619129248f,-0.739655489794494f,0.1689577834699997f,0f,0f,0f,1f],start_interpolation:0}
execute if entity @s[tag=aj.tutankhamen.bone.cape_right_back] run data modify entity @s {} merge value {transformation:[-0.24060246041323025f,0.29684539723871f,0.9241175608012718f,-0.1437233823725022f,0.373161654460493f,0.9072018063710108f,-0.19425566184150872f,1.3441244110509765f,-0.8960250195632975f,0.2981068477163304f,-0.32904630625677134f,-0.31135256980576825f,0f,0f,0f,1f],start_interpolation:0}
execute if entity @s[tag=aj.tutankhamen.bone.cape_right] run data modify entity @s {} merge value {transformation:[-0.24060246041323025f,0.29684539723871f,0.9241175608012718f,-0.4123469070123874f,0.373161654460493f,0.9072018063710108f,-0.19425566184150872f,1.4509948350208057f,-0.8960250195632975f,0.2981068477163304f,-0.32904630625677134f,-0.36909490254834065f,0f,0f,0f,1f],start_interpolation:0}
execute if entity @s[tag=aj.tutankhamen.bone.weapon] run data modify entity @s {} merge value {transformation:[-0.39348527380080367f,-0.48202957550427356f,1.5124167749837303f,-0.4111663631377594f,0.610274789065598f,1.392495864475377f,0.6025841209831403f,0.9629797349379675f,-1.465374250744143f,0.709359168101219f,-0.1551629772139598f,-0.45756069555500184f,0f,0f,0f,1f],start_interpolation:0}
execute if entity @s[tag=aj.tutankhamen.bone.right_hand] run data modify entity @s {} merge value {transformation:[-0.24060246041323025f,0.29684539723871f,0.9241175608012718f,-0.24610523146533392f,0.373161654460493f,0.9072018063710108f,-0.19425566184150872f,1.254526465821585f,-0.8960250195632975f,0.2981068477163304f,-0.32904630625677134f,-0.35605131349061436f,0f,0f,0f,1f],start_interpolation:0}
execute if entity @s[tag=aj.tutankhamen.bone.right_arm] run data modify entity @s {} merge value {transformation:[-0.24060246041323025f,0.29684539723871f,0.9241175608012718f,-0.16802203449682984f,0.373161654460493f,0.9072018063710108f,-0.19425566184150872f,1.5290733778657986f,-0.8960250195632975f,0.2981068477163304f,-0.32904630625677134f,-0.22102621042278817f,0f,0f,0f,1f],start_interpolation:0}
execute if entity @s[tag=aj.tutankhamen.bone.body] run data modify entity @s {} merge value {transformation:[-0.7056059484742818f,0f,0.7086044351242159f,0f,0f,1f,0f,0.21657337786579844f,-0.7086044351242159f,0f,-0.7056059484742818f,0f,0f,0f,0f,1f],start_interpolation:0}