# This file was generated by Animated Java via MC-Build. It is not recommended to edit this file directly.
$data merge entity $(bone_body) { transformation: [-0.9238795325112867f,0.2705980500730984f,-0.2705980500730984f,0.0572622562591373f,0f,0.7071067811865475f,0.7071067811865475f,0.7061867015577834f,0.3826834323650896f,0.6532814824381883f,-0.6532814824381883f,0.08166018530477354f,0f,0f,0f,1f], start_interpolation: 0, interpolation_duration: 1 }
$data merge entity $(bone_left_hand) { transformation: [-0.5004952635034028f,-0.6455263715308364f,0.5768883729707955f,0.9927690470976447f,-0.6830127018922192f,0.7038787866419042f,0.19505974153938338f,1.1431837293145584f,-0.5319756951821668f,-0.29639560957233024f,-0.7931907099567526f,0.09862435101622978f,0f,0f,0f,1f], start_interpolation: 0, interpolation_duration: 1 }
$data merge entity $(bone_left_arm) { transformation: [-0.5004952635034028f,-0.724305897406478f,-0.4742208959892591f,0.5437571544010836f,-0.6830127018922192f,-0.006236006595582433f,0.7303798746375958f,1.015545918326898f,-0.5319756951821668f,0.6894505632776988f,-0.4915890362198023f,0.21499540378851556f,0f,0f,0f,1f], start_interpolation: 0, interpolation_duration: 1 }
$data merge entity $(bone_right_hand) { transformation: [-0.00041079643767996665f,-0.012335175092406392f,-0.9999238344502676f,-0.3218687243453288f,0.01458502381195348f,0.9998174858725993f,-0.01233985509636043f,0.4347113118460444f,0.9998935484973844f,-0.014588982104111914f,-0.00023081263907925864f,0.8372007343100997f,0f,0f,0f,1f], start_interpolation: 0, interpolation_duration: 1 }
$data merge entity $(bone_right_arm) { transformation: [-0.00041079643767996665f,-0.012335175092406392f,-0.9999238344502676f,-0.3275738133378293f,0.01458502381195348f,0.9998174858725993f,-0.01233985509636043f,0.900641066384084f,0.9998935484973844f,-0.014588982104111914f,-0.00023081263907925864f,0.6428821086055376f,0f,0f,0f,1f], start_interpolation: 0, interpolation_duration: 1 }
$data merge entity $(bone_head) { transformation: [-0.9238795325112867f,0.3826834323650896f,2.7755575615628914e-17f,0.19751480216384606f,0f,-1.1102230246251565e-16f,0.9999999999999999f,1.1481284397993756f,0.3826834323650896f,0.9238795325112867f,5.551115123125783e-17f,0.5019199690900502f,0f,0f,0f,1f], start_interpolation: 0, interpolation_duration: 1 }
$data merge entity $(bone_bottom) { transformation: [-1f,-3.0054336957728258e-18f,1.2242779584276966e-16f,0.0078125f,0f,0.9996988186962042f,0.024541228522912285f,0.617798353909465f,-1.2246467991473532e-16f,0.024541228522912285f,-0.9996988186962042f,9.567553118338695e-19f,0f,0f,0f,1f], start_interpolation: 0, interpolation_duration: 1 }
data modify entity @s data merge value {"locators":{"locator_left_hand":{"posx":1.4242159669069967,"posy":0.6919353490478747,"posz":0.3014460900352929,"roty":36.02843176460448,"rotx":11.248213546986335},"locator_right_hand":{"posx":-0.3137801843852759,"posy":-0.22119102226078713,"posz":0.8623980905111948,"roty":270.01322559717755,"rotx":-0.7070395613228309}},"cameras":{}}