# This file was generated by Animated Java via MC-Build. It is not recommended to edit this file directly.
$data merge entity $(bone_body) { transformation: [-0.9238795325112867f,0.2705980500730984f,-0.2705980500730984f,0.0572622562591373f,0f,0.7071067811865475f,0.7071067811865475f,0.8012387848911169f,0.3826834323650896f,0.6532814824381883f,-0.6532814824381883f,0.08166018530477354f,0f,0f,0f,1f], start_interpolation: 0, interpolation_duration: 1 }
$data merge entity $(bone_left_hand) { transformation: [-0.6952567958229262f,-0.584779441346417f,0.41791266173760555f,0.9715932466161893f,-0.6110642913602629f,0.7870366715013456f,0.08469775402254072f,1.1649631622899512f,-0.3784420955528304f,-0.19648481542006122f,-0.9045304293515651f,0.0018146823153663838f,0f,0f,0f,1f], start_interpolation: 0, interpolation_duration: 1 }
$data merge entity $(bone_left_arm) { transformation: [-0.6952567958229262f,-0.5550246897104257f,-0.45668980903221773f,0.5437571544010836f,-0.6110642913602629f,0.12188833173959365f,0.7821404390581774f,1.1105980016602315f,-0.3784420955528304f,0.822855290070851f,-0.42389945967882287f,0.21499540378851556f,0f,0f,0f,1f], start_interpolation: 0, interpolation_duration: 1 }
$data merge entity $(bone_right_hand) { transformation: [-0.00041079643767996665f,-0.012335175092406392f,-0.9999238344502676f,-0.3218687243453288f,0.01458502381195348f,0.9998174858725993f,-0.01233985509636043f,0.5297633951793778f,0.9998935484973844f,-0.014588982104111914f,-0.00023081263907925864f,0.8372007343100997f,0f,0f,0f,1f], start_interpolation: 0, interpolation_duration: 1 }
$data merge entity $(bone_right_arm) { transformation: [-0.00041079643767996665f,-0.012335175092406392f,-0.9999238344502676f,-0.3275738133378293f,0.01458502381195348f,0.9998174858725993f,-0.01233985509636043f,0.9956931497174174f,0.9998935484973844f,-0.014588982104111914f,-0.00023081263907925864f,0.6428821086055376f,0f,0f,0f,1f], start_interpolation: 0, interpolation_duration: 1 }
$data merge entity $(bone_head) { transformation: [-0.9238795325112867f,0.36133949400506454f,-0.12601737768613525f,0.19751480216384606f,0f,0.32929927723108604f,0.9442256012283738f,1.2431805231327089f,0.3826834323650896f,0.8723507070480587f,-0.3042328623045604f,0.5019199690900502f,0f,0f,0f,1f], start_interpolation: 0, interpolation_duration: 1 }
$data merge entity $(bone_bottom) { transformation: [-1f,-3.55528545619953e-18f,1.224130620969164e-16f,0.0078125f,0f,0.9995785085311548f,0.02903110887706446f,0.7128504372427984f,-1.2246467991473532e-16f,0.02903110887706446f,-0.9995785085311548f,9.567553118338695e-19f,0f,0f,0f,1f], start_interpolation: 0, interpolation_duration: 1 }
data modify entity @s data merge value {"locators":{"locator_left_hand":{"posx":1.3662181424345086,"posy":0.6580182261696973,"posz":0.13667100017779454,"roty":24.797960395019345,"rotx":4.858644775117998},"locator_right_hand":{"posx":-0.3137801843852759,"posy":-0.12613893892745376,"posz":0.8623980905111948,"roty":270.01322559717755,"rotx":-0.7070395613228309}},"cameras":{}}