# This file was generated by Animated Java via MC-Build. It is not recommended to edit this file directly.
$data merge entity $(bone_body) { transformation: [-0.9238795325112867f,0.2705980500730984f,-0.2705980500730984f,0.0572622562591373f,0f,0.7071067811865475f,0.7071067811865475f,0.9633883476483185f,0.3826834323650896f,0.6532814824381883f,-0.6532814824381883f,0.08166018530477354f,0f,0f,0f,1f], start_interpolation: 0, interpolation_duration: 1 }
$data merge entity $(bone_left_hand) { transformation: [-0.9624350297590463f,-0.2232147722204699f,-0.15457677366042882f,0.7631548376342017f,-0.1830127018922193f,0.9538787866419042f,-0.2379529603528359f,1.0710935967806727f,0.20056212114657487f,-0.20072475148105773f,-0.9588974969745484f,-0.16268918211391814f,0f,0f,0f,1f], start_interpolation: 0, interpolation_duration: 1 }
$data merge entity $(bone_left_arm) { transformation: [-0.9624350297590463f,0.0915374636241693f,-0.2556163262508042f,0.5437571544010836f,-0.1830127018922193f,0.47672690654895167f,0.8597893971888562f,1.272747564417433f,0.20056212114657487f,0.8742724685848919f,-0.44206615594915843f,0.21499540378851556f,0f,0f,0f,1f], start_interpolation: 0, interpolation_duration: 1 }
$data merge entity $(bone_right_hand) { transformation: [-0.00041079643767996665f,-0.012335175092406392f,-0.9999238344502676f,-0.3218687243453288f,0.01458502381195348f,0.9998174858725993f,-0.01233985509636043f,0.6919129579365793f,0.9998935484973844f,-0.014588982104111914f,-0.00023081263907925864f,0.8372007343100997f,0f,0f,0f,1f], start_interpolation: 0, interpolation_duration: 1 }
$data merge entity $(bone_right_arm) { transformation: [-0.00041079643767996665f,-0.012335175092406392f,-0.9999238344502676f,-0.3275738133378293f,0.01458502381195348f,0.9998174858725993f,-0.01233985509636043f,1.157842712474619f,0.9998935484973844f,-0.014588982104111914f,-0.00023081263907925864f,0.6428821086055376f,0f,0f,0f,1f], start_interpolation: 0, interpolation_duration: 1 }
$data merge entity $(bone_head) { transformation: [-0.9238795325112867f,0.1464466094067262f,-0.3535533905932736f,0.19751480216384606f,0f,0.9238795325112866f,0.3826834323650897f,1.4053300858899105f,0.3826834323650896f,0.35355339059327373f,-0.8535533905932737f,0.5019199690900502f,0f,0f,0f,1f], start_interpolation: 0, interpolation_duration: 1 }
$data merge entity $(bone_bottom) { transformation: [-1f,0f,1.2246467991473532e-16f,0.0078125f,0f,1f,0f,0.875f,-1.2246467991473532e-16f,0f,-1f,9.567553118338695e-19f,0f,0f,0f,1f], start_interpolation: 0, interpolation_duration: 1 }
data modify entity @s data merge value {"locators":{"locator_left_hand":{"posx":0.9246775792438702,"posy":0.44797021651398905,"posz":-0.034097347097389236,"roty":350.8425514841882,"rotx":-13.765753858730719},"locator_right_hand":{"posx":-0.3137801843852759,"posy":0.036010623829747734,"posz":0.8623980905111948,"roty":270.01322559717755,"rotx":-0.7070395613228309}},"cameras":{}}