# This file was generated by Animated Java via MC-Build. It is not recommended to edit this file directly.
$data merge entity $(bone_body) { transformation: [-0.993238357741943f,0.05755834797062997f,-0.10081964733612096f,0.030632293496328747f,3.469446951953614e-18f,0.8684392849969007f,0.4957955307120787f,0.7173512069209085f,0.11609291412522957f,0.49244313870026013f,-0.862567209228909f,0.061555392337532516f,0f,0f,0f,1f], start_interpolation: 0, interpolation_duration: 1 }
$data merge entity $(bone_left_hand) { transformation: [-0.4756833811469863f,0.8530676558741586f,-0.21447819330164825f,0.7475460581921307f,0.7332414172461392f,0.24987006069351364f,-0.6323938462729481f,0.5409091626254927f,-0.48588305685158895f,-0.45808353743655544f,-0.7443635723181029f,0.46005833282526754f,0f,0f,0f,1f], start_interpolation: 0, interpolation_duration: 1 }
$data merge entity $(bone_left_arm) { transformation: [-0.980381953664349f,-0.0563198101912652f,-0.18888966067335242f,0.4677650430937575f,-0.017050215269618967f,0.9789490756193283f,-0.20339124244500384f,0.9216327181256274f,0.19636831487929515f,-0.19618049424976636f,-0.9607042721812907f,0.36940806874479304f,0f,0f,0f,1f], start_interpolation: 0, interpolation_duration: 1 }
$data merge entity $(bone_right_hand) { transformation: [-0.07570822466161078f,-0.7718570605999913f,-0.6312724789823552f,-0.5566534239022787f,-0.39861556214028165f,0.6037292999793973f,-0.6903742216841341f,0.6025671143276583f,0.9139879092953985f,0.19936802739739357f,-0.35338150958064846f,0.8651970993559195f,0f,0f,0f,1f], start_interpolation: 0, interpolation_duration: 1 }
$data merge entity $(bone_right_arm) { transformation: [-0.9079324456291279f,-0.09983370697961107f,-0.4070527055856768f,-0.4081834135342156f,0.16074276633999368f,0.8140011232884965f,-0.5581791238970084f,0.8901190799501629f,0.38706645068163253f,-0.5722197150009555f,-0.723010484378303f,0.5019834309439579f,0f,0f,0f,1f], start_interpolation: 0, interpolation_duration: 1 }
$data merge entity $(bone_head) { transformation: [-0.993238357741943f,0.08340592321832399f,-0.08075281222463382f,0.035567562298536755f,3.469446951953614e-18f,0.6955877784024411f,0.7184411197427082f,1.2601257600439713f,0.11609291412522957f,0.7135832779075302f,-0.6908844626858073f,0.3729602575916085f,0f,0f,0f,1f], start_interpolation: 0, interpolation_duration: 1 }
$data merge entity $(bone_bottom) { transformation: [-1f,3.341326285981812e-17f,1.178182994771155e-16f,0.0078125f,0f,0.962059424473613f,-0.2728399966674615f,0.6087962962962958f,-1.2246467991473532e-16f,-0.2728399966674615f,-0.962059424473613f,9.567553118338695e-19f,0f,0f,0f,1f], start_interpolation: 0, interpolation_duration: 1 }
data modify entity @s data merge value {"locators":{"locator_left_hand":{"posx":0.19515296185513586,"posy":0.36547503815090343,"posz":0.7682675770313131,"roty":343.92638647400474,"rotx":-39.22695782667456},"locator_right_hand":{"posx":-0.051305168893872044,"posy":0.20014139305773693,"posz":0.7486428924591205,"roty":299.2397687386594,"rotx":-43.65973905985957}},"cameras":{}}