# This file was generated by Animated Java via MC-Build. It is not recommended to edit this file directly.
$data merge entity $(bone_body) { transformation: [-1f,-4.6865204053262974e-17f,1.1314261122877003e-16f,0.023437499999999993f,0f,0.9238795325112867f,0.3826834323650897f,0.6779849415639109f,-1.2246467991473532e-16f,0.3826834323650897f,-0.9238795325112867f,0.047835429045636216f,0f,0f,0f,1f], start_interpolation: 0, interpolation_duration: 1 }
$data merge entity $(bone_left_hand) { transformation: [0.024215492059742258f,0.9950317811498663f,0.09656792659071071f,0.6994748433295381f,0.1846248882587993f,0.09048350835313812f,-0.9786349602132214f,0.5771064389269556f,-0.9825106923488062f,0.04152696976462322f,-0.18151652873068524f,0.7415875881024411f,0f,0f,0f,1f], start_interpolation: 0, interpolation_duration: 1 }
$data merge entity $(bone_left_arm) { transformation: [-0.9900855809429032f,-0.054096047503305586f,-0.12963086072951097f,0.42187499999999994f,0.04766415257708841f,0.7387232796289156f,-0.6723213849740368f,0.8471087228595974f,0.13213126415826726f,-0.6718344541468672f,-0.7288208252054268f,0.45613635556950394f,0f,0f,0f,1f], start_interpolation: 0, interpolation_duration: 1 }
$data merge entity $(bone_right_hand) { transformation: [0.024215492059742008f,-0.9950317811498665f,-0.09656792659071066f,-0.6994748433295384f,-0.1846248882587993f,0.09048350835313812f,-0.9786349602132214f,0.5771064389269556f,0.9825106923488062f,0.04152696976462297f,-0.1815165287306853f,0.741587588102441f,0f,0f,0f,1f], start_interpolation: 0, interpolation_duration: 1 }
$data merge entity $(bone_right_arm) { transformation: [-0.9900855809429032f,0.05409604750330575f,0.1296308607295112f,-0.42187500000000006f,-0.04766415257708841f,0.7387232796289156f,-0.6723213849740368f,0.8471087228595974f,-0.1321312641582675f,-0.6718344541468672f,-0.7288208252054268f,0.4561363555695038f,0f,0f,0f,1f], start_interpolation: 0, interpolation_duration: 1 }
$data merge entity $(bone_head) { transformation: [-1f,-1.0328566345430088e-16f,6.580022455450643e-17f,-0.007812500000000035f,0f,0.5372996083468239f,0.8433914458128857f,1.255409649383465f,-1.2246467991473532e-16f,0.8433914458128857f,-0.5372996083468239f,0.2870125742738173f,0f,0f,0f,1f], start_interpolation: 0, interpolation_duration: 1 }
$data merge entity $(bone_bottom) { transformation: [-1f,4.6865204053262974e-17f,1.1314261122877003e-16f,0.0078125f,0f,0.9238795325112867f,-0.3826834323650897f,0.5625f,-1.2246467991473532e-16f,-0.3826834323650897f,-0.9238795325112867f,9.567553118338695e-19f,0f,0f,0f,1f], start_interpolation: 0, interpolation_duration: 1 }
data modify entity @s data merge value {"locators":{"locator_left_hand":{"posx":0.04610686988650481,"posy":0.514841872691165,"posz":0.7296872437623572,"roty":28.013256239093238,"rotx":-78.13505426189704},"locator_right_hand":{"posx":-0.04610686988650503,"posy":0.514841872691165,"posz":0.7296872437623573,"roty":331.98674376090685,"rotx":-78.13505426189701}},"cameras":{}}