# This file was generated by Animated Java via MC-Build. It is not recommended to edit this file directly.
$data merge entity $(bone_body) { transformation: [-0.9995769500822006f,-0.009814940335222358f,0.027378601326253475f,0.022210632458097207f,0f,0.9413397312888874f,0.3374603832999741f,0.8177403527084873f,-0.02908471874311153f,0.33731762071255844f,-0.9409414975929442f,0.042164702589069805f,0f,0f,0f,1f], start_interpolation: 0, interpolation_duration: 1 }
$data merge entity $(bone_left_hand) { transformation: [0.1218328096155394f,0.9914032067014569f,0.047712139369891576f,0.6422245911484556f,0.12203266843479688f,0.03274367373406034f,-0.9919858263428365f,0.7382876828170408f,-0.9850201999633643f,0.126678860006181f,-0.11699432504043838f,0.7773576046208712f,0f,0f,0f,1f], start_interpolation: 0, interpolation_duration: 1 }
$data merge entity $(bone_left_arm) { transformation: [-0.9925786890367757f,0.05319659817855857f,-0.10935112259261259f,0.4088565917372628f,0.11527673098763598f,0.697905284575685f,-0.7068518154847847f,1.0064526489550227f,0.03871461433153921f,-0.7142116882994571f,-0.6988582423736585f,0.4532091196837479f,0f,0f,0f,1f], start_interpolation: 0, interpolation_duration: 1 }
$data merge entity $(bone_right_hand) { transformation: [0.06435285678407042f,-0.9970916300279944f,-0.04082880296856564f,-0.6863571957844913f,-0.12203266843479688f,0.03274367373406034f,-0.9919858263428365f,0.7382876828170408f,0.9904376495562008f,0.0688195695897208f,-0.11957060333992509f,0.7386998228493051f,0f,0f,0f,1f], start_interpolation: 0, interpolation_duration: 1 }
$data merge entity $(bone_right_arm) { transformation: [-0.988648348364971f,-0.011578881531899288f,0.14980111073581912f,-0.43453645989459394f,-0.11527673098763598f,0.697905284575685f,-0.7068518154847847f,1.0064526489550227f,-0.09636243338572931f,-0.7160964622617558f,-0.6913176825224265f,0.42866888824424754f,0f,0f,0f,1f], start_interpolation: 0, interpolation_duration: 1 }
$data merge entity $(bone_head) { transformation: [-0.9995769500822006f,-0.024605277258368738f,0.015508100960617506f,-0.015160484941485537f,0f,0.5332044328016914f,0.8459864259198411f,1.406077684764042f,-0.02908471874311153f,0.8456285314318962f,-0.5329788607102243f,0.2520793180736966f,0f,0f,0f,1f], start_interpolation: 0, interpolation_duration: 1 }
$data merge entity $(bone_bottom) { transformation: [-1f,5.175581015019659e-17f,1.1099069304367545e-16f,0.0078125f,0f,0.9063077870366499f,-0.42261826174069944f,0.7000728862973764f,-1.2246467991473532e-16f,-0.42261826174069944f,-0.9063077870366499f,9.567553118338695e-19f,0f,0f,0f,1f], start_interpolation: 0, interpolation_duration: 1 }
data modify entity @s data merge value {"locators":{"locator_left_hand":{"posx":-0.010287400899618215,"posy":0.71489288648477,"posz":0.7096155433662426,"roty":22.186413333843632,"rotx":-82.74132295042894},"locator_right_hand":{"posx":-0.031010300191368856,"posy":0.71489288648477,"posz":0.7090125685803665,"roty":341.14691999948957,"rotx":-82.74132295042905}},"cameras":{}}