# This file was generated by Animated Java via MC-Build. It is not recommended to edit this file directly.
$data merge entity $(bone_body) { transformation: [-0.9996988186962042f,-0.008078375478299312f,0.023173513912340113f,0.022427703065212586f,0f,0.9442686983133165f,0.3291756755680389f,0.9319913132366867f,-0.024541228522912385f,0.3290765340088934f,-0.943984302235625f,0.04113456675111168f,0f,0f,0f,1f], start_interpolation: 0, interpolation_duration: 1 }
$data merge entity $(bone_left_hand) { transformation: [0.08315644287929852f,0.9938250964598447f,0.07346212394317385f,0.663660711371888f,0.12158705035810075f,0.06304841317842498f,-0.9905763407132733f,0.8645139569261455f,-0.9890912977035429f,0.09130484785739948f,-0.11559338028130545f,0.7652190614504221f,0f,0f,0f,1f], start_interpolation: 0, interpolation_duration: 1 }
$data merge entity $(bone_left_arm) { transformation: [-0.9936136949506558f,0.006796566097269703f,-0.11263051050133223f,0.4109789857049066f,0.0855487940033656f,0.6962454308989079f,-0.7126876621613168f,1.124207882844586f,0.073574649513776f,-0.7177716256872231f,-0.6923804332209611f,0.4487442238171216f,0f,0f,0f,1f], start_interpolation: 0, interpolation_duration: 1 }
$data merge entity $(bone_right_hand) { transformation: [0.03452386762622743f,-0.9971081071459413f,-0.0677017372595747f,-0.700422936298092f,-0.12158705035810075f,0.06304841317842498f,-0.9905763407132733f,0.8645139569261455f,0.991980187175804f,0.0424301809979685f,-0.11905875856540854f,0.731732687458807f,0f,0f,0f,1f], start_interpolation: 0, interpolation_duration: 1 }
$data merge entity $(bone_right_arm) { transformation: [-0.9888067067988513f,0.02843100503493108f,0.14646833972676243f,-0.43251689257001574f,-0.0855487940033656f,0.6962454308989079f,-0.7126876621613168f,1.124207882844586f,-0.122240338817349f,-0.7172405300212038f,-0.6860199134578544f,0.42803756225091427f,0f,0f,0f,1f], start_interpolation: 0, interpolation_duration: 1 }
$data merge entity $(bone_head) { transformation: [-0.9996988186962042f,-0.020293058146525298f,0.013800858251411459f,-0.013861869692980866f,0f,0.5623540092349733f,0.826896588635696f,1.5221592496825096f,-0.024541228522912385f,0.8266475428430267f,-0.5621846387212772f,0.24604048711532903f,0f,0f,0f,1f], start_interpolation: 0, interpolation_duration: 1 }
$data merge entity $(bone_bottom) { transformation: [-1f,5.236039766285425e-17f,1.1070675942871033e-16f,0.0078125f,0f,0.9039892931234433f,-0.4275550934302821f,0.8139577259475221f,-1.2246467991473532e-16f,-0.4275550934302821f,-0.9039892931234433f,9.567553118338695e-19f,0f,0f,0f,1f], start_interpolation: 0, interpolation_duration: 1 }
data modify entity @s data merge value {"locators":{"locator_left_hand":{"posx":0.010163672400125834,"posy":0.8212386381159588,"posz":0.7207548065706215,"roty":32.436852001837906,"rotx":-82.1279279115254},"locator_right_hand":{"posx":-0.04553130555190821,"posy":0.8212386381159588,"posz":0.7193875716035122,"roty":330.3756479981621,"rotx":-82.1279279115254}},"cameras":{}}