# This file was generated by Animated Java via MC-Build. It is not recommended to edit this file directly.
$data merge entity $(bone_body) { transformation: [-0.9998942319271075f,-0.004641584578769706f,0.013783346890281843f,0.022857301927653787f,4.336808689942018e-19f,0.9477065378538221f,0.3191430997360308f,1.0545055912842063f,-0.014543897651582774f,0.3191093445853948f,-0.9476063007596457f,0.03988866807317435f,0f,0f,0f,1f], start_interpolation: 0, interpolation_duration: 1 }
$data merge entity $(bone_left_hand) { transformation: [0.0386516762067855f,0.9944132175602939f,0.09822627279801081f,0.6886570082016608f,0.11756412377781178f,0.09309159992604497f,-0.988692384325663f,1.0009108956408628f,-0.9923128159641803f,0.04976250360052864f,-0.1133091722176377f,0.7486434774329807f,0f,0f,0f,1f], start_interpolation: 0, interpolation_duration: 1 }
$data merge entity $(bone_left_arm) { transformation: [-0.9918511246522597f,-0.04361306090950238f,-0.11970483467325621f,0.415494868877032f,0.05651578536947289f,0.6914573016103787f,-0.7202032810628992f,1.250931665696016f,0.11418105153710593f,-0.7210996470445661f,-0.6833578758616038f,0.441532141464052f,0f,0f,0f,1f], start_interpolation: 0, interpolation_duration: 1 }
$data merge entity $(bone_right_hand) { transformation: [0.009774185460840135f,-0.9954398595515207f,-0.09488915277641306f,-0.710144714244984f,-0.11756412377781178f,0.09309159992604497f,-0.988692384325663f,1.0009108956408628f,0.9930171912403795f,0.020819222830297107f,-0.11611812029915941f,0.7282972963704973f,0f,0f,0f,1f], start_interpolation: 0, interpolation_duration: 1 }
$data merge entity $(bone_right_arm) { transformation: [-0.9881105983457568f,0.0645675908277179f,0.13952946517311243f,-0.42816588931146493f,-0.05651578536947289f,0.6914573016103787f,-0.7202032810628992f,1.250931665696016f,-0.14298045824818884f,-0.7195261122880796f,-0.6795871999197306f,0.42926072782052904f,0f,0f,0f,1f], start_interpolation: 0, interpolation_duration: 1 }
$data merge entity $(bone_head) { transformation: [-0.9998942319271075f,-0.01149539009004212f,0.008909599630593752f,-0.011290383181799389f,4.336808689942018e-19f,0.6126005451932031f,0.7903926695187591f,1.646822177442845f,-0.014543897651582774f,0.7903090712092757f,-0.612535751614085f,0.23887751163743415f,0f,0f,0f,1f], start_interpolation: 0, interpolation_duration: 1 }
$data merge entity $(bone_bottom) { transformation: [-1f,5.175581015019659e-17f,1.1099069304367545e-16f,0.0078125f,0f,0.9063077870366499f,-0.42261826174069944f,0.9360422740524785f,-1.2246467991473532e-16f,-0.42261826174069944f,-0.9063077870366499f,9.567553118338695e-19f,0f,0f,0f,1f], start_interpolation: 0, interpolation_duration: 1 }
data modify entity @s data merge value {"locators":{"locator_left_hand":{"posx":0.03546940173698687,"posy":0.9379825937553674,"posz":0.731491722194574,"roty":40.921598718710015,"rotx":-81.37551369076904},"locator_right_hand":{"posx":-0.05673458476647297,"posy":0.9379825937553674,"posz":0.7301505750012458,"roty":320.7450679479565,"rotx":-81.37551369076887}},"cameras":{}}