# This file was generated by Animated Java via MC-Build. It is not recommended to edit this file directly.
$data merge entity $(bone_body) { transformation: [-0.9974730328935533f,-0.021473446856241942f,-0.06772325841428957f,0.020753319142969757f,0f,0.95322975130951f,-0.30224665625678926f,1.1894662189136889f,0.07104610228672992f,-0.3014828888983948f,-0.9508209710830644f,-0.03768536111229935f,0f,0f,0f,1f], start_interpolation: 0, interpolation_duration: 1 }
$data merge entity $(bone_left_hand) { transformation: [-0.8950564424092978f,0.40341122970914084f,-0.19008772881532962f,1.0624157063150175f,-0.3482147278500488f,-0.8985148731101886f,-0.26724057721105604f,1.637337412446707f,-0.2786045014172024f,-0.1730040535488712f,0.9446952573426688f,0.021538998256600772f,0f,0f,0f,1f], start_interpolation: 0, interpolation_duration: 1 }
$data merge entity $(bone_left_arm) { transformation: [-0.05326303377580538f,-0.9302784345784617f,0.36296705551777647f,0.6517935331031814f,-0.9922568268841399f,0.09014739749945927f,0.08543907903233117f,1.4277736567410662f,-0.11220266812699176f,-0.3556057942192754f,-0.9278766514913835f,-0.1583849767229627f,0f,0f,0f,1f], start_interpolation: 0, interpolation_duration: 1 }
$data merge entity $(bone_right_hand) { transformation: [-0.8465332691040823f,-0.4238591622240537f,0.32206340198581795f,-1.0487558787425413f,0.3482147278500488f,-0.8985148731101886f,-0.26724057721105604f,1.637337412446707f,0.4026511239376735f,-0.1140808195907848f,0.908216735693206f,0.17190949192471733f,0f,0f,0f,1f], start_interpolation: 0, interpolation_duration: 1 }
$data merge entity $(bone_right_arm) { transformation: [-0.036822501545260095f,0.8704860566493146f,-0.49081374120849125f,-0.6677801666622483f,0.9922568268841399f,0.09014739749945927f,0.08543907903233117f,1.4277736567410662f,0.11861910841752166f,-0.4838672048229772f,-0.8670651851014612f,-0.06439690390614293f,0f,0f,0f,1f], start_interpolation: 0, interpolation_duration: 1 }
$data merge entity $(bone_head) { transformation: [-0.9997232236669781f,-0.02351427854023117f,0.0007448259110576991f,-0.023838617420105f,-0.01757408011681441f,0.7253754188970396f,-0.6881290964404807f,1.7852348134821325f,0.015640580838100215f,-0.6879517282227561f,-0.7255878939634881f,-0.2238919759773358f,0f,0f,0f,1f], start_interpolation: 0, interpolation_duration: 1 }
$data merge entity $(bone_bottom) { transformation: [-1f,-1.78111377061374e-18f,1.2245172706154333e-16f,0.0078125f,0f,0.9998942319271075f,0.01454389765158265f,1.0703125f,-1.2246467991473532e-16f,0.01454389765158265f,-0.9998942319271075f,9.567553118338695e-19f,0f,0f,0f,1f], start_interpolation: 0, interpolation_duration: 1 }
data modify entity @s data merge value {"locators":{"locator_left_hand":{"posx":0.8116623437310391,"posy":2.2324286530479256,"posz":0.13942610373269126,"roty":191.3769045678119,"rotx":-15.500130875543695},"locator_right_hand":{"posx":-0.7838253858627573,"posy":2.2324286530479256,"posz":0.253066453592696,"roty":160.47494728403998,"rotx":-15.5001308755437}},"cameras":{}}