# This file was generated by Animated Java via MC-Build. It is not recommended to edit this file directly.
$data merge entity $(bone_body) { transformation: [-0.9976321083395845f,-0.02035638501964692f,-0.06569470297403987f,0.020892951872544134f,-1.734723475976807e-18f,0.9551942170097f,-0.29597974219737777f,1.1659617771262125f,0.06877627795915849f,-0.29527889423417664f,-0.9529324205891656f,-0.03690986177927208f,0f,0f,0f,1f], start_interpolation: 0, interpolation_duration: 1 }
$data merge entity $(bone_left_hand) { transformation: [-0.9054951502587036f,0.38362209530521535f,-0.1814183586399225f,1.0559800419284096f,-0.3230402258671294f,-0.9003647508924097f,-0.2915275764351678f,1.5970179802908606f,-0.2751791149954543f,-0.20537137907723357f,0.9392012837119811f,0.027631280408706133f,0f,0f,0f,1f], start_interpolation: 0, interpolation_duration: 1 }
$data merge entity $(bone_left_arm) { transformation: [-0.0878634313951079f,-0.9271147045539911f,0.36433273531655463f,0.6419219236120072f,-0.98749063803613f,0.1291389413126528f,0.09047305470494388f,1.4047603313786374f,-0.13092844310719398f,-0.3518258922200195f,-0.9268636816431601f,-0.15389386395280893f,0f,0f,0f,1f], start_interpolation: 0, interpolation_duration: 1 }
$data merge entity $(bone_right_hand) { transformation: [-0.8591668845233676f,-0.4081753616192204f,0.3085857072280383f,-1.042309076787095f,0.3230402258671294f,-0.9003647508924097f,-0.2915275764351678f,1.5970179802908606f,0.3968340673507305f,-0.15078524303613774f,0.9054206389697598f,0.17228632354644424f,0f,0f,0f,1f], start_interpolation: 0, interpolation_duration: 1 }
$data merge entity $(bone_right_arm) { transformation: [-0.06906531498663897f,0.8700639146843943f,-0.4880765991418389f,-0.6570782174551603f,0.98749063803613f,0.1291389413126528f,0.09047305470494388f,1.4047603313786374f,0.14174703544269596f,-0.47572252227607864f,-0.868098991902705f,-0.06434141869348799f,0f,0f,0f,1f], start_interpolation: 0, interpolation_duration: 1 }
$data merge entity $(bone_head) { transformation: [-0.9997482425716161f,-0.02243694210857051f,0.000187360031825394f,-0.023005792150347204f,-0.016659573296835532f,0.736674172396685f,-0.676042618731413f,1.762958162757275f,0.01503030580301793f,-0.6758755413184264f,-0.7368624990831001f,-0.21930991198940877f,0f,0f,0f,1f], start_interpolation: 0, interpolation_duration: 1 }
$data merge entity $(bone_bottom) { transformation: [-1f,-1.2539263929816304e-18f,1.2245826021636745e-16f,0.0078125f,0f,0.9999475791846895f,0.010239086027535961f,1.0465625f,-1.2246467991473532e-16f,0.010239086027535961f,-0.9999475791846895f,9.567553118338695e-19f,0f,0f,0f,1f], start_interpolation: 0, interpolation_duration: 1 }
data modify entity @s data merge value {"locators":{"locator_left_hand":{"posx":0.8183764036071542,"posy":2.1929298515931785,"posz":0.16670592159994463,"roty":190.93274332287686,"rotx":-16.949431946350497},"locator_right_hand":{"posx":-0.7878684782951593,"posy":2.1929298515931785,"posz":0.2774396715912648,"roty":161.17984926971573,"rotx":-16.949431946350497}},"cameras":{}}