# This file was generated by Animated Java via MC-Build. It is not recommended to edit this file directly.
$data merge entity $(bone_body) { transformation: [-0.9981134276520827f,-0.017704632895644206f,-0.05878887237089402f,0.021224420888044476f,0f,0.957521046482715f,-0.2883633914744491f,1.1421901308103393f,0.06139695058071527f,-0.2878193730739418f,-0.9557146137538718f,-0.03597742163424272f,0f,0f,0f,1f], start_interpolation: 0, interpolation_duration: 1 }
$data merge entity $(bone_left_hand) { transformation: [-0.9136586111723806f,0.36507216147980825f,-0.17874635420902169f,1.048664815242869f,-0.29747181220208174f,-0.90019828426631f,-0.3180464902324831f,1.556320007888909f,-0.27701708101805894f,-0.2374139126429877f,0.9310725916424463f,0.03961535522482612f,0f,0f,0f,1f], start_interpolation: 0, interpolation_duration: 1 }
$data merge entity $(bone_left_arm) { transformation: [-0.1211500715336825f,-0.9207305159792126f,0.3709150537684287f,0.6328213937931532f,-0.9809109981222095f,0.1683059918153111f,0.09739972731971641f,1.381570392431018f,-0.1521061271950419f,-0.35203467167839764f,-0.9235449723787188f,-0.14582569533926337f,0f,0f,0f,1f], start_interpolation: 0, interpolation_duration: 1 }
$data merge entity $(bone_right_hand) { transformation: [-0.872818548186566f,-0.3914178013139372f,0.29151309877269277f,-1.0359916712998412f,0.29747181220208174f,-0.90019828426631f,-0.3180464902324831f,1.556320007888909f,0.38690864927874674f,-0.19087994608799141f,0.9021455222383696f,0.16784882823110753f,0f,0f,0f,1f], start_interpolation: 0, interpolation_duration: 1 }
$data merge entity $(bone_right_arm) { transformation: [-0.10159423251035359f,0.8706428126237017f,-0.48131040373891965f,-0.6460114353860777f,0.9809109981222095f,0.1683059918153111f,0.09739972731971641f,1.381570392431018f,0.16580779741472618f,-0.46222741799438305f,-0.8711220284040135f,-0.06716085240772193f,0f,0f,0f,1f], start_interpolation: 0, interpolation_duration: 1 }
$data merge entity $(bone_head) { transformation: [-0.9998065738896745f,-0.019663873210095006f,-0.0003832719245354735f,-0.021032019285860737f,-0.014488621992639663f,0.7495703279521769f,-0.6617661243116184f,1.7406407848620362f,0.01330017442536855f,-0.6616325683822126f,-0.7497102439050779f,-0.21394587509980897f,0f,0f,0f,1f], start_interpolation: 0, interpolation_duration: 1 }
$data merge entity $(bone_bottom) { transformation: [-1f,-7.694632146003765e-19f,1.2246226256680036e-16f,0.0078125f,0f,0.9999802608561371f,0.0062831439655589415f,1.0225f,-1.2246467991473532e-16f,0.0062831439655589415f,-0.9999802608561371f,9.567553118338695e-19f,0f,0f,0f,1f], start_interpolation: 0, interpolation_duration: 1 }
data modify entity @s data merge value {"locators":{"locator_left_hand":{"posx":0.8233621250713132,"posy":2.1517231290043326,"posz":0.19974662728769396,"roty":190.86736307084087,"rotx":-18.544825957318704},"locator_right_hand":{"posx":-0.7927615290029849,"posy":2.1517231290043326,"posz":0.2991592404963323,"roty":162.09263692915914,"rotx":-18.544825957318704}},"cameras":{}}