# This file was generated by Animated Java via MC-Build. It is not recommended to edit this file directly.
$data merge entity $(bone_body) { transformation: [-1f,3.169619151431765e-17f,1.1829179713786698e-16f,0.023437500000000003f,0f,0.9659258262890683f,-0.25881904510252074f,1.0738657282861335f,-1.2246467991473532e-16f,-0.25881904510252074f,-0.9659258262890683f,-0.03235238063781509f,0f,0f,0f,1f], start_interpolation: 0, interpolation_duration: 1 }
$data merge entity $(bone_left_hand) { transformation: [-0.9211175430389393f,0.32604917808126377f,-0.2126838155065867f,1.0182036527086165f,-0.2195287374775231f,-0.8862508592045011f,-0.40788055602199075f,1.436964309304689f,-0.321480334277903f,-0.32901572611626917f,0.887918378366363f,0.11650191377343845f,0f,0f,0f,1f], start_interpolation: 0, interpolation_duration: 1 }
$data merge entity $(bone_left_arm) { transformation: [-0.20638318147775167f,-0.8793424180656702f,0.4291420443088062f,0.609375f,-0.9499365864709526f,0.2852111314989532f,0.12757386939730667f,1.3153471848584006f,-0.23457720282891012f,-0.38132862764223047f,-0.8941823156680396f,-0.09705714191344521f,0f,0f,0f,1f], start_interpolation: 0, interpolation_duration: 1 }
$data merge entity $(bone_right_hand) { transformation: [-0.9211175430389394f,-0.3260491780812636f,0.2126838155065865f,-1.0182036527086165f,0.2195287374775231f,-0.8862508592045011f,-0.40788055602199075f,1.436964309304689f,0.3214803342779028f,-0.3290157261162693f,0.8879183783663631f,0.11650191377343819f,0f,0f,0f,1f], start_interpolation: 0, interpolation_duration: 1 }
$data merge entity $(bone_right_arm) { transformation: [-0.20638318147775173f,0.8793424180656702f,-0.429142044308806f,-0.609375f,0.9499365864709526f,0.2852111314989532f,0.12757386939730667f,1.3153471848584006f,0.23457720282891006f,-0.38132862764223024f,-0.8941823156680397f,-0.09705714191344536f,0f,0f,0f,1f], start_interpolation: 0, interpolation_duration: 1 }
$data merge entity $(bone_head) { transformation: [-1f,7.455177354798983e-17f,9.715776287805221e-17f,-0.007812499999999976f,0f,0.7933533402912352f,-0.6087614290087205f,1.6775693697168013f,-1.2246467991473532e-16f,-0.6087614290087205f,-0.7933533402912352f,-0.19411428382689055f,0f,0f,0f,1f], start_interpolation: 0, interpolation_duration: 1 }
$data merge entity $(bone_bottom) { transformation: [-1f,0f,1.2246467991473532e-16f,0.0078125f,0f,1f,0f,0.953125f,-1.2246467991473532e-16f,0f,-1f,9.567553118338695e-19f,0f,0f,0f,1f], start_interpolation: 0, interpolation_duration: 1 }
data modify entity @s data merge value {"locators":{"locator_left_hand":{"posx":0.8186263412027706,"posy":2.021996572180729,"posz":0.3374416142603323,"roty":193.47031250934236,"rotx":-24.071764005223955},"locator_right_hand":{"posx":-0.8186263412027707,"posy":2.021996572180729,"posz":0.33744161426033215,"roty":166.52968749065766,"rotx":-24.071764005223955}},"cameras":{}}