# This file was generated by Animated Java via MC-Build. It is not recommended to edit this file directly.
$data merge entity $(bone_body) { transformation: [-0.9238795325112867f,0.2705980500730984f,-0.2705980500730984f,0.0572622562591373f,0f,0.7071067811865475f,0.7071067811865475f,0.6786661254260962f,0.3826834323650896f,0.6532814824381883f,-0.6532814824381883f,0.08166018530477354f,0f,0f,0f,1f], start_interpolation: 0, interpolation_duration: 1 }
$data merge entity $(bone_left_hand) { transformation: [-0.41747955558779043f,-0.6680749770456599f,0.6159437033622975f,0.9904410990232364f,-0.6976621907297085f,0.6699646826267478f,0.25380069278680967f,1.147039015911083f,-0.5822184197467859f,-0.32376403302139967f,-0.7457872100199047f,0.13354960777561137f,0f,0f,0f,1f], start_interpolation: 0, interpolation_duration: 1 }
$data merge entity $(bone_left_arm) { transformation: [-0.41747955558779043f,-0.7678664582336221f,-0.4858929130847392f,0.5437571544010836f,-0.6976621907297085f,-0.07175302448296886f,0.7128246426041751f,0.9880253421952108f,-0.5822184197467859f,0.6365788292091556f,-0.5057559746659015f,0.21499540378851556f,0f,0f,0f,1f], start_interpolation: 0, interpolation_duration: 1 }
$data merge entity $(bone_right_hand) { transformation: [-0.00041079643767996665f,-0.012335175092406392f,-0.9999238344502676f,-0.3218687243453288f,0.01458502381195348f,0.9998174858725993f,-0.01233985509636043f,0.40719073571435715f,0.9998935484973844f,-0.014588982104111914f,-0.00023081263907925864f,0.8372007343100997f,0f,0f,0f,1f], start_interpolation: 0, interpolation_duration: 1 }
$data merge entity $(bone_right_arm) { transformation: [-0.00041079643767996665f,-0.012335175092406392f,-0.9999238344502676f,-0.3275738133378293f,0.01458502381195348f,0.9998174858725993f,-0.01233985509636043f,0.8731204902523968f,0.9998935484973844f,-0.014588982104111914f,-0.00023081263907925864f,0.6428821086055376f,0f,0f,0f,1f], start_interpolation: 0, interpolation_duration: 1 }
$data merge entity $(bone_head) { transformation: [-0.9238795325112867f,0.3812385537644438f,0.03322310235847009f,0.19751480216384606f,0f,-0.08681615023974804f,0.9962243502633075f,1.1206078636676884f,0.3826834323650896f,0.920391286997625f,0.08020766429792808f,0.5019199690900502f,0f,0f,0f,1f], start_interpolation: 0, interpolation_duration: 1 }
$data merge entity $(bone_bottom) { transformation: [-1f,-2.308268136639647e-18f,1.2244292435591348e-16f,0.0078125f,0f,0.999822352380809f,0.018848439715408175f,0.5902777777777778f,-1.2246467991473532e-16f,0.018848439715408175f,-0.999822352380809f,9.567553118338695e-19f,0f,0f,0f,1f], start_interpolation: 0, interpolation_duration: 1 }
data modify entity @s data merge value {"locators":{"locator_left_hand":{"posx":1.4353884207655099,"posy":0.7182756646674315,"posz":0.35511691725444844,"roty":39.55321125535511,"rotx":14.702532190026428},"locator_right_hand":{"posx":-0.3137801843852759,"posy":-0.24871159839247436,"posz":0.8623980905111948,"roty":270.01322559717755,"rotx":-0.7070395613228309}},"cameras":{}}