execute if entity @s[tag=aj.tutankhamen.bone.head] run data modify entity @s {} merge value {transformation:[-0.99652100571966f,0.00012766000896544555f,0.08334187940285238f,0.00004397680875218276f,0.00996398485270186f,0.9930088574469131f,0.11761857012322166f,1.6248952904200191f,-0.08274420925558844f,0.11803979301446692f,-0.9895554573139239f,0.011998448833830933f,0f,0f,0f,1f],start_interpolation:0}
execute if entity @s[tag=aj.tutankhamen.bone.back_cape] run data modify entity @s {} merge value {transformation:[-0.9999932831934131f,0.0011629797032537829f,-0.0034757799510897734f,-0.0005286208471695877f,0f,0.9483236552061993f,0.3173046564050921f,1.6276222289258444f,0.0036651832230569226f,0.31730252513108587f,-0.9483172854996255f,-0.14422670419317005f,0f,0f,0f,1f],start_interpolation:0}
execute if entity @s[tag=aj.tutankhamen.bone.left_hand] run data modify entity @s {} merge value {transformation:[-0.8851751689028493f,0.3871102333545427f,0.25809027023505565f,0.19374950286583217f,-0.26463954159721054f,0.037327379565973956f,-0.9636247089806054f,1.4740980539108146f,-0.38266281943903396f,-0.9212775553365714f,0.0694034051905237f,0.27587611054751743f,0f,0f,0f,1f],start_interpolation:0}
execute if entity @s[tag=aj.tutankhamen.bone.cape_left_back] run data modify entity @s {} merge value {transformation:[-0.8480679302302494f,0.4627852613523654f,0.25809027023505565f,0.23640520593922068f,-0.26037921275367487f,0.06025019342558609f,-0.9636247089806054f,1.410933122752163f,-0.4615013014941102f,-0.8844205538470952f,0.0694034051905237f,0.14077740302627825f,0f,0f,0f,1f],start_interpolation:0}
execute if entity @s[tag=aj.tutankhamen.bone.cape_left_side] run data modify entity @s {} merge value {transformation:[-0.8480679302302494f,0.4627852613523654f,0.25809027023505565f,0.3366545362583152f,-0.26037921275367487f,0.06025019342558609f,-0.9636247089806054f,1.5720704633675004f,-0.4615013014941102f,-0.8844205538470952f,0.0694034051905237f,0.2042115557359175f,0f,0f,0f,1f],start_interpolation:0}
execute if entity @s[tag=aj.tutankhamen.bone.left_arm] run data modify entity @s {} merge value {transformation:[-0.8851751689028493f,0.3871102333545427f,0.25809027023505565f,0.2750764217912194f,-0.26463954159721054f,0.037327379565973956f,-0.9636247089806054f,1.5005582568764817f,-0.38266281943903396f,-0.9212775553365714f,0.0694034051905237f,-0.02808204600932134f,0f,0f,0f,1f],start_interpolation:0}
execute if entity @s[tag=aj.tutankhamen.bone.cape_right_back] run data modify entity @s {} merge value {transformation:[-0.9274155952314995f,-0.3740273435877045f,0.0019646806684224475f,-0.21060339012559962f,-0.017030010055825412f,0.03697816561632207f,-0.9991709533534039f,1.4054907282058473f,0.37364460718562775f,-0.9266801829738115f,-0.040663816898082565f,0.1463739623300941f,0f,0f,0f,1f],start_interpolation:0}
execute if entity @s[tag=aj.tutankhamen.bone.cape_right] run data modify entity @s {} merge value {transformation:[-0.9274155952314995f,-0.3740273435877045f,0.0019646806684224475f,-0.35600324704762704f,-0.017030010055825412f,0.03697816561632207f,-0.9991709533534039f,1.6526225274729756f,0.37364460718562775f,-0.9266801829738115f,-0.040663816898082565f,0.21492188642736906f,0f,0f,0f,1f],start_interpolation:0}
execute if entity @s[tag=aj.tutankhamen.bone.weapon] run data modify entity @s {} merge value {transformation:[-1.635065586902963f,-0.029891580490973388f,0.01595912129571918f,-0.0704750321668371f,-0.029886901087850415f,1.6351434358608867f,0.00062523238093612f,1.5111969698078342f,-0.015967882769636465f,0.0003334485219496652f,-1.6353386771990226f,1.1032829345265522f,0f,0f,0f,1f],start_interpolation:0}
execute if entity @s[tag=aj.tutankhamen.bone.right_hand] run data modify entity @s {} merge value {transformation:[-0.9274155952314995f,-0.3740273435877045f,0.0019646806684224475f,-0.19295450206989734f,-0.017030010055825412f,0.03697816561632207f,-0.9991709533534039f,1.4627844542741504f,0.37364460718562775f,-0.9266801829738115f,-0.040663816898082565f,0.2764268677325016f,0f,0f,0f,1f],start_interpolation:0}
execute if entity @s[tag=aj.tutankhamen.bone.right_arm] run data modify entity @s {} merge value {transformation:[-0.9274155952314995f,-0.3740273435877045f,0.0019646806684224475f,-0.27527488158069147f,-0.017030010055825412f,0.03697816561632207f,-0.9991709533534039f,1.5005582568764817f,0.37364460718562775f,-0.9266801829738115f,-0.040663816898082565f,-0.026064894096595848f,0f,0f,0f,1f],start_interpolation:0}
execute if entity @s[tag=aj.tutankhamen.bone.body] run data modify entity @s {} merge value {transformation:[-0.9999932831934131f,0.00006396626727590219f,-0.003664624997899331f,-0.000047974700456926645f,0f,0.9998476951563913f,0.01745240643728351f,0.1876142286327065f,0.0036651832230569226f,0.017452289212844994f,-0.9998409793728064f,-0.013089216909633746f,0f,0f,0f,1f],start_interpolation:0}
execute if entity @s[tag=aj.tutankhamen.bone.left_foot] run data modify entity @s {} merge value {transformation:[-0.7930378051286278f,-0.5755659425210988f,-0.1995366769457874f,0.3808739421801491f,-0.4124323819203891f,0.7483585516858015f,-0.5194795553842365f,0.6049211132326213f,0.4483197184825166f,-0.32967153945787997f,-0.8308586559043774f,0.17891450680899554f,0f,0f,0f,1f],start_interpolation:0}
execute if entity @s[tag=aj.tutankhamen.bone.left_leg] run data modify entity @s {} merge value {transformation:[-0.7930378051286278f,-0.6014709828939081f,-0.09655928942056574f,0.09294795575379472f,-0.4124323819203891f,0.6467826256054646f,-0.6415385924154335f,0.875f,0.4483197184825166f,-0.4689401795021806f,-0.7609891839364209f,-0.012236830520629828f,0f,0f,0f,1f],start_interpolation:0}
execute if entity @s[tag=aj.tutankhamen.bone.right_foot] run data modify entity @s {} merge value {transformation:[-0.874275283351499f,0.4783262094431629f,0.08274518886552515f,-0.24151868344101132f,0.4822979280211071f,0.8365874847998761f,0.25982703651229955f,0.6323666286470782f,0.05505849205347815f,0.26706818911272906f,-0.9621035000543574f,0.34606103347842326f,0f,0f,0f,1f],start_interpolation:0}
execute if entity @s[tag=aj.tutankhamen.bone.right_leg] run data modify entity @s {} merge value {transformation:[-0.874275283351499f,0.2771420001885309f,-0.39854114047630806f,-0.09294795575379472f,0.4822979280211071f,0.5890404150939004f,-0.6483981014874676f,0.875f,0.05505849205347815f,-0.7590940001854223f,-0.6486484882702583f,0.012236830520629828f,0f,0f,0f,1f],start_interpolation:0}