execute if entity @s[tag=aj.tutankhamen.bone.head] run data modify entity @s {} merge value {transformation:[-0.9965210112894346f,0.00012773549839235375f,0.08334181268922058f,0.0000439768087521835f,0.009964046757385063f,0.9930088644590797f,0.11761850567791562f,1.6248952904200191f,-0.08274413472204127f,0.11803973394298921f,-0.9895554705926136f,0.011998448833830933f,0f,0f,0f,1f],start_interpolation:0}
execute if entity @s[tag=aj.tutankhamen.bone.back_cape] run data modify entity @s {} merge value {transformation:[-0.9999932831934131f,0.0011629797032538028f,-0.0034757799510898323f,-0.0005286208471695967f,0f,0.9483236552061993f,0.3173046564050921f,1.6276222289258444f,0.003665183223056985f,0.31730252513108587f,-0.9483172854996255f,-0.14422670419317005f,0f,0f,0f,1f],start_interpolation:0}
execute if entity @s[tag=aj.tutankhamen.bone.left_hand] run data modify entity @s {} merge value {transformation:[-0.8851751756008274f,0.38711024674747974f,0.25809022717481966f,0.19374949782802114f,-0.26463950562322197f,0.03732735596206742f,-0.9636247197744449f,1.4740980596680333f,-0.38266282882394176f,-0.9212775506653714f,0.06940341545249881f,0.27587610970078064f,0f,0f,0f,1f],start_interpolation:0}
execute if entity @s[tag=aj.tutankhamen.bone.cape_left_back] run data modify entity @s {} merge value {transformation:[-0.8480679357354682f,0.46278527527810553f,0.25809022717481966f,0.2364051998613188f,-0.2603791789737942f,0.06025016677615985f,-0.9636247197744449f,1.4109331256656363f,-0.4615013104361837f,-0.8844205483757219f,0.06940341545249881f,0.14077740318072948f,0f,0f,0f,1f],start_interpolation:0}
execute if entity @s[tag=aj.tutankhamen.bone.cape_left_side] run data modify entity @s {} merge value {transformation:[-0.8480679357354682f,0.46278527527810553f,0.25809022717481966f,0.33665453642313325f,-0.2603791789737942f,0.06025016677615985f,-0.9636247197744449f,1.5720704623520974f,-0.4615013104361837f,-0.8844205483757219f,0.06940341545249881f,0.20421155600482083f,0f,0f,0f,1f],start_interpolation:0}
execute if entity @s[tag=aj.tutankhamen.bone.left_arm] run data modify entity @s {} merge value {transformation:[-0.8851751756008274f,0.38711024674747974f,0.25809022717481966f,0.2750764217912194f,-0.26463950562322197f,0.03732735596206742f,-0.9636247197744449f,1.5005582568764817f,-0.38266282882394176f,-0.9212775506653714f,0.06940341545249881f,-0.028082046009321363f,0f,0f,0f,1f],start_interpolation:0}
execute if entity @s[tag=aj.tutankhamen.bone.cape_right_back] run data modify entity @s {} merge value {transformation:[-0.927415568754083f,-0.3740274090045722f,0.0019647253922467477f,-0.21060337375881616f,-0.017030034642662208f,0.036978099422170056f,-0.9991709553841093f,1.4054907402890344f,0.37364467178404964f,-0.9266801592116075f,-0.040663764839709945f,0.14637396285349258f,0f,0f,0f,1f],start_interpolation:0}
execute if entity @s[tag=aj.tutankhamen.bone.cape_right] run data modify entity @s {} merge value {transformation:[-0.927415568754083f,-0.3740274090045722f,0.0019647253922467477f,-0.3560032377247033f,-0.017030034642662208f,0.036978099422170056f,-0.9991709553841093f,1.6526225362221458f,0.37364467178404964f,-0.9266801592116075f,-0.040663764839709945f,0.21492188402967782f,0f,0f,0f,1f],start_interpolation:0}
execute if entity @s[tag=aj.tutankhamen.bone.weapon] run data modify entity @s {} merge value {transformation:[-1.6350655855245217f,-0.029891671230099785f,0.015959092566148334f,-0.07047464310795822f,-0.029886991702746595f,1.6351434341993756f,0.0006252461463406185f,1.5111971619801114f,-0.01596785431494221f,0.0003334619246403844f,-1.635338677474129f,1.1032830999530008f,0f,0f,0f,1f],start_interpolation:0}
execute if entity @s[tag=aj.tutankhamen.bone.right_hand] run data modify entity @s {} merge value {transformation:[-0.927415568754083f,-0.3740274090045722f,0.0019647253922467477f,-0.19295447949382516f,-0.017030034642662208f,0.036978099422170056f,-0.9991709553841093f,1.462784473990187f,0.37364467178404964f,-0.9266801592116075f,-0.040663764839709945f,0.2764268640506769f,0f,0f,0f,1f],start_interpolation:0}
execute if entity @s[tag=aj.tutankhamen.bone.right_arm] run data modify entity @s {} merge value {transformation:[-0.927415568754083f,-0.3740274090045722f,0.0019647253922467477f,-0.27527488158069147f,-0.017030034642662208f,0.036978099422170056f,-0.9991709553841093f,1.5005582568764817f,0.37364467178404964f,-0.9266801592116075f,-0.040663764839709945f,-0.026064894096595834f,0f,0f,0f,1f],start_interpolation:0}
execute if entity @s[tag=aj.tutankhamen.bone.body] run data modify entity @s {} merge value {transformation:[-0.9999932831934131f,0.00006396626727590328f,-0.0036646249978993933f,-0.00004797470045692746f,0f,0.9998476951563913f,0.01745240643728351f,0.1876142286327065f,0.003665183223056985f,0.017452289212844994f,-0.9998409793728064f,-0.013089216909633746f,0f,0f,0f,1f],start_interpolation:0}
execute if entity @s[tag=aj.tutankhamen.bone.left_foot] run data modify entity @s {} merge value {transformation:[-0.7930377672579881f,-0.5755659992498617f,-0.19953666382390184f,0.3808739644415878f,-0.41243243663162876f,0.7483585167290199f,-0.5194795623056202f,0.6049211305294205f,0.4483197351406275f,-0.329671519768768f,-0.8308586547282207f,0.178914497715955f,0f,0f,0f,1f],start_interpolation:0}
execute if entity @s[tag=aj.tutankhamen.bone.left_leg] run data modify entity @s {} merge value {transformation:[-0.7930377672579881f,-0.6014710364822421f,-0.09655926664718481f,0.09294795575379472f,-0.41243243663162876f,0.6467825899778694f,-0.6415385931614844f,0.875f,0.4483197351406275f,-0.46894015990795296f,-0.7609891861971111f,-0.012236830520629828f,0f,0f,0f,1f],start_interpolation:0}
execute if entity @s[tag=aj.tutankhamen.bone.right_foot] run data modify entity @s {} merge value {transformation:[-0.8742752977216707f,0.4783261785218905f,0.08274521577909141f,-0.2415186888443643f,0.48229790468449074f,0.8365874933848485f,0.25982705218857743f,0.6323666201146907f,0.05505846829175154f,0.26706821760123445f,-0.9621034935061124f,0.3460610248720308f,0f,0f,0f,1f],start_interpolation:0}
execute if entity @s[tag=aj.tutankhamen.bone.right_leg] run data modify entity @s {} merge value {transformation:[-0.8742752977216707f,0.2771420115126112f,-0.39854110107795354f,-0.09294795575379472f,0.48229790468449074f,0.5890404329295992f,-0.6483981026430137f,0.875f,0.05505846829175154f,-0.7590939822109342f,-0.6486485113222047f,0.012236830520629828f,0f,0f,0f,1f],start_interpolation:0}