execute if entity @s[tag=aj.tutankhamen.bone.head] run data modify entity @s {} merge value {transformation:[-0.9965213123539072f,0.00009588279115843075f,0.08333825550692146f,0.00002198924165903484f,0.009209666947214552f,0.9940011223206172f,0.10898142438083101f,1.6249738221066177f,-0.08282787006296824f,0.10936982962336443f,-0.9905441859447707f,0.005999452857696938f,0f,0f,0f,1f],start_interpolation:0}
execute if entity @s[tag=aj.tutankhamen.bone.back_cape] run data modify entity @s {} merge value {transformation:[-0.9999932831934131f,0.001132603903422524f,-0.003485796387703933f,-0.0005506738308582323f,2.710505431213761e-20f,0.9510565162951536f,0.30901699437494734f,1.6263373432782386f,0.0036651832230569018f,0.3090149187675641f,-0.9510501282324804f,-0.1502435481600124f,0f,0f,0f,1f],start_interpolation:0}
execute if entity @s[tag=aj.tutankhamen.bone.left_hand] run data modify entity @s {} merge value {transformation:[-0.8851666507222926f,0.38710916783616484f,0.25812108132864914f,0.19373230152523407f,-0.2679970749362837f,0.02929883243319048f,-0.962974115043415f,1.4764912453548729f,-0.3803387546315456f,-0.9215682669207118f,0.0778097752861503f,0.271182968618967f,0f,0f,0f,1f],start_interpolation:0}
execute if entity @s[tag=aj.tutankhamen.bone.cape_left_back] run data modify entity @s {} merge value {transformation:[-0.8480595373299871f,0.4627834574802534f,0.25812108132864914f,0.2363900437202714f,-0.26442370365326817f,0.05254482565049445f,-0.962974115043415f,1.4121511478900206f,-0.4592114176389098f,-0.88491271478038f,0.0778097752861503f,0.13664060653212606f,0f,0f,0f,1f],start_interpolation:0}
execute if entity @s[tag=aj.tutankhamen.bone.cape_left_side] run data modify entity @s {} merge value {transformation:[-0.8480595373299871f,0.4627834574802534f,0.25812108132864914f,0.3366342112620007f,-0.26442370365326817f,0.05254482565049445f,-0.962974115043415f,1.5738391159662706f,-0.4592114176389098f,-0.88491271478038f,0.0778097752861503f,0.19866616862743694f,0f,0f,0f,1f],start_interpolation:0}
execute if entity @s[tag=aj.tutankhamen.bone.left_arm] run data modify entity @s {} merge value {transformation:[-0.8851666507222926f,0.38710916783616484f,0.25812108132864914f,0.27505841651638446f,-0.2679970749362837f,0.02929883243319048f,-0.962974115043415f,1.5003005581589783f,-0.3803387546315456f,-0.9215682669207118f,0.0778097752861503f,-0.032994529997473966f,0f,0f,0f,1f],start_interpolation:0}
execute if entity @s[tag=aj.tutankhamen.bone.cape_right_back] run data modify entity @s {} merge value {transformation:[-0.9274151022083877f,-0.37402839679339184f,0.0019966441773635133f,-0.2106183788254844f,-0.013798423364205777f,0.02887814138354306f,-0.9994876970042672f,1.4067435015387453f,0.373779121552379f,-0.9269675352149055f,-0.03194302661199722f,0.14228450805280635f,0f,0f,0f,1f],start_interpolation:0}
execute if entity @s[tag=aj.tutankhamen.bone.cape_right] run data modify entity @s {} merge value {transformation:[-0.9274151022083877f,-0.37402839679339184f,0.0019966441773635133f,-0.3560261495898859f,-0.013798423364205777f,0.02887814138354306f,-0.9994876970042672f,1.6544594221391549f,0.373779121552379f,-0.9269675352149055f,-0.03194302661199722f,0.20867325244836488f,0f,0f,0f,1f],start_interpolation:0}
execute if entity @s[tag=aj.tutankhamen.bone.weapon] run data modify entity @s {} merge value {transformation:[-1.635064627925017f,-0.0299438795246311f,0.015959329514513627f,-0.07049353542829738f,-0.03007740295857369f,1.63508312837721f,-0.013645026147814111f,1.520800644111501f,-0.015706239231783593f,-0.01393560139790646f,-1.635281867652786f,1.0982345819473434f,0f,0f,0f,1f],start_interpolation:0}
execute if entity @s[tag=aj.tutankhamen.bone.right_hand] run data modify entity @s {} merge value {transformation:[-0.9274151022083877f,-0.37402839679339184f,0.0019966441773635133f,-0.19297134143140782f,-0.013798423364205777f,0.02887814138354306f,-0.9994876970042672f,1.4651705141984375f,0.373779121552379f,-0.9269675352149055f,-0.03194302661199722f,0.27183248666643123f,0f,0f,0f,1f],start_interpolation:0}
execute if entity @s[tag=aj.tutankhamen.bone.right_arm] run data modify entity @s {} merge value {transformation:[-0.9274151022083877f,-0.37402839679339184f,0.0019966441773635133f,-0.2752928868555264f,-0.013798423364205777f,0.02887814138354306f,-0.9994876970042672f,1.5003005581589783f,0.373779121552379f,-0.9269675352149055f,-0.03194302661199722f,-0.030977378084748486f,0f,0f,0f,1f],start_interpolation:0}
execute if entity @s[tag=aj.tutankhamen.bone.body] run data modify entity @s {} merge value {transformation:[-0.9999932831934131f,0.000031984351504050676f,-0.0036650436641105094f,-0.000023988263628038007f,2.710505431213761e-20f,0.9999619230641713f,0.008726535498373936f,0.1875285577018715f,0.0036651832230569018f,0.008726476883922819f,-0.9999552065133398f,-0.006544857662942114f,0f,0f,0f,1f],start_interpolation:0}
execute if entity @s[tag=aj.tutankhamen.bone.left_foot] run data modify entity @s {} merge value {transformation:[-0.794808542216039f,-0.5723678440568388f,-0.201679032896682f,0.3797141232335063f,-0.42328215389145507f,0.7610114121223308f,-0.4916236861834329f,0.5976924003655881f,0.4348696349682575f,-0.30537956989507653f,-0.8471314649293064f,0.17010480727501665f,0f,0f,0f,1f],start_interpolation:0}
execute if entity @s[tag=aj.tutankhamen.bone.left_leg] run data modify entity @s {} merge value {transformation:[-0.794808542216039f,-0.5986934869381951f,-0.09922444214103675f,0.09294795575379472f,-0.42328215389145507f,0.6640803815851881f,-0.6163030626166655f,0.875f,0.4348696349682575f,-0.447843003173496f,-0.7812330286739794f,-0.012236830520629828f,0f,0f,0f,1f],start_interpolation:0}
execute if entity @s[tag=aj.tutankhamen.bone.right_foot] run data modify entity @s {} merge value {transformation:[-0.8722279132004122f,0.4818479456138962f,0.08391081421200561f,-0.24256803796313178f,0.4839759517178233f,0.8255260667262351f,0.2902998300280914f,0.6223815162974651f,0.07060981229886626f,0.2938184311155094f,-0.9532496965349319f,0.3380903945513203f,0f,0f,0f,1f],start_interpolation:0}
execute if entity @s[tag=aj.tutankhamen.bone.right_leg] run data modify entity @s {} merge value {transformation:[-0.8722279132004122f,0.2796867655355981f,-0.4012403028339618f,-0.09294795575379472f,0.4839759517178233f,0.6119833878713531f,-0.6254946931256316f,0.875f,0.07060981229886626f,-0.7397645883345163f,-0.6691506618493197f,0.012236830520629828f,0f,0f,0f,1f],start_interpolation:0}