execute if entity @s[tag=aj.tutankhamen.bone.head] run data modify entity @s {} merge value {transformation:[-0.9965211894644987f,0.00010958096724843002f,0.08333970806447787f,0.000031412787387070085f,0.009533097555648528f,0.993585137415502f,0.11268404837425991f,1.6249465760806703f,-0.0827927472623977f,0.11308652748683053f,-0.9901296876175945f,0.008570533717343844f,0f,0f,0f,1f],start_interpolation:0}
execute if entity @s[tag=aj.tutankhamen.bone.back_cape] run data modify entity @s {} merge value {transformation:[-0.9999932831934131f,0.001145632799875638f,-0.003481536090065349f,-0.000541227589294485f,0f,0.949894146672846f,0.31257176794564445f,1.6268944377362038f,0.003665183223056992f,0.3125696684615346f,-0.9498877664175845f,-0.14766627506333338f,0f,0f,0f,1f],start_interpolation:0}
execute if entity @s[tag=aj.tutankhamen.bone.left_hand] run data modify entity @s {} merge value {transformation:[-0.8851703212176493f,0.38710960643616876f,0.2581078360691093f,0.1937396778595633f,-0.2665605803395012f,0.03273992363256443f,-0.9632619344755619f,1.4754706131501554f,-0.3813383791916466f,-0.921452250529222f,0.07420775262814265f,0.2731968705191631f,0f,0f,0f,1f],start_interpolation:0}
execute if entity @s[tag=aj.tutankhamen.bone.cape_left_back] run data modify entity @s {} merge value {transformation:[-0.8480631556314917f,0.462784214316001f,0.2581078360691093f,0.23639654050318934f,-0.2626927644927721f,0.05584762370542536f,-0.9632619344755619f,1.4116335607899453f,-0.46019712683099345f,-0.8847100168452817f,0.07420775262814265f,0.13841482007388237f,0f,0f,0f,1f],start_interpolation:0}
execute if entity @s[tag=aj.tutankhamen.bone.cape_left_side] run data modify entity @s {} merge value {transformation:[-0.8480631556314917f,0.462784214316001f,0.2581078360691093f,0.33664292906197124f,-0.2626927644927721f,0.05584762370542536f,-0.9632619344755619f,1.5730870470513862f,-0.46019712683099345f,-0.8847100168452817f,0.07420775262814265f,0.20104465206270727f,0f,0f,0f,1f],start_interpolation:0}
execute if entity @s[tag=aj.tutankhamen.bone.left_arm] run data modify entity @s {} merge value {transformation:[-0.8851703212176493f,0.38710960643616876f,0.2581078360691093f,0.2750661320494659f,-0.2665605803395012f,0.03273992363256443f,-0.9632619344755619f,1.5004162497804394f,-0.3813383791916466f,-0.921452250529222f,0.07420775262814265f,-0.0308894561749518f,0f,0f,0f,1f],start_interpolation:0}
execute if entity @s[tag=aj.tutankhamen.bone.cape_right_back] run data modify entity @s {} merge value {transformation:[-0.9274152743695029f,-0.3740280425592203f,0.0019829890211014874f,-0.2106119338272321f,-0.01518355637467549f,0.03234981952422612f,-0.9993612704085381f,1.4062109809458054f,0.37372499044345f,-0.9268530156157814f,-0.03568079261977154f,0.14403846953742638f,0f,0f,0f,1f],start_interpolation:0}
execute if entity @s[tag=aj.tutankhamen.bone.cape_right] run data modify entity @s {} merge value {transformation:[-0.9274152743695029f,-0.3740280425592203f,0.0019829890211014874f,-0.3560163177027423f,-0.01518355637467549f,0.03234981952422612f,-0.9993612704085381f,1.653678867864397f,0.37372499044345f,-0.9268530156157814f,-0.03568079261977154f,0.21135319744915831f,0f,0f,0f,1f],start_interpolation:0}
execute if entity @s[tag=aj.tutankhamen.bone.weapon] run data modify entity @s {} merge value {transformation:[-1.635065038281358f,-0.029921556639966502f,0.01595915565854367f,-0.07048517879499161f,-0.02999612940030825f,1.6351242204214527f,-0.007529251174497687f,1.5166903733871435f,-0.015818546775614544f,-0.007820348489037385f,-1.635321463608464f,1.1004085871043678f,0f,0f,0f,1f],start_interpolation:0}
execute if entity @s[tag=aj.tutankhamen.bone.right_hand] run data modify entity @s {} merge value {transformation:[-0.9274152743695029f,-0.3740280425592203f,0.0019829890211014874f,-0.19296409264519535f,-0.01518355637467549f,0.03234981952422612f,-0.9993612704085381f,1.4641528467691023f,0.37372499044345f,-0.9268530156157814f,-0.03568079261977154f,0.2738040519794926f,0f,0f,0f,1f],start_interpolation:0}
execute if entity @s[tag=aj.tutankhamen.bone.right_arm] run data modify entity @s {} merge value {transformation:[-0.9274152743695029f,-0.3740280425592203f,0.0019829890211014874f,-0.27528517132244495f,-0.01518355637467549f,0.03234981952422612f,-0.9993612704085381f,1.5004162497804394f,0.37372499044345f,-0.9268530156157814f,-0.03568079261977154f,-0.02887230426222627f,0f,0f,0f,1f],start_interpolation:0}
execute if entity @s[tag=aj.tutankhamen.bone.body] run data modify entity @s {} merge value {transformation:[-0.9999932831934131f,0.00004569132710846558f,-0.003664898410761952f,-0.000034268495331349184f,0f,0.9999222924809749f,0.012466314595415036f,0.18755828063926883f,0.003665183223056992f,0.012466230861591045f,-0.9999155761963342f,-0.009349673146193284f,0f,0f,0f,1f],start_interpolation:0}
execute if entity @s[tag=aj.tutankhamen.bone.left_foot] run data modify entity @s {} merge value {transformation:[-0.794130140540434f,-0.5735896168885821f,-0.20087874771324088f,0.380158529622007f,-0.41921076256819206f,0.7562965093410283f,-0.5022727610627227f,0.6004056229381405f,0.4400223362878586f,-0.31465940531976055f,-0.8410527939502901f,0.17348023074273797f,0f,0f,0f,1f],start_interpolation:0}
execute if entity @s[tag=aj.tutankhamen.bone.left_leg] run data modify entity @s {} merge value {transformation:[-0.794130140540434f,-0.5997577302315972f,-0.09822415646200798f,0.09294795575379472f,-0.41921076256819206f,0.6575879163248353f,-0.6259716198443477f,0.875f,0.4400223362878586f,-0.45592630690825914f,-0.7736352798552885f,-0.012236830520629825f,0f,0f,0f,1f],start_interpolation:0}
execute if entity @s[tag=aj.tutankhamen.bone.right_foot] run data modify entity @s {} merge value {transformation:[-0.8730068443411787f,0.48051504178928006f,0.08345264733789695f,-0.24216426406613345f,0.4833982033586429f,0.8298330238095835f,0.278753169640597f,0.6261454870707707f,0.06469332827342392f,0.28369428476670067f,-0.9567300173338438f,0.34115739422620467f,0f,0f,0f,1f],start_interpolation:0}
execute if entity @s[tag=aj.tutankhamen.bone.right_leg] run data modify entity @s {} merge value {transformation:[-0.8730068443411787f,0.27870821583240435f,-0.4002259114062642f,-0.09294795575379472f,0.4833982033586429f,0.6033387583638559f,-0.634277951410576f,0.875f,0.06469332827342392f,-0.7471974793074978f,-0.6614459163026318f,0.012236830520629825f,0f,0f,0f,1f],start_interpolation:0}