execute if entity @s[tag=aj.tutankhamen.bone.head] run data modify entity @s {} merge value {transformation:[-0.9965204807206262f,0.00017760363006688614f,0.08334806513220828f,0.00007852128923663875f,0.0111478472736344f,0.9912968367175413f,0.13117281355128382f,1.624666123207113f,-0.08259937654423287f,0.13164554671824924f,-0.9878495801607436f,0.021423420616564753f,0f,0f,0f,1f],start_interpolation:0}
execute if entity @s[tag=aj.tutankhamen.bone.back_cape] run data modify entity @s {} merge value {transformation:[-0.9999932831934131f,0.0012105332768050747f,-0.003459505346769378f,-0.0004938854712705919f,-1.0842021724855044e-19f,0.9438833303083676f,0.33027906195516704f,1.6295351151422275f,0.003665183223056985f,0.33027684353458814f,-0.9438769904265973f,-0.1347496493027921f,0f,0f,0f,1f],start_interpolation:0}
execute if entity @s[tag=aj.tutankhamen.bone.left_hand] run data modify entity @s {} merge value {transformation:[-0.8851883434405265f,0.38711243982871296f,0.2580417709729912f,0.1937763720294859f,-0.25932276266255355f,0.049937665769531236f,-0.9644987995340123f,1.4702548394760628f,-0.38625548721290354f,-0.920679199540943f,0.05618282771960528f,0.2832083545901689f,0f,0f,0f,1f],start_interpolation:0}
execute if entity @s[tag=aj.tutankhamen.bone.cape_left_back] run data modify entity @s {} merge value {transformation:[-0.8480808623279381f,0.4627886076668519f,0.2580417709729912f,0.23642894588521243f,-0.2539836069077121f,0.0723491058659142f,-0.9644987995340123f,1.4089462794798677f,-0.4650281479386488f,-0.8835113533476405f,0.05618282771960528f,0.14725616916622544f,0f,0f,0f,1f],start_interpolation:0}
execute if entity @s[tag=aj.tutankhamen.bone.cape_left_side] run data modify entity @s {} merge value {transformation:[-0.8480808623279381f,0.4627886076668519f,0.2580417709729912f,0.33668635925232887f,-0.2539836069077121f,0.0723491058659142f,-0.9644987995340123f,1.5691935680009492f,-0.4650281479386488f,-0.8835113533476405f,0.05618282771960528f,0.21289396381668865f,0f,0f,0f,1f],start_interpolation:0}
execute if entity @s[tag=aj.tutankhamen.bone.left_arm] run data modify entity @s {} merge value {transformation:[-0.8851883434405265f,0.38711243982871296f,0.2580417709729912f,0.2751047305343499f,-0.25932276266255355f,0.049937665769531236f,-0.9644987995340123f,1.5008765723581372f,-0.38625548721290354f,-0.920679199540943f,0.05618282771960528f,-0.020358406763105213f,0f,0f,0f,1f],start_interpolation:0}
execute if entity @s[tag=aj.tutankhamen.bone.cape_right_back] run data modify entity @s {} merge value {transformation:[-0.9274165522806647f,-0.3740252306537979f,0.0019145208848131412f,-0.21057990263429277f,-0.022105528241171096f,0.04970078176817817f,-0.9985194930059255f,1.4034501281744385f,0.37337633049916796f,-0.9260858270840804f,-0.05436135297222561f,0.15277772644291482f,0f,0f,0f,1f],start_interpolation:0}
execute if entity @s[tag=aj.tutankhamen.bone.cape_right] run data modify entity @s {} merge value {transformation:[-0.9274165522806647f,-0.3740252306537979f,0.0019145208848131412f,-0.3559673691493499f,-0.022105528241171096f,0.04970078176817817f,-0.9985194930059255f,1.649626012638237f,0.37337633049916796f,-0.9260858270840804f,-0.05436135297222561f,0.22470811632646623f,0f,0f,0f,1f],start_interpolation:0}
execute if entity @s[tag=aj.tutankhamen.bone.weapon] run data modify entity @s {} merge value {transformation:[-1.6350670800822051f,-0.029809488693434288f,0.0159596875407799f,-0.07044618910563977f,-0.029583039189051582f,1.6349866181318857f,0.02304942370449179f,1.4960176839745107f,-0.016375623191266585f,0.02275580199874679f,-1.6351763470805234f,1.111046371109403f,0f,0f,0f,1f],start_interpolation:0}
execute if entity @s[tag=aj.tutankhamen.bone.right_hand] run data modify entity @s {} merge value {transformation:[-0.9274165522806647f,-0.3740252306537979f,0.0019145208848131412f,-0.19292817361663966f,-0.022105528241171096f,0.04970078176817817f,-0.9985194930059255f,1.45895420100875f,0.37337633049916796f,-0.9260858270840804f,-0.05436135297222561f,0.283604049717288f,0f,0f,0f,1f],start_interpolation:0}
execute if entity @s[tag=aj.tutankhamen.bone.right_arm] run data modify entity @s {} merge value {transformation:[-0.9274165522806647f,-0.3740252306537979f,0.0019145208848131412f,-0.27524657283756093f,-0.022105528241171096f,0.04970078176817817f,-0.9985194930059255f,1.5008765723581372f,0.37337633049916796f,-0.9260858270840804f,-0.05436135297222561f,-0.018341254850379685f,0f,0f,0f,1f],start_interpolation:0}
execute if entity @s[tag=aj.tutankhamen.bone.body] run data modify entity @s {} merge value {transformation:[-0.9999932831934131f,0.00011421278434420182f,-0.0036634032672462763f,-0.00008565958825815137f,-1.0842021724855044e-19f,0.9995143610285276f,0.031161548384733093f,0.18786422922860424f,0.003665183223056985f,0.03116133907863964f,-0.9995076474838838f,-0.02337100430897973f,0f,0f,0f,1f],start_interpolation:0}
execute if entity @s[tag=aj.tutankhamen.bone.left_foot] run data modify entity @s {} merge value {transformation:[-0.7899474296026201f,-0.5812224221643105f,-0.1953549447484378f,0.3828967906838869f,-0.3916557846872981f,0.7234104443119173f,-0.5685798759905341f,0.6187510255269932f,0.47179318009609905f,-0.37263631738450564f,-0.7990953448625038f,0.1942793884652271f,0f,0f,0f,1f],start_interpolation:0}
execute if entity @s[tag=aj.tutankhamen.bone.left_leg] run data modify entity @s {} merge value {transformation:[-0.7899474296026201f,-0.6063153777257378f,-0.0914588497495413f,0.09294795575379472f,-0.3916557846872981f,0.6136873548445368f,-0.6855607754421866f,0.875f,0.47179318009609905f,-0.50573658483168f,-0.7222476735702226f,-0.012236830520629828f,0f,0f,0f,1f],start_interpolation:0}
execute if entity @s[tag=aj.tutankhamen.bone.right_foot] run data modify entity @s {} merge value {transformation:[-0.8779658387538773f,0.4718272716806248f,0.08096302662091104f,-0.23972574447840134f,0.4779598099172797f,0.8543909773442108f,0.20388839578711182f,0.6511194882247324f,0.02702602606818688f,0.21770411923347238f,-0.9756405641340153f,0.3596797894136818f,0f,0f,0f,1f],start_interpolation:0}
execute if entity @s[tag=aj.tutankhamen.bone.right_leg] run data modify entity @s {} merge value {transformation:[-0.8779658387538773f,0.2727802428881096f,-0.39340427688461194f,-0.09294795575379472f,0.4779598099172797f,0.5458668704804175f,-0.6881742365242633f,0.875f,0.02702602606818688f,-0.7922249041792482f,-0.6096304578292842f,0.012236830520629828f,0f,0f,0f,1f],start_interpolation:0}