execute if entity @s[tag=aj.tutankhamen.bone.head] run data modify entity @s {} merge value {transformation:[-0.9965199467952729f,0.00022285980389108502f,0.08335433985495015f,0.00010991271965537399f,0.012222216242359082f,0.989578673607507f,0.143473573076481f,1.6243456523375273f,-0.08245370258073151f,0.14399305217514885f,-0.9861376110138043f,0.02998812738786399f,0f,0f,0f,1f],start_interpolation:0}
execute if entity @s[tag=aj.tutankhamen.bone.back_cape] run data modify entity @s {} merge value {transformation:[-0.9999932831934131f,0.0012535664912647821f,-0.003444145628534948f,-0.0004622270898394274f,0f,0.9396926207859084f,0.34202014332566866f,1.6311611816133613f,0.003665183223056978f,0.3420178460425171f,-0.9396863090523233f,-0.1261121087321645f,0f,0f,0f,1f],start_interpolation:0}
execute if entity @s[tag=aj.tutankhamen.bone.left_hand] run data modify entity @s {} merge value {transformation:[-0.8852000813080906f,0.38711498336182665f,0.25799768547202634f,0.19380063344216422f,-0.2544470158287352f,0.06139349700724465f,-0.9651360290969727f,1.4666740457893854f,-0.389457997976677f,-0.9199852325890855f,0.04415472375640624f,0.2898277370992206f,0f,0f,0f,1f],start_interpolation:0}
execute if entity @s[tag=aj.tutankhamen.bone.cape_left_back] run data modify entity @s {} merge value {transformation:[-0.8480923338458545f,0.46279216454362004f,0.25799768547202634f,0.23645044470449073f,-0.2481279722823099f,0.08333639487040712f,-0.9651360290969727f,1.4070631124062114f,-0.46815798897697025f,-0.882540909945275f,0.04415472375640624f,0.1531218172297933f,0f,0f,0f,1f],start_interpolation:0}
execute if entity @s[tag=aj.tutankhamen.bone.cape_left_side] run data modify entity @s {} merge value {transformation:[-0.8480923338458545f,0.46279216454362004f,0.25799768547202634f,0.3367151611839022f,-0.2481279722823099f,0.08333639487040712f,-0.9651360290969727f,1.5664751117124438f,-0.46815798897697025f,-0.882540909945275f,0.04415472375640624f,0.2207521625378941f,0f,0f,0f,1f],start_interpolation:0}
execute if entity @s[tag=aj.tutankhamen.bone.left_arm] run data modify entity @s {} merge value {transformation:[-0.8852000813080906f,0.38711498336182665f,0.25799768547202634f,0.27513047746870944f,-0.2544470158287352f,0.06139349700724465f,-0.9651360290969727f,1.5010740164608731f,-0.389457997976677f,-0.9199852325890855f,0.04415472375640624f,-0.013333720722731278f,0f,0f,0f,1f],start_interpolation:0}
execute if entity @s[tag=aj.tutankhamen.bone.cape_right_back] run data modify entity @s {} merge value {transformation:[-0.9274176676849216f,-0.3740226956098215f,0.0018689126847131869f,-0.2105586560474307f,-0.026716031116615017f,0.06125880907097161f,-0.9977643068343256f,1.4015189796128555f,0.37307200826011633f,-0.9253941762729917f,-0.06680490380798865f,0.15857455646746668f,0f,0f,0f,1f],start_interpolation:0}
execute if entity @s[tag=aj.tutankhamen.bone.cape_right] run data modify entity @s {} merge value {transformation:[-0.9274176676849216f,-0.3740226956098215f,0.0018689126847131869f,-0.355934894794378f,-0.026716031116615017f,0.06125880907097161f,-0.9977643068343256f,1.646785676459466f,0.37307200826011633f,-0.9253941762729917f,-0.06680490380798865f,0.23356828371010702f,0f,0f,0f,1f],start_interpolation:0}
execute if entity @s[tag=aj.tutankhamen.bone.weapon] run data modify entity @s {} merge value {transformation:[-1.6350684253997492f,-0.029734790435018112f,0.015961206398077975f,-0.0704209860554488f,-0.029301889680465907f,1.6345772503320932f,0.04343138921377572f,1.4821269411706441f,-0.016742674011348744f,0.043136162852880536f,-1.6347619483987235f,1.1179226660647048f,0f,0f,0f,1f],start_interpolation:0}
execute if entity @s[tag=aj.tutankhamen.bone.right_hand] run data modify entity @s {} merge value {transformation:[-0.9274176676849216f,-0.3740226956098215f,0.0018689126847131869f,-0.19290442825415144f,-0.026716031116615017f,0.06125880907097161f,-0.9977643068343256f,1.4553870216837352f,0.37307200826011633f,-0.9253941762729917f,-0.06680490380798865f,0.2900826352477186f,0f,0f,0f,1f],start_interpolation:0}
execute if entity @s[tag=aj.tutankhamen.bone.right_arm] run data modify entity @s {} merge value {transformation:[-0.9274176676849216f,-0.3740226956098215f,0.0018689126847131869f,-0.2752208259032014f,-0.026716031116615017f,0.06125880907097161f,-0.9977643068343256f,1.5010740164608731f,0.37307200826011633f,-0.9253941762729917f,-0.06680490380798865f,-0.011316568810005749f,0f,0f,0f,1f],start_interpolation:0}
execute if entity @s[tag=aj.tutankhamen.bone.body] run data modify entity @s {} merge value {transformation:[-0.9999932831934131f,0.00015987304677145308f,-0.003661694780766729f,-0.00011990478507858981f,0f,0.9990482215818578f,0.043619387365336f,0.18821383381360668f,0.003665183223056978f,0.04361909438234762f,-0.9990415111681823f,-0.03271432078676072f,0f,0f,0f,1f],start_interpolation:0}
execute if entity @s[tag=aj.tutankhamen.bone.left_foot] run data modify entity @s {} merge value {transformation:[-0.7886369566751938f,-0.5836529697174384f,-0.19339328195700867f,0.383754018426042f,-0.3820620054484311f,0.7116118611997593f,-0.5896076517418489f,0.6251321822658484f,0.4817472102242123f,-0.3910981589573507f,-0.7841950366467256f,0.2007906796132441f,0f,0f,0f,1f],start_interpolation:0}
execute if entity @s[tag=aj.tutankhamen.bone.left_leg] run data modify entity @s {} merge value {transformation:[-0.7886369566751938f,-0.6083683606311943f,-0.08910492887041283f,0.09294795575379472f,-0.3820620054484311f,0.5984165837815201f,-0.7042202895742056f,0.875f,0.4817472102242123f,-0.5213305381791555f,-0.7043678693715527f,-0.012236830520629828f,0f,0f,0f,1f],start_interpolation:0}
execute if entity @s[tag=aj.tutankhamen.bone.right_foot] run data modify entity @s {} merge value {transformation:[-0.8795807818743172f,0.4689213423807778f,0.08031452432265332f,-0.23898178080679922f,0.47552056818987587f,0.861301998155869f,0.1789945731051224f,0.6596360864335409f,0.014759315219288888f,0.19563139480287095f,-0.9805664281331179f,0.3653307545319716f,0f,0f,0f,1f],start_interpolation:0}
execute if entity @s[tag=aj.tutankhamen.bone.right_leg] run data modify entity @s {} merge value {transformation:[-0.8795807818743172f,0.27096440141584477f,-0.39104467944560717f,-0.09294795575379472f,0.47552056818987587f,0.5262261287368977f,-0.7049583325721851f,0.875f,0.014759315219288888f,-0.8060175895102606f,-0.5917075358775877f,0.012236830520629828f,0f,0f,0f,1f],start_interpolation:0}