execute if entity @s[tag=aj.frestchika_v2.bone.hair] run data modify entity @s {} merge value {transformation:[-0.9975918988004224f,-0.027646199187047815f,0.06360889181771517f,0.013981167527064211f,-0.019049401001315545f,0.9910679950418257f,0.13198995994115315f,1.3694325041181568f,-0.066689757603839f,0.1304604034728017f,-0.9892080465485785f,-0.24884108392761922f,0f,0f,0f,1f],start_interpolation:0}
execute if entity @s[tag=aj.frestchika_v2.bone.side_hair_2] run data modify entity @s {} merge value {transformation:[-0.9983351030856886f,-0.027727778001836047f,0.05057857524652506f,0.47426598602337977f,-0.02012302972374986f,0.9892118516596534f,0.14510332942705922f,1.6845553908762858f,-0.05405631897960298f,0.14384395316856907f,-0.988122882801129f,0.08180432897010745f,0f,0f,0f,1f],start_interpolation:0}
execute if entity @s[tag=aj.frestchika_v2.bone.side_hair_1] run data modify entity @s {} merge value {transformation:[-0.9983351030856886f,-0.026026408760137433f,0.05147473160627204f,0.3061804755007774f,-0.02012302972374986f,0.9934989321257742f,0.11204880873835289f,2.066137765467132f,-0.05405631897960298f,0.1108264314682971f,-0.9923685890163887f,0.11617028366160448f,0f,0f,0f,1f],start_interpolation:0}
execute if entity @s[tag=aj.frestchika_v2.bone.head] run data modify entity @s {} merge value {transformation:[-0.9975918988004224f,-0.024586423163523823f,0.06485299718433879f,-0.008638194557033758f,-0.019049401001315545f,0.9962281746217418f,0.08465544525500815f,1.5230763037446835f,-0.066689757603839f,0.08321617562623715f,-0.994297512993412f,0.04562797288520142f,0f,0f,0f,1f],start_interpolation:0}
execute if entity @s[tag=aj.frestchika_v2.bone.group] run data modify entity @s {} merge value {transformation:[-0.000004367823633182028f,-0.000008978716878084597f,5.520506612760823e-7f,-0.44599411067568967f,-0.000006855780674618239f,0.000002925209545646218f,-0.000006666439863644715f,0.9456902094111853f,0.000005824121225639766f,-0.0000032902571840600917f,-0.000007433291304112418f,0.05930233582648355f,0f,0f,0f,1f],start_interpolation:0}
execute if entity @s[tag=aj.frestchika_v2.bone.group2] run data modify entity @s {} merge value {transformation:[-0.000004367823633182028f,-0.000008978716878084597f,5.520506612760823e-7f,-0.44599411067568967f,-0.000006855780674618239f,0.000002925209545646218f,-0.000006666439863644715f,0.9456902094111853f,0.000005824121225639766f,-0.0000032902571840600917f,-0.000007433291304112418f,0.05930233582648355f,0f,0f,0f,1f],start_interpolation:0}
execute if entity @s[tag=aj.frestchika_v2.bone.group3] run data modify entity @s {} merge value {transformation:[-0.000004367823633182028f,-0.000008978716878084597f,5.520506612760823e-7f,-0.44599411067568967f,-0.000006855780674618239f,0.000002925209545646218f,-0.000006666439863644715f,0.9456902094111853f,0.000005824121225639766f,-0.0000032902571840600917f,-0.000007433291304112418f,0.05930233582648355f,0f,0f,0f,1f],start_interpolation:0}
execute if entity @s[tag=aj.frestchika_v2.locator_origin.muzzle] at @s on origin run tp @s ^-0.446 ^0.94568 ^0.0593 ~4.24741 ~-41.80857
execute if entity @s[tag=aj.frestchika_v2.bone.gun] run data modify entity @s {} merge value {transformation:[-0.000004367823633182028f,-0.000008978716878084597f,5.520506612760823e-7f,-0.4459957401530896f,-0.000006855780674618239f,0.000002925209545646218f,-0.000006666439863644715f,0.9456873116295699f,0.000005824121225639766f,-0.0000032902571840600917f,-0.000007433291304112418f,0.05929850755364519f,0f,0f,0f,1f],start_interpolation:0}
execute if entity @s[tag=aj.frestchika_v2.bone.sword] run data modify entity @s {} merge value {transformation:[-0.944911185532745f,0.08281570778781043f,0.4558608582656627f,-0.19036965885256493f,0.3078461273742623f,0.8860565726095453f,0.4771364837193815f,0.9618484637649223f,-0.3462633757933001f,0.5617561933606339f,-0.8197904402377462f,0.16439897774443163f,0f,0f,0f,1f],start_interpolation:0}
execute if entity @s[tag=aj.frestchika_v2.bone.arm_right_1] run data modify entity @s {} merge value {transformation:[-0.43678236331820275f,-0.8978716878084596f,0.05520506612760823f,-0.30674407066801895f,-0.6855780674618238f,0.2925209545646218f,-0.6666439863644714f,1.1265973448779527f,0.5824121225639766f,-0.32902571840600914f,-0.7433291304112417f,-0.1598711461710731f,0f,0f,0f,1f],start_interpolation:0}
execute if entity @s[tag=aj.frestchika_v2.bone.arm_right_0] run data modify entity @s {} merge value {transformation:[-0.29781665410823144f,-0.8978716878084596f,0.3242401467550958f,-0.20415587114385716f,-0.953965784582671f,0.2925209545646218f,-0.0661874080635545f,1.4815754091856916f,-0.0354192374472827f,-0.32902571840600914f,-0.9436564810597458f,-0.12422808938625415f,0f,0f,0f,1f],start_interpolation:0}
execute if entity @s[tag=aj.frestchika_v2.bone.arm_left_1] run data modify entity @s {} merge value {transformation:[0.005111994459418845f,0.7283451966566157f,0.6851913178229003f,0.31634437446639985f,0.890750004487707f,0.3080868919187399f,-0.3341360449472653f,1.1398512722438632f,-0.4544648468449424f,0.6120422710361488f,-0.6471985487059719f,0.23695912746848924f,0f,0f,0f,1f],start_interpolation:0}
execute if entity @s[tag=aj.frestchika_v2.bone.arm_left_0] run data modify entity @s {} merge value {transformation:[-0.3065155283806601f,0.7283451966566157f,0.6128307314167271f,0.1860777789714267f,0.9453586554459695f,0.3080868919187399f,0.10667464366586649f,1.5166613013764276f,-0.11110915099537752f,0.6120422710361488f,-0.7829808522754561f,0.20230272772378144f,0f,0f,0f,1f],start_interpolation:0}
execute if entity @s[tag=aj.frestchika_v2.bone.right_wing_0] run data modify entity @s {} merge value {transformation:[-0.7787199242045579f,-0.023035185485423347f,0.6269486899870672f,0.19513738830692876f,0.019422750089624727f,0.9979615013438475f,0.06079143537119429f,1.2217420460064068f,-0.6270709979147524f,0.05951656966917912f,-0.7766850980345961f,-0.5368947360883622f,0f,0f,0f,1f],start_interpolation:0}
execute if entity @s[tag=aj.frestchika_v2.bone.right_wing_1] run data modify entity @s {} merge value {transformation:[-0.7787199242045579f,-0.023035185485423347f,0.6269486899870672f,0.11637833464844374f,0.019422750089624727f,0.9979615013438475f,0.06079143537119429f,1.9575354541437915f,-0.6270709979147524f,0.05951656966917912f,-0.7766850980345961f,0.22158776008962627f,0f,0f,0f,1f],start_interpolation:0}
execute if entity @s[tag=aj.frestchika_v2.bone.right_wing_2] run data modify entity @s {} merge value {transformation:[-0.7787199242045579f,-0.023035185485423347f,0.6269486899870672f,0.12167724390257395f,0.019422750089624727f,0.9979615013438475f,0.06079143537119429f,1.9387022838055339f,-0.6270709979147524f,0.05951656966917912f,-0.7766850980345961f,0.22439101814529636f,0f,0f,0f,1f],start_interpolation:0}
execute if entity @s[tag=aj.frestchika_v2.bone.left_wing_0] run data modify entity @s {} merge value {transformation:[-0.7787199242045579f,-0.023035185485423347f,0.6269486899870672f,0.19513738830692876f,0.019422750089624727f,0.9979615013438475f,0.06079143537119429f,1.2217420460064068f,-0.6270709979147524f,0.05951656966917912f,-0.7766850980345961f,-0.5368947360883622f,0f,0f,0f,1f],start_interpolation:0}
execute if entity @s[tag=aj.frestchika_v2.bone.left_wing_1] run data modify entity @s {} merge value {transformation:[-0.7787199242045579f,-0.023035185485423347f,0.6269486899870672f,0.11637833464844374f,0.019422750089624727f,0.9979615013438475f,0.06079143537119429f,1.9575354541437915f,-0.6270709979147524f,0.05951656966917912f,-0.7766850980345961f,0.22158776008962627f,0f,0f,0f,1f],start_interpolation:0}
execute if entity @s[tag=aj.frestchika_v2.bone.left_wing_2] run data modify entity @s {} merge value {transformation:[-0.7787199242045579f,-0.023035185485423347f,0.6269486899870672f,0.12167724390257395f,0.019422750089624727f,0.9979615013438475f,0.06079143537119429f,1.9387022838055339f,-0.6270709979147524f,0.05951656966917912f,-0.7766850980345961f,0.22439101814529636f,0f,0f,0f,1f],start_interpolation:0}
execute if entity @s[tag=aj.frestchika_v2.bone.leg_right_1] run data modify entity @s {} merge value {transformation:[-0.5813122371522639f,-0.2719766768823954f,0.7668798929226397f,-0.3255229648976111f,0.08783012373037145f,0.916002228551742f,0.3914406553409474f,0.5507377857325247f,-0.8089264195849567f,0.29490439895032383f,-0.5085955595335163f,0.059406454233878594f,0f,0f,0f,1f],start_interpolation:0}
execute if entity @s[tag=aj.frestchika_v2.bone.leg_right_0] run data modify entity @s {} merge value {transformation:[-0.5813122371522639f,0.487836927425465f,0.6512228613747462f,-0.1296991347354606f,0.08783012373037145f,0.8332860044628086f,-0.5458207619099114f,0.7966634043001897f,-0.8089264195849567f,-0.2600953036994132f,-0.5272461291379694f,-0.05461517870937775f,0f,0f,0f,1f],start_interpolation:0}
execute if entity @s[tag=aj.frestchika_v2.bone.leg_left_1] run data modify entity @s {} merge value {transformation:[-0.666042706824912f,0.010500896242184934f,0.7458396904586502f,0.007269708556131786f,-0.01385582921058482f,0.9995542020917141f,-0.026446418995477408f,0.40427423411379987f,-0.7457849077865757f,-0.027948671863043992f,-0.6656002877544904f,0.1743251277925417f,0f,0f,0f,1f],start_interpolation:0}
execute if entity @s[tag=aj.frestchika_v2.bone.leg_left_0] run data modify entity @s {} merge value {transformation:[-0.666042706824912f,0.08134573433655062f,0.7414647558654367f,0.03777435893233827f,-0.01385582921058482f,0.9925149358448281f,-0.12133473584190262f,0.7764673350556104f,-0.7457849077865757f,-0.09108772491496588f,-0.6599302218322661f,0.14016723094942948f,0f,0f,0f,1f],start_interpolation:0}
execute if entity @s[tag=aj.frestchika_v2.bone.body_0] run data modify entity @s {} merge value {transformation:[-0.6611064421969746f,0.11942765537367392f,0.7407262025995875f,-0.00007857557715583608f,0.033361367591317026f,0.9909530461384287f,-0.1299964595725849f,1.1522448983064357f,-0.7495500591942442f,-0.061229857756789186f,-0.6591097126283212f,0.023512276891353007f,0f,0f,0f,1f],start_interpolation:0}
execute if entity @s[tag=aj.frestchika_v2.bone.body_1] run data modify entity @s {} merge value {transformation:[-0.7787199242045579f,-0.023035185485423347f,0.6269486899870672f,-2.8545609742347647e-18f,0.019422750089624727f,0.9979615013438475f,0.06079143537119429f,1.1488407407407406f,-0.6270709979147524f,0.05951656966917912f,-0.7766850980345961f,0.023309259259259252f,0f,0f,0f,1f],start_interpolation:0}