execute if entity @s[tag=aj.frestchika_v2.bone.hair] run data modify entity @s {} merge value {transformation:[-0.995611864586283f,0.0364542905986191f,-0.08618642463854895f,-0.02723189504498519f,-0.027491295623062836f,0.7664220417127194f,0.6417487691003952f,1.3107557391727778f,0.08944967165948797f,0.6413020650784294f,-0.7620567023300507f,-0.08789191888684794f,0f,0f,0f,1f],start_interpolation:0}
execute if entity @s[tag=aj.frestchika_v2.bone.side_hair_2] run data modify entity @s {} merge value {transformation:[-0.9876650793356206f,0.06147275109259143f,-0.14400969388923376f,0.479636820816788f,-0.05565103307132814f,0.7218518847833045f,0.689806363375176f,1.525969961130877f,0.1463579638388579f,0.6893119448463803f,-0.7095268769490302f,0.21353044569206658f,0f,0f,0f,1f],start_interpolation:0}
execute if entity @s[tag=aj.frestchika_v2.bone.side_hair_1] run data modify entity @s {} merge value {transformation:[-0.9876650793356206f,0.036527073118402364f,-0.15226117033034192f,0.33746607351367436f,-0.05565103307132814f,0.8270329985581955f,0.5593919751068425f,1.8374595817551842f,0.1463579638388579f,0.5609654108991418f,-0.814798842780045f,0.45394791831518927f,0f,0f,0f,1f],start_interpolation:0}
execute if entity @s[tag=aj.frestchika_v2.bone.head] run data modify entity @s {} merge value {transformation:[-0.995611864586283f,0.014922497327997566f,-0.09238146009086862f,0.0014084604421211741f,-0.027491295623062836f,0.8970011568073355f,0.441172475740801f,1.3464543114269842f,0.08944967165948797f,0.44177623720589365f,-0.8926547554795256f,0.24185862334406844f,0f,0f,0f,1f],start_interpolation:0}
execute if entity @s[tag=aj.frestchika_v2.bone.group] run data modify entity @s {} merge value {transformation:[0.000008296004422653485f,-0.000003892414857823972f,-0.000004003175888454692f,0.02117916443729897f,-0.000003826196683361465f,0.0000012585222442414242f,-0.000009152941641952238f,0.8519334132966205f,0.000004066513194316178f,0.00000912497826492429f,-4.4524387150383234e-7f,0.4050098912859637f,0f,0f,0f,1f],start_interpolation:0}
execute if entity @s[tag=aj.frestchika_v2.bone.group2] run data modify entity @s {} merge value {transformation:[0.000008296004422653485f,-0.000003892414857823972f,-0.000004003175888454692f,0.02117916443729897f,-0.000003826196683361465f,0.0000012585222442414242f,-0.000009152941641952238f,0.8519334132966205f,0.000004066513194316178f,0.00000912497826492429f,-4.4524387150383234e-7f,0.4050098912859637f,0f,0f,0f,1f],start_interpolation:0}
execute if entity @s[tag=aj.frestchika_v2.bone.group3] run data modify entity @s {} merge value {transformation:[0.000008296004422653485f,-0.000003892414857823972f,-0.000004003175888454692f,0.02117916443729897f,-0.000003826196683361465f,0.0000012585222442414242f,-0.000009152941641952238f,0.8519334132966205f,0.000004066513194316178f,0.00000912497826492429f,-4.4524387150383234e-7f,0.4050098912859637f,0f,0f,0f,1f],start_interpolation:0}
execute if entity @s[tag=aj.frestchika_v2.locator_origin.muzzle] at @s on origin run tp @s ^0.02118 ^0.85193 ^0.40502 ~-83.65349 ~-66.24754
execute if entity @s[tag=aj.frestchika_v2.bone.gun] run data modify entity @s {} merge value {transformation:[0.000008296004422653485f,-0.000003892414857823972f,-0.000004003175888454692f,0.021176946996022728f,-0.000003826196683361465f,0.0000012585222442414242f,-0.000009152941641952238f,0.8519291794751771f,0.000004066513194316178f,0.00000912497826492429f,-4.4524387150383234e-7f,0.4050115841291296f,0f,0f,0f,1f],start_interpolation:0}
execute if entity @s[tag=aj.frestchika_v2.bone.sword] run data modify entity @s {} merge value {transformation:[-0.40963384722253704f,0.13925646057339786f,-0.959339596544536f,0.10103599105962052f,0.13244562246172317f,1.0397481783714293f,0.09437475702761845f,0.9112769573971863f,0.9603035876223676f,-0.08400045155750635f,-0.4222388611174308f,0.14664680431056168f,0f,0f,0f,1f],start_interpolation:0}
execute if entity @s[tag=aj.frestchika_v2.bone.arm_right_1] run data modify entity @s {} merge value {transformation:[0.8296004422653485f,-0.38924148578239715f,-0.4003175888454692f,-0.25808804624218706f,-0.38261966833614647f,0.1258522244241424f,-0.9152941641952237f,0.9257325218793067f,0.40665131943161775f,0.912497826492429f,-0.04452438715038323f,0.27570986372385126f,0f,0f,0f,1f],start_interpolation:0}
execute if entity @s[tag=aj.frestchika_v2.bone.arm_right_0] run data modify entity @s {} merge value {transformation:[0.20704750747145317f,-0.38924148578239715f,-0.8975647026235883f,-0.2910140913196139f,-0.9533196706233275f,0.1258522244241424f,-0.27448647181623786f,1.273602521382689f,0.219802036506693f,0.912497826492429f,-0.3450141756422528f,0.21368626836652976f,0f,0f,0f,1f],start_interpolation:0}
execute if entity @s[tag=aj.frestchika_v2.bone.arm_left_1] run data modify entity @s {} merge value {transformation:[-0.5858016518343121f,0.8101256429448465f,0.02308391975792054f,0.4598039327975817f,0.8028431093822985f,0.5761702885265552f,0.15320163294361128f,1.101127583000776f,0.11081230268139847f,0.10827853555726193f,-0.9879252969288825f,-0.01406170198233736f,0f,0f,0f,1f],start_interpolation:0}
execute if entity @s[tag=aj.frestchika_v2.bone.arm_left_0] run data modify entity @s {} merge value {transformation:[-0.5324329739315408f,0.8101256429448465f,-0.24538046155636334f,0.24989799899441995f,0.6457863624583188f,0.5761702885265552f,0.5009867989099905f,1.3531797929977287f,0.5472431839075457f,0.10827853555726193f,-0.8299401523027469f,0.21520982348446524f,0f,0f,0f,1f],start_interpolation:0}
execute if entity @s[tag=aj.frestchika_v2.bone.right_wing_0] run data modify entity @s {} merge value {transformation:[-0.9939816285498971f,0.003755894512323169f,-0.1094824888359159f,-0.2609224161631991f,-0.03279795493021675f,0.943364583558378f,0.3301326349213658f,1.204540554019795f,0.10452184583946847f,0.33173657583109606f,-0.9375638794227141f,-0.3767709315320162f,0f,0f,0f,1f],start_interpolation:0}
execute if entity @s[tag=aj.frestchika_v2.bone.right_wing_1] run data modify entity @s {} merge value {transformation:[-0.9939816285498971f,0.003755894512323169f,-0.1094824888359159f,0.20460975559083724f,-0.03279795493021675f,0.943364583558378f,0.3301326349213658f,1.758647064912304f,0.10452184583946847f,0.33173657583109606f,-0.9375638794227141f,0.39726808340747677f,0f,0f,0f,1f],start_interpolation:0}
execute if entity @s[tag=aj.frestchika_v2.bone.right_wing_2] run data modify entity @s {} merge value {transformation:[-0.9939816285498971f,0.003755894512323169f,-0.1094824888359159f,0.21075171774716803f,-0.03279795493021675f,0.943364583558378f,0.3301326349213658f,1.741163966188898f,0.10452184583946847f,0.33173657583109606f,-0.9375638794227141f,0.39039476107414695f,0f,0f,0f,1f],start_interpolation:0}
execute if entity @s[tag=aj.frestchika_v2.bone.left_wing_0] run data modify entity @s {} merge value {transformation:[-0.9939816285498971f,0.003755894512323169f,-0.1094824888359159f,-0.2609224161631991f,-0.03279795493021675f,0.943364583558378f,0.3301326349213658f,1.204540554019795f,0.10452184583946847f,0.33173657583109606f,-0.9375638794227141f,-0.3767709315320162f,0f,0f,0f,1f],start_interpolation:0}
execute if entity @s[tag=aj.frestchika_v2.bone.left_wing_1] run data modify entity @s {} merge value {transformation:[-0.9939816285498971f,0.003755894512323169f,-0.1094824888359159f,0.20460975559083724f,-0.03279795493021675f,0.943364583558378f,0.3301326349213658f,1.758647064912304f,0.10452184583946847f,0.33173657583109606f,-0.9375638794227141f,0.39726808340747677f,0f,0f,0f,1f],start_interpolation:0}
execute if entity @s[tag=aj.frestchika_v2.bone.left_wing_2] run data modify entity @s {} merge value {transformation:[-0.9939816285498971f,0.003755894512323169f,-0.1094824888359159f,0.21075171774716803f,-0.03279795493021675f,0.943364583558378f,0.3301326349213658f,1.741163966188898f,0.10452184583946847f,0.33173657583109606f,-0.9375638794227141f,0.39039476107414695f,0f,0f,0f,1f],start_interpolation:0}
execute if entity @s[tag=aj.frestchika_v2.bone.leg_right_1] run data modify entity @s {} merge value {transformation:[-0.8985288487815217f,0.16333075305216227f,0.40739289759980657f,-0.30475919258126777f,0.3243777867950397f,0.8723860217611009f,0.36567975124388874f,0.4944715106377393f,-0.29567712008423114f,0.46072301238732793f,-0.8368448760167209f,0.3268676008852524f,0f,0f,0f,1f],start_interpolation:0}
execute if entity @s[tag=aj.frestchika_v2.bone.leg_right_0] run data modify entity @s {} merge value {transformation:[-0.8985288487815217f,0.4362825087390501f,0.04799458798357967f,-0.1595156457111211f,0.3243777867950397f,0.7337348838077817f,-0.5970026563739338f,0.6932052166230294f,-0.29567712008423114f,-0.5208557313229276f,-0.8008023150608101f,0.10351343254689707f,0f,0f,0f,1f],start_interpolation:0}
execute if entity @s[tag=aj.frestchika_v2.bone.leg_left_1] run data modify entity @s {} merge value {transformation:[-0.9608925906873034f,-0.22825233677685666f,-0.1568001910654025f,0.21554939788326732f,-0.2569509677454316f,0.9460265553026574f,0.19750938417420716f,0.28017752190001366f,0.10325516615128053f,0.23007526468113143f,-0.9676795664087254f,0.002409007479088829f,0f,0f,0f,1f],start_interpolation:0}
execute if entity @s[tag=aj.frestchika_v2.bone.leg_left_0] run data modify entity @s {} merge value {transformation:[-0.9608925906873034f,-0.23677411475946156f,-0.14360866179348533f,0.12675910484846922f,-0.2569509677454316f,0.9557018336974847f,0.1435625481870246f,0.6385657095365704f,0.10325516615128053f,0.17484857347756322f,-0.9791661488306939f,0.06797722253317504f,0f,0f,0f,1f],start_interpolation:0}
execute if entity @s[tag=aj.frestchika_v2.bone.body_0] run data modify entity @s {} merge value {transformation:[-0.9910803550596556f,-0.007492002166830845f,-0.1330548748387631f,0.0000645596534506961f,-0.021130077774601862f,0.9946227514302538f,0.1013859070608499f,1.0089079816010904f,0.13157982226795253f,0.10329304062154526f,-0.98590937622638f,0.12315959054974858f,0f,0f,0f,1f],start_interpolation:0}
execute if entity @s[tag=aj.frestchika_v2.bone.body_1] run data modify entity @s {} merge value {transformation:[-0.9939816285498971f,0.003755894512323169f,-0.1094824888359159f,-1.4384383801762808e-17f,-0.03279795493021675f,0.943364583558378f,0.3301326349213658f,0.9926925925925926f,0.10452184583946847f,0.33173657583109606f,-0.9375638794227141f,0.1174574074074074f,0f,0f,0f,1f],start_interpolation:0}