execute if entity @s[tag=aj.heiloang_aj.bone.head_lower] run data modify entity @s {} merge value {transformation:[-0.44717324219860227f,-0.3836904376250774f,-0.5411263618940282f,-0.3231092210761446f,-0.6627831894039568f,0.28545165110148474f,0.34530537025501784f,0.5087249080110217f,0.027468806037190943f,0.6413259724652611f,-0.47743739038367994f,1.9618786655461993f,0f,0f,0f,1f],start_interpolation:0}
execute if entity @s[tag=aj.heiloang_aj.bone.horne_right] run data modify entity @s {} merge value {transformation:[-0.0026802188698473173f,-0.6589751783694346f,-0.45359070837020177f,-0.9125315532158761f,-0.7242108683655557f,-0.19070573793714352f,0.2813359906927253f,0.5021971961567693f,-0.33986973176206403f,0.4115617035279416f,-0.5959073163010851f,2.113455950154276f,0f,0f,0f,1f],start_interpolation:0}
execute if entity @s[tag=aj.heiloang_aj.bone.horne_left] run data modify entity @s {} merge value {transformation:[-0.6567011753320209f,-0.0547634512951915f,-0.45359070837020177f,-0.5323448626986245f,-0.253099181166983f,0.7048339271300336f,0.2813359906927253f,1.0656954637880132f,0.38037398808297207f,0.37444639078070135f,-0.5959073163010851f,2.090101971261456f,0f,0f,0f,1f],start_interpolation:0}
execute if entity @s[tag=aj.heiloang_aj.bone.head_upper] run data modify entity @s {} merge value {transformation:[-0.6550081858414577f,-0.709004908377001f,-0.6644083298529624f,-0.5305183444033132f,-0.9708282462591808f,0.5107183421528131f,0.41209392576693676f,0.6444446564448892f,0.04023562036312637f,0.7807950610025672f,-0.872870139234922f,1.8788665970714706f,0f,0f,0f,1f],start_interpolation:0}
execute if entity @s[tag=aj.heiloang_aj.bone.neck_0] run data modify entity @s {} merge value {transformation:[-0.7956028720773166f,-0.2645147447253251f,-0.5450211186414898f,-0.7456739799562127f,-0.5960098461703691f,0.1805215756933892f,0.782422024215288f,0.9678436509741488f,-0.10857409087944361f,0.9473351627233478f,-0.30127687640711887f,1.6876039466239823f,0f,0f,0f,1f],start_interpolation:0}
execute if entity @s[tag=aj.heiloang_aj.bone.neck_1] run data modify entity @s {} merge value {transformation:[-0.9668583934330071f,-0.16824071057368983f,-0.19204142874339472f,-0.8177474003600262f,-0.24024905627095283f,0.3449791123058775f,0.9073421642542382f,1.3027533086920777f,-0.08640160883375392f,0.9234091592454065f,-0.37396562223368934f,1.5628731934890108f,0f,0f,0f,1f],start_interpolation:0}
execute if entity @s[tag=aj.heiloang_aj.bone.neck_2] run data modify entity @s {} merge value {transformation:[-0.9356038366617055f,-0.3486236220161989f,0.05574074807717355f,-0.7832200325988687f,-0.17229595988979363f,0.5886711660950134f,0.7897976705549287f,1.6066824698189206f,-0.308155095738414f,0.7293338250627373f,-0.6108294431261523f,1.288109915279612f,0f,0f,0f,1f],start_interpolation:0}
execute if entity @s[tag=aj.heiloang_aj.bone.neck_3] run data modify entity @s {} merge value {transformation:[-0.7760572781888797f,-0.09294034215091482f,0.6237765575676425f,-0.4581649974970017f,0.24453598408096347f,0.8673573103012134f,0.43346677929986654f,1.8099973866410197f,-0.5813237079800051f,0.48893086328019353f,-0.6503916954208919f,0.9396921408813915f,0f,0f,0f,1f],start_interpolation:0}
execute if entity @s[tag=aj.heiloang_aj.bone.wing_right_2] run data modify entity @s {} merge value {transformation:[-2.2069003341968094f,0.8114710074429685f,0.06842313441015191f,-4.693519983655606f,0.760213026595759f,2.1237636900749624f,-0.6672930010380019f,3.2002829042970387f,-0.2919641680705555f,-0.6039193647496996f,-2.254687191555448f,-0.0559433477142508f,0f,0f,0f,1f],start_interpolation:0}
execute if entity @s[tag=aj.heiloang_aj.bone.wing_right_1] run data modify entity @s {} merge value {transformation:[-3.1927056708614643f,0.9921613971935571f,0.09728840664730931f,-2.604678219725164f,0.9254070235609435f,3.070931307104247f,-0.9488000425226997f,2.6088375154566315f,-0.3707709709417916f,-0.8787578971855271f,-3.2058590452702296f,0.2355817729196797f,0f,0f,0f,1f],start_interpolation:0}
execute if entity @s[tag=aj.heiloang_aj.bone.wing_right_0] run data modify entity @s {} merge value {transformation:[-2.1145729030494556f,0.6729128667715786f,0.06457330270515906f,-0.6373410943518698f,0.6280577223459883f,2.034050467778533f,-0.6297477208624891f,2.01961653167156f,-0.2500498652080535f,-0.5815728400322573f,-2.1278270833519923f,0.4511029228433867f,0f,0f,0f,1f],start_interpolation:0}
execute if entity @s[tag=aj.heiloang_aj.bone.wing_left_2] run data modify entity @s {} merge value {transformation:[-1.513150998074166f,-0.1614701976964403f,1.7938443183855264f,2.775507113164262f,-0.9148294104645904f,2.087060311913884f,-0.5838171036411476f,3.5104640077651963f,-1.5514629267556386f,-1.073164775796709f,-1.405295754356724f,3.46851184348502f,0f,0f,0f,1f],start_interpolation:0}
execute if entity @s[tag=aj.heiloang_aj.bone.wing_left_1] run data modify entity @s {} merge value {transformation:[-2.1580558326909327f,-0.15632614275212636f,2.5506030528055286f,1.3237836053334224f,-1.1991449169171267f,3.0100149283762576f,-0.8301086507704198f,2.737991689201523f,-2.256560494230203f,-1.4500313930892361f,-1.9981397518279915f,2.021501189569357f,0f,0f,0f,1f],start_interpolation:0}
execute if entity @s[tag=aj.heiloang_aj.bone.wing_left_0] run data modify entity @s {} merge value {transformation:[-1.4275323461241922f,-0.1568281651295545f,1.6929135617010262f,0.009568949494018625f,-0.8694815967740198f,1.966935523838606f,-0.5509685997704843f,1.9248475495010595f,-1.46101100394229f,-1.0173345426573523f,-1.3262267056109585f,0.6519455882457559f,0f,0f,0f,1f],start_interpolation:0}
execute if entity @s[tag=aj.heiloang_aj.bone.kazari_right] run data modify entity @s {} merge value {transformation:[-2.499135343493858f,0.5301797897660533f,-0.6165242201079426f,-1.6443080511556942f,0.31192439141001943f,-1.215109984653664f,-2.3093464633516367f,2.977145357806921f,-0.7509300217061322f,-2.269204112519376f,1.092559832129038f,-3.3042374501417386f,0f,0f,0f,1f],start_interpolation:0}
execute if entity @s[tag=aj.heiloang_aj.bone.kazari_left] run data modify entity @s {} merge value {transformation:[-2.499135343493858f,0.5301797897660533f,-0.6165242201079426f,3.180796862568938f,0.31192439141001943f,-1.215109984653664f,-2.3093464633516367f,2.3749099016035267f,-0.7509300217061322f,-2.269204112519376f,1.092559832129038f,-1.8544095538533723f,0f,0f,0f,1f],start_interpolation:0}
execute if entity @s[tag=aj.heiloang_aj.bone.ring] run data modify entity @s {} merge value {transformation:[-2.083580457450603f,-0.7126998629963461f,-0.0606437828549016f,-0.23532736644124763f,0.30523378188572375f,-1.0548508697090746f,1.909724657340365f,3.65707375963517f,-0.6468779649282401f,1.7978528398461944f,1.0964489730631795f,1.0934923611740242f,0f,0f,0f,1f],start_interpolation:0}
execute if entity @s[tag=aj.heiloang_aj.bone.body_0] run data modify entity @s {} merge value {transformation:[-1.0674164295993214f,0.15907526536590527f,0.3301054402882167f,-0.13124868682376983f,0.15637099709228844f,1.1171969479153276f,-0.032733267095021404f,1.895839916782194f,-0.3313950105651473f,0.01477888544908916f,-1.0787081660278104f,-0.07279310599453473f,0f,0f,0f,1f],start_interpolation:0}
execute if entity @s[tag=aj.heiloang_aj.bone.leg_right_3] run data modify entity @s {} merge value {transformation:[-0.8476941191118345f,-0.4462966503578729f,0.2867646775712684f,-0.6781378985373225f,0.17038916205739818f,0.2828626673590383f,0.9439047859121744f,0.2942035164320447f,-0.502376565811532f,0.8490041291382937f,-0.1637369073530422f,-0.528276748165042f,0f,0f,0f,1f],start_interpolation:0}
execute if entity @s[tag=aj.heiloang_aj.bone.leg_right_2] run data modify entity @s {} merge value {transformation:[-0.8476941191118345f,0.3232002834302631f,0.42066168973868845f,-0.5014183030271121f,0.17038916205739818f,0.9168425110699648f,-0.36106418175761923f,0.8688469114354319f,-0.502376565811532f,-0.23439579067363592f,-0.8322718302561323f,-0.6315681013466096f,0f,0f,0f,1f],start_interpolation:0}
execute if entity @s[tag=aj.heiloang_aj.bone.leg_right_1] run data modify entity @s {} merge value {transformation:[-0.8512143962796505f,0.0398239841639671f,0.5233049797695203f,-0.8676876557195046f,0.04129747179035202f,0.9991076290252437f,-0.008858015990104384f,0.9501028896660069f,-0.5231907590831426f,0.014071101906530381f,-0.8520994271217067f,-0.02924589491312557f,0f,0f,0f,1f],start_interpolation:0}
execute if entity @s[tag=aj.heiloang_aj.bone.leg_right_0] run data modify entity @s {} merge value {transformation:[-0.6959080329321794f,0.6916757400040782f,0.19312348482324815f,-0.3242519640920023f,0.1509552765609668f,0.4038115835451584f,-0.9023018948628856f,1.178824768735021f,-0.7020858310626035f,-0.5987661277030978f,-0.3854278274029666f,-0.46731037373865286f,0f,0f,0f,1f],start_interpolation:0}
execute if entity @s[tag=aj.heiloang_aj.bone.leg_left_3] run data modify entity @s {} merge value {transformation:[-0.8996157637809761f,-0.4137204321135062f,0.13973861888749534f,0.6190403183413539f,-0.07762316192914051f,0.46640842588617504f,0.8811570943903831f,0.015404333680444249f,-0.4297279631218958f,0.7818558590393718f,-0.4517026603828149f,-0.20364483806533393f,0f,0f,0f,1f],start_interpolation:0}
execute if entity @s[tag=aj.heiloang_aj.bone.leg_left_2] run data modify entity @s {} merge value {transformation:[-0.8996157637809761f,-0.0399696448000842f,0.4348492900434886f,0.574216302518616f,-0.07762316192914051f,0.9945804771930146f,-0.06916877271310931f,0.6235558493639524f,-0.4297279631218958f,-0.09597969514991417f,-0.8978428458422087f,-0.2196602081130543f,0f,0f,0f,1f],start_interpolation:0}
execute if entity @s[tag=aj.heiloang_aj.bone.leg_left_1] run data modify entity @s {} merge value {transformation:[-0.9104988263365679f,0.03038700642806058f,0.4123936433555608f,0.2855007199897564f,0.051276726708636484f,0.9978958305031754f,0.0396813402297051f,0.6704700895947905f,-0.4103201000898935f,0.05727600985333042f,-0.9101411287034011f,0.42686139210722995f,0f,0f,0f,1f],start_interpolation:0}
execute if entity @s[tag=aj.heiloang_aj.bone.leg_left_0] run data modify entity @s {} merge value {transformation:[-0.9559781818034141f,0.049861820760153955f,0.28917039050760507f,0.3069149279083797f,-0.15095527656096677f,0.7614908202578932f,-0.630352468973798f,1.178824768735021f,-0.25163111968562346f,-0.6462550034571828f,-0.7204417048674487f,-0.10290599873865289f,0f,0f,0f,1f],start_interpolation:0}
execute if entity @s[tag=aj.heiloang_aj.bone.tail_4] run data modify entity @s {} merge value {transformation:[-0.5489308555441209f,1.324796909844397f,0.6545551368570945f,0.9901274216143868f,-1.2950748312744236f,-0.09508568406338025f,-0.8936410116894804f,-1.6592420716694645f,-0.7115549598722491f,-0.8489559611903374f,1.1215247115994669f,-1.8270465395468942f,0f,0f,0f,1f],start_interpolation:0}
execute if entity @s[tag=aj.heiloang_aj.bone.tail_3] run data modify entity @s {} merge value {transformation:[-0.19027446170493498f,0.8616703881738984f,0.47044635333600004f,0.3389709535930844f,-0.20223329701639348f,0.4345208865658891f,-0.8776635418632092f,-0.49774372254619037f,-0.9606754513365983f,-0.26213687509054734f,0.09158021575092737f,-1.9425852410193103f,0f,0f,0f,1f],start_interpolation:0}
execute if entity @s[tag=aj.heiloang_aj.bone.tail_2] run data modify entity @s {} merge value {transformation:[-0.011985968620579018f,0.8598341404154557f,0.510432745356566f,-0.04498871627571638f,-0.0910611709232958f,0.5074096560759618f,-0.8568799823026284f,0.18246367801327545f,-0.9957731667936756f,-0.0567511400492431f,0.07221570741055167f,-2.000166983250472f,0f,0f,0f,1f],start_interpolation:0}
execute if entity @s[tag=aj.heiloang_aj.bone.tail_1] run data modify entity @s {} merge value {transformation:[-0.6674173314277547f,0.6449337262117748f,0.37230980984181694f,-0.3250513562450208f,0.2539623288547399f,0.6671082521257399f,-0.7003354306819107f,0.7410323742624614f,-0.7000408854006539f,-0.3728633378871351f,-0.6090284804729027f,-1.5305171762430465f,0f,0f,0f,1f],start_interpolation:0}
execute if entity @s[tag=aj.heiloang_aj.bone.tail_ring] run data modify entity @s {} merge value {transformation:[-0.8735244645003465f,0.3839522815625297f,-0.2992250915319617f,-0.35614396607368837f,0.46568951648828616f,0.838127528505394f,-0.28403436446026475f,0.7262090311283826f,0.1417331441558016f,-0.3874569543115315f,-0.910927452876102f,-1.6734412606152111f,0f,0f,0f,1f],start_interpolation:0}
execute if entity @s[tag=aj.heiloang_aj.bone.tail_0] run data modify entity @s {} merge value {transformation:[-0.8735244645003465f,0.3839522815625297f,-0.2992250915319617f,0.053167682545051616f,0.46568951648828616f,0.838127528505394f,-0.28403436446026475f,1.1040380956769364f,0.1417331441558016f,-0.3874569543115315f,-0.910927452876102f,-0.3922116274887223f,0f,0f,0f,1f],start_interpolation:0}
execute if entity @s[tag=aj.heiloang_aj.bone.body_1] run data modify entity @s {} merge value {transformation:[-0.8660254037844386f,0.4324328784146695f,0.25100160490722706f,-0.0018960387843347866f,0f,0.5020032098144541f,-0.864865756829339f,1.4435733084705076f,-0.5f,-0.7489957162774624f,-0.4347475324806469f,-0.290739714492411f,0f,0f,0f,1f],start_interpolation:0}