execute if entity @s[tag=aj.heiloang_aj.bone.head_lower] run data modify entity @s {} merge value {transformation:[-0.38351633412446495f,-0.4676321490714818f,-0.5236748940082185f,-0.29173634125638365f,-0.7019988049928035f,0.2644492866484858f,0.2779644807880727f,0.25170467206460423f,0.010625405799662133f,0.592778835608943f,-0.5371222885020672f,2.010199123347946f,0f,0f,0f,1f],start_interpolation:0}
execute if entity @s[tag=aj.heiloang_aj.bone.horne_right] run data modify entity @s {} merge value {transformation:[0.0741576909547117f,-0.648604899946726f,-0.46239844359314497f,-0.8816727982074493f,-0.7179006495728351f,-0.2556385868750449f,0.24344931760724187f,0.18849690405228073f,-0.3451366312276445f,0.39237812969841673f,-0.6057393078868212f,2.145907356993417f,0f,0f,0f,1f],start_interpolation:0}
execute if entity @s[tag=aj.heiloang_aj.bone.horne_left] run data modify entity @s {} merge value {transformation:[-0.6396734938476463f,-0.13040514035643763f,-0.46239844359314497f,-0.5556072109348292f,-0.31723496920513283f,0.692888449947022f,0.24344931760724187f,0.7853362880571624f,0.360804373008648f,0.378021289478028f,-0.6057393078868212f,2.136873636982544f,0f,0f,0f,1f],start_interpolation:0}
execute if entity @s[tag=aj.heiloang_aj.bone.head_upper] run data modify entity @s {} merge value {transformation:[-0.5617651383171632f,-0.7738434201178591f,-0.677309680214149f,-0.5087513342394753f,-1.028270299583334f,0.43434989535437224f,0.3565984741981477f,0.3682062472637002f,0.015563828780200102f,0.7652899071240522f,-0.8872717947099186f,1.92267042026474f,0f,0f,0f,1f],start_interpolation:0}
execute if entity @s[tag=aj.heiloang_aj.bone.neck_0] run data modify entity @s {} merge value {transformation:[-0.7330308674907905f,-0.30477815294884475f,-0.6080921186718254f,-0.7482935037962609f,-0.6668269978843204f,0.1456254270781794f,0.7308453939657021f,0.671891005970156f,-0.1341920347795779f,0.9412244750713764f,-0.309982233891441f,1.7281058423931857f,0f,0f,0f,1f],start_interpolation:0}
execute if entity @s[tag=aj.heiloang_aj.bone.neck_1] run data modify entity @s {} merge value {transformation:[-0.9762456941981094f,-0.13928570988502967f,-0.1659633561406696f,-0.8105035166901754f,-0.20474769276347324f,0.34251133694952884f,0.9169320402129487f,1.0102640566791117f,-0.07087119914101757f,0.9291315703832634f,-0.36289364564489757f,1.6074807604710748f,0f,0f,0f,1f],start_interpolation:0}
execute if entity @s[tag=aj.heiloang_aj.bone.neck_2] run data modify entity @s {} merge value {transformation:[-0.9508720500429867f,-0.3051913404338528f,0.05196720284213713f,-0.7789782644775619f,-0.13919612479219107f,0.5714042456112892f,0.808777860070508f,1.3225500445475455f,-0.2765262795646815f,0.7618106285827084f,-0.5858137783361994f,1.3418803963634107f,0f,0f,0f,1f],start_interpolation:0}
execute if entity @s[tag=aj.heiloang_aj.bone.neck_3] run data modify entity @s {} merge value {transformation:[-0.7974957077051851f,-0.0566494629572306f,0.600659166698106f,-0.46676530815395395f,0.2838415958187908f,0.8432927004277062f,0.45638949362182835f,1.5383102206401094f,-0.5323857104345006f,0.5344607186239266f,-0.6564428349621524f,0.9892285948931201f,0f,0f,0f,1f],start_interpolation:0}
execute if entity @s[tag=aj.heiloang_aj.bone.wing_right_2] run data modify entity @s {} merge value {transformation:[0.9872657356345332f,-2.1343592836865097f,-0.05824793304677483f,-2.9876537558700527f,-2.1052378009728363f,-0.9837754872909384f,0.36569878080400864f,-1.3598968837103973f,-0.35616874500447865f,-0.10135208467364878f,-2.3230255242539295f,0.03860090165781077f,0f,0f,0f,1f],start_interpolation:0}
execute if entity @s[tag=aj.heiloang_aj.bone.wing_right_1] run data modify entity @s {} merge value {transformation:[-0.8047642653957753f,-3.245414301697321f,-0.08282065189605065f,-2.459500037536547f,-3.2100155404197688f,0.7827170818660728f,0.519974011772353f,0.7338471266407725f,-0.4851530483317346f,0.20459411769048313f,-3.303026875397909f,0.40649236338306277f,0f,0f,0f,1f],start_interpolation:0}
execute if entity @s[tag=aj.heiloang_aj.bone.wing_right_0] run data modify entity @s {} merge value {transformation:[-1.9370918300450113f,-1.0830759318015302f,-0.05497060964838191f,-0.6582009647131148f,-1.0776893038515964f,1.9099413798302822f,0.3451227172700408f,1.7390006240248281f,-0.1210826425906231f,0.32782686217612284f,-2.1923203557188047f,0.5015407490147237f,0f,0f,0f,1f],start_interpolation:0}
execute if entity @s[tag=aj.heiloang_aj.bone.wing_left_2] run data modify entity @s {} merge value {transformation:[0.49193244346955617f,1.6946558886952474f,1.5555448872641375f,2.433184952837941f,2.2950864956149872f,-0.25409968363140173f,-0.4489847823090904f,-0.14939045673396856f,-0.1554234700062759f,1.6115678006245802f,-1.7065370711714016f,3.3483570738145843f,0f,0f,0f,1f],start_interpolation:0}
execute if entity @s[tag=aj.heiloang_aj.bone.wing_left_1] run data modify entity @s {} merge value {transformation:[-1.441377555785397f,2.0537056695712606f,2.211773618015409f,1.4558386566014165f,2.3243454825607386f,2.318854925872054f,-0.6383953973505706f,1.382113109322402f,-1.9253746628325608f,1.261912686531745f,-2.4264640018332497f,2.124696376124813f,0f,0f,0f,1f],start_interpolation:0}
execute if entity @s[tag=aj.heiloang_aj.bone.wing_left_0] run data modify entity @s {} merge value {transformation:[-1.5846055045117737f,0.5121880709854998f,1.468022062167711f,-0.006276588464443178f,0.3048967540495426f,2.1577527904652154f,-0.42372262697385643f,1.6623089654161758f,-1.5246190883105974f,-0.10082794840581573f,-1.610518661915854f,0.6936983359294331f,0f,0f,0f,1f],start_interpolation:0}
execute if entity @s[tag=aj.heiloang_aj.bone.kazari_right] run data modify entity @s {} merge value {transformation:[-2.5041300301039544f,0.5374875550613204f,-0.5893302207099368f,-1.7334745711205428f,0.2981518729877647f,-1.1702606257310637f,-2.3341948755521f,2.642851391097012f,-0.7398029747991731f,-2.290953378961256f,1.054084608776995f,-3.3043091388570707f,0f,0f,0f,1f],start_interpolation:0}
execute if entity @s[tag=aj.heiloang_aj.bone.kazari_left] run data modify entity @s {} merge value {transformation:[-2.5041300301039544f,0.5374875550613204f,-0.5893302207099368f,3.101273632619426f,0.2981518729877647f,-1.1702606257310637f,-2.3341948755521f,2.067206670159952f,-0.7398029747991731f,-2.290953378961256f,1.054084608776995f,-1.8759643402511834f,0f,0f,0f,1f],start_interpolation:0}
execute if entity @s[tag=aj.heiloang_aj.bone.ring] run data modify entity @s {} merge value {transformation:[-2.0997307168274535f,-0.6607757871821759f,-0.08621230578677162f,-0.2795813394533979f,0.24700998639082564f,-1.0364809562073796f,1.928112958264289f,3.3907417451864728f,-0.6189048951321197f,1.8281162086358842f,1.062014192131295f,1.0934985035616098f,0f,0f,0f,1f],start_interpolation:0}
execute if entity @s[tag=aj.heiloang_aj.bone.body_0] run data modify entity @s {} merge value {transformation:[-1.0756901932255332f,0.13100812556720046f,0.3152457060317512f,-0.15674737855575743f,0.12654299804255237f,1.1209285436899337f,-0.034035944606261685f,1.623317687149863f,-0.31706443159473313f,0.0029063575496776394f,-1.0831039078689428f,-0.028628076388195867f,0f,0f,0f,1f],start_interpolation:0}
execute if entity @s[tag=aj.heiloang_aj.bone.leg_right_3] run data modify entity @s {} merge value {transformation:[-0.8464528081183315f,-0.28745261850253f,0.44820601930878856f,-0.7112569149251733f,0.21034388414687002f,0.5927765021958544f,0.7774133191851402f,0.02420344754010173f,-0.4891554906475029f,0.7523210820922721f,-0.4412934345862326f,-0.5474892441886814f,0f,0f,0f,1f],start_interpolation:0}
execute if entity @s[tag=aj.heiloang_aj.bone.leg_right_2] run data modify entity @s {} merge value {transformation:[-0.8464528081183315f,0.35534300755295334f,0.39654632845584753f,-0.5138509143766857f,0.21034388414687002f,0.9073166403294244f,-0.3640493985482388f,0.5931941918659619f,-0.4891554906475029f,-0.22473954072336283f,-0.84274494647245f,-0.6444137215891029f,0f,0f,0f,1f],start_interpolation:0}
execute if entity @s[tag=aj.heiloang_aj.bone.leg_right_1] run data modify entity @s {} merge value {transformation:[-0.8616178583235293f,0.12498913104537199f,0.4919272134559108f,-0.8515856525581595f,0.08096599683791654f,0.9906406201140411f,-0.10988934951172813f,0.7451051441537471f,-0.5010580540955478f,-0.0548532487697046f,-0.8636735190599466f,-0.039098826444995294f,0f,0f,0f,1f],start_interpolation:0}
execute if entity @s[tag=aj.heiloang_aj.bone.leg_right_0] run data modify entity @s {} merge value {transformation:[-0.7055939201120175f,0.695723407616545f,0.13455913196575864f,-0.30879154873493864f,0.18024502867762426f,0.3598550152486725f,-0.9154321917200531f,0.9397725645352035f,-0.685309382350744f,-0.6216697741524838f,-0.37931219643881925f,-0.4940885986432053f,0f,0f,0f,1f],start_interpolation:0}
execute if entity @s[tag=aj.heiloang_aj.bone.leg_left_3] run data modify entity @s {} merge value {transformation:[-0.8956864117103025f,-0.409077668010832f,0.1743597241691496f,0.6800077749618672f,-0.06453307127227101f,0.50751931933999f,0.8592203577714165f,-0.09903876300629255f,-0.4399787887951991f,0.758340030613901f,-0.4809771963189282f,-0.35398801492430587f,0f,0f,0f,1f],start_interpolation:0}
execute if entity @s[tag=aj.heiloang_aj.bone.leg_left_2] run data modify entity @s {} merge value {transformation:[-0.8956864117103025f,-0.04925599909084957f,0.44194988226164816f,0.6292009553693994f,-0.06453307127227101f,0.9977232770962068f,-0.01958941174648826f,0.5086851241700858f,-0.4399787887951991f,-0.046066353165490515f,-0.8968258228420619f,-0.3396948508756577f,0f,0f,0f,1f],start_interpolation:0}
execute if entity @s[tag=aj.heiloang_aj.bone.leg_left_1] run data modify entity @s {} merge value {transformation:[-0.9212145675171157f,-0.08642551102398338f,0.379334089739502f,0.35504373661777877f,0.05166725067413039f,0.9392015078256257f,0.3394569529496299f,0.33966274397766894f,-0.38560888968231766f,0.33231183960598515f,-0.8607407423002909f,0.29261604376658906f,0f,0f,0f,1f],start_interpolation:0}
execute if entity @s[tag=aj.heiloang_aj.bone.leg_left_0] run data modify entity @s {} merge value {transformation:[-0.946292294623576f,-0.027688846927864108f,0.3221245425171022f,0.32237534326544337f,-0.18024502867762424f,0.8723105320345783f,-0.4545173982792662f,0.9397725645352035f,-0.268407568397483f,-0.4881676591677863f,-0.8304515119918767f,-0.1296842236432053f,0f,0f,0f,1f],start_interpolation:0}
execute if entity @s[tag=aj.heiloang_aj.bone.tail_4] run data modify entity @s {} merge value {transformation:[-0.4738718361205609f,1.2403508415014186f,0.849605577080403f,1.2920320810548263f,-1.2052552969539767f,0.21908144847079417f,-0.9920772912369253f,-1.6095490409035547f,-0.8986987903540231f,-0.9478330404719677f,0.8825006375598574f,-2.272531679223531f,0f,0f,0f,1f],start_interpolation:0}
execute if entity @s[tag=aj.heiloang_aj.bone.tail_3] run data modify entity @s {} merge value {transformation:[-0.23110119286701894f,0.7849526428576427f,0.5748404884193901f,0.5033739755916423f,-0.08333390805280419f,0.5726932857189425f,-0.8155230593067793f,-0.5346965610479838f,-0.9693542687913886f,-0.23637205622332771f,-0.06693693011087531f,-2.1769132101103374f,0f,0f,0f,1f],start_interpolation:0}
execute if entity @s[tag=aj.heiloang_aj.bone.tail_2] run data modify entity @s {} merge value {transformation:[-0.05882673509211239f,0.795328651764249f,0.6033172887637683f,0.04550719295734457f,0.03787818246738134f,0.6057070464795511f,-0.7947856422570723f,0.09868686457848508f,-0.9975493263650526f,-0.02390208208255126f,-0.06575737175974061f,-2.125861879062109f,0f,0f,0f,1f],start_interpolation:0}
execute if entity @s[tag=aj.heiloang_aj.bone.tail_1] run data modify entity @s {} merge value {transformation:[-0.7035636148846387f,0.5763161327227398f,0.4157618969722513f,-0.26967149386267975f,0.2706433082567593f,0.7582734804778198f,-0.5931049894410686f,0.5749961791858769f,-0.6570771944804481f,-0.3047639151335977f,-0.6894697357579551f,-1.5921982732664306f,0f,0f,0f,1f],start_interpolation:0}
execute if entity @s[tag=aj.heiloang_aj.bone.tail_ring] run data modify entity @s {} merge value {transformation:[-0.9078071219234269f,0.32011990762539766f,-0.27094182793915567f,-0.2986793476662443f,0.3852904515116139f,0.8917564728824945f,-0.23732185117715027f,0.568549076264287f,0.1656426797630393f,-0.3198337659067281f,-0.9328820208508894f,-1.7361800605274569f,0f,0f,0f,1f],start_interpolation:0}
execute if entity @s[tag=aj.heiloang_aj.bone.tail_0] run data modify entity @s {} merge value {transformation:[-0.9078071219234269f,0.32011990762539766f,-0.27094182793915567f,0.07256578231928186f,0.3852904515116139f,0.8917564728824945f,-0.23732185117715027f,0.8799136179732772f,0.1656426797630393f,-0.3198337659067281f,-0.9328820208508894f,-0.4258101218679794f,0f,0f,0f,1f],start_interpolation:0}
execute if entity @s[tag=aj.heiloang_aj.bone.body_1] run data modify entity @s {} merge value {transformation:[-0.8660254037844386f,0.40022236835531694f,0.2997032797085494f,-0.0018960387843347866f,0f,0.5994065594170987f,-0.8004447367106339f,1.2036791898148147f,-0.5f,-0.6932054763169554f,-0.519101307650234f,-0.290739714492411f,0f,0f,0f,1f],start_interpolation:0}