execute if entity @s[tag=aj.heiloang_aj.bone.head_lower] run data modify entity @s {} merge value {transformation:[-0.39385483645752317f,-0.46209458565629363f,-0.5209097442994861f,-0.3044143020146502f,-0.6962674237265382f,0.26949803735374567f,0.2873716800933741f,0.05700283008705506f,0.00948907035631523f,0.5948440146539405f,-0.5348556401255907f,1.995250826892487f,0f,0f,0f,1f],start_interpolation:0}
execute if entity @s[tag=aj.heiloang_aj.bone.horne_right] run data modify entity @s {} merge value {transformation:[0.06444972358399292f,-0.6533134317878873f,-0.45719557409874456f,-0.8955664725000057f,-0.7188559583898966f,-0.24611253286450344f,0.25034922059867126f,0.0024797435558454872f,-0.34509758651327954f,0.3906535306541494f,-0.6068751723131843f,2.129427256349428f,0f,0f,0f,1f],start_interpolation:0}
execute if entity @s[tag=aj.heiloang_aj.bone.horne_left] run data modify entity @s {} merge value {transformation:[-0.6452102134103723f,-0.12114449032234731f,-0.45719557409874456f,-0.5607110905438195f,-0.3078284253556001f,0.694670373838362f,0.25034922059867126f,0.5944463072081483f,0.35908973955549556f,0.37783208462994416f,-0.6068751723131843f,2.1213596487324886f,0f,0f,0f,1f],start_interpolation:0}
execute if entity @s[tag=aj.heiloang_aj.bone.head_upper] run data modify entity @s {} merge value {transformation:[-0.5769087180720686f,-0.7693214928910599f,-0.6696886470504886f,-0.5194611701470246f,-1.01987511558904f,0.4455828754720658f,0.3667052796024187f,0.17670801808063663f,0.013899353031171641f,0.7633887961333445f,-0.8889355805250446f,1.90718885700407f,0f,0f,0f,1f],start_interpolation:0}
execute if entity @s[tag=aj.heiloang_aj.bone.neck_0] run data modify entity @s {} merge value {transformation:[-0.7424383985538634f,-0.3050205232260437f,-0.5964458942466494f,-0.7539961267329776f,-0.6559187612564935f,0.14994032066604313f,0.739789482805961f,0.4839270330407388f,-0.13621968647931113f,0.9404681709922323f,-0.31139013530618365f,1.7120732768596953f,0f,0f,0f,1f],start_interpolation:0}
execute if entity @s[tag=aj.heiloang_aj.bone.neck_1] run data modify entity @s {} merge value {transformation:[-0.9765890936239484f,-0.14407392977078712f,-0.15973867714225415f,-0.8139978731697568f,-0.2007932203951599f,0.34412910343629033f,0.9172007647246463f,0.8224181950350806f,-0.07717399081358793f,0.9278027068986905f,-0.3650017975481309f,1.590663469943948f,0f,0f,0f,1f],start_interpolation:0}
execute if entity @s[tag=aj.heiloang_aj.bone.neck_2] run data modify entity @s {} merge value {transformation:[-0.949570503149102f,-0.30790901855386815f,0.059227492284876504f,-0.7794062617279891f,-0.13557849026356747f,0.5735168891436129f,0.8078965594956354f,1.1342722161679264f,-0.2827266038543475f,0.7591247685066183f,-0.5863405608626782f,1.3249372516641316f,0f,0f,0f,1f],start_interpolation:0}
execute if entity @s[tag=aj.heiloang_aj.bone.neck_3] run data modify entity @s {} merge value {transformation:[-0.792738389864299f,-0.05673029246118959f,0.6069164021120426f,-0.46395322869019384f,0.28653390871786044f,0.8441204122625201f,0.45316558646549737f,1.348343976230369f,-0.5380187398132368f,0.5331438863187136f,-0.6529115040269663f,0.9741448026931108f,0f,0f,0f,1f],start_interpolation:0}
execute if entity @s[tag=aj.heiloang_aj.bone.wing_right_2] run data modify entity @s {} merge value {transformation:[-2.092136463161066f,-1.074846756187585f,0.03529130977927108f,-4.7707766546355685f,-1.0636536695481507f,2.0795109055309666f,0.27901840684001117f,0.8573498183161066f,-0.15868804961200977f,0.2321957166095252f,-2.3354826606976835f,0.30766945692026226f,0f,0f,0f,1f],start_interpolation:0}
execute if entity @s[tag=aj.heiloang_aj.bone.wing_right_1] run data modify entity @s {} merge value {transformation:[-3.1393710225679934f,-1.1528444727248177f,0.050179450656859574f,-2.716137319373728f,-1.1392454052354082f,3.1196068551683265f,0.39672628944499017f,1.5971984272703879f,-0.18354362481545694f,0.3552766018113456f,-3.320739231992627f,0.47836127425328395f,0f,0f,0f,1f],start_interpolation:0}
execute if entity @s[tag=aj.heiloang_aj.bone.wing_right_0] run data modify entity @s {} merge value {transformation:[-2.2192461410759687f,0.047300100640466164f,0.03330564214696799f,-0.6516915236516656f,0.05092141112325094f,2.2037399785617864f,0.26331941967449635f,1.5519458733278502f,-0.02745132435123999f,0.263993953279045f,-2.204076590643679f,0.486226486031669f,0f,0f,0f,1f],start_interpolation:0}
execute if entity @s[tag=aj.heiloang_aj.bone.wing_left_2] run data modify entity @s {} merge value {transformation:[-1.667165792160498f,1.140097728037797f,1.2059483398114197f,3.5431537934296005f,1.4279999061351758f,1.8564491673316876f,0.2190633778439964f,0.3662329230585686f,-0.8455474533394303f,0.8873272597849933f,-2.0078037365526207f,2.6506420420117216f,0f,0f,0f,1f],start_interpolation:0}
execute if entity @s[tag=aj.heiloang_aj.bone.wing_left_1] run data modify entity @s {} merge value {transformation:[-2.683156538660375f,1.0235778033499643f,1.714694795709527f,1.760355094166944f,1.358887451787649f,3.0403330221791345f,0.31147837889837726f,1.2511821191755201f,-1.463323154780975f,0.9465106273235145f,-2.854824294058305f,1.736011965488654f,0f,0f,0f,1f],start_interpolation:0}
execute if entity @s[tag=aj.heiloang_aj.bone.wing_left_0] run data modify entity @s {} merge value {transformation:[-1.903727645684756f,0.09465458334033114f,1.1380955851369616f,-0.001228698073725637f,0.2328814657974149f,2.198050436148515f,0.20673776393143764f,1.4694484744980554f,-1.1180282974699802f,0.2966728669763917f,-1.894834540548695f,0.6809155529659223f,0f,0f,0f,1f],start_interpolation:0}
execute if entity @s[tag=aj.heiloang_aj.bone.kazari_right] run data modify entity @s {} merge value {transformation:[-2.49913424431109f,0.5368980649559517f,-0.6106870600515791f,-1.7039120459986767f,0.31786189692455874f,-1.1716631366221173f,-2.330888134879192f,2.473041456363068f,-0.7484397316761098f,-2.2903746747385307f,1.0492340091329555f,-3.319859632196671f,0f,0f,0f,1f],start_interpolation:0}
execute if entity @s[tag=aj.heiloang_aj.bone.kazari_left] run data modify entity @s {} merge value {transformation:[-2.49913424431109f,0.5368980649559517f,-0.6106870600515791f,3.1211907455230943f,0.31786189692455874f,-1.1716631366221173f,-2.330888134879192f,1.859342400515879f,-0.7484397316761098f,-2.2903746747385307f,1.0492340091329555f,-1.8748397630892832f,0f,0f,0f,1f],start_interpolation:0}
execute if entity @s[tag=aj.heiloang_aj.bone.ring] run data modify entity @s {} merge value {transformation:[-2.0950233259868254f,-0.6768712044329334f,-0.07515931056521297f,-0.2622729278075787f,0.26570922746906256f,-1.036246155987156f,1.925751488750214f,3.1989017964211497f,-0.6270583352391721f,1.8223516572262832f,1.0671263127651411f,1.0844780048220897f,0f,0f,0f,1f],start_interpolation:0}
execute if entity @s[tag=aj.heiloang_aj.bone.body_0] run data modify entity @s {} merge value {transformation:[-1.0732786010521356f,0.14003477621957647f,0.3195554441882931f,-0.14894177434430486f,0.1361226027449169f,1.1198207005883398f,-0.03353522764889312f,1.4337064995381905f,-0.32124143176619313f,0.006651008994631238f,-1.0818558510882277f,-0.04214777946620524f,0f,0f,0f,1f],start_interpolation:0}
execute if entity @s[tag=aj.heiloang_aj.bone.leg_right_3] run data modify entity @s {} merge value {transformation:[-0.8467828552112615f,-0.34465635546420736f,0.4051799510814843f,-0.7005234993443545f,0.19820233170149582f,0.5024246451590682f,0.8415968819125194f,-0.1674839101718003f,-0.4936341072376928f,0.792957421665826f,-0.3571328822675549f,-0.5423398102987311f,0f,0f,0f,1f],start_interpolation:0}
execute if entity @s[tag=aj.heiloang_aj.bone.leg_right_2] run data modify entity @s {} merge value {transformation:[-0.8467828552112615f,0.34563445110425045f,0.4043459191461286f,-0.5093900563215643f,0.19820233170149582f,0.9104091092591632f,-0.36314059190075076f,0.40334475021168814f,-0.4936341072376928f,-0.22735892326407783f,-0.8394243790740443f,-0.6410140113010017f,0f,0f,0f,1f],start_interpolation:0}
execute if entity @s[tag=aj.heiloang_aj.bone.leg_right_1] run data modify entity @s {} merge value {transformation:[-0.8583622836669946f,0.09900725070829819f,0.5034001929729133f,-0.8571709834100012f,0.06875087266561138f,0.9945504029936632f,-0.0783761023071412f,0.5333125664412901f,-0.5084166671989607f,-0.03266588759435063f,-0.8604913900219887f,-0.036278857220450045f,0f,0f,0f,1f],start_interpolation:0}
execute if entity @s[tag=aj.heiloang_aj.bone.leg_right_0] run data modify entity @s {} merge value {transformation:[-0.7023664263530884f,0.6951900037453432f,0.15294529029865989f,-0.3136435250085498f,0.17128687484177008f,0.3736183456286765f,-0.9116304834288018f,0.7386142972766961f,-0.6908995655223205f,-0.6141011240034012f,-0.3814939054019449f,-0.485684729220192f,0f,0f,0f,1f],start_interpolation:0}
execute if entity @s[tag=aj.heiloang_aj.bone.leg_left_3] run data modify entity @s {} merge value {transformation:[-0.8965953622603766f,-0.41156568768247764f,0.16349446808878074f,0.6631878356249464f,-0.06907498874940995f,0.4946373622982581f,0.8663501173012507f,-0.34153670191647134f,-0.43743045424667565f,0.7654721187222111f,-0.4719184602836342f,-0.31122218062633544f,0f,0f,0f,1f],start_interpolation:0}
execute if entity @s[tag=aj.heiloang_aj.bone.leg_left_2] run data modify entity @s {} merge value {transformation:[-0.8965953622603766f,-0.04660683684920168f,0.4403913704105656f,0.6140657218075434f,-0.06907498874940995f,0.9969931692801477f,-0.035117891992484135f,0.2664757399709199f,-0.43743045424667565f,-0.06190656804926925f,-0.897118818512859f,-0.30654896496338496f,0f,0f,0f,1f],start_interpolation:0}
execute if entity @s[tag=aj.heiloang_aj.bone.leg_left_1] run data modify entity @s {} merge value {transformation:[-0.9177614954484766f,-0.05103708964606615f,0.39383886673693747f,0.33233021265808727f,0.05236167337444772f,0.9674987676543296f,0.2473952096318386f,0.16453911867714732f,-0.3936649497143522f,0.24767185966074756f,-0.885260728428966f,0.33670980194641725f,0f,0f,0f,1f],start_interpolation:0}
execute if entity @s[tag=aj.heiloang_aj.bone.leg_left_0] run data modify entity @s {} merge value {transformation:[-0.9495197883825051f,-0.002302030273885425f,0.31369869640574033f,0.3175233669918322f,-0.17128687484177008f,0.8415612900595442f,-0.5122844928164971f,0.7386142972766961f,-0.2628173852259064f,-0.5401567325600358f,-0.7994734056196513f,-0.12128035422019201f,0f,0f,0f,1f],start_interpolation:0}
execute if entity @s[tag=aj.heiloang_aj.bone.tail_4] run data modify entity @s {} merge value {transformation:[-0.4961782923180492f,1.2438866382042773f,0.8315091684502823f,1.2395951563815741f,-1.2243174903462453f,0.16603017009539053f,-0.978945876511078f,-1.8949176484402404f,-0.8600628748831625f,-0.953957220006553f,0.9138445367417545f,-2.181708261496795f,0f,0f,0f,1f],start_interpolation:0}
execute if entity @s[tag=aj.heiloang_aj.bone.tail_3] run data modify entity @s {} merge value {transformation:[-0.23287490572168995f,0.7952638616844093f,0.5597541143965934f,0.47082815144115525f,-0.10985520482289834f,0.5503832103239631f,-0.8276534031627053f,-0.8032728545153094f,-0.9662821080090599f,-0.25423161111924863f,-0.040806563801403864f,-2.1205421891074905f,0f,0f,0f,1f],start_interpolation:0}
execute if entity @s[tag=aj.heiloang_aj.bone.tail_2] run data modify entity @s {} merge value {transformation:[-0.058412711325278255f,0.8063061527573556f,0.5886071212457946f,0.024679988916575024f,0.00721642459569416f,0.5899395165283189f,-0.8074151906264758f,-0.16028856528780644f,-0.9982664365647499f,-0.042915671542749986f,-0.04027861423076046f,-2.089788103483891f,0f,0f,0f,1f],start_interpolation:0}
execute if entity @s[tag=aj.heiloang_aj.bone.tail_1] run data modify entity @s {} merge value {transformation:[-0.6986688475919414f,0.5900491082712143f,0.4046033752119393f,-0.28154654076072144f,0.2624845588153467f,0.7374936367117286f,-0.6222579788104141f,0.3384524458511021f,-0.665555180122626f,-0.3285501265226566f,-0.6701426091317315f,-1.5716300886967587f,0f,0f,0f,1f],start_interpolation:0}
execute if entity @s[tag=aj.heiloang_aj.bone.tail_ring] run data modify entity @s {} merge value {transformation:[-0.9005332815889813f,0.33634191047918816f,-0.27552482284866875f,-0.31070987988673454f,0.4069611002039566f,0.875110318513646f,-0.26184841674474674f,0.3279644110304571f,0.15304401873763565f,-0.3479310990500204f,-0.924944040816783f,-1.715342567479473f,0f,0f,0f,1f],start_interpolation:0}
execute if entity @s[tag=aj.heiloang_aj.bone.tail_0] run data modify entity @s {} merge value {transformation:[-0.9005332815889813f,0.33634191047918816f,-0.27552482284866875f,0.06657067925590547f,0.4069611002039566f,0.875110318513646f,-0.26184841674474674f,0.6739662528464798f,0.15304401873763565f,-0.3479310990500204f,-0.924944040816783f,-0.4154262987655997f,0f,0f,0f,1f],start_interpolation:0}
execute if entity @s[tag=aj.heiloang_aj.bone.body_1] run data modify entity @s {} merge value {transformation:[-0.8660254037844386f,0.4109554295874239f,0.28480806676183856f,-0.0018960387843347866f,0f,0.5696161335236771f,-0.8219108591748479f,1.0031748303222652f,-0.5f,-0.7117956836917124f,-0.4933020420369732f,-0.290739714492411f,0f,0f,0f,1f],start_interpolation:0}