execute if entity @s[tag=aj.heiloang_aj.bone.head_lower] run data modify entity @s {} merge value {transformation:[-0.41860593837145965f,-0.43473324990548784f,-0.5251438562782226f,-0.32005255988858566f,-0.6816025044651224f,0.2792478598871311f,0.3121516597029883f,0.4446914963930214f,0.01367824064062119f,0.6107598825848582f,-0.516512605420146f,1.97483024457495f,0f,0f,0f,1f],start_interpolation:0}
execute if entity @s[tag=aj.heiloang_aj.bone.horne_right] run data modify entity @s {} merge value {transformation:[0.03638320058798039f,-0.6593204617006491f,-0.45163347030287493f,-0.9119424182587366f,-0.7215174734706904f,-0.2215011725685256f,0.2652353031314649f,0.4118147690204955f,-0.34364050720403505f,0.3952641639886057f,-0.6047126941572686f,2.1127522740411866f,0f,0f,0f,1f],start_interpolation:0}
execute if entity @s[tag=aj.heiloang_aj.bone.horne_left] run data modify entity @s {} merge value {transformation:[-0.6536405434188058f,-0.09370831607360375f,-0.45163347030287493f,-0.5560436494553216f,-0.2835426850396221f,0.6994667824373663f,0.2652353031314649f,0.9913132183167426f,0.3638098208675654f,0.3767823931201772f,-0.6047126941572686f,2.1011230338485305f,0f,0f,0f,1f],start_interpolation:0}
execute if entity @s[tag=aj.heiloang_aj.bone.head_upper] run data modify entity @s {} merge value {transformation:[-0.6131635133780549f,-0.7480344728461039f,-0.6615414164628937f,-0.5311905602824946f,-0.9983943084778998f,0.4747956035273708f,0.3885100411443915f,0.5718595636486719f,0.020035544934365903f,0.7669261207606188f,-0.8857680365842132f,1.8877760917338928f,0f,0f,0f,1f],start_interpolation:0}
execute if entity @s[tag=aj.heiloang_aj.bone.neck_0] run data modify entity @s {} merge value {transformation:[-0.7664061276798873f,-0.29359310805155786f,-0.5713359207675872f,-0.7557141689854319f,-0.629063526606684f,0.16303385174340146f,0.7600651568641156f,0.8868705504250867f,-0.13000279592332775f,0.9419251828517681f,-0.30963885893372745f,1.693308906908108f,0f,0f,0f,1f],start_interpolation:0}
execute if entity @s[tag=aj.heiloang_aj.bone.neck_1] run data modify entity @s {} merge value {transformation:[-0.9739036740168359f,-0.15635316283181966f,-0.16451541632623665f,-0.817609692248826f,-0.21012141700267528f,0.3471323247656447f,0.9139738175788117f,1.2242234250746173f,-0.08579407819480521f,0.9246906712924519f,-0.37092659458633903f,1.5697014649609862f,0f,0f,0f,1f],start_interpolation:0}
execute if entity @s[tag=aj.heiloang_aj.bone.neck_2] run data modify entity @s {} merge value {transformation:[-0.9442796787201734f,-0.3229841061551219f,0.0633810344448783f,-0.7808106868071804f,-0.14469810673503727f,0.580311464949206f,0.801436873094695f,1.5332025297350995f,-0.29563211304494924f,0.7476094373532768f,-0.594711512346024f,1.3009307834463002f,0f,0f,0f,1f],start_interpolation:0}
execute if entity @s[tag=aj.heiloang_aj.bone.neck_3] run data modify entity @s {} merge value {transformation:[-0.784453280860414f,-0.06870016823149074f,0.6163711033397793f,-0.46017498037990867f,0.2751412339808038f,0.8521378858605043f,0.4451497779901848f,1.7429319557665506f,-0.5558150335416023f,0.5187883097817018f,-0.6495601112468286f,0.9522203184693152f,0f,0f,0f,1f],start_interpolation:0}
execute if entity @s[tag=aj.heiloang_aj.bone.wing_right_2] run data modify entity @s {} merge value {transformation:[-1.8508317207950942f,1.433545275904423f,0.2300997382697073f,-4.782848354957622f,1.3852619210833743f,1.855216391579959f,-0.41568925500960896f,2.668417933766431f,-0.4347957654072496f,-0.19156223183643326f,-2.303873381945886f,-0.11295394790267616f,0f,0f,0f,1f],start_interpolation:0}
execute if entity @s[tag=aj.heiloang_aj.bone.wing_right_1] run data modify entity @s {} merge value {transformation:[-3.209242333496796f,0.8837091298401593f,0.3271705849082137f,-2.686677220940792f,0.8178481659897496f,3.1888867492505018f,-0.591053678392897f,2.1419504307170776f,-0.46808844803011007f,-0.4871121505276989f,-3.2757951295111605f,0.24335070240212459f,0f,0f,0f,1f],start_interpolation:0}
execute if entity @s[tag=aj.heiloang_aj.bone.wing_right_0] run data modify entity @s {} merge value {transformation:[-2.1958905624738096f,0.24353468230933611f,0.2171531628849666f,-0.6424813286456637f,0.20249612710926324f,2.1756598208871516f,-0.39230047448739697f,1.9504587932951516f,-0.2558514337348984f,-0.36823253833654956f,-2.1742458098306217f,0.4638959480782281f,0f,0f,0f,1f],start_interpolation:0}
execute if entity @s[tag=aj.heiloang_aj.bone.wing_left_2] run data modify entity @s {} merge value {transformation:[-1.3693326058015087f,-0.8709061727243509f,1.7029464640206624f,2.9584127617467084f,-1.6902553707840646f,1.53128101220699f,-0.576013237270609f,3.1524493164711886f,-0.8952882231692089f,-1.558934542014502f,-1.5171546056646834f,3.4346821919515795f,0f,0f,0f,1f],start_interpolation:0}
execute if entity @s[tag=aj.heiloang_aj.bone.wing_left_1] run data modify entity @s {} merge value {transformation:[-2.2976115471501823f,-0.2126552580056843f,2.4213586459970515f,1.417285967451582f,-1.1439751454756488f,3.034428773289072f,-0.8190126123994333f,2.4159288236714405f,-2.1446493461254f,-1.390769044082414f,-2.1571878502082233f,2.0633615779911203f,0f,0f,0f,1f],start_interpolation:0}
execute if entity @s[tag=aj.heiloang_aj.bone.wing_left_0] run data modify entity @s {} merge value {transformation:[-1.5314225175421181f,-0.016672646846745673f,1.6071300804888449f,0.005752704485919968f,-0.5930040069525099f,2.0691160277654923f,-0.5436038184029031f,1.8600027499881227f,-1.4938176998895227f,-0.804289056553098f,-1.4317918120333346f,0.6624453967690961f,0f,0f,0f,1f],start_interpolation:0}
execute if entity @s[tag=aj.heiloang_aj.bone.kazari_right] run data modify entity @s {} merge value {transformation:[-2.5090083869264217f,0.5178903494685387f,-0.5861200293595844f,-1.671916282802282f,0.2738793887161496f,-1.2630061968899098f,-2.2883783812146117f,2.847126000236253f,-0.7326234935665066f,-2.245768269679954f,1.1518063570450399f,-3.291236711116371f,0f,0f,0f,1f],start_interpolation:0}
execute if entity @s[tag=aj.heiloang_aj.bone.kazari_left] run data modify entity @s {} merge value {transformation:[-2.5090083869264217f,0.5178903494685387f,-0.5861200293595844f,3.1722506119006506f,0.2738793887161496f,-1.2630061968899098f,-2.2883783812146117f,2.3183444007512475f,-0.7326234935665066f,-2.245768269679954f,1.1518063570450399f,-1.8767534067524494f,0f,0f,0f,1f],start_interpolation:0}
execute if entity @s[tag=aj.heiloang_aj.bone.ring] run data modify entity @s {} merge value {transformation:[-2.087844787905497f,-0.6999375092520397f,-0.06259321482339911f,-0.2410875140399827f,0.29134258446871486f,-1.0407124080401415f,1.919625866675694f,3.5909425891513864f,-0.6394919279201003f,1.8110581030649928f,1.07890912834756f,1.078857678265493f,0f,0f,0f,1f],start_interpolation:0}
execute if entity @s[tag=aj.heiloang_aj.bone.body_0] run data modify entity @s {} merge value {transformation:[-1.0696010423281064f,0.15239019054148675f,0.32616440028769383f,-0.13766118994749912f,0.14925454891448894f,1.1181629190682605f,-0.032971836266013986f,1.8286510496801474f,-0.3276111503240297f,0.011886638934104703f,-1.0798990776623016f,-0.06168632478054151f,0f,0f,0f,1f],start_interpolation:0}
execute if entity @s[tag=aj.heiloang_aj.bone.leg_right_3] run data modify entity @s {} merge value {transformation:[-0.8473423884330613f,-0.4140958113147192f,0.33246884939217897f,-0.6859466461187782f,0.1805153447595571f,0.36418375945000864f,0.9136653652509744f,0.22652888912490454f,-0.499424756165424f,0.8342031217901684f,-0.23383768841793665f,-0.5337222233829847f,0f,0f,0f,1f],start_interpolation:0}
execute if entity @s[tag=aj.heiloang_aj.bone.leg_right_2] run data modify entity @s {} merge value {transformation:[-0.8473423884330613f,0.33139754151596423f,0.4149536675843819f,-0.503972316107817f,0.1805153447595571f,0.9146035178009612f,-0.3618212480389252f,0.7998462799008398f,-0.499424756165424f,-0.23168097613589653f,-0.8348046707019703f,-0.6352429757015428f,0f,0f,0f,1f],start_interpolation:0}
execute if entity @s[tag=aj.heiloang_aj.bone.leg_right_1] run data modify entity @s {} merge value {transformation:[-0.8537700714047544f,0.06129555090199151f,0.5170295161914279f,-0.8642015970859893f,0.05121237762126596f,0.9981168989993948f,-0.033763120563849225f,0.89860163936054f,-0.5181254264672768f,-0.0023476310301089875f,-0.8553014270283015f,-0.03189394140485402f,0f,0f,0f,1f],start_interpolation:0}
execute if entity @s[tag=aj.heiloang_aj.bone.leg_right_0] run data modify entity @s {} merge value {transformation:[-0.6981187911114924f,0.6932994485834029f,0.1787904586128069f,-0.3204662015730007f,0.15832799673442868f,0.3930186953932907f,-0.9057971906124564f,1.1189371192444004f,-0.698256685572785f,-0.6040465045551587f,-0.3841424493434742f,-0.47386750676695355f,0f,0f,0f,1f],start_interpolation:0}
execute if entity @s[tag=aj.heiloang_aj.bone.leg_left_3] run data modify entity @s {} merge value {transformation:[-0.8983842892271298f,-0.41346096486087325f,0.14817455721607856f,0.6359526799388036f,-0.07481647238494976f,0.4764970196726852f,0.8759869209656733f,-0.01608049092195374f,-0.43279113245275397f,0.7758869896958991f,-0.4590111271972589f,-0.24421654156900605f,0f,0f,0f,1f],start_interpolation:0}
execute if entity @s[tag=aj.heiloang_aj.bone.leg_left_2] run data modify entity @s {} merge value {transformation:[-0.8983842892271298f,-0.042487003769664314f,0.4371504585157629f,0.5894890823489003f,-0.07481647238494976f,0.9955672230037073f,-0.05699473607763157f,0.5920968075323441f,-0.43279113245275397f,-0.08390923066840356f,-0.8975806797602648f,-0.2529032120604101f,0f,0f,0f,1f],start_interpolation:0}
execute if entity @s[tag=aj.heiloang_aj.bone.leg_left_1] run data modify entity @s {} merge value {transformation:[-0.9130354822247898f,0.0008425071110849669f,0.40787926936817154f,0.301740992468821f,0.05206037713805539f,0.992059618460964f,0.11448768733505815f,0.5857873995346269f,-0.40454409565681354f,0.12576566940486722f,-0.9058294933751916f,0.39571766427945654f,0f,0f,0f,1f],start_interpolation:0}
execute if entity @s[tag=aj.heiloang_aj.bone.leg_left_0] run data modify entity @s {} merge value {transformation:[-0.9537674236241012f,0.03181027317234242f,0.29885750476463757f,0.3107006904273813f,-0.1583279967344287f,0.7920339792894739f,-0.589588348851081f,1.1189371192444004f,-0.25546026517544196f,-0.6096476705209184f,-0.7503797510227144f,-0.10946313176695355f,0f,0f,0f,1f],start_interpolation:0}
execute if entity @s[tag=aj.heiloang_aj.bone.tail_4] run data modify entity @s {} merge value {transformation:[-0.5274274816783332f,1.2694668452743472f,0.771445749231481f,1.13165006863753f,-1.2581299676869064f,0.053502534102977305f,-0.9482092738105747f,-1.637663255471787f,-0.789799721237143f,-0.932976833196532f,0.9953014582225702f,-2.011924865495937f,0f,0f,0f,1f],start_interpolation:0}
execute if entity @s[tag=aj.heiloang_aj.bone.tail_3] run data modify entity @s {} merge value {transformation:[-0.22327371460168524f,0.8214466137731896f,0.5247611924375934f,0.40896143533984475f,-0.15526286173718595f,0.5015077997574614f,-0.851107143988117f,-0.5134011103912559f,-0.9623109124046886f,-0.2715057780287373f,0.015566642665180002f,-2.0256405806157205f,0f,0f,0f,1f],start_interpolation:0}
execute if entity @s[tag=aj.heiloang_aj.bone.tail_2] run data modify entity @s {} merge value {transformation:[-0.04613691250102919f,0.8295361908989071f,0.5565438826308343f,-0.011656798552375447f,-0.04336812002313417f,0.5549485327202778f,-0.8307534725761125f,0.14721776832863964f,-0.9979932822772561f,-0.06246466217424546f,0.010371813193747581f,-2.0349029397243483f,0f,0f,0f,1f],start_interpolation:0}
execute if entity @s[tag=aj.heiloang_aj.bone.tail_1] run data modify entity @s {} merge value {transformation:[-0.6866893113276952f,0.6155314463705345f,0.3867542220031907f,-0.30350410674103734f,0.25341318006309654f,0.7013386536485239f,-0.6662626006829324f,0.6797371464242732f,-0.6813512676135594f,-0.3595067891257048f,-0.6375855383349922f,-1.5427106270925122f,0f,0f,0f,1f],start_interpolation:0}
execute if entity @s[tag=aj.heiloang_aj.bone.tail_ring] run data modify entity @s {} merge value {transformation:[-0.8872450439787571f,0.36191349841591974f,-0.2860329554430453f,-0.3333844405319991f,0.43981971537183406f,0.8506829416448869f,-0.28791865303352776f,0.6647450080285736f,0.13912170896510725f,-0.38125733102296167f,-0.9139409158342107f,-1.6858754873764341f,0f,0f,0f,1f],start_interpolation:0}
execute if entity @s[tag=aj.heiloang_aj.bone.tail_0] run data modify entity @s {} merge value {transformation:[-0.8872450439787571f,0.36191349841591974f,-0.2860329554430453f,0.05799710703781017f,0.43981971537183406f,0.8506829416448869f,-0.28791865303352776f,1.0477163300309653f,0.13912170896510725f,-0.38125733102296167f,-0.9139409158342107f,-0.40057643608149773f,0f,0f,0f,1f],start_interpolation:0}
execute if entity @s[tag=aj.heiloang_aj.bone.body_1] run data modify entity @s {} merge value {transformation:[-0.8660254037844386f,0.42508098103537884f,0.26326063048241743f,-0.0018960387843347866f,0f,0.5265212609648349f,-0.8501619620707577f,1.3838136804142072f,-0.5f,-0.7362618564844985f,-0.4559807876281629f,-0.290739714492411f,0f,0f,0f,1f],start_interpolation:0}