execute if entity @s[tag=aj.heiloang_aj.bone.head_lower] run data modify entity @s {} merge value {transformation:[-0.5411620708218634f,-0.2283870915198427f,-0.5431233281041234f,-0.3681310207492209f,-0.583164548908552f,0.3128133583994073f,0.4495185332143372f,0.5722750429131305f,0.08404000238028245f,0.6999908136782877f,-0.3780874750185875f,2.002623308719546f,0f,0f,0f,1f],start_interpolation:0}
execute if entity @s[tag=aj.heiloang_aj.bone.horne_right] run data modify entity @s {} merge value {transformation:[-0.13481132834720655f,-0.6539004395065474f,-0.44072680989747565f,-0.9411139245149024f,-0.7277803502684985f,-0.06895983682812357f,0.32493122759701065f,0.6639244806610672f,-0.30358140178924586f,0.4556959031171808f,-0.5832491546242426f,2.186274996457461f,0f,0f,0f,1f],start_interpolation:0}
execute if entity @s[tag=aj.heiloang_aj.bone.horne_left] run data modify entity @s {} merge value {transformation:[-0.663161732369184f,0.07730715205397909f,-0.44072680989747565f,-0.4810179319021542f,-0.1321276608142507f,0.7190006805143192f,0.32493122759701065f,1.1597309801431182f,0.4275029800701482f,0.34214269780494966f,-0.5832491546242426f,2.114824186433745f,0f,0f,0f,1f],start_interpolation:0}
execute if entity @s[tag=aj.heiloang_aj.bone.head_upper] run data modify entity @s {} merge value {transformation:[-0.792680672288095f,-0.5727691537912047f,-0.645565612967575f,-0.5569269423210479f,-0.8542048521275243f,0.645729584561789f,0.47595113890341134f,0.7353387127458831f,0.12309969448657823f,0.7925471042701295f,-0.8543287804647252f,1.9245481036588512f,0f,0f,0f,1f],start_interpolation:0}
execute if entity @s[tag=aj.heiloang_aj.bone.neck_0] run data modify entity @s {} merge value {transformation:[-0.8770430687495466f,-0.20912169869368405f,-0.432508463147076f,-0.7275207061662206f,-0.4776563362314836f,0.2832991779637182f,0.8316164982869192f,1.072921111209348f,-0.0513797627115358f,0.935953893576254f,-0.34835388484005275f,1.7138441629892516f,0f,0f,0f,1f],start_interpolation:0}
execute if entity @s[tag=aj.heiloang_aj.bone.neck_1] run data modify entity @s {} merge value {transformation:[-0.940982944308407f,-0.2380300411495141f,-0.24060922266414003f,-0.8181617898844633f,-0.3189115729850809f,0.3854985629126759f,0.8658442507798056f,1.393216318897383f,-0.11334243308162512f,0.8914777380858271f,-0.4386581075969247f,1.5651431494973342f,0f,0f,0f,1f],start_interpolation:0}
execute if entity @s[tag=aj.heiloang_aj.bone.neck_2] run data modify entity @s {} merge value {transformation:[-0.9018732013745085f,-0.43045935327651885f,0.03646195029418908f,-0.7887920075288358f,-0.2612726975423487f,0.6107201089485423f,0.7475008535412015f,1.679073206314986f,-0.34403678024513484f,0.6646244757023636f,-0.6632593762141018f,1.2710629071136286f,0f,0f,0f,1f],start_interpolation:0}
execute if entity @s[tag=aj.heiloang_aj.bone.neck_3] run data modify entity @s {} merge value {transformation:[-0.7522728754763175f,-0.1784066746117083f,0.6342370056032562f,-0.4562540164950849f,0.1453928571954551f,0.8939556740252205f,0.42391528629509895f,1.8768011128815865f,-0.6426090863807754f,0.41111350176332784f,-0.6465595492827863f,0.9265127130227104f,0f,0f,0f,1f],start_interpolation:0}
execute if entity @s[tag=aj.heiloang_aj.bone.wing_right_2] run data modify entity @s {} merge value {transformation:[-0.9471055006314759f,2.152905444858481f,0.03956415667386881f,-4.017687538495451f,2.0342247749602373f,0.908765688097958f,-0.7547519429553142f,4.356853345808785f,-0.70604301705532f,-0.2696647473355716f,-2.22763556005754f,-0.42578265576871355f,0f,0f,0f,1f],start_interpolation:0}
execute if entity @s[tag=aj.heiloang_aj.bone.wing_right_1] run data modify entity @s {} merge value {transformation:[-2.279804333741928f,2.4467419895885616f,0.056254858774404684f,-2.5259144356917727f,2.305367347354463f,2.1727491753257393f,-1.0731547827658248f,2.8638150292831135f,-0.8215791906465064f,-0.6927001013465531f,-3.167395298347067f,0.16030953307099605f,0f,0f,0f,1f],start_interpolation:0}
execute if entity @s[tag=aj.heiloang_aj.bone.wing_right_0] run data modify entity @s {} merge value {transformation:[-2.035722575718787f,0.8847821555108656f,0.037338077058291216f,-0.6321363786792678f,0.8271202660619686f,1.9331117486421536f,-0.7122857802394008f,2.0887791438668923f,-0.3163947853211913f,-0.6392491725072629f,-2.1022975135004884f,0.43774447276709255f,0f,0f,0f,1f],start_interpolation:0}
execute if entity @s[tag=aj.heiloang_aj.bone.wing_left_2] run data modify entity @s {} merge value {transformation:[-0.9370167104840522f,-1.0360753871079311f,1.8926498574284154f,2.4494394277175546f,-2.1101277491439667f,0.8708259106794052f,-0.5679780998445318f,4.425469196331298f,-0.4504848198188995f,-1.9240026070251413f,-1.2762654118929184f,3.108661908183672f,0f,0f,0f,1f],start_interpolation:0}
execute if entity @s[tag=aj.heiloang_aj.bone.wing_left_1] run data modify entity @s {} merge value {transformation:[-1.8444200971484352f,-0.7371308546377204f,2.6910911135218023f,1.2009214693531043f,-2.1500690857880875f,2.4315064763819776f,-0.8075877379894233f,3.0300670512129972f,-1.7783521036266494f,-2.1752317419883243f,-1.8146761245668908f,1.971951646189897f,0f,0f,0f,1f],start_interpolation:0}
execute if entity @s[tag=aj.heiloang_aj.bone.wing_left_0] run data modify entity @s {} merge value {transformation:[-1.2921742904967164f,-0.26137859016281373f,1.7861598012450635f,0.01335434370092943f,-1.1139317207524964f,1.843973385534931f,-0.5360207784594032f,1.9896732871080032f,-1.4205075587552103f,-1.2082397883050129f,-1.204456262998358f,0.6410454750603118f,0f,0f,0f,1f],start_interpolation:0}
execute if entity @s[tag=aj.heiloang_aj.bone.kazari_right] run data modify entity @s {} merge value {transformation:[-2.50310962133687f,0.5270300489377413f,-0.6029525185648734f,-1.624157082287352f,0.2902143267877411f,-1.2472476449799916f,-2.294998724438699f,3.058739365801851f,-0.7463833175079542f,-2.2524393062111137f,1.129734173926448f,-3.2787804347434646f,0f,0f,0f,1f],start_interpolation:0}
execute if entity @s[tag=aj.heiloang_aj.bone.kazari_left] run data modify entity @s {} merge value {transformation:[-2.50310962133687f,0.5270300489377413f,-0.6029525185648734f,3.2086210083217357f,0.2902143267877411f,-1.2472476449799916f,-2.294998724438699f,2.4984197425120063f,-0.7463833175079542f,-2.2524393062111137f,1.129734173926448f,-1.8377309044707668f,0f,0f,0f,1f],start_interpolation:0}
execute if entity @s[tag=aj.heiloang_aj.bone.ring] run data modify entity @s {} merge value {transformation:[-2.0790090792553086f,-0.7258126108580475f,-0.061996677954919206f,-0.23317268837379068f,0.31920207195130934f,-1.076223257316177f,1.8954629575535833f,3.7230609775230237f,-0.6547958242231027f,1.7798499487639992f,1.1208491755132826f,1.1182394512415124f,0f,0f,0f,1f],start_interpolation:0}
execute if entity @s[tag=aj.heiloang_aj.bone.body_0] run data modify entity @s {} merge value {transformation:[-1.0650745165840976f,0.16555871141056694f,0.33445323011879696f,-0.12457387085509007f,0.16352693976591973f,1.1161995733520162f,-0.03177779660775124f,1.963437716638162f,-0.3354513228944217f,0.01847163941080955f,-1.0773966699612234f,-0.08435422638346018f,0f,0f,0f,1f],start_interpolation:0}
execute if entity @s[tag=aj.heiloang_aj.bone.leg_right_3] run data modify entity @s {} merge value {transformation:[-0.8478211902429988f,-0.4740922766232265f,0.2375620816147864f,-0.6707357203075568f,0.15976417603999962f,0.1988094605238516f,0.9669282323215485f,0.3633334464884451f,-0.5056427962793544f,0.8577361550339478f,-0.09281191151126297f,-0.5211375004427168f,0f,0f,0f,1f],start_interpolation:0}
execute if entity @s[tag=aj.heiloang_aj.bone.leg_right_2] run data modify entity @s {} merge value {transformation:[-0.8478211902429988f,0.31524075162069276f,0.42640649372701295f,-0.4991280131664017f,0.15976417603999962f,0.9185984988148059f,-0.36145844301861957f,0.939063406061577f,-0.5056427962793544f,-0.23832764525502576f,-0.829171451557511f,-0.626966414261512f,0f,0f,0f,1f],start_interpolation:0}
execute if entity @s[tag=aj.heiloang_aj.bone.leg_right_1] run data modify entity @s {} merge value {transformation:[-0.8484016453349055f,0.01804846240507013f,0.5290452732969435f,-0.8710826248624277f,0.03096227591664679f,0.9993994646195015f,0.015557878657285418f,1.0031127358996326f,-0.5284467671043949f,0.02957977557497954f,-0.8484509716028659f,-0.026054388031243603f,0f,0f,0f,1f],start_interpolation:0}
execute if entity @s[tag=aj.heiloang_aj.bone.leg_right_0] run data modify entity @s {} merge value {transformation:[-0.6936689041062236f,0.6898244422513969f,0.2072816691090164f,-0.32812571135824226f,0.14269684095004215f,0.4136790054590161f,-0.8991703353788523f,1.2395523727655604f,-0.7060177498186211f,-0.5941480617783655f,-0.38539203108790737f,-0.4606008466578442f,0f,0f,0f,1f],start_interpolation:0}
execute if entity @s[tag=aj.heiloang_aj.bone.leg_left_3] run data modify entity @s {} merge value {transformation:[-0.9010471374573634f,-0.4133638193075578f,0.13131796894317263f,0.60046234184655f,-0.07995475268683315f,0.45588947858189643f,0.8864378268333962f,0.04952504214551878f,-0.4262878060684807f,0.788222770671969f,-0.4438283116155682f,-0.1604155301123117f,0f,0f,0f,1f],start_interpolation:0}
execute if entity @s[tag=aj.heiloang_aj.bone.leg_left_2] run data modify entity @s {} merge value {transformation:[-0.9010471374573634f,-0.03693016552378296f,0.43214606206036094f,0.5576144213659688f,-0.07995475268683315f,0.9934353686495131f,-0.08181323755355015f,0.6575766549452001f,-0.4262878060684807f,-0.10826971502037055f,-0.898084837421682f,-0.18389408165594257f,0f,0f,0f,1f],start_interpolation:0}
execute if entity @s[tag=aj.heiloang_aj.bone.leg_left_1] run data modify entity @s {} merge value {transformation:[-0.9080646545469662f,0.06036830755334671f,0.4144565726413848f,0.26969394785254286f,0.050241891926027266f,0.9981129496277985f,-0.03530286222092366f,0.7574182038965056f,-0.41580564625578653f,-0.011234199056482042f,-0.9093841087864726f,0.4569501108882523f,0f,0f,0f,1f],start_interpolation:0}
execute if entity @s[tag=aj.heiloang_aj.bone.leg_left_0] run data modify entity @s {} merge value {transformation:[-0.9581321976564016f,0.06730563495261419f,0.27830315003201017f,0.30304118064213975f,-0.14327650013239582f,0.728834941916646f,-0.6695307849166992f,1.2395523727655604f,-0.24790025478794023f,-0.6813733036632599f,-0.6886769088121726f,-0.09619647165784417f,0f,0f,0f,1f],start_interpolation:0}
execute if entity @s[tag=aj.heiloang_aj.bone.tail_4] run data modify entity @s {} merge value {transformation:[-0.5855333551650306f,1.3789318785828824f,0.4904609341270084f,0.7897860119730978f,-1.333008472376044f,-0.2843758798857355f,-0.7918794953782885f,-1.6683448902589162f,-0.6042296469476993f,-0.7088946302905459f,1.2717033068221388f,-1.59278107684196f,0f,0f,0f,1f],start_interpolation:0}
execute if entity @s[tag=aj.heiloang_aj.bone.tail_3] run data modify entity @s {} merge value {transformation:[-0.14763287474018513f,0.9089312441662205f,0.3899340042550723f,0.24498629793422122f,-0.26561881735309534f,0.34333318153221937f,-0.900871228493233f,-0.4734536462368296f,-0.952707288816398f,-0.23657201828916744f,0.19074197754741357f,-1.8414988666007723f,0f,0f,0f,1f],start_interpolation:0}
execute if entity @s[tag=aj.heiloang_aj.bone.tail_2] run data modify entity @s {} merge value {transformation:[0.032610429520429085f,0.8956207163892569f,0.44362156424241467f,-0.08600639637915775f,-0.15398856679502176f,0.44306017734675424f,-0.883167708052031f,0.22616137860803587f,-0.9875343443055071f,-0.03951217057890555f,0.15236373319538737f,-1.9615215570492373f,0f,0f,0f,1f],start_interpolation:0}
execute if entity @s[tag=aj.heiloang_aj.bone.tail_1] run data modify entity @s {} merge value {transformation:[-0.6409288275485336f,0.6818028970853734f,0.3526401105138966f,-0.3500747748660288f,0.2551927409635998f,0.622537866675153f,-0.7398129963139567f,0.8148284868113811f,-0.7239384662916777f,-0.38417627995692405f,-0.5729936150968108f,-1.520223540782419f,0f,0f,0f,1f],start_interpolation:0}
execute if entity @s[tag=aj.heiloang_aj.bone.tail_ring] run data modify entity @s {} merge value {transformation:[-0.8553844896887782f,0.41119003459890957f,-0.3150240153486963f,-0.3825930296286664f,0.4962556107576524f,0.8248518300261516f,-0.27083173243558056f,0.8014907151306558f,0.14848482613188968f,-0.3879976983811323f,-0.9096208234531167f,-1.6629766238840986f,0f,0f,0f,1f],start_interpolation:0}
execute if entity @s[tag=aj.heiloang_aj.bone.tail_0] run data modify entity @s {} merge value {transformation:[-0.8553844896887782f,0.41119003459890957f,-0.3150240153486963f,0.048172664592621824f,0.4962556107576524f,0.8248518300261516f,-0.27083173243558056f,1.16117700400569f,0.14848482613188968f,-0.3879976983811323f,-0.9096208234531167f,-0.38356000261039525f,0f,0f,0f,1f],start_interpolation:0}
execute if entity @s[tag=aj.heiloang_aj.bone.body_1] run data modify entity @s {} merge value {transformation:[-0.8660254037844386f,0.4395960786473837f,0.23823368283650248f,-0.0018960387843347866f,0f,0.47646736567300496f,-0.8791921572947674f,1.5039455006858713f,-0.5f,-0.7614027430253126f,-0.4126328427470719f,-0.290739714492411f,0f,0f,0f,1f],start_interpolation:0}