execute if entity @s[tag=aj.heiloang_aj.bone.head_lower] run data modify entity @s {} merge value {transformation:[-0.43820003705405874f,-0.4124500259109621f,-0.5271296839031816f,-0.3361706334990765f,-0.6691460067884168f,0.2840633730506559f,0.33399344557969946f,0.571922537703306f,0.014978288451531555f,0.6238533290903645f,-0.500582335543247f,1.9460990163468805f,0f,0f,0f,1f],start_interpolation:0}
execute if entity @s[tag=aj.heiloang_aj.bone.horne_right] run data modify entity @s {} merge value {transformation:[0.013767130006920147f,-0.6636422863253575f,-0.4465303818691678f,-0.9281185590331327f,-0.721890815980687f,-0.20265579188557042f,0.2789341854595274f,0.5561329389092471f,-0.34450561088915566f,0.39813257316638223f,-0.6023340752853062f,2.086759287504376f,0f,0f,0f,1f],start_interpolation:0}
execute if entity @s[tag=aj.heiloang_aj.bone.horne_left] run data modify entity @s {} merge value {transformation:[-0.6599170426255485f,-0.07155497830427443f,-0.4465303818691678f,-0.555560887529772f,-0.2648015556634995f,0.7014811874171825f,0.2789341854595274f,1.1250408738807591f,0.36659191612819375f,0.37789420315698735f,-0.6023340752853062f,2.0740247466628836f,0f,0f,0f,1f],start_interpolation:0}
execute if entity @s[tag=aj.heiloang_aj.bone.head_upper] run data modify entity @s {} merge value {transformation:[-0.641864459275859f,-0.7303212234605888f,-0.6540665401024104f,-0.5439203863971418f,-0.9801483420935034f,0.4955170410507211f,0.4085758215064793f,0.7052774328353726f,0.021939822466592134f,0.7708799420087197f,-0.8822838951260346f,1.8601576981008916f,0f,0f,0f,1f],start_interpolation:0}
execute if entity @s[tag=aj.heiloang_aj.bone.neck_0] run data modify entity @s {} merge value {transformation:[-0.7849883081024285f,-0.284337693432732f,-0.5504047894375924f,-0.7600820677789432f,-0.6063488057679005f,0.17046891597218278f,0.7767119636204334f,1.0269037290731229f,-0.1270215803961181f,0.9434470969697359f,-0.3062239267807951f,1.667049149094159f,0f,0f,0f,1f],start_interpolation:0}
execute if entity @s[tag=aj.heiloang_aj.bone.neck_1] run data modify entity @s {} merge value {transformation:[-0.972171077713415f,-0.16444586498163472f,-0.1668560851391968f,-0.8229314832948759f,-0.2151499814278811f,0.3448735558344877f,0.9136589713769895f,1.364113684449779f,-0.09270318845174269f,0.9241319104849254f,-0.370656621247162f,1.5435330995166179f,0f,0f,0f,1f],start_interpolation:0}
execute if entity @s[tag=aj.heiloang_aj.bone.neck_2] run data modify entity @s {} merge value {transformation:[-0.9398965388110372f,-0.3340921557929851f,0.07054734416424113f,-0.7828234125400857f,-0.14814366050133868f,0.5851281435109856f,0.7972944948540979f,1.6712337999050078f,-0.3076490731081375f,0.7389231943233225f,-0.5994535517508597f,1.2731102630119102f,0f,0f,0f,1f],start_interpolation:0}
execute if entity @s[tag=aj.heiloang_aj.bone.neck_3] run data modify entity @s {} merge value {transformation:[-0.7749148210758378f,-0.07531343431864031f,0.6275626715222425f,-0.4562359210735063f,0.2696872231183898f,0.8585644237489105f,0.43604579112679526f,1.8760962860865147f,-0.5716430894917683f,0.5071439804274844f,-0.6450032258465634f,0.9270399682202864f,0f,0f,0f,1f],start_interpolation:0}
execute if entity @s[tag=aj.heiloang_aj.bone.wing_right_2] run data modify entity @s {} merge value {transformation:[-0.3679088959713503f,2.3160409102679176f,-0.1848609005482303f,-3.8362612145096717f,2.178693319937832f,0.2788780693527101f,-0.8420798337529392f,4.644672325916912f,-0.8071644617080311f,-0.3029150552885502f,-2.188676313975213f,-0.31055456772579104f,0f,0f,0f,1f],start_interpolation:0}
execute if entity @s[tag=aj.heiloang_aj.bone.wing_right_1] run data modify entity @s {} merge value {transformation:[-2.1027567929061717f,2.587768158994899f,-0.2628471001915345f,-2.4555494355198753f,2.482191661805997f,1.89535234586135f,-1.1973231861108578f,3.0377530714685843f,-0.7774041399733687f,-0.9477943939642308f,-3.112000540299156f,0.24577263071350153f,0f,0f,0f,1f],start_interpolation:0}
execute if entity @s[tag=aj.heiloang_aj.bone.wing_right_0] run data modify entity @s {} merge value {transformation:[-1.9617918830563188f,1.0243712333793904f,-0.17445969104388295f,-0.6322340282019024f,1.0145481289182623f,1.8076348487660985f,-0.7947001620956263f,2.087724996462803f,-0.2246434990886526f,-0.7819973335959332f,-2.0655303117035237f,0.4381620296076312f,0f,0f,0f,1f],start_interpolation:0}
execute if entity @s[tag=aj.heiloang_aj.bone.wing_left_2] run data modify entity @s {} merge value {transformation:[-0.6094365096270696f,-1.2528118426566233f,1.8954222838074628f,2.3903207723533395f,-2.270030815614418f,0.2532491077973721f,-0.5624953260977227f,4.576312761759402f,0.09551566999986563f,-1.9748173036056162f,-1.2745781186280125f,2.973225705399572f,0f,0f,0f,1f],start_interpolation:0}
execute if entity @s[tag=aj.heiloang_aj.bone.wing_left_1] run data modify entity @s {} merge value {transformation:[-1.7620386595354338f,-0.90511600220976f,2.6950331273931294f,1.195679450917174f,-2.366057298570625f,2.2247077166299425f,-0.7997919781717379f,3.039380635318056f,-1.5761381269048862f,-2.3278014028286447f,-1.8122770226446459f,1.9688720771834016f,0f,0f,0f,1f],start_interpolation:0}
execute if entity @s[tag=aj.heiloang_aj.bone.wing_left_0] run data modify entity @s {} merge value {transformation:[-1.2866143238934364f,-0.27074555562418956f,1.7887762368898974f,0.013304768934977895f,-1.1249697440018773f,1.8387618322201364f,-0.5308464933017786f,1.9887615947225783f,-1.4168509648627774f,-1.214105336649252f,-1.2028639053888097f,0.6413797639797137f,0f,0f,0f,1f],start_interpolation:0}
execute if entity @s[tag=aj.heiloang_aj.bone.kazari_right] run data modify entity @s {} merge value {transformation:[-2.5044771289614403f,0.5174923990149009f,-0.6055296161436798f,-1.6246380986262063f,0.2866468588552391f,-1.2784952148343833f,-2.2781908946596774f,3.008587441688124f,-0.7431675970961958f,-2.2370788522454093f,1.1619166579487874f,-3.3010027682729683f,0f,0f,0f,1f],start_interpolation:0}
execute if entity @s[tag=aj.heiloang_aj.bone.kazari_left] run data modify entity @s {} merge value {transformation:[-2.5044771289614403f,0.5174923990149009f,-0.6055296161436798f,3.2107802522537177f,0.2866468588552391f,-1.2784952148343833f,-2.2781908946596774f,2.45515556343197f,-0.7431675970961958f,-2.2370788522454093f,1.1619166579487874f,-1.8661618606746422f,0f,0f,0f,1f],start_interpolation:0}
execute if entity @s[tag=aj.heiloang_aj.bone.ring] run data modify entity @s {} merge value {transformation:[-2.079163919367121f,-0.7262421118048551f,-0.05075507095063141f,-0.2193692012073918f,0.3187432500551615f,-1.0461769320364538f,1.9122873354187895f,3.7211545175221277f,-0.6545276332823938f,1.7975017406667637f,1.0924776223583392f,1.0731226005223795f,0f,0f,0f,1f],start_interpolation:0}
execute if entity @s[tag=aj.heiloang_aj.bone.body_0] run data modify entity @s {} merge value {transformation:[-1.0651538410367332f,0.1655684793281332f,0.33419567548868234f,-0.12479686728380732f,0.16329188571343195f,1.1162116962201634f,-0.032551270622362315f,1.96200705940199f,-0.3353139289121741f,0.01763246471564121f,-1.077453498394806f,-0.08396798523901547f,0f,0f,0f,1f],start_interpolation:0}
execute if entity @s[tag=aj.heiloang_aj.bone.leg_right_3] run data modify entity @s {} merge value {transformation:[-0.8480666810428533f,-0.47325347754530245f,0.23835698121984394f,-0.6706209642857389f,0.1601495065056845f,0.19987027512005273f,0.9666457513946978f,0.36155807465635126f,-0.5051089388151284f,0.8579528070440194f,-0.09371200997920595f,-0.522440757511307f,0f,0f,0f,1f],start_interpolation:0}
execute if entity @s[tag=aj.heiloang_aj.bone.leg_right_2] run data modify entity @s {} merge value {transformation:[-0.8480666810428533f,0.3148788909709201f,0.426185626841031f,-0.4992229151901894f,0.1601495065056845f,0.9189883603803247f,-0.3602950583222976f,0.937470256360534f,-0.5051089388151284f,-0.23730081648912538f,-0.829791107702806f,-0.6276159362910865f,0f,0f,0f,1f],start_interpolation:0}
execute if entity @s[tag=aj.heiloang_aj.bone.leg_right_1] run data modify entity @s {} merge value {transformation:[-0.8486804779777717f,0.018227961228125394f,0.5285917022890984f,-0.8708439987175196f,0.03135884805056188f,0.9993819456743624f,0.015885506257814652f,1.0012870875533537f,-0.5279754435088462f,0.03005774591667265f,-0.8487275552036979f,-0.026472862291815613f,0f,0f,0f,1f],start_interpolation:0}
execute if entity @s[tag=aj.heiloang_aj.bone.leg_right_0] run data modify entity @s {} merge value {transformation:[-0.6938236306187501f,0.6896645268232452f,0.2072959479504736f,-0.3279973622540969f,0.14353310875800263f,0.41451156959432595f,-0.898653662632447f,1.2383395923525349f,-0.7056961217728772f,-0.5937533150342134f,-0.38658761568446925f,-0.46082315382732986f,0f,0f,0f,1f],start_interpolation:0}
execute if entity @s[tag=aj.heiloang_aj.bone.leg_left_3] run data modify entity @s {} merge value {transformation:[-0.9009889063987657f,-0.41343539840839394f,0.13149206017569465f,0.6010568563848842f,-0.08010128027451219f,0.4564035257122829f,0.8861600344270675f,0.0485133021516978f,-0.4263833667543095f,0.78788767794673f,-0.4443312182313661f,-0.16118388098866027f,0f,0f,0f,1f],start_interpolation:0}
execute if entity @s[tag=aj.heiloang_aj.bone.leg_left_2] run data modify entity @s {} merge value {transformation:[-0.9009889063987657f,-0.03729638436253425f,0.43223601221998853f,0.557981963705088f,-0.08010128027451219f,0.993470102296833f,-0.08124617369885323f,0.6565592867579608f,-0.4263833667543095f,-0.10782455914958466f,-0.8980930291453428f,-0.18439130922219665f,0f,0f,0f,1f],start_interpolation:0}
execute if entity @s[tag=aj.heiloang_aj.bone.leg_left_1] run data modify entity @s {} merge value {transformation:[-0.9080623140585169f,0.05994502659496395f,0.41452313273594316f,0.26998274671559075f,0.050086546549795746f,0.9981445663016606f,-0.03462315146235062f,0.7559235857990814f,-0.4158294982819357f,-0.010677946853154596f,-0.9093799040057983f,0.4564916755514014f,0f,0f,0f,1f],start_interpolation:0}
execute if entity @s[tag=aj.heiloang_aj.bone.leg_left_0] run data modify entity @s {} merge value {transformation:[-0.9580625841168434f,0.06705487663904532f,0.27860317376921373f,0.3031695297462851f,-0.14353310875800263f,0.7291924099014848f,-0.6690864488482249f,1.2383395923525349f,-0.24802082897534972f,-0.6810154718220338f,-0.6889873696472186f,-0.09641877882732991f,0f,0f,0f,1f],start_interpolation:0}
execute if entity @s[tag=aj.heiloang_aj.bone.tail_4] run data modify entity @s {} merge value {transformation:[-0.5643825349045677f,1.2954491480287889f,0.6986688935782491f,1.0005795196932858f,-1.2913728981723578f,-0.07682160616002703f,-0.9007268411569588f,-1.6404675449232455f,-0.7061747346431287f,-0.8948543509343596f,1.0887641151568261f,-1.8102699095570485f,0f,0f,0f,1f],start_interpolation:0}
execute if entity @s[tag=aj.heiloang_aj.bone.tail_3] run data modify entity @s {} merge value {transformation:[-0.21212297303759597f,0.8502888358739539f,0.48167700785672524f,0.33471236193787635f,-0.20803298921843655f,0.44230620587581304f,-0.8724032872706204f,-0.4862017760511286f,-0.9548435053486687f,-0.28526148676584295f,0.0830648208425668f,-1.913825766140799f,0f,0f,0f,1f],start_interpolation:0}
execute if entity @s[tag=aj.heiloang_aj.bone.tail_2] run data modify entity @s {} merge value {transformation:[-0.032133281770589134f,0.8551062492682562f,0.5174560412875928f,-0.05483292721617772f,-0.10183473708406399f,0.5122280921529249f,-0.8527907527244852f,0.1908917905757772f,-0.9942822227746363f,-0.08009796546573135f,0.07061995045721176f,-1.9705845771778545f,0f,0f,0f,1f],start_interpolation:0}
execute if entity @s[tag=aj.heiloang_aj.bone.tail_1] run data modify entity @s {} merge value {transformation:[-0.6725342081381931f,0.6437303013363802f,0.36511510243388556f,-0.32929333111196707f,0.24228613687745162f,0.6576829681817098f,-0.7132675102937864f,0.7594075398787898f,-0.6992818936315556f,-0.3912344725418111f,-0.598281222113812f,-1.5096438635866187f,0f,0f,0f,1f],start_interpolation:0}
execute if entity @s[tag=aj.heiloang_aj.bone.tail_ring] run data modify entity @s {} merge value {transformation:[-0.8709367659317192f,0.39017742503630526f,-0.2987151264004488f,-0.36011958230165864f,0.47580293001084706f,0.821515200608964f,-0.31420430767496904f,0.7397333182804762f,0.12280358928586238f,-0.41578161594814655f,-0.9011353540384802f,-1.6520392392957355f,0f,0f,0f,1f],start_interpolation:0}
execute if entity @s[tag=aj.heiloang_aj.bone.tail_0] run data modify entity @s {} merge value {transformation:[-0.8709367659317192f,0.39017742503630526f,-0.2987151264004488f,0.04833903112665165f,0.47580293001084706f,0.821515200608964f,-0.31420430767496904f,1.1600821528198801f,0.12280358928586238f,-0.41578161594814655f,-0.9011353540384802f,-0.38384815790001403f,0f,0f,0f,1f],start_interpolation:0}
execute if entity @s[tag=aj.heiloang_aj.bone.body_1] run data modify entity @s {} merge value {transformation:[-0.8660254037844386f,0.43936457815862373f,0.23866036005062646f,-0.0018960387843347866f,0f,0.4773207201012529f,-0.8787291563172475f,1.502748140011195f,-0.5f,-0.7610017724168033f,-0.4133718693603666f,-0.290739714492411f,0f,0f,0f,1f],start_interpolation:0}