execute if entity @s[tag=aj.heiloang_aj.bone.head_lower] run data modify entity @s {} merge value {transformation:[-0.3970122067805069f,-0.45169133912195203f,-0.5275947704720828f,-0.29629021303939146f,-0.694353670693538f,0.27208129986917273f,0.2895595728963402f,0.26982592419687046f,0.01594639964636725f,0.601620063182503f,-0.5270664207807203f,2.0118580345899f,0f,0f,0f,1f],start_interpolation:0}
execute if entity @s[tag=aj.heiloang_aj.bone.horne_right] run data modify entity @s {} merge value {transformation:[0.058777713653428376f,-0.651797018374201f,-0.460115015204f,-0.8867698161710071f,-0.7210159019764663f,-0.2409226552602368f,0.2491833527333234f,0.21880196916613673f,-0.34158637191014846f,0.3963797686825838f,-0.6051461224401946f,2.1503042846467406f,0f,0f,0f,1f],start_interpolation:0}
execute if entity @s[tag=aj.heiloang_aj.bone.horne_left] run data modify entity @s {} merge value {transformation:[-0.6441939186459134f,-0.11536189996461282f,-0.460115015204f,-0.5492300379662202f,-0.3028465482900652f,0.6972744258248493f,0.2491833527333234f,0.8091414599897827f,0.36510021003611554f,0.37483330578696067f,-0.6051461224401946f,2.136746655667399f,0f,0f,0f,1f],start_interpolation:0}
execute if entity @s[tag=aj.heiloang_aj.bone.head_upper] run data modify entity @s {} merge value {transformation:[-0.5815335551869171f,-0.7620708982264117f,-0.6739649713954392f,-0.5113683675907534f,-1.0170718979901272f,0.45332511346468485f,0.36499754549995383f,0.39005609698602667f,0.023357887542007592f,0.766098166019617f,-0.8864029114973362f,1.924591253667145f,0f,0f,0f,1f],start_interpolation:0}
execute if entity @s[tag=aj.heiloang_aj.bone.neck_0] run data modify entity @s {} merge value {transformation:[-0.7463804924439658f,-0.29796329302192953f,-0.5950916202658468f,-0.7457856836211804f,-0.653166183404086f,0.1564790576571051f,0.740869922032258f,0.6973043549999909f,-0.1276326657107921f,0.9416645796281559f,-0.311412463008925f,1.7293803714874323f,0f,0f,0f,1f],start_interpolation:0}
execute if entity @s[tag=aj.heiloang_aj.bone.neck_1] run data modify entity @s {} merge value {transformation:[-0.9739459375135908f,-0.1482636351067548f,-0.17160188025107243f,-0.8101622597008199f,-0.2138613216260984f,0.348720227291355f,0.9125007058573731f,1.0341403061015628f,-0.07544962500311586f,0.9254253603520903f,-0.3713425056522516f,1.6056305592175777f,0f,0f,0f,1f],start_interpolation:0}
execute if entity @s[tag=aj.heiloang_aj.bone.neck_2] run data modify entity @s {} merge value {transformation:[-0.9476179907203712f,-0.31551255826856706f,0.049718902219479666f,-0.7792124275205454f,-0.14957330847236447f,0.5758851574692894f,0.8037313673107468f,1.3442080519203579f,-0.2822197176947724f,0.754193682671365f,-0.5929113930115419f,1.3373768844039413f,0f,0f,0f,1f],start_interpolation:0}
execute if entity @s[tag=aj.heiloang_aj.bone.neck_3] run data modify entity @s {} merge value {transformation:[-0.7955191317862187f,-0.06729686641088743f,0.6021797428786323f,-0.4659547328396305f,0.27228887034239013f,0.8481126728169506f,0.45449275604233025f,1.5588699446591603f,-0.5413022095371176f,0.5255245246214141f,-0.6563656694036266f,0.9849814172182012f,0f,0f,0f,1f],start_interpolation:0}
execute if entity @s[tag=aj.heiloang_aj.bone.wing_right_2] run data modify entity @s {} merge value {transformation:[-0.9886068296557977f,-2.134302261762053f,0.03140697559940577f,-3.8693303135001686f,-2.115580052982144f,0.984324770903408f,0.298331679730848f,-0.8135272836042505f,-0.2838196295237311f,0.09713190590296772f,-2.3331497631043048f,0.09149945153729466f,0f,0f,0f,1f],start_interpolation:0}
execute if entity @s[tag=aj.heiloang_aj.bone.wing_right_1] run data modify entity @s {} merge value {transformation:[-2.0519045193516026f,-2.6410059480060117f,0.04465645486746017f,-2.5265908649116025f,-2.6164356480336783f,2.039987387678709f,0.4241871411421818f,0.8930465991545725f,-0.3621755321153665f,0.22529494803181419f,-3.3174221683753613f,0.37909433078724836f,0f,0f,0f,1f],start_interpolation:0}
execute if entity @s[tag=aj.heiloang_aj.bone.wing_right_0] run data modify entity @s {} merge value {transformation:[-2.010480378222691f,-0.9410048498628144f,0.029639860259501237f,-0.6563529445410159f,-0.9300836361411263f,1.9960150958106713f,0.28154603012370016f,1.7603985749056579f,-0.14598999473950763f,0.24255640546185694f,-2.201874953671388f,0.4972331052761159f,0f,0f,0f,1f],start_interpolation:0}
execute if entity @s[tag=aj.heiloang_aj.bone.wing_left_2] run data modify entity @s {} merge value {transformation:[-0.9991500069497723f,1.4524992081989856f,1.5574085270456801f,2.8068528817403653f,1.6423657501428952f,1.6206742001157257f,-0.4578491958689266f,0.49067886113772463f,-1.3556953981963797f,0.8928813995047593f,-1.7024772539004998f,3.536865446127443f,0f,0f,0f,1f],start_interpolation:0}
execute if entity @s[tag=aj.heiloang_aj.bone.wing_left_1] run data modify entity @s {} merge value {transformation:[-1.9827816201108663f,1.5336637690102681f,2.2144234607400053f,1.4749992736565172f,1.5212815770891714f,2.9067371622763107f,-0.6509993898237847f,1.4965937778712923f,-2.2229480837526565f,0.6212674834297021f,-2.420691492915467f,2.1182902434652138f,0f,0f,0f,1f],start_interpolation:0}
execute if entity @s[tag=aj.heiloang_aj.bone.wing_left_0] run data modify entity @s {} merge value {transformation:[-1.6036694716721567f,0.4431574165081071f,1.469780844146706f,-0.00483376685329559f,0.20310488420490114f,2.1680516878136977f,-0.43208828378039543f,1.6820432968947008f,-1.5216414267621845f,-0.17766086558956623f,-1.6066872705038482f,0.6900925166855469f,0f,0f,0f,1f],start_interpolation:0}
execute if entity @s[tag=aj.heiloang_aj.bone.kazari_right] run data modify entity @s {} merge value {transformation:[-2.5089892826328284f,0.5295988451463223f,-0.5756457516646295f,-1.7293031339146796f,0.27767719977546695f,-1.2050775098816338f,-2.3189553157528904f,2.6497664410843207f,-0.7312580535725467f,-2.274683153090428f,1.0945082917402353f,-3.2906574759168246f,0f,0f,0f,1f],start_interpolation:0}
execute if entity @s[tag=aj.heiloang_aj.bone.kazari_left] run data modify entity @s {} merge value {transformation:[-2.5089892826328284f,0.5295988451463223f,-0.5756457516646295f,3.1148268759428084f,0.27767719977546695f,-1.2050775098816338f,-2.3189553157528904f,2.1136523708504154f,-0.7312580535725467f,-2.274683153090428f,1.0945082917402353f,-1.8788104398292105f,0f,0f,0f,1f],start_interpolation:0}
execute if entity @s[tag=aj.heiloang_aj.bone.ring] run data modify entity @s {} merge value {transformation:[-2.098425645417577f,-0.6652779566928355f,-0.08331468523891554f,-0.27501592073064157f,0.25236820413416267f,-1.0373403813150257f,1.9269565404075206f,3.4108216279001917f,-0.6211653451215318f,1.8259946493393207f,1.0643417873917407f,1.0923647748565084f,0f,0f,0f,1f],start_interpolation:0}
execute if entity @s[tag=aj.heiloang_aj.bone.body_0] run data modify entity @s {} merge value {transformation:[-1.0750216062939744f,0.13359571896092737f,0.31643815480139176f,-0.15454576161061448f,0.12928800826385511f,1.120619816013488f,-0.03388531857214186f,1.6439867805198736f,-0.3182224581294696f,0.003973382800979646f,-1.0827608486220897f,-0.03244138879598796f,0f,0f,0f,1f],start_interpolation:0}
execute if entity @s[tag=aj.heiloang_aj.bone.leg_right_3] run data modify entity @s {} merge value {transformation:[-0.8465403827117919f,-0.30431657816663965f,0.43676172072552377f,-0.7081747467251255f,0.2069274635914044f,0.5678312930574432f,0.7967111442902881f,0.04416233821857729f,-0.4904593818552166f,0.7648261520617999f,-0.41772066249174145f,-0.5461100997910935f,0f,0f,0f,1f],start_interpolation:0}
execute if entity @s[tag=aj.heiloang_aj.bone.leg_right_2] run data modify entity @s {} merge value {transformation:[-0.8465403827117919f,0.35261685041334817f,0.3987865810715594f,-0.5125324418705183f,0.2069274635914044f,0.9082046152396103f,-0.36379307534517424f,0.613681042322292f,-0.4904593818552166f,-0.2254456334951778f,-0.8417979930411791f,-0.6435086866781371f,0f,0f,0f,1f],start_interpolation:0}
execute if entity @s[tag=aj.heiloang_aj.bone.leg_right_1] run data modify entity @s {} merge value {transformation:[-0.8606927655275014f,0.11767417139671958f,0.4953390280956234f,-0.8532238068596677f,0.07751361801983893f,0.9918678440600616f,-0.10094463304762702f,0.7593724762820968f,-0.5031894299268378f,-0.0484867951687985f,-0.8628148285143012f,-0.03832176268243592f,0f,0f,0f,1f],start_interpolation:0}
execute if entity @s[tag=aj.heiloang_aj.bone.leg_right_0] run data modify entity @s {} merge value {transformation:[-0.7046584192269213f,0.6956404603566605f,0.13978863375607425f,-0.3101715134167472f,0.17771909167499808f,0.3637670574682115f,-0.914379271612788f,0.9570599591866171f,-0.6869297174142563f,-0.6194819430909123f,-0.37996011042934175f,-0.49169842970166217f,0f,0f,0f,1f],start_interpolation:0}
execute if entity @s[tag=aj.heiloang_aj.bone.leg_left_3] run data modify entity @s {} merge value {transformation:[-0.8959127880126422f,-0.4098826456989828f,0.1712789917947228f,0.675439296576096f,-0.06585912719428154f,0.5038564456949212f,0.8612730446826302f,-0.0936739300785544f,-0.4393208982516334f,0.7603452497954352f,-0.47840594631849503f,-0.34224266510403345f,0f,0f,0f,1f],start_interpolation:0}
execute if entity @s[tag=aj.heiloang_aj.bone.leg_left_2] run data modify entity @s {} merge value {transformation:[-0.8959127880126422f,-0.048523625019146144f,0.44157189005915665f,0.6250957281778264f,-0.06585912719428154f,0.9975401511134326f,-0.02400463042409101f,0.5141468817156067f,-0.4393208982516334f,-0.050587594641285705f,-0.8969047015306513f,-0.33069552817723497f,0f,0f,0f,1f],start_interpolation:0}
execute if entity @s[tag=aj.heiloang_aj.bone.leg_left_1] run data modify entity @s {} merge value {transformation:[-0.9202263358197453f,-0.07651251629087794f,0.38383502408535275f,0.34850671404701206f,0.05194383282506273f,0.9481547947561322f,0.3135352028280055f,0.3640877792924144f,-0.3879243857960042f,0.30846121317240977f,-0.86854265921312f,0.3053300971908806f,0f,0f,0f,1f],start_interpolation:0}
execute if entity @s[tag=aj.heiloang_aj.bone.leg_left_0] run data modify entity @s {} merge value {transformation:[-0.9472277955086723f,-0.020379276018768905f,0.3199127826841743f,0.3209953785836348f,-0.17771909167499814f,0.8639522381747642f,-0.4711713643750319f,0.9570599591866171f,-0.2667872333339706f,-0.5031612219376272f,-0.821981360414115f,-0.12729405470166216f,0f,0f,0f,1f],start_interpolation:0}
execute if entity @s[tag=aj.heiloang_aj.bone.tail_4] run data modify entity @s {} merge value {transformation:[-0.47994382657449514f,1.2457318954076497f,0.8382483711793125f,1.2718384731318404f,-1.2127647590733104f,0.19724106708525868f,-0.9874978300191849f,-1.6192063281933888f,-0.8852739271946068f,-0.9455698651642872f,0.8983552012485405f,-2.2404357901044927f,0f,0f,0f,1f],start_interpolation:0}
execute if entity @s[tag=aj.heiloang_aj.bone.tail_3] run data modify entity @s {} merge value {transformation:[-0.22921355646783972f,0.7902476160908173f,0.5683043645742526f,0.49177652188400467f,-0.09224649936543097f,0.5635852197161644f,-0.8208911520246192f,-0.5369426381544415f,-0.9689952161317353f,-0.24058346863461538f,-0.05628379636759608f,-2.158943398811183f,0f,0f,0f,1f],start_interpolation:0}
execute if entity @s[tag=aj.heiloang_aj.bone.tail_2] run data modify entity @s {} merge value {transformation:[-0.0563644073564919f,0.800039391646658f,0.5972939187678015f,0.03871210317420065f,0.02794098992099242f,0.5992746355923722f,-0.8000557556932297f,0.10044976614562984f,-0.9980192155793328f,-0.028405685157637854f,-0.05613165225733796f,-2.1155112869615174f,0f,0f,0f,1f],start_interpolation:0}
execute if entity @s[tag=aj.heiloang_aj.bone.tail_1] run data modify entity @s {} merge value {transformation:[-0.7012344232588716f,0.5815088955299301f,0.41245325560159973f,-0.27379322870351924f,0.2689710765388982f,0.7515687435580902f,-0.6023279702056181f,0.5838534730145155f,-0.6602460477899919f,-0.3114351106186878f,-0.6834349480759833f,-1.5866764491419765f,0f,0f,0f,1f],start_interpolation:0}
execute if entity @s[tag=aj.heiloang_aj.bone.tail_ring] run data modify entity @s {} merge value {transformation:[-0.9053764857363165f,0.325346968223058f,-0.27284202268679564f,-0.3029120374593438f,0.3920646987210824f,0.8872676790816354f,-0.24298423338528635f,0.5764534233620162f,0.1630297245673452f,-0.3269639367348527f,-0.9308683542705396f,-1.7305899996611418f,0f,0f,0f,1f],start_interpolation:0}
execute if entity @s[tag=aj.heiloang_aj.bone.tail_0] run data modify entity @s {} merge value {transformation:[-0.9053764857363165f,0.325346968223058f,-0.27284202268679564f,0.07086936260113075f,0.3920646987210824f,0.8872676790816354f,-0.24298423338528635f,0.8958291766844744f,0.1630297245673452f,-0.3269639367348527f,-0.9308683542705396f,-0.42287183672518003f,0f,0f,0f,1f],start_interpolation:0}
execute if entity @s[tag=aj.heiloang_aj.bone.body_1] run data modify entity @s {} merge value {transformation:[-0.8660254037844386f,0.40333338545787517f,0.29550326592964943f,-0.0018960387843347866f,0f,0.5910065318592989f,-0.8066667709157503f,1.2211890111693466f,-0.5f,-0.6985939160018019f,-0.5118266703926899f,-0.290739714492411f,0f,0f,0f,1f],start_interpolation:0}