execute if entity @s[tag=aj.heiloang_aj.bone.head_lower] run data modify entity @s {} merge value {transformation:[-0.3926174582263947f,-0.4320407190469494f,-0.5469847791129476f,-0.287050686882092f,-0.696836364608146f,0.25810462070711415f,0.29631247987443915f,0.22061380793502283f,0.01645030259746813f,0.6218704220776476f,-0.5029975802023505f,2.008733438150177f,0f,0f,0f,1f],start_interpolation:0}
execute if entity @s[tag=aj.heiloang_aj.bone.horne_right] run data modify entity @s {} merge value {transformation:[0.04869466354651458f,-0.634288249374118f,-0.48508478274215977f,-0.8712865241970388f,-0.7130628875066413f,-0.2532766993959402f,0.2596001386821466f,0.16315368004393577f,-0.35940248775263495f,0.4165685180723756f,-0.5807757928393728f,2.16936901937642f,0f,0f,0f,1f],start_interpolation:0}
execute if entity @s[tag=aj.heiloang_aj.bone.horne_left] run data modify entity @s {} merge value {transformation:[-0.6276305715191475f,-0.10379122914071254f,-0.48508478274215977f,-0.5374831612129579f,-0.31446043067484386f,0.6882749490835782f,0.2596001386821466f,0.7556039572337815f,0.38365935833019893f,0.3943411913780478f,-0.5807757928393728f,2.1553829721080526f,0f,0f,0f,1f],start_interpolation:0}
execute if entity @s[tag=aj.heiloang_aj.bone.head_upper] run data modify entity @s {} merge value {transformation:[-0.5750962373735674f,-0.733184321668624f,-0.7105400626411471f,-0.5060273633053417f,-1.0207084859688973f,0.43211321532205577f,0.38025579313814134f,0.3414587335632365f,0.024095991987206383f,0.8055315214213251f,-0.8507058619562923f,1.932739246271528f,0f,0f,0f,1f],start_interpolation:0}
execute if entity @s[tag=aj.heiloang_aj.bone.neck_0] run data modify entity @s {} merge value {transformation:[-0.7392384997417489f,-0.29989688535171893f,-0.6029828344620651f,-0.7436998284504686f,-0.6611660535408403f,0.1530035765647528f,0.7344721609452768f,0.6462047100678823f,-0.1280073831651868f,0.9416218793734201f,-0.3113877745520356f,1.7375420440759672f,0f,0f,0f,1f],start_interpolation:0}
execute if entity @s[tag=aj.heiloang_aj.bone.neck_1] run data modify entity @s {} merge value {transformation:[-0.9742186908888347f,-0.1449076948330859f,-0.17291530383689702f,-0.8085130695588608f,-0.2137615875455338f,0.347819536912239f,0.9128677633875395f,0.9831631585082281f,-0.07213824237433465f,0.9262954872611207f,-0.3698279928112863f,1.6143549289187291f,0f,0f,0f,1f],start_interpolation:0}
execute if entity @s[tag=aj.heiloang_aj.bone.neck_2] run data modify entity @s {} merge value {transformation:[-0.9488195844563807f,-0.3123543107585678f,0.04664955200815185f,-0.7789269136005441f,-0.14943032447601634f,0.5741413305054986f,0.8050045408147511f,1.2938110992550647f,-0.2782300743611547f,0.7568332162081128f,-0.5914317446375958f,1.3466191460179067f,0f,0f,0f,1f],start_interpolation:0}
execute if entity @s[tag=aj.heiloang_aj.bone.neck_3] run data modify entity @s {} merge value {transformation:[-0.7983586329196453f,-0.06550722104264654f,0.5986086344465347f,-0.46756060603288846f,0.27308915273445045f,0.846582116439986f,0.4568599728393526f,1.5097350910221898f,-0.5366989918953222f,0.5282116281522623f,-0.6579868296427225f,0.9933196568375555f,0f,0f,0f,1f],start_interpolation:0}
execute if entity @s[tag=aj.heiloang_aj.bone.wing_right_2] run data modify entity @s {} merge value {transformation:[0.5464279205551023f,-2.2824034082092752f,-0.1600850278868028f,-2.994175990472318f,-2.2431516537420655f,-0.5668332285480212f,0.42490793785133313f,-1.4784085089274013f,-0.45084719392835504f,0.053951640656412614f,-2.308116555661437f,0.046962845282455035f,0f,0f,0f,1f],start_interpolation:0}
execute if entity @s[tag=aj.heiloang_aj.bone.wing_right_1] run data modify entity @s {} merge value {transformation:[-0.9099742912738532f,-3.2105069808446887f,-0.22761917333162027f,-2.3949363740308067f,-3.176024268908331f,0.8573666815249716f,0.6041613936823207f,0.5917999570681338f,-0.5215701347143585f,0.3805076507225308f,-3.281828346397121f,0.4383747103155655f,0f,0f,0f,1f],start_interpolation:0}
execute if entity @s[tag=aj.heiloang_aj.bone.wing_right_0] run data modify entity @s {} merge value {transformation:[-1.8665798754858949f,-1.1922479005673439f,-0.1510778343233077f,-0.6599927124056333f,-1.1983208449016007f,1.8252741650677937f,0.4010004675937226f,1.709603921107116f,-0.09114121518487063f,0.41871131574012876f,-2.1782502411260727f,0.505686578767681f,0f,0f,0f,1f],start_interpolation:0}
execute if entity @s[tag=aj.heiloang_aj.bone.wing_left_2] run data modify entity @s {} merge value {transformation:[0.053108818430510386f,1.7693338182435423f,1.5492621790212433f,2.46447460596261f,2.295961954304543f,0.2965411762170615f,-0.417370388881234f,-0.2521977906858659f,-0.5092289898581837f,1.5215443393961732f,-1.720222272109184f,3.3361632190511123f,0f,0f,0f,1f],start_interpolation:0}
execute if entity @s[tag=aj.heiloang_aj.bone.wing_left_1] run data modify entity @s {} merge value {transformation:[-1.5120445455657785f,2.012072059616934f,2.202840459959288f,1.4409972693058013f,2.2864529513739154f,2.3679476063079172f,-0.5934440224942183f,1.2538129517434484f,-1.9165262759164796f,1.2375818896499233f,-2.445922499392046f,2.1185917658219218f,0f,0f,0f,1f],start_interpolation:0}
execute if entity @s[tag=aj.heiloang_aj.bone.wing_left_0] run data modify entity @s {} merge value {transformation:[-1.5701100751310573f,0.5704724773290918f,1.4620928508757416f,-0.007682927021789909f,0.4127197433791972f,2.1454406142985354f,-0.39388701926229164f,1.634536950852312f,-1.5142049945093148f,-0.0067618879266083025f,-1.623433864213357f,0.6971766174785721f,0f,0f,0f,1f],start_interpolation:0}
execute if entity @s[tag=aj.heiloang_aj.bone.kazari_right] run data modify entity @s {} merge value {transformation:[-2.507388780170586f,0.5353130774318284f,-0.5773314496555486f,-1.7427101021848306f,0.2844846063846751f,-1.180934989181068f,-2.330521668771677f,2.6020636092451985f,-0.734125467724059f,-2.285979581933012f,1.06875036242359f,-3.294777972744111f,0f,0f,0f,1f],start_interpolation:0}
execute if entity @s[tag=aj.heiloang_aj.bone.kazari_left] run data modify entity @s {} merge value {transformation:[-2.507388780170586f,0.5353130774318284f,-0.5773314496555486f,3.0983298020026706f,0.2844846063846751f,-1.180934989181068f,-2.330521668771677f,2.0528064128635544f,-0.734125467724059f,-2.285979581933012f,1.06875036242359f,-1.8773947922663319f,0f,0f,0f,1f],start_interpolation:0}
execute if entity @s[tag=aj.heiloang_aj.bone.ring] run data modify entity @s {} merge value {transformation:[-2.100972050069696f,-0.6563918655546899f,-0.089400500242454f,-0.28446921235440115f,0.2417771585259172f,-1.0365702955525087f,1.9287281077895218f,3.3626697518833994f,-0.6167548428874315f,1.8296442350893927f,1.0606326991768074f,1.0959980180060243f,0f,0f,0f,1f],start_interpolation:0}
execute if entity @s[tag=aj.heiloang_aj.bone.body_0] run data modify entity @s {} merge value {transformation:[-1.0763261271500617f,0.12848034876324196f,0.31411342526784597f,-0.1588709141276859f,0.12386222494531246f,1.1212232978709624f,-0.03418832374706181f,1.5946300816378811f,-0.3159629617271932f,0.0018687511104499678f,-1.0834280273850871f,-0.02495000488593585f,0f,0f,0f,1f],start_interpolation:0}
execute if entity @s[tag=aj.heiloang_aj.bone.leg_right_3] run data modify entity @s {} merge value {transformation:[-0.846372827446421f,-0.27065967327598034f,0.45868984970510357f,-0.7142710706609567f,0.21363298540347686f,0.6163893317213535f,0.757908397689128f,-0.0037034111067402176f,-0.48786676921875777f,0.739464355464307f,-0.4638733474665345f,-0.5487620201185425f,0f,0f,0f,1f],start_interpolation:0}
execute if entity @s[tag=aj.heiloang_aj.bone.leg_right_2] run data modify entity @s {} merge value {transformation:[-0.846372827446421f,0.357963202336048f,0.39435438723776417f,-0.5151680982791185f,0.21363298540347686f,0.906448452573579f,-0.36429678886117317f,0.564770986247937f,-0.48786676921875777f,-0.22408379816552065f,-0.8436660873187718f,-0.6452442280189845f,0f,0f,0f,1f],start_interpolation:0}
execute if entity @s[tag=aj.heiloang_aj.bone.leg_right_1] run data modify entity @s {} merge value {transformation:[-0.8625154220052986f,0.13203277567243035f,0.48850229574819304f,-0.8499573320483778f,0.08430139973528998f,0.9893617916624029f,-0.11856019231272802f,0.7227043296539026f,-0.4989593378279358f,-0.06107856700016667f,-0.8644703510517373f,-0.03983441551540595f,0f,0f,0f,1f],start_interpolation:0}
execute if entity @s[tag=aj.heiloang_aj.bone.leg_right_0] run data modify entity @s {} merge value {transformation:[-0.7065156135189737f,0.6957515207566235f,0.1294816945315192f,-0.3074517231436476f,0.18268079457748554f,0.3560584101436891f,-0.9164333777522985f,0.9144427614416091f,-0.6837129625408944f,-0.6238206712916734f,-0.37866126673157274f,-0.4964092446406023f,0f,0f,0f,1f],start_interpolation:0}
execute if entity @s[tag=aj.heiloang_aj.bone.leg_left_3] run data modify entity @s {} merge value {transformation:[-0.8954916814136192f,-0.4082218085172974f,0.17734036080338905f,0.6842800268040315f,-0.06322170624134156f,0.511075208317442f,0.8572077620409281f,-0.11268154719445433f,-0.4405651647360952f,0.7564106599553908f,-0.48347207688439164f,-0.36507235425479245f,0f,0f,0f,1f],start_interpolation:0}
execute if entity @s[tag=aj.heiloang_aj.bone.leg_left_2] run data modify entity @s {} merge value {transformation:[-0.8954916814136192f,-0.04995229614115579f,0.442266228225981f,0.6330348058134766f,-0.06322170624134156f,0.9978821742230282f,-0.015303013685389333f,0.49493675718716157f,-0.4405651647360952f,-0.04166454701719402f,-0.8967532554403742f,-0.34810550403356455f,0f,0f,0f,1f],start_interpolation:0}
execute if entity @s[tag=aj.heiloang_aj.bone.leg_left_1] run data modify entity @s {} merge value {transformation:[-0.9221779390850773f,-0.09592341287752351f,0.3746819284763112f,0.3614472545618998f,0.05133754522019183f,0.9298260217069092f,0.3644009135656316f,0.30760936006357886f,-0.383343586245504f,0.35527773391901485f,-0.8525405718590788f,0.2801432216912777f,0f,0f,0f,1f],start_interpolation:0}
execute if entity @s[tag=aj.heiloang_aj.bone.leg_left_0] run data modify entity @s {} merge value {transformation:[-0.9453706012166198f,-0.03485083546285242f,0.3241293655670032f,0.3237151688567344f,-0.18268079457748554f,0.8801270500760942f,-0.4381827278851724f,0.9144427614416091f,-0.27000398820733246f,-0.4734572789512202f,-0.8384128167914903f,-0.13200486964060235f,0f,0f,0f,1f],start_interpolation:0}
execute if entity @s[tag=aj.heiloang_aj.bone.tail_4] run data modify entity @s {} merge value {transformation:[-0.4677462219814622f,1.2394860835244652f,0.8542494274267476f,1.3059082387650822f,-1.1998219371106298f,0.23326469515627274f,-0.9954241633140224f,-1.6111538055561305f,-0.9091177892538671f,-0.9455771752905779f,0.8742099373258844f,-2.296752221670742f,0f,0f,0f,1f],start_interpolation:0}
execute if entity @s[tag=aj.heiloang_aj.bone.tail_3] run data modify entity @s {} merge value {transformation:[-0.23054242395920835f,0.7821821018370759f,0.5788275652737584f,0.5119944338805056f,-0.07606150467306153f,0.5785456290167589f,-0.8120958087888848f,-0.5410339752727055f,-0.9700849644551154f,-0.23124903180627013f,-0.0738853640904625f,-2.1919821321992314f,0f,0f,0f,1f],start_interpolation:0}
execute if entity @s[tag=aj.heiloang_aj.bone.tail_2] run data modify entity @s {} merge value {transformation:[-0.05889024988917502f,0.7923446118163179f,0.6072247974133131f,0.051013553563765635f,0.04627599632723395f,0.6097933820533155f,-0.791208293288121f,0.08962304346200733f,-0.9971912908925311f,-0.018494521611221393f,-0.07257742099620029f,-2.1354919064690434f,0f,0f,0f,1f],start_interpolation:0}
execute if entity @s[tag=aj.heiloang_aj.bone.tail_1] run data modify entity @s {} merge value {transformation:[-0.7048841488525017f,0.5725324489697607f,0.4187420824005779f,-0.2665580070173135f,0.27287796375093243f,0.7637851072946905f,-0.5849529269727463f,0.5596547229237067f,-0.6547334981468637f,-0.29805855926566915f,-0.6946115041178376f,-1.597696837534123f,0f,0f,0f,1f],start_interpolation:0}
execute if entity @s[tag=aj.heiloang_aj.bone.tail_ring] run data modify entity @s {} merge value {transformation:[-0.9097228775498245f,0.3156169326037967f,-0.2697966603133504f,-0.2955409514145877f,0.3792377270687678f,0.8961578294046123f,-0.23039073584788267f,0.5543401813308311f,0.16906517213838532f,-0.3119087954043368f,-0.9349491274498489f,-1.741729890556588f,0f,0f,0f,1f],start_interpolation:0}
execute if entity @s[tag=aj.heiloang_aj.bone.tail_0] run data modify entity @s {} merge value {transformation:[-0.9097228775498245f,0.3156169326037967f,-0.2697966603133504f,0.07420624426378303f,0.3792377270687678f,0.8961578294046123f,-0.23039073584788267f,0.8559231938840544f,0.16906517213838532f,-0.3119087954043368f,-0.9349491274498489f,-0.4286514853037387f,0f,0f,0f,1f],start_interpolation:0}
execute if entity @s[tag=aj.heiloang_aj.bone.body_1] run data modify entity @s {} merge value {transformation:[-0.8660254037844386f,0.39715726815280766f,0.30375336105695827f,-0.0018960387843347866f,0f,0.6075067221139165f,-0.7943145363056153f,1.1781056099888052f,-0.5f,-0.6878965670359196f,-0.5261162543204653f,-0.290739714492411f,0f,0f,0f,1f],start_interpolation:0}