execute if entity @s[tag=aj.heiloang_aj.bone.head_lower] run data modify entity @s {} merge value {transformation:[-0.44927135684145636f,-0.362384185034532f,-0.5539250403788357f,-0.3248209734515767f,-0.6614406617375839f,0.2715916363542502f,0.3587955323893657f,0.5276679366435548f,0.025524476918913602f,0.6594813761580224f,-0.45214247265517643f,1.9451512233984467f,0f,0f,0f,1f],start_interpolation:0}
execute if entity @s[tag=aj.heiloang_aj.bone.horne_right] run data modify entity @s {} merge value {transformation:[-0.017964414390521377f,-0.6454010083732781f,-0.47237148326964173f,-0.9087170291848964f,-0.715006400334297f,-0.19876345983586646f,0.2987623378457658f,0.5195690174783669f,-0.3583896305651116f,0.42889465539317684f,-0.5723689782636469f,2.1167227054800493f,0f,0f,0f,1f],start_interpolation:0}
execute if entity @s[tag=aj.heiloang_aj.bone.horne_left] run data modify entity @s {} merge value {transformation:[-0.6445107645637584f,-0.038354349884700434f,-0.47237148326964173f,-0.5267465215982903f,-0.2603240187533271f,0.6949622081416014f,0.2987623378457658f,1.0819258680876607f,0.3960268672976078f,0.3944064820713169f,-0.5723689782636469f,2.0950217952035888f,0f,0f,0f,1f],start_interpolation:0}
execute if entity @s[tag=aj.heiloang_aj.bone.head_upper] run data modify entity @s {} merge value {transformation:[-0.6580814517174444f,-0.6792204947093509f,-0.6919179394062895f,-0.5342773727433829f,-0.9688617452966695f,0.4929078145099117f,0.43761960341803163f,0.6663712955391492f,0.03738761567890168f,0.817840765896301f,-0.8383917701361334f,1.872910008752364f,0f,0f,0f,1f],start_interpolation:0}
execute if entity @s[tag=aj.heiloang_aj.bone.neck_0] run data modify entity @s {} merge value {transformation:[-0.7943179888227003f,-0.2683897492068229f,-0.5450008028923986f,-0.7491699951629877f,-0.5969788179659735f,0.17858794413873727f,0.7821269955117576f,0.989772241734476f,-0.11258429523077176f,0.9466114771800509f,-0.3020786118519357f,1.6813551929462902f,0f,0f,0f,1f],start_interpolation:0}
execute if entity @s[tag=aj.heiloang_aj.bone.neck_1] run data modify entity @s {} merge value {transformation:[-0.9680091944203568f,-0.16782691346283635f,-0.1865270131514185f,-0.8192289961657213f,-0.2348960018183277f,0.34476940646053844f,0.908822273438879f,1.325218579407851f,-0.08821602942445324f,0.9235627664032292f,-0.3731618263785811f,1.556919231668686f,0f,0f,0f,1f],start_interpolation:0}
execute if entity @s[tag=aj.heiloang_aj.bone.neck_2] run data modify entity @s {} merge value {transformation:[-0.9363567288068336f,-0.34596805415733023f,0.0595162324139914f,-0.7832434388996379f,-0.16703382357991037f,0.5881966814455342f,0.7912802068273517f,1.629771188068404f,-0.3087649238473194f,0.7309793221692742f,-0.6085502874557759f,1.283034800956647f,0f,0f,0f,1f],start_interpolation:0}
execute if entity @s[tag=aj.heiloang_aj.bone.neck_3] run data modify entity @s {} merge value {transformation:[-0.7752529200746938f,-0.08928645534016708f,0.6253085948621276f,-0.45748405793435554f,0.2499164914523334f,0.8658191916048761f,0.4334730380875318f,1.83312659128f,-0.5801074531634771f,0.49232616865393963f,-0.6489146988955611f,0.935299150696528f,0f,0f,0f,1f],start_interpolation:0}
execute if entity @s[tag=aj.heiloang_aj.bone.wing_right_2] run data modify entity @s {} merge value {transformation:[-1.924938925177783f,1.3520668322027134f,-0.010070844737548783f,-4.521474694071861f,1.28651068954111f,1.8261139912327133f,-0.7374102949115879f,3.673820711975951f,-0.4160245021063853f,-0.6089326552275363f,-2.233763783699092f,-0.10893370591704826f,0f,0f,0f,1f],start_interpolation:0}
execute if entity @s[tag=aj.heiloang_aj.bone.wing_right_1] run data modify entity @s {} merge value {transformation:[-2.9955244467238633f,1.4879002041513738f,-0.01431937379885935f,-2.560033003886203f,1.4169353301327543f,2.8425633547694384f,-1.0484973138942697f,2.762079701398993f,-0.4542535989965008f,-0.945095407622012f,-3.176108800275977f,0.23679636844008267f,0f,0f,0f,1f],start_interpolation:0}
execute if entity @s[tag=aj.heiloang_aj.bone.wing_right_0] run data modify entity @s {} merge value {transformation:[-2.0691287008833807f,0.8043731032361493f,-0.009504208062674045f,-0.6355585270585136f,0.7666123703842547f,1.963772140695516f,-0.6959198610486581f,2.0434549805718243f,-0.24374554919933575f,-0.6519071177847323f,-2.108080932276348f,0.4466119954176881f,0f,0f,0f,1f],start_interpolation:0}
execute if entity @s[tag=aj.heiloang_aj.bone.wing_left_2] run data modify entity @s {} merge value {transformation:[-1.3950274503431608f,-0.49451863645843297f,1.8283669591483425f,2.678587609420692f,-1.3983201921298862f,1.8005499849519155f,-0.5799106813057517f,3.845675838231976f,-1.2775660685036618f,-1.4307505289902767f,-1.361746625008907f,3.3644656496671623f,0f,0f,0f,1f],start_interpolation:0}
execute if entity @s[tag=aj.heiloang_aj.bone.wing_left_1] run data modify entity @s {} merge value {transformation:[-2.07131188289847f,-0.3721559427698647f,2.599689560490764f,1.2829101150238043f,-1.546719695206657f,2.8486816684981866f,-0.8245542486229828f,2.845555543374103f,-2.122391114079452f,-1.7128139066236765f,-1.9362188029902827f,2.0043560268320486f,0f,0f,0f,1f],start_interpolation:0}
execute if entity @s[tag=aj.heiloang_aj.bone.wing_left_0] run data modify entity @s {} merge value {transformation:[-1.382460441368918f,-0.19968557607416396f,1.7254937840392188f,0.01087917995476867f,-0.9611134976234675f,1.9248748757365617f,-0.5472819725188646f,1.9472117308853858f,-1.4468807735041747f,-1.0878338032374633f,-1.2851278706019402f,0.6482727722124173f,0f,0f,0f,1f],start_interpolation:0}
execute if entity @s[tag=aj.heiloang_aj.bone.kazari_right] run data modify entity @s {} merge value {transformation:[-2.4997600113272536f,0.5275773664026255f,-0.6162241449221936f,-1.636801950822895f,0.30829541755511386f,-1.2287460208764378f,-2.3026088118156527f,2.995276790055871f,-0.7503492585722574f,-2.2624578509214803f,1.1068562018257266f,-3.30494064831001f,0f,0f,0f,1f],start_interpolation:0}
execute if entity @s[tag=aj.heiloang_aj.bone.kazari_left] run data modify entity @s {} merge value {transformation:[-2.4997600113272536f,0.5275773664026255f,-0.6162241449221936f,3.189509015163055f,0.30829541755511386f,-1.2287460208764378f,-2.3026088118156527f,2.400047828968745f,-0.7503492585722574f,-2.2624578509214803f,1.1068562018257266f,-1.8562340370525907f,0f,0f,0f,1f],start_interpolation:0}
execute if entity @s[tag=aj.heiloang_aj.bone.ring] run data modify entity @s {} merge value {transformation:[-2.082059145788936f,-0.7173758583961596f,-0.057687754428869205f,-0.23039697545785304f,0.30998213138884895f,-1.0532494470345166f,1.9098437020670413f,3.679567585215657f,-0.649512954020394f,1.7969317643961578f,1.0964011320898217f,1.0885755052433614f,0f,0f,0f,1f],start_interpolation:0}
execute if entity @s[tag=aj.heiloang_aj.bone.body_0] run data modify entity @s {} merge value {transformation:[-1.0666370629776016f,0.16135847925459634f,0.3315134884025581f,-0.12900580496370348f,0.15880357235233727f,1.1168558096049468f,-0.032663464260368674f,1.9189991307795522f,-0.33274491315168886f,0.01577712464286182f,-1.078278387545328f,-0.07667789133154429f,0f,0f,0f,1f],start_interpolation:0}
execute if entity @s[tag=aj.heiloang_aj.bone.leg_right_3] run data modify entity @s {} merge value {transformation:[-0.8478217346595893f,-0.4562896531502696f,0.27018152909999504f,-0.6754864829799986f,0.16683529037508668f,0.2541127794166649f,0.9526765879471363f,0.3176976850600871f,-0.5033530491854257f,0.8527757312243025f,-0.13931712066573343f,-0.5262869879837985f,0f,0f,0f,1f],start_interpolation:0}
execute if entity @s[tag=aj.heiloang_aj.bone.leg_right_2] run data modify entity @s {} merge value {transformation:[-0.8478217346595893f,0.32031579337472715f,0.42260631650925895f,-0.5006129318808765f,0.16683529037508668f,0.9176006664406375f,-0.36079773119181097f,0.8927896078421713f,-0.5033530491854257f,-0.23538651079111722f,-0.8314017671458954f,-0.6302219290631995f,0f,0f,0f,1f],start_interpolation:0}
execute if entity @s[tag=aj.heiloang_aj.bone.leg_right_1] run data modify entity @s {} merge value {transformation:[-0.8503293560135914f,0.032314387291132535f,0.5252578097234819f,-0.8688240217438814f,0.03783834841618634f,0.9992838487936421f,-0.00022119968553885316f,0.9679644294383392f,-0.5248887936417067f,0.019686795426485493f,-0.8509431146646581f,-0.028294065791615308f,0f,0f,0f,1f],start_interpolation:0}
execute if entity @s[tag=aj.heiloang_aj.bone.leg_right_0] run data modify entity @s {} merge value {transformation:[-0.695167844891685f,0.6910186263771894f,0.19807807912142233f,-0.32556107528745154f,0.1483755396038056f,0.4075489005645769f,-0.9010486073991149f,1.199594177241503f,-0.7033678743558947f,-0.5969900766749703f,-0.3858451524584486f,-0.4650429266353775f,0f,0f,0f,1f],start_interpolation:0}
execute if entity @s[tag=aj.heiloang_aj.bone.leg_left_3] run data modify entity @s {} merge value {transformation:[-0.9000787464037511f,-0.41368137106840774f,0.13684287889113658f,0.6128954102895245f,-0.07852432771302097f,0.4629145137395177f,0.8829179366886392f,0.026742168539167332f,-0.42859325733085224f,0.783950174564856f,-0.44914356676931466f,-0.18906343217052082f,0f,0f,0f,1f],start_interpolation:0}
execute if entity @s[tag=aj.heiloang_aj.bone.leg_left_2] run data modify entity @s {} merge value {transformation:[-0.9000787464037511f,-0.039056730454746766f,0.4339732965038715f,0.5686679418925495f,-0.07852432771302097f,0.9942074317635046f,-0.07338605169536266f,0.6348657645004675f,-0.42859325733085224f,-0.100130686766853f,-0.8979318823486159f,-0.20759916994063837f,0f,0f,0f,1f],start_interpolation:0}
execute if entity @s[tag=aj.heiloang_aj.bone.leg_left_1] run data modify entity @s {} merge value {transformation:[-0.9096384291210694f,0.04068934376975303f,0.41340332070478075f,0.28001332421794073f,0.050906911752560687f,0.9986090822383773f,0.013725421918565683f,0.700148792515188f,-0.4122698322724694f,0.03353025759836176f,-0.910444565705907f,0.4373538911662667f,0f,0f,0f,1f],start_interpolation:0}
execute if entity @s[tag=aj.heiloang_aj.bone.leg_left_0] run data modify entity @s {} merge value {transformation:[-0.9567183698439083f,0.05594855969970193f,0.2855866234100316f,0.30560581671293047f,-0.14837553960380556f,0.7504342555955179f,-0.6440754049613138f,1.199594177241503f,-0.2503490763923324f,-0.6585728408432356f,-0.7096528399528719f,-0.10063855163537744f,0f,0f,0f,1f],start_interpolation:0}
execute if entity @s[tag=aj.heiloang_aj.bone.tail_4] run data modify entity @s {} merge value {transformation:[-0.5547050707571396f,1.3196623997277903f,0.6600362103011324f,0.9843504378487968f,-1.2961622193684454f,-0.09886228762800205f,-0.8916524619236452f,-1.654616642281448f,-0.7050674785053238f,-0.8564880399149317f,1.119893946730893f,-1.8106852489115361f,0f,0f,0f,1f],start_interpolation:0}
execute if entity @s[tag=aj.heiloang_aj.bone.tail_3] run data modify entity @s {} merge value {transformation:[-0.19451937424710292f,0.8608204812263283f,0.4702662141210956f,0.333456876034487f,-0.2069140610813315f,0.432626480093417f,-0.8775083475664553f,-0.4932762383918802f,-0.958826774954343f,-0.26799706681837515f,0.0939616294420276f,-1.9292533301235468f,0f,0f,0f,1f],start_interpolation:0}
execute if entity @s[tag=aj.heiloang_aj.bone.tail_2] run data modify entity @s {} merge value {transformation:[-0.015665871656538016f,0.8602973918376824f,0.5095517422819023f,-0.04980450482336801f,-0.09719219767756909f,0.5058907743697565f,-0.8571045450341354f,0.1870792448175832f,-0.9951423301095401f,-0.06295174346155263f,0.07568897422548204f,-1.989667925295142f,0f,0f,0f,1f],start_interpolation:0}
execute if entity @s[tag=aj.heiloang_aj.bone.tail_1] run data modify entity @s {} merge value {transformation:[-0.6676596634955922f,0.6463899275756729f,0.36933810427529545f,-0.32752020618991884f,0.2505659797849955f,0.6622777506749603f,-0.7061195867098577f,0.75008659472399f,-0.7010329974511457f,-0.3789040016806781f,-0.6041394656824124f,-1.5239408323275403f,0f,0f,0f,1f],start_interpolation:0}
execute if entity @s[tag=aj.heiloang_aj.bone.tail_ring] run data modify entity @s {} merge value {transformation:[-0.8719161292141977f,0.387121720455199f,-0.29983168139464067f,-0.35860168738402126f,0.47025999887540987f,0.8326648667124632f,-0.2924461543607906f,0.7338849898372737f,0.13644704860798623f,-0.39598736506929433f,-0.9080617873424954f,-1.6667176697596862f,0f,0f,0f,1f],start_interpolation:0}
execute if entity @s[tag=aj.heiloang_aj.bone.tail_0] run data modify entity @s {} merge value {transformation:[-0.8719161292141977f,0.387121720455199f,-0.29983168139464067f,0.05148568918031652f,0.47025999887540987f,0.8326648667124632f,-0.2924461543607906f,1.1235879193694105f,0.13644704860798623f,-0.39598736506929433f,-0.9080617873424954f,-0.38929832952300736f,0f,0f,0f,1f],start_interpolation:0}
execute if entity @s[tag=aj.heiloang_aj.bone.body_1] run data modify entity @s {} merge value {transformation:[-0.8660254037844386f,0.43489438079245735f,0.24671213499774408f,-0.0018960387843347866f,0f,0.49342426999548816f,-0.8697887615849147f,1.4642480341220852f,-0.5f,-0.7532591634587426f,-0.4273179526598845f,-0.290739714492411f,0f,0f,0f,1f],start_interpolation:0}