execute if entity @s[tag=aj.heiloang_aj.bone.head_lower] run data modify entity @s {} merge value {transformation:[-0.42537341578516064f,-0.40554224408072503f,-0.5427641710809902f,-0.321524293021475f,-0.6773892193228102f,0.26797288006401193f,0.3306574981690762f,0.4712366107636635f,0.01418811786315452f,0.6353943844701249f,-0.4858731043135982f,1.9569234398274464f,0f,0f,0f,1f],start_interpolation:0}
execute if entity @s[tag=aj.heiloang_aj.bone.horne_right] run data modify entity @s {} merge value {transformation:[0.014790037978367698f,-0.6457727934466575f,-0.4719732556201663f,-0.9078876955261777f,-0.7134445834045795f,-0.22407473524955843f,0.28423113733985306f,0.4411717982091986f,-0.3616325223030484f,0.4156537167726773f,-0.5800464692986196f,2.117270055337169f,0f,0f,0f,1f],start_interpolation:0}
execute if entity @s[tag=aj.heiloang_aj.bone.horne_left] run data modify entity @s {} merge value {transformation:[-0.6420263962581854f,-0.0710165648776992f,-0.4719732556201663f,-0.5462352174256342f,-0.28540285580784164f,0.691200311388256f,0.28423113733985306f,1.0170881124774518f,0.3825536778080378f,0.3964830097869893f,-0.5800464692986196f,2.105207317529915f,0f,0f,0f,1f],start_interpolation:0}
execute if entity @s[tag=aj.heiloang_aj.bone.head_upper] run data modify entity @s {} merge value {transformation:[-0.6230763451067087f,-0.7120354037207821f,-0.6913346255010292f,-0.5344701097639291f,-0.9922227937335694f,0.46402746404015405f,0.4163346641969833f,0.6026135111568337f,0.020782400343002164f,0.8067504005977608f,-0.8496375670668856f,1.881269046420836f,0f,0f,0f,1f],start_interpolation:0}
execute if entity @s[tag=aj.heiloang_aj.bone.neck_0] run data modify entity @s {} merge value {transformation:[-0.7698534164436137f,-0.2925817075266945f,-0.5672051318622385f,-0.7572899393864483f,-0.6247946165627497f,0.16416858971877907f,0.7633350255713109f,0.9189455360811865f,-0.1302205986175093f,0.9420427902014384f,-0.3091892254351473f,1.6869866947695435f,0f,0f,0f,1f],start_interpolation:0}
execute if entity @s[tag=aj.heiloang_aj.bone.neck_1] run data modify entity @s {} merge value {transformation:[-0.9737936675422382f,-0.1578275514699376f,-0.16375700611467248f,-0.8189275332032654f,-0.2099236014350251f,0.3466951291084974f,0.9141851940460375f,1.2563699702651978f,-0.08750985438900827f,0.9246042134067132f,-0.37074124930383434f,1.5634457064978966f,0f,0f,0f,1f],start_interpolation:0}
execute if entity @s[tag=aj.heiloang_aj.bone.neck_2] run data modify entity @s {} merge value {transformation:[-0.9435863384873728f,-0.3245689450382697f,0.06557302598429904f,-0.7811771294120289f,-0.1442332893128621f,0.5811274278051287f,0.8009292546202738f,1.565113704032554f,-0.2980630471460443f,0.7462880895266517f,-0.5951575483489017f,1.2945365266003954f,0f,0f,0f,1f],start_interpolation:0}
execute if entity @s[tag=aj.heiloang_aj.bone.neck_3] run data modify entity @s {} merge value {transformation:[-0.7824436124885723f,-0.06922479063387377f,0.6188617952641196f,-0.45923978552665945f,0.275234529423357f,0.8530177635852557f,0.4434034830953765f,1.7739181151169898f,-0.5585946178481633f,0.517270358100776f,-0.648385247782026f,0.946470812563839f,0f,0f,0f,1f],start_interpolation:0}
execute if entity @s[tag=aj.heiloang_aj.bone.wing_right_2] run data modify entity @s {} merge value {transformation:[-1.4411364098091533f,1.8511982410804242f,0.17253094465669824f,-4.625018075508799f,1.7827918918587276f,1.4378764637049328f,-0.5364143470929753f,3.232103765546671f,-0.5275935224831414f,-0.19786953698117954f,-2.283871434141968f,-0.17060353746074777f,0f,0f,0f,1f],start_interpolation:0}
execute if entity @s[tag=aj.heiloang_aj.bone.wing_right_1] run data modify entity @s {} merge value {transformation:[-3.009034738573797f,1.4397044775234955f,0.24531557707351762f,-2.658681100323599f,1.3547525364825859f,2.9614422642095217f,-0.7627083672987853f,2.356726890959438f,-0.5455036937089568f,-0.586795966288433f,-3.247355075595754f,0.23595357554879468f,0f,0f,0f,1f],start_interpolation:0}
execute if entity @s[tag=aj.heiloang_aj.bone.wing_right_0] run data modify entity @s {} merge value {transformation:[-2.16880709774712f,0.44515647456329527f,0.16282348084993678f,-0.6401117554576191f,0.3980650710194328f,2.1245405120387724f,-0.5062329621234908f,1.9824181811381785f,-0.25733241536193113f,-0.4653636490535199f,-2.1553692728030582f,0.45802763614213626f,0f,0f,0f,1f],start_interpolation:0}
execute if entity @s[tag=aj.heiloang_aj.bone.wing_left_2] run data modify entity @s {} merge value {transformation:[-1.1363335382676172f,-1.0973658657210772f,1.7430175710185583f,2.8572561621835577f,-1.9814429386934937f,1.1259017298212572f,-0.5829281103259643f,3.54808865567313f,-0.56232195122625f,-1.749774116238075f,-1.4682167999424922f,3.3293866991061623f,0f,0f,0f,1f],start_interpolation:0}
execute if entity @s[tag=aj.heiloang_aj.bone.wing_left_1] run data modify entity @s {} merge value {transformation:[-2.200604526077736f,-0.44990831787492425f,2.4783343192985763f,1.3787747714203968f,-1.5186791190216278f,2.8624900169780205f,-0.8288446229836212f,2.56639230606254f,-2.0095203970484783f,-1.6706143124934982f,-2.087604935239903f,2.0454787923583604f,0f,0f,0f,1f],start_interpolation:0}
execute if entity @s[tag=aj.heiloang_aj.bone.wing_left_0] run data modify entity @s {} merge value {transformation:[-1.4884451865622872f,-0.08415260816628439f,1.6449465842811943f,0.007518985713263121f,-0.7225040679160064f,2.0257702897301937f,-0.550129625716766f,1.8899625311620676f,-1.4801752593677477f,-0.904197473887899f,-1.3856074948449006f,0.6576220171607369f,0f,0f,0f,1f],start_interpolation:0}
execute if entity @s[tag=aj.heiloang_aj.bone.kazari_right] run data modify entity @s {} merge value {transformation:[-2.5085463347595662f,0.5168216912250438f,-0.5890337973324459f,-1.661475286525939f,0.27464724316483974f,-1.2703163491064238f,-2.2842362954762643f,2.8818333716395648f,-0.7339171388805066f,-2.241888021563178f,1.158522300426383f,-3.2924511924132878f,0f,0f,0f,1f],start_interpolation:0}
execute if entity @s[tag=aj.heiloang_aj.bone.kazari_left] run data modify entity @s {} merge value {transformation:[-2.5085463347595662f,0.5168216912250438f,-0.5890337973324459f,3.1817995195646276f,0.27464724316483974f,-1.2703163491064238f,-2.2842362954762643f,2.351569268102489f,-0.7339171388805066f,-2.241888021563178f,1.158522300426383f,-1.8754702344599163f,0f,0f,0f,1f],start_interpolation:0}
execute if entity @s[tag=aj.heiloang_aj.bone.ring] run data modify entity @s {} merge value {transformation:[-2.0859016934190033f,-0.7059764833968113f,-0.05947786198606576f,-0.23566748551964695f,0.29778295653886944f,-1.0414491940155515f,1.9182375173224393f,3.621233396919135f,-0.6428574662946145f,1.8082884357754039f,1.081551430517402f,1.0767472291558298f,0f,0f,0f,1f],start_interpolation:0}
execute if entity @s[tag=aj.heiloang_aj.bone.body_0] run data modify entity @s {} merge value {transformation:[-1.06860559673745f,0.15549059261108997f,0.32795903733320714f,-0.13471534593159765f,0.15255394584242282f,1.1177209926961948f,-0.03285501532206524f,1.8597008969870705f,-0.3293353126632172f,0.01322248211789538f,-1.0793589735288889f,-0.0667886762872556f,0f,0f,0f,1f],start_interpolation:0}
execute if entity @s[tag=aj.heiloang_aj.bone.leg_right_3] run data modify entity @s {} merge value {transformation:[-0.8475013888526003f,-0.429553767531986f,0.31180916710704615f,-0.6823171142546327f,0.17586985410382736f,0.32701033975412896f,0.9285117296574061f,0.2577138440506249f,-0.5008105333461067f,0.8417528131779339f,-0.2015961586851852f,-0.5312665798726777f,0f,0f,0f,1f],start_interpolation:0}
execute if entity @s[tag=aj.heiloang_aj.bone.leg_right_2] run data modify entity @s {} merge value {transformation:[-0.8475013888526003f,0.3276409926838024f,0.4176036108633231f,-0.5027524762463591f,0.17586985410382736f,0.9156452086330935f,-0.36147426785977094f,0.8316484052568418f,-0.5008105333461067f,-0.2329060579298686f,-0.8336327595945092f,-0.6335876956326987f,0f,0f,0f,1f],start_interpolation:0}
execute if entity @s[tag=aj.heiloang_aj.bone.leg_right_1] run data modify entity @s {} merge value {transformation:[-0.8525912895394094f,0.05143238407243231f,0.5200411549773271f,-0.865847308728289f,0.046652857156192246f,0.9986626078703453f,-0.022282427174007025f,0.9223436251199489f,-0.5204916943820435f,0.005263602400143841f,-0.853850508326301f,-0.030691076964361408f,0f,0f,0f,1f],start_interpolation:0}
execute if entity @s[tag=aj.heiloang_aj.bone.leg_right_0] run data modify entity @s {} merge value {transformation:[-0.6970855438122252f,0.6926011166118604f,0.18540614303743572f,-0.3222133637257457f,0.15494157322549512f,0.3979970250928381f,-0.9042076514295041f,1.146545369826529f,-0.7000463223918991f,-0.6015829629280194f,-0.38475067929806517f,-0.4708413331493378f,0f,0f,0f,1f],start_interpolation:0}
execute if entity @s[tag=aj.heiloang_aj.bone.leg_left_3] run data modify entity @s {} merge value {transformation:[-0.8989324034956999f,-0.41364995404185123f,0.1442714436976993f,0.6283063489838527f,-0.07614790816054529f,0.47184362755669135f,0.8783877772469944f,-0.0017810142593644995f,-0.43141862503630635f,0.7786252671570046f,-0.4556541049046592f,-0.2257889058174963f,0f,0f,0f,1f],start_interpolation:0}
execute if entity @s[tag=aj.heiloang_aj.bone.leg_left_2] run data modify entity @s {} merge value {transformation:[-0.8989324034956999f,-0.041347282085845274f,0.4361317876623505f,0.5825839706580838f,-0.07614790816054529f,0.9951289163254884f,-0.06260939207205268f,0.6063945983549591f,-0.43141862503630635f,-0.089492134609542f,-0.8977021375795039f,-0.23786528117675954f,0f,0f,0f,1f],start_interpolation:0}
execute if entity @s[tag=aj.heiloang_aj.bone.leg_left_1] run data modify entity @s {} merge value {transformation:[-0.9118562121029765f,0.014425672529322114f,0.41025619851659545f,0.2941783734200241f,0.05175202550475519f,0.995448576406047f,0.08002411878508431f,0.6246580926990315f,-0.4072345470430603f,0.09420207908136041f,-0.9084525259975794f,0.41023692475909035f,0f,0f,0f,1f],start_interpolation:0}
execute if entity @s[tag=aj.heiloang_aj.bone.leg_left_0] run data modify entity @s {} merge value {transformation:[-0.9548006709233683f,0.04022275445731245f,0.2945128330449328f,0.3089535282746363f,-0.1549415732254951f,0.7782042954734557f,-0.6085977188529965f,1.146545369826529f,-0.25367062835632787f,-0.626721791970352f,-0.736797806578424f,-0.10643695814933776f,0f,0f,0f,1f],start_interpolation:0}
execute if entity @s[tag=aj.heiloang_aj.bone.tail_4] run data modify entity @s {} merge value {transformation:[-0.5357379268497917f,1.2737858468694832f,0.7584911691887746f,1.1054520317166159f,-1.2653706235421565f,0.027328173643521404f,-0.9396513819973432f,-1.638845425222439f,-0.7724483299864754f,-0.9282118028381108f,1.0132131020968895f,-1.9700336676404469f,0f,0f,0f,1f],start_interpolation:0}
execute if entity @s[tag=aj.heiloang_aj.bone.tail_3] run data modify entity @s {} merge value {transformation:[-0.22191537329811858f,0.8270283545127656f,0.5165052448193181f,0.3936503029068814f,-0.1664254885045063f,0.48981407188029585f,-0.8557947953593085f,-0.5080138715639632f,-0.9607580985190772f,-0.2758736591629425f,0.02894132529887769f,-2.0015082369596904f,0f,0f,0f,1f],start_interpolation:0}
execute if entity @s[tag=aj.heiloang_aj.bone.tail_2] run data modify entity @s {} merge value {transformation:[-0.04408906551136202f,0.8347237068408724f,0.5489011637263743f,-0.020888906166886878f,-0.055941229751906685f,0.5465106048523216f,-0.8355816761979609f,0.156231329649692f,-0.9974601411165156f,-0.06754622137309152f,0.02260032880376034f,-2.020438363877521f,0f,0f,0f,1f],start_interpolation:0}
execute if entity @s[tag=aj.heiloang_aj.bone.tail_1] run data modify entity @s {} merge value {transformation:[-0.6840019926330989f,0.6214287394839794f,0.38205705832676684f,-0.30896585055508174f,0.250678599823918f,0.6920784166212774f,-0.6768956380693448f,0.6969038797848005f,-0.6850558471134088f,-0.3672244368098858f,-0.6291619023315f,-1.5349593431149726f,0f,0f,0f,1f],start_interpolation:0}
execute if entity @s[tag=aj.heiloang_aj.bone.tail_ring] run data modify entity @s {} merge value {transformation:[-0.8838510843536013f,0.3681456041603506f,-0.2885759429064969f,-0.3390183419572839f,0.447871704534349f,0.8440378704999193f,-0.29497628623239946f,0.6806914096846128f,0.13497480122030275f,-0.38996010988224417f,-0.9108857863289821f,-1.6779550750618424f,0f,0f,0f,1f],start_interpolation:0}
execute if entity @s[tag=aj.heiloang_aj.bone.tail_0] run data modify entity @s {} merge value {transformation:[-0.8838510843536013f,0.3681456041603506f,-0.2885759429064969f,0.05577468258079328f,0.447871704534349f,0.8440378704999193f,-0.29497628623239946f,1.073671693191368f,0.13497480122030275f,-0.38996010988224417f,-0.9108857863289821f,-0.3967270840059608f,0f,0f,0f,1f],start_interpolation:0}
execute if entity @s[tag=aj.heiloang_aj.bone.body_1] run data modify entity @s {} merge value {transformation:[-0.8660254037844386f,0.42851705476914304f,0.2576298386677663f,-0.0018960387843347866f,0f,0.5152596773355326f,-0.8570341095382861f,1.4113897540962754f,-0.5f,-0.742213310769931f,-0.44622797011834414f,-0.290739714492411f,0f,0f,0f,1f],start_interpolation:0}