execute if entity @s[tag=aj.heiloang_aj.bone.head_lower] run data modify entity @s {} merge value {transformation:[-0.38576486843217905f,-0.46267193359027375f,-0.5264220247589769f,-0.2890506432263439f,-0.7007122637171743f,0.2663679169123291f,0.27937511756801064f,0.22409813244372753f,0.01370364038702196f,0.5958043426391114f,-0.5336941029583512f,2.017754621644948f,0f,0f,0f,1f],start_interpolation:0}
execute if entity @s[tag=aj.heiloang_aj.bone.horne_right] run data modify entity @s {} merge value {transformation:[0.07096384425395791f,-0.6484476796661474f,-0.4631195737002373f,-0.8788478435206764f,-0.7191756938949397f,-0.25234279819627803f,0.24312431698455117f,0.16321933911660652f,-0.343147860432543f,0.3947641307591939f,-0.6053187812603421f,2.1551227580676673f,0f,0f,0f,1f],start_interpolation:0}
execute if entity @s[tag=aj.heiloang_aj.bone.horne_left] run data modify entity @s {} merge value {transformation:[-0.6397952339191277f,-0.12720974455630013f,-0.4631195737002373f,-0.5508705523796377f,-0.3140628494322436f,0.694445889250772f,0.24312431698455117f,0.758964905728948f,0.36335462741083735f,0.3762480402508769f,-0.6053187812603421f,2.143471923010621f,0f,0f,0f,1f],start_interpolation:0}
execute if entity @s[tag=aj.heiloang_aj.bone.head_upper] run data modify entity @s {} merge value {transformation:[-0.5650587351577452f,-0.7705130395578939f,-0.6783659735667652f,-0.5059046434789787f,-1.0263858060863242f,0.43917093532343476f,0.356122421411046f,0.3410405467965561f,0.02007274984790009f,0.7658985950100673f,-0.8866558178206178f,1.9304149836418532f,0f,0f,0f,1f],start_interpolation:0}
execute if entity @s[tag=aj.heiloang_aj.bone.neck_0] run data modify entity @s {} merge value {transformation:[-0.7355245470654586f,-0.30194870098829424f,-0.6064904142982259f,-0.7449458566540804f,-0.6648405648706164f,0.1494540115069952f,0.7318814943329192f,0.6449147835353863f,-0.13034824113378735f,0.9415362342554576f,-0.3106748390478048f,1.7355303888708062f,0f,0f,0f,1f],start_interpolation:0}
execute if entity @s[tag=aj.heiloang_aj.bone.neck_1] run data modify entity @s {} merge value {transformation:[-0.9750217825583437f,-0.14205498258072868f,-0.17074221932708594f,-0.8089316884289404f,-0.21048299037017615f,0.34550273931349884f,0.9145079375771961f,0.9824419267761084f,-0.0709185046484924f,0.9276034923666775f,-0.3667728542948134f,1.6134727858839426f,0f,0f,0f,1f],start_interpolation:0}
execute if entity @s[tag=aj.heiloang_aj.bone.neck_2] run data modify entity @s {} merge value {transformation:[-0.9498240453492048f,-0.3090805458599032f,0.047994781460237335f,-0.7789039829692785f,-0.14562738605273406f,0.5727833973698978f,0.8066671210163742f,1.293816707603847f,-0.2768157280717981f,0.7592024735657421f,-0.5890540355720673f,1.3466319795415433f,0f,0f,0f,1f],start_interpolation:0}
execute if entity @s[tag=aj.heiloang_aj.bone.neck_3] run data modify entity @s {} merge value {transformation:[-0.7985743199297253f,-0.06184963183408382f,0.5987100121016559f,-0.4675737855597695f,0.2772165907390425f,0.8451290941100381f,0.4570643019398567f,1.5098816264324806f,-0.5342565089615651f,0.5309721624819274f,-0.6577526475062386f,0.9933868298273618f,0f,0f,0f,1f],start_interpolation:0}
execute if entity @s[tag=aj.heiloang_aj.bone.wing_right_2] run data modify entity @s {} merge value {transformation:[1.0219439867228364f,-2.112597927823555f,-0.16166783748681926f,-2.7966531898441156f,-2.069759365923796f,-1.0337765180387557f,0.42541542548831f,-1.5239633060988707f,-0.4531033673377058f,-0.042568913872641535f,-2.3079127436712032f,0.02563019993740473f,0f,0f,0f,1f],start_interpolation:0}
execute if entity @s[tag=aj.heiloang_aj.bone.wing_right_1] run data modify entity @s {} merge value {transformation:[-0.6110772517734506f,-3.2803907206311047f,-0.22986971366917047f,-2.393072610772953f,-3.241319391371047f,0.5614124740063784f,0.604882972195499f,0.5889840748685755f,-0.5546638336749844f,0.33327395176847574f,-3.2815385534205728f,0.43870469702073367f,0f,0f,0f,1f],start_interpolation:0}
execute if entity @s[tag=aj.heiloang_aj.bone.wing_right_0] run data modify entity @s {} merge value {transformation:[-1.864557240252561f,-1.1952188957038554f,-0.15257158704755194f,-0.6600222290144147f,-1.2014870508300042f,1.8230861627833888f,0.40147940140878574f,1.7097368489183749f,-0.09085793586457688f,0.41977212201406844f,-2.178057896629525f,0.5057546218186344f,0f,0f,0f,1f],start_interpolation:0}
execute if entity @s[tag=aj.heiloang_aj.bone.wing_left_2] run data modify entity @s {} merge value {transformation:[0.45414791524996406f,1.7104972501232583f,1.5496853986264083f,2.3710080445136748f,2.303133104502191f,-0.23227848145244956f,-0.4185697269526903f,-0.3545785492893627f,-0.1513392888222258f,1.5980681683507507f,-1.7195495210327223f,3.2799248611072565f,0f,0f,0f,1f],start_interpolation:0}
execute if entity @s[tag=aj.heiloang_aj.bone.wing_left_1] run data modify entity @s {} merge value {transformation:[-1.3706325144012046f,2.1103145886527437f,2.2034422207731317f,1.4401065574478598f,2.4415763783808226f,2.2071975104773967f,-0.5951493183858683f,1.2530202407530318f,-1.8295600760562671f,1.3645769525980502f,-2.4449659387073672f,2.1192771926418716f,0f,0f,0f,1f],start_interpolation:0}
execute if entity @s[tag=aj.heiloang_aj.bone.wing_left_0] run data modify entity @s {} merge value {transformation:[-1.5691808668068412f,0.5720033238744223f,1.4624922580047874f,-0.007706156274326886f,0.41375355301228f,2.145033352788129f,-0.3950188765062135f,1.6346967401898655f,-1.5148859378240473f,-0.006641754521915173f,-1.6227989655160073f,0.697233770509065f,0f,0f,0f,1f],start_interpolation:0}
execute if entity @s[tag=aj.heiloang_aj.bone.kazari_right] run data modify entity @s {} merge value {transformation:[-2.506161585685896f,0.5369058141640679f,-0.5811681699004391f,-1.7420205760754395f,0.28964695328954143f,-1.1738326862274517f,-2.333472017348908f,2.606273678524672f,-0.7362940563651812f,-2.28926170631868f,1.0601990808807762f,-3.298195884318007f,0f,0f,0f,1f],start_interpolation:0}
execute if entity @s[tag=aj.heiloang_aj.bone.kazari_left] run data modify entity @s {} merge value {transformation:[-2.506161585685896f,0.5369058141640679f,-0.5811681699004391f,3.096649971785047f,0.28964695328954143f,-1.1738326862274517f,-2.333472017348908f,2.0470494887659507f,-0.7362940563651812f,-2.28926170631868f,1.0601990808807762f,-1.8766257886595972f,0f,0f,0f,1f],start_interpolation:0}
execute if entity @s[tag=aj.heiloang_aj.bone.ring] run data modify entity @s {} merge value {transformation:[-2.100992300509034f,-0.6563226193649454f,-0.08943298214709668f,-0.28452341034532724f,0.24169064239932833f,-1.0365114121952959f,1.9287705958847312f,3.3628216135533657f,-0.6167197680976231f,1.829702434135911f,1.0605526936172305f,1.0959469067954233f,0f,0f,0f,1f],start_interpolation:0}
execute if entity @s[tag=aj.heiloang_aj.bone.body_0] run data modify entity @s {} merge value {transformation:[-1.0763365014322634f,0.1284385502777047f,0.3140949703907884f,-0.15890580488914838f,0.12381790281001118f,1.1212281151479795f,-0.03419088596560781f,1.5947747112901736f,-0.3159449929433277f,0.001851632237808361f,-1.0834332968991538f,-0.024889572314368114f,0f,0f,0f,1f],start_interpolation:0}
execute if entity @s[tag=aj.heiloang_aj.bone.leg_right_3] run data modify entity @s {} merge value {transformation:[-0.8463715515654093f,-0.2703794978766824f,0.4588574112169429f,-0.7143209354093365f,0.21368697628431876f,0.6167734596260102f,0.7575806067128613f,-0.0035451571271872817f,-0.4878453370354447f,0.7392465262880273f,-0.4642429326374908f,-0.548782450306665f,0f,0f,0f,1f],start_interpolation:0}
execute if entity @s[tag=aj.heiloang_aj.bone.leg_right_2] run data modify entity @s {} merge value {transformation:[-0.8463715515654093f,0.35800617662023415f,0.39431811295263036f,-0.5151901154092424f,0.21368697628431876f,0.9064340918222669f,-0.3643008555422386f,0.5649206980987747f,-0.4878453370354447f,-0.22407323509090443f,-0.8436812860604823f,-0.6452575168715364f,0f,0f,0f,1f],start_interpolation:0}
execute if entity @s[tag=aj.heiloang_aj.bone.leg_right_1] run data modify entity @s {} merge value {transformation:[-0.8625302134444319f,0.13214840162952268f,0.4884449107548003f,-0.8499301763476814f,0.08435624778086638f,0.9893399903537856f,-0.11870301995781057f,0.7229531881186642f,-0.4989244976505318f,-0.06118156122177387f,-0.8644831763606684f,-0.03984638649494998f,0f,0f,0f,1f],start_interpolation:0}
execute if entity @s[tag=aj.heiloang_aj.bone.leg_right_0] run data modify entity @s {} merge value {transformation:[-0.7065309186603387f,0.6957515509236998f,0.12939799211828654f,-0.3074296358588682f,0.18272081054954262f,0.35599583520954536f,-0.9164497098616904f,0.9146433609628899f,-0.6836864532584332f,-0.6238563494112443f,-0.3786503518157345f,-0.49644750094004153f,0f,0f,0f,1f],start_interpolation:0}
execute if entity @s[tag=aj.heiloang_aj.bone.leg_left_3] run data modify entity @s {} merge value {transformation:[-0.8954886803194007f,-0.4082070855725473f,0.1773893985225305f,0.6843491094718097f,-0.06319989921783016f,0.5111338250668712f,0.8571744195969484f,-0.1122874186152869f,-0.4405743934441427f,0.7563789976994841f,-0.48351320114392915f,-0.3652524403398813f,0f,0f,0f,1f],start_interpolation:0}
execute if entity @s[tag=aj.heiloang_aj.bone.leg_left_2] run data modify entity @s {} merge value {transformation:[-0.8954886803194007f,-0.04996365746197348f,0.44227102138037566f,0.6330967525744127f,-0.06319989921783016f,0.9978846367046079f,-0.015232352666906979f,0.4953290497989501f,-0.4405743934441427f,-0.04159188336605474f,-0.8967520945497649f,-0.3482414519893168f,0f,0f,0f,1f],start_interpolation:0}
execute if entity @s[tag=aj.heiloang_aj.bone.leg_left_1] run data modify entity @s {} merge value {transformation:[-0.9221938496268034f,-0.09607890039298753f,0.37460292125098427f,0.3615532782559796f,0.051331601267366266f,0.9296658528072326f,0.3648101819241469f,0.3077008368754127f,-0.3833061053803146f,0.3556546738389297f,-0.8524002478617071f,0.2799365549108028f,0f,0f,0f,1f],start_interpolation:0}
execute if entity @s[tag=aj.heiloang_aj.bone.leg_left_0] run data modify entity @s {} merge value {transformation:[-0.9453552960752547f,-0.03496942864069763f,0.32416123032067f,0.32373725614151383f,-0.18272081054954256f,0.8802534260467473f,-0.4379121045656101f,0.9146433609628899f,-0.2700304974897937f,-0.47321353001948996f,-0.8385418805473628f,-0.13204312594004153f,0f,0f,0f,1f],start_interpolation:0}
execute if entity @s[tag=aj.heiloang_aj.bone.tail_4] run data modify entity @s {} merge value {transformation:[-0.4676636845432445f,1.2391813395508742f,0.8547365965933668f,1.3064934312166518f,-1.199601094069369f,0.23394941024051058f,-0.9955296340357552f,-1.6103740027954034f,-0.9094516243070234f,-0.9458074036740736f,0.8736134510687769f,-2.297579472449857f,0f,0f,0f,1f],start_interpolation:0}
execute if entity @s[tag=aj.heiloang_aj.bone.tail_3] run data modify entity @s {} merge value {transformation:[-0.2306902475388725f,0.7819799807541804f,0.5790417250856326f,0.5122987156525352f,-0.07585429578633038f,0.5788290907618218f,-0.8119131785471909f,-0.5405056233081047f,-0.9700660469788711f,-0.23122325442639666f,-0.07421368547142838f,-2.1923713133401486f,0f,0f,0f,1f],start_interpolation:0}
execute if entity @s[tag=aj.heiloang_aj.bone.tail_2] run data modify entity @s {} merge value {transformation:[-0.05904453954669425f,0.7921903102781804f,0.6074111084356946f,0.05116913471616874f,0.04649289450641153f,0.6099946782596856f,-0.7910403929353282f,0.09002360713206187f,-0.9971720779836016f,-0.01846631517717923f,-0.07284807542854166f,-2.1356686498578874f,0f,0f,0f,1f],start_interpolation:0}
execute if entity @s[tag=aj.heiloang_aj.bone.tail_1] run data modify entity @s {} merge value {transformation:[-0.7049667037488938f,0.5723865452256524f,0.41880256619326195f,-0.2664521572112968f,0.2728722906062886f,0.76393381242817f,-0.5847613558095633f,0.5599080879273922f,-0.6546469732800241f,-0.2979576699358546f,-0.6947363293377562f,-1.597774327913294f,0f,0f,0f,1f],start_interpolation:0}
execute if entity @s[tag=aj.heiloang_aj.bone.tail_ring] run data modify entity @s {} merge value {transformation:[-0.9097804051740892f,0.3155042308632897f,-0.269734489208618f,-0.29542966259901937f,0.37910177982401005f,0.896221739635979f,-0.2303658697336205f,0.5545991019574577f,0.16906050661091096f,-0.31183917924344196f,-0.9349731928741263f,-1.7418086801724881f,0f,0f,0f,1f],start_interpolation:0}
execute if entity @s[tag=aj.heiloang_aj.bone.tail_0] run data modify entity @s {} merge value {transformation:[-0.9097804051740892f,0.3155042308632897f,-0.269734489208618f,0.07423323289985449f,0.37910177982401005f,0.896221739635979f,-0.2303658697336205f,0.8561459349041027f,0.16906050661091096f,-0.31183917924344196f,-0.9349731928741263f,-0.4286982309926415f,0f,0f,0f,1f],start_interpolation:0}
execute if entity @s[tag=aj.heiloang_aj.bone.body_1] run data modify entity @s {} merge value {transformation:[-0.8660254037844386f,0.39710637075944105f,0.30381989780504065f,-0.0018960387843347866f,0f,0.6076397956100813f,-0.7942127415188821f,1.178301960733882f,-0.5f,-0.6878084101646358f,-0.5262314993487144f,-0.290739714492411f,0f,0f,0f,1f],start_interpolation:0}