execute if entity @s[tag=aj.heiloang_aj.bone.head_lower] run data modify entity @s {} merge value {transformation:[-0.44846498623087705f,-0.3731233671719074f,-0.5474103661744424f,-0.3143068235357418f,-0.6616273197002752f,0.2857801922118544f,0.3472448294295909f,0.45647504519183335f,0.03359234959286277f,0.6473860012462841f,-0.46878877913104694f,1.974574802002706f,0f,0f,0f,1f],start_interpolation:0}
execute if entity @s[tag=aj.heiloang_aj.bone.horne_right] run data modify entity @s {} merge value {transformation:[-0.007079216215633344f,-0.6560865381945739f,-0.45771207008077913f,-0.9025063005828067f,-0.7254921560549483f,-0.187596554211083f,0.2801225880768475f,0.45190175505967456f,-0.33706233281177417f,0.4175619561789461f,-0.5933220007310508f,2.1308995603590724f,0f,0f,0f,1f],start_interpolation:0}
execute if entity @s[tag=aj.heiloang_aj.bone.horne_left] run data modify entity @s {} merge value {transformation:[-0.6542069251861468f,-0.05012943188242913f,-0.45771207008077913f,-0.521221369289315f,-0.2501135004039308f,0.7063813223499203f,0.2801225880768475f,1.0144173022688485f,0.38659608890181524f,0.37217263130746614f,-0.5933220007310508f,2.1023393447352205f,0f,0f,0f,1f],start_interpolation:0}
execute if entity @s[tag=aj.heiloang_aj.bone.head_upper] run data modify entity @s {} merge value {transformation:[-0.656900300206333f,-0.7015321412462934f,-0.6704451974525734f,-0.5220624994841814f,-0.9691351572139707f,0.5153440373186653f,0.41031656395026433f,0.5923617044318188f,0.049205233874885575f,0.7844968389984049f,-0.8690832336208251f,1.8927103224126356f,0f,0f,0f,1f],start_interpolation:0}
execute if entity @s[tag=aj.heiloang_aj.bone.neck_0] run data modify entity @s {} merge value {transformation:[-0.7978210874666287f,-0.2564812213530299f,-0.5456179024618086f,-0.7380011167178634f,-0.5945589787118046f,0.18474668740578237f,0.782539636265005f,0.9155314363893364f,-0.09990562159729371f,0.9487286464452566f,-0.2998880160783524f,1.7019431958876028f,0f,0f,0f,1f],start_interpolation:0}
execute if entity @s[tag=aj.heiloang_aj.bone.neck_1] run data modify entity @s {} merge value {transformation:[-0.9642732369558878f,-0.16906569303453742f,-0.20394586519310864f,-0.8144223821341551f,-0.25178670053919283f,0.3456095057066733f,0.9039676581586179f,1.2492194168734763f,-0.08234428894708434f,0.9230226763216279f,-0.37583048981403655f,1.5765281273684992f,0f,0f,0f,1f],start_interpolation:0}
execute if entity @s[tag=aj.heiloang_aj.bone.neck_2] run data modify entity @s {} merge value {transformation:[-0.9339599590129375f,-0.3542317999766141f,0.047314129452840525f,-0.783160279352209f,-0.18373836356068343f,0.589504193151642f,0.7865907576450882f,1.5518064626218173f,-0.3065273376333572f,0.7259508510511987f,-0.6156592833227209f,1.2998989643449694f,0f,0f,0f,1f],start_interpolation:0}
execute if entity @s[tag=aj.heiloang_aj.bone.neck_3] run data modify entity @s {} merge value {transformation:[-0.77798904194788f,-0.10089986426596785f,0.6201227846161831f,-0.4598033219753034f,0.2328610062020014f,0.8704153694677487f,0.43376587738653927f,1.755202107978478f,-0.5835313208385744f,0.48186751497214647f,-0.6536779754703053f,0.9499515878296421f,0f,0f,0f,1f],start_interpolation:0}
execute if entity @s[tag=aj.heiloang_aj.bone.wing_right_2] run data modify entity @s {} merge value {transformation:[-2.2888367161036043f,-0.5033377713124666f,0.20360152579800417f,-4.8496644232562485f,-0.5349317359087421f,2.2415618640684145f,-0.47204285164887494f,2.056181532461853f,-0.09300823218799498f,-0.5055961865415335f,-2.2954951472876024f,0.035287413841961796f,0f,0f,0f,1f],start_interpolation:0}
execute if entity @s[tag=aj.heiloang_aj.bone.wing_right_1] run data modify entity @s {} merge value {transformation:[-3.3258350126971137f,-0.20550821049037796f,0.2894937246971538f,-2.676584736760085f,-0.26025438287009656f,3.2663439359009097f,-0.671180841130211f,2.236786267867404f,-0.2414702826744814f,-0.6899148068597999f,-3.2638824174226486f,0.24303982506281427f,0f,0f,0f,1f],start_interpolation:0}
execute if entity @s[tag=aj.heiloang_aj.bone.wing_right_0] run data modify entity @s {} merge value {transformation:[-2.186263027877562f,0.3342662652388894f,0.19214587390542176f,-0.6415441255343466f,0.2903902921990415f,2.1553695920891145f,-0.44548333267829343f,1.9631156548547692f,-0.2536285692349918f,-0.41357947896486386f,-2.1663389770409807f,0.4615809079383299f,0f,0f,0f,1f],start_interpolation:0}
execute if entity @s[tag=aj.heiloang_aj.bone.wing_left_2] run data modify entity @s {} merge value {transformation:[-1.485276301689454f,0.6121312303215735f,1.718378791426879f,2.9164407526588128f,0.263027274605731f,2.2646644693772506f,-0.5793854505204176f,2.706224390798552f,-1.805089185268746f,-0.17368420862664113f,-1.4983533746151336f,3.62326209746555f,0f,0f,0f,1f],start_interpolation:0}
execute if entity @s[tag=aj.heiloang_aj.bone.wing_left_1] run data modify entity @s {} merge value {transformation:[-2.2547991632804045f,0.36520975483770723f,2.4433013201693656f,1.4030101565761601f,-0.3710727895541036f,3.2203827500236804f,-0.8238074417620024f,2.475809947068763f,-2.442417755221763f,-0.8264233486665905f,-2.13045505248437f,2.056580421552141f,0f,0f,0f,1f],start_interpolation:0}
execute if entity @s[tag=aj.heiloang_aj.bone.wing_left_0] run data modify entity @s {} merge value {transformation:[-1.5154471536308156f,-0.04391067765390363f,1.6216941070806885f,0.006452742884772322f,-0.6446012697287182f,2.052782003013193f,-0.5467862938747359f,1.8718664003667942f,-1.488727351672018f,-0.8441314474020736f,-1.4140484333609293f,0.6605411379609492f,0f,0f,0f,1f],start_interpolation:0}
execute if entity @s[tag=aj.heiloang_aj.bone.kazari_right] run data modify entity @s {} merge value {transformation:[-2.498397935156795f,0.5354900333181758f,-0.6149214343128833f,-1.6622408566971716f,0.3171707840360465f,-1.187642537304512f,-2.3228814188191174f,2.930355539646429f,-0.751186155300052f,-2.28246047421594f,1.0644076908232702f,-3.301188820877156f,0f,0f,0f,1f],start_interpolation:0}
execute if entity @s[tag=aj.heiloang_aj.bone.kazari_left] run data modify entity @s {} merge value {transformation:[-2.498397935156795f,0.5354900333181758f,-0.6149214343128833f,3.161440335579221f,0.3171707840360465f,-1.187642537304512f,-2.3228814188191174f,2.3179908221747025f,-0.751186155300052f,-2.28246047421594f,1.0644076908232702f,-1.85086640496791f,0f,0f,0f,1f],start_interpolation:0}
execute if entity @s[tag=aj.heiloang_aj.bone.ring] run data modify entity @s {} merge value {transformation:[-2.0870809231845993f,-0.7017461827609353f,-0.06761509331062024f,-0.24686906905570133f,0.29389737447541375f,-1.0580930759631189f,1.9097093133928513f,3.6037379855844818f,-0.6408149804268045f,1.8002548773335938f,1.096067891729902f,1.104237656212583f,0f,0f,0f,1f],start_interpolation:0}
execute if entity @s[tag=aj.heiloang_aj.bone.body_0] run data modify entity @s {} merge value {transformation:[-1.0692097151056985f,0.1536202706478323f,0.3268696582849974f,-0.13649816560847042f,0.15056336558032737f,1.1179888386596588f,-0.03292423902273666f,1.8409477746393994f,-0.3282889489556249f,0.012415515139870254f,-1.0796872681082688f,-0.06370074202617843f,0f,0f,0f,1f],start_interpolation:0}
execute if entity @s[tag=aj.heiloang_aj.bone.leg_right_3] run data modify entity @s {} merge value {transformation:[-0.8474046060769176f,-0.42033307925761426f,0.32438485797187927f,-0.6845050670511452f,0.17868259961396876f,0.349549608974169f,0.919721479286637f,0.23886084219860337f,-0.4999779617091318f,0.8373381475531958f,-0.22110374139160135f,-0.5327622910418882f,0f,0f,0f,1f],start_interpolation:0}
execute if entity @s[tag=aj.heiloang_aj.bone.leg_right_2] run data modify entity @s {} merge value {transformation:[-0.8474046060769176f,0.3299163289100643f,0.41600558832560225f,-0.5034812143939145f,0.17868259961396876f,0.9150174395598439f,-0.36168441201763407f,0.8124235181393692f,-0.4999779617091318f,-0.23216007671400762f,-0.8343403002284666f,-0.6345963326841206f,0f,0f,0f,1f],start_interpolation:0}
execute if entity @s[tag=aj.heiloang_aj.bone.leg_right_1] run data modify entity @s {} merge value {transformation:[-0.8533037120399732f,0.05740186459555971f,0.5182449237182699f,-0.8648604306312324f,0.04941129907062404f,0.9983509277453365f,-0.029222398843681108f,0.9079923829305991f,-0.5190677205750281f,0.0006715735096505249f,-0.8547328532623895f,-0.03142184115034413f,0f,0f,0f,1f],start_interpolation:0}
execute if entity @s[tag=aj.heiloang_aj.bone.leg_right_0] run data modify entity @s {} merge value {transformation:[-0.6977072314401709f,0.6930335359680261f,0.18140875728516087f,-0.3211576345459723f,0.15699114101057504f,0.394988315058441f,-0.9051729186246635f,1.1298570894839228f,-0.6989695278338601f,-0.6030661232327252f,-0.3843863293208567f,-0.47266990972773837f,0f,0f,0f,1f],start_interpolation:0}
execute if entity @s[tag=aj.heiloang_aj.bone.leg_left_3] run data modify entity @s {} merge value {transformation:[-0.8985969864227425f,-0.4135500314493983f,0.14662819469722366f,0.6329593085883165f,-0.0753506075964902f,0.4746559417672182f,0.8769401478321739f,-0.010467082989625509f,-0.43225656955887326f,0.7769672505538933f,-0.4576856450009306f,-0.23698499337499918f,0f,0f,0f,1f],start_interpolation:0}
execute if entity @s[tag=aj.heiloang_aj.bone.leg_left_2] run data modify entity @s {} merge value {transformation:[-0.8985969864227425f,-0.042040371953615555f,0.4367562971703635f,0.5867859410371845f,-0.0753506075964902f,0.9953972836870478f,-0.05921599077349633f,0.5977116542709959f,-0.43225656955887326f,-0.08612116322048077f,-0.8976287669848521f,-0.24701465804809253f,0f,0f,0f,1f],start_interpolation:0}
execute if entity @s[tag=aj.heiloang_aj.bone.leg_left_1] run data modify entity @s {} merge value {transformation:[-0.9125671034207644f,0.006206226700602946f,0.4088798900708819f,0.2987344522603117f,0.05194937456982546f,0.9935430425093263f,0.10086369596200195f,0.6011270906277298f,-0.40561378703890194f,0.11328594542771814f,-0.906997106022124f,0.40149323526603875f,0f,0f,0f,1f],start_interpolation:0}
execute if entity @s[tag=aj.heiloang_aj.bone.leg_left_0] run data modify entity @s {} merge value {transformation:[-0.9541789832954226f,0.03515591150923823f,0.2971641460931452f,0.3100092574544097f,-0.15699114101057507f,0.7866158848159122f,-0.5971509284925189f,1.1298570894839228f,-0.25474742291436675f,-0.6164410041855054f,-0.7450531785565742f,-0.10826553472773837f,0f,0f,0f,1f],start_interpolation:0}
execute if entity @s[tag=aj.heiloang_aj.bone.tail_4] run data modify entity @s {} merge value {transformation:[-0.5352467905049817f,1.3350551330975293f,0.6449752154398867f,1.0066321387264283f,-1.2914249544079157f,-0.08290342532168214f,-0.9001127556534901f,-1.6690719270834107f,-0.7284139098577832f,-0.8340318802944796f,1.1218994439190288f,-1.8688375560337214f,0f,0f,0f,1f],start_interpolation:0}
execute if entity @s[tag=aj.heiloang_aj.bone.tail_3] run data modify entity @s {} merge value {transformation:[-0.1814971713748119f,0.8625790585722104f,0.47224585175056977f,0.35304724868637205f,-0.1901286882212463f,0.4403810994199363f,-0.8774483285008621f,-0.5080141234359987f,-0.9648367005344531f,-0.24904187396172456f,0.08407310102180371f,-1.9746861294807772f,0f,0f,0f,1f],start_interpolation:0}
execute if entity @s[tag=aj.heiloang_aj.bone.tail_2] run data modify entity @s {} merge value {transformation:[-0.00455523737074065f,0.8579983700628477f,0.5136322096422622f,-0.03345114124247095f,-0.0756809562596103f,0.5118686422138865f,-0.855723603728297f,0.1713692983765055f,-0.9971216789700879f,-0.04277020093019145f,0.06260245394762032f,-2.0244852624927585f,0f,0f,0f,1f],start_interpolation:0}
execute if entity @s[tag=aj.heiloang_aj.bone.tail_1] run data modify entity @s {} merge value {transformation:[-0.6674402214767227f,0.6407771119131325f,0.3793787600846523f,-0.31910826423012767f,0.2617490675557864f,0.6788294350340754f,-0.6860597814804441f,0.7189797361150456f,-0.697144874748986f,-0.35860185579495163f,-0.6208008800184139f,-1.5453946358630752f,0f,0f,0f,1f],start_interpolation:0}
execute if entity @s[tag=aj.heiloang_aj.bone.tail_ring] run data modify entity @s {} merge value {transformation:[-0.8774862792204672f,0.3760308071222272f,-0.2976888675695256f,-0.3502257916834794f,0.4543286498299548f,0.8505695802909532f,-0.26479589692320044f,0.7073069952906785f,0.15363368030321556f,-0.36760334761625646f,-0.9172047051219323f,-1.6886050488507034f,0f,0f,0f,1f],start_interpolation:0}
execute if entity @s[tag=aj.heiloang_aj.bone.tail_0] run data modify entity @s {} merge value {transformation:[-0.8774862792204672f,0.3760308071222272f,-0.2976888675695256f,0.057118901298955284f,0.4543286498299548f,0.8505695802909532f,-0.26479589692320044f,1.0579807008240478f,0.15363368030321556f,-0.36760334761625646f,-0.9172047051219323f,-0.3990553391223024f,0f,0f,0f,1f],start_interpolation:0}
execute if entity @s[tag=aj.heiloang_aj.bone.body_1] run data modify entity @s {} merge value {transformation:[-0.8660254037844386f,0.42644962664181546f,0.26103776726185857f,-0.0018960387843347866f,0f,0.5220755345237171f,-0.8528992532836309f,1.3947264291838133f,-0.5f,-0.7386324202124026f,-0.45213067559187875f,-0.290739714492411f,0f,0f,0f,1f],start_interpolation:0}