execute if entity @s[tag=aj.heiloang_aj.bone.head_lower] run data modify entity @s {} merge value {transformation:[-0.4802623398918202f,-0.29273025207445225f,-0.5689086784379908f,-0.29541560097716485f,-0.635359967222144f,0.3018986511160472f,0.3810182626932564f,0.29630029468560704f,0.07527148818184459f,0.6805631520841683f,-0.4137245449476638f,2.030930520148291f,0f,0f,0f,1f],start_interpolation:0}
execute if entity @s[tag=aj.heiloang_aj.bone.horne_right] run data modify entity @s {} merge value {transformation:[-0.05756854543320061f,-0.6480531409357995f,-0.4655244237416014f,-0.8765129671273759f,-0.7357343802786617f,-0.13753852806508826f,0.28245012829464733f,0.3284444943768833f,-0.30883779602354244f,0.4484532080618149f,-0.5860963537903876f,2.209058483522223f,0f,0f,0f,1f],start_interpolation:0}
execute if entity @s[tag=aj.heiloang_aj.bone.horne_left] run data modify entity @s {} merge value {transformation:[-0.6506045324180791f,0.0008679268991956257f,-0.4655244237416014f,-0.4681939257513503f,-0.2011386288199587f,0.7209474162674864f,0.28245012829464733f,0.8686275385091502f,0.41982972071243274f,0.3467478474051907f,-0.5860963537903876f,2.1450626642700183f,0f,0f,0f,1f],start_interpolation:0}
execute if entity @s[tag=aj.heiloang_aj.bone.head_upper] run data modify entity @s {} merge value {transformation:[-0.703476268915041f,-0.6428928942750116f,-0.6818885377861043f,-0.4989432864674907f,-0.9306593959878161f,0.5795395515030926f,0.4137258866727921f,0.439954126493671f,0.11025579410156143f,0.789927051780285f,-0.8584992866233151f,1.9517506242620148f,0f,0f,0f,1f],start_interpolation:0}
execute if entity @s[tag=aj.heiloang_aj.bone.neck_0] run data modify entity @s {} merge value {transformation:[-0.8306534784001889f,-0.20936709621827435f,-0.5159265624512799f,-0.7052546233192151f,-0.5547511814371796f,0.2319844496107049f,0.799020864454034f,0.7670316656883092f,-0.04760173857875333f,0.9499203304277395f,-0.3088453339850449f,1.7570298645322404f,0f,0f,0f,1f],start_interpolation:0}
execute if entity @s[tag=aj.heiloang_aj.bone.neck_1] run data modify entity @s {} merge value {transformation:[-0.945360079285477f,-0.19160166018534341f,-0.2637861336529584f,-0.8037608749024222f,-0.31748061413151263f,0.3569569579609613f,0.8785145359149922f,1.0915871240439479f,-0.07416454775722542f,0.9142595550375596f,-0.39828267082373736f,1.623324627575532f,0f,0f,0f,1f],start_interpolation:0}
execute if entity @s[tag=aj.heiloang_aj.bone.neck_2] run data modify entity @s {} merge value {transformation:[-0.916213729786991f,-0.4005234114852956f,0.011549813937512698f,-0.7856034608148695f,-0.25162800555935005f,0.5975632891966678f,0.7613156127537931f,1.3835462839041166f,-0.311826471243277f,0.6946215604605432f,-0.648278597190533f,1.3343781092584674f,0f,0f,0f,1f],start_interpolation:0}
execute if entity @s[tag=aj.heiloang_aj.bone.neck_3] run data modify entity @s {} merge value {transformation:[-0.775245627555388f,-0.1564898181263944f,0.6119682620684022f,-0.46512028863626803f,0.16036757709790608f,0.8883206933600819f,0.43031219592757375f,1.5847210493060548f,-0.6109635481532427f,0.43173751582533504f,-0.663570840420952f,0.9805251357230195f,0f,0f,0f,1f],start_interpolation:0}
execute if entity @s[tag=aj.heiloang_aj.bone.wing_right_2] run data modify entity @s {} merge value {transformation:[-1.5578896503763084f,-1.7600654016770558f,0.09341105604141933f,-4.2044441166841295f,-1.7426385047775226f,1.5568151161984927f,0.27039552874195716f,-0.42227125801340126f,-0.26413421822654926f,0.1098748475141846f,-2.334895423561105f,0.061485785035068574f,0f,0f,0f,1f],start_interpolation:0}
execute if entity @s[tag=aj.heiloang_aj.bone.wing_right_1] run data modify entity @s {} merge value {transformation:[-2.5254639653872037f,-2.1889746353593673f,0.1328178383503555f,-2.552998073453752f,-2.164613137673502f,2.520685391200207f,0.38446572760277814f,0.9890906166032706f,-0.3517108139395396f,0.20433789967399857f,-3.3199042605193907f,0.34226698785764365f,0f,0f,0f,1f],start_interpolation:0}
execute if entity @s[tag=aj.heiloang_aj.bone.wing_right_0] run data modify entity @s {} merge value {transformation:[-2.040437856698074f,-0.8701965295331163f,0.08815527744774292f,-0.654426857328549f,-0.8557735075500347f,2.032469925856966f,0.25518170832269493f,1.7871134626654714f,-0.1807347690093943f,0.20055921937297794f,-2.203522394439326f,0.49270957867817233f,0f,0f,0f,1f],start_interpolation:0}
execute if entity @s[tag=aj.heiloang_aj.bone.wing_left_2] run data modify entity @s {} merge value {transformation:[-1.332305671814359f,1.141356760593664f,1.5671127426638556f,2.9193475698291533f,1.1472467599379423f,1.9969688007825621f,-0.47907878979762214f,0.8745130539500424f,-1.562805962038854f,0.49294660975525323f,-1.687666190710598f,3.590431117881258f,0f,0f,0f,1f],start_interpolation:0}
execute if entity @s[tag=aj.heiloang_aj.bone.wing_left_1] run data modify entity @s {} merge value {transformation:[-2.1395030320461776f,1.282487554575763f,2.228221537711968f,1.4846757022219619f,1.1323877723509548f,3.0726053628066325f,-0.6811849898390002f,1.6262714399459322f,-2.3081255342366562f,0.31865456172820766f,-2.3996321721035816f,2.1157683021628313f,0f,0f,0f,1f],start_interpolation:0}
execute if entity @s[tag=aj.heiloang_aj.bone.wing_left_0] run data modify entity @s {} merge value {transformation:[-1.6125438727915615f,0.3752886093040218f,1.4789390514990952f,-0.003338237999437388f,0.09072973506500265f,2.1715783551048515f,-0.4521233933509074f,1.7070372944410774f,-1.5231120685942399f,-0.2679662429612324f,-1.5927095526604391f,0.6863147390403369f,0f,0f,0f,1f],start_interpolation:0}
execute if entity @s[tag=aj.heiloang_aj.bone.kazari_right] run data modify entity @s {} merge value {transformation:[-2.512692045665501f,0.5355969275556107f,-0.5535203730654898f,-1.726948827380249f,0.2598771002223751f,-1.1883840446623404f,-2.3296088606734484f,2.7432166620571103f,-0.7250605250498596f,-2.2820494039659223f,1.083239558652404f,-3.236649207012051f,0f,0f,0f,1f],start_interpolation:0}
execute if entity @s[tag=aj.heiloang_aj.bone.kazari_left] run data modify entity @s {} merge value {transformation:[-2.512692045665501f,0.5355969275556107f,-0.5535203730654898f,3.12433014307668f,0.2598771002223751f,-1.1883840446623404f,-2.3296088606734484f,2.241469417150215f,-0.7250605250498596f,-2.2820494039659223f,1.083239558652404f,-1.8367677995189886f,0f,0f,0f,1f],start_interpolation:0}
execute if entity @s[tag=aj.heiloang_aj.bone.ring] run data modify entity @s {} merge value {transformation:[-2.097038894677929f,-0.6682175692330026f,-0.09401829694445143f,-0.2879455635291527f,0.25791088082042724f,-1.077306141745203f,1.9041585386454887f,3.438037483975682f,-0.6235672678600355f,1.8016167858094656f,1.1037513784032924f,1.151233557873586f,0f,0f,0f,1f],start_interpolation:0}
execute if entity @s[tag=aj.heiloang_aj.bone.body_0] run data modify entity @s {} merge value {transformation:[-1.0743111751138557f,0.1362715425522361f,0.3177073207428409f,-0.1522389491611938f,0.13212751663883524f,1.120293093134601f,-0.0337354525601276f,1.6699446617269587f,-0.3194529610287164f,0.005082135674734477f,-1.0823938070428167f,-0.036436905161917f,0f,0f,0f,1f],start_interpolation:0}
execute if entity @s[tag=aj.heiloang_aj.bone.leg_right_3] run data modify entity @s {} merge value {transformation:[-0.8466369308934725f,-0.3213771102383119f,0.4241729131641401f,-0.7049916565916517f,0.20334088583270038f,0.5412226653407948f,0.8159231034050809f,0.06948219540682155f,-0.491791003777066f,0.7770423280209885f,-0.3928699900319038f,-0.5446022331155074f,0f,0f,0f,1f],start_interpolation:0}
execute if entity @s[tag=aj.heiloang_aj.bone.leg_right_2] run data modify entity @s {} merge value {transformation:[-0.8466369308934725f,0.34975008155174503f,0.4010994735746096f,-0.5112019922514708f,0.20334088583270038f,0.9091217641513882f,-0.3635245550097548f,0.6395460270301037f,-0.491791003777066f,-0.22621339129418327f,-0.8408145516123817f,-0.6425141546076976f,0f,0f,0f,1f],start_interpolation:0}
execute if entity @s[tag=aj.heiloang_aj.bone.leg_right_1] run data modify entity @s {} merge value {transformation:[-0.8597293035674544f,0.1099977099799912f,0.4987645019310992f,-0.854886761211012f,0.07390229028878259f,0.9930479059802927f,-0.09162045578487371f,0.7787466436417199f,-0.5053750845436411f,-0.04190895163701014f,-0.8618814673115986f,-0.03749202195221779f,0f,0f,0f,1f],start_interpolation:0}
execute if entity @s[tag=aj.heiloang_aj.bone.leg_right_0] run data modify entity @s {} merge value {transformation:[-0.703699663397947f,0.6954960546630192f,0.14523092536299076f,-0.31160766990284866f,0.17507181235443048f,0.3678403754325117f,-0.9132597213939766f,0.9795808793309444f,-0.6885903312220926f,-0.6172347172266345f,-0.3806109031512437f,-0.4892109337001149f,0f,0f,0f,1f],start_interpolation:0}
execute if entity @s[tag=aj.heiloang_aj.bone.leg_left_3] run data modify entity @s {} merge value {transformation:[-0.896175741754043f,-0.41063811258282734f,0.16806362005503753f,0.6705031455123006f,-0.0672110317636931f,0.5000437416756476f,0.8633880550599934f,-0.08342696439145858f,-0.43857920276826917f,0.7624517013591297f,-0.4757264823338276f,-0.3296657275986768f,0f,0f,0f,1f],start_interpolation:0}
execute if entity @s[tag=aj.heiloang_aj.bone.leg_left_2] run data modify entity @s {} merge value {transformation:[-0.896175741754043f,-0.04774408746326286f,0.4411230463304894f,0.6206548550002542f,-0.0672110317636931f,0.9973287763120969f,-0.028600509594677526f,0.5244821146408318f,-0.43857920276826917f,-0.05527941797916913f,-0.8969907852631672f,-0.3209680231009486f,0f,0f,0f,1f],start_interpolation:0}
execute if entity @s[tag=aj.heiloang_aj.bone.leg_left_1] run data modify entity @s {} merge value {transformation:[-0.9192027587860182f,-0.0660635303583465f,0.3882034237313795f,0.3417678039841335f,0.05216455259495605f,0.9567106035872253f,0.2863279246534213f,0.394263555865346f,-0.3903141653754591f,0.28344387617367767f,-0.8759648516732275f,0.3184168006232147f,0f,0f,0f,1f],start_interpolation:0}
execute if entity @s[tag=aj.heiloang_aj.bone.leg_left_0] run data modify entity @s {} merge value {transformation:[-0.9481865513376465f,-0.012846352584690496f,0.31745430393631513f,0.31955922209753335f,-0.17507181235443045f,0.8549252529530295f,-0.48831616027132835f,0.9795808793309444f,-0.2651266195261344f,-0.5185921162999572f,-0.8128776614781439f,-0.12480655870011492f,0f,0f,0f,1f],start_interpolation:0}
execute if entity @s[tag=aj.heiloang_aj.bone.tail_4] run data modify entity @s {} merge value {transformation:[-0.503693993165072f,1.3920982639198531f,0.5414879024765279f,0.9796796186449046f,-1.2942907039704539f,-0.12150768691692027f,-0.8915726663169087f,-1.714442394585641f,-0.745626111769677f,-0.729487950071216f,1.1818389889641494f,-1.9229779798008f,0f,0f,0f,1f],start_interpolation:0}
execute if entity @s[tag=aj.heiloang_aj.bone.tail_3] run data modify entity @s {} merge value {transformation:[-0.13356099019508352f,0.8854246031272779f,0.44517944031032175f,0.3616678468277934f,-0.17045498092955164f,0.4219860354506523f,-0.8904340993925082f,-0.5355513344107063f,-0.9762717661462996f,-0.194810313026655f,0.09456416109732926f,-2.0442614103883874f,0f,0f,0f,1f],start_interpolation:0}
execute if entity @s[tag=aj.heiloang_aj.bone.tail_2] run data modify entity @s {} merge value {transformation:[0.03927384904638781f,0.8664715475517948f,0.49767923611928944f,-0.012184559879838852f,-0.04468253300449887f,0.49908816429866615f,-0.8653984489824844f,0.15117399190431557f,-0.9982289497031147f,0.01174995915676243f,0.058317256746446944f,-2.089709150667061f,0f,0f,0f,1f],start_interpolation:0}
execute if entity @s[tag=aj.heiloang_aj.bone.tail_1] run data modify entity @s {} merge value {transformation:[-0.6577788074242295f,0.6407257469521495f,0.39597671357817077f,-0.3108136124170836f,0.2914796524190071f,0.7012921506342986f,-0.6505604750401112f,0.6714215991503588f,-0.6945262073739575f,-0.31250573858943853f,-0.6480536325177231f,-1.5885423839180302f,0f,0f,0f,1f],start_interpolation:0}
execute if entity @s[tag=aj.heiloang_aj.bone.tail_ring] run data modify entity @s {} merge value {transformation:[-0.884000317461078f,0.3579010323212748f,-0.30074954661990627f,-0.3429332773705195f,0.4232802485633006f,0.8858615135587071f,-0.18995581057621536f,0.6715985193450006f,0.198437067870153f,-0.2952223397015247f,-0.9345942971344592f,-1.7320069147393236f,0f,0f,0f,1f],start_interpolation:0}
execute if entity @s[tag=aj.heiloang_aj.bone.tail_0] run data modify entity @s {} merge value {transformation:[-0.884000317461078f,0.3579010323212748f,-0.30074954661990627f,0.06909654310123794f,0.4232802485633006f,0.8858615135587071f,-0.18995581057621536f,0.9169306429131648f,0.198437067870153f,-0.2952223397015247f,-0.9345942971344592f,-0.41980122327871683f,0f,0f,0f,1f],start_interpolation:0}
execute if entity @s[tag=aj.heiloang_aj.bone.body_1] run data modify entity @s {} merge value {transformation:[-0.8660254037844386f,0.40652173709776634f,0.2911014896337951f,-0.0018960387843347866f,0f,0.5822029792675902f,-0.8130434741955327f,1.2439106171127623f,-0.5f,-0.704116303034489f,-0.5042025702047179f,-0.290739714492411f,0f,0f,0f,1f],start_interpolation:0}