execute if entity @s[tag=aj.heiloang_aj.bone.head_lower] run data modify entity @s {} merge value {transformation:[-0.45469014124569707f,-0.33061603534024453f,-0.5691659798598878f,-0.282678953090547f,-0.6555066948002409f,0.2902172290533491f,0.3550844026885152f,0.24682960420318878f,0.059731470147919054f,0.6681818593291007f,-0.435849921805057f,2.0272017026595304f,0f,0f,0f,1f],start_interpolation:0}
execute if entity @s[tag=aj.heiloang_aj.bone.horne_right] run data modify entity @s {} merge value {transformation:[-0.025070235851175904f,-0.6456671804993006f,-0.4716835541975678f,-0.8660727446103462f,-0.7318082497093491f,-0.1716440766779488f,0.2738521436810627f,0.2522535128684996f,-0.3222237870358198f,0.4400593175555517f,-0.5852517647139877f,2.200577696058828f,0f,0f,0f,1f],start_interpolation:0}
execute if entity @s[tag=aj.heiloang_aj.bone.horne_left] run data modify entity @s {} merge value {transformation:[-0.6453952369717175f,-0.031298766649351994f,-0.4716835541975678f,-0.4794951865232546f,-0.23477221069770796f,0.714063731389151f,0.2738521436810627f,0.8095653047876645f,0.41030110550464216f,0.35935132491870925f,-0.5852517647139877f,2.1497940001390674f,0f,0f,0f,1f],start_interpolation:0}
execute if entity @s[tag=aj.heiloang_aj.bone.head_upper] run data modify entity @s {} merge value {transformation:[-0.666018751643166f,-0.6724761129406869f,-0.6909102780997425f,-0.4912000080358675f,-0.960169818876023f,0.5388221704787189f,0.40113177376042863f,0.3835319182854722f,0.08749316418591814f,0.7941087195874297f,-0.8572621536589313f,1.9487106519862887f,0f,0f,0f,1f],start_interpolation:0}
execute if entity @s[tag=aj.heiloang_aj.bone.neck_0] run data modify entity @s {} merge value {transformation:[-0.8070237159006669f,-0.22655451685711592f,-0.5453308838361516f,-0.7089804963663713f,-0.5869433085749052f,0.20627013483265277f,0.782911351300556f,0.70543624800649f,-0.06488662799855645f,0.9519063411742553f,-0.29943954838868386f,1.7578978640545158f,0f,0f,0f,1f],start_interpolation:0}
execute if entity @s[tag=aj.heiloang_aj.bone.neck_1] run data modify entity @s {} merge value {transformation:[-0.9520753168927714f,-0.1757741968300935f,-0.250311850882583f,-0.8023796018708137f,-0.29812158222986074f,0.3503256861521449f,0.887916345063426f,1.0333345933717033f,-0.06838211149338153f,0.9199866006365334f,-0.38593852033315146f,1.6287618902254246f,0f,0f,0f,1f],start_interpolation:0}
execute if entity @s[tag=aj.heiloang_aj.bone.neck_2] run data modify entity @s {} merge value {transformation:[-0.9251540040608454f,-0.37931754743599394f,0.014431457907214729f,-0.7837520425780571f,-0.23074122159526297f,0.5921515539885056f,0.7720848565836034f,1.3298883805366108f,-0.3014109444378405f,0.710967464316153f,-0.6353555754512182f,1.3445633706777294f,0f,0f,0f,1f],start_interpolation:0}
execute if entity @s[tag=aj.heiloang_aj.bone.neck_3] run data modify entity @s {} merge value {transformation:[-0.7836545258524105f,-0.1357521008512491f,0.6061822755784814f,-0.4667653081539539f,0.18431524640563984f,0.8810727640217177f,0.43559003023664167f,1.533969942862332f,-0.5932229547593906f,0.45308073410111194f,-0.6654354772124308f,0.9892285948931203f,0f,0f,0f,1f],start_interpolation:0}
execute if entity @s[tag=aj.heiloang_aj.bone.wing_right_2] run data modify entity @s {} merge value {transformation:[0.971373472435862f,-2.141730032985927f,-0.05479095888013492f,-3.0141703643011644f,-2.1137689816922474f,-0.9678723791020446f,0.35885896411832086f,-1.3421201767570947f,-0.34927106293625576f,-0.09895215964523985f,-2.3241760262548805f,0.048525018571315026f,0f,0f,0f,1f],start_interpolation:0}
execute if entity @s[tag=aj.heiloang_aj.bone.wing_right_1] run data modify entity @s {} merge value {transformation:[-0.8289468407465075f,-3.2394438830950842f,-0.07790530401857301f,-2.4702586613830846f,-3.20532226062714f,0.8079444417706727f,0.5102487211546886f,0.7486990215781636f,-0.47536839781847395f,0.20111658357708476f,-3.304662733028255f,0.41003518161339914f,0f,0f,0f,1f],start_interpolation:0}
execute if entity @s[tag=aj.heiloang_aj.bone.wing_right_0] run data modify entity @s {} merge value {transformation:[-1.948630557377582f,-1.06233950264043f,-0.05170814233771697f,-0.6582009647131148f,-1.0571109878569285f,1.9225557258548645f,0.3386677432747661f,1.7346603462470505f,-0.11728303460638537f,0.3218916931397235f,-2.193406124656617f,0.5015407490147237f,0f,0f,0f,1f],start_interpolation:0}
execute if entity @s[tag=aj.heiloang_aj.bone.wing_left_2] run data modify entity @s {} merge value {transformation:[0.48731438413808426f,1.6995824514812394f,1.5516185703806673f,2.4438418970042903f,2.296764640731429f,-0.25937271576360726f,-0.4372344745376862f,-0.1630424157056678f,-0.14482017269343023f,1.60552835267878f,-1.7131496819153351f,3.332121802889312f,0f,0f,0f,1f],start_interpolation:0}
execute if entity @s[tag=aj.heiloang_aj.bone.wing_left_1] run data modify entity @s {} merge value {transformation:[-1.4509505432999557f,2.0529692839166604f,2.206190928521889f,1.460312929681582f,2.3316862068832043f,2.316022920354721f,-0.6216880551548323f,1.3730130654485395f,-1.9092408770053544f,1.2682955982681245f,-2.435866236451732f,2.119167233280667f,0f,0f,0f,1f],start_interpolation:0}
execute if entity @s[tag=aj.heiloang_aj.bone.wing_left_0] run data modify entity @s {} merge value {transformation:[-1.5893839644154086f,0.5079717843334742f,1.464316659735941f,-0.0062765884644431225f,0.30991851895379f,2.1591859917002987f,-0.41263345096427145f,1.657968687638398f,-1.51862079706181f,-0.09099736021589233f,-1.616759213725127f,0.6936983359294333f,0f,0f,0f,1f],start_interpolation:0}
execute if entity @s[tag=aj.heiloang_aj.bone.kazari_right] run data modify entity @s {} merge value {transformation:[-2.5055955103424172f,0.545681590835996f,-0.575406750508603f,-1.7372455200441856f,0.29201111702756005f,-1.1380666134040929f,-2.3508305084679133f,2.7007582159768058f,-0.7372861280673125f,-2.3051911359871853f,1.024389174328719f,-3.2639984164380005f,0f,0f,0f,1f],start_interpolation:0}
execute if entity @s[tag=aj.heiloang_aj.bone.kazari_left] run data modify entity @s {} merge value {transformation:[-2.5055955103424172f,0.545681590835996f,-0.575406750508603f,3.100332100645122f,0.29201111702756005f,-1.1380666134040929f,-2.3508305084679133f,2.1369695122957557f,-0.7372861280673125f,-2.3051911359871853f,1.024389174328719f,-1.840512918295614f,0f,0f,0f,1f],start_interpolation:0}
execute if entity @s[tag=aj.heiloang_aj.bone.ring] run data modify entity @s {} merge value {transformation:[-2.0997307168274535f,-0.6591830621255674f,-0.0976467777351424f,-0.29443571633918f,0.2470099863908258f,-1.069728415942165f,1.9098673955364271f,3.3880052410340658f,-0.6189048951321198f,1.809443310114095f,1.0935254565161587f,1.1445343570121518f,0f,0f,0f,1f],start_interpolation:0}
execute if entity @s[tag=aj.heiloang_aj.bone.body_0] run data modify entity @s {} merge value {transformation:[-1.0756901932255332f,0.13100812556720062f,0.3152457060317512f,-0.15674737855575738f,0.12654299804255245f,1.1209285436899337f,-0.03403594460626187f,1.6189774093720852f,-0.3170644315947332f,0.002906357549677514f,-1.083103907868943f,-0.028628076388195922f,0f,0f,0f,1f],start_interpolation:0}
execute if entity @s[tag=aj.heiloang_aj.bone.leg_right_3] run data modify entity @s {} merge value {transformation:[-0.8464528081183312f,-0.2874526185025299f,0.4482060193087886f,-0.7112569149251733f,0.21034388414687008f,0.5927765021958548f,0.7774133191851399f,0.01986316976232383f,-0.4891554906475029f,0.7523210820922719f,-0.4412934345862327f,-0.547489244188681f,0f,0f,0f,1f],start_interpolation:0}
execute if entity @s[tag=aj.heiloang_aj.bone.leg_right_2] run data modify entity @s {} merge value {transformation:[-0.8464528081183312f,0.3553430075529534f,0.3965463284558475f,-0.5138509143766857f,0.21034388414687008f,0.9073166403294242f,-0.36404939854823914f,0.588853914088184f,-0.4891554906475029f,-0.22473954072336305f,-0.8427449464724498f,-0.6444137215891027f,0f,0f,0f,1f],start_interpolation:0}
execute if entity @s[tag=aj.heiloang_aj.bone.leg_right_1] run data modify entity @s {} merge value {transformation:[-0.8616178583235292f,0.12498913104537208f,0.49192721345591073f,-0.8515856525581595f,0.08096599683791657f,0.990640620114041f,-0.10988934951172846f,0.7407648663759694f,-0.5010580540955478f,-0.05485324876970482f,-0.8636735190599465f,-0.03909882644499518f,0f,0f,0f,1f],start_interpolation:0}
execute if entity @s[tag=aj.heiloang_aj.bone.leg_right_0] run data modify entity @s {} merge value {transformation:[-0.7055939201120174f,0.695723407616545f,0.13455913196575855f,-0.30879154873493864f,0.1802450286776242f,0.35985501524867225f,-0.9154321917200532f,0.9354322867574257f,-0.685309382350744f,-0.6216697741524839f,-0.3793121964388191f,-0.49408859864320526f,0f,0f,0f,1f],start_interpolation:0}
execute if entity @s[tag=aj.heiloang_aj.bone.leg_left_3] run data modify entity @s {} merge value {transformation:[-0.8956864117103025f,-0.4090776680108319f,0.17435972416914958f,0.6800077749618669f,-0.06453307127227101f,0.5075193193399901f,0.8592203577714164f,-0.10337904078407045f,-0.4399787887951991f,0.7583400306139011f,-0.4809771963189283f,-0.35398801492430554f,0f,0f,0f,1f],start_interpolation:0}
execute if entity @s[tag=aj.heiloang_aj.bone.leg_left_2] run data modify entity @s {} merge value {transformation:[-0.8956864117103025f,-0.049255999090849406f,0.44194988226164805f,0.6292009553693992f,-0.06453307127227101f,0.9977232770962068f,-0.01958941174648865f,0.5043448463923079f,-0.4399787887951991f,-0.04606635316549079f,-0.896825822842062f,-0.33969485087565754f,0f,0f,0f,1f],start_interpolation:0}
execute if entity @s[tag=aj.heiloang_aj.bone.leg_left_1] run data modify entity @s {} merge value {transformation:[-0.9212145675171157f,-0.08642551102398316f,0.379334089739502f,0.35504373661777866f,0.051667250674130444f,0.939201507825626f,0.3394569529496295f,0.33532246619989126f,-0.38560888968231766f,0.3323118396059849f,-0.8607407423002911f,0.29261604376658934f,0f,0f,0f,1f],start_interpolation:0}
execute if entity @s[tag=aj.heiloang_aj.bone.leg_left_0] run data modify entity @s {} merge value {transformation:[-0.946292294623576f,-0.02768884692786394f,0.3221245425171021f,0.32237534326544337f,-0.18024502867762418f,0.8723105320345783f,-0.45451739827926657f,0.9354322867574257f,-0.2684075683974829f,-0.4881676591677866f,-0.8304515119918767f,-0.12968422364320523f,0f,0f,0f,1f],start_interpolation:0}
execute if entity @s[tag=aj.heiloang_aj.bone.tail_4] run data modify entity @s {} merge value {transformation:[-0.4825751114793876f,1.3712743568487418f,0.609575478277629f,1.0694920611454182f,-1.2719033144980596f,-0.03393548608279516f,-0.9305722460082552f,-1.7014478010987613f,-0.7963903465243538f,-0.7767299303625858f,1.1168291699850184f,-2.033036193241606f,0f,0f,0f,1f],start_interpolation:0}
execute if entity @s[tag=aj.heiloang_aj.bone.tail_3] run data modify entity @s {} merge value {transformation:[-0.14930816195571056f,0.8644350695854087f,0.4800615411010101f,0.4054144672251371f,-0.13895359280847927f,0.46234256049608835f,-0.8757461137792941f,-0.5432378951621626f,-0.9789785349122944f,-0.19746231849340368f,0.051084840766972464f,-2.0961481211426487f,0f,0f,0f,1f],start_interpolation:0}
execute if entity @s[tag=aj.heiloang_aj.bone.tail_2] run data modify entity @s {} merge value {transformation:[0.022007466844119805f,0.8495759683803364f,0.5270069689802199f,0.00828976345593363f,-0.012323256776504699f,0.5273251104439263f,-0.8495742258553525f,0.13161295345038893f,-0.9996818537642489f,0.01220253440537983f,0.022074632693665053f,-2.1132096182382023f,0f,0f,0f,1f],start_interpolation:0}
execute if entity @s[tag=aj.heiloang_aj.bone.tail_1] run data modify entity @s {} merge value {transformation:[-0.6691244225871029f,0.6224332334389676f,0.4060164738137946f,-0.29849415507149346f,0.29250850633226333f,0.7228330104198183f,-0.6260600712157671f,0.6330776454967151f,-0.6831627045007245f,-0.300148811355525f,-0.6657322361288516f,-1.5980185838421797f,0f,0f,0f,1f],start_interpolation:0}
execute if entity @s[tag=aj.heiloang_aj.bone.tail_ring] run data modify entity @s {} merge value {transformation:[-0.8923096359038574f,0.34274099453883944f,-0.2937892515659018f,-0.3300837619952782f,0.4053932799283377f,0.8947083872937239f,-0.18749184060968715f,0.6338830424442132f,0.19859456755427643f,-0.28640096432936635f,-0.9373018112481907f,-1.7415986097908043f,0f,0f,0f,1f],start_interpolation:0}
execute if entity @s[tag=aj.heiloang_aj.bone.tail_0] run data modify entity @s {} merge value {transformation:[-0.8923096359038574f,0.34274099453883944f,-0.2937892515659018f,0.07256578231928182f,0.4053932799283377f,0.8947083872937239f,-0.18749184060968715f,0.8755733401954994f,0.19859456755427643f,-0.28640096432936635f,-0.9373018112481907f,-0.4258101218679794f,0f,0f,0f,1f],start_interpolation:0}
execute if entity @s[tag=aj.heiloang_aj.bone.body_1] run data modify entity @s {} merge value {transformation:[-0.8660254037844386f,0.40022236835531705f,0.29970327970854926f,-0.0018960387843347866f,0f,0.5994065594170985f,-0.8004447367106341f,1.199338912037037f,-0.5f,-0.6932054763169555f,-0.5191013076502339f,-0.290739714492411f,0f,0f,0f,1f],start_interpolation:0}