execute if entity @s[tag=aj.heiloang_aj.bone.head_lower] run data modify entity @s {} merge value {transformation:[-0.4434642777361617f,-0.3820423397896593f,-0.5453284193767888f,-0.33378611320671375f,-0.665619228610549f,0.2711376676084899f,0.3513337554345231f,0.5723679233388905f,0.017043382171442148f,0.6484813149288654f,-0.4681682468005358f,1.9340543680523796f,0f,0f,0f,1f],start_interpolation:0}
execute if entity @s[tag=aj.heiloang_aj.bone.horne_right] run data modify entity @s {} merge value {transformation:[-0.006941895253596564f,-0.6488344128583761f,-0.4679377253235887f,-0.9196721674382908f,-0.7135361678493897f,-0.2065529983824689f,0.2969882085706753f,0.5581776118394162f,-0.36168763769459333f,0.419940190443756f,-0.5769161890508587f,2.098289371546614f,0f,0f,0f,1f],start_interpolation:0}
execute if entity @s[tag=aj.heiloang_aj.bone.horne_left] run data modify entity @s {} merge value {transformation:[-0.6469704280658886f,-0.04963416592657155f,-0.4679377253235887f,-0.5426388385070062f,-0.26795577654979996f,0.6928186673174839f,0.2969882085706753f,1.124087080004105f,0.38681903652978933f,0.3969115062444007f,-0.5769161890508587f,2.083799088024454f,0f,0f,0f,1f],start_interpolation:0}
execute if entity @s[tag=aj.heiloang_aj.bone.head_upper] run data modify entity @s {} merge value {transformation:[-0.6495753874209863f,-0.6938361328968987f,-0.6854234816108596f,-0.5435919671787453f,-0.9749824055880171f,0.4830406141981562f,0.43502090320911097f,0.7094751300101451f,0.024964720120174175f,0.8114340996789233f,-0.8450524108169717f,1.8598080510755592f,0f,0f,0f,1f],start_interpolation:0}
execute if entity @s[tag=aj.heiloang_aj.bone.neck_0] run data modify entity @s {} merge value {transformation:[-0.7873434573358613f,-0.281771282283069f,-0.5483568406347892f,-0.7590445121245173f,-0.6036932029791271f,0.17191123890587592f,0.7784606879057212f,1.0317525620468975f,-0.1250791624021166f,0.9439552269140742f,-0.30545659710404516f,1.6669928122973636f,0f,0f,0f,1f],start_interpolation:0}
execute if entity @s[tag=aj.heiloang_aj.bone.neck_1] run data modify entity @s {} merge value {transformation:[-0.9715627301175309f,-0.1654017428581846f,-0.16943472166602813f,-0.822845423450542f,-0.21791532921421897f,0.3446887241501161f,0.9130731584803177f,1.3687467608161443f,-0.09262165373187868f,0.9240302738023466f,-0.37093029312356207f,1.5433757776746857f,0f,0f,0f,1f],start_interpolation:0}
execute if entity @s[tag=aj.heiloang_aj.bone.neck_2] run data modify entity @s {} merge value {transformation:[-0.9391782810431114f,-0.3362862121005374f,0.06968313976837293f,-0.7830179662863033f,-0.15068717406758578f,0.5858413027927261f,0.796293503372749f,1.6754327664661954f,-0.3086057873540795f,0.7373612082915628f,-0.6008834467002521f,1.272419322216611f,0f,0f,0f,1f],start_interpolation:0}
execute if entity @s[tag=aj.heiloang_aj.bone.neck_3] run data modify entity @s {} merge value {transformation:[-0.7743147859124091f,-0.07744753678889674f,0.628043383344457f,-0.45613002649278256f,0.26690555191371035f,0.8599083973325683f,0.43510800332167093f,1.8797774014582553f,-0.5737578223214542f,0.5045388262981018f,-0.6451686090338524f,0.9263265286892508f,0f,0f,0f,1f],start_interpolation:0}
execute if entity @s[tag=aj.heiloang_aj.bone.wing_right_2] run data modify entity @s {} merge value {transformation:[-0.5336129393384155f,2.2821247100206157f,-0.20184163397314028f,-3.8639407428948536f,2.1514866558733567f,0.4279382968722538f,-0.8494409867612693f,4.640834243668237f,-0.7873616747661147f,-0.37729514746999443f,-2.18432734980957f,-0.2909335977598281f,0f,0f,0f,1f],start_interpolation:0}
execute if entity @s[tag=aj.heiloang_aj.bone.wing_right_1] run data modify entity @s {} merge value {transformation:[-2.1603129202347398f,2.537302267633734f,-0.286991397480071f,-2.445178593280411f,2.4409699698616043f,1.941681824637205f,-1.2077897461923446f,3.061062814392354f,-0.7496215483833738f,-0.9895391186983185f,-3.1058169037573773f,0.24710975806411792f,0f,0f,0f,1f],start_interpolation:0}
execute if entity @s[tag=aj.heiloang_aj.bone.wing_right_0] run data modify entity @s {} merge value {transformation:[-1.951087073813406f,1.0418131762564276f,-0.190485002498186f,-0.6319484683690393f,1.0354728269575653f,1.7926399216053128f,-0.8016471393945116f,2.091516443760316f,-0.2223853750379006f,-0.7933898267846579f,-2.061426042263913f,0.43743171680055815f,0f,0f,0f,1f],start_interpolation:0}
execute if entity @s[tag=aj.heiloang_aj.bone.wing_left_2] run data modify entity @s {} merge value {transformation:[-0.7052000603680375f,-1.1922034708473621f,1.9012942342723882f,2.3861093338555976f,-2.2431879084491992f,0.4332245697462771f,-0.5603574625865748f,4.56893278565895f,-0.06615805744751176f,-1.981046027377623f,-1.266750076047803f,3.000633504675151f,0f,0f,0f,1f],start_interpolation:0}
execute if entity @s[tag=aj.heiloang_aj.bone.wing_left_1] run data modify entity @s {} merge value {transformation:[-1.7678428642119175f,-0.8681444724296183f,2.703382243661614f,1.1875408696348326f,-2.3299665027840346f,2.2635504762013903f,-0.7967522265377036f,3.055583706054259f,-1.6227157718649738f,-2.304318378518548f,-1.8011466089861494f,1.9656153123150535f,0f,0f,0f,1f],start_interpolation:0}
execute if entity @s[tag=aj.heiloang_aj.bone.wing_left_0] run data modify entity @s {} merge value {transformation:[-1.2776892773605604f,-0.2762856076020452f,1.794317801714573f,0.013512028055491773f,-1.1385804405653364f,1.830949086433099f,-0.5288289168075455f,1.9923211739789366f,-1.4140525771271353f,-1.2246190043935152f,-1.1954763080874247f,0.6407850719846986f,0f,0f,0f,1f],start_interpolation:0}
execute if entity @s[tag=aj.heiloang_aj.bone.kazari_right] run data modify entity @s {} merge value {transformation:[-2.503394746605621f,0.5189395993545852f,-0.6087582635540391f,-1.6227657230632873f,0.29092236707454916f,-1.2724251251268395f,-2.281045520334466f,3.0184138451554094f,-0.7451503925781476f,-2.2402022635744063f,1.154605949782427f,-3.302718421223576f,0f,0f,0f,1f],start_interpolation:0}
execute if entity @s[tag=aj.heiloang_aj.bone.kazari_left] run data modify entity @s {} merge value {transformation:[-2.503394746605621f,0.5189395993545852f,-0.6087582635540391f,3.210562861675244f,0.29092236707454916f,-1.2724251251268395f,-2.281045520334466f,2.45672720159758f,-0.7451503925781476f,-2.2402022635744063f,1.154605949782427f,-1.8640493111040126f,0f,0f,0f,1f],start_interpolation:0}
execute if entity @s[tag=aj.heiloang_aj.bone.ring] run data modify entity @s {} merge value {transformation:[-2.0789117269091317f,-0.7269560497511943f,-0.05086471501796605f,-0.21930154207487507f,0.31949005515403517f,-1.0474071597375159f,1.911489113799053f,3.724801503178674f,-0.6549644434329173f,1.7964964317372731f,1.0938685635751124f,1.0746114309774224f,0f,0f,0f,1f],start_interpolation:0}
execute if entity @s[tag=aj.heiloang_aj.bone.body_0] run data modify entity @s {} merge value {transformation:[-1.0650246430630643f,0.16592717388578376f,0.33442945230996485f,-0.12443377278881539f,0.163674473306532f,1.1161559090508248f,-0.03254273215987496f,1.9656903781944994f,-0.3355377063668038f,0.017791447239528916f,-1.077381217558994f,-0.08459688335229007f,0f,0f,0f,1f],start_interpolation:0}
execute if entity @s[tag=aj.heiloang_aj.bone.leg_right_3] run data modify entity @s {} merge value {transformation:[-0.8480881166278664f,-0.4746073118670625f,0.23557259169292005f,-0.6702079064539239f,0.1595717278211261f,0.19517742174668587f,0.9676996629742601f,0.3653284075686587f,-0.505255786819685f,0.8582853101170013f,-0.08979374322626218f,-0.5221022935606006f,0f,0f,0f,1f],start_interpolation:0}
execute if entity @s[tag=aj.heiloang_aj.bone.leg_right_2] run data modify entity @s {} merge value {transformation:[-0.8480881166278664f,0.3144084095094828f,0.42649020910721464f,-0.4991103662618106f,0.1595717278211261f,0.9191059270763102f,-0.36025152115345266f,0.941310037525577f,-0.505255786819685f,-0.23746925452132384f,-0.8296535078225775f,-0.6273864053380682f,0f,0f,0f,1f],start_interpolation:0}
execute if entity @s[tag=aj.heiloang_aj.bone.leg_right_1] run data modify entity @s {} merge value {transformation:[-0.8485389525362268f,0.01701328584796441f,0.5288593330304177f,-0.8710114864520766f,0.030800585231560207f,0.9993763600017882f,0.017268903235856947f,1.0041502847076225f,-0.5282357144098799f,0.03094251402571313f,-0.8485337888662137f,-0.026313636683442665f,0f,0f,0f,1f],start_interpolation:0}
execute if entity @s[tag=aj.heiloang_aj.bone.leg_right_0] run data modify entity @s {} merge value {transformation:[-0.6937103639468055f,0.6895404314814862f,0.20808633858357017f,-0.32820630985841953f,0.14311528263933712f,0.41510918318965967f,-0.898444423382257f,1.2416685579632338f,-0.7058923054034894f,-0.5934798727707109f,-0.38664931629088345f,-0.4604612459605233f,0f,0f,0f,1f],start_interpolation:0}
execute if entity @s[tag=aj.heiloang_aj.bone.leg_left_3] run data modify entity @s {} merge value {transformation:[-0.9010698323366642f,-0.4134039078594812f,0.1310357440520938f,0.6000172481525284f,-0.0802303012734848f,0.45584453176690054f,0.8864360448536492f,0.05042290837425645f,-0.4261880524021551f,0.7882277410905586f,-0.4439152758859882f,-0.15874818079368072f,0f,0f,0f,1f],start_interpolation:0}
execute if entity @s[tag=aj.heiloang_aj.bone.leg_left_2] run data modify entity @s {} merge value {transformation:[-0.9010698323366642f,-0.037141584455690574f,0.43208061742792525f,0.5570438334951286f,-0.0802303012734848f,0.9934042687619582f,-0.08192104468990127f,0.6584606927794379f,-0.4261880524021551f,-0.10848254011424933f,-0.8981064984065187f,-0.18235514732290448f,0f,0f,0f,1f],start_interpolation:0}
execute if entity @s[tag=aj.heiloang_aj.bone.leg_left_1] run data modify entity @s {} merge value {transformation:[-0.9079287275113067f,0.06160039230201586f,0.41457305439203024f,0.2691336627918914f,0.050008282837907925f,0.9979960221061779f,-0.038769982046024665f,0.7607399631176628f,-0.41613050525923145f,-0.014468293903671214f,-0.9091897882533733f,0.4581091354810046f,0f,0f,0f,1f],start_interpolation:0}
execute if entity @s[tag=aj.heiloang_aj.bone.leg_left_0] run data modify entity @s {} merge value {transformation:[-0.958175850788788f,0.06799373239752751f,0.2779854156603107f,0.3029605821419625f,-0.14311528263933712f,0.7273306738356009f,-0.6711990068324845f,1.2416685579632338f,-0.24782464534473753f,-0.6829106407521441f,-0.6871797449774337f,-0.09605687096052329f,0f,0f,0f,1f],start_interpolation:0}
execute if entity @s[tag=aj.heiloang_aj.bone.tail_4] run data modify entity @s {} merge value {transformation:[-0.5657313988018576f,1.3000070486280269f,0.6890457326003947f,0.9895829585136291f,-1.2939887087194095f,-0.08824968675746264f,-0.8959127067865256f,-1.6417219749772012f,-0.7002824928584487f,-0.8871572746657329f,1.0988224442062053f,-1.7964412135424084f,0f,0f,0f,1f],start_interpolation:0}
execute if entity @s[tag=aj.heiloang_aj.bone.tail_3] run data modify entity @s {} merge value {transformation:[-0.2092566607970447f,0.8534526790875516f,0.47731559210898516f,0.32946147154236477f,-0.2115096780338711f,0.43706364260089875f,-0.8742076574901653f,-0.4849081591918266f,-0.954712158721192f,-0.2838906424571165f,0.08905502296449547f,-1.9080376760621922f,0f,0f,0f,1f],start_interpolation:0}
execute if entity @s[tag=aj.heiloang_aj.bone.tail_2] run data modify entity @s {} merge value {transformation:[-0.029216596258798133f,0.8574139841162438f,0.5137972852642956f,-0.05717684932977485f,-0.10526248167970143f,0.5085194830748331f,-0.8545921514289346f,0.19352814633280635f,-0.9940151912590072f,-0.07905185118145006f,0.07539631536822555f,-1.968517268316598f,0f,0f,0f,1f],start_interpolation:0}
execute if entity @s[tag=aj.heiloang_aj.bone.tail_1] run data modify entity @s {} merge value {transformation:[-0.670972896379534f,0.6459186399812233f,0.364121522089626f,-0.3308238261649547f,0.24247943610201012f,0.6552144878785571f,-0.7154702634922653f,0.7637236260491331f,-0.7007132761634463f,-0.3917691736199353f,-0.5962531502721328f,-1.5091704941489348f,0f,0f,0f,1f],start_interpolation:0}
execute if entity @s[tag=aj.heiloang_aj.bone.tail_ring] run data modify entity @s {} merge value {transformation:[-0.8699133431032322f,0.39169458839516114f,-0.29971006808731576f,-0.3617460031155368f,0.4775394121478407f,0.8208650203686702f,-0.313267821808493f,0.7441638191533234f,0.12331620062446366f,-0.4156392278852998f,-0.9011310375891283f,-1.6515608333861371f,0f,0f,0f,1f],start_interpolation:0}
execute if entity @s[tag=aj.heiloang_aj.bone.tail_0] run data modify entity @s {} merge value {transformation:[-0.8699133431032322f,0.39169458839516114f,-0.29971006808731576f,0.048068162152610484f,0.4775394121478407f,0.8208650203686702f,-0.313267821808493f,1.1632191682211017f,0.12331620062446366f,-0.4156392278852998f,-0.9011310375891283f,-0.3833789990747807f,0f,0f,0f,1f],start_interpolation:0}
execute if entity @s[tag=aj.heiloang_aj.bone.body_1] run data modify entity @s {} merge value {transformation:[-0.8660254037844386f,0.43974124755486177f,0.23796561768224794f,-0.0018960387843347866f,0f,0.4759312353644959f,-0.8794824951097235f,1.5060518750000003f,-0.5f,-0.7616541829487439f,-0.41216854028016425f,-0.290739714492411f,0f,0f,0f,1f],start_interpolation:0}