execute if entity @s[tag=aj.heiloang_aj.bone.head_lower] run data modify entity @s {} merge value {transformation:[-0.39639215312080633f,-0.4521240809684824f,-0.5276903223981435f,-0.32285397984914294f,-0.6948861634738455f,0.2556814298537996f,0.30291950455610606f,0.5113298574903707f,-0.002545733067609579f,0.6084495228335067f,-0.5194061006638508f,1.9419601706609113f,0f,0f,0f,1f],start_interpolation:0}
execute if entity @s[tag=aj.heiloang_aj.bone.horne_right] run data modify entity @s {} merge value {transformation:[0.05201945829264082f,-0.643503881335761f,-0.4724370123781067f,-0.9103716293260987f,-0.7073612747938973f,-0.2566122549985401f,0.27164347499344954f,0.45440776060224575f,-0.37004594698617216f,0.400066126147135f,-0.5856731954159519f,2.09035106086372f,0f,0f,0f,1f],start_interpolation:0}
execute if entity @s[tag=aj.heiloang_aj.bone.horne_left] run data modify entity @s {} merge value {transformation:[-0.6365213602633188f,-0.10790656728755282f,-0.4724370123781067f,-0.5733590207427892f,-0.31728636519050535f,0.6823043199025495f,0.27164347499344954f,1.0451999767877092f,0.3662921243935388f,0.4035058708104958f,-0.5856731954159519f,2.0925154431178017f,0f,0f,0f,1f],start_interpolation:0}
execute if entity @s[tag=aj.heiloang_aj.bone.head_upper] run data modify entity @s {} merge value {transformation:[-0.5806253160875292f,-0.7464268769227553f,-0.6920139248061413f,-0.5397038895652153f,-1.0178518801024021f,0.42286875185094386f,0.3978965710835301f,0.6345757862399704f,-0.0037289261541078216f,0.7982424747627551f,-0.857879454815401f,1.8637555942632993f,0f,0f,0f,1f],start_interpolation:0}
execute if entity @s[tag=aj.heiloang_aj.bone.neck_0] run data modify entity @s {} merge value {transformation:[-0.7399687131407992f,-0.3172743567264646f,-0.5931132152772844f,-0.7720072094779347f,-0.6549983943239905f,0.13924693148671696f,0.7426892994412454f,0.943739623465093f,-0.15304707447626728f,0.9380550488299402f,-0.31085256691704194f,1.6690426056398566f,0f,0f,0f,1f],start_interpolation:0}
execute if entity @s[tag=aj.heiloang_aj.bone.neck_1] run data modify entity @s {} merge value {transformation:[-0.9808606183653821f,-0.13881477442690782f,-0.13653902643818516f,-0.8234901836310209f,-0.1761667354867552f,0.33400735684972216f,0.9259613204006969f,1.2852964443715111f,-0.08293207249201183f,0.9322926278648077f,-0.3520692082263237f,1.5524010221298747f,0f,0f,0f,1f],start_interpolation:0}
execute if entity @s[tag=aj.heiloang_aj.bone.neck_2] run data modify entity @s {} merge value {transformation:[-0.9516184143461408f,-0.2965593450029602f,0.08046706387555147f,-0.7805749880663588f,-0.10864755092472073f,0.5696796081777067f,0.8146538244583124f,1.6000482105758267f,-0.2874336500053482f,0.7664970312518566f,-0.5743380519578107f,1.291346344291942f,0f,0f,0f,1f],start_interpolation:0}
execute if entity @s[tag=aj.heiloang_aj.bone.neck_3] run data modify entity @s {} merge value {transformation:[-0.783892145983034f,-0.038237609543375045f,0.6197184753438629f,-0.45894470556380496f,0.3132354183314134f,0.8374250476108317f,0.44788710892002764f,1.8115504951327353f,-0.5360939061105414f,0.5452129628414979f,-0.6444735440502868f,0.944628271834508f,0f,0f,0f,1f],start_interpolation:0}
execute if entity @s[tag=aj.heiloang_aj.bone.wing_right_2] run data modify entity @s {} merge value {transformation:[-2.327040918851255f,0.2913767182612853f,0.18318345003901873f,-4.822433010574632f,0.23625666498165113f,2.2627783551712564f,-0.5979907273037088f,2.562237664112335f,-0.2502785579402716f,-0.5731576831420425f,-2.2676919808500426f,-0.05898277892781906f,0f,0f,0f,1f],start_interpolation:0}
execute if entity @s[tag=aj.heiloang_aj.bone.wing_right_1] run data modify entity @s {} merge value {transformation:[-3.3160416503814183f,0.3510642332472621f,0.2604619933314387f,-2.655323519342052f,0.27444943686782525f,3.223189640487256f,-0.8502616191258799f,2.395486750457444f,-0.3402411680537908f,-0.8215967493181436f,-3.2243500898586133f,0.212835256688244f,0f,0f,0f,1f],start_interpolation:0}
execute if entity @s[tag=aj.heiloang_aj.bone.wing_right_0] run data modify entity @s {} merge value {transformation:[-2.165922950779133f,0.45529270224806406f,0.1728766223867977f,-0.6393562084645393f,0.39844616768336294f,2.109776211298866f,-0.564344743659265f,2.020357745883163f,-0.2800328958294956f,-0.5195699120590562f,-2.1401001574076597f,0.4561460251912805f,0f,0f,0f,1f],start_interpolation:0}
execute if entity @s[tag=aj.heiloang_aj.bone.wing_left_2] run data modify entity @s {} merge value {transformation:[-1.4988607998015044f,0.22046232391236334f,1.799552353468651f,2.768814908522984f,-0.4220555010677514f,2.228321153156318f,-0.6245238175886902f,3.1887298580952037f,-1.7631963767992065f,-0.7208031690081989f,-1.3802743693595465f,3.628263309581591f,0f,0f,0f,1f],start_interpolation:0}
execute if entity @s[tag=aj.heiloang_aj.bone.wing_left_1] run data modify entity @s {} merge value {transformation:[-2.1484621261583907f,0.1558390642333242f,2.558719103657501f,1.323249093743927f,-0.8315593688162178f,3.115638774803494f,-0.8879880708517167f,2.6578030123876064f,-2.4248377845738336f,-1.2065355294809437f,-1.9625627397622727f,2.0705372045392467f,0f,0f,0f,1f],start_interpolation:0}
execute if entity @s[tag=aj.heiloang_aj.bone.wing_left_0] run data modify entity @s {} merge value {transformation:[-1.4286053057566108f,-0.05711844483427818f,1.6983004338525538f,0.00807963154008301f,-0.7803348768778586f,1.9930135129848663f,-0.5893849480498609f,1.9272686186562134f,-1.5094914243850728f,-0.9762349206617397f,-1.302613150320727f,0.656077984932298f,0f,0f,0f,1f],start_interpolation:0}
execute if entity @s[tag=aj.heiloang_aj.bone.kazari_right] run data modify entity @s {} merge value {transformation:[-2.4858292110381885f,0.5418719442719306f,-0.6587094337539618f,-1.6431746108653664f,0.3646597196131285f,-1.1596021959369165f,-2.3300678583737007f,2.9810318548269543f,-0.7710684865802659f,-2.295336082525931f,1.021643698073638f,-3.358100899202547f,0f,0f,0f,1f],start_interpolation:0}
execute if entity @s[tag=aj.heiloang_aj.bone.kazari_left] run data modify entity @s {} merge value {transformation:[-2.4858292110381885f,0.5418719442719306f,-0.6587094337539618f,3.1562400235145844f,0.3646597196131285f,-1.1596021959369165f,-2.3300678583737007f,2.2769797875696067f,-0.7710684865802659f,-2.295336082525931f,1.021643698073638f,-1.8693914729194083f,0f,0f,0f,1f],start_interpolation:0}
execute if entity @s[tag=aj.heiloang_aj.bone.ring] run data modify entity @s {} merge value {transformation:[-2.0852739519501284f,-0.7081010689455932f,-0.05614006822609155f,-0.23097066550661072f,0.29982327239521306f,-1.0352668249006782f,1.9212638789021987f,3.6583440539277507f,-0.6439447464127241f,1.8110057325150037f,1.076345523588627f,1.0662588328733904f,0f,0f,0f,1f],start_interpolation:0}
execute if entity @s[tag=aj.heiloang_aj.bone.body_0] run data modify entity @s {} merge value {transformation:[-1.0682840053369251f,0.15647244632026983f,0.32853924182891864f,-0.1337723651026342f,0.1535991978550559f,1.1175788542022531f,-0.0328202223626842f,1.8973511473213462f,-0.3298923253082038f,0.013647495015676773f,-1.079183568963231f,-0.06842196699358366f,0f,0f,0f,1f],start_interpolation:0}
execute if entity @s[tag=aj.heiloang_aj.bone.leg_right_3] run data modify entity @s {} merge value {transformation:[-0.8475532395132122f,-0.4342635768402912f,0.30507155229640187f,-0.6811705023502834f,0.17438050936949678f,0.3150408125665571f,0.9329205348631996f,0.2954391573862186f,-0.5012433981038499f,0.8438983542152931f,-0.19128675753963043f,-0.5304638202060817f,0f,0f,0f,1f],start_interpolation:0}
execute if entity @s[tag=aj.heiloang_aj.bone.leg_right_2] run data modify entity @s {} merge value {transformation:[-0.8475532395132122f,0.32643518863293775f,0.4184418404185199f,-0.5023787610998978f,0.17438050936949678f,0.915973951666f,-0.3613629170534896f,0.8695684017157761f,-0.5012433981038499f,-0.23330620971493798f,-0.8332606245141763f,-0.6330458584321628f,0f,0f,0f,1f],start_interpolation:0}
execute if entity @s[tag=aj.heiloang_aj.bone.leg_right_1] run data modify entity @s {} merge value {transformation:[-0.8522156648315876f,0.04827474369656337f,0.5209587409159062f,-0.8663581205578024f,0.045195033148915625f,0.9988046067309582f,-0.01862166887485045f,0.9576911454856606f,-0.5212349466357024f,0.007675069644457466f,-0.8533787106036975f,-0.030301118926380266f,0f,0f,0f,1f],start_interpolation:0}
execute if entity @s[tag=aj.heiloang_aj.bone.leg_right_0] run data modify entity @s {} merge value {transformation:[-0.6967611731966586f,0.6923603818045274f,0.18751258419931394f,-0.32276974195752917f,0.1538573670342733f,0.3995833119365682f,-0.903693027211721f,1.1831255653180826f,-0.7006081487785427f,-0.6008080213589797f,-0.3849388825980185f,-0.4698776577836635f,0f,0f,0f,1f],start_interpolation:0}
execute if entity @s[tag=aj.heiloang_aj.bone.leg_left_3] run data modify entity @s {} merge value {transformation:[-0.8991142866046928f,-0.4136851491181587f,0.1430318042339579f,0.6258141650011622f,-0.0765590505224885f,0.47036087861680914f,0.8791469476998246f,0.030632012941102404f,-0.430966601265608f,0.7795032015751506f,-0.4545795280560493f,-0.21981367940739943f,0f,0f,0f,1f],start_interpolation:0}
execute if entity @s[tag=aj.heiloang_aj.bone.leg_left_2] run data modify entity @s {} merge value {transformation:[-0.8991142866046928f,-0.04097649731948165f,0.43579172352255724f,0.5803333355527387f,-0.0765590505224885f,0.9949831768087192f,-0.06439867739887312f,0.6388034030670131f,-0.430966601265608f,-0.09126557146621955f,-0.8977407109285592f,-0.23296681155876803f,0f,0f,0f,1f],start_interpolation:0}
execute if entity @s[tag=aj.heiloang_aj.bone.leg_left_1] run data modify entity @s {} merge value {transformation:[-0.9114837049866517f,0.01877081141216083f,0.4109076686832891f,0.29179424267407467f,0.05163456443054909f,0.9962777459244724f,0.06902553680863294f,0.6648900608915734f,-0.4080825006048092f,0.08413269052265909f,-0.909060153722263f,0.4148082197963426f,0f,0f,0f,1f],start_interpolation:0}
execute if entity @s[tag=aj.heiloang_aj.bone.leg_left_0] run data modify entity @s {} merge value {transformation:[-0.9551250415389348f,0.042872579051628085f,0.2930837712851222f,0.30839715004285284f,-0.15385736703427327f,0.7737041481412978f,-0.614580996906209f,1.1831255653180826f,-0.2531088019696842f,-0.632094797569487f,-0.732387944501451f,-0.10547328278366347f,0f,0f,0f,1f],start_interpolation:0}
execute if entity @s[tag=aj.heiloang_aj.bone.tail_4] run data modify entity @s {} merge value {transformation:[-0.5389306963003364f,1.2478849136683396f,0.7982426388710824f,1.137110234303528f,-1.2556236636502658f,0.06589802445598102f,-0.9507476160064547f,-1.5988062609980491f,-0.7860135390401315f,-0.960882436252965f,0.9714638561644212f,-2.0041991694478822f,0f,0f,0f,1f],start_interpolation:0}
execute if entity @s[tag=aj.heiloang_aj.bone.tail_3] run data modify entity @s {} merge value {transformation:[-0.23751341710515425f,0.8134841977584754f,0.5308774215318284f,0.40645618080061885f,-0.1592111914878348f,0.5065248711126857f,-0.8473985788572583f,-0.4796308912355587f,-0.958247970621413f,-0.28579015893051096f,0.009209335394930634f,-2.0090466653747496f,0f,0f,0f,1f],start_interpolation:0}
execute if entity @s[tag=aj.heiloang_aj.bone.tail_2] run data modify entity @s {} merge value {transformation:[-0.05915601752629204f,0.8260994512280783f,0.5604107977823919f,-0.017252636889056983f,-0.05033343010207075f,0.5582114850204677f,-0.8281705644403236f,0.17902518455253846f,-0.9969789924590129f,-0.07719867014341682f,0.008558850594499345f,-2.017158665093763f,0f,0f,0f,1f],start_interpolation:0}
execute if entity @s[tag=aj.heiloang_aj.bone.tail_1] run data modify entity @s {} merge value {transformation:[-0.6898990967700929f,0.6147584943591626f,0.3822449867415731f,-0.3055890967343037f,0.24622288094423747f,0.6958251416867931f,-0.674686345716344f,0.7180344819753046f,-0.6807448341157865f,-0.3713480386508184f,-0.6314167443256951f,-1.5299871602066957f,0f,0f,0f,1f],start_interpolation:0}
execute if entity @s[tag=aj.heiloang_aj.bone.tail_ring] run data modify entity @s {} merge value {transformation:[-0.8858265067105674f,0.3659211799489227f,-0.28532979177390705f,-0.3352440823895366f,0.4461356350966247f,0.8406960649949735f,-0.30690897901315706f,0.7000035483295904f,0.12757113743274526f,-0.3991638966223715f,-0.9079613364716363f,-1.672848082221436f,0f,0f,0f,1f],start_interpolation:0}
execute if entity @s[tag=aj.heiloang_aj.bone.tail_0] run data modify entity @s {} merge value {transformation:[-0.8858265067105674f,0.3659211799489227f,-0.28532979177390705f,0.05506465727701324f,0.4461356350966247f,0.8406960649949735f,-0.30690897901315706f,1.1097281226544269f,0.12757113743274526f,-0.3991638966223715f,-0.9079613364716363f,-0.39549728410515417f,0f,0f,0f,1f],start_interpolation:0}
execute if entity @s[tag=aj.heiloang_aj.bone.body_1] run data modify entity @s {} merge value {transformation:[-0.8660254037844386f,0.42959575234032815f,0.2558270696606351f,-0.0018960387843347866f,0f,0.5116541393212702f,-0.8591915046806563f,1.4479500231481484f,-0.5f,-0.7440816697692247f,-0.4431054826036825f,-0.290739714492411f,0f,0f,0f,1f],start_interpolation:0}