execute if entity @s[tag=aj.heiloang_aj.bone.head_lower] run data modify entity @s {} merge value {transformation:[-0.4999656290941499f,-0.2774580264248649f,-0.5595099760477106f,-0.3194499519316967f,-0.61964819749555f,0.30979804445251535f,0.40007659640862864f,0.4167158932424065f,0.077913291966174f,0.6834048691850357f,-0.4085184251770997f,2.015459601535336f,0f,0f,0f,1f],start_interpolation:0}
execute if entity @s[tag=aj.heiloang_aj.bone.horne_right] run data modify entity @s {} merge value {transformation:[-0.0787516371810758f,-0.6541004099562764f,-0.45381806193267715f,-0.9001177369770776f,-0.7360849558956861f,-0.11389958095804287f,0.29190036512760253f,0.4681683644812625f,-0.30327729447709334f,0.4462953496874162f,-0.5906296161741647f,2.190429703181748f,0f,0f,0f,1f],start_interpolation:0}
execute if entity @s[tag=aj.heiloang_aj.bone.horne_left] run data modify entity @s {} merge value {transformation:[-0.6584750178491905f,0.021443356364545307f,-0.45381806193267715f,-0.4750469591212315f,-0.17762018972173987f,0.7233569278313335f,0.29190036512760253f,0.994993261991979f,0.41816470328295413f,0.3410204354965221f,-0.5906296161741647f,2.124187822352107f,0f,0f,0f,1f],start_interpolation:0}
execute if entity @s[tag=aj.heiloang_aj.bone.head_upper] run data modify entity @s {} merge value {transformation:[-0.7323371543563835f,-0.628461088797503f,-0.6647413516674372f,-0.5180766324982045f,-0.9076451884865444f,0.6054152492525562f,0.42756835732978404f,0.5659216262333826f,0.11412544223975253f,0.782094078893276f,-0.8651394960315121f,1.9341300922751294f,0f,0f,0f,1f],start_interpolation:0}
execute if entity @s[tag=aj.heiloang_aj.bone.neck_0] run data modify entity @s {} merge value {transformation:[-0.8471203436137729f,-0.20661459326261897f,-0.4895891474354854f,-0.713285750862531f,-0.529288295949226f,0.24598532500710227f,0.8120006894407873f,0.8976104120785756f,-0.047339446625906556f,0.9469961086150629f,-0.3177378590301764f,1.7357965144803693f,0f,0f,0f,1f],start_interpolation:0}
execute if entity @s[tag=aj.heiloang_aj.bone.neck_1] run data modify entity @s {} merge value {transformation:[-0.9447237564595717f,-0.20366356671371044f,-0.2569400233018697f,-0.8094481209083083f,-0.31653585149589675f,0.36230999533475333f,0.8766621481496152f,1.2215577601531793f,-0.08545220125124214f,0.9095342868050551f,-0.406749680303914f,1.5989472112242953f,0f,0f,0f,1f],start_interpolation:0}
execute if entity @s[tag=aj.heiloang_aj.bone.neck_2] run data modify entity @s {} merge value {transformation:[-0.9122051014601034f,-0.4091628646486666f,0.02162413148912795f,-0.7868726777199102f,-0.2520493678121003f,0.6019734421511962f,0.7576932698197604f,1.5118846670697093f,-0.32303710167050886f,0.6857213174002517f,-0.6522524862407042f,1.3086704990249112f,0f,0f,0f,1f],start_interpolation:0}
execute if entity @s[tag=aj.heiloang_aj.bone.neck_3] run data modify entity @s {} merge value {transformation:[-0.7664034398848907f,-0.16101727039286093f,0.6218514339999858f,-0.46116532615076633f,0.1580563001100063f,0.8910410374378805f,0.425516245984992f,1.7105116518440875f,-0.6226106113199019f,0.4244046515259428f,-0.6574471221588855f,0.9581641241651727f,0f,0f,0f,1f],start_interpolation:0}
execute if entity @s[tag=aj.heiloang_aj.bone.wing_right_2] run data modify entity @s {} merge value {transformation:[-2.1793767425079373f,0.8275449276699525f,0.3147418199480799f,-4.8430439204508975f,0.8136350480414958f,2.2017120321305876f,-0.1550423893356684f,1.9318796514220797f,-0.34912895774342345f,-0.03477824866397965f,-2.326042873767778f,-0.1325529986819374f,0f,0f,0f,1f],start_interpolation:0}
execute if entity @s[tag=aj.heiloang_aj.bone.wing_right_1] run data modify entity @s {} merge value {transformation:[-3.300949965195109f,0.30112095793367355f,0.4475201323644686f,-2.6886611734738204f,0.2735399475924961f,3.326228616425332f,-0.22044922600068695f,1.7561420845789995f,-0.4648913822061013f,-0.1809644519410217f,-3.307317136711292f,0.22213805816729656f,0f,0f,0f,1f],start_interpolation:0}
execute if entity @s[tag=aj.heiloang_aj.bone.wing_right_0] run data modify entity @s {} merge value {transformation:[-2.194680558041428f,-0.1534559627192591f,0.2970328528309072f,-0.6449504185412782f,-0.1742122031419928f,2.208311771894726f,-0.14631892012853803f,1.9170085068271192f,-0.28535479044756745f,-0.16795947611574016f,-2.1951679338837717f,0.46995743399430223f,0f,0f,0f,1f],start_interpolation:0}
execute if entity @s[tag=aj.heiloang_aj.bone.wing_left_2] run data modify entity @s {} merge value {transformation:[-1.5668253167201347f,-0.5521991556463315f,1.6654460440702759f,3.0305675840867936f,-1.2683292776461377f,1.8993168857711407f,-0.5634822243968697f,2.7150063217712224f,-1.2124253695265037f,-1.2732821628567241f,-1.562803014906366f,3.5235052271686276f,0f,0f,0f,1f],start_interpolation:0}
execute if entity @s[tag=aj.heiloang_aj.bone.wing_left_1] run data modify entity @s {} merge value {transformation:[-2.3612581533117307f,0.06382844853691591f,2.3680381406295457f,1.4485814404513593f,-0.7178865945934423f,3.1670086580216434f,-0.8011952135522074f,2.2571826029138604f,-2.257502501354516f,-1.0738719020783194f,-2.222093690015069f,2.079285111508155f,0f,0f,0f,1f],start_interpolation:0}
execute if entity @s[tag=aj.heiloang_aj.bone.wing_left_0] run data modify entity @s {} merge value {transformation:[-1.5667566069021523f,0.05751773150618486f,1.571739623885214f,0.0038993262550466035f,-0.45613489301581056f,2.106550085576355f,-0.5317778637097464f,1.8286568653749562f,-1.5051958989121337f,-0.698239534487005f,-1.4748718108288124f,0.6674404387990258f,0f,0f,0f,1f],start_interpolation:0}
execute if entity @s[tag=aj.heiloang_aj.bone.kazari_right] run data modify entity @s {} merge value {transformation:[-2.5108883102135118f,0.5302768406968328f,-0.5666714695570698f,-1.685959559226857f,0.2645176686840669f,-1.2192994257944538f,-2.3130519885570027f,2.8819345496970388f,-0.7296166700009878f,-2.2669330759936748f,1.111550328315714f,-3.242888134870725f,0f,0f,0f,1f],start_interpolation:0}
execute if entity @s[tag=aj.heiloang_aj.bone.kazari_left] run data modify entity @s {} merge value {transformation:[-2.5108883102135118f,0.5302768406968328f,-0.5666714695570698f,3.161836921650181f,0.2645176686840669f,-1.2192994257944538f,-2.3130519885570027f,2.3712277141280063f,-0.7296166700009878f,-2.2669330759936748f,1.111550328315714f,-1.8342101340084551f,0f,0f,0f,1f],start_interpolation:0}
execute if entity @s[tag=aj.heiloang_aj.bone.ring] run data modify entity @s {} merge value {transformation:[-2.089827884016437f,-0.6922048220214747f,-0.07998865758109544f,-0.2646955305689884f,0.2845646860249769f,-1.0786372367588013f,1.8996028365763373f,3.5610620507616924f,-0.6360571046996597f,1.7917367221864884f,1.1126711840043f,1.1405584960075497f,0f,0f,0f,1f],start_interpolation:0}
execute if entity @s[tag=aj.heiloang_aj.bone.body_0] run data modify entity @s {} merge value {transformation:[-1.0706169807156656f,0.14912552859651698f,0.32433506326290845f,-0.14071194967396544f,0.1457822375232342f,1.1186169647956399f,-0.033105909318162166f,1.7961521051637106f,-0.3258514934194177f,0.010489934693430954f,-1.0804458068057536f,-0.056402253932616886f,0f,0f,0f,1f],start_interpolation:0}
execute if entity @s[tag=aj.heiloang_aj.bone.leg_right_3] run data modify entity @s {} merge value {transformation:[-0.8471828654434426f,-0.3969064605588034f,0.353194640482724f,-0.689781994323158f,0.1853147424539113f,0.402278263771742f,0.8965660292058988f,0.1940515820607055f,-0.4979353760562494f,0.8250075515190605f,-0.2672506336910091f,-0.5361792769244753f,0f,0f,0f,1f],start_interpolation:0}
execute if entity @s[tag=aj.heiloang_aj.bone.leg_right_2] run data modify entity @s {} merge value {transformation:[-0.8471828654434426f,0.3352712013661851f,0.41215823907027827f,-0.5053198835885035f,0.1853147424539113f,0.9135012745092306f,-0.3621793308559328f,0.766715499141261f,-0.4979353760562494f,-0.23045312539535145f,-0.8360333236583549f,-0.6368953048329518f,0f,0f,0f,1f],start_interpolation:0}
execute if entity @s[tag=aj.heiloang_aj.bone.leg_right_1] run data modify entity @s {} merge value {transformation:[-0.8549995367554845f,0.07150600323590878f,0.5136756599734242f,-0.8624160630130482f,0.05594298447758289f,0.9973863818354914f,-0.04572513331689221f,0.873856756957588f,-0.5156027294687722f,-0.010358418331620156f,-0.8567651536646544f,-0.033114812769204305f,0f,0f,0f,1f],start_interpolation:0}
execute if entity @s[tag=aj.heiloang_aj.bone.leg_right_0] run data modify entity @s {} merge value {transformation:[-0.6992212465421919f,0.6939353182421437f,0.1718820016178484f,-0.3186420877256437f,0.16183404404230936f,0.387825780733895f,-0.9074144069756973f,1.0901630253346677f,-0.6963471767537334f,-0.6066670733559878f,-0.3834783847008659f,-0.4770269646293659f,0f,0f,0f,1f],start_interpolation:0}
execute if entity @s[tag=aj.heiloang_aj.bone.leg_left_3] run data modify entity @s {} merge value {transformation:[-0.8978501859245843f,-0.4131356988078875f,0.15226272690881226f,0.6436440808205934f,-0.07336325300900766f,0.48135133947729875f,0.8734521859216716f,-0.03061618095269003f,-0.4341461467560498f,0.773058718567955f,-0.4624903684434367f,-0.2629080149661572f,0f,0f,0f,1f],start_interpolation:0}
execute if entity @s[tag=aj.heiloang_aj.bone.leg_left_2] run data modify entity @s {} merge value {transformation:[-0.8978501859245843f,-0.04363840263597271f,0.43813323709868185f,0.596433855394213f,-0.07336325300900766f,0.9959932959252081f,-0.051138904759260834f,0.5775439849130528f,-0.4341461467560498f,-0.07805795467100804f,-0.8974542210995797f,-0.2680419968255972f,0f,0f,0f,1f],start_interpolation:0}
execute if entity @s[tag=aj.heiloang_aj.bone.leg_left_1] run data modify entity @s {} merge value {transformation:[-0.9142812227767315f,-0.013225667314165551f,0.40486408509767735f,0.3097572331974026f,0.052283175310609525f,0.987254159103429f,0.1503186445934807f,0.545590465486153f,-0.4016918162687964f,0.15860109412319995f,-0.9019364598937106f,0.38029688058719097f,0f,0f,0f,1f],start_interpolation:0}
execute if entity @s[tag=aj.heiloang_aj.bone.leg_left_0] run data modify entity @s {} merge value {transformation:[-0.9526649681934016f,0.022882681603986932f,0.3031597619402604f,0.31252480427473833f,-0.1618340440423094f,0.8059795520119051f,-0.5693915207724827f,1.0901630253346677f,-0.25736977399449357f,-0.591500925292006f,-0.764125287379448f,-0.11262258962936589f,0f,0f,0f,1f],start_interpolation:0}
execute if entity @s[tag=aj.heiloang_aj.bone.tail_4] run data modify entity @s {} merge value {transformation:[-0.5406889622075454f,1.392482179151656f,0.5034910034743986f,0.8842155936287905f,-1.3162163979385113f,-0.20644550196140546f,-0.8425016392894121f,-1.7027227750371179f,-0.6782950712133855f,-0.7093856491025403f,1.2335080708705028f,-1.7699938731631475f,0f,0f,0f,1f],start_interpolation:0}
execute if entity @s[tag=aj.heiloang_aj.bone.tail_3] run data modify entity @s {} merge value {transformation:[-0.13440921008473555f,0.9000145467889922f,0.41461787203713546f,0.306663059196933f,-0.2156674134237319f,0.3818152804465257f,-0.8987239055486717f,-0.5117054243939712f,-0.9671720276308214f,-0.21021633425056618f,0.142784319106615f,-1.9553127681477596f,0f,0f,0f,1f],start_interpolation:0}
execute if entity @s[tag=aj.heiloang_aj.bone.tail_2] run data modify entity @s {} merge value {transformation:[0.041776080314279096f,0.8821317595947894f,0.4691463714319612f,-0.04456200238649577f,-0.09530958392304989f,0.47093346860980584f,-0.8770049893561335f,0.18359343674338247f,-0.9945706824182934f,-0.008076314588823384f,0.10374936537961255f,-2.036696075507534f,0f,0f,0f,1f],start_interpolation:0}
execute if entity @s[tag=aj.heiloang_aj.bone.tail_1] run data modify entity @s {} merge value {transformation:[-0.6480689495830337f,0.6616072213996026f,0.377203554037128f,-0.3281674386050096f,0.27759056863902826f,0.6664244425459105f,-0.6919696081332135f,0.7356128142404194f,-0.7091897579555165f,-0.3437358680284463f,-0.6155449132611902f,-1.5614618433932073f,0f,0f,0f,1f],start_interpolation:0}
execute if entity @s[tag=aj.heiloang_aj.bone.tail_ring] run data modify entity @s {} merge value {transformation:[-0.8712662076629161f,0.38260983477564897f,-0.30741650853139113f,-0.36047885247921774f,0.4565908050567652f,0.8616149920629186f,-0.2216854577775265f,0.7304779402956868f,0.18005563618586104f,-0.33351059920993076f,-0.9253921590830222f,-1.7047914683291268f,0f,0f,0f,1f],start_interpolation:0}
execute if entity @s[tag=aj.heiloang_aj.bone.tail_0] run data modify entity @s {} merge value {transformation:[-0.8712662076629161f,0.38260983477564897f,-0.30741650853139113f,0.06030572080923322f,0.4565908050567652f,0.8616149920629186f,-0.2216854577775265f,1.0206810885007118f,0.18005563618586104f,-0.33351059920993076f,-0.9253921590830222f,-0.4045750724286556f,0f,0f,0f,1f],start_interpolation:0}
execute if entity @s[tag=aj.heiloang_aj.bone.body_1] run data modify entity @s {} merge value {transformation:[-0.8660254037844386f,0.4214147550014385f,0.2690903273383819f,-0.0018960387843347866f,0f,0.5381806546767638f,-0.842829510002877f,1.355023989797476f,-0.5f,-0.7299117667216821f,-0.4660781187754179f,-0.290739714492411f,0f,0f,0f,1f],start_interpolation:0}