execute if entity @s[tag=aj.heiloang_aj.bone.head_lower] run data modify entity @s {} merge value {transformation:[-0.7797221225190397f,0.17370292081029917f,-0.04313591260625682f,-0.7412968552197351f,0.16819528058431335f,0.7770583769071875f,0.08882919828261297f,1.076271713076563f,0.0611862667889441f,0.07750854262814218f,-0.7938820230840938f,2.9242519809137635f,0f,0f,0f,1f],start_interpolation:0}
execute if entity @s[tag=aj.heiloang_aj.bone.horne_right] run data modify entity @s {} merge value {transformation:[-0.6887958052402464f,-0.40244601322019447f,-0.05997953923307241f,-0.9933139814069796f,-0.404322033803562f,0.6902005796181228f,0.012118286832670022f,1.5956505993761652f,0.04565119565128466f,0.040747593032946915f,-0.7976563182208423f,2.7314569850483172f,0f,0f,0f,1f],start_interpolation:0}
execute if entity @s[tag=aj.heiloang_aj.bone.horne_left] run data modify entity @s {} merge value {transformation:[-0.4609470946453035f,0.651099248050128f,-0.05997953923307241f,-0.33039423284129205f,0.6523351708700302f,0.46293841055826185f,0.012118286832670022f,1.452650971823382f,0.04457130000372826f,-0.041926092333392916f,-0.7976563182208423f,2.6794364210243566f,0f,0f,0f,1f],start_interpolation:0}
execute if entity @s[tag=aj.heiloang_aj.bone.head_upper] run data modify entity @s {} merge value {transformation:[-1.1421174720128264f,0.2470040945676159f,-0.08785652958012365f,-0.7316939841140054f,0.2463682421178876f,1.145491038449359f,0.017750563595324235f,1.2062736390167035f,0.0896241139357756f,-0.0011706831517970318f,-1.1683870335219344f,2.697675984424438f,0f,0f,0f,1f],start_interpolation:0}
execute if entity @s[tag=aj.heiloang_aj.bone.neck_0] run data modify entity @s {} merge value {transformation:[-0.9899226729926404f,-0.14124978144914352f,0.010079719027578878f,-0.7172763753251173f,-0.1044112007033754f,0.7761240357455103f,0.6218760184359755f,1.4213273429573867f,-0.09566296390341032f,0.6145567348737391f,-0.7830508393192255f,2.3221705975028786f,0f,0f,0f,1f],start_interpolation:0}
execute if entity @s[tag=aj.heiloang_aj.bone.neck_1] run data modify entity @s {} merge value {transformation:[-0.988493279343637f,-0.13100386393161623f,0.07562423108666222f,-0.6913572301367008f,-0.10613122020768233f,0.9568897991900117f,0.2703665591439293f,1.531785885464553f,-0.10778311922416575f,0.25922943475054283f,-0.9597827355027924f,1.9756970403026837f,0f,0f,0f,1f],start_interpolation:0}
execute if entity @s[tag=aj.heiloang_aj.bone.neck_2] run data modify entity @s {} merge value {transformation:[-0.9909569464170715f,-0.08279682267539294f,0.10558890331191395f,-0.6453117408104057f,-0.062131304816099256f,0.9806142966117899f,0.18583676235452914f,1.5750747800226652f,-0.11892868161045977f,0.177595854218009f,-0.9768908236107929f,1.5694141121838727f,0f,0f,0f,1f],start_interpolation:0}
execute if entity @s[tag=aj.heiloang_aj.bone.neck_3] run data modify entity @s {} merge value {transformation:[-0.9478957481666003f,0.04411293319080497f,0.31551180601204876f,-0.48310263101755224f,0.005109925322349603f,0.9923448768556224f,-0.12339179081932336f,1.4871886566495103f,-0.318539698108228f,-0.11535031210925792f,-0.9408649032807078f,1.0853098767317222f,0f,0f,0f,1f],start_interpolation:0}
execute if entity @s[tag=aj.heiloang_aj.bone.wing_right_2] run data modify entity @s {} merge value {transformation:[-1.4837834126936575f,1.7870333873979751f,-0.37212157000244633f,-3.375457625594421f,1.8253458839345509f,1.4503291045358344f,-0.31342287545819364f,4.399280252264532f,-0.00867147849913646f,-0.4864495525562823f,-2.3014924819776055f,0.5768885555687663f,0f,0f,0f,1f],start_interpolation:0}
execute if entity @s[tag=aj.heiloang_aj.bone.wing_right_1] run data modify entity @s {} merge value {transformation:[-1.2159956324385806f,3.070605782169046f,-0.5291063459270836f,-2.5712734269140634f,3.1076083953212055f,1.153858557655239f,-0.4456447723859545f,2.371453182760767f,-0.226590944478048f,-0.6536125246166775f,-3.2724098130345407f,0.7750289337400301f,0f,0f,0f,1f],start_interpolation:0}
execute if entity @s[tag=aj.heiloang_aj.bone.wing_right_0] run data modify entity @s {} merge value {transformation:[-2.0181947943977403f,0.8555463051226813f,-0.3511841278543038f,-0.6969128296119197f,0.9021611973529471f,2.006742276115509f,-0.29578811883076334f,1.5299584315750367f,0.2034574792347469f,-0.41161384456997147f,-2.171998871339893f,0.5683769710656912f,0f,0f,0f,1f],start_interpolation:0}
execute if entity @s[tag=aj.heiloang_aj.bone.wing_left_2] run data modify entity @s {} merge value {transformation:[-1.6710648745676062f,-1.3323082847119223f,0.9828900374891034f,2.836959598260758f,-1.5902104411238753f,1.6802822145865712f,-0.4259793875361402f,4.118827722675654f,-0.4608133507700985f,-0.9670482512020949f,-2.094288600436915f,1.5273904928058073f,0f,0f,0f,1f],start_interpolation:0}
execute if entity @s[tag=aj.heiloang_aj.bone.wing_left_1] run data modify entity @s {} merge value {transformation:[-1.6020198689479601f,-2.5821781014091916f,1.3975361766332839f,1.7668258827430745f,-2.9319914557461106f,1.4912379887975091f,-0.6056848496528231f,2.2084151149207103f,-0.15549024351309043f,-1.5151845716842482f,-2.977794027598662f,1.4708930793736523f,0f,0f,0f,1f],start_interpolation:0}
execute if entity @s[tag=aj.heiloang_aj.bone.wing_left_0] run data modify entity @s {} merge value {transformation:[-1.9470580105619562f,-0.5262567960540884f,0.927587671389287f,-0.03674805531751377f,-0.7461024751185659f,2.051857145192945f,-0.4020116320986349f,1.5112231657885977f,-0.7620342512830139f,-0.6643312730314176f,-1.9764533284507355f,0.7462617698905978f,0f,0f,0f,1f],start_interpolation:0}
execute if entity @s[tag=aj.heiloang_aj.bone.kazari_right] run data modify entity @s {} merge value {transformation:[-2.5361913047924713f,0.4993446717877541f,-0.4746143200626066f,-1.862029290931484f,0.07302484635861986f,-1.6055121309483775f,-2.079391343097337f,1.5850981515179385f,-0.6850337406767718f,-2.019865313502617f,1.5354944083257382f,-3.5423058643356065f,0f,0f,0f,1f],start_interpolation:0}
execute if entity @s[tag=aj.heiloang_aj.bone.kazari_left] run data modify entity @s {} merge value {transformation:[-2.5361913047924713f,0.4993446717877541f,-0.4746143200626066f,3.034619927670515f,0.07302484635861986f,-1.6055121309483775f,-2.079391343097337f,1.4441083704297464f,-0.6850337406767718f,-2.019865313502617f,1.5354944083257382f,-2.2197045587233717f,0f,0f,0f,1f],start_interpolation:0}
execute if entity @s[tag=aj.heiloang_aj.bone.ring] run data modify entity @s {} merge value {transformation:[-2.1262715512031773f,-0.568403749930912f,0.09387626639646182f,-0.11798234865083838f,0.06034290861476654f,0.1372587980005864f,2.1978273457065214f,3.0267149009731735f,-0.5729348215180955f,2.123912306386481f,-0.11691232123312055f,-0.10757516363193331f,0f,0f,0f,1f],start_interpolation:0}
execute if entity @s[tag=aj.heiloang_aj.bone.body_0] run data modify entity @s {} merge value {transformation:[-1.0892870392540208f,0.12373216925883546f,0.26794863750611886f,-0.21830526050968677f,0.030913618830934568f,1.066792880514193f,-0.3669464186944464f,1.2535965726968614f,-0.2935140034507012f,-0.3468366709452839f,-1.0330567406505842f,0.07799330276233718f,0f,0f,0f,1f],start_interpolation:0}
execute if entity @s[tag=aj.heiloang_aj.bone.leg_right_3] run data modify entity @s {} merge value {transformation:[-0.9726074335280742f,-0.05894193267169995f,0.2248569074297197f,-0.5836033942042085f,0.1572116038412755f,0.5457493335193037f,0.8230687556825916f,-0.22013031217023182f,-0.17122877054860458f,0.8358729051334064f,-0.5215335028550445f,-1.3126964549977551f,0f,0f,0f,1f],start_interpolation:0}
execute if entity @s[tag=aj.heiloang_aj.bone.leg_right_2] run data modify entity @s {} merge value {transformation:[-0.9726074335280742f,0.07871625288984728f,0.21872021346211779f,-0.5460480720086638f,0.1572116038412755f,0.9158418967692448f,0.3694836014490576f,0.31943910680782295f,-0.17122877054860458f,0.39374785288696346f,-0.9031297450994069f,-1.0306177596326782f,0f,0f,0f,1f],start_interpolation:0}
execute if entity @s[tag=aj.heiloang_aj.bone.leg_right_1] run data modify entity @s {} merge value {transformation:[-0.9727463949221783f,-0.03301815855977351f,0.22950871959737645f,-0.7104747786407397f,0.039593005435469945f,0.9516203452547639f,0.3047148050518564f,0.1758640981817261f,-0.22846628873094696f,0.3054971680761144f,-0.924377972049844f,-0.3554156505372177f,0f,0f,0f,1f],start_interpolation:0}
execute if entity @s[tag=aj.heiloang_aj.bone.leg_right_0] run data modify entity @s {} merge value {transformation:[-0.8144940436555309f,0.5531297122878924f,0.1750627722674793f,-0.2651896514405417f,0.46325594620684607f,0.8016994740858313f,-0.37771931583452445f,0.7193516992409577f,-0.3492755089519759f,-0.22655126270849774f,-0.9092200746857295f,-0.5696093000635007f,0f,0f,0f,1f],start_interpolation:0}
execute if entity @s[tag=aj.heiloang_aj.bone.leg_left_3] run data modify entity @s {} merge value {transformation:[-0.8573604099097822f,-0.4453328970902227f,0.25809249948140567f,0.8842530960199593f,-0.1493780273407438f,0.6951234415093748f,0.7031995492119936f,-0.37614746812141797f,-0.4925640389503869f,0.5643421053167945f,-0.662494268427652f,-0.48175780809198965f,0f,0f,0f,1f],start_interpolation:0}
execute if entity @s[tag=aj.heiloang_aj.bone.leg_left_2] run data modify entity @s {} merge value {transformation:[-0.8573604099097822f,-0.23479634762081344f,0.458043450628056f,0.7198442811979071f,-0.1493780273407438f,0.9650974648301783f,0.21511180424642107f,0.20066129319557305f,-0.4925640389503869f,0.1160067175739779f,-0.862509773284102f,-0.37051328023934776f,0f,0f,0f,1f],start_interpolation:0}
execute if entity @s[tag=aj.heiloang_aj.bone.leg_left_1] run data modify entity @s {} merge value {transformation:[-0.886109866663929f,-0.10412083250851725f,0.4516283388346741f,0.393345729802924f,-0.025293628401850905f,0.9838506302889097f,0.17719528673862656f,0.14948733095066857f,-0.46278454659063867f,0.1455911725272115f,-0.8744333444688902f,0.2574419208761038f,0f,0f,0f,1f],start_interpolation:0}
execute if entity @s[tag=aj.heiloang_aj.bone.leg_left_0] run data modify entity @s {} merge value {transformation:[-0.9090930703653406f,-0.03088409314876709f,0.415446702001708f,0.3659772405598403f,-0.25053605023934655f,0.8372861929652443f,-0.4859871588840957f,0.7193516992409577f,-0.33283851481489535f,-0.545891934232542f,-0.7689086546499972f,-0.20520492506350074f,0f,0f,0f,1f],start_interpolation:0}
execute if entity @s[tag=aj.heiloang_aj.bone.tail_4] run data modify entity @s {} merge value {transformation:[-1.1709195506118288f,-0.12660302523989178f,-1.047746841409113f,0.10205315512761753f,-0.7932969118338187f,1.1377219389031814f,0.7490815463626005f,-0.004607177745858448f,0.6960472536815241f,1.083704215838513f,-0.9088221811245122f,-4.092580433335039f,0f,0f,0f,1f],start_interpolation:0}
execute if entity @s[tag=aj.heiloang_aj.bone.tail_3] run data modify entity @s {} merge value {transformation:[-0.9279831514158405f,-0.04422349550319708f,-0.36998858513987076f,0.5976305344543631f,-0.15473406754494967f,0.9490087900498994f,0.27466285651507444f,-0.3964137755843852f,0.3389758679158735f,0.31213234188962896f,-0.8875070490521053f,-2.9147336676690485f,0f,0f,0f,1f],start_interpolation:0}
execute if entity @s[tag=aj.heiloang_aj.bone.tail_2] run data modify entity @s {} merge value {transformation:[-0.9974812802719936f,0.0364149617643926f,0.06086908958282555f,0.5506353386624462f,0.03777751398312986f,0.9990573109018998f,0.02138571884970636f,-0.3949060163735275f,-0.06003294882144847f,0.023631337100597616f,-0.997916632270772f,-2.1329332000722063f,0f,0f,0f,1f],start_interpolation:0}
execute if entity @s[tag=aj.heiloang_aj.bone.tail_1] run data modify entity @s {} merge value {transformation:[-0.9825984012404462f,0.09979826345723156f,0.15665467912143552f,0.42989742676202003f,0.03839009353519266f,0.9343024043226087f,-0.35440826456976343f,-0.10216185250005705f,-0.18173217271049752f,-0.34222700636845316f,-0.9218753134312734f,-1.418280680937102f,0f,0f,0f,1f],start_interpolation:0}
execute if entity @s[tag=aj.heiloang_aj.bone.tail_ring] run data modify entity @s {} merge value {transformation:[-0.9321610356027275f,0.26455981760664915f,0.2471515863027932f,0.4736202860936989f,0.04766649796501046f,0.7663958908375029f,-0.6405975674939313f,-0.17045075887636618f,-0.35889233577188884f,-0.5853592413341799f,-0.7270150272923326f,-1.5409131098416946f,0f,0f,0f,1f],start_interpolation:0}
execute if entity @s[tag=aj.heiloang_aj.bone.tail_0] run data modify entity @s {} merge value {transformation:[-0.9321610356027275f,0.26455981760664915f,0.2471515863027932f,0.12239617540873285f,0.04766649796501046f,0.7663958908375029f,-0.6405975674939313f,0.7070823100075695f,-0.35889233577188884f,-0.5853592413341799f,-0.7270150272923326f,-0.5121188944600377f,0f,0f,0f,1f],start_interpolation:0}
execute if entity @s[tag=aj.heiloang_aj.bone.body_1] run data modify entity @s {} merge value {transformation:[-0.8660254037844386f,0.2765159938206057f,0.41658001051587046f,-0.0018960387843347866f,0f,0.8331600210317409f,-0.5530319876412114f,0.96037152696793f,-0.5f,-0.47893975040269077f,-0.7215377436310648f,-0.290739714492411f,0f,0f,0f,1f],start_interpolation:0}