execute if entity @s[tag=aj.heiloang_aj.bone.head_lower] run data modify entity @s {} merge value {transformation:[-0.6570445906939881f,0.1460319783422943f,0.4323968861372676f,-1.2123282310222203f,0.11932094051474156f,0.7865443231456936f,-0.0843240231604292f,2.0070330334750945f,-0.4405166500763019f,-0.004763300191962777f,-0.6677742073312161f,2.682217422368565f,0f,0f,0f,1f],start_interpolation:0}
execute if entity @s[tag=aj.heiloang_aj.bone.horne_right] run data modify entity @s {} merge value {transformation:[-0.6627617141599895f,-0.2492715217598347f,0.37230447040459835f,-1.2396609312478246f,-0.4047115565702548f,0.6182824949362936f,-0.30648868239110216f,2.3884267893408655f,-0.19223804571986727f,-0.4422561078095909f,-0.6383212896989394f,2.2086894967493595f,0f,0f,0f,1f],start_interpolation:0}
execute if entity @s[tag=aj.heiloang_aj.bone.horne_left] run data modify entity @s {} merge value {transformation:[-0.3060864578247338f,0.638514261119561f,0.37230447040459835f,-0.681041620239796f,0.5806568070670306f,0.4570583769857935f,-0.30648868239110216f,2.2869801257152322f,-0.4573278394576793f,0.1529613623568169f,-0.6383212896989394f,2.583216752644231f,0f,0f,0f,1f],start_interpolation:0}
execute if entity @s[tag=aj.heiloang_aj.bone.head_upper] run data modify entity @s {} merge value {transformation:[-0.9624224903337866f,0.38666116878924106f,0.5453422806368956f,-1.0644651457688246f,0.17477833064248058f,1.06820889984533f,-0.4489369597494267f,2.03799712011297f,-0.6452577761155153f,-0.28737605892239615f,-0.9349970671187641f,2.4688934166289878f,0f,0f,0f,1f],start_interpolation:0}
execute if entity @s[tag=aj.heiloang_aj.bone.neck_0] run data modify entity @s {} merge value {transformation:[-0.8900245333296318f,-0.22475280126668587f,0.3966642262596266f,-0.8791972851169125f,-0.24139141414687218f,0.9703931558021418f,0.008204166534975216f,1.9777555486737117f,-0.3867641597246879f,-0.08844942902663616f,-0.9179271121703061f,2.0822320253459963f,0f,0f,0f,1f],start_interpolation:0}
execute if entity @s[tag=aj.heiloang_aj.bone.neck_1] run data modify entity @s {} merge value {transformation:[-0.8640921389318094f,-0.13519437110621246f,0.4848373515494098f,-0.7042280312895624f,-0.2795769276895648f,0.9299085098865065f,-0.2389705101980596f,1.9022932651844666f,-0.4185469112774746f,-0.3420418764739965f,-0.8413238602335208f,1.7714137158390568f,0f,0f,0f,1f],start_interpolation:0}
execute if entity @s[tag=aj.heiloang_aj.bone.neck_2] run data modify entity @s {} merge value {transformation:[-0.9372492990771275f,-0.30685947826465554f,0.16553251033732408f,-0.6261077343199463f,-0.29000404365905297f,0.9496663766432147f,0.11845432763198696f,1.9190060734443561f,-0.19354949248404413f,0.06301613819087426f,-0.9790646353978257f,1.3680803123109044f,0f,0f,0f,1f],start_interpolation:0}
execute if entity @s[tag=aj.heiloang_aj.bone.neck_3] run data modify entity @s {} merge value {transformation:[-0.876534725071633f,-0.17041288627960272f,0.45016255278893613f,-0.3890218521943033f,-0.08433809173612107f,0.9751368458302873f,0.20492734855667338f,2.001441818679597f,-0.47389235278268227f,0.1416600864535027f,-0.8691136047031365f,0.9148835458084517f,0f,0f,0f,1f],start_interpolation:0}
execute if entity @s[tag=aj.heiloang_aj.bone.wing_right_2] run data modify entity @s {} merge value {transformation:[-0.8360484378005818f,2.157409920134292f,0.424477858643252f,-4.011642165197907f,2.106371249641085f,0.9161135474707123f,-0.5074565332588464f,4.170431505286151f,-0.6307132269563291f,0.1997358529853396f,-2.25740612666298f,-0.7752697899426544f,0f,0f,0f,1f],start_interpolation:0}
execute if entity @s[tag=aj.heiloang_aj.bone.wing_right_1] run data modify entity @s {} merge value {transformation:[-2.5386230701972425f,2.0924481411458733f,0.6035498794445259f,-2.358742445670008f,1.9734270171701223f,2.602343722909497f,-0.721534287914696f,2.889370868221629f,-0.9209763776912824f,-0.1915377178226612f,-3.209725001816499f,-0.12345645774571151f,0f,0f,0f,1f],start_interpolation:0}
execute if entity @s[tag=aj.heiloang_aj.bone.wing_right_0] run data modify entity @s {} merge value {transformation:[-1.8796838331034291f,1.1111762527078834f,0.4005945868177244f,-0.6071882184886354f,1.0265823807822323f,1.9092352218416908f,-0.4789044613976689f,1.930680854421865f,-0.5842236755191296f,-0.22024577884076108f,-2.130393037414867f,0.40286791500631286f,0f,0f,0f,1f],start_interpolation:0}
execute if entity @s[tag=aj.heiloang_aj.bone.wing_left_2] run data modify entity @s {} merge value {transformation:[-1.1074820095078879f,-1.9084809672582181f,0.8153281563582302f,3.3111789204500637f,-2.0578149152243683f,1.129699835204278f,-0.15083787104224902f,4.411444587464025f,-0.2691790846583389f,-0.7842542229873982f,-2.201377736879779f,1.5872094658574405f,0f,0f,0f,1f],start_interpolation:0}
execute if entity @s[tag=aj.heiloang_aj.bone.wing_left_1] run data modify entity @s {} merge value {transformation:[-2.4968958528639598f,-1.8996804989122802f,1.1592859331947165f,1.658778568015382f,-2.083550299690095f,2.607688463713355f,-0.21447097187636927f,3.05056967380986f,-0.7820153588722353f,-0.8822662019870584f,-3.130060239071967f,1.1228313835346868f,0f,0f,0f,1f],start_interpolation:0}
execute if entity @s[tag=aj.heiloang_aj.bone.wing_left_0] run data modify entity @s {} merge value {transformation:[-1.7376587023556664f,-1.1475553514999115f,0.7694536694119617f,0.04870478767103956f,-1.2644199771423772f,1.8191696795354255f,-0.14235096930560606f,1.8733585265711659f,-0.5569419678304812f,-0.5496711674291181f,-2.0775170882970424f,0.5881516332787272f,0f,0f,0f,1f],start_interpolation:0}
execute if entity @s[tag=aj.heiloang_aj.bone.kazari_right] run data modify entity @s {} merge value {transformation:[-2.5180668359219807f,0.18424304570967692f,-0.7295643210120233f,-1.948258663209349f,0.2236287928274446f,-2.2497300754780105f,-1.3399906488720326f,0.8423059722753421f,-0.7184704318235043f,-1.3459714990123575f,2.139867087227153f,-3.2921952674181605f,0f,0f,0f,1f],start_interpolation:0}
execute if entity @s[tag=aj.heiloang_aj.bone.kazari_left] run data modify entity @s {} merge value {transformation:[-2.5180668359219807f,0.18424304570967692f,-0.7295643210120233f,2.913397467069794f,0.2236287928274446f,-2.2497300754780105f,-1.3399906488720326f,0.4105436869989093f,-0.7184704318235043f,-1.3459714990123575f,2.139867087227153f,-1.905037417011021f,0f,0f,0f,1f],start_interpolation:0}
execute if entity @s[tag=aj.heiloang_aj.bone.ring] run data modify entity @s {} merge value {transformation:[-2.1125129572704386f,-0.5565222169492479f,0.283722246555372f,0.05253258268295863f,0.18462486897752753f,0.39961351309713744f,2.158506192645558f,3.4249971185946375f,-0.5967654052503074f,2.0936853507573883f,-0.33656944142981554f,-0.2077783048870524f,0f,0f,0f,1f],start_interpolation:0}
execute if entity @s[tag=aj.heiloang_aj.bone.body_0] run data modify entity @s {} merge value {transformation:[-1.0822385237241912f,0.25483168304452947f,0.19357935587672948f,-0.18045034046846317f,0.09458315744637237f,0.906874870347273f,-0.665044638951225f,1.4709334970371697f,-0.3057223904663048f,-0.621523256835159f,-0.8910078771359201f,0.0124266579344805f,0f,0f,0f,1f],start_interpolation:0}
execute if entity @s[tag=aj.heiloang_aj.bone.leg_right_3] run data modify entity @s {} merge value {transformation:[-0.8943500329115629f,-0.16433237200720455f,0.41609240577253037f,-0.6810935404576423f,0.23398704666856548f,0.6209011452844417f,0.7481522771306593f,-0.15151260951896756f,-0.38129788961179584f,0.7664702468425987f,-0.5168513133219614f,-0.756546087312964f,0f,0f,0f,1f],start_interpolation:0}
execute if entity @s[tag=aj.heiloang_aj.bone.leg_right_2] run data modify entity @s {} merge value {transformation:[-0.8943500329115629f,0.27576709498686597f,0.3522648548373669f,-0.5299952773365794f,0.23398704666856548f,0.9594709340533335f,-0.15705282136321533f,0.43943198031878844f,-0.38129788961179584f,-0.058034782926518785f,-0.9226287895726332f,-0.7483146157753268f,0f,0f,0f,1f],start_interpolation:0}
execute if entity @s[tag=aj.heiloang_aj.bone.leg_right_1] run data modify entity @s {} merge value {transformation:[-0.9081440490463281f,0.1000748742705932f,0.4065211012007438f,-0.8093353828268046f,0.10608663819409493f,0.9943264074918368f,-0.007785920693979487f,0.5195725190321112f,-0.40499384116109205f,0.03605571943676439f,-0.9136082167523896f,-0.10093959880119252f,0f,0f,0f,1f],start_interpolation:0}
execute if entity @s[tag=aj.heiloang_aj.bone.leg_right_0] run data modify entity @s {} merge value {transformation:[-0.7393318757601521f,0.6557359644895667f,0.15296640925351096f,-0.29329496350277434f,0.2896083698479657f,0.5147659489127723f,-0.8069343281543654f,0.8307755538355177f,-0.6078777587632065f,-0.5522919180242188f,-0.5704894983136415f,-0.5209294716091353f,0f,0f,0f,1f],start_interpolation:0}
execute if entity @s[tag=aj.heiloang_aj.bone.leg_left_3] run data modify entity @s {} merge value {transformation:[-0.8858860653129397f,-0.41962651709704857f,0.19778641367232086f,0.7491936320739878f,-0.08954907996166821f,0.5730190905068204f,0.8146349392167972f,-0.205622636182893f,-0.45517781312622957f,0.7039621495959401f,-0.5452067959718463f,-0.41748152913921655f,0f,0f,0f,1f],start_interpolation:0}
execute if entity @s[tag=aj.heiloang_aj.bone.leg_left_2] run data modify entity @s {} merge value {transformation:[-0.8858860653129397f,-0.10573350261815061f,0.45169271159545576f,0.6635784349663125f,-0.08954907996166821f,0.9943425800946983f,0.057129639318282355f,0.39642575086895027f,-0.45517781312622957f,0.01016168463965647f,-0.8903425737337889f,-0.36929721454537423f,0f,0f,0f,1f],start_interpolation:0}
execute if entity @s[tag=aj.heiloang_aj.bone.leg_left_1] run data modify entity @s {} merge value {transformation:[-0.9150620114580743f,-0.11402972405118145f,0.3868575153969667f,0.3820401534898128f,0.02654415694052986f,0.9400915286610934f,0.33988722463776866f,0.22716657469224233f,-0.40243871945753357f,0.3212866940482596f,-0.8572152222802163f,0.2596982865721249f,0f,0f,0f,1f],start_interpolation:0}
execute if entity @s[tag=aj.heiloang_aj.bone.leg_left_0] run data modify entity @s {} merge value {transformation:[-0.9348128387761538f,-0.04675910821320964f,0.3520490622887296f,0.33787192849760767f,-0.20739697246534924f,0.8765747854803592f,-0.43428463163260733f,0.8307755538355177f,-0.2882905691684618f,-0.4789887590112816f,-0.829131061093092f,-0.15652509660913527f,0f,0f,0f,1f],start_interpolation:0}
execute if entity @s[tag=aj.heiloang_aj.bone.tail_4] run data modify entity @s {} merge value {transformation:[-0.7446283896395656f,0.15735119516075874f,1.3804432354906673f,1.7882561528397183f,-0.8500771509133044f,1.1872406422225277f,-0.5938710791390941f,-0.8130661309030891f,-1.098977598736926f,-1.0249656689490603f,-0.47597056488600153f,-3.4422875343509665f,0f,0f,0f,1f],start_interpolation:0}
execute if entity @s[tag=aj.heiloang_aj.bone.tail_3] run data modify entity @s {} merge value {transformation:[-0.6338374786640488f,0.31164102497133217f,0.7079053059524408f,0.8341343036376008f,0.052535325062531585f,0.9304699385456408f,-0.3625820363496312f,-0.35282576948439104f,-0.7716800439698928f,-0.19262804836702452f,-0.6061388823701509f,-2.627264430999707f,0f,0f,0f,1f],start_interpolation:0}
execute if entity @s[tag=aj.heiloang_aj.bone.tail_2] run data modify entity @s {} merge value {transformation:[-0.45679444112645684f,0.46534456338258673f,0.7581512223074217f,0.2490037417438895f,0.18542329853832012f,0.883352643458002f,-0.4304721915001347f,0.00037280925619209704f,-0.870032780368152f,-0.05605840370568384f,-0.48979630098524995f,-2.244778114363959f,0f,0f,0f,1f],start_interpolation:0}
execute if entity @s[tag=aj.heiloang_aj.bone.tail_1] run data modify entity @s {} merge value {transformation:[-0.8405924987718257f,0.3415612010519267f,0.42040480128621666f,-0.07376802540800471f,0.1682951736024668f,0.9024052884941156f,-0.3966628667268557f,0.3255996348905757f,-0.5148601611609249f,-0.262679731296149f,-0.8160382179870801f,-1.6114923098683671f,0f,0f,0f,1f],start_interpolation:0}
execute if entity @s[tag=aj.heiloang_aj.bone.tail_ring] run data modify entity @s {} merge value {transformation:[-0.969762857662498f,0.20641695692506096f,-0.13019999920147096f,-0.08607671987421937f,0.2403131951676996f,0.9006614143325199f,-0.36202014441303654f,0.3015086387528622f,0.04253901887157968f,-0.3823624675963141f,-0.9230327054049065f,-1.7559980043128425f,0f,0f,0f,1f],start_interpolation:0}
execute if entity @s[tag=aj.heiloang_aj.bone.tail_0] run data modify entity @s {} merge value {transformation:[-0.969762857662498f,0.20641695692506096f,-0.13019999920147096f,0.0911354098473975f,0.2403131951676996f,0.9006614143325199f,-0.36202014441303654f,0.7868630079998218f,0.04253901887157968f,-0.3823624675963141f,-0.9230327054049065f,-0.4579736602243054f,0f,0f,0f,1f],start_interpolation:0}
execute if entity @s[tag=aj.heiloang_aj.bone.body_1] run data modify entity @s {} merge value {transformation:[-0.8660254037844386f,0.36204732861100014f,0.34485030353131263f,-0.0018960387843347866f,0f,0.6897006070626253f,-0.7240946572220003f,1.0901626621720117f,-0.5f,-0.6270843678988375f,-0.5972982467217824f,-0.290739714492411f,0f,0f,0f,1f],start_interpolation:0}