execute if entity @s[tag=aj.heiloang_aj.bone.head_lower] run data modify entity @s {} merge value {transformation:[-0.45851396750802664f,-0.3205012221602773f,-0.571877529016324f,-0.2800835284046054f,-0.652314027675364f,0.2924635150777224f,0.35909817828322f,0.2237722342985183f,0.06520238414346893f,0.6721190809240214f,-0.4289575621898465f,2.034838822541007f,0f,0f,0f,1f],start_interpolation:0}
execute if entity @s[tag=aj.heiloang_aj.bone.horne_right] run data modify entity @s {} merge value {transformation:[-0.031192446078502856f,-0.6446459392472985f,-0.4727141253650114f,-0.8626056387688842f,-0.7332571971705331f,-0.16533708287874238f,0.2738567724610105f,0.23375450080919002f,-0.31837228853223615f,0.44395412154536396f,-0.5844175081717098f,2.2109220845175694f,0f,0f,0f,1f],start_interpolation:0}
execute if entity @s[tag=aj.heiloang_aj.bone.horne_left] run data modify entity @s {} merge value {transformation:[-0.6449114676306205f,-0.025110846240443074f,-0.4727141253650114f,-0.47277706359356f,-0.2286155010062228f,0.7160568558968708f,0.2738567724610105f,0.7883518871387845f,0.4145167688021711f,0.35585393706431956f,-0.5844175081717098f,2.155487017518792f,0f,0f,0f,1f],start_interpolation:0}
execute if entity @s[tag=aj.heiloang_aj.bone.head_upper] run data modify entity @s {} merge value {transformation:[-0.6716197967565698f,-0.6653147645276537f,-0.6924198329815346f,-0.48810990762458456f,-0.9554932798881813f,0.5470672399973545f,0.40113855388157665f,0.36138842316001546f,0.09550682223374972f,0.7945034999439521f,-0.8560401555322164f,1.9566326323856735f,0f,0f,0f,1f],start_interpolation:0}
execute if entity @s[tag=aj.heiloang_aj.bone.neck_0] run data modify entity @s {} merge value {transformation:[-0.8109947532759959f,-0.22075133372805836f,-0.5418084152318876f,-0.7047622756423814f,-0.5821606443554387f,0.21251130303761617f,0.784810760785627f,0.6836904273119595f,-0.058107609849885083f,0.9518969454402809f,-0.3008582904608009f,1.7652078999689151f,0f,0f,0f,1f],start_interpolation:0}
execute if entity @s[tag=aj.heiloang_aj.bone.neck_1] run data modify entity @s {} merge value {transformation:[-0.9494341245778658f,-0.17877920675980558f,-0.2580946305473944f,-0.8010346614798907f,-0.3066667990304558f,0.3518301472606255f,0.8844043316554823f,1.0103279054987435f,-0.06730763299563666f,0.9188327065951127f,-0.3888651949347272f,1.634991145639857f,0f,0f,0f,1f],start_interpolation:0}
execute if entity @s[tag=aj.heiloang_aj.bone.neck_2] run data modify entity @s {} merge value {transformation:[-0.9226909355874249f,-0.3854184022956511f,0.00970013178620227f,-0.7841415209988796f,-0.23962644910586356f,0.5930120221958807f,0.7687105478787624f,1.3054700586421162f,-0.3020274859573496f,0.7069578464823907f,-0.6395232607366701f,1.349219095917112f,0f,0f,0f,1f],start_interpolation:0}
execute if entity @s[tag=aj.heiloang_aj.bone.neck_3] run data modify entity @s {} merge value {transformation:[-0.783229159278894f,-0.14316382960513108f,0.605025786184415f,-0.4675737855597695f,0.1748042090264315f,0.88316696246687f,0.43526957728939164f,1.509335072934538f,-0.5966536453939757f,0.4466768790746113f,-0.6666964775205014f,0.9933868298273618f,0f,0f,0f,1f],start_interpolation:0}
execute if entity @s[tag=aj.heiloang_aj.bone.wing_right_2] run data modify entity @s {} merge value {transformation:[1.0005399174558645f,-2.123012976958133f,-0.15909676164454667f,-2.8169890778008444f,-2.080978511225768f,-1.012366114881625f,0.4221602676437915f,-1.5165621808047565f,-0.4494711511487761f,-0.03881694768851967f,-2.308689007895638f,0.030826237894541808f,0f,0f,0f,1f],start_interpolation:0}
execute if entity @s[tag=aj.heiloang_aj.bone.wing_right_1] run data modify entity @s {} merge value {transformation:[-0.6367439395181343f,-3.2757599359222436f,-0.22621399292178865f,-2.396659674758359f,-3.2374900386529344f,0.5878532657403518f,0.6002545797254851f,0.5939484713760002f,-0.5481187626873771f,0.333232881128343f,-3.282642295746668f,0.4396323516584556f,0f,0f,0f,1f],start_interpolation:0}
execute if entity @s[tag=aj.heiloang_aj.bone.wing_right_0] run data modify entity @s {} merge value {transformation:[-1.8683928638684812f,-1.1895228174727293f,-0.15014517293963064f,-0.6600222290144147f,-1.1955885769517853f,1.8276322119348964f,0.39840739521294005f,1.7091902954204323f,-0.0898669066327313f,0.4161681926934052f,-2.1787904843014543f,0.5057546218186344f,0f,0f,0f,1f],start_interpolation:0}
execute if entity @s[tag=aj.heiloang_aj.bone.wing_left_2] run data modify entity @s {} merge value {transformation:[0.450139775949949f,1.711950401983943f,1.5492501442877944f,2.3722765109829003f,2.3038022096289144f,-0.22835001108575836f,-0.41704634954291286f,-0.3563057577996491f,-0.15311945447154993f,1.5970779880472825f,-1.7203116982332542f,3.277845777846042f,0f,0f,0f,1f],start_interpolation:0}
execute if entity @s[tag=aj.heiloang_aj.bone.wing_left_1] run data modify entity @s {} merge value {transformation:[-1.3717736711595971f,2.110219198241665f,2.202823348202398f,1.4406373036959594f,2.4424864247473392f,2.206773587035483f,-0.5929832825531431f,1.251855901424267f,-1.827488941946921f,1.3654098446381762f,-2.446049651198207f,2.1185706060558447f,0f,0f,0f,1f],start_interpolation:0}
execute if entity @s[tag=aj.heiloang_aj.bone.wing_left_0] run data modify entity @s {} merge value {transformation:[-1.569747944242686f,0.5714972428296861f,1.462081493277282f,-0.007706156274326886f,0.41440535864083516f,2.1451717945836815f,-0.39358121201650886f,1.634150186691923f,-1.5141200712874856f,-0.005373375167459241f,-1.6235182587712667f,0.697233770509065f,0f,0f,0f,1f],start_interpolation:0}
execute if entity @s[tag=aj.heiloang_aj.bone.kazari_right] run data modify entity @s {} merge value {transformation:[-2.508754463666568f,0.5442503769618959f,-0.5628612233634117f,-1.746836159143753f,0.27840695438573615f,-1.1457372462231705f,-2.3487541205760243f,2.6684983196891525f,-0.7317860324842099f,-2.3017271511519404f,1.0360557479533803f,-3.2521849087295003f,0f,0f,0f,1f],start_interpolation:0}
execute if entity @s[tag=aj.heiloang_aj.bone.kazari_left] run data modify entity @s {} merge value {transformation:[-2.508754463666568f,0.5442503769618959f,-0.5628612233634117f,3.096840483451778f,0.27840695438573615f,-1.1457372462231705f,-2.3487541205760243f,2.1309753051317673f,-0.7317860324842099f,-2.3017271511519404f,1.0360557479533803f,-1.8393184986221311f,0f,0f,0f,1f],start_interpolation:0}
execute if entity @s[tag=aj.heiloang_aj.bone.ring] run data modify entity @s {} merge value {transformation:[-2.100992300509034f,-0.6545529495787304f,-0.10157792665520314f,-0.300352029235064f,0.24169064239932833f,-1.0720696050149983f,1.9092351036903792f,3.3639980882935987f,-0.6167197680976231f,1.8097385125992087f,1.09427123211608f,1.150545847770922f,0f,0f,0f,1f],start_interpolation:0}
execute if entity @s[tag=aj.heiloang_aj.bone.body_0] run data modify entity @s {} merge value {transformation:[-1.0763365014322634f,0.1284385502777047f,0.3140949703907884f,-0.15890580488914838f,0.12381790281001118f,1.1212281151479795f,-0.03419088596560781f,1.594228157792231f,-0.3159449929433277f,0.001851632237808361f,-1.0834332968991538f,-0.024889572314368114f,0f,0f,0f,1f],start_interpolation:0}
execute if entity @s[tag=aj.heiloang_aj.bone.leg_right_3] run data modify entity @s {} merge value {transformation:[-0.8463715515654093f,-0.2703794978766824f,0.4588574112169429f,-0.7143209354093365f,0.21368697628431876f,0.6167734596260102f,0.7575806067128613f,-0.004091710625129807f,-0.4878453370354447f,0.7392465262880273f,-0.4642429326374908f,-0.548782450306665f,0f,0f,0f,1f],start_interpolation:0}
execute if entity @s[tag=aj.heiloang_aj.bone.leg_right_2] run data modify entity @s {} merge value {transformation:[-0.8463715515654093f,0.35800617662023415f,0.39431811295263036f,-0.5151901154092424f,0.21368697628431876f,0.9064340918222669f,-0.3643008555422386f,0.5643741446008321f,-0.4878453370354447f,-0.22407323509090443f,-0.8436812860604823f,-0.6452575168715364f,0f,0f,0f,1f],start_interpolation:0}
execute if entity @s[tag=aj.heiloang_aj.bone.leg_right_1] run data modify entity @s {} merge value {transformation:[-0.8625302134444319f,0.13214840162952268f,0.4884449107548003f,-0.8499301763476814f,0.08435624778086638f,0.9893399903537856f,-0.11870301995781057f,0.7224066346207216f,-0.4989244976505318f,-0.06118156122177387f,-0.8644831763606684f,-0.03984638649494998f,0f,0f,0f,1f],start_interpolation:0}
execute if entity @s[tag=aj.heiloang_aj.bone.leg_right_0] run data modify entity @s {} merge value {transformation:[-0.7065309186603387f,0.6957515509236998f,0.12939799211828654f,-0.3074296358588682f,0.18272081054954262f,0.35599583520954536f,-0.9164497098616904f,0.9140968074649474f,-0.6836864532584332f,-0.6238563494112443f,-0.3786503518157345f,-0.49644750094004153f,0f,0f,0f,1f],start_interpolation:0}
execute if entity @s[tag=aj.heiloang_aj.bone.leg_left_3] run data modify entity @s {} merge value {transformation:[-0.8954886803194007f,-0.4082070855725473f,0.1773893985225305f,0.6843491094718097f,-0.06319989921783016f,0.5111338250668712f,0.8571744195969484f,-0.11283397211322943f,-0.4405743934441427f,0.7563789976994841f,-0.48351320114392915f,-0.3652524403398813f,0f,0f,0f,1f],start_interpolation:0}
execute if entity @s[tag=aj.heiloang_aj.bone.leg_left_2] run data modify entity @s {} merge value {transformation:[-0.8954886803194007f,-0.04996365746197348f,0.44227102138037566f,0.6330967525744127f,-0.06319989921783016f,0.9978846367046079f,-0.015232352666906979f,0.49478249630100757f,-0.4405743934441427f,-0.04159188336605474f,-0.8967520945497649f,-0.3482414519893168f,0f,0f,0f,1f],start_interpolation:0}
execute if entity @s[tag=aj.heiloang_aj.bone.leg_left_1] run data modify entity @s {} merge value {transformation:[-0.9221938496268034f,-0.09607890039298753f,0.37460292125098427f,0.3615532782559796f,0.051331601267366266f,0.9296658528072326f,0.3648101819241469f,0.3071542833774702f,-0.3833061053803146f,0.3556546738389297f,-0.8524002478617071f,0.2799365549108028f,0f,0f,0f,1f],start_interpolation:0}
execute if entity @s[tag=aj.heiloang_aj.bone.leg_left_0] run data modify entity @s {} merge value {transformation:[-0.9453552960752547f,-0.03496942864069763f,0.32416123032067f,0.32373725614151383f,-0.18272081054954256f,0.8802534260467473f,-0.4379121045656101f,0.9140968074649474f,-0.2700304974897937f,-0.47321353001948996f,-0.8385418805473628f,-0.13204312594004153f,0f,0f,0f,1f],start_interpolation:0}
execute if entity @s[tag=aj.heiloang_aj.bone.tail_4] run data modify entity @s {} merge value {transformation:[-0.4779804221732906f,1.3783910427282946f,0.5970152536017164f,1.06728264438925f,-1.2714514225999183f,-0.03763769123952798f,-0.9310472855094286f,-1.7070330479781537f,-0.79987521506505f,-0.7638559427092503f,1.1231999389245335f,-2.0423113960397505f,0f,0f,0f,1f],start_interpolation:0}
execute if entity @s[tag=aj.heiloang_aj.bone.tail_3] run data modify entity @s {} merge value {transformation:[-0.14331785014828652f,0.867051961525681f,0.47715918710985994f,0.40701522327478157f,-0.13528322320722924f,0.4604473629772001f,-0.8773178873395922f,-0.5466732849422147f,-0.9803868845244391f,-0.19028694632531046f,0.05130725787500457f,-2.105907821584186f,0f,0f,0f,1f],start_interpolation:0}
execute if entity @s[tag=aj.heiloang_aj.bone.tail_2] run data modify entity @s {} merge value {transformation:[0.027371306713374066f,0.8503504233806269f,0.5255044900143016f,0.011081109828747548f,-0.007190291002830751f,0.5258553327646344f,-0.850543631284304f,0.1289097552830052f,-0.9995994754320836f,0.019501960398492352f,0.020507614598451185f,-2.121608982998293f,0f,0f,0f,1f],start_interpolation:0}
execute if entity @s[tag=aj.heiloang_aj.bone.tail_1] run data modify entity @s {} merge value {transformation:[-0.6682125241111092f,0.6219005455028067f,0.40832797372256024f,-0.29751820908295057f,0.29659613500085613f,0.7260321950205012f,-0.6204095296626793f,0.6260126605610528f,-0.6822922799824237f,-0.29345691897964254f,-0.6695971037716347f,-1.6032845923995445f,0f,0f,0f,1f],start_interpolation:0}
execute if entity @s[tag=aj.heiloang_aj.bone.tail_ring] run data modify entity @s {} merge value {transformation:[-0.8932526040536554f,0.3397814438193591f,-0.29436092775264044f,-0.32928176062790576f,0.4003733425609815f,0.8990633535345867f,-0.17716171397254465f,0.6284376434602185f,0.2044528598917377f,-0.27610443090826065f,-0.9391301141561348f,-1.746808012204257f,0f,0f,0f,1f],start_interpolation:0}
execute if entity @s[tag=aj.heiloang_aj.bone.tail_0] run data modify entity @s {} merge value {transformation:[-0.8932526040536554f,0.3397814438193591f,-0.29436092775264044f,0.07423323289985449f,0.4003733425609815f,0.8990633535345867f,-0.17716171397254465f,0.8555993814061602f,0.2044528598917377f,-0.27610443090826065f,-0.9391301141561348f,-0.4286982309926415f,0f,0f,0f,1f],start_interpolation:0}
execute if entity @s[tag=aj.heiloang_aj.bone.body_1] run data modify entity @s {} merge value {transformation:[-0.8660254037844386f,0.39710637075944105f,0.30381989780504065f,-0.0018960387843347866f,0f,0.6076397956100813f,-0.7942127415188821f,1.1777554072359395f,-0.5f,-0.6878084101646358f,-0.5262314993487144f,-0.290739714492411f,0f,0f,0f,1f],start_interpolation:0}