execute if entity @s[tag=aj.heiloang_aj.bone.head_lower] run data modify entity @s {} merge value {transformation:[-0.7472530120024278f,-0.19092369077920424f,-0.21251136523147712f,-0.7572817503363725f,-0.2751535853673014f,0.6410521507174135f,0.3915898932813483f,0.8090096143854943f,0.07683385004552819f,0.43886248912367204f,-0.6644518606545972f,2.5857219729891154f,0f,0f,0f,1f],start_interpolation:0}
execute if entity @s[tag=aj.heiloang_aj.bone.horne_right] run data modify entity @s {} merge value {transformation:[-0.38055443496109587f,-0.6907720781360417f,-0.13420975411293806f,-1.2550423718745969f,-0.7003914480966985f,0.35706431723067966f,0.1481785841260418f,1.1512480917457462f,-0.06804514284246044f,0.18798672673410433f,-0.7746165819986985f,2.5112628693397516f,0f,0f,0f,1f],start_interpolation:0}
execute if entity @s[tag=aj.heiloang_aj.bone.horne_left] run data modify entity @s {} merge value {transformation:[-0.7213109862638916f,0.31890155690425337f,-0.13420975411293806f,-0.6197278610701329f,0.2946624428299762f,0.7288464529596564f,0.1481785841260418f,1.3851836700250257f,0.18134085551933138f,0.08417033332576657f,-0.7746165819986985f,2.4459387300310436f,0f,0f,0f,1f],start_interpolation:0}
execute if entity @s[tag=aj.heiloang_aj.bone.head_upper] run data modify entity @s {} merge value {transformation:[-1.0945575306558564f,-0.3694041682428485f,-0.19658709258077886f,-0.8367623546846218f,-0.40303809300638893f,1.0787086954872662f,0.2170482855632229f,0.9699188604800582f,0.11254430270043857f,0.27035203562202f,-1.1346390038971437f,2.395668175025312f,0f,0f,0f,1f],start_interpolation:0}
execute if entity @s[tag=aj.heiloang_aj.bone.neck_0] run data modify entity @s {} merge value {transformation:[-0.9410939012237682f,-0.3311772930189549f,-0.06829253010443502f,-0.8434054741418922f,-0.30080814783790716f,0.7276779413841135f,0.616440809662458f,1.1859971729888927f,-0.1544562309321177f,0.6006716359306604f,-0.7844341008106599f,2.020533145394491f,0f,0f,0f,1f],start_interpolation:0}
execute if entity @s[tag=aj.heiloang_aj.bone.neck_1] run data modify entity @s {} merge value {transformation:[-0.9277250560882475f,-0.36397320546793993f,0.08276307152015545f,-0.8177938165115574f,-0.2679510421801037f,0.8037629258184117f,0.5311943129161144f,1.3895801049505245f,-0.2598623853131767f,0.47062582247600815f,-0.8431980051673077f,1.7191781216328246f,0f,0f,0f,1f],start_interpolation:0}
execute if entity @s[tag=aj.heiloang_aj.bone.neck_2] run data modify entity @s {} merge value {transformation:[-0.8944047736393381f,-0.43411597386419776f,0.1076263077834747f,-0.7591382774839375f,-0.31729649495757817f,0.7854639276852224f,0.5313843736815558f,1.581015457119225f,-0.31521902731085205f,0.4411232702332112f,-0.8402661633553725f,1.3600514492154432f,0f,0f,0f,1f],start_interpolation:0}
execute if entity @s[tag=aj.heiloang_aj.bone.neck_3] run data modify entity @s {} merge value {transformation:[-0.7737234856344893f,-0.21150206318602593f,0.5971757237578151f,-0.44497805360163956f,0.023280065755610438f,0.9324973892478788f,0.36042566166174184f,1.7449541471268024f,-0.633095574393022f,0.29277208936977617f,-0.7165713484155121f,0.9821359343012147f,0f,0f,0f,1f],start_interpolation:0}
execute if entity @s[tag=aj.heiloang_aj.bone.wing_right_2] run data modify entity @s {} merge value {transformation:[-0.11194227111707707f,-2.3492930354037878f,0.043210740116520735f,-3.8791579568260244f,-2.342843059638856f,0.11489736083478676f,0.17737249137409253f,-0.35572985431911763f,-0.17925214687752702f,-0.03459532623733235f,-2.3452607184625203f,0.2100051920812817f,0f,0f,0f,1f],start_interpolation:0}
execute if entity @s[tag=aj.heiloang_aj.bone.wing_right_1] run data modify entity @s {} merge value {transformation:[-1.8738972718107134f,-2.769829044891652f,0.061439805297249565f,-2.653218406527798f,-2.759810995956044f,1.8727139134697706f,0.25219959912109446f,1.4473311106762778f,-0.24325101068746097f,0.09060040436627936f,-3.334642302470865f,0.42000003536488795f,0f,0f,0f,1f],start_interpolation:0}
execute if entity @s[tag=aj.heiloang_aj.bone.wing_right_0] run data modify entity @s {} merge value {transformation:[-2.169454287621493f,-0.46926019168688343f,0.04077948526783747f,-0.6350254038920374f,-0.4649969571873061f,2.164291464050346f,0.16739261765488686f,1.881178756265683f,-0.0751393620365987f,0.15503977275782435f,-2.2133044854099793f,0.47214716565721127f,0f,0f,0f,1f],start_interpolation:0}
execute if entity @s[tag=aj.heiloang_aj.bone.wing_left_2] run data modify entity @s {} merge value {transformation:[0.10275080159934274f,1.7532168731553393f,1.5650076277050902f,2.6044331918868906f,2.300519750764255f,0.2450730714864029f,-0.4255867388638843f,0.24807801916056027f,-0.48023656195178266f,1.5491112909138074f,-1.703878827630972f,3.38610114836993f,0f,0f,0f,1f],start_interpolation:0}
execute if entity @s[tag=aj.heiloang_aj.bone.wing_left_1] run data modify entity @s {} merge value {transformation:[-1.6394820144681346f,1.8835276178404352f,2.2252283500728276f,1.4971796334658973f,2.093633189165388f,2.537270323138129f,-0.6051265565546589f,1.6280239296246175f,-2.0287970737263676f,1.0962672087839112f,-2.422684340454707f,2.0946704300428407f,0f,0f,0f,1f],start_interpolation:0}
execute if entity @s[tag=aj.heiloang_aj.bone.wing_left_0] run data modify entity @s {} merge value {transformation:[-1.6055709168025523f,0.41128298712721123f,1.4769523809580078f,0.01563549654118171f,0.18775252970197942f,2.175277783134585f,-0.40164107582714975f,1.7994378888863323f,-1.5216080371463334f,-0.16556832638159147f,-1.6080099846054687f,0.6664931568784193f,0f,0f,0f,1f],start_interpolation:0}
execute if entity @s[tag=aj.heiloang_aj.bone.kazari_right] run data modify entity @s {} merge value {transformation:[-2.5031589463944655f,0.4179178747549991f,-0.6829422578826605f,-1.7389567846316742f,0.3041098689825923f,-1.5774293974784184f,-2.0799288141940133f,2.1972784711882776f,-0.7406636653900286f,-2.060080419422355f,1.454082593541326f,-3.419156573407902f,0f,0f,0f,1f],start_interpolation:0}
execute if entity @s[tag=aj.heiloang_aj.bone.kazari_left] run data modify entity @s {} merge value {transformation:[-2.5031589463944655f,0.4179178747549991f,-0.6829422578826605f,3.0939165383458382f,0.3041098689825923f,-1.5774293974784184f,-2.0799288141940133f,1.6101305894378446f,-0.7406636653900286f,-2.060080419422355f,1.454082593541326f,-1.9891500311073627f,0f,0f,0f,1f],start_interpolation:0}
execute if entity @s[tag=aj.heiloang_aj.bone.ring] run data modify entity @s {} merge value {transformation:[-2.09566128933505f,-0.678526538346481f,0.027051486578850936f,-0.16721862507867594f,0.2632725762521166f,-0.7309463043195397f,2.0613906317287873f,3.5833951977466736f,-0.6259533503066805f,1.9642417169852533f,0.7764426355363888f,0.8254492253459764f,0f,0f,0f,1f],start_interpolation:0}
execute if entity @s[tag=aj.heiloang_aj.bone.body_0] run data modify entity @s {} merge value {transformation:[-1.0736054291124306f,0.18756617225806618f,0.29298923110320074f,-0.14997854879995134f,0.13487430847681184f,1.100555126441412f,-0.2103323810403505f,1.6621094894108026f,-0.3206753489604231f,-0.16507489398954306f,-1.0693783127972651f,-0.04035203343303595f,0f,0f,0f,1f],start_interpolation:0}
execute if entity @s[tag=aj.heiloang_aj.bone.leg_right_3] run data modify entity @s {} merge value {transformation:[-0.834371498623807f,-0.32513964009370566f,0.4450937167878219f,-0.7167895530734978f,0.19821241055189265f,0.5764940734209385f,0.7926956689762733f,0.07509030980780818f,-0.5143306743598617f,0.7496257718023498f,-0.41656351215902354f,-0.4999391681079197f,0f,0f,0f,1f],start_interpolation:0}
execute if entity @s[tag=aj.heiloang_aj.bone.leg_right_2] run data modify entity @s {} merge value {transformation:[-0.834371498623807f,0.37298681327179906f,0.40583868643786336f,-0.5090912557899692f,0.19821241055189265f,0.8900570842550258f,-0.4104999720714359f,0.6357754837421735f,-0.5143306743598617f,-0.2620672125482125f,-0.8165688786132739f,-0.6208006737087689f,0f,0f,0f,1f],start_interpolation:0}
execute if entity @s[tag=aj.heiloang_aj.bone.leg_right_1] run data modify entity @s {} merge value {transformation:[-0.8492185884457927f,0.12609515284840367f,0.5127648598200476f,-0.8614466045065028f,0.06858022330157307f,0.9891823868355466f,-0.12967250497401994f,0.8015365260720716f,-0.5235690422571235f,-0.07495477304660869f,-0.8486797040035124f,-0.02757491722194194f,0f,0f,0f,1f],start_interpolation:0}
execute if entity @s[tag=aj.heiloang_aj.bone.leg_right_0] run data modify entity @s {} merge value {transformation:[-0.6979106729883653f,0.7042201367738492f,0.13036368931243109f,-0.3130054727824402f,0.15054360085412885f,0.3222098956177448f,-0.9346215316414846f,0.9684810990215534f,-0.7001837735700532f,-0.6326569229276031f,-0.33088956027801364f,-0.4867898680936963f,0f,0f,0f,1f],start_interpolation:0}
execute if entity @s[tag=aj.heiloang_aj.bone.leg_left_3] run data modify entity @s {} merge value {transformation:[-0.8977786565343197f,-0.4068647622109301f,0.16868476262684598f,0.6618405209627232f,-0.05861509848840846f,0.4899464951363006f,0.8697796859738958f,-0.07437613240265006f,-0.43652921334158884f,0.7709821639796206f,-0.46371192428562297f,-0.3345612085092174f,0f,0f,0f,1f],start_interpolation:0}
execute if entity @s[tag=aj.heiloang_aj.bone.leg_left_2] run data modify entity @s {} merge value {transformation:[-0.8977786565343197f,-0.03540687263014958f,0.43902145419328253f,0.6195946796062475f,-0.05861509848840846f,0.9975021616458126f,-0.03941709960315404f,0.5341486965555852f,-0.43652921334158884f,-0.06112111650226243f,-0.8976115278988404f,-0.3293870486910006f,0f,0f,0f,1f],start_interpolation:0}
execute if entity @s[tag=aj.heiloang_aj.bone.leg_left_1] run data modify entity @s {} merge value {transformation:[-0.9220027399079657f,-0.07626148105252625f,0.3795986487197751f,0.3460138195721077f,0.058156716660130815f,0.9420102816277929f,0.33050631705738936f,0.3716530040507783f,-0.38279073122205737f,0.3268039409419685f,-0.8641009433366458f,0.30488140868582353f,0f,0f,0f,1f],start_interpolation:0}
execute if entity @s[tag=aj.heiloang_aj.bone.leg_left_0] run data modify entity @s {} merge value {transformation:[-0.9491052016131207f,-0.02023619939747709f,0.31430846712244764f,0.31816141921794183f,-0.17247716376357702f,0.8683938366878315f,-0.46491265027170425f,0.9684810990215534f,-0.26353547057462584f,-0.4954620476247733f,-0.827687389726627f,-0.12238549309369628f,0f,0f,0f,1f],start_interpolation:0}
execute if entity @s[tag=aj.heiloang_aj.bone.tail_4] run data modify entity @s {} merge value {transformation:[-0.49242496554253784f,1.2939863282840138f,0.753638772365223f,1.174369552250034f,-1.2452710857695557f,0.08675626068438927f,-0.9626149998135533f,-1.6839767415140914f,-0.8316681669658971f,-0.8960619940237352f,0.9951157352838241f,-2.1100532388594724f,0f,0f,0f,1f],start_interpolation:0}
execute if entity @s[tag=aj.heiloang_aj.bone.tail_3] run data modify entity @s {} merge value {transformation:[-0.20343428730058027f,0.8224077495075264f,0.5312814548809988f,0.44294267620131106f,-0.12472320364473469f,0.5164400239188865f,-0.8471917281036528f,-0.5653365760389009f,-0.9711120497775213f,-0.23861097050350735f,-0.002488278978598076f,-2.100500355564651f,0f,0f,0f,1f],start_interpolation:0}
execute if entity @s[tag=aj.heiloang_aj.bone.tail_2] run data modify entity @s {} merge value {transformation:[-0.029831778189431446f,0.8240717651627255f,0.5656993820675839f,0.015055851191915937f,-0.005225228983579522f,0.5658149660439482f,-0.824515688863926f,0.09059664777117604f,-0.9995412757821088f,-0.02755267795106743f,-0.012573302891405902f,-2.091158846826846f,0f,0f,0f,1f],start_interpolation:0}
execute if entity @s[tag=aj.heiloang_aj.bone.tail_1] run data modify entity @s {} merge value {transformation:[-0.6874058558303355f,0.6040307266402035f,0.40326178921969713f,-0.28988611626051264f,0.2709802155885418f,0.7284608288937504f,-0.6292174056135265f,0.5946237980819207f,-0.6738270639635597f,-0.3232517626277349f,-0.6644286160516503f,-1.5773767527499163f,0f,0f,0f,1f],start_interpolation:0}
execute if entity @s[tag=aj.heiloang_aj.bone.tail_ring] run data modify entity @s {} merge value {transformation:[-0.8962309335801769f,0.3417716463523492f,-0.2827759810231576f,-0.3199230979417801f,0.41132883825161204f,0.878958516061535f,-0.24133071471630635f,0.5872036627724755f,0.16606836097397826f,-0.33260196751148186f,-0.9283303456695292f,-1.7211004359225888f,0f,0f,0f,1f],start_interpolation:0}
execute if entity @s[tag=aj.heiloang_aj.bone.tail_0] run data modify entity @s {} merge value {transformation:[-0.8962309335801769f,0.3417716463523492f,-0.2827759810231576f,0.06736391238557951f,0.41132883825161204f,0.878958516061535f,-0.24133071471630635f,0.9044573717911284f,0.16606836097397826f,-0.33260196751148186f,-0.9283303456695292f,-0.41680021884844204f,0f,0f,0f,1f],start_interpolation:0}
execute if entity @s[tag=aj.heiloang_aj.bone.body_1] run data modify entity @s {} merge value {transformation:[-0.8660254037844386f,0.4095767173375513f,0.2867872253343855f,-0.0018960387843347866f,0f,0.573574450668771f,-0.8191534346751026f,1.2329760648148147f,-0.5f,-0.7094076840259155f,-0.49673004524085995f,-0.290739714492411f,0f,0f,0f,1f],start_interpolation:0}