execute if entity @s[tag=aj.heiloang_aj.bone.head_lower] run data modify entity @s {} merge value {transformation:[-0.3991865147817779f,-0.46653602638786634f,-0.5128296622647692f,-0.32194855212065704f,-0.6932847989643969f,0.270768078327845f,0.29332718129000857f,0.29377202922100265f,0.002512755712944237f,0.5907865806201642f,-0.5394116259572659f,1.9661710239757872f,0f,0f,0f,1f],start_interpolation:0}
execute if entity @s[tag=aj.heiloang_aj.bone.horne_right] run data modify entity @s {} merge value {transformation:[0.06169705560722727f,-0.6582013040098319f,-0.4505158340493209f,-0.9145301470560023f,-0.7173994152386904f,-0.2432872276940695f,0.2571952640623827f,0.24301565480039178f,-0.3486137581114427f,0.3841645067424767f,-0.609004170276958f,2.0954297322155298f,0f,0f,0f,1f],start_interpolation:0}
execute if entity @s[tag=aj.heiloang_aj.bone.horne_left] run data modify entity @s {} merge value {transformation:[-0.6503193966248763f,-0.11882830321224569f,-0.4505158340493209f,-0.5751417721885347f,-0.3048869252241353f,0.6934656148442067f,0.2571952640623827f,0.832446390879922f,0.3523189537916306f,0.38076932043488587f,-0.609004170276958f,2.0932933873083845f,0f,0f,0f,1f],start_interpolation:0}
execute if entity @s[tag=aj.heiloang_aj.bone.head_upper] run data modify entity @s {} merge value {transformation:[-0.5847184271894788f,-0.771876121842492f,-0.6599043308195941f,-0.5353849336514757f,-1.0155062414030744f,0.4471926737168f,0.37673319291697666f,0.4156012335503973f,0.003680621749427895f,0.7598605645139203f,-0.8920540835174312f,1.8771095054717362f,0f,0f,0f,1f],start_interpolation:0}
execute if entity @s[tag=aj.heiloang_aj.bone.neck_0] run data modify entity @s {} merge value {transformation:[-0.7463019598800109f,-0.3112321294210059f,-0.5883603881086152f,-0.7660474882191428f,-0.6494698845104745f,0.14703835140665064f,0.7460352487178905f,0.7256789935743817f,-0.145678597581131f,0.9388899215731736f,-0.3118709049833191f,1.6818998046683884f,0f,0f,0f,1f],start_interpolation:0}
execute if entity @s[tag=aj.heiloang_aj.bone.neck_1] run data modify entity @s {} merge value {transformation:[-0.9788711256252127f,-0.14423266328840165f,-0.14494225835815822f,-0.8206599378091458f,-0.18659565625639435f,0.3401839277138756f,0.9216598919294501f,1.0657456443598985f,-0.08362643411908757f,0.9292318516742173f,-0.3599094127007946f,1.562363321064582f,0f,0f,0f,1f],start_interpolation:0}
execute if entity @s[tag=aj.heiloang_aj.bone.neck_2] run data modify entity @s {} merge value {transformation:[-0.949839991734289f,-0.30393760494037037f,0.0736608607424381f,-0.7802866323262709f,-0.12045499128313969f,0.5729164836991649f,0.8107140665985529f,1.3787744053786926f,-0.2886080130162438f,0.7611758239782023f,-0.5807897896949636f,1.298843067308668f,0f,0f,0f,1f],start_interpolation:0}
execute if entity @s[tag=aj.heiloang_aj.bone.neck_3] run data modify entity @s {} merge value {transformation:[-0.7857550887570247f,-0.04779143847596369f,0.6166886725900178f,-0.45999291483894317f,0.30103999622433747f,0.8414117291139303f,0.44877747579703325f,1.5906409123185021f,-0.5403368034528936f,0.5382771409951419f,-0.646756413432758f,0.951111569541592f,0f,0f,0f,1f],start_interpolation:0}
execute if entity @s[tag=aj.heiloang_aj.bone.wing_right_2] run data modify entity @s {} merge value {transformation:[-1.6189901040736336f,1.705674485287637f,0.055871275906372565f,-4.663502358133521f,1.6884270366276428f,1.6121071941923133f,-0.2896559040295747f,3.137509706522921f,-0.24831671554176102f,-0.1592512197540363f,-2.3337853080586504f,0.16692662057399665f,0f,0f,0f,1f],start_interpolation:0}
execute if entity @s[tag=aj.heiloang_aj.bone.wing_right_1] run data modify entity @s {} merge value {transformation:[-3.107003454147729f,1.2358953749575219f,0.07944136814458337f,-2.6304998507678388f,1.2177391310565455f,3.0878323519651993f,-0.4118513660906213f,2.3464999573210736f,-0.22552099127958292f,-0.35365627552140017f,-3.318325827006233f,0.3650650580204665f,0f,0f,0f,1f],start_interpolation:0}
execute if entity @s[tag=aj.heiloang_aj.bone.wing_right_0] run data modify entity @s {} merge value {transformation:[-2.1374028487907366f,0.597602588885496f,0.0527276752625698f,-0.6420229515123833f,0.5869650479001043f,2.1234752692424306f,-0.2733583974554536f,1.798357177303197f,-0.12402054073769499f,-0.2492467184801808f,-2.2024747396512834f,0.46276466145273887f,0f,0f,0f,1f],start_interpolation:0}
execute if entity @s[tag=aj.heiloang_aj.bone.wing_left_2] run data modify entity @s {} merge value {transformation:[-1.5427806640255575f,-1.0544438322407628f,1.4288289028709071f,3.365910258545411f,-1.4887768899232239f,1.7997473859499444f,-0.2793362223519922f,2.726182649464999f,-0.9679603303133861f,-1.0874895667254751f,-1.847699988505667f,3.0635308864903177f,0f,0f,0f,1f],start_interpolation:0}
execute if entity @s[tag=aj.heiloang_aj.bone.wing_left_1] run data modify entity @s {} merge value {transformation:[-2.617112892780756f,-0.4588436561067941f,2.031600693687441f,1.6215300442619194f,-0.8702378302747964f,3.205020184808538f,-0.39717817995008f,2.162465022277093f,-1.8922539465144088f,-0.8393609992848088f,-2.627178503200771f,1.864608635677044f,0f,0f,0f,1f],start_interpolation:0}
execute if entity @s[tag=aj.heiloang_aj.bone.wing_left_0] run data modify entity @s {} merge value {transformation:[-1.7484121774963894f,-0.2305989123558867f,1.3484357601319445f,0.0060953235660422544f,-0.48685766861710195f,2.149854517656035f,-0.2636193532778961f,1.7075127997871122f,-1.2784461146607053f,-0.5033385486272812f,-1.7437390393561547f,0.6615146089730619f,0f,0f,0f,1f],start_interpolation:0}
execute if entity @s[tag=aj.heiloang_aj.bone.kazari_right] run data modify entity @s {} merge value {transformation:[-2.4896965911728794f,0.5393800656821235f,-0.6460264833605056f,-1.6572209669048918f,0.3514946771866054f,-1.1665765275108095f,-2.3286092170921586f,2.74807142347964f,-0.7646780789115624f,-2.292387083099584f,1.0330048816082875f,-3.3475892659529816f,0f,0f,0f,1f],start_interpolation:0}
execute if entity @s[tag=aj.heiloang_aj.bone.kazari_left] run data modify entity @s {} merge value {transformation:[-2.4896965911728794f,0.5393800656821235f,-0.6460264833605056f,3.149660455914397f,0.3514946771866054f,-1.1665765275108095f,-2.3286092170921586f,2.069437231675489f,-0.7646780789115624f,-2.292387083099584f,1.0330048816082875f,-1.8712178619075088f,0f,0f,0f,1f],start_interpolation:0}
execute if entity @s[tag=aj.heiloang_aj.bone.ring] run data modify entity @s {} merge value {transformation:[-2.087471952115348f,-0.7012718528353299f,-0.06004101378782257f,-0.23757368779324514f,0.29259333884584293f,-1.0355373237035057f,1.9222325236724225f,3.438269553636223f,-0.640137698451519f,1.8135066929630868f,1.0744037822826704f,1.070320194851244f,0f,0f,0f,1f],start_interpolation:0}
execute if entity @s[tag=aj.heiloang_aj.bone.body_0] run data modify entity @s {} merge value {transformation:[-1.0694100388818395f,0.1529924363198908f,0.3265085896348217f,-0.1370927105089904f,0.14989530927810518f,1.1180778952131005f,-0.032948329698756f,1.6763732285298591f,-0.32794197799738517f,0.012145394288408617f,-1.0797957790260224f,-0.06267096005109676f,0f,0f,0f,1f],start_interpolation:0}
execute if entity @s[tag=aj.heiloang_aj.bone.leg_right_3] run data modify entity @s {} merge value {transformation:[-0.847372707010214f,-0.4171664140671876f,0.32852957003670996f,-0.6852405995547066f,0.17961972257523312f,0.35703785112100567f,0.9166573668110081f,0.07426531689637206f,-0.4996961583564338f,0.8357608245432531f,-0.2276128148470633f,-0.5332545898445892f,0f,0f,0f,1f],start_interpolation:0}
execute if entity @s[tag=aj.heiloang_aj.bone.leg_right_2] run data modify entity @s {} merge value {transformation:[-0.847372707010214f,0.33067384085123375f,0.41546877908078084f,-0.503730714652833f,0.17961972257523312f,0.9148062737617502f,-0.3617543873239665f,0.6477028663582174f,-0.4996961583564338f,-0.23191440762237028f,-0.8345774121440066f,-0.6349280330364719f,0f,0f,0f,1f],start_interpolation:0}
execute if entity @s[tag=aj.heiloang_aj.bone.leg_right_1] run data modify entity @s {} merge value {transformation:[-0.8535419578121427f,0.05939240338719326f,0.5176279249365389f,-0.8645251240876117f,0.0503318613463018f,0.9982343343998321f,-0.03154231061195395f,0.7448999746366736f,-0.5185873407514214f,-0.0008695086067661006f,-0.8550242183512418f,-0.031663638806439576f,0f,0f,0f,1f],start_interpolation:0}
execute if entity @s[tag=aj.heiloang_aj.bone.leg_right_0] run data modify entity @s {} merge value {transformation:[-0.6979170274229388f,0.6931710776784832f,0.18007131893552328f,-0.3208044406422124f,0.1576745676109989f,0.39398211834732855f,-0.9054925848129493f,0.9659833948387113f,-0.6986061505324823f,-0.603566025793866f,-0.38426227884816505f,-0.47328165951397405f,0f,0f,0f,1f],start_interpolation:0}
execute if entity @s[tag=aj.heiloang_aj.bone.leg_left_3] run data modify entity @s {} merge value {transformation:[-0.8984876421373222f,-0.41350687707655776f,0.14741783995469326f,0.634493711845433f,-0.075078932435784f,0.47559646701100144f,0.8764537377813822f,-0.1716364925409295f,-0.4325310518689011f,0.7764148782558495f,-0.45836320313931844f,-0.24068899952411227f,0f,0f,0f,1f],start_interpolation:0}
execute if entity @s[tag=aj.heiloang_aj.bone.leg_left_2] run data modify entity @s {} merge value {transformation:[-0.8984876421373222f,-0.04226923100427532f,0.4369591159786259f,0.5881715873112856f,-0.075078932435784f,0.9954846683821501f,-0.058081226918714216f,0.4365418554041084f,-0.4325310518689011f,-0.0849916885723975f,-0.8976042012172148f,-0.25003289431578546f,0f,0f,0f,1f],start_interpolation:0}
execute if entity @s[tag=aj.heiloang_aj.bone.leg_left_1] run data modify entity @s {} merge value {transformation:[-0.9128060873275885f,0.0034643511586564812f,0.4083785562547919f,0.3002680146367703f,0.05200788834586015f,0.9928085468384336f,0.10782564108022819f,0.4349896027032466f,-0.40506817511068827f,0.11966280790457473f,-0.9064218586932298f,0.39854781495301106f,0f,0f,0f,1f],start_interpolation:0}
execute if entity @s[tag=aj.heiloang_aj.bone.leg_left_0] run data modify entity @s {} merge value {transformation:[-0.9539691873126547f,0.033449579331649076f,0.2980334130606311f,0.3103624513581696f,-0.15767456761099893f,0.7893925474818007f,-0.5932943086773019f,0.9659833948387113f,-0.2551108002157446f,-0.6129767790240743f,-0.7477820190339919f,-0.10887728451397408f,0f,0f,0f,1f],start_interpolation:0}
execute if entity @s[tag=aj.heiloang_aj.bone.tail_4] run data modify entity @s {} merge value {transformation:[-0.5296365544726761f,1.2473157747881705f,0.8053215766503293f,1.1596042443813914f,-1.2493825201804865f,0.08749929190931496f,-0.9572050751382897f,-1.785090767972026f,-0.8021114648983905f,-0.9598966587959498f,0.9592027762671471f,-2.0431599377687086f,0f,0f,0f,1f],start_interpolation:0}
execute if entity @s[tag=aj.heiloang_aj.bone.tail_3] run data modify entity @s {} merge value {transformation:[-0.2363712166145181f,0.8096897373773363f,0.5371509817006693f,0.42066574236960447f,-0.14864071622712463f,0.5161781277554606f,-0.8434844858717644f,-0.6713978289462872f,-0.9602263199036252f,-0.2792179607630708f,-0.001656789561842412f,-2.033658347965511f,0f,0f,0f,1f],start_interpolation:0}
execute if entity @s[tag=aj.heiloang_aj.bone.tail_2] run data modify entity @s {} merge value {transformation:[-0.05882845201077386f,0.8219310728772048f,0.5665408411341084f,-0.007919055536935837f,-0.03795375737567075f,0.5652718595534354f,-0.8240310898856121f,-0.01585396869181166f,-0.9975463525746981f,-0.06997882705453384f,-0.002058695943273736f,-2.033324902212214f,0f,0f,0f,1f],start_interpolation:0}
execute if entity @s[tag=aj.heiloang_aj.bone.tail_1] run data modify entity @s {} merge value {transformation:[-0.6917395490859449f,0.6095608085672651f,0.3872105588555086f,-0.30022382102504197f,0.24982554587597114f,0.7050825797299691f,-0.6636608715218222f,0.5146954256958789f,-0.6775570771958228f,-0.36234538277747325f,-0.6400173675156788f,-1.539280090331752f,0f,0f,0f,1f],start_interpolation:0}
execute if entity @s[tag=aj.heiloang_aj.bone.tail_ring] run data modify entity @s {} merge value {transformation:[-0.889106383595039f,0.3596540694445518f,-0.2830879527329354f,-0.3297510120285876f,0.4378741024514841f,0.8484486521081178f,-0.2973233175151676f,0.4982824699892011f,0.13325205083922095f,-0.3883089428121525f,-0.9118443155929907f,-1.682362359176151f,0f,0f,0f,1f],start_interpolation:0}
execute if entity @s[tag=aj.heiloang_aj.bone.tail_0] run data modify entity @s {} merge value {transformation:[-0.889106383595039f,0.3596540694445518f,-0.2830879527329354f,0.057567715877363416f,0.4378741024514841f,0.8484486521081178f,-0.2973233175151676f,0.8944416543709407f,0.13325205083922095f,-0.3883089428121525f,-0.9118443155929907f,-0.399832708775283f,0f,0f,0f,1f],start_interpolation:0}
execute if entity @s[tag=aj.heiloang_aj.bone.body_1] run data modify entity @s {} merge value {transformation:[-0.8660254037844386f,0.42575194810314476f,0.2621741380959936f,-0.0018960387843347866f,0f,0.5243482761919872f,-0.8515038962062895f,1.230857325439453f,-0.5f,-0.7374240055360746f,-0.45409892761284004f,-0.290739714492411f,0f,0f,0f,1f],start_interpolation:0}