execute if entity @s[tag=aj.heiloang_aj.bone.head_lower] run data modify entity @s {} merge value {transformation:[-0.7247463483100075f,-0.004638688261226043f,0.33870520099715623f,-1.164161011820584f,0.08218009453907946f,0.7736190565432974f,0.18644030523094124f,1.4932414679820005f,-0.3286170456212776f,0.2036959447909401f,-0.7003704729661792f,2.704283239822816f,0f,0f,0f,1f],start_interpolation:0}
execute if entity @s[tag=aj.heiloang_aj.bone.horne_right] run data modify entity @s {} merge value {transformation:[-0.6082692080757989f,-0.4089509341637104f,0.32057402258054013f,-1.3222880676282183f,-0.4739967438058673f,0.6389186027315865f,-0.08432144415836487f,1.9549213332228985f,-0.2129217165257579f,-0.2540514761424262f,-0.7280949045980057f,2.3405738694334826f,0f,0f,0f,1f],start_interpolation:0}
execute if entity @s[tag=aj.heiloang_aj.bone.horne_left] run data modify entity @s {} merge value {transformation:[-0.4604089070139311f,0.5703121376831886f,0.32057402258054013f,-0.70610872229505f,0.5951757862870207f,0.527878468468524f,-0.08432144415836487f,1.8850518168457733f,-0.2716420839263754f,0.18996944001222138f,-0.7280949045980057f,2.6199640816206924f,0f,0f,0f,1f],start_interpolation:0}
execute if entity @s[tag=aj.heiloang_aj.bone.head_upper] run data modify entity @s {} merge value {transformation:[-1.0615903323457914f,0.16029100928821474f,0.4695688139254107f,-1.0560253771553527f,0.12037534797848012f,1.1590585351244131f,-0.12351194336706892f,1.5972873813037467f,-0.4813500329999069f,-0.06365702550870259f,-1.0664952138825439f,2.4902492927411877f,0f,0f,0f,1f],start_interpolation:0}
execute if entity @s[tag=aj.heiloang_aj.bone.neck_0] run data modify entity @s {} merge value {transformation:[-0.8946874567463079f,-0.32463251369471335f,0.3068356005959454f,-0.9026115763373669f,-0.26034172596256905f,0.9371364426033474f,0.2323735649069696f,1.6351795765485384f,-0.362982837698497f,0.12801960395577983f,-0.9229596093759205f,2.087150488616174f,0f,0f,0f,1f],start_interpolation:0}
execute if entity @s[tag=aj.heiloang_aj.bone.neck_1] run data modify entity @s {} merge value {transformation:[-0.8574090932422084f,-0.2823462967174217f,0.4302676092335224f,-0.7493627502480231f,-0.2900484624666279f,0.9557473485714748f,0.04918226427627101f,1.6650323164406464f,-0.42511355688370916f,-0.08262913789065895f,-0.9013605767533478f,1.7576957439815968f,0f,0f,0f,1f],start_interpolation:0}
execute if entity @s[tag=aj.heiloang_aj.bone.neck_2] run data modify entity @s {} merge value {transformation:[-0.8938567947489332f,-0.41706326396612264f,0.16455474569603679f,-0.6679494553296267f,-0.3547276358766784f,0.8823118223515186f,0.3093447146535478f,1.762229638785339f,-0.27420491393573837f,0.21813775919970044f,-0.9366042831339326f,1.3665634273677578f,0f,0f,0f,1f],start_interpolation:0}
execute if entity @s[tag=aj.heiloang_aj.bone.neck_3] run data modify entity @s {} merge value {transformation:[-0.829291657029537f,-0.2597369429652314f,0.49478487046420555f,-0.40560843011931846f,-0.06501207257109898f,0.9242473151524933f,0.376218461606309f,1.9345408886210422f,-0.5550214212093212f,0.2798278415248984f,-0.7833566244733631f,0.9543999932354651f,0f,0f,0f,1f],start_interpolation:0}
execute if entity @s[tag=aj.heiloang_aj.bone.wing_right_2] run data modify entity @s {} merge value {transformation:[-2.3263967979983433f,0.214148868552689f,0.27494400644797024f,-4.773756783924977f,0.19705773068917312f,2.33899481344016f,-0.15442642195126596f,2.3344747347220327f,-0.28744076843706723f,-0.12969013500895232f,-2.331122965405874f,-0.11796118760471538f,0f,0f,0f,1f],start_interpolation:0}
execute if entity @s[tag=aj.heiloang_aj.bone.wing_right_1] run data modify entity @s {} merge value {transformation:[-3.320526000320061f,-0.09218030258058883f,0.3909330453090416f,-2.6056963249080387f,-0.11844443985710135f,3.3354125993369617f,-0.21957340401603476f,2.41536308458589f,-0.38379261166076084f,-0.23182829184636308f,-3.31454033724651f,0.18374293829483632f,0f,0f,0f,1f],start_interpolation:0}
execute if entity @s[tag=aj.heiloang_aj.bone.wing_right_0] run data modify entity @s {} merge value {transformation:[-2.14238017656728f,0.5208457396494279f,0.2594742656615249f,-0.6109325926021341f,0.5066273180428928f,2.1564993182447556f,-0.14573761018545509f,1.9429675402887434f,-0.2862445452130273f,-0.08142730438214486f,-2.19996219386535f,0.4323514672602735f,0f,0f,0f,1f],start_interpolation:0}
execute if entity @s[tag=aj.heiloang_aj.bone.wing_left_2] run data modify entity @s {} merge value {transformation:[-1.974976686588573f,-0.05502079847376607f,1.2767207233721618f,3.5322630578231813f,-0.13039995903211418f,2.346583347372532f,-0.10059051068243295f,2.836908612396229f,-1.271235204215589f,-0.15522664684337859f,-1.9731806176814424f,2.7918828341334967f,0f,0f,0f,1f],start_interpolation:0}
execute if entity @s[tag=aj.heiloang_aj.bone.wing_left_1] run data modify entity @s {} merge value {transformation:[-2.7999220709583614f,-0.22859506320592543f,1.815323515668244f,1.6714848718105313f,-0.36393307394135643f,3.3217939490850554f,-0.1430260480244977f,2.600811102696791f,-1.7931000772828685f,-0.3172507364842354f,-2.8055949201458823f,1.6605928770250449f,0f,0f,0f,1f],start_interpolation:0}
execute if entity @s[tag=aj.heiloang_aj.bone.wing_left_0] run data modify entity @s {} merge value {transformation:[-1.7620316783967302f,-0.6098312852881923f,1.2048859563502887f,0.0422315954858174f,-0.7831048797272127f,2.0751228624885605f,-0.09493077964869656f,1.8716638249460191f,-1.1001777636699566f,-0.5003707715894612f,-1.8621594935088506f,0.6223616370775249f,0f,0f,0f,1f],start_interpolation:0}
execute if entity @s[tag=aj.heiloang_aj.bone.kazari_right] run data modify entity @s {} merge value {transformation:[-2.5088256863847307f,0.25237393841758f,-0.7409259471094504f,-1.8619846448537074f,0.276010598952862f,-2.042689268955971f,-1.6303707824645475f,1.3703205616853822f,-0.7324493246348983f,-1.6341964796975839f,1.9234838291865515f,-3.384685012811322f,0f,0f,0f,1f],start_interpolation:0}
execute if entity @s[tag=aj.heiloang_aj.bone.kazari_left] run data modify entity @s {} merge value {transformation:[-2.5088256863847307f,0.25237393841758f,-0.7409259471094504f,2.9818295081364767f,0.276010598952862f,-2.042689268955971f,-1.6303707824645475f,0.8374242138686734f,-0.7324493246348983f,-1.6341964796975839f,1.9234838291865515f,-1.9705379780975854f,0f,0f,0f,1f],start_interpolation:0}
execute if entity @s[tag=aj.heiloang_aj.bone.ring] run data modify entity @s {} merge value {transformation:[-2.103723926924922f,-0.6241318385690602f,0.19424565156527146f,-0.017559007638481644f,0.22965639387585987f,-0.09282772984610141f,2.1889648784545592f,3.6155305377754705f,-0.6119884523580068f,2.1106323096266792f,0.15371295821897357f,0.25128405652631713f,0f,0f,0f,1f],start_interpolation:0}
execute if entity @s[tag=aj.heiloang_aj.bone.body_0] run data modify entity @s {} merge value {transformation:[-1.077735911234472f,0.2430462839619299f,0.23036098937444352f,-0.16369090489082333f,0.11765276791162142f,1.0016803957226281f,-0.5064055558200039f,1.5630553161803928f,-0.3135211440652922f,-0.4595837949873014f,-0.9819061072967894f,-0.01660153599216907f,0f,0f,0f,1f],start_interpolation:0}
execute if entity @s[tag=aj.heiloang_aj.bone.leg_right_3] run data modify entity @s {} merge value {transformation:[-0.855374426065586f,-0.24345243937451228f,0.4572368106305186f,-0.7098963591282039f,0.22104523909962423f,0.6267370120917155f,0.7472213326356113f,-0.04250094753864986f,-0.46848008869573016f,0.7402240386781208f,-0.4822808093410854f,-0.5846507027078953f,0f,0f,0f,1f],start_interpolation:0}
execute if entity @s[tag=aj.heiloang_aj.bone.leg_right_2] run data modify entity @s {} merge value {transformation:[-0.855374426065586f,0.34449670826792345f,0.38685476502886007f,-0.5186296845978686f,0.22104523909962423f,0.9181446426732132f,-0.3288607872669951f,0.5314151079164452f,-0.46848008869573016f,-0.1957867031313493f,-0.8615068040199088f,-0.6630813791384964f,0f,0f,0f,1f],start_interpolation:0}
execute if entity @s[tag=aj.heiloang_aj.bone.leg_right_1] run data modify entity @s {} merge value {transformation:[-0.8716069852722909f,0.13003898100699157f,0.472642705056591f,-0.8423776143619223f,0.09190600919347902f,0.9904250506193172f,-0.10301215743712533f,0.6784571324162258f,-0.4815127710649807f,-0.04634741119400548f,-0.8752127562923984f,-0.04898551195869877f,0f,0f,0f,1f],start_interpolation:0}
execute if entity @s[tag=aj.heiloang_aj.bone.leg_right_0] run data modify entity @s {} merge value {transformation:[-0.7125458963239623f,0.6890141385283398f,0.1324305951807614f,-0.3043774620200752f,0.20385920047769182f,0.3839163239517618f,-0.9005829681844767f,0.8908510119338366f,-0.6713566652774643f,-0.6147095030267675f,-0.41401987256182177f,-0.5017340211023635f,0f,0f,0f,1f],start_interpolation:0}
execute if entity @s[tag=aj.heiloang_aj.bone.leg_left_3] run data modify entity @s {} merge value {transformation:[-0.8938477465027798f,-0.4098815196330874f,0.18175077973745682f,0.6975295720373422f,-0.06753186648579382f,0.5238053469349074f,0.8491568792227654f,-0.13337413143329124f,-0.44325574229878567f,0.7467429935296831f,-0.4958822930227299f,-0.3790066678261423f,0f,0f,0f,1f],start_interpolation:0}
execute if entity @s[tag=aj.heiloang_aj.bone.leg_left_2] run data modify entity @s {} merge value {transformation:[-0.8938477465027798f,-0.060191534247390044f,0.444312035935161f,0.6399604903254712f,-0.06753186648579382f,0.9977168751924912f,-0.0006956759846826754f,0.47345450298637437f,-0.44325574229878567f,-0.030627049500009385f,-0.8958718271929734f,-0.35536856765700314f,0f,0f,0f,1f],start_interpolation:0}
execute if entity @s[tag=aj.heiloang_aj.bone.leg_left_1] run data modify entity @s {} merge value {transformation:[-0.9214546910730234f,-0.1031025133168744f,0.3745545675162203f,0.367923855611229f,0.046629681038156706f,0.9278159683195804f,0.37011241775638803f,0.28194600456712815f,-0.38567722922905223f,0.3585071835806683f,-0.850132739150339f,0.27142356494308634f,0f,0f,0f,1f],start_interpolation:0}
execute if entity @s[tag=aj.heiloang_aj.bone.leg_left_0] run data modify entity @s {} merge value {transformation:[-0.9432056337834024f,-0.04013618818573089f,0.3297760130712506f,0.3267894299803068f,-0.18820727257473774f,0.8825623563483947f,-0.43088479864895135f,0.8908510119338366f,-0.27375382179839686f,-0.46847921357802924f,-0.8399917091829436f,-0.13732964610236353f,0f,0f,0f,1f],start_interpolation:0}
execute if entity @s[tag=aj.heiloang_aj.bone.tail_4] run data modify entity @s {} merge value {transformation:[-0.47260344360836143f,1.0971004620434237f,1.0285285241359619f,1.4732612095059814f,-1.129294394401863f,0.45304023377843183f,-1.0021492309223148f,-1.4899806823884785f,-0.993073269980479f,-1.0372943104296697f,0.650138721880329f,-2.5311021950836095f,0f,0f,0f,1f],start_interpolation:0}
execute if entity @s[tag=aj.heiloang_aj.bone.tail_3] run data modify entity @s {} merge value {transformation:[-0.29839900959766713f,0.705523248209062f,0.6428024403404718f,0.5958572956519455f,-0.02745595735499928f,0.6668616876089258f,-0.7446755400878263f,-0.5122609547049072f,-0.9540462260691835f,-0.2398592000234926f,-0.17962005090534355f,-2.2848120035371675f,0f,0f,0f,1f],start_interpolation:0}
execute if entity @s[tag=aj.heiloang_aj.bone.tail_2] run data modify entity @s {} merge value {transformation:[-0.12604981174621455f,0.7385937963413141f,0.6622617677058441f,0.09080044019742545f,0.09426204504869146f,0.6734833583698167f,-0.7331676703607106f,0.07411387214494569f,-0.9875353724408975f,-0.02998949824586388f,-0.1545138122401325f,-2.164375596686096f,0f,0f,0f,1f],start_interpolation:0}
execute if entity @s[tag=aj.heiloang_aj.bone.tail_1] run data modify entity @s {} merge value {transformation:[-0.7330163283189333f,0.528365479968432f,0.4283888210441052f,-0.23505583285942344f,0.25872554229992284f,0.7990229773139415f,-0.5427922028603355f,0.5117926753504927f,-0.6290851740260939f,-0.28704041754096793f,-0.722398534410519f,-1.6046792803749523f,0f,0f,0f,1f],start_interpolation:0}
execute if entity @s[tag=aj.heiloang_aj.bone.tail_ring] run data modify entity @s {} merge value {transformation:[-0.9244280913786838f,0.289861925168985f,-0.24781599667352738f,-0.26167878259226834f,0.35043434932048256f,0.9019947543095216f,-0.2521928429088261f,0.5035260396830822f,0.15042762607411578f,-0.31997738597506487f,-0.9354068642993114f,-1.7490283609522623f,0f,0f,0f,1f],start_interpolation:0}
execute if entity @s[tag=aj.heiloang_aj.bone.tail_0] run data modify entity @s {} merge value {transformation:[-0.9244280913786838f,0.289861925168985f,-0.24781599667352738f,0.0779455906343824f,0.35043434932048256f,0.9019947543095216f,-0.2521928429088261f,0.8354325229753549f,0.15042762607411578f,-0.31997738597506487f,-0.9354068642993114f,-0.4351282232047151f,0f,0f,0f,1f],start_interpolation:0}
execute if entity @s[tag=aj.heiloang_aj.bone.body_1] run data modify entity @s {} merge value {transformation:[-0.8660254037844386f,0.38995764833574265f,0.3129425386623833f,-0.0018960387843347866f,0f,0.6258850773247666f,-0.7799152966714853f,1.1538504810495627f,-0.5f,-0.6754264597175833f,-0.5420323768128356f,-0.290739714492411f,0f,0f,0f,1f],start_interpolation:0}