execute if entity @s[tag=aj.heiloang_aj.bone.head_lower] run data modify entity @s {} merge value {transformation:[-0.43240014766535756f,-0.39845426484548296f,-0.5424613452822447f,-0.3283653075976481f,-0.6729277568950852f,0.26941184781909716f,0.3385047861623947f,0.5228805738714453f,0.014083547107385408f,0.6392585197564014f,-0.4807808218094066f,1.9452368459419644f,0f,0f,0f,1f],start_interpolation:0}
execute if entity @s[tag=aj.heiloang_aj.bone.horne_right] run data modify entity @s {} merge value {transformation:[0.0070390410612490295f,-0.6477149434374796f,-0.4694846152417784f,-0.9148717150257479f,-0.7133031167582151f,-0.2176253192776729f,0.28954772323799577f,0.4988164667115593f,-0.36214515808437125f,0.4160583762611608f,-0.5794362018539848f,2.1060725467320296f,0f,0f,0f,1f],start_interpolation:0}
execute if entity @s[tag=aj.heiloang_aj.bone.horne_left] run data modify entity @s {} merge value {transformation:[-0.6446366996752875f,-0.06346433236891752f,-0.4694846152417784f,-0.547245109480661f,-0.27896565218022307f,0.6916214867045093f,0.28954772323799577f,1.0709396456237608f,0.3829121182927174f,0.397028963232674f,-0.5794362018539848f,2.0940987149813304f,0f,0f,0f,1f],start_interpolation:0}
execute if entity @s[tag=aj.heiloang_aj.bone.head_upper] run data modify entity @s {} merge value {transformation:[-0.6333689262965242f,-0.7064625288947378f,-0.687689327290776f,-0.5399950549830701f,-0.9856877551059986f,0.4708524875771757f,0.4241222663059353f,0.6565239820946642f,0.020629227714220464f,0.8076947087916561f,-0.8487436625706707f,1.8698598764697543f,0f,0f,0f,1f],start_interpolation:0}
execute if entity @s[tag=aj.heiloang_aj.bone.neck_0] run data modify entity @s {} merge value {transformation:[-0.7764375658127832f,-0.2900412849137562f,-0.5594825818917843f,-0.7596723479164386f,-0.6166422857297531f,0.16654110853724113f,0.7694259877448721f,0.9752995623829279f,-0.1299884527360232f,0.9424118591214586f,-0.3081604938056308f,1.675993234134736f,0f,0f,0f,1f],start_interpolation:0}
execute if entity @s[tag=aj.heiloang_aj.bone.neck_1] run data modify entity @s {} merge value {transformation:[-0.9733863136984036f,-0.1607167596375234f,-0.1633683184593862f,-0.8212043898055692f,-0.2105645417064942f,0.34584636835851734f,0.9143592637848421f,1.3127768244917681f,-0.09045251837603474f,0.924424368277275f,-0.370483372440105f,1.5525439614777548f,0f,0f,0f,1f],start_interpolation:0}
execute if entity @s[tag=aj.heiloang_aj.bone.neck_2] run data modify entity @s {} merge value {transformation:[-0.94212630618404f,-0.32807161753156844f,0.06904373227336891f,-0.7819142897717566f,-0.14432798454481582f,0.5827710468206979f,0.7997170373730569f,1.6209687019004866f,-0.3026011501518916f,0.7434695156882549f,-0.596393849036879f,1.2832226145726524f,0f,0f,0f,1f],start_interpolation:0}
execute if entity @s[tag=aj.heiloang_aj.bone.neck_3] run data modify entity @s {} merge value {transformation:[-0.7787553660757084f,-0.07087318018758663f,0.6233113765513888f,-0.45763436975669514f,0.2744210990809707f,0.8550013547757876f,0.4400747024208047f,1.8280024338456637f,-0.5641215650792666f,0.5137603290072772f,-0.6463877970312039f,0.936275581041682f,0f,0f,0f,1f],start_interpolation:0}
execute if entity @s[tag=aj.heiloang_aj.bone.wing_right_2] run data modify entity @s {} merge value {transformation:[-0.672783356504323f,2.254057414945894f,0.012795767238214923f,-4.209086816023452f,2.144714248222073f,0.6442355861349292f,-0.7202342045137948f,4.090139139572087f,-0.6936420943145039f,-0.1943236630105091f,-2.239346995289067f,-0.26753562477388015f,0f,0f,0f,1f],start_interpolation:0}
execute if entity @s[tag=aj.heiloang_aj.bone.wing_right_1] run data modify entity @s {} merge value {transformation:[-2.5010024991593953f,2.220782352269876f,0.018193843605198375f,-2.571912219395252f,2.1099918843215613f,2.3846221739552003f,-1.0240752455158366f,2.7242699516900144f,-0.692921005739907f,-0.7542689203645119f,-3.184047369069208f,0.23457508057993728f,0f,0f,0f,1f],start_interpolation:0}
execute if entity @s[tag=aj.heiloang_aj.bone.wing_right_0] run data modify entity @s {} merge value {transformation:[-2.0812892959310445f,0.7723270300798725f,0.01207581263765398f,-0.6359538689378801f,0.7317793719908153f,1.9826479808480917f,-0.679710184393107f,2.038174250254638f,-0.24725253764437619f,-0.6332597750110041f,-2.1133500041359516f,0.4476104120050578f,0f,0f,0f,1f],start_interpolation:0}
execute if entity @s[tag=aj.heiloang_aj.bone.wing_left_2] run data modify entity @s {} merge value {transformation:[-0.7309578583336555f,-1.2979481406168054f,1.820606283612868f,2.6217049568511475f,-2.2357876342015226f,0.4440270055824407f,-0.5810935203442359f,4.164263230292623f,-0.023027601109139265f,-1.9109543816909582f,-1.3716045665585586f,3.116838271726603f,0f,0f,0f,1f],start_interpolation:0}
execute if entity @s[tag=aj.heiloang_aj.bone.wing_left_1] run data modify entity @s {} merge value {transformation:[-1.9702867756211881f,-0.7772093857787812f,2.588654933622793f,1.292338303948621f,-2.069482640393015f,2.494352482236829f,-0.8262360851299827f,2.821906203358971f,-1.7385138468888337f,-2.0883893405963203f,-1.9502354573639182f,2.008273265480317f,0f,0f,0f,1f],start_interpolation:0}
execute if entity @s[tag=aj.heiloang_aj.bone.wing_left_0] run data modify entity @s {} merge value {transformation:[-1.392845572781415f,-0.1904570151453123f,1.7181697633718118f,0.010589177133492556f,-0.9410048538089825f,1.934468716361185f,-0.5483982590488804f,1.942257017637449f,-1.4501348473473579f,-1.0723604388459342f,-1.2944311544871778f,0.649088736199153f,0f,0f,0f,1f],start_interpolation:0}
execute if entity @s[tag=aj.heiloang_aj.bone.kazari_right] run data modify entity @s {} merge value {transformation:[-2.50725010749456f,0.5158275283430954f,-0.5953898286234168f,-1.6426390181849377f,0.2776496395778094f,-1.2802066235377834f,-2.278344106417762f,2.9444936241073716f,-0.7372094442335102f,-2.2364845518379264f,1.166845865262194f,-3.2955368692956672f,0f,0f,0f,1f],start_interpolation:0}
execute if entity @s[tag=aj.heiloang_aj.bone.kazari_left] run data modify entity @s {} merge value {transformation:[-2.50725010749456f,0.5158275283430954f,-0.5953898286234168f,3.1981331493182603f,0.2776496395778094f,-1.2802066235377834f,-2.278344106417762f,2.408432764615128f,-0.7372094442335102f,-2.2364845518379264f,1.166845865262194f,-1.8721994253770133f,0f,0f,0f,1f],start_interpolation:0}
execute if entity @s[tag=aj.heiloang_aj.bone.ring] run data modify entity @s {} merge value {transformation:[-2.0823984238770277f,-0.7166472434986919f,-0.05440421311097904f,-0.22653995366766064f,0.30893208926823923f,-1.0431004500475074f,1.9155752924683167f,3.674096531233139f,-0.6489253071339247f,1.8031318491115516f,1.0865255479116573f,1.073559576105083f,0f,0f,0f,1f],start_interpolation:0}
execute if entity @s[tag=aj.heiloang_aj.bone.body_0] run data modify entity @s {} merge value {transformation:[-1.0668108748427192f,0.16085366053297098f,0.33119938579068836f,-0.12950407853387977f,0.1582656367006075f,1.1169317295782382f,-0.03267836652573657f,1.9138688891640623f,-0.33244386217034705f,0.015555940736027861f,-1.0783744559060893f,-0.07581485619193021f,0f,0f,0f,1f],start_interpolation:0}
execute if entity @s[tag=aj.heiloang_aj.bone.leg_right_3] run data modify entity @s {} merge value {transformation:[-0.8477931980319293f,-0.4541267841113827f,0.27388968093640786f,-0.676071973761601f,0.16762534663278264f,0.2605106888001084f,0.9508080375065897f,0.31248578469522803f,-0.503138585816108f,0.851999439538282f,-0.14473603037744331f,-0.5267326995290771f,0f,0f,0f,1f],start_interpolation:0}
execute if entity @s[tag=aj.heiloang_aj.bone.leg_right_2] run data modify entity @s {} merge value {transformation:[-0.8477931980319293f,0.3209573752322696f,0.42217657047117824f,-0.5007879482577267f,0.16762534663278264f,0.9174333567245835f,-0.36085700649329566f,0.8874787487827583f,-0.503138585816108f,-0.23516462160170926f,-0.8315943507563599f,-0.6305236054572161f,0f,0f,0f,1f],start_interpolation:0}
execute if entity @s[tag=aj.heiloang_aj.bone.leg_right_1] run data modify entity @s {} merge value {transformation:[-0.8505255868464232f,0.03398257380345851f,0.5248346509113511f,-0.8685752101651295f,0.03860643615609226f,0.9992522092617883f,-0.002136673292914393f,0.9640028083674015f,-0.5245147940781774f,0.018444700136558967f,-0.8512015177559304f,-0.02850665273399422f,0f,0f,0f,1f],start_interpolation:0}
execute if entity @s[tag=aj.heiloang_aj.bone.leg_right_0] run data modify entity @s {} merge value {transformation:[-0.6953308329012062f,0.6911685245620176f,0.19697995703034987f,-0.3252709052081061f,0.14894869213981082f,0.40672027181011083f,-0.9013284127378597f,1.1949876579946022f,-0.7030855708423794f,-0.5973815289691113f,-0.3857537931372446f,-0.46554551595564014f,0f,0f,0f,1f],start_interpolation:0}
execute if entity @s[tag=aj.heiloang_aj.bone.leg_left_3] run data modify entity @s {} merge value {transformation:[-0.8999745245622861f,-0.4136956798675349f,0.13748359755921805f,0.6142705454772271f,-0.0783277652750474f,0.4636892188708447f,0.8825287924424694f,0.02420798857571549f,-0.42884801075194934f,0.7834846474321522f,-0.44971234240591174f,-0.19231968834603824f,0f,0f,0f,1f],start_interpolation:0}
execute if entity @s[tag=aj.heiloang_aj.bone.leg_left_2] run data modify entity @s {} merge value {transformation:[-0.8999745245622861f,-0.039261031881984626f,0.4341709646146881f,0.5699094986571178f,-0.0783277652750474f,0.9942915199129455f,-0.07245091176943222f,0.6323386080717727f,-0.42884801075194934f,-0.09921161627937924f,-0.8979122667996741f,-0.21029738721871083f,0f,0f,0f,1f],start_interpolation:0}
execute if entity @s[tag=aj.heiloang_aj.bone.leg_left_1] run data modify entity @s {} merge value {transformation:[-0.9098283515312371f,0.03840269603256957f,0.4132040702696206f,0.2812238134557583f,0.05099320032062097f,0.9985089807928781f,0.019480985525095307f,0.6935528300675049f,-0.4118398526988525f,0.03879495087505591f,-0.9104300563555606f,0.4350406693594606f,0f,0f,0f,1f],start_interpolation:0}
execute if entity @s[tag=aj.heiloang_aj.bone.leg_left_0] run data modify entity @s {} merge value {transformation:[-0.9565553818343873f,0.05460647632325652f,0.2863912258209511f,0.3058959867922759f,-0.14894869213981085f,0.7529066834059883f,-0.6410505543187955f,1.1949876579946022f,-0.25063137990584744f,-0.655857956287909f,-0.7120633768003646f,-0.10114114095564011f,0f,0f,0f,1f],start_interpolation:0}
execute if entity @s[tag=aj.heiloang_aj.bone.tail_4] run data modify entity @s {} merge value {transformation:[-0.550540943167418f,1.2823815926909115f,0.7329778197950638f,1.0562511431963046f,-1.2780796992198755f,-0.021446594927796055f,-0.9224460361970827f,-1.6396917299539335f,-0.7404534529773205f,-0.9164561407842702f,1.0472302467368095f,-1.8926939792131605f,0f,0f,0f,1f],start_interpolation:0}
execute if entity @s[tag=aj.heiloang_aj.bone.tail_3] run data modify entity @s {} merge value {transformation:[-0.21872014124158468f,0.8375177329344391f,0.5007250211799075f,0.36526307006358166f,-0.18676206401305873f,0.46773261896173157f,-0.8639132645148943f,-0.4974349776722913f,-0.9577481042846514f,-0.28247166969371806f,0.054113995967767343f,-1.9576350837258014f,0f,0f,0f,1f],start_interpolation:0}
execute if entity @s[tag=aj.heiloang_aj.bone.tail_2] run data modify entity @s {} merge value {transformation:[-0.03971808150565498f,0.8442811360113475f,0.5344266435881531f,-0.037767975511014795f,-0.07869763587580691f,0.5305440822386857f,-0.8439962434211836f,0.1731071213089962f,-0.9961070003313244f,-0.07558002498609907f,0.045370736317934646f,-1.9945412173192403f,0f,0f,0f,1f],start_interpolation:0}
execute if entity @s[tag=aj.heiloang_aj.bone.tail_1] run data modify entity @s {} merge value {transformation:[-0.678876318159812f,0.6321519680965866f,0.37351149095227276f,-0.31898557991134235f,0.24592731618473837f,0.6750761574409117f,-0.6955515342582356f,0.7280718392324826f,-0.6918429733660301f,-0.38033678613358657f,-0.6137566531758535f,-1.5213226285110135f,0f,0f,0f,1f],start_interpolation:0}
execute if entity @s[tag=aj.heiloang_aj.bone.tail_ring] run data modify entity @s {} merge value {transformation:[-0.8775580315776856f,0.37924218727520154f,-0.29337222875422025f,-0.3493831730366992f,0.46210447967720303f,0.8321555854545781f,-0.30655591897565737f,0.7098267599891621f,0.12787240154059473f,-0.4045892299449766f,-0.9055143311603476f,-1.6640001642229827f,0f,0f,0f,1f],start_interpolation:0}
execute if entity @s[tag=aj.heiloang_aj.bone.tail_0] run data modify entity @s {} merge value {transformation:[-0.8775580315776856f,0.37924218727520154f,-0.29337222875422025f,0.051859042035853856f,0.46210447967720303f,0.8321555854545781f,-0.30655591897565737f,1.1192511275584298f,0.12787240154059473f,-0.4045892299449766f,-0.9055143311603476f,-0.389944995637949f,0f,0f,0f,1f],start_interpolation:0}
execute if entity @s[tag=aj.heiloang_aj.bone.body_1] run data modify entity @s {} merge value {transformation:[-0.8660254037844386f,0.43435236261459115f,0.24766514710617388f,-0.0018960387843347866f,0f,0.49533029421234775f,-0.8687047252291823f,1.4596647388306536f,-0.5f,-0.7523203604360523f,-0.4289686180519132f,-0.290739714492411f,0f,0f,0f,1f],start_interpolation:0}