execute if entity @s[tag=aj.heiloang_aj.bone.head_lower] run data modify entity @s {} merge value {transformation:[-0.449479037935041f,-0.36238447220407316f,-0.5537563442186149f,-0.3049359651532864f,-0.6605709288796474f,0.28631661293840155f,0.3488106149109591f,0.3982983005797469f,0.040182612857674244f,0.6532230028564956f,-0.46009245392972187f,1.9887128284308495f,0f,0f,0f,1f],start_interpolation:0}
execute if entity @s[tag=aj.heiloang_aj.bone.horne_right] run data modify entity @s {} merge value {transformation:[-0.011253944841507768f,-0.6530316077415265f,-0.46197734578225935f,-0.8918503707821184f,-0.7269629370304544f,-0.18442782222363258f,0.27840845277021276f,0.3955978069670805f,-0.3337637441507989f,0.4237170018778636f,-0.5908177937486944f,2.1498374933827207f,0f,0f,0f,1f],start_interpolation:0}
execute if entity @s[tag=aj.heiloang_aj.bone.horne_left] run data modify entity @s {} merge value {transformation:[-0.6515274712399399f,-0.04570433462668344f,-0.46197734578225935f,-0.5097032927297466f,-0.24708501340669833f,0.7081226797497084f,0.27840845277021276f,0.9572152107005567f,0.3930152037383555f,0.3694230423517519f,-0.5908177937486944f,2.115674235931126f,0f,0f,0f,1f],start_interpolation:0}
execute if entity @s[tag=aj.heiloang_aj.bone.head_upper] run data modify entity @s {} merge value {transformation:[-0.6583856577912998f,-0.6941017232474495f,-0.676692866668209f,-0.5130835089933101f,-0.9675877823496857f,0.5202215615711464f,0.40780574140648845f,0.5342374005088373f,0.058858486748599795f,0.7878797097662814f,-0.8654151338382439f,1.9079380850355023f,0f,0f,0f,1f],start_interpolation:0}
execute if entity @s[tag=aj.heiloang_aj.bone.neck_0] run data modify entity @s {} merge value {transformation:[-0.7997782173778494f,-0.2483798956598263f,-0.5464999821042293f,-0.7299318702449716f,-0.5933940484039522f,0.1894629919751093f,0.7822961574689011f,0.8569912128422299f,-0.09076511624339743f,0.9499532631155354f,-0.2989155258086621f,1.717499056799071f,0f,0f,0f,1f],start_interpolation:0}
execute if entity @s[tag=aj.heiloang_aj.bone.neck_1] run data modify entity @s {} merge value {transformation:[-0.9613692206885115f,-0.1700801177985774f,-0.216430069635404f,-0.8109145923008038f,-0.26394863491349196f,0.346499357214778f,0.9001496062194605f,1.1892991434002023f,-0.07810467105153147f,0.9225025468687703f,-0.3780062319335017f,1.5912847329060673f,0f,0f,0f,1f],start_interpolation:0}
execute if entity @s[tag=aj.heiloang_aj.bone.neck_2] run data modify entity @s {} merge value {transformation:[-0.9320826536601434f,-0.3602157457329987f,0.03829547325578808f,-0.7831477773031463f,-0.19592073074864602f,0.5902128089582014f,0.7831116825872195f,1.4904367114279955f,-0.3046916375760608f,0.7224219381135164f,-0.6207008533291454f,1.312707809476742f,0f,0f,0f,1f],start_interpolation:0}
execute if entity @s[tag=aj.heiloang_aj.bone.neck_3] run data modify entity @s {} merge value {transformation:[-0.7800312671461687f,-0.10951312140079632f,0.6160828665978278f,-0.4616728967126484f,0.22041394057151534f,0.8733759504321633f,0.4343180217403505f,1.6940463973189739f,-0.5856354814012543f,0.4745748891879653f,-0.6571223306783537f,0.9611545791903957f,0f,0f,0f,1f],start_interpolation:0}
execute if entity @s[tag=aj.heiloang_aj.bone.wing_right_2] run data modify entity @s {} merge value {transformation:[-1.626032623671589f,-1.6795842779695231f,0.26189800738892466f,-4.652253323197349f,-1.6997822406864562f,1.6104230654245688f,-0.22550807284102195f,0.838597914948259f,-0.018282432103654166f,-0.34512347046692715f,-2.3268286462759233f,0.09151460000539993f,0f,0f,0f,1f],start_interpolation:0}
execute if entity @s[tag=aj.heiloang_aj.bone.wing_right_1] run data modify entity @s {} merge value {transformation:[-2.9917041522657466f,-1.4485356872126378f,0.37238340603106473f,-2.6991962346474505f,-1.4831313054863302f,2.9807262707471844f,-0.3206418601243334f,1.8145090251523248f,-0.19299370171666153f,-0.45192259807293234f,-3.3084343985257907f,0.2682063443697347f,0f,0f,0f,1f],start_interpolation:0}
execute if entity @s[tag=aj.heiloang_aj.bone.wing_right_0] run data modify entity @s {} merge value {transformation:[-2.2050930388187426f,-0.0698246901827142f,0.2471623005112412f,-0.6462003240122789f,-0.09376428329252096f,2.207785309211056f,-0.21281984778323515f,1.900015660774556f,-0.23910865591140953f,-0.22182998235749696f,-2.1959094948552664f,0.47300503784449477f,0f,0f,0f,1f],start_interpolation:0}
execute if entity @s[tag=aj.heiloang_aj.bone.wing_left_2] run data modify entity @s {} merge value {transformation:[-1.062824779940194f,1.2995296592084982f,1.6477870488335344f,2.934182155529907f,1.3734008063106573f,1.8273022155276455f,-0.5552592589718781f,1.8170413207328453f,-1.586741856349457f,0.7111717684822756f,-1.5843172041429963f,3.6679694481201874f,0f,0f,0f,1f],start_interpolation:0}
execute if entity @s[tag=aj.heiloang_aj.bone.wing_left_1] run data modify entity @s {} merge value {transformation:[-2.1951604610638276f,0.9376411514068339f,2.3429294471388817f,1.4613251734404085f,0.5272591804917991f,3.2071640293325574f,-0.7895032732310014f,2.1742590933220862f,-2.467891221198608f,-0.14881778470268636f,-2.2526839459158556f,2.0864694538306376f,0f,0f,0f,1f],start_interpolation:0}
execute if entity @s[tag=aj.heiloang_aj.bone.wing_left_0] run data modify entity @s {} merge value {transformation:[-1.5813281982783494f,0.09770015970015179f,1.555074213060043f,0.0029560506844572842f,-0.38416414693567186f,2.122786729964104f,-0.5240175639208017f,1.8127374339592583f,-1.5100394158891794f,-0.642363742658993f,-1.4951755029354237f,0.6699569440825859f,0f,0f,0f,1f],start_interpolation:0}
execute if entity @s[tag=aj.heiloang_aj.bone.kazari_right] run data modify entity @s {} merge value {transformation:[-2.4985205013349447f,0.5404093463619108f,-0.6101010009251888f,-1.6823692537257133f,0.31867895761226217f,-1.162919194280612f,-2.335151570691962f,2.8737303914471486f,-0.7501394636601828f,-2.294002370202497f,1.0400548539001158f,-3.295800946019276f,0f,0f,0f,1f],start_interpolation:0}
execute if entity @s[tag=aj.heiloang_aj.bone.kazari_left] run data modify entity @s {} merge value {transformation:[-2.4985205013349447f,0.5404093463619108f,-0.6101010009251888f,3.1415485782628854f,0.31867895761226217f,-1.162919194280612f,-2.335151570691962f,2.258453828583658f,-0.7501394636601828f,-2.294002370202497f,1.0400548539001158f,-1.8474993878390187f,0f,0f,0f,1f],start_interpolation:0}
execute if entity @s[tag=aj.heiloang_aj.bone.ring] run data modify entity @s {} merge value {transformation:[-2.090815483566398f,-0.6897194297467539f,-0.07552488128324521f,-0.2597476557548271f,0.2811074112749705f,-1.061280990669489f,1.909865850774315f,3.544155478213366f,-0.6343465321015951f,1.8030241409524799f,1.0952783710716105f,1.1154723677100804f,0f,0f,0f,1f],start_interpolation:0}
execute if entity @s[tag=aj.heiloang_aj.bone.body_0] run data modify entity @s {} merge value {transformation:[-1.0711229270935574f,0.1474596175119197f,0.323424971508759f,-0.14224892997592026f,0.14401107871983904f,1.118844211241353f,-0.03317854902397372f,1.7796422864710033f,-0.32497516858700365f,0.009781007751058288f,-1.0807163585450608f,-0.053740125959398616f,0f,0f,0f,1f],start_interpolation:0}
execute if entity @s[tag=aj.heiloang_aj.bone.leg_right_3] run data modify entity @s {} merge value {transformation:[-0.8471046441880569f,-0.38779533025641444f,0.36335726719902567f,-0.6917440216494631f,0.18772820890140235f,0.42129240710143523f,0.8872828338818181f,0.17761617419482856f,-0.49716379733212385f,0.8198338182522096f,-0.28407863184742665f,-0.537382775444581f,0f,0f,0f,1f],start_interpolation:0}
execute if entity @s[tag=aj.heiloang_aj.bone.leg_right_2] run data modify entity @s {} merge value {transformation:[-0.8471046441880569f,0.3372162632985348f,0.410729732989954f,-0.5060315612935418f,0.18772820890140235f,0.912936934970741f,-0.3623593138707771f,0.7499453599345628f,-0.49716379733212385f,-0.2298507005279776f,-0.8366581225859824f,-0.6377029415102011f,0f,0f,0f,1f],start_interpolation:0}
execute if entity @s[tag=aj.heiloang_aj.bone.leg_right_1] run data modify entity @s {} merge value {transformation:[-0.8556223735266157f,0.07664763054394849f,0.5118940267796439f,-0.8614845742985178f,0.058329718026119276f,0.9969535928297724f,-0.05178009017761431f,0.8613266788391931f,-0.5143034103675318f,-0.014445569417881055f,-0.8574866340698957f,-0.033720184779877094f,0f,0f,0f,1f],start_interpolation:0}
execute if entity @s[tag=aj.heiloang_aj.bone.leg_right_0] run data modify entity @s {} merge value {transformation:[-0.6997894176246696f,0.694221331386138f,0.1683790783588736f,-0.3177173004287285f,0.1636000125681027f,0.3851948346967158f,-0.9082180218486563f,1.075593015459424f,-0.6953630755714904f,-0.6080145412499833f,-0.38312988758426275f,-0.4786287432138173f,0f,0f,0f,1f],start_interpolation:0}
execute if entity @s[tag=aj.heiloang_aj.bone.leg_left_3] run data modify entity @s {} merge value {transformation:[-0.8975946528232701f,-0.41292049350523524f,0.15433892984748254f,0.6474293540340897f,-0.07260280289011843f,0.48381100896997237f,0.8721558006525874f,-0.037840911162952406f,-0.4348018769917764f,0.7716369441925717f,-0.4642453598277294f,-0.27216887649788907f,0f,0f,0f,1f],start_interpolation:0}
execute if entity @s[tag=aj.heiloang_aj.bone.leg_left_2] run data modify entity @s {} merge value {transformation:[-0.8975946528232701f,-0.044207685099481336f,0.43859949817711635f,0.5998509028764141f,-0.07260280289011843f,0.9961969014457854f,-0.048172259261057615f,0.5703031254810778f,-0.4348018769917764f,-0.07508271524099967f,-0.8973906137443532f,-0.2754963650601153f,0f,0f,0f,1f],start_interpolation:0}
execute if entity @s[tag=aj.heiloang_aj.bone.leg_left_1] run data modify entity @s {} merge value {transformation:[-0.914918089800351f,-0.0203080136825462f,0.4031283586357405f,0.31386736972554186f,0.0523569334876971f,0.9843250814516578f,0.1684128425653813f,0.5253619265750005f,-0.4002294847607327f,0.17519052087786186f,-0.8995135579426814f,0.3723782528176348f,0f,0f,0f,1f],start_interpolation:0}
execute if entity @s[tag=aj.heiloang_aj.bone.leg_left_0] run data modify entity @s {} merge value {transformation:[-0.9520967971109239f,0.018301573032684954f,0.3052486549612453f,0.31344959157165353f,-0.16360001256810272f,0.8128552159873288f,-0.5590182767404923f,1.075593015459424f,-0.25835387517673647f,-0.5821781945991471f,-0.7709227100782807f,-0.11422436821381732f,0f,0f,0f,1f],start_interpolation:0}
execute if entity @s[tag=aj.heiloang_aj.bone.tail_4] run data modify entity @s {} merge value {transformation:[-0.5201232855586085f,1.34503995110764f,0.6365482396737497f,1.0264558694311297f,-1.2863414599058827f,-0.06740273338896921f,-0.9086456315564235f,-1.6787315139278514f,-0.7480987769236055f,-0.8192550061755665f,1.1198320492419171f,-1.9168701002176618f,0f,0f,0f,1f],start_interpolation:0}
execute if entity @s[tag=aj.heiloang_aj.bone.tail_3] run data modify entity @s {} merge value {transformation:[-0.1726845183241447f,0.8628124722088212f,0.4751154543182744f,0.36903017999188276f,-0.17585222430688413f,0.4476057941476915f,-0.8767696665896553f,-0.5187691842980178f,-0.9691522338298969f,-0.2349546570007001f,0.07443290143615237f,-2.0102039585171028f,0f,0f,0f,1f],start_interpolation:0}
execute if entity @s[tag=aj.heiloang_aj.bone.tail_2] run data modify entity @s {} merge value {transformation:[0.00273230807535757f,0.8554385861373918f,0.5178970552531087f,-0.020854351302571128f,-0.0579187079555728f,0.5171649619429773f,-0.853923781966093f,0.15930174083613124f,-0.9983175635845231f,-0.027662745449050254f,0.05095895164622838f,-2.050610216015454f,0f,0f,0f,1f],start_interpolation:0}
execute if entity @s[tag=aj.heiloang_aj.bone.tail_1] run data modify entity @s {} merge value {transformation:[-0.6679306281401659f,0.6356005898740366f,0.3871441154713062f,-0.31266741288450195f,0.2702262061539502f,0.6918224050893181f,-0.6695965631065277f,0.6942658450972404f,-0.6934309435696723f,-0.3426275674376014f,-0.6338453096236223f,-1.5610557694004803f,0f,0f,0f,1f],start_interpolation:0}
execute if entity @s[tag=aj.heiloang_aj.bone.tail_ring] run data modify entity @s {} merge value {transformation:[-0.8819060978149172f,0.3668456492098117f,-0.29608428579155854f,-0.3438392275746501f,0.4411129528477121f,0.8637171450120592f,-0.24374588456462093f,0.6860259206437191f,0.16631595674149133f,-0.34556759551215044f,-0.923537784535702f,-1.7044928545464542f,0f,0f,0f,1f],start_interpolation:0}
execute if entity @s[tag=aj.heiloang_aj.bone.tail_0] run data modify entity @s {} merge value {transformation:[-0.8819060978149172f,0.3668456492098117f,-0.29608428579155854f,0.061471575246620815f,0.4411129528477121f,0.8637171450120592f,-0.24374588456462093f,1.0069977782540593f,0.16631595674149133f,-0.34556759551215044f,-0.923537784535702f,-0.40659439154844057f,0f,0f,0f,1f],start_interpolation:0}
execute if entity @s[tag=aj.heiloang_aj.bone.body_1] run data modify entity @s {} merge value {transformation:[-0.8660254037844386f,0.419525296655725f,0.27202669991367745f,-0.0018960387843347866f,0f,0.5440533998273549f,-0.83905059331145f,1.340426875f,-0.5f,-0.7266391288681213f,-0.47116406526578164f,-0.290739714492411f,0f,0f,0f,1f],start_interpolation:0}