execute if entity @s[tag=aj.heiloang_aj.bone.head_lower] run data modify entity @s {} merge value {transformation:[-0.4877917609024996f,-0.2609547049070074f,-0.5778943155824731f,-0.29938319205139036f,-0.6293847201093646f,0.2878403815828114f,0.4012764493751387f,0.32029613600658413f,0.07703292859871966f,0.6993214973938366f,-0.38080883812530697f,2.016118094913582f,0f,0f,0f,1f],start_interpolation:0}
execute if entity @s[tag=aj.heiloang_aj.bone.horne_right] run data modify entity @s {} merge value {transformation:[-0.08070585711719863f,-0.6339481488544674f,-0.48124454198564387f,-0.8731867864255705f,-0.7268549252506347f,-0.1383842683321448f,0.30419025611789624f,0.3571668903522178f,-0.32429690449628507f,0.4679311261736826f,-0.5620248917013873f,2.2156850070345673f,0f,0f,0f,1f],start_interpolation:0}
execute if entity @s[tag=aj.heiloang_aj.bone.horne_left] run data modify entity @s {} merge value {transformation:[-0.6385697636750329f,0.02514652518818894f,-0.48124454198564387f,-0.4584662313062654f,-0.20120725529180095f,0.7120280391254749f,0.30419025611789624f,0.8922697793891996f,0.43788616938418207f,0.36384574172317996f,-0.5620248917013873f,2.150191611139936f,0f,0f,0f,1f],start_interpolation:0}
execute if entity @s[tag=aj.heiloang_aj.bone.head_upper] run data modify entity @s {} merge value {transformation:[-0.7145051765759589f,-0.6047638749917476f,-0.7049149739870216f,-0.5031724651846144f,-0.9219070033981946f,0.5698391991806182f,0.4455702824050915f,0.4690573151456205f,0.1128359079881896f,0.8262602828299066f,-0.8232400107418996f,1.9477847809024371f,0f,0f,0f,1f],start_interpolation:0}
execute if entity @s[tag=aj.heiloang_aj.bone.neck_0] run data modify entity @s {} merge value {transformation:[-0.8347068149755593f,-0.20834170619984235f,-0.5097629512735262f,-0.7069105682205153f,-0.5486722078769847f,0.23537179770478178f,0.8022212445133912f,0.7972762594305844f,-0.04715232058713589f,0.9493123038826354f,-0.3107777475307556f,1.7522768050735658f,0f,0f,0f,1f],start_interpolation:0}
execute if entity @s[tag=aj.heiloang_aj.bone.neck_1] run data modify entity @s {} merge value {transformation:[-0.9451333016969854f,-0.19434720078738904f,-0.262587523636332f,-0.8050143678376934f,-0.31757376916065183f,0.35807576768518284f,0.8780254243117132f,1.1216674715876909f,-0.07661555432451034f,0.9132419778693776f,-0.4001489056498527f,1.6178788753462885f,0f,0f,0f,1f],start_interpolation:0}
execute if entity @s[tag=aj.heiloang_aj.bone.neck_2] run data modify entity @s {} merge value {transformation:[-0.9152265517293106f,-0.40270624305691216f,0.01371279740471193f,-0.7858974000804859f,-0.25199404572325423f,0.5985966505001642f,0.7603821742584519f,1.4132094727274307f,-0.31441908327851537f,0.6924664120468018f,-0.649331123739904f,1.3285732648314523f,0f,0f,0f,1f],start_interpolation:0}
execute if entity @s[tag=aj.heiloang_aj.bone.neck_3] run data modify entity @s {} merge value {transformation:[-0.7731686043860189f,-0.15773750906265133f,0.6142712653433218f,-0.4641922093114784f,0.15953905295145407f,0.8890529725206009f,0.4291061670911253f,1.613742385151286f,-0.613805832307847f,0.4297716722714441f,-0.6622225531782178f,0.9754656353030813f,0f,0f,0f,1f],start_interpolation:0}
execute if entity @s[tag=aj.heiloang_aj.bone.wing_right_2] run data modify entity @s {} merge value {transformation:[-2.0017750453503673f,-1.2234865884866288f,0.17191056374431907f,-4.490151178682152f,-1.2113168930039477f,2.00794348188353f,0.18560809412769128f,0.08410851351026816f,-0.24327774015886097f,0.0694229621652747f,-2.338711696594602f,0.03463811439585801f,0f,0f,0f,1f],start_interpolation:0}
execute if entity @s[tag=aj.heiloang_aj.bone.wing_right_1] run data modify entity @s {} merge value {transformation:[-2.8905816263653437f,-1.6649351063163433f,0.2444334796513507f,-2.601354170042135f,-1.6474089585692153f,2.898898802598848f,0.263909508007685f,1.1586816628762404f,-0.3432205667569695f,0.10768285353922466f,-3.325330482599988f,0.30994315520599536f,0f,0f,0f,1f],start_interpolation:0}
execute if entity @s[tag=aj.heiloang_aj.bone.wing_right_0] run data modify entity @s {} merge value {transformation:[-2.0941224511541456f,-0.7188393346754172f,0.16223800570628977f,-0.6522556593892209f,-0.7063673166388474f,2.097322696082946f,0.1751648437323971f,1.817096488395821f,-0.2099913654334034f,0.11361126448888764f,-2.207123944644851f,0.487569200525232f,0f,0f,0f,1f],start_interpolation:0}
execute if entity @s[tag=aj.heiloang_aj.bone.wing_left_2] run data modify entity @s {} merge value {transformation:[-1.5733355161977804f,0.7444739727629737f,1.5823873936777255f,3.0063047414347506f,0.5508520042617409f,2.231171075423398f,-0.5020096691457527f,1.306786942415602f,-1.6597449892054181f,0.03478710096458754f,-1.6666170630156747f,3.6202843131660556f,0f,0f,0f,1f],start_interpolation:0}
execute if entity @s[tag=aj.heiloang_aj.bone.wing_left_1] run data modify entity @s {} merge value {transformation:[-2.2658213802628344f,0.9955110061970762f,2.2499400174636444f,1.4885995451067506f,0.6941343615463393f,3.193102047681885f,-0.7137895867203486f,1.7721089773476566f,-2.3603918602139933f,-0.0166109159962843f,-2.3697031705691085f,2.1109464452494886f,0f,0f,0f,1f],start_interpolation:0}
execute if entity @s[tag=aj.heiloang_aj.bone.wing_left_0] run data modify entity @s {} merge value {transformation:[-1.6150849882918095f,0.2996556270147477f,1.4933542733701346f,-0.0016623999306137616f,-0.03571020063070646f,2.1685645925107533f,-0.4737640654160945f,1.7350962716156955f,-1.5227032744974838f,-0.36869243727946094f,-1.5728447553803808f,0.6820323493511412f,0f,0f,0f,1f],start_interpolation:0}
execute if entity @s[tag=aj.heiloang_aj.bone.kazari_right] run data modify entity @s {} merge value {transformation:[-2.512510751172885f,0.5340535963582222f,-0.5558297131440173f,-1.717855625881593f,0.260118473769279f,-1.1964928171165583f,-2.325427596539757f,2.7749793697612777f,-0.725602021359404f,-2.278170731828845f,1.0910132958831507f,-3.2371675466304493f,0f,0f,0f,1f],start_interpolation:0}
execute if entity @s[tag=aj.heiloang_aj.bone.kazari_left] run data modify entity @s {} merge value {transformation:[-2.512510751172885f,0.5340535963582222f,-0.5558297131440173f,3.133073317535212f,0.260118473769279f,-1.1964928171165583f,-2.325427596539757f,2.272766102599829f,-0.725602021359404f,-2.278170731828845f,1.0910132958831507f,-1.8362406669460758f,0f,0f,0f,1f],start_interpolation:0}
execute if entity @s[tag=aj.heiloang_aj.bone.ring] run data modify entity @s {} merge value {transformation:[-2.095443429967793f,-0.6736549706975455f,-0.09073091007659655f,-0.2825923686449001f,0.26410789384881567f,-1.0778295191596818f,1.9030125679613312f,3.4664479386977223f,-0.6263306937996739f,1.799277297657736f,1.106000612080265f,1.14914699842013f,0f,0f,0f,1f],start_interpolation:0}
execute if entity @s[tag=aj.heiloang_aj.bone.body_0] run data modify entity @s {} merge value {transformation:[-1.073493819950845f,0.1392621774178504f,0.31916992403084476f,-0.14962380289976066f,0.13530224094443585f,1.1199189160289231f,-0.03357530422333525f,1.6990774866449314f,-0.3208686616988793f,0.006327985391486375f,-1.0819684073382776f,-0.040966471355942974f,0f,0f,0f,1f],start_interpolation:0}
execute if entity @s[tag=aj.heiloang_aj.bone.leg_right_3] run data modify entity @s {} merge value {transformation:[-0.8467519395723245f,-0.3399490405881547f,0.40920142061544645f,-0.7014399315543866f,0.19926642386958657f,0.5105197363825982f,0.8364583020581896f,0.09802015762839555f,-0.4932585986566607f,0.7898127933675396f,-0.3645431473560182f,-0.5428178869684376f,0f,0f,0f,1f],start_interpolation:0}
execute if entity @s[tag=aj.heiloang_aj.bone.leg_right_2] run data modify entity @s {} merge value {transformation:[-0.8467519395723245f,0.3464875091794389f,0.4036800203293873f,-0.5097562564978724f,0.19926642386958657f,0.910145093218452f,-0.3632200457141676f,0.6686919960134566f,-0.4932585986566607f,-0.22711740416138082f,-0.8397104498446255f,-0.6413317037224047f,0f,0f,0f,1f],start_interpolation:0}
execute if entity @s[tag=aj.heiloang_aj.bone.leg_right_1] run data modify entity @s {} merge value {transformation:[-0.8586440990574353f,0.10128224832371382f,0.5024661355040144f,-0.8567072960236186f,0.06981547908638916f,0.9942571670309526f,-0.08110785835862483f,0.8005654038941613f,-0.507795342666495f,-0.034562869991920264f,-0.8607841181063569f,-0.03653240350063203f,0f,0f,0f,1f],start_interpolation:0}
execute if entity @s[tag=aj.heiloang_aj.bone.leg_right_0] run data modify entity @s {} merge value {transformation:[-0.7026386817114483f,0.6952627839708013f,0.15135568766309632f,-0.31322400657762145f,0.17206990529937607f,0.37242733173368614f,-0.9119703011984496f,1.0049458782252467f,-0.6904280054090084f,-0.6147418513513602f,-0.3813156507987058f,-0.48641135645727146f,0f,0f,0f,1f],start_interpolation:0}
execute if entity @s[tag=aj.heiloang_aj.bone.leg_left_3] run data modify entity @s {} merge value {transformation:[-0.896504455906151f,-0.4113882655885452f,0.16443678261406314f,0.664725786413422f,-0.06869611918980018f,0.4957516069577255f,0.8657431417037582f,-0.07169839211301332f,-0.4376763687345672f,0.7648464153899667f,-0.47270430198639185f,-0.31508155413223266f,0f,0f,0f,1f],start_interpolation:0}
execute if entity @s[tag=aj.heiloang_aj.bone.leg_left_2] run data modify entity @s {} merge value {transformation:[-0.896504455906151f,-0.04684438611393757f,0.44055120477649856f,0.615451658259115f,-0.06869611918980018f,0.9970657546703945f,-0.03377460690840714f,0.5362948222425252f,-0.4376763687345672f,-0.06054324366240221f,-0.8970919194252941f,-0.30958045491083674f,0f,0f,0f,1f],start_interpolation:0}
execute if entity @s[tag=aj.heiloang_aj.bone.leg_left_1] run data modify entity @s {} merge value {transformation:[-0.9180574856049684f,-0.05415303692030152f,0.39273133528786797f,0.3342637331899064f,0.05233206576456484f,0.9654047647071966f,0.2554505728579514f,0.428516903028466f,-0.3929781266400162f,0.2550707526804096f,-0.8834631305886811f,0.3329653286781411f,0f,0f,0f,1f],start_interpolation:0}
execute if entity @s[tag=aj.heiloang_aj.bone.leg_left_0] run data modify entity @s {} merge value {transformation:[-0.9492475330241452f,-0.00446171924984802f,0.314498353110012f,0.31794288542276056f,-0.17206990529937607f,0.8443692044910414f,-0.5073781569967611f,1.0049458782252467f,-0.26328894533921854f,-0.5357431656759624f,-0.8022831119334748f,-0.12200698145727151f,0f,0f,0f,1f],start_interpolation:0}
execute if entity @s[tag=aj.heiloang_aj.bone.tail_4] run data modify entity @s {} merge value {transformation:[-0.5123338304137718f,1.3928856942645418f,0.5312606258837663f,0.9565824284109027f,-1.3000197454509714f,-0.14251478559218383f,-0.8800525899131709f,-1.7129938369607518f,-0.7296006245466203f,-0.7241638918701158f,1.195041400981733f,-1.8869074422917498f,0f,0f,0f,1f],start_interpolation:0}
execute if entity @s[tag=aj.heiloang_aj.bone.tail_3] run data modify entity @s {} merge value {transformation:[-0.1332439192020083f,0.8892563066065005f,0.4375720273923529f,0.34863658716352386f,-0.1812393626192718f,0.41220088475804867f,-0.8928844964731115f,-0.5305728697259883f,-0.9743707463963851f,-0.1982767050494018f,0.10624498483083221f,-2.023709718419098f,0f,0f,0f,1f],start_interpolation:0}
execute if entity @s[tag=aj.heiloang_aj.bone.tail_2] run data modify entity @s {} merge value {transformation:[0.0403789195952714f,0.8704083021256293f,0.49067191731654825f,-0.019657164415498085f,-0.0566502227933362f,0.49227679685169595f,-0.86859329236352f,0.1585295752731284f,-0.9975772126055125f,0.007276185278922626f,0.06918642943527886f,-2.0777497567618757f,0f,0f,0f,1f],start_interpolation:0}
execute if entity @s[tag=aj.heiloang_aj.bone.tail_1] run data modify entity @s {} merge value {transformation:[-0.6553224496314307f,0.6458620229860684f,0.3916819299806972f,-0.31484316002696355f,0.28848124438369693f,0.6932380792247199f,-0.6604540386367962f,0.6863728370514859f,-0.69809101029013f,-0.3198174679049975f,-0.6406135563465242f,-1.58252078855802f,0f,0f,0f,1f],start_interpolation:0}
execute if entity @s[tag=aj.heiloang_aj.bone.tail_ring] run data modify entity @s {} merge value {transformation:[-0.8810607210092325f,0.3637730334991006f,-0.3023262906092578f,-0.3470072948007189f,0.4311528509361565f,0.8805024109403402f,-0.19703482803269248f,0.6853662367772924f,0.19452307067367533f,-0.3039484897595488f,-0.9326178695202949f,-1.725971933452f,0f,0f,0f,1f],start_interpolation:0}
execute if entity @s[tag=aj.heiloang_aj.bone.tail_0] run data modify entity @s {} merge value {transformation:[-0.8810607210092325f,0.3637730334991006f,-0.3023262906092578f,0.0670923941431493f,0.4311528509361565f,0.8805024109403402f,-0.19703482803269248f,0.9407081354529498f,0.19452307067367533f,-0.3039484897595488f,-0.9326178695202949f,-0.41632993545737107f,0f,0f,0f,1f],start_interpolation:0}
execute if entity @s[tag=aj.heiloang_aj.bone.body_1] run data modify entity @s {} merge value {transformation:[-0.8660254037844386f,0.4100500418003953f,0.286110054383788f,-0.0018960387843347866f,0f,0.572220108767576f,-0.8201000836007906f,1.2694639959037248f,-0.5f,-0.7102275060440265f,-0.4955571507490154f,-0.290739714492411f,0f,0f,0f,1f],start_interpolation:0}