execute if entity @s[tag=aj.heiloang_aj.bone.head_lower] run data modify entity @s {} merge value {transformation:[-0.6201189226514012f,-0.2556926432633748f,-0.4359745336033445f,-0.5142554377946494f,-0.4894123141525407f,0.4760940900444029f,0.41690527003223055f,0.5400261084924777f,0.12620661046680648f,0.5898776903780822f,-0.525467603062928f,2.3273514570973983f,0f,0f,0f,1f],start_interpolation:0}
execute if entity @s[tag=aj.heiloang_aj.bone.horne_right] run data modify entity @s {} merge value {transformation:[-0.19413003796020106f,-0.7060363514632435f,-0.32222072989496175f,-1.0874326541259385f,-0.7594156723077116f,0.10433491999111227f,0.22891496483164864f,0.7300277547974366f,-0.16000426561500672f,0.3614234287963626f,-0.6955370156232397f,2.4035369080468403f,0f,0f,0f,1f],start_interpolation:0}
execute if entity @s[tag=aj.heiloang_aj.bone.horne_left] run data modify entity @s {} merge value {transformation:[-0.7202692176357759f,0.13185619193767567f,-0.32222072989496175f,-0.5602075460877172f,0.03775045714678138f,0.7656192538470636f,0.22891496483164864f,1.1461261042899267f,0.3461028129206064f,0.19089552846088553f,-0.6955370156232397f,2.296236047827961f,0f,0f,0f,1f],start_interpolation:0}
execute if entity @s[tag=aj.heiloang_aj.bone.head_upper] run data modify entity @s {} merge value {transformation:[-0.9083346949267064f,-0.5703720304274479f,-0.4719808696318927f,-0.6692002808134561f,-0.716878922462788f,0.8641843858222307f,0.3353089176112782f,0.7000116250362449f,0.18486428784651648f,0.5486558179834834f,-1.0188052320595309f,2.1905080130277192f,0f,0f,0f,1f],start_interpolation:0}
execute if entity @s[tag=aj.heiloang_aj.bone.neck_0] run data modify entity @s {} merge value {transformation:[-0.9207787032782577f,-0.27755198164916234f,-0.27410121683756344f,-0.7674635543821926f,-0.3827891633679482f,0.5076271571019937f,0.7718724802586334f,0.9971692894975752f,-0.07509351501478813f,0.8156467169401043f,-0.5736561663118009f,1.891339314550841f,0f,0f,0f,1f],start_interpolation:0}
execute if entity @s[tag=aj.heiloang_aj.bone.neck_1] run data modify entity @s {} merge value {transformation:[-0.9380831632367141f,-0.3268577080393681f,-0.1147345525421666f,-0.8133494846859f,-0.299346765826719f,0.5981981542315878f,0.7433373945006434f,1.2754829940286403f,-0.17433155950912466f,0.7316577116173739f,-0.6590034145510505f,1.6603571056917588f,0f,0f,0f,1f],start_interpolation:0}
execute if entity @s[tag=aj.heiloang_aj.bone.neck_2] run data modify entity @s {} merge value {transformation:[-0.8958663938015243f,-0.44126949219485145f,0.05200615074344328f,-0.7772473571961844f,-0.3012255931772174f,0.6892129788887373f,0.6589754257529992f,1.5224312701000688f,-0.3266290655653373f,0.574688354666606f,-0.7503644104956627f,1.3335955435455633f,0f,0f,0f,1f],start_interpolation:0}
execute if entity @s[tag=aj.heiloang_aj.bone.neck_3] run data modify entity @s {} merge value {transformation:[-0.7628985718230368f,-0.20173954067515368f,0.6142368654180148f,-0.454494404190487f,0.07403568934067402f,0.9165582813935572f,0.3929880831688665f,1.7036069986581606f,-0.6422651211253977f,0.34528549714267875f,-0.6843050779065658f,0.971106145808734f,0f,0f,0f,1f],start_interpolation:0}
execute if entity @s[tag=aj.heiloang_aj.bone.wing_right_2] run data modify entity @s {} merge value {transformation:[0.5832147530963855f,-2.277658548965674f,0.07555191867389675f,-3.504732942207775f,-2.2725175913497453f,-0.5754210890114714f,0.1952700019148133f,-0.7367805024577292f,-0.17058826189887852f,-0.12140062176709816f,-2.343018894558447f,0.12842373871206353f,0f,0f,0f,1f],start_interpolation:0}
execute if entity @s[tag=aj.heiloang_aj.bone.wing_right_1] run data modify entity @s {} merge value {transformation:[-1.3803455164133744f,-3.0447208394192593f,0.10742456992499227f,-2.6026302424253256f,-3.0320838926860465f,1.3844124911997653f,0.27764742898844125f,1.2441552649361571f,-0.29720749642518507f,0.017199916166506974f,-3.3314547332738194f,0.3736963690360794f,0f,0f,0f,1f],start_interpolation:0}
execute if entity @s[tag=aj.heiloang_aj.bone.wing_right_0] run data modify entity @s {} merge value {transformation:[-2.1089058072095117f,-0.6898061073842672f,0.07130098550061824f,-0.6405103015285346f,-0.6821493857683405f,2.1045455437725518f,0.18428312370634986f,1.880117452795904f,-0.12485396194703079f,0.15315217400500292f,-2.2111887978604785f,0.47210130700646624f,0f,0f,0f,1f],start_interpolation:0}
execute if entity @s[tag=aj.heiloang_aj.bone.wing_left_2] run data modify entity @s {} merge value {transformation:[0.6695517223510582f,1.6548656682974279f,1.5318929849399545f,2.2813771142209527f,2.24997457864044f,-0.3830281489874305f,-0.5696313183771095f,-0.18205196980269722f,-0.1512973657718882f,1.6273552357413474f,-1.6918628934215436f,3.345219588661604f,0f,0f,0f,1f],start_interpolation:0}
execute if entity @s[tag=aj.heiloang_aj.bone.wing_left_1] run data modify entity @s {} merge value {transformation:[-1.2391773002970707f,2.2152534554131473f,2.1781438243625164f,1.4369266202186592f,2.4271643259833637f,2.1540872571793024f,-0.8099383902689603f,1.419378840729427f,-1.9392090464934886f,1.2805385545300307f,-2.40559931353082f,2.1121838304862957f,0f,0f,0f,1f],start_interpolation:0}
execute if entity @s[tag=aj.heiloang_aj.bone.wing_left_0] run data modify entity @s {} merge value {transformation:[-1.5475985228025595f,0.6657984809505555f,1.4457009355268695f,0.009053608482729403f,0.4077123082023319f,2.114988738796932f,-0.5375809785534532f,1.7942934359813913f,-1.5385413500974423f,-0.10924750581177822f,-1.5966701276451074f,0.6683473413739166f,0f,0f,0f,1f],start_interpolation:0}
execute if entity @s[tag=aj.heiloang_aj.bone.kazari_right] run data modify entity @s {} merge value {transformation:[-2.5015884310319922f,0.471886745283153f,-0.6528770251044339f,-1.7010477575739336f,0.3089829845673646f,-1.4049895620989994f,-2.19940992863926f,2.4940973659821957f,-0.7439455796837475f,-2.170298923783353f,1.2818805499928911f,-3.3893787887613205f,0f,0f,0f,1f],start_interpolation:0}
execute if entity @s[tag=aj.heiloang_aj.bone.kazari_left] run data modify entity @s {} merge value {transformation:[-2.5015884310319922f,0.471886745283153f,-0.6528770251044339f,3.1287933561187646f,0.3089829845673646f,-1.4049895620989994f,-2.19940992863926f,1.8975409125773914f,-0.7439455796837475f,-2.170298923783353f,1.2818805499928911f,-1.9530358226147206f,0f,0f,0f,1f],start_interpolation:0}
execute if entity @s[tag=aj.heiloang_aj.bone.ring] run data modify entity @s {} merge value {transformation:[-2.092128081237665f,-0.689309533169121f,-0.027906002275532766f,-0.2153442772568842f,0.27642366340694857f,-0.9192470670774827f,1.9828013197903005f,3.5547457430201694f,-0.6320730462450647f,1.8795647057059894f,0.9595032397333894f,0.9890880184249826f,0f,0f,0f,1f],start_interpolation:0}
execute if entity @s[tag=aj.heiloang_aj.bone.body_0] run data modify entity @s {} merge value {transformation:[-1.0717953697221843f,0.1671218176151527f,0.31141188072513726f,-0.14431087108597535f,0.14161159882044286f,1.1141719844114077f,-0.11054103387402052f,1.7159914388528f,-0.3238104637890466f,-0.06590495556046617f,-1.0790994839730808f,-0.05016873919456821f,0f,0f,0f,1f],start_interpolation:0}
execute if entity @s[tag=aj.heiloang_aj.bone.leg_right_3] run data modify entity @s {} merge value {transformation:[-0.8318134424569887f,-0.3627046921570083f,0.4201567603111293f,-0.712857948936074f,0.1885873938231607f,0.5272530156487896f,0.8285161750866701f,0.13161866833149527f,-0.5220356231511811f,0.7684071601543985f,-0.37017461337132623f,-0.48531113747080035f,0f,0f,0f,1f],start_interpolation:0}
execute if entity @s[tag=aj.heiloang_aj.bone.leg_right_2] run data modify entity @s {} merge value {transformation:[-0.8318134424569887f,0.372385625743505f,0.4116009507854326f,-0.5057971337399563f,0.1885873938231607f,0.8870444114179281f,-0.42141073439485344f,0.690986324208864f,-0.5220356231511811f,-0.2729123630615511f,-0.8080827001299546f,-0.613168850843782f,0f,0f,0f,1f],start_interpolation:0}
execute if entity @s[tag=aj.heiloang_aj.bone.leg_right_1] run data modify entity @s {} merge value {transformation:[-0.8447257981463108f,0.112812171375269f,0.5231746744020347f,-0.8664951335343511f,0.05879882310975634f,0.99117689014702f,-0.11879002836681929f,0.8492181105233694f,-0.5319596078152792f,-0.06958294638831475f,-0.8439059125429418f,-0.022908342401233406f,0f,0f,0f,1f],start_interpolation:0}
execute if entity @s[tag=aj.heiloang_aj.bone.leg_right_0] run data modify entity @s {} merge value {transformation:[-0.6947633950680735f,0.7058059573119121f,0.13835380550060525f,-0.3164704357675226f,0.1381428461849878f,0.3197299148846506f,-0.9373843051682511f,1.014612315507577f,-0.705847277335115f,-0.6321477138698435f,-0.31963868496747355f,-0.48078837615718806f,0f,0f,0f,1f],start_interpolation:0}
execute if entity @s[tag=aj.heiloang_aj.bone.leg_left_3] run data modify entity @s {} merge value {transformation:[-0.8986692902446567f,-0.407584552329632f,0.16207510442205048f,0.6490105325287765f,-0.05930718006772574f,0.479022972165119f,0.875796580565664f,-0.04953846485547542f,-0.4345988554559014f,0.7774392740531888f,-0.45465592484435036f,-0.30887946717887105f,0f,0f,0f,1f],start_interpolation:0}
execute if entity @s[tag=aj.heiloang_aj.bone.leg_left_2] run data modify entity @s {} merge value {transformation:[-0.8986692902446567f,-0.030615786843138648f,0.4375570595558259f,0.609747641165254f,-0.05930718006772574f,0.996881582261744f,-0.05205544486156932f,0.5592051829513511f,-0.4345988554559014f,-0.07273090500809828f,-0.8976825999723531f,-0.3107628463242101f,0f,0f,0f,1f],start_interpolation:0}
execute if entity @s[tag=aj.heiloang_aj.bone.leg_left_1] run data modify entity @s {} merge value {transformation:[-0.920429273050652f,-0.05637330211540581f,0.3868229622450734f,0.33256215312190696f,0.06026617209602155f,0.9572526397077026f,0.2829052355003843f,0.4314424640512158f,-0.3862356040195427f,0.28370659946719673f,-0.8776859481650704f,0.32985615586057454f,0f,0f,0f,1f],start_interpolation:0}
execute if entity @s[tag=aj.heiloang_aj.bone.leg_left_0] run data modify entity @s {} merge value {transformation:[-0.9513208920622548f,-0.005887720970306931f,0.30814589899534833f,0.3146964562328594f,-0.16596873885146132f,0.8522543741782999f,-0.4961016623818245f,1.014612315507577f,-0.25969778214288064f,-0.5230944622491527f,-0.8117445691314102f,-0.11638400115718806f,0f,0f,0f,1f],start_interpolation:0}
execute if entity @s[tag=aj.heiloang_aj.bone.tail_4] run data modify entity @s {} merge value {transformation:[-0.5104844773205608f,1.3198974049579197f,0.694356394431402f,1.0920257827837085f,-1.2694906141584132f,0.0006098523194033648f,-0.934477165227442f,-1.7071529671150731f,-0.782721880789161f,-0.8618148479535334f,1.0627680785892946f,-1.9953163405071024f,0f,0f,0f,1f],start_interpolation:0}
execute if entity @s[tag=aj.heiloang_aj.bone.tail_3] run data modify entity @s {} merge value {transformation:[-0.18927757078440244f,0.8442587735070421f,0.5013991668863645f,0.3999608941015879f,-0.15540014322341955f,0.47843865661346147f,-0.864261099057482f,-0.56471082416019f,-0.9695487593123393f,-0.2415027436993023f,0.040640227627473866f,-2.0433214678796965f,0f,0f,0f,1f],start_interpolation:0}
execute if entity @s[tag=aj.heiloang_aj.bone.tail_2] run data modify entity @s {} merge value {transformation:[-0.014321124881139735f,0.8417313396868279f,0.5397066399176099f,-0.007250973377822212f,-0.037717372745059596f,0.5389230868429652f,-0.8415101343779883f,0.10403773585439569f,-0.99918582114407f,-0.032407688233927937f,0.024029909862158916f,-2.062728975765801f,0f,0f,0f,1f],start_interpolation:0}
execute if entity @s[tag=aj.heiloang_aj.bone.tail_1] run data modify entity @s {} merge value {transformation:[-0.6770129505394779f,0.6223451301861038f,0.39286130343350445f,-0.30375580331243857f,0.26848164888058534f,0.7058574256396318f,-0.6555020205031816f,0.6282241916333589f,-0.6852525585623105f,-0.338307306458245f,-0.6449628651176551f,-1.5644133555394861f,0f,0f,0f,1f],start_interpolation:0}
execute if entity @s[tag=aj.heiloang_aj.bone.tail_ring] run data modify entity @s {} merge value {transformation:[-0.8875949919570101f,0.357644400650339f,-0.29028539910972956f,-0.33437965121882984f,0.4308737592768507f,0.867460312740449f,-0.24871752931162056f,0.619385898889454f,0.16285863139382437f,-0.3458367946065054f,-0.924053016702412f,-1.7079328326219687f,0f,0f,0f,1f],start_interpolation:0}
execute if entity @s[tag=aj.heiloang_aj.bone.tail_0] run data modify entity @s {} merge value {transformation:[-0.8875949919570101f,0.357644400650339f,-0.29028539910972956f,0.06303860050935614f,0.4308737592768507f,0.867460312740449f,-0.24871752931162056f,0.9472180654930954f,0.16285863139382437f,-0.3458367946065054f,-0.924053016702412f,-0.4093085589202421f,0f,0f,0f,1f],start_interpolation:0}
execute if entity @s[tag=aj.heiloang_aj.bone.body_1] run data modify entity @s {} merge value {transformation:[-0.8660254037844386f,0.41694501702710396f,0.2759653108205232f,-0.0018960387843347866f,0f,0.5519306216410464f,-0.8338900340542079f,1.2793891735253773f,-0.5f,-0.7221699534536147f,-0.4779859394676835f,-0.290739714492411f,0f,0f,0f,1f],start_interpolation:0}