execute if entity @s[tag=aj.heiloang_aj.bone.head_lower] run data modify entity @s {} merge value {transformation:[-0.39558365809786067f,-0.4355491978077077f,-0.5420428633742693f,-0.2977212398561771f,-0.6952511593493935f,0.25833571564478836f,0.29981408146652944f,-0.00021870940867151079f,0.01180656043217572f,0.619321850342257f,-0.5062618401770017f,1.9905077360584902f,0f,0f,0f,1f],start_interpolation:0}
execute if entity @s[tag=aj.heiloang_aj.bone.horne_right] run data modify entity @s {} merge value {transformation:[0.047446271963331454f,-0.6373164002067666f,-0.4812241237763022f,-0.8829509069657504f,-0.7118297979470095f,-0.2522759799293795f,0.2639226566731066f,-0.055875868108873156f,-0.3620044060940429f,0.41253440581139356f,-0.5820379489263044f,2.148132249623127f,0f,0f,0f,1f],start_interpolation:0}
execute if entity @s[tag=aj.heiloang_aj.bone.horne_left] run data modify entity @s {} merge value {transformation:[-0.6307560038193263f,-0.10281150879937462f,-0.4812241237763022f,-0.5466256808509492f,-0.31335604841153486f,0.6871337702503908f,0.2639226566731066f,0.5352266675699812f,0.37941382495868753f,0.39658161258419267f,-0.5820379489263044f,2.138094311943691f,0f,0f,0f,1f],start_interpolation:0}
execute if entity @s[tag=aj.heiloang_aj.bone.head_upper] run data modify entity @s {} merge value {transformation:[-0.5794410527902939f,-0.7352191663756994f,-0.7048850659044331f,-0.5158286427269586f,-1.018386516936008f,0.431973687522625f,0.3865873094283498f,0.12183947899474551f,0.017293954557040192f,0.803749726645009f,-0.8525546366385277f,1.913954764049635f,0f,0f,0f,1f],start_interpolation:0}
execute if entity @s[tag=aj.heiloang_aj.bone.neck_0] run data modify entity @s {} merge value {transformation:[-0.7413599937523754f,-0.3037497862383783f,-0.5984324749072504f,-0.7512983064665415f,-0.657561997675451f,0.15052063346178426f,0.7382111880182612f,0.42834618770582966f,-0.13415505535218353f,0.9407866954110278f,-0.31132429211523144f,1.7188447089464383f,0f,0f,0f,1f],start_interpolation:0}
execute if entity @s[tag=aj.heiloang_aj.bone.neck_1] run data modify entity @s {} merge value {transformation:[-0.9760349955628987f,-0.144057348074416f,-0.1631047758414765f,-0.8125263302257604f,-0.20401724184531986f,0.3449741073480563f,0.9161712887278444f,0.7664727958392802f,-0.07571428178593524f,0.9274914262273143f,-0.3660969841564688f,1.5970319693919448f,0f,0f,0f,1f],start_interpolation:0}
execute if entity @s[tag=aj.heiloang_aj.bone.neck_2] run data modify entity @s {} merge value {transformation:[-0.9494717101405377f,-0.308826530376867f,0.05594323710859439f,-0.7792498564788101f,-0.1390062203102622f,0.5736000646302739f,0.8072547532044638f,1.0780610165704854f,-0.2813907289834852f,0.7586890931017337f,-0.58754584302045f,1.3308264282086584f,0f,0f,0f,1f],start_interpolation:0}
execute if entity @s[tag=aj.heiloang_aj.bone.neck_3] run data modify entity @s {} merge value {transformation:[-0.794294960389405f,-0.05878474760632252f,0.6046816264356427f,-0.4649035686541433f,0.2832445043558753f,0.844685205590149f,0.4541799799741524f,1.2926440480972368f,-0.5374644794330019f,0.5320256167760985f,-0.654278745216306f,0.9793535122169656f,0f,0f,0f,1f],start_interpolation:0}
execute if entity @s[tag=aj.heiloang_aj.bone.wing_right_2] run data modify entity @s {} merge value {transformation:[-1.6577601306736305f,-1.6688974225201176f,-0.013738579826995353f,-4.613729620828977f,-1.6456444445440348f,1.6313264966051928f,0.4052212111133704f,0.3497943443539242f,-0.27795992087225274f,0.29518004827654015f,-2.3171497637850593f,0.28108478708937695f,0f,0f,0f,1f],start_interpolation:0}
execute if entity @s[tag=aj.heiloang_aj.bone.wing_right_1] run data modify entity @s {} merge value {transformation:[-2.8957719444619854f,-1.6737210119895314f,-0.019534395091478488f,-2.7175183487771166f,-1.6516415744689688f,2.850846811394541f,0.5761695413220288f,1.4223878668578989f,-0.27166841563294747f,0.508477339599624f,-3.294672341821136f,0.5090769051707502f,0f,0f,0f,1f],start_interpolation:0}
execute if entity @s[tag=aj.heiloang_aj.bone.wing_right_0] run data modify entity @s {} merge value {transformation:[-2.2187309973271283f,-0.07392330682234119f,-0.012965577820356872f,-0.6539226140023232f,-0.07505171947319715f,2.185525360232174f,0.38242141570019217f,1.4952609401063606f,0.000030064634330720927f,0.38264114322753223f,-2.1867751952602816f,0.49151964787512376f,0f,0f,0f,1f],start_interpolation:0}
execute if entity @s[tag=aj.heiloang_aj.bone.wing_left_2] run data modify entity @s {} merge value {transformation:[-1.2545065571696696f,1.589917897845756f,1.1966412923048586f,3.4394846757796733f,1.9468464767521505f,1.2733731332282352f,0.3491212767094694f,-0.15522322439342218f,-0.411798616191272f,1.1765449196708322f,-1.9949285596283177f,2.436466361325746f,0f,0f,0f,1f],start_interpolation:0}
execute if entity @s[tag=aj.heiloang_aj.bone.wing_left_1] run data modify entity @s {} merge value {transformation:[-2.529386569748527f,1.376390689133962f,1.7014614378648476f,1.7575632813424515f,1.8323976932272719f,2.753746806966488f,0.49640305184117983f,1.0369281720426549f,-1.196553821410114f,1.3075343081109587f,-2.836517540661726f,1.6962164510987257f,0f,0f,0f,1f],start_interpolation:0}
execute if entity @s[tag=aj.heiloang_aj.bone.wing_left_0] run data modify entity @s {} merge value {transformation:[-1.9024989696138723f,0.18317103301593823f,1.1293121992088933f,-0.0029480952211728972f,0.4033508358714129f,2.1580436476964753f,0.3294779474239831f,1.4147364332914343f,-1.0706100008032733f,0.48754075450239304f,-1.882683786215638f,0.6853224361835288f,0f,0f,0f,1f],start_interpolation:0}
execute if entity @s[tag=aj.heiloang_aj.bone.kazari_right] run data modify entity @s {} merge value {transformation:[-2.5011764132768817f,0.5366271516437708f,-0.6025097827772882f,-1.71435233684048f,0.30998670935618156f,-1.1727876911539095f,-2.33138316457348f,2.4095669657210363f,-0.7449127319667505f,-2.2898625548606235f,1.0528554934829644f,-3.313689731223543f,0f,0f,0f,1f],start_interpolation:0}
execute if entity @s[tag=aj.heiloang_aj.bone.kazari_left] run data modify entity @s {} merge value {transformation:[-2.5011764132768817f,0.5366271516437708f,-0.6025097827772882f,3.114693290165232f,0.30998670935618156f,-1.1727876911539095f,-2.33138316457348f,1.8110726111044566f,-0.7449127319667505f,-2.2898625548606235f,1.0528554934829644f,-1.8754794747578387f,0f,0f,0f,1f],start_interpolation:0}
execute if entity @s[tag=aj.heiloang_aj.bone.ring] run data modify entity @s {} merge value {transformation:[-2.096671397412771f,-0.6713235029454374f,-0.07886755637316287f,-0.26814315618161566f,0.25935489847704024f,-1.0363487375764135f,1.9265623832473644f,3.1438536545906604f,-0.624203791794932f,1.8243443573790747f,1.0653936257515286f,1.08761679332138f,0f,0f,0f,1f],start_interpolation:0}
execute if entity @s[tag=aj.heiloang_aj.bone.body_0] run data modify entity @s {} merge value {transformation:[-1.0741229065892302f,0.13696851957756784f,0.31804399400508565f,-0.15163299264230543f,0.13286728560997746f,1.1202067415539692f,-0.03369742615317726f,1.377894393445068f,-0.31977905167883375f,0.00537184879176414f,-1.082296113494647f,-0.037486452639809265f,0f,0f,0f,1f],start_interpolation:0}
execute if entity @s[tag=aj.heiloang_aj.bone.leg_right_3] run data modify entity @s {} merge value {transformation:[-0.8466630681243731f,-0.3257536996429867f,0.42076855424702264f,-0.7041633307095735f,0.20239759159462506f,0.5341575936850019f,0.8207989278899817f,-0.22271794888637175f,-0.4921350058580658f,0.7801026805988777f,-0.38631974287049675f,-0.5441957633573975f,0f,0f,0f,1f],start_interpolation:0}
execute if entity @s[tag=aj.heiloang_aj.bone.leg_right_2] run data modify entity @s {} merge value {transformation:[-0.8466630681243731f,0.3489952967866734f,0.40170129685501965f,-0.5108611071878086f,0.20239759159462506f,0.9093604323198068f,-0.3634540122874267f,0.3474877089584697f,-0.4921350058580658f,-0.22641971414149292f,-0.8405577012062682f,-0.6422452847415614f,0f,0f,0f,1f],start_interpolation:0}
execute if entity @s[tag=aj.heiloang_aj.bone.leg_right_1] run data modify entity @s {} merge value {transformation:[-0.8594771917676218f,0.10797940020685876f,0.4996392758402899f,-0.8553146613278682f,0.07295465962522626f,0.9933401710536862f,-0.08917915793502618f,0.48498761668964263f,-0.5059412757131106f,-0.040196438921874744f,-0.861630821075819f,-0.03727145266531989f,0f,0f,0f,1f],start_interpolation:0}
execute if entity @s[tag=aj.heiloang_aj.bone.leg_right_0] run data modify entity @s {} merge value {transformation:[-0.7034513940642109f,0.695448523236202f,0.14665431366892678f,-0.31198329556314125f,0.17437631302247636f,0.3689061003158788f,-0.9129628637608532f,0.6866455245466453f,-0.6890203463220848f,-0.6166519607349973f,-0.3807772599248514f,-0.4885603309718615f,0f,0f,0f,1f],start_interpolation:0}
execute if entity @s[tag=aj.heiloang_aj.bone.leg_left_3] run data modify entity @s {} merge value {transformation:[-0.8962490609750606f,-0.41082188501480965f,0.16722140860009657f,0.6691814980808345f,-0.06755967639813928f,0.4990463919962267f,0.8639377227326788f,-0.3795486253649084f,-0.43837576441484616f,0.7630059484882322f,-0.47502485381848436f,-0.3263169490990291f,0f,0f,0f,1f],start_interpolation:0}
execute if entity @s[tag=aj.heiloang_aj.bone.leg_left_2] run data modify entity @s {} merge value {transformation:[-0.8962490609750606f,-0.04753716156998322f,0.44099641605254714f,0.6194650307638012f,-0.06755967639813928f,0.9972700163861346f,-0.029802760646920334f,0.22838143599755267f,-0.43837576441484616f,-0.05650427140551614f,-0.8970139109772106f,-0.3183630903034961f,0f,0f,0f,1f],start_interpolation:0}
execute if entity @s[tag=aj.heiloang_aj.bone.leg_left_1] run data modify entity @s {} merge value {transformation:[-0.9189359413870398f,-0.06330941625851547f,0.38929250370398955f,0.3400162518387172f,0.05221108489895912f,0.9588195928030957f,0.27917555600478255f,0.10336812126405337f,-0.3909357213670662f,0.27686983633092255f,-0.8777883318256741f,0.32181490383519273f,0f,0f,0f,1f],start_interpolation:0}
execute if entity @s[tag=aj.heiloang_aj.bone.leg_left_0] run data modify entity @s {} merge value {transformation:[-0.9484348206713825f,-0.010888895550920541f,0.31678513679104864f,0.31918359643724076f,-0.1743763130224763f,0.8525094011263192f,-0.4927683253293903f,0.6866455245466453f,-0.2646966044261423f,-0.5225984624402618f,-0.8104483664369647f,-0.12415595597186152f,0f,0f,0f,1f],start_interpolation:0}
execute if entity @s[tag=aj.heiloang_aj.bone.tail_4] run data modify entity @s {} merge value {transformation:[-0.4885123941982161f,1.2427873435390058f,0.8376691609111928f,1.25769851138531f,-1.2179844830485806f,0.18419748599474942f,-0.9835849983065875f,-1.9184882897186428f,-0.8733405999123608f,-0.9520531857938138f,0.9031751168252157f,-2.213064192150723f,0f,0f,0f,1f],start_interpolation:0}
execute if entity @s[tag=aj.heiloang_aj.bone.tail_3] run data modify entity @s {} merge value {transformation:[-0.23221369390371996f,0.7917845663019203f,0.5649371654703462f,0.4820961012434969f,-0.1008022944832749f,0.5580961675446258f,-0.8236307213787669f,-0.8324203940986836f,-0.9674273604723491f,-0.24820529474223763f,-0.04978387159936857f,-2.1400588506622826f,0f,0f,0f,1f],start_interpolation:0}
execute if entity @s[tag=aj.heiloang_aj.bone.tail_2] run data modify entity @s {} merge value {transformation:[-0.058490928499936146f,0.8025855425249643f,0.5936625794280148f,0.0319215394132924f,0.017703024767479647f,0.5954210988564417f,-0.8032187236056374f,-0.19262179003936242f,-0.9981309604442181f,-0.03647138558508739f,-0.04903492465790599f,-2.1023308368697817f,0f,0f,0f,1f],start_interpolation:0}
execute if entity @s[tag=aj.heiloang_aj.bone.tail_1] run data modify entity @s {} merge value {transformation:[-0.7003255032961172f,0.5853967617939029f,0.40847866616783335f,-0.2774120467552965f,0.2653144586379196f,0.7447116841569453f,-0.612382842279071f,0.29852384765417955f,-0.6626857682723445f,-0.3204920260495391f,-0.6768548099614524f,-1.578791242377744f,0f,0f,0f,1f],start_interpolation:0}
execute if entity @s[tag=aj.heiloang_aj.bone.tail_ring] run data modify entity @s {} merge value {transformation:[-0.9030649536502537f,0.33083003295155267f,-0.2739072448584363f,-0.30651387867379787f,0.39961205985899306f,0.8809356336268435f,-0.2535007120734065f,0.28941611275082696f,0.1574290033758624f,-0.3383842471270586f,-0.927745768081071f,-1.7226102547689002f,0f,0f,0f,1f],start_interpolation:0}
execute if entity @s[tag=aj.heiloang_aj.bone.tail_0] run data modify entity @s {} merge value {transformation:[-0.9030649536502537f,0.33083003295155267f,-0.2739072448584363f,0.06863163353687027f,0.39961205985899306f,0.8809356336268435f,-0.2535007120734065f,0.623625415634828f,0.1574290033758624f,-0.3383842471270586f,-0.927745768081071f,-0.41899597629230734f,0f,0f,0f,1f],start_interpolation:0}
execute if entity @s[tag=aj.heiloang_aj.bone.body_1] run data modify entity @s {} merge value {transformation:[-0.8660254037844386f,0.4073473591314795f,0.2899450448078212f,-0.0018960387843347866f,0f,0.5798900896156424f,-0.814694718262959f,0.9510225781249999f,-0.5f,-0.7055463223447286f,-0.502199549009981f,-0.290739714492411f,0f,0f,0f,1f],start_interpolation:0}