execute if entity @s[tag=aj.red_knight.bone.head] run data modify entity @s {} merge value {transformation:[-0.9762960071199334f,0f,0.21643961393810318f,0f,0f,1f,0f,1.625f,-0.21643961393810318f,0f,-0.9762960071199334f,0f,0f,0f,0f,1f],start_interpolation:0}
execute if entity @s[tag=aj.red_knight.bone.body] run data modify entity @s {} merge value {transformation:[-0.67559020761566f,0f,0.7372773368101242f,-0.051955758585221445f,0f,1f,0f,0.625f,-0.7372773368101242f,0f,-0.67559020761566f,0.6833938554375758f,0f,0f,0f,1f],start_interpolation:0}
execute if entity @s[tag=aj.red_knight.bone.left_hand] run data modify entity @s {} merge value {transformation:[-0.6525700295239596f,-0.01113481407946143f,0.7576466013139069f,0.37623440395327223f,-0.25881904510252074f,0.9430295273800398f,-0.20906461293484901f,1.283979463012645f,-0.7121552207625229f,-0.3325226705125452f,-0.6182747084717986f,0.3104718180383731f,0f,0f,0f,1f],start_interpolation:0}
execute if entity @s[tag=aj.red_knight.bone.left_arm] run data modify entity @s {} merge value {transformation:[-0.6525700295239596f,-0.3302868583684533f,0.6819552388215782f,0.23223413386788314f,-0.25881904510252074f,0.9430295273800398f,0.20906461293484896f,1.5625f,-0.7121552207625229f,-0.04007370307915273f,-0.7008773358171928f,0.2534390845284802f,0f,0f,0f,1f],start_interpolation:0}
execute if entity @s[tag=aj.red_knight.bone.weapon] run data modify entity @s {} merge value {transformation:[-0.6516053210995032f,-0.15819413711812558f,-1.5258318709065033f,-0.4071450842541026f,-0.8396250190505582f,1.4241933928869897f,0.2109046818332197f,1.0062905640670496f,1.2838294710267943f,0.8511319359630878f,-0.6365014490828466f,-0.4870380417481957f,0f,0f,0f,1f],start_interpolation:0}
execute if entity @s[tag=aj.red_knight.bone.right_hand] run data modify entity @s {} merge value {transformation:[-0.21320341095346873f,0.25853717952260435f,0.9421798301610489f,-0.32635221565328876f,0.3394443501856599f,0.9238795325112867f,-0.17670354420260306f,1.2950029179768268f,-0.9161450969605422f,0.28214382185549064f,-0.2847332525433861f,-0.3988680974183549f,0f,0f,0f,1f],start_interpolation:0}
execute if entity @s[tag=aj.red_knight.bone.right_arm] run data modify entity @s {} merge value {transformation:[-0.21320341095346873f,0.25853717952260435f,0.9421798301610489f,-0.23223413386788314f,0.3394443501856599f,0.9238795325112867f,-0.17670354420260306f,1.5625f,-0.9161450969605422f,0.28214382185549064f,-0.2847332525433861f,-0.2534390845284802f,0f,0f,0f,1f],start_interpolation:0}