execute if entity @s[tag=aj.red_knight.bone.head] run data modify entity @s {} merge value {transformation:[-0.9767527188112564f,-0.0009090303806021079f,0.21436720821661615f,0f,0f,0.9999910090778101f,0.004240490955417626f,1.6264266053506093f,-0.21436913559283405f,0.004141911069798708f,-0.9767439369035629f,0f,0f,0f,0f,1f],start_interpolation:0}
execute if entity @s[tag=aj.red_knight.bone.body] run data modify entity @s {} merge value {transformation:[-0.6771519015220794f,0f,0.7358432593052899f,-0.05050667581417023f,0f,1f,0f,0.6264266053506093f,-0.7358432593052899f,0f,-0.6771519015220794f,0.6835024785603944f,0f,0f,0f,1f],start_interpolation:0}
execute if entity @s[tag=aj.red_knight.bone.left_hand] run data modify entity @s {} merge value {transformation:[-0.6533294415989712f,-0.022569635802904497f,0.7567372412401154f,0.377690747539968f,-0.26291271781060815f,0.9441103821085871f,-0.19882778781703847f,1.2859994175709333f,-0.7099560152244757f,-0.328855892351805f,-0.6227489530397318f,0.31054156512140835f,0f,0f,0f,1f],start_interpolation:0}
execute if entity @s[tag=aj.red_knight.bone.left_arm] run data modify entity @s {} merge value {transformation:[-0.6533294415989712f,-0.3330774121338161f,0.679867691735838f,0.2327709661482148f,-0.26291271781060815f,0.9419495444570847f,0.20882518648508433f,1.5639266053506093f,-0.7099560152244757f,-0.042314220107792705f,-0.702973657559978f,0.2529461203861934f,0f,0f,0f,1f],start_interpolation:0}
execute if entity @s[tag=aj.red_knight.bone.weapon] run data modify entity @s {} merge value {transformation:[-0.3577613172355322f,-0.5312394161366308f,1.5386907747856575f,-0.40897493702794396f,0.568635189206531f,1.4353808375014254f,0.6277847168476921f,1.0083341304233149f,-1.5252667436431333f,0.6597304842542111f,-0.12686538795019867f,-0.48704099954927776f,0f,0f,0f,1f],start_interpolation:0}
execute if entity @s[tag=aj.red_knight.bone.right_hand] run data modify entity @s {} merge value {transformation:[-0.2146567903413193f,0.26046067437343484f,0.9413196584929577f,-0.3275809762862456f,0.3411811135239186f,0.9230660712360632f,-0.1776076459711068f,1.2967922776845846f,-0.91516004618588f,0.28303580204234696f,-0.28700666303642414f,-0.39859231141104434f,0f,0f,0f,1f],start_interpolation:0}
execute if entity @s[tag=aj.red_knight.bone.right_arm] run data modify entity @s {} merge value {transformation:[-0.2146567903413193f,0.26046067437343484f,0.9413196584929577f,-0.2327709661482148f,0.3411811135239186f,0.9230660712360632f,-0.1776076459711068f,1.5639266053506093f,-0.91516004618588f,0.28303580204234696f,-0.28700666303642414f,-0.2529461203861934f,0f,0f,0f,1f],start_interpolation:0}