execute if entity @s[tag=aj.red_knight.bone.head] run data modify entity @s {} merge value {transformation:[-0.978681921971844f,-0.004646293211406511f,0.20532926621621866f,0f,8.673617379884035e-19f,0.9997440737845795f,0.022622708339481094f,1.6335848128254542f,-0.2053818288103823f,0.022140435677891823f,-0.9784314516114533f,0f,0f,0f,0f,1f],start_interpolation:0}
execute if entity @s[tag=aj.red_knight.bone.body] run data modify entity @s {} merge value {transformation:[-0.683887119631596f,0f,0.7295878340556392f,-0.044221829700508974f,0f,1f,0f,0.6335848128254542f,-0.7295878340556392f,0f,-0.683887119631596f,0.6839378570293788f,0f,0f,0f,1f],start_interpolation:0}
execute if entity @s[tag=aj.red_knight.bone.left_hand] run data modify entity @s {} merge value {transformation:[-0.656410882797397f,-0.07200931603632973f,0.7509589944525079f,0.3840071223707455f,-0.2806046647695388f,0.9473172952451236f,-0.15443757392240398f,1.2957876715731682f,-0.7002754993962852f,-0.3120971011295094f,-0.642035532047752f,0.3107669953357825f,0f,0f,0f,1f],start_interpolation:0}
execute if entity @s[tag=aj.red_knight.bone.left_arm] run data modify entity @s {} merge value {transformation:[-0.656410882797397f,-0.3452647834321507f,0.6707585126308065f,0.23508619737336112f,-0.2806046647695388f,0.9370717849612231f,0.20774381323919588f,1.5710848128254542f,-0.7002754993962852f,-0.05185266773404382f,-0.7119870264226351f,0.250795817956626f,0f,0f,0f,1f],start_interpolation:0}
execute if entity @s[tag=aj.red_knight.bone.weapon] run data modify entity @s {} merge value {transformation:[-0.3681523519406389f,-0.4591233451361305f,1.5593099042491083f,-0.41691867771783325f,0.5811546318865145f,1.4559510540760319f,0.565900697781439f,1.0181959399260514f,-1.518058272061782f,0.6687227077523832f,-0.16151408774127018f,-0.4869781486162356f,0f,0f,0f,1f],start_interpolation:0}
execute if entity @s[tag=aj.red_knight.bone.right_hand] run data modify entity @s {} merge value {transformation:[-0.22089141116438332f,0.2688428274347171f,0.9375129431697005f,-0.33290529414448417f,0.34869277913190866f,0.9194914745522352f,-0.18151797158138921f,1.305537025723625f,-0.9108349632370691f,0.2868082327316685f,-0.2968513220153545f,-0.3973505758875892f,0f,0f,0f,1f],start_interpolation:0}
execute if entity @s[tag=aj.red_knight.bone.right_arm] run data modify entity @s {} merge value {transformation:[-0.22089141116438332f,0.2688428274347171f,0.9375129431697005f,-0.23508619737336112f,0.34869277913190866f,0.9194914745522352f,-0.18151797158138921f,1.5710848128254542f,-0.9108349632370691f,0.2868082327316685f,-0.2968513220153545f,-0.250795817956626f,0f,0f,0f,1f],start_interpolation:0}