execute if entity @s[tag=aj.red_knight.bone.head] run data modify entity @s {} merge value {transformation:[-0.9844373618362747f,-0.014573878306866454f,0.17513047333897114f,0f,3.469446951953614e-18f,0.9965553245215633f,0.08293060453006369f,1.6540733778657983f,-0.17573582623026934f,0.08163998553906332f,-0.9810462945959002f,0f,0f,0f,0f,1f],start_interpolation:0}
execute if entity @s[tag=aj.red_knight.bone.body] run data modify entity @s {} merge value {transformation:[-0.7056059484742818f,0f,0.7086044351242159f,-0.023549429214788364f,0f,1f,0f,0.6540733778657983f,-0.7086044351242159f,0f,-0.7056059484742818f,0.6849613032016171f,0f,0f,0f,1f],start_interpolation:0}
execute if entity @s[tag=aj.red_knight.bone.left_hand] run data modify entity @s {} merge value {transformation:[-0.6640701053295914f,-0.23099224731937082f,0.7110931562642773f,0.404754507470419f,-0.33803231018985747f,0.941081620403641f,-0.0099770239132424f,1.3255673160677697f,-0.6668920845798467f,-0.24699790569315372f,-0.7030270137825022f,0.3106173640518677f,0f,0f,0f,1f],start_interpolation:0}
execute if entity @s[tag=aj.red_knight.bone.left_arm] run data modify entity @s {} merge value {transformation:[-0.6640701053295914f,-0.3862338595177126f,0.640183021463079f,0.24255204478803438f,-0.33803231018985747f,0.9188258597916628f,0.20369878901412186f,1.5915733778657983f,-0.6668920845798467f,-0.08113226941336962f,-0.740724309297719f,0.24358277457394922f,0f,0f,0f,1f],start_interpolation:0}
execute if entity @s[tag=aj.red_knight.bone.weapon] run data modify entity @s {} merge value {transformation:[-0.6226585220533584f,0.42644241238523933f,-1.486008415726896f,-0.44311807183805496f,-0.8599144720042553f,1.2357865302539104f,0.7149521174585198f,1.0478948522876976f,1.2847650538249185f,1.0338067025995898f,-0.2416614075689244f,-0.4859011181193619f,0f,0f,0f,1f],start_interpolation:0}
execute if entity @s[tag=aj.red_knight.bone.right_hand] run data modify entity @s {} merge value {transformation:[-0.24060246041323025f,0.29684539723871f,0.9241175608012718f,-0.3503538852009581f,0.373161654460493f,0.9072018063710108f,-0.19425566184150872f,1.3313954167786384f,-0.8960250195632975f,0.2981068477163304f,-0.32904630625677134f,-0.3927427282080086f,0f,0f,0f,1f],start_interpolation:0}
execute if entity @s[tag=aj.red_knight.bone.right_arm] run data modify entity @s {} merge value {transformation:[-0.24060246041323025f,0.29684539723871f,0.9241175608012718f,-0.24255204478803438f,0.373161654460493f,0.9072018063710108f,-0.19425566184150872f,1.5915733778657983f,-0.8960250195632975f,0.2981068477163304f,-0.32904630625677134f,-0.24358277457394922f,0f,0f,0f,1f],start_interpolation:0}