execute if entity @s[tag=aj.heiloang_aj.bone.head_lower] run data modify entity @s {} merge value {transformation:[-0.7961773146835983f,0.07795063322590695f,0.005038091195544318f,0.35938360555535137f,0.054057448573042635f,0.5125923228437536f,0.6118226073098462f,4.659116621427442f,0.05638684099138158f,0.6092395336329754f,-0.5154102393450166f,0.01331313274014373f,0f,0f,0f,1f],start_interpolation:0}
execute if entity @s[tag=aj.heiloang_aj.bone.horne_right] run data modify entity @s {} merge value {transformation:[-0.6324726782261199f,-0.48690582639300733f,-0.053861187528884455f,0.04833525308095682f,-0.47889830162439667f,0.5960347390914167f,0.23536993541549744f,5.1782494229797f,-0.10312481756952374f,0.21832385582150562f,-0.7626925763244867f,-0.051394105121775835f,0f,0f,0f,1f],start_interpolation:0}
execute if entity @s[tag=aj.heiloang_aj.bone.horne_left] run data modify entity @s {} merge value {transformation:[-0.5415343021709992f,0.5875105087571648f,-0.03964847628934133f,0.7252452060249521f,0.5586089650617628f,0.5295995671232402f,0.2178997995765557f,5.132289780202899f,0.18627029748404722f,0.11981527700078225f,-0.7687312115898707f,-0.09933419733264845f,0f,0f,0f,1f],start_interpolation:0}
execute if entity @s[tag=aj.heiloang_aj.bone.head_upper] run data modify entity @s {} merge value {transformation:[-1.1662206261156678f,0.09858362235315205f,-0.05807609685671995f,0.35836540438566955f,0.07918199923357853f,1.1247311531673185f,0.3191741789247494f,4.845167555869746f,0.08259403501315096f,0.31372474384186766f,-1.126018260456553f,-0.17029898866330206f,0f,0f,0f,1f],start_interpolation:0}
execute if entity @s[tag=aj.heiloang_aj.bone.neck_0] run data modify entity @s {} merge value {transformation:[-0.9945930431999876f,-0.01974153578152379f,-0.10195562850168849f,0.31683730430371054f,-0.0061137996978468424f,0.9911932163204605f,-0.1322823849707725f,4.723248792478735f,0.10366918477272853f,-0.1309438035391054f,-0.9859545732148465f,-0.5836650379050073f,0f,0f,0f,1f],start_interpolation:0}
execute if entity @s[tag=aj.heiloang_aj.bone.neck_1] run data modify entity @s {} merge value {transformation:[-0.9949743739137115f,0.07528193687409783f,-0.0660198851521436f,0.2937219463569793f,0.09621696893449555f,0.9013508614092943f,-0.4222664082374795f,4.580643585978991f,0.027718047263041466f,-0.42649648839962057f,-0.9040644087888408f,-0.9183981447905115f,0f,0f,0f,1f],start_interpolation:0}
execute if entity @s[tag=aj.heiloang_aj.bone.neck_2] run data modify entity @s {} merge value {transformation:[-0.9918762266077009f,-0.07508956051963338f,-0.10267964253656595f,0.2541605320844595f,-0.017887552840418604f,0.8814987846654481f,-0.47184735676563816f,4.357735159693551f,0.12594279075774806f,-0.4661774882320106f,-0.8756808567747977f,-1.2616278945964727f,0f,0f,0f,1f],start_interpolation:0}
execute if entity @s[tag=aj.heiloang_aj.bone.neck_3] run data modify entity @s {} merge value {transformation:[-0.9993554579803404f,0.00805897661998489f,-0.03498173095692301f,0.23586232812167812f,0.03158102295324739f,0.660686238363958f,-0.7499975556131566f,3.953612081543961f,0.017067735471657346f,-0.7506189095222169f,-0.660514909047137f,-1.5852671848606488f,0f,0f,0f,1f],start_interpolation:0}
execute if entity @s[tag=aj.heiloang_aj.bone.wing_right_2] run data modify entity @s {} merge value {transformation:[-1.6164784476254503f,-1.4893824265858966f,-0.8380414202535138f,-3.8774372977922757f,0.819595652187296f,0.3366020166014783f,-2.1791140529252955f,4.906376006513332f,1.4996120837066842f,-1.7894175242569663f,0.28761872088578355f,-2.786250187664047f,0f,0f,0f,1f],start_interpolation:0}
execute if entity @s[tag=aj.heiloang_aj.bone.wing_right_1] run data modify entity @s {} merge value {transformation:[-3.1106194225882273f,-0.302324391896903f,-1.1915811104499132f,-1.82272971918056f,1.2181334228837681f,-0.32134173293263496f,-3.0984043034486843f,4.155981948464584f,0.16557942133717923f,-3.315502710847937f,0.4089547682686017f,-2.900879951346795f,0f,0f,0f,1f],start_interpolation:0}
execute if entity @s[tag=aj.heiloang_aj.bone.wing_right_0] run data modify entity @s {} merge value {transformation:[-1.835712346641867f,0.9659476265559384f,-0.7908889701706288f,-0.12162550890845816f,0.5586144944112678f,-0.6221998257234749f,-2.0565060718372123f,3.619914962840901f,-1.1164721344575743f,-1.8995295627129962f,0.27143583654175246f,-1.8602442074921035f,0f,0f,0f,1f],start_interpolation:0}
execute if entity @s[tag=aj.heiloang_aj.bone.wing_left_2] run data modify entity @s {} merge value {transformation:[-1.931132857561281f,0.68189683383352f,1.1572893332162137f,4.029787509761011f,-1.0337098139810836f,0.5397624134045035f,-2.0429577978695366f,5.623254944599269f,-0.8577563250990352f,-2.1856919388158467f,-0.1434602442108327f,-3.2756638864498244f,0f,0f,0f,1f],start_interpolation:0}
execute if entity @s[tag=aj.heiloang_aj.bone.wing_left_1] run data modify entity @s {} merge value {transformation:[-2.7335555256693698f,-1.0035912570683772f,1.6455082952444722f,2.2150443050661774f,-1.6216478128887062f,-0.34578051454823366f,-2.9048085960372734f,4.6057273343399805f,1.0417059719209312f,-3.1718226932466886f,-0.2039809882552676f,-2.590536801847853f,0f,0f,0f,1f],start_interpolation:0}
execute if entity @s[tag=aj.heiloang_aj.bone.wing_left_0] run data modify entity @s {} merge value {transformation:[-1.7867467815734215f,-0.7369471224435256f,1.0921743804261415f,0.5618993642433593f,-1.0664797408221425f,-0.27165395402514786f,-1.928010656526161f,3.598311639804679f,0.7736645920248353f,-2.076418326827403f,-0.13538844508426512f,-1.8720164321261463f,0f,0f,0f,1f],start_interpolation:0}
execute if entity @s[tag=aj.heiloang_aj.bone.kazari_right] run data modify entity @s {} merge value {transformation:[-2.502220623800125f,-0.8019206055868955f,-0.05182162406475167f,-2.784600076760824f,0.48927095283778127f,-1.3858713288124447f,-2.1787254951556174f,3.162219792981481f,0.637476331399662f,-2.0840235581362867f,1.4687885908443226f,-4.932452314642092f,0f,0f,0f,1f],start_interpolation:0}
execute if entity @s[tag=aj.heiloang_aj.bone.kazari_left] run data modify entity @s {} merge value {transformation:[-2.502220623800125f,-0.8019206055868955f,-0.05182162406475167f,2.0464616176578763f,0.48927095283778127f,-1.3858713288124447f,-2.1787254951556174f,2.217579605795831f,0.637476331399662f,-2.0840235581362867f,1.4687885908443226f,-6.163234067630102f,0f,0f,0f,1f],start_interpolation:0}
execute if entity @s[tag=aj.heiloang_aj.bone.ring] run data modify entity @s {} merge value {transformation:[-2.201510212167625f,0.06789031928979708f,0.040865340478398224f,0.19717491011573465f,0.06958040321443584f,1.1126190121345962f,1.9000431013819614f,4.611191535794264f,0.0379162101772122f,1.9001042403424597f,-1.1140433216991303f,-3.7307187000806024f,0f,0f,0f,1f],start_interpolation:0}
execute if entity @s[tag=aj.heiloang_aj.bone.body_0] run data modify entity @s {} merge value {transformation:[-1.1278317388682468f,-0.008920897699715928f,-0.03960255450512681f,0.19770321409084105f,0.03564597916228779f,0.30917963452296787f,-1.0847993794722965f,2.966130422860485f,0.0194244410128601f,-1.0853482146841857f,-0.3086977808648174f,-1.9887438819408563f,0f,0f,0f,1f],start_interpolation:0}
execute if entity @s[tag=aj.heiloang_aj.bone.leg_right_3] run data modify entity @s {} merge value {transformation:[-0.9439597139575601f,0.3119961289368406f,0.10769621141705647f,-0.7639790524174677f,0.30086315557232923f,0.9475382109520915f,-0.10794767438333414f,1.259060789283902f,-0.13572553202777055f,-0.06949643382315568f,-0.9883060384524839f,-1.9165105978647283f,0f,0f,0f,1f],start_interpolation:0}
execute if entity @s[tag=aj.heiloang_aj.bone.leg_right_2] run data modify entity @s {} merge value {transformation:[-0.9439597139575601f,0.3300606313065618f,0.0001951580765436195f,-0.563250540724337f,0.30086315557232923f,0.8606989859786603f,-0.410705024505869f,1.801900500428093f,-0.13572553202777055f,-0.3876302815787486f,-0.9117682516730657f,-2.1092463317044676f,0f,0f,0f,1f],start_interpolation:0}
execute if entity @s[tag=aj.heiloang_aj.bone.leg_right_1] run data modify entity @s {} merge value {transformation:[-0.9778720864972554f,0.20360280765152683f,0.04808408433067185f,-0.5818950812680643f,0.17670872688777908f,0.9268998881068498f,-0.3311051543984327f,2.1051225084947176f,-0.11198307144923306f,-0.31528161085595374f,-0.9423679204879967f,-1.4679534126614069f,0f,0f,0f,1f],start_interpolation:0}
execute if entity @s[tag=aj.heiloang_aj.bone.leg_right_0] run data modify entity @s {} merge value {transformation:[-0.9000480942518575f,0.41918239561603315f,-0.1191618531208815f,-0.2512112207631083f,0.26748561455292824f,0.3155198116790441f,-0.9104387373378084f,2.2645889257568794f,-0.34404196552287236f,-0.851312731987267f,-0.39610826590155207f,-2.104157139996694f,0f,0f,0f,1f],start_interpolation:0}
execute if entity @s[tag=aj.heiloang_aj.bone.leg_left_3] run data modify entity @s {} merge value {transformation:[-0.9806874568815416f,0.025551190390135176f,-0.19390525672312625f,0.6938895019598319f,-0.058181915850666455f,0.9084319894273223f,0.41396399028546393f,1.0886821976366552f,0.1867270108558493f,0.4172510722032539f,-0.8894012402521568f,-1.8662659343368826f,0f,0f,0f,1f],start_interpolation:0}
execute if entity @s[tag=aj.heiloang_aj.bone.leg_left_2] run data modify entity @s {} merge value {transformation:[-0.9806874568815416f,-0.08002791032594964f,-0.1784590863029288f,0.6536370308797446f,-0.058181915850666455f,0.9905175001008132f,-0.12445861425382249f,1.6969711106359904f,0.1867270108558493f,-0.11167191035751778f,-0.9760442653148177f,-1.888135717015836f,0f,0f,0f,1f],start_interpolation:0}
execute if entity @s[tag=aj.heiloang_aj.bone.leg_left_1] run data modify entity @s {} merge value {transformation:[-0.9863756656298791f,-0.0004209079763717316f,-0.16450796056631445f,0.7696869788451461f,0.0673330629307909f,0.9113646466426275f,-0.40605509415141816f,2.0519136815882666f,0.15009765117939333f,-0.4115996886374358f,-0.8989195689404004f,-1.2847320428591162f,0f,0f,0f,1f],start_interpolation:0}
execute if entity @s[tag=aj.heiloang_aj.bone.leg_left_0] run data modify entity @s {} merge value {transformation:[-0.9190150885632532f,-0.38125191597941055f,-0.10029079496695648f,0.4512335508332356f,0.0039023294921340344f,0.24559128585947346f,-0.9693656132411679f,2.166117802058351f,0.3942030426285553f,-0.8912529926299931f,-0.22421432672884836f,-1.9367146879987858f,0f,0f,0f,1f],start_interpolation:0}
execute if entity @s[tag=aj.heiloang_aj.bone.tail_4] run data modify entity @s {} merge value {transformation:[-1.495970560099985f,-0.13923611656125878f,0.4770112690982771f,0.11500808197230139f,-0.0007751478943051171f,-1.5125407090041934f,-0.443930587410362f,-1.0976530750061053f,0.4969163371711095f,-0.4215308661743608f,1.4353537008007526f,0.22819610098168897f,0f,0f,0f,1f],start_interpolation:0}
execute if entity @s[tag=aj.heiloang_aj.bone.tail_3] run data modify entity @s {} merge value {transformation:[-0.9719438064266939f,-0.202068482120995f,0.1203892257725175f,-0.040596460828671244f,0.08689932627210722f,-0.7841029156502701f,-0.6145169849257216f,-0.2559966516116928f,0.21857205732262075f,-0.5868142348325089f,0.7796635874245343f,-0.7983680926363365f,0f,0f,0f,1f],start_interpolation:0}
execute if entity @s[tag=aj.heiloang_aj.bone.tail_2] run data modify entity @s {} merge value {transformation:[-0.9826809401088836f,-0.18489212491569415f,0.012372230634762366f,-0.053661896537899906f,0.12860483226870506f,-0.7285426491971805f,-0.6728197421433861f,0.25751073228574595f,0.13341276949324857f,-0.6595760080877062f,0.7397029961350893f,-1.3896059922778736f,0f,0f,0f,1f],start_interpolation:0}
execute if entity @s[tag=aj.heiloang_aj.bone.tail_1] run data modify entity @s {} merge value {transformation:[-0.9751151369323349f,-0.10751869602323388f,-0.19388192213534702f,0.09603818218078072f,0.221150943570527f,-0.5331951496135575f,-0.816575282865237f,0.8866475779922016f,-0.01557979086184666f,-0.8391320887881955f,0.543704522404092f,-1.8286751528486838f,0f,0f,0f,1f],start_interpolation:0}
execute if entity @s[tag=aj.heiloang_aj.bone.tail_ring] run data modify entity @s {} merge value {transformation:[-0.9980317289799143f,0.06211346120942478f,-0.00863631205711303f,0.09672352836524345f,-0.005398597491146337f,-0.22230369889282334f,-0.9749625226662293f,0.7396434020449834f,-0.06247818094736055f,-0.9729969082145917f,0.22220147054048628f,-1.8269206341292623f,0f,0f,0f,1f],start_interpolation:0}
execute if entity @s[tag=aj.heiloang_aj.bone.tail_0] run data modify entity @s {} merge value {transformation:[-0.9980317289799143f,0.06211346120942478f,-0.00863631205711303f,0.10738406137997118f,-0.005398597491146337f,-0.22230369889282334f,-0.9749625226662293f,2.106591779913546f,-0.06247818094736055f,-0.9729969082145917f,0.22220147054048628f,-2.1153277869400235f,0f,0f,0f,1f],start_interpolation:0}
execute if entity @s[tag=aj.heiloang_aj.bone.body_1] run data modify entity @s {} merge value {transformation:[-0.9638259304602803f,0.2539563778050664f,-0.08090571020950899f,0.15670666505454786f,0.13511243340386386f,0.20387930520432096f,-0.9696276910490387f,2.4614902405794874f,-0.22974813625372695f,-0.9454836789080676f,-0.2308168252238238f,-2.10025839265051f,0f,0f,0f,1f],start_interpolation:0}