execute if entity @s[tag=aj.heiloang_aj.bone.head_lower] run data modify entity @s {} merge value {transformation:[-0.799311324007186f,0.013576351283493368f,0.030283493849074118f,0.09054316314923515f,0.026011336594468033f,-0.19708694316767936f,0.7749065409463191f,4.111629359512873f,0.020611105803644038f,0.7752241092217445f,0.1964758580561589f,0.07224954256160837f,0f,0f,0f,1f],start_interpolation:0}
execute if entity @s[tag=aj.heiloang_aj.bone.horne_right] run data modify entity @s {} merge value {transformation:[-0.6114901107413377f,-0.5154443474334106f,-0.019924085035260275f,-0.23192382165491954f,-0.44893560371759783f,0.516575752351988f,0.4142539267124618f,4.625809279606378f,-0.25404068213627273f,0.3278210133303282f,-0.6841028541373103f,0.1177580400121161f,0f,0f,0f,1f],start_interpolation:0}
execute if entity @s[tag=aj.heiloang_aj.bone.horne_left] run data modify entity @s {} merge value {transformation:[-0.5671381377510468f,0.5642077459173126f,-0.004894093907989512f,0.44765066601599f,0.48729074166007996f,0.4932828805276205f,0.3990234740848496f,4.603694441233762f,0.2844328845275174f,0.27989572920157046f,-0.6933659315066447f,0.10023447785785794f,0f,0f,0f,1f],start_interpolation:0}
execute if entity @s[tag=aj.heiloang_aj.bone.head_upper] run data modify entity @s {} merge value {transformation:[-1.170811244622626f,0.04808067117057158f,-0.0071687464040753384f,0.09381710035914176f,0.03810075556016192f,1.0149354812960436f,0.5844796092526356f,4.336970206053028f,0.0301906325035327f,0.5837433770640625f,-1.0156250823226456f,-0.06018981066265722f,0f,0f,0f,1f],start_interpolation:0}
execute if entity @s[tag=aj.heiloang_aj.bone.neck_0] run data modify entity @s {} merge value {transformation:[-0.9969892191843034f,-0.05299957440839026f,-0.05659984048390049f,0.07389128315232843f,-0.035901317627978234f,0.9625022868059596f,-0.26888741749266204f,4.1585097818732315f,0.06872839458948901f,-0.26604584756358723f,-0.9615071579407632f,-0.4541632836771662f,0f,0f,0f,1f],start_interpolation:0}
execute if entity @s[tag=aj.heiloang_aj.bone.neck_1] run data modify entity @s {} merge value {transformation:[-0.9987439511819582f,0.049691992190030045f,0.006420739025736759f,0.07685117222400975f,0.028358949662778864f,0.6662627001071195f,-0.7451776864748396f,3.8953123354237724f,-0.041307262696462864f,-0.7440596215076829f,-0.666835054335305f,-0.7064233890807551f,0f,0f,0f,1f],start_interpolation:0}
execute if entity @s[tag=aj.heiloang_aj.bone.neck_2] run data modify entity @s {} merge value {transformation:[-0.9962107473256033f,-0.08665262549678843f,-0.007447778694124501f,0.07670339307749352f,-0.06304548913853406f,0.7784837463033984f,-0.6244904507201923f,3.613303415997723f,0.05991171181201811f,-0.6216545497588988f,-0.7809969318453271f,-1.0056405020366022f,0f,0f,0f,1f],start_interpolation:0}
execute if entity @s[tag=aj.heiloang_aj.bone.neck_3] run data modify entity @s {} merge value {transformation:[-0.9994526086880875f,0.03250707282691829f,0.006145990790928785f,0.0790967439094543f,0.027167171515161043f,0.9124616765391425f,-0.4082592725698255f,3.3799328423683472f,-0.018879294966777007f,-0.4078688258050653f,-0.9128453281678965f,-1.468160905910587f,0f,0f,0f,1f],start_interpolation:0}
execute if entity @s[tag=aj.heiloang_aj.bone.wing_right_2] run data modify entity @s {} merge value {transformation:[-1.947897775928173f,-0.9699671196698069f,-0.8935513682013717f,-3.6794005831565655f,0.6438546594021964f,0.6915402166745624f,-2.1542514506456265f,4.5748357680975875f,1.1509654375441365f,-2.0284259714867994f,-0.30715248020759367f,-2.071746407719095f,0f,0f,0f,1f],start_interpolation:0}
execute if entity @s[tag=aj.heiloang_aj.bone.wing_right_1] run data modify entity @s {} merge value {transformation:[-2.8652577444922613f,-1.1676148443358692f,-1.27050871929855f,-1.7841348933943404f,0.9866217707810334f,0.9118674317049786f,-3.0630530588477667f,3.9754787182545255f,1.415660380157619f,-2.9987317544559215f,-0.43672912173301953f,-2.991960269109364f,0f,0f,0f,1f],start_interpolation:0}
execute if entity @s[tag=aj.heiloang_aj.bone.wing_right_0] run data modify entity @s {} merge value {transformation:[-1.6432206634066526f,1.2317110186627338f,-0.8432756476136433f,-0.26249216084543736f,0.8559494697548958f,-0.2499784909481216f,-2.033042365345496f,3.1630407900336737f,-1.2229375930846642f,-1.8299723278148523f,-0.28987052773984845f,-1.8567976790199716f,0f,0f,0f,1f],start_interpolation:0}
execute if entity @s[tag=aj.heiloang_aj.bone.wing_left_2] run data modify entity @s {} merge value {transformation:[-2.027617655296511f,0.31841345545242355f,1.1493282914980103f,3.8710903095832165f,-0.9624478963897921f,0.9018824521360724f,-1.9477880006779213f,5.039543732398303f,-0.7042987270936615f,-2.149138646117761f,-0.6471030745548778f,-1.5409457660601584f,0f,0f,0f,1f],start_interpolation:0}
execute if entity @s[tag=aj.heiloang_aj.bone.wing_left_1] run data modify entity @s {} merge value {transformation:[-2.7942920992185667f,0.8417704468751733f,1.6341887748703534f,2.0167539935829746f,-1.1807565466746142f,1.4570372409580534f,-2.7694900665729745f,4.308616811015888f,-1.4088876515285864f,-2.8906199622449362f,-0.9200927084491816f,-2.449371393969414f,0f,0f,0f,1f],start_interpolation:0}
execute if entity @s[tag=aj.heiloang_aj.bone.wing_left_0] run data modify entity @s {} merge value {transformation:[-1.724817115187988f,-0.8814283037263557f,1.0846612671911289f,0.4211512279764815f,-1.2350941162122435f,0.15485310379887274f,-1.8381955936030718f,3.145088442482216f,0.6541776847711052f,-2.0316261126580195f,-0.6106937817872243f,-1.8457989884740797f,0f,0f,0f,1f],start_interpolation:0}
execute if entity @s[tag=aj.heiloang_aj.bone.kazari_right] run data modify entity @s {} merge value {transformation:[-2.525413258744283f,-0.7219498331363574f,-0.08914314078614415f,-2.8127548050525455f,0.45487044607064697f,-1.3159349964373868f,-2.2289634700907666f,2.5914865201594637f,0.5676715057199219f,-2.157307050964691f,1.389476713733612f,-4.6903801719538905f,0f,0f,0f,1f],start_interpolation:0}
execute if entity @s[tag=aj.heiloang_aj.bone.kazari_left] run data modify entity @s {} merge value {transformation:[-2.525413258744283f,-0.7219498331363574f,-0.08914314078614415f,2.0630851352193096f,0.45487044607064697f,-1.3159349964373868f,-2.2289634700907666f,1.7132637259608876f,0.5676715057199219f,-2.157307050964691f,1.389476713733612f,-5.786389069095634f,0f,0f,0f,1f],start_interpolation:0}
execute if entity @s[tag=aj.heiloang_aj.bone.ring] run data modify entity @s {} merge value {transformation:[-2.201891929744086f,-0.0037300469584476852f,0.06770747566983905f,0.1175426685569114f,0.057821270328720184f,1.0458183397441245f,1.9380007705716848f,4.011615973341398f,-0.035424796533884625f,1.9388595546837737f,-1.0452248546537737f,-3.3371418645730895f,0f,0f,0f,1f],start_interpolation:0}
execute if entity @s[tag=aj.heiloang_aj.bone.body_0] run data modify entity @s {} merge value {transformation:[-1.1280272924458032f,0.032137214563112894f,-0.013191014941565738f,0.07005115822136572f,0.02962178576233018f,0.6659496345663423f,-0.9106514206692258f,2.5933967495136714f,-0.018148092002047395f,-0.9105661203881644f,-0.6664775788393829f,-2.1897208419679464f,0f,0f,0f,1f],start_interpolation:0}
execute if entity @s[tag=aj.heiloang_aj.bone.leg_right_3] run data modify entity @s {} merge value {transformation:[-0.9404861038764518f,0.3258869214067583f,0.09635145495173708f,-0.9171076598131729f,0.30636289043346876f,0.9357644821201131f,-0.17460416194273987f,0.9104560628137444f,-0.14706348214475817f,-0.13469427774965648f,-0.9799131511317505f,-1.996419843649526f,0f,0f,0f,1f],start_interpolation:0}
execute if entity @s[tag=aj.heiloang_aj.bone.leg_right_2] run data modify entity @s {} merge value {transformation:[-0.9404861038764518f,0.33949848058158305f,-0.015055567013159805f,-0.7099197045744499f,0.30636289043346876f,0.8278551466094742f,-0.4698910890807102f,1.436112914600066f,-0.14706348214475817f,-0.44653850664304684f,-0.8825959972175583f,-2.2263589135669295f,0f,0f,0f,1f],start_interpolation:0}
execute if entity @s[tag=aj.heiloang_aj.bone.leg_right_1] run data modify entity @s {} merge value {transformation:[-0.9760766522810159f,0.2147905835535815f,0.033754615811711866f,-0.7176130658525721f,0.18460461995587568f,0.9007035288007688f,-0.3932610932914532f,1.7812273139488433f,-0.11487168129191366f,-0.3776217133886166f,-0.918807019136562f,-1.6063712712407379f,0f,0f,0f,1f],start_interpolation:0}
execute if entity @s[tag=aj.heiloang_aj.bone.leg_right_0] run data modify entity @s {} merge value {transformation:[-0.8991332361960681f,0.4156596672464775f,-0.13706372456683347f,-0.3907425987448895f,0.2586196034958528f,0.2519240198092056f,-0.9325503680396134f,1.893063802405475f,-0.3530939312070275f,-0.8739343964324318f,-0.33401099753907554f,-2.2545879279927057f,0f,0f,0f,1f],start_interpolation:0}
execute if entity @s[tag=aj.heiloang_aj.bone.leg_left_3] run data modify entity @s {} merge value {transformation:[-0.9795963604804008f,0.04364439089851837f,-0.19617884105236613f,0.5383795427148982f,-0.02999963417553965f,0.9334444362160484f,0.3574653919565324f,0.7203945666818095f,0.1987234069828868f,0.3560570904228714f,-0.9130894566671508f,-1.9477603788766504f,0f,0f,0f,1f],start_interpolation:0}
execute if entity @s[tag=aj.heiloang_aj.bone.leg_left_2] run data modify entity @s {} merge value {transformation:[-0.9795963604804008f,-0.06582073397910693f,-0.1898910253592935f,0.5073069846066618f,-0.02999963417553965f,0.9821526927134113f,-0.1856774357457826f,1.3264842854791792f,0.1987234069828868f,-0.17619227898590506f,-0.9640878011586219f,-2.009434517712358f,0f,0f,0f,1f],start_interpolation:0}
execute if entity @s[tag=aj.heiloang_aj.bone.leg_left_1] run data modify entity @s {} merge value {transformation:[-0.9837047627923148f,0.009619639765848023f,-0.1795338469216614f,0.6347133989990067f,0.09290150703550128f,0.882125312929457f,-0.46176210572072734f,1.7185402554911606f,0.1539293657826471f,-0.4709165476173912f,-0.8686445507397539f,-1.4318468317005606f,0f,0f,0f,1f],start_interpolation:0}
execute if entity @s[tag=aj.heiloang_aj.bone.leg_left_0] run data modify entity @s {} merge value {transformation:[-0.9149480777379607f,-0.386110630893086f,-0.117424851521955f,0.31170217285145435f,0.04463479596214912f,0.19236453347085428f,-0.9803079216511298f,1.7945926787069468f,0.401095686879113f,-0.902172082794565f,-0.15876959089538817f,-2.0871454759947974f,0f,0f,0f,1f],start_interpolation:0}
execute if entity @s[tag=aj.heiloang_aj.bone.tail_4] run data modify entity @s {} merge value {transformation:[-1.4910304418866864f,-0.506168836840143f,0.0739979301518851f,-0.20716207718390722f,0.3831989459933198f,-1.256233972149479f,-0.8717162030700266f,-0.9012385028518535f,0.3388822108704961f,-0.8065504816916995f,1.3112930760612163f,0.7303838412930063f,0f,0f,0f,1f],start_interpolation:0}
execute if entity @s[tag=aj.heiloang_aj.bone.tail_3] run data modify entity @s {} merge value {transformation:[-0.9469139140234508f,-0.32144821333926693f,0.005008549668493692f,-0.20546530390875384f,0.2754805152017577f,-0.8193374997431636f,-0.5027887700205675f,-0.20796710495467202f,0.16572424437288216f,-0.4747179243041224f,0.8643947982093733f,-0.4123340776258059f,0f,0f,0f,1f],start_interpolation:0}
execute if entity @s[tag=aj.heiloang_aj.bone.tail_2] run data modify entity @s {} merge value {transformation:[-0.9523686736397478f,-0.30210259023998187f,-0.0415684308094626f,-0.1784366369086291f,0.28403906321414996f,-0.8291794229295465f,-0.481438776126988f,0.1538503486958367f,0.11097621383925288f,-0.4703142668052052f,0.8754934439511166f,-1.1064380858940612f,0f,0f,0f,1f],start_interpolation:0}
execute if entity @s[tag=aj.heiloang_aj.bone.tail_1] run data modify entity @s {} merge value {transformation:[-0.95992922669287f,-0.2155179114881674f,-0.17913098439021388f,-0.04208817574322333f,0.2798222056390398f,-0.7721133234452562f,-0.5705616084084381f,0.5866960149525742f,-0.015343173470032168f,-0.5978235906905143f,0.8014808428414051f,-1.742880336454778f,0f,0f,0f,1f],start_interpolation:0}
execute if entity @s[tag=aj.heiloang_aj.bone.tail_ring] run data modify entity @s {} merge value {transformation:[-0.9995387402235782f,0.029839019905621156f,-0.005651520444449082f,-0.04197488441512116f,-0.0069281639689664914f,-0.40522558969605543f,-0.9141904735882468f,0.442751915804968f,-0.029568688443710137f,-0.9137296396344797f,0.40524540505373124f,-1.7129828571812822f,0f,0f,0f,1f],start_interpolation:0}
execute if entity @s[tag=aj.heiloang_aj.bone.tail_0] run data modify entity @s {} merge value {transformation:[-0.9995387402235782f,0.029839019905621156f,-0.005651520444449082f,-0.03475452545981263f,-0.0069281639689664914f,-0.40522558969605543f,-0.9141904735882468f,1.7289411670915595f,-0.029568688443710137f,-0.9137296396344797f,0.40524540505373124f,-2.258423300131249f,0f,0f,0f,1f],start_interpolation:0}
execute if entity @s[tag=aj.heiloang_aj.bone.body_1] run data modify entity @s {} merge value {transformation:[-0.9638259304602803f,0.24781786109760467f,-0.09811158694763306f,0.02018386986504359f,0.13511243340386386f,0.13698130388093122f,-0.9813158272069019f,2.083223739121762f,-0.22974813625372698f,-0.9590737354907016f,-0.16550940692253902f,-2.2672751437438037f,0f,0f,0f,1f],start_interpolation:0}