execute if entity @s[tag=aj.heiloang_aj.bone.head_lower] run data modify entity @s {} merge value {transformation:[-0.7991648942958997f,-0.027732938688485552f,0.02379823179826744f,-0.013734215516252844f,0.013367205670084342f,0.2630328909947557f,0.7554038761268799f,3.0223137736362045f,-0.03401160886516575f,0.7550129683433535f,-0.26229492579110497f,0.7305768702456837f,0f,0f,0f,1f],start_interpolation:0}
execute if entity @s[tag=aj.heiloang_aj.bone.horne_right] run data modify entity @s {} merge value {transformation:[-0.6006839510318073f,-0.5281010823262586f,0.01697167695460346f,-0.3349443984510636f,-0.5273107227336075f,0.5975369772129988f,-0.06994971446197948f,3.4560874028011024f,0.03349914421261861f,-0.06370877262187716f,-0.7967552946972088f,0.4493271113545005f,0f,0f,0f,1f],start_interpolation:0}
execute if entity @s[tag=aj.heiloang_aj.bone.horne_left] run data modify entity @s {} merge value {transformation:[-0.5777283788454433f,0.5524337823934582f,0.032354850441211745f,0.34450559467931025f,0.5470213983276733f,0.5771831350890854f,-0.08733394723915505f,3.444722604540397f,-0.08365112102209263f,-0.04094563028202021f,-0.7945602213253287f,0.4782437812116644f,0f,0f,0f,1f],start_interpolation:0}
execute if entity @s[tag=aj.heiloang_aj.bone.head_upper] run data modify entity @s {} merge value {transformation:[-1.1705967580422765f,0.024885461534405805f,0.04739257605502594f,-0.0024432632196880327f,0.019579948685397794f,1.1646518961408496f,-0.12792458256723335f,3.1260662580961665f,-0.04981935437547317f,-0.12699916149228427f,-1.1638519481918084f,0.49091599644403033f,0f,0f,0f,1f],start_interpolation:0}
execute if entity @s[tag=aj.heiloang_aj.bone.neck_0] run data modify entity @s {} merge value {transformation:[-0.995665329346096f,-0.09068295628407495f,0.020667689220381747f,0.013177561514437611f,-0.05826893317417126f,0.7813795529141931f,0.6213298043023199f,3.3405027839315573f,-0.07249333324433135f,0.6174322600311679f,-0.7832765290163686f,0.11510590497337847f,0f,0f,0f,1f],start_interpolation:0}
execute if entity @s[tag=aj.heiloang_aj.bone.neck_1] run data modify entity @s {} merge value {transformation:[-0.9987190073075483f,0.03267862389526778f,0.03863226608596273f,0.02766175147584923f,0.05026857240865648f,0.7279959028822146f,0.6837360865236706f,3.598720457275131f,-0.005780577014506967f,0.6848022144583209f,-0.7287060532219823f,-0.14185840957877033f,0f,0f,0f,1f],start_interpolation:0}
execute if entity @s[tag=aj.heiloang_aj.bone.neck_2] run data modify entity @s {} merge value {transformation:[-0.9961387155733931f,-0.08368533644910715f,-0.026540983387771576f,0.019590110856523492f,-0.07623521271213377f,0.9744548906774769f,-0.21124833343125324f,3.479490075440819f,0.04354137892311142f,-0.20840928601707276f,-0.9770720126087573f,-0.5352779030275734f,0f,0f,0f,1f],start_interpolation:0}
execute if entity @s[tag=aj.heiloang_aj.bone.neck_3] run data modify entity @s {} merge value {transformation:[-0.9994698837997429f,0.02918910541042839f,0.014420384969439788f,0.026345809404313296f,0.024054772177266263f,0.9605476060847375f,-0.27707339168599276f,3.312843734277468f,-0.021938990697562968f,-0.27657963151725173f,-0.96074054151834f,-1.0257634117615848f,0f,0f,0f,1f],start_interpolation:0}
execute if entity @s[tag=aj.heiloang_aj.bone.wing_right_2] run data modify entity @s {} merge value {transformation:[-0.6422103069695805f,-2.0947190257576054f,-0.8563259490825615f,-3.623680964026696f,-0.3613434394988752f,0.9736395512834357f,-2.1106948972385187f,4.1519039387304755f,2.233959007384461f,-0.44469566405206007f,-0.5875788679148839f,-0.3689592427600463f,0f,0f,0f,1f],start_interpolation:0}
execute if entity @s[tag=aj.heiloang_aj.bone.wing_right_1] run data modify entity @s {} merge value {transformation:[-2.2889660380168615f,-2.1131384417019934f,-1.2175792277739703f,-2.1065291203398324f,0.25340329248119203f,1.4547422322671466f,-3.0011215540057843f,4.031655998245913f,2.4256215741671414f,-2.1460637774212734f,-0.835457368795829f,-1.9443465521820888f,0f,0f,0f,1f],start_interpolation:0}
execute if entity @s[tag=aj.heiloang_aj.bone.wing_right_0] run data modify entity @s {} merge value {transformation:[-1.936381586858481f,0.7250713505467977f,-0.808144718903533f,-0.31192814254298384f,0.9378800260520238f,0.28455217644228187f,-1.9919365239923223f,3.143341825453537f,-0.5469985436983198f,-2.078870269039942f,-0.5545187081548407f,-1.4400139639271434f,0f,0f,0f,1f],start_interpolation:0}
execute if entity @s[tag=aj.heiloang_aj.bone.wing_left_2] run data modify entity @s {} merge value {transformation:[-0.8892976556329726f,1.8636040991384175f,1.1268120729212971f,3.4909564473788794f,0.4686325898679338f,1.3523843147611099f,-1.8668198004153496f,4.173097845527603f,-2.1267602548760354f,-0.4812612940842187f,-0.8825272751688815f,0.2563288572723863f,0f,0f,0f,1f],start_interpolation:0}
execute if entity @s[tag=aj.heiloang_aj.bone.wing_left_1] run data modify entity @s {} merge value {transformation:[-2.0510522559784703f,2.100819513690271f,1.6021737693033773f,2.12371973299501f,0.010984697391984686f,2.0350548838389457f,-2.6543642796508666f,4.220673840238105f,-2.6420224738954867f,-1.6224449955426614f,-1.2548339558562085f,-1.4543595276327537f,0f,0f,0f,1f],start_interpolation:0}
execute if entity @s[tag=aj.heiloang_aj.bone.wing_left_0] run data modify entity @s {} merge value {transformation:[-1.8927470067870744f,-0.4637497666837901f,1.063411924984527f,0.37175065212251357f,-1.1595685910986357f,0.6927633672434196f,-1.7617830739177525f,3.1280062621738987f,0.03618633493591033f,-2.0575264447647537f,-0.8328718258277298f,-1.4273780120485344f,0f,0f,0f,1f],start_interpolation:0}
execute if entity @s[tag=aj.heiloang_aj.bone.kazari_right] run data modify entity @s {} merge value {transformation:[-2.5287693742209365f,-0.7107558930242638f,-0.08379559111183921f,-2.850100066493087f,0.4369381626081584f,-1.2895457571232236f,-2.247893896717181f,2.511053675080622f,0.566816268834186f,-2.17687114670874f,1.3589781148230895f,-4.242646369945444f,0f,0f,0f,1f],start_interpolation:0}
execute if entity @s[tag=aj.heiloang_aj.bone.kazari_left] run data modify entity @s {} merge value {transformation:[-2.5287693742209365f,-0.7107558930242638f,-0.08379559111183921f,2.032219558570385f,0.4369381626081584f,-1.2895457571232236f,-2.247893896717181f,1.66745291496852f,0.566816268834186f,-2.17687114670874f,1.3589781148230895f,-5.33700405291405f,0f,0f,0f,1f],start_interpolation:0}
execute if entity @s[tag=aj.heiloang_aj.bone.ring] run data modify entity @s {} merge value {transformation:[-2.2020059655740467f,-0.013224348679042054f,0.06261892655062203f,0.0707200873229179f,0.04939308062600338f,1.0194767419361994f,1.9522176574402397f,3.92458585740099f,-0.040698119693791425f,1.952797627773343f,-1.0187499073866082f,-2.8622836412373305f,0f,0f,0f,1f],start_interpolation:0}
execute if entity @s[tag=aj.heiloang_aj.bone.body_0] run data modify entity @s {} merge value {transformation:[-1.128085712900856f,0.03252342853998046f,-0.004150527996031988f,0.02583894808439905f,0.025304031615476928f,0.7727651906476718f,-0.8220985598119879f,2.620700208085145f,-0.020849610803178008f,-0.821844609799776f,-0.7731682268498126f,-1.8383559735958044f,0f,0f,0f,1f],start_interpolation:0}
execute if entity @s[tag=aj.heiloang_aj.bone.leg_right_3] run data modify entity @s {} merge value {transformation:[-0.9399149242549266f,0.32810223110177855f,0.09438676341993173f,-0.9653777154214902f,0.3071927568370784f,0.9333873236863051f,-0.18552820305428663f,0.942547010402102f,-0.14897162585435764f,-0.14538579685702469f,-0.978095304539674f,-1.625216268194161f,0f,0f,0f,1f],start_interpolation:0}
execute if entity @s[tag=aj.heiloang_aj.bone.leg_right_2] run data modify entity @s {} merge value {transformation:[-0.9399149242549266f,0.34095300593005734f,-0.017634707542608354f,-0.7571834631904556f,0.3071927568370784f,0.8220493116831324f,-0.47944503262430826f,1.4651235752739213f,-0.14897162585435764f,-0.45605479594950726f,-0.8773947103680093f,-1.861188380286078f,0f,0f,0f,1f],start_interpolation:0}
execute if entity @s[tag=aj.heiloang_aj.bone.leg_right_1] run data modify entity @s {} merge value {transformation:[-0.9757711246135946f,0.21654075642759818f,0.0313179369704321f,-0.7630260439705695f,0.1858859265432447f,0.8959697014411102f,-0.40334193485513936f,1.8169959259997726f,-0.11539989030965225f,-0.387747849646251f,-0.9145132423378182f,-1.2449907446793644f,0f,0f,0f,1f],start_interpolation:0}
execute if entity @s[tag=aj.heiloang_aj.bone.leg_right_0] run data modify entity @s {} merge value {transformation:[-0.8990038209327964f,0.4149621833258501f,-0.13999470117713636f,-0.43686738354297866f,0.2570983335103104f,0.24129597443459577f,-0.935775987952181f,1.920905654180928f,-0.3545314892283241f,-0.877258593079089f,-0.32361208879528003f,-1.89488291506273f,0f,0f,0f,1f],start_interpolation:0}
execute if entity @s[tag=aj.heiloang_aj.bone.leg_left_3] run data modify entity @s {} merge value {transformation:[-0.9793630385717832f,0.04661212239284433f,-0.1966604910130107f,0.489685485896287f,-0.025276612694876063f,0.937153973689753f,0.34799931386165067f,0.7492324911469317f,0.2005221472309662f,0.34578857650816186f,-0.9166357667178069f,-1.5766911266396357f,0f,0f,0f,1f],start_interpolation:0}
execute if entity @s[tag=aj.heiloang_aj.bone.leg_left_2] run data modify entity @s {} merge value {transformation:[-0.9793630385717832f,-0.06354747421057975f,-0.19185869070985465f,0.4600883183916611f,-0.025276612694876063f,0.9803416366456903f,-0.1956818037261594f,1.3546927350120588f,0.2005221472309662f,-0.18679398807323955f,-0.9617166289971163f,-1.644924925265205f,0f,0f,0f,1f],start_interpolation:0}
execute if entity @s[tag=aj.heiloang_aj.bone.leg_left_1] run data modify entity @s {} merge value {transformation:[-0.9832220904115045f,0.011178669839729954f,-0.18206965224178728f,0.5894011102075113f,0.09713914068669612f,0.8769105082629363f,-0.4707355391774552f,1.752689129233992f,0.1543965941123099f,-0.4805236704249368f,-0.8632836694203506f,-1.0718412619646858f,0f,0f,0f,1f],start_interpolation:0}
execute if entity @s[tag=aj.heiloang_aj.bone.leg_left_0] run data modify entity @s {} merge value {transformation:[-0.914209441393322f,-0.3870023563865501f,-0.12020929006764583f,0.26557738805336517f,0.051390959684950485f,0.18352314633726888f,-0.9816711384272889f,1.8224345304823997f,0.401970230900212f,-0.9036306938731811f,-0.1478901706006975f,-1.7274404630648215f,0f,0f,0f,1f],start_interpolation:0}
execute if entity @s[tag=aj.heiloang_aj.bone.tail_4] run data modify entity @s {} merge value {transformation:[-1.5566015783576936f,0.11884196562451886f,-0.21845474851445104f,-0.6942703928091648f,0.24867619053076026f,0.7575115052158635f,-1.359849563523988f,-2.288186350446847f,0.0024580897299314643f,-1.3772825673621851f,-0.7667731418892959f,-2.3481617766677383f,0f,0f,0f,1f],start_interpolation:0}
execute if entity @s[tag=aj.heiloang_aj.bone.tail_3] run data modify entity @s {} merge value {transformation:[-0.9836266880548584f,0.03727057987682249f,-0.17632198507808217f,-0.4596205598444071f,0.18001120555671446f,0.2500485450876214f,-0.9513525587150026f,-1.0234011662116016f,0.008631594305128974f,-0.9675156996014118f,-0.25266354427289767f,-1.9852702694253828f,0f,0f,0f,1f],start_interpolation:0}
execute if entity @s[tag=aj.heiloang_aj.bone.tail_2] run data modify entity @s {} merge value {transformation:[-0.979392793273259f,0.026600558110610076f,-0.2002053115993855f,-0.3023738086654074f,0.20193375196973087f,0.14633948289006557f,-0.9684046238855408f,-0.26246672335682175f,0.0035378382990478873f,-0.9888767193415328f,-0.14869538541763f,-1.8869085603057483f,0f,0f,0f,1f],start_interpolation:0}
execute if entity @s[tag=aj.heiloang_aj.bone.tail_1] run data modify entity @s {} merge value {transformation:[-0.9784279868737887f,0.09339212196441687f,-0.1842731289610297f,-0.15678973110876498f,0.18781108382877398f,0.03055047567738211f,-0.9817299349754735f,0.5052570678047921f,-0.08605621007902925f,-0.9951605800024784f,-0.047431516062263854f,-1.8666485305766494f,0f,0f,0f,1f],start_interpolation:0}
execute if entity @s[tag=aj.heiloang_aj.bone.tail_ring] run data modify entity @s {} merge value {transformation:[-0.9906911897067849f,0.12248247622767511f,-0.05940546822045746f,-0.16152794843285506f,0.05674357213252854f,-0.02511080807474511f,-0.9980729504096753f,0.3610476875713553f,-0.12373816573311273f,-0.9921529571265564f,0.01792696310127212f,-1.8948439154920533f,0f,0f,0f,1f],start_interpolation:0}
execute if entity @s[tag=aj.heiloang_aj.bone.tail_0] run data modify entity @s {} merge value {transformation:[-0.9906911897067849f,0.12248247622767511f,-0.05940546822045746f,-0.08131209452915764f,0.05674357213252854f,-0.02511080807474511f,-0.9980729504096753f,1.7558232020955897f,-0.12373816573311273f,-0.9921529571265564f,0.01792696310127212f,-1.8974671539907495f,0f,0f,0f,1f],start_interpolation:0}
execute if entity @s[tag=aj.heiloang_aj.bone.body_1] run data modify entity @s {} merge value {transformation:[-0.9638259304602803f,0.24669196300657809f,-0.10090912327602392f,-0.02546964575995645f,0.1351124334038639f,0.1258699102957413f,-0.9828028266248672f,2.1098437391217617f,-0.22974813625372695f,-0.9608849260291803f,-0.15464783483073966f,-1.9102657296813037f,0f,0f,0f,1f],start_interpolation:0}