execute if entity @s[tag=aj.heiloang_aj.bone.head_lower] run data modify entity @s {} merge value {transformation:[-0.7960340533993941f,0.07944799321112166f,-0.004219265724759131f,0.37796500317188797f,0.05481523056054957f,0.5784294493899295f,0.5499224150523937f,4.530104799126439f,0.05766347480966055f,0.5469071113573025f,-0.5810056240861071f,0.10372171934773505f,0f,0f,0f,1f],start_interpolation:0}
execute if entity @s[tag=aj.heiloang_aj.bone.horne_right] run data modify entity @s {} merge value {transformation:[-0.6337558752159778f,-0.4853136775220699f,-0.05314249748774025f,0.068330122710759f,-0.4745103968909105f,0.5918188535213229f,0.25414627256589434f,5.05150894358221f,-0.11486241278878288f,0.23285420122194833f,-0.756693826525384f,0.05175125848372128f,0f,0f,0f,1f],start_interpolation:0}
execute if entity @s[tag=aj.heiloang_aj.bone.horne_left] run data modify entity @s {} merge value {transformation:[-0.5400398585849692f,0.5889293542231167f,-0.038976491297567493f,0.7451182749109239f,0.5553384512995403f,0.5249087684284164f,0.23679102460860174f,5.004905034559631f,0.19989035906655128f,0.13278930891192264f,-0.7631584657139953f,0.002725772200547899f,0f,0f,0f,1f],start_interpolation:0}
execute if entity @s[tag=aj.heiloang_aj.bone.head_upper] run data modify entity @s {} merge value {transformation:[-1.1660107805680977f,0.10159478091397939f,-0.057091790040394434f,0.37747006436492075f,0.08029197934432901f,1.1164288866264502f,0.3468455730710647f,4.720604236827297f,0.08446401631432054f,0.34121423475152085f,-1.1178554416162176f,-0.07527302174256711f,0f,0f,0f,1f],start_interpolation:0}
execute if entity @s[tag=aj.heiloang_aj.bone.neck_0] run data modify entity @s {} merge value {transformation:[-0.9957079379277907f,-0.004540335032771948f,-0.0924396435809714f,0.33901323805981254f,-0.008341259295753498f,0.9991336109263419f,0.04077316409907483f,4.672218268032683f,0.09217443105844406f,0.04136922618419725f,-0.9948831395616133f,-0.5038055516201152f,0f,0f,0f,1f],start_interpolation:0}
execute if entity @s[tag=aj.heiloang_aj.bone.neck_1] run data modify entity @s {} merge value {transformation:[-0.9930596467383993f,0.0991490269830462f,-0.06326142954534558f,0.31720094196219295f,0.10970262294717986f,0.9747876552421508f,-0.19430481647663403f,4.613590860333893f,0.042401327081996384f,-0.19989621716236822f,-0.9788991928824238f,-0.8629766366820004f,0f,0f,0f,1f],start_interpolation:0}
execute if entity @s[tag=aj.heiloang_aj.bone.neck_2] run data modify entity @s {} merge value {transformation:[-0.9905849039503514f,-0.06745134875817754f,-0.11912960847906699f,0.27064231237637526f,-0.016096078660194208f,0.9215448756654242f,-0.3879380857644199f,4.423726285921762f,0.1359502273533882f,-0.38236809187679377f,-0.9139541443623207f,-1.2246998327235965f,0f,0f,0f,1f],start_interpolation:0}
execute if entity @s[tag=aj.heiloang_aj.bone.neck_3] run data modify entity @s {} merge value {transformation:[-0.99914527497008f,0.000313062846110556f,-0.04133547503800273f,0.24924362283606172f,0.03178465567378263f,0.6451430567814838f,-0.7634004008057252f,4.013043632956014f,0.02642830241733366f,-0.7640617372165008f,-0.6446015874577417f,-1.5397784441891087f,0f,0f,0f,1f],start_interpolation:0}
execute if entity @s[tag=aj.heiloang_aj.bone.wing_right_2] run data modify entity @s {} merge value {transformation:[-2.0613134822187513f,-0.7699029883100953f,-0.8317524408953642f,-3.9517756021650756f,0.8610119468069406f,0.05887681935656319f,-2.1883253766108877f,4.9926156841860845f,0.7370353870744153f,-2.2220168575091073f,0.23020844786068728f,-2.820412145877701f,0f,0f,0f,1f],start_interpolation:0}
execute if entity @s[tag=aj.heiloang_aj.bone.wing_right_1] run data modify entity @s {} merge value {transformation:[-3.126856334801807f,0.10655114078469499f,-1.1826390357193903f,-1.8865734713570337f,1.163549300286396f,-0.38978182593327193f,-3.1115015550173135f,4.278158099389189f,-0.2369414700149533f,-3.3202312804185197f,0.3273251551860136f,-2.670262297015441f,0f,0f,0f,1f],start_interpolation:0}
execute if entity @s[tag=aj.heiloang_aj.bone.wing_right_0] run data modify entity @s {} merge value {transformation:[-1.915896146057016f,0.8009927750226611f,-0.7849538406080748f,-0.11084063807755579f,0.6306473265767081f,-0.5153994032294678f,-2.065199119850761f,3.6750218107455366f,-0.9273758175656303f,-2.005286520553161f,0.21725575592437962f,-1.8059442879449719f,0f,0f,0f,1f],start_interpolation:0}
execute if entity @s[tag=aj.heiloang_aj.bone.wing_left_2] run data modify entity @s {} merge value {transformation:[-2.0273594420181866f,0.019990254982848073f,1.192891482443576f,3.9349414634502047f,-1.1856630095515948f,0.22772763741433383f,-2.0188906253830954f,5.741413250245763f,-0.13263833141956752f,-2.34122115981904f,-0.18618958127356838f,-3.3417500181038733f,0f,0f,0f,1f],start_interpolation:0}
execute if entity @s[tag=aj.heiloang_aj.bone.wing_left_1] run data modify entity @s {} merge value {transformation:[-2.5337044913329363f,-1.3750288379823805f,1.696129717390779f,2.2502741659817658f,-1.6309610242989772f,-0.5356374389175373f,-2.8705883445989757f,4.717267477797626f,1.451732227622205f,-3.001600739879753f,-0.2647363037748763f,-2.3872470100948657f,0f,0f,0f,1f],start_interpolation:0}
execute if entity @s[tag=aj.heiloang_aj.bone.wing_left_0] run data modify entity @s {} merge value {transformation:[-1.8134713799355944f,-0.6102096915417083f,1.1257733726212666f,0.572541309122641f,-1.1274978682591867f,-0.16428486702249945f,-1.905297624923305f,3.65327929750143f,0.6070173895577274f,-2.1281575634374374f,-0.17571361346961498f,-1.8240528056906946f,0f,0f,0f,1f],start_interpolation:0}
execute if entity @s[tag=aj.heiloang_aj.bone.kazari_right] run data modify entity @s {} merge value {transformation:[-2.4949775455679815f,-0.8247167049076123f,-0.04242160197528236f,-2.8045337276312274f,0.4824272029826709f,-1.3460412351632371f,-2.2050639844727384f,3.282114324345052f,0.6702396806293522f,-2.1011629014530984f,1.4292527490347209f,-4.906087706323167f,0f,0f,0f,1f],start_interpolation:0}
execute if entity @s[tag=aj.heiloang_aj.bone.kazari_left] run data modify entity @s {} merge value {transformation:[-2.4949775455679815f,-0.8247167049076123f,-0.04242160197528236f,2.012543685200085f,0.4824272029826709f,-1.3460412351632371f,-2.2050639844727384f,2.350687431565471f,0.6702396806293522f,-2.1011629014530984f,1.4292527490347209f,-6.2001259763180725f,0f,0f,0f,1f],start_interpolation:0}
execute if entity @s[tag=aj.heiloang_aj.bone.ring] run data modify entity @s {} merge value {transformation:[-2.201049873481447f,0.08522885790705995f,0.032276648078622905f,0.189811386071956f,0.07002870974449427f,1.0823647787533819f,1.917422423804856f,4.705606720619977f,0.05832426632932887f,1.9168069316647482f,-1.0841474772664208f,-3.7122529575819554f,0f,0f,0f,1f],start_interpolation:0}
execute if entity @s[tag=aj.heiloang_aj.bone.body_0] run data modify entity @s {} merge value {transformation:[-1.127595907765565f,-0.0195918977030848f,-0.042379267011316994f,0.20736045085080385f,0.03587564620200774f,0.29199730200328927f,-1.0895425138883117f,3.019309749548258f,0.029879470169549758f,-1.0899569299311167f,-0.2911245164791096f,-1.9272166433621285f,0f,0f,0f,1f],start_interpolation:0}
execute if entity @s[tag=aj.heiloang_aj.bone.leg_right_3] run data modify entity @s {} merge value {transformation:[-0.9441511813561332f,0.31186621232436873f,0.10638614737957959f,-0.7537538572767352f,0.3008541272916044f,0.9475650382958686f,-0.10773714443475735f,1.31300364452024f,-0.1344073689773925f,-0.069713440668213f,-0.9884708874594005f,-1.8560044527732944f,0f,0f,0f,1f],start_interpolation:0}
execute if entity @s[tag=aj.heiloang_aj.bone.leg_right_2] run data modify entity @s {} merge value {transformation:[-0.9441511813561332f,0.3295117738684668f,-0.0007332297554343489f,-0.5533153530846133f,0.3008541272916044f,0.8611264114372638f,-0.4098147113230403f,1.8560613063996476f,-0.1344073689773925f,-0.3871476390309467f,-0.9121684958149667f,-2.0484277684387457f,0f,0f,0f,1f],start_interpolation:0}
execute if entity @s[tag=aj.heiloang_aj.bone.leg_right_1] run data modify entity @s {} merge value {transformation:[-0.9780074432836886f,0.20308492598978692f,0.04751793048339928f,-0.5715992778678329f,0.17663780797955678f,0.9276394968992624f,-0.329065416877344f,2.1578995413100066f,-0.11090773495964848f,-0.31343496395297976f,-0.9431108088119415f,-1.4064720136366464f,0f,0f,0f,1f],start_interpolation:0}
execute if entity @s[tag=aj.heiloang_aj.bone.leg_right_0] run data modify entity @s {} merge value {transformation:[-0.9010073210793018f,0.41710419645221863f,-0.1192052711227514f,-0.2424019281670252f,0.26710209376235583f,0.31688736575956133f,-0.9100762984111449f,2.3184032892260755f,-0.34182199880824726f,-0.8518253851135894f,-0.39692724069635205f,-2.0431855978823905f,0f,0f,0f,1f],start_interpolation:0}
execute if entity @s[tag=aj.heiloang_aj.bone.leg_left_3] run data modify entity @s {} merge value {transformation:[-0.9801565973167073f,0.027888624983933907f,-0.19625307470977119f,0.7020803468203191f,-0.05792264888484509f,0.9065472574492058f,0.4181112731767535f,1.1420541520618568f,0.18957323514329882f,0.4211820207556685f,-0.8869428921353815f,-1.8109420282581803f,0f,0f,0f,1f],start_interpolation:0}
execute if entity @s[tag=aj.heiloang_aj.bone.leg_left_2] run data modify entity @s {} merge value {transformation:[-0.9801565973167073f,-0.0793430290104166f,-0.18165276899619703f,0.6623950798203301f,-0.05792264888484509f,0.9910422131576466f,-0.12033411189582244f,1.7504676036337221f,0.18957323514329882f,-0.1074244640994107f,-0.9759723218566487f,-1.8302319746017983f,0f,0f,0f,1f],start_interpolation:0}
execute if entity @s[tag=aj.heiloang_aj.bone.leg_left_1] run data modify entity @s {} merge value {transformation:[-0.9858480031033443f,-0.0008942574072188375f,-0.16763924087408003f,0.7806190136700526f,0.06771271350889191f,0.912660053314161f,-0.4030714769291609f,2.103402097912327f,0.1533580881675659f,-0.4087185185286838f,-0.8996835384763393f,-1.2260729249334066f,0f,0f,0f,1f],start_interpolation:0}
execute if entity @s[tag=aj.heiloang_aj.bone.leg_left_0] run data modify entity @s {} merge value {transformation:[-0.9177520254389838f,-0.3839270002845705f,-0.10164289574354803f,0.46016576705875545f,0.0038081766206510895f,0.2474095263529397f,-0.9689035163836694f,2.218962270123036f,0.39713564130340695f,-0.8896002387152925f,-0.22559853209678982f,-1.8768356311813243f,0f,0f,0f,1f],start_interpolation:0}
execute if entity @s[tag=aj.heiloang_aj.bone.tail_4] run data modify entity @s {} merge value {transformation:[-1.5271658680615952f,-0.06597540564206826f,0.38505327029609016f,0.022784963039007136f,-0.15457060291249852f,-1.3248695613428023f,-0.8400493663054989f,-1.5283218883244918f,0.35878503847097076f,-0.8515998209049651f,1.2770690681759111f,-0.39118695042826923f,0f,0f,0f,1f],start_interpolation:0}
execute if entity @s[tag=aj.heiloang_aj.bone.tail_3] run data modify entity @s {} merge value {transformation:[-0.9872310375468029f,-0.13843149790966047f,0.07881369735490779f,-0.07892229491486111f,0.019718005874695382f,-0.5971578799934838f,-0.8018813295033206f,-0.44116600941478434f,0.1580698540158395f,-0.7900880879675226f,0.5922623865342418f,-1.162017723705755f,0f,0f,0f,1f],start_interpolation:0}
execute if entity @s[tag=aj.heiloang_aj.bone.tail_2] run data modify entity @s {} merge value {transformation:[-0.9919144930644488f,-0.12371803935929934f,-0.028275169067373096f,-0.05904316611420238f,0.09074993907598511f,-0.5357276451358017f,-0.8395000528856167f,0.20637478791802233f,0.08871351084475616f,-0.8352782392558419f,0.5426234200799465f,-1.6021523950595573f,0f,0f,0f,1f],start_interpolation:0}
execute if entity @s[tag=aj.heiloang_aj.bone.tail_1] run data modify entity @s {} merge value {transformation:[-0.980352683959656f,-0.03893640172326713f,-0.19337158962459566f,0.0914163643062145f,0.19483500176764362f,-0.34415936139577025f,-0.91847354673385f,0.9183362402185191f,-0.03078858780946267f,-0.9381035606927949f,0.34498372755276296f,-1.8875956155116085f,0f,0f,0f,1f],start_interpolation:0}
execute if entity @s[tag=aj.heiloang_aj.bone.tail_ring] run data modify entity @s {} merge value {transformation:[-0.9967625562339895f,0.07809766037823838f,-0.01910921069348319f,0.09109242634711182f,0.008973456967986723f,-0.12812833490010828f,-0.9917169993832763f,0.77184516922272f,-0.07989920875657217f,-0.9886778470458267f,0.12701272062633198f,-1.900006778388326f,0f,0f,0f,1f],start_interpolation:0}
execute if entity @s[tag=aj.heiloang_aj.bone.tail_0] run data modify entity @s {} merge value {transformation:[-0.9967625562339895f,0.07809766037823838f,-0.01910921069348319f,0.11602136850651672f,0.008973456967986723f,-0.12812833490010828f,-0.9917169993832763f,2.160069865548705f,-0.07989920875657217f,-0.9886778470458267f,0.12701272062633198f,-2.05509043602994f,0f,0f,0f,1f],start_interpolation:0}
execute if entity @s[tag=aj.heiloang_aj.bone.body_1] run data modify entity @s {} merge value {transformation:[-0.9639945942276086f,0.25290721372450864f,-0.08217276645004457f,0.1657158613789457f,0.13644322890338464f,0.2051796199430676f,-0.969166945807809f,2.514894122483528f,-0.22824913490825433f,-0.9454836142451777f,-0.23229952132432294f,-2.0395043098483123f,0f,0f,0f,1f],start_interpolation:0}