execute if entity @s[tag=aj.heiloang_aj.bone.head_lower] run data modify entity @s {} merge value {transformation:[-0.7999885663907125f,-0.0032188313753349408f,-0.00281651712404232f,0.0384598390946754f,-0.00301731562165869f,0.05134335622315399f,0.7983450103671855f,3.6327479794531543f,-0.003031410657129436f,0.7983442233124254f,-0.051354762711050925f,0.5348977997347872f,0f,0f,0f,1f],start_interpolation:0}
execute if entity @s[tag=aj.heiloang_aj.bone.horne_right] run data modify entity @s {} merge value {transformation:[-0.5874735422099814f,-0.542860484093327f,-0.013316606670478048f,-0.30289723658634105f,-0.5357288671440302f,0.5762022650387447f,0.14486383493748234f,4.115423754484127f,-0.08870974079452248f,0.11529720106827858f,-0.7866620222903797f,0.39020359481626055f,0f,0f,0f,1f],start_interpolation:0}
execute if entity @s[tag=aj.heiloang_aj.bone.horne_left] run data modify entity @s {} merge value {transformation:[-0.592153337204206f,0.5379108916278263f,0.002509562925887235f,0.3772530425590427f,0.531279670292326f,0.5842562126961712f,0.1280101162408799f,4.117989076225661f,0.08423976004239003f,0.09641862161472328f,-0.7896879841012636f,0.392780900156952f,0f,0f,0f,1f],start_interpolation:0}
execute if entity @s[tag=aj.heiloang_aj.bone.head_upper] run data modify entity @s {} merge value {transformation:[-1.171803252334956f,-0.005073228293863132f,0.0036759450347664748f,0.03796902102538985f,-0.004419688489715108f,1.156712614248311f,0.1875060180167349f,3.7967583920692736f,-0.00444033454529677f,0.18748947382057668f,-1.1567152169119286f,0.3313548270782418f,0f,0f,0f,1f],start_interpolation:0}
execute if entity @s[tag=aj.heiloang_aj.bone.neck_0] run data modify entity @s {} merge value {transformation:[-0.9964708605196603f,-0.08158770157776693f,-0.019729954041133892f,0.03570410391159541f,-0.08337824205080678f,0.98921169742457f,0.12045034840513208f,3.7831822205456147f,0.009689834246523019f,0.12167031120884811f,-0.9925232704992953f,-0.101393155408256f,0f,0f,0f,1f],start_interpolation:0}
execute if entity @s[tag=aj.heiloang_aj.bone.neck_1] run data modify entity @s {} merge value {transformation:[-0.9987986239311201f,0.04088595849009462f,0.027011983112088488f,0.046056752565001476f,0.036966117682156546f,0.9905079388422146f,-0.13239157538928364f,3.7473100212848127f,-0.03216854017219977f,-0.13123399517233952f,-0.9908293614615468f,-0.4640539135902172f,0f,0f,0f,1f],start_interpolation:0}
execute if entity @s[tag=aj.heiloang_aj.bone.neck_2] run data modify entity @s {} merge value {transformation:[-0.9962670846213834f,-0.08567619730435151f,-0.010558660685683613f,0.04460140521237069f,-0.07018634333330523f,0.8751462914180353f,-0.4787408963382575f,3.521789533896163f,0.050257072233756236f,-0.4762127232999184f,-0.8778927433677572f,-0.8078537461850357f,0f,0f,0f,1f],start_interpolation:0}
execute if entity @s[tag=aj.heiloang_aj.bone.neck_3] run data modify entity @s {} merge value {transformation:[-0.9994379137366142f,0.03146108514648541f,0.011578286022107625f,0.04983129872563281f,0.025690650418756435f,0.9406576008346599f,-0.33838331589048953f,3.323896968296622f,-0.02153710906471384f,-0.33789566157822615f,-0.9409371258589747f,-1.2866061430023614f,0f,0f,0f,1f],start_interpolation:0}
execute if entity @s[tag=aj.heiloang_aj.bone.wing_right_2] run data modify entity @s {} merge value {transformation:[-1.597757481958534f,-1.479444948288481f,-0.8899380203981768f,-3.6901695063237594f,0.32050789422678483f,0.9373047134137525f,-2.133614438053812f,4.459586678427838f,1.6964733198328956f,-1.5704389595005162f,-0.43505833620228257f,-1.4242325399943978f,0f,0f,0f,1f],start_interpolation:0}
execute if entity @s[tag=aj.heiloang_aj.bone.wing_right_1] run data modify entity @s {} merge value {transformation:[-2.692181286144876f,-1.5291222493746446f,-1.2653710293422824f,-1.9082982585320263f,0.7480514625988466f,1.1934157875394606f,-3.033710029032982f,4.0159794764931585f,1.8384226132027017f,-2.724841771079377f,-0.6185938819176569f,-2.6184695203990698f,0f,0f,0f,1f],start_interpolation:0}
execute if entity @s[tag=aj.heiloang_aj.bone.wing_right_0] run data modify entity @s {} merge value {transformation:[-1.7475434493752258f,1.0812574429891013f,-0.839865605038334f,-0.28959484214092f,0.9331856395380319f,-0.05580797800135671f,-2.013566495487893f,3.131858288369033f,-1.0018265591936215f,-1.9380835409166632f,-0.4105797531810335f,-1.6899356905668523f,0f,0f,0f,1f],start_interpolation:0}
execute if entity @s[tag=aj.heiloang_aj.bone.wing_left_2] run data modify entity @s {} merge value {transformation:[-1.7831537289620822f,1.0227572016270237f,1.1436373952130485f,3.7447163757035504f,-0.4930711381267336f,1.2784233650628647f,-1.9120906251348955f,4.718277616596441f,-1.4528660082595486f,-1.6891351078295689f,-0.7547045487225881f,-0.7647073268271363f,0f,0f,0f,1f],start_interpolation:0}
execute if entity @s[tag=aj.heiloang_aj.bone.wing_left_1] run data modify entity @s {} merge value {transformation:[-2.5545052043803307f,1.4203978941227187f,1.626097093062265f,2.0474959692248524f,-0.7251761494178814f,1.8082665358942138f,-2.71873324553561f,4.284855164365229f,-2.033676839128886f,-2.428962891943162f,-1.0730873946020707f,-2.079865997260258f,0f,0f,0f,1f],start_interpolation:0}
execute if entity @s[tag=aj.heiloang_aj.bone.wing_left_0] run data modify entity @s {} merge value {transformation:[-1.786955529339967f,-0.7551965325010481f,1.0792905695222716f,0.39405358941302504f,-1.2420114091913104f,0.3599487602042561f,-1.8045067330065665f,3.115162892409592f,0.438859425784535f,-2.0563353538092497f,-0.7122410526459825f,-1.677380737606439f,0f,0f,0f,1f],start_interpolation:0}
execute if entity @s[tag=aj.heiloang_aj.bone.kazari_right] run data modify entity @s {} merge value {transformation:[-2.5276953546882415f,-0.7140416191570437f,-0.08815298381405631f,-2.830821569053499f,0.44566719211996436f,-1.301178683039902f,-2.2394608675363585f,2.5297474226499275f,0.5648071673692189f,-2.168858868038763f,1.372557562645088f,-4.505141049619458f,0f,0f,0f,1f],start_interpolation:0}
execute if entity @s[tag=aj.heiloang_aj.bone.kazari_left] run data modify entity @s {} merge value {transformation:[-2.5276953546882415f,-0.7140416191570437f,-0.08815298381405631f,2.0494244360525204f,0.44566719211996436f,-1.301178683039902f,-2.2394608675363585f,1.6692934403627593f,0.5648071673692189f,-2.168858868038763f,1.372557562645088f,-5.595619740849574f,0f,0f,0f,1f],start_interpolation:0}
execute if entity @s[tag=aj.heiloang_aj.bone.ring] run data modify entity @s {} merge value {transformation:[-2.2019081714735225f,-0.010563711148155925f,0.06644620522598983f,0.09332751250504215f,0.053772856182114706f,1.0312825086273216f,1.9458908379252375f,3.9454538588667276f,-0.04043723680190829f,1.9466050141695788f,-1.0305435626278538f,-3.1340858722198375f,0f,0f,0f,1f],start_interpolation:0}
execute if entity @s[tag=aj.heiloang_aj.bone.body_0] run data modify entity @s {} merge value {transformation:[-1.1280356130694604f,0.033567838736940345f,-0.00782507426233682f,0.04597923578842727f,0.02754778676773582f,0.7240315608849105f,-0.8652582240143305f,2.5860948505715027f,-0.02071596072789454f,-0.8650455912741044f,-0.7245131813335282f,-2.057970379921664f,0f,0f,0f,1f],start_interpolation:0}
execute if entity @s[tag=aj.heiloang_aj.bone.leg_right_3] run data modify entity @s {} merge value {transformation:[-0.9400864551600993f,0.3274390089294032f,0.0949797465560359f,-0.9440227441519686f,0.30694576649375505f,0.9341143979717061f,-0.18224869802969323f,0.9064794094015478f,-0.1483972818352133f,-0.14217590138025266f,-0.9786543106790229f,-1.8507863737295294f,0f,0f,0f,1f],start_interpolation:0}
execute if entity @s[tag=aj.heiloang_aj.bone.leg_right_2] run data modify entity @s {} merge value {transformation:[-0.9400864551600993f,0.34051910902055527f,-0.016858031212623477f,-0.7361290228892118f,0.30694576649375505f,0.8238049761808359f,-0.4765812183156757f,1.429988634389067f,-0.1483972818352133f,-0.4532020494343994f,-0.8789687987251771f,-2.0849492284116518f,0f,0f,0f,1f],start_interpolation:0}
execute if entity @s[tag=aj.heiloang_aj.bone.leg_right_1] run data modify entity @s {} merge value {transformation:[-0.975863185476187f,0.21601783743172165f,0.03205210045521857f,-0.7425289073677092f,0.18550164714316092f,0.8974040612276084f,-0.40031873525900474f,1.7798354095379691f,-0.11523967259344026f,-0.3847105987668097f,-0.9158152505047292f,-1.467604844392984f,0f,0f,0f,1f],start_interpolation:0}
execute if entity @s[tag=aj.heiloang_aj.bone.leg_right_0] run data modify entity @s {} merge value {transformation:[-0.8990420571932188f,0.4151751795183354f,-0.13911487954098548f,-0.41615395026456437f,0.25755708144200007f,0.24449278661173596f,-0.9348195692720105f,1.8861284562545477f,-0.3541012979316282f,-0.8762721310225189f,-0.3267406053682188f,-2.117002805664677f,0f,0f,0f,1f],start_interpolation:0}
execute if entity @s[tag=aj.heiloang_aj.bone.leg_left_3] run data modify entity @s {} merge value {transformation:[-0.9794347192519218f,0.04572110462025365f,-0.19651262380878412f,0.5111687584299428f,-0.026697640764221625f,0.9360520227253896f,0.3508473268094426f,0.7141422981120996f,0.19998716634207692f,0.3488784764699755f,-0.9155812044567404f,-1.8022246709060823f,0f,0f,0f,1f],start_interpolation:0}
execute if entity @s[tag=aj.heiloang_aj.bone.leg_left_2] run data modify entity @s {} merge value {transformation:[-0.9794347192519218f,-0.0642282765387664f,-0.19126515421468868f,0.48112953601884945f,-0.026697640764221625f,0.9808985385464754f,-0.19267924915520585f,1.3197995879934208f,0.19998716634207692f,-0.18361041792406266f,-0.9624408281698246f,-1.8684881060037353f,0f,0f,0f,1f],start_interpolation:0}
execute if entity @s[tag=aj.heiloang_aj.bone.leg_left_1] run data modify entity @s {} merge value {transformation:[-0.9833683418642315f,0.010713227653637067f,-0.1813061801826759f,0.6098686580914535f,0.09586554128846349f,0.8784887305338349f,-0.46804631001485464f,1.7160168658943165f,0.15426114939498395f,-0.47764293889713544f,-0.8649050356594336f,-1.2940440963530189f,0f,0f,0f,1f],start_interpolation:0}
execute if entity @s[tag=aj.heiloang_aj.bone.leg_left_0] run data modify entity @s {} merge value {transformation:[-0.9144333505796465f,-0.3867317881481911f,-0.11937408170697512f,0.28629082133177963f,0.04936027179120048f,0.18618096652666247f,-0.9812747888700172f,1.7876573325560194f,0.4017153356748781f,-0.9032027301436264f,-0.15116089886184142f,-1.9495603536667687f,0f,0f,0f,1f],start_interpolation:0}
execute if entity @s[tag=aj.heiloang_aj.bone.tail_4] run data modify entity @s {} merge value {transformation:[-1.5316782697538833f,-0.29629354999177776f,-0.2258897383342053f,-0.6141194454363634f,0.32139121028057077f,-0.5672462110881894f,-1.4351981708628805f,-1.8398860850779177f,0.18847740343557326f,-1.4405888490221759f,0.611583518544132f,-0.16302040553880215f,0f,0f,0f,1f],start_interpolation:0}
execute if entity @s[tag=aj.heiloang_aj.bone.tail_3] run data modify entity @s {} merge value {transformation:[-0.9658906729992304f,-0.20943626174244978f,-0.15228808252927167f,-0.4051475485593691f,0.23887463865897993f,-0.49359669650214233f,-0.8362423142891741f,-0.7095158818683027f,0.0999705697624855f,-0.8440964124254527f,0.5267894567204661f,-0.8449487759791912f,0f,0f,0f,1f],start_interpolation:0}
execute if entity @s[tag=aj.heiloang_aj.bone.tail_2] run data modify entity @s {} merge value {transformation:[-0.9631731424305472f,-0.2041551585741531f,-0.17498048156302343f,-0.2718677462426715f,0.26028730092061547f,-0.5447151782099198f,-0.7972050524220204f,-0.095256272127756f,0.06743899969547393f,-0.8133916927626553f,0.5777940251203503f,-1.3122221638751992f,0f,0f,0f,1f],start_interpolation:0}
execute if entity @s[tag=aj.heiloang_aj.bone.tail_1] run data modify entity @s {} merge value {transformation:[-0.9684482939988672f,-0.11769239279912212f,-0.21967339968212124f,-0.10218381959510031f,0.24788451948495677f,-0.5458585180562834f,-0.8003697540918886f,0.5210023173330169f,-0.02571316492374883f,-0.8295703580424119f,0.5578098728124026f,-1.762152967345559f,0f,0f,0f,1f],start_interpolation:0}
execute if entity @s[tag=aj.heiloang_aj.bone.tail_ring] run data modify entity @s {} merge value {transformation:[-0.9979603449666066f,0.054694052726053495f,-0.032919758057000995f,-0.10521829968077824f,0.016282257846964326f,-0.2805448763333018f,-0.9597027979757782f,0.37438472815343515f,-0.06172550488685167f,-0.958281343322269f,0.27908211889501466f,-1.7517678696075936f,0f,0f,0f,1f],start_interpolation:0}
execute if entity @s[tag=aj.heiloang_aj.bone.tail_0] run data modify entity @s {} merge value {transformation:[-0.9979603449666066f,0.054694052726053495f,-0.032919758057000995f,-0.06046857013986464f,0.016282257846964326f,-0.2805448763333018f,-0.9597027979757782f,1.7213328288076462f,-0.06172550488685167f,-0.958281343322269f,0.27908211889501466f,-2.119964116687994f,0f,0f,0f,1f],start_interpolation:0}
execute if entity @s[tag=aj.heiloang_aj.bone.body_1] run data modify entity @s {} merge value {transformation:[-0.9638259304602804f,0.24703356508501242f,-0.10006994300869582f,-0.004897038338081423f,0.13511243340386395f,0.12921009335563177f,-0.9823692697324746f,2.075436864121762f,-0.2297481362537269f,-0.9603536689659795f,-0.15791334456441944f,-2.131577052923491f,0f,0f,0f,1f],start_interpolation:0}