execute if entity @s[tag=aj.heiloang_aj.bone.head_lower] run data modify entity @s {} merge value {transformation:[-0.775466249623213f,0.11438362938905933f,-0.15990147286093023f,-0.4942893767322476f,0.030602799429497726f,0.712960426528229f,0.3615949375637934f,0.7223165118107968f,0.19420495452584743f,0.344389046766113f,-0.6954715091972795f,2.450979746080806f,0f,0f,0f,1f],start_interpolation:0}
execute if entity @s[tag=aj.heiloang_aj.bone.horne_right] run data modify entity @s {} merge value {transformation:[-0.6418053327844119f,-0.44237025081765047f,-0.17998465490429777f,-0.8106974737713435f,-0.47400345664793125f,0.5531815616830116f,0.3306219637286023f,1.2392142845326553f,-0.05836641067688561f,0.37188536003111694f,-0.7058998803649309f,2.5070116882167883f,0f,0f,0f,1f],start_interpolation:0}
execute if entity @s[tag=aj.heiloang_aj.bone.horne_left] run data modify entity @s {} merge value {transformation:[-0.5016620498322629f,0.6003671826086021f,-0.1670162680839846f,-0.1513960683416879f,0.5191289575725602f,0.5212319715429411f,0.3143602348438582f,1.2131957844576962f,0.3447322340131817f,0.08874952331177904f,-0.7164378611884027f,2.3418986358789127f,0f,0f,0f,1f],start_interpolation:0}
execute if entity @s[tag=aj.heiloang_aj.bone.head_upper] run data modify entity @s {} merge value {transformation:[-1.135883575791842f,0.15192521662704128f,-0.24464125408271856f,-0.5255700334595038f,0.04482621553434254f,1.0766256790295283f,0.4604670129934125f,0.9304293935240351f,0.2844665622655982f,0.43698740051291324f,-1.0494202681222426f,2.2959315372989133f,0f,0f,0f,1f],start_interpolation:0}
execute if entity @s[tag=aj.heiloang_aj.bone.neck_0] run data modify entity @s {} merge value {transformation:[-0.9929329920080875f,-0.06448732872398028f,-0.09962659191155727f,-0.5631541872501222f,-0.11811660571556538f,0.455566350461839f,0.8823308720548739f,1.2780724011293052f,-0.011512638103419627f,0.8878629876061543f,-0.4599638838028195f,2.0406042389622265f,0f,0f,0f,1f],start_interpolation:0}
execute if entity @s[tag=aj.heiloang_aj.bone.neck_1] run data modify entity @s {} merge value {transformation:[-0.994859809707159f,-0.07858035785304253f,-0.06386772572373736f,-0.5874063470665899f,-0.10123848979597228f,0.7583024746097581f,0.643993885983825f,1.5221878347989468f,-0.0021742155517730094f,0.6471495069614168f,-0.7623600123474011f,1.7709075476076945f,0f,0f,0f,1f],start_interpolation:0}
execute if entity @s[tag=aj.heiloang_aj.bone.neck_2] run data modify entity @s {} merge value {transformation:[-0.99387340900627f,-0.08565583448680765f,0.06984786960690728f,-0.5559117305492458f,-0.05826466106907713f,0.9430700322570814f,0.327450978818407f,1.6247686901881853f,-0.09391951948748706f,0.32137515815164674f,-0.9422829360559617f,1.3739879204812526f,0f,0f,0f,1f],start_interpolation:0}
execute if entity @s[tag=aj.heiloang_aj.bone.neck_3] run data modify entity @s {} merge value {transformation:[-0.9709111593546909f,0.03167291588387455f,0.2373359371017009f,-0.43385738234838844f,0.005911894170427049f,0.9940813611698764f,-0.10847717216983158f,1.5445588308278673f,-0.2393670197580427f,-0.10391859205194513f,-0.9653519337931085f,0.8769348133480968f,0f,0f,0f,1f],start_interpolation:0}
execute if entity @s[tag=aj.heiloang_aj.bone.wing_right_2] run data modify entity @s {} merge value {transformation:[-2.2481184946890456f,-0.6320862299577625f,-0.2828537396886374f,-4.59760152297952f,-0.5724551754548443f,2.2370016334867815f,-0.44910440901135756f,2.7092782443958727f,0.38965922580253143f,-0.36037022074008807f,-2.2916969690759115f,0.6177594914738405f,0f,0f,0f,1f],start_interpolation:0}
execute if entity @s[tag=aj.heiloang_aj.bone.wing_right_1] run data modify entity @s {} merge value {transformation:[-2.8779010786696864f,1.656247479692451f,-0.4021796119947618f,-2.707268975468782f,1.7042457752649582f,2.806242901998538f,-0.6385654902782971f,1.6031931102277008f,0.021224791716169204f,-0.7543631976012773f,-3.2584819237217473f,0.6534385395972403f,0f,0f,0f,1f],start_interpolation:0}
execute if entity @s[tag=aj.heiloang_aj.bone.wing_right_0] run data modify entity @s {} merge value {transformation:[-2.201534524090018f,-0.10192807424248636f,-0.2669389572935248f,-0.6617039923511652f,-0.049475809405452695f,2.1786040470528247f,-0.42383552287264425f,1.6458143675693273f,0.2814211852782432f,-0.41436104286753417f,-2.1627545035510427f,0.3743446003316571f,0f,0f,0f,1f],start_interpolation:0}
execute if entity @s[tag=aj.heiloang_aj.bone.wing_left_2] run data modify entity @s {} merge value {transformation:[-2.1181021811438523f,0.8239477309418751f,0.6069013867428512f,3.966980578718701f,0.7421410721727619f,2.1973372958284205f,-0.3930794368530569f,2.2851021037036747f,-0.7045890898594193f,-0.16246523122867726f,-2.2384671696082328f,1.4651088052055399f,0f,0f,0f,1f],start_interpolation:0}
execute if entity @s[tag=aj.heiloang_aj.bone.wing_left_1] run data modify entity @s {} merge value {transformation:[-3.0264546261951613f,-1.1327579725599326f,0.862931366960208f,1.9723773625001142f,-1.2945601360811736f,3.032978300592558f,-0.5589055869323283f,1.4460335753791105f,-0.5932159999118322f,-0.8397146995477625f,-3.1827963764136733f,1.1251434050440396f,0f,0f,0f,1f],start_interpolation:0}
execute if entity @s[tag=aj.heiloang_aj.bone.wing_left_0] run data modify entity @s {} merge value {transformation:[-2.122897892110658f,0.30603487446617483f,0.5727540443179754f,0.00240579345888009f,0.21393736731993404f,2.178306086058124f,-0.37096279908685265f,1.6420486547350048f,-0.6131356640551425f,-0.29954173507644877f,-2.1125196818990934f,0.5379158473600854f,0f,0f,0f,1f],start_interpolation:0}
execute if entity @s[tag=aj.heiloang_aj.bone.kazari_right] run data modify entity @s {} merge value {transformation:[-2.5760889708940664f,0.4813398412148708f,-0.19735186812756758f,-2.0113873950304524f,0.012784835972898949f,-0.9381089685801233f,-2.4549253144637486f,2.5248777809782528f,-0.5200695631964477f,-2.4073083950514174f,0.9172045186913741f,-3.5993795873012884f,0f,0f,0f,1f],start_interpolation:0}
execute if entity @s[tag=aj.heiloang_aj.bone.kazari_left] run data modify entity @s {} merge value {transformation:[-2.5760889708940664f,0.4813398412148708f,-0.19735186812756758f,2.962292635549828f,0.012784835972898949f,-0.9381089685801233f,-2.4549253144637486f,2.500193973822872f,-0.5200695631964477f,-2.4073083950514174f,0.9172045186913741f,-2.5952762235556466f,0f,0f,0f,1f],start_interpolation:0}
execute if entity @s[tag=aj.heiloang_aj.bone.ring] run data modify entity @s {} merge value {transformation:[-2.138977721058784f,-0.5258415078036858f,-0.034515261391821775f,-0.16558911006062565f,0.012128681173845168f,-0.19337238904172344f,2.1943988470725433f,3.259634432349399f,-0.52683345536439f,2.1304985598706865f,0.19065330440822337f,-0.18085566610596082f,0f,0f,0f,1f],start_interpolation:0}
execute if entity @s[tag=aj.heiloang_aj.bone.body_0] run data modify entity @s {} merge value {transformation:[-1.0957963988578967f,0.05456239037439517f,0.26439662203661163f,-0.17961899080051322f,0.006213512661841254f,1.1100769212190853f,-0.203329774442484f,1.4692907826932915f,-0.2698963142544557f,-0.19597078984140046f,-1.0781483223650035f,-0.15702222178431186f,0f,0f,0f,1f],start_interpolation:0}
execute if entity @s[tag=aj.heiloang_aj.bone.leg_right_3] run data modify entity @s {} merge value {transformation:[-0.9772752253673291f,0.00852836257794988f,0.21180274057475026f,-0.633758073455792f,0.16383793944452343f,0.6643871317890129f,0.7292097563196349f,-0.06472860639200462f,-0.1345000501182384f,0.7473399535317965f,-0.650686353301868f,-1.4976127649730462f,0f,0f,0f,1f],start_interpolation:0}
execute if entity @s[tag=aj.heiloang_aj.bone.leg_right_2] run data modify entity @s {} merge value {transformation:[-0.9772752253673291f,0.10119524373656172f,0.1862596481483142f,-0.5809999719414156f,0.16383793944452343f,0.9181372525818883f,0.3608062014710314f,0.4766461901638287f,-0.1345000501182384f,0.3831233588108139f,-0.9138524106504898f,-1.2214898523433273f,0f,0f,0f,1f],start_interpolation:0}
execute if entity @s[tag=aj.heiloang_aj.bone.leg_right_1] run data modify entity @s {} merge value {transformation:[-0.981277837740685f,-0.008605603797479558f,0.19240516817966843f,-0.7174126344486611f,0.04427841548278798f,0.9621618967319165f,0.26885666515742995f,0.35916509659202966f,-0.18743859549542966f,0.27234248302554925f,-0.9437671030811462f,-0.5350952200481214f,0f,0f,0f,1f],start_interpolation:0}
execute if entity @s[tag=aj.heiloang_aj.bone.leg_right_0] run data modify entity @s {} merge value {transformation:[-0.8242715672366534f,0.5499813148453218f,0.1345248555704194f,-0.27680752601807396f,0.4701295527619729f,0.7972244794362908f,-0.3786968880349592f,0.8990695236835169f,-0.3155227203626682f,-0.2489049672235289f,-0.9156919406800494f,-0.7672737818062788f,0f,0f,0f,1f],start_interpolation:0}
execute if entity @s[tag=aj.heiloang_aj.bone.leg_left_3] run data modify entity @s {} merge value {transformation:[-0.8873198172395736f,-0.4056903284292829f,0.21926901138298235f,0.8734380375945106f,-0.19585975633752756f,0.761996373664061f,0.6172523652204381f,-0.22629190451577386f,-0.4174955063007674f,0.504754280756252f,-0.7555928918914632f,-0.6281577948198868f,0f,0f,0f,1f],start_interpolation:0}
execute if entity @s[tag=aj.heiloang_aj.bone.leg_left_2] run data modify entity @s {} merge value {transformation:[-0.8873198172395736f,-0.25437509064700004f,0.38465160235238893f,0.7005841811038167f,-0.19585975633752756f,0.9630152045722756f,0.18504235085520998f,0.3506690602850411f,-0.4174955063007674f,0.08885397583084738f,-0.9043243185924599f,-0.531454434522542f,0f,0f,0f,1f],start_interpolation:0}
execute if entity @s[tag=aj.heiloang_aj.bone.leg_left_1] run data modify entity @s {} merge value {transformation:[-0.9116814379522497f,-0.07474229046868366f,0.40404275232803444f,0.409868908230816f,-0.06791660336633032f,0.997202358356027f,0.031221650762868036f,0.4035006399319848f,-0.4052459631884061f,0.0010229881098308136f,-0.9142071224918498f,0.1137131928373541f,0f,0f,0f,1f],start_interpolation:0}
execute if entity @s[tag=aj.heiloang_aj.bone.leg_left_0] run data modify entity @s {} merge value {transformation:[-0.9326091693495924f,-0.04192178144844466f,0.35844483743702077f,0.36974526593492835f,-0.2692090786116191f,0.7422923543358882f,-0.6136192082126889f,0.8946897205746954f,-0.24034685194141087f,-0.6687635044877023f,-0.7035543801492394f,-0.4309517655494359f,0f,0f,0f,1f],start_interpolation:0}
execute if entity @s[tag=aj.heiloang_aj.bone.tail_4] run data modify entity @s {} merge value {transformation:[-1.0004408804519913f,0.507089077467011f,-1.1076249707919072f,-0.3293202000172711f,-0.4271045389698232f,1.1962861376297889f,0.9334535625267341f,-0.23278654341638777f,1.1408567487636179f,0.8925326370033375f,-0.6218406020613719f,-3.9816371521798573f,0f,0f,0f,1f],start_interpolation:0}
execute if entity @s[tag=aj.heiloang_aj.bone.tail_3] run data modify entity @s {} merge value {transformation:[-0.8459827177192474f,0.13473337451845413f,-0.5159071225629916f,0.3565802649311744f,0.006091885178779691f,0.9699281349358688f,0.2433152317361074f,-0.583248678211809f,0.5331755154311986f,0.2026976340530322f,-0.8213632198327232f,-2.8893234625017765f,0f,0f,0f,1f],start_interpolation:0}
execute if entity @s[tag=aj.heiloang_aj.bone.tail_2] run data modify entity @s {} merge value {transformation:[-0.9817734427225266f,0.11642804817069885f,-0.15021789761516047f,0.4763280192039237f,0.13157354961387935f,0.9867299344689233f,-0.0951442981211082f,-0.4907231368802341f,0.13714703134505513f,-0.1131748471265398f,-0.9840640963733625f,-2.1208689794984354f,0f,0f,0f,1f],start_interpolation:0}
execute if entity @s[tag=aj.heiloang_aj.bone.tail_1] run data modify entity @s {} merge value {transformation:[-0.9834607661047081f,0.17435612758190916f,0.04903939546304947f,0.4409490936405593f,0.1291598377781879f,0.8649350789236357f,-0.48497942796831717f,-0.09711101318809967f,-0.12697502840264524f,-0.47062431941199645f,-0.8731495245031874f,-1.4464634340980784f,0f,0f,0f,1f],start_interpolation:0}
execute if entity @s[tag=aj.heiloang_aj.bone.tail_ring] run data modify entity @s {} merge value {transformation:[-0.8977776396621819f,0.3520421329361022f,0.26469160613891934f,0.4899058493827812f,0.022518654032191852f,0.6368598594382734f,-0.7706506534460612f,-0.18810708342772176f,-0.43987295886787525f,-0.6859124259510554f,-0.5796860563984252f,-1.5510422419388272f,0f,0f,0f,1f],start_interpolation:0}
execute if entity @s[tag=aj.heiloang_aj.bone.tail_0] run data modify entity @s {} merge value {transformation:[-0.8977776396621819f,0.3520421329361022f,0.26469160613891934f,0.1122033127209674f,0.022518654032191852f,0.6368598594382734f,-0.7706506534460612f,0.8740241697722492f,-0.43987295886787525f,-0.6859124259510554f,-0.5796860563984252f,-0.7257797411009705f,0f,0f,0f,1f],start_interpolation:0}
execute if entity @s[tag=aj.heiloang_aj.bone.body_1] run data modify entity @s {} merge value {transformation:[-0.8871364290741601f,0.28708309906567214f,0.36134782473455823f,0.008140855473690329f,0.006009536944803995f,0.7900927386330341f,-0.6129578695351428f,1.1453222592797663f,-0.46146813722645746f,-0.5416057224496444f,-0.7026452872783976f,-0.5155867943073715f,0f,0f,0f,1f],start_interpolation:0}