execute if entity @s[tag=aj.heiloang_aj.bone.head_lower] run data modify entity @s {} merge value {transformation:[-0.7973621524365462f,0.06367058076899998f,-0.012635466208112959f,0.24595357553145603f,0.03397289372059857f,0.5420236441013946f,0.5874148548745541f,3.17848648114894f,0.0553122080015527f,0.5849413871317221f,-0.5429402667572283f,0.5972196961502514f,0f,0f,0f,1f],start_interpolation:0}
execute if entity @s[tag=aj.heiloang_aj.bone.horne_right] run data modify entity @s {} merge value {transformation:[-0.6280434730867404f,-0.4938866055491469f,-0.040465006762462584f,-0.06633924407827432f,-0.41802981197072786f,0.4929563212246738f,0.4714288299079238f,3.6908172737737757f,-0.2661061296115944f,0.3912417235211215f,-0.6450716561432225f,0.6993339635415516f,0f,0f,0f,1f],start_interpolation:0}
execute if entity @s[tag=aj.heiloang_aj.bone.horne_left] run data modify entity @s {} merge value {transformation:[-0.5477106153564696f,0.5825240273875925f,-0.026054545514688957f,0.6115780579232772f,0.4681247011828404f,0.4605822224106914f,0.45686243065249377f,3.661933519532523f,0.3476670044285392f,0.29753953336551414f,-0.6561995733893146f,0.6523075242986315f,0f,0f,0f,1f],start_interpolation:0}
execute if entity @s[tag=aj.heiloang_aj.bone.head_upper] run data modify entity @s {} merge value {transformation:[-1.167956146835242f,0.08708649145252213f,-0.03816404690627852f,0.24752552740759978f,0.04976264539958978f,0.9606540787392179f,0.6692006668590066f,3.4142662788409646f,0.08101993947547437f,0.6653734262864686f,-0.9611847301113333f,0.4843710628649645f,0f,0f,0f,1f],start_interpolation:0}
execute if entity @s[tag=aj.heiloang_aj.bone.neck_0] run data modify entity @s {} merge value {transformation:[-0.9993156564958794f,0.002579018130460211f,-0.03689942205092099f,0.2323693312210952f,-0.026010769019004634f,0.6602719510231632f,0.7505760391773144f,3.691964836375575f,0.0262994026025161f,0.7510221696844565f,-0.6597530159576405f,0.15253667723071618f,0f,0f,0f,1f],start_interpolation:0}
execute if entity @s[tag=aj.heiloang_aj.bone.neck_1] run data modify entity @s {} merge value {transformation:[-0.9924508959820837f,0.12210901737092947f,-0.011428339383524791f,0.2297297897089175f,0.08511826864311316f,0.7528855285273743f,0.6526241347646093f,3.939157189282578f,0.08829552314561487f,0.6467246468248774f,-0.7575956255032629f,-0.11542934864563958f,0f,0f,0f,1f],start_interpolation:0}
execute if entity @s[tag=aj.heiloang_aj.bone.neck_2] run data modify entity @s {} merge value {transformation:[-0.9913718674007791f,-0.05795375040742577f,-0.11757203468514817f,0.183491125020609f,-0.06281667256221928f,0.9972982210397008f,0.038083119085219164f,3.92133735547334f,0.11504732145731528f,0.045140016889250845f,-0.9923338615106992f,-0.5236013376049624f,0f,0f,0f,1f],start_interpolation:0}
execute if entity @s[tag=aj.heiloang_aj.bone.neck_3] run data modify entity @s {} merge value {transformation:[-0.9991612892718394f,0.0069802073607469935f,-0.0403484166459656f,0.16244178495982212f,0.024192114311240312f,0.8956335496994882f,-0.44413431105674167f,3.669808963553566f,0.03303724603818158f,-0.44473792435309095f,-0.8950512382072422f,-0.9760204686165947f,0f,0f,0f,1f],start_interpolation:0}
execute if entity @s[tag=aj.heiloang_aj.bone.wing_right_2] run data modify entity @s {} merge value {transformation:[-1.7289480098792798f,1.3525206600893713f,-0.8455782929373813f,-4.172671173256985f,1.191946499522985f,0.2668170201887198f,-2.0103850940388317f,4.824115781755837f,-1.0599897771820195f,-1.906062052528729f,-0.8814335655627082f,-0.7478669483885592f,0f,0f,0f,1f],start_interpolation:0}
execute if entity @s[tag=aj.heiloang_aj.bone.wing_right_1] run data modify entity @s {} merge value {transformation:[-3.115464903900283f,-0.18862099232388566f,-1.2022975200508201f,-2.1146281287714386f,1.0179365435259238f,1.4071362386696997f,-2.8584946339073274f,4.201144186488056f,0.6670100440174013f,-3.0284663610443556f,-1.2532788492999725f,-1.1655027672731848f,0f,0f,0f,1f],start_interpolation:0}
execute if entity @s[tag=aj.heiloang_aj.bone.wing_right_0] run data modify entity @s {} merge value {transformation:[-2.0673166543183976f,0.13339793652190957f,-0.7980017802671129f,-0.19815971762819157f,0.7867273437824119f,0.8425106157099096f,-1.8972706578032505f,3.4541799185694995f,0.18884368489005865f,-2.049580652950209f,-0.8318396538572437f,-1.347819278352445f,0f,0f,0f,1f],start_interpolation:0}
execute if entity @s[tag=aj.heiloang_aj.bone.wing_left_2] run data modify entity @s {} merge value {transformation:[-1.7166344816108612f,-1.0324538067841649f,1.2331995782202099f,4.10549156178297f,-1.5189154437569956f,0.4476718677928901f,-1.7395579265503984f,5.5163619423700165f,0.5288080347178047f,-2.065721433776762f,-0.9933443646461092f,-0.5953742585324621f,0f,0f,0f,1f],start_interpolation:0}
execute if entity @s[tag=aj.heiloang_aj.bone.wing_left_1] run data modify entity @s {} merge value {transformation:[-2.8177581670687344f,-0.4158095562249596f,1.753442356557365f,2.233977236601082f,-1.7484918136099092f,1.4185247705358626f,-2.4734151746149107f,4.409223959395453f,-0.4361582998827084f,-3.0003514229550152f,-1.41240081036342f,-0.8594463622754488f,0f,0f,0f,1f],start_interpolation:0}
execute if entity @s[tag=aj.heiloang_aj.bone.wing_left_0] run data modify entity @s {} merge value {transformation:[-1.8901952926516472f,-0.03316354456213316f,1.1638135310047f,0.48518639573493433f,-1.0298014571053127f,1.0829545204202786f,-1.6416815969136824f,3.4382189220910857f,-0.5432041187079933f,-1.937655719165136f,-0.9374537852104033f,-1.372209378786348f,0f,0f,0f,1f],start_interpolation:0}
execute if entity @s[tag=aj.heiloang_aj.bone.kazari_right] run data modify entity @s {} merge value {transformation:[-2.494301693454407f,-0.8274422422131369f,-0.02585703749516039f,-2.889220054856434f,0.3611907370158971f,-1.0138761284134836f,-2.3975960119009727f,3.37341517365445f,0.7448963029043998f,-2.279092960059075f,1.0759809319336358f,-4.196108774821724f,0f,0f,0f,1f],start_interpolation:0}
execute if entity @s[tag=aj.heiloang_aj.bone.kazari_left] run data modify entity @s {} merge value {transformation:[-2.494301693454407f,-0.8274422422131369f,-0.02585703749516039f,1.926552483726011f,0.3611907370158971f,-1.0138761284134836f,-2.3975960119009727f,2.676060704836139f,0.7448963029043998f,-2.279092960059075f,1.0759809319336358f,-5.634287311536962f,0f,0f,0f,1f],start_interpolation:0}
execute if entity @s[tag=aj.heiloang_aj.bone.ring] run data modify entity @s {} merge value {transformation:[-2.200934459161718f,0.09160491487705702f,0.02055071358641456f,0.10538853094780379f,0.05140748804293224f,0.7724494243697404f,2.0624270757406196f,4.610569882808996f,0.07855611008482724f,2.0610329235956555f,-0.773885334663422f,-2.8045511915202224f,0f,0f,0f,1f],start_interpolation:0}
execute if entity @s[tag=aj.heiloang_aj.bone.body_0] run data modify entity @s {} merge value {transformation:[-1.1275367811114207f,-0.01669045435243237f,-0.04510667258931056f,0.1182975978770961f,0.02633601075746193f,0.6713863662378616f,-0.9067519714370499f,2.887505991860806f,0.0402442258709587f,-0.9069807891576884f,-0.6703869228442767f,-1.7008811038659664f,0f,0f,0f,1f],start_interpolation:0}
execute if entity @s[tag=aj.heiloang_aj.bone.leg_right_3] run data modify entity @s {} merge value {transformation:[-0.9424051867284507f,0.3183010741656235f,0.10274672847504047f,-0.8549549608433238f,0.3034201805754618f,0.942836376271595f,-0.13782511236564016f,1.1901805444493863f,-0.1407432344621496f,-0.09871166984737617f,-0.9851128606353058f,-1.5743783551288448f,0f,0f,0f,1f],start_interpolation:0}
execute if entity @s[tag=aj.heiloang_aj.bone.leg_right_2] run data modify entity @s {} merge value {transformation:[-0.9424051867284507f,0.3344095049993506f,-0.006538118491029518f,-0.6512638729661238f,0.3034201805754618f,0.8465215084922928f,-0.4374214554402735f,1.725658149729862f,-0.1407432344621496f,-0.4142120454863938f,-0.8992328526733833f,-1.7838720912234605f,0f,0f,0f,1f],start_interpolation:0}
execute if entity @s[tag=aj.heiloang_aj.bone.leg_right_1] run data modify entity @s {} merge value {transformation:[-0.9770818241773442f,0.20872465993312253f,0.04177469566705759f,-0.6650718172184706f,0.18026425343325492f,0.9157244065061743f,-0.35910111426040725f,2.047795940616475f,-0.11320736635230108f,-0.3433406874588522f,-0.9323632685487235f,-1.151745207250765f,0f,0f,0f,1f],start_interpolation:0}
execute if entity @s[tag=aj.heiloang_aj.bone.leg_right_0] run data modify entity @s {} merge value {transformation:[-0.8996116485840606f,0.4177578938856133f,-0.127189715889788f,-0.33598557439020754f,0.2635993628988924f,0.2872786233898578f,-0.9208617531543626f,2.186068636228172f,-0.34815838006741456f,-0.861945087949044f,-0.3685599106649403f,-1.793710504550904f,0f,0f,0f,1f],start_interpolation:0}
execute if entity @s[tag=aj.heiloang_aj.bone.leg_left_3] run data modify entity @s {} merge value {transformation:[-0.9802684751260221f,0.03365787126210493f,-0.19478414816459405f,0.6018895697579286f,-0.04568393629793255f,0.9201442895942363f,0.3889054696085473f,1.0110145557853043f,0.19231925186634188f,0.39013027827793895f,-0.9004508156097969f,-1.5250055416570405f,0f,0f,0f,1f],start_interpolation:0}
execute if entity @s[tag=aj.heiloang_aj.bone.leg_left_2] run data modify entity @s {} merge value {transformation:[-0.9802684751260221f,-0.07358899431952946f,-0.1834621938960265f,0.5657891808933568f,-0.04568393629793255f,0.987334094599058f,-0.15193539287007857f,1.6186636570223514f,0.19231925186634188f,-0.14055620070739966f,-0.9712143222812727f,-1.5646701630472204f,0f,0f,0f,1f],start_interpolation:0}
execute if entity @s[tag=aj.heiloang_aj.bone.leg_left_1] run data modify entity @s {} merge value {transformation:[-0.98523627947925f,0.004190744683425951f,-0.1711487985843991f,0.6868713033827146f,0.07873275024514641f,0.8988024264851736f,-0.4312254076271476f,1.9904240475368442f,0.1520217998733086f,-0.43833393184119607f,-0.8858627075116762f,-0.9724867921722888f,0f,0f,0f,1f],start_interpolation:0}
execute if entity @s[tag=aj.heiloang_aj.bone.leg_left_0] run data modify entity @s {} merge value {transformation:[-0.9172848474385533f,-0.3833070137301001f,-0.10800111983188995f,0.36645919720613634f,0.022056089307278724f,0.2218855414351747f,-0.9748232329127619f,2.0875975125296438f,0.39762046927201683f,-0.8965726628262386f,-0.19507799129724776f,-1.6262680525529956f,0f,0f,0f,1f],start_interpolation:0}
execute if entity @s[tag=aj.heiloang_aj.bone.tail_4] run data modify entity @s {} merge value {transformation:[-1.570164621274062f,0.13361554327122246f,0.03980342175355121f,-0.24525808531603835f,0.019558482254693754f,0.6566949587397344f,-1.4329073803373984f,-1.8588824002619662f,-0.13803945652909466f,-1.426798157221206f,-0.6557793002824942f,-3.1426447272589666f,0f,0f,0f,1f],start_interpolation:0}
execute if entity @s[tag=aj.heiloang_aj.bone.tail_3] run data modify entity @s {} merge value {transformation:[-0.9958252076759732f,0.08113262312461494f,-0.04182885633177308f,-0.1914789094863158f,0.0727334144449823f,0.42838519738606734f,-0.9006641844126337f,-0.6664876909994517f,-0.055154384959668804f,-0.8999464540323606f,-0.4324978308550245f,-2.5412006234805355f,0f,0f,0f,1f],start_interpolation:0}
execute if entity @s[tag=aj.heiloang_aj.bone.tail_2] run data modify entity @s {} merge value {transformation:[-0.9919464915790625f,0.09424613557488204f,-0.08461574187578756f,-0.12350290670062103f,0.11453928754852255f,0.3823231459356901f,-0.9169022650695733f,0.05843182642626921f,-0.054063938553029975f,-0.9192098117465013f,-0.3900389884833263f,-2.2525940587587f,0f,0f,0f,1f],start_interpolation:0}
execute if entity @s[tag=aj.heiloang_aj.bone.tail_1] run data modify entity @s {} merge value {transformation:[-0.9786234260206972f,0.17739663775852824f,-0.10405105936742036f,-0.039192492073016054f,0.161115460564838f,0.34685262890608515f,-0.92397784723873f,0.7863651391982205f,-0.1278201799814608f,-0.9209906007842357f,-0.3680194490194777f,-1.9805465296385525f,0f,0f,0f,1f],start_interpolation:0}
execute if entity @s[tag=aj.heiloang_aj.bone.tail_ring] run data modify entity @s {} merge value {transformation:[-0.9854609149391544f,0.16318758973686295f,-0.04729265992897537f,-0.040927538904070485f,0.07055301524803488f,0.13982813420028983f,-0.9876590327261106f,0.648767898334955f,-0.15456085263317798f,-0.9766360137952825f,-0.14930853757024756f,-2.0322936522692894f,0f,0f,0f,1f],start_interpolation:0}
execute if entity @s[tag=aj.heiloang_aj.bone.tail_0] run data modify entity @s {} merge value {transformation:[-0.9854609149391544f,0.16318758973686295f,-0.04729265992897537f,0.021448150176123615f,0.07055301524803488f,0.13982813420028983f,-0.9876590327261106f,2.0252692096726355f,-0.15456085263317798f,-0.9766360137952825f,-0.14930853757024756f,-1.801656244610689f,0f,0f,0f,1f],start_interpolation:0}
execute if entity @s[tag=aj.heiloang_aj.bone.body_1] run data modify entity @s {} merge value {transformation:[-0.9638259304602803f,0.2513590464202309f,-0.08864652026496517f,0.07330886986504354f,0.13511243340386386f,0.17408360620053226f,-0.9754176174295318f,2.380098739121762f,-0.22974813625372695f,-0.9521100397721528f,-0.2017480261440213f,-1.797275143743804f,0f,0f,0f,1f],start_interpolation:0}