execute if entity @s[tag=aj.tutankhamen.bone.head] run data modify entity @s {} merge value {transformation:[-0.8351018625481704f,0.14788958274908406f,-0.5298429488847409f,0.03750045472337977f,-0.0832206754337762f,0.9181328687227863f,0.3874356134265575f,1.6107966774638167f,0.5437639178438769f,0.36764209047002305f,-0.7544269977710958f,0.13387139355263689f,0f,0f,0f,1f],start_interpolation:0}
execute if entity @s[tag=aj.tutankhamen.bone.back_cape] run data modify entity @s {} merge value {transformation:[-0.9629332641078455f,0.19704302176429137f,-0.18421068494690304f,-0.0037756526955130196f,0f,0.6829200732464162f,0.7304931030181665f,1.6423931731406975f,0.2697397428533848f,0.7034161080975517f,-0.6576064552559406f,-0.013478553570817703f,0f,0f,0f,1f],start_interpolation:0}
execute if entity @s[tag=aj.tutankhamen.bone.left_hand] run data modify entity @s {} merge value {transformation:[-0.9154376522058936f,0.21619042988942672f,-0.3394636990135862f,0.37192283865236275f,0.20557579118749958f,0.976317715366612f,0.06739668195803598f,1.2143178128699403f,0.34599494071647247f,-0.008088058206021431f,-0.9382015158339178f,-0.11373618830809687f,0f,0f,0f,1f],start_interpolation:0}
execute if entity @s[tag=aj.tutankhamen.bone.cape_left_back] run data modify entity @s {} merge value {transformation:[-0.9478683763813148f,-0.07882677004395332f,-0.30875861345181627f,0.29738723684990664f,-0.14349778882746106f,0.9707075969366608f,0.19270481532925648f,1.3543589084846321f,0.2845240335329861f,0.2269649787387719f,-0.9314145010510784f,-0.12715652635483676f,0f,0f,0f,1f],start_interpolation:0}
execute if entity @s[tag=aj.tutankhamen.bone.cape_left_side] run data modify entity @s {} merge value {transformation:[-0.9478683763813148f,-0.07882677004395332f,-0.30875861345181627f,0.48408649734096415f,-0.14349778882746106f,0.9707075969366608f,0.19270481532925648f,1.3526923360727658f,0.2845240335329861f,0.2269649787387719f,-0.9314145010510784f,-0.05518659396298104f,0f,0f,0f,1f],start_interpolation:0}
execute if entity @s[tag=aj.tutankhamen.bone.left_arm] run data modify entity @s {} merge value {transformation:[-0.9321322864035279f,-0.18920232362062472f,-0.30875861345181627f,0.2859129836107888f,-0.2561016301422451f,0.9472469631449878f,0.19270481532925648f,1.4958401698462787f,0.25601046010391143f,0.2586999643392989f,-0.9314145010510784f,0.0005102049764488248f,0f,0f,0f,1f],start_interpolation:0}
execute if entity @s[tag=aj.tutankhamen.bone.cape_right_back] run data modify entity @s {} merge value {transformation:[-0.791576891046909f,0.5858680125003531f,0.17367987070871535f,-0.330517359847199f,0.5342790444075747f,0.8014994567775967f,-0.2685973259214368f,1.2861170730351466f,-0.29656690352674053f,-0.11982192084132065f,-0.9474654500394499f,0.09957665117569328f,0f,0f,0f,1f],start_interpolation:0}
execute if entity @s[tag=aj.tutankhamen.bone.cape_right] run data modify entity @s {} merge value {transformation:[-0.791576891046909f,0.5858680125003531f,0.17367987070871535f,-0.49762121675045734f,0.5342790444075747f,0.8014994567775967f,-0.2685973259214368f,1.4367475052041894f,-0.29656690352674053f,-0.11982192084132065f,-0.9474654500394499f,0.29010443500950256f,0f,0f,0f,1f],start_interpolation:0}
execute if entity @s[tag=aj.tutankhamen.bone.weapon] run data modify entity @s {} merge value {transformation:[-1.5446753729644649f,0.0940922934157083f,0.5288783471536471f,-0.5737623530109566f,0.3993095018516866f,1.278161503080386f,0.9388518346285306f,0.939315290544307f,-0.35932935797003784f,1.015892457878378f,-1.2302164850699162f,0.28735042403198396f,0f,0f,0f,1f],start_interpolation:0}
execute if entity @s[tag=aj.tutankhamen.bone.right_hand] run data modify entity @s {} merge value {transformation:[-0.8477861636960239f,0.5064828227566203f,0.1572697392954676f,-0.40983442901836353f,0.45929862778572034f,0.8494586696450053f,-0.2597397525968874f,1.2277501707650793f,-0.26514786659472256f,-0.14796999296284324f,-0.9527861722458211f,0.16754896145965584f,0f,0f,0f,1f],start_interpolation:0}
execute if entity @s[tag=aj.tutankhamen.bone.right_arm] run data modify entity @s {} merge value {transformation:[-0.8812859721323284f,0.4395114763386511f,0.17367987070871535f,-0.24404215295728454f,0.38698322513406924f,0.8820994614966545f,-0.2685973259214368f,1.4958401698462787f,-0.2712545276813111f,-0.16949985897909042f,-0.9474654500394499f,0.1489628211545234f,0f,0f,0f,1f],start_interpolation:0}
execute if entity @s[tag=aj.tutankhamen.bone.body] run data modify entity @s {} merge value {transformation:[-0.9629332641078455f,0.05454611596127966f,-0.2641670874809139f,-0.04090958697095974f,0f,0.9793406217655515f,0.20221757233203796f,0.20299453367583642f,0.2697397428533848f,0.19472202698565366f,-0.9430396615901095f,-0.14604152023924025f,0f,0f,0f,1f],start_interpolation:0}
execute if entity @s[tag=aj.tutankhamen.bone.left_foot] run data modify entity @s {} merge value {transformation:[-0.8319792454906474f,-0.08328977865985306f,-0.5485192319724128f,0.14719681127555415f,-0.14578835576914018f,0.9867434477210639f,0.07129602865292149f,0.4445513098326488f,0.5353095276519404f,0.13928453306214686f,-0.8330927490110066f,-0.11930563224578623f,0f,0f,0f,1f],start_interpolation:0}
execute if entity @s[tag=aj.tutankhamen.bone.left_leg] run data modify entity @s {} merge value {transformation:[-0.8319792454906474f,-0.09781043362475172f,-0.5461168868904815f,0.07840539514314254f,-0.14578835576914018f,0.9882874297667873f,0.04509669042277652f,0.8723711742378326f,0.5353095276519404f,0.11713699346959174f,-0.8364942524404823f,-0.05132977486371672f,0f,0f,0f,1f],start_interpolation:0}
execute if entity @s[tag=aj.tutankhamen.bone.right_foot] run data modify entity @s {} merge value {transformation:[-0.8112492910886043f,-0.05178927182290356f,-0.5824023171591013f,-0.03600093915397412f,0.33690045657581785f,0.7726983713999864f,-0.5379919229828769f,0.5975208795033522f,0.4778835319063028f,-0.6326571726929693f,-0.609403176700693f,0.3861793127981915f,0f,0f,0f,1f],start_interpolation:0}
execute if entity @s[tag=aj.tutankhamen.bone.right_leg] run data modify entity @s {} merge value {transformation:[-0.8112492910886043f,-0.15487084876728527f,-0.5638169986000223f,-0.07840539514314254f,0.33690045657581785f,0.6643110526327075f,-0.6672247804968197f,0.8776288257621674f,0.4778835319063028f,-0.7312358344283494f,-0.4867458108506259f,0.05132977486371672f,0f,0f,0f,1f],start_interpolation:0}