execute if entity @s[tag=aj.tutankhamen.bone.head] run data modify entity @s {} merge value {transformation:[-0.5746967115268842f,-0.12640729343972276f,0.8085449189287067f,0.0037752717405452785f,-0.04384447782114032f,0.9913354865052978f,0.12382089872027303f,1.6249870580067882f,-0.81719113524608f,0.03570923354747889f,-0.5752595058881468f,-0.0018821255154636352f,0f,0f,0f,1f],start_interpolation:0}
execute if entity @s[tag=aj.tutankhamen.bone.back_cape] run data modify entity @s {} merge value {transformation:[-0.4461682821529082f,-0.8910481513619747f,0.08346889214030635f,0.1436084338377426f,0f,0.09326663782102178f,0.9956411674240686f,1.6240283260303578f,-0.8949490845856668f,0.4442235093103128f,-0.04161261557878275f,-0.07159460725938306f,0f,0f,0f,1f],start_interpolation:0}
execute if entity @s[tag=aj.tutankhamen.bone.left_hand] run data modify entity @s {} merge value {transformation:[-0.20273296395942642f,0.9762469050045612f,0.07642856660464634f,-0.138067993018043f,-0.2709513108954004f,0.01907754563552043f,-0.9624039870951226f,1.4780498722508657f,-0.9410019832329206f,-0.21581943314154922f,0.26064773129680296f,0.3334007877775172f,0f,0f,0f,1f],start_interpolation:0}
execute if entity @s[tag=aj.tutankhamen.bone.cape_left_back] run data modify entity @s {} merge value {transformation:[-0.913543434686362f,0.3994960164359632f,0.07642856660464634f,-0.13005925715491645f,-0.17233019815077183f,-0.2099544436984533f,-0.9624039870951226f,1.4276736701145443f,-0.3684300418624408f,-0.8923687939540857f,0.26064773129680296f,0.38483283339810653f,0f,0f,0f,1f],start_interpolation:0}
execute if entity @s[tag=aj.tutankhamen.bone.cape_left_side] run data modify entity @s {} merge value {transformation:[-0.913543434686362f,0.3994960164359632f,0.07642856660464634f,0.003128333689246837f,-0.17233019815077183f,-0.2099544436984533f,-0.9624039870951226f,1.5749007619624926f,-0.3684300418624408f,-0.8923687939540857f,0.26064773129680296f,0.40981906102701254f,0f,0f,0f,1f],start_interpolation:0}
execute if entity @s[tag=aj.tutankhamen.bone.left_arm] run data modify entity @s {} merge value {transformation:[-0.1887355863217161f,0.9790493106389264f,0.07642856660464634f,0.15888397472392546f,-0.27065041462007156f,0.02295470952538183f,-0.9624039870951226f,1.4997630199624767f,-0.9439953556674849f,-0.20232530402312066f,0.26064773129680296f,0.22826830425820177f,0f,0f,0f,1f],start_interpolation:0}
execute if entity @s[tag=aj.tutankhamen.bone.cape_right_back] run data modify entity @s {} merge value {transformation:[-0.08921912126595355f,0.9959953121158814f,0.005769457835804806f,-0.3176402242763481f,0.004984557063384602f,0.006238976827866807f,-0.9999681141711586f,1.4096641179732843f,-0.9959995494935794f,-0.08918751824851606f,-0.005521231498286094f,-0.14478924006568714f,0f,0f,0f,1f],start_interpolation:0}
execute if entity @s[tag=aj.tutankhamen.bone.cape_right] run data modify entity @s {} merge value {transformation:[-0.08921912126595355f,0.9959953121158814f,0.005769457835804806f,-0.3330230764331045f,0.004984557063384602f,0.006238976827866807f,-0.9999681141711586f,1.6604349835572279f,-0.9959995494935794f,-0.08918751824851606f,-0.005521231498286094f,-0.2990338617994874f,0f,0f,0f,1f],start_interpolation:0}
execute if entity @s[tag=aj.tutankhamen.bone.weapon] run data modify entity @s {} merge value {transformation:[-1.1811565155909909f,-0.07373577065756276f,1.1287249423192511f,-0.9705687152353475f,-0.11408373229257283f,1.631382379233831f,-0.012810478627880097f,1.5388995331221658f,-1.1253629909119356f,-0.08799001342205894f,-1.1833864837130939f,0.27981164703843975f,0f,0f,0f,1f],start_interpolation:0}
execute if entity @s[tag=aj.tutankhamen.bone.right_hand] run data modify entity @s {} merge value {transformation:[-0.7202879399116502f,0.691973915473639f,0.04855289818241729f,-0.36984430869829904f,-0.05962095406058779f,0.007978226572267398f,-0.998189205380256f,1.4717689409549584f,-0.6911082588529358f,-0.7218784164974339f,0.03550952464369202f,-0.12740760732986608f,0f,0f,0f,1f],start_interpolation:0}
execute if entity @s[tag=aj.tutankhamen.bone.right_arm] run data modify entity @s {} merge value {transformation:[-0.5390377812476452f,0.8422618261229086f,0.005769457835804806f,-0.08666697020033835f,0.001540517215544157f,0.007835652345874487f,-0.9999681141711586f,1.4997630199624767f,-0.8422801773723068f,-0.5390117056320929f,-0.005521231498286094f,-0.26427139918894293f,0f,0f,0f,1f],start_interpolation:0}
execute if entity @s[tag=aj.tutankhamen.bone.body] run data modify entity @s {} merge value {transformation:[-0.4461682821529082f,0.005491304349884042f,0.894932237422063f,-0.0041184782624130315f,0f,0.9999811752826011f,-0.006135884649154474f,0.1875141185380491f,-0.8949490845856668f,-0.002737637113401651f,-0.4461598831610844f,0.0020532278350512386f,0f,0f,0f,1f],start_interpolation:0}
execute if entity @s[tag=aj.tutankhamen.bone.left_foot] run data modify entity @s {} merge value {transformation:[-0.7064065636679716f,0.12362330767343672f,0.6969268574295918f,-0.032100643814993834f,-0.4816470834424277f,0.637548115778024f,-0.6012890212529199f,0.6703517401663434f,-0.5186577424643453f,-0.7604272995282129f,-0.39082536805332724f,0.4507383121177637f,0f,0f,0f,1f],start_interpolation:0}
execute if entity @s[tag=aj.tutankhamen.bone.left_leg] run data modify entity @s {} merge value {transformation:[-0.7064065636679716f,0.24548296762306643f,0.6638733911023851f,0.053222949405473605f,-0.4816470834424277f,0.520570070209055f,-0.7049985028451782f,0.8830496745252291f,-0.5186577424643453f,-0.817768252385425f,-0.2494979590543313f,0.07675664724712952f,0f,0f,0f,1f],start_interpolation:0}
execute if entity @s[tag=aj.tutankhamen.bone.right_foot] run data modify entity @s {} merge value {transformation:[-0.5365797243015861f,-0.2491363308791552f,0.8062340157203154f,-0.3767328726017693f,0.3096747417675346f,0.830627048843019f,0.46277452397636143f,0.5785771777200076f,-0.7849737280824403f,0.497985737111425f,-0.3685464039357137f,-0.009191347369630787f,0f,0f,0f,1f],start_interpolation:0}
execute if entity @s[tag=aj.tutankhamen.bone.right_leg] run data modify entity @s {} merge value {transformation:[-0.5365797243015861f,0.7011241298557054f,0.46958189275408996f,-0.053222949405473605f,0.3096747417675346f,0.6812582478514257f,-0.6633164810598454f,0.8669503254747709f,-0.7849737280824403f,-0.2105045231544571f,-0.5826697966703527f,-0.07675664724712952f,0f,0f,0f,1f],start_interpolation:0}