execute if entity @s[tag=aj.tutankhamen.bone.head] run data modify entity @s {} merge value {transformation:[0.9668126287689127f,0.2035923401379071f,-0.1543486309952744f,0.0427627743973075f,-0.1861785560425399f,0.975150972505684f,0.12007550162765795f,1.6232686883381857f,0.17495966998957052f,-0.08735410613353886f,0.9806928030829791f,-0.023428641035478558f,0f,0f,0f,1f],start_interpolation:0}
execute if entity @s[tag=aj.tutankhamen.bone.back_cape] run data modify entity @s {} merge value {transformation:[0.4804870777280257f,0.7363115888000984f,0.4764214650234149f,-0.09392367522332776f,3.469446951953614e-18f,-0.5432388640904404f,0.8395781896534285f,1.63435054962279f,0.8770018062332495f,-0.40340647087076204f,-0.26101925431510786f,0.05145840284111146f,0f,0f,0f,1f],start_interpolation:0}
execute if entity @s[tag=aj.tutankhamen.bone.left_hand] run data modify entity @s {} merge value {transformation:[0.55802471370172f,-0.6215734941345966f,-0.5497770550754385f,-0.002817494647317037f,-0.14056010587031773f,0.582148308404413f,-0.800840935304637f,1.3201660487070745f,0.8178332810150479f,0.524165754710463f,0.23748470698757101f,-0.468384391120563f,0f,0f,0f,1f],start_interpolation:0}
execute if entity @s[tag=aj.tutankhamen.bone.cape_left_back] run data modify entity @s {} merge value {transformation:[0.5313270323719006f,-0.6512422608896773f,-0.5418257121087652f,-0.1014024766211748f,-0.11658624040945632f,0.5772783922931478f,-0.8081814810663673f,1.3481683520734693f,0.8391062109280669f,0.49257809068485775f,0.2307977282366583f,-0.3309694122599953f,0f,0f,0f,1f],start_interpolation:0}
execute if entity @s[tag=aj.tutankhamen.bone.cape_left_side] run data modify entity @s {} merge value {transformation:[0.5313270323719006f,-0.6512422608896773f,-0.5418257121087652f,-0.11669411141568863f,-0.11658624040945632f,0.5772783922931478f,-0.8081814810663673f,1.4674076372707427f,0.8391062109280669f,0.49257809068485775f,0.2307977282366583f,-0.49092947374708806f,0f,0f,0f,1f],start_interpolation:0}
execute if entity @s[tag=aj.tutankhamen.bone.left_arm] run data modify entity @s {} merge value {transformation:[0.6540129185990085f,-0.5279128716023469f,-0.5418257121087652f,-0.12950809979223415f,-0.23292910439574302f,0.54091286358042f,-0.8081814810663673f,1.5012002986729986f,0.7197299039438362f,0.6547681070499647f,0.2307977282366583f,-0.24281652566184458f,0f,0f,0f,1f],start_interpolation:0}
execute if entity @s[tag=aj.tutankhamen.bone.cape_right_back] run data modify entity @s {} merge value {transformation:[-0.8915932325859488f,-0.3601225440759538f,-0.27454191092654745f,0.33594495386489975f,0.2563131462749737f,0.09847400862446114f,-0.96156457956398f,1.3529951370781892f,0.3733163251902623f,-0.9276931728075251f,0.004505382641475819f,0.41338161071024043f,0f,0f,0f,1f],start_interpolation:0}
execute if entity @s[tag=aj.tutankhamen.bone.cape_right] run data modify entity @s {} merge value {transformation:[-0.8915932325859488f,-0.3601225440759538f,-0.27454191092654745f,0.2652689890049821f,0.2563131462749737f,0.09847400862446114f,-0.96156457956398f,1.6334352110746488f,0.3733163251902623f,-0.9276931728075251f,0.004505382641475819f,0.47058594086085f,0f,0f,0f,1f],start_interpolation:0}
execute if entity @s[tag=aj.tutankhamen.bone.weapon] run data modify entity @s {} merge value {transformation:[1.5411576222935197f,0.5471787165390175f,-0.004038443314946707f,0.6620215630234814f,-0.5167292268158014f,1.451344652453906f,-0.5487962094975748f,1.4524730986226355f,-0.1800326720682648f,0.5184417282311239f,1.5405823850180154f,0.09199970443244082f,0f,0f,0f,1f],start_interpolation:0}
execute if entity @s[tag=aj.tutankhamen.bone.right_hand] run data modify entity @s {} merge value {transformation:[0.2901683791594256f,-0.8925065739552036f,-0.34530323946168817f,0.3763539667765051f,-0.3030397771055292f,0.2565628551745114f,-0.9177921305156925f,1.406486881093145f,0.9077274950269067f,0.37095487163730184f,-0.19601856539810195f,0.419981264870319f,0f,0f,0f,1f],start_interpolation:0}
execute if entity @s[tag=aj.tutankhamen.bone.right_arm] run data modify entity @s {} merge value {transformation:[-0.45151773204413503f,-0.8489749565178704f,-0.27454191092654745f,0.13493036587077345f,0.13304938878231637f,0.2401903817237454f,-0.96156457956398f,1.5012002986729986f,0.8822865735090684f,-0.4706910916226069f,0.004505382641475819f,0.2398458034076555f,0f,0f,0f,1f],start_interpolation:0}
execute if entity @s[tag=aj.tutankhamen.bone.body] run data modify entity @s {} merge value {transformation:[0.4804870777280257f,0.06220039912335636f,-0.8747932775720657f,-0.04665029934251727f,3.469446951953614e-18f,0.9974817284919065f,0.07092391222146857f,0.18938870363107008f,0.8770018062332495f,-0.03407802332433245f,0.47927708081017617f,0.025558517493249337f,0f,0f,0f,1f],start_interpolation:0}
execute if entity @s[tag=aj.tutankhamen.bone.left_foot] run data modify entity @s {} merge value {transformation:[0.5975901778517438f,-0.17739062189505408f,-0.7819325716446446f,0.04638064488054189f,-0.5240001318605723f,0.6517420168832286f,-0.5483212609767053f,0.6708700527764576f,0.6068853607933082f,0.737404170514832f,0.29652191851886567f,-0.4223209399160221f,0f,0f,0f,1f],start_interpolation:0}
execute if entity @s[tag=aj.tutankhamen.bone.left_leg] run data modify entity @s {} merge value {transformation:[0.5975901778517438f,-0.2907583189244919f,-0.7472252533950687f,-0.06215142659105631f,-0.5240001318605723f,0.5637590411173903f,-0.6384352789190957f,0.9011396291446729f,0.6068853607933082f,0.7730687831846557f,0.18453946819087785f,-0.06513817974794434f,0f,0f,0f,1f],start_interpolation:0}
execute if entity @s[tag=aj.tutankhamen.bone.right_foot] run data modify entity @s {} merge value {transformation:[0.7381049777241149f,0.5685491393839457f,-0.3632532421942832f,0.2097353017383357f,-0.2524149884343713f,0.7320052013012767f,0.6328151854068876f,0.5240752389448854f,0.6256897917279456f,-0.3753934754010146f,0.6838070072423853f,-0.19004103254496407f,0f,0f,0f,1f],start_interpolation:0}
execute if entity @s[tag=aj.tutankhamen.bone.right_leg] run data modify entity @s {} merge value {transformation:[0.7381049777241149f,-0.28461278764205894f,-0.6117161130536779f,0.06215142659105631f,-0.2524149884343713f,0.7243363737642687f,-0.6415789049335285f,0.8488603708553271f,0.6256897917279456f,0.6279588989357867f,0.4627957495210973f,0.06513817974794434f,0f,0f,0f,1f],start_interpolation:0}