execute if entity @s[tag=aj.tutankhamen.bone.head] run data modify entity @s {} merge value {transformation:[-0.7255814004703828f,0.1808165261939816f,-0.6639555822090655f,0.08633754802644089f,-0.11552860553675559f,0.9191571796588931f,0.376567683669539f,1.6015740055737344f,0.6783692008001032f,0.3499363698397902f,-0.6460338725401158f,0.15558853724499666f,0f,0f,0f,1f],start_interpolation:0}
execute if entity @s[tag=aj.tutankhamen.bone.back_cape] run data modify entity @s {} merge value {transformation:[-0.8743970117787979f,0.43257012082358703f,-0.21980208452827732f,0.013106612609260104f,0f,0.4530029490536886f,0.8915090174241993f,1.6420144813710034f,0.48521115588196106f,0.7795328208095721f,-0.3961044249795283f,0.023619372228258023f,0f,0f,0f,1f],start_interpolation:0}
execute if entity @s[tag=aj.tutankhamen.bone.left_hand] run data modify entity @s {} merge value {transformation:[-0.7839918168358314f,0.33908040445628124f,-0.5199820289665946f,0.36560112868013017f,0.33873982272359116f,0.9356160619565432f,0.09938771106188013f,1.2023799124125671f,0.520203963494745f,-0.0982194681450394f,-0.8483753723686607f,-0.14521046732495302f,0f,0f,0f,1f],start_interpolation:0}
execute if entity @s[tag=aj.tutankhamen.bone.cape_left_back] run data modify entity @s {} merge value {transformation:[-0.8528244297134785f,-0.04805394505827089f,-0.5199820289665946f,0.28294546017086697f,-0.11628210856095383f,0.9882310226452613f,0.09938771106188013f,1.3429066772079123f,0.5090864006359808f,0.1452248747489146f,-0.8483753723686607f,-0.15175698490185535f,0f,0f,0f,1f],start_interpolation:0}
execute if entity @s[tag=aj.tutankhamen.bone.cape_left_side] run data modify entity @s {} merge value {transformation:[-0.8528244297134785f,-0.04805394505827089f,-0.5199820289665946f,0.48119703093442234f,-0.11628210856095383f,0.9882310226452613f,0.09938771106188013f,1.3486522927878264f,0.5090864006359808f,0.1452248747489146f,-0.8483753723686607f,-0.12525481345514478f,0f,0f,0f,1f],start_interpolation:0}
execute if entity @s[tag=aj.tutankhamen.bone.left_arm] run data modify entity @s {} merge value {transformation:[-0.8366970294914173f,-0.17192082594037733f,-0.5199820289665946f,0.29396173556472227f,-0.2591679083437132f,0.960704990189301f,0.09938771106188013f,1.4903827294804648f,0.48246251266288315f,0.21792005743701892f,-0.8483753723686607f,-0.03738215130674005f,0f,0f,0f,1f],start_interpolation:0}
execute if entity @s[tag=aj.tutankhamen.bone.cape_right_back] run data modify entity @s {} merge value {transformation:[-0.7807169486928264f,0.6222680122175968f,-0.05712763774674673f,-0.2936783267149682f,0.5848259175715563f,0.6954024665272391f,-0.4176051432686374f,1.2703656083564465f,-0.22013562219765737f,-0.3594411363750578f,-0.906830953001196f,0.24052436505953623f,0f,0f,0f,1f],start_interpolation:0}
execute if entity @s[tag=aj.tutankhamen.bone.cape_right] run data modify entity @s {} merge value {transformation:[-0.7807169486928264f,0.6222680122175968f,-0.05712763774674673f,-0.4013834405115356f,0.5848259175715563f,0.6954024665272391f,-0.4176051432686374f,1.4661459437941615f,-0.22013562219765737f,-0.3594411363750578f,-0.906830953001196f,0.43283591234145125f,0f,0f,0f,1f],start_interpolation:0}
execute if entity @s[tag=aj.tutankhamen.bone.weapon] run data modify entity @s {} merge value {transformation:[-1.6322778139104386f,0.07939041263889189f,-0.06288063460157756f,-0.42645418781940136f,0.03429833199438946f,1.3887363311846885f,0.8630311121165939f,0.9571629885883703f,0.09529132305343042f,0.8600559507612449f,-1.3877359254995196f,0.5356467194485504f,0f,0f,0f,1f],start_interpolation:0}
execute if entity @s[tag=aj.tutankhamen.bone.right_hand] run data modify entity @s {} merge value {transformation:[-0.9151694764840005f,0.3990003287185072f,-0.05712763774674673f,-0.3475737291183639f,0.3849150553170505f,0.8230712876208552f,-0.4176051432686374f,1.2368466865640537f,-0.11960447107977301f,-0.4041687681856063f,-0.906830953001196f,0.32827676356189944f,0f,0f,0f,1f],start_interpolation:0}
execute if entity @s[tag=aj.tutankhamen.bone.right_arm] run data modify entity @s {} merge value {transformation:[-0.9151694764840005f,0.3990003287185072f,-0.05712763774674673f,-0.1872670318527981f,0.3849150553170505f,0.8230712876208552f,-0.4176051432686374f,1.4903827294804648f,-0.11960447107977301f,-0.4041687681856063f,-0.906830953001196f,0.2296562343886767f,0f,0f,0f,1f],start_interpolation:0}
execute if entity @s[tag=aj.tutankhamen.bone.body] run data modify entity @s {} merge value {transformation:[-0.8743970117787979f,0.1255818880384595f,-0.4686779866699571f,-0.09418641602884462f,0f,0.9659258262890683f,0.25881904510252074f,0.21305563028319874f,0.48521115588196106f,0.22631059962908606f,-0.8446026561071275f,-0.16973294972181455f,0f,0f,0f,1f],start_interpolation:0}
execute if entity @s[tag=aj.tutankhamen.bone.left_foot] run data modify entity @s {} merge value {transformation:[-0.6205299219898313f,-0.0743511343463211f,-0.7806500654817811f,0.12633325177942434f,-0.17364817766693033f,0.983809496330257f,0.04433041081875992f,0.44957311360925056f,0.7647149314014001f,0.16306680763362338f,-0.6233941689973774f,-0.15568777676091086f,0f,0f,0f,1f],start_interpolation:0}
execute if entity @s[tag=aj.tutankhamen.bone.left_leg] run data modify entity @s {} merge value {transformation:[-0.6205299219898313f,-0.10941616758372624f,-0.7765118918513636f,0.05907211839936187f,-0.17364817766693033f,0.984807753012208f,0f,0.875f,0.7647149314014001f,0.13483987495668978f,-0.63010259625986f,-0.07279798986106534f,0f,0f,0f,1f],start_interpolation:0}
execute if entity @s[tag=aj.tutankhamen.bone.right_foot] run data modify entity @s {} merge value {transformation:[-0.6376207684646338f,-0.20677753780480507f,-0.7420800532839784f,0.1288231662041957f,0.2949595655695408f,0.8243607218993212f,-0.48314413467272643f,0.6319030365429393f,0.7116450030047268f,-0.5269463445636683f,-0.4646385042690609f,0.3858188212472601f,0f,0f,0f,1f],start_interpolation:0}
execute if entity @s[tag=aj.tutankhamen.bone.right_leg] run data modify entity @s {} merge value {transformation:[-0.6376207684646338f,-0.4750192768413198f,-0.6064622348108079f,-0.05907211839936187f,0.2949595655695408f,0.5767187425853917f,-0.7618361678404042f,0.875f,0.7116450030047268f,-0.6646444000966789f,-0.22761636830098167f,0.07279798986106534f,0f,0f,0f,1f],start_interpolation:0}