execute if entity @s[tag=aj.tutankhamen.bone.head] run data modify entity @s {} merge value {transformation:[0.8863995600128873f,0.24381783553108893f,-0.3935081741030225f,0.06255051224921875f,-0.2013816357440571f,0.9685013330218817f,0.14646024962386955f,1.6218576873239061f,0.4168228122284189f,-0.0505769810464517f,0.907579590005317f,-0.019955931900945256f,0f,0f,0f,1f],start_interpolation:0}
execute if entity @s[tag=aj.tutankhamen.bone.back_cape] run data modify entity @s {} merge value {transformation:[0.3039434466509309f,0.8379809791817778f,0.45321767371485167f,-0.0856269371294148f,-3.469446951953614e-18f,-0.4757241468658819f,0.8795945293649393f,1.6367796707335547f,0.952690076172704f,-0.2673469929104832f,-0.14459323685348985f,0.027318166787074785f,0f,0f,0f,1f],start_interpolation:0}
execute if entity @s[tag=aj.tutankhamen.bone.left_hand] run data modify entity @s {} merge value {transformation:[0.34960093349402066f,-0.6682038392646885f,-0.6567212624028853f,0.08070568881082245f,-0.09619967896590403f,0.6716456502021465f,-0.7346003963594036f,1.2967865742874647f,0.9319467844608758f,0.3199933589255658f,0.17052695146682134f,-0.45724612360132766f,0f,0f,0f,1f],start_interpolation:0}
execute if entity @s[tag=aj.tutankhamen.bone.cape_left_back] run data modify entity @s {} merge value {transformation:[0.3523081871751413f,-0.6784453778612276f,-0.6446633311334697f,-0.03916342814553735f,-0.098823453795507f,0.6580089197965581f,-0.7464972782589996f,1.3422284096928605f,0.93065185017239f,0.3267049597525312f,0.164775614226754f,-0.34104578472255326f,0f,0f,0f,1f],start_interpolation:0}
execute if entity @s[tag=aj.tutankhamen.bone.cape_left_side] run data modify entity @s {} merge value {transformation:[0.3523081871751413f,-0.6784453778612276f,-0.6446633311334697f,-0.01362866599996946f,-0.098823453795507f,0.6580089197965581f,-0.7464972782589996f,1.4509817341307834f,0.93065185017239f,0.3267049597525312f,0.164775614226754f,-0.5070570880903335f,0f,0f,0f,1f],start_interpolation:0}
execute if entity @s[tag=aj.tutankhamen.bone.left_arm] run data modify entity @s {} merge value {transformation:[0.4913986630484425f,-0.5856078410046278f,-0.6446633311334697f,-0.06745073613698967f,-0.2395351056041801f,0.6207775340128701f,-0.7464972782589996f,1.5009526343757984f,0.8373471724066411f,0.5212472636079717f,0.164775614226754f,-0.26732333751444787f,0f,0f,0f,1f],start_interpolation:0}
execute if entity @s[tag=aj.tutankhamen.bone.cape_right_back] run data modify entity @s {} merge value {transformation:[-0.9131122797533192f,-0.21376509095925006f,-0.34717495654335395f,0.25146952662656474f,0.32086775548694857f,0.14856872177718267f,-0.935398962153723f,1.336320143986081f,0.2515349837546738f,-0.9655215278784194f,-0.06706959930444191f,0.45449814660533294f,0f,0f,0f,1f],start_interpolation:0}
execute if entity @s[tag=aj.tutankhamen.bone.cape_right] run data modify entity @s {} merge value {transformation:[-0.9131122797533192f,-0.21376509095925006f,-0.34717495654335395f,0.19558947205094712f,0.32086775548694857f,0.14856872177718267f,-0.935398962153723f,1.6203054713193474f,0.2515349837546738f,-0.9655215278784194f,-0.06706959930444191f,0.5105678876431112f,0f,0f,0f,1f],start_interpolation:0}
execute if entity @s[tag=aj.tutankhamen.bone.weapon] run data modify entity @s {} merge value {transformation:[1.4623878517724838f,0.48359083412937126f,-0.5496811346093572f,0.6532178604615715f,-0.6547455358165377f,1.4132723395269107f,-0.49855516371567077f,1.3941761191197002f,0.3275938459856751f,0.6658745175221101f,1.4573541342440148f,0.2421508525029983f,0f,0f,0f,1f],start_interpolation:0}
execute if entity @s[tag=aj.tutankhamen.bone.right_hand] run data modify entity @s {} merge value {transformation:[0.02276591396198152f,-0.9332553632888207f,-0.35849147835635753f,0.2954626077211846f,-0.28555992068321534f,0.33757508675900916f,-0.8969384552459791f,1.3852534155067708f,0.9580904158068128f,0.12279042182637284f,-0.25881512213707686f,0.4761856563357081f,0f,0f,0f,1f],start_interpolation:0}
execute if entity @s[tag=aj.tutankhamen.bone.right_arm] run data modify entity @s {} merge value {transformation:[-0.5942887349587084f,-0.725458785218222f,-0.34717495654335395f,0.09982605944458345f,0.16411859823224517f,0.3131994050377826f,-0.935398962153723f,1.5009526343757984f,0.787328384611822f,-0.6128749331092603f,-0.06706959930444191f,0.2569944093575806f,0f,0f,0f,1f],start_interpolation:0}
execute if entity @s[tag=aj.tutankhamen.bone.body] run data modify entity @s {} merge value {transformation:[0.3039434466509309f,0.0909825632715909f,-0.9483356760232547f,-0.06823692245369317f,-3.469446951953614e-18f,0.995429363380227f,0.09550069382175191f,0.1909279774648297f,0.952690076172704f,-0.029026810037738555f,0.3025542316033282f,0.02177010752830392f,0f,0f,0f,1f],start_interpolation:0}
execute if entity @s[tag=aj.tutankhamen.bone.left_foot] run data modify entity @s {} merge value {transformation:[0.5019633792028619f,-0.20107391251414375f,-0.8411908509045366f,0.07197922833897472f,-0.48382334368006596f,0.7409004826087032f,-0.46581267370095425f,0.6215450782349075f,0.7169014842009218f,0.6408086739241637f,0.27462065722386964f,-0.3919148373934227f,0f,0f,0f,1f],start_interpolation:0}
execute if entity @s[tag=aj.tutankhamen.bone.left_leg] run data modify entity @s {} merge value {transformation:[0.5019633792028619f,-0.3157490967372648f,-0.8051926936136748f,-0.05047464588348922f,-0.48382334368006596f,0.669169224814743f,-0.564027943165121f,0.8991871346013554f,0.7169014842009218f,0.6726923936469308f,0.18313166159918381f,-0.07520874379161166f,0f,0f,0f,1f],start_interpolation:0}
execute if entity @s[tag=aj.tutankhamen.bone.right_foot] run data modify entity @s {} merge value {transformation:[0.6086290381481742f,0.5393072886776684f,-0.5819951394143859f,0.26197640257752475f,-0.212803908471923f,0.8175713948429062f,0.5350621560844108f,0.5330153102500106f,0.7643854985947222f,-0.20180352502810003f,0.6123643905587024f,-0.14078786117450304f,0f,0f,0f,1f],start_interpolation:0}
execute if entity @s[tag=aj.tutankhamen.bone.right_leg] run data modify entity @s {} merge value {transformation:[0.6086290381481742f,-0.4399590840043545f,-0.6603080329095488f,0.05047464588348922f,-0.212803908471923f,0.7111941325917407f,-0.6700129866697773f,0.8508128653986446f,0.7643854985947222f,0.5483054898221709f,0.3392283882120823f,0.07520874379161166f,0f,0f,0f,1f],start_interpolation:0}