execute if entity @s[tag=aj.tutankhamen.bone.head] run data modify entity @s {} merge value {transformation:[0.9668126292183793f,0.20359234841307167f,-0.15434861726460264f,0.04276277439730751f,-0.18617856636919256f,0.9751509710493459f,0.12007549744319174f,1.6232686883381857f,0.17495965651702855f,-0.08735410310436607f,0.9806928057563566f,-0.02342864103547853f,0f,0f,0f,1f],start_interpolation:0}
execute if entity @s[tag=aj.tutankhamen.bone.back_cape] run data modify entity @s {} merge value {transformation:[0.48048707772802535f,0.7363115888000986f,0.4764214650234151f,-0.0939236752233278f,0f,-0.5432388640904404f,0.8395781896534285f,1.63435054962279f,0.8770018062332499f,-0.4034064708707617f,-0.26101925431510764f,0.051458402841111424f,0f,0f,0f,1f],start_interpolation:0}
execute if entity @s[tag=aj.tutankhamen.bone.left_hand] run data modify entity @s {} merge value {transformation:[0.5580246633497066f,-0.6215734840799392f,-0.5497771175505328f,-0.002817494599154008f,-0.14056008406058404f,0.5821483840378937f,-0.8008408841529949f,1.3201660250241534f,0.8178333191196899f,0.5241656826336447f,0.23748473485021493f,-0.4683843720862822f,0f,0f,0f,1f],start_interpolation:0}
execute if entity @s[tag=aj.tutankhamen.bone.cape_left_back] run data modify entity @s {} merge value {transformation:[0.5313269824498443f,-0.6512422495386947f,-0.5418257747067069f,-0.10140248178316895f,-0.11658621543753452f,0.5772784675952592f,-0.8081814308809762f,1.3481683441658525f,0.8391062460086302f,0.4925780174415516f,0.23079775701391653f,-0.3309694001782919f,0f,0f,0f,1f],start_interpolation:0}
execute if entity @s[tag=aj.tutankhamen.bone.cape_left_side] run data modify entity @s {} merge value {transformation:[0.5313269824498443f,-0.6512422495386947f,-0.5418257747067069f,-0.11669410095261876f,-0.11658621543753452f,0.5772784675952592f,-0.8081814308809762f,1.4674076191880894f,0.8391062460086302f,0.4925780174415516f,0.23079775701391653f,-0.49092947074387994f,0f,0f,0f,1f],start_interpolation:0}
execute if entity @s[tag=aj.tutankhamen.bone.left_arm] run data modify entity @s {} merge value {transformation:[0.6540128674094947f,-0.5279128707715768f,-0.5418257747067069f,-0.12950809979223404f,-0.23292909546058632f,0.5409129424104133f,-0.8081814308809762f,1.5012002986729986f,0.7197299533510635f,0.6547680425972402f,0.23079775701391653f,-0.24281652566184467f,0f,0f,0f,1f],start_interpolation:0}
execute if entity @s[tag=aj.tutankhamen.bone.cape_right_back] run data modify entity @s {} merge value {transformation:[-0.8915932469796973f,-0.36012249983162414f,-0.27454192221812435f,0.33594494409269215f,0.25631314966342184f,0.0984740298900057f,-0.961564576482952f,1.352995131559886f,0.37331628848714465f,-0.9276931877254702f,0.004505352143702623f,0.41338161731703355f,0f,0f,0f,1f],start_interpolation:0}
execute if entity @s[tag=aj.tutankhamen.bone.cape_right] run data modify entity @s {} merge value {transformation:[-0.8915932469796973f,-0.36012249983162414f,-0.27454192221812435f,0.26526897980664554f,0.25631314966342184f,0.0984740298900057f,-0.961564576482952f,1.6334352053155337f,0.37331628848714465f,-0.9276931877254702f,0.004505352143702623f,0.47058594935722425f,0f,0f,0f,1f],start_interpolation:0}
execute if entity @s[tag=aj.tutankhamen.bone.weapon] run data modify entity @s {} merge value {transformation:[1.541157621199196f,0.5471787197763631f,-0.004038422296786719f,0.6620216433518886f,-0.5167292110358875f,1.4513446187005676f,-0.5487963136194018f,1.452473231318706f,-0.1800327267276044f,0.5184418193046504f,1.5405823479821583f,0.0919998909770659f,0f,0f,0f,1f],start_interpolation:0}
execute if entity @s[tag=aj.tutankhamen.bone.right_hand] run data modify entity @s {} merge value {transformation:[0.29016833348523097f,-0.8925065882363387f,-0.3453032409305403f,0.3763539573141177f,-0.3030397971964907f,0.2565628586170525f,-0.9177921229196492f,1.4064868749873627f,0.9077275029200745f,0.37095483489634873f,-0.19601859837655497f,0.41998127434176924f,0f,0f,0f,1f],start_interpolation:0}
execute if entity @s[tag=aj.tutankhamen.bone.right_arm] run data modify entity @s {} merge value {transformation:[-0.4515177715100929f,-0.8489749318768707f,-0.27454192221812435f,0.13493036587077334f,0.13304937770878966f,0.24019040019215013f,-0.961564576482952f,1.5012002986729986f,0.8822865549819194f,-0.4706911266427252f,0.004505352143702623f,0.2398458034076556f,0f,0f,0f,1f],start_interpolation:0}
execute if entity @s[tag=aj.tutankhamen.bone.body] run data modify entity @s {} merge value {transformation:[0.48048707772802535f,0.06220039912335638f,-0.8747932775720659f,-0.046650299342517285f,0f,0.9974817284919065f,0.07092391222146856f,0.18938870363107008f,0.8770018062332499f,-0.03407802332433241f,0.4792770808101757f,0.025558517493249305f,0f,0f,0f,1f],start_interpolation:0}
execute if entity @s[tag=aj.tutankhamen.bone.left_foot] run data modify entity @s {} merge value {transformation:[0.5975901214709392f,-0.17739070701790527f,-0.781932595422416f,0.04638068816199037f,-0.5240001364954017f,0.6517419995994143f,-0.5483212770912299f,0.6708700557258483f,0.6068854123087394f,0.7374041653135983f,0.29652182601792876f,-0.4223209386074077f,0f,0f,0f,1f],start_interpolation:0}
execute if entity @s[tag=aj.tutankhamen.bone.left_leg] run data modify entity @s {} merge value {transformation:[0.5975901214709392f,-0.29075840662309815f,-0.7472252643603167f,-0.06215142343964822f,-0.5240001364954017f,0.563759021646218f,-0.6384352923087032f,0.9011396234305874f,0.6068854123087394f,0.7730687643997112f,0.18453937746821247f,-0.06513818504788593f,0f,0f,0f,1f],start_interpolation:0}
execute if entity @s[tag=aj.tutankhamen.bone.right_foot] run data modify entity @s {} merge value {transformation:[0.7381049034437647f,0.5685491932354059f,-0.3632533088405939f,0.20973532203997466f,-0.2524149628813873f,0.7320051697939567f,0.6328152320452697f,0.5240752270623608f,0.6256898896624897f,-0.3753934552789777f,0.6838069286778627f,-0.1900409912843739f,0f,0f,0f,1f],start_interpolation:0}
execute if entity @s[tag=aj.tutankhamen.bone.right_leg] run data modify entity @s {} merge value {transformation:[0.7381049034437647f,-0.284612846554763f,-0.6117161752710694f,0.06215142343964822f,-0.2524149628813873f,0.7243364158103052f,-0.6415788675172123f,0.8488603765694126f,0.6256898896624897f,0.6279588237353432f,0.4627957191537814f,0.06513818504788593f,0f,0f,0f,1f],start_interpolation:0}