execute if entity @s[tag=aj.tutankhamen.bone.head] run data modify entity @s {} merge value {transformation:[0.9828986674732589f,0.15967618307109963f,0.09172636501648102f,0.025350147086833693f,-0.16852879549693772f,0.9807532900012863f,0.09859528000875038f,1.6242005894356901f,-0.07421761628914919f,-0.11236770315129363f,0.9908911366648001f,-0.02135229522444061f,0f,0f,0f,1f],start_interpolation:0}
execute if entity @s[tag=aj.tutankhamen.bone.back_cape] run data modify entity @s {} merge value {transformation:[0.6442205268725307f,0.6117868526466617f,0.4590171670915707f,-0.09401711163652261f,0f,-0.6001481222627423f,0.7998888868739862f,1.6317334049340564f,0.7648397954840471f,-0.5153048401414416f,-0.386627739525664f,0.0791901173959998f,0f,0f,0f,1f],start_interpolation:0}
execute if entity @s[tag=aj.tutankhamen.bone.left_hand] run data modify entity @s {} merge value {transformation:[0.737471690189779f,-0.5098504974022385f,-0.4429311193259294f,-0.09194169341417639f,-0.17338286842086179f,0.4909250206637121f,-0.8537745633505885f,1.343358335941995f,0.6527433547013596f,0.706431238256792f,0.2736439630399168f,-0.46150144869597787f,0f,0f,0f,1f],start_interpolation:0}
execute if entity @s[tag=aj.tutankhamen.bone.cape_left_back] run data modify entity @s {} merge value {transformation:[0.6961403119173455f,-0.5681123633072285f,-0.4389043275944049f,-0.16281502686107996f,-0.1359205113183258f,0.4960109777592245f,-0.8576122227121667f,1.3545594564310262f,0.70492147131903f,0.6566745408494333f,0.2680751138647532f,-0.3085607132151664f,0f,0f,0f,1f],start_interpolation:0}
execute if entity @s[tag=aj.tutankhamen.bone.cape_left_side] run data modify entity @s {} merge value {transformation:[0.6961403119173455f,-0.5681123633072285f,-0.4389043275944049f,-0.21672390964886457f,-0.1359205113183258f,0.4960109777592245f,-0.8576122227121667f,1.4829985641635355f,0.70492147131903f,0.6566745408494333f,0.2680751138647532f,-0.45221408234185906f,0f,0f,0f,1f],start_interpolation:0}
execute if entity @s[tag=aj.tutankhamen.bone.left_arm] run data modify entity @s {} merge value {transformation:[0.7904510627681045f,-0.4272588309066035f,-0.4389043275944049f,-0.18472087160468217f,-0.2266588910455888f,0.46165682337065156f,-0.8576122227121667f,1.5011247057315413f,0.5690455732880788f,0.7773820610534062f,0.2680751138647532f,-0.20419507940435883f,0f,0f,0f,1f],start_interpolation:0}
execute if entity @s[tag=aj.tutankhamen.bone.cape_right_back] run data modify entity @s {} merge value {transformation:[-0.8402657337395001f,-0.5056543929006837f,-0.19561986515551172f,0.4151179191190833f,0.1938325624659749f,0.05679207489378446f,-0.9793894005742213f,1.3691154212164973f,0.5063422107933465f,-0.8608648530225287f,0.05029185221690188f,0.35192162470169464f,0f,0f,0f,1f],start_interpolation:0}
execute if entity @s[tag=aj.tutankhamen.bone.cape_right] run data modify entity @s {} merge value {transformation:[-0.8402657337395001f,-0.5056543929006837f,-0.19561986515551172f,0.33273136451116436f,0.1938325624659749f,0.05679207489378446f,-0.9793894005742213f,1.6442491092453613f,0.5063422107933465f,-0.8608648530225287f,0.05029185221690188f,0.4184646320839296f,0f,0f,0f,1f],start_interpolation:0}
execute if entity @s[tag=aj.tutankhamen.bone.weapon] run data modify entity @s {} merge value {transformation:[1.442617880468394f,0.567128579851493f,0.5213506482969201f,0.6361508729104707f,-0.38633633809192247f,1.4901767456911603f,-0.5520010634791738f,1.5010504459125913f,-0.666472473875489f,0.3637665654345438f,1.4484736797917157f,-0.05307150090377488f,0f,0f,0f,1f],start_interpolation:0}
execute if entity @s[tag=aj.tutankhamen.bone.right_hand] run data modify entity @s {} merge value {transformation:[0.5353228363620224f,-0.7776454848769323f,-0.3296922212000765f,0.4483497087640397f,-0.3048222167726939f,0.1861605240778994f,-0.9340383693600721f,1.425943212059913f,0.7877263973176855f,0.600509582875713f,-0.1373876407954413f,0.3451080800501807f,0f,0f,0f,1f],start_interpolation:0}
execute if entity @s[tag=aj.tutankhamen.bone.right_arm] run data modify entity @s {} merge value {transformation:[-0.27789372610272f,-0.94048282565355f,-0.19561986515551172f,0.1698291164622495f,0.10454018577358005f,0.17282289084867392f,-0.9793894005742213f,1.5011247057315413f,0.9549065014707838f,-0.29261630687543955f,0.05029185221690188f,0.21673832623926398f,0f,0f,0f,1f],start_interpolation:0}
execute if entity @s[tag=aj.tutankhamen.bone.body] run data modify entity @s {} merge value {transformation:[0.6442205268725307f,0.03687294121721264f,-0.7639504558294804f,-0.027654705912909482f,0f,0.9988372209973674f,0.04821001918954377f,0.1883720842519745f,0.7648397954840471f,-0.031057883962822705f,0.6434714407708186f,0.02329341297211703f,0f,0f,0f,1f],start_interpolation:0}
execute if entity @s[tag=aj.tutankhamen.bone.left_foot] run data modify entity @s {} merge value {transformation:[0.6763905267440595f,-0.11667911764789922f,-0.7272426272130929f,0.0064236248983517985f,-0.5593613943641282f,0.5609864846027554f,-0.6102532216941264f,0.7191916570467441f,0.47917709234260353f,0.8195609480678973f,0.3141801498760509f,-0.44338129623361083f,0f,0f,0f,1f],start_interpolation:0}
execute if entity @s[tag=aj.tutankhamen.bone.left_leg] run data modify entity @s {} merge value {transformation:[0.6763905267440595f,-0.22835160045518313f,-0.7002509563723924f,-0.07234299634003896f,-0.5593613943641282f,0.459262737703462f,-0.6900670751833761f,0.9026390612181298f,0.47917709234260353f,0.8584481838332922f,0.18290989543327202f,-0.05283593167083915f,0f,0f,0f,1f],start_interpolation:0}
execute if entity @s[tag=aj.tutankhamen.bone.right_foot] run data modify entity @s {} merge value {transformation:[0.8408657853142555f,0.5222074689045993f,-0.14228172935444838f,0.15121439308209328f,-0.281733732557846f,0.6467594389085108f,0.7087512484093221f,0.5168634918408276f,0.4621372469590226f,-0.5558791124003498f,0.6909613428912902f,-0.22453305152917585f,0f,0f,0f,1f],start_interpolation:0}
execute if entity @s[tag=aj.tutankhamen.bone.right_leg] run data modify entity @s {} merge value {transformation:[0.8408657853142555f,-0.12021563645939165f,-0.52772429528922f,0.07234299634003896f,-0.281733732557846f,0.7352988978253941f,-0.6164102812216754f,0.8473609387818702f,0.4621372469590226f,0.666996050668536f,0.5844188851891352f,0.05283593167083915f,0f,0f,0f,1f],start_interpolation:0}