execute if entity @s[tag=aj.tutankhamen.bone.head] run data modify entity @s {} merge value {transformation:[-0.9388864578818279f,0.13172996524638597f,-0.31802426866876154f,0f,0f,0.9238795325112867f,0.3826834323650897f,1.625f,0.34422698791076023f,0.3592962923033191f,-0.8674179817890411f,0f,0f,0f,0f,1f],start_interpolation:0}
execute if entity @s[tag=aj.tutankhamen.bone.back_cape] run data modify entity @s {} merge value {transformation:[-0.9665312503508582f,-0.07714574443302177f,0.24467504206821264f,0.040085766844308444f,0f,0.9537169507482269f,0.30070579950427306f,1.625f,-0.25654890780357403f,0.2906415523826195f,-0.9217972368874916f,-0.1510205078673216f,0f,0f,0f,1f],start_interpolation:0}
execute if entity @s[tag=aj.tutankhamen.bone.left_hand] run data modify entity @s {} merge value {transformation:[-0.9335974966293591f,-0.18869963619254687f,0.3046114928695148f,0.40897739318403425f,-0.25881904510252074f,0.9430295273800398f,-0.20906461293484901f,1.220315884588007f,-0.24780721575372525f,-0.27402145498150204f,-0.9292490656601207f,-0.02545987488899555f,0f,0f,0f,1f],start_interpolation:0}
execute if entity @s[tag=aj.tutankhamen.bone.cape_left_back] run data modify entity @s {} merge value {transformation:[-0.9561701875071724f,-0.2172452903476057f,0.1963238557697037f,0.3510764382859347f,-0.17564372160451913f,0.96199858143311f,0.20906461293484896f,1.3561691629560488f,-0.23428157329037452f,0.16541829748388934f,-0.9579921352882383f,-0.07291874640334066f,0f,0f,0f,1f],start_interpolation:0}
execute if entity @s[tag=aj.tutankhamen.bone.cape_left_side] run data modify entity @s {} merge value {transformation:[-0.9561701875071724f,-0.2172452903476057f,0.1963238557697037f,0.47593754811271743f,-0.17564372160451913f,0.96199858143311f,0.20906461293484896f,1.357480417839899f,-0.23428157329037452f,0.16541829748388934f,-0.9579921352882383f,0.08343676633431014f,0f,0f,0f,1f],start_interpolation:0}
execute if entity @s[tag=aj.tutankhamen.bone.left_arm] run data modify entity @s {} merge value {transformation:[-0.9335974966293591f,-0.29975432931504187f,0.1963238557697037f,0.2754333457829709f,-0.25881904510252074f,0.9430295273800398f,0.20906461293484896f,1.5f,-0.24780721575372525f,0.14436984638860118f,-0.9579921352882383f,0.03493510843136014f,0f,0f,0f,1f],start_interpolation:0}
execute if entity @s[tag=aj.tutankhamen.bone.cape_right_back] run data modify entity @s {} merge value {transformation:[-0.6736027072146776f,0.36987549637238826f,0.6398839816844433f,-0.27356789016192884f,0.3394443501856599f,0.9238795325112867f,-0.17670354420260306f,1.3132656185880962f,-0.6565340249827822f,0.09817701660778666f,-0.7478799017555572f,-0.19454388309783996f,0f,0f,0f,1f],start_interpolation:0}
execute if entity @s[tag=aj.tutankhamen.bone.cape_right] run data modify entity @s {} merge value {transformation:[-0.6736027072146776f,0.36987549637238826f,0.6398839816844433f,-0.538789308585333f,0.3394443501856599f,0.9238795325112867f,-0.17670354420260306f,1.4104796843552563f,-0.6565340249827822f,0.09817701660778666f,-0.7478799017555572f,-0.11015734906251039f,0f,0f,0f,1f],start_interpolation:0}
execute if entity @s[tag=aj.tutankhamen.bone.weapon] run data modify entity @s {} merge value {transformation:[-1.1016210940906708f,-0.31224165060316467f,1.1677002142220394f,-0.562717670617821f,0.5551329476994646f,1.2727299147724653f,0.8640449340357754f,0.9203180118523688f,-1.0737066866905918f,0.9783922471498817f,-0.7513256519539495f,-0.1819577419905056f,0f,0f,0f,1f],start_interpolation:0}
execute if entity @s[tag=aj.tutankhamen.bone.right_hand] run data modify entity @s {} merge value {transformation:[-0.6736027072146776f,0.36987549637238826f,0.6398839816844433f,-0.38084516066421376f,0.3394443501856599f,0.9238795325112867f,-0.17670354420260306f,1.2194322844801497f,-0.6565340249827822f,0.09817701660778666f,-0.7478799017555572f,-0.1805902045948029f,0f,0f,0f,1f],start_interpolation:0}
execute if entity @s[tag=aj.tutankhamen.bone.right_arm] run data modify entity @s {} merge value {transformation:[-0.6736027072146776f,0.36987549637238826f,0.6398839816844433f,-0.2565019605038757f,0.3394443501856599f,0.9238795325112867f,-0.17670354420260306f,1.5f,-0.6565340249827822f,0.09817701660778666f,-0.7478799017555572f,-0.10625786572287585f,0f,0f,0f,1f],start_interpolation:0}
execute if entity @s[tag=aj.tutankhamen.bone.body] run data modify entity @s {} merge value {transformation:[-0.9665312503508582f,0f,0.25654890780357403f,0f,0f,1f,0f,0.1875f,-0.25654890780357403f,0f,-0.9665312503508582f,0f,0f,0f,0f,1f],start_interpolation:0}
execute if entity @s[tag=aj.tutankhamen.bone.left_foot] run data modify entity @s {} merge value {transformation:[-0.9702454182489821f,-0.1710804451460648f,0.17133391274199666f,0.19753158448576824f,-0.17364817766693033f,0.984807753012208f,0f,0.44957311360925056f,-0.16873096562223544f,-0.029751821720192573f,-0.9852130177502315f,0.034351818997841295f,0f,0f,0f,1f],start_interpolation:0}
execute if entity @s[tag=aj.tutankhamen.bone.left_leg] run data modify entity @s {} merge value {transformation:[-0.9702454182489821f,-0.1710804451460648f,0.17133391274199666f,0.09236372041408421f,-0.17364817766693033f,0.984807753012208f,0f,0.875f,-0.16873096562223544f,-0.029751821720192573f,-0.9852130177502315f,0.01606255431956219f,0f,0f,0f,1f],start_interpolation:0}
execute if entity @s[tag=aj.tutankhamen.bone.right_foot] run data modify entity @s {} merge value {transformation:[-0.9702454182489821f,0.1710804451460648f,0.17133391274199666f,-0.19753158448576824f,0.17364817766693033f,0.984807753012208f,0f,0.44957311360925056f,-0.16873096562223544f,0.029751821720192573f,-0.9852130177502315f,-0.034351818997841295f,0f,0f,0f,1f],start_interpolation:0}
execute if entity @s[tag=aj.tutankhamen.bone.right_leg] run data modify entity @s {} merge value {transformation:[-0.9702454182489821f,0.1710804451460648f,0.17133391274199666f,-0.09236372041408421f,0.17364817766693033f,0.984807753012208f,0f,0.875f,-0.16873096562223544f,0.029751821720192573f,-0.9852130177502315f,-0.01606255431956219f,0f,0f,0f,1f],start_interpolation:0}