execute if entity @s[tag=aj.tutankhamen.bone.head] run data modify entity @s {} merge value {transformation:[-0.2751611140242884f,0.2778676867328799f,-0.9203672690826367f,0.12872152674346887f,-0.16783652020350992f,0.9287371586613049f,0.33057252246323066f,1.6060058514801914f,0.9466347045269836f,0.2454319432988388f,-0.20891600559475126f,0.09584855288200538f,0f,0f,0f,1f],start_interpolation:0}
execute if entity @s[tag=aj.tutankhamen.bone.back_cape] run data modify entity @s {} merge value {transformation:[-0.5972344675219565f,0.79672988541276f,-0.09237142682634797f,0.006861008097581112f,0f,0.11516676463229955f,0.9933461714448436f,1.6424802400214669f,0.8020666997225138f,0.5932605717678352f,-0.06878156135139793f,0.005108840099258952f,0f,0f,0f,1f],start_interpolation:0}
execute if entity @s[tag=aj.tutankhamen.bone.left_hand] run data modify entity @s {} merge value {transformation:[-0.5892419278951587f,0.03497946420281131f,-0.8071991002810152f,0.33228043444197597f,0.27090688663877904f,0.9497821399979689f,-0.15659931453413917f,1.2021709501387619f,0.7611855287524061f,-0.3109506771579101f,-0.569127636996269f,-0.24574367593581137f,0f,0f,0f,1f],start_interpolation:0}
execute if entity @s[tag=aj.tutankhamen.bone.cape_left_back] run data modify entity @s {} merge value {transformation:[-0.5559719921663311f,-0.19554390971902635f,-0.8078723434419562f,0.2212429573922997f,-0.07735934560613081f,0.9798882194579068f,-0.18394186313888436f,1.3298210871128147f,0.8275933032438046f,-0.039770048270151126f,-0.5599175543654598f,-0.23909287040197957f,0f,0f,0f,1f],start_interpolation:0}
execute if entity @s[tag=aj.tutankhamen.bone.cape_left_side] run data modify entity @s {} merge value {transformation:[-0.5559719921663311f,-0.19554390971902635f,-0.8078723434419562f,0.40909762409853345f,-0.07735934560613081f,0.9798882194579068f,-0.18394186313888436f,1.364901217756133f,0.8275933032438046f,-0.039770048270151126f,-0.5599175543654598f,-0.2984146297381416f,0f,0f,0f,1f],start_interpolation:0}
execute if entity @s[tag=aj.tutankhamen.bone.left_arm] run data modify entity @s {} merge value {transformation:[-0.508516380130773f,-0.29791503459929103f,-0.8078723434419562f,0.24088744504566872f,-0.262684805303408f,0.9471864040661196f,-0.18394186313888436f,1.49307224924183f,0.8200047464505346f,0.11867833884916262f,-0.5599175543654598f,-0.16371607881346334f,0f,0f,0f,1f],start_interpolation:0}
execute if entity @s[tag=aj.tutankhamen.bone.cape_right_back] run data modify entity @s {} merge value {transformation:[-0.8013080601379273f,0.4726043720776915f,-0.36681125971137063f,-0.1688148675679985f,0.5921001119062603f,0.5388014226458225f,-0.5992582785706275f,1.2672652902407744f,-0.085573653881237f,-0.6973794766466022f,-0.7115750243744684f,0.385815950075581f,0f,0f,0f,1f],start_interpolation:0}
execute if entity @s[tag=aj.tutankhamen.bone.cape_right] run data modify entity @s {} merge value {transformation:[-0.8013080601379273f,0.4726043720776915f,-0.36681125971137063f,-0.202316437036707f,0.5921001119062603f,0.5388014226458225f,-0.5992582785706275f,1.5095955023687844f,-0.085573653881237f,-0.6973794766466022f,-0.7115750243744684f,0.5503388227502548f,0f,0f,0f,1f],start_interpolation:0}
execute if entity @s[tag=aj.tutankhamen.bone.weapon] run data modify entity @s {} merge value {transformation:[-1.1158701572889655f,0.02397351636482732f,-1.1953437732284864f,-0.020710542552821176f,-0.6137054947190927f,1.3917522053516074f,0.6008153112743071f,1.0182635351603746f,1.0260541074595453f,0.8585096056673759f,-0.9406178284262707f,0.7128665256767701f,0f,0f,0f,1f],start_interpolation:0}
execute if entity @s[tag=aj.tutankhamen.bone.right_hand] run data modify entity @s {} merge value {transformation:[-0.9456058802669217f,-0.04903619672769555f,-0.32159752893189736f,-0.1721950742635066f,0.16652091731725538f,0.7762828300659554f,-0.6079932169363494f,1.2640829118361643f,0.27946431489626655f,-0.6284746766221164f,-0.7258920563997695f,0.4780718081817309f,0f,0f,0f,1f],start_interpolation:0}
execute if entity @s[tag=aj.tutankhamen.bone.right_arm] run data modify entity @s {} merge value {transformation:[-0.9211699792551933f,0.12998218750253426f,-0.36681125971137063f,-0.0878035303273777f,0.3408387968065398f,0.7243745095984802f,-0.5992582785706275f,1.49307224924183f,0.18781582444101164f,-0.6770422444545225f,-0.7115750243744684f,0.27770533971232075f,0f,0f,0f,1f],start_interpolation:0}
execute if entity @s[tag=aj.tutankhamen.bone.body] run data modify entity @s {} merge value {transformation:[-0.5972344675219565f,0.1872313116268638f,-0.7799073193336816f,-0.14042348372014785f,0f,0.9723721476075513f,0.23343608666416282f,0.20822088929433646f,0.8020666997225138f,0.13941607691928054f,-0.5807341618095772f,-0.1045620576894604f,0f,0f,0f,1f],start_interpolation:0}
execute if entity @s[tag=aj.tutankhamen.bone.left_foot] run data modify entity @s {} merge value {transformation:[-0.23575625249394122f,-0.07773406390371297f,-0.9686983042821053f,0.09784715774381003f,-0.24120841670619075f,0.9702842334100422f,-0.01915740342475969f,0.46645943332183937f,0.9414018743980203f,0.2291417066029225f,-0.2475006852010606f,-0.21144112443370983f,0f,0f,0f,1f],start_interpolation:0}
execute if entity @s[tag=aj.tutankhamen.bone.left_leg] run data modify entity @s {} merge value {transformation:[-0.23575625249394122f,-0.15142465660408216f,-0.959942478892537f,0.02423148758908843f,-0.24120841670619075f,0.965993518887215f,-0.0931397937403144f,0.8815438348129274f,0.9414018743980203f,0.20958791673240962f,-0.26426391361603435f,-0.09032760228834248f,0f,0f,0f,1f],start_interpolation:0}
execute if entity @s[tag=aj.tutankhamen.bone.right_foot] run data modify entity @s {} merge value {transformation:[-0.28755763280137375f,-0.21203715794973182f,-0.9339972438215602f,0.2869644340360301f,0.15444049818678723f,0.9521584308758965f,-0.2637090347935918f,0.6102563447143061f,0.9452294643828489f,-0.22007854543446825f,-0.24105330012667614f,0.2602474762634732f,0f,0f,0f,1f],start_interpolation:0}
execute if entity @s[tag=aj.tutankhamen.bone.right_leg] run data modify entity @s {} merge value {transformation:[-0.28755763280137375f,-0.7318447946289405f,-0.6178299154234881f,-0.02423148758908843f,0.15444049818678723f,0.6012024823796651f,-0.7840304252389352f,0.8684561651870726f,0.9452294643828489f,-0.3208718930586667f,-0.05985388798950557f,0.09032760228834248f,0f,0f,0f,1f],start_interpolation:0}