execute if entity @s[tag=aj.tutankhamen.bone.head] run data modify entity @s {} merge value {transformation:[-0.6009888197050347f,0.22084816795776213f,-0.7681396522112691f,0.10690299493029932f,-0.129472677877439f,0.9214722795201101f,0.3662317077469631f,1.6021393323756934f,0.7887009980168621f,0.3195542595330442f,-0.525200733949881f,0.1395799324191165f,0f,0f,0f,1f],start_interpolation:0}
execute if entity @s[tag=aj.tutankhamen.bone.back_cape] run data modify entity @s {} merge value {transformation:[-0.7939036633396537f,0.5710358520120211f,-0.20888999270616812f,0.015055343310234545f,0f,0.34354445264747024f,0.9391364166377268f,1.6420972181725544f,0.6080435620380154f,0.7455838415443666f,-0.27274119947684283f,0.01965729587987f,0f,0f,0f,1f],start_interpolation:0}
execute if entity @s[tag=aj.tutankhamen.bone.left_hand] run data modify entity @s {} merge value {transformation:[-0.7217261246252593f,0.27225851131083245f,-0.6363856566989972f,0.35575330834637325f,0.3328432446024062f,0.9426292287990304f,0.025797510273044066f,1.1991656799931083f,0.6068993125354052f,-0.19319792967978291f,-0.7709395465349397f,-0.17931562213126329f,0f,0f,0f,1f],start_interpolation:0}
execute if entity @s[tag=aj.tutankhamen.bone.cape_left_back] run data modify entity @s {} merge value {transformation:[-0.7651958577311787f,-0.06994849461513036f,-0.6399863337698101f,0.26512677767310805f,-0.10191006039461523f,0.994706965687029f,0.01312981355805698f,1.3373421575228712f,0.6356804534523706f,0.07526792487361751f,-0.768274105110805f,-0.18281180596226404f,0f,0f,0f,1f],start_interpolation:0}
execute if entity @s[tag=aj.tutankhamen.bone.cape_left_side] run data modify entity @s {} merge value {transformation:[-0.7651958577311787f,-0.06994849461513036f,-0.6399863337698101f,0.464686922164831f,-0.10191006039461523f,0.994706965687029f,0.01312981355805698f,1.3516243777647727f,0.6356804534523706f,0.07526792487361751f,-0.768274105110805f,-0.1861026136753463f,0f,0f,0f,1f],start_interpolation:0}
execute if entity @s[tag=aj.tutankhamen.bone.left_arm] run data modify entity @s {} merge value {transformation:[-0.7439017024845387f,-0.19242595882178212f,-0.6399863337698101f,0.28424197501684595f,-0.26097941844222744f,0.965255070510115f,0.01312981355805698f,1.4907313127188222f,0.6152235367654277f,0.1767905518573614f,-0.768274105110805f,-0.08143619610617943f,0f,0f,0f,1f],start_interpolation:0}
execute if entity @s[tag=aj.tutankhamen.bone.cape_right_back] run data modify entity @s {} merge value {transformation:[-0.786089504139556f,0.5899626908765638f,-0.18441072326551683f,-0.25777552102099427f,0.5978663284636285f,0.649980329637357f,-0.46912836662680435f,1.2668720163745975f,-0.15690489084489279f,-0.47902984714754115f,-0.863661542949989f,0.29522756808053924f,0f,0f,0f,1f],start_interpolation:0}
execute if entity @s[tag=aj.tutankhamen.bone.cape_right] run data modify entity @s {} merge value {transformation:[-0.786089504139556f,0.5899626908765638f,-0.18441072326551683f,-0.3344993252264207f,0.5978663284636285f,0.649980329637357f,-0.46912836662680435f,1.4775707218537404f,-0.15690489084489279f,-0.47902984714754115f,-0.863661542949989f,0.486626564623522f,0f,0f,0f,1f],start_interpolation:0}
execute if entity @s[tag=aj.tutankhamen.bone.weapon] run data modify entity @s {} merge value {transformation:[-1.5695963751571254f,0.06893805834437074f,-0.4540951847536288f,-0.3047641383649482f,-0.17851134197477778f,1.3982078684058017f,0.8292985777906405f,0.9665662053179103f,0.4231886027424271f,0.8454880096434979f,-1.3344096468735154f,0.6202155032441642f,0f,0f,0f,1f],start_interpolation:0}
execute if entity @s[tag=aj.tutankhamen.bone.right_hand] run data modify entity @s {} merge value {transformation:[-0.9436863731898103f,0.28187408370511746f,-0.17321382736739768f,-0.29397179311782007f,0.330742464036001f,0.816575157223123f,-0.4730903033136765f,1.2428064621890742f,0.00809021255943283f,-0.5037380405939502f,-0.8638185775493087f,0.3883946374038678f,0f,0f,0f,1f],start_interpolation:0}
execute if entity @s[tag=aj.tutankhamen.bone.right_arm] run data modify entity @s {} merge value {transformation:[-0.9271120875408925f,0.3262757457738126f,-0.18441072326551683f,-0.1526868756204492f,0.3747423970517173f,0.7996791303254072f,-0.46912836662680435f,1.4907313127188222f,-0.00559580088116346f,-0.5040410957865864f,-0.863661542949989f,0.25320361847925255f,0f,0f,0f,1f],start_interpolation:0}
execute if entity @s[tag=aj.tutankhamen.bone.body] run data modify entity @s {} merge value {transformation:[-0.7939036633396537f,0.15549526535316266f,-0.5878249703684145f,-0.116621449014872f,0f,0.9667481198191902f,0.25573046909991126f,0.21243891013560734f,0.6080435620380154f,0.20302535624598764f,-0.7675048738511776f,-0.15226901718449073f,0f,0f,0f,1f],start_interpolation:0}
execute if entity @s[tag=aj.tutankhamen.bone.left_foot] run data modify entity @s {} merge value {transformation:[-0.494179415432969f,-0.07058189294487957f,-0.866489989411676f,0.1147146512655492f,-0.19054570782710945f,0.9812574707651569f,0.02874211711466202f,0.4532301106805686f,0.8482211024202326f,0.179309710991582f,-0.4983663200429183f,-0.17360161073718264f,0f,0f,0f,1f],start_interpolation:0}
execute if entity @s[tag=aj.tutankhamen.bone.left_leg] run data modify entity @s {} merge value {transformation:[-0.494179415432969f,-0.11822056492750506f,-0.8612842755969428f,0.047550047377485465f,-0.19054570782710945f,0.9813504076664974f,-0.025371452490251453f,0.8766163606650641f,0.8482211024202326f,0.15157597237366088f,-0.5074895920193677f,-0.08078021337307373f,0f,0f,0f,1f],start_interpolation:0}
execute if entity @s[tag=aj.tutankhamen.bone.right_foot] run data modify entity @s {} merge value {transformation:[-0.5275917091642978f,-0.24946110570345242f,-0.8120444231458681f,0.19213248695076346f,0.25952951728283646f,0.862875030013663f,-0.43369472240028273f,0.6282823843032628f,0.808882820982145f,-0.4395632369979674f,-0.39050319153604357f,0.35438662780790836f,0f,0f,0f,1f],start_interpolation:0}
execute if entity @s[tag=aj.tutankhamen.bone.right_leg] run data modify entity @s {} merge value {transformation:[-0.5275917091642978f,-0.5855309148334474f,-0.615467737737244f,-0.047550047377485465f,0.25952951728283646f,0.5787692627354555f,-0.7730915664858823f,0.8733836393349359f,0.808882820982145f,-0.5676087457808974f,-0.15339130885745722f,0.08078021337307373f,0f,0f,0f,1f],start_interpolation:0}