execute if entity @s[tag=aj.frestchika_v2.bone.hair] run data modify entity @s {} merge value {transformation:[-0.9939515568241577f,-0.05130185521688892f,0.09710006353313444f,0.0973454132999689f,-0.015197744849436479f,0.9399286982859062f,0.34103236018016414f,1.0308001633252055f,-0.1087627290864146f,0.3374939433380503f,-0.9350232654708697f,-0.18412269761223843f,0f,0f,0f,1f],start_interpolation:0}
execute if entity @s[tag=aj.frestchika_v2.bone.side_hair_2] run data modify entity @s {} merge value {transformation:[-0.9602084766183657f,-0.2575516058024487f,-0.10801320187281635f,0.5588847908992797f,-0.07451577938851296f,-0.13647280077478136f,0.9878373212583178f,1.4823828092444276f,-0.2691599525419043f,0.9565784573140182f,0.11185068149266181f,0.016024489307859824f,0f,0f,0f,1f],start_interpolation:0}
execute if entity @s[tag=aj.frestchika_v2.bone.side_hair_1] run data modify entity @s {} merge value {transformation:[-0.9939515568241577f,-0.1073591609834063f,0.023115216628282476f,0.3599941065589848f,-0.015197744849436479f,0.34292857680721345f,0.9392385318759395f,1.6127885655344794f,-0.1087627290864146f,0.9332063018228703f,-0.34248600993289813f,0.3602274827535289f,0f,0f,0f,1f],start_interpolation:0}
execute if entity @s[tag=aj.frestchika_v2.bone.head] run data modify entity @s {} merge value {transformation:[-0.9939515568241577f,-0.05130185521688892f,0.09710006353313444f,0.0608978774707665f,-0.015197744849436479f,0.9399286982859062f,0.34103236018016414f,1.1023096114067115f,-0.1087627290864146f,0.3374939433380503f,-0.9350232654708697f,0.13896870445853388f,0f,0f,0f,1f],start_interpolation:0}
execute if entity @s[tag=aj.frestchika_v2.bone.group] run data modify entity @s {} merge value {transformation:[0.0000018379154629757345f,-8.131783024433165e-8f,0.000009829316057663374f,0.038149886223872644f,0.0000013961177726027143f,0.00000990044254354349f,-1.7914409567991147e-7f,1.22740739778263f,-0.000009730001126206387f,0.0000014052134544183979f,0.0000018309705709115011f,-0.7940560709748012f,0f,0f,0f,1f],start_interpolation:0}
execute if entity @s[tag=aj.frestchika_v2.bone.group2] run data modify entity @s {} merge value {transformation:[0.0000018379154629757345f,-8.131783024433165e-8f,0.000009829316057663374f,0.038149886223872644f,0.0000013961177726027143f,0.00000990044254354349f,-1.7914409567991147e-7f,1.22740739778263f,-0.000009730001126206387f,0.0000014052134544183979f,0.0000018309705709115011f,-0.7940560709748012f,0f,0f,0f,1f],start_interpolation:0}
execute if entity @s[tag=aj.frestchika_v2.bone.group3] run data modify entity @s {} merge value {transformation:[0.0000018379154629757345f,-8.131783024433165e-8f,0.000009829316057663374f,0.038149886223872644f,0.0000013961177726027143f,0.00000990044254354349f,-1.7914409567991147e-7f,1.22740739778263f,-0.000009730001126206387f,0.0000014052134544183979f,0.0000018309705709115011f,-0.7940560709748012f,0f,0f,0f,1f],start_interpolation:0}
execute if entity @s[tag=aj.frestchika_v2.locator_origin.muzzle] at @s on origin run tp @s ^0.03815 ^1.22741 ^-0.79406 ~100.55192 ~-1.02647
execute if entity @s[tag=aj.frestchika_v2.bone.gun] run data modify entity @s {} merge value {transformation:[0.0000018379154629757345f,-8.131783024433165e-8f,0.000009829316057663374f,0.03815456462096883f,0.0000013961177726027143f,0.00000990044254354349f,-1.7914409567991147e-7f,1.2274092355848327f,-0.000009730001126206387f,0.0000014052134544183979f,0.0000018309705709115011f,-0.7940554053236262f,0f,0f,0f,1f],start_interpolation:0}
execute if entity @s[tag=aj.frestchika_v2.bone.sword] run data modify entity @s {} merge value {transformation:[-0.008557807137083174f,-1.0344273925924357f,-0.19342038540810305f,-0.045155311494591385f,1.041912672839973f,0.01885294548525817f,-0.14692603827093678f,0.969048633386586f,0.14788325872953753f,-0.1926895119121552f,1.0239755885208337f,-0.8243834041771828f,0f,0f,0f,1f],start_interpolation:0}
execute if entity @s[tag=aj.frestchika_v2.bone.arm_right_1] run data modify entity @s {} merge value {transformation:[0.18379154629757344f,-0.008131783024433164f,0.9829316057663373f,0.029866693031555674f,0.1396117772602714f,0.9900442543543488f,-0.017914409567991146f,1.18288743157273f,-0.9730001126206386f,0.14052134544183978f,0.1830970570911501f,-0.4808399445779142f,0f,0f,0f,1f],start_interpolation:0}
execute if entity @s[tag=aj.frestchika_v2.bone.arm_right_0] run data modify entity @s {} merge value {transformation:[0.18379154629757344f,-0.008131783024433164f,0.9829316057663373f,-0.039055136830034365f,0.1396117772602714f,0.9900442543543488f,-0.017914409567991146f,1.1305330151001283f,-0.9730001126206386f,0.14052134544183978f,0.1830970570911501f,-0.11596490234517469f,0f,0f,0f,1f],start_interpolation:0}
execute if entity @s[tag=aj.frestchika_v2.bone.arm_left_1] run data modify entity @s {} merge value {transformation:[0.9156739449705147f,0.04627961610983419f,0.39924857374179973f,0.004015759580189154f,0.13981250724347435f,0.8946335888375921f,-0.424362114875802f,0.8775931805271652f,-0.3768205001329259f,0.44439727593257844f,0.8127221984314662f,0.5731629596317759f,0f,0f,0f,1f],start_interpolation:0}
execute if entity @s[tag=aj.frestchika_v2.bone.arm_left_0] run data modify entity @s {} merge value {transformation:[0.6346163994846882f,0.04627961610983419f,0.7714403558524904f,0.2482193149259083f,0.31723022472006535f,0.8946335888375921f,-0.3146358629394093f,1.008418218701934f,-0.7047176810816851f,0.44439727593257844f,0.5530678539876968f,0.2843625390242556f,0f,0f,0f,1f],start_interpolation:0}
execute if entity @s[tag=aj.frestchika_v2.bone.right_wing_0] run data modify entity @s {} merge value {transformation:[-0.5909440803887308f,0.162394339922044f,0.790198185403384f,0.33103299869709324f,0.3909031938549263f,0.9144922970845638f,0.10439603252526328f,0.9284355127226107f,-0.7056768289291745f,0.37058321188942367f,-0.6038942756627051f,-0.46803569718527166f,0f,0f,0f,1f],start_interpolation:0}
execute if entity @s[tag=aj.frestchika_v2.bone.right_wing_1] run data modify entity @s {} merge value {transformation:[-0.5909440803887308f,0.162394339922044f,0.790198185403384f,0.2251010363334232f,0.3909031938549263f,0.9144922970845638f,0.10439603252526328f,1.4245361979660807f,-0.7056768289291745f,0.37058321188942367f,-0.6038942756627051f,0.46231539484974166f,0f,0f,0f,1f],start_interpolation:0}
execute if entity @s[tag=aj.frestchika_v2.bone.right_wing_2] run data modify entity @s {} merge value {transformation:[-0.5909440803887308f,0.162394339922044f,0.790198185403384f,0.22574954296231442f,0.3909031938549263f,0.9144922970845638f,0.10439603252526328f,1.4049463224341516f,-0.7056768289291745f,0.37058321188942367f,-0.6038942756627051f,0.45977743980762215f,0f,0f,0f,1f],start_interpolation:0}
execute if entity @s[tag=aj.frestchika_v2.bone.left_wing_0] run data modify entity @s {} merge value {transformation:[-0.5909440803887308f,0.162394339922044f,0.790198185403384f,0.33103299869709324f,0.3909031938549263f,0.9144922970845638f,0.10439603252526328f,0.9284355127226107f,-0.7056768289291745f,0.37058321188942367f,-0.6038942756627051f,-0.46803569718527166f,0f,0f,0f,1f],start_interpolation:0}
execute if entity @s[tag=aj.frestchika_v2.bone.left_wing_1] run data modify entity @s {} merge value {transformation:[-0.5909440803887308f,0.162394339922044f,0.790198185403384f,0.2251010363334232f,0.3909031938549263f,0.9144922970845638f,0.10439603252526328f,1.4245361979660807f,-0.7056768289291745f,0.37058321188942367f,-0.6038942756627051f,0.46231539484974166f,0f,0f,0f,1f],start_interpolation:0}
execute if entity @s[tag=aj.frestchika_v2.bone.left_wing_2] run data modify entity @s {} merge value {transformation:[-0.5909440803887308f,0.162394339922044f,0.790198185403384f,0.22574954296231442f,0.3909031938549263f,0.9144922970845638f,0.10439603252526328f,1.4049463224341516f,-0.7056768289291745f,0.37058321188942367f,-0.6038942756627051f,0.45977743980762215f,0f,0f,0f,1f],start_interpolation:0}
execute if entity @s[tag=aj.frestchika_v2.bone.leg_right_1] run data modify entity @s {} merge value {transformation:[-0.9752837232590881f,0.11488017319040984f,-0.188743754740738f,-0.0891439081741325f,-0.14257074819980725f,0.3254132999057757f,0.9347618766307177f,0.2186405435985787f,0.16880533434591938f,0.9385673817324867f,-0.3009917424850511f,-0.37790073087578757f,0f,0f,0f,1f],start_interpolation:0}
execute if entity @s[tag=aj.frestchika_v2.bone.leg_right_0] run data modify entity @s {} merge value {transformation:[-0.9752837232590881f,0.00511727100368195f,-0.2208969730063436f,-0.09579641452944676f,-0.14257074819980725f,0.7491971227630848f,0.6468208816985291f,0.4817029095430068f,0.16880533434591938f,0.6623273245012545f,-0.7299501861876414f,-0.19415702817304925f,0f,0f,0f,1f],start_interpolation:0}
execute if entity @s[tag=aj.frestchika_v2.bone.leg_left_1] run data modify entity @s {} merge value {transformation:[-0.99925700895405f,-0.032989360365716626f,-0.019928175000906455f,0.03412217520212151f,-0.035145849241784266f,0.99216744283923f,0.11986882268103558f,0.3787541746488744f,0.01581769064306321f,0.12048015385334074f,-0.9925897103991135f,0.34689606771204556f,0f,0f,0f,1f],start_interpolation:0}
execute if entity @s[tag=aj.frestchika_v2.bone.leg_left_0] run data modify entity @s {} merge value {transformation:[-0.99925700895405f,-0.0273170716301544f,0.027188373503372387f,0.027623109603866415f,-0.035145849241784266f,0.3563352348850855f,-0.9336969367307922f,0.4128646440225829f,0.01581769064306321f,-0.9339587667434491f,-0.3570305626774498f,0.01211929428614772f,0f,0f,0f,1f],start_interpolation:0}
execute if entity @s[tag=aj.frestchika_v2.bone.body_0] run data modify entity @s {} merge value {transformation:[-0.491766289384288f,0.10428038994352633f,0.8644602459907771f,0f,0.29285722246608953f,0.9547723846033045f,0.05142315478816014f,0.759375f,-0.8200003438259379f,0.2784516005918188f,-0.5000641381394972f,0f,0f,0f,0f,1f],start_interpolation:0}
execute if entity @s[tag=aj.frestchika_v2.bone.body_1] run data modify entity @s {} merge value {transformation:[-0.5909440803887308f,0.162394339922044f,0.790198185403384f,0f,0.3909031938549263f,0.9144922970845638f,0.10439603252526328f,0.759375f,-0.7056768289291745f,0.37058321188942367f,-0.6038942756627051f,0f,0f,0f,0f,1f],start_interpolation:0}