execute if entity @s[tag=aj.frestchika_v2.bone.hair] run data modify entity @s {} merge value {transformation:[-0.7580713590438066f,0.47610378208117804f,-0.4457050631140218f,-0.031621616903586725f,0.1584275005680022f,0.7973823810261487f,0.5823075351503237f,0.9613836505255515f,0.6326361842807064f,0.370818725413197f,-0.6799006774681727f,-0.11821712897220046f,0f,0f,0f,1f],start_interpolation:0}
execute if entity @s[tag=aj.frestchika_v2.bone.side_hair_2] run data modify entity @s {} merge value {transformation:[-0.8659366127430121f,0.16188996121866467f,-0.4732287218330876f,0.6793222800589946f,-0.11568063945252119f,0.855683449254186f,0.5044044253655141f,0.9790778842168656f,0.48659199784523227f,0.4915256607025497f,-0.722240093392708f,-0.11566480408885108f,0f,0f,0f,1f],start_interpolation:0}
execute if entity @s[tag=aj.frestchika_v2.bone.side_hair_1] run data modify entity @s {} merge value {transformation:[-0.811708456009946f,0.3499582170585133f,-0.4676094831749843f,0.6863872581375918f,0.05736202808540597f,0.8445107791206995f,0.5324576430880471f,1.3152228936424353f,0.5812391763946051f,0.4053773430548081f,-0.7055708536794486f,0.1333241213896191f,0f,0f,0f,1f],start_interpolation:0}
execute if entity @s[tag=aj.frestchika_v2.bone.head] run data modify entity @s {} merge value {transformation:[-0.7580713590438066f,0.47610378208117804f,-0.4457050631140218f,0.17853891828044177f,0.1584275005680022f,0.7973823810261487f,0.5823075351503237f,0.9396433928848058f,0.6326361842807064f,0.370818725413197f,-0.6799006774681727f,0.13905702202994888f,0f,0f,0f,1f],start_interpolation:0}
execute if entity @s[tag=aj.frestchika_v2.bone.group] run data modify entity @s {} merge value {transformation:[0.000001129193635164514f,0.000003843943018487649f,0.000009162369988432254f,0.4032551728430908f,3.5967010185178257e-7f,0.00000919949148454215f,-0.000003903843470692744f,0.6666876417782366f,-0.000009929529654124509f,7.70362574672793e-7f,9.005455854123224e-7f,-0.06210233501118738f,0f,0f,0f,1f],start_interpolation:0}
execute if entity @s[tag=aj.frestchika_v2.bone.group2] run data modify entity @s {} merge value {transformation:[0.000001129193635164514f,0.000003843943018487649f,0.000009162369988432254f,0.4032551728430908f,3.5967010185178257e-7f,0.00000919949148454215f,-0.000003903843470692744f,0.6666876417782366f,-0.000009929529654124509f,7.70362574672793e-7f,9.005455854123224e-7f,-0.06210233501118738f,0f,0f,0f,1f],start_interpolation:0}
execute if entity @s[tag=aj.frestchika_v2.bone.group3] run data modify entity @s {} merge value {transformation:[0.000001129193635164514f,0.000003843943018487649f,0.000009162369988432254f,0.4032551728430908f,3.5967010185178257e-7f,0.00000919949148454215f,-0.000003903843470692744f,0.6666876417782366f,-0.000009929529654124509f,7.70362574672793e-7f,9.005455854123224e-7f,-0.06210233501118738f,0f,0f,0f,1f],start_interpolation:0}
execute if entity @s[tag=aj.frestchika_v2.locator_origin.muzzle] at @s on origin run tp @s ^0.40326 ^0.66669 ^-0.06211 ~95.61342 ~-22.97842
execute if entity @s[tag=aj.frestchika_v2.bone.gun] run data modify entity @s {} merge value {transformation:[0.000001129193635164514f,0.000003843943018487649f,0.000009162369988432254f,0.4032602413742905f,3.5967010185178257e-7f,0.00000919949148454215f,-0.000003903843470692744f,0.6666875536157991f,-0.000009929529654124509f,7.70362574672793e-7f,9.005455854123224e-7f,-0.062102233884164006f,0f,0f,0f,1f],start_interpolation:0}
execute if entity @s[tag=aj.frestchika_v2.bone.sword] run data modify entity @s {} merge value {transformation:[0.4045327193226218f,-0.9553451865658583f,0.17661700258721155f,0.22809013921544768f,0.9681452843417315f,0.38043970120741744f,-0.15964039041570519f,0.45506046426276286f,0.08107218699599007f,0.22384351755335097f,1.0251078442022725f,-0.027730799882199224f,0f,0f,0f,1f],start_interpolation:0}
execute if entity @s[tag=aj.frestchika_v2.bone.arm_right_1] run data modify entity @s {} merge value {transformation:[0.11291936351645138f,0.3843943018487649f,0.9162369988432254f,0.4137859342492509f,0.035967010185178255f,0.919949148454215f,-0.3903843470692744f,0.6359308417613786f,-0.9929529654124507f,0.0770362574672793f,0.09005455854123223f,0.25269617647320985f,0f,0f,0f,1f],start_interpolation:0}
execute if entity @s[tag=aj.frestchika_v2.bone.arm_right_0] run data modify entity @s {} merge value {transformation:[0.8402206706469721f,0.3843943018487649f,0.3824529321678073f,0.10869848047145865f,-0.31406466264753147f,0.919949148454215f,-0.23464217850688443f,0.7551262879459327f,-0.4420323656630194f,0.0770362574672793f,0.8936849572090774f,0.35161232104146833f,0f,0f,0f,1f],start_interpolation:0}
execute if entity @s[tag=aj.frestchika_v2.bone.arm_left_1] run data modify entity @s {} merge value {transformation:[-0.8060520488560868f,0.514748594428647f,-0.29208556805949343f,0.2792185260983983f,0.5900371164502575f,0.6603701994543995f,-0.4645076973351699f,0.7947292963995731f,-0.046220079467366615f,-0.5467587074809956f,-0.8360135286272234f,-0.17453775256755658f,0f,0f,0f,1f],start_interpolation:0}
execute if entity @s[tag=aj.frestchika_v2.bone.arm_left_0] run data modify entity @s {} merge value {transformation:[-0.5855935613561356f,0.514748594428647f,-0.6261901192385346f,0.05280847804642576f,0.7366090019165311f,0.6603701994543995f,-0.14600814349921856f,1.0911979989599259f,0.33835980729656656f,-0.5467587074809956f,-0.7658769852919862f,-0.02962036733278011f,0f,0f,0f,1f],start_interpolation:0}
execute if entity @s[tag=aj.frestchika_v2.bone.right_wing_0] run data modify entity @s {} merge value {transformation:[0.26977476505882036f,0.47610378208117804f,-0.836986717233587f,-0.39950188063434056f,-0.5337816140425717f,0.7973823810261487f,0.28152890959753446f,0.7194960013036253f,0.8014354400995536f,0.370818725413197f,0.46924908975443635f,0.4374920908440675f,0f,0f,0f,1f],start_interpolation:0}
execute if entity @s[tag=aj.frestchika_v2.bone.right_wing_1] run data modify entity @s {} merge value {transformation:[0.26977476505882036f,0.47610378208117804f,-0.836986717233587f,0.361505156450494f,-0.5337816140425717f,0.7973823810261487f,0.28152890959753446f,1.3888058420237968f,0.8014354400995536f,0.370818725413197f,0.46924908975443635f,0.1280033969916097f,0f,0f,0f,1f],start_interpolation:0}
execute if entity @s[tag=aj.frestchika_v2.bone.right_wing_2] run data modify entity @s {} merge value {transformation:[0.26977476505882036f,0.47610378208117804f,-0.836986717233587f,0.3508921182548542f,-0.5337816140425717f,0.7973823810261487f,0.28152890959753446f,1.3771910574673223f,0.8014354400995536f,0.370818725413197f,0.46924908975443635f,0.11604157438948992f,0f,0f,0f,1f],start_interpolation:0}
execute if entity @s[tag=aj.frestchika_v2.bone.left_wing_0] run data modify entity @s {} merge value {transformation:[0.26977476505882036f,0.47610378208117804f,-0.836986717233587f,-0.39950188063434056f,-0.5337816140425717f,0.7973823810261487f,0.28152890959753446f,0.7194960013036253f,0.8014354400995536f,0.370818725413197f,0.46924908975443635f,0.4374920908440675f,0f,0f,0f,1f],start_interpolation:0}
execute if entity @s[tag=aj.frestchika_v2.bone.left_wing_1] run data modify entity @s {} merge value {transformation:[0.26977476505882036f,0.47610378208117804f,-0.836986717233587f,0.361505156450494f,-0.5337816140425717f,0.7973823810261487f,0.28152890959753446f,1.3888058420237968f,0.8014354400995536f,0.370818725413197f,0.46924908975443635f,0.1280033969916097f,0f,0f,0f,1f],start_interpolation:0}
execute if entity @s[tag=aj.frestchika_v2.bone.left_wing_2] run data modify entity @s {} merge value {transformation:[0.26977476505882036f,0.47610378208117804f,-0.836986717233587f,0.3508921182548542f,-0.5337816140425717f,0.7973823810261487f,0.28152890959753446f,1.3771910574673223f,0.8014354400995536f,0.370818725413197f,0.46924908975443635f,0.11604157438948992f,0f,0f,0f,1f],start_interpolation:0}
execute if entity @s[tag=aj.frestchika_v2.bone.leg_right_1] run data modify entity @s {} merge value {transformation:[-0.9499575139336396f,-0.06941167907526889f,-0.30456976299194627f,0.07841212657787786f,-0.07443711716804896f,0.9972136478453171f,0.00490470577563179f,0.38636223588656615f,0.3033806805133261f,0.02733055723887154f,-0.9524774030559906f,0.5123600803223852f,0f,0f,0f,1f],start_interpolation:0}
execute if entity @s[tag=aj.frestchika_v2.bone.leg_right_0] run data modify entity @s {} merge value {transformation:[-0.9499575139336396f,-0.3123736805203483f,0.0018453832094788292f,-0.020983979412094532f,-0.07443711716804896f,0.2206249816182953f,-0.9725141300123287f,0.365513249088742f,0.3033806805133261f,-0.9239844702180324f,-0.2328365553068787f,0.19601160338036755f,0f,0f,0f,1f],start_interpolation:0}
execute if entity @s[tag=aj.frestchika_v2.bone.leg_left_1] run data modify entity @s {} merge value {transformation:[-0.9703183481935129f,0.18250862147317906f,-0.15865971841325024f,-0.013844453738536253f,-0.08214059713849826f,0.36833972170620805f,0.9260554906241437f,0.16194049901861626f,0.2274537875278033f,0.9116010380102433f,-0.3424154231892948f,-0.3331554437839037f,0f,0f,0f,1f],start_interpolation:0}
execute if entity @s[tag=aj.frestchika_v2.bone.leg_left_0] run data modify entity @s {} merge value {transformation:[-0.9703183481935129f,0.16492436360034113f,-0.17686790961063142f,0.036141102476118014f,-0.08214059713849826f,0.46312107550619497f,0.8824804766813347f,0.3626413963005929f,0.2274537875278033f,0.8708150341565123f,-0.43582789128995536f,-0.04743765207306003f,0f,0f,0f,1f],start_interpolation:0}
execute if entity @s[tag=aj.frestchika_v2.bone.body_0] run data modify entity @s {} merge value {transformation:[-0.2250010101662938f,0.13997269546225538f,-0.9642521402357258f,0.050882614190647f,0.03624103863481046f,0.9901450992885626f,0.13527479245414661f,0.6704034627870665f,0.9736843084608162f,-0.004508534115762741f,-0.22785640341519786f,0.07289214791158966f,0f,0f,0f,1f],start_interpolation:0}
execute if entity @s[tag=aj.frestchika_v2.bone.body_1] run data modify entity @s {} merge value {transformation:[0.26977476505882036f,0.47610378208117804f,-0.836986717233587f,0f,-0.5337816140425717f,0.7973823810261487f,0.28152890959753446f,0.640625f,0.8014354400995536f,0.370818725413197f,0.46924908975443635f,0f,0f,0f,0f,1f],start_interpolation:0}