execute if entity @s[tag=aj.frestchika_v2.bone.hair] run data modify entity @s {} merge value {transformation:[-0.9498557907253884f,0.01199517771769082f,-0.31245814525623805f,-0.08551730274014657f,-0.19408332889905264f,0.7608601616895314f,0.6192119796945487f,1.174909252083257f,0.24516451266223183f,0.6488050015723531f,-0.7203793664908715f,-0.07487321214100068f,0f,0f,0f,1f],start_interpolation:0}
execute if entity @s[tag=aj.frestchika_v2.bone.side_hair_2] run data modify entity @s {} merge value {transformation:[-0.8485812095001795f,-0.4288028036406308f,-0.30990012338356293f,0.5590339223319039f,-0.5230141026744924f,0.5915646415629603f,0.6136020886992495f,1.4001486160221135f,-0.07978834054427045f,0.6827733375304142f,-0.7262605526054479f,0.23776344725999776f,0f,0f,0f,1f],start_interpolation:0}
execute if entity @s[tag=aj.frestchika_v2.bone.side_hair_1] run data modify entity @s {} merge value {transformation:[-0.9226084168770667f,-0.2279179370461221f,-0.31120270416600315f,0.32474406657412375f,-0.37839203780368724f,0.6914509963271934f,0.6153982331831189f,1.6080493438065246f,0.07492112408637497f,0.6855282150654133f,-0.7241808417203969f,0.5151159615150542f,0f,0f,0f,1f],start_interpolation:0}
execute if entity @s[tag=aj.frestchika_v2.bone.head] run data modify entity @s {} merge value {transformation:[-0.9498557907253884f,0.01199517771769082f,-0.31245814525623805f,0.004498191644134057f,-0.19408332889905264f,0.7608601616895314f,0.6192119796945487f,1.1362840990951129f,0.24516451266223183f,0.6488050015723531f,-0.7203793664908715f,0.2433018755896324f,0f,0f,0f,1f],start_interpolation:0}
execute if entity @s[tag=aj.frestchika_v2.bone.group] run data modify entity @s {} merge value {transformation:[0.00000897517193457022f,-0.00000152651931844627f,-0.000004137152102027845f,0.138063119288375f,-0.00000230530095696867f,0.0000063735051010375445f,-0.000007352823962590681f,0.6884019354365217f,0.0000037592387850072005f,0.0000075530239968809005f,0.0000053684217662027f,0.6256384473930429f,0f,0f,0f,1f],start_interpolation:0}
execute if entity @s[tag=aj.frestchika_v2.bone.group2] run data modify entity @s {} merge value {transformation:[0.00000897517193457022f,-0.00000152651931844627f,-0.000004137152102027845f,0.138063119288375f,-0.00000230530095696867f,0.0000063735051010375445f,-0.000007352823962590681f,0.6884019354365217f,0.0000037592387850072005f,0.0000075530239968809005f,0.0000053684217662027f,0.6256384473930429f,0f,0f,0f,1f],start_interpolation:0}
execute if entity @s[tag=aj.frestchika_v2.bone.group3] run data modify entity @s {} merge value {transformation:[0.00000897517193457022f,-0.00000152651931844627f,-0.000004137152102027845f,0.138063119288375f,-0.00000230530095696867f,0.0000063735051010375445f,-0.000007352823962590681f,0.6884019354365217f,0.0000037592387850072005f,0.0000075530239968809005f,0.0000053684217662027f,0.6256384473930429f,0f,0f,0f,1f],start_interpolation:0}
execute if entity @s[tag=aj.frestchika_v2.locator_origin.muzzle] at @s on origin run tp @s ^0.13807 ^0.6884 ^0.62565 ~-142.3805 ~-47.33108
execute if entity @s[tag=aj.frestchika_v2.bone.gun] run data modify entity @s {} merge value {transformation:[0.00000897517193457022f,-0.00000152651931844627f,-0.000004137152102027845f,0.1380613144871394f,-0.00000230530095696867f,0.0000063735051010375445f,-0.000007352823962590681f,0.6883995757715133f,0.0000037592387850072005f,0.0000075530239968809005f,0.0000053684217662027f,0.6256425562470632f,0f,0f,0f,1f],start_interpolation:0}
execute if entity @s[tag=aj.frestchika_v2.bone.sword] run data modify entity @s {} merge value {transformation:[-0.16064936655396705f,0.13121049451633351f,-1.0317462378194497f,0.1533791423867662f,0.6707413033280902f,0.810943342238848f,-0.0013083532479895633f,0.5922595902645615f,0.7948726924077492f,-0.657783713622697f,-0.20741914342024975f,0.36646220890396447f,0f,0f,0f,1f],start_interpolation:0}
execute if entity @s[tag=aj.frestchika_v2.bone.arm_right_1] run data modify entity @s {} merge value {transformation:[0.897517193457022f,-0.152651931844627f,-0.41371521020278446f,-0.16309684409221525f,-0.230530095696867f,0.6373505101037544f,-0.7352823962590681f,0.7236770416774375f,0.37592387850072f,0.75530239968809f,0.5368421766202699f,0.53501105720577f,0f,0f,0f,1f],start_interpolation:0}
execute if entity @s[tag=aj.frestchika_v2.bone.arm_right_0] run data modify entity @s {} merge value {transformation:[0.2529411727938979f,-0.152651931844627f,-0.9553628372559564f,-0.2121527919979196f,-0.7136074087759807f,0.6373505101037544f,-0.29077275218031384f,0.9869740862272958f,0.653288014007358f,0.75530239968809f,0.052278635978140975f,0.3029172747137103f,0f,0f,0f,1f],start_interpolation:0}
execute if entity @s[tag=aj.frestchika_v2.bone.arm_left_1] run data modify entity @s {} merge value {transformation:[-0.26203952607408026f,0.9577388514102781f,0.11862368766057314f,0.25487355608887197f,0.8793205499861068f,0.28759840108009505f,-0.3795820465568729f,0.8912976090213067f,-0.3976564561867474f,0.004842746689082578f,-0.9175216022838388f,0.0408566239152756f,0f,0f,0f,1f],start_interpolation:0}
execute if entity @s[tag=aj.frestchika_v2.bone.arm_left_0] run data modify entity @s {} merge value {transformation:[-0.28733295456920493f,0.9577388514102781f,-0.013268975765031832f,0.14010623645825288f,0.9558069898990396f,0.28759840108009505f,0.06099309597249916f,1.2728579912812663f,0.06223159389465183f,0.004842746689082578f,-0.9980499869875439f,0.07822488631048063f,0f,0f,0f,1f],start_interpolation:0}
execute if entity @s[tag=aj.frestchika_v2.bone.right_wing_0] run data modify entity @s {} merge value {transformation:[-0.6683695918578006f,0.01199517771769082f,-0.7437326161943942f,-0.5516386262797239f,-0.47650602570429845f,0.7608601616895314f,0.4404927034824464f,1.0293729620887886f,0.5711603068730632f,0.6488050015723531f,-0.5028200212674186f,-0.14520987205986355f,0f,0f,0f,1f],start_interpolation:0}
execute if entity @s[tag=aj.frestchika_v2.bone.right_wing_1] run data modify entity @s {} merge value {transformation:[-0.6683695918578006f,0.01199517771769082f,-0.7437326161943942f,0.16667168392076384f,-0.47650602570429845f,0.7608601616895314f,0.4404927034824464f,1.552854830997752f,0.5711603068730632f,0.6488050015723531f,-0.5028200212674186f,0.4317543002968419f,0f,0f,0f,1f],start_interpolation:0}
execute if entity @s[tag=aj.frestchika_v2.bone.right_wing_2] run data modify entity @s {} merge value {transformation:[-0.6683695918578006f,0.01199517771769082f,-0.7437326161943942f,0.1706240842876684f,-0.47650602570429845f,0.7608601616895314f,0.4404927034824464f,1.541566865626725f,0.5711603068730632f,0.6488050015723531f,-0.5028200212674186f,0.4160194545994036f,0f,0f,0f,1f],start_interpolation:0}
execute if entity @s[tag=aj.frestchika_v2.bone.left_wing_0] run data modify entity @s {} merge value {transformation:[-0.6683695918578006f,0.01199517771769082f,-0.7437326161943942f,-0.5516386262797239f,-0.47650602570429845f,0.7608601616895314f,0.4404927034824464f,1.0293729620887886f,0.5711603068730632f,0.6488050015723531f,-0.5028200212674186f,-0.14520987205986355f,0f,0f,0f,1f],start_interpolation:0}
execute if entity @s[tag=aj.frestchika_v2.bone.left_wing_1] run data modify entity @s {} merge value {transformation:[-0.6683695918578006f,0.01199517771769082f,-0.7437326161943942f,0.16667168392076384f,-0.47650602570429845f,0.7608601616895314f,0.4404927034824464f,1.552854830997752f,0.5711603068730632f,0.6488050015723531f,-0.5028200212674186f,0.4317543002968419f,0f,0f,0f,1f],start_interpolation:0}
execute if entity @s[tag=aj.frestchika_v2.bone.left_wing_2] run data modify entity @s {} merge value {transformation:[-0.6683695918578006f,0.01199517771769082f,-0.7437326161943942f,0.1706240842876684f,-0.47650602570429845f,0.7608601616895314f,0.4404927034824464f,1.541566865626725f,0.5711603068730632f,0.6488050015723531f,-0.5028200212674186f,0.4160194545994036f,0f,0f,0f,1f],start_interpolation:0}
execute if entity @s[tag=aj.frestchika_v2.bone.leg_right_1] run data modify entity @s {} merge value {transformation:[-0.9680057340151882f,-0.11319067062226285f,0.2239481435462221f,-0.24270919133529892f,-0.008172859771075625f,0.9062280201398436f,0.42271027888682966f,0.3701823204371679f,-0.25079494268601027f,0.40735567701641423f,-0.8781590112989901f,0.2575497907426163f,0f,0f,0f,1f],start_interpolation:0}
execute if entity @s[tag=aj.frestchika_v2.bone.leg_right_0] run data modify entity @s {} merge value {transformation:[-0.9680057340151882f,0.16800984745125597f,0.1863802298343969f,-0.17401137205251105f,-0.008172859771075625f,0.7212594781423933f,-0.6926167551777278f,0.5502731608032229f,-0.25079494268601027f,-0.671980249969572f,-0.6968101896312601f,-0.013475372031673864f,0f,0f,0f,1f],start_interpolation:0}
execute if entity @s[tag=aj.frestchika_v2.bone.leg_left_1] run data modify entity @s {} merge value {transformation:[-0.9527502397750747f,-0.2625243788197707f,0.15280029821250718f,0.14296336156979897f,-0.022117588206712196f,0.5616600372135012f,0.8270724363012265f,0.312334519583952f,-0.3029484987592046f,0.784613887923622f,-0.5409281412321992f,-0.36100630316191734f,0f,0f,0f,1f],start_interpolation:0}
execute if entity @s[tag=aj.frestchika_v2.bone.leg_left_0] run data modify entity @s {} merge value {transformation:[-0.9527502397750747f,-0.24511426244522438f,0.179404512079466f,0.056930483243200755f,-0.022117588206712196f,0.6450358155397876f,0.763832186388371f,0.5615036926286341f,-0.3029484987592046f,0.7237733036088405f,-0.619979364239399f,-0.1086306531615262f,0f,0f,0f,1f],start_interpolation:0}
execute if entity @s[tag=aj.frestchika_v2.bone.body_0] run data modify entity @s {} merge value {transformation:[-0.9221141707228822f,0.10746127989772902f,-0.37169547949200754f,-0.022582246900415062f,-0.03049935510663293f,0.9374801926757962f,0.34669969379656435f,0.8695837219574449f,0.38571394256641944f,0.33103317305565305f,-0.8611862707025555f,0.04971577992586849f,0f,0f,0f,1f],start_interpolation:0}
execute if entity @s[tag=aj.frestchika_v2.bone.body_1] run data modify entity @s {} merge value {transformation:[-0.6683695918578006f,0.01199517771769082f,-0.7437326161943942f,0f,-0.47650602570429845f,0.7608601616895314f,0.4404927034824464f,0.8509615384615384f,0.5711603068730632f,0.6488050015723531f,-0.5028200212674186f,0f,0f,0f,0f,1f],start_interpolation:0}