execute if entity @s[tag=aj.frestchika_v2.bone.hair] run data modify entity @s {} merge value {transformation:[-0.8593328771830198f,0.456517564068469f,-0.23051837212973747f,0.030934633601022776f,0.095202398058158f,0.585662292217728f,0.8049448321955066f,1.0422783761333436f,0.5024773722231967f,0.6697696568009539f,-0.5467404294840497f,-0.056699410904610975f,0f,0f,0f,1f],start_interpolation:0}
execute if entity @s[tag=aj.frestchika_v2.bone.side_hair_2] run data modify entity @s {} merge value {transformation:[-0.934506022542642f,0.3149959381987649f,0.16575902011598237f,0.6461246005884742f,0.08559645433433091f,-0.25314781852489054f,0.9636334515683231f,1.1683480589531254f,0.3455021574996625f,0.9147096484100123f,0.20960562556551182f,0.0015548605048026909f,0f,0f,0f,1f],start_interpolation:0}
execute if entity @s[tag=aj.frestchika_v2.bone.side_hair_1] run data modify entity @s {} merge value {transformation:[-0.8593328771830198f,0.5080867755706879f,0.058265209881491364f,0.7068929100766598f,0.095202398058158f,0.04698929460894302f,0.9943482838503468f,1.2016139319549157f,0.5024773722231967f,0.8600231593871963f,-0.08875052518907012f,0.4141557094414806f,0f,0f,0f,1f],start_interpolation:0}
execute if entity @s[tag=aj.frestchika_v2.bone.head] run data modify entity @s {} merge value {transformation:[-0.8593328771830198f,0.456517564068469f,-0.23051837212973747f,0.17708511686220751f,0.095202398058158f,0.585662292217728f,0.8049448321955066f,0.9202087378796402f,0.5024773722231967f,0.6697696568009539f,-0.5467404294840497f,0.21637405500544796f,0f,0f,0f,1f],start_interpolation:0}
execute if entity @s[tag=aj.frestchika_v2.bone.group] run data modify entity @s {} merge value {transformation:[0.0000098331859144054f,0.0000018139729420072904f,1.3400350146404618e-7f,0.49215233907852785f,-0.0000016874284957298187f,0.000009372583752535054f,-0.00000305078004345035f,0.6398306988156526f,-6.789991491439507e-7f,0.0000029772766024307077f,0.000009522330816983854f,0.5374602548306591f,0f,0f,0f,1f],start_interpolation:0}
execute if entity @s[tag=aj.frestchika_v2.bone.group2] run data modify entity @s {} merge value {transformation:[0.0000098331859144054f,0.0000018139729420072904f,1.3400350146404618e-7f,0.49215233907852785f,-0.0000016874284957298187f,0.000009372583752535054f,-0.00000305078004345035f,0.6398306988156526f,-6.789991491439507e-7f,0.0000029772766024307077f,0.000009522330816983854f,0.5374602548306591f,0f,0f,0f,1f],start_interpolation:0}
execute if entity @s[tag=aj.frestchika_v2.bone.group3] run data modify entity @s {} merge value {transformation:[0.0000098331859144054f,0.0000018139729420072904f,1.3400350146404618e-7f,0.49215233907852785f,-0.0000016874284957298187f,0.000009372583752535054f,-0.00000305078004345035f,0.6398306988156526f,-6.789991491439507e-7f,0.0000029772766024307077f,0.000009522330816983854f,0.5374602548306591f,0f,0f,0f,1f],start_interpolation:0}
execute if entity @s[tag=aj.frestchika_v2.locator_origin.muzzle] at @s on origin run tp @s ^0.49216 ^0.63983 ^0.53746 ~179.19376 ~-17.76286
execute if entity @s[tag=aj.frestchika_v2.bone.gun] run data modify entity @s {} merge value {transformation:[0.0000098331859144054f,0.0000018139729420072904f,1.3400350146404618e-7f,0.49215320294318554f,-0.0000016874284957298187f,0.000009372583752535054f,-0.00000305078004345035f,0.6398309470237501f,-6.789991491439507e-7f,0.0000029772766024307077f,0.000009522330816983854f,0.5374652448345074f,0f,0f,0f,1f],start_interpolation:0}
execute if entity @s[tag=aj.frestchika_v2.bone.sword] run data modify entity @s {} merge value {transformation:[0.19090069844390523f,-0.24872038308299527f,-1.0045993263349706f,0.3930567363134589f,0.9863613415330363f,0.3529989060598338f,0.10003893416919699f,0.4292569006092211f,0.3133256123632051f,-0.9597159243544976f,0.297148308555869f,0.38956301914097824f,0f,0f,0f,1f],start_interpolation:0}
execute if entity @s[tag=aj.frestchika_v2.bone.arm_right_1] run data modify entity @s {} merge value {transformation:[0.9833185914405399f,0.18139729420072903f,0.013400350146404616f,0.18553885119648983f,-0.16874284957298186f,0.9372583752535053f,-0.30507800434503496f,0.6773109498455463f,-0.06789991491439507f,0.29772766024307074f,0.9522330816983854f,0.6062961491548415f,0f,0f,0f,1f],start_interpolation:0}
execute if entity @s[tag=aj.frestchika_v2.bone.arm_right_0] run data modify entity @s {} merge value {transformation:[0.7181163566849209f,0.18139729420072903f,-0.6718659984834989f,-0.0352134132175695f,-0.3330845994347698f,0.9372583752535053f,-0.10296304014809426f,0.7971934235307298f,0.6110348172411729f,0.29772766024307074f,0.7334812147868768f,0.3633997081754883f,0f,0f,0f,1f],start_interpolation:0}
execute if entity @s[tag=aj.frestchika_v2.bone.arm_left_1] run data modify entity @s {} merge value {transformation:[-0.46063847217733095f,0.8795069178473996f,0.1194980309825297f,0.39462582626565856f,0.8589902224001195f,0.4756380255465218f,-0.18948421167791205f,0.7348188188908393f,-0.22349048250681205f,0.015363922441019848f,-0.9745850163613734f,-0.09876557052461449f,0f,0f,0f,1f],start_interpolation:0}
execute if entity @s[tag=aj.frestchika_v2.bone.arm_left_0] run data modify entity @s {} merge value {transformation:[-0.46468285480581434f,0.8795069178473996f,-0.10265196494995008f,0.2100358339052072f,0.8513899243249329f,0.4756380255465218f,0.22114173150310523f,1.0726105169770237f,0.24332086060899838f,0.015363922441019848f,-0.969824163794511f,0.010685575766416273f,0f,0f,0f,1f],start_interpolation:0}
execute if entity @s[tag=aj.frestchika_v2.bone.right_wing_0] run data modify entity @s {} merge value {transformation:[-0.3431524584151907f,0.47222697829922f,-0.8119409284239825f,-0.5086074831323155f,-0.4639657167874576f,0.6663899676790401f,0.5836610528574168f,0.9283855150095902f,0.8166897843915468f,0.5769974800145279f,-0.009576227199309228f,0.17871335723385692f,0f,0f,0f,1f],start_interpolation:0}
execute if entity @s[tag=aj.frestchika_v2.bone.right_wing_1] run data modify entity @s {} merge value {transformation:[-0.3431524584151907f,0.47222697829922f,-0.8119409284239825f,0.4796707532817661f,-0.4639657167874576f,0.6663899676790401f,0.5836610528574168f,1.2880402138397324f,0.8166897843915468f,0.5769974800145279f,-0.009576227199309228f,0.30850260963817805f,0f,0f,0f,1f],start_interpolation:0}
execute if entity @s[tag=aj.frestchika_v2.bone.right_wing_2] run data modify entity @s {} merge value {transformation:[-0.3431524584151907f,0.47222697829922f,-0.8119409284239825f,0.47296120030375055f,-0.4639657167874576f,0.6663899676790401f,0.5836610528574168f,1.2784451876756717f,0.8166897843915468f,0.5769974800145279f,-0.009576227199309228f,0.2925795957354584f,0f,0f,0f,1f],start_interpolation:0}
execute if entity @s[tag=aj.frestchika_v2.bone.left_wing_0] run data modify entity @s {} merge value {transformation:[-0.3431524584151907f,0.47222697829922f,-0.8119409284239825f,-0.5086074831323155f,-0.4639657167874576f,0.6663899676790401f,0.5836610528574168f,0.9283855150095902f,0.8166897843915468f,0.5769974800145279f,-0.009576227199309228f,0.17871335723385692f,0f,0f,0f,1f],start_interpolation:0}
execute if entity @s[tag=aj.frestchika_v2.bone.left_wing_1] run data modify entity @s {} merge value {transformation:[-0.3431524584151907f,0.47222697829922f,-0.8119409284239825f,0.4796707532817661f,-0.4639657167874576f,0.6663899676790401f,0.5836610528574168f,1.2880402138397324f,0.8166897843915468f,0.5769974800145279f,-0.009576227199309228f,0.30850260963817805f,0f,0f,0f,1f],start_interpolation:0}
execute if entity @s[tag=aj.frestchika_v2.bone.left_wing_2] run data modify entity @s {} merge value {transformation:[-0.3431524584151907f,0.47222697829922f,-0.8119409284239825f,0.47296120030375055f,-0.4639657167874576f,0.6663899676790401f,0.5836610528574168f,1.2784451876756717f,0.8166897843915468f,0.5769974800145279f,-0.009576227199309228f,0.2925795957354584f,0f,0f,0f,1f],start_interpolation:0}
execute if entity @s[tag=aj.frestchika_v2.bone.leg_right_1] run data modify entity @s {} merge value {transformation:[-0.9681873392497502f,0.13849872775249994f,-0.2084019638281462f,-0.14913008294168126f,-0.029577654323501762f,0.7636710813769055f,0.6449276252676317f,0.1753814177977459f,0.2484722086697193f,0.6305748027629761f,-0.7352802048465775f,0.2749660498983706f,0f,0f,0f,1f],start_interpolation:0}
execute if entity @s[tag=aj.frestchika_v2.bone.leg_right_0] run data modify entity @s {} merge value {transformation:[-0.9681873392497502f,-0.13266641133116797f,-0.21216243640427584f,-0.20832419570445676f,-0.029577654323501762f,0.9026136672911789f,-0.42943419750165246f,0.42886898663339623f,0.2484722086697193f,-0.40949748585757917f,-0.8778230861597984f,0.0744871991029083f,0f,0f,0f,1f],start_interpolation:0}
execute if entity @s[tag=aj.frestchika_v2.bone.leg_left_1] run data modify entity @s {} merge value {transformation:[-0.9819794637859074f,0.18468174074842866f,-0.04011218439417136f,-0.08399661949839629f,0.03320002043715081f,0.377523714175329f,0.9254045622743801f,0.11941781561554171f,0.18604862629354357f,0.9073965505055628f,-0.3768519719795704f,-0.2852171743626203f,0f,0f,0f,1f],start_interpolation:0}
execute if entity @s[tag=aj.frestchika_v2.bone.leg_left_0] run data modify entity @s {} merge value {transformation:[-0.9819794637859074f,0.15336955472859454f,-0.11042695497519828f,-0.04107742493560246f,0.03320002043715081f,0.7152161329898598f,0.6981143471910628f,0.408949506522297f,0.18604862629354357f,0.6818677751539395f,-0.7074194271158389f,-0.11035262278964705f,0f,0f,0f,1f],start_interpolation:0}
execute if entity @s[tag=aj.frestchika_v2.bone.body_0] run data modify entity @s {} merge value {transformation:[-0.6588143570773319f,0.4359739713465175f,-0.613098963640559f,0.012086023189940261f,0.09970659452662683f,0.8583717463812864f,0.5032460034836275f,0.6882233820049752f,0.745668986827724f,0.27041568246439823f,-0.6089771102107443f,0.06691020852983556f,0f,0f,0f,1f],start_interpolation:0}
execute if entity @s[tag=aj.frestchika_v2.bone.body_1] run data modify entity @s {} merge value {transformation:[-0.3431524584151907f,0.47222697829922f,-0.8119409284239825f,0f,-0.4639657167874576f,0.6663899676790401f,0.5836610528574168f,0.6703125000000001f,0.8166897843915468f,0.5769974800145279f,-0.009576227199309228f,0f,0f,0f,0f,1f],start_interpolation:0}