execute if entity @s[tag=aj.heiloang_aj.bone.head_lower] run data modify entity @s {} merge value {transformation:[-0.788351959359922f,-0.13594237484921817f,-0.004567153788378336f,0.10361026640501374f,-0.13601393780744872f,0.7876442716433639f,0.03341721217435892f,-0.6760397359380695f,-0.0011819033308650792f,0.03370715158166438f,-0.7992887031835036f,4.614166519527208f,0f,0f,0f,1f],start_interpolation:0}
execute if entity @s[tag=aj.heiloang_aj.bone.horne_right] run data modify entity @s {} merge value {transformation:[-0.4896030546696733f,-0.6326005295833081f,0.010267367191407063f,-0.30581039121167275f,-0.63169776728495f,0.4880510493024762f,-0.052574747569163f,-0.30108991875303964f,0.03530976727952664f,-0.04028328742381982f,-0.7982045333678551f,4.364718469693415f,0f,0f,0f,1f],start_interpolation:0}
execute if entity @s[tag=aj.heiloang_aj.bone.horne_left] run data modify entity @s {} merge value {transformation:[-0.6728650114621799f,0.4326051982130561f,0.010267367191407063f,0.36444644463613285f,0.4311377796134826f,0.6718304182663918f,-0.052574747569163f,-0.18545086882914674f,-0.03705254835982107f,-0.03868632279045826f,-0.7982045333678551f,4.365723323905316f,0f,0f,0f,1f],start_interpolation:0}
execute if entity @s[tag=aj.heiloang_aj.bone.head_upper] run data modify entity @s {} merge value {transformation:[-1.15475824127143f,-0.19866890441480214f,0.015039382777793283f,0.08396487241216206f,-0.1992298157519057f,1.1521887977791825f,-0.07701017587062074f,-0.563912998002629f,-0.0017312224514678966f,-0.07844586089007177f,-1.1691900453639001f,4.378855977473579f,0f,0f,0f,1f],start_interpolation:0}
execute if entity @s[tag=aj.heiloang_aj.bone.neck_0] run data modify entity @s {} merge value {transformation:[-0.9854399491999024f,-0.1682978412395726f,-0.02416491578701316f,0.0855072465915887f,-0.17001742225931088f,0.9741644411725988f,0.14865301101281964f,-0.564359366303769f,-0.001477379163581349f,0.1505970723121066f,-0.9885941225608358f,3.9458921447275443f,0f,0f,0f,1f],start_interpolation:0}
execute if entity @s[tag=aj.heiloang_aj.bone.neck_1] run data modify entity @s {} merge value {transformation:[-0.9854399491999024f,-0.16708360016409637f,-0.03148296487146959f,0.07194995670185303f,-0.17001742225931088f,0.9667530992113773f,0.1910039824021894f,-0.4826945265671192f,-0.001477379163581349f,0.19357560724792006f,-0.9810842479774128f,3.5908374005250545f,0f,0f,0f,1f],start_interpolation:0}
execute if entity @s[tag=aj.heiloang_aj.bone.neck_2] run data modify entity @s {} merge value {transformation:[-0.9964360878810355f,-0.07848780946464969f,-0.030899620285337957f,0.06191793909550934f,-0.08398203827033725f,0.957348608821346f,0.2764609528229851f,-0.4014879889654534f,0.007882893903690175f,0.2780706833761408f,-0.960528268730509f,3.1878922553332414f,0f,0f,0f,1f],start_interpolation:0}
execute if entity @s[tag=aj.heiloang_aj.bone.neck_3] run data modify entity @s {} merge value {transformation:[-0.9918096051234795f,-0.1274891714736617f,-0.007760047794121726f,0.060989424010750415f,-0.127267072636644f,0.9915679280924878f,-0.024415900574625393f,-0.4381352743514918f,0.010807377448158254f,-0.023228326141375155f,-0.999671768860841f,2.671124617900677f,0f,0f,0f,1f],start_interpolation:0}
execute if entity @s[tag=aj.heiloang_aj.bone.wing_right_2] run data modify entity @s {} merge value {transformation:[-0.39964620960883107f,-2.31033447393016f,0.19029853398319316f,-3.3051489535059675f,-1.9544836247479347f,0.43965026785546535f,1.2329952996211297f,-2.4151200147474623f,-1.2465362706549998f,0.051364062003272246f,-1.9942630381664936f,0.6389123433881139f,0f,0f,0f,1f],start_interpolation:0}
execute if entity @s[tag=aj.heiloang_aj.bone.wing_right_1] run data modify entity @s {} merge value {transformation:[-1.7415919871015555f,-2.8426859311441657f,0.2705786766149201f,-2.1690139445491803f,-2.3514930996539167f,1.6075314585609923f,1.7531519001263935f,-0.9022279713164688f,-1.620048247936977f,0.7226327417933646f,-2.835571259507426f,1.742728163634954f,0f,0f,0f,1f],start_interpolation:0}
execute if entity @s[tag=aj.heiloang_aj.bone.wing_right_0] run data modify entity @s {} merge value {transformation:[-1.9886817661435747f,-0.9702019226830829f,0.17959137571197753f,-0.3178494643465003f,-0.7430486094071537f,1.7384664285456426f,1.1636207461530808f,-0.20177140778790834f,-0.6491714696951544f,0.9822640714399594f,-1.8820557103582307f,2.331452860343732f,0f,0f,0f,1f],start_interpolation:0}
execute if entity @s[tag=aj.heiloang_aj.bone.wing_left_2] run data modify entity @s {} merge value {transformation:[-1.3147028555163909f,1.89351229655786f,-0.4687681631704901f,3.517429252182674f,1.5807012881579703f,1.3653759597584938f,1.0819925750439854f,-2.007663156495703f,1.1430292409355896f,0.2897165470227041f,-2.035466649952403f,0.5525510173606725f,0f,0f,0f,1f],start_interpolation:0}
execute if entity @s[tag=aj.heiloang_aj.bone.wing_left_1] run data modify entity @s {} merge value {transformation:[-1.9474569855273791f,2.6363563710236293f,-0.666524678750706f,2.2525347338053665f,2.189660453206331f,2.0064366798525324f,1.538446528907194f,-0.5974592853263153f,1.612456871387529f,0.4594079968888935f,-2.894157200846159f,1.6522879667259116f,0f,0f,0f,1f],start_interpolation:0}
execute if entity @s[tag=aj.heiloang_aj.bone.wing_left_0] run data modify entity @s {} merge value {transformation:[-2.0303401513476715f,0.7812857329481468f,-0.4423928947408512f,0.36051607174579314f,0.5101986773609741f,1.9040543854141694f,1.0211141988064718f,-0.11472486628430453f,0.7387937326782252f,0.8322076068366275f,-1.9209409984897055f,2.3240609654089592f,0f,0f,0f,1f],start_interpolation:0}
execute if entity @s[tag=aj.heiloang_aj.bone.kazari_right] run data modify entity @s {} merge value {transformation:[-2.627486261363936f,-0.056442782311275114f,0.0005892579904197427f,-2.866541452301436f,-0.009897494133369858f,0.4336807309159515f,-2.5920442225776803f,3.24469110906899f,0.055571346122774375f,-2.5914485185921428f,-0.4337932566706567f,-0.8149542941355677f,0f,0f,0f,1f],start_interpolation:0}
execute if entity @s[tag=aj.heiloang_aj.bone.kazari_left] run data modify entity @s {} merge value {transformation:[-2.623949055827799f,-0.14751675752834467f,0.0005892579904197427f,2.101476872085162f,-0.024929393716986162f,0.4330767392585493f,-2.5920442225776803f,3.306959078840166f,0.14539623896634749f,-2.587963201577207f,-0.4337932566706567f,-1.1802755257727333f,0f,0f,0f,1f],start_interpolation:0}
execute if entity @s[tag=aj.heiloang_aj.bone.ring] run data modify entity @s {} merge value {transformation:[-2.1968322500413113f,0.16075668825270972f,0.03180625951727367f,-0.20763941250326115f,-0.027534577210885633f,-0.7835920742401223f,2.0586771466235074f,2.6283487258315428f,0.16154317695364556f,2.052575707289285f,0.7834303119037702f,2.5632151567076167f,0f,0f,0f,1f],start_interpolation:0}
execute if entity @s[tag=aj.heiloang_aj.bone.body_0] run data modify entity @s {} merge value {transformation:[-1.1193187142281649f,-0.13458677563444235f,-0.05161774637279506f,-0.001581451876053643f,-0.14362879263454562f,1.0755390131949991f,0.31022407540283553f,-0.034247685721455284f,0.012196796408263164f,0.31425245720204903f,-1.083858388922429f,1.685057028661474f,0f,0f,0f,1f],start_interpolation:0}
execute if entity @s[tag=aj.heiloang_aj.bone.leg_right_3] run data modify entity @s {} merge value {transformation:[-0.9993565533339842f,0.0010698678654417378f,-0.035851564696259025f,-0.36587703459342175f,-0.03097222463253701f,-0.5298356580723431f,0.8475345991382057f,-0.08684772156859635f,-0.018088687341297566f,0.8480996585412576f,0.5295278732724756f,-0.4192862912574997f,0f,0f,0f,1f],start_interpolation:0}
execute if entity @s[tag=aj.heiloang_aj.bone.leg_right_2] run data modify entity @s {} merge value {transformation:[-0.9993565533339842f,-0.023432176705920287f,-0.02715533839306883f,-0.37884699736116245f,-0.03097222463253701f,0.18195025286261896f,0.9828198343463266f,-0.02255540348512619f,-0.018088687341297566f,0.9830285034413048f,-0.18255892421959885f,0.1871889583625056f,0f,0f,0f,1f],start_interpolation:0}
execute if entity @s[tag=aj.heiloang_aj.bone.leg_right_1] run data modify entity @s {} merge value {transformation:[-0.9993565533339842f,-0.03435305007367048f,-0.010312480742063942f,-0.3741491838173964f,-0.03097222463253701f,0.6815239988975959f,0.7311400414612383f,-0.4873051266091283f,-0.018088687341297566f,0.7309889923092313f,-0.68214946493639f,0.723410403743874f,0f,0f,0f,1f],start_interpolation:0}
execute if entity @s[tag=aj.heiloang_aj.bone.leg_right_0] run data modify entity @s {} merge value {transformation:[-0.9993565533339842f,-0.035684495368971426f,0.003618853227392335f,-0.3639017661599176f,-0.03097222463253701f,0.9094412541026743f,0.41467737656817816f,0.20615204265685583f,-0.018088687341297566f,0.4142984698576821f,-0.9099613053662512f,0.9653787515358213f,0f,0f,0f,1f],start_interpolation:0}
execute if entity @s[tag=aj.heiloang_aj.bone.leg_left_3] run data modify entity @s {} merge value {transformation:[-0.9964213017076429f,0.07813541783551274f,-0.032240440178700994f,0.5503345803622218f,-0.06167155954512087f,-0.41120460990646157f,0.909454445002578f,0.03855143610998096f,0.0578031854357454f,0.9081881001595125f,0.4145517657448057f,-0.7385270825745137f,0f,0f,0f,1f],start_interpolation:0}
execute if entity @s[tag=aj.heiloang_aj.bone.leg_left_2] run data modify entity @s {} merge value {transformation:[-0.9861491643413197f,-0.10381671689223564f,-0.129351903591073f,0.4932973747162334f,-0.1494131075554488f,0.2174496373721922f,0.964567975052731f,0.12529500226611423f,-0.0720107558600848f,0.9705347724324045f,-0.2299493564679836f,-0.13741456282217634f,0f,0f,0f,1f],start_interpolation:0}
execute if entity @s[tag=aj.heiloang_aj.bone.leg_left_1] run data modify entity @s {} merge value {transformation:[-0.9861491643413197f,-0.15923487977063805f,-0.046412053750586046f,0.514092893677611f,-0.1494131075554488f,0.7313777767324213f,0.6654038405303686f,-0.28932671982878444f,-0.0720107558600848f,0.6631220104674332f,-0.7450393615602389f,0.4380888577071894f,0f,0f,0f,1f],start_interpolation:0}
execute if entity @s[tag=aj.heiloang_aj.bone.leg_left_0] run data modify entity @s {} merge value {transformation:[-0.9861491643413197f,-0.14875637559252228f,-0.07335779705998052f,0.3648792330360773f,-0.1494131075554488f,0.604720340586245f,0.782297279154082f,0.19979206722845624f,-0.0720107558600848f,0.7824224245264396f,-0.6185706108752881f,0.9653787515358214f,0f,0f,0f,1f],start_interpolation:0}
execute if entity @s[tag=aj.heiloang_aj.bone.tail_4] run data modify entity @s {} merge value {transformation:[-1.5762618945033582f,0.012331999978499382f,0.010036204506107586f,0.010138433584005312f,0.015723805945213387f,1.3566632426681497f,0.8025409469973552f,0.7457143004691589f,-0.0023591419955981607f,0.8026002314087286f,-1.3567172390293323f,-3.2000329705755215f,0f,0f,0f,1f],start_interpolation:0}
execute if entity @s[tag=aj.heiloang_aj.bone.tail_3] run data modify entity @s {} merge value {transformation:[-0.9999491298044865f,0.009228715061599457f,0.0040704571686670755f,0.00445813079726438f,0.009974869104530803f,0.9646596945460307f,0.2633100372274215f,0.3686702134937595f,-0.001496592662558065f,0.2633372448718001f,-0.9647026773435078f,-1.917754590878999f,0f,0f,0f,1f],start_interpolation:0}
execute if entity @s[tag=aj.heiloang_aj.bone.tail_2] run data modify entity @s {} merge value {transformation:[-0.9999491298044865f,0.009615668729890487f,0.0030457705309415717f,0.0022489707392322287f,0.009974869104530803f,0.9875231461202681f,0.1571576847089414f,0.2636577942462757f,-0.001496592662558065f,0.1571800712291623f,-0.9875688256616841f,-1.1416165204845434f,0f,0f,0f,1f],start_interpolation:0}
execute if entity @s[tag=aj.heiloang_aj.bone.tail_1] run data modify entity @s {} merge value {transformation:[-0.9999602467064355f,0.008916094259336435f,-0.00009093933792974187f,0.0024706202114937077f,0.008895590731256576f,0.9968579395273065f,-0.07870906470613732f,0.3420034813975087f,-0.0006111238389535112f,-0.07870674472071357f,-0.9968976250664467f,-0.36388461543337725f,0f,0f,0f,1f],start_interpolation:0}
execute if entity @s[tag=aj.heiloang_aj.bone.tail_ring] run data modify entity @s {} merge value {transformation:[-0.9999602467064355f,0.008881869036793427f,0.000785753916824753f,0.0028590101106719485f,0.008895590731256576f,0.9997675258204357f,0.019640844697375592f,0.3758338079001775f,-0.0006111238389535112f,0.019647053654369917f,-0.9998067912403654f,-0.5069549965164617f,0f,0f,0f,1f],start_interpolation:0}
execute if entity @s[tag=aj.heiloang_aj.bone.tail_0] run data modify entity @s {} merge value {transformation:[-0.9999602467064355f,0.008881869036793427f,0.000785753916824753f,0.0015606935310368076f,0.008895590731256576f,0.9997675258204357f,0.019640844697375592f,0.32580651498709357f,-0.0006111238389535112f,0.019647053654369917f,-0.9998067912403654f,0.8892311604310672f,0f,0f,0f,1f],start_interpolation:0}
execute if entity @s[tag=aj.heiloang_aj.bone.body_1] run data modify entity @s {} merge value {transformation:[-0.9999619230641713f,0.007595189876830258f,0.004297151677478024f,0.003635606409011744f,0.008726535498372594f,0.8703225554619172f,0.4924048101231686f,0.21413091032917778f,-1.2246001683497691e-16f,0.4924235601034671f,-0.8703556959398996f,1.23001991805283f,0f,0f,0f,1f],start_interpolation:0}