execute if entity @s[tag=aj.heiloang_aj.bone.head_lower] run data modify entity @s {} merge value {transformation:[-0.7898151123442516f,-0.09673183397489632f,0.08267430440282161f,-0.10240894723444406f,0.09545898274755646f,-0.10672293080740976f,0.7870818246235135f,4.468072950269008f,-0.08414078039475886f,0.7869264059209923f,0.11690663256988904f,-2.7768778609109366f,0f,0f,0f,1f],start_interpolation:0}
execute if entity @s[tag=aj.heiloang_aj.bone.horne_right] run data modify entity @s {} merge value {transformation:[-0.5268834191718301f,-0.5940818912463599f,0.09726545684337135f,-0.45817485120903667f,0.05530289653191457f,0.08094464641164677f,0.7939707512575477f,4.73868101881686f,-0.5994459543920386f,0.5296363570511771f,-0.012242428377427061f,-2.363793287654815f,0f,0f,0f,1f],start_interpolation:0}
execute if entity @s[tag=aj.heiloang_aj.bone.horne_left] run data modify entity @s {} merge value {transformation:[-0.6377421460312875f,0.47310082020691774f,0.09726545684337135f,0.21332595730604606f,0.08545659261752946f,-0.04803766153475601f,0.7939707512575477f,4.6575217916848874f,0.47537577341889203f,0.6433257316428547f,-0.012242428377427061f,-2.292256796163191f,0f,0f,0f,1f],start_interpolation:0}
execute if entity @s[tag=aj.heiloang_aj.bone.head_upper] run data modify entity @s {} merge value {transformation:[-1.1569014311840513f,-0.12017868954070196f,0.14247200954774927f,-0.08868943473288168f,0.13982593145405203f,0.03268873622346353f,1.1629885071732746f,4.6972070110018995f,-0.12324731160273293f,1.1651826644369514f,-0.017932403026545727f,-2.651822851992761f,0f,0f,0f,1f],start_interpolation:0}
execute if entity @s[tag=aj.heiloang_aj.bone.neck_0] run data modify entity @s {} merge value {transformation:[-0.985295867175203f,-0.1580852383100742f,0.06481598225678559f,-0.04974328872089408f,0.12403847728020088f,-0.4009438410372382f,0.907666509511239f,5.111938788941243f,-0.11750110757552032f,0.9023597363373178f,0.4146569617838014f,-2.5337508031963156f,0f,0f,0f,1f],start_interpolation:0}
execute if entity @s[tag=aj.heiloang_aj.bone.neck_1] run data modify entity @s {} merge value {transformation:[-0.9854353759657667f,-0.16786158149303837f,0.02719575801230934f,-0.041929892192377104f,0.12230473279026573f,-0.5885149675642871f,0.799181884986083f,5.395784088116801f,-0.11814682446985092f,0.7908682712130148f,0.6004737341934516f,-2.305085951262992f,0f,0f,0f,1f],start_interpolation:0}
execute if entity @s[tag=aj.heiloang_aj.bone.neck_2] run data modify entity @s {} merge value {transformation:[-0.9958330711516169f,-0.08684039600320732f,0.027843132416178813f,-0.027609140428479267f,0.07986766415617987f,-0.6831266402863899f,0.7259195200249584f,5.716162631334377f,-0.044018753082912226f,0.7251184309842333f,0.6872158397650551f,-2.0477681744288674f,0f,0f,0f,1f],start_interpolation:0}
execute if entity @s[tag=aj.heiloang_aj.bone.neck_3] run data modify entity @s {} merge value {transformation:[-0.9917297213270838f,-0.12625696765460706f,0.023050769079756023f,-0.012622897136739638f,0.11312604489876438f,-0.7750965251770119f,0.6216332315956777f,6.056627759912959f,-0.0606189557982277f,0.6190997938759034f,0.7829692123070657f,-1.657573882443408f,0f,0f,0f,1f],start_interpolation:0}
execute if entity @s[tag=aj.heiloang_aj.bone.wing_right_2] run data modify entity @s {} merge value {transformation:[-0.78572907941566f,-2.2025131105575895f,0.2552289519305375f,-4.269725926529257f,2.0066084293647632f,-0.5911619826337348f,1.075930354535943f,7.646150087433603f,-0.9432541710927691f,0.5770957584591082f,2.0762485546305887f,-1.4727432128627274f,0f,0f,0f,1f],start_interpolation:0}
execute if entity @s[tag=aj.heiloang_aj.bone.wing_right_1] run data modify entity @s {} merge value {transformation:[-2.8594847450404477f,-1.6967229272618962f,0.36290091469268554f,-2.4030909975352497f,1.6590051125172998f,-2.4687143503621414f,1.5298268744722374f,6.536694404689023f,-0.5082005533472271f,1.4878842486295276f,2.9521435319370433f,-1.184929751456651f,0f,0f,0f,1f],start_interpolation:0}
execute if entity @s[tag=aj.heiloang_aj.bone.wing_right_0] run data modify entity @s {} merge value {transformation:[-2.1906912049591667f,-0.2669352354560869f,0.24086847985271212f,-0.3635410604010767f,0.3484204278395295f,-1.943188132911442f,1.0153930694939104f,6.220758900749845f,0.08874260520557356f,1.039791065639703f,1.9594283068888179f,-1.2517646970751675f,0f,0f,0f,1f],start_interpolation:0}
execute if entity @s[tag=aj.heiloang_aj.bone.wing_left_2] run data modify entity @s {} merge value {transformation:[-1.195856961195846f,1.9972971550782044f,-0.3380920126192792f,4.397326204702335f,-1.8597317152405242f,-0.9268312658420493f,1.1027047466603084f,6.844204278677848f,0.803056711577075f,0.8278670698216858f,2.0501980487301417f,-0.8760301795763409f,0f,0f,0f,1f],start_interpolation:0}
execute if entity @s[tag=aj.heiloang_aj.bone.wing_left_1] run data modify entity @s {} merge value {transformation:[-3.141378527192924f,1.04300867859288f,-0.4807209358569143f,2.3479228782626387f,-1.1443186750853547f,-2.7238675342830914f,1.567896424649747f,6.071143881713549f,0.09743968207107957f,1.6370391946922025f,2.915103249680772f,-0.8565857226654292f,0f,0f,0f,1f],start_interpolation:0}
execute if entity @s[tag=aj.heiloang_aj.bone.wing_left_0] run data modify entity @s {} merge value {transformation:[-2.1831398014652676f,-0.2459581749301177f,-0.319069245530237f,0.31476983777070544f,0.06869874024591119f,-1.9597717133730028f,1.0406609988616236f,6.14338436263555f,-0.3969648477470189f,1.0135084645172396f,1.9348435342438142f,-1.2103033014252431f,0f,0f,0f,1f],start_interpolation:0}
execute if entity @s[tag=aj.heiloang_aj.bone.kazari_right] run data modify entity @s {} merge value {transformation:[-2.6280772433159942f,-0.005706393092216188f,0.006901362092552307f,-2.667344007552238f,0.0024342319442891692f,1.4939022878793313f,2.162202630962232f,7.071379168546669f,-0.008617786008993954f,2.162196471161451f,-1.4938883299689858f,3.393586737719766f,0f,0f,0f,1f],start_interpolation:0}
execute if entity @s[tag=aj.heiloang_aj.bone.kazari_left] run data modify entity @s {} merge value {transformation:[-2.6280772433159942f,-0.005706393092216188f,0.006901362092552307f,2.4067102862195684f,0.0024342319442891692f,1.4939022878793313f,2.162202630962232f,7.066679373257025f,-0.008617786008993954f,2.162196471161451f,-1.4938883299689858f,3.4102251809820237f,0f,0f,0f,1f],start_interpolation:0}
execute if entity @s[tag=aj.heiloang_aj.bone.ring] run data modify entity @s {} merge value {transformation:[-2.2029230447819814f,0.005968529967002104f,-0.004552054760904385f,-0.12226090601525284f,0.0020404368479112825f,-0.8094813903372687f,-2.048819660462859f,5.129234712474818f,-0.007223653506568523f,-2.04881198286512f,0.8094711628479062f,0.3972385257257669f,0f,0f,0f,1f],start_interpolation:0}
execute if entity @s[tag=aj.heiloang_aj.bone.body_0] run data modify entity @s {} merge value {transformation:[-1.1192285604044798f,-0.14198721575081388f,0.028625793891544855f,-0.0005341649578647829f,0.12766976491020973f,-0.8617173215268178f,0.7174929022966662f,6.641153048055561f,-0.0684122550451391f,0.7147973588938709f,0.8706531312845891f,-0.7645152956850947f,0f,0f,0f,1f],start_interpolation:0}
execute if entity @s[tag=aj.heiloang_aj.bone.leg_right_3] run data modify entity @s {} merge value {transformation:[-0.983008613521185f,-0.10757938514945503f,0.14873043277696424f,-0.43723252319976164f,-0.1832414767132227f,0.5274476340147571f,-0.8295911972677827f,7.028273605287639f,0.010799396053267667f,-0.8427488767498303f,-0.5381985728165622f,1.579560319527174f,0f,0f,0f,1f],start_interpolation:0}
execute if entity @s[tag=aj.heiloang_aj.bone.leg_right_2] run data modify entity @s {} merge value {transformation:[-0.983008613521185f,0.04501494944171932f,0.1779542639835228f,-0.4182505715969756f,-0.1832414767132227f,-0.29768592526734167f,-0.9369128300486043f,6.891426881922242f,0.010799396053267667f,-0.9536019841760432f,0.3008764344716923f,0.985399894795019f,0f,0f,0f,1f],start_interpolation:0}
execute if entity @s[tag=aj.heiloang_aj.bone.leg_right_1] run data modify entity @s {} merge value {transformation:[-0.9834763755610204f,0.11423439533645728f,0.1404447280444266f,-0.5087765478471581f,-0.18044068399565583f,-0.6814219931393728f,-0.7092991095617879f,7.340772673398484f,0.01467577161647192f,-0.7229208602524062f,0.6907749644706173f,0.4436977438030242f,0f,0f,0f,1f],start_interpolation:0}
execute if entity @s[tag=aj.heiloang_aj.bone.leg_right_0] run data modify entity @s {} merge value {transformation:[-0.9812039202722005f,0.13689229158623967f,0.13601237938780888f,-0.3641846398251679f,-0.19297238028997293f,-0.6986966312842544f,-0.6889010653767762f,6.790869168605682f,0.0007261457755892148f,-0.7021990586267565f,0.7119803050478362f,-0.021313924931596423f,0f,0f,0f,1f],start_interpolation:0}
execute if entity @s[tag=aj.heiloang_aj.bone.leg_left_3] run data modify entity @s {} merge value {transformation:[-0.9862856627583935f,0.16469321228949144f,-0.010804501978566194f,0.4204916949584657f,0.08887272370969224f,0.47478229686508444f,-0.8756045965868018f,7.02961065489662f,-0.13907634744145764f,-0.8645564853780716f,-0.48290770668219773f,1.5658898150719982f,0f,0f,0f,1f],start_interpolation:0}
execute if entity @s[tag=aj.heiloang_aj.bone.leg_left_2] run data modify entity @s {} merge value {transformation:[-0.9837822371770356f,-0.029816876716896576f,-0.176871319545584f,0.4107018831058097f,0.17854365497184185f,-0.25715923405843333f,-0.9497322210011494f,6.918016418711595f,-0.017166044513591147f,-0.9659089409469868f,0.25831230074161804f,0.9662525609470055f,0f,0f,0f,1f],start_interpolation:0}
execute if entity @s[tag=aj.heiloang_aj.bone.leg_left_1] run data modify entity @s {} merge value {transformation:[-0.9842227355183323f,-0.10842775907484531f,-0.13981783845710866f,0.5012214267408549f,0.1756830512138704f,-0.6926808804374465f,-0.6995203094925758f,7.359616774901814f,-0.021001723857708453f,-0.7130474170336862f,0.7008011905359417f,0.4182168406553557f,0f,0f,0f,1f],start_interpolation:0}
execute if entity @s[tag=aj.heiloang_aj.bone.leg_left_0] run data modify entity @s {} merge value {transformation:[-0.9830558744507918f,-0.12614864606163023f,-0.13299498789280229f,0.36461475529624054f,0.18272627786395154f,-0.7320493982312369f,-0.6562886452829046f,6.7871765073388355f,-0.014568976826636652f,-0.6694700871929243f,0.7426961338718033f,-0.02131392493159634f,0f,0f,0f,1f],start_interpolation:0}
execute if entity @s[tag=aj.heiloang_aj.bone.tail_4] run data modify entity @s {} merge value {transformation:[-1.5762529121059108f,0.014295902972952626f,0.008760589220966786f,-0.054591861898383644f,-0.008796649883453658f,-0.003939428139834837f,-1.5763126160582597f,4.802582325786565f,-0.014273742191118984f,-1.5762723342594687f,0.004018982426245176f,3.1490152083758183f,0f,0f,0f,1f],start_interpolation:0}
execute if entity @s[tag=aj.heiloang_aj.bone.tail_3] run data modify entity @s {} merge value {transformation:[-0.9998714891086783f,-0.0007273860542472473f,-0.01601487362181109f,-0.03317188120406919f,0.015244016691449144f,-0.35236149672939954f,-0.9357398119016465f,6.06222678629161f,-0.004962380749732341f,-0.9358636901451759f,0.3523273027245394f,2.702619229511751f,0f,0f,0f,1f],start_interpolation:0}
execute if entity @s[tag=aj.heiloang_aj.bone.tail_2] run data modify entity @s {} merge value {transformation:[-0.999525870555245f,-0.014907407338537655f,-0.026940736760950653f,-0.012349642652319914f,0.027953250668816806f,-0.8061933788907671f,-0.5909914141590679f,6.510243910545826f,-0.012909293854669874f,-0.591464288895899f,0.8062278493658246f,2.0605367709001823f,0f,0f,0f,1f],start_interpolation:0}
execute if entity @s[tag=aj.heiloang_aj.bone.tail_1] run data modify entity @s {} merge value {transformation:[-0.9999118552649006f,-0.003350985695065122f,-0.012847279695566484f,-0.00236627220953786f,0.008702088253587037f,-0.8962192276764525f,-0.443526064175546f,6.841717131530422f,-0.010027729590063173f,-0.4435987678498388f,0.8961693912432926f,1.3527014453880242f,0f,0f,0f,1f],start_interpolation:0}
execute if entity @s[tag=aj.heiloang_aj.bone.tail_ring] run data modify entity @s {} merge value {transformation:[-0.999987528227768f,-0.004654662363787283f,-0.001810388686999665f,-0.0027708029949877274f,0.004471161067908808f,-0.9958632174755679f,0.09075494916485255f,6.823872600697525f,-0.0022253331489219224f,0.09074572275038259f,0.9958716090414905f,1.4986301432354576f,0f,0f,0f,1f],start_interpolation:0}
execute if entity @s[tag=aj.heiloang_aj.bone.tail_0] run data modify entity @s {} merge value {transformation:[-0.999987528227768f,-0.004654662363787283f,-0.001810388686999665f,-0.0001366931236801666f,0.004471161067908808f,-0.9958632174755679f,0.09075494916485255f,6.719599786437025f,-0.0022253331489219224f,0.09074572275038259f,0.9958716090414905f,0.10544657952770109f,0f,0f,0f,1f],start_interpolation:0}
execute if entity @s[tag=aj.heiloang_aj.bone.body_1] run data modify entity @s {} merge value {transformation:[-0.9999871641516495f,-0.005066708187993496f,-2.82494739304532e-7f,0.0025548582906341805f,0.005066708195868755f,-0.999987162597355f,-0.00005575436796462219f,6.648970470479326f,-1.2267994841117274e-16f,-0.00005575508362837267f,0.9999999984456855f,-0.24614548315130552f,0f,0f,0f,1f],start_interpolation:0}