execute if entity @s[tag=aj.heiloang_aj.bone.head_lower] run data modify entity @s {} merge value {transformation:[-0.7910883581846416f,-0.07568281105253283f,0.09193107013363297f,-0.11717521997015813f,0.026876445945233016f,-0.7151751871220553f,-0.35749420747515115f,6.498216963666705f,0.11600373355233569f,-0.35042340651862863f,0.7097510619687712f,2.7835053391300555f,0f,0f,0f,1f],start_interpolation:0}
execute if entity @s[tag=aj.heiloang_aj.bone.horne_right] run data modify entity @s {} merge value {transformation:[-0.5417445781566845f,-0.5797484243477632f,0.1020028259614512f,-0.4604705547956285f,0.5330848686709008f,-0.5419778768174911f,-0.24915959510830243f,6.009546727348173f,0.24966644714892045f,-0.10075587082989587f,0.7533358611279198f,2.900922046117215f,0f,0f,0f,1f],start_interpolation:0}
execute if entity @s[tag=aj.heiloang_aj.bone.horne_left] run data modify entity @s {} merge value {transformation:[-0.6247584576510479f,0.4891546719488244f,0.1020028259614512f,0.2121127673329538f,-0.4934540796920554f,-0.5782928042097132f,-0.24915959510830243f,5.986696373005536f,-0.07861259968192581f,-0.2574978436995242f,0.7533358611279198f,2.8022956718510192f,0f,0f,0f,1f],start_interpolation:0}
execute if entity @s[tag=aj.heiloang_aj.bone.head_upper] run data modify entity @s {} merge value {transformation:[-1.1587664498599086f,-0.08999290839746137f,0.1494111893976847f,-0.09878000068949128f,0.039367946109428696f,-1.1128407214449794f,-0.36496274592476374f,6.304667176753503f,0.16991936881412253f,-0.35587767214590005f,1.103467535983649f,2.958232251654201f,0f,0f,0f,1f],start_interpolation:0}
execute if entity @s[tag=aj.heiloang_aj.bone.neck_0] run data modify entity @s {} merge value {transformation:[-0.989419360656814f,-0.10624653760103701f,0.09879778340252773f,-0.04870502256024506f,0.02905368020243404f,-0.8122732619556321f,-0.5825530289841876f,6.108883399529368f,0.1421450400969237f,-0.5735188062825389f,0.8067657444488425f,3.341144079324896f,0f,0f,0f,1f],start_interpolation:0}
execute if entity @s[tag=aj.heiloang_aj.bone.neck_1] run data modify entity @s {} merge value {transformation:[-0.9893241116248974f,-0.11807690357930284f,0.08541455964138317f,-0.01905724344589965f,0.028749165919654703f,-0.732721108030464f,-0.6799215126068106f,5.851996624456518f,0.14286807766793652f,-0.6702071490873048f,0.7282932717633296f,3.5981402106679967f,0f,0f,0f,1f],start_interpolation:0}
execute if entity @s[tag=aj.heiloang_aj.bone.neck_2] run data modify entity @s {} merge value {transformation:[-0.9966554364497169f,-0.051951685644729476f,0.06307902467457463f,0.008533838443925142f,-0.027905155799535356f,-0.5091404512142277f,-0.8602309592296572f,5.516538236580646f,0.0768065314607296f,-0.8591140921298192f,0.5059878787371571f,3.8342891792535614f,0f,0f,0f,1f],start_interpolation:0}
execute if entity @s[tag=aj.heiloang_aj.bone.neck_3] run data modify entity @s {} merge value {transformation:[-0.9923434065609388f,-0.11938217185491734f,0.0316616565933352f,0.027809734250157758f,-0.011724248534150689f,-0.16414124144417527f,-0.9863671704053588f,5.010068111233996f,0.1229516386687903f,-0.979186167130831f,0.16148481243848073f,3.9415697867102573f,0f,0f,0f,1f],start_interpolation:0}
execute if entity @s[tag=aj.heiloang_aj.bone.wing_right_2] run data modify entity @s {} merge value {transformation:[1.6667908765841302f,-1.63645429377487f,0.2782112945994546f,-2.488242903079821f,-0.589769943620118f,-0.9523679479634151f,-2.068512197598864f,2.9470425041798967f,1.5516299796211839f,1.3959185658192068f,-1.0850952816518091f,6.333664941922717f,0f,0f,0f,1f],start_interpolation:0}
execute if entity @s[tag=aj.heiloang_aj.bone.wing_right_1] run data modify entity @s {} merge value {transformation:[-0.48176583484336855f,-3.286128110240427f,0.3955786854285095f,-2.178840556132181f,-1.588143506828247f,-0.12121876468401963f,-2.9411434826794416f,4.031575915881356f,2.903949148142395f,-0.6114628582965244f,-1.5428581564184358f,4.4558705108712955f,0f,0f,0f,1f],start_interpolation:0}
execute if entity @s[tag=aj.heiloang_aj.bone.wing_right_0] run data modify entity @s {} merge value {transformation:[-1.9778410187613873f,-0.9734517699178077f,0.26255771965189745f,-0.33709427615930065f,-0.6640145790132224f,0.8226079817233001f,-1.952127236443109f,4.633544879692525f,0.7587025394466596f,-1.8177204845764938f,-1.024042331443473f,3.7419726852104342f,0f,0f,0f,1f],start_interpolation:0}
execute if entity @s[tag=aj.heiloang_aj.bone.wing_left_2] run data modify entity @s {} merge value {transformation:[1.0156568179105228f,2.0767717729410466f,-0.43478297766607765f,3.0729543773725294f,0.7080604562328044f,-0.7861369038598763f,-2.1010033710182396f,3.076289697900969f,-2.000166899254228f,0.7762626989788424f,-0.9645333605546356f,5.75554694927519f,0f,0f,0f,1f],start_interpolation:0}
execute if entity @s[tag=aj.heiloang_aj.bone.wing_left_1] run data modify entity @s {} merge value {transformation:[-1.17971300277128f,3.0681137278043344f,-0.6182023594673183f,2.3099804915532527f,1.5041455313337153f,-0.02357198624768416f,-2.987341519634665f,4.106530989155929f,-2.744638814955655f,-1.3316686102867068f,-1.3714354744995796f,3.979447799443628f,0f,0f,0f,1f],start_interpolation:0}
execute if entity @s[tag=aj.heiloang_aj.bone.wing_left_0] run data modify entity @s {} merge value {transformation:[-2.1126758296134804f,0.5446452319788881f,-0.41031988770915634f,0.3416363627676682f,0.5923143332746371f,0.8038074323355656f,-1.982790292068106f,4.641563884651807f,-0.3378824789248679f,-1.9964105747577992f,-0.910263833968382f,3.6578777602892383f,0f,0f,0f,1f],start_interpolation:0}
execute if entity @s[tag=aj.heiloang_aj.bone.kazari_right] run data modify entity @s {} merge value {transformation:[-2.6232232311096118f,-0.158800263162581f,-0.018776174865831066f,-2.8859335387217033f,0.15971425392988028f,-2.5868210528411484f,-0.4355667414136299f,1.0152314361378043f,0.007837436744176083f,-0.43590079783542607f,2.5916788492380713f,0.7378572800806533f,0f,0f,0f,1f],start_interpolation:0}
execute if entity @s[tag=aj.heiloang_aj.bone.kazari_left] run data modify entity @s {} merge value {transformation:[-2.6266979202668908f,-0.08352053327923628f,-0.018776174865831066f,2.2604919396660508f,0.08547789072843406f,-2.590336914867868f,-0.4355667414136299f,0.813784175838405f,-0.00466416321092615f,-0.4359463000758485f,2.5916788492380713f,0.7412861223476945f,0f,0f,0f,1f],start_interpolation:0}
execute if entity @s[tag=aj.heiloang_aj.bone.ring] run data modify entity @s {} merge value {transformation:[-2.201249629197843f,0.08000776264132484f,0.032017396170150286f,-0.1533415309215628f,0.08616382553272521f,2.057316195336496f,0.7829126090182478f,4.476761418671599f,-0.001466598088439989f,0.7835656425005646f,-2.058870811577733f,1.3881546822758022f,0f,0f,0f,1f],start_interpolation:0}
execute if entity @s[tag=aj.heiloang_aj.bone.body_0] run data modify entity @s {} merge value {transformation:[-1.1199211422905102f,-0.1389745044391425f,-0.010728378455637708f,0.0032184721348805295f,-0.013231542351218881f,0.19246489182451715f,-1.1119507937133093f,3.9848803696470787f,0.13875855748529722f,-1.1033112563862226f,-0.19262063802647889f,3.645335160722452f,0f,0f,0f,1f],start_interpolation:0}
execute if entity @s[tag=aj.heiloang_aj.bone.leg_right_3] run data modify entity @s {} merge value {transformation:[-0.9975837007082414f,-0.017660421214421847f,0.06719277940209846f,-0.43928831779224864f,0.051512418161934845f,0.4609417164121251f,0.8859340860617981f,2.045738913762192f,-0.046617924196169766f,0.8872546667071259f,-0.4589182122667034f,2.517976684656909f,0f,0f,0f,1f],start_interpolation:0}
execute if entity @s[tag=aj.heiloang_aj.bone.leg_right_2] run data modify entity @s {} merge value {transformation:[-0.9975837007082414f,0.03205252455192064f,0.06163923872906278f,-0.422702458365607f,0.051512418161934845f,0.9365716901656139f,0.3466697851781071f,2.59899216799802f,-0.046617924196169766f,0.34900731346230196f,-0.93595975570185f,2.774393720840032f,0f,0f,0f,1f],start_interpolation:0}
execute if entity @s[tag=aj.heiloang_aj.bone.leg_right_1] run data modify entity @s {} merge value {transformation:[-0.9975079586507035f,0.05773520975164835f,0.040552656922077296f,-0.4469832524446306f,0.052988600949408306f,0.9925513626645577f,-0.10969959271644505f,2.750912666655669f,-0.046584123882830474f,-0.10727738824031247f,-0.9931371916177575f,3.4671262942111096f,0f,0f,0f,1f],start_interpolation:0}
execute if entity @s[tag=aj.heiloang_aj.bone.leg_right_0] run data modify entity @s {} merge value {transformation:[-0.9978653509424491f,0.060021852444748364f,0.025731665659334182f,-0.36538158244652597f,0.047445211457323985f,0.9370693159162586f,-0.3459046820700824f,3.410447123621716f,-0.04487419412393625f,-0.3439454526481428f,-0.9379167512654795f,3.154249315134309f,0f,0f,0f,1f],start_interpolation:0}
execute if entity @s[tag=aj.heiloang_aj.bone.leg_left_3] run data modify entity @s {} merge value {transformation:[-0.9935101148385314f,0.11373899387173333f,0.0010454599820947652f,0.47095955854309474f,0.06672018289049449f,0.5753075832520342f,0.8152113847633401f,1.942132476219081f,0.0921198616400792f,0.8099905097751143f,-0.5791625895771093f,2.397280243293186f,0f,0f,0f,1f],start_interpolation:0}
execute if entity @s[tag=aj.heiloang_aj.bone.leg_left_2] run data modify entity @s {} merge value {transformation:[-0.9895662321464006f,-0.06552426392047284f,-0.12831696315474583f,0.43716239857251993f,-0.10154221051586798f,0.9489981688395627f,0.2984822524417623f,2.505216687946344f,0.10221473318033622f,0.3083975459967817f,-0.9457500208533097f,2.6294609336655794f,0f,0f,0f,1f],start_interpolation:0}
execute if entity @s[tag=aj.heiloang_aj.bone.leg_left_1] run data modify entity @s {} merge value {transformation:[-0.9894097958131383f,-0.11846234956742442f,-0.0838744757597302f,0.48745337532186317f,-0.10301176613578297f,0.9801795806095154f,-0.16922341975548522f,2.69821012966444f,0.10225865238008462f,-0.1587912513053528f,-0.9820022945606032f,3.3104691290598884f,0f,0f,0f,1f],start_interpolation:0}
execute if entity @s[tag=aj.heiloang_aj.bone.leg_left_0] run data modify entity @s {} merge value {transformation:[-0.9897476983286798f,-0.11281350281387047f,-0.08759342004937055f,0.36340781730832966f,-0.10009861857137964f,0.9853586059131362f,-0.13801697110508582f,3.405136296800989f,0.10188110822513702f,-0.12783399913866994f,-0.9865488880187503f,3.1542493151343094f,0f,0f,0f,1f],start_interpolation:0}
execute if entity @s[tag=aj.heiloang_aj.bone.tail_4] run data modify entity @s {} merge value {transformation:[-1.5762073482466812f,0.0015451214284717652f,0.020551681697870205f,0.001405715242605082f,-0.0009302976274285778f,1.5649696108301974f,-0.1890069189526607f,0.18896444110823363f,-0.020588675702038168f,-0.18900289274353557f,-1.564834935913397f,0.6633558222641078f,0f,0f,0f,1f],start_interpolation:0}
execute if entity @s[tag=aj.heiloang_aj.bone.tail_3] run data modify entity @s {} merge value {transformation:[-0.9999609584168898f,0.0041354994823652146f,0.007808923485750354f,-0.009137441926362564f,-0.0005912198479372634f,0.8504318182127113f,-0.5260849484926486f,0.8697860090225782f,-0.0088165810304421f,-0.5260690260939649f,-0.8503961710188263f,1.8134876351010383f,0f,0f,0f,1f],start_interpolation:0}
execute if entity @s[tag=aj.heiloang_aj.bone.tail_2] run data modify entity @s {} merge value {transformation:[-0.9999901486846128f,0.004269288438592872f,0.0012147880283479115f,-0.010010621052785888f,0.0018830433037053923f,0.6558578714887423f,-0.754882048106969f,1.4728411760024342f,-0.00401953749106666f,-0.7548723240273709f,-0.6558594496810073f,2.3132340668412867f,0f,0f,0f,1f],start_interpolation:0}
execute if entity @s[tag=aj.heiloang_aj.bone.tail_1] run data modify entity @s {} merge value {transformation:[-0.9999837337595453f,0.005443589131831253f,-0.0017028075881858964f,-0.008587965984527475f,0.003681452810552467f,0.3879755202035374f,-0.9216623257071962f,2.1996594562135137f,-0.004356503359605056f,-0.9216536025319697f,-0.38798924961694425f,2.6008765107917036f,0f,0f,0f,1f],start_interpolation:0}
execute if entity @s[tag=aj.heiloang_aj.bone.tail_ring] run data modify entity @s {} merge value {transformation:[-0.9999787970457817f,0.00274270135020598f,-0.0059061872790117115f,-0.009351664510549413f,0.006483207048655402f,0.33419399194561106f,-0.9424820124404607f,2.0745827490709194f,-0.0006111343841139907f,-0.9425003200724975f,-0.33420468754642585f,2.5236171432290773f,0f,0f,0f,1f],start_interpolation:0}
execute if entity @s[tag=aj.heiloang_aj.bone.tail_0] run data modify entity @s {} merge value {transformation:[-0.9999787970457817f,0.00274270135020598f,-0.0059061872790117115f,-0.0011632862658825442f,0.006483207048655402f,0.33419399194561106f,-0.9424820124404607f,3.383584341258498f,-0.0006111343841139907f,-0.9425003200724975f,-0.33420468754642585f,3.0117646441201176f,0f,0f,0f,1f],start_interpolation:0}
execute if entity @s[tag=aj.heiloang_aj.bone.body_1] run data modify entity @s {} merge value {transformation:[-0.9999734494884366f,0.005714894303056071f,-0.004521095144103946f,0.0038792391236007946f,0.00728699651414374f,0.7842384113395214f,-0.6204168065594824f,3.6570874922461987f,-1.2246142841483513e-16f,-0.6204332793804409f,-0.7842592338233779f,3.243676960735778f,0f,0f,0f,1f],start_interpolation:0}