execute if entity @s[tag=aj.heiloang_aj.bone.head_lower] run data modify entity @s {} merge value {transformation:[0.031172557458393063f,0.7848339140042345f,0.15186836105751975f,-0.38509638018410175f,0.7992666033894906f,-0.027903422265834477f,-0.019856881227444417f,0.4498077274838786f,-0.014183383507805292f,0.15250287359472461f,-0.7852016971311396f,2.799821423509803f,0f,0f,0f,1f],start_interpolation:0}
execute if entity @s[tag=aj.heiloang_aj.bone.horne_right] run data modify entity @s {} merge value {transformation:[-0.5097958881696253f,0.6024858081371208f,0.13083960944111522f,0.11227753473658303f,0.6084842143673258f,0.5190202261327448f,-0.01910407628995141f,0.7681879934085454f,-0.09927292315189036f,0.08734332177376093f,-0.7889968509889023f,2.652545611230733f,0f,0f,0f,1f],start_interpolation:0}
execute if entity @s[tag=aj.heiloang_aj.bone.horne_left] run data modify entity @s {} merge value {transformation:[0.5557615284585945f,0.5603660590066671f,0.13083960944111522f,0.08577462638545724f,0.570078091129229f,-0.560933154915594f,-0.01910407628995141f,0.08865152720680053f,0.07835874871270772f,0.10650763179122234f,-0.7889968509889023f,2.664604323889069f,0f,0f,0f,1f],start_interpolation:0}
execute if entity @s[tag=aj.heiloang_aj.bone.head_upper] run data modify entity @s {} merge value {transformation:[0.0456607828511177f,1.1551394968039066f,0.19165058891910958f,-0.22042864810971535f,1.1707457389798412f,-0.04163495010135439f,-0.02798317334761358f,0.44043083060688065f,-0.020775465577645497f,0.1925652779025238f,-1.1557028624072694f,2.59702593567739f,0f,0f,0f,1f],start_interpolation:0}
execute if entity @s[tag=aj.heiloang_aj.bone.neck_0] run data modify entity @s {} merge value {transformation:[0.038551222157862886f,0.9877092194534163f,0.15147376365845777f,-0.22072828907993602f,0.9990985250928872f,-0.03540328527703513f,-0.023425297197888568f,0.4319359716229498f,-0.017774713144004254f,0.15224028769782363f,-0.9881836642923885f,2.1641425723853387f,0f,0f,0f,1f],start_interpolation:0}
execute if entity @s[tag=aj.heiloang_aj.bone.neck_1] run data modify entity @s {} merge value {transformation:[0.03772861449416232f,0.9895373707108215f,0.13925639523937577f,-0.15763393262571024f,0.9991323494774412f,-0.03489494479969333f,-0.022735238180272156f,0.4232164115966185f,-0.017638023586508518f,0.13999333839201325f,-0.9899953360141758f,1.805171976102528f,0f,0f,0f,1f],start_interpolation:0}
execute if entity @s[tag=aj.heiloang_aj.bone.neck_2] run data modify entity @s {} merge value {transformation:[0.19595507557328354f,0.9722374626975544f,0.12789028299480082f,-0.1378107762305651f,0.9806047195876146f,-0.1948116686862164f,-0.02151273265270509f,0.4209299586579794f,0.003999034829012761f,0.1296253442468461f,-0.9915549797410746f,1.3944874892228198f,0f,0f,0f,1f],start_interpolation:0}
execute if entity @s[tag=aj.heiloang_aj.bone.neck_3] run data modify entity @s {} merge value {transformation:[0.2762872548773873f,0.952877491896717f,0.12525908441681832f,-0.09606431960800552f,0.9609236001655297f,-0.2762015395328808f,-0.018399570771710786f,0.41809674631533217f,0.017064215107480386f,0.12544797725068532f,-0.9919534351805417f,0.8781137069377923f,0f,0f,0f,1f],start_interpolation:0}
execute if entity @s[tag=aj.heiloang_aj.bone.wing_right_2] run data modify entity @s {} merge value {transformation:[1.7467889726064294f,-1.572228863565339f,0.10198378338551588f,3.3350738439993384f,-1.1656673589460151f,-1.3921019120666422f,-1.4956095349486194f,2.6738644165812038f,1.059964103066421f,1.0600588065354901f,-1.812823056235262f,-1.015279281864051f,0f,0f,0f,1f],start_interpolation:0}
execute if entity @s[tag=aj.heiloang_aj.bone.wing_right_1] run data modify entity @s {} merge value {transformation:[3.1560502154317716f,1.0979702881499518f,0.1450070926299026f,1.266544727167622f,0.9348924332646281f,-2.406442256897325f,-2.1265536850367655f,2.0941273768801207f,-0.5937524305614315f,2.047123758706058f,-2.5775882410973967f,-0.5873228398056644f,0f,0f,0f,1f],start_interpolation:0}
execute if entity @s[tag=aj.heiloang_aj.bone.wing_right_0] run data modify entity @s {} merge value {transformation:[1.1334029597718271f,1.9064455155481979f,0.09624565978072483f,0.2131085326161286f,1.5032529773975478f,-0.8224439464346359f,-1.411458975995557f,0.6845981865159991f,-1.1764472859953679f,0.7857807908183979f,-1.710824459743005f,0.49320746712212904f,0f,0f,0f,1f],start_interpolation:0}
execute if entity @s[tag=aj.heiloang_aj.bone.wing_left_2] run data modify entity @s {} merge value {transformation:[1.9908668214202434f,-0.7527929580137094f,1.001662651821476f,-2.6816469563963348f,-1.182967429434215f,-1.7491376537945107f,1.0366684789734109f,-1.582091841124921f,0.4130537090825686f,-1.3810851663688992f,-1.858915383488428f,-1.905832088052577f,0f,0f,0f,1f],start_interpolation:0}
execute if entity @s[tag=aj.heiloang_aj.bone.wing_left_1] run data modify entity @s {} merge value {transformation:[2.8531655049192266f,1.0090783744949479f,1.424228285270885f,-0.8352966291925931f,0.3200317869637412f,-2.9853169124236376f,1.474001818394465f,-1.3949870699452038f,1.7158802492516214f,-1.1210988089477347f,-2.643125272041445f,-0.7422012477438166f,0f,0f,0f,1f],start_interpolation:0}
execute if entity @s[tag=aj.heiloang_aj.bone.wing_left_0] run data modify entity @s {} merge value {transformation:[0.9040714041616635f,1.7937266128327265f,0.9453040434657998f,0.013181405624450665f,1.5241727268250707f,-1.2838020966438801f,0.9783402656823458f,0.030528225846253754f,1.3371433711385567f,0.2505933260651803f,-1.754323399476791f,0.4874479967835569f,0f,0f,0f,1f],start_interpolation:0}
execute if entity @s[tag=aj.heiloang_aj.bone.kazari_right] run data modify entity @s {} merge value {transformation:[1.4816512443876637f,-0.6277089826956513f,-2.0778742049517653f,2.5771033849310356f,2.1063989650522696f,-0.19163207915679023f,1.5598816412859733f,1.5842820064084244f,-0.5240831790731914f,-2.5448239168629114f,0.39506738935440056f,-3.036928845413549f,0f,0f,0f,1f],start_interpolation:0}
execute if entity @s[tag=aj.heiloang_aj.bone.kazari_left] run data modify entity @s {} merge value {transformation:[1.6089557262886216f,-0.023884048973677408f,-2.0778742049517653f,0.1049446335706794f,2.023631163489889f,0.6152693458053844f,1.5598816412859733f,-1.5800682776264938f,0.47228018543218736f,-2.5549448864648907f,0.39506738935440056f,-3.5452547430825474f,0f,0f,0f,1f],start_interpolation:0}
execute if entity @s[tag=aj.heiloang_aj.bone.ring] run data modify entity @s {} merge value {transformation:[1.3454899839643308f,-0.2845402167520596f,1.7209357494939734f,1.6463637152195905f,1.7222201489207905f,-0.12801741415176468f,-1.3676606253413792f,-0.3437277247365847f,0.2766599853374944f,2.180728018921345f,0.14425964712445008f,0.28981498982263465f,0f,0f,0f,1f],start_interpolation:0}
execute if entity @s[tag=aj.heiloang_aj.bone.body_0] run data modify entity @s {} merge value {transformation:[0.3298843511608022f,1.0730141434582308f,0.11605748030820531f,0.12503552910958846f,1.0792304567968498f,-0.32902738942773757f,-0.02559246111853948f,0.3596949340774121f,0.009503258333466788f,0.11846518848438482f,-1.1222869789568444f,-0.16451454633900464f,0f,0f,0f,1f],start_interpolation:0}
execute if entity @s[tag=aj.heiloang_aj.bone.leg_right_3] run data modify entity @s {} merge value {transformation:[0.36496397472718284f,0.48989015632549865f,0.7917126573995861f,-0.7068856729303417f,0.9310215756850246f,-0.19171874477955675f,-0.31055232813348016f,1.1151988240001394f,-0.00035037167382229135f,0.8504419778183161f,-0.5260687403792025f,-1.497940744578905f,0f,0f,0f,1f],start_interpolation:0}
execute if entity @s[tag=aj.heiloang_aj.bone.leg_right_2] run data modify entity @s {} merge value {transformation:[0.36496397472718284f,0.7199057434165168f,0.59037023785693f,-0.2969024402081523f,0.9310215756850246f,-0.28196709612979126f,-0.23171832536315853f,0.9546427331646978f,-0.00035037167382229135f,0.6342162701287668f,-0.7731556117261551f,-1.0757447698435993f,0f,0f,0f,1f],start_interpolation:0}
execute if entity @s[tag=aj.heiloang_aj.bone.leg_right_1] run data modify entity @s {} merge value {transformation:[0.36496397472718284f,0.9146800297497911f,0.1736713572476965f,-0.35078262640025665f,0.9310215756850246f,-0.3584877761232855f,-0.06844954330859102f,0.9760301252745944f,-0.00035037167382229135f,0.18667339807027106f,-0.9824219662103388f,-0.36850554717742523f,0f,0f,0f,1f],start_interpolation:0}
execute if entity @s[tag=aj.heiloang_aj.bone.leg_right_0] run data modify entity @s {} merge value {transformation:[0.36496397472718284f,0.6960177701969517f,-0.6183531035916284f,0.10282554524915348f,0.9310215756850246f,-0.27309150245521224f,0.24211537930443067f,0.7592425643481602f,-0.00035037167382229135f,-0.6640634720091279f,-0.747676121313816f,-0.904023349447947f,0f,0f,0f,1f],start_interpolation:0}
execute if entity @s[tag=aj.heiloang_aj.bone.leg_left_3] run data modify entity @s {} merge value {transformation:[-0.09860891732704158f,0.37786960512430395f,0.9205926585340506f,-1.072765473519762f,0.9941746091988757f,-0.0030403814069891247f,0.10773858410598385f,0.015007291055518186f,0.04351008903519736f,0.9258538316624838f,-0.3753685582837841f,-1.9792549855477255f,0f,0f,0f,1f],start_interpolation:0}
execute if entity @s[tag=aj.heiloang_aj.bone.leg_left_2] run data modify entity @s {} merge value {transformation:[-0.08833822737508656f,0.6875611142469431f,0.7207330100388973f,-0.6886039285582914f,0.9949111522191415f,0.02570430707928316f,0.0974222140353706f,0.026044112488686405f,0.048457783422347724f,0.7256714151550108f,-0.6863328933197921f,-1.5055334993917153f,0f,0f,0f,1f],start_interpolation:0}
execute if entity @s[tag=aj.heiloang_aj.bone.leg_left_1] run data modify entity @s {} merge value {transformation:[-0.08833822737508656f,0.9228680411320699f,0.3748478841360633f,-0.8838253614634793f,0.9949111522191415f,0.06344042979014994f,0.07827586510554005f,-0.024426956695483407f,0.048457783422347724f,0.37985509148239294f,-0.9237759212605057f,-0.8251739794372541f,0f,0f,0f,1f],start_interpolation:0}
execute if entity @s[tag=aj.heiloang_aj.bone.leg_left_0] run data modify entity @s {} merge value {transformation:[-0.08833822737508656f,0.9958385670651119f,-0.022403257127748155f,-0.16102442179156692f,0.9949111522191415f,0.08930546479854677f,0.046651185913063005f,0.07987124542957857f,0.048457783422347724f,-0.01816816729392402f,-0.9986599826382215f,-0.904023349447947f,0f,0f,0f,1f],start_interpolation:0}
execute if entity @s[tag=aj.heiloang_aj.bone.tail_4] run data modify entity @s {} merge value {transformation:[0.5706943508349644f,1.4292241200248246f,-0.34129274289383454f,-0.014331154103526325f,1.469408833230069f,-0.5550749616371605f,0.1326040401972178f,0.41396116949389583f,0.00004937792030775895f,-0.36614828333674243f,-1.533228553040626f,-5.181020803395906f,0f,0f,0f,1f],start_interpolation:0}
execute if entity @s[tag=aj.heiloang_aj.bone.tail_3] run data modify entity @s {} merge value {transformation:[0.3620371218080875f,0.927687028298043f,-0.0912463695741458f,0.08339056304721726f,0.9321636773934605f,-0.36029517475560935f,0.035472039638635815f,0.3759628775451154f,0.00003132436850467405f,-0.09789874654647264f,-0.995196379838378f,-3.8485648198054214f,0f,0f,0f,1f],start_interpolation:0}
execute if entity @s[tag=aj.heiloang_aj.bone.tail_2] run data modify entity @s {} merge value {transformation:[0.3620371218080875f,0.9318019073392625f,0.025967824549394385f,0.0800817772721298f,0.9321636773934605f,-0.36189755195339135f,-0.010051887307487666f,0.3772216370326898f,0.00003132436850467405f,0.02784541917541375f,-0.9996122406462065f,-3.065359699571107f,0f,0f,0f,1f],start_interpolation:0}
execute if entity @s[tag=aj.heiloang_aj.bone.tail_1] run data modify entity @s {} merge value {transformation:[0.3620371218080875f,0.9282632952929057f,0.08518437089555549f,0.029188622670962852f,0.9321636773934605f,-0.36052534764957156f,-0.033050752645826374f,0.3969615026557171f,0.00003132436850467405f,0.09137137579193552f,-0.9958168861315181f,-2.285599969604158f,0f,0f,0f,1f],start_interpolation:0}
execute if entity @s[tag=aj.heiloang_aj.bone.tail_ring] run data modify entity @s {} merge value {transformation:[0.3620371218080875f,0.9321575824137432f,0.003371050501167084f,0.05858393532942148f,0.9321636773934605f,-0.36203487573319104f,-0.001275657145540298f,0.3855496694856095f,0.00003132436850467405f,0.003604206073232308f,-0.999993504337586f,-2.4291947516773904f,0f,0f,0f,1f],start_interpolation:0}
execute if entity @s[tag=aj.heiloang_aj.bone.tail_0] run data modify entity @s {} merge value {transformation:[0.3620371218080875f,0.9321575824137432f,0.003371050501167084f,0.03281164911272465f,0.9321636773934605f,-0.36203487573319104f,-0.001275657145540298f,0.39551226551300084f,0.00003132436850467405f,0.003604206073232308f,-0.999993504337586f,-1.0323852670096985f,0f,0f,0f,1f],start_interpolation:0}
execute if entity @s[tag=aj.heiloang_aj.bone.body_1] run data modify entity @s {} merge value {transformation:[0.36202908793386523f,0.9319089543564633f,-0.021923509755890653f,0.10524053889907145f,0.932166798105239f,-0.36192894819772736f,0.008514515060359697f,0.36411151194731867f,4.4335776373644375e-17f,-0.023518870013878746f,-0.9997233931209524f,-0.6825556343878016f,0f,0f,0f,1f],start_interpolation:0}