execute if entity @s[tag=aj.heiloang_aj.bone.head_lower] run data modify entity @s {} merge value {transformation:[-0.7905135772910357f,-0.11942454608630573f,0.02874129277903035f,0.050610494714132315f,-0.09903126207518102f,0.5088906917235854f,-0.6092807833904559f,2.1531389440793287f,0.0726711307902039f,-0.6056137726878167f,-0.5176397058577543f,5.193158164083773f,0f,0f,0f,1f],start_interpolation:0}
execute if entity @s[tag=aj.heiloang_aj.bone.horne_right] run data modify entity @s {} merge value {transformation:[-0.5051361608084095f,-0.6188487180701843f,0.04317086038788882f,-0.3389927484648311f,-0.3637370215122525f,0.2503644939460763f,-0.6670929465618117f,2.173059453668828f,0.5025264552490106f,-0.4408445126277687f,-0.4394579359402321f,4.725986401175977f,0f,0f,0f,1f],start_interpolation:0}
execute if entity @s[tag=aj.heiloang_aj.bone.horne_left] run data modify entity @s {} merge value {transformation:[-0.6605193291463485f,0.44927774553991373f,0.04317086038788882f,0.33310189494800746f,0.2177100111847827f,0.38417359575770105f,-0.6670929465618117f,2.257255832685147f,-0.3953688997050472f,-0.539036321304206f,-0.4394579359402321f,4.664201405778145f,0f,0f,0f,1f],start_interpolation:0}
execute if entity @s[tag=aj.heiloang_aj.bone.head_upper] run data modify entity @s {} merge value {transformation:[-1.157924525176477f,-0.16844632873341317f,0.06323559702466985f,0.04364197760142137f,-0.1450585169061733f,0.6303296493333141f,-0.9771410708000778f,2.0332052533525706f,0.10644685560322094f,-0.9733819804719914f,-0.6437069981168535f,4.961001433264573f,0f,0f,0f,1f],start_interpolation:0}
execute if entity @s[tag=aj.heiloang_aj.bone.neck_0] run data modify entity @s {} merge value {transformation:[-0.988292892016709f,-0.1516310996919882f,0.016886953409314346f,0.06165534285434155f,-0.12309902253533139f,0.727110339341534f,-0.6753940961198023f,1.6963736095665476f,0.0901320710962308f,-0.6695659519635366f,-0.7372636202411365f,4.689560424856527f,0f,0f,0f,1f],start_interpolation:0}
execute if entity @s[tag=aj.heiloang_aj.bone.neck_1] run data modify entity @s {} merge value {transformation:[-0.9882840716573912f,-0.1524020689166476f,0.008258516707887869f,0.06276170714104087f,-0.12322451165213207f,0.7648087760501553f,-0.6323632309082784f,1.4755120089596776f,0.09005727864188791f,-0.6259721602967567f,-0.7746280017511816f,4.3994987988621554f,0f,0f,0f,1f],start_interpolation:0}
execute if entity @s[tag=aj.heiloang_aj.bone.neck_2] run data modify entity @s {} merge value {transformation:[-0.9978035801404957f,-0.06618439279789241f,-0.0027643459956923216f,0.06384717044464777f,-0.056283580776052416f,0.869065781963009f,-0.4914843081483366f,1.2449730631219653f,0.03493098901885256f,-0.49024921496214335f,-0.8708820432384439f,4.0590424148984985f,0f,0f,0f,1f],start_interpolation:0}
execute if entity @s[tag=aj.heiloang_aj.bone.neck_3] run data modify entity @s {} merge value {transformation:[-0.9936656281197128f,-0.11201384320297596f,-0.009028755415667979f,0.06188734474750366f,-0.0940857091210528f,0.8731746717839818f,-0.4782403913244094f,0.9763386444659946f,0.061453224753835994f,-0.4743615619818229f,-0.8781825605655805f,3.6160701979811525f,0f,0f,0f,1f],start_interpolation:0}
execute if entity @s[tag=aj.heiloang_aj.bone.wing_right_2] run data modify entity @s {} merge value {transformation:[0.5533353446031049f,-2.27907835037848f,0.18220284182766988f,-2.8682550233071256f,-2.2638799393579396f,-0.5199372059991729f,0.37160318662717984f,-1.876748321232225f,-0.319755567436541f,-0.2627606914568636f,-2.3156617202086003f,2.5034857446686365f,0f,0f,0f,1f],start_interpolation:0}
execute if entity @s[tag=aj.heiloang_aj.bone.wing_right_1] run data modify entity @s {} merge value {transformation:[-1.107796933616626f,-3.1452962742413297f,0.25906770160175085f,-2.1469019256281565f,-3.1012847626826976f,1.1358157873202464f,0.5283692751534792f,0.14567996221521218f,-0.5848397622611894f,-0.06521209563955084f,-3.2925565459017667f,2.9364845962399304f,0f,0f,0f,1f],start_interpolation:0}
execute if entity @s[tag=aj.heiloang_aj.bone.wing_right_0] run data modify entity @s {} merge value {transformation:[-1.9677034631795969f,-1.0133981793368725f,0.17195118815446594f,-0.31531115719888236f,-0.9793899645190164f,1.961175253910888f,0.3506949113503104f,1.0594473428763946f,-0.311990990880281f,0.2349803259089467f,-2.185370876543674f,3.2091575316651477f,0f,0f,0f,1f],start_interpolation:0}
execute if entity @s[tag=aj.heiloang_aj.bone.wing_left_2] run data modify entity @s {} merge value {transformation:[-0.3790020308933773f,2.276856344137066f,-0.4537164919445849f,3.101970537559514f,2.3004640940711307f,0.4302319338089795f,0.23736352150548495f,-1.619172516420063f,0.31272738733471117f,-0.40546476741486526f,-2.2959477149789413f,2.3086387848503445f,0f,0f,0f,1f],start_interpolation:0}
execute if entity @s[tag=aj.heiloang_aj.bone.wing_left_1] run data modify entity @s {} merge value {transformation:[-1.3518277104844922f,2.9905846604904447f,-0.6451232459813501f,2.226719631877099f,3.0043294000171095f,1.430845294808352f,0.33749869839398516f,0.3426812933822062f,0.5777416985635454f,-0.44306196368460327f,-3.2645259072301527f,2.7365639415631575f,0f,0f,0f,1f],start_interpolation:0}
execute if entity @s[tag=aj.heiloang_aj.bone.wing_left_0] run data modify entity @s {} merge value {transformation:[-1.998614344058961f,0.8663692336491002f,-0.42818810668681695f,0.36432383830208726f,0.8378669667895973f,2.0435751149334633f,0.2240082489273116f,1.1237989101296482f,0.48158036679724575f,0.04006370690477071f,-2.166766080984396f,3.167125523163328f,0f,0f,0f,1f],start_interpolation:0}
execute if entity @s[tag=aj.heiloang_aj.bone.kazari_right] run data modify entity @s {} merge value {transformation:[-2.6195758466548993f,-0.20321385429051592f,-0.05828122856387102f,-2.9526957691429594f,0.09686959775791208f,-0.509830607122639f,-2.5763460989601987f,3.0718905824292717f,0.18790650124128616f,-2.5701453402524934f,0.5156687554292043f,-1.0661123151444944f,0f,0f,0f,1f],start_interpolation:0}
execute if entity @s[tag=aj.heiloang_aj.bone.kazari_left] run data modify entity @s {} merge value {transformation:[-2.6222734924162374f,-0.16478840348910617f,-0.05828122856387102f,2.143818411169817f,0.08938494813328625f,-0.5111959487085437f,-2.5763460989601987f,2.883425995979207f,0.15020735859009146f,-2.572623888689471f,0.5156687554292043f,-1.431693693279463f,0f,0f,0f,1f],start_interpolation:0}
execute if entity @s[tag=aj.heiloang_aj.bone.ring] run data modify entity @s {} merge value {transformation:[-2.1957969518693052f,0.15754958759858648f,0.0811181816426658f,-0.14458748526295995f,0.08119862906708605f,-0.0017832911719622385f,2.201438140919307f,3.636205353957298f,0.15750814132330723f,2.197294070693348f,-0.004029652189173499f,2.30687883873539f,0f,0f,0f,1f],start_interpolation:0}
execute if entity @s[tag=aj.heiloang_aj.bone.body_0] run data modify entity @s {} merge value {transformation:[-1.1214133514075084f,-0.11483050505384411f,-0.05383703494559491f,-0.0007075885446435792f,-0.10618156389754935f,1.1120719039855942f,-0.16023087028347469f,0.9417934883922608f,0.06935377935574072f,-0.15415061275456604f,-1.11583153648485f,2.55105466014866f,0f,0f,0f,1f],start_interpolation:0}
execute if entity @s[tag=aj.heiloang_aj.bone.leg_right_3] run data modify entity @s {} merge value {transformation:[-0.9999297537738333f,-0.0005021240407850772f,-0.01184210239986598f,-0.3873008388433308f,-0.010417710754772611f,-0.43929393868439376f,0.89828297698319f,0.6069507615655474f,-0.005653213283712281f,0.8983432435915573f,0.4392578489600031f,0.4117731124073273f,0f,0f,0f,1f],start_interpolation:0}
execute if entity @s[tag=aj.heiloang_aj.bone.leg_right_2] run data modify entity @s {} merge value {transformation:[-0.9999297537738333f,-0.008580165064472406f,-0.00817730305587687f,-0.39213337645554514f,-0.010417710754772611f,0.3071544097174433f,0.9516026691291692f,0.7488630393452034f,-0.005653213283712281f,0.9516210114108428f,-0.3072222189571802f,1.005028118703951f,0f,0f,0f,1f],start_interpolation:0}
execute if entity @s[tag=aj.heiloang_aj.bone.leg_right_1] run data modify entity @s {} merge value {transformation:[-0.9999327731184653f,-0.011316117374080883f,-0.0025287805740923062f,-0.3911985254015898f,-0.01023490185067876f,0.7588827519326228f,0.6511468464204342f,0.34636632943357226f,-0.00544940618075532f,0.6511289536695058f,-0.7589475539624144f,1.5894452108963608f,0f,0f,0f,1f],start_interpolation:0}
execute if entity @s[tag=aj.heiloang_aj.bone.leg_right_0] run data modify entity @s {} merge value {transformation:[-0.9999197314261878f,-0.012605341318255756f,0.00127909140830143f,-0.364228272246413f,-0.011210447563538947f,0.927248535296025f,0.37427861234219845f,1.0493955830193809f,-0.005903945291553768f,0.3742342303446154f,-0.9273154178963962f,1.8005352640858228f,0f,0f,0f,1f],start_interpolation:0}
execute if entity @s[tag=aj.heiloang_aj.bone.leg_left_3] run data modify entity @s {} merge value {transformation:[-0.9958720201517722f,0.09076735815118434f,0.0004540628622733689f,0.5162579753279555f,-0.027123788179601288f,-0.30236041756281207f,0.9528076815423088f,0.6644879821963046f,0.08662112671638712f,0.9488621947287691f,0.303574234448326f,0.13170896989212033f,0f,0f,0f,1f],start_interpolation:0}
execute if entity @s[tag=aj.heiloang_aj.bone.leg_left_2] run data modify entity @s {} merge value {transformation:[-0.9896936011200168f,-0.08383029157542773f,-0.11609934589166232f,0.4707509787308901f,-0.13833124605622316f,0.35003178460396406f,0.9264676012314174f,0.833663419088706f,-0.037027587912605325f,0.9329792237672514f,-0.3580205661020487f,0.7160228712442707f,0f,0f,0f,1f],start_interpolation:0}
execute if entity @s[tag=aj.heiloang_aj.bone.leg_left_1] run data modify entity @s {} merge value {transformation:[-0.9896588601692159f,-0.13461382411729256f,-0.049542495345784365f,0.4956037914825713f,-0.13852998356073307f,0.8073547716583319f,0.573574508093923f,0.4895428970058464f,-0.03721268793343818f,0.5745062149681597f,-0.8176538539135783f,1.3361125559371887f,0f,0f,0f,1f],start_interpolation:0}
execute if entity @s[tag=aj.heiloang_aj.bone.leg_left_0] run data modify entity @s {} merge value {transformation:[-0.9897268528640968f,-0.12390054854846645f,-0.07134010645576552f,0.3645551929607134f,-0.1381465768301448f,0.700233587701306f,0.7004201924309938f,1.0433247579308398f,-0.03682770736610873f,0.7030800642347546f,-0.7101564216746967f,1.8005352640858228f,0f,0f,0f,1f],start_interpolation:0}
execute if entity @s[tag=aj.heiloang_aj.bone.tail_4] run data modify entity @s {} merge value {transformation:[-1.5762767946126726f,0.011405202822444708f,0.008703551105781498f,0.0024934490222778844f,0.014158370173620344f,1.3911056338316334f,0.7412685206884149f,0.7830015014672322f,-0.0023175433758160662f,0.741315992379864f,-1.3911504563210382f,-2.359548900450303f,0f,0f,0f,1f],start_interpolation:0}
execute if entity @s[tag=aj.heiloang_aj.bone.tail_3] run data modify entity @s {} merge value {transformation:[-0.9999585821368654f,0.008700419908745942f,0.002671461068637372f,-0.0013035587925818778f,0.008981787851327961f,0.9907727436481677f,0.1352357124833375f,0.5764241455522815f,-0.0014702033272596443f,0.13525410580567834f,-0.9908098532841116f,-1.0390400094712071f,0f,0f,0f,1f],start_interpolation:0}
execute if entity @s[tag=aj.heiloang_aj.bone.tail_2] run data modify entity @s {} merge value {transformation:[-0.9999585821368654f,0.009025714454740263f,0.0011706790385244657f,-0.0020553006766584297f,0.008981787851327961f,0.9994062849715373f,-0.033262667457442385f,0.6207279669978889f,-0.0014702033272596443f,-0.03325077499806828f,-0.9994459587512495f,-0.25708131542819357f,0f,0f,0f,1f],start_interpolation:0}
execute if entity @s[tag=aj.heiloang_aj.bone.tail_1] run data modify entity @s {} merge value {transformation:[-0.999964543200126f,0.008197729515963757f,-0.0019260252715315456f,-0.00041169020920707195f,0.008392328429339707f,0.9513095653808237f,-0.3081228320629335f,0.8775879604116861f,-0.000693661370971497f,-0.3081280708499825f,-0.9513446330264184f,0.4811769417462852f,0f,0f,0f,1f],start_interpolation:0}
execute if entity @s[tag=aj.heiloang_aj.bone.tail_ring] run data modify entity @s {} merge value {transformation:[-0.999964543200126f,0.008346725334882028f,-0.0011155800049839713f,-0.00031313373651194057f,0.008392328429339707f,0.9768700252411293f,-0.2136691896575862f,0.877179719171822f,-0.000693661370971497f,-0.21367097594568052f,-0.976905437016461f,0.3341612983372868f,0f,0f,0f,1f],start_interpolation:0}
execute if entity @s[tag=aj.heiloang_aj.bone.tail_0] run data modify entity @s {} merge value {transformation:[-0.999964543200126f,0.008346725334882028f,-0.0011155800049839713f,0.001056615280101841f,0.008392328429339707f,0.9768700252411293f,-0.2136691896575862f,1.1535806108966493f,-0.000693661370971497f,-0.21367097594568052f,-0.976905437016461f,1.7036286660957938f,0f,0f,0f,1f],start_interpolation:0}
execute if entity @s[tag=aj.heiloang_aj.bone.body_1] run data modify entity @s {} merge value {transformation:[-0.9999653066831682f,0.00786702573628305f,0.002737761147753917f,0.003699002624523447f,0.00832979171633305f,0.9444117057142705f,0.32865961826763074f,1.1047103218639138f,-1.2246043120879434e-16f,0.328671020955494f,-0.9444444716255547f,2.0588995991870416f,0f,0f,0f,1f],start_interpolation:0}