execute if entity @s[tag=aj.heiloang_aj.bone.head_lower] run data modify entity @s {} merge value {transformation:[0.7968620500759304f,0.05828612472998289f,0.04016965039363121f,-0.10673271225883889f,0.06716248641605291f,-0.7659460137540414f,-0.22094321540320533f,0.9153313368507648f,0.022362324727075736f,0.22344894646933244f,-0.7678349397849423f,2.7465657600042634f,0f,0f,0f,1f],start_interpolation:0}
execute if entity @s[tag=aj.heiloang_aj.bone.horne_right] run data modify entity @s {} merge value {transformation:[0.5474789327999922f,0.5820366194016878f,0.03873230971213439f,0.2762986657151095f,0.570478436092502f,-0.5231549120600945f,-0.20214670895378892f,0.45018395516304316f,-0.12174223627663025f,0.1659587649473498f,-0.7730695416607197f,2.6607645557429875f,0f,0f,0f,1f],start_interpolation:0}
execute if entity @s[tag=aj.heiloang_aj.bone.horne_left] run data modify entity @s {} merge value {transformation:[0.6275377273700834f,-0.49466777630198877f,0.03873230971213439f,-0.40119344925944644f,-0.4714436778557548f,-0.6139035483437048f,-0.20214670895378892f,0.39308240921211496f,0.15471670671595342f,0.13574322973708197f,-0.7730695416607197f,2.641752107260028f,0f,0f,0f,1f],start_interpolation:0}
execute if entity @s[tag=aj.heiloang_aj.bone.head_upper] run data modify entity @s {} merge value {transformation:[1.167223609399971f,0.08678938763061433f,0.056734118958591664f,-0.0855148480452141f,0.0983779310400739f,-1.1295171594070788f,-0.29609944560778617f,0.7333228060895f,0.032755774202102364f,0.2997010196840626f,-1.132372937886081f,2.560146621944117f,0f,0f,0f,1f],start_interpolation:0}
execute if entity @s[tag=aj.heiloang_aj.bone.neck_0] run data modify entity @s {} merge value {transformation:[0.9958251400359903f,0.07784506100719259f,0.04767008442500297f,-0.07104658789139646f,0.08710277991740818f,-0.9665649009471382f,-0.24117503599607554f,0.6937428797444348f,0.027301945039868353f,0.24432036086629227f,-0.9693101490561236f,2.129235543521263f,0f,0f,0f,1f],start_interpolation:0}
execute if entity @s[tag=aj.heiloang_aj.bone.neck_1] run data modify entity @s {} merge value {transformation:[0.9952289378059145f,0.08534228189139988f,0.047286956714089494f,-0.05275143662754901f,0.09350333768275855f,-0.9726904382435605f,-0.21243925529838922f,0.6041936759152354f,0.027865519838957794f,0.2158471826805229f,-0.9760294598694168f,1.7763006414885343f,0f,0f,0f,1f],start_interpolation:0}
execute if entity @s[tag=aj.heiloang_aj.bone.neck_2] run data modify entity @s {} merge value {transformation:[0.9985555157733673f,0.027918557683933674f,0.04590681926939784f,-0.034874536207260436f,0.036162065746697857f,-0.9811363452355615f,-0.18990465254631464f,0.559255254852565f,0.039738984882804786f,0.19129042368778912f,-0.9807287019792122f,1.3679859492425739f,0f,0f,0f,1f],start_interpolation:0}
execute if entity @s[tag=aj.heiloang_aj.bone.neck_3] run data modify entity @s {} merge value {transformation:[0.9977996794045945f,0.00672516877931364f,0.06595886509771134f,-0.0009036818876468622f,0.01858867191909111f,-0.9833179079842155f,-0.18094295541366145f,0.489429547715218f,0.06364166132630991f,0.1817709106057282f,-0.981279305295486f,0.8557720989382039f,0f,0f,0f,1f],start_interpolation:0}
execute if entity @s[tag=aj.heiloang_aj.bone.wing_right_2] run data modify entity @s {} merge value {transformation:[-0.8844157311494804f,1.7779831835499968f,-1.2610157095888042f,-0.5894510901062231f,2.0396189329045575f,1.1551031261945632f,0.19815999271756776f,-1.9743574870201637f,0.7689859747444097f,-1.0188663176246298f,-1.97589169839276f,0.7804744572140339f,0f,0f,0f,1f],start_interpolation:0}
execute if entity @s[tag=aj.heiloang_aj.bone.wing_right_1] run data modify entity @s {} merge value {transformation:[-2.768030495322527f,-0.5571369911443966f,-1.7929931184929548f,1.250107366825076f,-0.8320847651081889f,3.2273002545401357f,0.2817566035073981f,-1.4338633083764434f,1.6831104816794928f,0.679227659215777f,-2.809449708807204f,-0.27874468208908465f,0f,0f,0f,1f],start_interpolation:0}
execute if entity @s[tag=aj.heiloang_aj.bone.wing_right_0] run data modify entity @s {} merge value {transformation:[0.9866510858657959f,-1.5933191506032127f,-1.190064586096444f,0.3228578004815995f,-1.815481956023926f,-1.2639036105941746f,0.18701050900563687f,0.2562629755172538f,-0.8117542128695018f,0.890102099451554f,-1.8647180351035786f,0.4613414513282743f,0f,0f,0f,1f],start_interpolation:0}
execute if entity @s[tag=aj.heiloang_aj.bone.wing_left_2] run data modify entity @s {} merge value {transformation:[0.022362604549655538f,1.955798569961297f,1.306877145708849f,0.7811295668933649f,2.3327129215046853f,0.149651712551096f,-0.26387648075682374f,1.9920438858935983f,-0.302533214843987f,1.2984730744181325f,-1.9380447196203427f,0.9594892835509699f,0f,0f,0f,1f],start_interpolation:0}
execute if entity @s[tag=aj.heiloang_aj.bone.wing_left_1] run data modify entity @s {} merge value {transformation:[-2.7543958915115794f,0.3841977576929034f,1.8582018535960712f,-1.050494170099146f,0.20955435248008392f,3.317006679634735f,-0.37519652652337127f,2.1349512236439496f,-1.8858974041767977f,-0.19255529892032328f,-2.7556364438504803f,-0.23331683547422521f,0f,0f,0f,1f],start_interpolation:0}
execute if entity @s[tag=aj.heiloang_aj.bone.wing_left_0] run data modify entity @s {} merge value {transformation:[0.7334418885157987f,-1.6939071885701016f,1.2333456258003719f,-0.3584141507249854f,-1.9524904836110486f,-1.0267254949457436f,-0.2490294549580636f,0.3168925819353141f,0.7604235054091052f,-1.0024535872243414f,-1.8290005188305383f,0.45931157916146825f,0f,0f,0f,1f],start_interpolation:0}
execute if entity @s[tag=aj.heiloang_aj.bone.kazari_right] run data modify entity @s {} merge value {transformation:[2.381980731756375f,-0.30839240867797346f,1.0667390048026806f,1.193969981641397f,-0.9571184136217755f,0.7098426480614441f,2.342417116112223f,-1.6383875208255498f,-0.5629940713753128f,-2.51155086068731f,0.5310556828933614f,-3.1731175179070013f,0f,0f,0f,1f],start_interpolation:0}
execute if entity @s[tag=aj.heiloang_aj.bone.kazari_left] run data modify entity @s {} merge value {transformation:[2.102628244117956f,1.1609877480948205f,1.0667390048026806f,-1.8426943443095622f,-1.1916033020102201f,0.005814923824707107f,2.342417116112223f,-0.17488373851378425f,1.0324273467087335f,-2.357741254673821f,0.5310556828933614f,-3.528650909751415f,0f,0f,0f,1f],start_interpolation:0}
execute if entity @s[tag=aj.heiloang_aj.bone.ring] run data modify entity @s {} merge value {transformation:[1.9735430508783607f,-0.19517061202805383f,-0.959146779337947f,-0.9095068928477441f,-0.9511382917211596f,0.12720011385175556f,-1.9829478981662332f,-1.3349627375158324f,0.23106289649252704f,2.1905832212040526f,0.029687954254015877f,0.16719960589904925f,0f,0f,0f,1f],start_interpolation:0}
execute if entity @s[tag=aj.heiloang_aj.bone.body_0] run data modify entity @s {} merge value {transformation:[1.124114365916902f,-0.10003311312568322f,-0.003555918348264002f,-0.014687846304945233f,-0.10004024303910078f,-1.1214341990244312f,-0.07765090449430401f,0.29937929428881704f,0.0033493356942705076f,0.07766008932836822f,-1.1258819069572044f,-0.19449476585879533f,0f,0f,0f,1f],start_interpolation:0}
execute if entity @s[tag=aj.heiloang_aj.bone.leg_right_3] run data modify entity @s {} merge value {transformation:[0.9914126159931552f,0.011190170146225815f,-0.13029123125409126f,0.5058522478486301f,-0.13077079585251786f,0.08366048634617557f,-0.987876471010632f,1.1866037475772817f,-0.00015427802070278786f,0.9964314844064394f,0.08440540907946864f,-1.9809855931429157f,0f,0f,0f,1f],start_interpolation:0}
execute if entity @s[tag=aj.heiloang_aj.bone.leg_right_2] run data modify entity @s {} merge value {transformation:[0.9914126159931552f,-0.07079370732793346f,-0.10995124306880513f,0.46798384597333653f,-0.13077079585251786f,-0.5376995086604139f,-0.8329335131560311f,0.8988790287817593f,-0.00015427802070278786f,0.8401592047874715f,-0.5423398259478794f,-1.4444276551400943f,0f,0f,0f,1f],start_interpolation:0}
execute if entity @s[tag=aj.heiloang_aj.bone.leg_right_1] run data modify entity @s {} merge value {transformation:[0.9914126159931552f,-0.12141462657129198f,-0.04857482171004114f,0.4931447371447924f,-0.13077079585251786f,-0.9209176309500442f,-0.36716442632348917f,1.0888252151233728f,-0.00015427802070278786f,0.37036361249441274f,-0.9288868449592668f,-0.7611742695410564f,0f,0f,0f,1f],start_interpolation:0}
execute if entity @s[tag=aj.heiloang_aj.bone.leg_right_0] run data modify entity @s {} merge value {transformation:[0.9914126159931552f,-0.12924724907992788f,0.019904106482825326f,0.3642806540134567f,-0.13077079585251786f,-0.9796812210559321f,0.15206480218136156f,0.3881007882212755f,-0.00015427802070278786f,-0.1533618391765977f,-0.9881700878303612f,-0.9398243804552406f,0f,0f,0f,1f],start_interpolation:0}
execute if entity @s[tag=aj.heiloang_aj.bone.leg_left_3] run data modify entity @s {} merge value {transformation:[0.9935285289597691f,-0.03012019860839015f,0.10951637219533958f,-0.4511531555836074f,0.11304238395488149f,0.1682645688868064f,-0.9792387115954586f,1.1986337458496767f,0.011067139324783464f,0.9852815884269471f,0.17058050865804514f,-2.2370065397753023f,0f,0f,0f,1f],start_interpolation:0}
execute if entity @s[tag=aj.heiloang_aj.bone.leg_left_2] run data modify entity @s {} merge value {transformation:[0.9941126641829489f,0.03832991809087663f,0.10134509504769319f,-0.43262270652731893f,0.10716182174540226f,-0.4860273691144223f,-0.8673486844585165f,0.9439588366929692f,0.016011085887156856f,0.8731026364929035f,-0.48727346662613846f,-1.6830108145172589f,0f,0f,0f,1f],start_interpolation:0}
execute if entity @s[tag=aj.heiloang_aj.bone.leg_left_1] run data modify entity @s {} merge value {transformation:[0.9941126641829489f,0.08749154001573313f,0.06391589267744485f,-0.4711553893446074f,0.10716182174540226f,-0.8810824398370812f,-0.4606626511569418f,1.2028705859358588f,0.016011085887156856f,0.4647999189290065f,-0.8852709644466505f,-1.0234444785496766f,0f,0f,0f,1f],start_interpolation:0}
execute if entity @s[tag=aj.heiloang_aj.bone.leg_left_0] run data modify entity @s {} merge value {transformation:[0.9941126641829489f,0.10167321587988347f,0.03745087560687859f,-0.3584711226889864f,0.10716182174540226f,-0.9736763379352207f,-0.20117339015203803f,0.481866791388864f,0.016011085887156856f,0.20400231890275192f,-0.9788394653930816f,-0.9398243804552407f,0f,0f,0f,1f],start_interpolation:0}
execute if entity @s[tag=aj.heiloang_aj.bone.tail_4] run data modify entity @s {} merge value {transformation:[1.5632393613932547f,-0.20281574497289653f,-0.0016841227898655063f,-0.03625623214957975f,-0.20282272533709877f,-1.563180924847642f,-0.013516729152196167f,0.13173623620263572f,0.00006903125503728381f,0.013621067183998562f,-1.576283231355053f,-5.213358032792869f,0f,0f,0f,1f],start_interpolation:0}
execute if entity @s[tag=aj.heiloang_aj.bone.tail_3] run data modify entity @s {} merge value {transformation:[0.9916878943481787f,-0.12858001443143727f,-0.0047222973314464765f,-0.02658979340296068f,-0.1286666945465351f,-0.9910072081898937f,-0.03673683478663539f,0.20669369139846858f,0.000043792052351549416f,0.03703907672287853f,-0.9993138170153419f,-3.8789217127413944f,0f,0f,0f,1f],start_interpolation:0}
execute if entity @s[tag=aj.heiloang_aj.bone.tail_2] run data modify entity @s {} merge value {transformation:[0.9916878943481787f,-0.12837058047126643f,-0.008724349416736726f,-0.022103958314865862f,-0.1286666945465351f,-0.9893824271338614f,-0.06758176228227217f,0.24153419432175202f,0.000043792052351549416f,0.06814254873556617f,-0.9976755941357274f,-3.096496758167721f,0f,0f,0f,1f],start_interpolation:0}
execute if entity @s[tag=aj.heiloang_aj.bone.tail_1] run data modify entity @s {} merge value {transformation:[0.9916878943481787f,-0.12805046807365317f,-0.012577671859034068f,-0.01443730090374262f,-0.1286666945465351f,-0.9869049947081422f,-0.09728007573285348f,0.3008895833765112f,0.000043792052351549416f,0.09808980092873773f,-0.9951775665859919f,-2.317123181432853f,0f,0f,0f,1f],start_interpolation:0}
execute if entity @s[tag=aj.heiloang_aj.bone.tail_ring] run data modify entity @s {} merge value {transformation:[0.9916878943481787f,-0.12845486913372528f,-0.007380162539722353f,-0.019481913378102247f,-0.1286666945465351f,-0.9900356306247655f,-0.057221777391924654f,0.26196042971813416f,0.000043792052351549416f,0.05769572505186023f,-0.9983342132737895f,-2.4588018624744126f,0f,0f,0f,1f],start_interpolation:0}
execute if entity @s[tag=aj.heiloang_aj.bone.tail_0] run data modify entity @s {} merge value {transformation:[0.9916878943481787f,-0.12845486913372528f,-0.007380162539722353f,-0.006269965989701157f,-0.1286666945465351f,-0.9900356306247655f,-0.057221777391924654f,0.3642646231754186f,0.000043792052351549416f,0.05769572505186023f,-0.9983342132737895f,-1.065532506979459f,0f,0f,0f,1f],start_interpolation:0}
execute if entity @s[tag=aj.heiloang_aj.bone.body_1] run data modify entity @s {} merge value {transformation:[0.9916892143548539f,-0.12864203321613255f,-0.0019311712176718653f,-0.017701571035200037f,-0.12865652774831332f,-0.9915774899714715f,-0.0148855382712048f,0.29985106739690603f,1.2144690221086253e-16f,0.015010285536773344f,-0.9998873393178376f,-0.7129237500000001f,0f,0f,0f,1f],start_interpolation:0}