execute if entity @s[tag=aj.heiloang_aj.bone.head_lower] run data modify entity @s {} merge value {transformation:[-0.7631997860955326f,-0.21995238672487774f,0.09564012796814413f,-0.15540676889283306f,-0.1337444354967796f,0.6550850187956944f,0.439290387014208f,-2.522381628359716f,-0.19909423014588076f,0.4030937430964102f,-0.6617226925224376f,2.961913445009563f,0f,0f,0f,1f],start_interpolation:0}
execute if entity @s[tag=aj.heiloang_aj.bone.horne_right] run data modify entity @s {} merge value {transformation:[-0.41977012519439116f,-0.6715798734280567f,0.113019978767652f,-0.5691646072521503f,-0.5636106777527502f,0.41710631802826215f,0.3851821950505915f,-2.082519072366445f,-0.3822774462577813f,0.12248588925774931f,-0.6919979487074854f,2.8860032817404626f,0f,0f,0f,1f],start_interpolation:0}
execute if entity @s[tag=aj.heiloang_aj.bone.horne_left] run data modify entity @s {} merge value {transformation:[-0.7056096862987503f,0.35964073045295986f,0.113019978767652f,0.07970785088627141f,0.36639719532027204f,0.5978191799176793f,0.3851821950505915f,-1.9688095533070828f,0.0887021187053475f,0.3914981138164205f,-0.6919979487074854f,3.0552731962104906f,0f,0f,0f,1f],start_interpolation:0}
execute if entity @s[tag=aj.heiloang_aj.bone.head_upper] run data modify entity @s {} merge value {transformation:[-1.117915966678084f,-0.3098702722426291f,0.16554883939938747f,-0.1581282136180306f,-0.19590550550479538f,1.008194218125431f,0.5642052497552302f,-2.301843562640604f,-0.2916282509619325f,0.5105751123181879f,-1.013621295318007f,2.821610368157234f,0f,0f,0f,1f],start_interpolation:0}
execute if entity @s[tag=aj.heiloang_aj.bone.neck_0] run data modify entity @s {} merge value {transformation:[-0.9539997326194157f,-0.28228648563779424f,0.1009893568072717f,-0.09554331147577659f,-0.16718054437097452f,0.7805007138283736f,0.602386338903219f,-2.09536784096188f,-0.24886778768235093f,0.5577929506005457f,-0.7917902806390273f,2.446229008723923f,0f,0f,0f,1f],start_interpolation:0}
execute if entity @s[tag=aj.heiloang_aj.bone.neck_1] run data modify entity @s {} merge value {transformation:[-0.9539997326194157f,-0.2925950189144572f,0.06536562604711642f,-0.0753794956592986f,-0.16718054437097452f,0.7001588499008271f,0.6941384951790066f,-1.8337074525980888f,-0.24886778768235093f,0.6512800778559097f,-0.7168675501388614f,2.1931596916740457f,0f,0f,0f,1f],start_interpolation:0}
execute if entity @s[tag=aj.heiloang_aj.bone.neck_2] run data modify entity @s {} merge value {transformation:[-0.9742585962776071f,-0.22192142086490402f,0.03963673221253987f,-0.051698225502690764f,-0.10638747293419103f,0.6076275661265697f,0.7870644487497692f,-1.5315337267655713f,-0.19875083190231746f,0.7625874532434976f,-0.6155960387898329f,1.9153285018835176f,0f,0f,0f,1f],start_interpolation:0}
execute if entity @s[tag=aj.heiloang_aj.bone.neck_3] run data modify entity @s {} merge value {transformation:[-0.9617563241887885f,-0.26565061608740614f,0.06674221344285286f,-0.01072606831418774f,-0.1444889360362615f,0.6990535501453118f,0.7003192710416766f,-1.18604695953521f,-0.232696627061887f,0.6638929764665521f,-0.7107027476747249f,1.5314628316704892f,0f,0f,0f,1f],start_interpolation:0}
execute if entity @s[tag=aj.heiloang_aj.bone.wing_right_2] run data modify entity @s {} merge value {transformation:[-0.7492659257109009f,2.2179008403576996f,0.2304179707188774f,-4.2168964218048455f,1.2259824973794362f,0.206705987475721f,1.9969515660581194f,-0.01501674436701772f,1.8625636888463377f,0.7561511114871854f,-1.2217479314117243f,1.8543034856668597f,0f,0f,0f,1f],start_interpolation:0}
execute if entity @s[tag=aj.heiloang_aj.bone.wing_right_1] run data modify entity @s {} merge value {transformation:[-2.7763872369854328f,1.8361796775807373f,0.32762306824137466f,-2.4041302033167753f,1.1960007350914226f,1.3017844808310413f,2.8393939811213644f,-0.8412591767779869f,1.4312494279003818f,2.4740695483366992f,-1.737159669698752f,0.9436682465764111f,0f,0f,0f,1f],start_interpolation:0}
execute if entity @s[tag=aj.heiloang_aj.bone.wing_right_0] run data modify entity @s {} merge value {transformation:[-2.173988755931894f,-0.3935566906851649f,0.21745348996655986f,-0.3803033460595519f,-0.023857576165317442f,1.1730900053978761f,1.8845929680690008f,-0.8039616355123861f,-0.4490030123965891f,1.8431964004013661f,-1.1530062117812885f,1.3520551267880951f,0f,0f,0f,1f],start_interpolation:0}
execute if entity @s[tag=aj.heiloang_aj.bone.wing_left_2] run data modify entity @s {} merge value {transformation:[-0.4231540062738214f,-2.304910979777335f,-0.20469994772180086f,3.611692116630029f,-1.4065252599186366f,0.0909606278334713f,1.8833451260233638f,0.9385022550794728f,-1.8374447982201356f,0.4611805999898888f,-1.3945196570890424f,3.1857574588350106f,0f,0f,0f,1f],start_interpolation:0}
execute if entity @s[tag=aj.heiloang_aj.bone.wing_left_1] run data modify entity @s {} merge value {transformation:[-2.102434278964803f,-2.5850097781439807f,-0.29105553152921254f,2.239618696771991f,-1.6917269998860947f,1.074401570065972f,2.6778610488589893f,-0.20984349583596035f,-1.9761195898503063f,1.8304656473257779f,-1.9828176046903765f,1.9221234035979777f,0f,0f,0f,1f],start_interpolation:0}
execute if entity @s[tag=aj.heiloang_aj.bone.wing_left_0] run data modify entity @s {} merge value {transformation:[-2.1078468382897104f,-0.6693745070506053f,-0.1931824930547015f,0.2775067226050432f,-0.5478181291088634f,1.2121141059162315f,1.777378601102916f,-0.7051358991540044f,-0.4304381532017527f,1.7352570886037764f,-1.3160569260934771f,1.5112120570580463f,0f,0f,0f,1f],start_interpolation:0}
execute if entity @s[tag=aj.heiloang_aj.bone.kazari_right] run data modify entity @s {} merge value {transformation:[-2.48572811972781f,0.768147583740336f,0.37145012174527936f,-2.285057943464038f,-0.056194929822534524f,0.9942424413325299f,-2.4321172435291074f,2.7976666180960077f,-0.8513918212039273f,-2.3083113841081477f,-0.9239592574026447f,-0.6479186431235024f,0f,0f,0f,1f],start_interpolation:0}
execute if entity @s[tag=aj.heiloang_aj.bone.kazari_left] run data modify entity @s {} merge value {transformation:[-2.5864979261269285f,0.28093321938276844f,0.37145012174527936f,2.2171362388856677f,-0.24442579305546042f,0.9653662175432899f,-2.4321172435291074f,3.2598428453634085f,-0.39642741881277443f,-2.428171077339826f,-0.9239592574026447f,-0.05452255896100991f,0f,0f,0f,1f],start_interpolation:0}
execute if entity @s[tag=aj.heiloang_aj.bone.ring] run data modify entity @s {} merge value {transformation:[-2.1728229168509015f,-0.11914629996684105f,-0.3428863033073504f,-0.6408748708251744f,-0.22305281770547514f,-1.203453490384027f,1.8316313555899233f,1.617681154259241f,-0.28638138610115166f,1.8413120706362476f,1.1749390818285304f,2.9321788971041873f,0f,0f,0f,1f],start_interpolation:0}
execute if entity @s[tag=aj.heiloang_aj.bone.body_0] run data modify entity @s {} merge value {transformation:[-1.085401720885508f,-0.30844555497296533f,0.020416166483227898f,-0.0237296380010147f,-0.16306473467170005f,0.6346348886745794f,0.9188584364966815f,-0.2560408636542505f,-0.26261259022160294f,0.8807680021618053f,-0.6549310877967826f,1.007736607287658f,0f,0f,0f,1f],start_interpolation:0}
execute if entity @s[tag=aj.heiloang_aj.bone.leg_right_3] run data modify entity @s {} merge value {transformation:[-0.9964420189362162f,-0.020094541498840945f,0.08185054856424996f,-0.4038268269766921f,0.08281814844561121f,-0.05328899305671647f,0.9951389036245353f,-0.28567675635455936f,-0.015635126681865532f,0.9983769291309535f,0.05476358454931013f,-0.6859954150809029f,0f,0f,0f,1f],start_interpolation:0}
execute if entity @s[tag=aj.heiloang_aj.bone.leg_right_2] run data modify entity @s {} merge value {transformation:[-0.9964420189362162f,0.009165135167233981f,0.08378128189329412f,-0.4022053263997382f,0.08281814844561121f,0.2908885995849037f,0.9531657657089738f,-0.1537308331331244f,-0.015635126681865532f,0.9567130306047369f,-0.29061266298071414f,-0.09042711960043243f,0f,0f,0f,1f],start_interpolation:0}
execute if entity @s[tag=aj.heiloang_aj.bone.leg_right_1] run data modify entity @s {} merge value {transformation:[-0.9964420189362162f,0.04667272341439488f,0.07017805773459876f,-0.4482211435279038f,0.08281814844561121f,0.6966954095872824f,0.7125704600585472f,-0.6042383700149208f,-0.015635126681865532f,0.715847164658136f,-0.6980819290488401f,0.45589999566068723f,0f,0f,0f,1f],start_interpolation:0}
execute if entity @s[tag=aj.heiloang_aj.bone.leg_right_0] run data modify entity @s {} merge value {transformation:[-0.9964420189362162f,0.0838671101226299f,0.00834330498039896f,-0.3504231931147684f,0.08281814844561121f,0.9927008282225996f,-0.0876710895005045f,0.11206946411779183f,-0.015635126681865532f,-0.08666818035382673f,-0.9961145362496217f,0.3259954762501002f,0f,0f,0f,1f],start_interpolation:0}
execute if entity @s[tag=aj.heiloang_aj.bone.leg_left_3] run data modify entity @s {} merge value {transformation:[-0.9563776686209089f,-0.15407050918055298f,-0.24820159782741139f,0.810989673619179f,-0.23110622632355113f,-0.12067729317462811f,0.965415404407104f,-0.10204960178915348f,-0.1786943399151817f,0.9806626683589469f,0.07980641433736724f,-1.141010295448213f,0f,0f,0f,1f],start_interpolation:0}
execute if entity @s[tag=aj.heiloang_aj.bone.leg_left_2] run data modify entity @s {} merge value {transformation:[-0.9363771068432948f,-0.28625602177240644f,-0.2031142628640749f,0.6464756570638114f,-0.2654227231765123f,0.19882996044167267f,0.9434073483137214f,-0.025631926741730537f,-0.2296708335887374f,0.9372961841540797f,-0.26215867593664727f,-0.5585934105645781f,0f,0f,0f,1f],start_interpolation:0}
execute if entity @s[tag=aj.heiloang_aj.bone.leg_left_1] run data modify entity @s {} merge value {transformation:[-0.9363771068432948f,-0.3455455758769888f,-0.06161305682743841f,0.6640106310916105f,-0.2654227231765123f,0.5822315374690354f,0.7684772051258304f,-0.5241819593015197f,-0.2296708335887374f,0.7359379673371143f,-0.6369039302990454f,-0.05392698330466017f,0f,0f,0f,1f],start_interpolation:0}
execute if entity @s[tag=aj.heiloang_aj.bone.leg_left_0] run data modify entity @s {} merge value {transformation:[-0.9363771068432948f,-0.35096066766856115f,0.004952123728133945f,0.3741545616371061f,-0.2654227231765123f,0.7172494444976326f,0.6442856605492644f,0.03365217396252709f,-0.2296708335887374f,0.601979936640313f,-0.76476889586409f,0.3259954762501003f,0f,0f,0f,1f],start_interpolation:0}
execute if entity @s[tag=aj.heiloang_aj.bone.tail_4] run data modify entity @s {} merge value {transformation:[-1.5669793890982537f,0.15500032933965377f,0.07351772394148486f,0.17691330750308304f,0.17154728211466574f,1.42056471367615f,0.6613787023672162f,1.5664475311895223f,-0.0012197655548473404f,0.6654510920048674f,-1.4289953533896445f,-3.6482346706820503f,0f,0f,0f,1f],start_interpolation:0}
execute if entity @s[tag=aj.heiloang_aj.bone.tail_3] run data modify entity @s {} merge value {transformation:[-0.9940604933827044f,0.10082150097756598f,0.040972679145557224f,0.11952925573177754f,0.1088261767089995f,0.9235730198060942f,0.36765437621379304f,1.0510383793505673f,-0.0007737949571631202f,0.3699295906343292f,-0.9290594702248517f,-2.4163690817467325f,0f,0f,0f,1f],start_interpolation:0}
execute if entity @s[tag=aj.heiloang_aj.bone.tail_2] run data modify entity @s {} merge value {transformation:[-0.9940604933827044f,0.10029990119751664f,0.04223346203548222f,0.08829293415287359f,0.1088261767089995f,0.9188911376429449f,0.3792043518001289f,0.770909512975803f,-0.0007737949571631202f,0.381548171245811f,-0.9243486324219568f,-1.6856332174716795f,0f,0f,0f,1f],start_interpolation:0}
execute if entity @s[tag=aj.heiloang_aj.bone.tail_1] run data modify entity @s {} merge value {transformation:[-0.9941762366668218f,0.10374645589777447f,0.029159618235614502f,0.06725725962829654f,0.10776572420935071f,0.9580855758034704f,0.26544034757920015f,0.5796525648160054f,-0.0003989143138626893f,0.2670368931926515f,-0.9636862241110364f,-0.9280163669884685f,0f,0f,0f,1f],start_interpolation:0}
execute if entity @s[tag=aj.heiloang_aj.bone.tail_ring] run data modify entity @s {} merge value {transformation:[-0.9941762366668218f,0.10240577100523164f,0.03356588315268498f,0.07525704376918826f,0.10776572420935071f,0.9458688116658438f,0.306135165904668f,0.6529826053640665f,-0.0003989143138626893f,0.3079695588571515f,-0.9513961276380631f,-1.0551874501330611f,0f,0f,0f,1f],start_interpolation:0}
execute if entity @s[tag=aj.heiloang_aj.bone.tail_0] run data modify entity @s {} merge value {transformation:[-0.9941762366668218f,0.10240577100523164f,0.03356588315268498f,0.026054875190125643f,0.10776572420935071f,0.9458688116658438f,0.306135165904668f,0.20396930397623145f,-0.0003989143138626893f,0.3079695588571515f,-0.9513961276380631f,0.26685884342022353f,0f,0f,0f,1f],start_interpolation:0}
execute if entity @s[tag=aj.heiloang_aj.bone.body_1] run data modify entity @s {} merge value {transformation:[-0.9941946426300102f,0.08577009020270529f,0.0649654076598161f,0.012303798324681868f,0.1075965267366298f,0.7925178141311937f,0.6002820184870844f,0.04856817294394766f,-1.2175372868262886e-16f,0.6037872190692136f,-0.7971455288017776f,0.589773878095716f,0f,0f,0f,1f],start_interpolation:0}