execute if entity @s[tag=aj.heiloang_aj.bone.head_lower] run data modify entity @s {} merge value {transformation:[-0.7909912858144099f,0.016478122853693867f,-0.11858017217429447f,0.17687633989781162f,-0.04682205760327115f,0.6866923793541488f,0.40775148198226585f,-0.7228082778036965f,0.11018384948558807f,0.410100045847543f,-0.6779951856085565f,-1.0434914256679861f,0f,0f,0f,1f],start_interpolation:0}
execute if entity @s[tag=aj.heiloang_aj.bone.horne_right] run data modify entity @s {} merge value {transformation:[-0.5855002903843992f,-0.531853758340231f,-0.11967033759104939f,-0.19018023845743942f,-0.5257434793527221f,0.5044429165158502f,0.33035002330116026f,-0.2389431008300657f,-0.14416380918204957f,0.3204199177896946f,-0.7187126493987479f,-1.0037305321334786f,0f,0f,0f,1f],start_interpolation:0}
execute if entity @s[tag=aj.heiloang_aj.bone.horne_left] run data modify entity @s {} merge value {transformation:[-0.5808596069061286f,0.5369181756708394f,-0.11967033759104939f,0.4823205527419719f,0.4567017954853022f,0.5677079637502229f,0.33035002330116026f,-0.19913498745576458f,0.30663591939849344f,0.17154165828997237f,-0.7187126493987479f,-1.0974088409661256f,0f,0f,0f,1f],start_interpolation:0}
execute if entity @s[tag=aj.heiloang_aj.bone.head_upper] run data modify entity @s {} merge value {transformation:[-1.1586242606788024f,0.005030828648237965f,-0.1752901187449294f,0.14281471233922455f,-0.0685837794258315f,1.065040065137787f,0.4838884553809571f,-0.5114960260249861f,0.16139454813025228f,0.4886987444371143f,-1.0527523210230512f,-1.1935458685979476f,0f,0f,0f,1f],start_interpolation:0}
execute if entity @s[tag=aj.heiloang_aj.bone.neck_0] run data modify entity @s {} merge value {transformation:[-0.9848056791097637f,-0.10237888450349843f,-0.1402723721941585f,0.09032776142890558f,-0.17360983133572425f,0.5998139626266681f,0.7810779965545538f,-0.21664225841222817f,0.0041714334153384975f,0.793562709712291f,-0.6084741776750663f,-1.5062224336577643f,0f,0f,0f,1f],start_interpolation:0}
execute if entity @s[tag=aj.heiloang_aj.bone.neck_1] run data modify entity @s {} merge value {transformation:[-0.9821091005233973f,-0.0383087774018668f,-0.18437503150670342f,0.022669898456892677f,-0.18722339357717158f,0.303799788983864f,0.9341590277414266f,0.1275243683974555f,0.020226605413939187f,0.9519654015705268f,-0.3055368368071105f,-1.605663693241333f,0f,0f,0f,1f],start_interpolation:0}
execute if entity @s[tag=aj.heiloang_aj.bone.neck_2] run data modify entity @s {} merge value {transformation:[-0.9943535691657361f,-0.04071796282657374f,-0.09799503554066043f,-0.016123789484254254f,-0.10378983647138126f,0.5655342067813922f,0.8181679111315632f,0.4438551504171984f,0.02210541410165128f,0.8237190713243172f,-0.5665670677016088f,-1.8654517208385628f,0f,0f,0f,1f],start_interpolation:0}
execute if entity @s[tag=aj.heiloang_aj.bone.neck_3] run data modify entity @s {} merge value {transformation:[-0.9991359921299428f,-0.040931191079535495f,-0.007204639291832973f,-0.018860990361798016f,-0.03502719303095542f,0.7360210884308411f,0.6760518124622197f,0.7758882926836838f,-0.022368839462230894f,0.6757200566668793f,-0.7368188651488388f,-2.263118889375346f,0f,0f,0f,1f],start_interpolation:0}
execute if entity @s[tag=aj.heiloang_aj.bone.wing_right_2] run data modify entity @s {} merge value {transformation:[-2.1747539545858237f,0.8171083902368074f,-0.3692629441724981f,-4.513725910293657f,0.7260662688051989f,2.1731677865467813f,0.5326777178929742f,0.914069256075958f,0.5261644387809056f,0.37848600560784706f,-2.261299478893143f,-2.0398239128388163f,0f,0f,0f,1f],start_interpolation:0}
execute if entity @s[tag=aj.heiloang_aj.bone.wing_right_1] run data modify entity @s {} merge value {transformation:[-3.2517330724084914f,0.5811901069465045f,-0.5250417681407255f,-2.376769566954925f,0.454300699182073f,3.2260164094370127f,0.7573953879353907f,0.6051072126790558f,0.6380138504981756f,0.6650225248295217f,-3.215260820048952f,-2.408625351401104f,0f,0f,0f,1f],start_interpolation:0}
execute if entity @s[tag=aj.heiloang_aj.bone.wing_right_0] run data modify entity @s {} merge value {transformation:[-2.1735880266694703f,-0.2871800118703991f,-0.34848634277577273f,-0.35785203892087253f,-0.3622531675078054f,2.1317736142700774f,0.5027065745864591f,0.9460780677285568f,0.2696066263089204f,0.5490618346634618f,-2.134067329951498f,-2.6765003029602625f,0f,0f,0f,1f],start_interpolation:0}
execute if entity @s[tag=aj.heiloang_aj.bone.wing_left_2] run data modify entity @s {} merge value {transformation:[-2.31905621806393f,-0.37863092007682236f,0.11042142066559746f,4.556091969137537f,-0.35847114599408597f,2.29813340521236f,0.35164939308597803f,0.6393981771422532f,-0.1644770539306823f,0.3298446369578092f,-2.323300630680727f,-2.543681301781132f,0f,0f,0f,1f],start_interpolation:0}
execute if entity @s[tag=aj.heiloang_aj.bone.wing_left_1] run data modify entity @s {} merge value {transformation:[-3.3409582810919702f,0.02379489419947155f,0.15700426718093108f,2.3663176820390786f,0.047048483183477055f,3.3068122902673993f,0.4999976900612758f,0.6625945857279267f,-0.15166732388065438f,0.5016423555148761f,-3.3034180393829007f,-2.5927216614088366f,0f,0f,0f,1f],start_interpolation:0}
execute if entity @s[tag=aj.heiloang_aj.bone.wing_left_0] run data modify entity @s {} merge value {transformation:[-2.1950017934178505f,0.3154484179622364f,0.10420855290013452f,0.325524507776264f,0.32767675159128745f,2.170459479461397f,0.33186381918302293f,0.9700355293779568f,-0.05472726339768522f,0.34350828755836826f,-2.1925799832662247f,-2.661200743755379f,0f,0f,0f,1f],start_interpolation:0}
execute if entity @s[tag=aj.heiloang_aj.bone.kazari_right] run data modify entity @s {} merge value {transformation:[-2.627031654910502f,0.027721058773250352f,-0.06932831712171725f,-2.518306018151852f,0.07200312110472082f,0.29479142904716804f,-2.6105140781975797f,4.004052590840429f,-0.01975912967765264f,-2.611359750171751f,-0.29543192199483626f,-6.210326587688099f,0f,0f,0f,1f],start_interpolation:0}
execute if entity @s[tag=aj.heiloang_aj.bone.kazari_left] run data modify entity @s {} merge value {transformation:[-2.627031654910502f,0.027721058773250352f,-0.06932831712171725f,2.553729547916307f,0.07200312110472082f,0.29479142904716804f,-2.6105140781975797f,3.8650354646370144f,-0.01975912967765264f,-2.611359750171751f,-0.29543192199483626f,-6.172177443846503f,0f,0f,0f,1f],start_interpolation:0}
execute if entity @s[tag=aj.heiloang_aj.bone.ring] run data modify entity @s {} merge value {transformation:[-2.202046605248222f,-0.04296770262426983f,0.04550616035222141f,-0.027328555450699225f,0.06035489831253241f,-1.0340060664836963f,1.9442517909233425f,3.1888512587995623f,-0.016562619010701152f,1.9447137364635791f,1.0347658907431188f,-2.920351851264474f,0f,0f,0f,1f],start_interpolation:0}
execute if entity @s[tag=aj.heiloang_aj.bone.body_0] run data modify entity @s {} merge value {transformation:[-1.127586996811485f,-0.03991423292221659f,0.0246332005545431f,0.00012893172044077007f,-0.03953036194033386f,1.127729053641069f,0.017801909907624335f,0.9103352075993235f,-0.02524462406524418f,0.016923697046567845f,-1.1281527704046799f,-3.3218601227443023f,0f,0f,0f,1f],start_interpolation:0}
execute if entity @s[tag=aj.heiloang_aj.bone.leg_right_3] run data modify entity @s {} merge value {transformation:[-0.9808334760811106f,-0.19208233284025833f,0.03271191845932808f,-0.4295732553333647f,0.19172219122064002f,-0.9214510666453686f,0.33789130378225085f,0.38587947597157835f,-0.03476051772056696f,0.3376867027123769f,0.9406164984833305f,-5.793045831553498f,0f,0f,0f,1f],start_interpolation:0}
execute if entity @s[tag=aj.heiloang_aj.bone.leg_right_2] run data modify entity @s {} merge value {transformation:[-0.9808334760811106f,0.005301882437751065f,0.194775722925784f,-0.43553776494496876f,0.19172219122064002f,0.20459289652120927f,0.9598876747237763f,0.46502457809748887f,-0.03476051772056696f,0.9788327930426515f,-0.20168805039496052f,-5.1882198830898405f,0f,0f,0f,1f],start_interpolation:0}
execute if entity @s[tag=aj.heiloang_aj.bone.leg_right_1] run data modify entity @s {} merge value {transformation:[-0.9830933934138764f,0.12357679603993091f,0.13511534075187348f,-0.5216018149248296f,0.17683865384583417f,0.8321724338551342f,0.5255636315781522f,0.15664503474212632f,-0.04749179225911366f,0.5405717489955683f,-0.8399563761624109f,-4.554940442697359f,0f,0f,0f,1f],start_interpolation:0}
execute if entity @s[tag=aj.heiloang_aj.bone.leg_right_0] run data modify entity @s {} merge value {transformation:[-0.9749309152843306f,0.1519544136416882f,0.16254096898218687f,-0.36444439426387537f,0.22200584663640555f,0.6152569058048869f,0.7564207452989702f,0.6490964249910949f,0.014937017175805388f,0.7735430149863725f,-0.6335677465620252f,-4.033088251093973f,0f,0f,0f,1f],start_interpolation:0}
execute if entity @s[tag=aj.heiloang_aj.bone.leg_left_3] run data modify entity @s {} merge value {transformation:[-0.9743533333392881f,0.17859054132458466f,0.13689777339317918f,0.34736479513724006f,-0.12865291379142663f,-0.9412511454083408f,0.3122414274891496f,0.4076191481883958f,0.18461855156942975f,0.2866211782420796f,0.9400873845550359f,-5.796319394687112f,0f,0f,0f,1f],start_interpolation:0}
execute if entity @s[tag=aj.heiloang_aj.bone.leg_left_2] run data modify entity @s {} merge value {transformation:[-0.9823162625740076f,0.06149999133507292f,-0.17684035554256136f,0.39311101480347593f,-0.1771830530002447f,-0.00012070823675242037f,0.9841779062542675f,0.3611146821525586f,0.0605055866193035f,0.998107076668284f,0.0110153298882254f,-5.189805941806336f,0f,0f,0f,1f],start_interpolation:0}
execute if entity @s[tag=aj.heiloang_aj.bone.leg_left_1] run data modify entity @s {} merge value {transformation:[-0.9843441047200225f,-0.11183821932192986f,-0.13623103978843218f,0.48084357840054204f,-0.16104064157367723f,0.8848195985371747f,0.43721869791450013f,0.11902621817770431f,0.07164213330489205f,0.452312381815281f,-0.8889774541528664f,-4.528561670770439f,0f,0f,0f,1f],start_interpolation:0}
execute if entity @s[tag=aj.heiloang_aj.bone.leg_left_0] run data modify entity @s {} merge value {transformation:[-0.9813399856755324f,-0.09555746998317831f,-0.16685503422060688f,0.36436420345780657f,-0.18750825074433408f,0.6677256741328901f,0.7204048028758396f,0.6486252949473508f,0.04257332988087568f,0.7382487345293534f,-0.6731837175308556f,-4.033088251093973f,0f,0f,0f,1f],start_interpolation:0}
execute if entity @s[tag=aj.heiloang_aj.bone.tail_4] run data modify entity @s {} merge value {transformation:[-0.8920902445439798f,-0.9866936780609402f,-0.845851609297819f,-1.1260715291364283f,-0.23294831965310986f,1.130732879294161f,-1.0733278156004353f,-0.4867018683819613f,1.278579070549776f,-0.482424196164935f,-0.7857205731011256f,-7.78802747466538f,0f,0f,0f,1f],start_interpolation:0}
execute if entity @s[tag=aj.heiloang_aj.bone.tail_3] run data modify entity @s {} merge value {transformation:[-0.7498486490940873f,-0.4306924658111758f,-0.5022260480553168f,-0.44369574324147565f,-0.14994330301804162f,0.8499736411008301f,-0.5050364494903679f,0.16600412776827556f,0.644394296476786f,-0.3033954668865148f,-0.7019310374537528f,-6.842104369009443f,0f,0f,0f,1f],start_interpolation:0}
execute if entity @s[tag=aj.heiloang_aj.bone.tail_2] run data modify entity @s {} merge value {transformation:[-0.9018927407664071f,-0.3077877744965233f,-0.3030778283268767f,-0.21200908630158272f,-0.17165800767432016f,0.8992310746555441f,-0.4023891186092365f,0.4975037593732645f,0.3963874525690003f,-0.31088608885621194f,-0.8638442146599965f,-6.171394237774069f,0f,0f,0f,1f],start_interpolation:0}
execute if entity @s[tag=aj.heiloang_aj.bone.tail_1] run data modify entity @s {} merge value {transformation:[-0.9672479448630585f,-0.10029012048006015f,-0.23318084160643343f,-0.03147538533301068f,-0.09476684675723875f,0.9948910498712339f,-0.03480005232472798f,0.5415019662328001f,0.23547963375604186f,-0.011562466008979227f,-0.9718105018294007f,-5.4121335759681655f,0f,0f,0f,1f],start_interpolation:0}
execute if entity @s[tag=aj.heiloang_aj.bone.tail_ring] run data modify entity @s {} merge value {transformation:[-0.9996512581652689f,0.008348279215941843f,-0.02505330881794973f,-0.03481681183008376f,0.011250074499208697f,0.9929477024610225f,-0.11801820199078958f,0.5553381384620373f,0.023891376527047134f,-0.11825889569714927f,-0.9926953388205938f,-5.558459141021773f,0f,0f,0f,1f],start_interpolation:0}
execute if entity @s[tag=aj.heiloang_aj.bone.tail_0] run data modify entity @s {} merge value {transformation:[-0.9996512581652689f,0.008348279215941843f,-0.02505330881794973f,-0.000008484546523008715f,0.011250074499208697f,0.9929477024610225f,-0.11801820199078958f,0.6977608703012363f,0.023891376527047134f,-0.11825889569714927f,-0.9926953388205938f,-4.169090814651389f,0f,0f,0f,1f],start_interpolation:0}
execute if entity @s[tag=aj.heiloang_aj.bone.body_1] run data modify entity @s {} merge value {transformation:[-0.9999997910586034f,0.000638604256967696f,-0.00010033619752433698f,0.0031212742444567836f,0.0006464385118098286f,0.9878806906923242f,-0.1552137979514283f,0.8221085624252916f,-1.2246465432679406e-16f,-0.1552138303820228f,-0.9878808971015386f,-3.8327270542165315f,0f,0f,0f,1f],start_interpolation:0}