execute if entity @s[tag=aj.heiloang_aj.bone.head_lower] run data modify entity @s {} merge value {transformation:[0.0020561742846049503f,-0.7784171442182478f,-0.18456034713453162f,0.38323015232068147f,-0.7999930346130135f,-0.0026074356060577617f,0.0020846702909894056f,0.41953693758720245f,-0.002629965393916948f,0.18455338215992623f,-0.7784170684249921f,2.7472752226562123f,0f,0f,0f,1f],start_interpolation:0}
execute if entity @s[tag=aj.heiloang_aj.bone.horne_right] run data modify entity @s {} merge value {transformation:[0.5301338004560524f,-0.5754960002171158f,-0.1666208490799509f,-0.10631183871650132f,-0.5880880109465573f,-0.5423540305380224f,0.002144047593665296f,0.07859217843908589f,-0.11450172485576057f,0.12106386452308301f,-0.7824531268464535f,2.626683846194073f,0f,0f,0f,1f],start_interpolation:0}
execute if entity @s[tag=aj.heiloang_aj.bone.horne_left] run data modify entity @s {} merge value {transformation:[-0.5271018590549105f,-0.5782742626407763f,-0.1666208490799509f,-0.10805999809327246f,-0.5915454571057069f,0.5385808901525532f,0.002144047593665296f,0.75874625646707f,0.11062369709270081f,0.12461742225607972f,-0.7824531268464535f,2.628919842771981f,0f,0f,0f,1f],start_interpolation:0}
execute if entity @s[tag=aj.heiloang_aj.bone.head_upper] run data modify entity @s {} merge value {transformation:[0.0030118326877322165f,-1.1461181243476286f,-0.2440620542110851f,0.20942466989812328f,-1.171809797275277f,-0.003748115825747428f,0.003140547314011084f,0.4190885772521744f,-0.0038523075598746975f,0.24405185733698145f,-1.146117778876514f,2.5520296047294027f,0f,0f,0f,1f],start_interpolation:0}
execute if entity @s[tag=aj.heiloang_aj.bone.neck_0] run data modify entity @s {} merge value {transformation:[0.004641579116600011f,-0.9816113866001952f,-0.1908338058105696f,0.19244471268056293f,-0.9999827582045046f,-0.00524270716389523f,0.00264524390269129f,0.42137037740930994f,-0.0035970872960529787f,0.19081823738425924f,-0.981618796297498f,2.1194018974915987f,0f,0f,0f,1f],start_interpolation:0}
execute if entity @s[tag=aj.heiloang_aj.bone.neck_1] run data modify entity @s {} merge value {transformation:[0.008789606832063241f,-0.9864069383499535f,-0.16408563248136152f,0.12034256568323301f,-0.9999568355863218f,-0.009164624374310565f,0.0015286020632036585f,0.4218129242540033f,-0.003011606868032999f,0.16406511401010423f,-0.9864449141178254f,1.7620254823636161f,0f,0f,0f,1f],start_interpolation:0}
execute if entity @s[tag=aj.heiloang_aj.bone.neck_2] run data modify entity @s {} merge value {transformation:[-0.10498752410395601f,-0.9843760474224956f,-0.14135564029562322f,0.09540814487726529f,-0.9943701588714149f,0.10596020792966608f,0.0006492160956914385f,0.4185275183716251f,0.014339000263555519f,0.14062799008862456f,-0.9899586665487986f,1.3516263913224502f,0f,0f,0f,1f],start_interpolation:0}
execute if entity @s[tag=aj.heiloang_aj.bone.neck_3] run data modify entity @s {} merge value {transformation:[-0.1588373455035335f,-0.9779753773858337f,-0.1354062734899198f,0.04901829457885154f,-0.9866902879428336f,0.16207646977514484f,-0.013171697859973531f,0.40778628041789644f,0.03482776697807378f,0.13151189745518232f,-0.9907026029414976f,0.8357530693134761f,0f,0f,0f,1f],start_interpolation:0}
execute if entity @s[tag=aj.heiloang_aj.bone.wing_right_2] run data modify entity @s {} merge value {transformation:[0.40548269576921053f,2.3121239587905715f,0.15245520305767263f,-3.5220375740390133f,1.8598845968902313f,-0.41707161017455874f,1.3785704786328f,-0.03406177617715067f,1.382023543939538f,-0.1170900401145338f,-1.8999675925719848f,0.025840856026100978f,0f,0f,0f,1f],start_interpolation:0}
execute if entity @s[tag=aj.heiloang_aj.bone.wing_right_1] run data modify entity @s {} merge value {transformation:[-2.8638333426000884f,1.7142601513133284f,0.21677059840117952f,-1.6503322792518773f,1.4996561236288568f,2.257454609337771f,1.960140038502891f,-1.0457356891143943f,0.8583174643303438f,1.7755082633710413f,-2.7014959392948708f,-0.4950138665494902f,0f,0f,0f,1f],start_interpolation:0}
execute if entity @s[tag=aj.heiloang_aj.bone.wing_right_0] run data modify entity @s {} merge value {transformation:[-1.533320260755688f,-1.5989459965595894f,0.14387730203951246f,-0.22299771774633123f,-1.2384131636112168f,1.3046526320185798f,1.3010051291065101f,0.11657366794785123f,-1.0215976772441122f,0.8183234139709386f,-1.7930658035879168f,0.44082752315629736f,0f,0f,0f,1f],start_interpolation:0}
execute if entity @s[tag=aj.heiloang_aj.bone.wing_left_2] run data modify entity @s {} merge value {transformation:[0.7164847446340415f,2.1602301957767827f,-0.5946689148441366f,2.911756678438422f,1.896736432449145f,-0.9171300387709578f,-1.0463457383317796f,0.2862234758159441f,-1.192734892106284f,-0.16079178946448602f,-2.0211643881470964f,-0.22035113399401007f,0f,0f,0f,1f],start_interpolation:0}
execute if entity @s[tag=aj.heiloang_aj.bone.wing_left_1] run data modify entity @s {} merge value {transformation:[-2.3179086221379377f,2.2582256568114336f,-0.8455384528436143f,1.4070443555565166f,2.3511828774089376f,1.8562659747371704f,-1.4877615672250997f,1.8482204222841248f,-0.535217216929378f,-1.6253960400012146f,-2.873821326518185f,-0.5270445041092926f,0f,0f,0f,1f],start_interpolation:0}
execute if entity @s[tag=aj.heiloang_aj.bone.wing_left_0] run data modify entity @s {} merge value {transformation:[-1.5894441577774006f,-1.4446836305765518f,-0.5612098331742243f,-0.07583786617721344f,-1.135098038297335f,1.6324366608301057f,-0.9874730334704809f,0.7845204506081542f,1.0552818167488864f,-0.4200473258122283f,-1.9074434542908905f,0.4392105271281739f,0f,0f,0f,1f],start_interpolation:0}
execute if entity @s[tag=aj.heiloang_aj.bone.kazari_right] run data modify entity @s {} merge value {transformation:[-1.2913704067242076f,0.7004378054097323f,2.179132749959489f,-2.3227450873637725f,-2.2163721960656604f,0.24235842042251765f,-1.3913399559825899f,-0.716443332183581f,-0.5717752615322628f,-2.5214121966388903f,0.47161824974932065f,-3.169125525833518f,0f,0f,0f,1f],start_interpolation:0}
execute if entity @s[tag=aj.heiloang_aj.bone.kazari_left] run data modify entity @s {} merge value {transformation:[-1.4684690147473687f,-0.04300464320441926f,2.179132749959489f,-0.2968765455284632f,-2.038210934236101f,-0.9037364123476576f,-1.3913399559825899f,2.323625347647876f,0.7721173025153252f,-2.467444282292125f,0.47161824974932065f,-3.5611109155921f,0f,0f,0f,1f],start_interpolation:0}
execute if entity @s[tag=aj.heiloang_aj.bone.ring] run data modify entity @s {} merge value {transformation:[-1.214644600764426f,0.1974838862794641f,-1.8271740186084668f,-1.664683427394609f,-1.8227258736961534f,0.150633503165006f,1.2279683313778331f,1.2772181214748897f,0.23502163512419397f,2.1888892041782806f,0.08034406412021051f,0.18239468083479027f,0f,0f,0f,1f],start_interpolation:0}
execute if entity @s[tag=aj.heiloang_aj.bone.body_0] run data modify entity @s {} merge value {transformation:[-0.24281713483442963f,-1.0995856446083516f,-0.07485736530033513f,-0.13612536937765513f,-1.1021275317831751f,0.24244125838000719f,0.013766475885941801f,0.4460333386592248f,0.002668080583128303f,0.07606590789590283f,-1.1259925554548076f,-0.2147842101484595f,0f,0f,0f,1f],start_interpolation:0}
execute if entity @s[tag=aj.heiloang_aj.bone.leg_right_3] run data modify entity @s {} merge value {transformation:[-0.22245062903108356f,-0.26831882408893937f,-0.9372943647985961f,0.8221005112026489f,-0.9749438878089445f,0.06086167901445062f,0.2139632483664478f,-0.18257171706714803f,-0.0003650584275093957f,0.961405671226809f,-0.27513451631024716f,-1.7273735358239344f,0f,0f,0f,1f],start_interpolation:0}
execute if entity @s[tag=aj.heiloang_aj.bone.leg_right_2] run data modify entity @s {} merge value {transformation:[-0.22245062903108356f,-0.6745061450919536f,-0.7039582216842611f,0.44508740191974905f,-0.9749438878089445f,0.15363007728029124f,0.1608795045331505f,-0.09672619736034507f,-0.0003650584275093957f,0.7221075124855331f,-0.6917807507760682f,-1.2555625432903779f,0f,0f,0f,1f],start_interpolation:0}
execute if entity @s[tag=aj.heiloang_aj.bone.leg_right_1] run data modify entity @s {} merge value {transformation:[-0.22245062903108356f,-0.9445001883566785f,-0.2417335554652557f,0.5447555581053464f,-0.9749438878089445f,0.21541149124549597f,0.05551851099743102f,-0.11973017570079608f,-0.0003650584275093957f,0.24802678007342338f,-0.968753107400825f,-0.553362508609456f,0f,0f,0f,1f],start_interpolation:0}
execute if entity @s[tag=aj.heiloang_aj.bone.leg_right_0] run data modify entity @s {} merge value {transformation:[-0.22245062903108356f,-0.8632408364134303f,0.45313461133742167f,-0.04729827180002456f,-0.9749438878089445f,0.197137614224836f,-0.10305909315397643f,0.05253008837656764f,-0.0003650584275093957f,-0.46470637977757606f,-0.8854647634583569f,-0.9525306441395635f,0f,0f,0f,1f],start_interpolation:0}
execute if entity @s[tag=aj.heiloang_aj.bone.leg_left_3] run data modify entity @s {} merge value {transformation:[0.14023878444411186f,-0.14922686695257414f,-0.9788076550156095f,0.966895756456212f,-0.9894845840319013f,0.014224719579408483f,-0.1439371922614242f,0.8648767619824343f,0.03540256065389808f,0.9887006622494019f,-0.1456628269900772f,-2.1137062361389924f,0f,0f,0f,1f],start_interpolation:0}
execute if entity @s[tag=aj.heiloang_aj.bone.leg_left_2] run data modify entity @s {} merge value {transformation:[0.13096337542189562f,-0.6162965240243976f,-0.7765482527013685f,0.62870944536958f,-0.9905390832435359f,-0.0489505212025847f,-0.12820363115392086f,0.8411541466476802f,0.04099901053877895f,0.7859913746024445f,-0.6168765193986563f,-1.6065758712270837f,0f,0f,0f,1f],start_interpolation:0}
execute if entity @s[tag=aj.heiloang_aj.bone.leg_left_1] run data modify entity @s {} merge value {transformation:[0.13096337542189562f,-0.9118737953995815f,-0.38901770597450386f,0.8347548774591016f,-0.9905390832435359f,-0.10412884294277702f,-0.0893840513428081f,0.8964088905048201f,0.04099901053877895f,0.3970432789142267f,-0.9168836980794678f,-0.9297893418996032f,0f,0f,0f,1f],start_interpolation:0}
execute if entity @s[tag=aj.heiloang_aj.bone.leg_left_0] run data modify entity @s {} merge value {transformation:[0.13096337542189562f,-0.9899659442744119f,-0.05306621783183106f,0.11269483600893047f,-0.9905390832435359f,-0.12845011821991317f,-0.048300017560510354f,0.7635606077849785f,0.04099901053877895f,0.05888969609500499f,-0.9974222199393189f,-0.9525306441395635f,0f,0f,0f,1f],start_interpolation:0}
execute if entity @s[tag=aj.heiloang_aj.bone.tail_4] run data modify entity @s {} merge value {transformation:[-0.3460719186627431f,-1.5221584475841867f,0.21936784461005013f,-0.040399204772192256f,-1.537884450904772f,0.3425213199809036f,-0.04944617994891738f,0.4242764711005908f,0.00008041199569084423f,-0.22487145104328116f,-1.5602202369304385f,-5.233908433774756f,0f,0f,0f,1f],start_interpolation:0}
execute if entity @s[tag=aj.heiloang_aj.bone.tail_3] run data modify entity @s {} merge value {transformation:[-0.21954112772967357f,-0.9741028220775794f,0.05408683070469447f,-0.08725243472326474f,-0.9756032444764534f,0.21920058655948796f,-0.012223429101265894f,0.4348897485679918f,0.00005101176739556746f,-0.05545083292856422f,-0.9984614176448321f,-3.898197205408178f,0f,0f,0f,1f],start_interpolation:0}
execute if entity @s[tag=aj.heiloang_aj.bone.tail_2] run data modify entity @s {} merge value {transformation:[-0.21954112772967357f,-0.9752349802749091f,-0.026803478941743376f,-0.08408285380150228f,-0.9756032444764534f,0.21945969274120852f,0.005979350211485553f,0.4342174459387805f,0.00005101176739556746f,0.02746227430734135f,-0.9996228393187442f,-3.114990786470006f,0f,0f,0f,1f],start_interpolation:0}
execute if entity @s[tag=aj.heiloang_aj.bone.tail_1] run data modify entity @s {} merge value {transformation:[-0.21954112772967357f,-0.9722710859715155f,-0.08056443768160321f,-0.03754334717032247f,-0.9756032444764534f,0.21879560549220312f,0.018077399821807102f,0.4237854021229171f,0.00005101176739556746f,0.08256765953489288f,-0.9965854599565105f,-2.33477911087001f,0f,0f,0f,1f],start_interpolation:0}
execute if entity @s[tag=aj.heiloang_aj.bone.tail_ring] run data modify entity @s {} merge value {transformation:[-0.21954112772967357f,-0.9755301499249897f,-0.011942354144390925f,-0.06951562062845099f,-0.9756032444764534f,0.21952531862786268f,0.002635118280574199f,0.43097266614046587f,0.00005101176739556746f,0.012229516288972953f,-0.9999252153681981f,-2.4780965653098326f,0f,0f,0f,1f],start_interpolation:0}
execute if entity @s[tag=aj.heiloang_aj.bone.tail_0] run data modify entity @s {} merge value {transformation:[-0.21954112772967357f,-0.9755301499249897f,-0.011942354144390925f,-0.030790022973908773f,-0.9756032444764534f,0.21952531862786268f,0.002635118280574199f,0.4223312204332869f,0.00005101176739556746f,0.012229516288972953f,-0.9999252153681981f,-1.0815773731694416f,0f,0f,0f,1f],start_interpolation:0}
execute if entity @s[tag=aj.heiloang_aj.bone.body_1] run data modify entity @s {} merge value {transformation:[-0.21952687561579776f,-0.9750446954734001f,0.03310275987814625f,-0.1106308131472895f,-0.9756064528704009f,0.21940047132044402f,-0.007448644306245423f,0.4434222804123583f,-2.6884288554970587e-17f,-0.033930443757062355f,-0.9994241967185149f,-0.7325883494538006f,0f,0f,0f,1f],start_interpolation:0}