execute if entity @s[tag=aj.heiloang_aj.bone.head_lower] run data modify entity @s {} merge value {transformation:[-0.7901676337613316f,-0.12503633990784346f,0.0010120565539233385f,0.10666676729415098f,-0.1188893059489654f,0.749266335768997f,-0.253900159539678f,0.4963678594626241f,0.03873555843138717f,-0.25093001372046114f,-0.7586393640770678f,5.051267448619428f,0f,0f,0f,1f],start_interpolation:0}
execute if entity @s[tag=aj.heiloang_aj.bone.horne_right] run data modify entity @s {} merge value {transformation:[-0.4987477571791678f,-0.6253083760630576f,0.015495468180461608f,-0.2955261960884573f,-0.5705621909118026f,0.4466809365341118f,-0.3390205410280217f,0.7593668173006607f,0.2563385671542104f,-0.22240857843705267f,-0.7244480403913974f,4.677757959800372f,0f,0f,0f,1f],start_interpolation:0}
execute if entity @s[tag=aj.heiloang_aj.bone.horne_left] run data modify entity @s {} merge value {transformation:[-0.6663976201270565f,0.4423506554249283f,0.015495468180461608f,0.3762743261354268f,0.3952534091812881f,0.6073218383127983f,-0.3390205410280217f,0.8604465052184711f,-0.19922086843391823f,-0.2747473063625915f,-0.7244480403913974f,4.644824988022007f,0f,0f,0f,1f],start_interpolation:0}
execute if entity @s[tag=aj.heiloang_aj.bone.head_upper] run data modify entity @s {} merge value {transformation:[-1.1574177957427545f,-0.1817442920510749f,0.022697374404035655f,0.09037237852857119f,-0.17414608312139582f,1.0470123232093784f,-0.49658881298432056f,0.5155634284356125f,0.05673887760133515f,-0.4938586029974107f,-1.0611533783643092f,4.791084011227058f,0f,0f,0f,1f],start_interpolation:0}
execute if entity @s[tag=aj.heiloang_aj.bone.neck_0] run data modify entity @s {} merge value {transformation:[-0.9877523865930602f,-0.15508735223283096f,-0.017121213658016374f,0.09406022879748599f,-0.14834910249372846f,0.9674631657695822f,-0.2049574752684152f,0.3642235656665035f,0.0483504557271064f,-0.19990731866669512f,-0.9786211204416516f,4.3854451270870785f,0f,0f,0f,1f],start_interpolation:0}
execute if entity @s[tag=aj.heiloang_aj.bone.neck_1] run data modify entity @s {} merge value {transformation:[-0.9877511741789612f,-0.15409605603425722f,-0.0245361656085581f,0.08319625022614302f,-0.1483686324310876f,0.97621245212943f,-0.15810122459353207f,0.31880522305884795f,0.0483152855586339f,-0.1525242728949485f,-0.9871180169357943f,4.023870839196696f,0f,0f,0f,1f],start_interpolation:0}
execute if entity @s[tag=aj.heiloang_aj.bone.neck_2] run data modify entity @s {} merge value {transformation:[-0.9975230169626741f,-0.06479850633500009f,-0.027367575823179967f,0.07415284398608589f,-0.0636467759662795f,0.9971280963209265f,-0.04104445683041266f,0.26856456123358285f,0.0299485982774282f,-0.03920093243990938f,-0.9987824429559518f,3.615883062586792f,0f,0f,0f,1f],start_interpolation:0}
execute if entity @s[tag=aj.heiloang_aj.bone.neck_3] run data modify entity @s {} merge value {transformation:[-0.9934114464359569f,-0.11321102287793627f,-0.01780343755995712f,0.0676811114815759f,-0.10612727806169814f,0.9674079887755966f,-0.2299103827676564f,0.12615894444313352f,0.04325157732655428f,-0.22650617552748242f,-0.9730489471278814f,3.1178153626212306f,0f,0f,0f,1f],start_interpolation:0}
execute if entity @s[tag=aj.heiloang_aj.bone.wing_right_2] run data modify entity @s {} merge value {transformation:[0.06809826810693898f,-2.3450288901873124f,0.17256342714695944f,-3.09451700801801f,-2.177814959179043f,0.002191691513989963f,0.8892093152825706f,-2.282895656148691f,-0.886600606687039f,-0.18550123179153288f,-2.170968600313465f,1.4282648200548365f,0f,0f,0f,1f],start_interpolation:0}
execute if entity @s[tag=aj.heiloang_aj.bone.wing_right_1] run data modify entity @s {} merge value {transformation:[-1.4353936475125413f,-3.011089745416746f,0.24536176276420088f,-2.158471913415183f,-2.7539255104013454f,1.4158284826908558f,1.2643349096113723f,-0.4990868865717471f,-1.2420781508187517f,0.3405686796336717f,-3.0868225758231143f,2.2884394029922923f,0f,0f,0f,1f],start_interpolation:0}
execute if entity @s[tag=aj.heiloang_aj.bone.wing_right_0] run data modify entity @s {} merge value {transformation:[-1.9839543706656217f,-0.9827530644056068f,0.162854135710962f,-0.31183867376255175f,-0.8565691849775386f,1.8682798726529255f,0.8391779005591622f,0.3043573809521532f,-0.5085413321094858f,0.6871147879658515f,-2.048818923598411f,2.7450235528071456f,0f,0f,0f,1f],start_interpolation:0}
execute if entity @s[tag=aj.heiloang_aj.bone.wing_left_2] run data modify entity @s {} merge value {transformation:[-0.8479710960386438f,2.14358761438879f,-0.46856500727540884f,3.261225590420734f,2.0126272585039997f,0.9599477718437067f,0.7492715128576459f,-2.00698246877999f,0.8739865816651331f,-0.1307991631941314f,-2.1800493206113516f,1.238458720587046f,0f,0f,0f,1f],start_interpolation:0}
execute if entity @s[tag=aj.heiloang_aj.bone.wing_left_1] run data modify entity @s {} merge value {transformation:[-1.593868577684961f,2.864076040176502f,-0.6662358186523804f,2.227827379215457f,2.6586489227656407f,1.7273701775499284f,1.0653623552989973f,-0.2825257832156321f,1.256338981105664f,-0.021897002032607762f,-3.0997341271077365f,2.1081665654242494f,0f,0f,0f,1f],start_interpolation:0}
execute if entity @s[tag=aj.heiloang_aj.bone.wing_left_0] run data modify entity @s {} merge value {transformation:[-1.9961381062712278f,0.8650380260149058f,-0.4422011694242239f,0.3676224697276335f,0.7029181289957587f,1.9835060648992813f,0.7071137068653595f,0.3769449900098177f,0.670625651627656f,0.49579522391406944f,-2.057388716631589f,2.7154408795920455f,0f,0f,0f,1f],start_interpolation:0}
execute if entity @s[tag=aj.heiloang_aj.bone.kazari_right] run data modify entity @s {} merge value {transformation:[-2.6225447774758264f,-0.1624957303171285f,-0.05219402570429814f,-2.9222745393830154f,0.04902332133069631f,0.05263820737992228f,-2.627107938712413f,3.2538008027798564f,0.1634802515786699f,-2.6225358997178243f,-0.049495965403691264f,-0.9183208261566174f,0f,0f,0f,1f],start_interpolation:0}
execute if entity @s[tag=aj.heiloang_aj.bone.kazari_left] run data modify entity @s {} merge value {transformation:[-2.6215967506314586f,-0.1771339869014616f,-0.05219402570429814f,2.1181155183673352f,0.04872869591577407f,0.05291106788576878f,-2.627107938712413f,3.1616944227362294f,0.17811844325946752f,-2.621582376759469f,-0.049495965403691264f,-1.3447161059153572f,0f,0f,0f,1f],start_interpolation:0}
execute if entity @s[tag=aj.heiloang_aj.bone.ring] run data modify entity @s {} merge value {transformation:[-2.194731506071822f,0.1726941989878061f,0.07909877164468258f,-0.15025764780841758f,0.040105779885256994f,-0.47536765768712946f,2.150661154675203f,3.086370743579831f,0.18566482827809078f,2.1440915534195457f,0.47045325791140447f,2.482166072578757f,0f,0f,0f,1f],start_interpolation:0}
execute if entity @s[tag=aj.heiloang_aj.bone.body_0] run data modify entity @s {} merge value {transformation:[-1.1211264915969437f,-0.1141669792517535f,-0.06077554299001877f,-0.0013670318982482205f,-0.11977122202780602f,1.1165964310956396f,0.11189119883226221f,0.34789144730052557f,0.04881209021510887f,0.11760394062566319f,-1.1213559064524614f,2.0759724568148723f,0f,0f,0f,1f],start_interpolation:0}
execute if entity @s[tag=aj.heiloang_aj.bone.leg_right_3] run data modify entity @s {} merge value {transformation:[-0.9996588502501677f,0.0010750743515600368f,-0.026096500371724035f,-0.37488011810047733f,-0.02271029326295568f,-0.5292826032151312f,0.848141596971711f,0.2512467980042028f,-0.012900608374155279f,0.8484449128546606f,0.5291264538412569f,-0.05910953587594492f,0f,0f,0f,1f],start_interpolation:0}
execute if entity @s[tag=aj.heiloang_aj.bone.leg_right_2] run data modify entity @s {} merge value {transformation:[-0.9996588502501677f,-0.017190400006819064f,-0.019664009360207547f,-0.3844073519830334f,-0.02271029326295568f,0.20022213069265488f,0.9794872847366646f,0.32680900804501956f,-0.012900608374155279f,0.9795997083138085f,-0.20054422398832095f,0.54612887560228f,0f,0f,0f,1f],start_interpolation:0}
execute if entity @s[tag=aj.heiloang_aj.bone.leg_right_1] run data modify entity @s {} merge value {transformation:[-0.999660642033765f,-0.0249474850156164f,-0.00749825046501782f,-0.3809892409490508f,-0.022665778787334237f,0.6911065532260025f,0.7223973937937749f,-0.13105226522388058f,-0.012839908122886799f,0.7223221961697355f,-0.6914374748883125f,1.0882535697828288f,0f,0f,0f,1f],start_interpolation:0}
execute if entity @s[tag=aj.heiloang_aj.bone.leg_right_0] run data modify entity @s {} merge value {transformation:[-0.9996528882903382f,-0.026291952264877443f,0.001684095866073996f,-0.3639999325428082f,-0.022924912691550947f,0.8995721331101882f,0.43617017975747785f,0.5563536078311834f,-0.012982731256152853f,0.4359801722299846f,-0.899862621799263f,1.3465577811257452f,0f,0f,0f,1f],start_interpolation:0}
execute if entity @s[tag=aj.heiloang_aj.bone.leg_left_3] run data modify entity @s {} merge value {transformation:[-0.996318132483728f,0.08480330499307208f,-0.012592789460179943f,0.5322970320181617f,-0.045842026165210416f,-0.40283667747356366f,0.9141231426449766f,0.35367348999878756f,0.07244782620068448f,0.9113347413241263f,0.4052410415227993f,-0.35727953435366844f,0f,0f,0f,1f],start_interpolation:0}
execute if entity @s[tag=aj.heiloang_aj.bone.leg_left_2] run data modify entity @s {} merge value {transformation:[-0.9883395437602829f,-0.09270105618087063f,-0.12079511754481966f,0.4816165097609297f,-0.14000254031456386f,0.24133027091000764f,0.9602910959953608f,0.4551426567994502f,-0.05986848039815821f,0.966005287006988f,-0.2514946332019075f,0.2420946754292551f,0f,0f,0f,1f],start_interpolation:0}
execute if entity @s[tag=aj.heiloang_aj.bone.leg_left_1] run data modify entity @s {} merge value {transformation:[-0.9883291687868017f,-0.14510019286631537f,-0.046383058926160424f,0.5034526954232161f,-0.14005182886628287f,0.7457254995954953f,0.6513669967723714f,0.051502854644090545f,-0.059924447067945426f,0.6502610347262144f,-0.7573438105381161f,0.8253149633089865f,0f,0f,0f,1f],start_interpolation:0}
execute if entity @s[tag=aj.heiloang_aj.bone.leg_left_0] run data modify entity @s {} merge value {transformation:[-0.9883494170770429f,-0.13439248559667974f,-0.07144291132516574f,0.364782105897011f,-0.1399587630899613f,0.618051183672611f,0.7735788770353109f,0.5501138543052525f,-0.05980781218032763f,0.774565293681579f,-0.6296599331592982f,1.3465577811257452f,0f,0f,0f,1f],start_interpolation:0}
execute if entity @s[tag=aj.heiloang_aj.bone.tail_4] run data modify entity @s {} merge value {transformation:[-1.5762674681781903f,0.011594722434701152f,0.010039664459241544f,0.007942046047462268f,0.01515026772111758f,1.3377496482530407f,0.8336970143130648f,0.8681460965229855f,-0.0023878523342917802f,0.8337540432874689f,-1.3377977639205043f,-2.8264419016329274f,0f,0f,0f,1f],start_interpolation:0}
execute if entity @s[tag=aj.heiloang_aj.bone.tail_3] run data modify entity @s {} merge value {transformation:[-0.9999526656327126f,0.008962676121401362f,0.0037864139730703125f,0.0026482594802003726f,0.00961102788620654f,0.9704820697757655f,0.24098170135244115f,0.5207878473505438f,-0.0015148059292069567f,0.2410066859663637f,-0.9705222731511665f,-1.5358038520792823f,0f,0f,0f,1f],start_interpolation:0}
execute if entity @s[tag=aj.heiloang_aj.bone.tail_2] run data modify entity @s {} merge value {transformation:[-0.9999526656327126f,0.009401509642152122f,0.002505615788807402f,0.0008581278987262963f,0.00961102788620654f,0.9945378976121345f,0.10393266260519946f,0.45757877992004636f,-0.0015148059292069567f,0.10395182456159294f,-0.9945811799613506f,-0.7551475883348047f,0f,0f,0f,1f],start_interpolation:0}
execute if entity @s[tag=aj.heiloang_aj.bone.tail_1] run data modify entity @s {} merge value {transformation:[-0.9999618409629166f,0.008707124267055893f,-0.0007089464384107299f,0.00155921179420447f,0.008711535145697363f,0.9878179829859709f,-0.15536969345703638f,0.5956809728775312f,-0.0006525131874288205f,-0.15536994071095672f,-0.9878561412219969f,0.014223781511973899f,0f,0f,0f,1f],start_interpolation:0}
execute if entity @s[tag=aj.heiloang_aj.bone.tail_ring] run data modify entity @s {} merge value {transformation:[-0.9999618409629166f,0.008734179895177182f,0.00017527011488439707f,0.001855290013688139f,0.008711535145697363f,0.9984663849149024f,-0.05467163204415443f,0.6187916842436814f,-0.0006525131874288205f,-0.05466801895555401f,-0.9985043725142195f,-0.13096431420902f,0f,0f,0f,1f],start_interpolation:0}
execute if entity @s[tag=aj.heiloang_aj.bone.tail_0] run data modify entity @s {} merge value {transformation:[-0.9999618409629166f,0.008734179895177182f,0.00017527011488439707f,0.0014130954777497274f,0.008711535145697363f,0.9984663849149024f,-0.05467163204415443f,0.6726008909960274f,-0.0006525131874288205f,-0.05466801895555401f,-0.9985043725142195f,1.2650817359794178f,0f,0f,0f,1f],start_interpolation:0}
execute if entity @s[tag=aj.heiloang_aj.bone.body_1] run data modify entity @s {} merge value {transformation:[-0.9999633490127817f,0.0076298142598315855f,0.003884142827197022f,0.0036356673829084705f,0.008561578776230205f,0.8911364152589307f,0.45365470213403614f,0.5760200411425624f,-1.2202651059432287e-16f,0.45367132963613976f,-0.8911690774853989f,1.6104509918147565f,0f,0f,0f,1f],start_interpolation:0}