execute if entity @s[tag=aj.heiloang_aj.bone.head_lower] run data modify entity @s {} merge value {transformation:[-0.7942186234781171f,-0.013514763571221484f,-0.09504803672953557f,0.16462424144121493f,-0.051516083826762475f,0.7283399831755449f,0.32690512693287743f,-0.836374117249733f,0.08101154996467565f,0.3306633031853714f,-0.7239467581934877f,-1.3964968334209507f,0f,0f,0f,1f],start_interpolation:0}
execute if entity @s[tag=aj.heiloang_aj.bone.horne_right] run data modify entity @s {} merge value {transformation:[-0.5688816352251491f,-0.5547669019980079f,-0.09277591040293545f,-0.21242811978276835f,-0.5527511860707514f,0.526968618764607f,0.23826498092396953f,-0.359898255757939f,-0.10411441495267659f,0.23353320809866643f,-0.7580385407841788f,-1.4316996765919439f,0f,0f,0f,1f],start_interpolation:0}
execute if entity @s[tag=aj.heiloang_aj.bone.horne_left] run data modify entity @s {} merge value {transformation:[-0.6022371479007489f,0.518365747457602f,-0.09277591040293545f,0.46281655389832677f,0.47678790389738623f,0.5965761423007434f,0.23826498092396953f,-0.3160992812884255f,0.22357037457030932f,0.12407198837886316f,-0.7580385407841788f,-1.5005756963719112f,0f,0f,0f,1f],start_interpolation:0}
execute if entity @s[tag=aj.heiloang_aj.bone.head_upper] run data modify entity @s {} merge value {transformation:[-1.1633515842051592f,-0.03615973154187347f,-0.1358958341604598f,0.13365061870394715f,-0.07545947168734601f,1.116093086836153f,0.3490045874329075f,-0.6455787387118521f,0.11866369309950778f,0.3552334552535377f,-1.1103559035771455f,-1.5724717074509273f,0f,0f,0f,1f],start_interpolation:0}
execute if entity @s[tag=aj.heiloang_aj.bone.neck_0] run data modify entity @s {} merge value {transformation:[-0.9828339065007122f,-0.13578289138760702f,-0.12490203616823395f,0.08994062530427502f,-0.1838417250754086f,0.6639779191029331f,0.7248003470370556f,-0.3790274224435826f,-0.015483292732729158f,0.7353205623061007f,-0.6775425730505742f,-1.9108503280840279f,0f,0f,0f,1f],start_interpolation:0}
execute if entity @s[tag=aj.heiloang_aj.bone.neck_1] run data modify entity @s {} merge value {transformation:[-0.9799603931422163f,-0.08283831569063739f,-0.18115032797677003f,0.022901776117531573f,-0.19918715397711317f,0.4141509553892201f,0.8881460824890766f,-0.050248510602019014f,0.0014510558400168475f,0.9064308024354284f,-0.4223518614061203f,-2.0534232475570358f,0f,0f,0f,1f],start_interpolation:0}
execute if entity @s[tag=aj.heiloang_aj.bone.neck_2] run data modify entity @s {} merge value {transformation:[-0.9936485732971356f,-0.05337720660448459f,-0.09906253883112895f,-0.01590507704794015f,-0.11201811006710685f,0.5528956401767788f,0.825686595561841f,0.2695870382534955f,0.010698401822716155f,0.831539106048905f,-0.5553631778483588f,-2.308882017216332f,0f,0f,0f,1f],start_interpolation:0}
execute if entity @s[tag=aj.heiloang_aj.bone.neck_3] run data modify entity @s {} merge value {transformation:[-0.9986246832052126f,-0.05147307434024902f,-0.00996316773180191f,-0.01981453151265558f,-0.042619545469269916f,0.6863241124662235f,0.7260459950935914f,0.6286956444259189f,-0.030533857229011446f,0.7254720775229146f,-0.6875739584199685f,-2.68226975389598f,0f,0f,0f,1f],start_interpolation:0}
execute if entity @s[tag=aj.heiloang_aj.bone.wing_right_2] run data modify entity @s {} merge value {transformation:[-0.7511625707674834f,2.2129930002612572f,-0.26831470215713793f,-3.604392349981339f,2.0540729758316223f,0.7971242278246756f,0.8239861538242895f,2.8704436587205935f,0.8660918014605704f,0.028826247251473796f,-2.186922505539048f,-1.9464292001042016f,0f,0f,0f,1f],start_interpolation:0}
execute if entity @s[tag=aj.heiloang_aj.bone.wing_right_1] run data modify entity @s {} merge value {transformation:[-1.9085038147818727f,2.7201625528249807f,-0.38150707473351714f,-2.3490561755861976f,2.484940507856101f,1.907787003442554f,1.1715964300097292f,1.2256833913258132f,1.1704283977582313f,0.3850755881698643f,-3.1095068628348015f,-2.665421001681712f,0f,0f,0f,1f],start_interpolation:0}
execute if entity @s[tag=aj.heiloang_aj.bone.wing_right_0] run data modify entity @s {} merge value {transformation:[-2.140918301329347f,0.5298579922817985f,-0.2532179595687568f,-0.35976193675863366f,0.4124227247442645f,2.038040135908261f,0.7776245241384503f,0.8483117149980809f,0.4180625828121666f,0.7028818623653167f,-2.0638751814027616f,-3.070816053380918f,0f,0f,0f,1f],start_interpolation:0}
execute if entity @s[tag=aj.heiloang_aj.bone.wing_left_2] run data modify entity @s {} merge value {transformation:[-1.042062583612058f,-2.1083783964482135f,0.0492149931141814f,3.8256344728479705f,-2.0092404084185365f,1.0092029305995982f,0.6914032342767144f,2.849899135888119f,-0.6408077397588773f,0.2642460758093661f,-2.247913578945035f,-2.4012082870520106f,0f,0f,0f,1f],start_interpolation:0}
execute if entity @s[tag=aj.heiloang_aj.bone.wing_left_1] run data modify entity @s {} merge value {transformation:[-2.279286798482128f,-2.44687017991257f,0.06997703780326389f,2.3322796882760333f,-2.3252338505330625f,2.1940959498797765f,0.9830815205039437f,1.3125698044820795f,-0.7650869254537536f,0.6212793721634319f,-3.1962278878584254f,-2.85349632898548f,0f,0f,0f,1f],start_interpolation:0}
execute if entity @s[tag=aj.heiloang_aj.bone.wing_left_0] run data modify entity @s {} merge value {transformation:[-2.1603383166900283f,-0.5090983549509679f,0.04644590861541764f,0.3232648912515276f,-0.47341771740056343f,2.0684577830777453f,0.6525013904018425f,0.8774620989638338f,-0.19290936289390798f,0.6250610087114027f,-2.121434588455781f,-3.049931887386634f,0f,0f,0f,1f],start_interpolation:0}
execute if entity @s[tag=aj.heiloang_aj.bone.kazari_right] run data modify entity @s {} merge value {transformation:[-2.6272158398242444f,0.03592165654511821f,-0.05759126777468246f,-2.5391005445380976f,0.06686680961201166f,0.9866737893549472f,-2.434927894564542f,4.979157622018994f,-0.011659730063410596f,-2.4355809689984147f,-0.9872586199693799f,-5.9844804047964155f,0f,0f,0f,1f],start_interpolation:0}
execute if entity @s[tag=aj.heiloang_aj.bone.kazari_left] run data modify entity @s {} merge value {transformation:[-2.6272158398242444f,0.03592165654511821f,-0.05759126777468246f,2.533290629134367f,0.06686680961201166f,0.9866737893549472f,-2.434927894564542f,4.85005722236919f,-0.011659730063410596f,-2.4355809689984147f,-0.9872586199693799f,-5.961968850563017f,0f,0f,0f,1f],start_interpolation:0}
execute if entity @s[tag=aj.heiloang_aj.bone.ring] run data modify entity @s {} merge value {transformation:[-2.2022009938576192f,-0.04499686004949239f,0.03481883143112096f,-0.05641238285898028f,0.056049507753238616f,-1.4841832316812262f,1.6269557072215952f,3.334639815646364f,-0.009773490531129001f,1.627298897918261f,1.484833007951022f,-2.9776010934422183f,0f,0f,0f,1f],start_interpolation:0}
execute if entity @s[tag=aj.heiloang_aj.bone.body_0] run data modify entity @s {} merge value {transformation:[-1.1270099529461648f,-0.052653367052591445f,0.02699194020411054f,0.00006298654668775812f,-0.048098803025518985f,1.115108008959938f,0.16695211720307415f,0.9020322025722953f,-0.03445935352657572f,0.16557212092952658f,-1.1158184447584214f,-3.7139003077102486f,0f,0f,0f,1f],start_interpolation:0}
execute if entity @s[tag=aj.heiloang_aj.bone.leg_right_3] run data modify entity @s {} merge value {transformation:[-0.9802897066035702f,-0.19697267158095635f,0.015292409141357068f,-0.41000314031767515f,0.19707500576681575f,-0.9803730631850552f,0.005486263132723462f,1.0839192743633401f,0.013911622087142684f,0.008391878896449267f,0.9998680128594434f,-6.2491633586837425f,0f,0f,0f,1f],start_interpolation:0}
execute if entity @s[tag=aj.heiloang_aj.bone.leg_right_2] run data modify entity @s {} merge value {transformation:[-0.9802897066035702f,-0.00341539598598313f,0.1975358858469642f,-0.42139958004533296f,0.19707500576681575f,-0.08730936243713772f,0.9764929683990715f,0.9847505873212139f,0.013911622087142684f,0.9961753913348188f,0.08626155847087974f,-5.6473746555891555f,0f,0f,0f,1f],start_interpolation:0}
execute if entity @s[tag=aj.heiloang_aj.bone.leg_right_1] run data modify entity @s {} merge value {transformation:[-0.9822078743500751f,0.12680841013161098f,0.13851829729173049f,-0.5096222486458197f,0.18779665344199933f,0.661933273871998f,0.7256560878936276f,0.5223997747936989f,0.00032942479062557286f,0.738758396271062f,-0.6739702689424184f,-5.116341417474094f,0f,0f,0f,1f],start_interpolation:0}
execute if entity @s[tag=aj.heiloang_aj.bone.leg_right_0] run data modify entity @s {} merge value {transformation:[-0.9760993833372268f,0.13480448400754427f,0.1704633243256314f,-0.36441726550670867f,0.20835764716766156f,0.35749686871241554f,0.9103752411657372f,0.8374188226170604f,0.06178255996186871f,0.9241340486922218f,-0.3770400182106409f,-4.468873233786095f,0f,0f,0f,1f],start_interpolation:0}
execute if entity @s[tag=aj.heiloang_aj.bone.leg_left_3] run data modify entity @s {} merge value {transformation:[-0.9733267711910433f,0.17042783221591964f,0.15358824984028122f,0.3408574447808794f,-0.17664991512824724f,-0.9838834215459955f,-0.027716787189837555f,1.1145714425960767f,0.1463892208053631f,-0.054108842282255876f,0.9877461360181935f,-6.240837540778993f,0f,0f,0f,1f],start_interpolation:0}
execute if entity @s[tag=aj.heiloang_aj.bone.leg_left_2] run data modify entity @s {} merge value {transformation:[-0.9826301656884359f,0.0667942054374397f,-0.17313720454916137f,0.38964881733608836f,-0.18532110385876255f,-0.30444104874861383f,0.9343295651435914f,0.8853358205789947f,0.009697728790124763f,0.9501863932707224f,0.31153133405724714f,-5.67764629256662f,0f,0f,0f,1f],start_interpolation:0}
execute if entity @s[tag=aj.heiloang_aj.bone.leg_left_1] run data modify entity @s {} merge value {transformation:[-0.9843789716873608f,-0.1157112290743508f,-0.13269872480863248f,0.47459812140471347f,-0.17465204844857576f,0.7369816354923912f,0.6529584450175036f,0.47991662304985244f,0.022241899029768426f,0.6659346667752498f,-0.7456784276848071f,-5.101480775465939f,0f,0f,0f,1f],start_interpolation:0}
execute if entity @s[tag=aj.heiloang_aj.bone.leg_left_0] run data modify entity @s {} merge value {transformation:[-0.9820406368176231f,-0.08687982483126322f,-0.16747562113969375f,0.3643909852674934f,-0.18851044351447138f,0.41539156746478456f,0.8898953075306815f,0.8365657809942094f,-0.007745987659072967f,0.9054842581273503f,-0.42430915375318873f,-4.468873233786095f,0f,0f,0f,1f],start_interpolation:0}
execute if entity @s[tag=aj.heiloang_aj.bone.tail_4] run data modify entity @s {} merge value {transformation:[-1.0507249708652f,-0.703925483641766f,-0.9409146150250322f,-1.1206994405432487f,-0.8040327460425413f,1.3511562694607728f,-0.11297098068004222f,1.8842380149092386f,0.8569496733060162f,0.4046232972336453f,-1.259671230299461f,-8.341538982668753f,0f,0f,0f,1f],start_interpolation:0}
execute if entity @s[tag=aj.heiloang_aj.bone.tail_3] run data modify entity @s {} merge value {transformation:[-0.8058017248943408f,-0.29677471408541206f,-0.5124532654172741f,-0.42815207286320756f,-0.4023501024023229f,0.9093215515002625f,0.10605994094848198f,1.7187747021268063f,0.43450888972971f,0.2916489071755237f,-0.8521402112851952f,-7.2104190120014025f,0f,0f,0f,1f],start_interpolation:0}
execute if entity @s[tag=aj.heiloang_aj.bone.tail_2] run data modify entity @s {} merge value {transformation:[-0.9244074095103444f,-0.23216720042264463f,-0.3026042502845691f,-0.19545463964211174f,-0.2897476012539427f,0.9434099472338648f,0.1613195556272775f,1.6096975898066108f,0.2480267501902985f,0.23680384816997313f,-0.9393650348410523f,-6.470569783414793f,0f,0f,0f,1f],start_interpolation:0}
execute if entity @s[tag=aj.heiloang_aj.bone.tail_1] run data modify entity @s {} merge value {transformation:[-0.974435377699747f,-0.057444634409034516f,-0.21719992786546688f,-0.026686186333587988f,-0.15623307043852064f,0.8679978671109994f,0.4713501144500846f,1.2560036499999359f,0.1614525391206465f,0.49323403843243424f,-0.8547825810948232f,-5.794239377422215f,0f,0f,0f,1f],start_interpolation:0}
execute if entity @s[tag=aj.heiloang_aj.bone.tail_ring] run data modify entity @s {} merge value {transformation:[-0.9997126392197184f,0.011021795317685202f,-0.02128753185129998f,-0.029403523335330677f,0.004753686522665003f,0.9615456837427282f,0.27460389753274306f,1.3252886289859032f,0.02349556232119784f,0.27442379288921737f,-0.9613217673846289f,-5.9238772713721835f,0f,0f,0f,1f],start_interpolation:0}
execute if entity @s[tag=aj.heiloang_aj.bone.tail_0] run data modify entity @s {} merge value {transformation:[-0.9997126392197184f,0.011021795317685202f,-0.02128753185129998f,0.00008397866530302205f,0.004753686522665003f,0.9615456837427282f,0.27460389753274306f,0.9199671178661427f,0.02349556232119784f,0.27442379288921737f,-0.9613217673846289f,-4.587207843142668f,0f,0f,0f,1f],start_interpolation:0}
execute if entity @s[tag=aj.heiloang_aj.bone.body_1] run data modify entity @s {} merge value {transformation:[-0.9999993150112455f,0.0011633190376340694f,0.0001290963071450585f,0.0031701331610907674f,0.0011704601829367579f,0.993898175890773f,0.11029526727812966f,0.9513884189431158f,-1.224917010821189e-16f,0.11029534282919917f,-0.9938988567003131f,-4.22997416506961f,0f,0f,0f,1f],start_interpolation:0}