execute if entity @s[tag=aj.heiloang_aj.bone.head_lower] run data modify entity @s {} merge value {transformation:[-0.7895090177454965f,-0.07854593343364977f,0.10249901091999883f,-0.1546656159691499f,0.08815485622227957f,-0.791840903900782f,0.07222675566590356f,6.867140616987301f,0.09436223939145681f,0.08257432561413722f,0.7901121746476255f,0.6891298362673406f,0f,0f,0f,1f],start_interpolation:0}
execute if entity @s[tag=aj.heiloang_aj.bone.horne_right] run data modify entity @s {} merge value {transformation:[-0.5403751238867263f,-0.5789052018799339f,0.11341733871308438f,-0.4943374900952021f,0.5859631651148767f,-0.5089808907030064f,0.1938701163865393f,6.5193166484329925f,-0.06813145098235682f,0.21402621366441887f,0.7678221703308074f,1.0552971131819724f,0f,0f,0f,1f],start_interpolation:0}
execute if entity @s[tag=aj.heiloang_aj.bone.horne_left] run data modify entity @s {} merge value {transformation:[-0.6237990880952273f,0.487863920546298f,0.11341733871308438f,0.17690307679201897f,-0.4559740098699933f,-0.6280940059380835f,0.1938701163865393f,6.444367389672811f,0.20727373209030217f,0.08652580386131302f,0.7678221703308074f,0.9750703372513558f,0f,0f,0f,1f],start_interpolation:0}
execute if entity @s[tag=aj.heiloang_aj.bone.head_upper] run data modify entity @s {} merge value {transformation:[-1.1564530714681598f,-0.09043746919066101f,0.16613088231345818f,-0.13307701932075092f,0.12912702952298957f,-1.129533486634484f,0.28397609973009313f,6.79759689004602f,0.13821944920462118f,0.29855866950690774f,1.1246867195463084f,0.9401816249576809f,0f,0f,0f,1f],start_interpolation:0}
execute if entity @s[tag=aj.heiloang_aj.bone.neck_0] run data modify entity @s {} merge value {transformation:[-0.9875911844869353f,-0.112954421007322f,0.10910981210960327f,-0.0781487363245601f,0.10383851368536284f,-0.9908766817620843f,-0.08591254050356256f,6.826045805659694f,0.1178185698406962f,-0.07351666692024472f,0.9903100950134917f,1.3687067718935435f,0f,0f,0f,1f],start_interpolation:0}
execute if entity @s[tag=aj.heiloang_aj.bone.neck_1] run data modify entity @s {} merge value {transformation:[-0.9874706652616106f,-0.1296890737360399f,0.08990233256862781f,-0.047010753381702214f,0.10393194205614949f,-0.963196059890888f,-0.24789413391830492f,6.72369666661448f,0.11874273311756539f,-0.23544446131552407f,0.9646066913346669f,1.7172349591238107f,0f,0f,0f,1f],start_interpolation:0}
execute if entity @s[tag=aj.heiloang_aj.bone.neck_2] run data modify entity @s {} merge value {transformation:[-0.9955223227157322f,-0.0598698266678823f,0.07314990655791243f,-0.015027226458879026f,0.020568201399992814f,-0.8925099396350332f,-0.45055849425334216f,6.568971658153407f,0.09226187764100038f,-0.44703647670791635f,0.8897449828050338f,2.0968362748781875f,0f,0f,0f,1f],start_interpolation:0}
execute if entity @s[tag=aj.heiloang_aj.bone.neck_3] run data modify entity @s {} merge value {transformation:[-0.9908773042083322f,-0.12799914914353125f,0.042170912052743495f,0.009895879923862781f,0.06112429747024146f,-0.7057283705789379f,-0.7058408370296855f,6.220789119644577f,0.12010823561936801f,-0.6968239984232242f,0.7071140834107839f,2.479642277195085f,0f,0f,0f,1f],start_interpolation:0}
execute if entity @s[tag=aj.heiloang_aj.bone.wing_right_2] run data modify entity @s {} merge value {transformation:[1.6231575560867009f,-1.6730430116435104f,0.31601049924088026f,-2.737449405597837f,0.6250735300762739f,0.1794304892690411f,-2.2606777275497865f,6.169896482983007f,1.5837356586367697f,1.6438697597536416f,0.5683745093253845f,5.511438506507423f,0f,0f,0f,1f],start_interpolation:0}
execute if entity @s[tag=aj.heiloang_aj.bone.wing_right_1] run data modify entity @s {} merge value {transformation:[-0.7756589126639435f,-3.2223717891185144f,0.44932402205772803f,-2.2364476589638076f,0.690916596036517f,-0.614520125467719f,-3.2143767740600127f,5.766445213576039f,3.1793405419090144f,-0.6526130867430435f,0.8081513784467702f,3.4175715618892095f,0f,0f,0f,1f],start_interpolation:0}
execute if entity @s[tag=aj.heiloang_aj.bone.wing_right_0] run data modify entity @s {} merge value {transformation:[-2.026888014908218f,-0.8550928328355764f,0.2982301498082524f,-0.3487955345794099f,-0.056081223696381986f,-0.6111592183036682f,-2.1334805614842534f,5.801505743832445f,0.9038693884462181f,-1.9554285098452662f,0.536394883937367f,2.581158795849408f,0f,0f,0f,1f],start_interpolation:0}
execute if entity @s[tag=aj.heiloang_aj.bone.wing_left_2] run data modify entity @s {} merge value {transformation:[1.0541497308722445f,2.0598847120208017f,-0.42334303396413725f,3.3808671269576154f,-0.7924413235508957f,-0.04954639753660722f,-2.2143075462864363f,5.829355220089749f,-1.9479171183476691f,1.1348991734930163f,0.6717133111484321f,4.767982785181582f,0f,0f,0f,1f],start_interpolation:0}
execute if entity @s[tag=aj.heiloang_aj.bone.wing_left_1] run data modify entity @s {} merge value {transformation:[-1.5961511422172936f,2.8770111190932894f,-0.601936312837166f,2.344996211989666f,-0.5695808169050625f,-0.9747269415046614f,-3.1484446724404624f,5.504341565314977f,-2.883591163308729f,-1.3999761365889571f,0.9550851233106229f,2.8655128037062743f,0f,0f,0f,1f],start_interpolation:0}
execute if entity @s[tag=aj.heiloang_aj.bone.wing_left_0] run data modify entity @s {} merge value {transformation:[-2.164073470559507f,0.2925181987210688f,-0.3995236131163079f,0.3289323379867025f,0.2925500397230989f,-0.6898458512259513f,-2.0897194012126024f,5.759698710902468f,-0.39950029822084154f,-2.0897238585428752f,0.6339193219630831f,2.4990086662034177f,0f,0f,0f,1f],start_interpolation:0}
execute if entity @s[tag=aj.heiloang_aj.bone.kazari_right] run data modify entity @s {} merge value {transformation:[-2.626522800877949f,-0.09037038609235214f,0.009019885920709477f,-2.7990329317333713f,0.08233533015806721f,-2.2592331831832957f,1.3401330180125732f,1.1321079727941965f,-0.03832829806116452f,1.3396151708148303f,2.260715002880005f,2.869148099581281f,0f,0f,0f,1f],start_interpolation:0}
execute if entity @s[tag=aj.heiloang_aj.bone.kazari_left] run data modify entity @s {} merge value {transformation:[-2.627721511731162f,-0.04322599911538992f,0.009019885920709477f,2.3217595430587847f,0.041782813497805646f,-2.2603468492877306f,1.3401330180125732f,1.0362125234708117f,-0.014284321396338291f,1.3400872443508136f,2.260715002880005f,2.9055629921547776f,0f,0f,0f,1f],start_interpolation:0}
execute if entity @s[tag=aj.heiloang_aj.bone.ring] run data modify entity @s {} merge value {transformation:[-2.2024939940112738f,0.044100892865835295f,0.001266245130651445f,-0.15193110892523543f,0.04124540336822375f,2.080633094884894f,-0.7226278620110983f,4.223935210071084f,-0.01566233792533199f,-0.7224592178816565f,-2.0810414833569677f,1.0911727900878097f,0f,0f,0f,1f],start_interpolation:0}
execute if entity @s[tag=aj.heiloang_aj.bone.body_0] run data modify entity @s {} merge value {transformation:[-1.1182665547650725f,-0.15172744023458826f,0.01053908494073726f,0.003965713069660105f,0.0689825644953021f,-0.5756723579303535f,-0.9682433155195198f,5.250513818223397f,0.13554960061608484f,-0.9587661321367377f,0.5796949073245801f,2.9245020999255287f,0f,0f,0f,1f],start_interpolation:0}
execute if entity @s[tag=aj.heiloang_aj.bone.leg_right_3] run data modify entity @s {} merge value {transformation:[-0.9938389450512021f,-0.030546716613367324f,0.10654130374486998f,-0.4512366224532886f,0.024056632375462326f,0.8789011009845781f,0.4763970330793931f,2.983378742266341f,-0.10819163432662375f,0.4760249497581396f,-0.8727512918750078f,3.011957874002632f,0f,0f,0f,1f],start_interpolation:0}
execute if entity @s[tag=aj.heiloang_aj.bone.leg_right_2] run data modify entity @s {} merge value {transformation:[-0.9938389450512021f,0.046740868356732024f,0.10049598263001691f,-0.42755070586531985f,0.024056632375462326f,0.9760808489428241f,-0.2160727996898445f,3.587209637837469f,-0.10819163432662375f,-0.2123239683886735f,-0.9711915890849858f,2.9286441451847036f,0f,0f,0f,1f],start_interpolation:0}
execute if entity @s[tag=aj.heiloang_aj.bone.leg_right_1] run data modify entity @s {} merge value {transformation:[-0.9937084602755099f,0.08548068315198915f,0.07236400199508572f,-0.472195577552182f,0.025586607397048624f,0.8023020207065792f,-0.5963696782131441f,4.068256046862407f,-0.10903587253186371f,-0.5907660453834572f,-0.7994414663521067f,3.448402743842858f,0f,0f,0f,1f],start_interpolation:0}
execute if entity @s[tag=aj.heiloang_aj.bone.leg_right_0] run data modify entity @s {} merge value {transformation:[-0.9943457526868492f,0.09199726289008839f,0.05303798388282929f,-0.3655207437301888f,0.020786346586250337f,0.6584187550223803f,-0.7523647192887071f,4.497785379978213f,-0.10413669818666028f,-0.747008197180935f,-0.6566081795372869f,2.862176193497051f,0f,0f,0f,1f],start_interpolation:0}
execute if entity @s[tag=aj.heiloang_aj.bone.leg_left_3] run data modify entity @s {} merge value {transformation:[-0.9920907268056538f,0.12450486109440423f,-0.015953975996370634f,0.4565818864616593f,0.11010283455275686f,0.9241931662149613f,0.36571075639774797f,2.892298909883868f,0.060277322515834335f,0.36106167213570045f,-0.9305918081011108f,2.9811509936922302f,0f,0f,0f,1f],start_interpolation:0}
execute if entity @s[tag=aj.heiloang_aj.bone.leg_left_2] run data modify entity @s {} merge value {transformation:[-0.9874361120556584f,-0.06203119857441129f,-0.14533428711707058f,0.42571198905664565f,-0.024049106514997278f,0.9680072976027974f,-0.24976691587069672f,3.492809201845354f,0.15617799167691798f,-0.24313371257633393f,-0.9573371572881801f,2.878445642405526f,0f,0f,0f,1f],start_interpolation:0}
execute if entity @s[tag=aj.heiloang_aj.bone.leg_left_1] run data modify entity @s {} merge value {transformation:[-0.9872584268663446f,-0.1172630163685119f,-0.10756478779576756f,0.49280956801666326f,-0.025552774427086408f,0.7840331649208184f,-0.6201927539268121f,3.989294369331306f,0.1570600340649041f,-0.6095419438368479f,-0.777039744416673f,3.3809873883798907f,0f,0f,0f,1f],start_interpolation:0}
execute if entity @s[tag=aj.heiloang_aj.bone.leg_left_0] run data modify entity @s {} merge value {transformation:[-0.9876820759273208f,-0.11915838431948479f,-0.10141694305325819f,0.3632714501168985f,-0.022919953761390943f,0.7513203187507411f,-0.659539577547747f,4.4928729198906305f,0.15478628043684478f,-0.6490909474631847f,-0.7447967167689933f,2.862176193497051f,0f,0f,0f,1f],start_interpolation:0}
execute if entity @s[tag=aj.heiloang_aj.bone.tail_4] run data modify entity @s {} merge value {transformation:[-1.5753045226188798f,-0.02062577166748099f,0.05333481271457056f,0.0339923457907738f,-0.04033522159711232f,1.4429589624185097f,-0.6333220873793075f,0.6450892115982858f,-0.04053510334129203f,-0.6342699535741011f,-1.4425369648913309f,1.8897009010709485f,0f,0f,0f,1f],start_interpolation:0}
execute if entity @s[tag=aj.heiloang_aj.bone.tail_3] run data modify entity @s {} merge value {transformation:[-0.9996857439199073f,-0.00459929189433827f,0.024642644285306308f,0.0011819288978755001f,-0.02159084000176465f,0.6574684848610015f,-0.7531726409280923f,1.634408947668442f,-0.012737701178771033f,-0.7534680072363057f,-0.6573611739675768f,2.7878113000561684f,0f,0f,0f,1f],start_interpolation:0}
execute if entity @s[tag=aj.heiloang_aj.bone.tail_2] run data modify entity @s {} merge value {transformation:[-0.9999598255275575f,-0.0009539743019321228f,0.008912758491509801f,-0.0058141901114729735f,-0.008757580274058499f,0.3159646122363316f,-0.9487305563763023f,2.3830376467766445f,-0.0019110517104852088f,-0.9487704958246624f,-0.31596027303125307f,3.017874156880923f,0f,0f,0f,1f],start_interpolation:0}
execute if entity @s[tag=aj.heiloang_aj.bone.tail_1] run data modify entity @s {} merge value {transformation:[-0.9999882383097325f,0.00354376836781948f,0.0033113362790316257f,-0.008342101995055168f,-0.003264941974309203f,0.013018469333489574f,-0.9999099257483733f,3.164672745717772f,-0.003586557695337255f,-0.9999089764383398f,-0.013006746016194198f,3.0111515291947817f,0f,0f,0f,1f],start_interpolation:0}
execute if entity @s[tag=aj.heiloang_aj.bone.tail_ring] run data modify entity @s {} merge value {transformation:[-0.9999859152800874f,-0.00099583381768016f,-0.005213209803317146f,-0.009122165128720716f,0.005307379375819989f,-0.19337367841470116f,-0.9811108256565764f,3.017682277103697f,-0.000031074216934095654f,-0.9811246754675857f,0.19337624006846793f,3.0085115634047943f,0f,0f,0f,1f],start_interpolation:0}
execute if entity @s[tag=aj.heiloang_aj.bone.tail_0] run data modify entity @s {} merge value {transformation:[-0.9999859152800874f,-0.00099583381768016f,-0.005213209803317146f,-0.0018173302445642393f,0.005307379375819989f,-0.19337367841470116f,-0.9811108256565764f,4.392565509444247f,-0.000031074216934095654f,-0.9811246754675857f,0.19337624006846793f,2.7605540321011857f,0f,0f,0f,1f],start_interpolation:0}
execute if entity @s[tag=aj.heiloang_aj.bone.body_1] run data modify entity @s {} merge value {transformation:[-0.9999772832681925f,0.0018549650092886394f,-0.006480127497163908f,0.003641335654168479f,0.006740396691974811f,0.27519491141439567f,-0.9613648255392215f,4.749987632470308f,-1.224618979174458e-16f,-0.961386665102256f,-0.27520116308541065f,2.7894045468053723f,0f,0f,0f,1f],start_interpolation:0}