execute if entity @s[tag=aj.heiloang_aj.bone.head_lower] run data modify entity @s {} merge value {transformation:[-0.7886193192572309f,-0.09804816376586763f,0.092011558384821f,-0.13555451388773213f,0.11850649532194862f,-0.24818106344352253f,0.7512405542265082f,4.956544081660184f,-0.0635277880991515f,0.7541834772322872f,0.25917465695751474f,-2.466879441774585f,0f,0f,0f,1f],start_interpolation:0}
execute if entity @s[tag=aj.heiloang_aj.bone.horne_right] run data modify entity @s {} merge value {transformation:[-0.5261885008243758f,-0.5930702638858611f,0.10673951327671898f,-0.4880615427153037f,0.17022169898344253f,-0.010352585773175382f,0.7816120502928542f,5.151166460356804f,-0.5780572936962097f,0.5368058178356157f,0.13300104940356594f,-2.010482800470251f,0f,0f,0f,1f],start_interpolation:0}
execute if entity @s[tag=aj.heiloang_aj.bone.horne_left] run data modify entity @s {} merge value {transformation:[-0.6366738020935927f,0.47249671536756527f,0.10673951327671898f,0.182422602517194f,0.004522607547892923f,-0.17047624132989445f,0.7816120502928542f,5.050412238034084f,0.48438209684984906f,0.6226433209381546f,0.13300104940356594f,-1.9564714750283525f,0f,0f,0f,1f],start_interpolation:0}
execute if entity @s[tag=aj.heiloang_aj.bone.head_upper] run data modify entity @s {} merge value {transformation:[-1.1551498633650106f,-0.11977386982693267f,0.15634937055990605f,-0.11909918426556593f,0.1735853516852073f,-0.17962951795445853f,1.1448857909677157f,5.158754251120848f,-0.09305391581293464f,1.1517593363138543f,0.19481661214010831f,-2.3020472011161948f,0f,0f,0f,1f],start_interpolation:0}
execute if entity @s[tag=aj.heiloang_aj.bone.neck_0] run data modify entity @s {} merge value {transformation:[-0.9849290635991899f,-0.15320357289546951f,0.08027082240568853f,-0.07386155867351987f,0.1509771444815623f,-0.5351234621974661f,0.8311731360252148f,5.549573274047953f,-0.08438389373462503f,0.8307656381061143f,0.5501888884922376f,-2.1212868426910054f,0f,0f,0f,1f],start_interpolation:0}
execute if entity @s[tag=aj.heiloang_aj.bone.neck_1] run data modify entity @s {} merge value {transformation:[-0.9850029120604527f,-0.16684427726265588f,0.04395736999787754f,-0.05992813730258f,0.15028464210574102f,-0.7044980603977667f,0.6936115694269622f,5.79350452824368f,-0.08475723909836627f,0.6898155333424192f,0.7190067735285501f,-1.8506944914789623f,0f,0f,0f,1f],start_interpolation:0}
execute if entity @s[tag=aj.heiloang_aj.bone.neck_2] run data modify entity @s {} merge value {transformation:[-0.995266407105137f,-0.086049441940642f,0.045169374909729415f,-0.03853359084436932f,0.095410811758698f,-0.7767676232258587f,0.6225181415088209f,6.074647675039542f,-0.018481230683531392f,0.6238810407840217f,0.7813007686305368f,-1.5514274910400159f,0f,0f,0f,1f],start_interpolation:0}
execute if entity @s[tag=aj.heiloang_aj.bone.neck_3] run data modify entity @s {} merge value {transformation:[-0.9906442090913519f,-0.1323138664415901f,0.03342292238938745f,-0.01803308283964515f,0.13149985126796987f,-0.8600019940620209f,0.4930561421642054f,6.350630251898223f,-0.03649438464026696f,0.4928383213150378f,0.8693552489823153f,-1.113470845690213f,0f,0f,0f,1f],start_interpolation:0}
execute if entity @s[tag=aj.heiloang_aj.bone.wing_right_2] run data modify entity @s {} merge value {transformation:[-0.16258993441528413f,-2.328227579441019f,0.2941034815809775f,-4.0042692138328135f,2.26171350124782f,-0.0768312084641512f,0.6421253849524013f,8.338697337251658f,-0.6259333493441339f,0.3271533433378862f,2.2438257816601275f,-0.7152438429657249f,0f,0f,0f,1f],start_interpolation:0}
execute if entity @s[tag=aj.heiloang_aj.bone.wing_right_1] run data modify entity @s {} merge value {transformation:[-2.486918946628557f,-2.1971760087184116f,0.4181752174772383f,-2.38240078245273f,2.2153081275552826f,-2.333673516655408f,0.9130151097044803f,6.874404364108037f,-0.3079980938048355f,0.9558264891042769f,3.190415595159849f,-0.562131665866141f,0f,0f,0f,1f],start_interpolation:0}
execute if entity @s[tag=aj.heiloang_aj.bone.wing_right_0] run data modify entity @s {} merge value {transformation:[-2.1643457647622655f,-0.4086199044400355f,0.277555731792841f,-0.36706134080322805f,0.47099518676968843f,-2.083106378814397f,0.6059961621846744f,6.441177129511948f,0.1488991087798356f,0.649690378748358f,2.1175767913269126f,-0.6836520213842265f,0f,0f,0f,1f],start_interpolation:0}
execute if entity @s[tag=aj.heiloang_aj.bone.wing_left_2] run data modify entity @s {} merge value {transformation:[-0.6777115129502335f,2.2267473030766043f,-0.3404108690638175f,4.266258112889261f,-2.178440618867678f,-0.5573956498451341f,0.6908564003627191f,7.355835265193039f,0.5733058360099944f,0.5142786638543336f,2.2227041819869076f,-0.3300866742328162f,0f,0f,0f,1f],start_interpolation:0}
execute if entity @s[tag=aj.heiloang_aj.bone.wing_left_1] run data modify entity @s {} merge value {transformation:[-2.9366131938877853f,1.5261874931697073f,-0.4840180348670337f,2.3509685026810114f,-1.6003899772816794f,-2.7678601032452916f,0.9823039969272772f,6.293086108058141f,0.04768273272921111f,1.0940388281296622f,3.160383548312474f,-0.34695074013171523f,0f,0f,0f,1f],start_interpolation:0}
execute if entity @s[tag=aj.heiloang_aj.bone.wing_left_0] run data modify entity @s {} merge value {transformation:[-2.190978327339719f,-0.15750397902248023f,-0.32125763137975705f,0.3105071022784611f,0.05689879065834715f,-2.1213386492354864f,0.6519853241303649f,6.351235504989823f,-0.3532371678479818f,0.6352281730621255f,2.0976435997087033f,-0.6586910483577848f,0f,0f,0f,1f],start_interpolation:0}
execute if entity @s[tag=aj.heiloang_aj.bone.kazari_right] run data modify entity @s {} merge value {transformation:[-2.6279990036840517f,0.009835035985199466f,0.019866989179320102f,-2.6525232155171174f,0.022165725468685272f,1.1312445915939144f,2.3720591356794225f,6.570868128291241f,0.0003252788469459864f,2.372142309098029f,-1.1312872969042762f,4.016235760996576f,0f,0f,0f,1f],start_interpolation:0}
execute if entity @s[tag=aj.heiloang_aj.bone.kazari_left] run data modify entity @s {} merge value {transformation:[-2.6279990036840517f,0.009835035985199466f,0.019866989179320102f,2.4213800202363567f,0.022165725468685272f,1.1312445915939144f,2.3720591356794225f,6.528072546549876f,0.0003252788469459864f,2.372142309098029f,-1.1312872969042762f,4.015607741963187f,0f,0f,0f,1f],start_interpolation:0}
execute if entity @s[tag=aj.heiloang_aj.bone.ring] run data modify entity @s {} merge value {transformation:[-2.202857462277259f,-0.004358799068602416f,-0.018063431127654125f,-0.12821648540291639f,0.018579890512528032f,-0.4852515707126853f,-2.1487466082750286f,5.098377019124152f,0.0002726572324842685f,-2.1488225147218594f,0.4852710702962647f,0.7380685223224375f,0f,0f,0f,1f],start_interpolation:0}
execute if entity @s[tag=aj.heiloang_aj.bone.body_0] run data modify entity @s {} merge value {transformation:[-1.1180034924542384f,-0.14971293834529512f,0.03614696238714074f,0.0003194305343957016f,0.14840574610500357f,-0.9763653666530092f,0.5462039740437865f,6.762170278298965f,-0.04118617875958769f,0.5458471240468582f,0.9869179255574551f,-0.12875384003347518f,0f,0f,0f,1f],start_interpolation:0}
execute if entity @s[tag=aj.heiloang_aj.bone.leg_right_3] run data modify entity @s {} merge value {transformation:[-0.9839703302724516f,-0.08736008776879065f,0.15546898149969188f,-0.4391297287390375f,-0.17441072441778066f,0.6532400037075846f,-0.7367892485400281f,6.557450358307367f,-0.03719258463171496f,-0.7520942179149788f,-0.658005318388285f,2.2093774437338336f,0f,0f,0f,1f],start_interpolation:0}
execute if entity @s[tag=aj.heiloang_aj.bone.leg_right_2] run data modify entity @s {} merge value {transformation:[-0.9839703302724516f,0.05005062786119473f,0.17116461022718027f,-0.41676483731391195f,-0.17441072441778066f,-0.0699124566663456f,-0.9821879390477878f,6.561267866039458f,-0.03719258463171496f,-0.9962967344388799f,0.07752114933897847f,1.5997880829616429f,0f,0f,0f,1f],start_interpolation:0}
execute if entity @s[tag=aj.heiloang_aj.bone.leg_right_1] run data modify entity @s {} merge value {transformation:[-0.9841595695654201f,0.11301271214164053f,0.13659454062003246f,-0.5046657254361964f,-0.17372756191865785f,-0.4612045899688206f,-0.8701201413721502f,7.140625872165277f,-0.0353366079668929f,-0.8800673003163351f,0.473532333691493f,1.1995812018513337f,0f,0f,0f,1f],start_interpolation:0}
execute if entity @s[tag=aj.heiloang_aj.bone.leg_right_0] run data modify entity @s {} merge value {transformation:[-0.9832135171681248f,0.13176696534641028f,0.1262087417783875f,-0.3644064600734808f,-0.1775381086699752f,-0.5313445606196441f,-0.8283436351356877f,6.703021944251747f,-0.042087998619248224f,-0.8368455202385413f,0.545818812087776f,0.6265483256018429f,0f,0f,0f,1f],start_interpolation:0}
execute if entity @s[tag=aj.heiloang_aj.bone.leg_left_3] run data modify entity @s {} merge value {transformation:[-0.9877178494159997f,0.1542772298577246f,-0.02473835670490772f,0.42881320387652283f,0.11220199071168652f,0.5901493776733691f,-0.7994588327813195f,6.560328428138667f,-0.10873896829272871f,-0.7924154518806165f,-0.6002112864612519f,2.1995817050455515f,0f,0f,0f,1f],start_interpolation:0}
execute if entity @s[tag=aj.heiloang_aj.bone.leg_left_2] run data modify entity @s {} merge value {transformation:[-0.9838475042813594f,-0.04179108458212028f,-0.17406203942500037f,0.4116083310843468f,0.17610240165663998f,-0.05145558484421936f,-0.9830260764186791f,6.575410658150168f,0.032125261868251896f,-0.9978004951080097f,0.057983959093070025f,1.5899994963234827f,0f,0f,0f,1f],start_interpolation:0}
execute if entity @s[tag=aj.heiloang_aj.bone.leg_left_1] run data modify entity @s {} merge value {transformation:[-0.984029761772888f,-0.10991724393934132f,-0.14001295450768975f,0.5021537348617786f,0.17541111241179702f,-0.4650204772261176f,-0.8677481762601692f,7.152808469302853f,0.030271597044903006f,-0.8784498592664086f,0.4768746954569698f,1.187555574001773f,0f,0f,0f,1f],start_interpolation:0}
execute if entity @s[tag=aj.heiloang_aj.bone.leg_left_0] run data modify entity @s {} merge value {transformation:[-0.9835280582562728f,-0.12822265330974114f,-0.12740294266952965f,0.364391869111339f,0.1776168742935892f,-0.5547931917753741f,-0.812807947996246f,6.699124579247343f,0.0335381065181214f,-0.8220483352807806f,0.5684291775351404f,0.626548325601843f,0f,0f,0f,1f],start_interpolation:0}
execute if entity @s[tag=aj.heiloang_aj.bone.tail_4] run data modify entity @s {} merge value {transformation:[-1.5755934998705148f,-0.01413715636100388f,0.046471794278682324f,-0.001158170634732612f,-0.04846505415615651f,0.35632441441035567f,-1.534776340027572f,4.11090325622201f,0.0032596593528249514f,-1.5354762831749682f,-0.35658985139199034f,3.321133140464582f,0f,0f,0f,1f],start_interpolation:0}
execute if entity @s[tag=aj.heiloang_aj.bone.tail_3] run data modify entity @s {} merge value {transformation:[-0.99990128743751f,-0.010967060100932704f,0.008782879570637461f,-0.012608667993932522f,-0.007023670691194025f,-0.15123967878822775f,-0.9884721683537956f,5.435765739852927f,0.01216895356353425f,-0.9884362817869323f,0.15114772051338526f,3.1449496055427737f,0f,0f,0f,1f],start_interpolation:0}
execute if entity @s[tag=aj.heiloang_aj.bone.tail_2] run data modify entity @s {} merge value {transformation:[-0.9998668869508995f,-0.013449148617092772f,-0.009237357879402603f,-0.00562153271959457f,0.015831118411663188f,-0.6627166170043906f,-0.7487029192116798f,6.009892293003002f,0.0039476662666325405f,-0.7487494947896329f,0.6628413158391051f,2.612265201970948f,0f,0f,0f,1f],start_interpolation:0}
execute if entity @s[tag=aj.heiloang_aj.bone.tail_1] run data modify entity @s {} merge value {transformation:[-0.9999851021687401f,-0.0036979850984599537f,-0.004015015166302736f,-0.002546310428803613f,0.005363567169873842f,-0.8022743274676145f,-0.5969314329415066f,6.462836216409422f,-0.0010137000484977616f,-0.5969440747612776f,0.8022822097115289f,1.975211548645528f,0f,0f,0f,1f],start_interpolation:0}
execute if entity @s[tag=aj.heiloang_aj.bone.tail_ring] run data modify entity @s {} merge value {transformation:[-0.9999851021687401f,-0.005210056621233986f,-0.0016281125813679951f,-0.002941872323698126f,0.005363567169873842f,-0.9932556648617832f,-0.11582062151098466f,6.415386099997944f,-0.0010137000484977616f,-0.11582762852609921f,0.9932688119951373f,2.1143593325465826f,0f,0f,0f,1f],start_interpolation:0}
execute if entity @s[tag=aj.heiloang_aj.bone.tail_0] run data modify entity @s {} merge value {transformation:[-0.9999851021687401f,-0.005210056621233986f,-0.0016281125813679951f,-0.0005498341168576151f,0.005363567169873842f,-0.9932556648617832f,-0.11582062151098466f,6.599619779503771f,-0.0010137000484977616f,-0.11582762852609921f,0.9932688119951373f,0.729479399121658f,0f,0f,0f,1f],start_interpolation:0}
execute if entity @s[tag=aj.heiloang_aj.bone.body_1] run data modify entity @s {} merge value {transformation:[-0.9999857015778416f,-0.005143480698333511f,-0.001463299756620156f,0.002650669555183001f,0.00534758261945096f,-0.9618191098098887f,-0.2736337029034271f,6.627872341575166f,-1.222460884285453e-16f,-0.27363761548957166f,0.9618328625022026f,0.37198216448452964f,0f,0f,0f,1f],start_interpolation:0}