execute if entity @s[tag=aj.heiloang_aj.bone.head_lower] run data modify entity @s {} merge value {transformation:[-0.791546357275457f,-0.07809016934966682f,0.08576881563187835f,-0.09901779052842016f,-0.0056031662499286304f,-0.565112401654936f,-0.5662301458097807f,5.914225458896347f,0.11585753670750322f,-0.5608474827854097f,0.5585938884747478f,3.6212529739850483f,0f,0f,0f,1f],start_interpolation:0}
execute if entity @s[tag=aj.heiloang_aj.bone.horne_right] run data modify entity @s {} merge value {transformation:[-0.5395244186919089f,-0.5828492276523171f,0.09591756596294268f,-0.4463258897837089f,0.4277518137825358f,-0.47510292587576675f,-0.480942403651452f,5.416782454531169f,0.4073595309317172f,-0.27306407242510544f,0.632055555239971f,3.572626731522016f,0f,0f,0f,1f],start_interpolation:0}
execute if entity @s[tag=aj.heiloang_aj.bone.horne_left] run data modify entity @s {} merge value {transformation:[-0.627653961815699f,0.4866727080459739f,0.09591756596294268f,0.22664682317188456f,-0.43601398876343933f,-0.467532037375578f,-0.480942403651452f,5.421546266476858f,-0.23652125870553883f,-0.42960850698122754f,0.632055555239971f,3.4741246538132966f,0f,0f,0f,1f],start_interpolation:0}
execute if entity @s[tag=aj.heiloang_aj.bone.head_upper] run data modify entity @s {} merge value {transformation:[-1.1594373154781576f,-0.09553864907600049f,0.1404976526833694f,-0.08296293327683692f,-0.00820737784373921f,-0.9363831351919621f,-0.7044724093085557f,5.6743096645731f,0.16970522333073304f,-0.6980122513687023f,0.9258191759266287f,3.7237812689071172f,0f,0f,0f,1f],start_interpolation:0}
execute if entity @s[tag=aj.heiloang_aj.bone.neck_0] run data modify entity @s {} merge value {transformation:[-0.9898939415140423f,-0.1082463209110513f,0.09161178179151098f,-0.035830839969081305f,-0.009775462107294504f,-0.5923957685954749f,-0.8055877939062661f,5.368626288625969f,0.14147234674798673f,-0.7983420240469608f,0.5853508245028952f,4.026760637971911f,0f,0f,0f,1f],start_interpolation:0}
execute if entity @s[tag=aj.heiloang_aj.bone.neck_1] run data modify entity @s {} merge value {transformation:[-0.9898199550436153f,-0.117556264357312f,0.08023080024410212f,-0.0080653346871404f,-0.010183258940616873f,-0.5037740885754681f,-0.8637754157865944f,5.047608219476292f,0.14196040939220905f,-0.855799154235566f,0.4974485398258661f,4.197328200934257f,0f,0f,0f,1f],start_interpolation:0}
execute if entity @s[tag=aj.heiloang_aj.bone.neck_2] run data modify entity @s {} merge value {transformation:[-0.9970934793820604f,-0.050582045374809134f,0.05697411745237712f,0.01697804634573895f,-0.04428710853945735f,-0.22368957133457407f,-0.973653751440094f,4.656101679003771f,0.06199391414478392f,-0.9733470256603527f,0.2207992804498102f,4.320435434652819f,0f,0f,0f,1f],start_interpolation:0}
execute if entity @s[tag=aj.heiloang_aj.bone.neck_3] run data modify entity @s {} merge value {transformation:[-0.9929167086447357f,-0.11581643241166062f,0.026513462194517633f,0.03350340271279071f,-0.043444694392336655f,0.14621188069285473f,-0.9882988639442092f,4.1411163134568145f,0.11058466540737619f,-0.9824503244071395f,-0.1502078288540415f,4.266494145889277f,0f,0f,0f,1f],start_interpolation:0}
execute if entity @s[tag=aj.heiloang_aj.bone.wing_right_2] run data modify entity @s {} merge value {transformation:[1.5398595197927707f,-1.759421402760187f,0.25854398684548785f,-2.478834745294289f,-1.1865619386782187f,-1.2712753582103586f,-1.5841419556366527f,1.3834276352225832f,1.3245676393845545f,0.9065711761563493f,-1.7196584770176693f,5.861994349219563f,0f,0f,0f,1f],start_interpolation:0}
execute if entity @s[tag=aj.heiloang_aj.bone.wing_right_1] run data modify entity @s {} merge value {transformation:[-0.4966816170869938f,-3.287154660879786f,0.36761444422675293f,-2.1592413124744647f,-2.469626115258107f,0.12125694677131858f,-2.2524347663350537f,3.034605419617861f,2.2003347461200073f,-0.6059123378971526f,-2.445120859323933f,4.458596180238574f,0f,0f,0f,1f],start_interpolation:0}
execute if entity @s[tag=aj.heiloang_aj.bone.wing_right_0] run data modify entity @s {} merge value {transformation:[-1.960886990006771f,-1.0118239368964812f,0.24399699413207987f,-0.3334132012429857f,-0.8956357833126317f,1.3752022761418254f,-1.495010114796656f,3.8556755893802297f,0.5302440533114473f,-1.418954199548966f,-1.6229017910860162f,3.952393075514369f,0f,0f,0f,1f],start_interpolation:0}
execute if entity @s[tag=aj.heiloang_aj.bone.wing_left_2] run data modify entity @s {} merge value {transformation:[0.8018418510135465f,2.1694525728260916f,-0.42907014175123676f,2.997954817847875f,1.4328218453109955f,-0.8572967168207819f,-1.656997255655213f,1.6366592115052956f,-1.6845317485532205f,0.3034697347472482f,-1.6136402680057513f,5.432430765252286f,0f,0f,0f,1f],start_interpolation:0}
execute if entity @s[tag=aj.heiloang_aj.bone.wing_left_1] run data modify entity @s {} merge value {transformation:[-1.1024569564127642f,3.09832381413056f,-0.6100794824845015f,2.28543827432408f,2.3450154174914717f,0.3704958062904873f,-2.356025110678673f,3.207828174288674f,-2.114878276375357f,-1.2043011140128599f,-2.294377361247052f,4.082689040227695f,0f,0f,0f,1f],start_interpolation:0}
execute if entity @s[tag=aj.heiloang_aj.bone.wing_left_0] run data modify entity @s {} merge value {transformation:[-2.0819572059821567f,0.6556577724850877f,-0.404928484844993f,0.3457095576769825f,0.7419395914134309f,1.390165778740592f,-1.5637662070500922f,3.8853903483920202f,-0.2082782637536623f,-1.6018589179445406f,-1.5228487028754056f,3.876756758377349f,0f,0f,0f,1f],start_interpolation:0}
execute if entity @s[tag=aj.heiloang_aj.bone.kazari_right] run data modify entity @s {} merge value {transformation:[-2.621893225373378f,-0.17775079352076803f,-0.030834375300495088f,-2.911302735603785f,0.17079389808387496f,-2.30102136416434f,-1.2581734040238026f,1.5181669054634765f,0.0580994636356431f,-1.2572094199528827f,2.3071452306396396f,-0.1515950586785812f,0f,0f,0f,1f],start_interpolation:0}
execute if entity @s[tag=aj.heiloang_aj.bone.kazari_left] run data modify entity @s {} merge value {transformation:[-2.626149623617713f,-0.09621634075675758f,-0.030834375300495088f,2.239800603238999f,0.09923063247525031f,-2.3052165094719337f,-1.2581734040238026f,1.2844759892516868f,0.01901642730257363f,-1.258407505057745f,2.3071452306396396f,-0.21019242835549395f,0f,0f,0f,1f],start_interpolation:0}
execute if entity @s[tag=aj.heiloang_aj.bone.ring] run data modify entity @s {} merge value {transformation:[-2.2005302243774127f,0.09268335430549367f,0.04475280125536378f,-0.1539598335795947f,0.09983180116165556f,1.6891362165072472f,1.4105951720264849f,4.557262440397324f,0.025032556048862176f,1.4110828904434676f,-1.6914918661404783f,1.594969784123136f,0f,0f,0f,1f],start_interpolation:0}
execute if entity @s[tag=aj.heiloang_aj.bone.body_0] run data modify entity @s {} merge value {transformation:[-1.1205681492845794f,-0.13281932831921844f,-0.018396324943801494f,0.0023464486172666554f,-0.04903003481319544f,0.5499821876452532f,-0.9842601408656311f,3.273280455783162f,0.12480166037686807f,-0.9764891168033809f,-0.5518567986981803f,3.6458011802017607f,0f,0f,0f,1f],start_interpolation:0}
execute if entity @s[tag=aj.heiloang_aj.bone.leg_right_3] run data modify entity @s {} merge value {transformation:[-0.9988571571162433f,-0.012262228796924707f,0.04619542642500683f,-0.42863209556458187f,0.04287056223206426f,0.19744564293547545f,0.9793759916292126f,1.7051130185922236f,-0.021130418158736355f,0.9802371426500468f,-0.19669430494477552f,2.0633868751694746f,0f,0f,0f,1f],start_interpolation:0}
execute if entity @s[tag=aj.heiloang_aj.bone.leg_right_2] run data modify entity @s {} merge value {transformation:[-0.9988571571162433f,0.022475160709007902f,0.042181119339825685f,-0.41695305375340397f,0.04287056223206426f,0.8114790763063306f,0.5828068493171055f,2.171146543307509f,-0.021130418158736355f,0.5839491209584348f,-0.8115152059945075f,2.4568208649621854f,0f,0f,0f,1f],start_interpolation:0}
execute if entity @s[tag=aj.heiloang_aj.bone.leg_right_1] run data modify entity @s {} merge value {transformation:[-0.9988135310864779f,0.04082137265436214f,0.026554578761021155f,-0.43262616547272525f,0.04402548237221167f,0.9899922426337746f,0.134078769485865f,2.150857901428784f,-0.02081554756559772f,0.13508876733305147f,-0.9906148282354655f,3.165968619427052f,0f,0f,0f,1f],start_interpolation:0}
execute if entity @s[tag=aj.heiloang_aj.bone.leg_right_0] run data modify entity @s {} merge value {transformation:[-0.9990163291630925f,0.041579553118499674f,0.015411516082645075f,-0.3651515333300823f,0.03933321342479f,0.9913765186204204f,-0.12500198658315484f,2.8652511812419332f,-0.020476141901727567f,-0.1242728413231193f,-0.9920367878875759f,3.009042036964966f,0f,0f,0f,1f],start_interpolation:0}
execute if entity @s[tag=aj.heiloang_aj.bone.leg_left_3] run data modify entity @s {} merge value {transformation:[-0.9941220831119674f,0.1080446413365353f,0.006902126308746648f,0.4798813423953178f,0.042817932381622945f,0.3338134376978595f,0.941666190047673f,1.6220626228650716f,0.09943796325189498f,0.93642668922388f,-0.33647755820190733f,1.8908850985297085f,0f,0f,0f,1f],start_interpolation:0}
execute if entity @s[tag=aj.heiloang_aj.bone.leg_left_2] run data modify entity @s {} merge value {transformation:[-0.9902440069717338f,-0.06814926683547808f,-0.12154210828495463f,0.4441680759518878f,-0.12320342319786633f,0.835690092812686f,0.5352036857935973f,2.1050667077695198f,0.06509779695882406f,0.5449566461696849f,-0.8359333290559701f,2.2617564604140523f,0f,0f,0f,1f],start_interpolation:0}
execute if entity @s[tag=aj.heiloang_aj.bone.leg_left_1] run data modify entity @s {} merge value {transformation:[-0.9901136919639054f,-0.11988040345734144f,-0.07282558515047989f,0.4865561809810882f,-0.12437032181361565f,0.990383646935062f,0.0605991331256818f,2.1366567935454936f,0.06486062008324031f,0.0690573728903111f,-0.9955019734846868f,2.969395583212893f,0f,0f,0f,1f],start_interpolation:0}
execute if entity @s[tag=aj.heiloang_aj.bone.leg_left_0] run data modify entity @s {} merge value {transformation:[-0.9903843775090247f,-0.11180556354684859f,-0.08147576784561934f,0.363636410757127f,-0.12201457023416633f,0.9835039677779427f,0.13353797218624774f,2.8597442193116844f,0.06520145271873434f,0.14219515225567642f,-0.9876888726913713f,3.009042036964966f,0f,0f,0f,1f],start_interpolation:0}
execute if entity @s[tag=aj.heiloang_aj.bone.tail_4] run data modify entity @s {} merge value {transformation:[-1.5762979638380454f,0.008402179409616076f,0.008276247270019554f,-0.00922243458599092f,0.008679006253312561f,1.5754056006726713f,0.05363051283839236f,0.22930379595659345f,-0.007985470440797079f,0.053674579067027446f,-1.5754077680116632f,-0.14120620557475827f,0f,0f,0f,1f],start_interpolation:0}
execute if entity @s[tag=aj.heiloang_aj.bone.tail_3] run data modify entity @s {} merge value {transformation:[-0.999978216786232f,0.006403015353326544f,0.0016022944212634443f,-0.01153073136773551f,0.005314514263746562f,0.9250358006786555f,-0.3798427614170621f,0.7127518404957289f,-0.003914318736099773f,-0.37982597180443567f,-0.9250496793424925f,1.1048696397882973f,0f,0f,0f,1f],start_interpolation:0}
execute if entity @s[tag=aj.heiloang_aj.bone.tail_2] run data modify entity @s {} merge value {transformation:[-0.9999806291666158f,0.006044677252541327f,-0.0014843073980653429f,-0.010258082421646416f,0.005713583547228969f,0.7968566625358469f,-0.6041413860474054f,1.2003531169953772f,-0.0024690594541599245f,-0.6041381640396046f,-0.7968757635267041f,1.717785758372703f,0f,0f,0f,1f],start_interpolation:0}
execute if entity @s[tag=aj.heiloang_aj.bone.tail_1] run data modify entity @s {} merge value {transformation:[-0.9999764865812536f,0.005914786502836615f,-0.003470098736051295f,-0.007446356791541877f,0.006228082825151625f,0.5715422314091511f,-0.8205490166346988f,1.8512530119639918f,-0.002870064273693942f,-0.8205513347844084f,-0.5715656302775655f,2.150597995823345f,0f,0f,0f,1f],start_interpolation:0}
execute if entity @s[tag=aj.heiloang_aj.bone.tail_ring] run data modify entity @s {} merge value {transformation:[-0.999974685339124f,0.0046163417493227f,-0.00541461630896148f,-0.008081301925406716f,0.007085238396519458f,0.5760449788103359f,-0.817387289957621f,1.7516543630102095f,-0.0006542765350352905f,-0.8174049619229462f,-0.5760631043088618f,2.042461592366839f,0f,0f,0f,1f],start_interpolation:0}
execute if entity @s[tag=aj.heiloang_aj.bone.tail_0] run data modify entity @s {} merge value {transformation:[-0.999974685339124f,0.0046163417493227f,-0.00541461630896148f,-0.0006219364156715575f,0.007085238396519458f,0.5760449788103359f,-0.817387289957621f,2.8804462119995673f,-0.0006542765350352905f,-0.8174049619229462f,-0.5760631043088618f,2.8656344296467395f,0f,0f,0f,1f],start_interpolation:0}
execute if entity @s[tag=aj.heiloang_aj.bone.body_1] run data modify entity @s {} merge value {transformation:[-0.9999714521638349f,0.007026891190064072f,-0.002778067233583417f,0.0039004270484532494f,0.00755611390539541f,0.929934444544067f,-0.36764770364190513f,3.0753690756400824f,-1.224611838131171e-16f,-0.367658199487949f,-0.929960992918133f,3.1666283643355078f,0f,0f,0f,1f],start_interpolation:0}