execute if entity @s[tag=aj.heiloang_aj.bone.head_lower] run data modify entity @s {} merge value {transformation:[-0.7979532784990516f,-0.056090694188784734f,-0.011153446016132466f,0.06048731991056004f,-0.055927785286980836f,0.7327885134207198f,0.3160586613771954f,0.07430504113546935f,-0.011943540744181308f,0.31602979072244386f,-0.7348350312896224f,-2.5451903349132543f,0f,0f,0f,1f],start_interpolation:0}
execute if entity @s[tag=aj.heiloang_aj.bone.horne_right] run data modify entity @s {} merge value {transformation:[-0.5497459833002706f,-0.5811777902984867f,-0.0034248954708926693f,-0.3121122352921421f,-0.5607302386176075f,0.5291460824625898f,0.21350883568212103f,0.5461057565294005f,-0.15284290413708904f,0.14912008408749702f,-0.7709748680577586f,-2.640114653571715f,0f,0f,0f,1f],start_interpolation:0}
execute if entity @s[tag=aj.heiloang_aj.bone.horne_left] run data modify entity @s {} merge value {transformation:[-0.6268797528411058f,0.4970010518790553f,-0.0034248954708926693f,0.3663076420877515f,0.47826166143746013f,0.6047146106096206f,0.21350883568212103f,0.5936555595803916f,0.13523150031318262f,0.16525796242955212f,-0.7709748680577586f,-2.6299602552310124f,0f,0f,0f,1f],start_interpolation:0}
execute if entity @s[tag=aj.heiloang_aj.bone.head_upper] run data modify entity @s {} merge value {transformation:[-1.1688220135134484f,-0.08361845391300621f,-0.00501670126337681f,0.04964415421788844f,-0.08192162169373736f,1.126340600594493f,0.31274240478627885f,0.25919831536451904f,-0.01749459989355818f,0.31229300026999507f,-1.1293047123593034f,-2.729652528788782f,0f,0f,0f,1f],start_interpolation:0}
execute if entity @s[tag=aj.heiloang_aj.bone.neck_0] run data modify entity @s {} merge value {transformation:[-0.9830207041647693f,-0.17665724981536743f,-0.0496236966687444f,0.0408410772935888f,-0.152446403208511f,0.6357373627923408f,0.7567021208498276f,0.5412368269460264f,-0.10212927754659183f,0.7514188057518325f,-0.6518737523710406f,-3.0580380376810883f,0f,0f,0f,1f],start_interpolation:0}
execute if entity @s[tag=aj.heiloang_aj.bone.neck_1] run data modify entity @s {} merge value {transformation:[-0.9825679562417986f,-0.15767713535326974f,-0.0984790960234779f,0.002990265534978727f,-0.16274487598600096f,0.47351456992233365f,0.8656200421729894f,0.8625492209928152f,-0.08985720175431626f,0.8665574839894085f,-0.4909213890581975f,-3.2260930257659344f,0f,0f,0f,1f],start_interpolation:0}
execute if entity @s[tag=aj.heiloang_aj.bone.neck_2] run data modify entity @s {} merge value {transformation:[-0.994804156608039f,-0.07275540417804251f,-0.07121334957897882f,-0.023754475843420345f,-0.09068935573080791f,0.31543809714863214f,0.944602693000809f,1.2390754956888612f,-0.046261547234167893f,0.9461529781331027f,-0.32039727092683085f,-3.389104118739009f,0f,0f,0f,1f],start_interpolation:0}
execute if entity @s[tag=aj.heiloang_aj.bone.neck_3] run data modify entity @s {} merge value {transformation:[-0.9976200450656812f,-0.0689423513633832f,-0.0010944732230317653f,-0.02265134052013575f,-0.026141041324177775f,0.3634865532382183f,0.931232608736124f,1.7121860894649505f,-0.06380353941307451f,0.9290449277637156f,-0.3644236964782566f,-3.600191365898465f,0f,0f,0f,1f],start_interpolation:0}
execute if entity @s[tag=aj.heiloang_aj.bone.wing_right_2] run data modify entity @s {} merge value {transformation:[-0.3110602246105904f,2.3285817450831274f,-0.12051804616668062f,-2.9913653807032774f,1.3316227849662923f,0.27721541727092297f,1.919246825529986f,3.708763909711016f,1.9140528471139007f,0.18556582447728148f,-1.3548221394567785f,-1.3574227641883787f,0f,0f,0f,1f],start_interpolation:0}
execute if entity @s[tag=aj.heiloang_aj.bone.wing_right_1] run data modify entity @s {} merge value {transformation:[-1.1418181130598157f,3.139125008334665f,-0.17136029772502773f,-2.241189372139033f,1.7648607612257097f,0.7909135609193394f,2.7289083908295075f,2.5117595213112756f,2.6016795850131746f,0.8411710254768521f,-1.9263731247408669f,-3.0314809797255897f,0f,0f,0f,1f],start_interpolation:0}
execute if entity @s[tag=aj.heiloang_aj.bone.wing_right_0] run data modify entity @s {} merge value {transformation:[-2.019595263471003f,0.9147124388886606f,-0.11373709117015769f,-0.3636227752863524f,0.44356708547032075f,1.2045681403987036f,1.8112602893631196f,2.113705334572961f,0.8080118888066283f,1.6250282303020973f,-1.2785929916390035f,-3.7932832096201246f,0f,0f,0f,1f],start_interpolation:0}
execute if entity @s[tag=aj.heiloang_aj.bone.wing_left_2] run data modify entity @s {} merge value {transformation:[-0.3940494510724048f,-2.3177756433054206f,-0.07884861273787215f,3.0372281836983084f,-1.4042320138337705f,0.17480968539238564f,1.8791354478957534f,3.978651020873749f,-1.8456525912952566f,0.3618475473375019f,-1.4128725600888228f,-1.4998352147744105f,0f,0f,0f,1f],start_interpolation:0}
execute if entity @s[tag=aj.heiloang_aj.bone.wing_left_1] run data modify entity @s {} merge value {transformation:[-1.3127816401916228f,-3.074289191466045f,-0.11211202125929161f,2.179432087092605f,-1.8837482071892597f,0.7069603955960628f,2.6718754581510535f,2.7046765916579085f,-2.4321422306244838f,1.111832603944366f,-2.0089129408013795f,-3.06163848952877f,0f,0f,0f,1f],start_interpolation:0}
execute if entity @s[tag=aj.heiloang_aj.bone.wing_left_0] run data modify entity @s {} merge value {transformation:[-1.9998563961546947f,-0.9609564093172387f,-0.07441219087807606f,0.31871691288710885f,-0.6314276338683548f,1.1767459708618664f,1.773405780764169f,2.1315849572548555f,-0.7281988313273832f,1.6187129762414587f,-1.333377201920353f,-3.7496436622766125f,0f,0f,0f,1f],start_interpolation:0}
execute if entity @s[tag=aj.heiloang_aj.bone.kazari_right] run data modify entity @s {} merge value {transformation:[-2.6272657971687123f,0.04123093383673998f,-0.051425963079492536f,-2.5665880551409224f,0.06001167158411012f,2.3443401410126135f,-1.1863128133282919f,7.429190651508179f,0.027262040594640814f,-1.187113938039713f,-2.3445441919082497f,-3.5199999503590984f,0f,0f,0f,1f],start_interpolation:0}
execute if entity @s[tag=aj.heiloang_aj.bone.kazari_left] run data modify entity @s {} merge value {transformation:[-2.6272657971687123f,0.04123093383673998f,-0.051425963079492536f,2.50589957166238f,0.06001167158411012f,2.3443401410126135f,-1.1863128133282919f,7.313325533520411f,0.027262040594640814f,-1.187113938039713f,-2.3445441919082497f,-3.572635037279786f,0f,0f,0f,1f],start_interpolation:0}
execute if entity @s[tag=aj.heiloang_aj.bone.ring] run data modify entity @s {} merge value {transformation:[-2.2022428694096656f,-0.046126605937351614f,0.030413256040948532f,-0.08956085432060389f,0.05030335186104292f,-2.1754837365494515f,0.34302532061701113f,4.181745504473632f,0.022851755071681162f,0.34361189446461154f,2.1758526947053674f,-2.2320284565270807f,0f,0f,0f,1f],start_interpolation:0}
execute if entity @s[tag=aj.heiloang_aj.bone.body_0] run data modify entity @s {} merge value {transformation:[-1.1258761564344193f,-0.07127396445670921f,0.03122944605267252f,-0.0007340202460001974f,-0.02950178805731683f,0.8100739475538797f,0.7852147603895183f,2.534874241604417f,-0.07200625536405982f,0.7825296144062355f,-0.8100091837154365f,-4.279951194593859f,0f,0f,0f,1f],start_interpolation:0}
execute if entity @s[tag=aj.heiloang_aj.bone.leg_right_3] run data modify entity @s {} merge value {transformation:[-0.9799367064944841f,-0.19861696255064842f,0.016593777505356545f,-0.42146124642639493f,0.13939576526004513f,-0.7424901830180144f,-0.6551924516883889f,4.336583064728286f,0.14245305153737262f,-0.6397340309136521f,0.7552797480395333f,-6.067921584792739f,0f,0f,0f,1f],start_interpolation:0}
execute if entity @s[tag=aj.heiloang_aj.bone.leg_right_2] run data modify entity @s {} merge value {transformation:[-0.9799367064944841f,-0.0016995246592797913f,0.19930168810292465f,-0.43189742615957183f,0.13939576526004513f,-0.7205530692490041f,0.6792437670110828f,3.866308923834583f,0.14245305153737262f,0.6933977112824734f,0.7063333080748198f,-5.679530970771677f,0f,0f,0f,1f],start_interpolation:0}
execute if entity @s[tag=aj.heiloang_aj.bone.leg_right_1] run data modify entity @s {} merge value {transformation:[-0.9823573565453111f,0.12483709841934132f,0.13924698524401868f,-0.5207822692274912f,0.14186318086123217f,0.01227404597851428f,0.9898101766052168f,3.168791849496087f,0.12185590653407648f,0.992101328823602f,-0.029767287232823236f,-5.584046790082579f,0f,0f,0f,1f],start_interpolation:0}
execute if entity @s[tag=aj.heiloang_aj.bone.leg_right_0] run data modify entity @s {} merge value {transformation:[-0.974021662003402f,0.1507218820274488f,0.1690109943945487f,-0.36412189742675566f,0.11092937503201987f,-0.33309651457175726f,0.9363446938682102f,2.984572304586188f,0.19742460764336303f,0.9307682989113083f,0.30772373655376883f,-4.890463901244735f,0f,0f,0f,1f],start_interpolation:0}
execute if entity @s[tag=aj.heiloang_aj.bone.leg_left_3] run data modify entity @s {} merge value {transformation:[-0.9733973833929361f,0.17269167359245668f,0.15058260150369748f,0.3424538531933797f,-0.2288910500225898f,-0.7033210623426488f,-0.6730143909938062f,4.347115281311716f,-0.010316066272628197f,-0.6895774569524762f,0.72413846026821f,-6.048051854138711f,0f,0f,0f,1f],start_interpolation:0}
execute if entity @s[tag=aj.heiloang_aj.bone.leg_left_2] run data modify entity @s {} merge value {transformation:[-0.9821571566359275f,0.0687157980141995f,-0.17505844387547168f,0.3925045475972069f,-0.14880056773434483f,-0.8531822552475401f,0.4999384265813721f,3.804637319522857f,-0.1150030900052976f,0.5170668993795606f,0.8481840076629837f,-5.773595046127885f,0f,0f,0f,1f],start_interpolation:0}
execute if entity @s[tag=aj.heiloang_aj.bone.leg_left_1] run data modify entity @s {} merge value {transformation:[-0.9843423661595394f,-0.11293255832610466f,-0.13533788624535287f,0.4795247216112209f,-0.1489637875587045f,0.12250145374826676f,0.9812253481365666f,3.1214529940354536f,-0.09423320104721192f,0.9860221250557626f,-0.1374062324675029f,-5.602614112086383f,0f,0f,0f,1f],start_interpolation:0}
execute if entity @s[tag=aj.heiloang_aj.bone.leg_left_0] run data modify entity @s {} merge value {transformation:[-0.9813076279427309f,-0.09317330114500917f,-0.16838668384154473f,0.364684987270353f,-0.13777864834069728f,-0.2707403580901995f,0.9527416767217654f,2.98292339747602f,-0.13435915823947908f,0.9581327645242759f,0.25284228709265927f,-4.890463901244735f,0f,0f,0f,1f],start_interpolation:0}
execute if entity @s[tag=aj.heiloang_aj.bone.tail_4] run data modify entity @s {} merge value {transformation:[-1.3453065651408889f,-0.13750657909870417f,-0.8099978704793425f,-0.8994338804064326f,-0.7500705148504371f,-0.42861340689414285f,1.3185367396740484f,7.003683664620866f,-0.3352593506950963f,1.5107074011279753f,0.3003642449366017f,-5.144599844720871f,0f,0f,0f,1f],start_interpolation:0}
execute if entity @s[tag=aj.heiloang_aj.bone.tail_3] run data modify entity @s {} merge value {transformation:[-0.9078285938675307f,-0.05567748636579104f,-0.41562875462182525f,-0.3425676806360478f,-0.3975839448136956f,-0.20083081551684334f,0.8953178152841702f,5.812494245985313f,-0.13332010719648535f,0.9780424331545267f,0.1601834821893035f,-5.384183143145415f,0f,0f,0f,1f],start_interpolation:0}
execute if entity @s[tag=aj.heiloang_aj.bone.tail_2] run data modify entity @s {} merge value {transformation:[-0.9623123777203361f,-0.09775051970392093f,-0.25377100619228893f,-0.14565088478247623f,-0.2581246754211258f,0.03460639123435187f,0.9654916103335508f,5.057146573861995f,-0.08559520795565466f,0.9946090858137926f,-0.05853397980387019f,-5.320179528961167f,0f,0f,0f,1f],start_interpolation:0}
execute if entity @s[tag=aj.heiloang_aj.bone.tail_1] run data modify entity @s {} merge value {transformation:[-0.9861353350282757f,-0.0005299743708903296f,-0.16594221926874714f,-0.015978376448008685f,-0.16492077213375167f,-0.1076983823092531f,0.9804091989403082f,4.289151987218153f,-0.018391300320474938f,0.9941834727931943f,0.10611777653808041f,-5.386318529756503f,0f,0f,0f,1f],start_interpolation:0}
execute if entity @s[tag=aj.heiloang_aj.bone.tail_ring] run data modify entity @s {} merge value {transformation:[-0.9998417847806013f,0.011980851127978856f,-0.013147798788818553f,-0.017496227644718566f,-0.007916007505327685f,0.36222382830809663f,0.9320575277476182f,4.434330016421919f,0.015929288493766645f,0.9320141401352642f,-0.36207167847818f,-5.409444526935111f,0f,0f,0f,1f],start_interpolation:0}
execute if entity @s[tag=aj.heiloang_aj.bone.tail_0] run data modify entity @s {} merge value {transformation:[-0.9998417847806013f,0.011980851127978856f,-0.013147798788818553f,0.0005992101760814782f,-0.007916007505327685f,0.36222382830809663f,0.9320575277476182f,3.124153955730865f,0.015929288493766645f,0.9320141401352642f,-0.36207167847818f,-4.9247266237829725f,0f,0f,0f,1f],start_interpolation:0}
execute if entity @s[tag=aj.heiloang_aj.bone.body_1] run data modify entity @s {} merge value {transformation:[-0.9999974406140275f,0.001526140941676359f,0.001670227296131982f,0.0031691432997602363f,0.0022624688715218062f,0.6745449870725533f,0.7382302768444912f,2.912240121332117f,-1.2246436648035143e-16f,0.7382321662655421f,-0.6745467134979496f,-4.635419441890254f,0f,0f,0f,1f],start_interpolation:0}