execute if entity @s[tag=aj.heiloang_aj.bone.head_lower] run data modify entity @s {} merge value {transformation:[-0.7877336516418066f,-0.11654183798607673f,-0.07677039839607645f,0.20381895851951315f,-0.1328566295257175f,0.7609654421133248f,0.20804016895863797f,-0.10525389546395385f,0.04271779561414097f,0.21759962295026927f,-0.7686518028533916f,2.7761594605863724f,0f,0f,0f,1f],start_interpolation:0}
execute if entity @s[tag=aj.heiloang_aj.bone.horne_right] run data modify entity @s {} merge value {transformation:[-0.5006880848597071f,-0.6195881307119431f,-0.07363416299788676f,-0.21859503465198732f,-0.6156193886081269f,0.4751779853780667f,0.18766632777831582f,0.3252314288626317f,-0.10160811999675676f,0.17411614081676136f,-0.7741830271052205f,2.694392879585378f,0f,0f,0f,1f],start_interpolation:0}
execute if entity @s[tag=aj.heiloang_aj.bone.horne_left] run data modify entity @s {} merge value {transformation:[-0.6608682527366636f,0.4447821518051173f,-0.07363416299788676f,0.45113611597387665f,0.41971502461954624f,0.6546912612268594f,0.18766632777831582f,0.4381861352853967f,0.16459784516634288f,0.11639669200107967f,-0.7741830271052205f,2.6580742097542354f,0f,0f,0f,1f],start_interpolation:0}
execute if entity @s[tag=aj.heiloang_aj.bone.head_upper] run data modify entity @s {} merge value {transformation:[-1.1538525595836275f,-0.17364661503164336f,-0.1078574811052296f,0.16311172659981332f,-0.19460506951353287f,1.1223756265560856f,0.2748889452714826f,0.07180186405968826f,0.06257195907070334f,0.2885860675793051f,-1.1340039435280493f,2.588213783978231f,0f,0f,0f,1f],start_interpolation:0}
execute if entity @s[tag=aj.heiloang_aj.bone.neck_0] run data modify entity @s {} merge value {transformation:[-0.984237109413845f,-0.15150702793627957f,-0.09123010982452363f,0.134847997045563f,-0.16877417560934685f,0.9587927661714007f,0.2285425763064274f,0.10655394324879108f,0.05284496286368848f,0.24033737125821522f,-0.9692498944424117f,2.15757041271539f,0f,0f,0f,1f],start_interpolation:0}
execute if entity @s[tag=aj.heiloang_aj.bone.neck_1] run data modify entity @s {} merge value {transformation:[-0.9832565991956255f,-0.1587418229210581f,-0.08948460087608857f,0.10026116064392868f,-0.17425307408671395f,0.962729597344231f,0.2068516100221248f,0.19394285059283284f,0.05331347212087805f,0.21898117739457515f,-0.9742714804597854f,1.8053151825767824f,0f,0f,0f,1f],start_interpolation:0}
execute if entity @s[tag=aj.heiloang_aj.bone.neck_2] run data modify entity @s {} merge value {transformation:[-0.9873285455362794f,-0.13268104319754573f,-0.08705219092720405f,0.06903417233406288f,-0.14723688185198186f,0.970551325308186f,0.19066049817681033f,0.23954579445706226f,0.05919158548071615f,0.20106184550663742f,-0.9777885714661141f,1.3978778501289963f,0f,0f,0f,1f],start_interpolation:0}
execute if entity @s[tag=aj.heiloang_aj.bone.neck_3] run data modify entity @s {} merge value {transformation:[-0.98639993344153f,-0.12760869175980966f,-0.10359147210989558f,0.018515789499020406f,-0.14491638919580976f,0.9725972813727412f,0.1818069536866011f,0.31007823407483565f,0.07755263663470108f,0.1943464691053151f,-0.9778624844513173f,0.887127671742968f,0f,0f,0f,1f],start_interpolation:0}
execute if entity @s[tag=aj.heiloang_aj.bone.wing_right_2] run data modify entity @s {} merge value {transformation:[0.2893623904995418f,-1.9616036433668291f,1.2656842258696996f,0.6510769149273747f,-2.2993870397623146f,-0.4598252801709855f,-0.1869651288603889f,2.22841777749265f,0.4033170646755454f,-1.2141860913248284f,-1.9739968306195035f,0.9102059549162573f,0f,0f,0f,1f],start_interpolation:0}
execute if entity @s[tag=aj.heiloang_aj.bone.wing_right_1] run data modify entity @s {} merge value {transformation:[2.8163545438323063f,-0.12920412975145046f,1.7996311147538795f,-1.220221159337494f,0.016912618393310937f,-3.334105929314268f,-0.26583902713958873f,2.2213893182573403f,1.8041839761161282f,0.23294359374451834f,-2.806755464118523f,-0.22832317369425903f,0f,0f,0f,1f],start_interpolation:0}
execute if entity @s[tag=aj.heiloang_aj.bone.wing_right_0] run data modify entity @s {} merge value {transformation:[-0.9530322323220736f,1.6103943494407593f,1.1944704280326401f,-0.3242060495680968f,1.8446367202064975f,1.2225311232172533f,-0.1764455248255874f,0.5042301159092692f,-0.7857766442323298f,0.9167593424964011f,-1.862929782177671f,0.4876148791604652f,0f,0f,0f,1f],start_interpolation:0}
execute if entity @s[tag=aj.heiloang_aj.bone.wing_left_2] run data modify entity @s {} merge value {transformation:[-0.7685875925645721f,-1.6960909752380358f,-1.437402004518183f,-0.6593924022961892f,-2.17879333627163f,0.8772484747606908f,0.12988732682363743f,-0.5734715643744127f,0.4423897791485968f,1.37378547217793f,-1.8575738924895357f,1.1603212158472826f,0f,0f,0f,1f],start_interpolation:0}
execute if entity @s[tag=aj.heiloang_aj.bone.wing_left_1] run data modify entity @s {} merge value {transformation:[2.416790134306723f,-1.0813254333282674f,-2.043790480175286f,0.9540183506262199f,-1.2325548626925469f,-3.1038556328437106f,0.18468214265956115f,-1.383257239563793f,-1.956311000344948f,0.6197050028858928f,-2.6412178539884863f,-0.08032674441125742f,0f,0f,0f,1f],start_interpolation:0}
execute if entity @s[tag=aj.heiloang_aj.bone.wing_left_0] run data modify entity @s {} merge value {transformation:[-0.6272417035510658f,1.6415857308617052f,-1.3565264957079153f,0.35973047420788345f,2.0349493904186584f,0.8788374798732762f,0.1225792086967336f,0.5104849545436143f,0.6276534264712376f,-1.2088180062363518f,-1.753057387548304f,0.4894175147687605f,0f,0f,0f,1f],start_interpolation:0}
execute if entity @s[tag=aj.heiloang_aj.bone.kazari_right] run data modify entity @s {} merge value {transformation:[-2.4672752113881398f,0.3788510341058089f,-0.8221284046806924f,-1.2655147566001848f,0.6945591067136077f,-0.7384185771609196f,-2.424705310082258f,2.220117475689467f,-0.5805263707249284f,-2.493607845555684f,0.5931097993056105f,-3.1900784324961f,0f,0f,0f,1f],start_interpolation:0}
execute if entity @s[tag=aj.heiloang_aj.bone.kazari_left] run data modify entity @s {} merge value {transformation:[-2.1874676548884144f,-1.2024809077862366f,-0.8221284046806924f,1.852337327321103f,1.0006305199933017f,-0.16252049185593812f,-2.424705310082258f,1.0870863838240186f,1.0585811304907937f,-2.3312007516927298f,0.5931097993056105f,-3.5002937507479297f,0f,0f,0f,1f],start_interpolation:0}
execute if entity @s[tag=aj.heiloang_aj.bone.ring] run data modify entity @s {} merge value {transformation:[-2.0614671043056525f,0.20065367427248015f,0.7503450983718418f,0.8564142146194371f,0.7491395554270637f,-0.048339367758075985f,2.0710817264906094f,2.220037690215535f,0.2051087276159571f,2.1932459265457975f,-0.023000028914332518f,0.15683236789670618f,0f,0f,0f,1f],start_interpolation:0}
execute if entity @s[tag=aj.heiloang_aj.bone.body_0] run data modify entity @s {} merge value {transformation:[-1.1285109718522857f,-0.01046391128342249f,0.0024225827821032363f,0.019700888409103855f,-0.010320627398363612f,1.1269244320629672f,0.05989311318788885f,0.4840085399488042f,-0.0029743901539015256f,0.05986824632378821f,-1.12696908654275f,-0.1660182979809831f,0f,0f,0f,1f],start_interpolation:0}
execute if entity @s[tag=aj.heiloang_aj.bone.leg_right_3] run data modify entity @s {} merge value {transformation:[-0.9673616013005768f,-0.0839315307514771f,0.23909627867220695f,-0.5589479682736771f,0.25339994536841387f,-0.32039592889772567f,0.9127622452933997f,-0.14500530524722868f,-0.0000040581584590452906f,0.9435581311670613f,0.33120696413580136f,-2.140787063184699f,0f,0f,0f,1f],start_interpolation:0}
execute if entity @s[tag=aj.heiloang_aj.bone.leg_right_2] run data modify entity @s {} merge value {transformation:[-0.9673616013005768f,0.10361527072130675f,0.2312475037757902f,-0.5068404587189657f,0.25339994536841387f,0.39556889968332115f,0.882787467792f,0.05392581301435273f,-0.0000040581584590452906f,0.9125728032747178f,-0.40891426816247717f,-1.5664829902968314f,0f,0f,0f,1f],start_interpolation:0}
execute if entity @s[tag=aj.heiloang_aj.bone.leg_right_1] run data modify entity @s {} merge value {transformation:[-0.9673616013005768f,0.2229453723566068f,0.12044456514910803f,-0.575092540203183f,0.25339994536841387f,0.8511080021602719f,0.45978651170519935f,-0.20661796301487045f,-0.0000040581584590452906f,0.47530046244825436f,-0.8798235450248002f,-0.9099722080332664f,0f,0f,0f,1f],start_interpolation:0}
execute if entity @s[tag=aj.heiloang_aj.bone.leg_right_0] run data modify entity @s {} merge value {transformation:[-0.9673616013005768f,0.2525960434416376f,0.020168568784475087f,-0.3542838157520675f,0.25339994536841387f,0.9642939569078282f,0.07697812909085715f,0.4938802916568571f,-0.0000040581584590452906f,0.07957640045059917f,-0.9968287698872144f,-0.9190407755242286f,0f,0f,0f,1f],start_interpolation:0}
execute if entity @s[tag=aj.heiloang_aj.bone.leg_left_3] run data modify entity @s {} merge value {transformation:[-0.9965064513002189f,-0.03614108742634657f,0.07529086476250584f,0.33723128104535216f,0.0834124303749132f,-0.38585489741559065f,0.9187809121870971f,-0.2668342740673594f,-0.004154392373744526f,0.9218513003408115f,0.3875215104790438f,-2.312480578953312f,0f,0f,0f,1f],start_interpolation:0}
execute if entity @s[tag=aj.heiloang_aj.bone.leg_left_2] run data modify entity @s {} merge value {transformation:[-0.9962111507690699f,0.03175825714746404f,0.08096144876619382f,0.35272659807050477f,0.08696708587094834f,0.3666016970197784f,0.926304443321597f,-0.0875735779662506f,-0.00026278980302069967f,0.9298357967109968f,-0.3679746215384226f,-1.7296088533703782f,0f,0f,0f,1f],start_interpolation:0}
execute if entity @s[tag=aj.heiloang_aj.bone.leg_left_1] run data modify entity @s {} merge value {transformation:[-0.9962111507690699f,0.07317576568691986f,0.0469962806985668f,0.3250581589360572f,0.08696708587094834f,0.8398563145843043f,0.5357966935582799f,-0.4025970159192825f,-0.00026278980302069967f,0.5378537702470841f,-0.8430381087308666f,-1.0943588993373785f,0f,0f,0f,1f],start_interpolation:0}
execute if entity @s[tag=aj.heiloang_aj.bone.leg_left_0] run data modify entity @s {} merge value {transformation:[-0.9962111507690699f,0.08209432562443794f,0.028703044849531765f,0.35100753510609256f,0.08696708587094834f,0.9413822102043484f,0.325939043819379f,0.310233063305231f,-0.00026278980302069967f,0.3272003300900608f,-0.9449549592073025f,-0.9190407755242285f,0f,0f,0f,1f],start_interpolation:0}
execute if entity @s[tag=aj.heiloang_aj.bone.tail_4] run data modify entity @s {} merge value {transformation:[-1.5254741676910142f,0.39430545721903637f,0.04802222196409765f,0.14473447266701195f,0.39721898846514664f,1.5142606054673176f,0.1846246397969458f,0.9647147922972946f,0.0000509686968606992f,0.1907678925414678f,-1.564756202181398f,-5.16336520298269f,0f,0f,0f,1f],start_interpolation:0}
execute if entity @s[tag=aj.heiloang_aj.bone.tail_3] run data modify entity @s {} merge value {transformation:[-0.9677304081517928f,0.2501395232595947f,0.03046434049552864f,0.09749572361895169f,0.2519878094132888f,0.9606167477716903f,0.11712219178120176f,0.7831299678593979f,0.000032333525444502995f,0.12101934888274375f,-0.9926501479124151f,-3.840025562330211f,0f,0f,0f,1f],start_interpolation:0}
execute if entity @s[tag=aj.heiloang_aj.bone.tail_2] run data modify entity @s {} merge value {transformation:[-0.9677304081517928f,0.24994787097295093f,0.03199873332577254f,0.07700726302754761f,0.2519878094132888f,0.9598799477383845f,0.12301475454939559f,0.7043464216924015f,0.000032333525444502995f,0.12710840934354065f,-0.9918888300755775f,-3.0610543377423274f,0f,0f,0f,1f],start_interpolation:0}
execute if entity @s[tag=aj.heiloang_aj.bone.tail_1] run data modify entity @s {} merge value {transformation:[-0.9677304081517928f,0.24955093540050116f,0.03495980233210327f,0.05390128341241264f,0.2519878094132888f,0.9583540542268715f,0.13438619964122306f,0.6155109405077296f,0.000032333525444502995f,0.1388590558359574f,-0.990312153599505f,-2.2847944695622724f,0f,0f,0f,1f],start_interpolation:0}
execute if entity @s[tag=aj.heiloang_aj.bone.tail_ring] run data modify entity @s {} merge value {transformation:[-0.9677304081517928f,0.25020274434166395f,0.029940672374961688f,0.06596402070349412f,0.2519878094132888f,0.9608598077695545f,0.1151111363863063f,0.6618543410779373f,0.000032333525444502995f,0.11894123144206445f,-0.992901295405333f,-2.423792870178559f,0f,0f,0f,1f],start_interpolation:0}
execute if entity @s[tag=aj.heiloang_aj.bone.tail_0] run data modify entity @s {} merge value {transformation:[-0.9677304081517928f,0.25020274434166395f,0.029940672374961688f,0.018486251701079825f,0.2519878094132888f,0.9608598077695545f,0.1151111363863063f,0.47934376622859326f,0.000032333525444502995f,0.11894123144206445f,-0.992901295405333f,-1.0394966764278222f,0f,0f,0f,1f],start_interpolation:0}
execute if entity @s[tag=aj.heiloang_aj.bone.body_1] run data modify entity @s {} merge value {transformation:[-0.9677317277792837f,0.2510843528644526f,0.021259134412327345f,0.031697955768183704f,0.25198274355463773f,0.9642814868517926f,0.08164503086884023f,0.5179813731790708f,-1.1851295628582376e-16f,0.08436742180211076f,-0.9964347134350874f,-0.683202823736914f,0f,0f,0f,1f],start_interpolation:0}