execute if entity @s[tag=aj.heiloang_aj.bone.head_lower] run data modify entity @s {} merge value {transformation:[-0.754550476132296f,0.12204127128688926f,0.23613451054686102f,-0.994007744972781f,0.1967206395277965f,0.7343449557369903f,0.24907524157854904f,-1.1976933980880058f,-0.17875840945896926f,0.2929904675690281f,-0.7226354661662974f,2.6045375847554486f,0f,0f,0f,1f],start_interpolation:0}
execute if entity @s[tag=aj.heiloang_aj.bone.horne_right] run data modify entity @s {} merge value {transformation:[-0.6456771572380973f,-0.41224301072626157f,0.23055738706074266f,-1.176458780323835f,-0.3579784732055867f,0.681848330090402f,0.2166431800780429f,-0.6315007647550586f,-0.3081435077075724f,0.07168371405192213f,-0.7347850187622198f,2.4757956276665447f,0f,0f,0f,1f],start_interpolation:0}
execute if entity @s[tag=aj.heiloang_aj.bone.horne_left] run data modify entity @s {} merge value {transformation:[-0.4669487738251634f,0.6072908149271645f,0.23055738706074266f,-0.5349399655161571f,0.6480538116188632f,0.4160432546886631f,0.2166431800780429f,-0.7987526524815911f,0.04455445959092727f,0.31321857597078256f,-0.7347850187622198f,2.62777602738856f,0f,0f,0f,1f],start_interpolation:0}
execute if entity @s[tag=aj.heiloang_aj.bone.head_upper] run data modify entity @s {} merge value {transformation:[-1.105246673676684f,0.19375419067842314f,0.33771469663189935f,-0.9077632100304155f,0.2881514747643282f,1.0906100498440494f,0.31733351409881533f,-1.015650408381076f,-0.26184084921526174f,0.3823495065691984f,-1.0762947258574307f,2.437949385419818f,0f,0f,0f,1f],start_interpolation:0}
execute if entity @s[tag=aj.heiloang_aj.bone.neck_0] run data modify entity @s {} merge value {transformation:[-0.9431880951653699f,0.15476342456249265f,0.2940144546718938f,-0.7913878391561744f,0.2459007994097456f,0.9202429067873452f,0.30444340912101464f,-0.9462119173241637f,-0.22344801182371157f,0.3594457885763403f,-0.9060186041615059f,2.026737362683945f,0f,0f,0f,1f],start_interpolation:0}
execute if entity @s[tag=aj.heiloang_aj.bone.neck_1] run data modify entity @s {} merge value {transformation:[-0.9431880951653699f,0.12603858118275202f,0.3074255896827072f,-0.6777995067673552f,0.2459007994097456f,0.8870399414825346f,0.39075943886784015f,-0.7927586491609722f,-0.22344801182371157f,0.4441558490756371f,-0.8676385006118219f,1.7161466307323536f,0f,0f,0f,1f],start_interpolation:0}
execute if entity @s[tag=aj.heiloang_aj.bone.neck_2] run data modify entity @s {} merge value {transformation:[-0.9177356352939263f,0.2285165603145194f,0.3248714905523019f,-0.552326127881832f,0.36616144907627995f,0.8036843070705256f,0.46906004709304316f,-0.6274745351592581f,-0.15390613022882701f,0.5494285360541348f,-0.8212436829878192f,1.3611853286022841f,0f,0f,0f,1f],start_interpolation:0}
execute if entity @s[tag=aj.heiloang_aj.bone.neck_3] run data modify entity @s {} merge value {transformation:[-0.9118682197566129f,0.23910755507324036f,0.33365240431443466f,-0.3854512969796544f,0.3868981374788086f,0.7721995518035792f,0.5040016700466182f,-0.38535344830649654f,-0.13713562999211631f,0.5886725994143508f,-0.7966544983149324f,0.9346611828887388f,0f,0f,0f,1f],start_interpolation:0}
execute if entity @s[tag=aj.heiloang_aj.bone.wing_right_2] run data modify entity @s {} merge value {transformation:[0.7163728243188164f,1.685376913946852f,1.4764452718720988f,-2.6883262598700934f,1.5461027553609434f,-1.4937316437592658f,0.9549387690415277f,3.5351855838517823f,1.6217127528523008f,0.6795928492032832f,-1.562618735606668f,0.6891799898296016f,0f,0f,0f,1f],start_interpolation:0}
execute if entity @s[tag=aj.heiloang_aj.bone.wing_right_1] run data modify entity @s {} merge value {transformation:[-1.1798751475576186f,2.3212137265612234f,2.0993047050629987f,-1.9477800504373755f,3.040214032153555f,0.3173560345162489f,1.357793268120277f,1.5240448925813082f,0.7431097144920854f,2.3871469908407144f,-2.221831669872317f,0.23645613327662485f,0f,0f,0f,1f],start_interpolation:0}
execute if entity @s[tag=aj.heiloang_aj.bone.wing_right_0] run data modify entity @s {} merge value {transformation:[-1.5180783551152999f,0.826044680877059f,1.3933729913146524f,-0.524606367036905f,1.543604804978374f,1.3166269005610198f,0.9012090827143041f,0.09552186968889043f,-0.4910420692548665f,1.5851005614514806f,-1.4746979000148126f,0.681365942801867f,0f,0f,0f,1f],start_interpolation:0}
execute if entity @s[tag=aj.heiloang_aj.bone.wing_left_2] run data modify entity @s {} merge value {transformation:[-2.3466510780362535f,-0.1402440930527162f,-0.08447673428890236f,4.320873619016627f,-0.1622216282918054f,1.8278130788707496f,1.4718558007985676f,0.2541186861743639f,-0.022110350215500927f,1.474112258070551f,-1.8330521512877083f,0.871307831817866f,0f,0f,0f,1f],start_interpolation:0}
execute if entity @s[tag=aj.heiloang_aj.bone.wing_left_1] run data modify entity @s {} merge value {transformation:[-3.2923143403886526f,-0.577457857209283f,-0.12011444591927432f,2.1671635449583095f,-0.5246326983809337f,2.5558276432127047f,2.0927791003541985f,-0.12120782274631259f,-0.2695284563098516f,2.0788232859569984f,-2.606351267558188f,0.7344963290763764f,0f,0f,0f,1f],start_interpolation:0}
execute if entity @s[tag=aj.heiloang_aj.bone.wing_left_0] run data modify entity @s {} merge value {transformation:[-2.218564552649165f,-0.003932686492387721f,-0.07972364583711958f,0.10297962352625616f,-0.05298323160199113f,1.7309407274587125f,1.3890417471025525f,-0.15935428636322135f,0.059700108020167036f,1.390046305704114f,-1.729915363565722f,0.7761578759038215f,0f,0f,0f,1f],start_interpolation:0}
execute if entity @s[tag=aj.heiloang_aj.bone.kazari_right] run data modify entity @s {} merge value {transformation:[-2.134975523862073f,0.7018843797440607f,-1.362390552865592f,-0.8013104477278358f,1.375936661359347f,-0.15104893755545423f,-2.2340216451384074f,3.30865009345571f,-0.6749429642521003f,-2.5281243490957714f,-0.2447640886076328f,-2.162397235878429f,0f,0f,0f,1f],start_interpolation:0}
execute if entity @s[tag=aj.heiloang_aj.bone.kazari_left] run data modify entity @s {} merge value {transformation:[-2.2471726066968705f,0.03126412848666281f,-1.362390552865592f,2.8468653495127487f,1.3581372073672235f,0.26735894145155514f,-2.2340216451384074f,1.1103744408537586f,0.11202138292398393f,-2.6142708236240804f,-0.2447640886076328f,-2.404446025784558f,0f,0f,0f,1f],start_interpolation:0}
execute if entity @s[tag=aj.heiloang_aj.bone.ring] run data modify entity @s {} merge value {transformation:[-1.8838210390252301f,-0.244499147835897f,1.1155109795145235f,0.6004532112454533f,1.1351311324089077f,-0.636415151743937f,1.777464304184712f,1.9706518969842113f,0.12498756316531026f,2.0947845252250388f,0.6702105547630062f,1.3058392825107847f,0f,0f,0f,1f],start_interpolation:0}
execute if entity @s[tag=aj.heiloang_aj.bone.body_0] run data modify entity @s {} merge value {transformation:[-1.0355312978771285f,0.23987555001579494f,0.37919259955753826f,-0.003957198290736499f,0.4205515110968914f,0.8513420757343814f,0.609922513550754f,0.2768607051519252f,-0.15640886665628942f,0.700948476370816f,-0.8705514779967928f,0.1894737856982625f,0f,0f,0f,1f],start_interpolation:0}
execute if entity @s[tag=aj.heiloang_aj.bone.leg_right_3] run data modify entity @s {} merge value {transformation:[-0.7705537428316012f,0.32008678331751567f,0.5511727320483628f,-0.7352606845583594f,0.6373749748524139f,0.3866073730205407f,0.6665492334089367f,0.021484306066689052f,0.000266158026850565f,0.8649157128134524f,-0.5019170637548621f,-1.228382971837847f,0f,0f,0f,1f],start_interpolation:0}
execute if entity @s[tag=aj.heiloang_aj.bone.leg_right_2] run data modify entity @s {} merge value {transformation:[-0.7705537428316012f,0.4240661015704934f,0.4758307166493295f,-0.49979881125074593f,0.6373749748524139f,0.5123623896341679f,0.5755327298427517f,0.3059429104176956f,0.000266158026850565f,0.7467614901607937f,-0.6650918778430056f,-0.7428369296033978f,0f,0f,0f,1f],start_interpolation:0}
execute if entity @s[tag=aj.heiloang_aj.bone.leg_right_1] run data modify entity @s {} merge value {transformation:[-0.7705537428316012f,0.588668911074146f,0.24436825191294745f,-0.6280392285611504f,0.6373749748524139f,0.7115103778635345f,0.2958143397882783f,0.15062267044297772f,0.000266158026850565f,0.38369505512486024f,-0.9234598171185551f,-0.06241218614894195f,0f,0f,0f,1f],start_interpolation:0}
execute if entity @s[tag=aj.heiloang_aj.bone.leg_right_0] run data modify entity @s {} merge value {transformation:[-0.7705537428316012f,0.5006261238721883f,-0.39448753276234083f,-0.2610930712145551f,0.6373749748524139f,0.6054897248725967f,-0.4765871740884263f,0.5378209658996085f,0.000266158026850565f,-0.6186725120533605f,-0.7856489368601534f,-0.5673523153843302f,0f,0f,0f,1f],start_interpolation:0}
execute if entity @s[tag=aj.heiloang_aj.bone.leg_left_3] run data modify entity @s {} merge value {transformation:[-0.9863578404504738f,-0.02809264659330378f,0.16220053572433507f,0.3296626436361452f,0.14026956193707313f,0.37225998150820905f,0.9174676867124475f,-0.6562819319732937f,-0.0861548639129513f,0.9277032442407925f,-0.3632410082152747f,-1.7512142742940084f,0f,0f,0f,1f],start_interpolation:0}
execute if entity @s[tag=aj.heiloang_aj.bone.leg_left_2] run data modify entity @s {} merge value {transformation:[-0.9859143223196718f,0.018077017995254026f,0.16627137596514202f,0.33281253568785707f,0.14530442206510613f,0.5848754352326999f,0.7980020991135836f,-0.33821757497437205f,-0.08282254507842558f,0.810921664947829f,-0.5792637390213313f,-1.2306961732760748f,0f,0f,0f,1f],start_interpolation:0}
execute if entity @s[tag=aj.heiloang_aj.bone.leg_left_1] run data modify entity @s {} merge value {transformation:[-0.9859143223196718f,0.0758267306618696f,0.14907466572853562f,0.23331366789077584f,0.14530442206510613f,0.8297125568676232f,0.5389468414459045f,-0.6562253650948492f,-0.08282254507842558f,0.5530166180987002f,-0.8290434525001742f,-0.6041829381304777f,0f,0f,0f,1f],start_interpolation:0}
execute if entity @s[tag=aj.heiloang_aj.bone.leg_left_0] run data modify entity @s {} merge value {transformation:[-0.9859143223196718f,0.13228118714817383f,0.10234567197303535f,0.3012629340975749f,0.14530442206510613f,0.9804768542862308f,0.13248306736071278f,0.07422856155507429f,-0.08282254507842558f,0.1454882322926754f,-0.9858872147923842f,-0.5673523153843301f,0f,0f,0f,1f],start_interpolation:0}
execute if entity @s[tag=aj.heiloang_aj.bone.tail_4] run data modify entity @s {} merge value {transformation:[-1.2162831830687282f,1.0007002387275694f,-0.06409847488405847f,0.4869541640614415f,1.0027509901459195f,1.213777152442601f,-0.0780374247229068f,0.8716310655268356f,-0.00018448104144790594f,-0.10098722744283534f,-1.573103909329523f,-4.774995945964732f,0f,0f,0f,1f],start_interpolation:0}
execute if entity @s[tag=aj.heiloang_aj.bone.tail_3] run data modify entity @s {} merge value {transformation:[-0.7715858099130205f,0.6343102995511847f,0.048018557081138585f,0.40623050704448843f,0.6361252425777417f,0.7693982428317172f,0.05806048297142642f,0.7739623867845512f,-0.00011703109585059245f,0.07534446104892162f,-0.9971575595125226f,-3.4444408464703344f,0f,0f,0f,1f],start_interpolation:0}
execute if entity @s[tag=aj.heiloang_aj.bone.tail_2] run data modify entity @s {} merge value {transformation:[-0.7715858099130205f,0.6226160075948023f,0.13040185975505628f,0.3155010453150364f,0.6361252425777417f,0.7552375204448277f,0.15799039042852497f,0.6640541005775432f,-0.00011703109585059245f,0.2048550580265416f,-0.9787923127531524f,-2.6743037636744713f,0f,0f,0f,1f],start_interpolation:0}
execute if entity @s[tag=aj.heiloang_aj.bone.tail_1] run data modify entity @s {} merge value {transformation:[-0.7716097494629606f,0.6182843809413946f,0.1494751444810264f,0.20913041894694018f,0.6360962066002568f,0.7500411069713472f,0.181162782607134f,0.5351452469304303f,-0.00010238393737879524f,0.2348675416849097f,-0.9720273799540918f,-1.9107117199393042f,0f,0f,0f,1f],start_interpolation:0}
execute if entity @s[tag=aj.heiloang_aj.bone.tail_ring] run data modify entity @s {} merge value {transformation:[-0.7716097494629606f,0.6273361834713221f,0.10520317220190144f,0.24370573554650798f,0.6360962066002568f,0.761010097132278f,0.12745684764454393f,0.5770644800258662f,-0.00010238393737879524f,0.1652662850382884f,-0.9862489769562108f,-2.047317360964777f,0f,0f,0f,1f],start_interpolation:0}
execute if entity @s[tag=aj.heiloang_aj.bone.tail_0] run data modify entity @s {} merge value {transformation:[-0.7716097494629606f,0.6273361834713221f,0.10520317220190144f,0.08257197906190798f,0.6360962066002568f,0.761010097132278f,0.12745684764454393f,0.38182403514387747f,-0.00010238393737879524f,0.1652662850382884f,-0.9862489769562108f,-0.673360563347942f,0f,0f,0f,1f],start_interpolation:0}
execute if entity @s[tag=aj.heiloang_aj.bone.body_1] run data modify entity @s {} merge value {transformation:[-0.7716098432025273f,0.6168907990479758f,0.15512572940334923f,0.07395823852134716f,0.6360961011301446f,0.7483130487371146f,0.1881736730172256f,0.36658133522689496f,-9.449495246685662e-17f,0.2438715299901054f,-0.969807546299927f,-0.3151620334323552f,0f,0f,0f,1f],start_interpolation:0}