execute if entity @s[tag=aj.heiloang_aj.bone.head_lower] run data modify entity @s {} merge value {transformation:[-0.7953911362506629f,-0.0619290406110628f,0.05931049066457526f,-0.45627758716192396f,-0.03287006295435838f,0.7312690697898003f,0.3227461952217826f,0.3248085950688702f,-0.07919911196002045f,0.31844990422004193f,-0.7296006847358287f,1.4896389933327008f,0f,0f,0f,1f],start_interpolation:0}
execute if entity @s[tag=aj.heiloang_aj.bone.horne_right] run data modify entity @s {} merge value {transformation:[-0.5475812003883647f,-0.5797477860482234f,0.06361865727458449f,-0.8096674811191736f,-0.5326996938297114f,0.5326858568629701f,0.2692151817633902f,0.8123785387583926f,-0.2374570807008491f,0.14190941642592567f,-0.7506502863215889f,1.4011624274198569f,0f,0f,0f,1f],start_interpolation:0}
execute if entity @s[tag=aj.heiloang_aj.bone.horne_left] run data modify entity @s {} merge value {transformation:[-0.6252665169261702f,0.49496913970225886f,0.06361865727458449f,-0.13342593707886002f,0.48423098887817045f,0.5770992421743196f,0.2692151817633902f,0.8403246662821882f,0.12067366001362761f,0.24892170541001793f,-0.7506502863215889f,1.4684975124082662f,0f,0f,0f,1f],start_interpolation:0}
execute if entity @s[tag=aj.heiloang_aj.bone.head_upper] run data modify entity @s {} merge value {transformation:[-1.165069051601565f,-0.08421636981186055f,0.09318701870937951f,-0.4481475402404493f,-0.048147246463970304f,1.1024246828714022f,0.39433966786746993f,0.5228987843316917f,-0.11600887922123898f,0.38823901665288724f,-1.0995337731467056f,1.3192759183380758f,0f,0f,0f,1f],start_interpolation:0}
execute if entity @s[tag=aj.heiloang_aj.bone.neck_0] run data modify entity @s {} merge value {transformation:[-0.992730744911338f,-0.11231000274185743f,0.043268133677153334f,-0.42143268315095156f,-0.05228989085214868f,0.7262646164965962f,0.6854235727925633f,0.7683895628856541f,-0.10840403785122776f,0.6781785680107976f,-0.7268578915223891f,0.9636344518517234f,0f,0f,0f,1f],start_interpolation:0}
execute if entity @s[tag=aj.heiloang_aj.bone.neck_1] run data modify entity @s {} merge value {transformation:[-0.9887129781500829f,-0.08439584473328898f,0.12379009746077525f,-0.37738174114877315f,0.0356849668182362f,0.6698130327200562f,0.7416718171412087f,1.046990503162049f,-0.14551024012341895f,0.7377179966559821f,-0.659241175465481f,0.7326412741929628f,0f,0f,0f,1f],start_interpolation:0}
execute if entity @s[tag=aj.heiloang_aj.bone.neck_2] run data modify entity @s {} merge value {transformation:[-0.9883860130203616f,-0.09417557126890226f,0.11926462611306696f,-0.3253505519769736f,-0.0022452644117986033f,0.7937854020443394f,0.6081937966545101f,1.2696234950550451f,-0.15194751743096974f,0.6008624611984695f,-0.7847778377790001f,0.39089979378079853f,0f,0f,0f,1f],start_interpolation:0}
execute if entity @s[tag=aj.heiloang_aj.bone.neck_3] run data modify entity @s {} merge value {transformation:[-0.9874526195459682f,-0.029935843281365584f,0.15505215070691197f,-0.24438613012128424f,0.003018895861607182f,0.9781094874450069f,0.20806901940904776f,1.3536130687238872f,-0.15788670121192028f,0.20592638455792744f,-0.9657464023869404f,-0.11386073426449417f,0f,0f,0f,1f],start_interpolation:0}
execute if entity @s[tag=aj.heiloang_aj.bone.wing_right_2] run data modify entity @s {} merge value {transformation:[-1.0713707533640693f,-2.0655659084706937f,-0.3452219473335257f,-4.126391597403149f,-2.0850606464718227f,1.0158742271223056f,0.392552749989312f,-0.5748013537489025f,-0.19560883336807539f,0.4847814340022762f,-2.2935344235210606f,-0.4084179121737796f,0f,0f,0f,1f],start_interpolation:0}
execute if entity @s[tag=aj.heiloang_aj.bone.wing_right_1] run data modify entity @s {} merge value {transformation:[-2.577605684408505f,-2.0741806601544326f,-0.4908587349190026f,-2.43131867076824f,-2.1313446596488284f,2.516555145844168f,0.5581567097255541f,0.812136473845291f,0.023187289435858478f,0.7429290409363182f,-3.261094534453434f,-0.3739839978026831f,0f,0f,0f,1f],start_interpolation:0}
execute if entity @s[tag=aj.heiloang_aj.bone.wing_right_0] run data modify entity @s {} merge value {transformation:[-2.0572675500965842f,-0.7680533063292275f,-0.3257980140460323f,-0.5204119862818761f,-0.8168228516163099f,2.0307524615035457f,0.37046574629065127f,1.5748544194947593f,0.16985480975526462f,0.46318307259012675f,-2.1644885735131454f,-0.5493210367839786f,0f,0f,0f,1f],start_interpolation:0}
execute if entity @s[tag=aj.heiloang_aj.bone.wing_left_2] run data modify entity @s {} merge value {transformation:[-0.46207432520685243f,2.2563866399015766f,0.47831229921392526f,3.4138259397341475f,2.296082807681246f,0.4036146622157335f,0.31412569305310534f,-0.9175895122098245f,0.21924202283377636f,0.5285740648567228f,-2.281692003690595f,-0.1351495496102963f,0f,0f,0f,1f],start_interpolation:0}
execute if entity @s[tag=aj.heiloang_aj.bone.wing_left_1] run data modify entity @s {} merge value {transformation:[-2.081287125049919f,2.5284250573621834f,0.680095144302971f,2.0408226303842425f,2.617190993051243f,2.0342170831542816f,0.4466440835774411f,0.7891372433983062f,-0.07598672181958147f,0.8100903411387671f,-3.2442562214166726f,-0.13554055702879597f,0f,0f,0f,1f],start_interpolation:0}
execute if entity @s[tag=aj.heiloang_aj.bone.wing_left_0] run data modify entity @s {} merge value {transformation:[-2.031410050765859f,0.7733118511314793f,0.45140002940524215f,0.15497351327743078f,0.839967784060334f,2.033462734773681f,0.29645139235212387f,1.5727895928395355f,-0.3102052987752154f,0.4420611803657334f,-2.1533124681349505f,-0.44133166447281447f,0f,0f,0f,1f],start_interpolation:0}
execute if entity @s[tag=aj.heiloang_aj.bone.kazari_right] run data modify entity @s {} merge value {transformation:[-2.5978151375982095f,0.344283962749221f,-0.1992366743738215f,-2.1693404089700645f,0.08583227544657443f,-0.8001633757137924f,-2.50184763349294f,2.5519664401018765f,-0.3884063850061047f,-2.4795316722551157f,0.7797008111618766f,-4.223985925997435f,0f,0f,0f,1f],start_interpolation:0}
execute if entity @s[tag=aj.heiloang_aj.bone.kazari_left] run data modify entity @s {} merge value {transformation:[-2.5978151375982095f,0.344283962749221f,-0.1992366743738215f,2.846286542969826f,0.08583227544657443f,-0.8001633757137924f,-2.50184763349294f,2.3862492311113304f,-0.3884063850061047f,-2.4795316722551157f,0.7797008111618766f,-3.4740859409110203f,0f,0f,0f,1f],start_interpolation:0}
execute if entity @s[tag=aj.heiloang_aj.bone.ring] run data modify entity @s {} merge value {transformation:[-2.1775565567006714f,-0.3327148461780735f,0.02178438171361717f,-0.11777693860994085f,0.07194685698383739f,-0.32833115970818827f,2.177142297857182f,2.9733270729458714f,-0.32557238507602404f,2.1527716475468095f,0.33541487948290516f,-0.6860306302640677f,0f,0f,0f,1f],start_interpolation:0}
execute if entity @s[tag=aj.heiloang_aj.bone.body_0] run data modify entity @s {} merge value {transformation:[-1.1144015855077554f,-0.01647962839838129f,0.17745394896515035f,-0.07929262186107625f,0.00340701140294178f,1.1215514705034653f,0.12555105424682306f,1.5887035772491709f,-0.1781849444503523f,0.12451143239494007f,-1.1074291872223065f,-1.141890974888913f,0f,0f,0f,1f],start_interpolation:0}
execute if entity @s[tag=aj.heiloang_aj.bone.leg_right_3] run data modify entity @s {} merge value {transformation:[-0.9775470080196049f,-0.17634167667048894f,0.11534929640426736f,-0.4754028477373342f,0.14782750408181103f,-0.18381363539659967f,0.9717816506187118f,0.10780949650498928f,-0.1501628321152106f,0.9670140435957106f,0.20575461924295252f,-2.9898667510857284f,0f,0f,0f,1f],start_interpolation:0}
execute if entity @s[tag=aj.heiloang_aj.bone.leg_right_2] run data modify entity @s {} merge value {transformation:[-0.9775470080196049f,0.003335716593283869f,0.21069105369409513f,-0.4833139942115239f,0.14782750408181103f,0.7233934230649208f,0.6744249287380758f,0.5159483913152982f,-0.1501628321152106f,0.6904280038217061f,-0.7076441869964831f,-2.5365743434669f,0f,0f,0f,1f],start_interpolation:0}
execute if entity @s[tag=aj.heiloang_aj.bone.leg_right_1] run data modify entity @s {} merge value {transformation:[-0.9806770134646762f,0.03697334666922306f,0.19210821663344094f,-0.6160953934114828f,0.08424840501092432f,0.9660731416526609f,0.24414112973948743f,0.41620091704035533f,-0.17656387375428437f,0.25560840481767305f,-0.9505206688291664f,-1.8466704701011365f,0f,0f,0f,1f],start_interpolation:0}
execute if entity @s[tag=aj.heiloang_aj.bone.leg_right_0] run data modify entity @s {} merge value {transformation:[-0.9321677197277984f,0.3179379523351594f,0.17314387301433065f,-0.33850911463505334f,0.3429682522686004f,0.9286796689881432f,0.14116249623711863f,1.0917755551391064f,-0.11591427967812451f,0.19096997374718028f,-0.9747278332404912f,-1.7686877623961639f,0f,0f,0f,1f],start_interpolation:0}
execute if entity @s[tag=aj.heiloang_aj.bone.leg_left_3] run data modify entity @s {} merge value {transformation:[-0.9972280652526372f,-0.021574816752359414f,-0.07120894013102322f,0.675427235488101f,-0.06793464713672603f,-0.1263531388635296f,0.9896563888631964f,-0.011959143525811677f,-0.030349128338225128f,0.9917506801517383f,0.12453721864436446f,-2.7432411242723163f,0f,0f,0f,1f],start_interpolation:0}
execute if entity @s[tag=aj.heiloang_aj.bone.leg_left_2] run data modify entity @s {} merge value {transformation:[-0.9889260181986124f,-0.13881960539148458f,-0.052482832324390466f,0.5934753293673183f,-0.1357539135477868f,0.703249478215126f,0.6978617673627158f,0.38282282732177636f,-0.05996837071571663f,0.6972584087331651f,-0.7143070110005897f,-2.2854802357319617f,0f,0f,0f,1f],start_interpolation:0}
execute if entity @s[tag=aj.heiloang_aj.bone.leg_left_1] run data modify entity @s {} merge value {transformation:[-0.9966292672342971f,-0.07331631799592392f,0.03680789599458634f,0.5619985804437793f,-0.06911216863627653f,0.9920898169077651f,0.1047917140536786f,0.3833574439035299f,-0.0441996814289266f,0.10189461567441935f,-0.9938127969885192f,-1.5765678705237314f,0f,0f,0f,1f],start_interpolation:0}
execute if entity @s[tag=aj.heiloang_aj.bone.leg_left_0] run data modify entity @s {} merge value {transformation:[-0.9776004631136755f,-0.2059660301622533f,0.04330506828454135f,0.37916452236240683f,-0.20552768786550715f,0.9785454979651802f,0.014390202664874174f,1.0917755551391082f,-0.045339872525027025f,0.005167478232101008f,-0.9989582539466476f,-1.6417754113998941f,0f,0f,0f,1f],start_interpolation:0}
execute if entity @s[tag=aj.heiloang_aj.bone.tail_4] run data modify entity @s {} merge value {transformation:[-0.4738639291036128f,-1.2440486821561554f,-0.8441861268746909f,-1.0379064350045153f,0.8954630894370882f,0.477451104469201f,-1.2062506629986154f,-2.1028858216608146f,1.2076643556211906f,-0.8421625038876681f,0.5631726954455293f,-3.6461881331299013f,0f,0f,0f,1f],start_interpolation:0}
execute if entity @s[tag=aj.heiloang_aj.bone.tail_3] run data modify entity @s {} merge value {transformation:[-0.6338287571480782f,-0.5169087616311694f,-0.5753837317486938f,-0.2555183279155271f,0.411079575469971f,0.4050126618509021f,-0.8166874104404177f,-1.0221009318153844f,0.655190574751767f,-0.7541684665175135f,-0.04421803780214267f,-3.567414887878035f,0f,0f,0f,1f],start_interpolation:0}
execute if entity @s[tag=aj.heiloang_aj.bone.tail_2] run data modify entity @s {} merge value {transformation:[-0.897771193398761f,-0.26890819956330414f,-0.34884848360138565f,0.012717081938336289f,0.1707551730626587f,0.5175843616115111f,-0.8384205982008945f,-0.3561613371374419f,0.40601669322295797f,-0.8122775442069211f,-0.4187548638541024f,-3.2543701402129335f,0f,0f,0f,1f],start_interpolation:0}
execute if entity @s[tag=aj.heiloang_aj.bone.tail_1] run data modify entity @s {} merge value {transformation:[-0.9816427164500842f,-0.05267732287167966f,-0.18331032948410794f,0.15508181520753128f,0.09081516222684087f,0.7160682870287436f,-0.6920974025535953f,0.1967963323405879f,0.1677205519613264f,-0.6960397316007138f,-0.6981393188203873f,-2.72053953932458f,0f,0f,0f,1f],start_interpolation:0}
execute if entity @s[tag=aj.heiloang_aj.bone.tail_ring] run data modify entity @s {} merge value {transformation:[-0.9884660797194382f,0.123053561112312f,0.08827587632905953f,0.17158422690298797f,0.024768871917519267f,0.7064127175485841f,-0.7073666485420116f,0.11705183013000597f,-0.14940318680676945f,-0.6970214441343987f,-0.7013129074733894f,-2.8429415840651404f,0f,0f,0f,1f],start_interpolation:0}
execute if entity @s[tag=aj.heiloang_aj.bone.tail_0] run data modify entity @s {} merge value {transformation:[-0.9884660797194382f,0.123053561112312f,0.08827587632905953f,0.0454911062286406f,0.024768871917519267f,0.7064127175485841f,-0.7073666485420116f,1.0892100231094348f,-0.14940318680676945f,-0.6970214441343987f,-0.7013129074733894f,-1.8475275128085409f,0f,0f,0f,1f],start_interpolation:0}
execute if entity @s[tag=aj.heiloang_aj.bone.body_1] run data modify entity @s {} merge value {transformation:[-0.9847214883156385f,0.08633689140217919f,0.15122675567650737f,0.0014227122025725787f,-2.5336846863738657e-15f,0.8684370111021701f,-0.4957995136624575f,1.32486875f,-0.17413670046671303f,-0.4882244349998653f,-0.8551685860809134f,-1.5808148127944095f,0f,0f,0f,1f],start_interpolation:0}