execute if entity @s[tag=aj.heiloang_aj.bone.head_lower] run data modify entity @s {} merge value {transformation:[-0.7851803997226415f,-0.15311949169495315f,0.006794200061246446f,0.0658435826094452f,-0.14832810933621327f,0.7680487674297499f,0.16763013699924575f,-1.2379294022814151f,-0.038607147940989184f,0.16326515890636545f,-0.7822109536532597f,4.319822626656103f,0f,0f,0f,1f],start_interpolation:0}
execute if entity @s[tag=aj.heiloang_aj.bone.horne_right] run data modify entity @s {} merge value {transformation:[-0.47645470477145907f,-0.6422549335187084f,0.022349824876749455f,-0.3480174798668068f,-0.6370796075867267f,0.47569701789431035f,0.0885546202273054f,-0.8326924370110609f,-0.08438298346399045f,0.034942059718047404f,-0.794769504047794f,4.1329028770287515f,0f,0f,0f,1f],start_interpolation:0}
execute if entity @s[tag=aj.heiloang_aj.bone.horne_left] run data modify entity @s {} merge value {transformation:[-0.6813367232745766f,0.4186654450100244f,0.022349824876749455f,0.319542895977383f,0.4183617007357581f,0.6761150542576917f,0.0885546202273054f,-0.7065838784534124f,0.027454633032456502f,0.08710728190385017f,-0.794769504047794f,4.165726674208181f,0f,0f,0f,1f],start_interpolation:0}
execute if entity @s[tag=aj.heiloang_aj.bone.head_upper] run data modify entity @s {} merge value {transformation:[-1.1501126200037324f,-0.222106578270324f,0.032737464733840684f,0.0470448056612753f,-0.2172673063529518f,1.144172920929584f,0.12971259384345127f,-1.086623317730942f,-0.05655078512526244f,0.12123987504328788f,-1.1641585002916075f,4.107496290960297f,0f,0f,0f,1f],start_interpolation:0}
execute if entity @s[tag=aj.heiloang_aj.bone.neck_0] run data modify entity @s {} merge value {transformation:[-0.9814754996533018f,-0.19128868146679728f,-0.01069971602407445f,0.05586108336027772f,-0.18541013667026657f,0.9342789719263935f,0.3045420887760404f,-1.0177206053593177f,-0.04825893492623648f,0.3008844345572813f,-0.9524387813612644f,3.680138188072012f,0f,0f,0f,1f],start_interpolation:0}
execute if entity @s[tag=aj.heiloang_aj.bone.neck_1] run data modify entity @s {} merge value {transformation:[-0.9814754996533018f,-0.1905354888126879f,-0.020051710231592725f,0.04617613144855481f,-0.18541013667026657f,0.9182493745313733f,0.3499159433244707f,-0.8787595766238019f,-0.04825893492623648f,0.3471517156455537f,-0.9365664746958082f,3.3432215043974023f,0f,0f,0f,1f],start_interpolation:0}
execute if entity @s[tag=aj.heiloang_aj.bone.neck_2] run data modify entity @s {} merge value {transformation:[-0.9943589702723641f,-0.10390960132832175f,-0.021284571658198956f,0.04093642579918878f,-0.10293549945694318f,0.8969689263597425f,0.42994305215528256f,-0.7326322405198432f,-0.02558361175505554f,0.4297086686312482f,-0.9026050846924843f,2.9589308848293143f,0f,0f,0f,1f],start_interpolation:0}
execute if entity @s[tag=aj.heiloang_aj.bone.neck_3] run data modify entity @s {} merge value {transformation:[-0.9886967859130156f,-0.14963816930136775f,0.009331870841782365f,0.04938934427715541f,-0.14686943512124445f,0.9791534341300114f,0.14031365385653433f,-0.6837313489983377f,-0.030133611672666524f,0.13735709198851004f,-0.9900631266379033f,2.4432469431153327f,0f,0f,0f,1f],start_interpolation:0}
execute if entity @s[tag=aj.heiloang_aj.bone.wing_right_2] run data modify entity @s {} merge value {transformation:[-1.6552487036650525f,-1.6567104445661143f,0.22144579066154527f,-3.8377753099362724f,-1.2192952343959786f,1.4100088936059625f,1.4348414747463738f,-1.9920950917608764f,-1.143261504081819f,0.894852741594193f,-1.8508829542861265f,0.4424865700481315f,0f,0f,0f,1f],start_interpolation:0}
execute if entity @s[tag=aj.heiloang_aj.bone.wing_right_1] run data modify entity @s {} merge value {transformation:[-2.4941829104150877f,-2.2061572657084447f,0.3148658464412419f,-2.209579257780716f,-1.6068744545071378f,2.107833541704059f,2.0401497545081595f,-0.9710847447546322f,-1.5440935430684586f,1.3700827173310224f,-2.6317042483579214f,1.4934717962680337f,0f,0f,0f,1f],start_interpolation:0}
execute if entity @s[tag=aj.heiloang_aj.bone.wing_right_0] run data modify entity @s {} merge value {transformation:[-2.0213575128021795f,-0.8937777144473591f,0.20898613015088122f,-0.32778658217831463f,-0.5924262836374787f,1.656447135732557f,1.3541100342951788f,-0.4091989704589514f,-0.7011026343508284f,1.1771764029577985f,-1.7467429153786957f,2.131583699747697f,0f,0f,0f,1f],start_interpolation:0}
execute if entity @s[tag=aj.heiloang_aj.bone.wing_left_2] run data modify entity @s {} merge value {transformation:[-2.164165354584009f,0.7981176326157556f,-0.46148951109109426f,4.069221226020401f,0.4400385977673855f,1.9289521699858336f,1.2724329313181348f,-1.3581433764337842f,0.8101421830852832f,1.0843098158440563f,-1.923932917949856f,0.5251988257916311f,0f,0f,0f,1f],start_interpolation:0}
execute if entity @s[tag=aj.heiloang_aj.bone.wing_left_1] run data modify entity @s {} merge value {transformation:[-2.7062595532279685f,1.8527848813822743f,-0.656175423788199f,2.3073675376640885f,1.277323341876875f,2.506464049426666f,1.8092268575632422f,-0.5493827664259406f,1.4939287411917752f,1.2132785851373737f,-2.7355713779735686f,1.544920510961778f,0f,0f,0f,1f],start_interpolation:0}
execute if entity @s[tag=aj.heiloang_aj.bone.wing_left_0] run data modify entity @s {} merge value {transformation:[-2.1023239932808355f,0.564759123362657f,-0.43552377645125373f,0.34844988674064575f,0.24836602723001167f,1.8505942317777917f,1.2008394171698156f,-0.3087450500926617f,0.6685418040733875f,1.0884613552576894f,-1.815682718515791f,2.152194110789422f,0f,0f,0f,1f],start_interpolation:0}
execute if entity @s[tag=aj.heiloang_aj.bone.kazari_right] run data modify entity @s {} merge value {transformation:[-2.625095139018233f,0.09169928492716894f,0.08565594435261964f,-2.786327406984885f,-0.06323592280010007f,0.5827763194968902f,-2.5618827389358643f,3.1591250756426534f,-0.10838319854439137f,-2.5610219036809805f,-0.5799052333750602f,-0.707054689938095f,0f,0f,0f,1f],start_interpolation:0}
execute if entity @s[tag=aj.heiloang_aj.bone.kazari_left] run data modify entity @s {} merge value {transformation:[-2.625058622500723f,-0.09273875235259861f,0.08565594435261964f,2.0909052308754164f,-0.10397545842501958f,0.5769021793545495f,-2.5618827389358643f,3.3737051869479515f,0.07159972790564717f,-2.56231410795482f,-0.5799052333750602f,-0.934617933471177f,0f,0f,0f,1f],start_interpolation:0}
execute if entity @s[tag=aj.heiloang_aj.bone.ring] run data modify entity @s {} merge value {transformation:[-2.198419787267986f,0.13317234333201242f,-0.0462801437343415f,-0.2924418552659901f,-0.09672230087730459f,-0.8985168696828193f,2.0090392025026325f,2.415773618957094f,0.10257446683074141f,2.006952627156624f,0.9025219758474258f,2.700264409130483f,0f,0f,0f,1f],start_interpolation:0}
execute if entity @s[tag=aj.heiloang_aj.bone.body_0] run data modify entity @s {} merge value {transformation:[-1.1158057044949636f,-0.16515219681254634f,-0.036807032509583816f,-0.0024493016999211133f,-0.1657512756784215f,1.0175209196945403f,0.4591623553086924f,-0.14589188373297018f,-0.03400765156766219f,0.4593781729791263f,-1.0302754727561392f,1.522697621409555f,0f,0f,0f,1f],start_interpolation:0}
execute if entity @s[tag=aj.heiloang_aj.bone.leg_right_3] run data modify entity @s {} merge value {transformation:[-0.9992076346070332f,-0.005054609280774582f,-0.03947852413700939f,-0.35899135030874973f,-0.03277403752593441f,-0.45829829140905654f,0.8881939757484216f,-0.2124558423318741f,-0.022582413672288654f,0.8887840722113319f,0.45776949174904114f,-0.5046173493850732f,0f,0f,0f,1f],start_interpolation:0}
execute if entity @s[tag=aj.heiloang_aj.bone.leg_right_2] run data modify entity @s {} merge value {transformation:[-0.9992076346070332f,-0.028706960282860093f,-0.02756834007219185f,-0.375149869642775f,-0.03277403752593441f,0.200452782294671f,0.9791550155795422f,-0.13673767796248226f,-0.022582413672288654f,0.9792826928429009f,-0.20123479344062284f,0.1004608375774485f,0f,0f,0f,1f],start_interpolation:0}
execute if entity @s[tag=aj.heiloang_aj.bone.leg_right_1] run data modify entity @s {} merge value {transformation:[-0.9992076346070332f,-0.038972064794050944f,-0.008079672561807243f,-0.37237435072682906f,-0.03277403752593441f,0.6904862746799916f,0.722602634193092f,-0.5947903406189474f,-0.022582413672288654f,0.7222948723646287f,-0.6912164291656401f,0.6424275042746563f,0f,0f,0f,1f],start_interpolation:0}
execute if entity @s[tag=aj.heiloang_aj.bone.leg_right_0] run data modify entity @s {} merge value {transformation:[-0.9992076346070332f,-0.03825502390159581f,0.010984356572237605f,-0.36351362768322526f,-0.03277403752593441f,0.9474330152229771f,0.3182711801746214f,0.11998702314076568f,-0.022582413672288654f,0.31765899139137554f,-0.9479360736784668f,0.8113989348540958f,0f,0f,0f,1f],start_interpolation:0}
execute if entity @s[tag=aj.heiloang_aj.bone.leg_left_3] run data modify entity @s {} merge value {transformation:[-0.9944908133231127f,0.05609000186639192f,-0.0885546944354806f,0.5977120756207427f,-0.10291587186338691f,-0.36200914780334126f,0.9264759577157398f,-0.051604102747268066f,0.019908428730869454f,0.9304855122984595f,0.3657873232742507f,-0.8644915535018347f,0f,0f,0f,1f],start_interpolation:0}
execute if entity @s[tag=aj.heiloang_aj.bone.leg_left_2] run data modify entity @s {} merge value {transformation:[-0.9786170056261618f,-0.1354028350000613f,-0.15483807210512104f,0.5226670601897416f,-0.18158468803799976f,0.21510003125811578f,0.9595618675327295f,0.03394664532040431f,-0.09662172307212699f,0.9671597845375415f,-0.23508763005285793f,-0.26518923775091663f,0f,0f,0f,1f],start_interpolation:0}
execute if entity @s[tag=aj.heiloang_aj.bone.leg_left_1] run data modify entity @s {} merge value {transformation:[-0.9786170056261618f,-0.19881291436788093f,-0.052746387362872f,0.544961045057738f,-0.18158468803799976f,0.7145797044753264f,0.6755759372728555f,-0.3891138739632952f,-0.09662172307212699f,0.6707080371014684f,-0.7354012317082889f,0.30408274324316353f,0f,0f,0f,1f],start_interpolation:0}
execute if entity @s[tag=aj.heiloang_aj.bone.leg_left_0] run data modify entity @s {} merge value {transformation:[-0.9786170056261618f,-0.1905047520328641f,-0.0775673626738815f,0.3652366103400816f,-0.18158468803799976f,0.6230000488096865f,0.7608534288897372f,0.1107520538643593f,-0.09662172307212699f,0.7586691496535398f,-0.6442711882387322f,0.8113989348540959f,0f,0f,0f,1f],start_interpolation:0}
execute if entity @s[tag=aj.heiloang_aj.bone.tail_4] run data modify entity @s {} merge value {transformation:[-1.5761854066637122f,0.018318723725544304f,0.01258379390681673f,0.015179203899911889f,0.022116093501374407f,1.3808901491405752f,0.7599392331643579f,0.8706374475811018f,-0.0021922400097896737f,0.7600402516020195f,-1.3810099107957743f,-3.3355944134417683f,0f,0f,0f,1f],start_interpolation:0}
execute if entity @s[tag=aj.heiloang_aj.bone.tail_3] run data modify entity @s {} merge value {transformation:[-0.9999006074434745f,0.013067888984736787f,0.005292023398783936f,0.007766295289147308f,0.014030008927128119f,0.9592948775108667f,0.28205761260940265f,0.46868062239587127f,-0.0013907133692415052f,0.2821038253177255f,-0.9593828733396437f,-2.060914801981328f,0f,0f,0f,1f],start_interpolation:0}
execute if entity @s[tag=aj.heiloang_aj.bone.tail_2] run data modify entity @s {} merge value {transformation:[-0.9999006074434745f,0.013438876742390134f,0.004262842487534257f,0.004674017899491453f,0.014030008927128119f,0.9782768627687157f,0.20682731594473644f,0.32460795229392714f,-0.0013907133692415052f,0.20686656656720048f,-0.9783681768910018f,-1.2910730673044908f,0f,0f,0f,1f],start_interpolation:0}
execute if entity @s[tag=aj.heiloang_aj.bone.tail_1] run data modify entity @s {} merge value {transformation:[-0.9999173008124541f,0.012849078363947082f,0.0005410370903671106f,0.004468210062996841f,0.012848072404741588f,0.9999157974696853f,-0.001823459910622785f,0.34292028792635876f,-0.0005644213129602144f,-0.0018163578282589382f,-0.9999981911347745f,-0.5096195319199339f,0f,0f,0f,1f],start_interpolation:0}
execute if entity @s[tag=aj.heiloang_aj.bone.tail_ring] run data modify entity @s {} merge value {transformation:[-0.9999173008124541f,0.012748084119805572f,0.0016964336740252946f,0.0051073821341826f,0.012848072404741588f,0.9960138831916805f,0.08826817957175587f,0.3864964579293568f,-0.0005644213129602144f,0.08828267576769289f,-0.9960953019605492f,-0.6500278103374948f,0f,0f,0f,1f],start_interpolation:0}
execute if entity @s[tag=aj.heiloang_aj.bone.tail_0] run data modify entity @s {} merge value {transformation:[-0.9999173008124541f,0.012748084119805572f,0.0016964336740252946f,0.002449575039144509f,0.012848072404741588f,0.9960138831916805f,0.08826817957175587f,0.240688459177501f,-0.0005644213129602144f,0.08828267576769289f,-0.9960953019605492f,0.7394228595588808f,0f,0f,0f,1f],start_interpolation:0}
execute if entity @s[tag=aj.heiloang_aj.bone.body_1] run data modify entity @s {} merge value {transformation:[-0.9999197155952186f,0.010812617076265294f,0.006606790138872776f,0.003939578713989237f,0.012671320530120387f,0.8532456397136488f,0.5213552684548886f,0.11761597075718234f,-1.2245484791080162e-16f,0.521397128513006f,-0.8533141475320749f,1.0762665410249672f,0f,0f,0f,1f],start_interpolation:0}