# This file was generated by Animated Java via MC-Build. It is not recommended to edit this file directly.
$data merge entity $(bone_head_lower) { transformation: [-1.0977822650922675f,-0.03430027647663546f,0.06080780774306681f,-0.20632130005312468f,0.014135050697638343f,0.8290458170508865f,0.7228300170663942f,-0.20582760607096748f,-0.06836884371310226f,0.722154086233717f,-0.8269335988731376f,3.974450683076776f,0f,0f,0f,1f], start_interpolation: 0, interpolation_duration: 1 }
$data merge entity $(bone_horne_right) { transformation: [-0.7673339544805757f,0.19440546175029422f,-1.4740584016902107f,-0.4869345551769015f,-1.3247400213769687f,0.6637442203566053f,0.7771425471276114f,0.22365068037421149f,0.6750596498932461f,1.5235134325746846f,-0.15048037314264934f,4.091282532108041f,0f,0f,0f,1f], start_interpolation: 0, interpolation_duration: 1 }
$data merge entity $(bone_horne_left) { transformation: [-0.6434292852184885f,-0.36481691186449056f,1.5007832716923266f,0.14160068070167625f,1.3429050168861965f,0.670944770824265f,0.7388384687982215f,0.21555765709727864f,-0.7629206534075161f,1.4886855907718972f,0.03478995951445538f,4.130427113575977f,0f,0f,0f,1f], start_interpolation: 0, interpolation_duration: 1 }
$data merge entity $(bone_head_upper) { transformation: [-1.0977822650922675f,-0.01011128710103297f,0.0690786531574834f,-0.1686363402983006f,0.014135050697638343f,1.0336704344027456f,0.3759330171498837f,-0.21410377847098389f,-0.06836884371310226f,0.37606275395843175f,-1.031456497528875f,3.9564686860259366f,0f,0f,0f,1f], start_interpolation: 0, interpolation_duration: 1 }
$data merge entity $(bone_neck_0) { transformation: [-0.9987808897603075f,-0.03872551050247428f,0.030611584178727693f,-0.15122871878517014f,0.012445676818535558f,0.4025449122736065f,0.9153156279290565f,0.3756910145881494f,-0.04776860243022758f,0.9145807391580895f,-0.40157220046077113f,3.7442528412221683f,0f,0f,0f,1f], start_interpolation: 0, interpolation_duration: 1 }
$data merge entity $(bone_neck_1) { transformation: [-0.9984179995376968f,-0.012813759265381483f,0.05474765540762818f,-0.11676216359938113f,0.019262359116979013f,0.8368188559243486f,0.5471408994863325f,0.7116917176666044f,-0.05282480213301404f,0.5473298913296745f,-0.835248184874804f,3.2153372230823547f,0f,0f,0f,1f], start_interpolation: 0, interpolation_duration: 1 }
$data merge entity $(bone_neck_2) { transformation: [-0.9984179995376968f,0.016363877050882752f,0.05379332418625142f,-0.09219024131697942f,0.019262359116979013f,0.9983652452963686f,0.053812624035355194f,0.7592167806018326f,-0.05282480213301404f,0.054763678767825175f,-0.9971010378930625f,2.7682441208459045f,0f,0f,0f,1f], start_interpolation: 0, interpolation_duration: 1 }
$data merge entity $(bone_arm_right_3) { transformation: [-0.9683634124218499f,0.014676257845513477f,0.24911224164693882f,-0.9581095723268946f,0.20228875541227204f,0.6307078666454411f,0.7491907943810512f,-0.23195519895465963f,-0.14612173321058314f,0.7758815595225919f,-0.6137232639197628f,2.540150061947578f,0f,0f,0f,1f], start_interpolation: 0, interpolation_duration: 1 }
$data merge entity $(bone_arm_right_4) { transformation: [-0.8320066502471037f,0.508659778632505f,-0.22142755823547622f,-0.8140202701278254f,-0.011945457725574649f,0.3826183368519083f,0.9238292668801991f,-0.1890913799841326f,0.5546370344507484f,0.7712771472734113f,-0.31226482688491947f,2.465084638494097f,0f,0f,0f,1f], start_interpolation: 0, interpolation_duration: 1 }
$data merge entity $(bone_arm_right_2) { transformation: [-0.9683634124218499f,0.09447365770307377f,0.23096975880602483f,-0.9035114283832326f,0.20228875541227204f,0.8391540596887129f,0.5048759486663096f,-0.10357965748770248f,-0.14612173321058314f,0.5356259815469698f,-0.8317170474238106f,2.4371363545289584f,0f,0f,0f,1f], start_interpolation: 0, interpolation_duration: 1 }
$data merge entity $(bone_arm_right_1) { transformation: [-0.9348267716648326f,0.32394530602080607f,0.14545908595132026f,-0.7121601327213005f,0.2498956425747057f,0.8911631216247988f,-0.3786561216699385f,0.4261925399078603f,-0.25229164631608836f,-0.31762828803970006f,-0.9140356644223944f,2.2593681804889885f,0f,0f,0f,1f], start_interpolation: 0, interpolation_duration: 1 }
$data merge entity $(bone_arm_right_0) { transformation: [0.6097017749200349f,0.5307465440872874f,0.5887035345560281f,-0.5012096203195537f,0.39114743131505825f,0.4445202138062362f,-0.8058569764500958f,0.6351821348045206f,-0.6893964263288513f,0.7216023042210021f,0.06342461594640886f,2.5871732523116844f,0f,0f,0f,1f], start_interpolation: 0, interpolation_duration: 1 }
$data merge entity $(bone_arm_left_3) { transformation: [-0.9865941967319838f,0.02126165179014683f,-0.1618018329251133f,0.7458299031048852f,-0.15308847738670656f,0.22287636724473103f,0.9627512882438598f,-0.2913148334834216f,0.05653148738704433f,0.9746148301185175f,-0.21663361661307812f,2.5660126119033513f,0f,0f,0f,1f], start_interpolation: 0, interpolation_duration: 1 }
$data merge entity $(bone_arm_left_4) { transformation: [-0.7833220826158286f,-0.5465278888919582f,0.29616512547850804f,0.6107517143592223f,0.10421191072558217f,0.3542423508116549f,0.929328916237064f,-0.2342321780412253f,-0.6128184009552297f,0.7588277957183249f,-0.22053114042226274f,2.483980269768912f,0f,0f,0f,1f], start_interpolation: 0, interpolation_duration: 1 }
$data merge entity $(bone_arm_left_2) { transformation: [-0.9865941967319838f,-0.09036887094798757f,-0.1358872994004874f,0.7067608021437408f,-0.15308847738670656f,0.8009526001630185f,0.5788254057861661f,-0.15249949274363506f,0.05653148738704433f,0.5918685660310793f,-0.8040496200348102f,2.469695596737073f,0f,0f,0f,1f], start_interpolation: 0, interpolation_duration: 1 }
$data merge entity $(bone_arm_left_1) { transformation: [-0.964285419312758f,-0.24802171974294168f,-0.09294544978949945f,0.5596590091497904f,-0.21046154182081495f,0.93054688421609f,-0.2996471853532628f,0.39978386093694895f,0.16080910893112993f,-0.2693839691063315f,-0.9495118259786423f,2.320633250949747f,0f,0f,0f,1f], start_interpolation: 0, interpolation_duration: 1 }
$data merge entity $(bone_arm_left_0) { transformation: [0.5239203866910884f,-0.5787540520749141f,-0.6249409377023787f,0.3270266626205456f,-0.41468652013255713f,0.46755843056005525f,-0.7806562649672188f,0.6179842287594464f,0.7440043806522991f,0.6681563149586225f,0.004961889872139608f,2.6270703985032657f,0f,0f,0f,1f], start_interpolation: 0, interpolation_duration: 1 }
$data merge entity $(bone_wing_right_2) { transformation: [-0.8852734576212176f,3.4667421822270708f,0.13689271804997058f,-2.8487237730177624f,3.4191819037224094f,0.8957299884290931f,-0.5723748475800395f,3.451184988849653f,-0.588418289607683f,-0.010793463417804645f,-3.531911307869844f,2.78845826635299f,0f,0f,0f,1f], start_interpolation: 0, interpolation_duration: 1 }
$data merge entity $(bone_wing_right_1) { transformation: [-2.5769283983127f,2.611330287000471f,0.5154754262460816f,-1.862312218480955f,1.995103625029581f,2.369906721928256f,-2.0318524571565475f,2.1098283011346353f,-1.761908711671343f,-1.1357011114079743f,-3.0546982551773136f,2.2694481107359414f,0f,0f,0f,1f], start_interpolation: 0, interpolation_duration: 1 }
$data merge entity $(bone_wing_right_0) { transformation: [-1.5953596662725056f,1.0658612270606593f,0.26958047013762876f,-0.2790392072856062f,0.7720412629559321f,1.4243332233365233f,-1.0626068921257756f,0.9435899171078851f,-0.7827426611117405f,-0.7675421575057205f,-1.5975290961128612f,2.3153934334980177f,0f,0f,0f,1f], start_interpolation: 0, interpolation_duration: 1 }
$data merge entity $(bone_wing_left_2) { transformation: [-1.065192364026331f,-3.4143064706925776f,0.16919403317800583f,2.753160619816423f,-3.3821147953043713f,1.0267784840384915f,-0.5725168339491373f,3.3437065285915457f,0.49740809006239756f,-0.33013230371876967f,-3.530488340589453f,3.0496067190895015f,0f,0f,0f,1f], start_interpolation: 0, interpolation_duration: 1 }
$data merge entity $(bone_wing_left_1) { transformation: [-2.802954109206267f,-2.4030076641986176f,-0.30712079119852553f,1.7688305746779824f,-1.8928817557326478f,2.4655550864851157f,-2.015777152172797f,2.0399514392148874f,1.5118755482506472f,-1.368178728898415f,-3.093160203625368f,2.4389234219563845f,0f,0f,0f,1f], start_interpolation: 0, interpolation_duration: 1 }
$data merge entity $(bone_wing_left_0) { transformation: [-1.6891689544732258f,-0.9353164652695795f,-0.16061632245649343f,0.14496034852619755f,-0.7095934735949808f,1.4625477373099063f,-1.0541999185738369f,0.9347857815318396f,0.6301520415544476f,-0.8602577961781539f,-1.6176437118968654f,2.3358180063063214f,0f,0f,0f,1f], start_interpolation: 0, interpolation_duration: 1 }
$data merge entity $(bone_body_0) { transformation: [-1.1982925038144903f,0.043570380166851504f,0.04530674203819789f,-0.047640646051692916f,0.024881935650009235f,1.123042813303422f,-0.42191436615247463f,0.3006757825138552f,-0.05772320313624821f,-0.4203956054238098f,-1.1224043702516666f,1.6476663354447432f,0f,0f,0f,1f], start_interpolation: 0, interpolation_duration: 1 }
$data merge entity $(bone_body_1) { transformation: [-0.9986270178629684f,0.0040195449310876175f,0.05222951706326204f,0.014267881682745674f,0.020735983174166403f,0.9459419377694576f,0.32367247237101354f,0.7576553365159905f,-0.048105074533933534f,0.3243111062352179f,-0.9447265256022898f,0.5594732789704889f,0f,0f,0f,1f], start_interpolation: 0, interpolation_duration: 1 }
$data merge entity $(bone_leg_right_3) { transformation: [-0.8634640046439528f,0.25291285788281787f,0.021563835507008244f,-0.8454965280873724f,0.1761598597946601f,0.542035157891989f,0.6965382914141423f,-0.440678049776464f,0.1827501476917418f,0.6724826941465128f,-0.5695343796401533f,-0.7054211700881149f,0f,0f,0f,1f], start_interpolation: 0, interpolation_duration: 1 }
$data merge entity $(bone_leg_right_2) { transformation: [-0.959404449604392f,0.24024999885327672f,-0.14772623372405475f,-0.707498250023949f,0.19573317754962233f,0.9442999945563628f,0.2645487544615952f,0.09467392510867793f,0.2030557196574909f,0.22489432703350684f,-0.9529905122206226f,-0.6069474905789325f,0f,0f,0f,1f], start_interpolation: 0, interpolation_duration: 1 }
$data merge entity $(bone_leg_right_1) { transformation: [-0.8853905021191233f,0.43892721815123625f,-0.1530573615454796f,-0.5963620542943125f,0.3967057806395252f,0.8850925604816824f,0.24338381825249658f,0.016891684531949003f,0.24229771431945357f,0.1547709809557219f,-0.9577775112673987f,-0.07348972779484114f,0f,0f,0f,1f], start_interpolation: 0, interpolation_duration: 1 }
$data merge entity $(bone_leg_right_0) { transformation: [-0.8853905021191233f,0.30631076183408557f,-0.3496532224102456f,-0.3520329524640263f,0.3967057806395252f,0.8899730123840697f,-0.22488343833019248f,0.6619358011885499f,0.24229771431945357f,-0.33781911493082606f,-0.9094889021988789f,-0.17229818647387612f,0f,0f,0f,1f], start_interpolation: 0, interpolation_duration: 1 }
$data merge entity $(bone_leg_left_3) { transformation: [-0.8652402320139787f,-0.24769532223470372f,-0.002523538674655837f,0.8585054381550183f,-0.1615341505623458f,0.5572555709593017f,0.6880210366238262f,-0.523783792660057f,-0.18779259598423362f,0.6619012433723546f,-0.5801902144259531f,-0.7734596899915105f,0f,0f,0f,1f], start_interpolation: 0, interpolation_duration: 1 }
$data merge entity $(bone_leg_left_2) { transformation: [-0.9613780355710875f,-0.15265526681757008f,0.22901668549329166f,0.7718452133083556f,-0.17948238951371756f,0.9785448428509329f,-0.10117342726373048f,0.02087815078233808f,-0.2086584399824818f,-0.13837037270564703f,-0.9681504507985199f,-0.8791748739200638f,0f,0f,0f,1f], start_interpolation: 0, interpolation_duration: 1 }
$data merge entity $(bone_leg_left_1) { transformation: [-0.8977215821874651f,-0.3924237242465516f,0.20024879905582615f,0.6378076685592913f,-0.38770222313808433f,0.9195624556253085f,0.063967776091871f,0.04336842670867791f,-0.20924375032153597f,-0.020211651412467384f,-0.9776546128866572f,-0.34578323571095226f,0f,0f,0f,1f], start_interpolation: 0, interpolation_duration: 1 }
$data merge entity $(bone_leg_left_0) { transformation: [-0.8977215821874651f,-0.401980352140525f,0.18029907755674648f,0.3522120823244338f,-0.38770222313808433f,0.9151925394604356f,0.11004363629827178f,0.6583798213252381f,-0.20924375032153597f,0.028886194088850015f,-0.9774367707132978f,-0.18535294070412534f,0f,0f,0f,1f], start_interpolation: 0, interpolation_duration: 1 }
$data merge entity $(bone_tail_3) { transformation: [-0.9432803031985171f,-0.137201205245635f,-0.8992466515273263f,0.03060440317006413f,-0.16673235966204192f,1.299576831583148f,-0.02338419252580041f,0.38337631871785804f,0.894242154701673f,0.09758242412289908f,-0.9529192414171609f,-3.5246268455537777f,0f,0f,0f,1f], start_interpolation: 0, interpolation_duration: 1 }
$data merge entity $(bone_tail_2) { transformation: [-0.9395059897435015f,-0.16229478175663972f,-0.30164366237441215f,0.32653022352897354f,-0.15479794422726528f,0.986741927002751f,-0.04876439231560388f,0.426896630091793f,0.30555865508785074f,0.0008793801580304766f,-0.95217284932487f,-2.5926914192838226f,0f,0f,0f,1f], start_interpolation: 0, interpolation_duration: 1 }
$data merge entity $(bone_tail_1) { transformation: [-0.988474676789767f,-0.06594629970472068f,0.13626774710334455f,0.1878423571715251f,-0.07107197586728861f,0.9969220725996708f,-0.03309313236755142f,0.5947526687897232f,-0.13366595524547553f,-0.042396541354595044f,-0.9901191573186949f,-1.6563304490504553f,0f,0f,0f,1f], start_interpolation: 0, interpolation_duration: 1 }
$data merge entity $(bone_tail_0) { transformation: [-0.9704492669336953f,-0.15516749101081245f,0.18480062240496636f,-0.008396792470812927f,-0.14782917766732925f,0.98759539837596f,0.052932630171098186f,0.5171817479438892f,-0.19072166772041066f,0.024049508103877848f,-0.9813495129778721f,-0.5976810215002364f,0f,0f,0f,1f], start_interpolation: 0, interpolation_duration: 1 }
$data merge entity $(bone_body_2) { transformation: [-1.02064497795429f,0.0029080917496434244f,-0.019392432119429915f,1.613724741278962e-17f,0.0051535940047996755f,1.0138365168457861f,-0.11920424498851492f,0.46967126689407057f,0.018919933667027856f,-0.11928015156271325f,-1.0136641337236194f,-0.131770625f,0f,0f,0f,1f], start_interpolation: 0, interpolation_duration: 1 }