# This file was generated by Animated Java via MC-Build. It is not recommended to edit this file directly.
$data merge entity $(bone_head_lower) { transformation: [-1.097930273493031f,-0.038546442762832214f,0.05534696286022141f,-0.17297725493340943f,0.004794927922852796f,0.8557655273497515f,0.6911167563198104f,-0.06122076645256313f,-0.06727646849927305f,0.6900576308904448f,-0.8539873200675363f,3.978929624362563f,0f,0f,0f,1f], start_interpolation: 0, interpolation_duration: 1 }
$data merge entity $(bone_horne_right) { transformation: [-0.7540896438476851f,0.1895143446589058f,-1.481511449520664f,-0.45754715673840196f,-1.3426877212034531f,0.6409165052598693f,0.7654141163223962f,0.36363026061840104f,0.6542029847240001f,1.5338687686059136f,-0.13677758706830367f,4.102891933999634f,0f,0f,0f,1f], start_interpolation: 0, interpolation_duration: 1 }
$data merge entity $(bone_horne_left) { transformation: [-0.6568638018854932f,-0.3697834260649614f,1.493731306638124f,0.17107282135003288f,1.3488496972761843f,0.6433590943411424f,0.7524205092480742f,0.36088492463617167f,-0.740660173616161f,1.4995973947652899f,0.045532556294072206f,4.141411076038892f,0f,0f,0f,1f], start_interpolation: 0, interpolation_duration: 1 }
$data merge entity $(bone_head_upper) { transformation: [-1.097930273493031f,-0.01957597928660656f,0.06454374936807886f,-0.1352321880432144f,0.004794927922852796f,1.0273307804289322f,0.39315197602135427f,-0.06884722489146788f,-0.06727646849927305f,0.39269358107594704f,-1.025312453922225f,3.9607871191224295f,0f,0f,0f,1f], start_interpolation: 0, interpolation_duration: 1 }
$data merge entity $(bone_neck_0) { transformation: [-0.999016661617545f,-0.037228224260044775f,0.024078395481834634f,-0.12184789044324945f,0.00823594813838923f,0.3778068922808934f,0.925847785169525f,0.5264808835994428f,-0.0435646527450591f,0.9251356719225008f,-0.37712877053826727f,3.7643137320936075f,0f,0f,0f,1f], start_interpolation: 0, interpolation_duration: 1 }
$data merge entity $(bone_neck_1) { transformation: [-0.9986586632885127f,-0.012844873121327949f,0.0501585832465214f,-0.09026071691496493f,0.015691313563149602f,0.8481018524010288f,0.5296008219712337f,0.8513762910340983f,-0.04934224272835751f,0.5296775030038944f,-0.8467627093194972f,3.2283273780656567f,0f,0f,0f,1f], start_interpolation: 0, interpolation_duration: 1 }
$data merge entity $(bone_neck_2) { transformation: [-0.9986586632885127f,0.014151391923326494f,0.04980574610859313f,-0.06753360850411215f,0.015691313563149602f,0.9994065569795461f,0.03066458127795174f,0.888516559154815f,-0.04934224272835751f,0.03140496732877779f,-0.9982880702029922f,2.7801547192986753f,0f,0f,0f,1f], start_interpolation: 0, interpolation_duration: 1 }
$data merge entity $(bone_arm_right_3) { transformation: [-0.9715722711476391f,-0.00550639387511874f,0.23667911095724053f,-0.928559751990374f,0.19500442913681018f,0.5482643546696162f,0.8132524024039129f,-0.10872047557939404f,-0.13424080808027253f,0.8362869585406681f,-0.5316046730614338f,2.515988744359478f,0f,0f,0f,1f], start_interpolation: 0, interpolation_duration: 1 }
$data merge entity $(bone_arm_right_4) { transformation: [-0.7973285936513708f,0.5602078337902929f,-0.2245758150512075f,-0.7855367533966165f,0.004041654256204563f,0.37704188029054997f,0.9261873922364953f,-0.06277036235945072f,0.6035319202633777f,0.7375680331108133f,-0.3028904385355304f,2.440710189966294f,0f,0f,0f,1f], start_interpolation: 0, interpolation_duration: 1 }
$data merge entity $(bone_arm_right_2) { transformation: [-0.9715722711476391f,0.09001823028043375f,0.21896127546713945f,-0.8761393130927628f,0.19500442913681018f,0.8287367090168153f,0.524565286446792f,0.022351595041821826f,-0.13424080808027253f,0.5523515052438592f,-0.8227315601706294f,2.415265009450545f,0f,0f,0f,1f], start_interpolation: 0, interpolation_duration: 1 }
$data merge entity $(bone_arm_right_1) { transformation: [-0.9359581712344627f,0.3161333483617401f,0.15505485401313343f,-0.6894982836652246f,0.25411345350497216f,0.9112745648554634f,-0.3240447811572686f,0.5634325036736714f,-0.24373890630594025f,-0.2638908363340421f,-0.9332486121348927f,2.2694157734748672f,0f,0f,0f,1f], start_interpolation: 0, interpolation_duration: 1 }
$data merge entity $(bone_arm_right_0) { transformation: [0.6069349347319393f,0.5326265646209476f,0.589863482224509f,-0.4777018728453329f,0.4067059582977131f,0.42949985863140183f,-0.8063002759026842f,0.765559307765756f,-0.682803228234222f,0.7292727981322855f,0.04405607128684569f,2.6009575807958205f,0f,0f,0f,1f], start_interpolation: 0, interpolation_duration: 1 }
$data merge entity $(bone_arm_left_3) { transformation: [-0.9863812602395781f,0.05232614023303749f,-0.1559294215229881f,0.770890343812773f,-0.15214112794044712f,0.06992448158749154f,0.9858821654050391f,-0.15797361297715418f,0.062490692404467224f,0.9961789708295556f,-0.061011240274044476f,2.532105999772396f,0f,0f,0f,1f], start_interpolation: 0, interpolation_duration: 1 }
$data merge entity $(bone_arm_left_4) { transformation: [-0.7571377708346108f,-0.586481275337843f,0.2877188030937377f,0.6352664567267424f,0.07798127793577725f,0.3561457122148795f,0.9311708500390565f,-0.09966900441645388f,-0.6485840857337611f,0.7274613016161432f,-0.22391681130242913f,2.4518527403029995f,0f,0f,0f,1f], start_interpolation: 0, interpolation_duration: 1 }
$data merge entity $(bone_arm_left_2) { transformation: [-0.9863812602395781f,-0.08427861262958776f,-0.141241371068866f,0.7313019609300071f,-0.15214112794044712f,0.7938002353947187f,0.5888414586935075f,-0.017926153029297898f,0.062490692404467224f,0.6023108016136861f,-0.7958119197538378f,2.4378057888074287f,0f,0f,0f,1f], start_interpolation: 0, interpolation_duration: 1 }
$data merge entity $(bone_arm_left_1) { transformation: [-0.9606130288162185f,-0.25445872888144005f,-0.11168421627325961f,0.5805973877737252f,-0.2201834866459796f,0.9421482427123394f,-0.2527368611074975f,0.540710285789881f,0.1695341885194554f,-0.218191301499607f,-0.9610674871583978f,2.3191091838031714f,0f,0f,0f,1f], start_interpolation: 0, interpolation_duration: 1 }
$data merge entity $(bone_arm_left_0) { transformation: [0.5368355426913767f,-0.5722805193885163f,-0.6199214524693144f,0.35090665415919015f,-0.42716819793956257f,0.44926682585188116f,-0.784657026896492f,0.7507353666136438f,0.7275540741225502f,0.6860425105759739f,-0.003277637913682574f,2.6333774877838643f,0f,0f,0f,1f], start_interpolation: 0, interpolation_duration: 1 }
$data merge entity $(bone_wing_right_2) { transformation: [-2.5024312561936455f,2.482969628816573f,-0.6272556890581652f,-3.292323558496851f,2.5548053578206416f,2.481199366654132f,-0.3706337216475686f,2.522849460353591f,0.17764419701270034f,-0.7065844566262931f,-3.5056997894825637f,3.7125905848681215f,0f,0f,0f,1f], start_interpolation: 0, interpolation_duration: 1 }
$data merge entity $(bone_wing_right_1) { transformation: [-3.566769847634565f,0.9546204322622268f,0.30360078592187684f,-2.0682975991205454f,0.7261306628199093f,3.2373452480890887f,-1.6485298778268216f,1.713117582576724f,-0.690078160368535f,-1.5276178605536384f,-3.3038608562710245f,2.7704059972633255f,0f,0f,0f,1f], start_interpolation: 0, interpolation_duration: 1 }
$data merge entity $(bone_wing_right_0) { transformation: [-1.8897138633278214f,0.39708704502220693f,0.15877544968341797f,-0.25897960762029126f,0.28713625457003333f,1.7111912213782832f,-0.862138982525087f,1.0784864741899503f,-0.31692354923251254f,-0.817344928750054f,-1.7278347668074157f,2.3315573548569866f,0f,0f,0f,1f], start_interpolation: 0, interpolation_duration: 1 }
$data merge entity $(bone_wing_left_2) { transformation: [-2.5564368231306793f,-2.343518989108695f,0.8906736698054627f,3.131441806720495f,-2.476601296244309f,2.5583358159569647f,-0.37698002770580047f,2.4189588355083935f,-0.38964966038580845f,-0.8852043094873755f,-3.4475116448943948f,3.9540232315328954f,0f,0f,0f,1f], start_interpolation: 0, interpolation_duration: 1 }
$data merge entity $(bone_wing_left_1) { transformation: [-3.629346497363295f,-0.7357494126118875f,-0.10880053684632511f,1.9559774589536472f,-0.612874730605375f,3.2655688832478265f,-1.6388304324270204f,1.6481164046948449f,0.42136601614531644f,-1.5874676133719416f,-3.320800808514871f,2.9216945173039077f,0f,0f,0f,1f], start_interpolation: 0, interpolation_duration: 1 }
$data merge entity $(bone_wing_left_0) { transformation: [-1.9161681246406992f,-0.28101311279750396f,-0.05689989935670902f,0.16521051134507167f,-0.22719140102748095f,1.7227093394070747f,-0.8570664205409112f,1.0708976440537432f,0.1749000726418278f,-0.8409580324579208f,-1.736693928772248f,2.3481540995849453f,0f,0f,0f,1f], start_interpolation: 0, interpolation_duration: 1 }
$data merge entity $(bone_body_0) { transformation: [-1.1988310666391047f,0.036047049087322446f,0.036887498058868914f,-0.03126227920867669f,0.02144728252728308f,1.1289076202684534f,-0.4061571156240061f,0.4457085705529552f,-0.04690513120269243f,-0.4051224490841177f,-1.128508623589091f,1.6529703677385998f,0f,0f,0f,1f], start_interpolation: 0, interpolation_duration: 1 }
$data merge entity $(bone_body_1) { transformation: [-0.9990758426580534f,0.006000125084452914f,0.042561239597449944f,0.019403190120448128f,0.01787362912085861f,0.958529332070613f,0.2844328619240653f,0.8574192743738329f,-0.039089563813767714f,0.2849307250179161f,-0.9577507441613471f,0.5462841369947666f,0f,0f,0f,1f], start_interpolation: 0, interpolation_duration: 1 }
$data merge entity $(bone_leg_right_3) { transformation: [-0.8619186602116304f,0.2569024434425119f,0.03312639026901519f,-0.8500957704525313f,0.18468964388008682f,0.5288056283492679f,0.7044532226270119f,-0.39279524012778727f,0.1816203695140906f,0.6814438656113964f,-0.5591496216561024f,-0.6603525663092316f,0f,0f,0f,1f], start_interpolation: 0, interpolation_duration: 1 }
$data merge entity $(bone_leg_right_2) { transformation: [-0.9576874002351449f,0.24474747643091116f,-0.1514381596941475f,-0.7096899250942748f,0.2052107154223187f,0.9495997362899193f,0.23695759771312586f,0.14470094571996855f,0.20180041057121179f,0.19585457262677344f,-0.9596445074476664f,-0.578338079135825f,0f,0f,0f,1f], start_interpolation: 0, interpolation_duration: 1 }
$data merge entity $(bone_leg_right_1) { transformation: [-0.8833427420749048f,0.440230910115609f,-0.1609420572826468f,-0.5941603056356017f,0.4077346190244012f,0.8910520656857435f,0.19944597435444916f,0.09131968260023815f,0.23121003540636928f,0.11055750547091692f,-0.9666017574531063f,-0.04281789893672533f,0f,0f,0f,1f], start_interpolation: 0, interpolation_duration: 1 }
$data merge entity $(bone_leg_right_0) { transformation: [-0.8833427420749048f,0.30082028587458415f,-0.3594617582301651f,-0.3521659893419991f,0.4077346190244012f,0.8714271854435107f,-0.27270339366980245f,0.730607139039536f,0.23121003540636928f,-0.38745556658323344f,-0.8924237241641725f,-0.17806594092617573f,0f,0f,0f,1f], start_interpolation: 0, interpolation_duration: 1 }
$data merge entity $(bone_leg_left_3) { transformation: [-0.8649820504625886f,-0.24844883659078085f,-0.00890100973054532f,0.8629682891783765f,-0.16854868621455368f,0.5623682355068664f,0.6821534344033178f,-0.5052978081677519f,-0.18274953557501522f,0.657278588795939f,-0.5870157271807419f,-0.7395747137655151f,0f,0f,0f,1f], start_interpolation: 0, interpolation_duration: 1 }
$data merge entity $(bone_leg_left_2) { transformation: [-0.961091167180654f,-0.15563732199439181f,0.2282121652536125f,0.7746157724938586f,-0.18727631801617076f,0.9744306670970757f,-0.1241469118869017f,0.03636803600735983f,-0.2030550395277947f,-0.16205523448245057f,-0.9656638917859587f,-0.8584623639548612f,0f,0f,0f,1f], start_interpolation: 0, interpolation_duration: 1 }
$data merge entity $(bone_leg_left_1) { transformation: [-0.8994817683278846f,-0.38315864076841166f,0.21005238501441698f,0.6357959593910736f,-0.3954112569378022f,0.9183259463737599f,-0.018094035028309197f,0.1036585830618264f,-0.18596366938896697f,-0.09933233220478402f,-0.9775226858984651f,-0.330087915866937f,0f,0f,0f,1f], start_interpolation: 0, interpolation_duration: 1 }
$data merge entity $(bone_leg_left_0) { transformation: [-0.8994817683278846f,-0.4006526693736722f,0.17438459498904285f,0.3519654673401447f,-0.3954112569378022f,0.9161739003122755f,0.06538594859340888f,0.725739993200657f,-0.18596366938896697f,-0.010140163230611399f,-0.9825042955412702f,-0.19593611795566312f,0f,0f,0f,1f], start_interpolation: 0, interpolation_duration: 1 }
$data merge entity $(bone_tail_3) { transformation: [-0.6938541922932497f,-0.07533003878317213f,-1.1091159481768609f,-0.4411103700506618f,-0.10760632883157598f,1.305837085628115f,-0.021373469533786958f,0.2863897559978988f,1.1064509384689056f,0.07975796174330664f,-0.6976040637109853f,-3.4734577003752527f,0f,0f,0f,1f], start_interpolation: 0, interpolation_duration: 1 }
$data merge entity $(bone_tail_2) { transformation: [-0.8753441762715011f,-0.11368213126587377f,-0.46994568420022287f,0.019333751598823386f,-0.09582808592502137f,0.9934755827574397f,-0.061832389673311644f,0.34267165495243135f,0.4739088003144842f,-0.009090626799851495f,-0.8805270066777463f,-2.611603126747749f,0f,0f,0f,1f], start_interpolation: 0, interpolation_duration: 1 }
$data merge entity $(bone_tail_1) { transformation: [-0.9990667341505501f,-0.02880870678489921f,-0.03218259043544318f,0.04601684483615212f,-0.025720411151474717f,0.9953742314737672f,-0.09256673143309331f,0.5669088159105574f,0.034700449045406756f,-0.09165259260593246f,-0.9951862544793603f,-1.6771580781979463f,0f,0f,0f,1f], start_interpolation: 0, interpolation_duration: 1 }
$data merge entity $(bone_tail_0) { transformation: [-0.9883983417502485f,-0.14111969104248945f,0.05616004652269309f,-0.011674358369719888f,-0.14239170237828042f,0.9896219685535987f,-0.019312235756517332f,0.5672681155753686f,-0.05285187905054978f,-0.027084906427241262f,-0.9982349857246307f,-0.5992261424793525f,0f,0f,0f,1f], start_interpolation: 0, interpolation_duration: 1 }
$data merge entity $(bone_body_2) { transformation: [-1.020480372003107f,0.002830639834823964f,-0.026692551001546376f,1.613724741278962e-17f,0.007053834549100011f,1.0077423771001568f,-0.16280736856519593f,0.5398948067662984f,0.02589880728911217f,-0.16293551889964059f,-1.007413501451291f,-0.131770625f,0f,0f,0f,1f], start_interpolation: 0, interpolation_duration: 1 }