# This file was generated by Animated Java via MC-Build. It is not recommended to edit this file directly.
$data merge entity $(bone_head_lower) { transformation: [-1.0979104238554123f,-0.044529556394741425f,0.05108639541910017f,-0.14321509947658267f,-0.004425476439341332f,0.8745481489345477f,0.6671925886529622f,0.09773236026930435f,-0.06762482050189819f,0.6657196510562412f,-0.8730659939830681f,3.9737195484637597f,0f,0f,0f,1f], start_interpolation: 0, interpolation_duration: 1 }
$data merge entity $(bone_horne_right) { transformation: [-0.7406457235754071f,0.18276485610175192f,-1.4891218796237626f,-0.43207344998627567f,-1.367532872776544f,0.6007692495541919f,0.7539053014246992f,0.5161630046172916f,0.6170419814531548f,1.5508437603494556f,-0.11655847013480207f,4.109077324887801f,0f,0f,0f,1f], start_interpolation: 0, interpolation_duration: 1 }
$data merge entity $(bone_horne_left) { transformation: [-0.6702822133296871f,-0.3765228029981461f,1.4860670866979442f,0.19653516319214065f,1.3618456798993186f,0.5985148631266823f,0.7658977448763327f,0.5186968111526364f,-0.7039468385354535f,1.51639493216296f,0.06669566010672821f,4.147795915866163f,0f,0f,0f,1f], start_interpolation: 0, interpolation_duration: 1 }
$data merge entity $(bone_head_upper) { transformation: [-1.0979104238554123f,-0.029996957860620684f,0.06076910159560747f,-0.10539176910544044f,-0.004425476439341332f,1.016002973820784f,0.4215665692931637f,0.09098326064470608f,-0.06762482050189819f,0.4205212714077982f,-1.0141936422329096f,3.955393371198804f,0f,0f,0f,1f], start_interpolation: 0, interpolation_duration: 1 }
$data merge entity $(bone_neck_0) { transformation: [-0.9991298389748088f,-0.037022127732672924f,0.019207470638223426f,-0.09504594719873286f,0.005379231098838772f,0.3422918369093687f,0.939578289584213f,0.6933859901044546f,-0.041359747858973346f,0.9388640265998883f,-0.34179483731280447f,3.781610738290026f,0f,0f,0f,1f], start_interpolation: 0, interpolation_duration: 1 }
$data merge entity $(bone_neck_1) { transformation: [-0.9988029164197159f,-0.0136879815935854f,0.04696140235729436f,-0.06545762598728795f,0.012772291729572945f,0.8537669374394028f,0.5204986888545607f,1.0125201530267725f,-0.047218669140973335f,0.5204754131515108f,-0.8525700801631028f,3.242060866349005f,0f,0f,0f,1f], start_interpolation: 0, interpolation_duration: 1 }
$data merge entity $(bone_neck_2) { transformation: [-0.9988029164197159f,0.011948539495018881f,0.047433812364240754f,-0.04384858949483142f,0.012772291729572945f,0.9997721792962212f,0.01710140547611566f,1.043569925880258f,-0.047218669140973335f,0.017686772153782282f,-0.9987279786685339f,2.7933698655626316f,0f,0f,0f,1f], start_interpolation: 0, interpolation_duration: 1 }
$data merge entity $(bone_arm_right_3) { transformation: [-0.9758610743879068f,-0.02956848872037296f,0.21638130226355407f,-0.8973843317441009f,0.18322239611045155f,0.42833551761445315f,0.8848492741215889f,0.043762524344513276f,-0.1188474528882433f,0.9031358639898823f,-0.41257834906502905f,2.4775124955632024f,0f,0f,0f,1f], start_interpolation: 0, interpolation_duration: 1 }
$data merge entity $(bone_arm_right_4) { transformation: [-0.7491301975023067f,0.6186433243902492f,-0.23682141874740636f,-0.7558305486745241f,0.006559606495034231f,0.36441838354260586f,0.931212227850786f,0.09487202731204925f,0.6623903069586573f,0.696045744849844f,-0.2770548724055235f,2.4027850107379676f,0f,0f,0f,1f], start_interpolation: 0, interpolation_duration: 1 }
$data merge entity $(bone_arm_right_2) { transformation: [-0.9758610743879068f,0.08110905201827934f,0.2027720029372261f,-0.8480677160042045f,0.18322239611045155f,0.8093315893186157f,0.5580429482526841f,0.1793146619548327f,-0.1188474528882433f,0.5817247632787341f,-0.8046561891455735f,2.381249572865039f,0f,0f,0f,1f], start_interpolation: 0, interpolation_duration: 1 }
$data merge entity $(bone_arm_right_1) { transformation: [-0.9371502007981289f,0.3063624936954775f,0.16700755551984314f,-0.6673179414214367f,0.25966138713728304f,0.9320498421243375f,-0.2527034938934144f,0.7319221286488438f,-0.23307823831058777f,-0.19345571651591262f,-0.9530212067804927f,2.277182623603355f,0f,0f,0f,1f], start_interpolation: 0, interpolation_duration: 1 }
$data merge entity $(bone_arm_right_0) { transformation: [0.6042477878673094f,0.5335899514671495f,0.5917485737631709f,-0.4550984807896414f,0.42977366841811687f,0.4071104854832275f,-0.8059501514014651f,0.9237974844861134f,-0.6709539513199818f,0.7413115514430455f,0.016672699397744656f,2.614495064704752f,0f,0f,0f,1f], start_interpolation: 0, interpolation_duration: 1 }
$data merge entity $(bone_arm_left_3) { transformation: [-0.9871409232292059f,0.07279366650308239f,-0.14231612629364115f,0.7916930196655776f,-0.14632566461609178f,-0.05305966745884183f,0.9878124678114848f,0.004824224323607684f,0.06435524501428484f,0.9959346132182547f,0.0630289507524619f,2.486328536293102f,0f,0f,0f,1f], start_interpolation: 0, interpolation_duration: 1 }
$data merge entity $(bone_arm_left_4) { transformation: [-0.7166690237419413f,-0.6351469422722993f,0.28805185666980115f,0.6560646939506056f,0.0630756334982781f,0.3523059693080651f,0.9337569107903272f,0.06617372006868333f,-0.6945552352891473f,0.6873637070081984f,-0.21242447933414965f,2.4083859393464926f,0f,0f,0f,1f], start_interpolation: 0, interpolation_duration: 1 }
$data merge entity $(bone_arm_left_2) { transformation: [-0.9871409232292059f,-0.07482581396696195f,-0.14125825728208316f,0.7526383843544053f,-0.14632566461609178f,0.7787348274069175f,0.6100498901386484f,0.14753034561963807f,0.06435524501428484f,0.6228749201466535f,-0.7796699534363569f,2.3958699308953277f,0f,0f,0f,1f], start_interpolation: 0, interpolation_duration: 1 }
$data merge entity $(bone_arm_left_1) { transformation: [-0.9570668864687736f,-0.25796879517554544f,-0.13219332638466977f,0.6000775749406226f,-0.2305920255183211f,0.9539107078127183f,-0.1920460342928121f,0.7124722045471992f,0.17564251362447633f,-0.15331817320825122f,-0.972441898095593f,2.315612104804591f,0f,0f,0f,1f], start_interpolation: 0, interpolation_duration: 1 }
$data merge entity $(bone_arm_left_0) { transformation: [0.5490360958146137f,-0.5647816204237118f,-0.616101523065973f,0.37379800624443066f,-0.44747239286180923f,0.42396650511788936f,-0.7874140335075623f,0.9110769299687602f,0.7059233833208616f,0.708007149518766f,-0.01995126840927619f,2.6396285463645897f,0f,0f,0f,1f], start_interpolation: 0, interpolation_duration: 1 }
$data merge entity $(bone_wing_right_2) { transformation: [-3.28177230902895f,0.23242944575524038f,-1.4130453402113297f,-3.075059834579417f,0.49972495741267997f,3.4969027552893635f,-0.5854025589667294f,1.5442220490475236f,1.342011753929874f,-0.7337559143555926f,-3.237492359762182f,4.593754400967488f,0f,0f,0f,1f], start_interpolation: 0, interpolation_duration: 1 }
$data merge entity $(bone_wing_right_1) { transformation: [-3.538387952429133f,-1.09543228651458f,-0.07183005405685707f,-1.9897251040263693f,-0.9792581524221087f,3.2591510507040775f,-1.46434581042503f,1.3338695128223592f,0.49617025497223116f,-1.3795953346021224f,-3.4023304577487545f,3.2448965903016864f,0f,0f,0f,1f], start_interpolation: 0, interpolation_duration: 1 }
$data merge entity $(bone_wing_right_0) { transformation: [-1.9139827772341613f,-0.2986051373310314f,-0.037565281983810206f,-0.23968950411976217f,-0.25965825154991057f,1.7606846904100635f,-0.7658154238180765f,1.244299288501176f,0.15216363183445183f,-0.7514856238911914f,-1.779331851069894f,2.351404036882689f,0f,0f,0f,1f], start_interpolation: 0, interpolation_duration: 1 }
$data merge entity $(bone_wing_left_2) { transformation: [-3.195514200067443f,-0.09951109902219349f,1.6123078513097253f,2.892875980478879f,-0.42116150515960293f,3.50152782087412f,-0.6186080950589623f,1.4605036320804368f,-1.559506990300231f,-0.7417213289856075f,-3.136644303453738f,4.767042476059216f,0f,0f,0f,1f], start_interpolation: 0, interpolation_duration: 1 }
$data merge entity $(bone_wing_left_1) { transformation: [-3.4765813017205938f,1.259454222284061f,0.22908135541243638f,1.881973476626409f,1.0735872935259454f,3.2297055642742993f,-1.4634661062611798f,1.2800663083598418f,-0.6972184224519474f,-1.3069421498163096f,-3.395748730593467f,3.357384517493198f,0f,0f,0f,1f], start_interpolation: 0, interpolation_duration: 1 }
$data merge entity $(bone_wing_left_0) { transformation: [-1.8944345386819725f,0.388163759122519f,0.11980369256704071f,0.18464803041665853f,0.31070110567226694f,1.7525987117071398f,-0.7653553610294392f,1.2377872464956128f,-0.26170374774323285f,-0.7291316080285836f,-1.7758897760251897f,2.364270637005478f,0f,0f,0f,1f], start_interpolation: 0, interpolation_duration: 1 }
$data merge entity $(bone_body_0) { transformation: [-1.1992476872966564f,0.028890275142637943f,0.028746132188583406f,-0.015585752835535729f,0.018404102110086196f,1.1390424295037211f,-0.37696105424271753f,0.6299341461317134f,-0.03636312884148386f,-0.37630266992467953f,-1.1388283571585383f,1.6549298187107242f,0f,0f,0f,1f], start_interpolation: 0, interpolation_duration: 1 }
$data merge entity $(bone_body_1) { transformation: [-0.9994230438994087f,0.0073553758605295425f,0.03315837403720094f,0.024099845508977747f,0.01533751863433688f,0.9687964538738275f,0.24738268226300297f,0.9987730334156703f,-0.03030412257403192f,0.2477485204949706f,-0.9683503140638574f,0.5327845361148447f,0f,0f,0f,1f], start_interpolation: 0, interpolation_duration: 1 }
$data merge entity $(bone_leg_right_3) { transformation: [-0.8604793681739544f,0.2598561061997485f,0.04527759951297665f,-0.85453473938637f,0.19237432802896465f,0.5125552695522716f,0.7143383047055524f,-0.2985212464573941f,0.18046433127451203f,0.6926484676406232f,-0.5455920870144104f,-0.6184331927454361f,0f,0f,0f,1f], start_interpolation: 0, interpolation_duration: 1 }
$data merge entity $(bone_leg_right_2) { transformation: [-0.9560881868599493f,0.24839352071447102f,-0.15555075639136118f,-0.7122089183562861f,0.21374925336551626f,0.954101180687847f,0.2097669985859086f,0.24068956243787507f,0.2005159236383467f,0.1673068913019601f,-0.9652987975183306f,-0.5525743166800877f,0f,0f,0f,1f], start_interpolation: 0, interpolation_duration: 1 }
$data merge entity $(bone_leg_right_1) { transformation: [-0.8815857552490861f,0.4407674378117211f,-0.16891010007335036f,-0.5922882425154401f,0.41736286964182756f,0.8950323199214223f,0.15724306452246367f,0.21063678152224163f,0.22048762139003986f,0.06812644171661508f,-0.9730077064200443f,-0.01620282462433756f,0f,0f,0f,1f], start_interpolation: 0, interpolation_duration: 1 }
$data merge entity $(bone_leg_right_0) { transformation: [-0.8815857552490861f,0.2960290015295942f,-0.3676593347044111f,-0.3523827434903945f,0.41736286964182756f,0.8526929812493217f,-0.31420202859383733f,0.8431282296073431f,0.22048762139003986f,-0.43044338766153123f,-0.8752734994458744f,-0.18336039572948012f,0f,0f,0f,1f], start_interpolation: 0, interpolation_duration: 1 }
$data merge entity $(bone_leg_left_3) { transformation: [-0.8643598355219028f,-0.25027848923014756f,-0.01558051877262337f,0.8690967939056277f,-0.17586155063489206f,0.5651468300297345f,0.6779983595228188f,-0.4402993304633781f,-0.17875902703035854f,0.6541939607914591f,-0.5916717602853312f,-0.7060966017594236f,0f,0f,0f,1f], start_interpolation: 0, interpolation_duration: 1 }
$data merge entity $(bone_leg_left_2) { transformation: [-0.9603998172465587f,-0.15978215473201643f,0.22825830557062032f,0.7784262459935797f,-0.19540172292765784f,0.9702450375064162f,-0.1429780887796296f,0.09844130047834132f,-0.1986211411448428f,-0.1819181965152656f,-0.9630448650332722f,-0.8360185461407167f,0f,0f,0f,1f], start_interpolation: 0, interpolation_duration: 1 }
$data merge entity $(bone_leg_left_1) { transformation: [-0.9008889394120296f,-0.37361710903443174f,0.22092843792011432f,0.6342549371913652f,-0.4019376239940388f,0.910223276157458f,-0.09969821442338075f,0.2098527162509688f,-0.16384524791123767f,-0.17861647006347797f,-0.9701808549744567f,-0.316614420455528f,0f,0f,0f,1f], start_interpolation: 0, interpolation_duration: 1 }
$data merge entity $(bone_leg_left_0) { transformation: [-0.9008889394120296f,-0.40030445372419055f,0.1677958973683376f,0.35161055249992695f,-0.4019376239940388f,0.9153082478435485f,0.025631188961884488f,0.83703598630225f,-0.16384524791123767f,-0.044352629664435844f,-0.9854884976389905f,-0.20573145733136047f,0f,0f,0f,1f], start_interpolation: 0, interpolation_duration: 1 }
$data merge entity $(bone_tail_3) { transformation: [-0.41619461866728236f,0.04465264595868547f,-1.241786866578776f,-0.9277294951235718f,-0.04704888686999755f,1.3080857460706605f,0.0628054502197679f,0.2642240624549864f,1.241698386502511f,0.06453110522764857f,-0.4138445297710342f,-3.334070906485353f,0f,0f,0f,1f], start_interpolation: 0, interpolation_duration: 1 }
$data merge entity $(bone_tail_2) { transformation: [-0.7822463184313674f,-0.038119247749984694f,-0.621801913997977f,-0.31897831703092794f,-0.013922249071236556f,0.998946580495953f,-0.04372528211734386f,0.3027602995031343f,0.6228136705960865f,-0.02554705983901373f,-0.7819529905641459f,-2.568625474727394f,0f,0f,0f,1f], start_interpolation: 0, interpolation_duration: 1 }
$data merge entity $(bone_tail_1) { transformation: [-0.9767789038099997f,0.012349246546319997f,-0.21389359312862583f,-0.11375597997579429f,0.0455065521838359f,0.9875166214295803f,-0.15079813032211947f,0.5813334580436864f,0.2093612351417419f,-0.1570299923901333f,-0.9651473746065308f,-1.6717070680186876f,0f,0f,0f,1f], start_interpolation: 0, interpolation_duration: 1 }
$data merge entity $(bone_tail_0) { transformation: [-0.9874527697157414f,-0.1303176280820079f,-0.08918712570652103f,-0.014801021390719222f,-0.12187632351771918f,0.9880521282258375f,-0.09433532569614303f,0.6626958906144338f,0.10041508525373845f,-0.08228187965446955f,-0.9915374440403206f,-0.5998611216237678f,0f,0f,0f,1f], start_interpolation: 0, interpolation_duration: 1 }
$data merge entity $(bone_body_2) { transformation: [-1.0202801391164078f,0.0021917011522485197f,-0.03353100975376175f,1.613724741278962e-17f,0.008829338123323364f,1.0003514846686052f,-0.20327234035663977f,0.6541831803118039f,0.03242182840852226f,-0.20345220080358142f,-0.9998283460050889f,-0.131770625f,0f,0f,0f,1f], start_interpolation: 0, interpolation_duration: 1 }