# This file was generated by Animated Java via MC-Build. It is not recommended to edit this file directly.
$data merge entity $(bone_head_lower) { transformation: [-1.0977015991872032f,-0.05164725404150852f,0.04882376769390511f,-0.12017080049656112f,-0.01257028553591416f,0.8848327228871103f,0.6533858281518874f,0.25224016860953347f,-0.06995131923989795f,0.6514626724979368f,-0.8835741051425421f,3.9596137203727775f,0f,0f,0f,1f], start_interpolation: 0, interpolation_duration: 1 }
$data merge entity $(bone_horne_right) { transformation: [-0.7283796537100606f,0.17434465253589204f,-1.4961651229205926f,-0.41329792790218384f,-1.3958469865186185f,0.5465079049352264f,0.7432249679073227f,0.6627472996449726f,0.5661424936698747f,1.5717430148806417f,-0.09246418163703915f,4.109298258569258f,0f,0f,0f,1f], start_interpolation: 0, interpolation_duration: 1 }
$data merge entity $(bone_horne_left) { transformation: [-0.6822799219955321f,-0.3848366289786336f,1.478457956753851f,0.2151911227124494f,1.3796928753524138f,0.5401044630707152f,0.7772887439835489f,0.6699444166285602f,-0.6560371411697662f,1.5361090426197277f,0.09709444597063498f,4.149348886400062f,0f,0f,0f,1f], start_interpolation: 0, interpolation_duration: 1 }
$data merge entity $(bone_head_upper) { transformation: [-1.0977015991872032f,-0.04054777746155254f,0.05837017119030012f,-0.08225329921052817f,-0.01257028553591416f,0.9999354116408788f,0.4582261019061785f,0.2465170562157597f,-0.06995131923989795f,0.45660163193917114f,-0.9983094523478598f,3.9411336630134013f,0f,0f,0f,1f], start_interpolation: 0, interpolation_duration: 1 }
$data merge entity $(bone_neck_0) { transformation: [-0.9991269397646799f,-0.03836130627161198f,0.016545948676374152f,-0.07362965284005463f,0.004331288164353287f,0.29880073185384654f,0.9543056966121719f,0.8562780068466407f,-0.041552354678200336f,0.9535441955277906f,-0.29837370694475707f,3.7951415269197457f,0f,0f,0f,1f], start_interpolation: 0, interpolation_duration: 1 }
$data merge entity $(bone_neck_1) { transformation: [-0.9988426668101354f,-0.015007661433417606f,0.04569570065024529f,-0.04482400056904057f,0.010985180049263334f,0.8537769892214674f,0.520522985558958f,1.175427327945534f,-0.04682577045711245f,0.5204225425308034f,-0.8526240229121345f,3.2555582689815763f,0f,0f,0f,1f], start_interpolation: 0, interpolation_duration: 1 }
$data merge entity $(bone_neck_2) { transformation: [-0.9988426668101354f,0.010318586647080769f,0.04697716178339858f,-0.023458392845629537f,0.010985180049263334f,0.9998422970269972f,0.0139537412568419f,1.2050633092574168f,-0.04682577045711245f,0.014453644709356506f,-0.9987984978841896f,2.806760015356015f,0f,0f,0f,1f], start_interpolation: 0, interpolation_duration: 1 }
$data merge entity $(bone_arm_right_3) { transformation: [-0.9804566826082475f,-0.05290267772105345f,0.18948878652514614f,-0.8677538966743231f,0.1676415687138535f,0.2794136235280105f,0.9454228320841979f,0.20879591743714326f,-0.10296114785679264f,0.9587123310341269f,-0.26508426651750194f,2.428204580915865f,0f,0f,0f,1f], start_interpolation: 0, interpolation_duration: 1 }
$data merge entity $(bone_arm_right_4) { transformation: [-0.6910663897668374f,0.6753128376229948f,-0.25764280753828195f,-0.7279224781832695f,-0.00859113341639317f,0.3487556622169734f,0.9371743063583327f,0.2665225323016754f,0.7227402281326611f,0.6498631082106285f,-0.23521161371320387f,2.355070019166546f,0f,0f,0f,1f], start_interpolation: 0, interpolation_duration: 1 }
$data merge entity $(bone_arm_right_2) { transformation: [-0.9804566826082475f,0.06855793147803221f,0.18440310073391797f,-0.8221031413539125f,0.1676415687138535f,0.7816855498527775f,0.6007195731708092f,0.3498979412285542f,-0.10296114785679264f,0.6198931449716268f,-0.7779019802322121f,2.338319719533092f,0f,0f,0f,1f], start_interpolation: 0, interpolation_duration: 1 }
$data merge entity $(bone_arm_right_1) { transformation: [-0.9382037220852495f,0.29558463907353044f,0.1800097136522205f,-0.6478503378570885f,0.2661292335286525f,0.9486942984111926f,-0.17074647646012125f,0.911481793184024f,-0.221244224618035f,-0.11228913262584943f,-0.9687322353299174f,2.282328998134968f,0f,0f,0f,1f], start_interpolation: 0, interpolation_duration: 1 }
$data merge entity $(bone_arm_right_0) { transformation: [0.6020625258078817f,0.5336016363010669f,0.5939612855688978f,-0.43564343517983983f,0.45781087129724307f,0.3787653869813853f,-0.8043295268401505f,1.0903693807025727f,-0.654163527827632f,0.7561786001743671f,-0.016248184466013338f,2.626713080313914f,0f,0f,0f,1f], start_interpolation: 0, interpolation_duration: 1 }
$data merge entity $(bone_arm_left_3) { transformation: [-0.9886898684116247f,0.07982464215983101f,-0.1269660214555809f,0.8062267428659243f,-0.13603241176504374f,-0.12085970708556565f,0.983304690394883f,0.17885523383527624f,0.06314686888191369f,0.9894548790658653f,0.13035150648597887f,2.433203927076813f,0f,0f,0f,1f], start_interpolation: 0, interpolation_duration: 1 }
$data merge entity $(bone_arm_left_4) { transformation: [-0.6649807434628295f,-0.6847330932745218f,0.2982301155120447f,0.671108055103292f,0.06445150718293763f,0.34521007589173724f,0.9363097813889741f,0.24469194904742791f,-0.7440743336827781f,0.6418493549716524f,-0.1854259730377691f,2.3580885562757485f,0f,0f,0f,1f], start_interpolation: 0, interpolation_duration: 1 }
$data merge entity $(bone_arm_left_2) { transformation: [-0.9886898684116247f,-0.06253448873772804f,-0.13631500951294784f,0.7686693189244409f,-0.13603241176504374f,0.756629508499851f,0.6395365273513776f,0.3252170114836438f,0.06314686888191369f,0.6508465445752822f,-0.756578646516557f,2.3481114430629724f,0f,0f,0f,1f], start_interpolation: 0, interpolation_duration: 1 }
$data merge entity $(bone_arm_left_1) { transformation: [-0.9540160015456136f,-0.25816944489811455f,-0.15232204868606145f,0.6162019742186997f,-0.24092898071295632f,0.9627457481940703f,-0.12277561071668627f,0.8946473645821218f,0.17834431599446968f,-0.08043110129321165f,-0.9806753504076798f,2.310987260178344f,0f,0f,0f,1f], start_interpolation: 0, interpolation_duration: 1 }
$data merge entity $(bone_arm_left_0) { transformation: [0.5594033822657084f,-0.5570466947148769f,-0.6138133558476195f,0.3934450100052913f,-0.473279072032464f,0.3932904515557468f,-0.7882445944573082f,1.0793277251462365f,0.6804959778615709f,0.731451707648774f,-0.04363053394031563f,2.645509955800999f,0f,0f,0f,1f], start_interpolation: 0, interpolation_duration: 1 }
$data merge entity $(bone_wing_right_2) { transformation: [-2.256911172190866f,-1.952507314472166f,-1.9785897040136913f,-2.4418352591453507f,-1.6691250119268592f,2.9898948741740594f,-1.0465660060426643f,0.9051818179269898f,2.222863856482547f,0.26266689432934254f,-2.79475087391044f,5.157398188981507f,0f,0f,0f,1f], start_interpolation: 0, interpolation_duration: 1 }
$data merge entity $(bone_wing_right_1) { transformation: [-2.5803281918026495f,-2.6340983509490017f,-0.35882175660934656f,-1.7561480891199155f,-2.3279856466702213f,2.480370265922862f,-1.46750363737988f,1.1173892653664135f,1.2836315687867366f,-0.7966241110796846f,-3.3827504747114596f,3.5679271561064465f,0f,0f,0f,1f], start_interpolation: 0, interpolation_duration: 1 }
$data merge entity $(bone_wing_right_0) { transformation: [-1.7465013374697926f,-0.8175726739494343f,-0.18765460566529335f,-0.22303918516876095f,-0.6859390780522576f,1.641459231657064f,-0.7674668865877011f,1.4205586518276354f,0.4828321752089889f,-0.6253740989351673f,-1.7690920204907328f,2.373506049134939f,0f,0f,0f,1f], start_interpolation: 0, interpolation_duration: 1 }
$data merge entity $(bone_wing_left_2) { transformation: [-2.10082561376056f,2.0048323895131652f,2.0947383845203085f,2.283066893460292f,1.7036813724861168f,2.9466419037203586f,-1.1115400763532235f,0.8450015118061713f,-2.3462207037420075f,0.3445267047043525f,-2.682778378497592f,5.260728854653923f,0f,0f,0f,1f], start_interpolation: 0, interpolation_duration: 1 }
$data merge entity $(bone_wing_left_1) { transformation: [-2.465279093733287f,2.7249296604927604f,0.47167582964192095f,1.6729897340878324f,2.389764934629472f,2.4171421771554793f,-1.4736919642623634f,1.0744697898741324f,-1.3916692495406304f,-0.6763895280700879f,-3.3661661662936577f,3.6430863634934965f,0f,0f,0f,1f], start_interpolation: 0, interpolation_duration: 1 }
$data merge entity $(bone_wing_left_0) { transformation: [-1.7067859586085785f,0.8831419373328292f,0.24667440082143338f,0.20139661863267497f,0.7277841080134144f,1.6218055011764052f,-0.7707032233467472f,1.414906089693199f,-0.5577797357557146f,-0.5862708289502085f,-1.760418851155122f,2.383128746209839f,0f,0f,0f,1f], start_interpolation: 0, interpolation_duration: 1 }
$data merge entity $(bone_body_0) { transformation: [-1.199525412407471f,0.022961834542150984f,0.02162273671729384f,-0.002212411092901847f,0.015975070587213338f,1.1516173217137073f,-0.3367170103346141f,0.8316791883119843f,-0.027195325120690814f,-0.33631280392427226f,-1.151525125999504f,1.6543399560956948f,0f,0f,0f,1f], start_interpolation: 0, interpolation_duration: 1 }
$data merge entity $(bone_body_1) { transformation: [-0.9996544930642124f,0.00809166960839293f,0.025008386183060956f,0.027921420799706477f,0.013313224483901978f,0.9762368408691984f,0.21629699161932078f,1.1644544832052446f,-0.022663904129115467f,0.21655520176776155f,-0.9760072704836529f,0.520682308467811f,0f,0f,0f,1f], start_interpolation: 0, interpolation_duration: 1 }
$data merge entity $(bone_leg_right_3) { transformation: [-0.8592743412514657f,0.2615050177969749f,0.05712033030247142f,-0.8586305672847403f,0.19856943440568497f,0.49397350429039055f,0.7256447869163521f,-0.17134455246058594f,0.17949313687900695f,0.7054114421570404f,-0.529317401081108f,-0.5843110026274678f,0f,0f,0f,1f], start_interpolation: 0, interpolation_duration: 1 }
$data merge entity $(bone_leg_right_2) { transformation: [-0.9547492680571841f,0.2510731571299291f,-0.15942429210468842f,-0.7149182327725563f,0.22063270489520553f,0.9573735414852839f,0.1864325926294833f,0.3690098163664121f,0.19943681875445216f,0.14282216856194163f,-0.9694466377745442f,-0.5322893886905317f,0f,0f,0f,1f], start_interpolation: 0, interpolation_duration: 1 }
$data merge entity $(bone_leg_right_1) { transformation: [-0.8802437850987651f,0.4406345660937885f,-0.17610240758813522f,-0.5910725682419331f,0.4248778278670264f,0.8971270019946177f,0.12100402340065697f,0.35890617869384145f,0.21130478031032898f,0.0316910311521732f,-0.9769063252751083f,0.003936947391304041f,0f,0f,0f,1f], start_interpolation: 0, interpolation_duration: 1 }
$data merge entity $(bone_leg_right_0) { transformation: [-0.8802437850987651f,0.29264014344680994f,-0.3735406607565359f,-0.35263122979262057f,0.4248778278670264f,0.8365965931319881f,-0.34581060097537253f,0.9849775686630617f,0.21130478031032898f,-0.46310677689209145f,-0.8607452602336085f,-0.1876931043269076f,0f,0f,0f,1f], start_interpolation: 0, interpolation_duration: 1 }
$data merge entity $(bone_leg_left_3) { transformation: [-0.8634342974835955f,-0.25298380133567583f,-0.021918261581646087f,0.876242404187775f,-0.182768542187504f,0.5652115277372187f,0.6761150707532065f,-0.3393728262679603f,-0.17628634069508836f,0.6530965665004758f,-0.5936227766095441f,-0.6769227486456375f,0f,0f,0f,1f], start_interpolation: 0, interpolation_duration: 1 }
$data merge entity $(bone_leg_left_2) { transformation: [-0.9593714416484393f,-0.16460831382345717f,0.22915178369280373f,0.7828974947781769f,-0.20307615798611553f,0.9666894403024027f,-0.155793453217475f,0.19696417902816232f,-0.1958737118834315f,-0.19599905364063766f,-0.9608422659130795f,-0.8146604412184025f,0f,0f,0f,1f], start_interpolation: 0, interpolation_duration: 1 }
$data merge entity $(bone_leg_left_1) { transformation: [-0.9018794305095333f,-0.3643979644176305f,0.23200779373134683f,0.6332433598052447f,-0.40686775844815887f,0.8970040487513596f,-0.17274942448251154f,0.3474992735889958f,-0.14516239168314407f,-0.25019564355111307f,-0.9572512836182953f,-0.3068008732115919f,0f,0f,0f,1f], start_interpolation: 0, interpolation_duration: 1 }
$data merge entity $(bone_leg_left_0) { transformation: [-0.9018794305095333f,-0.4007583244949734f,0.16126455956527305f,0.3512232485765558f,-0.40686775844815887f,0.9134713432429915f,-0.005360243391431457f,0.9778644420816975f,-0.14516239168314407f,-0.07044764312470893f,-0.9868966559974773f,-0.21381622310878598f,0f,0f,0f,1f], start_interpolation: 0, interpolation_duration: 1 }
$data merge entity $(bone_tail_3) { transformation: [-0.15903967886210477f,0.20485097307923603f,-1.2845189374945696f,-1.364159697484106f,-0.001903073606641863f,1.2940466608435612f,0.20660604849985933f,0.32057692953714184f,1.3007494763652747f,0.02693992936829386f,-0.1567529309051191f,-3.1261704524540805f,0f,0f,0f,1f], start_interpolation: 0, interpolation_duration: 1 }
$data merge entity $(bone_tail_2) { transformation: [-0.6743550481248597f,0.053069418816258866f,-0.7364977297012005f,-0.6435388524419204f,0.0774805760835403f,0.9969934584489603f,0.0008967383921311967f,0.3154476928564702f,0.7343310080599081f,-0.05645954831988753f,-0.6764394207948213f,-2.4638646046647823f,0f,0f,0f,1f], start_interpolation: 0, interpolation_duration: 1 }
$data merge entity $(bone_tail_1) { transformation: [-0.9220553001772752f,0.04723556521130662f,-0.3841651009581209f,-0.27152054320734526f,0.13210275450258385f,0.9713337164146112f,-0.1976352033647077f,0.6363756447086907f,0.36381710469386247f,-0.23297985478437339f,-0.9018633497358829f,-1.6375538472056395f,0f,0f,0f,1f], start_interpolation: 0, interpolation_duration: 1 }
$data merge entity $(bone_tail_0) { transformation: [-0.9642995876735119f,-0.12584445307505826f,-0.23300102755767932f,-0.01744324506565907f,-0.0891955143458999f,0.9828055545633942f,-0.16167065948993115f,0.7905201013454914f,0.24934005982446011f,-0.13511630378891493f,-0.9589437517483267f,-0.599791892264724f,0f,0f,0f,1f], start_interpolation: 0, interpolation_duration: 1 }
$data merge entity $(bone_body_2) { transformation: [-1.0200789541582265f,0.0012399120001341175f,-0.03921841845529932f,1.613724741278962e-17f,0.010308879103426382f,0.9929486313287239f,-0.23674339906001404f,0.7977364778525593f,0.03785959243750489f,-0.2369644965075782f,-0.992227379737034f,-0.131770625f,0f,0f,0f,1f], start_interpolation: 0, interpolation_duration: 1 }