# This file was generated by Animated Java via MC-Build. It is not recommended to edit this file directly.
$data merge entity $(bone_head_lower) { transformation: [-1.0967114983422765f,-0.06768514355939487f,0.05140632981630734f,-0.10705654939076353f,-0.022955856154290813f,0.8764726657921942f,0.6642805843823438f,0.3738981970311346f,-0.08183469968211755f,0.6612218897317818f,-0.8752649281603081f,3.9102745133701067f,0f,0f,0f,1f], start_interpolation: 0, interpolation_duration: 1 }
$data merge entity $(bone_horne_right) { transformation: [-0.7110032519891994f,0.15192570696237664f,-1.506929330816613f,-0.4079668345755674f,-1.4508119124431407f,0.40959974397350474f,0.7258208438041421f,0.7652844193460049f,0.43481286000358926f,1.6151129007445462f,-0.04232195027025314f,4.09224952176194f,0f,0f,0f,1f], start_interpolation: 0, interpolation_duration: 1 }
$data merge entity $(bone_horne_left) { transformation: [-0.6983839421886227f,-0.4067512062796561f,1.4650107092897866f,0.21995533380030302f,1.4213112737207882f,0.3979057780795638f,0.7880281135947682f,0.7784277947871441f,-0.5399788748996677f,1.5734254036374211f,0.17943903338222608f,4.139103979064937f,0f,0f,0f,1f], start_interpolation: 0, interpolation_duration: 1 }
$data merge entity $(bone_head_upper) { transformation: [-1.0967114983422765f,-0.06041906122437602f,0.059778143535944336f,-0.06889319320322827f,-0.022955856154290813f,0.9554723265105002f,0.5445600627486704f,0.37038460345223656f,-0.08183469968211755f,0.5416845671729786f,-0.9538767801003234f,3.891748414376537f,0f,0f,0f,1f], start_interpolation: 0, interpolation_duration: 1 }
$data merge entity $(bone_neck_0) { transformation: [-0.9986836324275773f,-0.04773569716238549f,0.018769803879647447f,-0.059278136147408005f,0.008844649821661022f,0.20018773011147573f,0.9797176352818944f,0.9918372456684975f,-0.05052498877576915f,0.9785939790992155f,-0.19950200394976603f,3.8086782503437835f,0f,0f,0f,1f], start_interpolation: 0, interpolation_duration: 1 }
$data merge entity $(bone_neck_1) { transformation: [-0.998536340812749f,-0.019099534829277943f,0.050600235627816285f,-0.02735902599084121f,0.01188126677323168f,0.8352532498267015f,0.5497370682006053f,1.3294807677720035f,-0.052763733531173015f,0.5495336353884436f,-0.8338037970653603f,3.28064968161273f,0f,0f,0f,1f], start_interpolation: 0, interpolation_duration: 1 }
$data merge entity $(bone_neck_2) { transformation: [-0.998536340812749f,0.009631763561361703f,0.053220345799171155f,-0.0032020543125554513f,0.01188126677323168f,0.9990421508881613f,0.04211432355647626f,1.3717611987156684f,-0.052763733531173015f,0.04268500766609151f,-0.9976943312179323f,2.8330075713085106f,0f,0f,0f,1f], start_interpolation: 0, interpolation_duration: 1 }
$data merge entity $(bone_arm_right_3) { transformation: [-0.988306662666287f,-0.08588376199068921f,0.12599174558578233f,-0.8258139280617642f,0.13019302860434473f,-0.04518975739395925f,0.9904583086276286f,0.40463372764402045f,-0.07937074922321316f,0.9952797924468283f,0.055842805398225615f,2.3163125224316063f,0f,0f,0f,1f], start_interpolation: 0, interpolation_duration: 1 }
$data merge entity $(bone_arm_right_4) { transformation: [-0.5707329009564631f,0.7589576185647509f,-0.31344423585119885f,-0.689601802311078f,-0.0908499821650598f,0.32101278471750344f,0.9427073102445538f,0.47736409505293054f,0.8160945021910317f,0.5665104811655614f,-0.1142612717552895f,2.250052411971033f,0f,0f,0f,1f], start_interpolation: 0, interpolation_duration: 1 }
$data merge entity $(bone_arm_right_2) { transformation: [-0.988306662666287f,0.03615266170793746f,0.14813144696808064f,-0.7878562001507972f,0.13019302860434473f,0.7057691154775496f,0.696376141852135f,0.5574003236392575f,-0.07937074922321316f,0.707518862426627f,-0.7022231436504193f,2.243548252868714f,0f,0f,0f,1f], start_interpolation: 0, interpolation_duration: 1 }
$data merge entity $(bone_arm_right_1) { transformation: [-0.939378684808786f,0.2741288003236146f,0.20596380109148127f,-0.626539373916177f,0.2795435376662043f,0.9601285733554139f,-0.0029211599683079126f,1.123989362763494f,-0.19855250458248794f,0.05483177417914608f,-0.9785552511046008f,2.2863169973463324f,0f,0f,0f,1f], start_interpolation: 0, interpolation_duration: 1 }
$data merge entity $(bone_arm_right_0) { transformation: [0.6006031910252188f,0.5294900541568393f,0.5990960603102908f,-0.4162448934718011f,0.5195395324869156f,0.31109786415216567f,-0.7957994678957994f,1.2718436491956107f,-0.6077454081386393f,0.7892137869227501f,-0.08824464526219544f,2.6462451513557017f,0f,0f,0f,1f], start_interpolation: 0, interpolation_duration: 1 }
$data merge entity $(bone_arm_left_3) { transformation: [-0.9929794173137074f,0.07975607741000428f,-0.08735470741464883f,0.8103727374126513f,-0.10572621119506362f,-0.2672491786279083f,0.9578099210120161f,0.3851523298198857f,0.05304568839845861f,0.9603212195088042f,0.2738052415558476f,2.3270143026391157f,0f,0f,0f,1f], start_interpolation: 0, interpolation_duration: 1 }
$data merge entity $(bone_arm_left_4) { transformation: [-0.5478562928556088f,-0.7642617529857113f,0.34023147312045704f,0.6777499345586838f,0.11947137714652617f,0.331051459631968f,0.9360189747640031f,0.46251624140195413f,-0.8279976282702874f,0.5534518081990073f,-0.09006122128878691f,2.2587510685296577f,0f,0f,0f,1f], start_interpolation: 0, interpolation_duration: 1 }
$data merge entity $(bone_arm_left_2) { transformation: [-0.9929794173137074f,-0.035542677745327336f,-0.11282107449418f,0.7781540513367706f,-0.10572621119506362f,0.6944087964035981f,0.7117713057883428f,0.5400642493224077f,0.05304568839845861f,0.7187024012315515f,-0.6932914346840983f,2.2560402626755898f,0f,0f,0f,1f], start_interpolation: 0, interpolation_duration: 1 }
$data merge entity $(bone_arm_left_1) { transformation: [-0.9508580335798249f,-0.2507047919251408f,-0.18170334967325108f,0.630402334850902f,-0.2582942308802928f,0.9658796415961518f,0.018989687834376295f,1.1098593124254768f,0.1707427605219795f,0.0649894241847154f,-0.9831700180912114f,2.304809510416119f,0f,0f,0f,1f], start_interpolation: 0, interpolation_duration: 1 }
$data merge entity $(bone_arm_left_0) { transformation: [0.5706380613479185f,-0.5453494008052653f,-0.6139757600935289f,0.41298797748745625f,-0.532706171590831f,0.32318079170399205f,-0.7821625857982601f,1.262521735437107f,0.6249770697314653f,0.7734004182277889f,-0.10609173103947522f,2.6584450804352704f,0f,0f,0f,1f], start_interpolation: 0, interpolation_duration: 1 }
$data merge entity $(bone_wing_right_2) { transformation: [0.8311209741127097f,-2.645437597383284f,-2.2653140872287776f,-1.8357931807003618f,-3.005585500894819f,0.6318828854368246f,-1.8406330120257868f,0.5347445229038232f,1.7596715012345425f,2.3287623336225702f,-2.073926775539576f,5.333066631499658f,0f,0f,0f,1f], start_interpolation: 0, interpolation_duration: 1 }
$data merge entity $(bone_wing_right_1) { transformation: [-1.1821292936046484f,-3.4871279624851406f,-0.40967018363069535f,-1.6055236048214419f,-3.221650851246042f,1.2491336917618288f,-1.336394988643371f,1.0744190312571344f,1.396014641315566f,-0.07017368637670601f,-3.4309677246912242f,3.6907072287825455f,0f,0f,0f,1f], start_interpolation: 0, interpolation_duration: 1 }
$data merge entity $(bone_wing_right_0) { transformation: [-1.6126957457725517f,-1.0522437409549297f,-0.2142470330909806f,-0.20655448280672523f,-0.9214162875964488f,1.554489139511241f,-0.6989004150045836f,1.6240649390081894f,0.5514623346331927f,-0.47984672007087414f,-1.7943084095879762f,2.4219475427968518f,0f,0f,0f,1f], start_interpolation: 0, interpolation_duration: 1 }
$data merge entity $(bone_wing_left_2) { transformation: [0.9642657585027358f,2.5918412308036958f,2.2744890965536375f,1.7295551790491512f,2.969113348704852f,0.5770261339931178f,-1.9162872520287413f,0.4935653526425542f,-1.7536554788720768f,2.4021136409527326f,-1.9938135786544853f,5.388506476499676f,0f,0f,0f,1f], start_interpolation: 0, interpolation_duration: 1 }
$data merge entity $(bone_wing_left_1) { transformation: [-1.056934811210602f,3.5182080821102146f,0.48002234190251575f,1.5632123801553015f,3.248393228665825f,1.1602966239766896f,-1.3516559951579084f,1.036354499538316f,-1.4339285162480135f,0.035275887836637924f,-3.4158345063729465f,3.7394682490763427f,0f,0f,0f,1f], start_interpolation: 0, interpolation_duration: 1 }
$data merge entity $(bone_wing_left_0) { transformation: [-1.571248145741248f,1.105470364796918f,0.251039413360647f,0.21795525697812346f,0.9611135771330385f,1.5265927559745853f,-0.706881531274127f,1.6192927654457239f,-0.6011207918174384f,-0.4487271776499486f,-1.7863941232782556f,2.428193060672874f,0f,0f,0f,1f], start_interpolation: 0, interpolation_duration: 1 }
$data merge entity $(bone_body_0) { transformation: [-1.1997343676610115f,0.01665733478714909f,0.01469638904023021f,0.011236896946455598f,0.013486947635724228f,1.1770120963015178f,-0.23305928645599547f,1.1022578425044045f,-0.01765086106976649f,-0.23285416457022065f,-1.176997616287221f,1.651864673866463f,0f,0f,0f,1f], start_interpolation: 0, interpolation_duration: 1 }
$data merge entity $(bone_body_1) { transformation: [-0.999828631149067f,0.008283960740854584f,0.016555492412697777f,0.03141846969159051f,0.011239685014020891f,0.9822373028187432f,0.1873060341583953f,1.4013249982959857f,-0.014709786380791116f,0.1874600142585195f,-0.9821620870502115f,0.5086330056603716f,0f,0f,0f,1f], start_interpolation: 0, interpolation_duration: 1 }
$data merge entity $(bone_leg_right_3) { transformation: [-0.8580266578274268f,0.26074591795147994f,0.07616968379306793f,-0.865556703210002f,0.2041713903033995f,0.4525745508840176f,0.7506599225173186f,0.02723001558959426f,0.17917672236948856f,0.7329309941350345f,-0.49061987321872463f,-0.5590270886985019f,0f,0f,0f,1f], start_interpolation: 0, interpolation_duration: 1 }
$data merge entity $(bone_leg_right_2) { transformation: [-0.9533629531415854f,0.25354364272460844f,-0.16375194902990162f,-0.7205879560341593f,0.22685710033711057f,0.9597933962088528f,0.1653254143213146f,0.5683158666884893f,0.1990852470772095f,0.12046683289525081f,-0.9725496422128765f,-0.5196254212106937f,0f,0f,0f,1f], start_interpolation: 0, interpolation_duration: 1 }
$data merge entity $(bone_leg_right_1) { transformation: [-0.8790902853271322f,0.4394325786682602f,-0.1846599010300415f,-0.5921375364915891f,0.43150291283607434f,0.8982527134841807f,0.0833504585007776f,0.5788743792886378f,0.20249816408413357f,-0.006408706832888245f,-0.9792616718831006f,0.015507761423321498f,0f,0f,0f,1f], start_interpolation: 0, interpolation_duration: 1 }
$data merge entity $(bone_leg_right_0) { transformation: [-0.8790902853271322f,0.29329923858814766f,-0.3757337180598439f,-0.35292008066528036f,0.43150291283607434f,0.8245702946045971f,-0.36590854795928346f,1.1996701142335486f,0.20249816408413357f,-0.483796843622714f,-0.8514312113396211f,-0.19168634622265307f,0f,0f,0f,1f], start_interpolation: 0, interpolation_duration: 1 }
$data merge entity $(bone_leg_left_3) { transformation: [-0.8611381302985891f,-0.2599309193120674f,-0.029614822833059107f,0.8901708392091185f,-0.19122087862670262f,0.5558584175644392f,0.6815100844448229f,-0.1741628914878664f,-0.17853766023750225f,0.6583747692677334f,-0.5870834413169707f,-0.6523688028336522f,0f,0f,0f,1f], start_interpolation: 0, interpolation_duration: 1 }
$data merge entity $(bone_leg_left_2) { transformation: [-0.9568201447762101f,-0.17293452625104144f,0.2336425906823495f,0.7922987718664534f,-0.21246764291855846f,0.9646147293590047f,-0.15612791107385665f,0.36092987400726834f,-0.19837517804166918f,-0.19902782100495908f,-0.959705796170344f,-0.7917930405644369f,0f,0f,0f,1f], start_interpolation: 0, interpolation_duration: 1 }
$data merge entity $(bone_leg_left_1) { transformation: [-0.902653431285369f,-0.34911910358889636f,0.2516597593935807f,0.6328523969737829f,-0.4110673628074658f,0.8725564540218598f,-0.26394858927320186f,0.5598115371424168f,-0.1274378523958432f,-0.34170321340906873f,-0.9311275464310201f,-0.30393911444803956f,0f,0f,0f,1f], start_interpolation: 0, interpolation_duration: 1 }
$data merge entity $(bone_leg_left_0) { transformation: [-0.902653431285369f,-0.40290463299824214f,0.15127669912217587f,0.3507845135290033f,-0.4110673628074658f,0.9112386533314483f,-0.025840663869259706f,1.191599037396887f,-0.1274378523958432f,-0.08551007767065041f,-0.9881536420989878f,-0.22133162330948808f,0f,0f,0f,1f], start_interpolation: 0, interpolation_duration: 1 }
$data merge entity $(bone_tail_3) { transformation: [0.14048875638100067f,0.5202054457429759f,-1.1945273730459764f,-1.9202411311811043f,0.02958102808372313f,1.199868482679776f,0.5260104832182448f,0.5026945286387211f,1.302549159730365f,-0.08335682274015331f,0.116892121182896f,-2.7195373868568042f,0f,0f,0f,1f], start_interpolation: 0, interpolation_duration: 1 }
$data merge entity $(bone_tail_2) { transformation: [-0.5051784121994307f,0.21681688752914172f,-0.8353353872127277f,-1.103581209461404f,0.22615026191883203f,0.9673610612763857f,0.11431813574524607f,0.386680462952381f,0.8328570290762429f,-0.13116026230684505f,-0.537723120862302f,-2.1926815657692513f,0f,0f,0f,1f], start_interpolation: 0, interpolation_duration: 1 }
$data merge entity $(bone_tail_1) { transformation: [-0.78425859829203f,0.07517901698937568f,-0.6158624573795123f,-0.5072660870616631f,0.282773294552049f,0.926852036589617f,-0.24695053382784832f,0.7484505239704222f,0.5522478745031079f,-0.3678225355714225f,-0.7481502973551565f,-1.5310830936376265f,0f,0f,0f,1f], start_interpolation: 0, interpolation_duration: 1 }
$data merge entity $(bone_tail_0) { transformation: [-0.8832091641973207f,-0.1356798583008288f,-0.4489237667236357f,-0.01994492410929851f,-0.02464618576651685f,0.9693413555215195f,-0.24447883753581934f,0.9922465725678395f,0.46833122659612675f,-0.2048616912142684f,-0.859475159424516f,-0.5992315856747614f,0f,0f,0f,1f], start_interpolation: 0, interpolation_duration: 1 }
$data merge entity $(bone_body_2) { transformation: [-1.019861730716353f,-5.615482208134092e-8f,-0.044528021118011074f,1.613724741278962e-17f,0.01169721280675627f,0.9849807023499871f,-0.2679120856832025f,1.0142170015052567f,0.04296416969106526f,-0.26816731799860893f,-0.9840432226912772f,-0.131770625f,0f,0f,0f,1f], start_interpolation: 0, interpolation_duration: 1 }