# This file was generated by Animated Java via MC-Build. It is not recommended to edit this file directly.
$data merge entity $(bone_head_lower) { transformation: [-1.0963498294566225f,-0.07192919976309514f,0.053322056148238456f,-0.11263251466863679f,-0.024048209727481423f,0.8675571262755223f,0.675844890679408f,0.3511826088483109f,-0.08624810177237648f,0.6724364824055864f,-0.8662507962886171f,3.8947171808048324f,0f,0f,0f,1f], start_interpolation: 0, interpolation_duration: 1 }
$data merge entity $(bone_horne_right) { transformation: [-0.7084658432337181f,0.14512473465245643f,-1.50879356215946f,-0.4152702737596976f,-1.4623230670111864f,0.3728715854208108f,0.7225102638187295f,0.7374760068824859f,0.39891158106625096f,1.624607227925712f,-0.031047678067746574f,4.084540456075977f,0f,0f,0f,1f], start_interpolation: 0, interpolation_duration: 1 }
$data merge entity $(bone_horne_left) { transformation: [-0.700456569188151f,-0.4133679404768563f,1.4621664041133375f,0.21244482109569163f,1.4314186414771735f,0.3606211625886856f,0.7876776642608767f,0.7512448093619553f,-0.5097492720577936f,1.5806714951974519f,0.2026730291810984f,4.133921806745751f,0f,0f,0f,1f], start_interpolation: 0, interpolation_duration: 1 }
$data merge entity $(bone_head_upper) { transformation: [-1.0963498294566225f,-0.06498419780484711f,0.061596310653282194f,-0.07439485789124879f,-0.024048209727481423f,0.9426340926075713f,0.5664473947886108f,0.3481982313541625f,-0.08624810177237648f,0.5632211124323748f,-0.9409268002619015f,3.8762515767150387f,0f,0f,0f,1f], start_interpolation: 0, interpolation_duration: 1 }
$data merge entity $(bone_neck_0) { transformation: [-0.9984384977319928f,-0.0518201955400457f,0.020862252535936383f,-0.06364496935587444f,0.011436932126970898f,0.17592407491287337f,0.9843372981095317f,0.9715061804136669f,-0.054678723743379544f,0.9830388533523184f,-0.1750567050117019f,3.808663644893605f,0f,0f,0f,1f], start_interpolation: 0, interpolation_duration: 1 }
$data merge entity $(bone_neck_1) { transformation: [-0.9983540919815526f,-0.020656007977678387f,0.05350174163628667f,-0.02989152027485603f,0.013068821251031173f,0.826404004023621f,0.5629259525415716f,1.3175032908681323f,-0.05584185647700549f,0.5626986329005547f,-0.824773869370901f,3.2861860365311912f,0f,0f,0f,1f], start_interpolation: 0, interpolation_duration: 1 }
$data merge entity $(bone_neck_2) { transformation: [-0.9983540919815526f,0.009871382305056173f,0.056494803611281875f,-0.0042565039948907046f,0.013068821251031173f,0.9983164694711687f,0.056510465346959304f,1.3662403693203018f,-0.05584185647700549f,0.057155774808926446f,-0.996802339719963f,2.8392831430931027f,0f,0f,0f,1f], start_interpolation: 0, interpolation_duration: 1 }
$data merge entity $(bone_arm_right_3) { transformation: [-0.9897529442491548f,-0.09054896684666569f,0.11040830563472695f,-0.8209992450350055f,0.12077265065521028f,-0.11835254606730466f,0.9855996355991115f,0.41008585565615924f,-0.07617792464910264f,0.988834444910971f,0.1280756196696609f,2.289614741005413f,0f,0f,0f,1f], start_interpolation: 0, interpolation_duration: 1 }
$data merge entity $(bone_arm_right_4) { transformation: [-0.5454072533815494f,0.7715171181098242f,-0.3275549792360152f,-0.6856333024505548f,-0.11879270605670594f,0.3156997557684865f,0.941393625002551f,0.48644899851433787f,0.82971032351449f,0.5523540537293358f,-0.08053433045757907f,2.225750950135721f,0f,0f,0f,1f], start_interpolation: 0, interpolation_duration: 1 }
$data merge entity $(bone_arm_right_2) { transformation: [-0.9897529442491548f,0.02735038898651737f,0.14014658601769803f,-0.7848346930288591f,0.12077265065521028f,0.6839635290221219f,0.719449690959222f,0.5654690712767279f,-0.07617792464910264f,0.72900332453967f,-0.6802580955830401f,2.22163502074442f,0f,0f,0f,1f], start_interpolation: 0, interpolation_duration: 1 }
$data merge entity $(bone_arm_right_1) { transformation: [-0.9394486427077398f,0.26924775116319555f,0.21199503816869808f,-0.6264623372982893f,0.28246051624031443f,0.9586713009965098f,0.03413785890935245f,1.1308116903520724f,-0.19404201730512088f,0.09195099313885491f,-0.9766743113141338f,2.2862983270603507f,0f,0f,0f,1f], start_interpolation: 0, interpolation_duration: 1 }
$data merge entity $(bone_arm_right_0) { transformation: [0.6009620466057954f,0.5273010866013619f,0.6006647838923111f,-0.41717645489134847f,0.534447585788927f,0.29369291075033066f,-0.7925340700685277f,1.2706738504772397f,-0.5943150650822857f,0.7973067403728764f,-0.10531649999984385f,2.6499890337887226f,0f,0f,0f,1f], start_interpolation: 0, interpolation_duration: 1 }
$data merge entity $(bone_arm_left_3) { transformation: [-0.9940847753490186f,0.07615397495872211f,-0.07743404624115893f,0.8055763628907536f,-0.09707104687878838f,-0.30323537737857686f,0.9479586055118274f,0.3914366885401383f,0.048710073672164844f,0.9498678213330838f,0.3088340180724814f,2.3047194037686736f,0f,0f,0f,1f], start_interpolation: 0, interpolation_duration: 1 }
$data merge entity $(bone_arm_left_4) { transformation: [-0.5201264468363411f,-0.7779472934404499f,0.35251452158752533f,0.6738620321328036f,0.14173049117060288f,0.328397945169256f,0.9338454141243885f,0.47185442735332855f,-0.8422475569415105f,0.5356797534322995f,-0.060549604365084886f,2.2382500563943983f,0f,0f,0f,1f], start_interpolation: 0, interpolation_duration: 1 }
$data merge entity $(bone_arm_left_2) { transformation: [-0.9940847753490186f,-0.029942011841758598f,-0.10439796619742936f,0.7750416129620205f,-0.09707104687878838f,0.6760688296670007f,0.7304164219200912f,0.5484338662912775f,0.048710073672164844f,0.7362298645664683f,-0.6749762330951309f,2.237692721692629f,0f,0f,0f,1f], start_interpolation: 0, interpolation_duration: 1 }
$data merge entity $(bone_arm_left_1) { transformation: [-0.9508975758925897f,-0.24805381859539583f,-0.18510295308784092f,0.6288903557402763f,-0.26129008493736017f,0.9639372419130883f,0.05052212551363877f,1.1167527006879308f,0.16589542391224718f,0.09640693301433811f,-0.9814195899775717f,2.3049900891661137f,0f,0f,0f,1f], start_interpolation: 0, interpolation_duration: 1 }
$data merge entity $(bone_arm_left_0) { transformation: [0.5708861747451741f,-0.5440941437109839f,-0.6148581448303616f,0.41205463436770484f,-0.5475713892612712f,0.3056917175818298f,-0.7789211432900973f,1.2613870967404395f,0.6117634748391767f,0.7813540404843902f,-0.12341521085917224f,2.6623359943975506f,0f,0f,0f,1f], start_interpolation: 0, interpolation_duration: 1 }
$data merge entity $(bone_wing_right_2) { transformation: [1.1600243797794885f,-2.5340727734089428f,-2.2480143875075553f,-1.8793679223742166f,-3.0184273324676467f,0.30531761460767665f,-1.9017433217652615f,0.49568310983005515f,1.537592256089274f,2.511176298537009f,-2.0372907796229063f,5.2936010398708175f,0f,0f,0f,1f], start_interpolation: 0, interpolation_duration: 1 }
$data merge entity $(bone_wing_right_1) { transformation: [-1.172328707279246f,-3.4951180471205867f,-0.3675812722119377f,-1.6373848773293442f,-3.2610306402048654f,1.2263075031892374f,-1.2598292837391991f,1.0746121520680054f,1.3102081203511209f,-0.07510324369661266f,-3.464539642874971f,3.6663633712435773f,0f,0f,0f,1f], start_interpolation: 0, interpolation_duration: 1 }
$data merge entity $(bone_wing_right_0) { transformation: [-1.636141725290896f,-1.019799968438633f,-0.1922356083942132f,-0.20752895463570742f,-0.9074021642856689f,1.5800104517928377f,-0.6588585086914163f,1.6282613998184994f,0.5035551777231704f,-0.466348846463628f,-1.8118656645541438f,2.434307804378241f,0f,0f,0f,1f], start_interpolation: 0, interpolation_duration: 1 }
$data merge entity $(bone_wing_left_2) { transformation: [1.291643950689033f,2.4637117227807614f,2.2544468325372686f,1.7665061372658861f,2.97612852421247f,0.24733152467265546f,-1.9754078549323058f,0.4526341076481595f,-1.5149471875526155f,2.586445772289069f,-1.9585666582964878f,5.352906295535556f,0f,0f,0f,1f], start_interpolation: 0, interpolation_duration: 1 }
$data merge entity $(bone_wing_left_1) { transformation: [-1.0411718144017736f,3.5278837755396006f,0.4419480422852506f,1.5917273656090882f,3.2886068586130954f,1.130597265913948f,-1.2775505879184639f,1.0340821768486395f,-1.3514240397736845f,0.033266221491964836f,-3.4493285109031615f,3.717978901417905f,0f,0f,0f,1f], start_interpolation: 0, interpolation_duration: 1 }
$data merge entity $(bone_wing_left_0) { transformation: [-1.594136583884087f,1.076668411220742f,0.231127528005159f,0.21697987304216082f,0.9503800777997388f,1.5505777013695974f,-0.668126297743726f,1.6235072257495258f,-0.5562486041723926f,-0.43634868430508456f,-1.8039106313954374f,2.440628592203648f,0f,0f,0f,1f], start_interpolation: 0, interpolation_duration: 1 }
$data merge entity $(bone_body_0) { transformation: [-1.199731789896619f,0.016285734968578765f,0.015310478372272212f,0.010813060538992163f,0.013436078105725379f,1.182270206642509f,-0.20472575287592867f,1.1251804864344426f,-0.01786358633061827f,-0.20451879356678246f,-1.1822474186740253f,1.6520164807176259f,0f,0f,0f,1f], start_interpolation: 0, interpolation_duration: 1 }
$data merge entity $(bone_body_1) { transformation: [-0.9998264829046611f,0.008174549096146745f,0.016738602975458018f,0.0312018449624463f,0.011197291619352116f,0.9818490241340678f,0.18933334219669237f,1.4266073119975937f,-0.014887066295496666f,0.1894879166439204f,-0.9817701893534251f,0.5094083794678267f,0f,0f,0f,1f], start_interpolation: 0, interpolation_duration: 1 }
$data merge entity $(bone_leg_right_3) { transformation: [-0.8580298763615742f,0.25982176012360825f,0.07922994533136958f,-0.866968951182055f,0.2037883070605756f,0.44216468839151474f,0.7569416848377551f,0.053134619229790236f,0.17959692975194802f,0.7395830185353806f,-0.4803768328279051f,-0.5648141159891993f,0f,0f,0f,1f], start_interpolation: 0, interpolation_duration: 1 }
$data merge entity $(bone_leg_right_2) { transformation: [-0.953366529290638f,0.25356226754276695f,-0.163702282534158f,-0.7219883706853679f,0.22643145228952843f,0.9595126639170404f,0.16752386455929136f,0.5941264966963642f,0.19955214416883113f,0.12264429975092639f,-0.972181730694538f,-0.5241847286937463f,0f,0f,0f,1f], start_interpolation: 0, interpolation_duration: 1 }
$data merge entity $(bone_leg_right_1) { transformation: [-0.8791595573220264f,0.43913663550978566f,-0.18503374860409677f,-0.5933519996981409f,0.4310995636141378f,0.8983999130293606f,0.0838496423399474f,0.6044212181060404f,0.20305575347928045f,-0.006050753835915801f,-0.9791484817722891f,0.010908925160729527f,0f,0f,0f,1f], start_interpolation: 0, interpolation_duration: 1 }
$data merge entity $(bone_leg_right_0) { transformation: [-0.8791595573220264f,0.29549935320849985f,-0.3738430218991611f,-0.35290038506481347f,0.4310995636141378f,0.8274971892381785f,-0.3597242945015168f,1.2263379865043338f,0.20305575347928045f,-0.47741861511285066f,-0.8548917047923025f,-0.19143802476998942f,0f,0f,0f,1f], start_interpolation: 0, interpolation_duration: 1 }
$data merge entity $(bone_leg_left_3) { transformation: [-0.8605834139986356f,-0.26175342362971393f,-0.02968724925917393f,0.8929032479290977f,-0.1913877847657391f,0.5515526211280322f,0.6849528611293338f,-0.15110363559428414f,-0.18101630698065838f,0.6612676094781301f,-0.5830593839928854f,-0.6569723713409743f,0f,0f,0f,1f], start_interpolation: 0, interpolation_duration: 1 }
$data merge entity $(bone_leg_left_2) { transformation: [-0.9562037933318173f,-0.1740360735353947f,0.2353417742905532f,0.7944646407705691f,-0.21265309418415454f,0.9655468044487078f,-0.14999343303222934f,0.3846785180847108f,-0.2011292299785093f,-0.1934704461339546f,-0.9602688265902316f,-0.7933162444624144f,0f,0f,0f,1f], start_interpolation: 0, interpolation_duration: 1 }
$data merge entity $(bone_leg_left_1) { transformation: [-0.9026093816843347f,-0.34647011533597954f,0.2554501189557283f,0.6331109747581565f,-0.4108161653314646f,0.8705665486132419f,-0.27082090528240005f,0.587194109949351f,-0.1285549781135429f,-0.3493885281669976f,-0.928117058343141f,-0.3075890111914465f,0f,0f,0f,1f], start_interpolation: 0, interpolation_duration: 1 }
$data merge entity $(bone_leg_left_0) { transformation: [-0.9026093816843347f,-0.4035297271594487f,0.1498668188560884f,0.3508141707834782f,-0.4108161653314646f,0.9115000015511683f,-0.01994556277899709f,1.2183270024193011f,-0.1285549781135429f,-0.07957076392018006f,-0.9885049879142671f,-0.22086231144326057f,0f,0f,0f,1f], start_interpolation: 0, interpolation_duration: 1 }
$data merge entity $(bone_tail_3) { transformation: [0.15444761888402178f,0.580145749762106f,-1.1648275767083593f,-1.9801614040091946f,0.02942705653739455f,1.1711460646712073f,0.5871945035121995f,0.5379202615633842f,1.3009713381819181f,-0.09536375435330396f,0.12500309192592707f,-2.6647066883398693f,0f,0f,0f,1f], start_interpolation: 0, interpolation_duration: 1 }
$data merge entity $(bone_tail_2) { transformation: [-0.48968314620153175f,0.24439706731514907f,-0.8369471248614953f,-1.162041606294938f,0.2463516231311863f,0.9595808817608924f,0.13607133842076352f,0.40064842636140274f,0.8363738961175193f,-0.13955144157887617f,-0.5300981994371028f,-2.145277975962122f,0f,0f,0f,1f], start_interpolation: 0, interpolation_duration: 1 }
$data merge entity $(bone_tail_1) { transformation: [-0.7617451014710422f,0.07413076759242543f,-0.6436218064057719f,-0.5394551150966265f,0.30340869341949683f,0.9185780259894839f,-0.2532934561466928f,0.7673223983447603f,0.5724400100817073f,-0.3882255007922851f,-0.7222142309538315f,-1.5111501498688034f,0f,0f,0f,1f], start_interpolation: 0, interpolation_duration: 1 }
$data merge entity $(bone_tail_0) { transformation: [-0.8666605590044689f,-0.14014935384175117f,-0.47880855681973855f,-0.019787494986475165f,-0.016998594329872344f,0.9674698569646764f,-0.2524145868517844f,1.019722050385606f,0.49860858722736584f,-0.21061869452279916f,-0.8408503090685299f,-0.5992808377827257f,0f,0f,0f,1f], start_interpolation: 0, interpolation_duration: 1 }
$data merge entity $(bone_body_2) { transformation: [-1.0198761678960748f,0.00008759332698425792f,-0.044196028435489365f,1.613724741278962e-17f,0.011610121862366159f,0.9855094771049987f,-0.2659642270137421f,1.0407673702073945f,0.04264389372937846f,-0.2662175000034472f,-0.984586428640958f,-0.131770625f,0f,0f,0f,1f], start_interpolation: 0, interpolation_duration: 1 }