# This file was generated by Animated Java via MC-Build. It is not recommended to edit this file directly.
$data merge entity $(bone_head_lower) { transformation: [-1.095961601311858f,-0.07613873935792073f,0.05541715275015587f,-0.12163432873438922f,-0.024584740330142376f,0.8562034325424787f,0.6901530791392423f,0.3126045484617511f,-0.09090521983278499f,0.6863807795032316f,-0.8547617601037667f,3.8789176158472114f,0f,0f,0f,1f], start_interpolation: 0, interpolation_duration: 1 }
$data merge entity $(bone_horne_right) { transformation: [-0.7066384510389244f,0.13819020289311076f,-1.5103008376440468f,-0.4258563061462082f,-1.4721081593312884f,0.33816734915340213f,0.7197106807929484f,0.6940642734830647f,0.36469537917856565f,1.6327857681403162f,-0.02123602163495581f,4.07585045991701f,0f,0f,0f,1f], start_interpolation: 0, interpolation_duration: 1 }
$data merge entity $(bone_horne_left) { transformation: [-0.7017850482444599f,-0.4201047045444448f,1.4596070827900176f,0.20163650868489613f,1.440514236730984f,0.32564361172449613f,0.7863320067051948f,0.7081402665590877f,-0.48151794638052026f,1.5864776481921485f,0.22510484657340446f,4.127898243532272f,0f,0f,0f,1f], start_interpolation: 0, interpolation_duration: 1 }
$data merge entity $(bone_head_upper) { transformation: [-1.095961601311858f,-0.06923124480973611f,0.06383731817708105f,-0.08332107780302f,-0.024584740330142376f,0.9301607138758998f,0.5866827395660934f,0.31010153186985623f,-0.09090521983278499f,0.5831021189328428f,-0.9282931433029019f,3.8605373778110885f,0f,0f,0f,1f], start_interpolation: 0, interpolation_duration: 1 }
$data merge entity $(bone_neck_0) { transformation: [-0.998125736163802f,-0.056501515221649624f,0.023507309185142652f,-0.07111609752475673f,0.014556139704095968f,0.1539048498191436f,0.987978449157198f,0.9347484166335065f,-0.059440168273508745f,0.9864688925555659f,-0.15279394757585274f,3.807022932997919f,0f,0f,0f,1f], start_interpolation: 0, interpolation_duration: 1 }
$data merge entity $(bone_neck_1) { transformation: [-0.998125736163802f,-0.022468718186325023f,0.05692250442954617f,-0.0352002296317455f,0.014556139704095968f,0.8162954195700287f,0.5774512159359488f,1.2899487300166461f,-0.059440168273508745f,0.5771974919315349f,-0.8144384087845824f,3.290903823863386f,0f,0f,0f,1f], start_interpolation: 0, interpolation_duration: 1 }
$data merge entity $(bone_neck_2) { transformation: [-0.998125736163802f,0.010162964151207156f,0.060346739490460245f,-0.007826276460555472f,0.014556139704095968f,0.9972394774401785f,0.07281169845398952f,1.3459909219239568f,-0.059440168273508745f,0.07355364569143485f,-0.995518321077576f,2.8449614593665062f,0f,0f,0f,1f], start_interpolation: 0, interpolation_duration: 1 }
$data merge entity $(bone_arm_right_3) { transformation: [-0.9909728636443897f,-0.09376452883765121f,0.095817517460494f,-0.8186903019514529f,0.11174416912908386f,-0.18283607243810557f,0.9767723436303155f,0.40091501236817356f,-0.0740677000188987f,0.9786619353726096f,0.19166322565022542f,2.265513485117094f,0f,0f,0f,1f], start_interpolation: 0, interpolation_duration: 1 }
$data merge entity $(bone_arm_right_4) { transformation: [-0.5238173510849591f,0.7806746839256556f,-0.34082608553324634f,-0.6841272904415674f,-0.14697907445722674f,0.3112770080217934f,0.9388843251160914f,0.4806472726345366f,0.8390545479133253f,0.5418982027600564f,-0.04830945530004693f,2.204117928360839f,0f,0f,0f,1f], start_interpolation: 0, interpolation_duration: 1 }
$data merge entity $(bone_arm_right_2) { transformation: [-0.9909728636443897f,0.018742413878217207f,0.1327460185559492f,-0.7842150958208991f,0.11174416912908386f,0.6625374250731473f,0.7406466100935691f,0.5586260200701852f,-0.0740677000188987f,0.7487942857016617f,-0.6586509648626118f,2.2021750363120587f,0f,0f,0f,1f], start_interpolation: 0, interpolation_duration: 1 }
$data merge entity $(bone_arm_right_1) { transformation: [-0.9394630007412077f,0.2647455208255602f,0.21752949096876384f,-0.6285584772504818f,0.2848286621954992f,0.9562856008882408f,0.0662607178178698f,1.1222255738581142f,-0.19047809173301022f,0.12420812669314281f,-0.9738020526950699f,2.2858528903213444f,0f,0f,0f,1f], start_interpolation: 0, interpolation_duration: 1 }
$data merge entity $(bone_arm_right_0) { transformation: [0.601511816481141f,0.5246881427443632f,0.6024001058242182f,-0.4204752263550007f,0.5480139792814102f,0.2776553182592159f,-0.7890425861476225f,1.254714833870034f,-0.5812608821740136f,0.8047421183869057f,-0.12052348214536035f,2.6529780614123153f,0f,0f,0f,1f], start_interpolation: 0, interpolation_duration: 1 }
$data merge entity $(bone_arm_left_3) { transformation: [-0.9951367088797748f,0.0711009119115761f,-0.06817324229690438f,0.7987233774202936f,-0.08829540421960701f,-0.33705241594467666f,0.9373364339977155f,0.38243324566072145f,0.04366751920622902f,0.9387972780271572f,0.3416911156807774f,2.2859472601730615f,0f,0f,0f,1f], start_interpolation: 0, interpolation_duration: 1 }
$data merge entity $(bone_arm_left_4) { transformation: [-0.4947576651630321f,-0.7889066667410656f,0.3644737630254422f,0.6680068636753422f,0.1650844912551675f,0.3264450268011808f,0.930688323352023f,0.4657897983219015f,-0.8532068702896431f,0.5206341476010554f,-0.03127492353747713f,2.221149652609101f,0f,0f,0f,1f], start_interpolation: 0, interpolation_duration: 1 }
$data merge entity $(bone_arm_left_2) { transformation: [-0.9951367088797748f,-0.025339897081643636f,-0.09518834096580234f,0.769943855049862f,-0.08829540421960701f,0.6578583615198044f,0.7479480582046961f,0.5413429710275582f,0.04366751920622902f,0.7527152620974085f,-0.6568964012475662f,2.2227610341335f,0f,0f,0f,1f], start_interpolation: 0, interpolation_duration: 1 }
$data merge entity $(bone_arm_left_1) { transformation: [-0.951294073973774f,-0.24540933234514462f,-0.18658468431329012f,0.6253689214037494f,-0.2633336622390419f,0.9615552491520549f,0.07789021222146278f,1.107970347874873f,0.16029649763533246f,0.12323052554477112f,-0.9793463485508104f,2.3058689612805625f,0f,0f,0f,1f], start_interpolation: 0, interpolation_duration: 1 }
$data merge entity $(bone_arm_left_0) { transformation: [0.5700447382511502f,-0.543656536543181f,-0.616024810105933f,0.4087405588422679f,-0.5613327754555587f,0.2898007541493496f,-0.7751909687901608f,1.2452879257256357f,0.5999620917954211f,0.7876884493048893f,-0.13997283750828798f,2.6662145869199527f,0f,0f,0f,1f], start_interpolation: 0, interpolation_duration: 1 }
$data merge entity $(bone_wing_right_2) { transformation: [1.3384709329569768f,-2.4794263728901127f,-2.209454795215894f,-1.9598012350704679f,-3.027259216665421f,0.06867022160392537f,-1.9109516228401457f,0.46524833129358756f,1.3656307208758147f,2.5823398945797393f,-2.0705852969917364f,5.240578745064458f,0f,0f,0f,1f], start_interpolation: 0, interpolation_duration: 1 }
$data merge entity $(bone_wing_right_1) { transformation: [-1.2150582623543997f,-3.4859343233765845f,-0.31179490869694715f,-1.6848412397555224f,-3.2809305719423447f,1.2494240585058294f,-1.1831123602688398f,1.0773315110260908f,1.21837956076027f,-0.11190249341213698f,-3.4969057509160515f,3.6308060150494077f,0f,0f,0f,1f], start_interpolation: 0, interpolation_duration: 1 }
$data merge entity $(bone_wing_right_0) { transformation: [-1.670966178051164f,-0.9670519470351335f,-0.16306076641743888f,-0.21061263890008286f,-0.8740747213407039f,1.614640366823724f,-0.6187375189339357f,1.6171835071382854f,0.4447152609504832f,-0.46005789587714757f,-1.8287923116414377f,2.445822376447542f,0f,0f,0f,1f], start_interpolation: 0, interpolation_duration: 1 }
$data merge entity $(bone_wing_left_2) { transformation: [1.474376214637718f,2.3903013231033805f,2.2211313404517603f,1.830956803383253f,2.981532331179999f,0.003344899116035581f,-1.9827263650929035f,0.4180908696665029f,-1.3256808835067233f,2.665932944669912f,-1.9890002007754304f,5.308486372829814f,0f,0f,0f,1f], start_interpolation: 0, interpolation_duration: 1 }
$data merge entity $(bone_wing_left_1) { transformation: [-1.0739839151484114f,3.5234879985928282f,0.396120722349634f,1.629802866918f,3.31161149532436f,1.1446946400697235f,-1.2034218869254483f,1.0327667090406685f,-1.2669288089462842f,0.0052208876593570425f,-3.481405590891989f,3.688817342882846f,0f,0f,0f,1f], start_interpolation: 0, interpolation_duration: 1 }
$data merge entity $(bone_wing_left_0) { transformation: [-1.627865540997266f,1.0300700684236581f,0.2071610112240209f,0.21388835415917168f,0.9219681353087006f,1.583599824735389f,-0.6293588821756967f,1.6123575837294308f,-0.5039194260088373f,-0.4302016959935481f,-1.8206861242002144f,2.4525985598282163f,0f,0f,0f,1f], start_interpolation: 0, interpolation_duration: 1 }
$data merge entity $(bone_body_0) { transformation: [-1.1997096479754157f,0.016321612569451607f,0.01692244420397155f,0.00886917417090595f,0.013638853544885287f,1.1866466955041666f,-0.1775939338013067f,1.132187297057016f,-0.019150609094359915f,-0.1773674959291427f,-1.186604411402191f,1.652506697783343f,0f,0f,0f,1f], start_interpolation: 0, interpolation_duration: 1 }
$data merge entity $(bone_body_1) { transformation: [-0.9998080303810322f,0.008038133327781144f,0.01786871003194436f,0.030579709219199065f,0.011366279601384475f,0.9807813276496768f,0.19477883617518735f,1.4399503933456153f,-0.01595963889391129f,0.19494454531056296f,-0.9806844111027939f,0.5116133478282356f,0f,0f,0f,1f], start_interpolation: 0, interpolation_duration: 1 }
$data merge entity $(bone_leg_right_3) { transformation: [-0.858154732180201f,0.25878120476476113f,0.0812572685808859f,-0.8682596907688868f,0.20273721417250298f,0.43285348749768515f,0.762584736505173f,0.07097628246528154f,0.1801890052869489f,0.7454328584262904f,-0.4710220546345042f,-0.5752509312395352f,0f,0f,0f,1f], start_interpolation: 0, interpolation_duration: 1 }
$data merge entity $(bone_leg_right_2) { transformation: [-0.9535052579780011f,0.2533334247802099f,-0.1632479675139486f,-0.723393950013737f,0.22526357130278107f,0.9589292770385326f,0.17236868939071903f,0.6117825999617744f,0.20021000587438767f,0.127580631474715f,-0.9714108996816385f,-0.5318369769239804f,0f,0f,0f,1f], start_interpolation: 0, interpolation_duration: 1 }
$data merge entity $(bone_leg_right_1) { transformation: [-0.8793601398267146f,0.4388728242322517f,-0.1847062225111763f,-0.5949531830634217f,0.4299359714965192f,0.8985471626377857f,0.08813658110528899f,0.6197421048346811f,0.20464800242681402f,-0.0019080529321993667f,-0.9788337726277748f,0.003343489173571579f,0f,0f,0f,1f], start_interpolation: 0, interpolation_duration: 1 }
$data merge entity $(bone_leg_right_0) { transformation: [-0.8793601398267146f,0.29852693521588775f,-0.37095473232532056f,-0.3528451736485143f,0.4299359714965192f,0.8326305983403421f,-0.34911509151102044f,1.2436512562570554f,0.20464800242681402f,-0.466484678910265f,-0.8605296272904852f,-0.19072561318324266f,0f,0f,0f,1f], start_interpolation: 0, interpolation_duration: 1 }
$data merge entity $(bone_leg_left_3) { transformation: [-0.8601047148557964f,-0.26341478767343146f,-0.028853580675370222f,0.8950508021330374f,-0.19067999993459533f,0.547178009552295f,0.6886489406710296f,-0.13353254931200842f,-0.18401363293998566f,0.6642355572365496f,-0.5787314639752004f,-0.665883257666263f,0f,0f,0f,1f], start_interpolation: 0, interpolation_duration: 1 }
$data merge entity $(bone_leg_left_2) { transformation: [-0.9556719053953293f,-0.1745614529494714f,0.2371065338244184f,0.7963699425834876f,-0.2118666665939948f,0.966915097661309f,-0.14208345963190175f,0.4032396802886766f,-0.2044595921555396f,-0.18602014154061575f,-0.9610373468897031f,-0.7980951663811753f,0f,0f,0f,1f], start_interpolation: 0, interpolation_duration: 1 }
$data merge entity $(bone_leg_left_1) { transformation: [-0.9024799445759537f,-0.34459652576046684f,0.25842442622940914f,0.6335068016292503f,-0.4100880758394022f,0.8709158225971386f,-0.2708014032539087f,0.6057664366054791f,-0.13174869901642328f,-0.35036961110199805f,-0.9272989894978396f,-0.31287663219341916f,0f,0f,0f,1f], start_interpolation: 0, interpolation_duration: 1 }
$data merge entity $(bone_leg_left_0) { transformation: [-0.9024799445759537f,-0.40419353571929156f,0.14885407391442523f,0.3508974812702387f,-0.4100880758394022f,0.9119920982886377f,-0.00990871906072946f,1.2358122751349239f,-0.13174869901642328f,-0.06998570098116866f,-0.9888095276470864f,-0.21951739409154694f,0f,0f,0f,1f], start_interpolation: 0, interpolation_duration: 1 }
$data merge entity $(bone_tail_3) { transformation: [0.14051922384212137f,0.6292124108299644f,-1.140873582477306f,-2.0064105011487183f,0.028334207220030456f,1.1457426218395008f,0.6353876443619352f,0.5642020816096739f,1.302573591716902f,-0.0928010127323f,0.10925406904934634f,-2.6412647635826207f,0f,0f,0f,1f], start_interpolation: 0, interpolation_duration: 1 }
$data merge entity $(bone_tail_2) { transformation: [-0.4896643090713366f,0.26460043375197256f,-0.8307920768037923f,-1.1944011114516875f,0.2578374534683399f,0.9541687801700738f,0.15192691182840176f,0.41143468316568793f,0.8329157892672298f,-0.13981612713496705f,-0.5354462985046462f,-2.116600470524047f,0f,0f,0f,1f], start_interpolation: 0, interpolation_duration: 1 }
$data merge entity $(bone_tail_1) { transformation: [-0.7496974996909923f,0.07124710765186185f,-0.6579342737753662f,-0.5585898598538289f,0.3144777220254318f,0.9131185407015651f,-0.25945769014762204f,0.7832275231339119f,0.5822863739662554f,-0.4014204532386065f,-0.7069683150007092f,-1.4987849826407773f,0f,0f,0f,1f], start_interpolation: 0, interpolation_duration: 1 }
$data merge entity $(bone_tail_0) { transformation: [-0.8557066619765139f,-0.1445167106063331f,-0.4968712398645525f,-0.019337216096301495f,-0.01468592283340453f,0.9666053227135466f,-0.25584853677981356f,1.0393512505540992f,0.5172527741052179f,-0.21163428469264073f,-0.8292529754080421f,-0.5994113758907617f,0f,0f,0f,1f], start_interpolation: 0, interpolation_duration: 1 }
$data merge entity $(bone_body_2) { transformation: [-1.0199168911865986f,0.000331175491215845f,-0.043244882234809566f,1.613724741278962e-17f,0.01136084220598784f,0.9870016084628986f,-0.260383276345594f,1.0577482524935478f,0.04172721870768738f,-0.2606307918471824f,-0.9861192240314939f,-0.131770625f,0f,0f,0f,1f], start_interpolation: 0, interpolation_duration: 1 }