# This file was generated by Animated Java via MC-Build. It is not recommended to edit this file directly.
$data merge entity $(bone_head_lower) { transformation: [-1.0954867417233964f,-0.08109244198881092f,0.057730534040039985f,-0.135521622361167f,-0.025269881367944905f,0.8436060574207432f,0.7054716528526707f,0.26397482707307185f,-0.09628204299819816f,0.7012509078320832f,-0.8420076795735133f,3.8647754343467122f,0f,0f,0f,1f], start_interpolation: 0, interpolation_duration: 1 }
$data merge entity $(bone_horne_right) { transformation: [-0.7050379834769035f,0.13013084295902724f,-1.511764022067014f,-0.44145819101655315f,-1.4798782765829959f,0.30922794986039254f,0.7167854730486105f,0.6412115941791121f,0.33514889408023396f,1.639172685102626f,-0.01520460656789389f,4.067112568679153f,0f,0f,0f,1f], start_interpolation: 0, interpolation_duration: 1 }
$data merge entity $(bone_horne_left) { transformation: [-0.7027752723431616f,-0.4279221657754455f,1.456857093016226f,0.1857627429571775f,1.4474038772061244f,0.2963551940426819f,0.7852634386390612f,0.6556798647563289f,-0.4588812326542827f,1.5901255522293254f,0.24570672623212686f,4.122238852397772f,0f,0f,0f,1f], start_interpolation: 0, interpolation_duration: 1 }
$data merge entity $(bone_head_upper) { transformation: [-1.0954867417233964f,-0.07388159729198364f,0.06671063101067204f,-0.09712100029186879f,-0.025269881367944905f,0.9194444912440202f,0.6033102523715924f,0.2618815305766271f,-0.09628204299819816f,0.5993023753520504f,-0.9173692991884366f,3.8465267693620397f,0f,0f,0f,1f], start_interpolation: 0, interpolation_duration: 1 }
$data merge entity $(bone_neck_0) { transformation: [-0.9976454124898797f,-0.06273960329433373f,0.02770150025481654f,-0.08255817845249387f,0.018920064961748577f,0.13646602710136307f,0.9904640602207698f,0.8873399401552862f,-0.06592163590006843f,0.9886560400997102f,-0.1349576685283913f,3.8042634270948197f,0f,0f,0f,1f], start_interpolation: 0, interpolation_duration: 1 }
$data merge entity $(bone_neck_1) { transformation: [-0.997795373831461f,-0.024801710564951954f,0.06155702326775929f,-0.04371369847272957f,0.01645446044759777f,0.8061298734258089f,0.591509829083057f,1.2514511313259251f,-0.06429341095255059f,0.5912186586395438f,-0.8039445596460897f,3.2946063915824935f,0f,0f,0f,1f], start_interpolation: 0, interpolation_duration: 1 }
$data merge entity $(bone_neck_2) { transformation: [-0.997795373831461f,0.010639405824482025f,0.06550721337560533f,-0.0140080706969485f,0.01645446044759777f,0.9959063491982459f,0.0888807873389951f,1.314688062322589f,-0.06429341095255059f,0.08976272428086843f,-0.9938858136817144f,2.849776852010724f,0f,0f,0f,1f], start_interpolation: 0, interpolation_duration: 1 }
$data merge entity $(bone_arm_right_3) { transformation: [-0.9919627393514835f,-0.09573341042548018f,0.08273474401124618f,-0.8191301763855577f,0.10336459925425302f,-0.2359884301483247f,0.9662428372087095f,0.3797166726380269f,-0.07297727974724433f,0.967028735335427f,0.24398717522906183f,2.2452127636965242f,0f,0f,0f,1f], start_interpolation: 0, interpolation_duration: 1 }
$data merge entity $(bone_arm_right_4) { transformation: [-0.5068729800297316f,0.7865192588965292f,-0.35279914611664354f,-0.6853064617927614f,-0.17363369814510532f,0.3077261698922738f,0.9354976981435528f,0.46243884590487083f,0.8443524862190157f,0.5354363265116454f,-0.019411833181879834f,2.186203381003607f,0f,0f,0f,1f], start_interpolation: 0, interpolation_duration: 1 }
$data merge entity $(bone_arm_right_2) { transformation: [-0.9919627393514835f,0.01060624320660053f,0.12608501633160982f,-0.7861991901159815f,0.10336459925425302f,0.6426539205145587f,0.7591519598000618f,0.5393978020398222f,-0.07297727974724433f,0.7660831848124001f,-0.6385850535272354f,2.1861319043473553f,0f,0f,0f,1f], start_interpolation: 0, interpolation_duration: 1 }
$data merge entity $(bone_arm_right_1) { transformation: [-0.9394101500208397f,0.26080477374227173f,0.22246222158169876f,-0.6329206403237606f,0.28648022504761333f,0.9536894596563832f,0.0916814877550779f,1.101200094666031f,-0.1882489062238909f,0.1498575474694491f,-0.9706209686442747f,2.284921040186563f,0f,0f,0f,1f], start_interpolation: 0, interpolation_duration: 1 }
$data merge entity $(bone_arm_right_0) { transformation: [0.6022629071336526f,0.5216619581753654f,0.6042749308746509f,-0.42622884321425364f,0.5595292140234798f,0.2640557925931233f,-0.7856217900824062f,1.2274263386012787f,-0.5693912972158846f,0.8112603403289603f,-0.13285409615119664f,2.655026931682435f,0f,0f,0f,1f], start_interpolation: 0, interpolation_duration: 1 }
$data merge entity $(bone_arm_left_3) { transformation: [-0.996117804074336f,0.06454496646616188f,-0.05986040185300908f,0.7898180354933101f,-0.07949755747006468f,-0.3675204740205784f,0.9266114825168006f,0.3607171664797757f,0.03780818380212719f,0.9277729509311914f,0.37122485471478534f,2.271844827103674f,0f,0f,0f,1f], start_interpolation: 0, interpolation_duration: 1 }
$data merge entity $(bone_arm_left_4) { transformation: [-0.4725669927046441f,-0.7971928346185676f,0.37571800840377745f,0.6601832719110772f,0.18800960804070732f,0.3253171749859185f,0.9267260236680314f,0.44680605448064936f,-0.8610068668079645f,0.5085787255597641f,-0.0038542466887681592f,2.2084619964872148f,0f,0f,0f,1f], start_interpolation: 0, interpolation_duration: 1 }
$data merge entity $(bone_arm_left_2) { transformation: [-0.996117804074336f,-0.022010143435222368f,-0.0852342301665395f,0.762842581954291f,-0.07949755747006468f,0.6407673112254391f,0.7636081398343098f,0.5212990468291658f,0.03780818380212719f,0.767419576536123f,-0.6400294796231669f,2.2121887671015705f,0f,0f,0f,1f], start_interpolation: 0, interpolation_duration: 1 }
$data merge entity $(bone_arm_left_1) { transformation: [-0.9520774050447427f,-0.24283587700603998f,-0.18595524096398947f,0.6197796823852157f,-0.26412540426333253f,0.9593405750095458f,0.09951598847966461f,1.0863948736982416f,0.15422835545385f,0.14386242726668105f,-0.9775056093930814f,2.3074522774734456f,0f,0f,0f,1f], start_interpolation: 0, interpolation_duration: 1 }
$data merge entity $(bone_arm_left_0) { transformation: [0.5680128047178147f,-0.5441096251990976f,-0.6174999347710886f,0.4029541479320899f,-0.5733602877392827f,0.2766517690665127f,-0.7711820661269916f,1.217626518816682f,0.5904400343135009f,0.7920912286082117f,-0.1548291039882531f,2.669940729012162f,0f,0f,0f,1f], start_interpolation: 0, interpolation_duration: 1 }
$data merge entity $(bone_wing_right_2) { transformation: [1.3648241823421878f,-2.5062023423710205f,-2.16262683777027f,-2.0718858235875417f,-3.0600061963241014f,-0.06289693213932153f,-1.858266967752969f,0.4525280914431624f,1.2626825011887712f,2.55651009465594f,-2.16578833364902f,5.176164578522049f,0f,0f,0f,1f], start_interpolation: 0, interpolation_duration: 1 }
$data merge entity $(bone_wing_right_1) { transformation: [-1.30573407067403f,-3.4584623198312836f,-0.24375740376087113f,-1.744631629766744f,-3.2788997491517744f,1.316459381560456f,-1.1140340590008404f,1.088163310661451f,1.1265858709363676f,-0.17690062721390834f,-3.524887401946036f,3.58541330288177f,0f,0f,0f,1f], start_interpolation: 0, interpolation_duration: 1 }
$data merge entity $(bone_wing_right_0) { transformation: [-1.7139099585385624f,-0.8945211213023113f,-0.12747889066978185f,-0.2158700769132605f,-0.8207317160107124f,1.655557227833148f,-0.5826113333119541f,1.5940479864147796f,0.37791315716240154f,-0.46137672125225077f,-1.8434259997976783f,2.4558358693272653f,0f,0f,0f,1f], start_interpolation: 0, interpolation_duration: 1 }
$data merge entity $(bone_wing_left_2) { transformation: [1.5124951680868304f,2.3977803859151288f,2.1871802981215183f,1.9177560167270153f,3.0128132201651083f,-0.14016427388077385f,-1.9297825125599186f,0.3984843215360393f,-1.206675157599835f,2.655513748091774f,-2.076759944428639f,5.258015857985686f,0f,0f,0f,1f], start_interpolation: 0, interpolation_duration: 1 }
$data merge entity $(bone_wing_left_1) { transformation: [-1.1508329939997386f,3.504620597869294f,0.34429440572258585f,1.6743269436996846f,3.315429186543565f,1.2003867964444752f,-1.136803237520392f,1.037693609286178f,-1.1869429143125092f,-0.04501951590189271f,-3.5091965624985f,3.6537182443571643f,0f,0f,0f,1f], start_interpolation: 0, interpolation_duration: 1 }
$data merge entity $(bone_wing_left_0) { transformation: [-1.6695530279571582f,0.9664772896753806f,0.18005717253365527f,0.20861412786550954f,0.8754083391150156f,1.622995259042639f,-0.5945190315986577f,1.5890311580998515f,-0.44739152500575374f,-0.4309458059511037f,-1.8352200918925716f,2.4634706995967437f,0f,0f,0f,1f], start_interpolation: 0, interpolation_duration: 1 }
$data merge entity $(bone_body_0) { transformation: [-1.1996622015326524f,0.016814995509985223f,0.019592389844762432f,0.005367742771524114f,0.01417838221833188f,1.1900378517520085f,-0.15318253319205727f,1.1254236894337557f,-0.021577286472141584f,-0.15291556795651648f,-1.189961030195962f,1.6532223561736885f,0f,0f,0f,1f], start_interpolation: 0, interpolation_duration: 1 }
$data merge entity $(bone_body_1) { transformation: [-0.9997684897016953f,0.007914072352708128f,0.02000835971256102f,0.0295914545998637f,0.011815909310742103f,0.9790763918383271f,0.20314970645315472f,1.4429218991087351f,-0.01798197115867592f,0.2033390921678336f,-0.9789432375319878f,0.515050486296623f,0f,0f,0f,1f], start_interpolation: 0, interpolation_duration: 1 }
$data merge entity $(bone_leg_right_3) { transformation: [-0.858380991043894f,0.2578247654669841f,0.08190521672272807f,-0.8697521483320785f,0.20107363720636862f,0.4257813976022581f,0.766993868213084f,0.08154323503293537f,0.18097366282170468f,0.7498243739488352f,-0.46369380155133993f,-0.5902896603411792f,0f,0f,0f,1f], start_interpolation: 0, interpolation_duration: 1 }
$data merge entity $(bone_leg_right_2) { transformation: [-0.9537566567154377f,0.25258228954107265f,-0.16294301697581381f,-0.7252974003549498f,0.2234151524515207f,0.9583590020096637f,0.17785863184592837f,0.6221942017931573f,0.20108184757967187f,0.13322991509879234f,-0.9704719884142531f,-0.5436883165185973f,0f,0f,0f,1f], start_interpolation: 0, interpolation_duration: 1 }
$data merge entity $(bone_leg_right_1) { transformation: [-0.8796836791879675f,0.4385749515465278f,-0.1838712496457286f,-0.597331876233284f,0.4280718334245163f,0.8986786926027758f,0.09555685684627241f,0.6261039639930256f,0.20715001810015435f,0.005349704452262849f,-0.9782945623192327f,-0.008349121222000488f,0f,0f,0f,1f], start_interpolation: 0, interpolation_duration: 1 }
$data merge entity $(bone_leg_right_0) { transformation: [-0.8796836791879675f,0.303065422528868f,-0.3664805236812999f,-0.3527615346930246f,0.4280718334245163f,0.8403075900356767f,-0.33262239785830183f,1.2529026522712805f,0.20715001810015435f,-0.44948248441494576f,-0.8689386435216665f,-0.18959615251508283f,0f,0f,0f,1f], start_interpolation: 0, interpolation_duration: 1 }
$data merge entity $(bone_leg_left_3) { transformation: [-0.8596981841063334f,-0.2649429224564121f,-0.026912452220650668f,0.8967285389667041f,-0.18916568825696933f,0.5435257560682936f,0.6919509338650083f,-0.1202416793895087f,-0.18744432408195316f,0.666622082090479f,-0.5748735730913487f,-0.6795292457145596f,0f,0f,0f,1f], start_interpolation: 0, interpolation_duration: 1 }
$data merge entity $(bone_leg_left_2) { transformation: [-0.9552202045625926f,-0.17454749300526856f,0.23892997610382571f,0.7981089035163619f,-0.21018409806329927f,0.9686161042073815f,-0.13268567214071192f,0.4177548068713671f,-0.20827147120217018f,-0.17696331641244417f,-0.9619287805901187f,-0.8067152339072916f,0f,0f,0f,1f], start_interpolation: 0, interpolation_duration: 1 }
$data merge entity $(bone_leg_left_1) { transformation: [-0.9022655499018979f,-0.3434766375657966f,0.260654324550199f,0.6340962799301095f,-0.40891139722127645f,0.8733820157511728f,-0.26456629374310264f,0.6170258747465747f,-0.13677845840178748f,-0.34529357655321746f,-0.9284740164960557f,-0.3205368546705873f,0f,0f,0f,1f], start_interpolation: 0, interpolation_duration: 1 }
$data merge entity $(bone_leg_left_0) { transformation: [-0.9022655499018979f,-0.4051178974329681f,0.147635925979137f,0.3510242272209131f,-0.40891139722127645f,0.9125600351411043f,0.005064729589035866f,1.245335185156189f,-0.13677845840178748f,-0.05580028174443f,-0.9890288074037443f,-0.21738959407384323f,0f,0f,0f,1f], start_interpolation: 0, interpolation_duration: 1 }
$data merge entity $(bone_tail_3) { transformation: [0.1001838954113788f,0.6662875478297525f,-1.1239530827011717f,-2.002913760137834f,0.030757450351323615f,1.1257371708285089f,0.6700867427946628f,0.5762448146150547f,1.3062402565203453f,-0.07760906666292024f,0.07042489917367767f,-2.6468697178488947f,0f,0f,0f,1f], start_interpolation: 0, interpolation_duration: 1 }
$data merge entity $(bone_tail_2) { transformation: [-0.5044387501206036f,0.2765723615519274f,-0.817954324031821f,-1.2035203737559819f,0.2627942320274585f,0.9515474692396944f,0.15967656495751492f,0.415903621423748f,0.8224844916409437f,-0.13440663156676122f,-0.552679037417754f,-2.10536194969678f,0f,0f,0f,1f], start_interpolation: 0, interpolation_duration: 1 }
$data merge entity $(bone_tail_1) { transformation: [-0.74846583180673f,0.06661359513106702f,-0.6598193143289866f,-0.5665491919543119f,0.3173677011953368f,0.9095930100517142f,-0.2681758719628777f,0.7955101099552413f,0.5823028772519051f,-0.4101258160720642f,-0.7019402924290471f,-1.4935217189195877f,0f,0f,0f,1f], start_interpolation: 0, interpolation_duration: 1 }
$data merge entity $(bone_tail_0) { transformation: [-0.8502371039448482f,-0.14919770529028362f,-0.5048137397214849f,-0.018627505996854393f,-0.017328626346696366f,0.9664060212152308f,-0.256435412663469f,1.052271363870244f,0.5261146127835779f,-0.2092831739415779f,-0.8242596479996611f,-0.5995859569035702f,0f,0f,0f,1f], start_interpolation: 0, interpolation_duration: 1 }
$data merge entity $(bone_body_2) { transformation: [-1.0199793650926632f,0.0006936637084336063f,-0.041740963815794896f,1.613724741278962e-17f,0.010967343645060471f,0.9892924401000788f,-0.2515569116097738f,1.066486875f,0.04028035008515998f,-0.25179491900341433f,-0.9884723094783815f,-0.131770625f,0f,0f,0f,1f], start_interpolation: 0, interpolation_duration: 1 }