# This file was generated by Animated Java via MC-Build. It is not recommended to edit this file directly.
$data merge entity $(bone_head_lower) { transformation: [-1.0949204263656762f,-0.08680831730039167f,0.060113026663782904f,-0.1541892886681595f,-0.02622464054873948f,0.8301813691395683f,0.7211873283423955f,0.2058555177960325f,-0.10228161200966458f,0.7164239041105672f,-0.8284173232518003f,3.8529291095874605f,0f,0f,0f,1f], start_interpolation: 0, interpolation_duration: 1 }
$data merge entity $(bone_horne_right) { transformation: [-0.7036037864044208f,0.12103410541064423f,-1.5131872025415258f,-0.46196507885177784f,-1.4857073758962103f,0.2873813500312694f,0.7138127245380569f,0.5797014390415172f,0.31154190378759844f,1.6438387262235583f,-0.013376741110919658f,4.05874059753718f,0f,0f,0f,1f], start_interpolation: 0, interpolation_duration: 1 }
$data merge entity $(bone_horne_left) { transformation: [-0.7034816958724257f,-0.4367304160448577f,1.453899274408094f,0.16493161126389014f,1.4520060126688004f,0.27402222937392484f,0.7848779585599516f,0.5947163569876981f,-0.44298430626462265f,1.5917353468340367f,0.2637926134163375f,4.117301934493313f,0f,0f,0f,1f], start_interpolation: 0, interpolation_duration: 1 }
$data merge entity $(bone_head_upper) { transformation: [-1.0949204263656762f,-0.07892109878795275f,0.07014784453786413f,-0.11569088247505291f,-0.02622464054873948f,0.9111322419307833f,0.61575182171251f,0.2040873160256963f,-0.10228161200966458f,0.6112360410514807f,-0.9088063456889028f,3.8348528925511483f,0f,0f,0f,1f], start_interpolation: 0, interpolation_duration: 1 }
$data merge entity $(bone_neck_0) { transformation: [-0.9969451477946629f,-0.07052660856000421f,0.03356143283147513f,-0.09779418003501497f,0.024588896569463357f,0.12444301229236504f,0.9919220346665854f,0.8299454967955635f,-0.07413338285936985f,0.9897170980520777f,-0.12232868579854805f,3.8005347690973172f,0f,0f,0f,1f], start_interpolation: 0, interpolation_duration: 1 }
$data merge entity $(bone_neck_1) { transformation: [-0.9973420236048646f,-0.027690436991016795f,0.06739530882042342f,-0.05526085242083968f,0.018741000908564304f,0.796359221595696f,0.6045335102907383f,1.2023146836065721f,-0.07041067274709786f,0.6041897300341537f,-0.7937235710778392f,3.297177786664784f,0f,0f,0f,1f], start_interpolation: 0, interpolation_duration: 1 }
$data merge entity $(bone_neck_2) { transformation: [-0.9973420236048646f,0.011305031635571382f,0.0719797486205144f,-0.02262912692105896f,0.018741000908564304f,0.9944544020458452f,0.10348534744873625f,1.2720850136810682f,-0.07041067274709786f,0.10455925837227031f,-0.9920230333273224f,2.853531616196397f,0f,0f,0f,1f], start_interpolation: 0, interpolation_duration: 1 }
$data merge entity $(bone_arm_right_3) { transformation: [-0.9927394665460991f,-0.09660959943174256f,0.07165847374459497f,-0.8223418008283586f,0.09585432600033038f,-0.27550485955488374f,0.9565087665822343f,0.3450908562910742f,-0.0726656710475379f,0.9564327773865151f,0.2827649953440643f,2.2299520561180817f,0f,0f,0f,1f], start_interpolation: 0, interpolation_duration: 1 }
$data merge entity $(bone_arm_right_4) { transformation: [-0.49534826057840586f,0.7891761429379258f,-0.3630855493675925f,-0.6891795784252782f,-0.19712465075665608f,0.3049480832143606f,0.9317448892309281f,0.4303316659112251f,0.8460330802078693f,0.5331113222972349f,0.0045105689751704925f,2.1730690297993553f,0f,0f,0f,1f], start_interpolation: 0, interpolation_duration: 1 }
$data merge entity $(bone_arm_right_2) { transformation: [-0.9927394665460991f,0.003286195499153044f,0.12023956287723231f,-0.7907774451271306f,0.09585432600033038f,0.6255030159852935f,0.7743112585907072f,0.5063437507255711f,-0.0726656710475379f,0.7802148280521484f,-0.6212765264668934f,2.174506079069971f,0f,0f,0f,1f], start_interpolation: 0, interpolation_duration: 1 }
$data merge entity $(bone_arm_right_1) { transformation: [-0.9393073106047887f,0.25760876498215907f,0.22658221564978537f,-0.6394288739153536f,0.287231282215253f,0.9516680126853749f,0.10874826043873823f,1.0667755456838839f,-0.18761654181169893f,0.1672295363739208f,-0.9679020174598166f,2.2835255102659087f,0f,0f,0f,1f], start_interpolation: 0, interpolation_duration: 1 }
$data merge entity $(bone_arm_right_0) { transformation: [0.6031465118111917f,0.518317781621152f,0.6062680616239978f,-0.4342737375630043f,0.5683964979283513f,0.2539519527777149f,-0.7825815144910923f,1.1883320838054265f,-0.5595888726849186f,0.8166119537061121f,-0.14143977740193542f,2.656041701375057f,0f,0f,0f,1f], start_interpolation: 0, interpolation_duration: 1 }
$data merge entity $(bone_arm_left_3) { transformation: [-0.9970036063998364f,0.056564345575778247f,-0.05276631155674885f,0.7790723158264456f,-0.07083844712624723f,-0.39358769626133583f,0.9165536753297303f,0.3249572108399703f,0.03107608782427193f,0.9175452033340261f,0.3964152830104554f,2.2634247926663837f,0f,0f,0f,1f], start_interpolation: 0, interpolation_duration: 1 }
$data merge entity $(bone_arm_left_4) { transformation: [-0.45445895367635586f,-0.8028472575801245f,0.3858799559700726f,0.6505870653259832f,0.20906602276020259f,0.3249636646698602f,0.9223285828659793f,0.4134875614962783f,-0.8658859379563932f,0.49983487037261426f,0.02016543599751336f,2.2010728143520772f,0f,0f,0f,1f], start_interpolation: 0, interpolation_duration: 1 }
$data merge entity $(bone_arm_left_2) { transformation: [-0.9970036063998364f,-0.0201601567627345f,-0.07468183785246532f,0.7539142469130464f,-0.07083844712624723f,0.6257977932940814f,0.7767618916482713f,0.48692324322825487f,0.03107608782427193f,0.7797247527092881f,-0.6253507709901527f,2.2067932042540668f,0f,0f,0f,1f], start_interpolation: 0, interpolation_duration: 1 }
$data merge entity $(bone_arm_left_1) { transformation: [-0.9532468186566756f,-0.2403738115252263f,-0.18314183971381878f,0.6122745102703036f,-0.26343730323174774f,0.9579288571052871f,0.11389948196082092f,1.0510386092568564f,0.14805840059554704f,0.156820711188905f,-0.9764660642107821f,2.309688597739488f,0f,0f,0f,1f], start_interpolation: 0, interpolation_duration: 1 }
$data merge entity $(bone_arm_left_0) { transformation: [0.5647663783814839f,-0.5454369363586337f,-0.6193040338198762f,0.39485465053561447f,-0.5830799853563455f,0.2673259202705721f,-0.7671731115128685f,1.1779079362811786f,0.5840005723684754f,0.7943773667515961f,-0.16705666902609356f,2.673372131905741f,0f,0f,0f,1f], start_interpolation: 0, interpolation_duration: 1 }
$data merge entity $(bone_wing_right_2) { transformation: [1.3318943781864565f,-2.5740092536420334f,-2.1026849018758718f,-2.2090876410402482f,-3.1067294718508807f,-0.1591700764610213f,-1.7730332609820927f,0.46246642317305997f,1.1811178701318144f,2.483926592711795f,-2.2925573772385097f,5.102244908565794f,0f,0f,0f,1f], start_interpolation: 0, interpolation_duration: 1 }
$data merge entity $(bone_wing_right_1) { transformation: [-1.4388487150475617f,-3.4099307963828673f,-0.16555087431266538f,-1.8126826989345695f,-3.251745246538661f,1.4235924170814567f,-1.0605933407962747f,1.10824557093268f,1.0398018944583667f,-0.26660335108149535f,-3.545850451777812f,3.5314331838743183f,0f,0f,0f,1f], start_interpolation: 0, interpolation_duration: 1 }
$data merge entity $(bone_wing_right_0) { transformation: [-1.7612216921413588f,-0.8028128670636245f,-0.08657887506668138f,-0.22314838519784305f,-0.7473372116458235f,1.6993357738730481f,-0.5546632038676576f,1.5581929356372557f,0.3057637866395804f,-0.47080322653139506f,-1.8543891389531633f,2.463770126777395f,0f,0f,0f,1f], start_interpolation: 0, interpolation_duration: 1 }
$data merge entity $(bone_wing_left_2) { transformation: [1.4960681058673218f,2.4429328580220795f,2.1481641796796835f,2.0218169531401076f,3.0598384475134797f,-0.2539623835021684f,-1.8421839897090766f,0.3983598106021491f,-1.1044994190949664f,2.6054428084335726f,-2.1937408402673526f,5.203759928894885f,0f,0f,0f,1f], start_interpolation: 0, interpolation_duration: 1 }
$data merge entity $(bone_wing_left_1) { transformation: [-1.2669119667978248f,3.469478520561553f,0.28805141319994687f,1.7222774276144313f,3.2973415964616843f,1.2941655198718325f,-1.0853546684463964f,1.049869718846652f,-1.1170466496650817f,-0.11478307992422444f,-3.530488971790611f,3.6139712723929436f,0f,0f,0f,1f], start_interpolation: 0, interpolation_duration: 1 }
$data merge entity $(bone_wing_left_0) { transformation: [-1.71613773613221f,0.886613810472442f,0.15064352525930003f,0.20130786660608377f,0.810715935380098f,1.6656715443275998f,-0.5676127452216717f,1.5528564948038401f,-0.38925209407758554f,-0.4397277652103021f,-1.846355477625955f,2.472642105702241f,0f,0f,0f,1f], start_interpolation: 0, interpolation_duration: 1 }
$data merge entity $(bone_body_0) { transformation: [-1.199583201826745f,0.017763800842694882f,0.023250653210518873f,0.0004112774267449673f,0.015081659780251493f,1.1924580467275074f,-0.13293740607177015f,1.1031831865727608f,-0.02507367211573694f,-0.13260564759631874f,-1.1923267407855087f,1.6539982072963548f,0f,0f,0f,1f], start_interpolation: 0, interpolation_duration: 1 }
$data merge entity $(bone_body_1) { transformation: [-0.9997026533216202f,0.007801987679901515f,0.023102682310827106f,0.02827486024877304f,0.012568678250788784f,0.9767491756388208f,0.214016532576136f,1.4333101748985255f,-0.0208957715516917f,0.21424326565175103f,-0.9765568031886998f,0.5195084986289311f,0f,0f,0f,1f], start_interpolation: 0, interpolation_duration: 1 }
$data merge entity $(bone_leg_right_3) { transformation: [-0.8586948871956216f,0.2570716563783629f,0.08097687442093456f,-0.871447308110263f,0.19885157040755583f,0.4217369708071511f,0.7698025593623713f,0.08224126590117253f,0.18193719699541316f,0.752364333910967f,-0.4591805368350876f,-0.6092697181735232f,0f,0f,0f,1f], start_interpolation: 0, interpolation_duration: 1 }
$data merge entity $(bone_leg_right_2) { transformation: [-0.9541054302173573f,0.25111962334711196f,-0.16316176880555178f,-0.7278162090731071f,0.2209461893417287f,0.9580547890768514f,0.18252069072376126f,0.6228681425131309f,0.20215244110601463f,0.13809401108272057f,-0.9695692005514432f,-0.5599238470985705f,0f,0f,0f,1f], start_interpolation: 0, interpolation_duration: 1 }
$data merge entity $(bone_leg_right_1) { transformation: [-0.8801238704228015f,0.4382007897119883f,-0.18265278702439128f,-0.6005404168121439f,0.42555837660747536f,0.8987483898960397f,0.1056001882502422f,0.6212898139322822f,0.21043298413318673f,0.01521182287124867f,-0.9774899281495109f,-0.024408303712353557f,0f,0f,0f,1f], start_interpolation: 0, interpolation_duration: 1 }
$data merge entity $(bone_leg_right_0) { transformation: [-0.8801238704228015f,0.30921853635882296f,-0.36023030061905553f,-0.3526576713059285f,0.42555837660747536f,0.8502024751676913f,-0.30992873264339593f,1.2516091325065566f,0.21043298413318673f,-0.42607469766560735f,-0.8798740314374344f,-0.18809530702470867f,0f,0f,0f,1f], start_interpolation: 0, interpolation_duration: 1 }
$data merge entity $(bone_leg_left_3) { transformation: [-0.8593525689893339f,-0.26635215351317415f,-0.023868231822378086f,0.8980445931802707f,-0.18693406561385176f,0.5408728806380007f,0.6946309682870659f,-0.11386576799877157f,-0.19122974999855138f,0.6682163252340106f,-0.5717675449046107f,-0.6976690420869076f,0f,0f,0f,1f], start_interpolation: 0, interpolation_duration: 1 }
$data merge entity $(bone_leg_left_2) { transformation: [-0.9548361877659265f,-0.1740685491686018f,0.24080696568614976f,0.7997479118222867f,-0.20770451734872417f,0.9705524821435869f,-0.12201111784528368f,0.4255280263667669f,-0.2124774999983904f,-0.16651732521050244f,-0.9628734560673969f,-0.8190544792361917f,0f,0f,0f,1f], start_interpolation: 0, interpolation_duration: 1 }
$data merge entity $(bone_leg_left_1) { transformation: [-0.9019635957532973f,-0.3430644202021139f,0.2622374411238219f,0.6348952849450644f,-0.40730598767418524f,0.8775967053237509f,-0.25283562883749944f,0.6186473049700089f,-0.14339980592922363f,-0.3348594128829064f,-0.9312924724613508f,-0.33068262166407214f,0f,0f,0f,1f], start_interpolation: 0, interpolation_duration: 1 }
$data merge entity $(bone_leg_left_0) { transformation: [-0.9019635957532973f,-0.4063947524050866f,0.1459622456438341f,0.35118268772641825f,-0.40730598767418524f,0.9129506267390521f,0.024959678313796085f,1.2444003011647535f,-0.14339980592922363f,-0.03693857542434678f,-0.9889752460527416f,-0.21457024560636773f,0f,0f,0f,1f], start_interpolation: 0, interpolation_duration: 1 }
$data merge entity $(bone_tail_3) { transformation: [0.037341518985903405f,0.6909896514135809f,-1.1128276389474756f,-1.9763476791795038f,0.04052708710455815f,1.1121373266916503f,0.6919209226466706f,0.5673097826211175f,1.309278277363867f,-0.054132334373626f,0.010321056371175042f,-2.674091929213176f,0f,0f,0f,1f], start_interpolation: 0, interpolation_duration: 1 }
$data merge entity $(bone_tail_2) { transformation: [-0.5308957380701897f,0.2801690801296301f,-0.7997843470825279f,-1.1947534954935572f,0.26388712263711855f,0.9515002643424504f,0.15814813771445427f,0.40846473889334006f,0.8053032359336518f,-0.12709261778547348f,-0.579080447519362f,-2.106774970621631f,0f,0f,0f,1f], start_interpolation: 0, interpolation_duration: 1 }
$data merge entity $(bone_tail_1) { transformation: [-0.7562006217361297f,0.06028456829287526f,-0.65155689737093f,-0.5665102476315252f,0.31444410673504253f,0.9067162047399107f,-0.2810527135639397f,0.7999308378022589f,0.5738340556515378f,-0.41741046331853526f,-0.704615484989305f,-1.4933855710561403f,0f,0f,0f,1f], start_interpolation: 0, interpolation_duration: 1 }
$data merge entity $(bone_tail_0) { transformation: [-0.8488188795010899f,-0.15471767451622592f,-0.5055382784664336f,-0.017692327751424347f,-0.02390076207675486f,0.9664727944204219f,-0.2556542415398804f,1.0558476101545056f,0.5281432224072032f,-0.2049213967292638f,-0.8240582247559107f,-0.5997574836993741f,0f,0f,0f,1f], start_interpolation: 0, interpolation_duration: 1 }
$data merge entity $(bone_body_2) { transformation: [-1.0200584913512272f,0.0011311274289805566f,-0.03975033606703432f,1.613724741278962e-17f,0.010447581654787224f,0.992196940764502f,-0.23986824137341334f,1.0645384745429776f,0.03836947620530302f,-0.24009299392682606f,-0.9914554110031515f,-0.131770625f,0f,0f,0f,1f], start_interpolation: 0, interpolation_duration: 1 }