# This file was generated by Animated Java via MC-Build. It is not recommended to edit this file directly.
$data merge entity $(bone_head_lower) { transformation: [-1.0904370806215504f,-0.12559480320836497f,0.0719230047523237f,-0.3870491153592876f,-0.0362398646668117f,0.7661637654116609f,0.7884667125371607f,-0.16781654979386273f,-0.14012011067110194f,0.7792426002069435f,-0.763640834822392f,3.874174151844492f,0f,0f,0f,1f], start_interpolation: 0, interpolation_duration: 1 }
$data merge entity $(bone_horne_right) { transformation: [-0.714304805457575f,0.06071902239900677f,-1.5117952566633375f,-0.702213173309013f,-1.4623326486030557f,0.40137228890207965f,0.7070548517489431f,0.21860744098435198f,0.3883232192136213f,1.623162511540682f,-0.11828605750110559f,4.042082443345578f,0f,0f,0f,1f], start_interpolation: 0, interpolation_duration: 1 }
$data merge entity $(bone_horne_left) { transformation: [-0.6870191159271012f,-0.49476163336792445f,1.4431419588344347f,-0.07788342279914429f,1.415760691203735f,0.38291130280047797f,0.8052599904879204f,0.23935657549933503f,-0.5683919883704456f,1.5517837842899973f,0.2614205179811761f,4.122308212710317f,0f,0f,0f,1f], start_interpolation: 0, interpolation_duration: 1 }
$data merge entity $(bone_head_upper) { transformation: [-1.0904370806215504f,-0.10139200442137501f,0.10327940087435913f,-0.3479143908786858f,-0.0362398646668117f,0.951231018512033f,0.551222479249071f,-0.1707338221353984f,-0.14012011067110194f,0.5430278177588852f,-0.9463018248558654f,3.8576827510196194f,0f,0f,0f,1f], start_interpolation: 0, interpolation_duration: 1 }
$data merge entity $(bone_neck_0) { transformation: [-0.9823303751433395f,-0.14284399092920402f,0.12092406016241505f,-0.27844697432080945f,0.08597392914336932f,0.22949344617383177f,0.9695056687152015f,0.4455873110293042f,-0.16623933823977038f,0.9627711838327297f,-0.21315752391817422f,3.7653841765802554f,0f,0f,0f,1f], start_interpolation: 0, interpolation_duration: 1 }
$data merge entity $(bone_neck_1) { transformation: [-0.9896604839696539f,-0.05640915013044161f,0.13187165825343894f,-0.19520296442105056f,0.038534453437563065f,0.7810426316494398f,0.6232876570608358f,0.8298589642975825f,-0.13815651402383733f,0.6219247666138397f,-0.7707933330699623f,3.2762605947340258f,0f,0f,0f,1f], start_interpolation: 0, interpolation_duration: 1 }
$data merge entity $(bone_neck_2) { transformation: [-0.9896604839696539f,0.022627434184663134f,0.1416337731304551f,-0.1309849304466721f,0.038534453437563065f,0.9931179846336441f,0.11059730781297258f,0.9027961486459809f,-0.13815651402383733f,0.11491156521180912f,-0.9837215611204997f,2.8365892808063875f,0f,0f,0f,1f], start_interpolation: 0, interpolation_duration: 1 }
$data merge entity $(bone_arm_right_3) { transformation: [-0.9996632693263015f,-0.023032909781007922f,-0.011951277206669678f,-0.880272156096412f,-0.006114471449152288f,-0.2385154666219601f,0.9711194496152395f,-0.09578942890440006f,-0.025218271129247072f,0.9708655196519898f,0.23829431707895005f,2.349145394690505f,0f,0f,0f,1f], start_interpolation: 0, interpolation_duration: 1 }
$data merge entity $(bone_arm_right_4) { transformation: [-0.46044859936238564f,0.7577792933688808f,-0.46233930168932996f,-0.7594760715376305f,-0.31366127423197476f,0.3483500822789771f,0.8833282658351898f,0.0051624472581662945f,0.8304238028816318f,0.5517451972764146f,0.07728871127156178f,2.2904012338085185f,0f,0f,0f,1f], start_interpolation: 0, interpolation_duration: 1 }
$data merge entity $(bone_arm_right_2) { transformation: [-0.9996632693263015f,-0.023957943170065388f,0.00996819536880321f,-0.8681835015384994f,-0.006114471449152288f,0.5908111540601673f,0.8067867087880108f,0.06996655686072262f,-0.025218271129247072f,0.8064540887100473f,-0.5907586999817256f,2.2996289479362386f,0f,0f,0f,1f], start_interpolation: 0, interpolation_duration: 1 }
$data merge entity $(bone_arm_right_1) { transformation: [-0.9464426605797753f,0.23994635460281521f,0.21603711983707002f,-0.7271455906741475f,0.21719161728834452f,0.9682349167048414f,-0.123890869127802f,0.6426890904665805f,-0.23890184514638976f,-0.0703341523471286f,-0.9684931674509949f,2.2684419252275183f,0f,0f,0f,1f], start_interpolation: 0, interpolation_duration: 1 }
$data merge entity $(bone_arm_right_0) { transformation: [0.5903405898271031f,0.4875903597418402f,0.6432368374785533f,-0.536220093538803f,0.5207471326167961f,0.3788051844806032f,-0.765068007488224f,0.8196906739070896f,-0.6167012338839392f,0.7866144375088973f,-0.030287205691311436f,2.6260042674470068f,0f,0f,0f,1f], start_interpolation: 0, interpolation_duration: 1 }
$data merge entity $(bone_arm_left_3) { transformation: [-0.9938262605701074f,-0.11057828498242053f,0.009044705168416864f,0.6172190625236531f,0.05715756985459954f,-0.4404201519653404f,0.8959704805132495f,-0.13466203860087897f,-0.0950914087052744f,0.8909559655971626f,0.4440214987557172f,2.445656766676405f,0f,0f,0f,1f], start_interpolation: 0, interpolation_duration: 1 }
$data merge entity $(bone_arm_left_4) { transformation: [-0.34090403004983155f,-0.7991905391392099f,0.4950544661410121f,0.5097260866981222f,0.3254830035074388f,0.3936921330775819f,0.8596902458331142f,-0.028506646288463208f,-0.8819553598247247f,0.4542036839383871f,0.12591170228869725f,2.372103081422897f,0f,0f,0f,1f], start_interpolation: 0, interpolation_duration: 1 }
$data merge entity $(bone_arm_left_2) { transformation: [-0.9938262605701074f,-0.041988614974666466f,0.10269527746564695f,0.6197696147286159f,0.05715756985459954f,0.5995669881351939f,0.7982809273349883f,0.03081674452625105f,-0.0950914087052744f,0.7992223613932491f,-0.593465450586169f,2.393855918195224f,0f,0f,0f,1f], start_interpolation: 0, interpolation_duration: 1 }
$data merge entity $(bone_arm_left_1) { transformation: [-0.9782200464485067f,-0.17916792217360694f,-0.10480647112785324f,0.5134295144876222f,-0.16568328767326512f,0.9781336642033924f,-0.12571230304876035f,0.6094884931901894f,0.12503834976541936f,-0.10560961422161112f,-0.9865150888212012f,2.3418346382678394f,0f,0f,0f,1f], start_interpolation: 0, interpolation_duration: 1 }
$data merge entity $(bone_arm_left_0) { transformation: [0.4849658130147539f,-0.5559876958806843f,-0.6750450668186729f,0.2914120301847071f,-0.5495247654105977f,0.40673369490052236f,-0.7297878004139261f,0.7975413653175338f,0.6803166118855002f,0.7248761159411009f,-0.10827707112208512f,2.674967177235101f,0f,0f,0f,1f], start_interpolation: 0, interpolation_duration: 1 }
$data merge entity $(bone_wing_right_2) { transformation: [-0.6342929171528916f,-3.4408373417127174f,-0.7609605457454991f,-3.264975929299897f,-3.318234522295236f,0.8434931631675542f,-1.0481359681806313f,1.7575559224904114f,1.1864831306655939f,0.5195264580569569f,-3.3381282343674292f,4.166547873663294f,0f,0f,0f,1f], start_interpolation: 0, interpolation_duration: 1 }
$data merge entity $(bone_wing_right_1) { transformation: [-3.141308690935192f,-1.922718489893251f,0.400816753364487f,-2.137367460025694f,-1.8932638626098461f,2.7632117393979234f,-1.5828877353397959f,1.7926604656829004f,0.5225441681721044f,-1.546976161670282f,-3.3255274920579447f,2.836553937096855f,0f,0f,0f,1f], start_interpolation: 0, interpolation_duration: 1 }
$data merge entity $(bone_wing_right_0) { transformation: [-1.8834744498024343f,0.4031017188281179f,0.20961691539385538f,-0.31224768204776243f,0.27802920495405803f,1.7295481817326188f,-0.8278098201024232f,1.1809505111570047f,-0.35934664063273525f,-0.7746472367104968f,-1.7391658634307303f,2.431924357594398f,0f,0f,0f,1f], start_interpolation: 0, interpolation_duration: 1 }
$data merge entity $(bone_wing_left_2) { transformation: [-0.20149487655933795f,3.40067878573151f,1.1025124398628123f,2.840701828611262f,3.417027018172202f,0.5077735901203388f,-0.9417231054369108f,1.5182613111996714f,-1.0507503227968924f,0.9991495616313985f,-3.273892787140449f,4.5758538221107905f,0f,0f,0f,1f], start_interpolation: 0, interpolation_duration: 1 }
$data merge entity $(bone_wing_left_1) { transformation: [-2.869663981435998f,2.3417702551121358f,-0.08038319986752548f,1.910365751488263f,2.143486623296297f,2.5722533648905674f,-1.5856539582957538f,1.6310418011939725f,-0.9464747658013593f,-1.274733482725388f,-3.3473214393930055f,3.1050131084659744f,0f,0f,0f,1f], start_interpolation: 0, interpolation_duration: 1 }
$data merge entity $(bone_wing_left_0) { transformation: [-1.931504681341024f,-0.14638542401823465f,-0.042038358587261994f,0.11144258613109183f,-0.1143786334865021f,1.7473286645503878f,-0.8292564839917249f,1.1696116007555277f,0.10056562116086193f,-0.8242087694726131f,-1.7505635407390872f,2.456989972840943f,0f,0f,0f,1f], start_interpolation: 0, interpolation_duration: 1 }
$data merge entity $(bone_body_0) { transformation: [-1.1974184060778161f,0.04149709732344342f,0.06575070569804477f,-0.06574123709392148f,0.03204562634387521f,1.1879492987560085f,-0.1661491649612972f,0.7005042188818662f,-0.07083955264039264f,-0.16404407364740817f,-1.1865611249669663f,1.64379410889698f,0f,0f,0f,1f], start_interpolation: 0, interpolation_duration: 1 }
$data merge entity $(bone_body_1) { transformation: [-0.9978985666598464f,0.004604513857789058f,0.06463164171176106f,0.010838322477852106f,0.02670602392109206f,0.9380359808954591f,0.3455072891153235f,1.1826017623903162f,-0.059035912329277f,0.3465072827483242f,-0.9361877290681728f,0.5674369951378306f,0f,0f,0f,1f], start_interpolation: 0, interpolation_duration: 1 }
$data merge entity $(bone_leg_right_3) { transformation: [-0.8632573448917386f,0.2514057616061951f,0.03977310047852524f,-0.8767960739462f,0.1683813388377898f,0.45859384675091763f,0.7558699679530794f,0.002793633343315949f,0.19087818424759612f,0.7324526105854254f,-0.48690727251185717f,-0.8299914017605354f,0f,0f,0f,1f], start_interpolation: 0, interpolation_duration: 1 }
$data merge entity $(bone_leg_right_2) { transformation: [-0.9591748276574873f,0.22378702266732972f,-0.17292489258033822f,-0.7487228754492452f,0.18709037648643312f,0.9606239926511378f,0.20542330872895403f,0.5457466411281373f,0.2120868713862179f,0.1646842834901938f,-0.9632747509184113f,-0.7656360252785042f,0f,0f,0f,1f], start_interpolation: 0, interpolation_duration: 1 }
$data merge entity $(bone_leg_right_1) { transformation: [-0.8868279423629807f,0.43138243885809263f,-0.16566650865243f,-0.6311626011013167f,0.3890414912611737f,0.8904528821186667f,0.2360940126386983f,0.4722860330987658f,0.2493650310719683f,0.14492362185442287f,-0.9575041645377176f,-0.23294320893103854f,0f,0f,0f,1f], start_interpolation: 0, interpolation_duration: 1 }
$data merge entity $(bone_leg_right_0) { transformation: [-0.8868279423629807f,0.3733345468529896f,-0.272318777851096f,-0.3520013315908263f,0.3890414912611737f,0.9212114929019657f,-0.004012907002867036f,1.1074642382106312f,0.2493650310719683f,-0.10950206149385724f,-0.9621987215783815f,-0.1684500519515883f,0f,0f,0f,1f], start_interpolation: 0, interpolation_duration: 1 }
$data merge entity $(bone_leg_left_3) { transformation: [-0.8579311965342306f,-0.271271085150787f,0.01913270431638056f,0.9011997063850805f,-0.15598763521518574f,0.5427572075775581f,0.7007727672238594f,-0.09500307077032843f,-0.22275978019678003f,0.6647003926459844f,-0.564403639555023f,-0.9055219806400625f,0f,0f,0f,1f], start_interpolation: 0, interpolation_duration: 1 }
$data merge entity $(bone_leg_left_2) { transformation: [-0.953256885038034f,-0.16323042116734365f,0.25427768430028663f,0.8093624788012332f,-0.17331959468353972f,0.9847077605903151f,-0.01763361369486675f,0.45545084453533335f,-0.24751086688531113f,-0.06088066884272744f,-0.9669704829698492f,-0.968041882050322f,0f,0f,0f,1f], start_interpolation: 0, interpolation_duration: 1 }
$data merge entity $(bone_leg_left_1) { transformation: [-0.8964245700511263f,-0.36075261451559365f,0.2574500754103928f,0.6460224304039501f,-0.3822241386297469f,0.923325920100233f,-0.037066873617906726f,0.5334296610513907f,-0.22433835618859643f,-0.13163128955997225f,-0.9655803982845638f,-0.4482170573359495f,0f,0f,0f,1f], start_interpolation: 0, interpolation_duration: 1 }
$data merge entity $(bone_leg_left_0) { transformation: [-0.8964245700511263f,-0.4253955057233702f,0.12434489904701201f,0.3522991656659414f,-0.3822241386297469f,0.8840653815368658f,0.26894815302735176f,1.1047717059893876f,-0.22433835618859643f,0.1935641105123413f,-0.9550943602933505f,-0.1783344062100777f,0f,0f,0f,1f], start_interpolation: 0, interpolation_duration: 1 }
$data merge entity $(bone_tail_3) { transformation: [-1.256681142633394f,0.3709861665696919f,-0.019188834508700497f,-0.8756517172307217f,0.3157737509135166f,1.102454165624068f,0.6341357838337133f,0.3663644522102245f,0.19566779344052948f,0.6034985652993006f,-1.1466255001952685f,-3.3061210789290643f,0f,0f,0f,1f], start_interpolation: 0, interpolation_duration: 1 }
$data merge entity $(bone_tail_2) { transformation: [-0.967783352093381f,0.14558218097375125f,-0.20542933576737546f,-0.6752085718613928f,0.13090090766678353f,0.9878807279452899f,0.08340635303318444f,0.28051779029976354f,0.21508216054082996f,0.05382839341100509f,-0.9751113619889158f,-2.351960377837565f,0f,0f,0f,1f], start_interpolation: 0, interpolation_duration: 1 }
$data merge entity $(bone_tail_1) { transformation: [-0.9470785427186057f,0.04523262311731653f,-0.31779906187389706f,-0.3666156728827422f,0.17878245432471265f,0.8965853256176398f,-0.405180932316345f,0.7887138760691299f,0.26660657896540035f,-0.4405550631794366f,-0.8572235229852994f,-1.5965207696046084f,0f,0f,0f,1f], start_interpolation: 0, interpolation_duration: 1 }
$data merge entity $(bone_tail_0) { transformation: [-0.9234483851005322f,-0.19562664367674953f,-0.3301110363786545f,-0.0062854444655702935f,-0.13748304492522292f,0.9718488622192204f,-0.19133269809756953f,0.9750986563373968f,0.35824780866504746f,-0.13130120063036982f,-0.9243476090193098f,-0.5961765777192339f,0f,0f,0f,1f], start_interpolation: 0, interpolation_duration: 1 }
$data merge entity $(bone_body_2) { transformation: [-1.0207253583431415f,0.0026185148311112087f,-0.014614399056713747f,1.613724741278962e-17f,0.0039022206104980315f,1.0168189357641988f,-0.09035883459913321f,0.9143709545267612f,0.014325151099259978f,-0.09040514197702341f,-1.0167213948740046f,-0.131770625f,0f,0f,0f,1f], start_interpolation: 0, interpolation_duration: 1 }