# This file was generated by Animated Java via MC-Build. It is not recommended to edit this file directly.
$data merge entity $(bone_head_lower) { transformation: [-1.0938698102894249f,-0.0906976438834272f,0.0722687728647213f,-0.4699728484480321f,-0.0029821757242223523f,0.7072624538491608f,0.8424790371298352f,-0.5771927273248469f,-0.11593077574711355f,0.8375880603072485f,-0.7035668386624068f,3.8877008154459185f,0f,0f,0f,1f], start_interpolation: 0, interpolation_duration: 1 }
$data merge entity $(bone_horne_right) { transformation: [-0.7657170727657777f,0.11380066404661536f,-1.483296944710734f,-0.7649154898891044f,-1.380656361973693f,0.566883757297268f,0.7562234251229869f,-0.16181442555283648f,0.5539931655419745f,1.5700749241439793f,-0.16552751420141656f,4.01928646475418f,0f,0f,0f,1f], start_interpolation: 0, interpolation_duration: 1 }
$data merge entity $(bone_horne_left) { transformation: [-0.640018259680321f,-0.4434286620112185f,1.4809425045670592f,-0.13862033000789425f,1.376823959119469f,0.5653646041463507f,0.7643047185669294f,-0.16010698084193292f,-0.702976148756845f,1.511018510454462f,0.1486292306163661f,4.08566263040819f,0f,0f,0f,1f], start_interpolation: 0, interpolation_duration: 1 }
$data merge entity $(bone_head_upper) { transformation: [-1.0938698102894249f,-0.04945937001170504f,0.10489332130990471f,-0.43137361438530314f,-0.0029821757242223523f,1.0066105627113513f,0.44353836549489967f,-0.5835404196560465f,-0.11593077574711355f,0.4407821976395855f,-1.0011349107281644f,3.8709136366748145f,0f,0f,0f,1f], start_interpolation: 0, interpolation_duration: 1 }
$data merge entity $(bone_neck_0) { transformation: [-0.981416554368806f,-0.1250304746526431f,0.14556416873322503f,-0.3457313739155746f,0.09023129930107696f,0.36879139824159446f,0.9251222714914227f,0.01095672147913107f,-0.16935129003730534f,0.9210647561334351f,-0.3506563211629812f,3.690816319033453f,0f,0f,0f,1f], start_interpolation: 0, interpolation_duration: 1 }
$data merge entity $(bone_neck_1) { transformation: [-0.9890749381419243f,-0.05811904724962175f,0.1354730345358246f,-0.2602125105590426f,0.04148402914306315f,0.7721228687576579f,0.6341177736568361f,0.4021024482593267f,-0.14145614891409272f,0.6328099650671133f,-0.761276366404575f,3.207569289617222f,0f,0f,0f,1f], start_interpolation: 0, interpolation_duration: 1 }
$data merge entity $(bone_neck_2) { transformation: [-0.9890749381419243f,0.021785977610061694f,0.14579484874000995f,-0.1941430003414586f,0.04148402914306315f,0.9901847678767548f,0.1334661035278804f,0.48525465229729614f,-0.14145614891409272f,0.13805613584492113f,-0.9802707081668627f,2.7699905151979194f,0f,0f,0f,1f], start_interpolation: 0, interpolation_duration: 1 }
$data merge entity $(bone_arm_right_3) { transformation: [-0.9988537015757465f,-0.008717006316018584f,0.047066937964093586f,-0.9685133721180373f,0.0444471914411496f,0.1960999188933384f,0.9795760659504805f,-0.5296385882119187f,-0.017768793471227645f,0.9805451726518839f,-0.19548768341679296f,2.496258123027067f,0f,0f,0f,1f], start_interpolation: 0, interpolation_duration: 1 }
$data merge entity $(bone_arm_right_4) { transformation: [-0.6281432604040149f,0.6594098826322463f,-0.41305526397316444f,-0.8433599520424331f,-0.25831009741337435f,0.3240261700934838f,0.9101005080038369f,-0.4428516627452348f,0.7339699843885352f,0.6783698458668956f,-0.03320262392066953f,2.4252757111588954f,0f,0f,0f,1f], start_interpolation: 0, interpolation_duration: 1 }
$data merge entity $(bone_arm_right_2) { transformation: [-0.9988537015757465f,0.01730877627833624f,0.04462834426881471f,-0.9483997284917566f,0.0444471914411496f,0.681468221374112f,0.7304967559340687f,-0.3716931592136803f,-0.017768793471227645f,0.7316429932152368f,-0.6814563819186273f,2.4275431779001613f,0f,0f,0f,1f], start_interpolation: 0, interpolation_duration: 1 }
$data merge entity $(bone_arm_right_1) { transformation: [-0.9462014758028643f,0.27156813811400954f,0.17593610644143445f,-0.7882752068008789f,0.18292844213222226f,0.8974331698350628f,-0.40143603567551056f,0.1621261506752738f,-0.2669081344724432f,-0.3476556515304789f,-0.8988301261703229f,2.2319095787172074f,0f,0f,0f,1f], start_interpolation: 0, interpolation_duration: 1 }
$data merge entity $(bone_arm_right_0) { transformation: [0.5908879910466449f,0.48871928870516557f,0.6418760307757078f,-0.5968280526022739f,0.4271811326477285f,0.4853989059639056f,-0.7628264429074595f,0.38758830106892683f,-0.6843739196862079f,0.7249423142130419f,0.07804472510538671f,2.5607678163507477f,0f,0f,0f,1f], start_interpolation: 0, interpolation_duration: 1 }
$data merge entity $(bone_arm_left_3) { transformation: [-0.9890394141670964f,-0.14099673113861738f,0.04382874664226413f,0.5358198902762136f,0.0362179929471793f,0.05609988266704102f,0.9977680392514198f,-0.592972389860595f,-0.14314081951311236f,0.9884193062526495f,-0.05037837647389937f,2.603974530377176f,0f,0f,0f,1f], start_interpolation: 0, interpolation_duration: 1 }
$data merge entity $(bone_arm_left_4) { transformation: [-0.47962185167566185f,-0.7332339643003372f,0.4820070881134651f,0.43084016536827324f,0.32034674453993006f,0.3650801099844867f,0.8741249776527292f,-0.495186543026942f,-0.8169093234000201f,0.573658841900068f,0.05978871508900646f,2.516504322303331f,0f,0f,0f,1f], start_interpolation: 0, interpolation_duration: 1 }
$data merge entity $(bone_arm_left_2) { transformation: [-0.9890394141670964f,-0.08249474188019976f,0.12245674659293607f,0.5393127760028764f,0.0362179929471793f,0.6684779675960536f,0.7428495566570179f,-0.43280599935198627f,-0.14314081951311236f,0.7391426279147815f,-0.6581632634752155f,2.537584862612526f,0f,0f,0f,1f], start_interpolation: 0, interpolation_duration: 1 }
$data merge entity $(bone_arm_left_1) { transformation: [-0.9881328713638415f,-0.1418038777793741f,-0.05903464048321716f,0.4545516929953087f,-0.11015799767964751f,0.9220712967479038f,-0.37101177779263317f,0.11537049749243258f,0.10704505629622114f,-0.360105795510669f,-0.9267497892970719f,2.3346230181661047f,0f,0f,0f,1f], start_interpolation: 0, interpolation_duration: 1 }
$data merge entity $(bone_arm_left_0) { transformation: [0.4371496819786989f,-0.5633483914957839f,-0.7010982422920741f,0.2291486458962605f,-0.4658563278070468f,0.5249781197614334f,-0.7123032048319619f,0.3565147219096418f,0.7693361017059163f,0.6379941720508607f,-0.03294539483874645f,2.629030667453618f,0f,0f,0f,1f], start_interpolation: 0, interpolation_duration: 1 }
$data merge entity $(bone_wing_right_2) { transformation: [-3.5679441971175607f,0.227434017166415f,0.19697218876510497f,-2.584254987649161f,0.04882949171092504f,2.7507533486183773f,-2.2916635365734406f,3.522151012955192f,-0.2968837416407675f,-2.280872607568555f,-2.744126502377223f,2.5708917779592233f,0f,0f,0f,1f], start_interpolation: 0, interpolation_duration: 1 }
$data merge entity $(bone_wing_right_1) { transformation: [-3.2914805731379833f,1.693439571485366f,0.15407403182466872f,-1.499781799789685f,1.1782746341922303f,2.513401257520332f,-2.4535288378200044f,2.2887089831169134f,-1.226028252518846f,-2.130820801785704f,-2.7716020976328686f,1.984243907360949f,0f,0f,0f,1f], start_interpolation: 0, interpolation_duration: 1 }
$data merge entity $(bone_wing_right_0) { transformation: [-1.2000863548510325f,1.518949101665502f,0.08057677984336292f,-0.3623246496586803f,1.1052104757320205f,0.9412683568614004f,-1.2831328593343871f,0.722760990408534f,-1.045087936602735f,-0.7488082243946063f,-1.4494770428835482f,2.334921087669384f,0f,0f,0f,1f], start_interpolation: 0, interpolation_duration: 1 }
$data merge entity $(bone_wing_left_2) { transformation: [-3.5463866168390896f,0.45694510325590587f,-0.18733180608561256f,2.4711119452386776f,0.47271806914018916f,2.7478059184438712f,-2.2465196039049955f,3.2682956222581763f,-0.14293236186819094f,-2.2497808507122494f,-2.7818710489085396f,3.046101202636698f,0f,0f,0f,1f], start_interpolation: 0, interpolation_duration: 1 }
$data merge entity $(bone_wing_left_1) { transformation: [-3.563316423208244f,-1.0073930998873446f,0.11513454431131233f,1.395250354915549f,-0.8302046722670379f,2.657194986543156f,-2.4444622636759807f,2.147032810009059f,0.5821142698305782f,-2.3769296789533514f,-2.781486838198292f,2.254325600227943f,0f,0f,0f,1f], start_interpolation: 0, interpolation_duration: 1 }
$data merge entity $(bone_wing_left_0) { transformation: [-1.478062679744788f,-1.2512439525614665f,0.060212423336176775f,0.06051815557448202f,-0.9706611716622874f,1.0850985638911854f,-1.2783912728380473f,0.7068534721889143f,0.7918673213189515f,-1.0054133119367603f,-1.4546465095023955f,2.3698669348173986f,0f,0f,0f,1f], start_interpolation: 0, interpolation_duration: 1 }
$data merge entity $(bone_body_0) { transformation: [-1.1950233363633236f,0.06738094567014186f,0.08505902249419584f,-0.11016573507838236f,0.04495726369421854f,1.163487142871116f,-0.2900560573660485f,0.15861682488819084f,-0.09876271355222689f,-0.2856807311216583f,-1.1612443540778123f,1.6062918277685725f,0f,0f,0f,1f], start_interpolation: 0, interpolation_duration: 1 }
$data merge entity $(bone_body_1) { transformation: [-0.9959025754315411f,-0.0037662832666882293f,0.09035416625246648f,-0.003920846647778589f,0.03746625972483503f,0.8921667789964031f,0.45014966159868947f,0.7604558744373637f,-0.08230637661235303f,0.45169043997580743f,-0.8883700843699134f,0.5946946308264632f,0f,0f,0f,1f], start_interpolation: 0, interpolation_duration: 1 }
$data merge entity $(bone_leg_right_3) { transformation: [-0.8679338762527022f,0.2380856621285405f,0.002450294221787816f,-0.8564225933810642f,0.14181726868160735f,0.5094958750497918f,0.7282182472383785f,-0.23950090340898345f,0.1912554541879725f,0.7026586445750609f,-0.5288593200911665f,-0.9516619460960182f,0f,0f,0f,1f], start_interpolation: 0, interpolation_duration: 1 }
$data merge entity $(bone_leg_right_2) { transformation: [-0.9643709736141136f,0.20926985673576112f,-0.161847929589354f,-0.7361480697684444f,0.15757474297956373f,0.945788253953038f,0.28399785044853476f,0.2975091215705682f,0.21250606020885832f,0.2483761376345519f,-0.9450663831859916f,-0.8398737563835643f,0f,0f,0f,1f], start_interpolation: 0, interpolation_duration: 1 }
$data merge entity $(bone_leg_right_1) { transformation: [-0.8936184281917998f,0.4247599069732215f,-0.14500043525492334f,-0.6303034625525819f,0.3531164891914977f,0.8647745764314272f,0.3570345599783258f,0.1563042576093855f,0.27704665646256765f,0.2678506176695248f,-0.9227682248305726f,-0.3184942198249996f,0f,0f,0f,1f], start_interpolation: 0, interpolation_duration: 1 }
$data merge entity $(bone_leg_right_0) { transformation: [-0.8936184281917998f,0.3779349274529969f,-0.24209769806240414f,-0.35235933142315884f,0.3531164891914977f,0.9249633007885457f,0.14054051819823782f,0.7731531371825814f,0.27704665646256765f,0.0401009077884309f,-0.9600193057108048f,-0.1518021273880194f,0f,0f,0f,1f], start_interpolation: 0, interpolation_duration: 1 }
$data merge entity $(bone_leg_left_3) { transformation: [-0.8593266759237034f,-0.2649140773707884f,0.03712405765406673f,0.8887788861881962f,-0.13486961114388127f,0.5369284885930173f,0.7095900127024874f,-0.2549154659065931f,-0.23101483077027066f,0.6719585774048887f,-0.5523620354587933f,-0.9821518172483464f,0f,0f,0f,1f], start_interpolation: 0, interpolation_duration: 1 }
$data merge entity $(bone_leg_left_2) { transformation: [-0.9548074176930037f,-0.15510044094770503f,0.2535481183843521f,0.801469427109808f,-0.1498551234932014f,0.9878986872251683f,0.039995321496728076f,0.2990855107539018f,-0.25668314530030073f,0.0001923450461364662f,-0.9664955902238395f,-1.0104767803132093f,0f,0f,0f,1f], start_interpolation: 0, interpolation_duration: 1 }
$data merge entity $(bone_leg_left_1) { transformation: [-0.889798273483402f,-0.397805718566708f,0.22362835862560482f,0.654309811076011f,-0.3555709517007047f,0.9115123304389707f,0.20667503420677596f,0.24302962207450685f,-0.2860565168154924f,0.10438334030553945f,-0.9525102558261752f,-0.4830487753891736f,0f,0f,0f,1f], start_interpolation: 0, interpolation_duration: 1 }
$data merge entity $(bone_leg_left_0) { transformation: [-0.889798273483402f,-0.43503669868757094f,0.13784811678429484f,0.3520060128350449f,-0.3555709517007047f,0.8502491018254642f,0.3881311159281701f,0.7741225339189933f,-0.2860565168154924f,0.29634361076293025f,-0.9112365958121835f,-0.1482436581961334f,0f,0f,0f,1f], start_interpolation: 0, interpolation_duration: 1 }
$data merge entity $(bone_tail_3) { transformation: [-0.8503096711895661f,-0.07642232629584877f,0.9941727880661752f,0.5087865874332772f,0.45262747092821976f,1.1346226896661578f,0.4743481485808786f,0.5451963820499892f,-0.8884527432839999f,0.6511815580500683f,-0.7098314890260016f,-3.453922122086996f,0f,0f,0f,1f], start_interpolation: 0, interpolation_duration: 1 }
$data merge entity $(bone_tail_2) { transformation: [-0.9474986012786858f,-0.004843832436597403f,0.31972322071169634f,0.19587814107965112f,0.051192468858655714f,0.9846902204843778f,0.16662683101644535f,0.37791128283366526f,-0.3156354411454606f,0.17424611034325455f,-0.9327446388605817f,-2.5417413575589967f,0f,0f,0f,1f], start_interpolation: 0, interpolation_duration: 1 }
$data merge entity $(bone_tail_1) { transformation: [-0.9806514335040794f,0.10268769944710275f,0.16666734037793818f,0.051330079509577776f,0.06044977886220119f,0.9686141760535221f,-0.2411066199499045f,0.7398330071028073f,-0.1861950326993311f,-0.22636654861179956f,-0.9560803289827047f,-1.6629351423005354f,0f,0f,0f,1f], start_interpolation: 0, interpolation_duration: 1 }
$data merge entity $(bone_tail_0) { transformation: [-0.9846413866495535f,-0.16763063855579077f,0.04879865484029518f,0.0021325949883063294f,-0.16666954287918628f,0.9857405760900426f,0.02316851583753389f,0.6944241804622644f,-0.05198656723892747f,0.014679430065530321f,-0.998539889618669f,-0.5855386006105534f,0f,0f,0f,1f], start_interpolation: 0, interpolation_duration: 1 }
$data merge entity $(bone_body_2) { transformation: [-1.020819339504643f,-0.0015688486745793425f,0.0051097212825158625f,1.613724741278962e-17f,-0.0014049228063941121f,1.0203119122023905f,0.03259328848480513f,0.5782763184530708f,-0.005157201727371017f,0.032585809429595686f,-1.0203000846508863f,-0.131770625f,0f,0f,0f,1f], start_interpolation: 0, interpolation_duration: 1 }