# This file was generated by Animated Java via MC-Build. It is not recommended to edit this file directly.
$data merge entity $(bone_head_lower) { transformation: [-1.0903041930785726f,-0.12650102528113005f,0.07234816623872416f,-0.41519560085508317f,-0.03597587178507139f,0.7628516125762947f,0.7916837461000767f,-0.2074169843365734f,-0.14121792805655828f,0.7823393814659785f,-0.7602648150498899f,3.8820820782037115f,0f,0f,0f,1f], start_interpolation: 0, interpolation_duration: 1 }
$data merge entity $(bone_horne_right) { transformation: [-0.7190240274322058f,0.05919397071967305f,-1.5096170291356183f,-0.7295511549327839f,-1.4524284887139478f,0.4330643947968018f,0.7087663705213723f,0.1831057889588228f,0.4158112384218713f,1.6150524315452917f,-0.13472086034594385f,4.041824457005605f,0f,0f,0f,1f], start_interpolation: 0, interpolation_duration: 1 }
$data merge entity $(bone_horne_left) { transformation: [-0.6821291197774738f,-0.4962189906696289f,1.4449600790682993f,-0.10529748918564708f,1.4061957893487054f,0.41473788957600743f,0.8062561242053619f,0.20370377434936537f,-0.5972908159516784f,1.5431144640302923f,0.24796065198116368f,4.122678781714388f,0f,0f,0f,1f], start_interpolation: 0, interpolation_duration: 1 }
$data merge entity $(bone_head_upper) { transformation: [-1.0903041930785726f,-0.09961683545009858f,0.1063637750843357f,-0.37604234406052905f,-0.03597587178507139f,0.962008692375683f,0.5322076779255753f,-0.2107663536518003f,-0.14121792805655828f,0.5240379393598681f,-0.9567871941591173f,3.8657172486346685f,0f,0f,0f,1f], start_interpolation: 0, interpolation_duration: 1 }
$data merge entity $(bone_neck_0) { transformation: [-0.9799189861418258f,-0.1483752127384685f,0.1332050180871218f,-0.29912766601481383f,0.09232136103712961f,0.2545090403206051f,0.9626535797945887f,0.40233575476003935f,-0.17673581101471256f,0.9556201884848912f,-0.23570003917070736f,3.7590100560267286f,0f,0f,0f,1f], start_interpolation: 0, interpolation_duration: 1 }
$data merge entity $(bone_neck_1) { transformation: [-0.9885205208561062f,-0.059098710505606514f,0.13904863272591703f,-0.21135652278030187f,0.04023315601897244f,0.784126619721356f,0.619295355546215f,0.7840752092566442f,-0.14563129129114205f,0.6177805327629986f,-0.7727475269038008f,3.2686965213331067f,0f,0f,0f,1f], start_interpolation: 0, interpolation_duration: 1 }
$data merge entity $(bone_neck_2) { transformation: [-0.9885205208561062f,0.02443671631744814f,0.14909737335712192f,-0.14374001116746418f,0.04023315601897244f,0.9937768549097297f,0.10386941707008265f,0.8540024154293708f,-0.14563129129114205f,0.10867570814743427f,-0.9833519804503005f,2.829045698255007f,0f,0f,0f,1f], start_interpolation: 0, interpolation_duration: 1 }
$data merge entity $(bone_arm_right_3) { transformation: [-0.9998100605743996f,-0.011275677752816132f,-0.015896599178120703f,-0.8895358172199248f,-0.013277745485667646f,-0.2029996346243375f,0.9790887854618717f,-0.15516359874282706f,-0.014266893461192254f,0.9791138888983244f,0.20281136141095962f,2.3781287732991245f,0f,0f,0f,1f], start_interpolation: 0, interpolation_duration: 1 }
$data merge entity $(bone_arm_right_4) { transformation: [-0.462592405785896f,0.7529347800813766f,-0.46807850095152415f,-0.7700999865004788f,-0.3173876050434045f,0.35233023755584564f,0.8804138298940181f,-0.053816626427059366f,0.8278124028268898f,0.5558350660471597f,0.07598687438183566f,2.317319848575972f,0f,0f,0f,1f], start_interpolation: 0, interpolation_duration: 1 }
$data merge entity $(bone_arm_right_2) { transformation: [-0.9998100605743996f,-0.019371806517680973f,-0.002139132173736208f,-0.879155501320771f,-0.013277745485667646f,0.5966844864220214f,0.8023660792544174f,0.010295190612183536f,-0.014266893461192254f,0.8022420811547659f,-0.5968283664299454f,2.3272495147337304f,0f,0f,0f,1f], start_interpolation: 0, interpolation_duration: 1 }
$data merge entity $(bone_arm_right_1) { transformation: [-0.9473947253242707f,0.23998548715897383f,0.2117786589362099f,-0.7380491334758711f,0.2050198643085071f,0.9631232399352041f,-0.17424258932774206f,0.5805366251615013f,-0.24578464082743443f,-0.12165767813740667f,-0.9616596693651783f,2.265693666408133f,0f,0f,0f,1f], start_interpolation: 0, interpolation_duration: 1 }
$data merge entity $(bone_arm_right_0) { transformation: [0.5880511972109875f,0.48495223524397224f,0.6473153165116663f,-0.5483479385748753f,0.5055214646227446f,0.4043752508356668f,-0.7621867916182137f,0.7689953682695039f,-0.6313824817528586f,0.7754366421852055f,-0.007360413856199344f,2.6180141077248393f,0f,0f,0f,1f], start_interpolation: 0, interpolation_duration: 1 }
$data merge entity $(bone_arm_left_3) { transformation: [-0.9909961394512119f,-0.13335265169988686f,0.011988405957544593f,0.5947401534100626f,0.06862801969310756f,-0.42903081202391535f,0.9006790534075398f,-0.19674069902808322f,-0.11496454455960174f,0.8933922053715875f,0.43431960682830656f,2.480248299084902f,0f,0f,0f,1f], start_interpolation: 0, interpolation_duration: 1 }
$data merge entity $(bone_arm_left_4) { transformation: [-0.3337128233337146f,-0.797026939170815f,0.5033724364510269f,0.49002186422126937f,0.3314210234395107f,0.40069564267001145f,0.854168078991233f,-0.08977219277141114f,-0.8824941114619114f,0.451875049301539f,0.13043420967592506f,2.4039222199127623f,0f,0f,0f,1f], start_interpolation: 0, interpolation_duration: 1 }
$data merge entity $(bone_arm_left_2) { transformation: [-0.9909961394512119f,-0.050240785991091205f,0.12410686933361746f,0.6003403076275671f,0.06862801969310756f,0.6053003621358891f,0.7930332064366306f,-0.03165105237371857f,-0.11496454455960174f,0.7944100547079943f,-0.5964023964346932f,2.4274552339585673f,0f,0f,0f,1f], start_interpolation: 0, interpolation_duration: 1 }
$data merge entity $(bone_arm_left_1) { transformation: [-0.981174411990176f,-0.16761331004618796f,-0.09592993042368445f,0.5007278405716071f,-0.14913787526066524f,0.9732010664643224f,-0.17503593458327177f,0.5446419714739305f,0.12269746296670832f,-0.15743399419460116f,-0.9798774770620393f,2.344756199756914f,0f,0f,0f,1f], start_interpolation: 0, interpolation_duration: 1 }
$data merge entity $(bone_arm_left_0) { transformation: [0.4729491398988031f,-0.5553882746634281f,-0.6840050989834525f,0.27899718477679686f,-0.5362648837052924f,0.43452003323202243f,-0.7236106102211264f,0.7450223147619153f,0.6990987666800244f,0.7090389305859182f,-0.09232935253778184f,2.670817802640334f,0f,0f,0f,1f], start_interpolation: 0, interpolation_duration: 1 }
$data merge entity $(bone_wing_right_2) { transformation: [-1.012222176206056f,-3.3971804634232043f,-0.5052932158545451f,-3.2962943187797427f,-3.2197619334918612f,1.1219602556772226f,-1.0932009629403474f,1.9890621648975801f,1.1955289317660522f,0.14532774226779038f,-3.371993548287707f,4.001477246211078f,0f,0f,0f,1f], start_interpolation: 0, interpolation_duration: 1 }
$data merge entity $(bone_wing_right_1) { transformation: [-3.311075489826919f,-1.6095132481506302f,0.4142064190654686f,-2.111063993066999f,-1.6058792011039273f,2.8605695791320116f,-1.7215151545386744f,1.8852842126868088f,0.4280792508744652f,-1.7181180226841557f,-3.2542494323574287f,2.7263002891259216f,0f,0f,0f,1f], start_interpolation: 0, interpolation_duration: 1 }
$data merge entity $(bone_wing_right_0) { transformation: [-1.8411106094350917f,0.5632885789018495f,0.21661936825750192f,-0.3224222544199566f,0.40419196069771307f,1.6673271617237353f,-0.9003084164249552f,1.126601293089047f,-0.44815938318067444f,-0.8103285522903704f,-1.701889260383915f,2.4194822203605293f,0f,0f,0f,1f], start_interpolation: 0, interpolation_duration: 1 }
$data merge entity $(bone_wing_left_2) { transformation: [-0.5455701860496394f,3.433705208082048f,0.8560209022799795f,2.8770346358250625f,3.365307345621971f,0.7712846581662924f,-0.9489870992992265f,1.7271749212102399f,-1.0944449326726386f,0.6599534749690873f,-3.3447573558151666f,4.4488091414756665f,0f,0f,0f,1f], start_interpolation: 0, interpolation_duration: 1 }
$data merge entity $(bone_wing_left_1) { transformation: [-3.0535487108266652f,2.096073598394936f,-0.08738703348046747f,1.8868253176650156f,1.8904877107093128f,2.6823699192253527f,-1.7193802909746398f,1.7135629121573128f,-0.9095148372433919f,-1.4617413722839898f,-3.2804596742358303f,3.0132196180833724f,0f,0f,0f,1f], start_interpolation: 0, interpolation_duration: 1 }
$data merge entity $(bone_wing_left_0) { transformation: [-1.9158412722618186f,-0.28525404682813427f,-0.04570118451844668f,0.10112108946605552f,-0.23173982572846755f,1.7004872134076419f,-0.8991919373573432f,1.1143287517285216f,0.17249673234457516f,-0.8836739307036763f,-1.7155965468387837f,2.4465140513133052f,0f,0f,0f,1f], start_interpolation: 0, interpolation_duration: 1 }
$data merge entity $(bone_body_0) { transformation: [-1.1970031738533298f,0.0459388006396782f,0.0702070650351003f,-0.07412797298426343f,0.03468422104101994f,1.185214535014401f,-0.1841725126107985f,0.6335992403315927f,-0.07639640172045127f,-0.18169242192888782f,-1.1836416084346573f,1.6397115605766213f,0f,0f,0f,1f], start_interpolation: 0, interpolation_duration: 1 }
$data merge entity $(bone_body_1) { transformation: [-0.9975525225039f,0.0038216606080931034f,0.069816615187951f,0.00850333104584043f,0.0289049627823224f,0.9317307053648968f,0.36199778425673296f,1.1346402359984615f,-0.0636668514429482f,0.36312984948972205f,-0.9295607803887347f,0.5724922321363738f,0f,0f,0f,1f], start_interpolation: 0, interpolation_duration: 1 }
$data merge entity $(bone_leg_right_3) { transformation: [-0.8639074195269302f,0.25009785224792414f,0.03339213660873169f,-0.8755887011899406f,0.16413507775117916f,0.46657609568207126f,0.7519085204928115f,-0.017467868409316134f,0.19163414815198f,0.7278446339975656f,-0.4934759791752938f,-0.8565161402119205f,0f,0f,0f,1f], start_interpolation: 0, interpolation_duration: 1 }
$data merge entity $(bone_leg_right_2) { transformation: [-0.9598971328077002f,0.2199138532854661f,-0.17388326992754338f,-0.7497084604241909f,0.1823723086124213f,0.9608733440063193f,0.2084772357584611f,0.525744575161705f,0.21292683127997777f,0.16840520749445884f,-0.9624457650225369f,-0.7900576309574558f,0f,0f,0f,1f], start_interpolation: 0, interpolation_duration: 1 }
$data merge entity $(bone_leg_right_1) { transformation: [-0.8878375793120727f,0.43016547414893486f,-0.16340776484457842f,-0.6334594968905036f,0.3836824720714077f,0.8880784500371957f,0.25318852107610534f,0.44278700582553465f,0.2540318747449862f,0.16209358849058195f,-0.953516373841474f,-0.2584725147322384f,0f,0f,0f,1f], start_interpolation: 0, interpolation_duration: 1 }
$data merge entity $(bone_leg_right_0) { transformation: [-0.8878375793120727f,0.3790832887567982f,-0.2608453429651542f,-0.3520051348457377f,0.3836824720714077f,0.9227958718831903f,0.03515024125828853f,1.0734551674441453f,0.2540318747449862f,-0.06887408090619034f,-0.964740466443113f,-0.16582886439617156f,0f,0f,0f,1f], start_interpolation: 0, interpolation_duration: 1 }
$data merge entity $(bone_leg_left_3) { transformation: [-0.8578596692915855f,-0.27108348564272317f,0.024300856254929656f,0.9010510873941723f,-0.15212445344655096f,0.5442021525127164f,0.7005013689237974f,-0.10241498174893682f,-0.22568770118577444f,0.6635945757857862f,-0.5645416729712368f,-0.9280255904378408f,0f,0f,0f,1f], start_interpolation: 0, interpolation_duration: 1 }
$data merge entity $(bone_leg_left_2) { transformation: [-0.953177410323984f,-0.16199743430838787f,0.2553618133659824f,0.809935665904709f,-0.16902717049616772f,0.9855950575596986f,-0.005674341191146815f,0.4488968824356191f,-0.2507641124286383f,-0.04857173860789444f,-0.9668289125416571f,-0.9836631289717827f,0f,0f,0f,1f], start_interpolation: 0, interpolation_duration: 1 }
$data merge entity $(bone_leg_left_1) { transformation: [-0.8954878649926032f,-0.36461062682323864f,0.25526569385358855f,0.6475490754020753f,-0.37834305626362963f,0.9256514600550959f,-0.005089820720306892f,0.5095335943954804f,-0.2344312594943024f,-0.10113587546184541f,-0.9668575485905258f,-0.4612338993027042f,0f,0f,0f,1f], start_interpolation: 0, interpolation_duration: 1 }
$data merge entity $(bone_leg_left_0) { transformation: [-0.8954878649926032f,-0.42810837108643995f,0.1217567503537442f,0.3523241670623265f,-0.37834305626362963f,0.8762549020428028f,0.2983854527671449f,1.0713463504469452f,-0.2344312594943024f,0.2211347309937385f,-0.9466474609484999f,-0.17357018143988445f,0f,0f,0f,1f], start_interpolation: 0, interpolation_duration: 1 }
$data merge entity $(bone_tail_3) { transformation: [-1.257870192915244f,0.24835528455563122f,0.2707926731189511f,-0.6783004252463326f,0.3484863402430558f,1.1125066418784686f,0.5984418800907433f,0.35130637186303637f,-0.11647441712932866f,0.6464480379859109f,-1.1339246384768251f,-3.353142191576895f,0f,0f,0f,1f], start_interpolation: 0, interpolation_duration: 1 }
$data merge entity $(bone_tail_2) { transformation: [-0.9884009106114469f,0.11506545740007287f,-0.09911397689415113f,-0.5817833026210826f,0.10705763768963172f,0.9908111815140948f,0.0826550954204221f,0.26618250678812905f,0.10771398291205217f,0.07108546335190863f,-0.9916373101014636f,-2.3828803093878683f,0f,0f,0f,1f], start_interpolation: 0, interpolation_duration: 1 }
$data merge entity $(bone_tail_1) { transformation: [-0.9642982933688076f,0.05434743814093272f,-0.25918170725096046f,-0.3277216930875365f,0.16095406854325195f,0.8974757473068206f,-0.4106471366215015f,0.7797018255919161f,0.21029167654802516f,-0.43770268329492956f,-0.874181772751548f,-1.6109136984810015f,0f,0f,0f,1f], start_interpolation: 0, interpolation_duration: 1 }
$data merge entity $(bone_tail_0) { transformation: [-0.9348169606068442f,-0.19720361508062342f,-0.29534384090567256f,-0.004882231686615605f,-0.1496393933214106f,0.9729483576650387f,-0.17601007153939768f,0.9495265007469698f,0.32206412735382706f,-0.12034212693831287f,-0.9390380558613057f,-0.5949412953437568f,0f,0f,0f,1f], start_interpolation: 0, interpolation_duration: 1 }
$data merge entity $(bone_body_2) { transformation: [-1.0207671042145856f,0.002270450676670168f,-0.01140431723244354f,1.613724741278962e-17f,0.003056256517681409f,1.0183697503344333f,-0.07081246602347697f,0.8798892732930881f,0.011219300063352018f,-0.07084201508958338f,-1.0183104785126096f,-0.131770625f,0f,0f,0f,1f], start_interpolation: 0, interpolation_duration: 1 }