# This file was generated by Animated Java via MC-Build. It is not recommended to edit this file directly.
$data merge entity $(bone_head_lower) { transformation: [-1.0902978820040135f,-0.12637617074863988f,0.07266080074203206f,-0.44057507598470746f,-0.03515257979710229f,0.7600351411368513f,0.7944248739627275f,-0.24725477981134536f,-0.14147375951451568f,0.7850959480878739f,-0.7573701391425672f,3.889188275900579f,0f,0f,0f,1f], start_interpolation: 0, interpolation_duration: 1 }
$data merge entity $(bone_horne_right) { transformation: [-0.7241073855567479f,0.05926280188849784f,-1.5071826257441852f,-0.7537870158980651f,-1.441792840110994f,0.4639492696831918f,0.7109342685619741f,0.147296168628614f,0.44310828613047526f,1.606450138760428f,-0.14971990946348748f,4.041085965836777f,0f,0f,0f,1f], start_interpolation: 0, interpolation_duration: 1 }
$data merge entity $(bone_horne_left) { transformation: [-0.6770376512723267f,-0.49614694456993186f,1.4473773803000425f,-0.12953696355666722f,1.3966181557174804f,0.4460421584664094f,0.8061930121512919f,0.16742277819144497f,-0.6249166334244893f,1.534381847883762f,0.23365487156242704f,4.122086766846812f,0f,0f,0f,1f], start_interpolation: 0, interpolation_duration: 1 }
$data merge entity $(bone_head_upper) { transformation: [-1.0902978820040135f,-0.09691216613835296f,0.10889701810396343f,-0.40141935138016277f,-0.03515257979710229f,0.9722586052041612f,0.5133005949149759f,-0.25104640134596223f,-0.14147375951451568f,0.5052932184987564f,-0.9667801915161466f,3.8729261642269623f,0f,0f,0f,1f], start_interpolation: 0, interpolation_duration: 1 }
$data merge entity $(bone_neck_0) { transformation: [-0.9776696888354279f,-0.15251629252139895f,0.14457095160496292f,-0.3175705688043806f,0.09777802469934492f,0.27880485762361146f,0.9553571631862988f,0.3585279260926012f,-0.18601461614166706f,0.9481596025358836f,-0.25766631658147215f,3.752157753702646f,0f,0f,0f,1f], start_interpolation: 0, interpolation_duration: 1 }
$data merge entity $(bone_neck_1) { transformation: [-0.987476657453092f,-0.061340421142422635f,0.14535199936477988f,-0.22582440705824877f,0.04163539303788172f,0.7873317038535198f,0.6151221684785022f,0.7376206147278958f,-0.15217209018689937f,0.6134705704768435f,-0.7749177466847474f,3.26052016132801f,0f,0f,0f,1f], start_interpolation: 0, interpolation_duration: 1 }
$data merge entity $(bone_neck_2) { transformation: [-0.987476657453092f,0.026134934759949557f,0.15558539831989993f,-0.15525070583633366f,0.04163539303788172f,0.9943919082468912f,0.09721742055664562f,0.8045709467746698f,-0.15217209018689937f,0.10247779270749235f,-0.9830269360347916f,2.8208706887095056f,0f,0f,0f,1f], start_interpolation: 0, interpolation_duration: 1 }
$data merge entity $(bone_arm_right_3) { transformation: [-0.9998370481117175f,-0.0008326567757943257f,-0.01803285628903397f,-0.8987056072219041f,-0.01765003318583966f,-0.1645570716018553f,0.9862096361901768f,-0.21289332327159385f,-0.0037886081594679377f,0.9863672119796543f,0.1645155602965822f,2.4059776707634426f,0f,0f,0f,1f], start_interpolation: 0, interpolation_duration: 1 }
$data merge entity $(bone_arm_right_4) { transformation: [-0.46678576428223906f,0.7482278532943072f,-0.4714510895289553f,-0.780344659475263f,-0.31897504863716686f,0.354767050769598f,0.8788602039204865f,-0.1115874999181106f,0.8248429963395238f,0.5606205661968124f,0.07306580696059156f,2.3430358882466367f,0f,0f,0f,1f], start_interpolation: 0, interpolation_duration: 1 }
$data merge entity $(bone_arm_right_2) { transformation: [-0.9998370481117175f,-0.013678042025558473f,-0.011780848424213106f,-0.8895689830890117f,-0.01765003318583966f,0.6037412978438249f,0.7969848942146852f,-0.04785317441732806f,-0.0037886081594679377f,0.797062956386885f,-0.6038843349549757f,2.3535245273803023f,0f,0f,0f,1f], start_interpolation: 0, interpolation_duration: 1 }
$data merge entity $(bone_arm_right_1) { transformation: [-0.9482245602989587f,0.2405725017541923f,0.20735248888203764f,-0.7480690748862243f,0.1937112302302224f,0.9554520092452363f,-0.22268232375277275f,0.518374502298496f,-0.251686595845985f,-0.17098634281418545f,-0.9525846566276879f,2.2627532913749957f,0f,0f,0f,1f], start_interpolation: 0, interpolation_duration: 1 }
$data merge entity $(bone_arm_right_0) { transformation: [0.5859837361290381f,0.48288354984824233f,0.6507276990248797f,-0.5593286842839355f,0.4900475454669917f,0.4283770547152091f,-0.759174882471292f,0.7175989800163804f,-0.6453498773332427f,0.7637516456803763f,0.014386088644452982f,2.609624459106827f,0f,0f,0f,1f], start_interpolation: 0, interpolation_duration: 1 }
$data merge entity $(bone_arm_left_3) { transformation: [-0.9880459263601269f,-0.1535329014964239f,0.013888684647903445f,0.5739640527310911f,0.07723763374776217f,-0.4150514262831197f,0.9065134645847215f,-0.25714586262279404f,-0.13341512409095924f,0.896749665011612f,0.42194838898300857f,2.5127613556258415f,0f,0f,0f,1f], start_interpolation: 0, interpolation_duration: 1 }
$data merge entity $(bone_arm_left_4) { transformation: [-0.3294912051587078f,-0.7948374161675245f,0.5095773028532541f,0.47168642903458924f,0.3356840805382299f,0.4058322333600063f,0.8500684657362803f,-0.14977810937257896f,-0.8824691177578208f,0.4511470716143059f,0.13309611556153916f,2.433734113258409f,0f,0f,0f,1f], start_interpolation: 0, interpolation_duration: 1 }
$data merge entity $(bone_arm_left_2) { transformation: [-0.9880459263601269f,-0.05866059693531529f,0.14256290460828858f,0.5821234991207831f,0.07723763374776217f,0.6119609548284264f,0.7871074499066362f,-0.09253633281164886f,-0.13341512409095924f,0.7887095309001112f,-0.6001147228081654f,2.4588152064108724f,0f,0f,0f,1f], start_interpolation: 0, interpolation_duration: 1 }
$data merge entity $(bone_arm_left_1) { transformation: [-0.9837175898575763f,-0.1564551405140736f,-0.0884392017802271f,0.48901946364155735f,-0.13364734813004464f,0.9658318824133665f,-0.22205215885386057f,0.4799135472851209f,0.12015860244946636f,-0.20661694974172634f,-0.9710156262063019f,2.346975157497233f,0f,0f,0f,1f], start_interpolation: 0, interpolation_duration: 1 }
$data merge entity $(bone_arm_left_0) { transformation: [0.46177185429836914f,-0.5544300822061915f,-0.6923684268672873f,0.2677331303958447f,-0.5226221586603188f,0.46062702850017795f,-0.7174181625051915f,0.6918857135386756f,0.7166818219091894f,0.6931305970449814f,-0.07705284929834261f,2.6659314147218804f,0f,0f,0f,1f], start_interpolation: 0, interpolation_duration: 1 }
$data merge entity $(bone_wing_right_2) { transformation: [-1.3898932762401761f,-3.289422148488452f,-0.26200892876429804f,-3.2985633579414277f,-3.079033392587419f,1.3950452694585365f,-1.1807421956334152f,2.2081583538885847f,1.1868024760044136f,-0.23302509360844917f,-3.370155672629206f,3.8323318996052063f,0f,0f,0f,1f], start_interpolation: 0, interpolation_duration: 1 }
$data merge entity $(bone_wing_right_1) { transformation: [-3.449648604226376f,-1.2868226278325743f,0.4115006497650862f,-2.0711529756489084f,-1.3125604867653737f,2.9248956055002724f,-1.8567421518367713f,1.9648639870999374f,0.3200472290791861f,-1.8746716977442393f,-3.1793861907191254f,2.6174703170516223f,0f,0f,0f,1f], start_interpolation: 0, interpolation_duration: 1 }
$data merge entity $(bone_wing_right_0) { transformation: [-1.7889839579562605f,0.7121304296209184f,0.21520432008460835f,-0.3315381644555887f,0.5179434359728923f,1.5945984295889664f,-0.9710286790229202f,1.0714342638772045f,-0.5340198922397434f,-0.8390663558743904f,-1.6627376988364473f,2.406520068462987f,0f,0f,0f,1f], start_interpolation: 0, interpolation_duration: 1 }
$data merge entity $(bone_wing_left_2) { transformation: [-0.8973330164026102f,3.412969634950576f,0.6059552769267489f,2.893822301129104f,3.276680475651045f,1.0393819819138095f,-1.001898310816231f,1.927055741890607f,-1.1308884061733446f,0.30343604867335844f,-3.3837505886522523f,4.31218853417217f,0f,0f,0f,1f], start_interpolation: 0, interpolation_duration: 1 }
$data merge entity $(bone_wing_left_1) { transformation: [-3.2153241000534845f,1.8384653267050906f,-0.08400551778541294f,1.8543305627114044f,1.629391130271051f,2.765112607502038f,-1.8505560151822782f,1.7854349075986296f,-0.855626220442828f,-1.6430210781473344f,-3.2083806290018484f,2.9189844840449286f,0f,0f,0f,1f], start_interpolation: 0, interpolation_duration: 1 }
$data merge entity $(bone_wing_left_0) { transformation: [-1.8917971251083356f,-0.41602860711873163f,-0.0439327382561502f,0.09186014503201069f,-0.33903364616366605f,1.6438790107364998f,-0.9677934876971213f,1.0582708541237513f,0.24508381056447928f,-0.9372770380836372f,-1.6779010488346322f,2.435345326015274f,0f,0f,0f,1f], start_interpolation: 0, interpolation_duration: 1 }
$data merge entity $(bone_body_0) { transformation: [-1.1965932827814383f,0.050340420098674545f,0.07406997574341381f,-0.08186811372404372f,0.0372019616907398f,1.1821551957401804f,-0.20243791846108627f,0.5658216827511459f,-0.08146492035656619f,-0.19957689968727763f,-1.180418794946316f,1.63531053814628f,0f,0f,0f,1f], start_interpolation: 0, interpolation_duration: 1 }
$data merge entity $(bone_body_1) { transformation: [-0.9972109295310084f,0.0029997718822451307f,0.07457454922798148f,0.00630826644421759f,0.03100318490152824f,0.9255540263559628f,0.37734406954691563f,1.084467127572171f,-0.06789082817188041f,0.37860367888455637f,-0.9230655934359248f,0.5769821697804692f,0f,0f,0f,1f], start_interpolation: 0, interpolation_duration: 1 }
$data merge entity $(bone_leg_right_3) { transformation: [-0.864527683116296f,0.248676422053374f,0.027421200562727982f,-0.8740987039402258f,0.1601071412744456f,0.47412957325905464f,0.7480420115702804f,-0.04069699136953142f,0.19224356540205417f,0.7234370635210219f,-0.4996811250043245f,-0.8807653951192499f,0f,0f,0f,1f], start_interpolation: 0, interpolation_duration: 1 }
$data merge entity $(bone_leg_right_2) { transformation: [-0.9605863145736622f,0.21634870047869864f,-0.17454848052895622f,-0.7502308955517278f,0.1778968236382729f,0.9609327160503528f,0.2120401739376413f,0.502680439176474f,0.21360396155783798f,0.1726312689673289f,-0.9615465628774966f,-0.8119172917596069f,0f,0f,0f,1f], start_interpolation: 0, interpolation_duration: 1 }
$data merge entity $(bone_leg_right_1) { transformation: [-0.8888091742840689f,0.4289670681777903f,-0.16126222783845723f,-0.6352301729414597f,0.3785378752464821f,0.8855504268425836f,0.26927591522970773f,0.4107670747128891f,0.2583163345829107f,0.17829104278641975f,-0.9494656262075952f,-0.28153508725317705f,0f,0f,0f,1f], start_interpolation: 0, interpolation_duration: 1 }
$data merge entity $(bone_leg_right_0) { transformation: [-0.8888091742840689f,0.3838219112323945f,-0.2503976680530059f,-0.3520270727388603f,0.3785378752464821f,0.9228621616284859f,0.0709542644122061f,1.0363651402047016f,0.2583163345829107f,-0.031720200067312396f,-0.96553948660598f,-0.16336233900065483f,0f,0f,0f,1f], start_interpolation: 0, interpolation_duration: 1 }
$data merge entity $(bone_leg_left_3) { transformation: [-0.8578111741047852f,-0.2707812298441617f,0.0289398539224571f,0.9007936337448303f,-0.1485877387277332f,0.5455484877798918f,0.7002132042320056f,-0.11375359476766589f,-0.22821409571003448f,0.6626117815472018f,-0.5646803994066862f,-0.9478124192215636f,0f,0f,0f,1f], start_interpolation: 0, interpolation_duration: 1 }
$data merge entity $(bone_leg_left_2) { transformation: [-0.9531235267830946f,-0.16091523432473562f,0.25624564397228455f,0.8103097697878083f,-0.16509748747525912f,0.9862632550171799f,0.0052546581500713604f,0.4382623523634406f,-0.25357121745559386f,-0.03729717368826842f,-0.9665974128420556f,-0.9971418404053105f,0f,0f,0f,1f], start_interpolation: 0, interpolation_duration: 1 }
$data merge entity $(bone_leg_left_1) { transformation: [-0.8945684627356449f,-0.36850882824840575f,0.2528804242755298f,0.6489839859966027f,-0.37458186264607596f,0.9268418369246445f,0.025546770886888392f,0.4822190768424638f,-0.2437943675628732f,-0.07187108479171445f,-0.9671602005435712f,-0.47271804853252725f,0f,0f,0f,1f], start_interpolation: 0, interpolation_duration: 1 }
$data merge entity $(bone_leg_left_0) { transformation: [-0.8945684627356449f,-0.430653558295281f,0.11951894496856134f,0.3523228428259341f,-0.37458186264607596f,0.8683241170026716f,0.3251179109309835f,1.0348027021191113f,-0.2437943675628732f,0.24607060076153672f,-0.9380903825247731f,-0.16909782992084582f,0f,0f,0f,1f], start_interpolation: 0, interpolation_duration: 1 }
$data merge entity $(bone_tail_3) { transformation: [-1.1906421907456541f,0.13274018340780008f,0.5310345174576727f,-0.4879285632249795f,0.37460210366796765f,1.1245730166660572f,0.5587980274843372f,0.33908111666760576f,-0.399112614371148f,0.6595165011595362f,-1.0597138987266141f,-3.384576875927942f,0f,0f,0f,1f], start_interpolation: 0, interpolation_duration: 1 }
$data merge entity $(bone_tail_2) { transformation: [-0.9962598491107024f,0.08639825373453332f,0.001286390898498857f,-0.48955605287015447f,0.08619960786864955f,0.9927160574163727f,0.08416921617185186f,0.2524671828020608f,0.005995052394398348f,0.08396529699415162f,-0.9964506451638598f,-2.4096588664871836f,0f,0f,0f,1f], start_interpolation: 0, interpolation_duration: 1 }
$data merge entity $(bone_tail_1) { transformation: [-0.9772356000595428f,0.06518241856697835f,-0.20189560244350163f,-0.2885236693292911f,0.14523482716398878f,0.8992314804625249f,-0.4126615920143549f,0.7681435430673127f,0.15465260086694804f,-0.4325898714197257f,-0.8882277726969325f,-1.6236272431984151f,0f,0f,0f,1f], start_interpolation: 0, interpolation_duration: 1 }
$data merge entity $(bone_tail_0) { transformation: [-0.9450916363052906f,-0.19771245580030225f,-0.26021449576686134f,-0.0035879434478955875f,-0.15980938430176758f,0.9741387558782135f,-0.15973304287196255f,0.9203761680060195f,0.2850662373464777f,-0.10937764450498919f,-0.9522466966115776f,-0.5936260188853865f,0f,0f,0f,1f], start_interpolation: 0, interpolation_duration: 1 }
$data merge entity $(bone_body_2) { transformation: [-1.0207969790794122f,0.001833925436741394f,-0.008417758863429383f,1.613724741278962e-17f,0.002264403022594436f,1.0194804613495911f,-0.05248957848773741f,0.8424212367881692f,0.008312305681436183f,-0.05250638140608771f,-1.0194482232709718f,-0.131770625f,0f,0f,0f,1f], start_interpolation: 0, interpolation_duration: 1 }