# This file was generated by Animated Java via MC-Build. It is not recommended to edit this file directly.
$data merge entity $(bone_head_lower) { transformation: [-1.0961725319438183f,-0.0535779425240556f,0.07439881912213472f,-0.37001079441119805f,0.0238182149604153f,0.6955620842366692f,0.8518368855646254f,-0.6041008061816001f,-0.0885351503527191f,0.8504838570174216f,-0.6919817454996853f,3.8929699699747173f,0f,0f,0f,1f], start_interpolation: 0, interpolation_duration: 1 }
$data merge entity $(bone_horne_right) { transformation: [-0.7871551957496044f,0.16852402731724597f,-1.4667751712078505f,-0.6505566277156327f,-1.3483332942566006f,0.5951627236307632f,0.7919733031170921f,-0.17844818248394356f,0.6015206382612216f,1.5546137904533808f,-0.14419409533203453f,4.023196533247864f,0f,0f,0f,1f], start_interpolation: 0, interpolation_duration: 1 }
$data merge entity $(bone_horne_left) { transformation: [-0.6215393711135344f,-0.3898783305068058f,1.5037043427508145f,-0.0229430445511995f,1.3789421528343806f,0.6072959845960524f,0.7274291574309059f,-0.1920853014595293f,-0.7152974221559294f,1.5095130099954015f,0.09572420468378938f,4.073887333582313f,0f,0f,0f,1f], start_interpolation: 0, interpolation_duration: 1 }
$data merge entity $(bone_head_upper) { transformation: [-1.0961725319438183f,-0.011908474709029893f,0.09090637184479161f,-0.33203065122059744f,0.0238182149604153f,1.0162451503740595f,0.4203314013695684f,-0.6118111478192144f,-0.0885351503527191f,0.4208372400005852f,-1.0124512554097165f,3.875361369964874f,0f,0f,0f,1f], start_interpolation: 0, interpolation_duration: 1 }
$data merge entity $(bone_neck_0) { transformation: [-0.993265718199735f,-0.07651833098997898f,0.0869951611968883f,-0.28096099018494963f,0.050617617264552106f,0.38882158133280686f,0.9199215372586484f,-0.019716794771979518f,-0.10421645681764408f,0.9181300141659476f,-0.3823299716423139f,3.6753297354580594f,0f,0f,0f,1f], start_interpolation: 0, interpolation_duration: 1 }
$data merge entity $(bone_neck_1) { transformation: [-0.9949343002199689f,-0.03551557001618943f,0.09404457736746914f,-0.221636621987615f,0.033706908152217684f,0.7634975873775377f,0.6449304446306572f,0.37828947832245785f,-0.09470788028785516f,0.6448333725506957f,-0.7584328177605956f,3.1937616998459815f,0f,0f,0f,1f], start_interpolation: 0, interpolation_duration: 1 }
$data merge entity $(bone_neck_2) { transformation: [-0.9949343002199689f,0.017165777377263238f,0.09905086740071982f,-0.1766947209871923f,0.033706908152217684f,0.9852394442437584f,0.16783051524996284f,0.4767789946703844f,-0.09470788028785516f,0.17031903473565224f,-0.9808271222891916f,2.756686541843285f,0f,0f,0f,1f], start_interpolation: 0, interpolation_duration: 1 }
$data merge entity $(bone_arm_right_3) { transformation: [-0.9887798826513281f,-0.014626392525354297f,0.14866207420091687f,-0.996251033649857f,0.12452546746608982f,0.4689831626823375f,0.8743844698259591f,-0.5201252469592185f,-0.0825091002034103f,0.8830859877510038f,-0.46189975819592755f,2.5197223679100778f,0f,0f,0f,1f], start_interpolation: 0, interpolation_duration: 1 }
$data merge entity $(bone_arm_right_4) { transformation: [-0.7675334346360988f,0.5502554898023249f,-0.32880286291046135f,-0.860472069321609f,-0.16550756838109432f,0.32543437322461216f,0.9309670850961816f,-0.4529344785552312f,0.6192735030051661f,0.7689677266740824f,-0.1587103141242009f,2.447035881749078f,0f,0f,0f,1f], start_interpolation: 0, interpolation_duration: 1 }
$data merge entity $(bone_arm_right_2) { transformation: [-0.9887798826513281f,0.04135482030437487f,0.14354136164053036f,-0.9587361459514134f,0.12452546746608982f,0.7589475460321837f,0.6391338125338683f,-0.37355903340660074f,-0.0825091002034103f,0.6498372113147409f,-0.7555817938345941f,2.4349636566705963f,0f,0f,0f,1f], start_interpolation: 0, interpolation_duration: 1 }
$data merge entity $(bone_arm_right_1) { transformation: [-0.9404647451793717f,0.30270022368843896f,0.15459184213168342f,-0.780016084591344f,0.2127705376825545f,0.8789947103122094f,-0.4267282478784731f,0.1495821688977001f,-0.26505614757815893f,-0.3684302835301726f,-0.8910692255986067f,2.226978452135775f,0f,0f,0f,1f], start_interpolation: 0, interpolation_duration: 1 }
$data merge entity $(bone_arm_right_0) { transformation: [0.6027294706808993f,0.5054615642717433f,0.6174348485603032f,-0.5807909682295409f,0.40768483742354084f,0.47009544700010686f,-0.7828175675371055f,0.3690624484544991f,-0.6859375033541053f,0.7235460439762846f,0.07727136428590048f,2.555262923999139f,0f,0f,0f,1f], start_interpolation: 0, interpolation_duration: 1 }
$data merge entity $(bone_arm_left_3) { transformation: [-0.9967222683868374f,-0.08041726859639237f,-0.00881944518049913f,0.600035545502595f,-0.04809116355331307f,0.5013122176272531f,0.8639289903954688f,-0.5909248817306105f,-0.0650535140471646f,0.861521400412747f,-0.5035364107400512f,2.6029987714210594f,0f,0f,0f,1f], start_interpolation: 0, interpolation_duration: 1 }
$data merge entity $(bone_arm_left_4) { transformation: [-0.655578252716811f,-0.6306397032935135f,0.4153440973393522f,0.48148602974865967f,0.25762953643278874f,0.33023690154664825f,0.9080587044978401f,-0.5094416326225472f,-0.7098198197586472f,0.7023084461166175f,-0.054024716482945545f,2.5161636160258865f,0f,0f,0f,1f], start_interpolation: 0, interpolation_duration: 1 }
$data merge entity $(bone_arm_left_2) { transformation: [-0.9967222683868374f,-0.07959965191132215f,0.01444351471742563f,0.5859872362703725f,-0.04809116355331307f,0.7265542598840871f,0.685424063943173f,-0.43777226952377535f,-0.0650535140471646f,0.682482822391804f,-0.728000849896641f,2.522873973342719f,0f,0f,0f,1f], start_interpolation: 0, interpolation_duration: 1 }
$data merge entity $(bone_arm_left_1) { transformation: [-0.981930430649065f,-0.18120304903445927f,-0.05457182776814298f,0.47792268978271807f,-0.1489216473378202f,0.9178253659135185f,-0.3679931258052328f,0.10780200013984478f,0.1167688842094947f,-0.3532167220083598f,-0.9282257133769446f,2.3240117263983753f,0f,0f,0f,1f], start_interpolation: 0, interpolation_duration: 1 }
$data merge entity $(bone_arm_left_0) { transformation: [0.4623145367351447f,-0.5782153796374747f,-0.6722590600907203f,0.2456745437219769f,-0.4430583542201167f,0.5060878231934975f,-0.7399827092378773f,0.341612886309423f,0.7680915074905655f,0.6399547561866837f,-0.022211396959940177f,2.6190137649171925f,0f,0f,0f,1f], start_interpolation: 0, interpolation_duration: 1 }
$data merge entity $(bone_wing_right_2) { transformation: [-1.9538402686645815f,2.986720133901109f,-0.28768231671534655f,-1.803035061223167f,2.4525137312904883f,1.3918429324173827f,-2.2065130224785983f,4.003394157857984f,-1.728708960881667f,-1.40108035539928f,-2.805225344840928f,1.9839575292683167f,0f,0f,0f,1f], start_interpolation: 0, interpolation_duration: 1 }
$data merge entity $(bone_wing_right_1) { transformation: [-1.9687582527836438f,3.1373988243434066f,0.07771944418808431f,-1.1615460882894486f,2.203611723918407f,1.4472723862002883f,-2.602848202114651f,2.397081709591191f,-2.234593266168508f,-1.3369562483681858f,-2.6352346532412683f,1.7606432297200272f,0f,0f,0f,1f], start_interpolation: 0, interpolation_duration: 1 }
$data merge entity $(bone_wing_right_0) { transformation: [-0.867635249358614f,1.7318958643878768f,0.0406452824640702f,-0.3481519940838534f,1.2196614040927882f,0.6429650566938582f,-1.361223069609486f,0.6931454151036027f,-1.2302606973470394f,-0.5839853600791993f,-1.378160355610458f,2.3119757254791553f,0f,0f,0f,1f], start_interpolation: 0, interpolation_duration: 1 }
$data merge entity $(bone_wing_left_2) { transformation: [-2.405836731336655f,-2.6150605040990507f,0.44063391960768333f,1.818753225857428f,-2.175898965575296f,1.6064482658848072f,-2.346388230813543f,3.863145576433675f,1.515969453127592f,-1.8443244286169298f,-2.6685303236514124f,2.2902370507038117f,0f,0f,0f,1f], start_interpolation: 0, interpolation_duration: 1 }
$data merge entity $(bone_wing_left_1) { transformation: [-2.474956786138313f,-2.7526215592598438f,0.15160544563380077f,1.0986851979934298f,-2.033487237715984f,1.6852687317019095f,-2.5980992492385777f,2.3116076928381104f,1.8614078848264652f,-1.8188635480282038f,-2.6367056780877376f,1.9498706433557813f,0f,0f,0f,1f], start_interpolation: 0, interpolation_duration: 1 }
$data merge entity $(bone_wing_left_0) { transformation: [-1.150429582072299f,-1.5569623608141985f,0.07928577237331574f,0.07494104974813492f,-1.1430277341418509f,0.7753843246679869f,-1.3587394886591457f,0.6790931423446436f,1.0601441532525198f,-0.8535535168148788f,-1.3789296639993822f,2.3446117362271153f,0f,0f,0f,1f], start_interpolation: 0, interpolation_duration: 1 }
$data merge entity $(bone_body_0) { transformation: [-1.1957305518144439f,0.06448486316139349f,0.0769815138886073f,-0.10078556383961274f,0.03971403478566705f,1.148523453449001f,-0.34521395672629335f,0.09490733467284285f,-0.09223473585677096f,-0.34145509646311706f,-1.1466286121498952f,1.609363169095978f,0f,0f,0f,1f], start_interpolation: 0, interpolation_duration: 1 }
$data merge entity $(bone_body_1) { transformation: [-0.996491951109592f,-0.004587418190572416f,0.08356283245644071f,-0.0026143203988630045f,0.03309668382224699f,0.895494301655956f,0.4438406980231556f,0.689571827781414f,-0.0768661231868018f,0.44504933580003986f,-0.8922010355352512f,0.592719842093711f,0f,0f,0f,1f], start_interpolation: 0, interpolation_duration: 1 }
$data merge entity $(bone_leg_right_3) { transformation: [-0.8680794579076131f,0.2375428504022285f,-0.0033836343787515266f,-0.8429874401289138f,0.14563311175856147f,0.5422229875077841f,0.703409716010272f,-0.332102773841098f,0.18769403698131423f,0.6779141730639047f,-0.5614297128231985f,-0.8857739927980732f,0f,0f,0f,1f], start_interpolation: 0, interpolation_duration: 1 }
$data merge entity $(bone_leg_right_2) { transformation: [-0.9645327310084589f,0.21706980255797886f,-0.15019091727133085f,-0.7180178584208117f,0.16181456862062385f,0.9357720038910355f,0.31328390018619995f,0.20005985063315912f,0.20854892997923805f,0.2778694973385807f,-0.9377077829757622f,-0.7572132208715582f,0f,0f,0f,1f], start_interpolation: 0, interpolation_duration: 1 }
$data merge entity $(bone_leg_right_1) { transformation: [-0.8929785061652592f,0.42839376447007527f,-0.13808754502133733f,-0.6157266219578881f,0.35650309116607637f,0.8604615967573765f,0.3640211346814603f,0.05476464240157153f,0.27476341371422514f,0.2758344124087915f,-0.9210974125548296f,-0.23624842260508624f,0f,0f,0f,1f], start_interpolation: 0, interpolation_duration: 1 }
$data merge entity $(bone_leg_right_0) { transformation: [-0.8929785061652592f,0.34761569403235065f,-0.2859243200381341f,-0.3522959399505987f,0.35650309116607637f,0.934031446213653f,0.022154084794096314f,0.6945016517729465f,0.27476341371422514f,-0.08214978238826273f,-0.9579960750116184f,-0.15328717527382238f,0f,0f,0f,1f], start_interpolation: 0, interpolation_duration: 1 }
$data merge entity $(bone_leg_left_3) { transformation: [-0.8621639833531585f,-0.25713816726524275f,0.023520815123772798f,0.8702080561975372f,-0.13940582070364063f,0.5325455366451578f,0.7120121266897534f,-0.3403974821090854f,-0.21734599826672463f,0.6784358586740481f,-0.5499868204808619f,-0.916389141789615f,0f,0f,0f,1f], start_interpolation: 0, interpolation_duration: 1 }
$data merge entity $(bone_leg_left_2) { transformation: [-0.9579599815035094f,-0.1519652253355587f,0.24335004443498415f,0.7843535361019577f,-0.15489535633737847f,0.9879048989199402f,0.007165143062064366f,0.2126691762766965f,-0.24149555362969402f,-0.030829871532268627f,-0.9699120664258133f,-0.962090346140393f,0f,0f,0f,1f], start_interpolation: 0, interpolation_duration: 1 }
$data merge entity $(bone_leg_left_1) { transformation: [-0.8904517776258958f,-0.40942351015208645f,0.19866560109295864f,0.6501193161197405f,-0.3581394113933584f,0.8998108869938025f,0.24915161981059916f,0.13265256462988773f,-0.28077000147754566f,0.15070752131917933f,-0.9478688987872362f,-0.43430532203367456f,0f,0f,0f,1f], start_interpolation: 0, interpolation_duration: 1 }
$data merge entity $(bone_leg_left_0) { transformation: [-0.8904517776258958f,-0.42223502802143953f,0.16974455170819588f,0.3520747686017546f,-0.3581394113933584f,0.880329574316417f,0.31105626917118223f,0.6951479209590115f,-0.28077000147754566f,0.2161883939891555f,-0.9351100387519581f,-0.1509148568729942f,0f,0f,0f,1f], start_interpolation: 0, interpolation_duration: 1 }
$data merge entity $(bone_tail_3) { transformation: [-1.1722041154388898f,-0.03043041456638482f,0.58502815575295f,0.8089992896238982f,0.2473383934534395f,1.1605971338082288f,0.5559536433249137f,0.7732501520278503f,-0.5310439457128303f,0.6077291537121546f,-1.0324262902775707f,-3.4409455891904965f,0f,0f,0f,1f], start_interpolation: 0, interpolation_duration: 1 }
$data merge entity $(bone_tail_2) { transformation: [-0.9693722466837738f,-0.07220565173733817f,0.23474196730972338f,0.5795535010956339f,-0.02582646184707708f,0.9804752531740883f,0.19493914892003794f,0.5782723458646088f,-0.24423439812547798f,0.1829060462926075f,-0.9523103154969456f,-2.50965184786902f,0f,0f,0f,1f], start_interpolation: 0, interpolation_duration: 1 }
$data merge entity $(bone_tail_1) { transformation: [-0.9433628844464746f,0.01335419799487117f,0.33149379126122575f,0.26594311936047355f,-0.006050780219189802f,0.9983307999375794f,-0.05743693893942978f,0.7694857334138716f,-0.331707486058977f,-0.05618967246662415f,-0.9417074197438008f,-1.6212443909730427f,0f,0f,0f,1f], start_interpolation: 0, interpolation_duration: 1 }
$data merge entity $(bone_tail_0) { transformation: [-0.95480796749874f,-0.16349022343908545f,0.2482190404476719f,0.0014302474699216588f,-0.13495869400938754f,0.9825461688779624f,0.12802022080327408f,0.6109790720680792f,-0.26481672173827236f,0.08873540929683288f,-0.9602073375186829f,-0.5867521285665771f,0f,0f,0f,1f], start_interpolation: 0, interpolation_duration: 1 }
$data merge entity $(bone_body_2) { transformation: [-1.0208271138439902f,-0.0010095884717917529f,0.003417428347596531f,1.613724741278962e-17f,-0.0009366220087897002f,1.020601613134379f,0.021729345391897147f,0.4996685366059671f,-0.003438142609895918f,0.02172607748916808f,-1.0205963213615719f,-0.131770625f,0f,0f,0f,1f], start_interpolation: 0, interpolation_duration: 1 }