# This file was generated by Animated Java via MC-Build. It is not recommended to edit this file directly.
$data merge entity $(bone_head_lower) { transformation: [-1.096493357939055f,-0.046014057773616106f,0.07473300798671038f,-0.34385805597318514f,0.028219038062770967f,0.7020968345055243f,0.8463236501883511f,-0.584313338533125f,-0.08310235788680896f,0.8455428679047142f,-0.6986782211069155f,3.89969247460867f,0f,0f,0f,1f], start_interpolation: 0, interpolation_duration: 1 }
$data merge entity $(bone_horne_right) { transformation: [-0.7902345655981797f,0.1792724533905508f,-1.463842126610595f,-0.6217685522044443f,-1.339995164118027f,0.606331113213704f,0.7976331200119346f,-0.15637379882469565f,0.6159426469443393f,1.5490858663918552f,-0.14279596307612177f,4.028061415033315f,0f,0f,0f,1f], start_interpolation: 0, interpolation_duration: 1 }
$data merge entity $(bone_horne_left) { transformation: [-0.6188722957014899f,-0.3792933367281178f,1.5075067824648283f,0.0060287198835616285f,1.3762595334966667f,0.620706201925182f,0.7211633380876992f,-0.1725306090675352f,-0.7227377331531442f,1.5067526102369648f,0.08240020310283445f,4.075641670041408f,0f,0f,0f,1f], start_interpolation: 0, interpolation_duration: 1 }
$data merge entity $(bone_head_upper) { transformation: [-1.096493357939055f,-0.00506553634357932f,0.0876165300447768f,-0.3060050647017615f,0.028219038062770967f,1.0195006931721844f,0.41209467663662874f,-0.5923351341741084f,-0.08310235788680896f,0.4130286636094251f,-1.0161207217406134f,3.881949721559785f,0f,0f,0f,1f], start_interpolation: 0, interpolation_duration: 1 }
$data merge entity $(bone_neck_0) { transformation: [-0.9950958167633847f,-0.06605822373919767f,0.07362490432207215f,-0.26285383112639754f,0.04169984995387955f,0.3947928164204493f,0.9178233787699206f,-0.0012994949496796249f,-0.08969636544384677f,0.9163923522046828f,-0.3901020620900797f,3.6769830603690377f,0f,0f,0f,1f], start_interpolation: 0, interpolation_duration: 1 }
$data merge entity $(bone_neck_1) { transformation: [-0.9959463568549068f,-0.02955878895444753f,0.08495370658767606f,-0.2092861959186372f,0.031900067411497854f,0.7670041520935307f,0.6408486688528156f,0.39411473174960465f,-0.08410255624284209f,0.6409609260062819f,-0.7629520636098899f,3.1926131141607f,0f,0f,0f,1f], start_interpolation: 0, interpolation_duration: 1 }
$data merge entity $(bone_neck_2) { transformation: [-0.9959463568549068f,0.01731437279282454f,0.0882670196745626f,-0.16919006319239932f,0.031900067411497854f,0.9855044269675166f,0.16662355813800273f,0.49206769947085477f,-0.08410255624284209f,0.16876384957157614f,-0.9820618733619599f,2.754946381024559f,0f,0f,0f,1f], start_interpolation: 0, interpolation_duration: 1 }
$data merge entity $(bone_arm_right_3) { transformation: [-0.9846930832217037f,-0.008252533970426384f,0.1741017735073424f,-0.9998147973304785f,0.14350059348209457f,0.5285711036351852f,0.8366720791756879f,-0.5006614675371504f,-0.09892983132312379f,0.8488489171136108f,-0.519296066217942f,2.5267118951257013f,0f,0f,0f,1f], start_interpolation: 0, interpolation_duration: 1 }
$data merge entity $(bone_arm_right_4) { transformation: [-0.7943870714658373f,0.5239166166231468f,-0.307344366328855f,-0.8617070090770671f,-0.14159529780151037f,0.33232354580028645f,0.932476183367289f,-0.43878961272100486f,0.5906775366716026f,0.7842655415947329f,-0.1898093989735184f,2.453691595286794f,0f,0f,0f,1f], start_interpolation: 0, interpolation_duration: 1 }
$data merge entity $(bone_arm_right_2) { transformation: [-0.9846930832217037f,0.050458700323920774f,0.16683360398000086f,-0.9580239448486999f,0.14350059348209457f,0.7779856093596935f,0.611674726713073f,-0.3577000919751929f,-0.09892983132312379f,0.626252593759776f,-0.7733179018253307f,2.437893931675533f,0f,0f,0f,1f], start_interpolation: 0, interpolation_duration: 1 }
$data merge entity $(bone_arm_right_1) { transformation: [-0.9389519762731843f,0.3097632527230345f,0.14971944935487555f,-0.7750850971269869f,0.22013707554997253f,0.8753438085340144f,-0.43047983092065056f,0.16331148234108717f,-0.2644028256675551f,-0.37124108625475644f,-0.8900961755088048f,2.2282376877688677f,0f,0f,0f,1f], start_interpolation: 0, interpolation_duration: 1 }
$data merge entity $(bone_arm_right_0) { transformation: [0.6053939416737946f,0.5098606272648512f,0.6111794467664622f,-0.5738132282456032f,0.4023038067904475f,0.46655313241240937f,-0.7877054155444678f,0.38142679964072496f,-0.686767662624399f,0.7227519044604873f,0.07732956855018919f,2.556183228562741f,0f,0f,0f,1f], start_interpolation: 0, interpolation_duration: 1 }
$data merge entity $(bone_arm_left_3) { transformation: [-0.9966140212276258f,-0.07454575184366412f,-0.03469039599896838f,0.6197583202871526f,-0.06981738409811508f,0.5444009299752027f,0.8359145652037836f,-0.5725913099017652f,-0.04342839589713929f,0.8355061689324609f,-0.5477621893719977f,2.6025032976788687f,0f,0f,0f,1f], start_interpolation: 0, interpolation_duration: 1 }
$data merge entity $(bone_arm_left_4) { transformation: [-0.6929089217205618f,-0.6023126895480503f,0.3963541979208032f,0.49784566013427783f,0.2383681320547705f,0.32744286218420204f,0.9143094692856117f,-0.4957834362378147f,-0.6804835485305789f,0.7280113982720411f,-0.0833159298406963f,2.5160642693359065f,0f,0f,0f,1f], start_interpolation: 0, interpolation_duration: 1 }
$data merge entity $(bone_arm_left_2) { transformation: [-0.9966140212276258f,-0.0809842021126124f,-0.014214489110971895f,0.6009572018506063f,-0.06981738409811508f,0.742201527672167f,0.6665301382524257f,-0.4218748118590502f,-0.04342839589713929f,0.6652656997991746f,-0.745342554199421f,2.5188127005461474f,0f,0f,0f,1f], start_interpolation: 0, interpolation_duration: 1 }
$data merge entity $(bone_arm_left_1) { transformation: [-0.9797836365282279f,-0.1922139981096656f,-0.05547796429412133f,0.48640281788960005f,-0.1592577331042872f,0.9172022956162003f,-0.3652080548986504f,0.12328587680325076f,0.12108261658060548f,-0.3489895812872781f,-0.9292713662407365f,2.3224646935817574f,0f,0f,0f,1f], start_interpolation: 0, interpolation_duration: 1 }
$data merge entity $(bone_arm_left_0) { transformation: [0.4701843868751576f,-0.5810415285428399f,-0.6643172317857127f,0.2528440218461391f,-0.4364307083573006f,0.501166241938837f,-0.7472353275532733f,0.35519788645551253f,0.7671081274120206f,0.6412668243792932f,-0.0179438236984214f,2.6179305006391744f,0f,0f,0f,1f], start_interpolation: 0, interpolation_duration: 1 }
$data merge entity $(bone_wing_right_2) { transformation: [-1.2950715006626794f,3.32702645164458f,-0.27282754128724596f,-1.6476779182182208f,2.7718373200512096f,0.9086772218800271f,-2.076529230871546f,4.066597889762544f,-1.8602305632364218f,-0.9622633556100563f,-2.9041937874576207f,1.8873889635650376f,0f,0f,0f,1f], start_interpolation: 0, interpolation_duration: 1 }
$data merge entity $(bone_wing_right_1) { transformation: [-1.6186119007165722f,3.3313513473065597f,0.08668603438535186f,-1.113022038678803f,2.3194669025201886f,1.195398686828996f,-2.6299079870864146f,2.414706976435756f,-2.3927995227080956f,-1.0947332703568875f,-2.6079475193725874f,1.723021809980521f,0f,0f,0f,1f], start_interpolation: 0, interpolation_duration: 1 }
$data merge entity $(bone_wing_right_0) { transformation: [-0.8195741464173845f,1.7550353969046872f,0.045334579912280445f,-0.3420197062014156f,1.2225014286988776f,0.6064165990996294f,-1.3753746453841744f,0.702233165000347f,-1.2600375888652766f,-0.5531870515007079f,-1.3638898821747065f,2.3077997315053818f,0f,0f,0f,1f], start_interpolation: 0, interpolation_duration: 1 }
$data merge entity $(bone_wing_left_2) { transformation: [-1.771915435114249f,-3.072814555571271f,0.4887499022296253f,1.6758304070220735f,-2.5738508344889794f,1.1315442708108288f,-2.2171264091277747f,3.9481874512768833f,1.7482441596243117f,-1.448505553776297f,-2.7687946995172754f,2.155201873387494f,0f,0f,0f,1f], start_interpolation: 0, interpolation_duration: 1 }
$data merge entity $(bone_wing_left_1) { transformation: [-2.136112429225316f,-3.0240194849309f,0.13285555075862035f,1.0556932797922625f,-2.1878853290570874f,1.4301357296390886f,-2.6254885896926745f,2.3388733894575147f,2.091770118704701f,-1.5922746944129738f,-2.610455864581165f,1.8960585653574422f,0f,0f,0f,1f], start_interpolation: 0, interpolation_duration: 1 }
$data merge entity $(bone_wing_left_0) { transformation: [-1.0926557249956168f,-1.5984937404812474f,0.06948005668228444f,0.0811714942652939f,-1.1555854741997136f,0.7302227908346398f,-1.3730634135262259f,0.6888057798820828f,1.1066308907910196f,-0.8157810290684263f,-1.3652016825946027f,2.3394100539124865f,0f,0f,0f,1f], start_interpolation: 0, interpolation_duration: 1 }
$data merge entity $(bone_body_0) { transformation: [-1.1960079586135166f,0.06298477380111146f,0.07385042181566437f,-0.09639736032822709f,0.03794799950259381f,1.1437506961907986f,-0.3609020613640415f,0.09450140868111734f,-0.08933597185277536f,-0.357383920780281f,-1.1419946676323993f,1.612763666509141f,0f,0f,0f,1f], start_interpolation: 0, interpolation_duration: 1 }
$data merge entity $(bone_body_1) { transformation: [-0.9967231350013472f,-0.004153427276976889f,0.0807820598582444f,-0.0014706252971801413f,0.0316249141645364f,0.899180742397632f,0.4364331074807788f,0.6807244295575443f,-0.07445036572893259f,0.43755770081567325f,-0.8961028967142837f,0.5909228807152496f,0f,0f,0f,1f], start_interpolation: 0, interpolation_duration: 1 }
$data merge entity $(bone_leg_right_3) { transformation: [-0.8678566164802424f,0.2383523671438067f,-0.003611413630345464f,-0.8402546191733029f,0.1480469944444994f,0.549611648301106f,0.6971435458266049f,-0.35422431893899076f,0.18683409931652153f,0.6716510888316085f,-0.5691905078301103f,-0.8635020118381806f,0f,0f,0f,1f], start_interpolation: 0, interpolation_duration: 1 }
$data merge entity $(bone_leg_right_2) { transformation: [-0.9642851294224916f,0.2196578309519931f,-0.1480021164582262f,-0.7137755058104471f,0.16449666049388822f,0.9346093904159243f,0.3153508142255741f,0.17732247662729642f,0.20759344368502392f,0.27974224680559007f,-0.9373629166396296f,-0.733874216500428f,0f,0f,0f,1f], start_interpolation: 0, interpolation_duration: 1 }
$data merge entity $(bone_leg_right_1) { transformation: [-0.8924244995544055f,0.42974875143753f,-0.13745735059629588f,-0.6117442202382521f,0.35943275688870524f,0.8612845933922958f,0.35916144344911605f,0.03473634932807956f,0.27273908020387155f,0.2711177969498714f,-0.9230972507307096f,-0.21211054519770411f,0f,0f,0f,1f], start_interpolation: 0, interpolation_duration: 1 }
$data merge entity $(bone_leg_right_0) { transformation: [-0.8924244995544055f,0.3395254876345574f,-0.2971547674892412f,-0.35224548229714364f,0.35943275688870524f,0.9330756532656943f,-0.01333861155378736f,0.6788581653877175f,0.27273908020387155f,-0.1187108610419194f,-0.9547361549665082f,-0.15458468124050906f,0f,0f,0f,1f], start_interpolation: 0, interpolation_duration: 1 }
$data merge entity $(bone_leg_left_3) { transformation: [-0.8628834354069074f,-0.2550377960099066f,0.019695164553336156f,0.8656106404304087f,-0.14147897428221742f,0.5335676421452618f,0.710837021469477f,-0.3649583560943539f,-0.21311001087800943f,0.6784255993563003f,-0.551654628732162f,-0.8965562236383019f,0f,0f,0f,1f], start_interpolation: 0, interpolation_duration: 1 }
$data merge entity $(bone_leg_left_2) { transformation: [-0.9587593726743415f,-0.151350213754022f,0.24056927922267052f,0.7800187697989195f,-0.1571988603135749f,0.9875533111914958f,-0.005193830072887623f,0.18755499098613573f,-0.23678890097556604f,-0.04279684978272086f,-0.9706180742307753f,-0.9489524095461115f,0f,0f,0f,1f], start_interpolation: 0, interpolation_duration: 1 }
$data merge entity $(bone_leg_left_1) { transformation: [-0.8910132119747469f,-0.41058441158420883f,0.1936902089691008f,0.6484329110449294f,-0.3603531906734537f,0.8991538903294339f,0.24833014210301943f,0.1079465626691366f,-0.2761177901872791f,0.1514685527411332f,-0.9491133986371705f,-0.4204392351200881f,0f,0f,0f,1f], start_interpolation: 0, interpolation_duration: 1 }
$data merge entity $(bone_leg_left_0) { transformation: [-0.8910132119747469f,-0.41834718386590436f,0.17629829788716653f,0.3521281598608144f,-0.3603531906734537f,0.887946707918748f,0.28582550947688184f,0.6792216932491827f,-0.2761177901872791f,0.19114465110937548f,-0.9419249908004188f,-0.15325025041546628f,0f,0f,0f,1f], start_interpolation: 0, interpolation_duration: 1 }
$data merge entity $(bone_tail_3) { transformation: [-1.23901725310713f,-0.03380752348657755f,0.42537012032442584f,0.8378564919367307f,0.15231190187188565f,1.185226373509923f,0.5378531114448776f,0.7921592542928041f,-0.39860227352246885f,0.5579802293078772f,-1.1167008250424542f,-3.435744101490502f,0f,0f,0f,1f], start_interpolation: 0, interpolation_duration: 1 }
$data merge entity $(bone_tail_2) { transformation: [-0.9757792968001113f,-0.09651942128716381f,0.19631292685575077f,0.6461268097838161f,-0.06035760898981194f,0.981354368106297f,0.18248441915879837f,0.6093677660076369f,-0.21026583881675437f,0.16621553932494407f,-0.9634109567124534f,-2.4935144329986967f,0f,0f,0f,1f], start_interpolation: 0, interpolation_duration: 1 }
$data merge entity $(bone_tail_1) { transformation: [-0.9344200111727159f,-0.0160184722803718f,0.35581266316108634f,0.3053577057290887f,-0.02531308071694289f,0.9994487435559393f,-0.021481549038005976f,0.7665202728678078f,-0.3552724175398355f,-0.02907950395480774f,-0.9343103830018925f,-1.6084374036459865f,0f,0f,0f,1f], start_interpolation: 0, interpolation_duration: 1 }
$data merge entity $(bone_tail_0) { transformation: [-0.943811255935509f,-0.16667662834941155f,0.2853755678601613f,0.0008086308684006774f,-0.12981522501531284f,0.9810738164823177f,0.1436738458002828f,0.591149501690487f,-0.30392156969136147f,0.09855489929421005f,-0.9475856749135917f,-0.5877706530932922f,0f,0f,0f,1f], start_interpolation: 0, interpolation_duration: 1 }
$data merge entity $(bone_body_2) { transformation: [-1.020831365446316f,-0.0005499688808787086f,0.0019275112670388242f,1.613724741278962e-17f,-0.0005268519731379424f,1.0207600229980267f,0.012222615125695916f,0.4840814392468902f,-0.0019339577174533186f,0.012221596775485392f,-1.0207583390912116f,-0.131770625f,0f,0f,0f,1f], start_interpolation: 0, interpolation_duration: 1 }