execute if entity @s[tag=aj.convict.bone.left_leg_2] run data modify entity @s {} merge value {transformation:[-0.23685101878944173f,-0.3511899548713777f,0.9058516492758862f,-0.0020617397406561405f,-0.3695359201461605f,0.8948676917127807f,0.2503098440940149f,0.5423142498953367f,-0.8985236772729666f,-0.2754585811443879f,-0.34172762758341135f,0.22718025369197434f,0f,0f,0f,1f],start_interpolation:0}
execute if entity @s[tag=aj.convict.bone.left_leg] run data modify entity @s {} merge value {transformation:[-0.5210590511179443f,0.1256369380271105f,0.8442232080742863f,0.037199803392815894f,-0.43153533830093654f,0.8145944003349225f,-0.38757349592107593f,0.796875f,-0.7363930452180845f,-0.5662608257209394f,-0.37023500672988263f,0.050223745654180786f,0f,0f,0f,1f],start_interpolation:0}
execute if entity @s[tag=aj.convict.bone.right_leg_2] run data modify entity @s {} merge value {transformation:[-0.5862786715099881f,-0.1483582915285397f,0.7964089004193865f,-0.07557386174257771f,0.022301026794242f,0.9797598058504602f,0.1989306086146401f,0.4882636364142822f,-0.8098024348792773f,0.13438950916869016f,-0.5711037351383658f,-0.18409931087742262f,0f,0f,0f,1f],start_interpolation:0}
execute if entity @s[tag=aj.convict.bone.right_leg] run data modify entity @s {} merge value {transformation:[-0.6389682775374286f,-0.11528175499478392f,0.7605456312846549f,-0.11159941017844768f,0.008726649068923297f,0.9875563634742969f,0.15702316567134386f,0.796875f,-0.7691835840011666f,0.1069698365276168f,-0.6300111651204091f,-0.15067123696254237f,0f,0f,0f,1f],start_interpolation:0}
execute if entity @s[tag=aj.convict.bone.head] run data modify entity @s {} merge value {transformation:[-0.704107215190465f,0.18239203763479905f,0.6862697531759319f,-0.037199803392815894f,0.23245468378084078f,0.9724027672815894f,-0.019941869808430893f,1.697916875f,-0.6709678453585369f,0.1454854040463618f,-0.7270736879466821f,-0.050223745654180786f,0f,0f,0f,1f],start_interpolation:0}
execute if entity @s[tag=aj.convict.bone.left_axe] run data modify entity @s {} merge value {transformation:[-0.39370041940201206f,-2.183901039128016f,-0.4907804878523552f,0.8821103413570673f,-2.092443781442618f,0.18210078960021187f,0.868220928178676f,0.894488102745286f,-0.794964312068877f,0.6022497903037369f,-2.042208654573353f,1.5770341723778996f,0f,0f,0f,1f],start_interpolation:0}
execute if entity @s[tag=aj.convict.bone.left_arm_2] run data modify entity @s {} merge value {transformation:[-0.48253561362384423f,-0.48101813974404906f,0.7319705805712649f,0.3554607147058869f,-0.8652084970607719f,0.39180757282559675f,-0.31289148676554757f,1.37822093510273f,-0.13628513564765676f,-0.7842884514728551f,-0.6052420893227854f,0.6219910527926384f,0f,0f,0f,1f],start_interpolation:0}
execute if entity @s[tag=aj.convict.bone.left_arm] run data modify entity @s {} merge value {transformation:[-0.48253561362384423f,-0.48101813974404906f,0.7319705805712649f,0.07276871667937121f,-0.8652084970607719f,0.39180757282559675f,-0.31289148676554757f,1.5f,-0.13628513564765676f,-0.7842884514728551f,-0.6052420893227854f,0.30828974724829417f,0f,0f,0f,1f],start_interpolation:0}
execute if entity @s[tag=aj.convict.bone.right_axe] run data modify entity @s {} merge value {transformation:[-0.38239019453156303f,0.008736484763987362f,0.9239596381661279f,-0.3806331297700878f,0.6204558024209216f,0.7434098328686692f,0.2497527129710258f,0.7373080578772779f,-0.6846987194148414f,0.6687791072006855f,-0.289693233271905f,-0.8256944034576181f,0f,0f,0f,1f],start_interpolation:0}
execute if entity @s[tag=aj.convict.bone.right_arm_2] run data modify entity @s {} merge value {transformation:[-0.38239019453156303f,0.5694021090463053f,0.7277080302839407f,-0.12204008819437742f,0.6204558024209216f,0.7418264925587541f,-0.2544170831139038f,1.138146248199034f,-0.6846987194148414f,0.35422407195389227f,-0.6369560192666995f,-0.6568981734264542f,0f,0f,0f,1f],start_interpolation:0}
execute if entity @s[tag=aj.convict.bone.right_arm] run data modify entity @s {} merge value {transformation:[-0.11404417205037681f,0.049307653218581576f,0.9922513200572827f,-0.147168323465003f,0.4090390989073746f,0.9125153342024055f,0.0016674563008270138f,1.5f,-0.9053623265778111f,0.40605974951914187f,-0.12423581381415214f,-0.4087372385566558f,0f,0f,0f,1f],start_interpolation:0}
execute if entity @s[tag=aj.convict.bone.body] run data modify entity @s {} merge value {transformation:[-0.29324938685916563f,0f,0.9560359810732666f,-0.037199803392815894f,0f,1f,0f,0.875f,-0.9560359810732666f,0f,-0.29324938685916563f,-0.050223745654180786f,0f,0f,0f,1f],start_interpolation:0}