execute if entity @s[tag=aj.convict.bone.left_leg_2] run data modify entity @s {} merge value {transformation:[-0.8684375821816733f,-0.14989385614298106f,0.4725970775883369f,0.009470295053409336f,-0.04596827894424988f,0.9734408821569935f,0.22427609385825736f,0.5021425246761062f,-0.49366292466150713f,0.173045314400597f,-0.8522630086884246f,0.12692611070863358f,0f,0f,0f,1f],start_interpolation:0}
execute if entity @s[tag=aj.convict.bone.left_leg] run data modify entity @s {} merge value {transformation:[-0.8543636854457392f,0.14007735981255795f,0.5004408319267295f,0.0532444699948337f,-0.03873345175733357f,0.9431439210364604f,-0.33012007501352186f,0.796875f,-0.5182300769991416f,-0.3014264047490103f,-0.8003622366238611f,0.03273035922456785f,0f,0f,0f,1f],start_interpolation:0}
execute if entity @s[tag=aj.convict.bone.right_leg_2] run data modify entity @s {} merge value {transformation:[-0.8826183901909751f,-0.13657799577583152f,0.4498124368740252f,-0.12330056508443069f,0.006759471101808412f,0.9530779548290963f,0.30264950283985415f,0.49519793704647397f,-0.470041579913007f,0.27016451115689494f,-0.8402809352021742f,-0.1711283623792757f,0f,0f,0f,1f],start_interpolation:0}
execute if entity @s[tag=aj.convict.bone.right_leg] run data modify entity @s {} merge value {transformation:[-0.8797008334002403f,-0.11658510368022527f,0.4610144870986095f,-0.15973340998450108f,0.008710851250636973f,0.9653666014512834f,0.26075169390224145f,0.796875f,-0.4754477518985783f,0.23339931105783085f,-0.8482182483372531f,-0.09819107767370355f,0f,0f,0f,1f],start_interpolation:0}
execute if entity @s[tag=aj.convict.bone.head] run data modify entity @s {} merge value {transformation:[-0.5189784093965759f,0.313330451017903f,-0.7952895315827546f,-0.0532444699948337f,-0.021972846079545583f,0.9251970065414611f,0.3788504891403522f,1.697916875f,0.8545048885848252f,0.2140899987193165f,-0.47327250906110996f,-0.03273035922456785f,0f,0f,0f,1f],start_interpolation:0}
execute if entity @s[tag=aj.convict.bone.left_axe] run data modify entity @s {} merge value {transformation:[-0.513924319584516f,0.5335316590205071f,-0.671733401404469f,1.313199714907136f,-0.2304767767673056f,0.6683871251315057f,0.70720513737486f,1.520159359149046f,0.8262942872309753f,0.5182688682346897f,-0.2205337414279001f,-1.4108285911921121f,0f,0f,0f,1f],start_interpolation:0}
execute if entity @s[tag=aj.convict.bone.left_arm_2] run data modify entity @s {} merge value {transformation:[0.2999967014617244f,-0.6641418930708626f,-0.6847755289000446f,0.508685961577241f,-0.9142806922610086f,0.0046529703048357645f,-0.40505452179437923f,1.5401532694569313f,0.2721999171028821f,0.7475920650566009f,-0.6058162340129147f,-0.5828079737145935f,0f,0f,0f,1f],start_interpolation:0}
execute if entity @s[tag=aj.convict.bone.left_arm] run data modify entity @s {} merge value {transformation:[0.272393197927101f,-0.6759514844184368f,-0.6847565526780732f,0.2760854014387658f,-0.9235451940043783f,0.015979716294031943f,-0.3831565258462626f,1.5f,0.2699374378526673f,0.7367728546707418f,-0.6199189787914733f,-0.21208151138570897f,0f,0f,0f,1f],start_interpolation:0}
execute if entity @s[tag=aj.convict.bone.right_axe] run data modify entity @s {} merge value {transformation:[-0.8138073343432903f,0.22619392906128705f,-0.5353073220355624f,-0.3416678851474064f,0.1652938003588851f,0.9731905681121162f,0.15993147814152603f,0.6113847707441791f,0.5571315662677756f,0.041670428284741934f,-0.8293780761960018f,0.3064230324852387f,0f,0f,0f,1f],start_interpolation:0}
execute if entity @s[tag=aj.convict.bone.right_arm_2] run data modify entity @s {} merge value {transformation:[-0.8138073343432903f,-0.14642274114682957f,-0.5623859915077156f,-0.4314024001323732f,0.1652938003588851f,0.8694441031285846f,-0.4655587085404462f,1.0655055660423451f,0.5571315662677756f,-0.47183400938251524f,-0.6833572165844415f,0.10208066452718415f,0f,0f,0f,1f],start_interpolation:0}
execute if entity @s[tag=aj.convict.bone.right_arm] run data modify entity @s {} merge value {transformation:[-0.9468753203434969f,-0.08866383608233888f,-0.3091372703113686f,-0.38257434142843316f,-0.0949361264631289f,0.9954693926450418f,0.0052744856705184175f,1.5f,0.3072690345878947f,0.034342575297665864f,-0.9510028012079391f,0.14662079293657326f,0f,0f,0f,1f],start_interpolation:0}
execute if entity @s[tag=aj.convict.bone.body] run data modify entity @s {} merge value {transformation:[-0.8782129904895987f,0f,-0.4782697390963763f,-0.0532444699948337f,0f,1f,0f,0.875f,0.4782697390963763f,0f,-0.8782129904895987f,-0.03273035922456785f,0f,0f,0f,1f],start_interpolation:0}