execute if entity @s[tag=aj.convict.bone.left_leg_2] run data modify entity @s {} merge value {transformation:[-0.3469286286890448f,-0.4026871310226354f,0.8470440372877301f,0.043660668290800314f,-0.4332414112906714f,0.8698129339643459f,0.23606638780479478f,0.5585589661138848f,-0.8318307557062352f,-0.28507636593919067f,-0.4762237493490832f,0.24311048045084507f,0f,0f,0f,1f],start_interpolation:0}
execute if entity @s[tag=aj.convict.bone.left_leg] run data modify entity @s {} merge value {transformation:[-0.6419659814465788f,0.011243043679049158f,0.7666506848846883f,0.047174119440503176f,-0.4903961831186482f,0.7626113084355686f,-0.421824105319802f,0.796875f,-0.5893990687539233f,-0.6467592954222003f,-0.4840569713752575f,0.04099820063140747f,0f,0f,0f,1f],start_interpolation:0}
execute if entity @s[tag=aj.convict.bone.right_leg_2] run data modify entity @s {} merge value {transformation:[-0.7367857716259212f,-0.10218734993521289f,0.6683595381550369f,-0.11785413150444797f,0.02357844768105118f,0.9840283750403116f,0.17644323143854457f,0.48723456365119894f,-0.6757150165081045f,0.14575974282613913f,-0.7226086865217646f,-0.1579068521376572f,0f,0f,0f,1f],start_interpolation:0}
execute if entity @s[tag=aj.convict.bone.right_leg] run data modify entity @s {} merge value {transformation:[-0.7900905528165628f,-0.07573832581459698f,0.608293205907168f,-0.14152235832150953f,0.00871546291487453f,0.9908493963161634f,0.13469043962387997f,0.796875f,-0.6129281842566857f,0.11171920077899125f,-0.7822006527235231f,-0.12299460189422243f,0f,0f,0f,1f],start_interpolation:0}
execute if entity @s[tag=aj.convict.bone.head] run data modify entity @s {} merge value {transformation:[-0.7794636710322426f,0.24720641447770433f,0.575608698841511f,-0.047174119440503176f,0.28574737391141114f,0.9579922046278937f,-0.024482119494030896f,1.697916875f,-0.5574807833851065f,0.14539575135905874f,-0.8173587043905892f,-0.04099820063140747f,0f,0f,0f,1f],start_interpolation:0}
execute if entity @s[tag=aj.convict.bone.left_axe] run data modify entity @s {} merge value {transformation:[-0.21716900443912135f,-2.303660970441123f,-1.6087673906154862f,1.3306772923645775f,-2.7958617901521587f,0.01663600377238872f,0.3535941940646422f,1.299241319965018f,-0.27954111362849615f,1.6232738946263274f,-2.2866979225832584f,1.6207903892183249f,0f,0f,0f,1f],start_interpolation:0}
execute if entity @s[tag=aj.convict.bone.left_arm_2] run data modify entity @s {} merge value {transformation:[-0.3516437731077388f,-0.6612096822667692f,0.6626827392585618f,0.457946917439193f,-0.9233437819717166f,0.12836232296443584f,-0.3618830948487938f,1.493018105372468f,0.15421711036302155f,-0.739137923610913f,-0.6556616602726042f,0.5689486923649996f,0f,0f,0f,1f],start_interpolation:0}
execute if entity @s[tag=aj.convict.bone.left_arm] run data modify entity @s {} merge value {transformation:[-0.3516437731077388f,-0.6612096822667692f,0.6626827392585618f,0.11130333479487009f,-0.9233437819717166f,0.12836232296443584f,-0.3618830948487938f,1.5f,0.15421711036302155f,-0.739137923610913f,-0.6556616602726042f,0.298869268390085f,0f,0f,0f,1f],start_interpolation:0}
execute if entity @s[tag=aj.convict.bone.right_axe] run data modify entity @s {} merge value {transformation:[-0.5025596497392606f,0.2735168336732255f,0.8201355620574715f,-0.5612788326686395f,0.7413197622029988f,0.6244383197286877f,0.24601177821743136f,0.8206205968575921f,-0.44483570969655883f,0.7316182929313524f,-0.5165809373437744f,-0.8134463886040576f,0f,0f,0f,1f],start_interpolation:0}
execute if entity @s[tag=aj.convict.bone.right_arm_2] run data modify entity @s {} merge value {transformation:[-0.5025596497392606f,0.7162623903595122f,0.48415078912507126f,-0.22753485402116513f,0.7413197622029988f,0.6451627084232207f,-0.1849596978460546f,1.1753611659435994f,-0.44483570969655883f,0.2659572668991993f,-0.8552122096662715f,-0.6763046057455102f,0f,0f,0f,1f],start_interpolation:0}
execute if entity @s[tag=aj.convict.bone.right_arm] run data modify entity @s {} merge value {transformation:[-0.21947127114320725f,0.1372213926778536f,0.965920623309356f,-0.20565157367587644f,0.5318247515759f,0.846854267710038f,0.0005318576195917982f,1.5f,-0.8179210198754016f,0.5138172230013758f,-0.25883791567917047f,-0.3808656696528999f,0f,0f,0f,1f],start_interpolation:0}
execute if entity @s[tag=aj.convict.bone.body] run data modify entity @s {} merge value {transformation:[-0.42260654462766206f,0f,0.90631325072398f,-0.047174119440503176f,0f,1f,0f,0.875f,-0.90631325072398f,0f,-0.42260654462766206f,-0.04099820063140747f,0f,0f,0f,1f],start_interpolation:0}