execute if entity @s[tag=aj.convict.bone.left_leg_2] run data modify entity @s {} merge value {transformation:[-0.022604719377759236f,-0.295311465751869f,-0.9551335848232622f,0.21437921971259682f,-0.4509982723999003f,0.855654806070081f,-0.25388070257795736f,0.6364587664446137f,0.8922385246973804f,0.42502469462921183f,-0.15252679764942056f,-0.1922480968350827f,0f,0f,0f,1f],start_interpolation:0}
execute if entity @s[tag=aj.convict.bone.left_leg] run data modify entity @s {} merge value {transformation:[0.2664420108239107f,-0.7459189142303233f,-0.6104208615877794f,-0.018720440984379187f,-0.3539781374498719f,0.5133319473772361f,-0.7817862815433729f,0.796875f,0.8964977038875397f,0.42437634853435247f,-0.12726579166853597f,-0.059630487918097545f,0f,0f,0f,1f],start_interpolation:0}
execute if entity @s[tag=aj.convict.bone.right_leg_2] run data modify entity @s {} merge value {transformation:[0.26023558761771914f,0.14484086445419214f,-0.9546195906859566f,0.023539014229819383f,0.02410109705844386f,0.9874020888611461f,0.15638494823103935f,0.48645251532611705f,0.9652443090004934f,-0.0637043083064853f,0.2534663390775043f,0.19405444441290376f,0f,0f,0f,1f],start_interpolation:0}
execute if entity @s[tag=aj.convict.bone.right_leg] run data modify entity @s {} merge value {transformation:[0.35214415965660284f,0.10439138791461818f,-0.930105869753011f,0.05616132295313756f,0.00870864049743752f,0.9933519509564255f,0.1147870250148058f,0.796875f,0.935905257171062f,-0.048521538107555655f,0.3488939809444204f,0.17889146375429263f,0f,0f,0f,1f],start_interpolation:0}
execute if entity @s[tag=aj.convict.bone.head] run data modify entity @s {} merge value {transformation:[0.26726157175370635f,-0.13961787935339573f,-0.9534558720929877f,0.018720440984379187f,0.3324658459630133f,0.9420527783781237f,-0.044755156330366516f,1.697916875f,0.9044543733831114f,-0.30503017967886115f,0.2981926825950719f,0.059630487918097545f,0f,0f,0f,1f],start_interpolation:0}
execute if entity @s[tag=aj.convict.bone.left_axe] run data modify entity @s {} merge value {transformation:[-0.02436593894280037f,2.974670828437687f,-0.3882521905428011f,-0.11026018167707897f,-2.985521452955341f,-0.062015327680546184f,-0.2877772629588739f,1.6076662640704495f,-0.29337340534353495f,0.3840410936013517f,2.960818211822978f,-2.162215978301375f,0f,0f,0f,1f],start_interpolation:0}
execute if entity @s[tag=aj.convict.bone.left_arm_2] run data modify entity @s {} merge value {transformation:[0.3876088247117315f,0.09943048530592083f,-0.9164458399695095f,-0.01790927888277012f,-0.9186281768260057f,-0.04104698913150995f,-0.3929852636226533f,1.5637541188353763f,-0.07669205791292161f,0.9941975272927744f,0.07542947022228327f,-0.7229622039886369f,0f,0f,0f,1f],start_interpolation:0}
execute if entity @s[tag=aj.convict.bone.left_arm] run data modify entity @s {} merge value {transformation:[0.3876088247117315f,0.09943048530592083f,-0.9164458399695095f,0.10397489825645548f,-0.9186281768260057f,-0.04104698913150995f,-0.3929852636226533f,1.5f,-0.07669205791292161f,0.9941975272927744f,0.07542947022228327f,-0.30554984769054905f,0f,0f,0f,1f],start_interpolation:0}
execute if entity @s[tag=aj.convict.bone.right_axe] run data modify entity @s {} merge value {transformation:[0.293314788380915f,0.2627400319389127f,-0.9192029756989467f,-0.12486378750062627f,0.9029218846210267f,0.2398289083445082f,0.35667094778618413f,1.0923148263413718f,0.3141631824219262f,-0.9345853467388738f,-0.16688835930497642f,1.1952693242471268f,0f,0f,0f,1f],start_interpolation:0}
execute if entity @s[tag=aj.convict.bone.right_arm_2] run data modify entity @s {} merge value {transformation:[0.293314788380915f,-0.35112963506859696f,-0.8891987484773318f,-0.27297097762941436f,0.9029218846210267f,0.4073965813937283f,0.13696749884960557f,1.325801017309104f,0.3141631824219262f,-0.843051602717946f,0.4365380739010406f,0.771497873929782f,0f,0f,0f,1f],start_interpolation:0}
execute if entity @s[tag=aj.convict.bone.right_arm] run data modify entity @s {} merge value {transformation:[-0.21606677106415648f,0.32510799568646087f,-0.9206627729970632f,-0.06653401628769709f,0.8360603491489424f,0.548631896933288f,-0.002476741474316424f,1.5f,0.5042997551286914f,-0.7702647809734744f,-0.3903510268579139f,0.42481082352674415f,0f,0f,0f,1f],start_interpolation:0}
execute if entity @s[tag=aj.convict.bone.body] run data modify entity @s {} merge value {transformation:[-0.22734521939220342f,0f,-0.9738142282897243f,0.018720440984379187f,0f,1f,0f,0.875f,0.9738142282897243f,0f,-0.22734521939220342f,0.059630487918097545f,0f,0f,0f,1f],start_interpolation:0}