execute if entity @s[tag=aj.convict.bone.left_leg_2] run data modify entity @s {} merge value {transformation:[-0.5602455877060302f,-0.687004238563248f,-0.4627635007777264f,0.30369653258918494f,-0.2638357901685081f,0.6775778567509669f,-0.6864975774661736f,0.7421383468574485f,0.7851850465222091f,-0.26251366485746597f,-0.5608663107024866f,0.08553442569112416f,0f,0f,0f,1f],start_interpolation:0}
execute if entity @s[tag=aj.convict.bone.left_leg] run data modify entity @s {} merge value {transformation:[-0.4744726554870687f,-0.876049831708353f,-0.0860952470164052f,0.029930960180324595f,-0.14675064676504623f,0.17515729005616476f,-0.9735420748042795f,0.796875f,0.8679515809473994f,-0.449284560277723f,-0.21166822394247792f,-0.05486699939566427f,0f,0f,0f,1f],start_interpolation:0}
execute if entity @s[tag=aj.convict.bone.right_leg_2] run data modify entity @s {} merge value {transformation:[-0.5120778550076261f,0.14948311506106104f,-0.8458315841362454f,-0.12432398881664047f,0.02403448574585803f,0.9868480287240434f,0.15985403247463478f,0.48657878501908014f,0.858602710166769f,0.061528582911611285f,-0.5089357715656939f,0.1511804344965611f,0f,0f,0f,1f],start_interpolation:0}
execute if entity @s[tag=aj.convict.bone.right_leg] run data modify entity @s {} merge value {transformation:[-0.42928387609186913f,0.11049954648213338f,-0.8963845179133694f,-0.08979288054097379f,0.008711567838167233f,0.9929478879389436f,0.11823113136307226f,0.796875f,0.9031276002389375f,0.042945803809381455f,-0.4272191423869304f,0.1646009981869928f,0f,0f,0f,1f],start_interpolation:0}
execute if entity @s[tag=aj.convict.bone.head] run data modify entity @s {} merge value {transformation:[-0.47162171852792284f,0.11504413182229799f,-0.874264149068245f,-0.029930960180324595f,0.3244364721354097f,0.9445464431864358f,-0.05072467064636975f,1.697916875f,0.819947516711343f,-0.3075660325801711f,-0.4827931290333313f,0.05486699939566427f,0f,0f,0f,1f],start_interpolation:0}
execute if entity @s[tag=aj.convict.bone.left_axe] run data modify entity @s {} merge value {transformation:[0.125140090074483f,1.4224374748142048f,-2.6383729054287106f,1.5030523050147866f,-2.9899961040347174f,-0.1261102768155571f,-0.20980823610791022f,1.5355240750376253f,-0.21038834500361325f,2.6383267099291725f,1.4124336855091457f,-1.5636984170498125f,0f,0f,0f,1f],start_interpolation:0}
execute if entity @s[tag=aj.convict.bone.left_arm_2] run data modify entity @s {} merge value {transformation:[0.2919961228053891f,-0.6578363907159155f,-0.6942546703598597f,0.5159345667788964f,-0.9225840723182861f,-0.0023642022165217824f,-0.3857888542356902f,1.5478200035119818f,0.25214458901833947f,0.7531571506649437f,-0.607599714146605f,-0.5113886843082849f,0f,0f,0f,1f],start_interpolation:0}
execute if entity @s[tag=aj.convict.bone.left_arm] run data modify entity @s {} merge value {transformation:[0.2919961228053891f,-0.6578363907159155f,-0.6942546703598597f,0.29308910688196077f,-0.9225840723182861f,-0.0023642022165217824f,-0.3857888542356902f,1.5f,0.25214458901833947f,0.7531571506649437f,-0.607599714146605f,-0.1356140660021245f,0f,0f,0f,1f],start_interpolation:0}
execute if entity @s[tag=aj.convict.bone.right_axe] run data modify entity @s {} merge value {transformation:[0.20997937545405845f,0.8874804405341126f,-0.4102281432974841f,-1.0320259969400687f,0.9166300072038512f,-0.03272241716354121f,0.39839512209418804f,1.3082474571292095f,0.34014422202558636f,-0.4596821848672763f,-0.820362235319408f,0.7604173328530943f,0f,0f,0f,1f],start_interpolation:0}
execute if entity @s[tag=aj.convict.bone.right_arm_2] run data modify entity @s {} merge value {transformation:[0.20997937545405845f,0.4543545012075044f,-0.8657197289633657f,-0.7772112963892693f,0.9166300072038512f,0.216567144877063f,0.3359882463022554f,1.441708840156244f,0.34014422202558636f,-0.8640952835146578f,-0.37100033588978254f,0.34413460336717305f,0f,0f,0f,1f],start_interpolation:0}
execute if entity @s[tag=aj.convict.bone.right_arm] run data modify entity @s {} merge value {transformation:[-0.2814982064650272f,0.894284909386587f,-0.34786960286923163f,-0.35295102724260996f,0.9542165511063138f,0.29909900041159376f,-0.003249853467062927f,1.5f,0.10114115557845324f,-0.3328577606068536f,-0.9375372941126372f,0.24534806479345306f,0f,0f,0f,1f],start_interpolation:0}
execute if entity @s[tag=aj.convict.bone.body] run data modify entity @s {} merge value {transformation:[-0.8613868454994276f,0f,-0.5079495077274367f,-0.029930960180324595f,0f,1f,0f,0.875f,0.5079495077274367f,0f,-0.8613868454994276f,0.05486699939566427f,0f,0f,0f,1f],start_interpolation:0}