execute if entity @s[tag=aj.convict.bone.left_leg_2] run data modify entity @s {} merge value {transformation:[-0.7988961472561585f,-0.12188233346044475f,0.5889903587407042f,-0.017175903965920065f,-0.03889465291264303f,0.987672200145983f,0.1516272766806766f,0.5110879516581979f,-0.6002100897802963f,0.0982258715870234f,-0.7937880865047664f,0.1451599787869951f,0f,0f,0f,1f],start_interpolation:0}
execute if entity @s[tag=aj.convict.bone.left_leg] run data modify entity @s {} merge value {transformation:[-0.7983472833197995f,0.21403538480841705f,0.562876957483435f,0.049710153786710266f,-0.03873375327995917f,0.9145185546937667f,-0.402685372813157f,0.796875f,-0.6009503403549606f,-0.343285110616142f,-0.7218130098969678f,0.03788338171945075f,0f,0f,0f,1f],start_interpolation:0}
execute if entity @s[tag=aj.convict.bone.right_leg_2] run data modify entity @s {} merge value {transformation:[-0.8279406025764169f,-0.1580872972811414f,0.538073196734184f,-0.10711197544789516f,0.008650410500885952f,0.9557332301260878f,0.2941074008435022f,0.4944836903704752f,-0.5607490784687623f,0.24815801270782764f,-0.789922826436441f,-0.1803599098272829f,0f,0f,0f,1f],start_interpolation:0}
execute if entity @s[tag=aj.convict.bone.right_leg] run data modify entity @s {} merge value {transformation:[-0.8278295704698404f,-0.13445915491915403f,0.544627338566608f,-0.1491304613601308f,0.008711113999398194f,0.9676521908144794f,0.25213756980035273f,0.796875f,-0.5609120419001622f,0.21347124694057798f,-0.799879808459387f,-0.11365014515835226f,0f,0f,0f,1f],start_interpolation:0}
execute if entity @s[tag=aj.convict.bone.head] run data modify entity @s {} merge value {transformation:[-0.7349827104909423f,0.23882705767166212f,-0.6346353691713723f,-0.049710153786710266f,-0.0007044380834223124f,0.9356524317320988f,0.3529221312992384f,1.697916875f,0.6780854806338019f,0.25983872597768565f,-0.6875201214771238f,-0.03788338171945075f,0f,0f,0f,1f],start_interpolation:0}
execute if entity @s[tag=aj.convict.bone.left_axe] run data modify entity @s {} merge value {transformation:[-0.7345508413951561f,-0.11973407401447028f,-0.6679062905270211f,1.31721428996965f,-0.3042860234346259f,0.9379149128431813f,0.1665101564731417f,1.4502442018925423f,0.6065023308677474f,0.32554472470962437f,-0.7253795936375136f,-0.7339048407365851f,0f,0f,0f,1f],start_interpolation:0}
execute if entity @s[tag=aj.convict.bone.left_arm_2] run data modify entity @s {} merge value {transformation:[0.1321931184253467f,-0.8626125011294108f,-0.488287468952711f,0.6501278677973585f,-0.9254165783983177f,0.06909449992266214f,-0.37259912306121695f,1.5180489090944502f,0.3551466399482514f,0.5011243587930043f,-0.7891420918679773f,-0.4053434905257136f,0f,0f,0f,1f],start_interpolation:0}
execute if entity @s[tag=aj.convict.bone.left_arm] run data modify entity @s {} merge value {transformation:[0.1321931184253467f,-0.8626125011294108f,-0.488287468952711f,0.3161303961079902f,-0.9254165783983177f,0.06909449992266214f,-0.37259912306121695f,1.5f,0.3551466399482514f,0.5011243587930043f,-0.7891420918679773f,-0.12025869387511515f,0f,0f,0f,1f],start_interpolation:0}
execute if entity @s[tag=aj.convict.bone.right_axe] run data modify entity @s {} merge value {transformation:[-0.9840112396971065f,0.1522495475870418f,-0.0924226996430253f,-0.4929202151756017f,0.0960902001660794f,0.8907308427373827f,0.44425807727985644f,0.5698796447967026f,0.14996184041884314f,0.4282740256610167f,-0.8911188503012941f,0.06919069061204328f,0f,0f,0f,1f],start_interpolation:0}
execute if entity @s[tag=aj.convict.bone.right_arm_2] run data modify entity @s {} merge value {transformation:[-0.9840112396971065f,0.06452431242847712f,-0.16600750963554645f,-0.49053325461441055f,0.0960902001660794f,0.9771114713596815f,-0.18978895112561525f,1.070058476016783f,0.14996184041884314f,-0.20270615590788224f,-0.9676888243517348f,-0.007289519005378185f,0f,0f,0f,1f],start_interpolation:0}
execute if entity @s[tag=aj.convict.bone.right_arm] run data modify entity @s {} merge value {transformation:[-0.9989081339687129f,-0.003038887697531042f,-0.04661871998141548f,-0.4155507036814108f,-0.0030487206783139423f,0.9999953428651243f,0.00013982234492592032f,1.5f,0.04661807796734499f,0.00028179713326094956f,-0.998912746638567f,0.044491930436213654f,0f,0f,0f,1f],start_interpolation:0}
execute if entity @s[tag=aj.convict.bone.body] run data modify entity @s {} merge value {transformation:[-0.9755747997192012f,0f,-0.21966749908177174f,-0.049710153786710266f,0f,1f,0f,0.875f,0.21966749908177174f,0f,-0.9755747997192012f,-0.03788338171945075f,0f,0f,0f,1f],start_interpolation:0}