execute if entity @s[tag=aj.convict.bone.left_leg_2] run data modify entity @s {} merge value {transformation:[-0.7514725842362673f,-0.18317341817689334f,0.6338268328294874f,-0.0004948447016085294f,-0.10795154852909153f,0.9818768835555403f,0.1557698581543664f,0.5138769276465969f,-0.6508728126995607f,0.04863418975014566f,-0.7576274132288967f,0.16040424065352232f,0f,0f,0f,1f],start_interpolation:0}
execute if entity @s[tag=aj.convict.bone.left_leg] run data modify entity @s {} merge value {transformation:[-0.7916487686298243f,0.16093168592448992f,0.5894007292092402f,0.04979630714979457f,-0.11900640464402218f,0.9055938315308899f,-0.4071084474030298f,0.796875f,-0.5992743134663675f,-0.3924293627631647f,-0.697760340275019f,0.037770064790033364f,0f,0f,0f,1f],start_interpolation:0}
execute if entity @s[tag=aj.convict.bone.right_leg_2] run data modify entity @s {} merge value {transformation:[-0.8218832094823247f,-0.14718183183783234f,0.5503139997745767f,-0.11079302093176725f,0.012424436105140935f,0.9611848937502318f,0.2756251683243476f,0.4930299468437532f,-0.56952052057718f,0.2333690390844846f,-0.7881530741158612f,-0.17531656610488067f,0f,0f,0f,1f],start_interpolation:0}
execute if entity @s[tag=aj.convict.bone.right_leg] run data modify entity @s {} merge value {transformation:[-0.8291027646716175f,-0.12350688165637265f,0.5452840138839568f,-0.1493889214493837f,0.008765325377233325f,0.9723041700999898f,0.233554640024987f,0.796875f,-0.5590275258740947f,0.19842038955129782f,-0.8050574975275987f,-0.11331019437010009f,0f,0f,0f,1f],start_interpolation:0}
execute if entity @s[tag=aj.convict.bone.head] run data modify entity @s {} merge value {transformation:[-0.9797809986493753f,0.04513535762222593f,0.19491535131422222f,-0.04979630714979457f,0.0453320483251163f,0.9989660035856134f,-0.0034538492783620055f,1.697916875f,-0.1948697002622065f,0.005451896229945387f,-0.9808139868227899f,-0.037770064790033364f,0f,0f,0f,1f],start_interpolation:0}
execute if entity @s[tag=aj.convict.bone.left_axe] run data modify entity @s {} merge value {transformation:[-0.8478113062797514f,-0.46125403664118386f,0.261649962022613f,0.4890106941296942f,-0.22482803944711f,0.7595070935494996f,0.6104107858863245f,0.4132700872415803f,-0.48027944118251636f,0.45868691776657966f,-0.7476215418560415f,0.3239557457593779f,0f,0f,0f,1f],start_interpolation:0}
execute if entity @s[tag=aj.convict.bone.left_arm_2] run data modify entity @s {} merge value {transformation:[-0.9711699053689088f,-0.1919706089168378f,0.14133754001624288f,0.39526663413051955f,-0.20507034546401254f,0.9750746913452215f,-0.08470832136981266f,1.0914459242882313f,-0.12155315017314477f,-0.1112503106068447f,-0.9863306748108696f,0.21052414575093123f,0f,0f,0f,1f],start_interpolation:0}
execute if entity @s[tag=aj.convict.bone.left_arm] run data modify entity @s {} merge value {transformation:[-0.9711699053689088f,-0.1919706089168378f,0.14133754001624288f,0.2333056461157497f,-0.20507034546401254f,0.9750746913452215f,-0.08470832136981266f,1.5f,-0.12155315017314477f,-0.1112503106068447f,-0.9863306748108696f,0.20815326484185329f,0f,0f,0f,1f],start_interpolation:0}
execute if entity @s[tag=aj.convict.bone.right_axe] run data modify entity @s {} merge value {transformation:[-0.6845395495521623f,-0.25660344690457043f,0.6823197755712609f,-0.4269686248113444f,0.15740802965819026f,0.8618856302044553f,0.482053806795668f,0.57630090578667f,-0.711778278186437f,0.4373875072333025f,-0.549603358084891f,-0.39931151104496465f,0f,0f,0f,1f],start_interpolation:0}
execute if entity @s[tag=aj.convict.bone.right_arm_2] run data modify entity @s {} merge value {transformation:[-0.6845395495521623f,0.21179275988568477f,0.6975309541224154f,-0.35845294141566447f,0.15740802965819026f,0.9772356079557455f,-0.14224373006389707f,1.077628684598718f,-0.711778278186437f,0.012425514209447444f,-0.7022943039058355f,-0.4024487972500248f,0f,0f,0f,1f],start_interpolation:0}
execute if entity @s[tag=aj.convict.bone.right_arm] run data modify entity @s {} merge value {transformation:[-0.629582610863626f,0.05086322176861887f,0.775266837140256f,-0.3328982604153388f,0.08063537361013909f,0.9967436624295163f,0.00008904688490490604f,1.5f,-0.7727377773998715f,0.06256999343064311f,-0.6316338522444755f,-0.28369339442192f,0f,0f,0f,1f],start_interpolation:0}
execute if entity @s[tag=aj.convict.bone.body] run data modify entity @s {} merge value {transformation:[-0.7549385420414514f,0f,0.6557955456850311f,-0.04979630714979457f,0f,1f,0f,0.875f,-0.6557955456850311f,0f,-0.7549385420414514f,-0.037770064790033364f,0f,0f,0f,1f],start_interpolation:0}