execute if entity @s[tag=aj.convict.bone.left_leg_2] run data modify entity @s {} merge value {transformation:[-0.6843192624479614f,-0.4656923709710645f,0.5611040568932173f,0.13998637783384732f,-0.46091944220008624f,0.8725258424655578f,0.16202444887031675f,0.571118424073435f,-0.5650313397012946f,-0.14774731756995446f,-0.8117329088476352f,0.21488992253103045f,0f,0f,0f,1f],start_interpolation:0}
execute if entity @s[tag=aj.convict.bone.left_leg] run data modify entity @s {} merge value {transformation:[-0.8458758329915739f,-0.2528777937618598f,0.4696242078331837f,0.060962067283266114f,-0.48795998637488885f,0.722421042965008f,-0.4899008964865939f,0.796875f,-0.21538135215897716f,-0.6435531509545147f,-0.7344727462872168f,0.01377956285774463f,0f,0f,0f,1f],start_interpolation:0}
execute if entity @s[tag=aj.convict.bone.right_leg_2] run data modify entity @s {} merge value {transformation:[-0.9671718950380601f,-0.019409348062707263f,0.25338074641982594f,-0.17906679495067104f,0.02390558396076562f,0.9857083504155323f,0.16675602230979586f,0.48684097542300075f,-0.25299614325910635f,0.16733895281395494f,-0.9528854214264937f,-0.08033312068254336f,0f,0f,0f,1f],start_interpolation:0}
execute if entity @s[tag=aj.convict.bone.right_leg] run data modify entity @s {} merge value {transformation:[-0.9861133690678257f,-0.012222102077207333f,0.16562319754948718f,-0.18288620184979834f,0.008710853852625097f,0.9921088786463975f,0.12507635242581208f,0.796875f,-0.16584494074544556f,0.12478218274979032f,-0.9782253638591352f,-0.04133868857323389f,0f,0f,0f,1f],start_interpolation:0}
execute if entity @s[tag=aj.convict.bone.head] run data modify entity @s {} merge value {transformation:[-0.9386184879970422f,0.3088606571312876f,0.15362430949096456f,-0.060962067283266114f,0.3084134435738327f,0.950859363993209f,-0.02734259916979996f,1.697916875f,-0.15452016636373628f,0.02171553321609379f,-0.9877509573794723f,-0.01377956285774463f,0f,0f,0f,1f],start_interpolation:0}
execute if entity @s[tag=aj.convict.bone.left_axe] run data modify entity @s {} merge value {transformation:[-0.061821493983659104f,-1.228555716210065f,-2.736207038045404f,1.990052522272267f,-2.9993628397931738f,0.02458218302900983f,0.056729811786740705f,1.4828490680595288f,-0.0008112641118747099f,2.7367949445373316f,-1.228801356365397f,0.8620988858054317f,0f,0f,0f,1f],start_interpolation:0}
execute if entity @s[tag=aj.convict.bone.left_arm_2] run data modify entity @s {} merge value {transformation:[-0.1579601908088848f,-0.9340860491476195f,0.32020591953836824f,0.6618022527585479f,-0.9243867990330515f,0.02585696417733674f,-0.38057911552916435f,1.5361130366747944f,0.3472140894218577f,-0.3561104747003705f,-0.8675411839881879f,0.30100837278314224f,0f,0f,0f,1f],start_interpolation:0}
execute if entity @s[tag=aj.convict.bone.left_arm] run data modify entity @s {} merge value {transformation:[-0.1579601908088848f,-0.9340860491476195f,0.32020591953836824f,0.23108113184937082f,-0.9243867990330515f,0.02585696417733674f,-0.38057911552916435f,1.5f,0.3472140894218577f,-0.3561104747003705f,-0.8675411839881879f,0.2214559995905701f,0f,0f,0f,1f],start_interpolation:0}
execute if entity @s[tag=aj.convict.bone.right_axe] run data modify entity @s {} merge value {transformation:[-0.5949574332678154f,0.643270135250766f,0.48190163487358517f,-0.909973393796119f,0.7996734314787047f,0.5341044915905743f,0.27432607431640055f,0.880055610236495f,-0.08092005676250003f,0.5485762710482794f,-0.8321754738372901f,-0.5110818798671953f,0f,0f,0f,1f],start_interpolation:0}
execute if entity @s[tag=aj.convict.bone.right_arm_2] run data modify entity @s {} merge value {transformation:[-0.5949574332678154f,0.8037036383980722f,-0.009279775055123285f,-0.5247714661323126f,0.7996734314787047f,0.5907327154831385f,-0.10750470615275622f,1.2076896546344273f,-0.08092005676250003f,-0.0713815135985354f,-0.9941612665608813f,-0.5286657110786361f,0f,0f,0f,1f],start_interpolation:0}
execute if entity @s[tag=aj.convict.bone.right_arm] run data modify entity @s {} merge value {transformation:[-0.5175705956412712f,0.4074100865853731f,0.752421225030261f,-0.353005266415903f,0.6179073033673573f,0.7862506562877319f,-0.0006855161495952153f,1.5f,-0.5918709681787242f,0.46457176715294446f,-0.6586818884648112f,-0.24901512530605935f,0f,0f,0f,1f],start_interpolation:0}
execute if entity @s[tag=aj.convict.bone.body] run data modify entity @s {} merge value {transformation:[-0.7787818643536984f,0f,0.6272948331955059f,-0.060962067283266114f,0f,1f,0f,0.875f,-0.6272948331955059f,0f,-0.7787818643536984f,-0.01377956285774463f,0f,0f,0f,1f],start_interpolation:0}