execute if entity @s[tag=aj.convict.bone.left_leg_2] run data modify entity @s {} merge value {transformation:[-0.2395176237703356f,-0.36439841242826043f,0.8999139430652108f,0.007036910930808951f,-0.3939625775353704f,0.8836341995956004f,0.2529507636017923f,0.5478135227654093f,-0.8873695934643577f,-0.29394625074119585f,-0.3552053015793751f,0.23471598388031567f,0f,0f,0f,1f],start_interpolation:0}
execute if entity @s[tag=aj.convict.bone.left_leg] run data modify entity @s {} merge value {transformation:[-0.5399673262023253f,0.10274823160653579f,0.8353909788450204f,0.039145733307851385f,-0.45782325679567387f,0.7969967271506904f,-0.3939468015457041f,0.796875f,-0.7062812132365649f,-0.5951798197291451f,-0.3833116617274621f,0.048722290214957824f,0f,0f,0f,1f],start_interpolation:0}
execute if entity @s[tag=aj.convict.bone.right_leg_2] run data modify entity @s {} merge value {transformation:[-0.6129115981915924f,-0.13668010701457883f,0.7782402721195502f,-0.08472890632794929f,0.02287178177754022f,0.9814437966535745f,0.19038107996473172f,0.487853269963892f,-0.7898203937608528f,0.13448651366103692f,-0.5984121683611984f,-0.1792121107794903f,0f,0f,0f,1f],start_interpolation:0}
execute if entity @s[tag=aj.convict.bone.right_leg] run data modify entity @s {} merge value {transformation:[-0.6687171276069866f,-0.10466653950593557f,0.736112979611767f,-0.11743719992355416f,0.008722390288083609f,0.9888695361155456f,0.14852932521993062f,0.796875f,-0.7434657511632419f,0.10574476843077392f,-0.6603610533615671f,-0.14616687064487346f,0f,0f,0f,1f],start_interpolation:0}
execute if entity @s[tag=aj.convict.bone.head] run data modify entity @s {} merge value {transformation:[-0.7068354401016945f,0.19998472889494015f,0.6785202788605962f,-0.039145733307851385f,0.25282158719238285f,0.9672691419637274f,-0.021717551756103126f,1.697916875f,-0.660654906638684f,0.15619383859029765f,-0.7342605662301769f,-0.048722290214957824f,0f,0f,0f,1f],start_interpolation:0}
execute if entity @s[tag=aj.convict.bone.left_axe] run data modify entity @s {} merge value {transformation:[-0.3291491076311288f,-2.303206801944235f,-0.7821078447715428f,0.9747114731007198f,-2.3476286178939554f,0.0942946251185004f,0.7103110477451591f,1.0363047816651096f,-0.6364700510005922f,0.8432913728844365f,-2.2155267822862657f,1.6548385817619486f,0f,0f,0f,1f],start_interpolation:0}
execute if entity @s[tag=aj.convict.bone.left_arm_2] run data modify entity @s {} merge value {transformation:[-0.4408285000664044f,-0.5183231763762878f,0.7328105610322492f,0.3698096011104833f,-0.896546865978531f,0.2936389987518232f,-0.33163210869290227f,1.4216854971691064f,-0.043289151450200083f,-0.8031918968983829f,-0.5941454587249652f,0.6243376067503452f,0f,0f,0f,1f],start_interpolation:0}
execute if entity @s[tag=aj.convict.bone.left_arm] run data modify entity @s {} merge value {transformation:[-0.4408285000664044f,-0.5183231763762878f,0.7328105610322492f,0.07411819645142247f,-0.896546865978531f,0.2936389987518232f,-0.33163210869290227f,1.5f,-0.043289151450200083f,-0.8031918968983829f,-0.5941454587249652f,0.30876376855585114f,0f,0f,0f,1f],start_interpolation:0}
execute if entity @s[tag=aj.convict.bone.right_axe] run data modify entity @s {} merge value {transformation:[-0.4066155581046026f,0.07043893810608343f,0.9108798734771617f,-0.4112041409381238f,0.6660861510214257f,0.705248989036944f,0.2428026006447025f,0.7653664798638962f,-0.6252943525450594f,0.7054517839376803f,-0.3336836124450814f,-0.8444091875103881f,0f,0f,0f,1f],start_interpolation:0}
execute if entity @s[tag=aj.convict.bone.right_arm_2] run data modify entity @s {} merge value {transformation:[-0.4066155581046026f,0.6103915002662684f,0.6797690816078477f,-0.1317442965802869f,0.6660861510214257f,0.707320499324979f,-0.23670012812021204f,1.1499852133235207f,-0.6252943525450594f,0.3565388164525095f,-0.6941808446204047f,-0.6711913809547714f,0f,0f,0f,1f],start_interpolation:0}
execute if entity @s[tag=aj.convict.bone.right_arm] run data modify entity @s {} merge value {transformation:[-0.11904901573752535f,0.05869244498916622f,0.9911521219031517f,-0.15240966306712522f,0.45156885777643685f,0.8922351685929492f,0.0014037850247353087f,1.5f,-0.884258389012177f,0.4477405507959997f,-0.13272339897125976f,-0.4062083489857668f,0f,0f,0f,1f],start_interpolation:0}
execute if entity @s[tag=aj.convict.bone.body] run data modify entity @s {} merge value {transformation:[-0.30203714602473025f,0f,0.9532961567221573f,-0.039145733307851385f,0f,1f,0f,0.875f,-0.9532961567221573f,0f,-0.30203714602473025f,-0.048722290214957824f,0f,0f,0f,1f],start_interpolation:0}