execute if entity @s[tag=aj.convict.bone.left_leg_2] run data modify entity @s {} merge value {transformation:[0.31469506275434483f,0.6838870113479798f,0.658229119066885f,-0.31073254348325824f,-0.32478406830362083f,0.7291854323369723f,-0.6023320631044738f,0.7175812375266707f,-0.8918981592391522f,-0.024231404768834952f,0.4515866611944388f,0.023589777339470458f,0f,0f,0f,1f],start_interpolation:0}
execute if entity @s[tag=aj.convict.bone.left_leg] run data modify entity @s {} merge value {transformation:[0.17425151830305588f,0.9596145036130403f,0.22085382682801347f,-0.01085301110418311f,-0.19713043225655838f,0.25374003991465377f,-0.9469717972687743f,0.796875f,-0.9647673300062675f,0.12147426311613616f,0.23338380910630774f,0.06155048456326301f,0f,0f,0f,1f],start_interpolation:0}
execute if entity @s[tag=aj.convict.bone.right_leg_2] run data modify entity @s {} merge value {transformation:[0.21274369291135758f,-0.15918099626529253f,0.9640547347295313f,0.06890102203112006f,0.024072826325143938f,0.987195267436638f,0.1576895779163111f,0.4864995897443748f,-0.9768114557882485f,-0.010339940942472568f,0.21385150329644337f,-0.18303449214676049f,0f,0f,0f,1f],start_interpolation:0}
execute if entity @s[tag=aj.convict.bone.right_leg] run data modify entity @s {} merge value {transformation:[0.11857053860350868f,-0.11629436389942634f,0.9861118842709997f,0.03255903331254933f,0.008710728905155108f,0.9932013128180006f,0.11608305396801472f,0.796875f,-0.9929074229641022f,-0.005174276937691305f,0.11877742327966759f,-0.18465145368978902f,0f,0f,0f,1f],start_interpolation:0}
execute if entity @s[tag=aj.convict.bone.head] run data modify entity @s {} merge value {transformation:[0.1945816575705196f,-0.013604700152639537f,0.9807919711492676f,0.01085301110418311f,0.3294470121179162f,0.9427253805549065f,-0.0522831049592906f,1.697916875f,-0.9239061882808701f,0.3332923176302799f,0.1879190949982199f,-0.06155048456326301f,0f,0f,0f,1f],start_interpolation:0}
execute if entity @s[tag=aj.convict.bone.left_axe] run data modify entity @s {} merge value {transformation:[-0.0793023086155995f,-2.1694416385405524f,2.0705637205395835f,-0.9409671052544717f,-2.984964326872951f,-0.1427167734623116f,-0.2638558126485282f,1.5634438600171807f,0.28930798665806734f,-2.067161072470888f,-2.1547960435542066f,1.9531301711141826f,0f,0f,0f,1f],start_interpolation:0}
execute if entity @s[tag=aj.convict.bone.left_arm_2] run data modify entity @s {} merge value {transformation:[-0.3640903062805395f,0.38985129360973403f,0.8458452682041555f,-0.3315417444399352f,-0.9212587157921321f,-0.017330428047828583f,-0.38856406787132364f,1.5540004930982334f,-0.13682334394968754f,-0.9207147360254944f,0.3654637429567118f,0.6452999279110225f,0f,0f,0f,1f],start_interpolation:0}
execute if entity @s[tag=aj.convict.bone.left_arm] run data modify entity @s {} merge value {transformation:[-0.3640903062805395f,0.38985129360973403f,0.8458452682041555f,-0.23753871800454715f,-0.9212587157921321f,-0.017330428047828583f,-0.38856406787132364f,1.5f,-0.13682334394968754f,-0.9207147360254944f,0.3654637429567118f,0.21938820787758812f,0f,0f,0f,1f],start_interpolation:0}
execute if entity @s[tag=aj.convict.bone.right_axe] run data modify entity @s {} merge value {transformation:[-0.26775677634647366f,-0.7012868351695276f,0.6606837999667104f,0.7362700266858575f,0.9194661926839492f,0.018917064824848506f,0.39271371910043495f,1.2660666376383034f,-0.28790315946829637f,0.7126281775767219f,0.6397443640172629f,-1.0359819225625218f,0f,0f,0f,1f],start_interpolation:0}
execute if entity @s[tag=aj.convict.bone.right_arm_2] run data modify entity @s {} merge value {transformation:[-0.26775677634647366f,-0.1541694389933672f,0.9510720755027007f,0.6290670296082035f,0.9194661926839492f,0.2540768813982095f,0.30004476141109854f,1.4193107441391806f,-0.28790315946829637f,0.954817638305572f,0.07372278039210184f,-0.5658143519189827f,0f,0f,0f,1f],start_interpolation:0}
execute if entity @s[tag=aj.convict.bone.right_arm] run data modify entity @s {} merge value {transformation:[0.27475972221005346f,-0.7336352037967682f,0.6215194951094684f,0.2592447402129134f,0.9373662299105904f,0.3483305406816636f,-0.0032226466803513126f,1.5f,-0.2141299747215712f,0.5834768394533704f,0.7833920677076357f,-0.34248917700411413f,0f,0f,0f,1f],start_interpolation:0}
execute if entity @s[tag=aj.convict.bone.body] run data modify entity @s {} merge value {transformation:[0.6623779442899473f,0f,0.7491698465089364f,0.01085301110418311f,0f,1f,0f,0.875f,-0.7491698465089364f,0f,0.6623779442899473f,-0.06155048456326301f,0f,0f,0f,1f],start_interpolation:0}