execute if entity @s[tag=aj.convict.bone.left_leg_2] run data modify entity @s {} merge value {transformation:[-0.8490565197988338f,-0.14300130314755244f,0.5085800364595472f,0.0018208430980129753f,-0.04339452345510253f,0.9782936972329368f,0.20262861912478108f,0.5046435766626948f,-0.526516800796705f,0.14997356184478938f,-0.836832115317278f,0.13288156565552517f,0f,0f,0f,1f],start_interpolation:0}
execute if entity @s[tag=aj.convict.bone.left_leg] run data modify entity @s {} merge value {transformation:[-0.8384044975373178f,0.16133142188939165f,0.5206246928645862f,0.052236912438447865f,-0.038730979916501644f,0.9351405546793767f,-0.352153452614986f,0.796875f,-0.5436706812988036f,-0.31541134301907214f,-0.7777775228116328f,0.03431552096206512f,0f,0f,0f,1f],start_interpolation:0}
execute if entity @s[tag=aj.convict.bone.right_leg_2] run data modify entity @s {} merge value {transformation:[-0.8672056469558472f,-0.14334975138370848f,0.47687022832854564f,-0.11850953928325575f,0.007336604830379062f,0.9538843650585566f,0.30008464193689915f,0.4949806198843114f,-0.4978961137802274f,0.26373370447302164f,-0.8261622074432379f,-0.1740570524322344f,0f,0f,0f,1f],start_interpolation:0}
execute if entity @s[tag=aj.convict.bone.right_leg] run data modify entity @s {} merge value {transformation:[-0.8650169459531608f,-0.1222438337026811f,0.4866231892702379f,-0.1567107373153436f,0.008708697272818765f,0.9660620163702035f,0.25816339616325745f,0.796875f,-0.5016670627076059f,0.227553566547325f,-0.8345954304607204f,-0.10294656288619536f,0f,0f,0f,1f],start_interpolation:0}
execute if entity @s[tag=aj.convict.bone.head] run data modify entity @s {} merge value {transformation:[-0.5182975849968945f,0.3199485349274379f,-0.7930955480799102f,-0.052236912438447865f,-0.015589451412844929f,0.9236910271542367f,0.3828209181319613f,1.697916875f,0.8550582333332822f,0.21077908186662478f,-0.4737590065174795f,-0.03431552096206512f,0f,0f,0f,1f],start_interpolation:0}
execute if entity @s[tag=aj.convict.bone.left_axe] run data modify entity @s {} merge value {transformation:[-0.46387183173150126f,0.41429207588437894f,0.7830613000177409f,1.1644069877418832f,-0.27299072503890504f,-0.9077474660860451f,0.31854450530043277f,1.5946411963326057f,0.8427923752436274f,-0.06600464888003436f,0.5341763740165123f,-1.316263991141624f,0f,0f,0f,1f],start_interpolation:0}
execute if entity @s[tag=aj.convict.bone.left_arm_2] run data modify entity @s {} merge value {transformation:[0.3645060534626335f,-0.6346778708424777f,-0.6814098159345483f,0.49860409203845796f,-0.8991583909787471f,-0.0495808332680023f,-0.4348056219794785f,1.558680224058848f,0.24217663991724359f,0.7711846349839382f,-0.5887484469984476f,-0.5890666818168027f,0f,0f,0f,1f],start_interpolation:0}
execute if entity @s[tag=aj.convict.bone.left_arm] run data modify entity @s {} merge value {transformation:[0.31403568357465317f,-0.6579624336560327f,-0.6844465102104262f,0.27678990842345363f,-0.9188729422718677f,-0.02925953864427111f,-0.3934671464798114f,1.5f,0.2388600121461129f,0.7524821029737221f,-0.6137724165371099f,-0.21422202766349102f,0f,0f,0f,1f],start_interpolation:0}
execute if entity @s[tag=aj.convict.bone.right_axe] run data modify entity @s {} merge value {transformation:[-0.8560160793861886f,0.2465205443300117f,-0.4543832006748635f,-0.3821468582895674f,0.12822933753892035f,0.952757784943243f,0.27533586803098253f,0.5885810979046655f,0.5007930798509781f,0.17742667345492258f,-0.847187149760956f,0.2611087785078964f,0f,0f,0f,1f],start_interpolation:0}
execute if entity @s[tag=aj.convict.bone.right_arm_2] run data modify entity @s {} merge value {transformation:[-0.8560160793861886f,-0.08103306926575787f,-0.5105586288739712f,-0.44144978486878844f,0.12822933753892035f,0.9234874276530977f,-0.3615635600568653f,1.0664746996005636f,0.5007930798509781f,-0.3749728158840795f,-0.7801292703913476f,0.10575546633917265f,0f,0f,0f,1f],start_interpolation:0}
execute if entity @s[tag=aj.convict.bone.right_arm] run data modify entity @s {} merge value {transformation:[-0.9474929407914763f,-0.06290285422591367f,-0.31352887918109495f,-0.38126373330034935f,-0.0674098146890579f,0.9977190794418186f,0.003543360178826578f,1.5f,0.3125908572461885f,0.024492232401385435f,-0.949572054410875f,0.1455909857393608f,0f,0f,0f,1f],start_interpolation:0}
execute if entity @s[tag=aj.convict.bone.body] run data modify entity @s {} merge value {transformation:[-0.8774048556317373f,0f,-0.47975068453713576f,-0.052236912438447865f,0f,1f,0f,0.875f,0.47975068453713576f,0f,-0.8774048556317373f,-0.03431552096206512f,0f,0f,0f,1f],start_interpolation:0}