execute if entity @s[tag=aj.convict.bone.left_leg_2] run data modify entity @s {} merge value {transformation:[-0.8539166477285509f,-0.14480902910558527f,0.49985668328184996f,0.0037206857926944392f,-0.04398826351079312f,0.9771528125528305f,0.20793608054735957f,0.504017253215171f,-0.518547385882273f,0.15557225334098207f,-0.8407769517446764f,0.13146226805794745f,0f,0f,0f,1f],start_interpolation:0}
execute if entity @s[tag=aj.convict.bone.left_leg] run data modify entity @s {} merge value {transformation:[-0.8423759698282152f,0.15605411427780105f,0.5158001927810273f,0.05248759650450727f,-0.03873121694235574f,0.937144789711453f,-0.3467845670597824f,0.796875f,-0.5374966216546277f,-0.3121005551639528f,-0.7833840853478032f,0.033930844569212186f,0f,0f,0f,1f],start_interpolation:0}
execute if entity @s[tag=aj.convict.bone.right_leg_2] run data modify entity @s {} merge value {transformation:[-0.8710551426441686f,-0.14171869443787236f,0.4702964491892022f,-0.11968676095967483f,0.0071960951831570715f,0.9536879653801241f,0.30071162415715497f,0.4950335155875923f,-0.4911325225305914f,0.2653207046876365f,-0.8296949855078032f,-0.17335327681734136f,0f,0f,0f,1f],start_interpolation:0}
execute if entity @s[tag=aj.convict.bone.right_leg] run data modify entity @s {} merge value {transformation:[-0.8686790155622564f,-0.12088329137231031f,0.48039983117064694f,-0.1574627895135218f,0.00870890381863738f,0.9658927501197047f,0.25879596260465776f,0.796875f,-0.49529882183997437f,0.22899437795105546f,-0.8379980023548638f,-0.10179253370763655f,0f,0f,0f,1f],start_interpolation:0}
execute if entity @s[tag=aj.convict.bone.head] run data modify entity @s {} merge value {transformation:[-0.5091993618680846f,0.322046289447152f,-0.7981241741273453f,-0.05248759650450727f,-0.017150442096959706f,0.9233709224421567f,0.3835257513182126f,1.697916875f,0.8604777000068128f,0.2089792502657664f,-0.46465664823538655f,-0.033930844569212186f,0f,0f,0f,1f],start_interpolation:0}
execute if entity @s[tag=aj.convict.bone.left_axe] run data modify entity @s {} merge value {transformation:[-0.46001627928087657f,-0.25091111575883096f,-0.8517209841170034f,1.1686313796599053f,-0.26530480849590626f,0.9542625159054791f,-0.13782746216445757f,1.590496227720267f,0.8473478514668745f,0.162562796255487f,-0.5055442175399381f,-1.3452717010796311f,0f,0f,0f,1f],start_interpolation:0}
execute if entity @s[tag=aj.convict.bone.left_arm_2] run data modify entity @s {} merge value {transformation:[0.36246018532755825f,-0.6287837070400126f,-0.687934345568915f,0.4933215169414999f,-0.9004170791337228f,-0.04572760090282471f,-0.43261769510731585f,1.557365283460696f,0.24056537085916277f,0.7762345240175106f,-0.5827420235976655f,-0.59413742813773f,0f,0f,0f,1f],start_interpolation:0}
execute if entity @s[tag=aj.convict.bone.left_arm] run data modify entity @s {} merge value {transformation:[0.3135695426916699f,-0.6513953314111092f,-0.6909111839534426f,0.2746515849598471f,-0.9193034138534427f,-0.026025656137017572f,-0.39268804221677434f,1.5f,0.2378137405061834f,0.758292019896325f,-0.606990805027563f,-0.2172473903331781f,0f,0f,0f,1f],start_interpolation:0}
execute if entity @s[tag=aj.convict.bone.right_axe] run data modify entity @s {} merge value {transformation:[-0.8453575212156752f,0.2438981698209986f,-0.47527291536764105f,-0.37139716438497655f,0.1309375617979377f,0.9571526076100405f,0.25829099995104504f,0.5913495280814718f,0.5179054124398593f,0.15611716274409704f,-0.8410715874776845f,0.2708171841893182f,0f,0f,0f,1f],start_interpolation:0}
execute if entity @s[tag=aj.convict.bone.right_arm_2] run data modify entity @s {} merge value {transformation:[-0.8453575212156752f,-0.09583039140993778f,-0.5255351533497142f,-0.4374794456447165f,0.1309375617979377f,0.9165978166461811f,-0.37776156160978674f,1.0662061080795802f,0.5179054124398593f,-0.38815586895172866f,-0.7623050604343563f,0.10902057180036948f,0f,0f,0f,1f],start_interpolation:0}
execute if entity @s[tag=aj.convict.bone.right_arm] run data modify entity @s {} merge value {transformation:[-0.9439872680571642f,-0.06890883591118564f,-0.3227066935769032f,-0.3796267779688617f,-0.07414688702194518f,0.9972395030998779f,0.003951278535298073f,1.5f,0.32154358474540723f,0.02765765337974105f,-0.946490769801058f,0.14938570119475372f,0f,0f,0f,1f],start_interpolation:0}
execute if entity @s[tag=aj.convict.bone.body] run data modify entity @s {} merge value {transformation:[-0.8723711505716117f,0f,-0.4888441220372424f,-0.05248759650450727f,0f,1f,0f,0.875f,0.4888441220372424f,0f,-0.8723711505716117f,-0.033930844569212186f,0f,0f,0f,1f],start_interpolation:0}