execute if entity @s[tag=aj.tutankhamen.bone.head] run data modify entity @s {} merge value {transformation:[-0.9580557729522543f,0.27681146447350596f,0.07419264821322608f,0f,0.2786169031758917f,0.9602852448635074f,0.0149956581085781f,1.6372489471979268f,-0.06709513527473032f,0.03503800270372892f,-0.9971311755175438f,0f,0f,0f,0f,1f],start_interpolation:0}
execute if entity @s[tag=aj.tutankhamen.bone.back_cape] run data modify entity @s {} merge value {transformation:[-0.7337457678132602f,0.5865342833305591f,-0.3429208111124731f,-0.10616002028833801f,0f,0.5047227439368716f,0.8632815020332796f,1.6372489471979268f,0.6794241298453633f,0.6334291485483933f,-0.37033817728277535f,-0.1146477762208219f,0f,0f,0f,1f],start_interpolation:0}
execute if entity @s[tag=aj.tutankhamen.bone.left_hand] run data modify entity @s {} merge value {transformation:[-0.8636212512330895f,-0.5009537109756195f,-0.05660135933304028f,0.34821683948823756f,-0.4837594447200024f,0.7918657361572192f,0.3727270523377399f,1.3434598907987363f,-0.1418983229738376f,0.3492764454696889f,-0.9262131669206995f,-0.4185969948834236f,0f,0f,0f,1f],start_interpolation:0}
execute if entity @s[tag=aj.tutankhamen.bone.cape_left_back] run data modify entity @s {} merge value {transformation:[-0.9005852409037074f,-0.3847938171092266f,-0.20218788831411738f,0.2450887169763824f,-0.42559357756828675f,0.6859602972769514f,0.5901936777807291f,1.45510006561588f,-0.08841001413322874f,0.6175695822125854f,-0.781531496823215f,-0.3875802248896119f,0f,0f,0f,1f],start_interpolation:0}
execute if entity @s[tag=aj.tutankhamen.bone.cape_left_side] run data modify entity @s {} merge value {transformation:[-0.9005852409037074f,-0.3847938171092266f,-0.20218788831411738f,0.41107864690685136f,-0.42559357756828675f,0.6859602972769514f,0.5901936777807291f,1.4478248523883335f,-0.08841001413322874f,0.6175695822125854f,-0.781531496823215f,-0.27607472307839304f,0f,0f,0f,1f],start_interpolation:0}
execute if entity @s[tag=aj.tutankhamen.bone.left_arm] run data modify entity @s {} merge value {transformation:[-0.8636212512330895f,-0.46182073604123763f,-0.20218788831411738f,0.17684212347162642f,-0.4837594447200024f,0.6462570868871396f,0.5901936777807291f,1.5122489471979268f,-0.1418983229738376f,0.6075141030547994f,-0.781531496823215f,-0.21403470077620246f,0f,0f,0f,1f],start_interpolation:0}
execute if entity @s[tag=aj.tutankhamen.bone.cape_right_back] run data modify entity @s {} merge value {transformation:[-0.23402868433717183f,-0.030913585184661606f,-0.9717380949404231f,-0.30629908132929784f,0.9701427145688322f,0.05802872802340286f,-0.23549050956037193f,1.4785670900908534f,0.06366858154875138f,-0.9978361674017516f,0.016410202575025956f,0.34838161863513906f,0f,0f,0f,1f],start_interpolation:0}
execute if entity @s[tag=aj.tutankhamen.bone.cape_right] run data modify entity @s {} merge value {transformation:[-0.23245750923917244f,-0.041092350138158484f,-0.9717380949404231f,-0.09968604341281279f,0.966688176104617f,0.10029052839887442f,-0.23549050956037193f,1.6884847449972928f,0.10713298547995881f,-0.9941092639512004f,0.016410202575025956f,0.3610185969726261f,0f,0f,0f,1f],start_interpolation:0}
execute if entity @s[tag=aj.tutankhamen.bone.weapon] run data modify entity @s {} merge value {transformation:[-0.12715341282946904f,-0.07548626733080564f,-1.6287177492313976f,0.20357506903839154f,1.4990817926018194f,-0.6478978686612044f,-0.08700462335471755f,1.6266845853909395f,-0.6412280891435166f,-1.4997059207857524f,0.11956739716420615f,0.5324627175888906f,0f,0f,0f,1f],start_interpolation:0}
execute if entity @s[tag=aj.tutankhamen.bone.right_hand] run data modify entity @s {} merge value {transformation:[-0.36817717961695207f,-0.7526847957887596f,-0.5458123877283655f,-0.24769320379197576f,0.9297258998504238f,-0.2933527253318197f,-0.22260711958002113f,1.5109579363917867f,0.007437442882228348f,-0.5894147747798887f,0.8077963281140528f,0.47496754476434866f,0f,0f,0f,1f],start_interpolation:0}
execute if entity @s[tag=aj.tutankhamen.bone.right_arm] run data modify entity @s {} merge value {transformation:[-0.23245750923917244f,-0.041092350138158484f,-0.9717380949404231f,-0.2269785285732404f,0.966688176104617f,0.10029052839887442f,-0.23549050956037193f,1.5122489471979268f,0.10713298547995881f,-0.9941092639512004f,0.016410202575025956f,0.15988976620484247f,0f,0f,0f,1f],start_interpolation:0}
execute if entity @s[tag=aj.tutankhamen.bone.body] run data modify entity @s {} merge value {transformation:[-0.7337457678132602f,0f,-0.6794241298453633f,0f,0f,1f,0f,0.1997489471979268f,0.6794241298453633f,0f,-0.7337457678132602f,0f,0f,0f,0f,1f],start_interpolation:0}
execute if entity @s[tag=aj.tutankhamen.bone.left_foot] run data modify entity @s {} merge value {transformation:[-0.7962084422165334f,-0.14074516995435968f,0.5884240933864278f,0.1479124546935066f,0.37050596186989787f,0.6554461669313887f,0.6581152288724309f,0.5988996386309695f,-0.4783068562774143f,0.7420115358870567f,-0.4697248469567564f,-0.2395928727519242f,0f,0f,0f,1f],start_interpolation:0}
execute if entity @s[tag=aj.tutankhamen.bone.left_leg] run data modify entity @s {} merge value {transformation:[-0.7962084422165334f,-0.14074516995435968f,0.5884240933864278f,0.06145492901920758f,0.37050596186989787f,0.6554461669313887f,0.6581152288724309f,0.8972356479718864f,-0.4783068562774143f,0.7420115358870567f,-0.4697248469567564f,0.07009008493999386f,0f,0f,0f,1f],start_interpolation:0}
execute if entity @s[tag=aj.tutankhamen.bone.right_foot] run data modify entity @s {} merge value {transformation:[-0.7173523302521914f,-0.1944889076892757f,0.6690139752408639f,-0.3802440276901518f,0.4374762862034219f,0.6216001357812393f,0.6497905587236604f,0.6197558506018759f,-0.5422362338422366f,0.7588065207828523f,-0.36082202084408577f,0.08626457338294613f,0f,0f,0f,1f],start_interpolation:0}
execute if entity @s[tag=aj.tutankhamen.bone.right_leg] run data modify entity @s {} merge value {transformation:[-0.7173523302521914f,0.6774213448012875f,0.16280649830202107f,-0.06145492901920758f,0.4374762862034219f,0.6198343537507389f,-0.6514751514218063f,0.8772622464239672f,-0.5422362338422366f,-0.3961132357268798f,-0.7409953921520487f,-0.07009008493999386f,0f,0f,0f,1f],start_interpolation:0}