execute if entity @s[tag=aj.tutankhamen.bone.head] run data modify entity @s {} merge value {transformation:[-0.5415336662789894f,0.10823910735117419f,-0.8336819441047392f,0f,0.25693646576192086f,0.9655351299480306f,-0.04153992534914887f,1.6348396501457727f,0.8004529597972697f,-0.23669856035907902f,-0.5506803525419534f,0f,0f,0f,0f,1f],start_interpolation:0}
execute if entity @s[tag=aj.tutankhamen.bone.back_cape] run data modify entity @s {} merge value {transformation:[0.36325520105634257f,0.6270141475011198f,-0.6891291009230129f,-0.14557651242344333f,0f,0.7396551835643562f,0.6729860395479081f,1.6348396501457727f,0.9316896795100373f,-0.2444656791040871f,0.2686835924180362f,0.056758625165053526f,0f,0f,0f,1f],start_interpolation:0}
execute if entity @s[tag=aj.tutankhamen.bone.left_hand] run data modify entity @s {} merge value {transformation:[-0.4976727541738406f,0.20755368948180267f,-0.8421658362433824f,-0.2736082090194024f,-0.4753027856159906f,0.7469271851035286f,0.4649591833042969f,1.3636289409227595f,0.7255405514088815f,0.6316812852505687f,-0.27307446260221013f,-0.48573295304748093f,0f,0f,0f,1f],start_interpolation:0}
execute if entity @s[tag=aj.tutankhamen.bone.cape_left_back] run data modify entity @s {} merge value {transformation:[-0.4570760828907424f,0.4857509377909276f,-0.7450687759425231f,-0.27387583828027323f,-0.4230377009275641f,0.618144819384002f,0.6625225172495199f,1.470715109018999f,0.7823813379952107f,0.6180153790189642f,-0.07704825275676308f,-0.37351236989129566f,0f,0f,0f,1f],start_interpolation:0}
execute if entity @s[tag=aj.tutankhamen.bone.cape_left_side] run data modify entity @s {} merge value {transformation:[-0.4570760828907424f,0.4857509377909276f,-0.7450687759425231f,-0.10932410333577935f,-0.4230377009275641f,0.618144819384002f,0.6625225172495199f,1.4539994351327408f,0.7823813379952107f,0.6180153790189642f,-0.07704825275676308f,-0.48612842235845194f,0f,0f,0f,1f],start_interpolation:0}
execute if entity @s[tag=aj.tutankhamen.bone.left_arm] run data modify entity @s {} merge value {transformation:[-0.4976727541738406f,0.4440657033238825f,-0.7450687759425231f,-0.13433551342630393f,-0.4753027856159906f,0.5789224266886189f,0.6625225172495199f,1.5098396501457727f,0.7255405514088815f,0.6838526705427319f,-0.07704825275676308f,-0.24297728207139827f,0f,0f,0f,1f],start_interpolation:0}
execute if entity @s[tag=aj.tutankhamen.bone.cape_right_back] run data modify entity @s {} merge value {transformation:[-0.02824286834310625f,-0.979046894737722f,-0.2016668497601382f,0.23153174583485625f,0.9686149793122368f,0.023037991908259364f,-0.24749600558552426f,1.4816670771956555f,0.2469561949814355f,-0.20232752860957687f,0.9476688287197337f,0.39070831543442336f,0f,0f,0f,1f],start_interpolation:0}
execute if entity @s[tag=aj.tutankhamen.bone.cape_right] run data modify entity @s {} merge value {transformation:[0.01448943835984319f,-0.9793469956475276f,-0.2016668497601382f,0.2842124330186163f,0.9666881693862723f,0.06526645683525112f,-0.24749600558552426f,1.6945861050586417f,0.25554655024991785f,-0.19136287970328553f,0.9476688287197337f,0.1937202567310396f,0f,0f,0f,1f],start_interpolation:0}
execute if entity @s[tag=aj.tutankhamen.bone.weapon] run data modify entity @s {} merge value {transformation:[-0.9118141298435853f,-0.9913713241081544f,0.9275589274891074f,0.3377493847533931f,1.3408178553629972f,-0.8329136975846932f,0.42784334133731616f,1.6346453765091031f,0.2130496302941425f,0.9990121839712225f,1.277173514022151f,-0.0906572933761966f,0f,0f,0f,1f],start_interpolation:0}
execute if entity @s[tag=aj.tutankhamen.bone.right_hand] run data modify entity @s {} merge value {transformation:[-0.11964837408230306f,-0.4114189262707846f,0.903558926515397f,0.36700709334955095f,0.9212934471541425f,-0.38518548001846326f,-0.053390356936280504f,1.5191862757336656f,0.3700035821587387f,0.8260548487171666f,0.4251243772127875f,0.3633852032976606f,0f,0f,0f,1f],start_interpolation:0}
execute if entity @s[tag=aj.tutankhamen.bone.right_arm] run data modify entity @s {} merge value {transformation:[0.01448943835984319f,-0.9793469956475276f,-0.2016668497601382f,0.06558380275105949f,0.9666881693862723f,0.06526645683525112f,-0.24749600558552426f,1.5098396501457727f,0.25554655024991785f,-0.19136287970328553f,0.9476688287197337f,0.26978279149534845f,0f,0f,0f,1f],start_interpolation:0}
execute if entity @s[tag=aj.tutankhamen.bone.body] run data modify entity @s {} merge value {transformation:[0.36325520105634257f,0f,-0.9316896795100373f,0f,0f,1f,0f,0.1973396501457726f,0.9316896795100373f,0f,0.36325520105634257f,0f,0f,0f,0f,1f],start_interpolation:0}
execute if entity @s[tag=aj.tutankhamen.bone.left_foot] run data modify entity @s {} merge value {transformation:[-0.8757752651415691f,0.22727134607018662f,0.4258701917505611f,0.010740310185678364f,0.4639926183496026f,0.6396786943254567f,0.6127985134962055f,0.5988264712822168f,-0.13314854517903874f,0.734274405982889f,-0.6656670050672341f,-0.27392191946588296f,0f,0f,0f,1f],start_interpolation:0}
execute if entity @s[tag=aj.tutankhamen.bone.left_leg] run data modify entity @s {} merge value {transformation:[-0.8757752651415691f,0.22727134607018662f,0.4258701917505611f,0.08280354705571097f,0.4639926183496026f,0.6396786943254567f,0.6127985134962055f,0.8931856693730291f,-0.13314854517903874f,0.734274405982889f,-0.6656670050672341f,0.043162241114786f,0f,0f,0f,1f],start_interpolation:0}
execute if entity @s[tag=aj.tutankhamen.bone.right_foot] run data modify entity @s {} merge value {transformation:[-0.8471540244562363f,-0.0878451396830944f,0.5240355811217975f,-0.3335908345884291f,0.45178133647750907f,0.40004259150890864f,0.7974080191404098f,0.6469762032622752f,-0.2796849707406498f,0.9122769077494475f,-0.29921089674159224f,0.233984469697455f,0f,0f,0f,1f],start_interpolation:0}
execute if entity @s[tag=aj.tutankhamen.bone.right_leg] run data modify entity @s {} merge value {transformation:[-0.8471540244562363f,0.512717084042196f,-0.13946774028021733f,-0.08280354705571097f,0.45178133647750907f,0.5568813586769441f,-0.6969768836688319f,0.8764936309185161f,-0.2796849707406498f,-0.6534556940523116f,-0.7034002936112647f,-0.043162241114786f,0f,0f,0f,1f],start_interpolation:0}