execute if entity @s[tag=aj.tutankhamen.bone.head] run data modify entity @s {} merge value {transformation:[-0.42346292784044326f,0.2681650867148624f,-0.8653130271826548f,-0.0013081847990148508f,0.27119628547774355f,0.9489033980335743f,0.16135338838527744f,1.6279040513944416f,0.8643678172444145f,-0.16634250048483193f,-0.47455078658093064f,-0.03964353418775212f,0f,0f,0f,1f],start_interpolation:0}
execute if entity @s[tag=aj.tutankhamen.bone.back_cape] run data modify entity @s {} merge value {transformation:[-0.24066208143622017f,0.5551586671188031f,-0.7961661992835791f,-0.15296554411656804f,0.055511458709955795f,0.8268048938092647f,0.5597429280705056f,1.6254476075282756f,0.9690202477299836f,0.09051255104085956f,-0.22979825411303026f,-0.07716784295365656f,0f,0f,0f,1f],start_interpolation:0}
execute if entity @s[tag=aj.tutankhamen.bone.left_hand] run data modify entity @s {} merge value {transformation:[-0.24066208143622017f,0.2900524376921478f,-0.9262566307172265f,-0.15554711856789968f,0.055511458709955795f,0.9568557868897877f,0.28521129193532624f,1.2411398702795668f,0.9690202477299836f,0.017221686455386964f,-0.2463801392258584f,-0.37828415572026863f,0f,0f,0f,1f],start_interpolation:0}
execute if entity @s[tag=aj.tutankhamen.bone.cape_left_back] run data modify entity @s {} merge value {transformation:[-0.1913610235829472f,0.5740212032422032f,-0.7961661992835791f,-0.13573007238858092f,0.12736101547754192f,0.8188205091542261f,0.5597429280705056f,1.3924356413397532f,0.973221521746111f,0.0057124440292363465f,-0.22979825411303026f,-0.3503941459156437f,0f,0f,0f,1f],start_interpolation:0}
execute if entity @s[tag=aj.tutankhamen.bone.cape_left_side] run data modify entity @s {} merge value {transformation:[-0.1913610235829472f,0.5740212032422032f,-0.7961661992835791f,-0.0063091375432980275f,0.12736101547754192f,0.8188205091542261f,0.5597429280705056f,1.302567616662574f,0.973221521746111f,0.0057124440292363465f,-0.22979825411303026f,-0.4737352269243448f,0f,0f,0f,1f],start_interpolation:0}
execute if entity @s[tag=aj.tutankhamen.bone.left_arm] run data modify entity @s {} merge value {transformation:[-0.24066208143622017f,0.5551586671188031f,-0.7961661992835791f,0.029342694697229953f,0.055511458709955795f,0.8268048938092647f,0.5597429280705056f,1.4872567080180792f,0.9690202477299836f,0.09051255104085956f,-0.22979825411303026f,-0.30794902827535126f,0f,0f,0f,1f],start_interpolation:0}
execute if entity @s[tag=aj.tutankhamen.bone.cape_right_back] run data modify entity @s {} merge value {transformation:[0.15833932212802018f,-0.9260202609925472f,0.3426589197720277f,0.10167296514098878f,0.46895427413849805f,-0.2348687951445099f,-0.8514214807218572f,1.48967991551355f,0.8689134294250913f,0.2955048651015073f,0.39707219351909606f,0.21020897402749317f,0f,0f,0f,1f],start_interpolation:0}
execute if entity @s[tag=aj.tutankhamen.bone.cape_right] run data modify entity @s {} merge value {transformation:[0.15833932212802018f,-0.9260202609925472f,0.3426589197720277f,0.04074875428048501f,0.46895427413849805f,-0.2348687951445099f,-0.8514214807218572f,1.7758093910281547f,0.8689134294250913f,0.2955048651015073f,0.39707219351909606f,0.24670864899538966f,0f,0f,0f,1f],start_interpolation:0}
execute if entity @s[tag=aj.tutankhamen.bone.weapon] run data modify entity @s {} merge value {transformation:[0.8914706718270078f,-0.3855257245343134f,1.3157650362453417f,0.14224706808560922f,1.3649173088777502f,0.10087172842132608f,-0.8952169055275507f,1.7279487760073007f,0.12987861567375855f,1.5861218376085418f,0.3767449204210739f,-0.23656724870917134f,0f,0f,0f,1f],start_interpolation:0}
execute if entity @s[tag=aj.tutankhamen.bone.right_hand] run data modify entity @s {} merge value {transformation:[0.8309565394792607f,-0.4382876842866086f,0.3426589197720277f,0.20095741909580606f,0.47186518074271167f,0.2289644369067985f,-0.8514214807218572f,1.586907178518558f,0.2947108425207643f,0.8691830603702734f,0.39707219351909606f,0.17560739846439533f,0f,0f,0f,1f],start_interpolation:0}
execute if entity @s[tag=aj.tutankhamen.bone.right_arm] run data modify entity @s {} merge value {transformation:[0.15833932212802018f,-0.9260202609925472f,0.3426589197720277f,-0.103106885131601f,0.46895427413849805f,-0.2348687951445099f,-0.8514214807218572f,1.5178077168763968f,0.8689134294250913f,0.2955048651015073f,0.39707219351909606f,0.22535611016408386f,0f,0f,0f,1f],start_interpolation:0}
execute if entity @s[tag=aj.tutankhamen.bone.body] run data modify entity @s {} merge value {transformation:[-0.24066208143622017f,-0.0019028142531125104f,-0.9706070996323405f,0.0014271106898343829f,0.055511458709955795f,0.9983342729473825f,-0.015721240743462327f,0.1927985340325794f,0.9690202477299836f,-0.05766332245491217f,-0.24015557610178834f,0.04324749184118413f,0f,0f,0f,1f],start_interpolation:0}
execute if entity @s[tag=aj.tutankhamen.bone.left_foot] run data modify entity @s {} merge value {transformation:[-0.893666133148876f,-0.29609963778861415f,-0.337173318879455f,0.2335439718765927f,0.2767116443324681f,0.22788679496002612f,-0.9335407192906306f,0.7428696533139273f,0.35325841582835193f,-0.9275735082376481f,-0.12172049318888181f,0.35105390015970617f,0f,0f,0f,1f],start_interpolation:0}
execute if entity @s[tag=aj.tutankhamen.bone.left_leg] run data modify entity @s {} merge value {transformation:[-0.893666133148876f,-0.29609963778861415f,-0.337173318879455f,0.07607331368317168f,0.2767116443324681f,0.22788679496002612f,-0.9335407192906306f,0.8512173649943283f,0.35325841582835193f,-0.9275735082376481f,-0.12172049318888181f,-0.04372018419962885f,0f,0f,0f,1f],start_interpolation:0}
execute if entity @s[tag=aj.tutankhamen.bone.right_foot] run data modify entity @s {} merge value {transformation:[-0.9253535846394518f,-0.12016593267396351f,-0.35955652131412247f,0.06079993440820143f,0.2628719998317833f,0.480013572843093f,-0.8369499875087203f,1.2146393706065004f,0.2731648862854732f,-0.8689920129155415f,-0.4125940212722906f,0.3322225226608634f,0f,0f,0f,1f],start_interpolation:0}
execute if entity @s[tag=aj.tutankhamen.bone.right_leg] run data modify entity @s {} merge value {transformation:[-0.9253535846394518f,-0.3784061618964958f,0.023011302302989423f,-0.0758354619015326f,0.2628719998317833f,-0.6841949536874874f,-0.680276103544006f,0.9070893283734814f,0.2731648862854732f,-0.6234469039038846f,0.7325946375133418f,0.050928099506492866f,0f,0f,0f,1f],start_interpolation:0}