execute if entity @s[tag=aj.tutankhamen.bone.head] run data modify entity @s {} merge value {transformation:[0.14670594895585548f,-0.24727881729994644f,0.9577737473201599f,0f,0.031560322005732236f,0.9689272293624177f,0.24532421461193624f,1.6384869644506832f,-0.9886765449912607f,-0.005762873832433013f,0.14995158775196427f,0f,0f,0f,0f,1f],start_interpolation:0}
execute if entity @s[tag=aj.tutankhamen.bone.back_cape] run data modify entity @s {} merge value {transformation:[0.7326337841932729f,-0.6095854392011677f,0.3027430107740957f,0.10634735179979891f,0f,0.44480275844106065f,0.8956285536332702f,1.6384869644506832f,-0.680623051518713f,-0.6561677364798904f,0.3258775281362805f,0.11447402878019888f,0f,0f,0f,1f],start_interpolation:0}
execute if entity @s[tag=aj.tutankhamen.bone.left_hand] run data modify entity @s {} merge value {transformation:[0.8638513250296129f,0.26184205704976016f,-0.4303482606035861f,-0.33570414138385984f,-0.483760184120162f,0.6694565494095148f,-0.5637410865927132f,1.2704329542403574f,0.14048833583116044f,0.6951738384121313f,0.7049796889859559f,0.09070732914282388f,0f,0f,0f,1f],start_interpolation:0}
execute if entity @s[tag=aj.tutankhamen.bone.cape_left_back] run data modify entity @s {} merge value {transformation:[0.8936075909657958f,0.3023991126018841f,-0.33169300575366384f,-0.277398755534108f,-0.4114981638703768f,0.8470800967385254f,-0.33633996319313453f,1.346584175590878f,0.17926163699915162f,0.43704700709082034f,0.8813938841932935f,0.21261898475707247f,0f,0f,0f,1f],start_interpolation:0}
execute if entity @s[tag=aj.tutankhamen.bone.cape_left_side] run data modify entity @s {} merge value {transformation:[0.8936075909657958f,0.3023991126018841f,-0.33169300575366384f,-0.3755633159033056f,-0.4114981638703768f,0.8470800967385254f,-0.33633996319313453f,1.4529232590947663f,0.17926163699915162f,0.43704700709082034f,0.8813938841932935f,0.07443511845179335f,0f,0f,0f,1f],start_interpolation:0}
execute if entity @s[tag=aj.tutankhamen.bone.left_arm] run data modify entity @s {} merge value {transformation:[0.8638513250296129f,0.37913142599721517f,-0.33169300575366384f,-0.17649189488524702f,-0.483760184120162f,0.8079922731185416f,-0.33633996319313453f,1.5134869644506832f,0.14048833583116044f,0.45100759239956284f,0.8813938841932935f,0.2143235890193317f,0f,0f,0f,1f],start_interpolation:0}
execute if entity @s[tag=aj.tutankhamen.bone.cape_right_back] run data modify entity @s {} merge value {transformation:[0.23227864703596574f,-0.8905842286204385f,0.3910324307057912f,0.42956324988169514f,0.9666885990392229f,0.2558174017245146f,0.008402943680801772f,1.47213174899432f,-0.10751642952928467f,0.3760547682285872f,0.9203385402523453f,-0.15033859639466876f,0f,0f,0f,1f],start_interpolation:0}
execute if entity @s[tag=aj.tutankhamen.bone.cape_right] run data modify entity @s {} merge value {transformation:[0.23227864703596574f,-0.8905842286204385f,0.3910324307057912f,0.368098680804617f,0.9666885990392229f,0.2558174017245146f,0.008402943680801772f,1.621076106673998f,-0.10751642952928467f,0.3760547682285872f,0.9203385402523453f,-0.3972226735717058f,0f,0f,0f,1f],start_interpolation:0}
execute if entity @s[tag=aj.tutankhamen.bone.weapon] run data modify entity @s {} merge value {transformation:[0.01396718957921909f,-1.0679617476828287f,-1.2384870999379063f,0.7948497150314696f,1.3738143560462965f,-0.6642140968750658f,0.5882528557046295f,1.3039556034363091f,-0.8871452566223126f,-1.0454018426470217f,0.8914572085377135f,-0.6038489421728666f,0f,0f,0f,1f],start_interpolation:0}
execute if entity @s[tag=aj.tutankhamen.bone.right_hand] run data modify entity @s {} merge value {transformation:[0.23342359131018187f,-0.9008756131938281f,0.36597343697664847f,0.5237054592600119f,0.9658142753112159f,0.25844824215446727f,0.020181470024173385f,1.469838408518681f,-0.11276618564502361f,0.3487515386057953f,0.9304064443538438f,-0.2582264896118039f,0f,0f,0f,1f],start_interpolation:0}
execute if entity @s[tag=aj.tutankhamen.bone.right_arm] run data modify entity @s {} merge value {transformation:[0.23227864703596574f,-0.8905842286204385f,0.3910324307057912f,0.2267167714144417f,0.9666885990392229f,0.2558174017245146f,0.008402943680801772f,1.5134869644506832f,-0.10751642952928467f,0.3760547682285872f,0.9203385402523453f,-0.16026071049924964f,0f,0f,0f,1f],start_interpolation:0}
execute if entity @s[tag=aj.tutankhamen.bone.body] run data modify entity @s {} merge value {transformation:[0.7326337841932729f,0f,0.680623051518713f,0f,0f,1f,0f,0.20098696445068331f,-0.680623051518713f,0f,0.7326337841932729f,0f,0f,0f,0f,1f],start_interpolation:0}
execute if entity @s[tag=aj.tutankhamen.bone.left_foot] run data modify entity @s {} merge value {transformation:[0.8903765724578292f,0.04171318852080641f,0.45330957316350085f,-0.12014739056515528f,-0.3801119616230566f,0.6160623684769869f,0.6899145271536158f,0.6422116144241141f,-0.25048843456199665f,-0.7865921230535892f,0.5643831819789878f,0.4082895087007664f,0f,0f,0f,1f],start_interpolation:0}
execute if entity @s[tag=aj.tutankhamen.bone.left_leg] run data modify entity @s {} merge value {transformation:[0.8903765724578292f,0.04171318852080641f,0.45330957316350085f,-0.07407360269799532f,-0.3801119616230566f,0.6160623684769869f,0.6899145271536158f,0.8998604018320754f,-0.25048843456199665f,-0.7865921230535892f,0.5643831819789878f,0.0563276912847588f,0f,0f,0f,1f],start_interpolation:0}
execute if entity @s[tag=aj.tutankhamen.bone.right_foot] run data modify entity @s {} merge value {transformation:[0.5658324248662906f,-0.6398926910769546f,0.5199721250954004f,-0.047332359434384255f,0.4265813890311974f,0.7668670932764317f,0.479523909499799f,0.5943810888024784f,-0.705593357042247f,-0.04951974511293558f,0.7068845799292853f,-0.36890691837832973f,0f,0f,0f,1f],start_interpolation:0}
execute if entity @s[tag=aj.tutankhamen.bone.right_leg] run data modify entity @s {} merge value {transformation:[0.5658324248662906f,0.3179159437930312f,0.7607648254566715f,0.07407360269799532f,0.4265813890311974f,0.6767156723978005f,-0.6000701769488362f,0.8771135270692912f,-0.705593357042247f,0.6640672792822874f,0.24729064495947445f,-0.0563276912847588f,0f,0f,0f,1f],start_interpolation:0}