execute if entity @s[tag=aj.tutankhamen.bone.head] run data modify entity @s {} merge value {transformation:[-0.6882836551331345f,-0.22414391320388785f,0.6899457342793129f,0f,0.037043342217149486f,0.938969918002449f,0.3419989530449724f,1.6263197518866452f,-0.7244952731895188f,0.26095018539966996f,-0.6379746075400825f,0f,0f,0f,0f,1f],start_interpolation:0}
execute if entity @s[tag=aj.tutankhamen.bone.back_cape] run data modify entity @s {} merge value {transformation:[-0.25632886340569583f,-0.6491592589059182f,0.7161618325224148f,0.1510296297652223f,0f,0.7409161136498705f,0.67159758228717f,1.6263197518866452f,-0.9665896304974227f,0.17214984493368357f,-0.18991818529083668f,-0.04005138490713997f,0f,0f,0f,1f],start_interpolation:0}
execute if entity @s[tag=aj.tutankhamen.bone.left_hand] run data modify entity @s {} merge value {transformation:[0.015453267933869697f,0.08174934035098003f,0.9965331112724471f,0.22561588109821534f,-0.39323794388392935f,0.9168354513623602f,-0.06911349083295426f,1.2503962498319343f,-0.9193068671559588f,-0.3908066023973455f,0.046315046394659914f,0.40646575716612277f,0f,0f,0f,1f],start_interpolation:0}
execute if entity @s[tag=aj.tutankhamen.bone.cape_left_back] run data modify entity @s {} merge value {transformation:[-0.011273991147734625f,-0.30616867346120114f,0.9519105212752978f,0.24316879378234885f,-0.31561562918410446f,0.9043962562977761f,0.28714836967896784f,1.3773637039765392f,-0.948820147203f,-0.297200529921425f,-0.10682777389846504f,0.3191036420863447f,0f,0f,0f,1f],start_interpolation:0}
execute if entity @s[tag=aj.tutankhamen.bone.cape_left_side] run data modify entity @s {} merge value {transformation:[-0.011273991147734625f,-0.30616867346120114f,0.9519105212752978f,0.12594153973977015f,-0.31561562918410446f,0.9043962562977761f,0.28714836967896784f,1.3907850998266846f,-0.948820147203f,-0.297200529921425f,-0.10682777389846504f,0.4807102618241216f,0f,0f,0f,1f],start_interpolation:0}
execute if entity @s[tag=aj.tutankhamen.bone.left_arm] run data modify entity @s {} merge value {transformation:[0.015453267933869697f,-0.3059862022960428f,0.9519105212752978f,0.1061994684640614f,-0.39323794388392935f,0.8734470409135578f,0.28714836967896784f,1.5013197518866452f,-0.9193068671559588f,-0.37876471684120055f,-0.10682777389846504f,0.25652614421977216f,0f,0f,0f,1f],start_interpolation:0}
execute if entity @s[tag=aj.tutankhamen.bone.cape_right_back] run data modify entity @s {} merge value {transformation:[0.13403179016807532f,-0.002050403093450696f,0.990974911423844f,0.05253776675114599f,0.6727696367270656f,0.7344218057342993f,-0.08947417035158009f,1.3542483522834667f,-0.7276101257696139f,0.6786902143902811f,0.09981531830536344f,-0.3924236052193643f,0f,0f,0f,1f],start_interpolation:0}
execute if entity @s[tag=aj.tutankhamen.bone.cape_right] run data modify entity @s {} merge value {transformation:[0.13399365892963666f,0.0037979330105728515f,0.990974911423844f,-0.17426945189705928f,0.6400942798725734f,0.7630685983018225f,-0.08947417035158009f,1.4766316261014514f,-0.7565216535176372f,0.6463063437647345f,0.09981531830536344f,-0.535583943157836f,0f,0f,0f,1f],start_interpolation:0}
execute if entity @s[tag=aj.tutankhamen.bone.weapon] run data modify entity @s {} merge value {transformation:[0.047670096459533656f,-1.0493225832824022f,1.2534900684601356f,-0.15724086499631026f,1.0753394943198724f,0.9646363304694797f,0.7666220682353001f,0.9368799947126203f,-1.231243358345754f,0.8018644148252458f,0.7180814204375063f,-0.7797876042605113f,0f,0f,0f,1f],start_interpolation:0}
execute if entity @s[tag=aj.tutankhamen.bone.right_hand] run data modify entity @s {} merge value {transformation:[0.1857934791923756f,-0.18852011829711127f,0.9643344586225442f,-0.005685604997614745f,0.6633010906601107f,0.7481249688449815f,0.018457901283818315f,1.2844598593887306f,-0.7249223725466749f,0.6362147404673509f,0.26404234091024376f,-0.5030916572564675f,0f,0f,0f,1f],start_interpolation:0}
execute if entity @s[tag=aj.tutankhamen.bone.right_arm] run data modify entity @s {} merge value {transformation:[0.13399365892963666f,0.0037979330105728515f,0.990974911423844f,-0.03487240315558034f,0.6400942798725734f,0.7630685983018225f,-0.08947417035158009f,1.5013197518866452f,-0.7565216535176372f,0.6463063437647345f,0.09981531830536344f,-0.275441291872637f,0f,0f,0f,1f],start_interpolation:0}
execute if entity @s[tag=aj.tutankhamen.bone.body] run data modify entity @s {} merge value {transformation:[-0.25632886340569583f,0f,0.9665896304974227f,0f,0f,1f,0f,0.18881975188664524f,-0.9665896304974227f,0f,-0.25632886340569583f,0f,0f,0f,0f,1f],start_interpolation:0}
execute if entity @s[tag=aj.tutankhamen.bone.left_foot] run data modify entity @s {} merge value {transformation:[-0.5473959729149778f,-0.2551989988966692f,0.7970138767917423f,0.17331529600254134f,-0.10435926380747149f,0.9657523608031087f,0.2375531975385402f,0.45891418562608255f,-0.8303413713010013f,0.046859882259348125f,-0.5552813327860145f,0.087909577088581f,0f,0f,0f,1f],start_interpolation:0}
execute if entity @s[tag=aj.tutankhamen.bone.left_leg] run data modify entity @s {} merge value {transformation:[-0.5473959729149778f,-0.2551989988966692f,0.7970138767917423f,0.044559609831655494f,-0.10435926380747149f,0.9657523608031087f,0.2375531975385402f,0.8781696164834591f,-0.8303413713010013f,0.046859882259348125f,-0.5552813327860145f,0.08246260772388952f,0f,0f,0f,1f],start_interpolation:0}
execute if entity @s[tag=aj.tutankhamen.bone.right_foot] run data modify entity @s {} merge value {transformation:[-0.5310257895268427f,0.10275723921956845f,0.8411019918210666f,-0.17019298660093082f,0.46871090360348044f,0.8625570037217191f,0.19054003299521985f,0.5029666362589532f,-0.7059190461381546f,0.4954153460668965f,-0.5062034523596365f,-0.27889173391203326f,0f,0f,0f,1f],start_interpolation:0}
execute if entity @s[tag=aj.tutankhamen.bone.right_leg] run data modify entity @s {} merge value {transformation:[-0.5310257895268427f,0.24923159050642632f,0.8098735859077207f,-0.044559609831655494f,0.46871090360348044f,0.8826296383279699f,0.035707287606959105f,0.8744698872898313f,-0.7059190461381546f,0.3985580708487461f,-0.5855166645457015f,-0.08246260772388952f,0f,0f,0f,1f],start_interpolation:0}