execute if entity @s[tag=aj.tutankhamen.bone.head] run data modify entity @s {} merge value {transformation:[0.24343620404466249f,-0.2374630149264635f,0.9403989212575476f,0f,0.02394820761152587f,0.9707424691092683f,0.23892580860977836f,1.6387914072154435f,-0.9696212136254654f,-0.035642323292335215f,0.24200067536642117f,0f,0f,0f,0f,1f],start_interpolation:0}
execute if entity @s[tag=aj.tutankhamen.bone.back_cape] run data modify entity @s {} merge value {transformation:[0.8170328547859712f,-0.5307983204653527f,0.2251898247955408f,0.09009236175985127f,0f,0.39055375435815787f,0.9205801241373548f,1.6387914072154435f,-0.5765911152630482f,-0.7521442068831667f,0.3190952488706247f,0.127661383560308f,0f,0f,0f,1f],start_interpolation:0}
execute if entity @s[tag=aj.tutankhamen.bone.left_hand] run data modify entity @s {} merge value {transformation:[0.8373223722698739f,0.14872675180132228f,-0.5260908649605867f,-0.340270429251049f,-0.4837600734622768f,0.649849282024906f,-0.5862355345554269f,1.2737670131632866f,0.2546908640295586f,0.7453698839840137f,0.6160814068201819f,0.0358333747018707f,0f,0f,0f,1f],start_interpolation:0}
execute if entity @s[tag=aj.tutankhamen.bone.cape_left_back] run data modify entity @s {} merge value {transformation:[0.8602864736422223f,0.22592259548016014f,-0.45701877873861774f,-0.30157441315153544f,-0.4125383073028099f,0.8351899332465986f,-0.36368931852788133f,1.3465544170238923f,0.2995318485169186f,0.5014147547241207f,0.811704327615042f,0.16723196862178616f,0f,0f,0f,1f],start_interpolation:0}
execute if entity @s[tag=aj.tutankhamen.bone.cape_left_side] run data modify entity @s {} merge value {transformation:[0.8602864736422223f,0.22592259548016014f,-0.45701877873861774f,-0.37886682731580545f,-0.4125383073028099f,0.8351899332465986f,-0.36368931852788133f,1.4564746923559415f,0.2995318485169186f,0.5014147547241207f,0.811704327615042f,0.018967076339137384f,0f,0f,0f,1f],start_interpolation:0}
execute if entity @s[tag=aj.tutankhamen.bone.left_arm] run data modify entity @s {} merge value {transformation:[0.8373223722698739f,0.3000417983825132f,-0.45701877873861774f,-0.20355500846134236f,-0.4837600734622768f,0.7960567008150223f,-0.36368931852788133f,1.5137914072154435f,0.2546908640295586f,0.5256126409352131f,0.811704327615042f,0.18881035008869435f,0f,0f,0f,1f],start_interpolation:0}
execute if entity @s[tag=aj.tutankhamen.bone.cape_right_back] run data modify entity @s {} merge value {transformation:[0.2445656583482787f,-0.9417946858193319f,0.23067381411668453f,0.4444979649363183f,0.9666885332555186f,0.2553478371321789f,0.017628435671166426f,1.4733370351606176f,-0.07550442655213815f,0.21867842105334484f,0.9728714353585722f,-0.08426653600666772f,0f,0f,0f,1f],start_interpolation:0}
execute if entity @s[tag=aj.tutankhamen.bone.cape_right] run data modify entity @s {} merge value {transformation:[0.2445656583482787f,-0.9417946858193319f,0.23067381411668453f,0.4250428955240657f,0.9666885332555186f,0.2553478371321789f,0.017628435671166426f,1.6199750095640009f,-0.07550442655213815f,0.21867842105334484f,0.9728714353585722f,-0.3392819614950824f,0f,0f,0f,1f],start_interpolation:0}
execute if entity @s[tag=aj.tutankhamen.bone.weapon] run data modify entity @s {} merge value {transformation:[0.18459434426091204f,-0.813568919225708f,-1.4066336464580633f,0.8889310760389184f,1.3591404741500757f,-0.6986347883401012f,0.5824382178902762f,1.299483547339813f,-0.8906457057691923f,-1.2347480389950032f,0.5972731206106646f,-0.4575759945097496f,0f,0f,0f,1f],start_interpolation:0}
execute if entity @s[tag=aj.tutankhamen.bone.right_hand] run data modify entity @s {} merge value {transformation:[0.24855383437359854f,-0.9520964630565972f,0.17813847549953707f,0.5554478641048258f,0.964848469967878f,0.25957295727801205f,0.04110121470944996f,1.4705257949538824f,-0.08537225204260862f,0.16166077101469234f,0.9831466694731302f,-0.17476531667800094f,0f,0f,0f,1f],start_interpolation:0}
execute if entity @s[tag=aj.tutankhamen.bone.right_arm] run data modify entity @s {} merge value {transformation:[0.2445656583482787f,-0.9417946858193319f,0.23067381411668453f,0.24610310833439084f,0.9666885332555186f,0.2553478371321789f,0.017628435671166426f,1.5137914072154435f,-0.07550442655213815f,0.21867842105334484f,0.9728714353585722f,-0.12851945315190055f,0f,0f,0f,1f],start_interpolation:0}
execute if entity @s[tag=aj.tutankhamen.bone.body] run data modify entity @s {} merge value {transformation:[0.8170328547859712f,0f,0.5765911152630482f,0f,0f,1f,0f,0.20129140721544347f,-0.5765911152630482f,0f,0.8170328547859712f,0f,0f,0f,0f,1f],start_interpolation:0}
execute if entity @s[tag=aj.tutankhamen.bone.left_foot] run data modify entity @s {} merge value {transformation:[0.9070696236416896f,0.12921702273471636f,0.4006590307257518f,-0.16361165323538573f,-0.3938920227232663f,0.5963870715554077f,0.6994079891712269f,0.6518509454356913f,-0.14857244798917857f,-0.7922281375444453f,0.5918621509957886f,0.40078005780577985f,0f,0f,0f,1f],start_interpolation:0}
execute if entity @s[tag=aj.tutankhamen.bone.left_leg] run data modify entity @s {} merge value {transformation:[0.9070696236416896f,0.12921702273471636f,0.4006590307257518f,-0.07873328005014454f,-0.3938920227232663f,0.5963870715554077f,0.6994079891712269f,0.9004611635310802f,-0.14857244798917857f,-0.7922281375444453f,0.5918621509957886f,0.04953735863042322f,0f,0f,0f,1f],start_interpolation:0}
execute if entity @s[tag=aj.tutankhamen.bone.right_foot] run data modify entity @s {} merge value {transformation:[0.6241704434679652f,-0.6237664607073345f,0.4704536746563347f,-0.014237980308886178f,0.42163138626123475f,0.7758680029644879f,0.46931419762812066f,0.5909789892890476f,-0.6577524090571106f,-0.09457401584231381f,0.7472733930142464f,-0.3686948972435098f,0f,0f,0f,1f],start_interpolation:0}
execute if entity @s[tag=aj.tutankhamen.bone.right_leg] run data modify entity @s {} merge value {transformation:[0.6241704434679652f,0.25708934106835346f,0.7377779667420565f,0.07873328005014454f,0.42163138626123475f,0.684156896986109f,-0.5951103380262923f,0.8771216508998068f,-0.6577524090571106f,0.68252063046869f,0.3186335785258492f,-0.04953735863042322f,0f,0f,0f,1f],start_interpolation:0}