execute if entity @s[tag=aj.tutankhamen.bone.head] run data modify entity @s {} merge value {transformation:[-0.504630856439414f,-0.22654036281926576f,0.833082926690338f,0f,0.07395451567623412f,0.9500689907293017f,0.3031495381254928f,1.6281681543869753f,-0.8601618617099442f,0.21458885541500383f,-0.46268044565484007f,0f,0f,0f,0f,1f],start_interpolation:0}
execute if entity @s[tag=aj.tutankhamen.bone.back_cape] run data modify entity @s {} merge value {transformation:[-0.13252858102922654f,-0.8337342901860461f,0.5360254738147711f,0.15487174753274777f,0f,0.5407957333589726f,0.8411539542680229f,1.6281681543869753f,-0.9911791842095857f,0.11147693998626398f,-0.07167089116872459f,-0.020707590785816646f,0f,0f,0f,1f],start_interpolation:0}
execute if entity @s[tag=aj.tutankhamen.bone.left_hand] run data modify entity @s {} merge value {transformation:[0.3458142860030305f,0.0798011555078584f,0.9349033400174721f,0.1617612380685874f,-0.467080503835805f,0.8787941555131602f,0.09775804402913335f,1.2840475697141267f,-0.8137863863033744f,-0.4704812512901254f,0.3411731373537096f,0.477191301302606f,0f,0f,0f,1f],start_interpolation:0}
execute if entity @s[tag=aj.tutankhamen.bone.cape_left_back] run data modify entity @s {} merge value {transformation:[0.3226102360935755f,-0.2803220818990815f,0.9040697793685023f,0.1940544082932146f,-0.3964867895281109f,0.8272830219947891f,0.39799626537049415f,1.4040536958781868f,-0.8594887208668529f,-0.4868493934667415f,0.1557459687559425f,0.38436533970343656f,0f,0f,0f,1f],start_interpolation:0}
execute if entity @s[tag=aj.tutankhamen.bone.cape_left_side] run data modify entity @s {} merge value {transformation:[0.3226102360935755f,-0.2803220818990815f,0.9040697793685023f,0.030637836482530663f,-0.3964867895281109f,0.8272830219947891f,0.39799626537049415f,1.4162552235706425f,-0.8594887208668529f,-0.4868493934667415f,0.1557459687559425f,0.49919220624438954f,0f,0f,0f,1f],start_interpolation:0}
execute if entity @s[tag=aj.tutankhamen.bone.left_arm] run data modify entity @s {} merge value {transformation:[0.3458142860030305f,-0.2511380370011721f,0.9040697793685023f,0.0730396785815629f,-0.467080503835805f,0.7895788597015688f,0.39799626537049415f,1.5031681543869753f,-0.8137863863033744f,-0.5599061623911352f,0.1557459687559425f,0.26786040230503366f,0f,0f,0f,1f],start_interpolation:0}
execute if entity @s[tag=aj.tutankhamen.bone.cape_right_back] run data modify entity @s {} merge value {transformation:[0.12792001762314192f,-0.1854788556445189f,0.9742864379637515f,0.12046335851615445f,0.862072598247639f,0.5065075598717158f,-0.01676088134213541f,1.4048568940045643f,-0.49037465721819284f,0.8420496932495137f,0.22468869499051375f,-0.4147655591620638f,0f,0f,0f,1f],start_interpolation:0}
execute if entity @s[tag=aj.tutankhamen.bone.cape_right] run data modify entity @s {} merge value {transformation:[0.13588874016355734f,-0.17972252807221029f,0.9742864379637515f,-0.10187563532422758f,0.8391585466962396f,0.5436285555076095f,-0.01676088134213541f,1.5401656372613854f,-0.5266376209533615f,0.8198584063971314f,0.22468869499051375f,-0.553224861183655f,0f,0f,0f,1f],start_interpolation:0}
execute if entity @s[tag=aj.tutankhamen.bone.weapon] run data modify entity @s {} merge value {transformation:[-0.07483624472329953f,-1.1579905164655293f,1.1524084232001792f,0.08077494048718376f,1.342934961884565f,0.6133352034201012f,0.7035149536469264f,1.1002232459775296f,-0.930329456824263f,0.9785016942410637f,0.9228267495817143f,-0.9358730078946791f,0f,0f,0f,1f],start_interpolation:0}
execute if entity @s[tag=aj.tutankhamen.bone.right_hand] run data modify entity @s {} merge value {transformation:[0.21526315124734763f,-0.486133622731663f,0.8469568327635423f,0.08628229528255743f,0.8694780899449174f,0.4902633602272769f,0.06041265367783126f,1.364174584234254f,-0.4446005249893435f,0.723405791011137f,0.5282181696143666f,-0.5477483290534049f,0f,0f,0f,1f],start_interpolation:0}
execute if entity @s[tag=aj.tutankhamen.bone.right_arm] run data modify entity @s {} merge value {transformation:[0.13588874016355734f,-0.17972252807221029f,0.9742864379637515f,0.00010191136922293315f,0.8391585466962396f,0.5436285555076095f,-0.01676088134213541f,1.5031681543869753f,-0.5266376209533615f,0.8198584063971314f,0.22468869499051375f,-0.2776400176206329f,0f,0f,0f,1f],start_interpolation:0}
execute if entity @s[tag=aj.tutankhamen.bone.body] run data modify entity @s {} merge value {transformation:[-0.13252858102922654f,0f,0.9911791842095857f,0f,0f,1f,0f,0.19066815438697526f,-0.9911791842095857f,0f,-0.13252858102922654f,0f,0f,0f,0f,1f],start_interpolation:0}
execute if entity @s[tag=aj.tutankhamen.bone.left_foot] run data modify entity @s {} merge value {transformation:[-0.5341894566079288f,-0.3919879447341138f,0.748990704636614f,0.22457762812536053f,-0.05164093602072921f,0.8994736047368846f,0.43391294992030083f,0.4897344830765536f,-0.8437860144466895f,0.19311314187480866f,-0.5007319405224828f,0.028210981426738384f,0f,0f,0f,1f],start_interpolation:0}
execute if entity @s[tag=aj.tutankhamen.bone.left_leg] run data modify entity @s {} merge value {transformation:[-0.5341894566079288f,-0.3919879447341138f,0.748990704636614f,0.036389481785187985f,-0.05164093602072921f,0.8994736047368846f,0.43391294992030083f,0.8816404058982928f,-0.8437860144466895f,0.19311314187480866f,-0.5007319405224828f,0.08632966804550812f,0f,0f,0f,1f],start_interpolation:0}
execute if entity @s[tag=aj.tutankhamen.bone.right_foot] run data modify entity @s {} merge value {transformation:[-0.5164304627802234f,0.04270179328595358f,0.8552637803407603f,-0.19537313171658838f,0.6507268012660833f,0.6687974506177132f,0.359533865110449f,0.5666604744543547f,-0.5566454951103221f,0.7422173043640325f,-0.37317457828203343f,-0.3550696657975999f,0f,0f,0f,1f],start_interpolation:0}
execute if entity @s[tag=aj.tutankhamen.bone.right_leg] run data modify entity @s {} merge value {transformation:[-0.5164304627802234f,0.3265033096446135f,0.7916408061133018f,-0.036389481785187985f,0.6507268012660833f,0.7505614650534127f,0.11494397457407651f,0.8746959028756577f,-0.5566454951103221f,0.574502459496901f,-0.6000772590303652f,-0.08632966804550812f,0f,0f,0f,1f],start_interpolation:0}