execute if entity @s[tag=aj.tutankhamen.bone.head] run data modify entity @s {} merge value {transformation:[-0.5734602333678982f,-0.2404771956589437f,0.7831437154913814f,0f,0.05053439907100636f,0.9437429417584275f,0.3267958604261709f,1.6269871264202331f,-0.8176733059456984f,0.22698012743224716f,-0.5290466770471891f,0f,0f,0f,0f,1f],start_interpolation:0}
execute if entity @s[tag=aj.tutankhamen.bone.back_cape] run data modify entity @s {} merge value {transformation:[-0.14805275624829856f,-0.7354358012125071f,0.6612220229712554f,0.1545280413411257f,0f,0.6685902454505674f,0.7436310131297309f,1.6269871264202331f,-0.9889794645832044f,0.11009662112557135f,-0.09898662863968297f,-0.023133243163796648f,0f,0f,0f,1f],start_interpolation:0}
execute if entity @s[tag=aj.tutankhamen.bone.left_hand] run data modify entity @s {} merge value {transformation:[0.20354769725359154f,0.10439256805296929f,0.9734837064265977f,0.17582798701973829f,-0.42782700049871925f,0.9038297890683152f,-0.007467933917328251f,1.2629870162259593f,-0.8806431698406734f,-0.41496253340275285f,0.22863443153851526f,0.44796175320701764f,0f,0f,0f,1f],start_interpolation:0}
execute if entity @s[tag=aj.tutankhamen.bone.cape_left_back] run data modify entity @s {} merge value {transformation:[0.17989096370131316f,-0.2792847862039791f,0.9432068963772531f,0.204624982375059f,-0.3527546593218876f,0.8767601163854242f,0.3268881286350372f,1.3871128819465148f,-0.9182610693617104f,-0.3915248478842885f,0.059202212660278614f,0.359505657744354f,0f,0f,0f,1f],start_interpolation:0}
execute if entity @s[tag=aj.tutankhamen.bone.cape_left_side] run data modify entity @s {} merge value {transformation:[0.17989096370131316f,-0.2792847862039791f,0.9432068963772531f,0.058616157249572164f,-0.3527546593218876f,0.8767601163854242f,0.3268881286350372f,1.40136978138618f,-0.9182610693617104f,-0.3915248478842885f,0.059202212660278614f,0.4955836732495864f,0f,0f,0f,1f],start_interpolation:0}
execute if entity @s[tag=aj.tutankhamen.bone.left_arm] run data modify entity @s {} merge value {transformation:[0.20354769725359154f,-0.2625434927191107f,0.9432068963772531f,0.07723042090264423f,-0.42782700049871925f,0.842679185100565f,0.3268881286350372f,1.5019871264202331f,-0.8806431698406734f,-0.4700667031699841f,0.059202212660278614f,0.2666823051076185f,0f,0f,0f,1f],start_interpolation:0}
execute if entity @s[tag=aj.tutankhamen.bone.cape_right_back] run data modify entity @s {} merge value {transformation:[0.17499236479837463f,-0.11873049499619741f,0.9773846437407487f,0.10376275811150706f,0.7565530410614513f,0.6515032965572711f,-0.05631119458578761f,1.373214952242288f,-0.6300834613945541f,0.749297353614015f,0.20383401959459818f,-0.3988762723154421f,0f,0f,0f,1f],start_interpolation:0}
execute if entity @s[tag=aj.tutankhamen.bone.cape_right] run data modify entity @s {} merge value {transformation:[0.18000476229553708f,-0.1109844301273682f,0.9773846437407487f,-0.11245765871500246f,0.7274147955424641f,0.6838835899407418f,-0.05631119458578761f,1.500951312692245f,-0.6621676530734812f,0.7211003339890132f,0.20383401959459818f,-0.5532984730068231f,0f,0f,0f,1f],start_interpolation:0}
execute if entity @s[tag=aj.tutankhamen.bone.weapon] run data modify entity @s {} merge value {transformation:[0.06950119723556379f,-1.1490255660261641f,1.1616787446674692f,-0.010002534812495863f,1.1991140719757967f,0.8256869065299143f,0.7449525141818076f,0.991525931190016f,-1.1099021126133417f,0.8201030756035637f,0.8775738825951508f,-0.855845096187721f,0f,0f,0f,1f],start_interpolation:0}
execute if entity @s[tag=aj.tutankhamen.bone.right_hand] run data modify entity @s {} merge value {transformation:[0.2417778008231885f,-0.35694759295972694f,0.9022925860879937f,0.0621744204653668f,0.7555915093169757f,0.6526682488527014f,0.055728161531159885f,1.313980665522009f,-0.6087897552334446f,0.668290784628821f,0.4275072643862292f,-0.5224461794472774f,0f,0f,0f,1f],start_interpolation:0}
execute if entity @s[tag=aj.tutankhamen.bone.right_arm] run data modify entity @s {} merge value {transformation:[0.18000476229553708f,-0.1109844301273682f,0.9773846437407487f,-0.004251153762388125f,0.7274147955424641f,0.6838835899407418f,-0.05631119458578761f,1.5019871264202331f,-0.6621676530734812f,0.7211003339890132f,0.20383401959459818f,-0.277607488123071f,0f,0f,0f,1f],start_interpolation:0}
execute if entity @s[tag=aj.tutankhamen.bone.body] run data modify entity @s {} merge value {transformation:[-0.14805275624829856f,0f,0.9889794645832044f,0f,0f,1f,0f,0.18948712642023302f,-0.9889794645832044f,0f,-0.14805275624829856f,0f,0f,0f,0f,1f],start_interpolation:0}
execute if entity @s[tag=aj.tutankhamen.bone.left_foot] run data modify entity @s {} merge value {transformation:[-0.5053772482436484f,-0.3138822388232396f,0.8037859025318798f,0.19077938993072124f,-0.08336703304882244f,0.9448983891035844f,0.3165706430957991f,0.468668253274689f,-0.858861906687166f,0.09297835458192431f,-0.503697578732441f,0.07197792319971057f,0f,0f,0f,1f],start_interpolation:0}
execute if entity @s[tag=aj.tutankhamen.bone.left_leg] run data modify entity @s {} merge value {transformation:[-0.5053772482436484f,-0.3138822388232396f,0.8037859025318798f,0.037662871437939914f,-0.08336703304882244f,0.9448983891035844f,0.3165706430957991f,0.8794560787247314f,-0.858861906687166f,0.09297835458192431f,-0.503697578732441f,0.08581651874532852f,0f,0f,0f,1f],start_interpolation:0}
execute if entity @s[tag=aj.tutankhamen.bone.right_foot] run data modify entity @s {} merge value {transformation:[-0.49381979106122464f,0.06090838990408087f,0.8674284881161908f,-0.16819186336202896f,0.5507137052714876f,0.7938943086904907f,0.2577716847425201f,0.5276228401962195f,-0.6729460816309116f,0.6049975162495631f,-0.4255838067284304f,-0.3203556883357174f,0f,0f,0f,1f],start_interpolation:0}
execute if entity @s[tag=aj.tutankhamen.bone.right_leg] run data modify entity @s {} merge value {transformation:[-0.49381979106122464f,0.2630791393221161f,0.8288132361453833f,-0.037662871437939914f,0.5507137052714876f,0.8322403136211408f,0.06395682301314366f,0.8745181741157346f,-0.6729460816309116f,0.4880219532329667f,-0.5558580253808363f,-0.08581651874532852f,0f,0f,0f,1f],start_interpolation:0}