execute if entity @s[tag=aj.tutankhamen.bone.head] run data modify entity @s {} merge value {transformation:[0.763572799412909f,-0.31906692037106643f,0.5613847881103093f,0f,0.27478929204398206f,0.9473023231326623f,0.16464857595930865f,1.6378600823045266f,-0.5843350280230515f,0.02854135442449443f,0.811010459928178f,0f,0f,0f,0f,1f],start_interpolation:0}
execute if entity @s[tag=aj.tutankhamen.bone.back_cape] run data modify entity @s {} merge value {transformation:[0.5132983738789278f,-0.7762803974118061f,0.36594196803238704f,0.1340953466620568f,0f,0.4264013176322956f,0.9045340879820075f,1.6378600823045266f,-0.8582102186371636f,-0.4642958764792235f,0.21887110296048953f,0.08020287091858247f,0f,0f,0f,1f],start_interpolation:0}
execute if entity @s[tag=aj.tutankhamen.bone.left_hand] run data modify entity @s {} merge value {transformation:[0.8687017997375388f,0.46364513805938334f,0.17432833701569073f,-0.2562723479169668f,-0.4837594447200025f,0.8697633485531949f,0.09740901989922912f,1.289559827966998f,-0.10646117967106966f,-0.16895237041080197f,0.9798577007686449f,0.42339666129874437f,0f,0f,0f,1f],start_interpolation:0}
execute if entity @s[tag=aj.tutankhamen.bone.cape_left_back] run data modify entity @s {} merge value {transformation:[0.8994400498378697f,0.3134114666592794f,0.30459949000963493f,-0.15645882109542203f,-0.4120897915380027f,0.8403092778883976f,0.35222481628193847f,1.4078042365879941f,-0.1455664812304529f,-0.44232744665141355f,0.8849614847444068f,0.4126032373662201f,0f,0f,0f,1f],start_interpolation:0}
execute if entity @s[tag=aj.tutankhamen.bone.cape_left_side] run data modify entity @s {} merge value {transformation:[0.8994400498378697f,0.3134114666592794f,0.30459949000963493f,-0.33507126513379354f,-0.4120897915380027f,0.8403092778883976f,0.35222481628193847f,1.4281651644805649f,-0.1455664812304529f,-0.44232744665141355f,0.8849614847444068f,0.32472781446542753f,0f,0f,0f,1f],start_interpolation:0}
execute if entity @s[tag=aj.tutankhamen.bone.left_arm] run data modify entity @s {} merge value {transformation:[0.8687017997375388f,0.3906102070077422f,0.30459949000963493f,-0.10958342449867725f,-0.4837594447200025f,0.8011956555295028f,0.35222481628193847f,1.5128600823045266f,-0.10646117967106966f,-0.45333121196540077f,0.8849614847444068f,0.2550989275662585f,0f,0f,0f,1f],start_interpolation:0}
execute if entity @s[tag=aj.tutankhamen.bone.cape_right_back] run data modify entity @s {} merge value {transformation:[0.19250889759070117f,-0.01947240412210449f,0.9811020078595896f,0.26312332906651925f,0.9713405419111063f,0.145830643618367f,-0.1876991609509505f,1.4695645244513265f,-0.13941978334601934f,0.9891179145377753f,0.04698803201019125f,-0.398723339530549f,0f,0f,0f,1f],start_interpolation:0}
execute if entity @s[tag=aj.tutankhamen.bone.cape_right] run data modify entity @s {} merge value {transformation:[0.19299380611454336f,-0.013865099181169294f,0.9811020078595896f,0.04800310930701926f,0.9666881731209285f,0.17402011644183757f,-0.1876991609509505f,1.6675343417392092f,-0.1681290181662393f,0.9846444830994916f,0.04698803201019125f,-0.4367405066215717f,0f,0f,0f,1f],start_interpolation:0}
execute if entity @s[tag=aj.tutankhamen.bone.weapon] run data modify entity @s {} merge value {transformation:[-0.18093918834587722f,-0.6258466471602318f,1.5000548849859268f,-0.203835053483103f,1.596758271290513f,-0.35042496434887166f,0.0464008732410745f,1.5320345812180045f,0.30366380554352757f,1.4697299045098382f,0.6498230332970922f,-0.7482857455347101f,0f,0f,0f,1f],start_interpolation:0}
execute if entity @s[tag=aj.tutankhamen.bone.right_hand] run data modify entity @s {} merge value {transformation:[0.2866659123055352f,0.53272541474787f,0.7962576763860708f,0.20956864741402054f,0.9536118183853031f,-0.07893388808579321f,-0.2905063530243958f,1.4897522128655603f,-0.09190840308650061f,0.8425989994020695f,-0.5306409064977182f,-0.5299946837363173f,0f,0f,0f,1f],start_interpolation:0}
execute if entity @s[tag=aj.tutankhamen.bone.right_arm] run data modify entity @s {} merge value {transformation:[0.19299380611454336f,-0.013865099181169294f,0.9811020078595896f,0.17291290205746013f,0.9666881731209285f,0.17402011644183757f,-0.1876991609509505f,1.5128600823045266f,-0.1681290181662393f,0.9846444830994916f,0.04698803201019125f,-0.2172213573117977f,0f,0f,0f,1f],start_interpolation:0}
execute if entity @s[tag=aj.tutankhamen.bone.body] run data modify entity @s {} merge value {transformation:[0.5132983738789278f,0f,0.8582102186371636f,0f,0f,1f,0f,0.20036008230452673f,-0.8582102186371636f,0f,0.5132983738789278f,0f,0f,0f,0f,1f],start_interpolation:0}
execute if entity @s[tag=aj.tutankhamen.bone.left_foot] run data modify entity @s {} merge value {transformation:[0.9869386774034199f,-0.14912289414753338f,-0.060945955454418124f,-0.05855592464802091f,0.15285474148329267f,0.7473887456379161f,0.6465643749077568f,0.5665179961438328f,-0.05086722964015361f,-0.6474352672930677f,0.7604210015602475f,0.2785301613468803f,0f,0f,0f,1f],start_interpolation:0}
execute if entity @s[tag=aj.tutankhamen.bone.left_leg] run data modify entity @s {} merge value {transformation:[0.9869386774034199f,-0.14912289414753338f,-0.060945955454418124f,-0.0929553571687099f,0.15285474148329267f,0.7473887456379161f,0.6465643749077568f,0.898277283031774f,-0.05086722964015361f,-0.6474352672930677f,0.7604210015602475f,-0.00631236902009163f,0f,0f,0f,1f],start_interpolation:0}
execute if entity @s[tag=aj.tutankhamen.bone.right_foot] run data modify entity @s {} merge value {transformation:[0.8895698573167353f,-0.42532866136391f,-0.1666163220571974f,0.20899142311812774f,0.43621065448501284f,0.6826826514417408f,0.586229189254707f,0.6104645310965575f,-0.13559400380267617f,-0.5941716311326708f,0.7928268025804255f,-0.3217745162307138f,0f,0f,0f,1f],start_interpolation:0}
execute if entity @s[tag=aj.tutankhamen.bone.right_leg] run data modify entity @s {} merge value {transformation:[0.8895698573167353f,-0.20168458950461687f,0.409864362088042f,0.0929553571687099f,0.43621065448501284f,0.6413941335620081f,-0.6311369347027612f,0.8774428815772795f,-0.13559400380267617f,0.7402275945873641f,0.6585418546638966f,0.00631236902009163f,0f,0f,0f,1f],start_interpolation:0}