execute if entity @s[tag=aj.tutankhamen.bone.head] run data modify entity @s {} merge value {transformation:[-0.41169317042168324f,0.26224658652247623f,-0.8727745764431112f,-0.0019523179703287623f,0.2716801401877105f,0.9494720773733717f,0.15713903307542637f,1.6291215842424345f,0.8698842652075787f,-0.17242245255651412f,-0.46213835915088f,-0.03880741502028148f,0f,0f,0f,1f],start_interpolation:0}
execute if entity @s[tag=aj.tutankhamen.bone.back_cape] run data modify entity @s {} merge value {transformation:[-0.2168578217591181f,0.5575986078743662f,-0.8012842676843588f,-0.1544834223998809f,0.05448925934816692f,0.8264513892356282f,0.5603650790745157f,1.6267764525888266f,0.9746812841937506f,0.07785816416451641f,-0.20960558321607856f,-0.07261311038405574f,0f,0f,0f,1f],start_interpolation:0}
execute if entity @s[tag=aj.tutankhamen.bone.left_hand] run data modify entity @s {} merge value {transformation:[-0.2168578217591181f,0.2908404176991758f,-0.9318715236417836f,-0.16461281367194777f,0.05448925934816692f,0.9567057280008168f,0.2859109487692194f,1.2428211151815742f,0.9746812841937506f,0.011225036436287125f,-0.22331679918766803f,-0.3740195296238776f,0f,0f,0f,1f],start_interpolation:0}
execute if entity @s[tag=aj.tutankhamen.bone.cape_left_back] run data modify entity @s {} merge value {transformation:[-0.16743469145180762f,0.5743771813538371f,-0.8012842676843588f,-0.14404769723737962f,0.1263118959392551f,0.818557440316831f,0.5603650790745157f,1.3940754326001727f,0.9777581137697957f,-0.0073871809222996465f,-0.20960558321607856f,-0.34644806330200617f,0f,0f,0f,1f],start_interpolation:0}
execute if entity @s[tag=aj.tutankhamen.bone.cape_left_side] run data modify entity @s {} merge value {transformation:[-0.16743469145180762f,0.5743771813538371f,-0.8012842676843588f,-0.01772549323748981f,0.1263118959392551f,0.818557440316831f,0.5603650790745157f,1.3042935639753497f,0.9777581137697957f,-0.0073871809222996465f,-0.20960558321607856f,-0.4730220706765269f,0f,0f,0f,1f],start_interpolation:0}
execute if entity @s[tag=aj.tutankhamen.bone.left_arm] run data modify entity @s {} merge value {transformation:[-0.2168578217591181f,0.5575986078743662f,-0.8012842676843588f,0.022058957304910382f,0.05448925934816692f,0.8264513892356282f,0.5603650790745157f,1.488773402306376f,0.9746812841937506f,0.07785816416451641f,-0.20960558321607856f,-0.3079446221418763f,0f,0f,0f,1f],start_interpolation:0}
execute if entity @s[tag=aj.tutankhamen.bone.cape_right_back] run data modify entity @s {} merge value {transformation:[0.18494010454213017f,-0.9053154975389166f,0.38236240354905415f,0.10726743699573486f,0.45636883220835f,-0.2654626632032028f,-0.8492685461229855f,1.4964836440486389f,0.8703589183323928f,0.3315620972923876f,0.36406308370712415f,0.2036687802209876f,0f,0f,0f,1f],start_interpolation:0}
execute if entity @s[tag=aj.tutankhamen.bone.cape_right] run data modify entity @s {} merge value {transformation:[0.18494010454213017f,-0.9053154975389166f,0.38236240354905415f,0.040573727443179164f,0.45636883220835f,-0.2654626632032028f,-0.8492685461229855f,1.78010841061194f,0.8703589183323928f,0.3315620972923876f,0.36406308370712415f,0.24864659028364294f,0f,0f,0f,1f],start_interpolation:0}
execute if entity @s[tag=aj.tutankhamen.bone.weapon] run data modify entity @s {} merge value {transformation:[0.8686769364339495f,-0.32305957996183216f,1.3474496508269702f,0.13010834427718285f,1.3818334379735344f,0.08423056848073934f,-0.8706487435486049f,1.7353436044568993f,0.10258851503497371f,1.600976387314756f,0.3177072197080559f,-0.2455990625174188f,0f,0f,0f,1f],start_interpolation:0}
execute if entity @s[tag=aj.tutankhamen.bone.right_hand] run data modify entity @s {} merge value {transformation:[0.835698006418147f,-0.39421800367426785f,0.38236240354905415f,0.20231360223322511f,0.4859399823622038f,0.2064104408889511f,-0.8492685461229855f,1.5970072870882368f,0.25587335854003196f,0.8955372105452144f,0.36406308370712415f,0.16666829152563117f,0f,0f,0f,1f],start_interpolation:0}
execute if entity @s[tag=aj.tutankhamen.bone.right_arm] run data modify entity @s {} merge value {transformation:[0.18494010454213017f,-0.9053154975389166f,0.38236240354905415f,-0.09728982918932907f,0.45636883220835f,-0.2654626632032028f,-0.8492685461229855f,1.5187618386349362f,0.8703589183323928f,0.3315620972923876f,0.36406308370712415f,0.2284760960205753f,0f,0f,0f,1f],start_interpolation:0}
execute if entity @s[tag=aj.tutankhamen.bone.body] run data modify entity @s {} merge value {transformation:[-0.2168578217591181f,-0.002839735229569109f,-0.9761990683491336f,0.0021298014221768314f,0.05448925934816692f,0.998401550108975f,-0.015008842583090761f,0.1939193559607828f,0.9746812841937506f,-0.05644714912040943f,-0.21635645032815518f,0.04233536184030707f,0f,0f,0f,1f],start_interpolation:0}
execute if entity @s[tag=aj.tutankhamen.bone.left_foot] run data modify entity @s {} merge value {transformation:[-0.8863142893511038f,-0.3234359628136545f,-0.33141538656322544f,0.24427838668139007f,0.27691237526073553f,0.20345270555620093f,-0.9391094361304859f,0.7542996480443129f,0.3711691217214942f,-0.9241191343980848f,-0.09075961943413155f,0.34749811032157685f,0f,0f,0f,1f],start_interpolation:0}
execute if entity @s[tag=aj.tutankhamen.bone.left_leg] run data modify entity @s {} merge value {transformation:[-0.8863142893511038f,-0.3234359628136545f,-0.33141538656322544f,0.07507783140819425f,0.27691237526073553f,0.20345270555620093f,-0.9391094361304859f,0.8519637184520488f,0.3711691217214942f,-0.9241191343980848f,-0.09075961943413155f,-0.04520497592378856f,0f,0f,0f,1f],start_interpolation:0}
execute if entity @s[tag=aj.tutankhamen.bone.right_foot] run data modify entity @s {} merge value {transformation:[-0.9200388315214347f,-0.14839214268340184f,-0.3626407595437968f,0.0665781417510387f,0.2609187659238792f,0.458443527657042f,-0.8495592560487625f,1.2239371595689539f,0.2923182274190799f,-0.8762472846971884f,-0.3830675527623959f,0.32249770763811475f,0f,0f,0f,1f],start_interpolation:0}
execute if entity @s[tag=aj.tutankhamen.bone.right_leg] run data modify entity @s {} merge value {transformation:[-0.9200388315214347f,-0.38869078797847234f,0.04947746793589192f,-0.07472286450449812f,0.2609187659238792f,-0.7019573103188004f,-0.6627045586675522f,0.9086771248693575f,0.2923182274190799f,-0.5968043279255514f,0.7472447042889614f,0.05226086956383973f,0f,0f,0f,1f],start_interpolation:0}