execute if entity @s[tag=aj.tutankhamen.bone.head] run data modify entity @s {} merge value {transformation:[-0.5291121391634424f,0.12495066690083712f,-0.8393018974307889f,0f,0.26503135338213135f,0.9639516029095277f,-0.023573056072301868f,1.6365298323915103f,0.8061009402762922f,-0.23491410789730816f,-0.5431543390202181f,0f,0f,0f,0f,1f],start_interpolation:0}
execute if entity @s[tag=aj.tutankhamen.bone.back_cape] run data modify entity @s {} merge value {transformation:[0.3316625771367707f,0.7614691911337799f,-0.5569242371104559f,-0.14740594979953697f,0f,0.5903385322427608f,0.807155757799858f,1.6365298323915103f,0.9433980787170366f,-0.26770335878268403f,0.19579319898677267f,0.051822277677620425f,0f,0f,0f,1f],start_interpolation:0}
execute if entity @s[tag=aj.tutankhamen.bone.left_hand] run data modify entity @s {} merge value {transformation:[-0.48336710951649314f,0.18288430335700667f,-0.8561013777721029f,-0.2607391804534779f,-0.4823457295946878f,0.7604593381877159f,0.4347921251642781f,1.3585626770772863f,0.7305469420779469f,0.623101056449693f,-0.2793675694704698f,-0.4885516573620621f,0f,0f,0f,1f],start_interpolation:0}
execute if entity @s[tag=aj.tutankhamen.bone.cape_left_back] run data modify entity @s {} merge value {transformation:[-0.44439951615567524f,0.4665058939993363f,-0.764775340151918f,-0.26430433388230523f,-0.42826583911939065f,0.6391956460222497f,0.6387623166323786f,1.4667916864923403f,0.7868274531839661f,0.6113928172378859f,-0.08426969767333453f,-0.37748973990636225f,0f,0f,0f,1f],start_interpolation:0}
execute if entity @s[tag=aj.tutankhamen.bone.cape_left_side] run data modify entity @s {} merge value {transformation:[-0.44439951615567524f,0.4665058939993363f,-0.764775340151918f,-0.09926999196399121f,-0.42826583911939065f,0.6391956460222497f,0.6387623166323786f,1.4538629342756977f,0.7868274531839661f,0.6113928172378859f,-0.08426969767333453f,-0.48989781725719017f,0f,0f,0f,1f],start_interpolation:0}
execute if entity @s[tag=aj.tutankhamen.bone.left_arm] run data modify entity @s {} merge value {transformation:[-0.48336710951649314f,0.4259987283234409f,-0.764775340151918f,-0.1260739301819172f,-0.4823457295946878f,0.5994374863087937f,0.6387623166323786f,1.5115298323915103f,0.7305469420779469f,0.6776428140802543f,-0.08426969767333453f,-0.24736481944447478f,0f,0f,0f,1f],start_interpolation:0}
execute if entity @s[tag=aj.tutankhamen.bone.cape_right_back] run data modify entity @s {} merge value {transformation:[-0.03588341135234538f,-0.9564953772180879f,-0.2895323369679922f,0.21045066935599283f,0.9692369178598876f,0.037282630168208264f,-0.24328954466891078f,1.4810544502418326f,0.24349985184222142f,-0.2893554887127064f,0.9257328034074668f,0.4071644710187588f,0f,0f,0f,1f],start_interpolation:0}
execute if entity @s[tag=aj.tutankhamen.bone.cape_right] run data modify entity @s {} merge value {transformation:[0.005872484076178047f,-0.9571502179807664f,-0.2895323369679922f,0.2837513292348937f,0.9666881735920962f,0.07952466593435736f,-0.24328954466891078f,1.6929218635328254f,0.2558896030868628f,-0.2784587720424709f,0.9257328034074668f,0.2157140206492144f,0f,0f,0f,1f],start_interpolation:0}
execute if entity @s[tag=aj.tutankhamen.bone.weapon] run data modify entity @s {} merge value {transformation:[-0.7789066452719366f,-1.4374295060802764f,0.04109168543808271f,0.4844054238012552f,1.4378815034439647f,-0.7778744890642867f,0.04467364914365055f,1.6415381704068752f,-0.01972038579878025f,0.057405295260103004f,1.6342898800614172f,-0.03940975813563108f,0f,0f,0f,1f],start_interpolation:0}
execute if entity @s[tag=aj.tutankhamen.bone.right_hand] run data modify entity @s {} merge value {transformation:[-0.1392693291262675f,-0.70113914454246f,0.6992910366614083f,0.3483737327914687f,0.9231843413848652f,-0.3473973229722071f,-0.16445598746636336f,1.5165284689665979f,0.35823836448168445f,0.6226708600713637f,0.6956624714841793f,0.3921100674075655f,0f,0f,0f,1f],start_interpolation:0}
execute if entity @s[tag=aj.tutankhamen.bone.right_arm] run data modify entity @s {} merge value {transformation:[0.005872484076178047f,-0.9571502179807664f,-0.2895323369679922f,0.05645822745819027f,0.9666881735920962f,0.07952466593435736f,-0.24328954466891078f,1.5115298323915103f,0.2558896030868628f,-0.2784587720424709f,0.9257328034074668f,0.27183903016783995f,0f,0f,0f,1f],start_interpolation:0}
execute if entity @s[tag=aj.tutankhamen.bone.body] run data modify entity @s {} merge value {transformation:[0.3316625771367707f,0f,-0.9433980787170366f,0f,0f,1f,0f,0.1990298323915104f,0.9433980787170366f,0f,0.3316625771367707f,0f,0f,0f,0f,1f],start_interpolation:0}
execute if entity @s[tag=aj.tutankhamen.bone.left_foot] run data modify entity @s {} merge value {transformation:[-0.8350470090779816f,0.5500457717641017f,0.012088903769616105f,-0.12139449217027452f,0.4245841267211924f,0.6302935551037744f,0.6499679636190139f,0.6070019243860025f,0.34989257203650337f,0.5478865606666029f,-0.7598654516916802f,-0.2552190737292447f,0f,0f,0f,1f],start_interpolation:0}
execute if entity @s[tag=aj.tutankhamen.bone.left_leg] run data modify entity @s {} merge value {transformation:[-0.8350470090779816f,0.5500457717641017f,0.012088903769616105f,0.09315531394283307f,0.4245841267211924f,0.6302935551037744f,0.6499679636190139f,0.896023608703941f,0.34989257203650337f,0.5478865606666029f,-0.7598654516916802f,-0.004584560561465173f,0f,0f,0f,1f],start_interpolation:0}
execute if entity @s[tag=aj.tutankhamen.bone.right_foot] run data modify entity @s {} merge value {transformation:[-0.8731129269079786f,0.4469862083552615f,0.19462051897569743f,-0.16785993379816655f,0.4396089794674891f,0.5492765695850284f,0.7106610973427885f,0.6297950194781967f,0.2107552182930134f,0.7060443184709372f,-0.6760796242434569f,0.3590897115717021f,0f,0f,0f,1f],start_interpolation:0}
execute if entity @s[tag=aj.tutankhamen.bone.right_leg] run data modify entity @s {} merge value {transformation:[-0.8731129269079786f,0.10838820774733525f,-0.47531654009460217f,-0.09315531394283307f,0.4396089794674891f,0.5965230107639818f,-0.6714940377997614f,0.8770360560790798f,0.2107552182930134f,-0.7952435438596122f,-0.5684803812902159f,0.004584560561465173f,0f,0f,0f,1f],start_interpolation:0}