execute if entity @s[tag=aj.tutankhamen.bone.head] run data modify entity @s {} merge value {transformation:[-0.7430309692400328f,0.08973577292977651f,-0.6632137436806578f,-2.674110134825748e-17f,-0.07083555008824338f,0.974859033470132f,0.21126331840945806f,1.533846416261747f,0.665497786317816f,0.20395429860234787f,-0.7179939696736393f,0.21835766334322418f,0f,0f,0f,1f],start_interpolation:0}
execute if entity @s[tag=aj.tutankhamen.bone.back_cape] run data modify entity @s {} merge value {transformation:[-0.8442586448031396f,0.30740023133562794f,-0.43901302765404204f,-0.08373999192113829f,-0.1702192310856632f,0.6229350094565625f,0.7635295589313866f,1.5757442219291402f,0.5081857475803231f,0.7193448906944113f,-0.47359283587072293f,0.09327269169073094f,0f,0f,0f,1f],start_interpolation:0}
execute if entity @s[tag=aj.tutankhamen.bone.left_hand] run data modify entity @s {} merge value {transformation:[-0.8442586448031396f,0.1611590478152144f,-0.5111311984045385f,0.1367538476695103f,-0.1702192310856632f,0.8237014441968383f,0.5408709126923432f,1.3032879044648964f,0.5081857475803231f,0.5436393033393888f,-0.6679846957984082f,-0.2466098718903201f,0f,0f,0f,1f],start_interpolation:0}
execute if entity @s[tag=aj.tutankhamen.bone.cape_left_back] run data modify entity @s {} merge value {transformation:[-0.8142542902881512f,0.3798124699076776f,-0.43901302765404204f,0.126045660100955f,-0.11527913208808513f,0.6354001371915652f,0.7635295589313866f,1.432140417577123f,0.5689469856255124f,0.6723162599250218f,-0.47359283587072293f,-0.160916564738993f,0f,0f,0f,1f],start_interpolation:0}
execute if entity @s[tag=aj.tutankhamen.bone.cape_left_side] run data modify entity @s {} merge value {transformation:[-0.8142542902881512f,0.3798124699076776f,-0.43901302765404204f,0.3081495214152339f,-0.11527913208808513f,0.6354001371915652f,0.7635295589313866f,1.354711587099463f,0.5689469856255124f,0.6723162599250218f,-0.47359283587072293f,-0.19061542675913892f,0f,0f,0f,1f],start_interpolation:0}
execute if entity @s[tag=aj.tutankhamen.bone.left_arm] run data modify entity @s {} merge value {transformation:[-0.8442586448031396f,0.30740023133562794f,-0.43901302765404204f,0.21254695649802605f,-0.1702192310856632f,0.6229350094565625f,0.7635295589313866f,1.4720528677233882f,0.5081857475803231f,0.7193448906944113f,-0.47359283587072293f,0.009277921587175025f,0f,0f,0f,1f],start_interpolation:0}
execute if entity @s[tag=aj.tutankhamen.bone.cape_right_back] run data modify entity @s {} merge value {transformation:[-0.595828399867455f,-0.5236959669105757f,-0.6088768776632806f,-0.2111645203354943f,0.2254550587751118f,0.6185894956246994f,-0.7526732706662904f,1.1974420705435536f,0.7708167969005989f,-0.585738482724481f,-0.2505032843527678f,0.38139696046796767f,0f,0f,0f,1f],start_interpolation:0}
execute if entity @s[tag=aj.tutankhamen.bone.cape_right] run data modify entity @s {} merge value {transformation:[-0.595828399867455f,-0.5236959669105757f,-0.6088768776632806f,-0.15204348839896398f,0.2254550587751118f,0.6185894956246994f,-0.7526732706662904f,1.4208377411437374f,0.7708167969005989f,-0.585738482724481f,-0.2505032843527678f,0.5644629060718782f,0f,0f,0f,1f],start_interpolation:0}
execute if entity @s[tag=aj.tutankhamen.bone.weapon] run data modify entity @s {} merge value {transformation:[-0.011401874843416615f,-1.2534868323205184f,-1.0503468151330968f,0.2579485655076149f,0.18782857484066515f,1.0424177139914024f,-1.2460631643866913f,1.1801555402281312f,1.6245547381773537f,-0.12932031691549126f,0.1366961298263311f,0.5037666068821604f,0f,0f,0f,1f],start_interpolation:0}
execute if entity @s[tag=aj.tutankhamen.bone.right_hand] run data modify entity @s {} merge value {transformation:[-0.2087952548614771f,-0.7652930741842274f,-0.6088768776632806f,-0.12626735711357526f,-0.15259075194237362f,0.6404678056281753f,-0.7526732706662904f,1.1742059335938315f,0.9659816788992386f,-0.06424562677322498f,-0.2505032843527678f,0.4943587509837195f,0f,0f,0f,1f],start_interpolation:0}
execute if entity @s[tag=aj.tutankhamen.bone.right_arm] run data modify entity @s {} merge value {transformation:[-0.595828399867455f,-0.5236959669105757f,-0.6088768776632806f,-0.25209500996260586f,0.2254550587751118f,0.6185894956246994f,-0.7526732706662904f,1.378371862799238f,0.7708167969005989f,-0.585738482724481f,-0.2505032843527678f,0.2889604886967438f,0f,0f,0f,1f],start_interpolation:0}
execute if entity @s[tag=aj.tutankhamen.bone.body] run data modify entity @s {} merge value {transformation:[-0.8442586448031396f,-3.8896147415647243e-17f,-0.5359359482952849f,2.917211056173543e-17f,-0.1702192310856632f,0.9482210499160765f,0.26814595627131727f,0.17077865700738704f,0.5081857475803231f,0.31761114668105334f,-0.8005438185759569f,-0.23820836001079f,0f,0f,0f,1f],start_interpolation:0}
execute if entity @s[tag=aj.tutankhamen.bone.left_foot] run data modify entity @s {} merge value {transformation:[-0.947334377114545f,0.08153848043895028f,-0.30969186967807805f,0.08069146344525455f,0.19683140427736462f,0.9110715177846271f,-0.3622238089521679f,0.41120943746062133f,0.25261626279239713f,-0.40410415203177863f,-0.8791387024147439f,0.11417283158077271f,0f,0f,0f,1f],start_interpolation:0}
execute if entity @s[tag=aj.tutankhamen.bone.left_leg] run data modify entity @s {} merge value {transformation:[-0.947334377114545f,0.08153848043895028f,-0.30969186967807805f,0.08676034935246575f,0.19683140427736462f,0.9110715177846271f,-0.3622238089521679f,0.8159542078750633f,0.25261626279239713f,-0.40410415203177863f,-0.8791387024147439f,-0.05472847672086803f,0f,0f,0f,1f],start_interpolation:0}
execute if entity @s[tag=aj.tutankhamen.bone.right_foot] run data modify entity @s {} merge value {transformation:[-0.9474930617775569f,0.23426559269683492f,-0.21766150316900673f,-0.050914051777782646f,0.2573618897327499f,0.9626360998668843f,-0.08424130190270085f,0.7640468620156455f,0.18979398198198685f,-0.13583582484556417f,-0.9723820612763003f,0.4472607022845197f,0f,0f,0f,1f],start_interpolation:0}
execute if entity @s[tag=aj.tutankhamen.bone.right_leg] run data modify entity @s {} merge value {transformation:[-0.9474930617775569f,-0.1496124702976726f,-0.2826181286025702f,-0.08676034935246575f,0.2573618897327499f,0.16777770700072858f,-0.9516383234962564f,0.8294070497743159f,0.18979398198198685f,-0.97440584448422f,-0.12046366522074414f,0.015027083385736367f,0f,0f,0f,1f],start_interpolation:0}