execute if entity @s[tag=aj.tutankhamen.bone.head] run data modify entity @s {} merge value {transformation:[-0.7503002960425077f,-0.20904348065992295f,0.627176441643107f,0f,0.030939142429330574f,0.9365475382712666f,0.34917256195721913f,1.6260288065843622f,-0.6603728001850643f,0.2813885778627392f,-0.6962242692007528f,0f,0f,0f,0f,1f],start_interpolation:0}
execute if entity @s[tag=aj.tutankhamen.bone.back_cape] run data modify entity @s {} merge value {transformation:[-0.3253750899741266f,-0.6033825510436539f,0.7280525722229002f,0.147747661091524f,0f,0.769949341799457f,0.6381050157008508f,1.6260288065843622f,-0.9455850309857537f,0.2076234768966058f,-0.2505223363635179f,-0.05083985780845728f,0f,0f,0f,1f],start_interpolation:0}
execute if entity @s[tag=aj.tutankhamen.bone.left_hand] run data modify entity @s {} merge value {transformation:[-0.09426806202354598f,0.06543268721861584f,0.9933942298632882f,0.2540336811035172f,-0.37447639898738494f,0.9222241799672917f,-0.09628077941675173f,1.2447512559348572f,-0.9224320891446511f,-0.3810788964597844f,-0.062433289111075346f,0.37945421019550374f,0f,0f,0f,1f],start_interpolation:0}
execute if entity @s[tag=aj.tutankhamen.bone.cape_left_back] run data modify entity @s {} merge value {transformation:[-0.1223598757739681f,-0.31697506797264896f,0.9405077708792806f,0.2646760379470811f,-0.29574774890377453f,0.9162225808582362f,0.2703136166452269f,1.373114816407549f,-0.9473971341622947f,-0.24507751551133217f,-0.20585354398665012f,0.2930220698167104f,0f,0f,0f,1f],start_interpolation:0}
execute if entity @s[tag=aj.tutankhamen.bone.cape_left_side] run data modify entity @s {} merge value {transformation:[-0.1223598757739681f,-0.31697506797264896f,0.9405077708792806f,0.16623129717685353f,-0.29574774890377453f,0.9162225808582362f,0.2703136166452269f,1.3855362000931104f,-0.9473971341622947f,-0.24507751551133217f,-0.20585354398665012f,0.4667845650279002f,0f,0f,0f,1f],start_interpolation:0}
execute if entity @s[tag=aj.tutankhamen.bone.left_arm] run data modify entity @s {} merge value {transformation:[-0.09426806202354598f,-0.32643324799721496f,0.9405077708792806f,0.12442444552086335f,-0.37447639898738494f,0.8869599626012541f,0.2703136166452269f,1.5010288065843622f,-0.9224320891446511f,-0.3267160224788042f,-0.20585354398665012f,0.2481986042006244f,0f,0f,0f,1f],start_interpolation:0}
execute if entity @s[tag=aj.tutankhamen.bone.cape_right_back] run data modify entity @s {} merge value {transformation:[0.0939907755591213f,0.060426780609966146f,0.9937375600705197f,0.021370899462288012f,0.6291523235946637f,0.7699752040995831f,-0.10632750719941282f,1.345895346126251f,-0.7715783095870636f,0.6352060998265999f,0.0343529171665074f,-0.3867087554503437f,0f,0f,0f,1f],start_interpolation:0}
execute if entity @s[tag=aj.tutankhamen.bone.cape_right] run data modify entity @s {} merge value {transformation:[0.0912655380167734f,0.06446908775218543f,0.9937375600705197f,-0.21280325024022106f,0.5949676633020188f,0.7966855972324932f,-0.10632750719941282f,1.4654409203170446f,-0.7985512389292527f,0.6009457512011434f,0.0343529171665074f,-0.5200706158246663f,0f,0f,0f,1f],start_interpolation:0}
execute if entity @s[tag=aj.tutankhamen.bone.weapon] run data modify entity @s {} merge value {transformation:[0.006186274109726576f,-0.9892123839884472f,1.3023088201297126f,-0.23680789741929145f,1.0066976802562941f,1.0286424697166792f,0.7765578688500164f,0.9162882074130185f,-1.2888402477383873f,0.7987122150500615f,0.6128109716303949f,-0.7291433926558744f,0f,0f,0f,1f],start_interpolation:0}
execute if entity @s[tag=aj.tutankhamen.bone.right_hand] run data modify entity @s {} merge value {transformation:[0.1369658625415614f,-0.0969873271485288f,0.9858163170037461f,-0.045944285948118474f,0.615064052089651f,0.7884377085044537f,-0.007886167339406655f,1.2715478551503407f,-0.7764898996930387f,0.6074203142642088f,0.16764246924292345f,-0.4889287578899325f,0f,0f,0f,1f],start_interpolation:0}
execute if entity @s[tag=aj.tutankhamen.bone.right_arm] run data modify entity @s {} merge value {transformation:[0.0912655380167734f,0.06446908775218543f,0.9937375600705197f,-0.05464736212184712f,0.5949676633020188f,0.7966855972324932f,-0.10632750719941282f,1.5010288065843622f,-0.7985512389292527f,0.6009457512011434f,0.0343529171665074f,-0.27220884552754016f,0f,0f,0f,1f],start_interpolation:0}
execute if entity @s[tag=aj.tutankhamen.bone.body] run data modify entity @s {} merge value {transformation:[-0.3253750899741266f,0f,0.9455850309857537f,0f,0f,1f,0f,0.1885288065843621f,-0.9455850309857537f,0f,-0.3253750899741266f,0f,0f,0f,0f,1f],start_interpolation:0}
execute if entity @s[tag=aj.tutankhamen.bone.left_foot] run data modify entity @s {} merge value {transformation:[-0.5778655667841051f,-0.22853718055599134f,0.7834807871472045f,0.16688561944484046f,-0.11461228043912058f,0.9732038336447638f,0.19934473494847893f,0.45539302246306457f,-0.8080441893224833f,0.025397938551251664f,-0.5885741523542446f,0.09414641097130068f,0f,0f,0f,1f],start_interpolation:0}
execute if entity @s[tag=aj.tutankhamen.bone.left_leg] run data modify entity @s {} merge value {transformation:[-0.5778655667841051f,-0.22853718055599134f,0.7834807871472045f,0.048842303989590954f,-0.11461228043912058f,0.9732038336447638f,0.19934473494847893f,0.8775880659189262f,-0.8080441893224833f,0.025397938551251664f,-0.5885741523542446f,0.08000662817114568f,0f,0f,0f,1f],start_interpolation:0}
execute if entity @s[tag=aj.tutankhamen.bone.right_foot] run data modify entity @s {} merge value {transformation:[-0.5605376239511941f,0.12160380029728453f,0.8191520541928756f,-0.17231578825103966f,0.42535161156991347f,0.8909881305508056f,0.15879596264533283f,0.4919558319143226f,-0.7105445648726243f,0.43743875796600223f,-0.5511567420971408f,-0.2555639372317162f,0f,0f,0f,1f],start_interpolation:0}
execute if entity @s[tag=aj.tutankhamen.bone.right_leg] run data modify entity @s {} merge value {transformation:[-0.5605376239511941f,0.24218670517251176f,0.7919237160060509f,-0.048842303989590954f,0.42535161156991347f,0.9046993215932232f,0.024395574263359456f,0.874469547249798f,-0.7105445648726243f,0.3505206660761167f,-0.610132513462058f,-0.08000662817114568f,0f,0f,0f,1f],start_interpolation:0}