execute if entity @s[tag=aj.tutankhamen.bone.head] run data modify entity @s {} merge value {transformation:[-0.995343192061106f,0.0720761903418007f,0.0640074433438837f,0f,0.08692605139632167f,0.9581275045424766f,0.2728287862888562f,1.6385349554283795f,-0.041662832431941244f,0.27712218934076505f,-0.9599309873989531f,0f,0f,0f,0f,1f],start_interpolation:0}
execute if entity @s[tag=aj.tutankhamen.bone.back_cape] run data modify entity @s {} merge value {transformation:[-0.8813481257854067f,-0.4424314888796182f,0.16577050045866132f,0.07382303738663193f,0f,0.3508612164115069f,0.9364274701322243f,1.6385349554283795f,-0.47246743927444435f,0.8253185957350058f,-0.3092308754950696f,-0.1377106446539698f,0f,0f,0f,1f],start_interpolation:0}
execute if entity @s[tag=aj.tutankhamen.bone.left_hand] run data modify entity @s {} merge value {transformation:[-0.14710183374681457f,0.4305317321406523f,0.8905074273291008f,0.2458107879173643f,-0.48375944688597916f,0.7539629394517195f,-0.44442849085302144f,1.260079373823939f,-0.8627501654922449f,-0.49616762646639095f,0.09736446163673798f,0.285283356708148f,0f,0f,0f,1f],start_interpolation:0}
execute if entity @s[tag=aj.tutankhamen.bone.cape_left_back] run data modify entity @s {} merge value {transformation:[-0.13407589513035673f,0.15530976444362898f,0.9787249518702676f,0.3222986279729868f,-0.40760373372233966f,0.891585178206432f,-0.19731970570171894f,1.351112167342606f,-0.9032623376409545f,-0.42538776083835483f,-0.056235240982225765f,0.1856659930877188f,0f,0f,0f,1f],start_interpolation:0}
execute if entity @s[tag=aj.tutankhamen.bone.cape_left_side] run data modify entity @s {} merge value {transformation:[-0.13407589513035673f,0.15530976444362898f,0.9787249518702676f,0.2209073676033216f,-0.40760373372233966f,0.891585178206432f,-0.19731970570171894f,1.4394652139494366f,-0.9032623376409545f,-0.42538776083835483f,-0.056235240982225765f,0.3338301384668962f,0f,0f,0f,1f],start_interpolation:0}
execute if entity @s[tag=aj.tutankhamen.bone.left_arm] run data modify entity @s {} merge value {transformation:[-0.14710183374681457f,0.14303327967597773f,0.9787249518702676f,0.2599594506396435f,-0.48375944688597916f,0.8526674212671425f,-0.19731970570171894f,1.5135349554283795f,-0.8627501654922449f,-0.5024935319133719f,-0.056235240982225765f,0.09749396798493361f,0f,0f,0f,1f],start_interpolation:0}
execute if entity @s[tag=aj.tutankhamen.bone.cape_right_back] run data modify entity @s {} merge value {transformation:[-0.17142920398258735f,0.7664939061744889f,0.6189500139908475f,-0.31511796349457033f,0.9685046915280664f,0.24627103754414112f,-0.03673198272701118f,1.468673763567728f,-0.18058430305544734f,0.5931590578119045f,-0.7845709920878238f,-0.34374541024933103f,0f,0f,0f,1f],start_interpolation:0}
execute if entity @s[tag=aj.tutankhamen.bone.cape_right] run data modify entity @s {} merge value {transformation:[-0.17699872284063123f,0.7652269808975081f,0.6189500139908475f,-0.49751151743613087f,0.9666881642323741f,0.25330762834542786f,-0.03673198272701118f,1.6289017849107892f,-0.18489306435296116f,0.5918301387463296f,-0.7845709920878238f,-0.17649220353252526f,0f,0f,0f,1f],start_interpolation:0}
execute if entity @s[tag=aj.tutankhamen.bone.weapon] run data modify entity @s {} merge value {transformation:[-0.606119149768919f,-0.0347005261571251f,1.518552970224922f,-0.9047620699967505f,1.4719674010047106f,-0.4169149134058658f,0.5779979229809814f,1.3353358784344649f,0.3748589338323839f,1.581001423805592f,0.18574970057001547f,-0.38076470796013845f,0f,0f,0f,1f],start_interpolation:0}
execute if entity @s[tag=aj.tutankhamen.bone.right_hand] run data modify entity @s {} merge value {transformation:[-0.15716779628492203f,0.8289644876736798f,0.5367645312302732f,-0.4549869220699566f,0.9689767914709599f,0.23441834074981255f,-0.07830720982609987f,1.4695150640772492f,-0.1907413468589998f,0.5078050016453352f,-0.840090363533826f,-0.37446639884816324f,0f,0f,0f,1f],start_interpolation:0}
execute if entity @s[tag=aj.tutankhamen.bone.right_arm] run data modify entity @s {} merge value {transformation:[-0.17699872284063123f,0.7652269808975081f,0.6189500139908475f,-0.22509489712698405f,0.9666881642323741f,0.25330762834542786f,-0.03673198272701118f,1.5135349554283795f,-0.18489306435296116f,0.5918301387463296f,-0.7845709920878238f,-0.16253084955695324f,0f,0f,0f,1f],start_interpolation:0}
execute if entity @s[tag=aj.tutankhamen.bone.body] run data modify entity @s {} merge value {transformation:[-0.8813481257854067f,0f,0.47246743927444435f,0f,0f,1f,0f,0.20103495542837946f,-0.47246743927444435f,0f,-0.8813481257854067f,0f,0f,0f,0f,1f],start_interpolation:0}
execute if entity @s[tag=aj.tutankhamen.bone.left_foot] run data modify entity @s {} merge value {transformation:[-0.4588051495032749f,-0.7047937659332728f,0.541076318360795f,0.38616323537541714f,-0.279079967620198f,0.692440765416912f,0.6653120756922651f,0.6052466820383904f,-0.8435711033827479f,0.1542450449461372f,-0.5143892102748434f,0.02699715821260891f,0f,0f,0f,1f],start_interpolation:0}
execute if entity @s[tag=aj.tutankhamen.bone.left_leg] run data modify entity @s {} merge value {transformation:[-0.4588051495032749f,-0.7047937659332728f,0.541076318360795f,0.06347830185763291f,-0.279079967620198f,0.692440765416912f,0.6653120756922651f,0.8994682679201582f,-0.8435711033827479f,0.1542450449461372f,-0.5143892102748434f,0.06811776839583306f,0f,0f,0f,1f],start_interpolation:0}
execute if entity @s[tag=aj.tutankhamen.bone.right_foot] run data modify entity @s {} merge value {transformation:[-0.7516689487267159f,-0.011293881062004157f,0.6594438867490021f,-0.3665778517568897f,0.433365331836873f,0.7452602423205122f,0.5067362828713652f,0.6003029375787625f,-0.4971803301438932f,0.6666780478363814f,-0.5552946063587152f,0.08556665943514363f,0f,0f,0f,1f],start_interpolation:0}
execute if entity @s[tag=aj.tutankhamen.bone.right_leg] run data modify entity @s {} merge value {transformation:[-0.7516689487267159f,0.6391083320035359f,0.1628936201443497f,-0.06347830185763291f,0.433365331836873f,0.664780278806264f,-0.6084913064885831f,0.8776016429366007f,-0.4971803301438932f,-0.3867915729096533f,-0.7766620876829802f,-0.06811776839583306f,0f,0f,0f,1f],start_interpolation:0}