execute if entity @s[tag=aj.tutankhamen.bone.head] run data modify entity @s {} merge value {transformation:[-0.5291121739758182f,0.12495065314144918f,-0.8393018775328154f,0f,0.26503137135651617f,0.9639515970000362f,-0.023573095638127678f,1.6365298323915103f,0.8061009115163362f,-0.23491413946505046f,-0.5431543680501216f,0f,0f,0f,0f,1f],start_interpolation:0}
execute if entity @s[tag=aj.tutankhamen.bone.back_cape] run data modify entity @s {} merge value {transformation:[0.3316625771367707f,0.7614691911337796f,-0.556924237110456f,-0.14740594979953697f,0f,0.5903385322427609f,0.8071557577998578f,1.6365298323915103f,0.9433980787170366f,-0.267703358782684f,0.1957931989867727f,0.051822277677620425f,0f,0f,0f,1f],start_interpolation:0}
execute if entity @s[tag=aj.tutankhamen.bone.left_hand] run data modify entity @s {} merge value {transformation:[-0.4833670706057904f,0.18288423224673805f,-0.8561014149325408f,-0.26073916551224563f,-0.4823457151658018f,0.7604594034648259f,0.434792027000395f,1.3585626461251215f,0.7305469773499637f,0.6231009976540259f,-0.2793676083718184f,-0.48855164607371615f,0f,0f,0f,1f],start_interpolation:0}
execute if entity @s[tag=aj.tutankhamen.bone.cape_left_back] run data modify entity @s {} merge value {transformation:[-0.44439948236780785f,0.4665058337461824f,-0.764775396539405f,-0.26430432918465774f,-0.4282658167964692f,0.6391957356215093f,0.6387622419389946f,1.4667916639566696f,0.7868274844175678f,0.6113927695385817f,-0.08426975211228233f,-0.3774897371486533f,0f,0f,0f,1f],start_interpolation:0}
execute if entity @s[tag=aj.tutankhamen.bone.cape_left_side] run data modify entity @s {} merge value {transformation:[-0.44439948236780785f,0.4665058337461824f,-0.764775396539405f,-0.0992699854972621f,-0.4282658167964692f,0.6391957356215093f,0.6387622419389946f,1.4538629175887436f,0.7868274844175678f,0.6113927695385817f,-0.08426975211228233f,-0.489897812574863f,0f,0f,0f,1f],start_interpolation:0}
execute if entity @s[tag=aj.tutankhamen.bone.left_arm] run data modify entity @s {} merge value {transformation:[-0.4833670706057904f,0.42599867124437507f,-0.764775396539405f,-0.1260739301819172f,-0.4823457151658018f,0.5994375775126719f,0.6387622419389946f,1.5115298323915103f,0.7305469773499637f,0.6776427692846481f,-0.08426975211228233f,-0.24736481944447478f,0f,0f,0f,1f],start_interpolation:0}
execute if entity @s[tag=aj.tutankhamen.bone.cape_right_back] run data modify entity @s {} merge value {transformation:[-0.03588337460098034f,-0.9564953564529951f,-0.2895324101220859f,0.2104506589379777f,0.9692369215574879f,0.03728267992005545f,-0.24328952231393475f,1.48105444287081f,0.24349984254001017f,-0.2893555509435349f,0.9257327864028333f,0.40716448121389065f,0f,0f,0f,1f],start_interpolation:0}
execute if entity @s[tag=aj.tutankhamen.bone.cape_right] run data modify entity @s {} merge value {transformation:[0.005872519886803318f,-0.9571501956323655f,-0.2895324101220859f,0.2837513427008122f,0.966688175116032f,0.07952471580013887f,-0.24328952231393475f,1.6929218508111736f,0.2558895965079758f,-0.2784588346198261f,0.9257327864028333f,0.21571403406755355f,0f,0f,0f,1f],start_interpolation:0}
execute if entity @s[tag=aj.tutankhamen.bone.weapon] run data modify entity @s {} merge value {transformation:[-0.7789065626208527f,-1.4374295537635027f,0.04109158410839092f,0.4844054507806077f,1.4378815469729698f,-0.7778744060485997f,0.04467369360449253f,1.6415381353986698f,-0.019720476462244056f,0.05740522618113404f,1.6342898813938447f,-0.039409734195175794f,0f,0f,0f,1f],start_interpolation:0}
execute if entity @s[tag=aj.tutankhamen.bone.right_hand] run data modify entity @s {} merge value {transformation:[-0.1392692996311409f,-0.7011392037790236f,0.6992909831424744f,0.3483737252711163f,0.9231843595246138f,-0.34739726545498084f,-0.16445600713725833f,1.5165284540127895f,0.3582383292019157f,0.6226708254595831f,0.6956625206320242f,0.3921100862820661f,0f,0f,0f,1f],start_interpolation:0}
execute if entity @s[tag=aj.tutankhamen.bone.right_arm] run data modify entity @s {} merge value {transformation:[0.005872519886803318f,-0.9571501956323655f,-0.2895324101220859f,0.05645822745819027f,0.966688175116032f,0.07952471580013887f,-0.24328952231393475f,1.5115298323915103f,0.2558895965079758f,-0.2784588346198261f,0.9257327864028333f,0.27183903016783995f,0f,0f,0f,1f],start_interpolation:0}
execute if entity @s[tag=aj.tutankhamen.bone.body] run data modify entity @s {} merge value {transformation:[0.3316625771367707f,0f,-0.9433980787170366f,0f,0f,1f,0f,0.1990298323915104f,0.9433980787170366f,0f,0.3316625771367707f,0f,0f,0f,0f,1f],start_interpolation:0}
execute if entity @s[tag=aj.tutankhamen.bone.left_foot] run data modify entity @s {} merge value {transformation:[-0.8350470078797078f,0.5500457746308154f,0.012088856105261947f,-0.1213944934619078f,0.42458412290687386f,0.6302936023791362f,0.649967920266325f,0.6070019038222292f,0.3498925795248422f,0.5478865034025913f,-0.7598654895326767f,-0.25521904891025016f,0f,0f,0f,1f],start_interpolation:0}
execute if entity @s[tag=aj.tutankhamen.bone.left_leg] run data modify entity @s {} merge value {transformation:[-0.8350470078797078f,0.5500457746308154f,0.012088856105261947f,0.09315531394283307f,0.42458412290687386f,0.6302936023791362f,0.649967920266325f,0.896023608703941f,0.3498925795248422f,0.5478865034025913f,-0.7598654895326767f,-0.004584560561465173f,0f,0f,0f,1f],start_interpolation:0}
execute if entity @s[tag=aj.tutankhamen.bone.right_foot] run data modify entity @s {} merge value {transformation:[-0.8731129264384412f,0.44698621088949797f,0.1946205152617534f,-0.1678599319812762f,0.4396089783751476f,0.5492765694356525f,0.7106610981339554f,0.6297950190918102f,0.21075522251669138f,0.7060443169827583f,-0.6760796244809408f,0.3590897116850983f,0f,0f,0f,1f],start_interpolation:0}
execute if entity @s[tag=aj.tutankhamen.bone.right_leg] run data modify entity @s {} merge value {transformation:[-0.8731129264384412f,0.10838820362798136f,-0.47531654189645073f,-0.09315531394283307f,0.4396089783751476f,0.5965230115691267f,-0.6714940377996355f,0.8770360560790798f,0.21075522251669138f,-0.7952435438171119f,-0.5684803797838066f,0.004584560561465173f,0f,0f,0f,1f],start_interpolation:0}