execute if entity @s[tag=aj.tutankhamen.bone.head] run data modify entity @s {} merge value {transformation:[-0.9946696477328983f,0.0669368748368996f,-0.07843307125174342f,0f,0.04491151722462772f,0.9659480078004208f,0.254808559210597f,1.636151903442153f,0.09281835755654039f,0.24992779159882875f,-0.9638054012543397f,0f,0f,0f,0f,1f],start_interpolation:0}
execute if entity @s[tag=aj.tutankhamen.bone.back_cape] run data modify entity @s {} merge value {transformation:[-0.8660254037844386f,-0.3078901487737024f,0.3939589525421494f,0.07812500000000001f,0f,0.7879179050842986f,0.6157802975474047f,1.636151903442153f,-0.5000000000000001f,0.5332813808259929f,-0.6823569218996186f,-0.13531646934131852f,0f,0f,0f,1f],start_interpolation:0}
execute if entity @s[tag=aj.tutankhamen.bone.left_hand] run data modify entity @s {} merge value {transformation:[-0.11988216875838009f,0.531330580830423f,0.8386394216158649f,0.19594722045818036f,-0.4837493838514557f,0.7064033170439441f,-0.5167019327355471f,1.2653309916751343f,-0.8669572072698422f,-0.4676346517781998f,0.1723456794328117f,0.294259090437987f,0f,0f,0f,1f],start_interpolation:0}
execute if entity @s[tag=aj.tutankhamen.bone.cape_left_back] run data modify entity @s {} merge value {transformation:[-0.0944307345142196f,0.29614539311695376f,0.9504634356537393f,0.29143019022381617f,-0.41051476432214257f,0.8581964858232428f,-0.308182445953971f,1.3447893385971965f,-0.9069511919903079f,-0.4192811680200309f,0.040531931746683736f,0.20135940316176712f,0f,0f,0f,1f],start_interpolation:0}
execute if entity @s[tag=aj.tutankhamen.bone.cape_left_side] run data modify entity @s {} merge value {transformation:[-0.0944307345142196f,0.29614539311695376f,0.9504634356537393f,0.18737706303494558f,-0.41051476432214257f,0.8581964858232428f,-0.308182445953971f,1.4474550762667777f,-0.9069511919903079f,-0.4192811680200309f,0.040531931746683736f,0.33800403544191726f,0f,0f,0f,1f],start_interpolation:0}
execute if entity @s[tag=aj.tutankhamen.bone.left_arm] run data modify entity @s {} merge value {transformation:[-0.11988216875838009f,0.28678828968261133f,0.9504634356537393f,0.25675883054989235f,-0.4837493838514557f,0.8191520699047061f,-0.308182445953971f,1.511151903442153f,-0.8669572072698422f,-0.49673168136505835f,0.040531931746683736f,0.10563566019561844f,0f,0f,0f,1f],start_interpolation:0}
execute if entity @s[tag=aj.tutankhamen.bone.cape_right_back] run data modify entity @s {} merge value {transformation:[-0.1710528352478466f,0.648972842012989f,0.7413333783685024f,-0.27726945613493637f,0.9666822176079946f,0.25597737237163676f,-0.0010368192717918057f,1.4689349762229784f,-0.1904374377956262f,0.7164564433120109f,-0.6711361613879412f,-0.36416346684528045f,0f,0f,0f,1f],start_interpolation:0}
execute if entity @s[tag=aj.tutankhamen.bone.cape_right] run data modify entity @s {} merge value {transformation:[-0.1710528352478466f,0.648972842012989f,0.7413333783685024f,-0.48932980623453803f,0.9666822176079946f,0.25597737237163676f,-0.0010368192717918057f,1.6202382775421755f,-0.1904374377956262f,0.7164564433120109f,-0.6711361613879412f,-0.22613527615386173f,0f,0f,0f,1f],start_interpolation:0}
execute if entity @s[tag=aj.tutankhamen.bone.weapon] run data modify entity @s {} merge value {transformation:[-0.7860300985257833f,0.45311710184666887f,1.360672352124763f,-0.8299793691844837f,1.4115303706239313f,-0.029974800447706073f,0.8253915420910843f,1.3053056439910005f,0.25362643913623384f,1.5711060043686766f,-0.37667920837083474f,-0.5320309285747107f,0f,0f,0f,1f],start_interpolation:0}
execute if entity @s[tag=aj.tutankhamen.bone.right_hand] run data modify entity @s {} merge value {transformation:[-0.1710528352478466f,0.648972842012989f,0.7413333783685024f,-0.4100697986360866f,0.9666822176079946f,0.25597737237163676f,-0.0010368192717918057f,1.4672114251812607f,-0.1904374377956262f,0.7164564433120109f,-0.6711361613879412f,-0.4177256821036488f,0f,0f,0f,1f],start_interpolation:0}
execute if entity @s[tag=aj.tutankhamen.bone.right_arm] run data modify entity @s {} merge value {transformation:[-0.1710528352478466f,0.648972842012989f,0.7413333783685024f,-0.21986258054989236f,0.9666822176079946f,0.25597737237163676f,-0.0010368192717918057f,1.511151903442153f,-0.1904374377956262f,0.7164564433120109f,-0.6711361613879412f,-0.16954183980438164f,0f,0f,0f,1f],start_interpolation:0}
execute if entity @s[tag=aj.tutankhamen.bone.body] run data modify entity @s {} merge value {transformation:[-0.8660254037844386f,0f,0.5000000000000001f,0f,0f,1f,0f,0.1986519034421529f,-0.5000000000000001f,0f,-0.8660254037844386f,0f,0f,0f,0f,1f],start_interpolation:0}
execute if entity @s[tag=aj.tutankhamen.bone.left_foot] run data modify entity @s {} merge value {transformation:[-0.4800902188686584f,-0.7485209502932948f,0.45741640626311897f,0.4142298004252688f,-0.3556300530670192f,0.6427435059022807f,0.6785337508009412f,0.6271267258680804f,-0.8018981525743732f,0.16308639609871742f,-0.5747714156996149f,0.013028270865802376f,0f,0f,0f,1f],start_interpolation:0}
execute if entity @s[tag=aj.tutankhamen.bone.left_leg] run data modify entity @s {} merge value {transformation:[-0.4800902188686584f,-0.7485209502932948f,0.45741640626311897f,0.07174906533230672f,-0.3556300530670192f,0.6427435059022807f,0.6785337508009412f,0.8972135705419838f,-0.8018981525743732f,0.16308639609871742f,-0.5747714156996149f,0.059319251891042084f,0f,0f,0f,1f],start_interpolation:0}
execute if entity @s[tag=aj.tutankhamen.bone.right_foot] run data modify entity @s {} merge value {transformation:[-0.8116644440544296f,0.10006712179690369f,0.575488836897031f,-0.35117759675436827f,0.4316880387112573f,0.7664691102570237f,0.4755739061969593f,0.5958946008546504f,-0.3935051047844764f,0.6344380774804501f,-0.6653135038096465f,0.13134355374221526f,0f,0f,0f,1f],start_interpolation:0}
execute if entity @s[tag=aj.tutankhamen.bone.right_leg] run data modify entity @s {} merge value {transformation:[-0.8116644440544296f,0.5807177543893957f,0.06298984040900155f,-0.07174906533230672f,0.4316880387112573f,0.6689963124511962f,-0.6050531969672827f,0.875090236342322f,-0.3935051047844764f,-0.46390820607490796f,-0.7936894284573273f,-0.059319251891042084f,0f,0f,0f,1f],start_interpolation:0}