execute if entity @s[tag=aj.tutankhamen.bone.head] run data modify entity @s {} merge value {transformation:[-0.5894182691686964f,-0.18101460587984494f,0.7872863624046477f,0f,0.091613830402901f,0.9533061182573181f,0.2877748268561247f,1.6290492387431164f,-0.802616352966401f,0.2417460596397146f,-0.5453126008076332f,0f,0f,0f,0f,1f],start_interpolation:0}
execute if entity @s[tag=aj.tutankhamen.bone.back_cape] run data modify entity @s {} merge value {transformation:[-0.2821682530893151f,-0.8513538702206397f,0.44224163599650174f,0.1499007709667918f,0f,0.4609733170736092f,0.8874139963659317f,1.6290492387431164f,-0.9593649341874676f,0.25040005712158275f,-0.13007203559944727f,-0.04408878954520548f,0f,0f,0f,1f],start_interpolation:0}
execute if entity @s[tag=aj.tutankhamen.bone.left_hand] run data modify entity @s {} merge value {transformation:[0.303244457375208f,-0.01879646211677133f,0.9527273965217481f,0.2299060705748033f,-0.4825238465500381f,0.8591212688994948f,0.1705326444850876f,1.2984814527116149f,-0.8217137802068131f,-0.511426767324917f,0.251454021804811f,0.462844710438551f,0f,0f,0f,1f],start_interpolation:0}
execute if entity @s[tag=aj.tutankhamen.bone.cape_left_back] run data modify entity @s {} merge value {transformation:[0.2727056139191285f,-0.3623005169096117f,0.8912743593215386f,0.24817116381927778f,-0.4151282502291773f,0.7914026370394452f,0.4487208508066831f,1.4160044851187612f,-0.8679286744880897f,-0.4923618603568317f,0.06541876234924565f,0.3632670948340835f,0f,0f,0f,1f],start_interpolation:0}
execute if entity @s[tag=aj.tutankhamen.bone.cape_left_side] run data modify entity @s {} merge value {transformation:[0.2727056139191285f,-0.3623005169096117f,0.8912743593215386f,0.09415161672922162f,-0.4151282502291773f,0.7914026370394452f,0.4487208508066831f,1.4247781678662348f,-0.8679286744880897f,-0.4923618603568317f,0.06541876234924565f,0.4907036049291918f,0f,0f,0f,1f],start_interpolation:0}
execute if entity @s[tag=aj.tutankhamen.bone.left_arm] run data modify entity @s {} merge value {transformation:[0.303244457375208f,-0.33715399372867616f,0.8912743593215386f,0.11304332291749936f,-0.4825238465500381f,0.7522103000902618f,0.4487208508066831f,1.5040492387431164f,-0.8217137802068131f,-0.566133243107064f,0.06541876234924565f,0.25358469376932524f,0f,0f,0f,1f],start_interpolation:0}
execute if entity @s[tag=aj.tutankhamen.bone.cape_right_back] run data modify entity @s {} merge value {transformation:[0.032955719567478184f,-0.07040287283502782f,0.996974099986737f,0.05872479407045286f,0.9134522724652644f,0.4069432643700606f,-0.00145791353771757f,1.4256546274962192f,-0.40560925343960563f,0.9107363038115993f,0.0777207722796931f,-0.4375442539548714f,0f,0f,0f,1f],start_interpolation:0}
execute if entity @s[tag=aj.tutankhamen.bone.cape_right] run data modify entity @s {} merge value {transformation:[0.03599528320666308f,-0.06889835660237101f,0.996974099986737f,-0.1848944679251903f,0.8948322524220569f,0.44640017306603363f,-0.00145791353771757f,1.565836645321595f,-0.4449489629296155f,0.8921770575082659f,0.0777207722796931f,-0.5264977224825471f,0f,0f,0f,1f],start_interpolation:0}
execute if entity @s[tag=aj.tutankhamen.bone.weapon] run data modify entity @s {} merge value {transformation:[-0.2935877928900415f,-0.9466596427384959f,1.300857179819248f,-0.03849289434566167f,1.4112381083775272f,0.4834230977898976f,0.6702960417586764f,1.1802616188626327f,-0.772528888094215f,1.2428697851925412f,0.7301105996535552f,-0.9813232563360236f,0f,0f,0f,1f],start_interpolation:0}
execute if entity @s[tag=aj.tutankhamen.bone.right_hand] run data modify entity @s {} merge value {transformation:[0.1406517527041423f,-0.40957679014192f,0.9013678147339709f,0.006151059996786383f,0.9222654094980306f,0.3852989088879571f,0.03116512880094663f,1.3979092333472618f,-0.3600605489423725f,0.8269169267748673f,0.4319314729312117f,-0.567828589502436f,0f,0f,0f,1f],start_interpolation:0}
execute if entity @s[tag=aj.tutankhamen.bone.right_arm] run data modify entity @s {} merge value {transformation:[0.03599528320666308f,-0.06889835660237101f,0.996974099986737f,-0.04224938601147066f,0.8948322524220569f,0.44640017306603363f,-0.00145791353771757f,1.5040492387431164f,-0.4449489629296155f,0.8921770575082659f,0.0777207722796931f,-0.2744065945854185f,0f,0f,0f,1f],start_interpolation:0}
execute if entity @s[tag=aj.tutankhamen.bone.body] run data modify entity @s {} merge value {transformation:[-0.2821682530893151f,0f,0.9593649341874676f,0f,0f,1f,0f,0.19154923874311636f,-0.9593649341874676f,0f,-0.2821682530893151f,0f,0f,0f,0f,1f],start_interpolation:0}
execute if entity @s[tag=aj.tutankhamen.bone.left_foot] run data modify entity @s {} merge value {transformation:[-0.6399951706607127f,-0.40559277997001664f,0.6526106636940272f,0.24231783226767983f,-0.030809148317295507f,0.8621969103208954f,0.5056355250702476f,0.5069760897308084f,-0.7677610161443f,0.3034979154282542f,-0.564297826878481f,-0.02657946899392649f,0f,0f,0f,1f],start_interpolation:0}
execute if entity @s[tag=aj.tutankhamen.bone.left_leg] run data modify entity @s {} merge value {transformation:[-0.6399951706607127f,-0.40559277997001664f,0.6526106636940272f,0.044871141947650274f,-0.030809148317295507f,0.8621969103208954f,0.5056355250702476f,0.8832244521112846f,-0.7677610161443f,0.3034979154282542f,-0.564297826878481f,0.08220833725142535f,0f,0f,0f,1f],start_interpolation:0}
execute if entity @s[tag=aj.tutankhamen.bone.right_foot] run data modify entity @s {} merge value {transformation:[-0.5809284463599659f,0.1121699775714326f,0.8061885860897686f,-0.25174843502287036f,0.6969770366778346f,0.5801273733033195f,0.42151541026156514f,0.5896908814452941f,-0.4204106927203217f,0.806765224136375f,-0.4151923922359416f,-0.3434652463050765f,0f,0f,0f,1f],start_interpolation:0}
execute if entity @s[tag=aj.tutankhamen.bone.right_leg] run data modify entity @s {} merge value {transformation:[-0.5809284463599659f,0.4313674951462198f,0.6902493928581697f,-0.044871141947650274f,0.6969770366778346f,0.70163126017334f,0.14811004385711138f,0.8748740253749481f,-0.4204106927203217f,0.5671293140711797f,-0.7082507963762359f,-0.08220833725142535f,0f,0f,0f,1f],start_interpolation:0}