execute if entity @s[tag=aj.tutankhamen.bone.head] run data modify entity @s {} merge value {transformation:[-0.8088883416564191f,-0.1901194642772973f,0.5563759880110227f,0f,0.025260992044925226f,0.9341671806418836f,0.3559403895211959f,1.625769355361192f,-0.5874193842675218f,0.30197064081547387f,-0.7508343353045714f,0f,0f,0f,0f,1f],start_interpolation:0}
execute if entity @s[tag=aj.tutankhamen.bone.back_cape] run data modify entity @s {} merge value {transformation:[-0.3976809388105306f,-0.5585530821681155f,0.7279205487601469f,0.14336308926615293f,0f,0.7933533402912352f,0.6087614290087207f,1.625769355361192f,-0.9175237713033788f,0.24209281659982823f,-0.31550150117548875f,-0.06213764668914541f,0f,0f,0f,1f],start_interpolation:0}
execute if entity @s[tag=aj.tutankhamen.bone.left_hand] run data modify entity @s {} merge value {transformation:[-0.20681483000997525f,0.04798769756236182f,0.9772025414266012f,0.2814516246469787f,-0.3553297461909631f,0.9269128637147527f,-0.12071998406221776f,1.2396069946207895f,-0.911574680187976f,-0.37219581400491275f,-0.17464786994810316f,0.3492058276974761f,0f,0f,0f,1f],start_interpolation:0}
execute if entity @s[tag=aj.tutankhamen.bone.cape_left_back] run data modify entity @s {} merge value {transformation:[-0.235864399909279f,-0.323008372836064f,0.9165334559814137f,0.28494098623369507f,-0.27561563062595595f,0.9266505419385337f,0.25564584346254954f,1.3693239948086313f,-0.9318819716091156f,-0.19231319300250843f,-0.30759003037661603f,0.264221696679643f,0f,0f,0f,1f],start_interpolation:0}
execute if entity @s[tag=aj.tutankhamen.bone.cape_left_side] run data modify entity @s {} merge value {transformation:[-0.235864399909279f,-0.323008372836064f,0.9165334559814137f,0.2072281167218432f,-0.27561563062595595f,0.9266505419385337f,0.25564584346254954f,1.3804332066611182f,-0.9318819716091156f,-0.19231319300250843f,-0.30759003037661603f,0.44827700854064434f,0f,0f,0f,1f],start_interpolation:0}
execute if entity @s[tag=aj.tutankhamen.bone.left_arm] run data modify entity @s {} merge value {transformation:[-0.20681483000997525f,-0.3423361654203526f,0.9165334559814137f,0.1432860329864871f,-0.3553297461909631f,0.8991028718629406f,0.25564584346254954f,1.500769355361192f,-0.911574680187976f,-0.27280024863093805f,-0.30759003037661603f,0.23780896223924752f,0f,0f,0f,1f],start_interpolation:0}
execute if entity @s[tag=aj.tutankhamen.bone.cape_right_back] run data modify entity @s {} merge value {transformation:[0.04453000926993292f,0.11908430525257914f,0.9918850772730328f,-0.010623507335082688f,0.5856289310177754f,0.8012707104465875f,-0.12249083122992771f,1.3384331511343226f,-0.8093551960847583f,0.5863311153460401f,-0.034058622222150114f,-0.378433991056971f,0f,0f,0f,1f],start_interpolation:0}
execute if entity @s[tag=aj.tutankhamen.bone.cape_right] run data modify entity @s {} merge value {transformation:[0.03929324212820595f,0.12091333510462747f,0.9918850772730328f,-0.2524552075708087f,0.5501206045367252f,0.8260528534717069f,-0.12249083122992771f,1.4550122034006678f,-0.8341602733211418f,0.5504694802304f,-0.034058622222150114f,-0.5002568782078619f,0f,0f,0f,1f],start_interpolation:0}
execute if entity @s[tag=aj.tutankhamen.bone.weapon] run data modify entity @s {} merge value {transformation:[-0.05067332843775454f,-0.9293489702782034f,1.3447417517274438f,-0.31245558341467117f,0.9351622006718671f,1.086989488152004f,0.7864560920310211f,0.9001425772462927f,-1.3407056149023546f,0.7933170978246962f,0.4977389979491373f,-0.6706116435852992f,0f,0f,0f,1f],start_interpolation:0}
execute if entity @s[tag=aj.tutankhamen.bone.right_hand] run data modify entity @s {} merge value {transformation:[0.07811587041855572f,-0.008624825142495185f,0.9969069781980728f,-0.08650257773621922f,0.56691118439224f,0.822933918508917f,-0.03730247684198461f,1.2600234902940024f,-0.8200668386172794f,0.5680716311864381f,0.06917370917798472f,-0.47118152073817227f,0f,0f,0f,1f],start_interpolation:0}
execute if entity @s[tag=aj.tutankhamen.bone.right_arm] run data modify entity @s {} merge value {transformation:[0.03929324212820595f,0.12091333510462747f,0.9918850772730328f,-0.07557966009258252f,0.5501206045367252f,0.8260528534717069f,-0.12249083122992771f,1.500769355361192f,-0.8341602733211418f,0.5504694802304f,-0.034058622222150114f,-0.2671548329164236f,0f,0f,0f,1f],start_interpolation:0}
execute if entity @s[tag=aj.tutankhamen.bone.body] run data modify entity @s {} merge value {transformation:[-0.3976809388105306f,0f,0.9175237713033788f,0f,0f,1f,0f,0.18826935536119205f,-0.9175237713033788f,0f,-0.3976809388105306f,0f,0f,0f,0f,1f],start_interpolation:0}
execute if entity @s[tag=aj.tutankhamen.bone.left_foot] run data modify entity @s {} merge value {transformation:[-0.6106560407807335f,-0.20486625063918365f,0.7649372648832338f,0.1619675396410171f,-0.12459505929814364f,0.9787816814256388f,0.16267295812178284f,0.4527290044707382f,-0.7820327813183353f,0.004029820671251655f,-0.6232242690146672f,0.0998199028779734f,0f,0f,0f,1f],start_interpolation:0}
execute if entity @s[tag=aj.tutankhamen.bone.left_leg] run data modify entity @s {} merge value {transformation:[-0.6106560407807335f,-0.20486625063918365f,0.7649372648832338f,0.05325555371197632f,-0.12459505929814364f,0.9787816814256388f,0.16267295812178284f,0.8770523944913882f,-0.7820327813183353f,0.004029820671251655f,-0.6232242690146672f,0.07714442500544802f,0f,0f,0f,1f],start_interpolation:0}
execute if entity @s[tag=aj.tutankhamen.bone.right_foot] run data modify entity @s {} merge value {transformation:[-0.593865293605626f,0.13597433793313324f,0.7929911679674309f,-0.17358829555897148f,0.3817002766680975f,0.9152519013598351f,0.1289141413837312f,0.48209381230463505f,-0.7082576592188761f,0.37924258263129285f,-0.5954377815330042f,-0.23184079407074096f,0f,0f,0f,1f],start_interpolation:0}
execute if entity @s[tag=aj.tutankhamen.bone.right_leg] run data modify entity @s {} merge value {transformation:[-0.593865293605626f,0.23262731753558707f,0.7702003273090067f,-0.05325555371197632f,0.3817002766680975f,0.9241614573079746f,0.01518221386683975f,0.8744863162309959f,-0.7082576592188761f,0.3030018679193213f,-0.6376213266470945f,-0.07714442500544802f,0f,0f,0f,1f],start_interpolation:0}