execute if entity @s[tag=aj.tutankhamen.bone.head] run data modify entity @s {} merge value {transformation:[-0.9697228857246032f,-0.09003619489693596f,0.227004423988673f,0f,0.0031741876871399094f,0.924828188254707f,0.380371853246324f,1.6250232456298215f,-0.24418732447544245f,0.3695758458259917f,-0.8965412677325723f,0f,0f,0f,0f,1f],start_interpolation:0}
execute if entity @s[tag=aj.tutankhamen.bone.back_cape] run data modify entity @s {} merge value {transformation:[-0.6624320803739582f,-0.2508036813044578f,0.7058903968291124f,0.11705030916353468f,0f,0.9422903304804746f,0.33479685345444615f,1.6250232456298215f,-0.7491219786466219f,0.22178017613648396f,-0.6242033439364454f,-0.10350501255843096f,0f,0f,0f,1f],start_interpolation:0}
execute if entity @s[tag=aj.tutankhamen.bone.left_hand] run data modify entity @s {} merge value {transformation:[-0.622909760690846f,-0.012070524544511074f,0.7822005704889848f,0.3572053580429698f,-0.2704606114584671f,0.9415460647529253f,-0.20085334350662945f,1.2221461866927654f,-0.734053463778753f,-0.33666795271528355f,-0.5897628353235854f,0.20994842963510446f,0f,0f,0f,1f],start_interpolation:0}
execute if entity @s[tag=aj.tutankhamen.bone.cape_left_back] run data modify entity @s {} merge value {transformation:[-0.6500973309123959f,-0.2835585221186328f,0.7049595909514784f,0.3351589431003245f,-0.18759770500214457f,0.9589359200704769f,0.2127181286973825f,1.3573035875204151f,-0.736329112162834f,0.006038686321099905f,-0.6765966101370949f,0.13709645027584272f,0f,0f,0f,1f],start_interpolation:0}
execute if entity @s[tag=aj.tutankhamen.bone.cape_left_side] run data modify entity @s {} merge value {transformation:[-0.6500973309123959f,-0.2835585221186328f,0.7049595909514784f,0.3486167021864516f,-0.18759770500214457f,0.9589359200704769f,0.2127181286973825f,1.3600259628398275f,-0.736329112162834f,0.006038686321099905f,-0.6765966101370949f,0.3367224503184224f,0f,0f,0f,1f],start_interpolation:0}
execute if entity @s[tag=aj.tutankhamen.bone.left_arm] run data modify entity @s {} merge value {transformation:[-0.622909760690846f,-0.33913921206725295f,0.7049595909514784f,0.2099261956017453f,-0.2704606114584671f,0.938936662066721f,0.2127181286973825f,1.5000232456298215f,-0.734053463778753f,-0.058159603380756625f,-0.6765966101370949f,0.18170025363353315f,0f,0f,0f,1f],start_interpolation:0}
execute if entity @s[tag=aj.tutankhamen.bone.cape_right_back] run data modify entity @s {} merge value {transformation:[-0.1900353477395958f,0.26864597900601356f,0.9443071028925873f,-0.12144261413492274f,0.40287742502061985f,0.8984599326131155f,-0.17452658793888925f,1.3152570734383733f,-0.8953079621103823f,0.34727379321327506f,-0.27897054598831345f,-0.318414157749709f,0f,0f,0f,1f],start_interpolation:0}
execute if entity @s[tag=aj.tutankhamen.bone.cape_right] run data modify entity @s {} merge value {transformation:[-0.20157264921933632f,0.2601010621149152f,0.9443071028925873f,-0.38901511629859087f,0.3633037031494433f,0.9151780643024123f,-0.17452658793888925f,1.415654924040196f,-0.9096036974224542f,0.30789048070114594f,-0.27897054598831345f,-0.3907970989748891f,0f,0f,0f,1f],start_interpolation:0}
execute if entity @s[tag=aj.tutankhamen.bone.weapon] run data modify entity @s {} merge value {transformation:[-0.3411019268833133f,-0.776353735961196f,1.3983962334569897f,-0.523845934113787f,0.6015663626401685f,1.2625863036380491f,0.8476918135835666f,0.866195022328784f,-1.4820104791894957f,0.6911862094514126f,0.022231442774133133f,-0.38134207969179623f,0f,0f,0f,1f],start_interpolation:0}
execute if entity @s[tag=aj.tutankhamen.bone.right_hand] run data modify entity @s {} merge value {transformation:[-0.1970405128130047f,0.2507509978247073f,0.9477863543015915f,-0.21927358611817807f,0.3652773052767695f,0.9159098337637882f,-0.16637808348617164f,1.2231209678701724f,-0.9098063126622774f,0.3134216225864186f,-0.27206499211616086f,-0.36788992425753436f,0f,0f,0f,1f],start_interpolation:0}
execute if entity @s[tag=aj.tutankhamen.bone.right_arm] run data modify entity @s {} merge value {transformation:[-0.20157264921933632f,0.2601010621149152f,0.9443071028925873f,-0.1546466119924645f,0.3633037031494433f,0.9151780643024123f,-0.17452658793888925f,1.5000232456298215f,-0.9096036974224542f,0.30789048070114594f,-0.27897054598831345f,-0.23058277292452845f,0f,0f,0f,1f],start_interpolation:0}
execute if entity @s[tag=aj.tutankhamen.bone.body] run data modify entity @s {} merge value {transformation:[-0.6624320803739582f,0f,0.7491219786466219f,0f,0f,1f,0f,0.1875232456298216f,-0.7491219786466219f,0f,-0.6624320803739582f,0f,0f,0f,0f,1f],start_interpolation:0}
execute if entity @s[tag=aj.tutankhamen.bone.left_foot] run data modify entity @s {} merge value {transformation:[-0.7257115751841724f,-0.1356183588018985f,0.6745000892509851f,0.15064182649938324f,-0.1672383498243191f,0.985747322886039f,0.018263345012512863f,0.4491479377532515f,-0.6673635021423827f,-0.099548361005528f,-0.7380488329571202f,0.12827391542916078f,0f,0f,0f,1f],start_interpolation:0}
execute if entity @s[tag=aj.tutankhamen.bone.left_leg] run data modify entity @s {} merge value {transformation:[-0.7257115751841724f,-0.1356183588018985f,0.6745000892509851f,0.06863030779904726f,-0.1672383498243191f,0.985747322886039f,0.018263345012512863f,0.8751861930838836f,-0.6673635021423827f,-0.099548361005528f,-0.7380488329571202f,0.06386639804729283f,0f,0f,0f,1f],start_interpolation:0}
execute if entity @s[tag=aj.tutankhamen.bone.right_foot] run data modify entity @s {} merge value {transformation:[-0.7233830507836044f,0.13446041880004617f,0.6772276999762498f,-0.1550980224046348f,0.19659417899089496f,0.9803648473565452f,0.01534584160200723f,0.45204210697309605f,-0.6618668224241953f,0.1442399453816249f,-0.7356134498025472f,-0.1421666152819503f,0f,0f,0f,1f],start_interpolation:0}
execute if entity @s[tag=aj.tutankhamen.bone.right_leg] run data modify entity @s {} merge value {transformation:[-0.7233830507836044f,0.14597027261394263f,0.6748404562205917f,-0.06863030779904726f,0.19659417899089496f,0.9804840212482948f,-0.0013464262584158195f,0.8748602981757596f,-0.6618668224241953f,0.13169572350606024f,-0.7379624284367831f,-0.06386639804729283f,0f,0f,0f,1f],start_interpolation:0}