execute if entity @s[tag=aj.tutankhamen.bone.head] run data modify entity @s {} merge value {transformation:[-0.13016086555311646f,-0.24028272652612004f,0.9619367756831203f,0f,0.032944860477841426f,0.968606444741173f,0.24640655708393916f,1.6387974060876556f,-0.9909453997302573f,0.06376336361139398f,-0.11815857232719967f,0f,0f,0f,0f,1f],start_interpolation:0}
execute if entity @s[tag=aj.tutankhamen.bone.back_cape] run data modify entity @s {} merge value {transformation:[0.5124430029725296f,-0.8101022393359008f,0.28484474811281896f,0.13417519381162493f,0f,0.3317080499627486f,0.9433820909843004f,1.6387974060876556f,-0.8587212403943996f,-0.4834295516544991f,0.1699814692330728f,0.08006921921445775f,0f,0f,0f,1f],start_interpolation:0}
execute if entity @s[tag=aj.tutankhamen.bone.left_hand] run data modify entity @s {} merge value {transformation:[0.8685952851302472f,0.4440781460955955f,-0.21985638678419944f,-0.2967084531178787f,-0.4837594899896898f,0.6638422582486964f,-0.5703421885221067f,1.2715919086053786f,-0.10732654142578008f,0.6017541494028689f,0.7914372730558057f,0.1781996774232253f,0f,0f,0f,1f],start_interpolation:0}
execute if entity @s[tag=aj.tutankhamen.bone.cape_left_back] run data modify entity @s {} merge value {transformation:[0.9079646895354061f,0.4120706623248556f,-0.07614388884229806f,-0.20696775582786095f,-0.41179113973561277f,0.843723403021439f,-0.34432379590897766f,1.3467770942892543f,-0.07764135362111103f,0.3439892272224194f,0.9357581053684784f,0.27995808449828774f,0f,0f,0f,1f],start_interpolation:0}
execute if entity @s[tag=aj.tutankhamen.bone.cape_left_side] run data modify entity @s {} merge value {transformation:[0.9079646895354061f,0.4120706623248556f,-0.07614388884229806f,-0.3393192524624809f,-0.41179113973561277f,0.843723403021439f,-0.34432379590897766f,1.454159934361566f,-0.07764135362111103f,0.3439892272224194f,0.9357581053684784f,0.17511978283052657f,0f,0f,0f,1f],start_interpolation:0}
execute if entity @s[tag=aj.tutankhamen.bone.left_arm] run data modify entity @s {} merge value {transformation:[0.8685952851302472f,0.48963694595228036f,-0.07614388884229806f,-0.10932919088457144f,-0.4837594899896898f,0.8046228181053205f,-0.34432379590897766f,1.5137974060876556f,-0.10732654142578008f,0.33591335451686943f,0.9357581053684784f,0.2552079892770551f,0f,0f,0f,1f],start_interpolation:0}
execute if entity @s[tag=aj.tutankhamen.bone.cape_right_back] run data modify entity @s {} merge value {transformation:[0.19282604157075822f,-0.7560418696990417f,0.6254748667645483f,0.370731846015091f,0.9666881888768198f,0.2557170012120137f,0.011079746260130946f,1.4726968495819235f,-0.16832130934081452f,0.6025027025276422f,0.7801656428404686f,-0.2626494080997038f,0f,0f,0f,1f],start_interpolation:0}
execute if entity @s[tag=aj.tutankhamen.bone.cape_right] run data modify entity @s {} merge value {transformation:[0.19282604157075822f,-0.7560418696990417f,0.6254748667645483f,0.2444921983193849f,0.9666881888768198f,0.2557170012120137f,0.011079746260130946f,1.6209719425288938f,-0.16832130934081452f,0.6025027025276422f,0.7801656428404686f,-0.4839910233943232f,0f,0f,0f,1f],start_interpolation:0}
execute if entity @s[tag=aj.tutankhamen.bone.weapon] run data modify entity @s {} merge value {transformation:[-0.19914882989519572f,-1.375949321833717f,-0.8612147704886511f,0.6032218670562599f,1.3881511965752995f,-0.5941162233038216f,0.6282116221981877f,1.3027158238180288f,-0.8414057716756224f,-0.6545051952151709f,1.2402608396778532f,-0.7957610678165546f,0f,0f,0f,1f],start_interpolation:0}
execute if entity @s[tag=aj.tutankhamen.bone.right_hand] run data modify entity @s {} merge value {transformation:[0.1924176018939012f,-0.7781731418043208f,0.5978478300167964f,0.43217071435377313f,0.9655441071504824f,0.2589125779306877f,0.02624603086684251f,1.470248746191564f,-0.17521427917946047f,0.5721982509267902f,0.8011798287575296f,-0.3919826395100888f,0f,0f,0f,1f],start_interpolation:0}
execute if entity @s[tag=aj.tutankhamen.bone.right_arm] run data modify entity @s {} merge value {transformation:[0.19282604157075822f,-0.7560418696990417f,0.6254748667645483f,0.17269637801637516f,0.9666881888768198f,0.2557170012120137f,0.011079746260130946f,1.5137974060876556f,-0.16832130934081452f,0.6025027025276422f,0.7801656428404686f,-0.21739353898020472f,0f,0f,0f,1f],start_interpolation:0}
execute if entity @s[tag=aj.tutankhamen.bone.body] run data modify entity @s {} merge value {transformation:[0.5124430029725296f,0f,0.8587212403943996f,0f,0f,1f,0f,0.20129740608765556f,-0.8587212403943996f,0f,0.5124430029725296f,0f,0f,0f,0f,1f],start_interpolation:0}
execute if entity @s[tag=aj.tutankhamen.bone.left_foot] run data modify entity @s {} merge value {transformation:[0.7857801047894859f,-0.18214771545793726f,0.5910768449791272f,-0.0004283876128054337f,-0.377356897784518f,0.6159940542389509f,0.6914861508639962f,0.6425518482580352f,-0.49005244475614f,-0.7664029846599729f,0.4153011756458389f,0.42525166360263267f,0f,0f,0f,1f],start_interpolation:0}
execute if entity @s[tag=aj.tutankhamen.bone.left_leg] run data modify entity @s {} merge value {transformation:[0.7857801047894859f,-0.18214771545793726f,0.5910768449791272f,-0.055562384850981555f,-0.377356897784518f,0.6159940542389509f,0.6914861508639962f,0.9002568439318102f,-0.49005244475614f,-0.7664029846599729f,0.4153011756458389f,0.07463621891526509f,0f,0f,0f,1f],start_interpolation:0}
execute if entity @s[tag=aj.tutankhamen.bone.right_foot] run data modify entity @s {} merge value {transformation:[0.3471761030259233f,-0.6249066937473913f,0.6992570182682744f,-0.14729842368913726f,0.4251495589628516f,0.7694885879765382f,0.47658699676718613f,0.5936104672975333f,-0.8358927000527201f,0.13182919662797557f,0.5328268545362518f,-0.34058548111654496f,0f,0f,0f,1f],start_interpolation:0}
execute if entity @s[tag=aj.tutankhamen.bone.right_leg] run data modify entity @s {} merge value {transformation:[0.3471761030259233f,0.48848014116498034f,0.8005347620029841f,0.055562384850981555f,0.4251495589628516f,0.6788878278024155f,-0.5986310798608858f,0.877337968243501f,-0.8358927000527201f,0.5481774064563025f,0.028016513869773718f,-0.07463621891526509f,0f,0f,0f,1f],start_interpolation:0}