execute if entity @s[tag=aj.tutankhamen.bone.head] run data modify entity @s {} merge value {transformation:[-0.9275855398538438f,0.2637933692509484f,-0.26457158689716875f,0f,0.2738832003283188f,0.9617620836758287f,-0.001298838498921026f,1.632933508500402f,0.25411229571189836f,-0.07366649674554307f,-0.964365173793241f,0f,0f,0f,0f,1f],start_interpolation:0}
execute if entity @s[tag=aj.tutankhamen.bone.back_cape] run data modify entity @s {} merge value {transformation:[-0.4284570538380552f,0.52335301752883f,-0.7365637596704593f,-0.14118158542769413f,0f,0.815177752111669f,0.5792108704627066f,1.632933508500402f,0.9035621467372424f,0.2481669831094267f,-0.3492686580240942f,-0.06694641466219613f,0f,0f,0f,1f],start_interpolation:0}
execute if entity @s[tag=aj.tutankhamen.bone.left_hand] run data modify entity @s {} merge value {transformation:[-0.8629112944544121f,-0.3378775643842743f,-0.3757962870875146f,0.17088611701637785f,-0.47948980747964853f,0.7822651283187143f,0.39768177421103285f,1.3450811852333766f,0.15960458146977047f,0.5233545839125289f,-0.8370342627823569f,-0.5208316009804972f,0f,0f,0f,1f],start_interpolation:0}
execute if entity @s[tag=aj.tutankhamen.bone.cape_left_back] run data modify entity @s {} merge value {transformation:[-0.8780003490412541f,-0.13479316236454147f,-0.45928878765239023f,0.0865065492772128f,-0.42288203695296805f,0.6679647549722528f,0.6123674296836555f,1.455785850923439f,0.2242457801296261f,0.7318837950758473f,-0.6434748950809432f,-0.45238056848664226f,0f,0f,0f,1f],start_interpolation:0}
execute if entity @s[tag=aj.tutankhamen.bone.cape_left_side] run data modify entity @s {} merge value {transformation:[-0.8780003490412541f,-0.13479316236454147f,-0.45928878765239023f,0.2811052022714575f,-0.42288203695296805f,0.6679647549722528f,0.6123674296836555f,1.4453152404868832f,0.2242457801296261f,0.7318837950758473f,-0.6434748950809432f,-0.4069846097467784f,0f,0f,0f,1f],start_interpolation:0}
execute if entity @s[tag=aj.tutankhamen.bone.left_arm] run data modify entity @s {} merge value {transformation:[-0.8629112944544121f,-0.21080300623996967f,-0.45928878765239023f,0.08456368607596745f,-0.47948980747964853f,0.6285663493902316f,0.6123674296836555f,1.507933508500402f,0.15960458146977047f,0.7486430637990502f,-0.6434748950809432f,-0.2644484312064599f,0f,0f,0f,1f],start_interpolation:0}
execute if entity @s[tag=aj.tutankhamen.bone.cape_right_back] run data modify entity @s {} merge value {transformation:[-0.19543513121402167f,-0.44255343120221474f,-0.8751865915440575f,-0.14491726016646012f,0.969641173652352f,0.04654184377156199f,-0.24006218181219813f,1.4760047126327906f,0.14697313987748756f,-0.8955335377915726f,0.42002211709035314f,0.43751657350136275f,0f,0f,0f,1f],start_interpolation:0}
execute if entity @s[tag=aj.tutankhamen.bone.cape_right] run data modify entity @s {} merge value {transformation:[-0.17594521072851738f,-0.4506569790907413f,-0.8751865915440575f,0.04638794854322342f,0.9666881633977589f,0.08879270020804064f,-0.24006218181219813f,1.6870652836167401f,0.18589587829848594f,-0.8882703099769642f,0.42002211709035314f,0.36155727521291287f,0f,0f,0f,1f],start_interpolation:0}
execute if entity @s[tag=aj.tutankhamen.bone.weapon] run data modify entity @s {} merge value {transformation:[-0.7408353792148241f,-1.4578933195858206f,-0.01725349882710909f,0.28158678683163174f,1.3648759953945495f,-0.7002765443010047f,0.5668456159384958f,1.6186007844031463f,-0.5127027713114853f,0.24237884358993136f,1.5339413411472558f,0.2032227254137967f,0f,0f,0f,1f],start_interpolation:0}
execute if entity @s[tag=aj.tutankhamen.bone.right_hand] run data modify entity @s {} merge value {transformation:[-0.34106800719331715f,-0.8961640628411448f,0.28383549274400577f,-0.03938426364388001f,0.9277137536817982f,-0.36961958424781616f,-0.05223556422687024f,1.510118516576228f,0.15172279228516503f,0.24550221060618715f,0.957449141672114f,0.5281082261271639f,0f,0f,0f,1f],start_interpolation:0}
execute if entity @s[tag=aj.tutankhamen.bone.right_arm] run data modify entity @s {} merge value {transformation:[-0.17594521072851738f,-0.4506569790907413f,-0.8751865915440575f,-0.15123979578907543f,0.9666881633977589f,0.08879270020804064f,-0.24006218181219813f,1.507933508500402f,0.18589587829848594f,-0.8882703099769642f,0.42002211709035314f,0.23283151406111519f,0f,0f,0f,1f],start_interpolation:0}
execute if entity @s[tag=aj.tutankhamen.bone.body] run data modify entity @s {} merge value {transformation:[-0.4284570538380552f,0f,-0.9035621467372424f,0f,0f,1f,0f,0.19543350850040198f,0.9035621467372424f,0f,-0.4284570538380552f,0f,0f,0f,0f,1f],start_interpolation:0}
execute if entity @s[tag=aj.tutankhamen.bone.left_foot] run data modify entity @s {} merge value {transformation:[-0.2501228172474396f,-0.5243582773230396f,0.8139330275243892f,0.2383799391575858f,0.44034616206352384f,0.6870725833184941f,0.5779502771069289f,0.5756091022700598f,-0.8622840795515878f,0.5029708363860327f,0.05904662477234336f,-0.09962452136125918f,0f,0f,0f,1f],start_interpolation:0}
execute if entity @s[tag=aj.tutankhamen.bone.left_leg] run data modify entity @s {} merge value {transformation:[-0.2501228172474396f,-0.5243582773230396f,0.8139330275243892f,0.0011568547897734469f,0.44034616206352384f,0.6870725833184941f,0.5779502771069289f,0.889964175036386f,-0.8622840795515878f,0.5029708363860327f,0.05904662477234336f,0.093478842071643f,0f,0f,0f,1f],start_interpolation:0}
execute if entity @s[tag=aj.tutankhamen.bone.right_foot] run data modify entity @s {} merge value {transformation:[-0.14625485006145766f,-0.8943015493391546f,0.4228879966174115f,-0.3641483979059289f,0.48425470060153597f,0.30804067449569883f,0.8189067882253459f,0.6512662960731219f,-0.8626163131884403f,0.32455458971615586f,0.38801728636152333f,-0.1942676032317042f,0f,0f,0f,1f],start_interpolation:0}
execute if entity @s[tag=aj.tutankhamen.bone.right_leg] run data modify entity @s {} merge value {transformation:[-0.14625485006145766f,0.8192481806896798f,0.5544744694484589f,-0.0011568547897734469f,0.48425470060153597f,0.5480445835087863f,-0.6820150434059337f,0.8759028419644179f,-0.8626163131884403f,0.16875886028096557f,-0.4768789608463055f,-0.093478842071643f,0f,0f,0f,1f],start_interpolation:0}