execute if entity @s[tag=aj.tutankhamen.bone.head] run data modify entity @s {} merge value {transformation:[-0.7964956580994138f,0.20190641171522353f,-0.5699372487713581f,0f,0.26386452333618376f,0.9641765976340875f,-0.0271845893719887f,1.6339045759397233f,0.5440314144912506f,-0.17203862788059487f,-0.821238412742373f,0f,0f,0f,0f,1f],start_interpolation:0}
execute if entity @s[tag=aj.tutankhamen.bone.back_cape] run data modify entity @s {} merge value {transformation:[-0.04239040273381578f,0.6143437059261406f,-0.7878990193831956f,-0.15610955045125025f,0f,0.7886078809577302f,0.6148964222463476f,1.6339045759397233f,0.9991011228880016f,0.026065706978605115f,-0.033429405672859236f,-0.0066235004271587156f,0f,0f,0f,1f],start_interpolation:0}
execute if entity @s[tag=aj.tutankhamen.bone.left_hand] run data modify entity @s {} merge value {transformation:[-0.7498050798237936f,-0.08657007302715271f,-0.655971009059477f,-0.04816528472403296f,-0.4746155860259291f,0.76113336294758f,0.44205887538807653f,1.356261989606354f,0.4610123509969105f,0.6427920552279571f,-0.6117891679035523f,-0.5519529496151846f,0f,0f,0f,1f],start_interpolation:0}
execute if entity @s[tag=aj.tutankhamen.bone.cape_left_back] run data modify entity @s {} merge value {transformation:[-0.7374010550908788f,0.17451584824466077f,-0.6525211894354894f,-0.09674326068185632f,-0.42068576057016643f,0.6371428896431263f,0.6458114500616318f,1.4649766519822935f,0.5284535692039176f,0.7507284175310363f,-0.39641350671613973f,-0.4525432883985897f,0f,0f,0f,1f],start_interpolation:0}
execute if entity @s[tag=aj.tutankhamen.bone.cape_left_side] run data modify entity @s {} merge value {transformation:[-0.7374010550908788f,0.17451584824466077f,-0.6525211894354894f,0.10004080285552966f,-0.42068576057016643f,0.6371428896431263f,0.6458114500616318f,1.449982370813678f,0.5284535692039176f,0.7507284175310363f,-0.39641350671613973f,-0.48556247024718435f,0f,0f,0f,1f],start_interpolation:0}
execute if entity @s[tag=aj.tutankhamen.bone.left_arm] run data modify entity @s {} merge value {transformation:[-0.7498050798237936f,0.10958302609496237f,-0.6525211894354894f,-0.025198199757071833f,-0.4746155860259291f,0.5980531886634801f,0.6458114500616318f,1.5089045759397233f,0.4610123509969105f,0.793929432582843f,-0.39641350671613973f,-0.2764941961403806f,0f,0f,0f,1f],start_interpolation:0}
execute if entity @s[tag=aj.tutankhamen.bone.cape_right_back] run data modify entity @s {} merge value {transformation:[-0.12450922824058502f,-0.7982043224245544f,-0.589378750673701f,0.049540796416977756f,0.9689251088471756f,0.0301412014583419f,-0.24551098024352513f,1.4795737705469518f,0.213732509292393f,-0.6016322528234391f,0.7696473522556753f,0.45358157603712157f,0f,0f,0f,1f],start_interpolation:0}
execute if entity @s[tag=aj.tutankhamen.bone.cape_right] run data modify entity @s {} merge value {transformation:[-0.0895735395077639f,-0.802875625034388f,-0.589378750673701f,0.18288961853731492f,0.9666881660977107f,0.07237643336410227f,-0.24551098024352513f,1.6919965415606004f,0.2397719135901785f,-0.5917367511141532f,0.7696473522556753f,0.29863409947166814f,0f,0f,0f,1f],start_interpolation:0}
execute if entity @s[tag=aj.tutankhamen.bone.weapon] run data modify entity @s {} merge value {transformation:[-0.9350301083268447f,-1.2216243723835283f,0.5549236550481088f,0.32090980015418624f,1.3333965181802299f,-0.7706320427932475f,0.5502432675973943f,1.6251667542409496f,-0.14953292426165157f,0.7670383439111563f,1.4366209511011954f,0.0514158613886575f,0f,0f,0f,1f],start_interpolation:0}
execute if entity @s[tag=aj.tutankhamen.bone.right_hand] run data modify entity @s {} merge value {transformation:[-0.25547330326539575f,-0.6801385041465365f,0.6871280859461206f,0.18393724835376496f,0.9239941898679123f,-0.38093458336052244f,-0.03351984919843169f,1.516080157832213f,0.28454899122823757f,0.6263389325095936f,0.7257626424759928f,0.48693858271010404f,0f,0f,0f,1f],start_interpolation:0}
execute if entity @s[tag=aj.tutankhamen.bone.right_arm] run data modify entity @s {} merge value {transformation:[-0.0895735395077639f,-0.802875625034388f,-0.589378750673701f,-0.048527969853641016f,0.9666881660977107f,0.07237643336410227f,-0.24551098024352513f,1.5089045759397233f,0.2397719135901785f,-0.5917367511141532f,0.7696473522556753f,0.2733661023466455f,0f,0f,0f,1f],start_interpolation:0}
execute if entity @s[tag=aj.tutankhamen.bone.body] run data modify entity @s {} merge value {transformation:[-0.04239040273381578f,0f,-0.9991011228880016f,0f,0f,1f,0f,0.19640457593972338f,0.9991011228880016f,0f,-0.04239040273381578f,0f,0f,0f,0f,1f],start_interpolation:0}
execute if entity @s[tag=aj.tutankhamen.bone.left_foot] run data modify entity @s {} merge value {transformation:[-0.6243642639265131f,-0.23485281934273852f,0.7449922275958794f,0.16544229052082743f,0.4580235887156841f,0.6625025045309366f,0.5927097296908851f,0.5874518339979418f,-0.6327587677081286f,0.7112907877492886f,-0.3060747574555724f,-0.2085610981687467f,0f,0f,0f,1f],start_interpolation:0}
execute if entity @s[tag=aj.tutankhamen.bone.left_leg] run data modify entity @s {} merge value {transformation:[-0.6243642639265131f,-0.23485281934273852f,0.7449922275958794f,0.04318279881067581f,0.4580235887156841f,0.6625025045309366f,0.5927097296908851f,0.8916099168775916f,-0.6327587677081286f,0.7112907877492886f,-0.3060747574555724f,0.08285490998068798f,0f,0f,0f,1f],start_interpolation:0}
execute if entity @s[tag=aj.tutankhamen.bone.right_foot] run data modify entity @s {} merge value {transformation:[-0.5257238394644982f,-0.6355845973912213f,0.5653730309961252f,-0.4109989766833974f,0.464727817643798f,0.3420851536784902f,0.8167042323514657f,0.651363481932606f,-0.712490350900796f,0.6921054595882068f,0.1155315224579754f,-0.001966369773276133f,0f,0f,0f,1f],start_interpolation:0}
execute if entity @s[tag=aj.tutankhamen.bone.right_leg] run data modify entity @s {} merge value {transformation:[-0.5257238394644982f,0.8031709894616137f,0.28023348534027653f,-0.04318279881067581f,0.464727817643798f,0.5471051368471266f,-0.6962068835795292f,0.8761992350018551f,-0.712490350900796f,-0.2357802598241411f,-0.6608821142613267f,-0.08285490998068798f,0f,0f,0f,1f],start_interpolation:0}