execute if entity @s[tag=aj.tutankhamen.bone.head] run data modify entity @s {} merge value {transformation:[-0.7742104227237779f,-0.08953597178184625f,0.6265632698323046f,0f,0.11076881117687767f,0.9554979063869812f,0.27341181642452267f,1.6299843129491656f,-0.6231600852239576f,0.2810819464981273f,-0.729838644863708f,0f,0f,0f,0f,1f],start_interpolation:0}
execute if entity @s[tag=aj.tutankhamen.bone.back_cape] run data modify entity @s {} merge value {transformation:[-0.5661788993297016f,-0.7543399082609299f,0.33228415062819244f,0.12879412301001597f,0f,0.40311931416014557f,0.9151474299538046f,1.6299843129491656f,-0.8242823872641023f,0.5181371646156503f,-0.2282376495897354f,-0.08846545302026587f,0f,0f,0f,1f],start_interpolation:0}
execute if entity @s[tag=aj.tutankhamen.bone.left_hand] run data modify entity @s {} merge value {transformation:[0.11718577341445668f,-0.20938842462468465f,0.9707852399694014f,0.36354981071496223f,-0.4895036615473965f,0.838348521186203f,0.23991232222751369f,1.312277865033441f,-0.8640912335170097f,-0.5033172405730795f,-0.004253880693352918f,0.382344172702986f,0f,0f,0f,1f],start_interpolation:0}
execute if entity @s[tag=aj.tutankhamen.bone.cape_left_back] run data modify entity @s {} merge value {transformation:[0.07213862720918798f,-0.5200076785790969f,0.8511098828489494f,0.3493999176261151f,-0.425245031598279f,0.7558516926425283f,0.4978502604502719f,1.4276260405897088f,-0.902198803792907f,-0.3978444833703283f,-0.16660457822774266f,0.2796039311795878f,0f,0f,0f,1f],start_interpolation:0}
execute if entity @s[tag=aj.tutankhamen.bone.cape_left_side] run data modify entity @s {} merge value {transformation:[0.07213862720918798f,-0.5200076785790969f,0.8511098828489494f,0.23173952176856083f,-0.425245031598279f,0.7558516926425283f,0.4978502604502719f,1.431839294220656f,-0.902198803792907f,-0.3978444833703283f,-0.16660457822774266f,0.44139806655069735f,0f,0f,0f,1f],start_interpolation:0}
execute if entity @s[tag=aj.tutankhamen.bone.left_arm] run data modify entity @s {} merge value {transformation:[0.11718577341445668f,-0.5117415967322797f,0.8511098828489494f,0.18621262310139208f,-0.4895036615473965f,0.715912902175459f,0.4978502604502719f,1.5049843129491656f,-0.8640912335170097f,-0.4749623718491902f,-0.16660457822774266f,0.20593408840697403f,0f,0f,0f,1f],start_interpolation:0}
execute if entity @s[tag=aj.tutankhamen.bone.cape_right_back] run data modify entity @s {} merge value {transformation:[-0.0801428920886888f,0.22637292000358766f,0.9707380789567853f,-0.08215633076594675f,0.9488717580104675f,0.31562631420343146f,0.0047346206269932856f,1.4441903040405726f,-0.3053186920216081f,0.9214853937374189f,-0.24009407620932338f,-0.4410803725846965f,0f,0f,0f,1f],start_interpolation:0}
execute if entity @s[tag=aj.tutankhamen.bone.cape_right] run data modify entity @s {} merge value {transformation:[-0.08994086190028999f,0.22266167928928154f,0.9707380789567853f,-0.3388941101770634f,0.9342012158876757f,0.3567151126620608f,0.0047346206269932856f,1.5889755888662735f,-0.34522272462081816f,0.907290529529858f,-0.24009407620932338f,-0.4349979042543685f,0f,0f,0f,1f],start_interpolation:0}
execute if entity @s[tag=aj.tutankhamen.bone.weapon] run data modify entity @s {} merge value {transformation:[-0.5461311162087945f,-0.40597294728973854f,1.4871161499992296f,-0.34968311182623013f,1.4604757934322157f,0.36859770431802125f,0.6369724191683145f,1.256528482489078f,-0.49329396339118803f,1.540749613678835f,0.2394563994581171f,-0.9499199236508012f,0f,0f,0f,1f],start_interpolation:0}
execute if entity @s[tag=aj.tutankhamen.bone.right_hand] run data modify entity @s {} merge value {transformation:[0.052075391723763687f,-0.12367809279062375f,0.9909550357813872f,-0.17347082254629007f,0.9559504484513613f,0.2932109484981768f,-0.013641106496188332f,1.4284987891651177f,-0.2888717599255029f,0.9480142768146866f,0.13349920326754466f,-0.5502740191572466f,0f,0f,0f,1f],start_interpolation:0}
execute if entity @s[tag=aj.tutankhamen.bone.right_arm] run data modify entity @s {} merge value {transformation:[-0.08994086190028999f,0.22266167928928154f,0.9707380789567853f,-0.12538676503920582f,0.9342012158876757f,0.3567151126620608f,0.0047346206269932856f,1.5049843129491656f,-0.34522272462081816f,0.907290529529858f,-0.24009407620932338f,-0.24771384483576103f,0f,0f,0f,1f],start_interpolation:0}
execute if entity @s[tag=aj.tutankhamen.bone.body] run data modify entity @s {} merge value {transformation:[-0.5661788993297016f,0f,0.8242823872641023f,0f,0f,1f,0f,0.19248431294916557f,-0.8242823872641023f,0f,-0.5661788993297016f,0f,0f,0f,0f,1f],start_interpolation:0}
execute if entity @s[tag=aj.tutankhamen.bone.left_foot] run data modify entity @s {} merge value {transformation:[-0.8082592998678774f,-0.3413959976656423f,0.4797558514025328f,0.23631260380442656f,-0.01030449606837417f,0.8228418813779723f,0.5681769580079217f,0.5252059424760451f,-0.5887365467998955f,0.4542906679959863f,-0.6685875166602313f,-0.10993396365966479f,0f,0f,0f,1f],start_interpolation:0}
execute if entity @s[tag=aj.tutankhamen.bone.left_leg] run data modify entity @s {} merge value {transformation:[-0.8082592998678774f,-0.3413959976656423f,0.4797558514025328f,0.06169375170483687f,-0.01030449606837417f,0.8228418813779723f,0.5681769580079217f,0.8848772500767714f,-0.5887365467998955f,0.4542906679959863f,-0.6685875166602313f,0.07042018650108245f,0f,0f,0f,1f],start_interpolation:0}
execute if entity @s[tag=aj.tutankhamen.bone.right_foot] run data modify entity @s {} merge value {transformation:[-0.6536231798627696f,0.28419615852322977f,0.7014337333110807f,-0.33992605690378225f,0.7260540662812894f,0.4970375267313101f,0.47518332236856464f,0.6066989996723906f,-0.21359361315939734f,0.8198696484816725f,-0.5312170252505584f,-0.2776281237734848f,0f,0f,0f,1f],start_interpolation:0}
execute if entity @s[tag=aj.tutankhamen.bone.right_leg] run data modify entity @s {} merge value {transformation:[-0.6536231798627696f,0.5892721847502487f,0.47490528637376717f,-0.06169375170483687f,0.7260540662812894f,0.6653292930753356f,0.17373089711470183f,0.8750913758215597f,-0.21359361315939734f,0.45836145568267694f,-0.862718114080127f,-0.07042018650108245f,0f,0f,0f,1f],start_interpolation:0}