execute if entity @s[tag=aj.tutankhamen.bone.head] run data modify entity @s {} merge value {transformation:[-0.8603753233667268f,-0.16848849434198604f,0.481005124937324f,0f,0.0200066751756256f,0.9318819625311194f,0.3622095261827971f,1.6255436477942147f,-0.5092681375169834f,0.32125945150846535f,-0.7983973502752015f,0f,0f,0f,0f,1f],start_interpolation:0}
execute if entity @s[tag=aj.tutankhamen.bone.back_cape] run data modify entity @s {} merge value {transformation:[-0.468479320086659f,-0.48577532344983687f,0.7379359469346564f,0.13804288483296193f,0f,0.8352657353405881f,0.5498464798159087f,1.6255436477942147f,-0.8834744629309563f,0.25759170501619977f,-0.39130472378404196f,-0.07319989376354047f,0f,0f,0f,1f],start_interpolation:0}
execute if entity @s[tag=aj.tutankhamen.bone.left_hand] run data modify entity @s {} merge value {transformation:[-0.31605269507251726f,0.03080402760420875f,0.9482414280238749f,0.3059380628396421f,-0.33627477734408867f,0.9309474543864044f,-0.14232396598485103f,1.234996991950873f,-0.8871470949394931f,-0.36385154810009057f,-0.28386983440581603f,0.31710047501486405f,0f,0f,0f,1f],start_interpolation:0}
execute if entity @s[tag=aj.tutankhamen.bone.cape_left_back] run data modify entity @s {} merge value {transformation:[-0.34554981902205656f,-0.32335451084862565f,0.8809297264184415f,0.30248051084708344f,-0.25569796294995517f,0.9356792767700314f,0.24315189237666723f,1.3660046742755776f,-0.9028919505218037f,-0.14123084414162884f,-0.40600489448524585f,0.23411848411925074f,0f,0f,0f,1f],start_interpolation:0}
execute if entity @s[tag=aj.tutankhamen.bone.cape_left_side] run data modify entity @s {} merge value {transformation:[-0.34554981902205656f,-0.32335451084862565f,0.8809297264184415f,0.24635645426697458f,-0.25569796294995517f,0.9356792767700314f,0.24315189237666723f,1.3755634944394246f,-0.9028919505218037f,-0.14123084414162884f,-0.40600489448524585f,0.4259459631989383f,0f,0f,0f,1f],start_interpolation:0}
execute if entity @s[tag=aj.tutankhamen.bone.left_arm] run data modify entity @s {} merge value {transformation:[-0.31605269507251726f,-0.35224070044463685f,0.8809297264184415f,0.1615118627560629f,-0.33627477734408867f,0.9098331887526577f,0.24315189237666723f,1.5005436477942147f,-0.8871470949394931f,-0.21938563670952194f,-0.40600489448524585f,0.22582716390943586f,0f,0f,0f,1f],start_interpolation:0}
execute if entity @s[tag=aj.tutankhamen.bone.cape_right_back] run data modify entity @s {} merge value {transformation:[-0.01037469063549061f,0.17020021415006517f,0.9853548867781039f,-0.041409951284181956f,0.5431770070326851f,0.8283070280256404f,-0.13735430955869457f,1.331915924203211f,-0.8395541107190367f,0.5337971097960377f,-0.10104227208532313f,-0.36765964944028184f,0f,0f,0f,1f],start_interpolation:0}
execute if entity @s[tag=aj.tutankhamen.bone.cape_right] run data modify entity @s {} merge value {transformation:[-0.01778884529952368f,0.16958568360984896f,0.9853548867781039f,-0.2905281800567585f,0.5065297777672796f,0.8512117115504725f,-0.13735430955869457f,1.445399779369022f,-0.8620389441422819f,0.49666821725765326f,-0.10104227208532313f,-0.47709266644118264f,0f,0f,0f,1f],start_interpolation:0}
execute if entity @s[tag=aj.tutankhamen.bone.weapon] run data modify entity @s {} merge value {transformation:[-0.11739744211433627f,-0.8746512759467263f,1.3768771403726934f,-0.37961792841983416f,0.8624161502202556f,1.1384461121141898f,0.7967223526815794f,0.8880637287184193f,-1.3845735437438478f,0.7832708783734781f,0.37951351315566456f,-0.6066908959964141f,0f,0f,0f,1f],start_interpolation:0}
execute if entity @s[tag=aj.tutankhamen.bone.right_hand] run data modify entity @s {} merge value {transformation:[0.013645201497541778f,0.07127854050147471f,0.9973631124821447f,-0.12474874357465472f,0.5199727051914675f,0.8514745909912982f,-0.06796621772666853f,1.2499281601620478f,-0.8540738810735047f,0.5195290083914287f,-0.02544435316253818f,-0.4503667515966021f,0f,0f,0f,1f],start_interpolation:0}
execute if entity @s[tag=aj.tutankhamen.bone.right_arm] run data modify entity @s {} merge value {transformation:[-0.01778884529952368f,0.16958568360984896f,0.9853548867781039f,-0.09631807345023033f,0.5065297777672796f,0.8512117115504725f,-0.13735430955869457f,1.5005436477942147f,-0.8620389441422819f,0.49666821725765326f,-0.10104227208532313f,-0.2603974241369306f,0f,0f,0f,1f],start_interpolation:0}
execute if entity @s[tag=aj.tutankhamen.bone.body] run data modify entity @s {} merge value {transformation:[-0.468479320086659f,0f,0.8834744629309563f,0f,0f,1f,0f,0.18804364779421467f,-0.8834744629309563f,0f,-0.468479320086659f,0f,0f,0f,0f,1f],start_interpolation:0}
execute if entity @s[tag=aj.tutankhamen.bone.left_foot] run data modify entity @s {} merge value {transformation:[-0.6430464598856978f,-0.18465961601053307f,0.7432308367144856f,0.15839619519756698f,-0.1342187398554891f,0.9826478868054487f,0.12801742236270403f,0.4508520420542566f,-0.7539738591622899f,-0.017434356071530058f,-0.6566730258875377f,0.10521852914838548f,0f,0f,0f,1f],start_interpolation:0}
execute if entity @s[tag=aj.tutankhamen.bone.left_leg] run data modify entity @s {} merge value {transformation:[-0.6430464598856978f,-0.18465961601053307f,0.7432308367144856f,0.05751241132153069f,-0.1342187398554891f,0.9826478868054487f,0.12801742236270403f,0.8765661569111564f,-0.7539738591622899f,-0.017434356071530058f,-0.6566730258875377f,0.07402931526826952f,0f,0f,0f,1f],start_interpolation:0}
execute if entity @s[tag=aj.tutankhamen.bone.right_foot] run data modify entity @s {} merge value {transformation:[-0.6281545728833046f,0.14478844225729706f,0.7644986197204666f,-0.17329977159813018f,0.338810097701291f,0.9353929578552022f,0.10123108263047263f,0.47350023106132183f,-0.700449534414461f,0.3226086195122524f,-0.6366271501867979f,-0.2087821681325251f,0f,0f,0f,1f],start_interpolation:0}
execute if entity @s[tag=aj.tutankhamen.bone.right_leg] run data modify entity @s {} merge value {transformation:[-0.6281545728833046f,0.21978863971199133f,0.7464012234846255f,-0.05751241132153069f,0.338810097701291f,0.9408199386722663f,0.008096955746124998f,0.874521138677273f,-0.700449534414461f,0.25797441123155124f,-0.6654469572312278f,-0.07402931526826952f,0f,0f,0f,1f],start_interpolation:0}