execute if entity @s[tag=aj.tutankhamen.bone.head] run data modify entity @s {} merge value {transformation:[-0.9562219186613312f,-0.1043343454589635f,0.27341175290995173f,0f,0.0067598163346028195f,0.9261616122806157f,0.3770662711260356f,1.6250914828012335f,-0.2925644324841372f,0.36240724647200445f,-0.8849107528727486f,0f,0f,0f,0f,1f],start_interpolation:0}
execute if entity @s[tag=aj.tutankhamen.bone.back_cape] run data modify entity @s {} merge value {transformation:[-0.6329802276786555f,-0.29394799478213424f,0.7161917395023765f,0.12096374385871711f,0f,0.9251115725051364f,0.37969537581734353f,1.6250914828012335f,-0.7741679606957895f,0.24033966543339477f,-0.5855773337924602f,-0.09890316057478991f,0f,0f,0f,1f],start_interpolation:0}
execute if entity @s[tag=aj.tutankhamen.bone.left_hand] run data modify entity @s {} merge value {transformation:[-0.5725027621356986f,-0.0073366901198158585f,0.8198699654976278f,0.3517509490198728f,-0.28444310769202436f,0.9396333271576481f,-0.19021390322779178f,1.2245206090340468f,-0.7689816030526992f,-0.34210434588402133f,-0.5400295461303639f,0.22921296055069806f,0f,0f,0f,1f],start_interpolation:0}
execute if entity @s[tag=aj.tutankhamen.bone.cape_left_back] run data modify entity @s {} merge value {transformation:[-0.6006196241345721f,-0.2963811928240757f,0.7425727275120082f,0.3324276706908438f,-0.20198876629974033f,0.9548764889892071f,0.2177416567043473f,1.3588289081439835f,-0.7735997708073303f,-0.019211437109779628f,-0.633383229404618f,0.15405399560514937f,0f,0f,0f,1f],start_interpolation:0}
execute if entity @s[tag=aj.tutankhamen.bone.cape_left_side] run data modify entity @s {} merge value {transformation:[-0.6006196241345721f,-0.2963811928240757f,0.7425727275120082f,0.33345289602286965f,-0.20198876629974033f,0.9548764889892071f,0.2177416567043473f,1.3631719457902745f,-0.7735997708073303f,-0.019211437109779628f,-0.633383229404618f,0.354101863469372f,0f,0f,0f,1f],start_interpolation:0}
execute if entity @s[tag=aj.tutankhamen.bone.left_arm] run data modify entity @s {} merge value {transformation:[-0.5725027621356986f,-0.34760082235571943f,0.7425727275120082f,0.20274581122186527f,-0.28444310769202436f,0.933638414709972f,0.2177416567043473f,1.5000914828012335f,-0.7689816030526992f,-0.08656199440561649f,-0.633383229404618f,0.18967900727887704f,0f,0f,0f,1f],start_interpolation:0}
execute if entity @s[tag=aj.tutankhamen.bone.cape_right_back] run data modify entity @s {} merge value {transformation:[-0.16062325568302901f,0.26018824066878277f,0.9521041167600673f,-0.11020263693851046f,0.4317676571643374f,0.8859592500237495f,-0.16927166781294112f,1.318072233367785f,-0.8875679466725933f,0.3838987974910042f,-0.25464652623658046f,-0.3289632478980966f,0f,0f,0f,1f],start_interpolation:0}
execute if entity @s[tag=aj.tutankhamen.bone.cape_right] run data modify entity @s {} merge value {transformation:[-0.17181962959245506f,0.2529343111071404f,0.9521041167600673f,-0.3750754832523484f,0.39271171030990804f,0.9039494538198982f,-0.16927166781294112f,1.4217513550569434f,-0.9034686090131623f,0.34481824082183377f,-0.25464652623658046f,-0.4064685864972581f,0f,0f,0f,1f],start_interpolation:0}
execute if entity @s[tag=aj.tutankhamen.bone.weapon] run data modify entity @s {} merge value {transformation:[-0.30677098537905734f,-0.778520560666429f,1.4051280983455932f,-0.5070752339905986f,0.6577343950016158f,1.2442365575463052f,0.8329757067935953f,0.8693875246810687f,-1.4655595183316614f,0.7213659259322279f,0.07971306506789878f,-0.4238853862831411f,0f,0f,0f,1f],start_interpolation:0}
execute if entity @s[tag=aj.tutankhamen.bone.right_hand] run data modify entity @s {} merge value {transformation:[-0.16165904257508168f,0.22865903025383108f,0.9599903134079456f,-0.2066952965491714f,0.3970835425824565f,0.9056324288287789f,-0.14884409314397778f,1.2279302718257914f,-0.9034329051810512f,0.357134360902258f,-0.23720040914606655f,-0.38438351414270083f,0f,0f,0f,1f],start_interpolation:0}
execute if entity @s[tag=aj.tutankhamen.bone.right_arm] run data modify entity @s {} merge value {transformation:[-0.17181962959245506f,0.2529343111071404f,0.9521041167600673f,-0.1456180219822212f,0.39271171030990804f,0.9039494538198982f,-0.16927166781294112f,1.5000914828012335f,-0.9034686090131623f,0.34481824082183377f,-0.25464652623658046f,-0.23638820072985423f,0f,0f,0f,1f],start_interpolation:0}
execute if entity @s[tag=aj.tutankhamen.bone.body] run data modify entity @s {} merge value {transformation:[-0.6329802276786555f,0f,0.7741679606957895f,0f,0f,1f,0f,0.1875914828012334f,-0.7741679606957895f,0f,-0.6329802276786555f,0f,0f,0f,0f,1f],start_interpolation:0}
execute if entity @s[tag=aj.tutankhamen.bone.left_foot] run data modify entity @s {} merge value {transformation:[-0.7156171631717687f,-0.14419855450838248f,0.6834463056097995f,0.15252797016459968f,-0.15999601255108473f,0.9862837632538914f,0.04056617198473213f,0.44894013235315733f,-0.6799215776409389f,-0.08031883477388585f,-0.7288727824790977f,0.12188111927564403f,0f,0f,0f,1f],start_interpolation:0}
execute if entity @s[tag=aj.tutankhamen.bone.left_leg] run data modify entity @s {} merge value {transformation:[-0.7156171631717687f,-0.14419855450838248f,0.6834463056097995f,0.06707806621806459f,-0.15999601255108473f,0.9862837632538914f,0.04056617198473213f,0.8754394033845134f,-0.6799215776409389f,-0.08031883477388585f,-0.7288727824790977f,0.06549407976078964f,0f,0f,0f,1f],start_interpolation:0}
execute if entity @s[tag=aj.tutankhamen.bone.right_foot] run data modify entity @s {} merge value {transformation:[-0.7103134098243618f,0.14117271790713923f,0.689583297029735f,-0.16167992419277671f,0.2256023223237187f,0.9736585356635411f,0.03305522790231557f,0.4555730746728648f,-0.6667521668399985f,0.17905116488937006f,-0.7234516074803666f,-0.15341110506843514f,0f,0f,0f,1f],start_interpolation:0}
execute if entity @s[tag=aj.tutankhamen.bone.right_leg] run data modify entity @s {} merge value {transformation:[-0.7103134098243618f,0.16549614609760185f,0.6841534078337472f,-0.06707806621806459f,0.2256023223237187f,0.9742184231261823f,-0.001433946888778759f,0.8747435622179534f,-0.6667521668399985f,0.15332804592890412f,-0.7293367249397159f,-0.06549407976078964f,0f,0f,0f,1f],start_interpolation:0}