execute if entity @s[tag=aj.tutankhamen.bone.head] run data modify entity @s {} merge value {transformation:[-0.9697228861709406f,-0.09003619362060586f,0.22700442258822595f,0f,0.0031741886677637277f,0.9248281877772513f,0.38037185439901666f,1.6250232456298215f,-0.24418732269018917f,0.36957584733171894f,-0.8965412675981177f,0f,0f,0f,0f,1f],start_interpolation:0}
execute if entity @s[tag=aj.tutankhamen.bone.back_cape] run data modify entity @s {} merge value {transformation:[-0.6624320803739582f,-0.2508036813044578f,0.7058903968291124f,0.11705030916353468f,0f,0.9422903304804746f,0.33479685345444615f,1.6250232456298215f,-0.7491219786466219f,0.22178017613648396f,-0.6242033439364454f,-0.10350501255843096f,0f,0f,0f,1f],start_interpolation:0}
execute if entity @s[tag=aj.tutankhamen.bone.left_hand] run data modify entity @s {} merge value {transformation:[-0.6229097606513926f,-0.01207052463236491f,0.7822005705190481f,0.357205358070115f,-0.2704606115180732f,0.9415460647527931f,-0.2008533434269869f,1.2221461867073193f,-0.7340534637902711f,-0.3366679527125037f,-0.5897628353108362f,0.20994842963674357f,0f,0f,0f,1f],start_interpolation:0}
execute if entity @s[tag=aj.tutankhamen.bone.cape_left_back] run data modify entity @s {} merge value {transformation:[-0.6500973308811423f,-0.2835585222140806f,0.7049595909419074f,0.3351589431152781f,-0.18759770506444662f,0.9589359200422645f,0.21271812876962065f,1.3573035875330084f,-0.7363291121745545f,0.006038686319288687f,-0.6765966101243558f,0.13709645027753325f,0f,0f,0f,1f],start_interpolation:0}
execute if entity @s[tag=aj.tutankhamen.bone.cape_left_side] run data modify entity @s {} merge value {transformation:[-0.6500973308811423f,-0.2835585222140806f,0.7049595909419074f,0.3486167021977182f,-0.18759770506444662f,0.9589359200422645f,0.21271812876962065f,1.3600259628531255f,-0.7363291121745545f,0.006038686319288687f,-0.6765966101243558f,0.33672245032035186f,0f,0f,0f,1f],start_interpolation:0}
execute if entity @s[tag=aj.tutankhamen.bone.left_arm] run data modify entity @s {} merge value {transformation:[-0.6229097606513926f,-0.3391392121596136f,0.7049595909419074f,0.2099261956017453f,-0.2704606115180732f,0.9389366620331858f,0.21271812876962065f,1.5000232456298215f,-0.7340534637902711f,-0.058159603383582475f,-0.6765966101243558f,0.18170025363353315f,0f,0f,0f,1f],start_interpolation:0}
execute if entity @s[tag=aj.tutankhamen.bone.cape_right_back] run data modify entity @s {} merge value {transformation:[-0.1900353476881839f,0.26864598073635176f,0.9443071024106695f,-0.12144261450207805f,0.4028774250122643f,0.8984599322928701f,-0.17452658960679468f,1.3152570733515159f,-0.8953079621250548f,0.34727379270324293f,-0.2789705465761334f,-0.31841415770579207f,0f,0f,0f,1f],start_interpolation:0}
execute if entity @s[tag=aj.tutankhamen.bone.cape_right] run data modify entity @s {} merge value {transformation:[-0.20157264924344964f,0.260101063845849f,0.9443071024106695f,-0.3890151165490344f,0.3633037031550646f,0.9151780639821073f,-0.17452658960679468f,1.4156549243711933f,-0.9096036974148654f,0.3078904801909592f,-0.2789705465761334f,-0.3907970987828314f,0f,0f,0f,1f],start_interpolation:0}
execute if entity @s[tag=aj.tutankhamen.bone.weapon] run data modify entity @s {} merge value {transformation:[-0.3411019255742379f,-0.7763537315650083f,1.3983962362169546f,-0.5238459358318175f,0.6015663585337612f,1.2625863085882287f,0.8476918091246909f,0.866195023327246f,-1.4820104811576362f,0.6911862053468283f,0.022231439185862317f,-0.3813420781595276f,0f,0f,0f,1f],start_interpolation:0}
execute if entity @s[tag=aj.tutankhamen.bone.right_hand] run data modify entity @s {} merge value {transformation:[-0.19704051202242004f,0.25075100093228414f,0.9477863536437946f,-0.21927358667233376f,0.3652773027157376f,0.9159098340527193f,-0.1663780875182646f,1.2231209679277728f,-0.909806313861724f,0.3134216192558797f,-0.27206499194193373f,-0.36788992411286814f,0f,0f,0f,1f],start_interpolation:0}
execute if entity @s[tag=aj.tutankhamen.bone.right_arm] run data modify entity @s {} merge value {transformation:[-0.20157264924344964f,0.260101063845849f,0.9443071024106695f,-0.1546466119924645f,0.3633037031550646f,0.9151780639821073f,-0.17452658960679468f,1.5000232456298215f,-0.9096036974148654f,0.3078904801909592f,-0.2789705465761334f,-0.23058277292452845f,0f,0f,0f,1f],start_interpolation:0}
execute if entity @s[tag=aj.tutankhamen.bone.body] run data modify entity @s {} merge value {transformation:[-0.6624320803739582f,0f,0.7491219786466219f,0f,0f,1f,0f,0.1875232456298216f,-0.7491219786466219f,0f,-0.6624320803739582f,0f,0f,0f,0f,1f],start_interpolation:0}
execute if entity @s[tag=aj.tutankhamen.bone.left_foot] run data modify entity @s {} merge value {transformation:[-0.7257115760071284f,-0.13561835780766499f,0.6745000885654514f,0.15064182609012344f,-0.16723834947651842f,0.9857473229681638f,0.018263343764726363f,0.4491479377064531f,-0.6673635013346323f,-0.09954836154679206f,-0.7380488336145037f,0.1282739156407216f,0f,0f,0f,1f],start_interpolation:0}
execute if entity @s[tag=aj.tutankhamen.bone.left_leg] run data modify entity @s {} merge value {transformation:[-0.7257115760071284f,-0.13561835780766499f,0.6745000885654514f,0.06863030779904726f,-0.16723834947651842f,0.9857473229681638f,0.018263343764726363f,0.8751861930838836f,-0.6673635013346323f,-0.09954836154679206f,-0.7380488336145037f,0.06386639804729283f,0f,0f,0f,1f],start_interpolation:0}
execute if entity @s[tag=aj.tutankhamen.bone.right_foot] run data modify entity @s {} merge value {transformation:[-0.7233830492962334f,0.1344604182110129f,0.6772277016819402f,-0.15509802211319396f,0.1965941788763872f,0.9803648473754973f,0.015345841858202425f,0.4520421069593191f,-0.6618668240838201f,0.1442399458019082f,-0.7356134482268933f,-0.14216661552939655f,0f,0f,0f,1f],start_interpolation:0}
execute if entity @s[tag=aj.tutankhamen.bone.right_leg] run data modify entity @s {} merge value {transformation:[-0.7233830492962334f,0.14597027205403293f,0.6748404579360628f,-0.06863030779904726f,0.1965941788763872f,0.9804840212716058f,-0.0013464260025803998f,0.8748602981757596f,-0.6618668240838201f,0.13169572395310705f,-0.7379624268685125f,-0.06386639804729283f,0f,0f,0f,1f],start_interpolation:0}