execute if entity @s[tag=aj.grey_guardian.bone.head] run data modify entity @s {} merge value {transformation:[-0.906531128951708f,0.41075518272686273f,-0.09737295366046711f,0.27984476500700356f,0.2253778969399141f,0.6659801746506836f,0.7111084379637092f,0.9641671387819826f,0.35693993305944816f,0.6226962235595029f,-0.6963068988256903f,0.5425752988748571f,0f,0f,0f,1f],start_interpolation:0}
execute if entity @s[tag=aj.grey_guardian.bone.sword] run data modify entity @s {} merge value {transformation:[0.03205086900567977f,-0.0007075508976978895f,-0.9994859884799325f,0.03284956835526859f,0.2570439690281421f,0.9663701492570127f,0.007558611726909102f,-0.17072523131989398f,0.9658680757651328f,-0.257154105541222f,0.031154874755869366f,1.0754561247992287f,0f,0f,0f,1f],start_interpolation:0}
execute if entity @s[tag=aj.grey_guardian.bone.axe] run data modify entity @s {} merge value {transformation:[-0.0000035048990908944346f,5.935517790582254e-7f,-0.000009346837895685588f,0.011066844766738415f,-2.1253893296917522e-7f,0.000009972286792391676f,7.129679742196337e-7f,-0.22945988307313842f,0.0000093632531507281f,4.485447757664095e-7f,-0.000003482570605100919f,1.079450634088182f,0f,0f,0f,1f],start_interpolation:0}
execute if entity @s[tag=aj.grey_guardian.bone.left_arm_2] run data modify entity @s {} merge value {transformation:[-0.35048990908944344f,0.05935517790582253f,-0.9346837895685587f,-0.3799939142874261f,-0.02125389329691752f,0.9972286792391676f,0.07129679742196336f,0.2880663175844648f,0.93632531507281f,0.04485447757664095f,-0.34825706051009186f,0.9941361050924605f,0f,0f,0f,1f],start_interpolation:0}
execute if entity @s[tag=aj.grey_guardian.bone.left_arm] run data modify entity @s {} merge value {transformation:[-0.8369629110698428f,0.09760543467829016f,-0.5384851572836121f,-0.22923042921620404f,0.053848012849359916f,0.9938797392387755f,0.09645442158262524f,0.6914417864007908f,0.5446039634502027f,0.05173241780475424f,-0.8370963385073458f,0.8129723077255786f,0f,0f,0f,1f],start_interpolation:0}
execute if entity @s[tag=aj.grey_guardian.bone.left_shoulder] run data modify entity @s {} merge value {transformation:[-0.8369629110698428f,0.4357575741449912f,-0.3310716267951196f,-0.017018149391213645f,0.053848012849359916f,0.6676013445530509f,0.7425690784453213f,0.855409499721717f,0.5446039634502027f,0.6036752283523245f,-0.582222244223028f,0.8460125501052175f,0f,0f,0f,1f],start_interpolation:0}
execute if entity @s[tag=aj.grey_guardian.bone.right_arm_2] run data modify entity @s {} merge value {transformation:[0.9513584604852522f,-0.17584848401102837f,0.25297112549489575f,0.3716261067236205f,0.10836248823779543f,0.9596313860209861f,0.2595480188835095f,0.9585865671507465f,-0.2884001574306866f,-0.2195106230560704f,0.9320088173185334f,-0.48275102587244395f,0f,0f,0f,1f],start_interpolation:0}
execute if entity @s[tag=aj.grey_guardian.bone.right_arm] run data modify entity @s {} merge value {transformation:[-0.121961988303049f,0.39157814641510885f,-0.9120262214757175f,0.45464652919017473f,-0.677267146567663f,0.6388865436343023f,0.3648742201678687f,1.1351158726114763f,0.7255580511504662f,0.6621861819859444f,0.18728314071911317f,-0.0886642476534491f,0f,0f,0f,1f],start_interpolation:0}
execute if entity @s[tag=aj.grey_guardian.bone.right_shoulder] run data modify entity @s {} merge value {transformation:[-0.121961988303049f,0.39157814641510885f,-0.9120262214757175f,0.48267964692301946f,-0.677267146567663f,0.6388865436343023f,0.3648742201678687f,1.1591709111908335f,0.7255580511504662f,0.6621861819859444f,0.18728314071911317f,0.2066266140171304f,0f,0f,0f,1f],start_interpolation:0}
execute if entity @s[tag=aj.grey_guardian.bone.upper_body] run data modify entity @s {} merge value {transformation:[-0.5767002562839001f,0.3967888124626102f,-0.714125656104439f,-0.0021306250000000184f,-0.35057045505407397f,0.669361256765648f,0.6550235598696368f,0.5999957550863424f,0.7379140671143649f,0.6281036110751345f,-0.24691837377787976f,0.15207944681789254f,0f,0f,0f,1f],start_interpolation:0}
execute if entity @s[tag=aj.grey_guardian.bone.body] run data modify entity @s {} merge value {transformation:[-1f,-4.3379995321965354e-17f,1.1452411899894642e-16f,-6.5972488474317385e-18f,0f,0.9351603995428116f,0.3542245433717558f,0.38866687499999997f,-1.2246467991473532e-16f,0.3542245433717558f,-0.9351603995428116f,0.053870625f,0f,0f,0f,1f],start_interpolation:0}