execute if entity @s[tag=aj.grey_guardian.bone.head] run data modify entity @s {} merge value {transformation:[-0.9056571192550584f,0.41267623571338174f,-0.09738329846571353f,0.27984476500700356f,0.2485044159299006f,0.7026910949033905f,0.6666864183458465f,1.0124851102918726f,0.3435560181483769f,0.5795891213790227f,-0.7389490596604916f,0.5060475075524756f,0f,0f,0f,1f],start_interpolation:0}
execute if entity @s[tag=aj.grey_guardian.bone.sword] run data modify entity @s {} merge value {transformation:[-0.062446530209886664f,-0.1764318821992913f,-0.982329996390399f,0.108496099561247f,0.37533532905337813f,0.9078471338903668f,-0.1869143446914634f,0.013156951798761751f,0.9247831214015199f,-0.38037530470663067f,0.009529215088334153f,1.1499425171389634f,0f,0f,0f,1f],start_interpolation:0}
execute if entity @s[tag=aj.grey_guardian.bone.axe] run data modify entity @s {} merge value {transformation:[-0.0000038198827129114765f,-0.0000013731556828689118f,-0.000009139088550298924f,0.09836126411622753f,2.5260946257735353e-7f,0.000009869790646190825f,-0.0000015885279537296545f,-0.04778068133432051f,0.000009238218687550997f,-8.376610716566399e-7f,-0.0000037354570550355146f,1.1610821960665176f,0f,0f,0f,1f],start_interpolation:0}
execute if entity @s[tag=aj.grey_guardian.bone.left_arm_2] run data modify entity @s {} merge value {transformation:[-0.38198827129114765f,-0.13731556828689118f,-0.9139088550298924f,-0.38135927409335174f,0.025260946257735353f,0.9869790646190825f,-0.15885279537296543f,0.367427052130968f,0.9238218687550996f,-0.08376610716566399f,-0.37354570550355143f,1.0013599440557084f,0f,0f,0f,1f],start_interpolation:0}
execute if entity @s[tag=aj.grey_guardian.bone.left_arm] run data modify entity @s {} merge value {transformation:[-0.8341549200482848f,0.10149031697408431f,-0.5421118749112026f,-0.2299846010062349f,0.09185758395878227f,0.9947598367790794f,0.044889323903514355f,0.7577994338827883f,0.5438269519143888f,-0.012352436672951106f,-0.8391064674281482f,0.794099647174758f,0f,0f,0f,1f],start_interpolation:0}
execute if entity @s[tag=aj.grey_guardian.bone.left_shoulder] run data modify entity @s {} merge value {transformation:[-0.8341549200482848f,0.44107198473284237f,-0.3311209350721739f,-0.017018149391213645f,0.09185758395878227f,0.7030870955704516f,0.7051458858360885f,0.9227019825863991f,0.5438269519143888f,0.5577849409280766f,-0.6269993668620146f,0.8156300966424025f,0f,0f,0f,1f],start_interpolation:0}
execute if entity @s[tag=aj.grey_guardian.bone.right_arm_2] run data modify entity @s {} merge value {transformation:[0.9513584604852521f,-0.17584848401102776f,0.25297112549489514f,0.373010441956551f,0.10836248823779521f,0.9596313860209862f,0.2595480188835094f,0.9475294151794118f,-0.2884001574306859f,-0.21951062305607022f,0.9320088173185334f,-0.518630094384938f,0f,0f,0f,1f],start_interpolation:0}
execute if entity @s[tag=aj.grey_guardian.bone.right_arm] run data modify entity @s {} merge value {transformation:[-0.1245098787924061f,0.3907957652644317f,-0.9120175217255904f,0.4553154579260635f,-0.6353760794162562f,0.6745893024035033f,0.37580115857775365f,1.1457913792831547f,0.7620987651142914f,0.6262650740174976f,0.1643092489092762f,-0.13486264795939173f,0f,0f,0f,1f],start_interpolation:0}
execute if entity @s[tag=aj.grey_guardian.bone.right_shoulder] run data modify entity @s {} merge value {transformation:[-0.1245098787924061f,0.3907957652644317f,-0.9120175217255904f,0.48267964692301946f,-0.6353760794162562f,0.6745893024035033f,0.37580115857775365f,1.1863385762978254f,0.7620987651142914f,0.6262650740174976f,0.1643092489092762f,0.15868176014920027f,0f,0f,0f,1f],start_interpolation:0}
execute if entity @s[tag=aj.grey_guardian.bone.upper_body] run data modify entity @s {} merge value {transformation:[-0.5767002562839001f,0.3967888124626102f,-0.714125656104439f,-0.002130625000000017f,-0.30426248080466745f,0.7069254774874985f,0.6384987956556079f,0.6248603269791313f,0.7581827993146992f,0.585504062824148f,-0.286956155605247f,0.13882164444062686f,0f,0f,0f,1f],start_interpolation:0}
execute if entity @s[tag=aj.grey_guardian.bone.body] run data modify entity @s {} merge value {transformation:[-1f,-3.621411838844499e-17f,1.1698775771834532e-16f,-6.5972488474317385e-18f,0f,0.9552775363459632f,0.29571071768332446f,0.4078621875f,-1.2246467991473532e-16f,0.29571071768332446f,-0.9552775363459632f,0.053870625f,0f,0f,0f,1f],start_interpolation:0}