execute if entity @s[tag=aj.grey_guardian.bone.head] run data modify entity @s {} merge value {transformation:[-0.907377617716031f,0.4088851872987391f,-0.09735893629069403f,0.27984476500700356f,0.23841110261270565f,0.6914485239721919f,0.6819524065854383f,0.998434789906306f,0.34615893028921607f,0.5955768987329447f,-0.7248876828010485f,0.5185640782789688f,0f,0f,0f,1f],start_interpolation:0}
execute if entity @s[tag=aj.grey_guardian.bone.sword] run data modify entity @s {} merge value {transformation:[-0.05083980693883644f,-0.1478818788179006f,-0.9876974556754257f,0.09985072084847435f,0.3428394564970392f,0.9262938963829017f,-0.1563352954153248f,-0.03491284201053646f,0.9380172818766384f,-0.34656971512391255f,0.0036071400989609592f,1.1296919384596729f,0f,0f,0f,1f],start_interpolation:0}
execute if entity @s[tag=aj.grey_guardian.bone.axe] run data modify entity @s {} merge value {transformation:[-0.0000038117489553022414f,-0.0000010636210850095361f,-0.0000091836419839449f,0.08781282061001305f,3.19866949774756e-8f,0.000009932022739009281f,-0.0000011635725861101372f,-0.09587226900367485f,0.000009244974134798688f,-4.7290009444464325e-7f,-0.0000037824355576238903f,1.1385936060835418f,0f,0f,0f,1f],start_interpolation:0}
execute if entity @s[tag=aj.grey_guardian.bone.left_arm_2] run data modify entity @s {} merge value {transformation:[-0.3811748955302241f,-0.10636210850095361f,-0.9183641983944899f,-0.37865752569620525f,0.0031986694977475597f,0.993202273900928f,-0.1163572586110137f,0.33972357484141313f,0.9244974134798687f,-0.04729000944446432f,-0.378243555762389f,0.9947112536607465f,0f,0f,0f,1f],start_interpolation:0}
execute if entity @s[tag=aj.grey_guardian.bone.left_arm] run data modify entity @s {} merge value {transformation:[-0.8396682972466325f,0.09382878872489997f,-0.53493299487446f,-0.22849025371288645f,0.07191397658932025f,0.9954986318885354f,0.06173211384008476f,0.7362893175026842f,0.5383173140166048f,0.01336534004328227f,-0.8426362424649653f,0.7986318796241015f,0f,0f,0f,1f],start_interpolation:0}
execute if entity @s[tag=aj.grey_guardian.bone.left_shoulder] run data modify entity @s {} merge value {transformation:[-0.8396682972466325f,0.4305733325349173f,-0.33100416297792457f,-0.017018149391213645f,0.07191397658932025f,0.692252968511125f,0.7180628158863582f,0.9022119990152192f,0.5383173140166048f,0.5791307563040584f,-0.6122271118895647f,0.8262060195050152f,0f,0f,0f,1f],start_interpolation:0}
execute if entity @s[tag=aj.grey_guardian.bone.right_arm_2] run data modify entity @s {} merge value {transformation:[0.9513584604852519f,-0.17584848401102776f,0.25297112549489525f,0.3702796158569504f,0.10836248823779554f,0.9596313860209862f,0.2595480188835094f,0.9468768535657368f,-0.2884001574306859f,-0.21951062305607005f,0.9320088173185334f,-0.5041143164052703f,0f,0f,0f,1f],start_interpolation:0}
execute if entity @s[tag=aj.grey_guardian.bone.right_arm] run data modify entity @s {} merge value {transformation:[-0.11945734634301558f,0.3923247435118745f,-0.9120368622117345f,0.4539940286543198f,-0.6428491318373346f,0.6694918741275641f,0.3721903063933115f,1.141674644730058f,0.7566207346489191f,0.6307629714127992f,0.17222989808342254f,-0.11888050084971302f,0f,0f,0f,1f],start_interpolation:0}
execute if entity @s[tag=aj.grey_guardian.bone.right_shoulder] run data modify entity @s {} merge value {transformation:[-0.11945734634301558f,0.3923247435118745f,-0.9120368622117345f,0.48267964692301946f,-0.6428491318373346f,0.6694918741275641f,0.3721903063933115f,1.1794979356098674f,0.7566207346489191f,0.6307629714127992f,0.17222989808342254f,0.17490126769386938f,0f,0f,0f,1f],start_interpolation:0}
execute if entity @s[tag=aj.grey_guardian.bone.upper_body] run data modify entity @s {} merge value {transformation:[-0.5767002562839001f,0.3967888124626102f,-0.714125656104439f,-0.002130625000000018f,-0.32001516091837157f,0.694555491552589f,0.6443469297952231f,0.6185562763872061f,0.7516695491933093f,0.6001260763028491f,-0.2735718943109364f,0.14333065473702072f,0f,0f,0f,1f],start_interpolation:0}
execute if entity @s[tag=aj.grey_guardian.bone.body] run data modify entity @s {} merge value {transformation:[-1f,-3.8647096605369705e-17f,1.1620671129755716e-16f,-6.5972488474317385e-18f,0f,0.9488998083240392f,0.31557749248417843f,0.4033778125f,-1.2246467991473532e-16f,0.31557749248417843f,-0.9488998083240392f,0.053870625f,0f,0f,0f,1f],start_interpolation:0}