execute if entity @s[tag=aj.grey_guardian.bone.head] run data modify entity @s {} merge value {transformation:[-0.8965376468273685f,0.43215935114521375f,-0.09725504120091971f,0.2798447650070036f,0.29173498771974427f,0.7412599232998579f,0.6045034516441152f,1.0527312172348933f,0.33333308380868143f,0.5135874037856035f,-0.790643430322012f,0.45550476659285283f,0f,0f,0f,1f],start_interpolation:0}
execute if entity @s[tag=aj.grey_guardian.bone.sword] run data modify entity @s {} merge value {transformation:[-0.047286681358639615f,-0.1720629325809661f,-0.9839503630761688f,0.09334913126905187f,0.46739162769480463f,0.8667516943510278f,-0.17403036143277845f,0.12894382246799913f,0.8827848186998276f,-0.46811948001686526f,0.03943496293712101f,1.2065546125399185f,0f,0f,0f,1f],start_interpolation:0}
execute if entity @s[tag=aj.grey_guardian.bone.axe] run data modify entity @s {} merge value {transformation:[-0.0000037028657169540876f,-0.00000128502607698318f,-0.000009199863774191406f,0.0827461674020964f,0.0000012259254863129026f,0.000009749625088312643f,-0.0000018552405071454058f,0.06955779946765417f,0.000009207925509267252f,-0.0000018148053942001292f,-0.0000034526206274317998f,1.223906266565033f,0f,0f,0f,1f],start_interpolation:0}
execute if entity @s[tag=aj.grey_guardian.bone.left_arm_2] run data modify entity @s {} merge value {transformation:[-0.37028657169540874f,-0.128502607698318f,-0.9199863774191405f,-0.39475022482484307f,0.12259254863129025f,0.9749625088312643f,-0.18552405071454056f,0.4718583034323232f,0.9207925509267251f,-0.1814805394200129f,-0.34526206274317994f,1.0284786471840843f,0f,0f,0f,1f],start_interpolation:0}
execute if entity @s[tag=aj.grey_guardian.bone.left_arm] run data modify entity @s {} merge value {transformation:[-0.8040389869329807f,0.14113567755135006f,-0.5775829187345376f,-0.23726656833543547f,0.18422780466399954f,0.9827480905008262f,-0.016318903322921463f,0.8318935623249645f,0.5653153310148852f,-0.1195278676255081f,-0.816168895131657f,0.7758223014437982f,0f,0f,0f,1f],start_interpolation:0}
execute if entity @s[tag=aj.grey_guardian.bone.left_shoulder] run data modify entity @s {} merge value {transformation:[-0.8040389869329807f,0.49426550045707696f,-0.33048891441272477f,-0.017018149391213586f,0.18422780466399954f,0.7355827862036765f,0.6519034289137613f,0.9883600453705954f,0.5653153310148852f,0.4632705253939124f,-0.6824946862949037f,0.7713508394210851f,0f,0f,0f,1f],start_interpolation:0}
execute if entity @s[tag=aj.grey_guardian.bone.right_arm_2] run data modify entity @s {} merge value {transformation:[0.951358460485252f,-0.17584848401102832f,0.2529711254948954f,0.3870798410673815f,0.10836248823779576f,0.959631386020986f,0.2595480188835095f,0.9452979325756666f,-0.28840015743068637f,-0.21951062305607028f,0.9320088173185332f,-0.5792806358651826f,0f,0f,0f,1f],start_interpolation:0}
execute if entity @s[tag=aj.grey_guardian.bone.right_arm] run data modify entity @s {} merge value {transformation:[-0.1488668317753718f,0.3820109913591449f,-0.9120889588619996f,0.46200580391325735f,-0.6174525198061784f,0.6845479216318597f,0.3874874562802026f,1.151136535536407f,0.7723930684451824f,0.6208556559058671f,0.13396716891660976f,-0.1979986606515763f,0f,0f,0f,1f],start_interpolation:0}
execute if entity @s[tag=aj.grey_guardian.bone.right_shoulder] run data modify entity @s {} merge value {transformation:[-0.1488668317753718f,0.3820109913591449f,-0.9120889588619996f,0.4826796469230195f,-0.6174525198061784f,0.6845479216318597f,0.3874874562802026f,1.1978303072368965f,0.7723930684451824f,0.6208556559058671f,0.13396716891660976f,0.09517957431244953f,0f,0f,0f,1f],start_interpolation:0}
execute if entity @s[tag=aj.grey_guardian.bone.upper_body] run data modify entity @s {} merge value {transformation:[-0.5767002562839001f,0.3967888124626103f,-0.714125656104439f,-0.002130625000000015f,-0.24174922241639407f,0.7520963171916848f,0.6131137277273878f,0.6365916674867406f,0.7803679438977186f,0.5262221659824072f,-0.3378107519982616f,0.12093686270502219f,0f,0f,0f,1f],start_interpolation:0}
execute if entity @s[tag=aj.grey_guardian.bone.body] run data modify entity @s {} merge value {transformation:[-1f,-2.6603692024088186e-17f,1.195401246331375e-16f,-6.5972488474317385e-18f,0f,0.9761191938472871f,0.21723563106203939f,0.41341687499999996f,-1.2246467991473532e-16f,0.21723563106203939f,-0.9761191938472871f,0.053870625f,0f,0f,0f,1f],start_interpolation:0}