execute if entity @s[tag=aj.grey_guardian.bone.head] run data modify entity @s {} merge value {transformation:[-0.8945753466843582f,0.43622479044409723f,-0.09717448896991349f,0.2798447650070036f,0.27995233443611783f,0.7164501666230326f,0.6390037943467919f,1.021884917281966f,0.34836997509591505f,0.5444328158256377f,-0.7630408046125967f,0.48350620165809677f,0f,0f,0f,1f],start_interpolation:0}
execute if entity @s[tag=aj.grey_guardian.bone.sword] run data modify entity @s {} merge value {transformation:[0.023785368972886134f,-0.08473713805148156f,-0.9961194073290951f,0.05327164103924337f,0.40919164593985924f,0.9099382775949988f,-0.06763525604650159f,0.01525758564425439f,0.912138395812748f,-0.4059950103169878f,0.05631694666666809f,1.1774386090205253f,0f,0f,0f,1f],start_interpolation:0}
execute if entity @s[tag=aj.grey_guardian.bone.axe] run data modify entity @s {} merge value {transformation:[-0.000003346122420898372f,-2.3312860158421409e-7f,-0.000009420674912100758f,0.03651429640545706f,0.0000010001321524354854f,0.000009931692798078419f,-6.01010683983277e-7f,-0.043646233151468095f,0.000009370336195784335f,-0.00000114329752021102f,-0.000003299950053902843f,1.1912130055617156f,0f,0f,0f,1f],start_interpolation:0}
execute if entity @s[tag=aj.grey_guardian.bone.left_arm_2] run data modify entity @s {} merge value {transformation:[-0.3346122420898372f,-0.023312860158421406f,-0.9420674912100757f,-0.3974330266911378f,0.10001321524354853f,0.9931692798078419f,-0.0601010683983277f,0.42071433838552397f,0.9370336195784335f,-0.11432975202110199f,-0.32999500539028426f,1.035973078751592f,0f,0f,0f,1f],start_interpolation:0}
execute if entity @s[tag=aj.grey_guardian.bone.left_arm] run data modify entity @s {} merge value {transformation:[-0.7973810833675226f,0.14945222844174183f,-0.58467720949378f,-0.2386990961160343f,0.16896562612456945f,0.9853886136020242f,0.021445217924118964f,0.7890528905652436f,0.5793393004759545f,-0.0816903396814958f,-0.8109825296063744f,0.7964068686711088f,0f,0f,0f,1f],start_interpolation:0}
execute if entity @s[tag=aj.grey_guardian.bone.left_shoulder] run data modify entity @s {} merge value {transformation:[-0.7973810833675226f,0.5051899383159133f,-0.33010079386756974f,-0.017018149391213586f,0.16896562612456945f,0.7120165135298023f,0.6815299712039062f,0.9435476389345199f,0.5793393004759545f,0.487663419465956f,-0.6531082331733409f,0.7961812091488055f,0f,0f,0f,1f],start_interpolation:0}
execute if entity @s[tag=aj.grey_guardian.bone.right_arm_2] run data modify entity @s {} merge value {transformation:[0.9513584604852522f,-0.17584848401102804f,0.2529711254948953f,0.3900140011976376f,0.10836248823779554f,0.9596313860209862f,0.2595480188835096f,0.9693608456687881f,-0.2884001574306862f,-0.2195106230560701f,0.9320088173185332f,-0.5582372989550426f,0f,0f,0f,1f],start_interpolation:0}
execute if entity @s[tag=aj.grey_guardian.bone.right_arm] run data modify entity @s {} merge value {transformation:[-0.15359754609916249f,0.37999122544816955f,-0.9121482677803616f,0.46337655322168975f,-0.6602289391756375f,0.6473404858419092f,0.380851733966085f,1.1529853796687506f,0.7351908199286279f,0.6607245749723251f,0.15145129355773868f,-0.16547866891132873f,0f,0f,0f,1f],start_interpolation:0}
execute if entity @s[tag=aj.grey_guardian.bone.right_shoulder] run data modify entity @s {} merge value {transformation:[-0.15359754609916249f,0.37999122544816955f,-0.9121482677803616f,0.4826796469230195f,-0.6602289391756375f,0.6473404858419092f,0.380851733966085f,1.1828461622158457f,0.7351908199286279f,0.6607245749723251f,0.15145129355773868f,0.12998184925694373f,0f,0f,0f,1f],start_interpolation:0}
execute if entity @s[tag=aj.grey_guardian.bone.upper_body] run data modify entity @s {} merge value {transformation:[-0.5767002562839001f,0.3967888124626103f,-0.714125656104439f,-0.002130625000000016f,-0.27617396098724506f,0.7279795937651478f,0.6275138678420951f,0.6210173579219493f,0.7688593874530634f,0.5591103194952157f,-0.3102432802805859f,0.13078392134504987f,0f,0f,0f,1f],start_interpolation:0}
execute if entity @s[tag=aj.grey_guardian.bone.body] run data modify entity @s {} merge value {transformation:[-1f,-3.188731498089642e-17f,1.1824042020361597e-16f,-6.5972488474317385e-18f,0f,0.965506301783825f,0.26037968664187594f,0.401041875f,-1.2246467991473532e-16f,0.26037968664187594f,-0.965506301783825f,0.053870625f,0f,0f,0f,1f],start_interpolation:0}