execute if entity @s[tag=aj.grey_guardian.bone.head] run data modify entity @s {} merge value {transformation:[-0.9109341559190396f,0.40092428145695075f,-0.09725576650407103f,0.27984476500700356f,0.21044984991792265f,0.6543493991454207f,0.7263179224744152f,0.9508353862420564f,0.3548377435527265f,0.6411603421736677f,-0.680443672447731f,0.5551923139331161f,0f,0f,0f,1f],start_interpolation:0}
execute if entity @s[tag=aj.grey_guardian.bone.sword] run data modify entity @s {} merge value {transformation:[0.021236265593684744f,0.011316537386212105f,-0.9997104365791231f,0.03474325059116018f,0.21876089980682834f,0.9756523225586193f,0.015691214155638886f,-0.20834315911285167f,0.9755473795461405f,-0.2190307774436227f,0.01824359594764491f,1.0454004166902362f,0f,0f,0f,1f],start_interpolation:0}
execute if entity @s[tag=aj.grey_guardian.bone.axe] run data modify entity @s {} merge value {transformation:[-0.000003633139874242707f,6.755358390605389e-7f,-0.000009292144315728876f,0.012390164020545658f,-5.457507307378037e-7f,0.000009941120350925298f,9.360995183835993e-7f,-0.2669825931160549f,0.000009300669373442262f,8.47217503692902e-7f,-0.0000035748806563785488f,1.046799976806605f,0f,0f,0f,1f],start_interpolation:0}
execute if entity @s[tag=aj.grey_guardian.bone.left_arm_2] run data modify entity @s {} merge value {transformation:[-0.3633139874242707f,0.06755358390605389f,-0.9292144315728875f,-0.3728899058055091f,-0.05457507307378037f,0.9941120350925298f,0.09360995183835992f,0.2571227149357207f,0.9300669373442261f,0.0847217503692902f,-0.35748806563785485f,0.976704696197576f,0f,0f,0f,1f],start_interpolation:0}
execute if entity @s[tag=aj.grey_guardian.bone.left_arm] run data modify entity @s {} merge value {transformation:[-0.8508760955103563f,0.07781035881774218f,-0.5195723415942242f,-0.2252734654971285f,0.021050140643116f,0.9932265310879749f,0.1142713854027021f,0.6688436161504981f,0.5249445319916726f,0.08629371937517882f,-0.8467506317260365f,0.8125188112878987f,0f,0f,0f,1f],start_interpolation:0}
execute if entity @s[tag=aj.grey_guardian.bone.left_shoulder] run data modify entity @s {} merge value {transformation:[-0.8508760955103563f,0.40838580025438165f,-0.33050099582246223f,-0.017018149391213645f,0.021050140643116f,0.6550827827009594f,0.7552638210504143f,0.8353888477392359f,0.5249445319916726f,0.6356788386908564f,-0.5659908589126579f,0.8561482679129578f,0f,0f,0f,1f],start_interpolation:0}
execute if entity @s[tag=aj.grey_guardian.bone.right_arm_2] run data modify entity @s {} merge value {transformation:[0.9513584604852522f,-0.1758484840110282f,0.2529711254948954f,0.3645618900528635f,0.1083624882377956f,0.9596313860209862f,0.25954801888350965f,0.9469531528183022f,-0.28840015743068653f,-0.21951062305607025f,0.9320088173185332f,-0.4628771153203136f,0f,0f,0f,1f],start_interpolation:0}
execute if entity @s[tag=aj.grey_guardian.bone.right_arm] run data modify entity @s {} merge value {transformation:[-0.10852865311434257f,0.3953348246770785f,-0.9121030138371051f,0.45120262216399154f,-0.6728225359135023f,0.6462210022860096f,0.36015031774439554f,1.1268613086195336f,0.731800086512779f,0.6527700916877311f,0.19585668428185085f,-0.07110445928693546f,0f,0f,0f,1f],start_interpolation:0}
execute if entity @s[tag=aj.grey_guardian.bone.right_shoulder] run data modify entity @s {} merge value {transformation:[-0.10852865311434257f,0.3953348246770785f,-0.9121030138371051f,0.48267964692301946f,-0.6728225359135023f,0.6462210022860096f,0.36015031774439554f,1.1532264621168524f,0.731800086512779f,0.6527700916877311f,0.19585668428185085f,0.22364165035730335f,0f,0f,0f,1f],start_interpolation:0}
execute if entity @s[tag=aj.grey_guardian.bone.upper_body] run data modify entity @s {} merge value {transformation:[-0.5767002562839001f,0.3967888124626102f,-0.714125656104439f,-0.0021306250000000192f,-0.3668157734939642f,0.6552963995514357f,0.6603278102964844f,0.5953954799126033f,0.7299746589561236f,0.6427637723452035f,-0.23236120640600608f,0.15673242866861237f,0f,0f,0f,1f],start_interpolation:0}
execute if entity @s[tag=aj.grey_guardian.bone.body] run data modify entity @s {} merge value {transformation:[-1f,-4.5903966803385e-17f,1.1353600159567143e-16f,-6.5972488474317385e-18f,0f,0.9270918086318407f,0.3748343345636075f,0.386291875f,-1.2246467991473532e-16f,0.3748343345636075f,-0.9270918086318407f,0.053870625f,0f,0f,0f,1f],start_interpolation:0}