execute if entity @s[tag=aj.grey_guardian.bone.head] run data modify entity @s {} merge value {transformation:[-0.9119046358061191f,0.3987219782244789f,-0.09721480996261456f,0.27984476500700356f,0.21013328515980367f,0.6570944148753801f,0.7239274358715317f,0.9549582289073794f,0.3525250879912772f,0.6397247173748565f,-0.6829922022368939f,0.5532171122911486f,0f,0f,0f,1f],start_interpolation:0}
execute if entity @s[tag=aj.grey_guardian.bone.sword] run data modify entity @s {} merge value {transformation:[0.004593353006354939f,-0.019782515445417093f,-0.9997937553269729f,0.051277817124262715f,0.23125752424028576f,0.9727226146053715f,-0.01818440313960564f,-0.189386851085049f,0.9728817289837509f,-0.23112630122498354f,0.009042913891299242f,1.052013961888778f,0f,0f,0f,1f],start_interpolation:0}
execute if entity @s[tag=aj.grey_guardian.bone.axe] run data modify entity @s {} merge value {transformation:[-0.0000036999994478826163f,3.2929096223189163e-7f,-0.000009284480144190128f,0.030918245669310174f,-5.55670380487119e-7f,0.000009967980433872919f,5.749752152710756e-7f,-0.24873290973049267f,0.000009273685055786487f,7.286518593396408e-7f,-0.0000036698544867560147f,1.0539467426293143f,0f,0f,0f,1f],start_interpolation:0}
execute if entity @s[tag=aj.grey_guardian.bone.left_arm_2] run data modify entity @s {} merge value {transformation:[-0.3699999447882616f,0.03292909622318916f,-0.9284480144190128f,-0.37127263563973323f,-0.055567038048711895f,0.9967980433872917f,0.05749752152710756f,0.2610350163385431f,0.9273685055786487f,0.07286518593396407f,-0.36698544867560146f,0.9738242673804546f,0f,0f,0f,1f],start_interpolation:0}
execute if entity @s[tag=aj.grey_guardian.bone.left_arm] run data modify entity @s {} merge value {transformation:[-0.8538879066533532f,0.07339729208478499f,-0.5152555486220163f,-0.22436508032185998f,0.0182976047282854f,0.9936276205817958f,0.11121757630054036f,0.6731439586473362f,0.5201352137015544f,0.08553940104758662f,-0.8497896035702357f,0.8099764458824139f,0f,0f,0f,1f],start_interpolation:0}
execute if entity @s[tag=aj.grey_guardian.bone.left_shoulder] run data modify entity @s {} merge value {transformation:[-0.8538879066533532f,0.4022157631060139f,-0.3302997468666925f,-0.017018149391213645f,0.0182976047282854f,0.6574416204201343f,0.7532832889428489f,0.8405637364508254f,0.5201352137015544f,0.6371757965023428f,-0.5687410340561363f,0.8545745239866424f,0f,0f,0f,1f],start_interpolation:0}
execute if entity @s[tag=aj.grey_guardian.bone.right_arm_2] run data modify entity @s {} merge value {transformation:[0.9513584604852519f,-0.17584848401102812f,0.2529711254948954f,0.3629851309277318f,0.10836248823779543f,0.9596313860209862f,0.2595480188835094f,0.9428801265660204f,-0.28840015743068603f,-0.21951062305607f,0.9320088173185332f,-0.4631296854948401f,0f,0f,0f,1f],start_interpolation:0}
execute if entity @s[tag=aj.grey_guardian.bone.right_arm] run data modify entity @s {} merge value {transformation:[-0.1054304833109238f,0.39611859044269115f,-0.9121263484268615f,0.45042689850106443f,-0.6656417246910027f,0.6533296053561707f,0.36066815927599966f,1.1268305192137456f,0.7387865101226554f,0.6451747740502924f,0.19479220567040562f,-0.07341752847584354f,0f,0f,0f,1f],start_interpolation:0}
execute if entity @s[tag=aj.grey_guardian.bone.right_shoulder] run data modify entity @s {} merge value {transformation:[-0.1054304833109238f,0.39611859044269115f,-0.9121263484268615f,0.48267964692301946f,-0.6656417246910027f,0.6533296053561707f,0.36066815927599966f,1.1561898504855181f,0.7387865101226554f,0.6451747740502924f,0.19479220567040562f,0.22096145080687568f,0f,0f,0f,1f],start_interpolation:0}
execute if entity @s[tag=aj.grey_guardian.bone.upper_body] run data modify entity @s {} merge value {transformation:[-0.5767002562839001f,0.3967888124626102f,-0.714125656104439f,-0.002130625000000019f,-0.3642634852430591f,0.657537793825113f,0.6595120643401324f,0.5981285353228601f,0.7312516172431098f,0.6404706769213675f,-0.23466653848220792f,0.15600133094193028f,0f,0f,0f,1f],start_interpolation:0}
execute if entity @s[tag=aj.grey_guardian.bone.body] run data modify entity @s {} merge value {transformation:[-1f,-4.550706679722119e-17f,1.1369566701564236e-16f,-6.5972488474317385e-18f,0f,0.9283955757268276f,0.3715934000636345f,0.388666875f,-1.2246467991473532e-16f,0.3715934000636345f,-0.9283955757268276f,0.053870625f,0f,0f,0f,1f],start_interpolation:0}