# This file was generated by Animated Java via MC-Build. It is not recommended to edit this file directly.
$data merge entity $(bone_head) { transformation: [-0.17347649780806912f,0.2333090583210964f,-0.9568034218237152f,0f,-6.938893903907228e-18f,0.9715338083180265f,0.2369009482781191f,1.625f,0.984838009374256f,0.041096746834698626f,-0.1685382825691472f,0f,0f,0f,0f,1f], start_interpolation: 0, interpolation_duration: 1 }
$data merge entity $(bone_bust) { transformation: [0.22921277331854106f,-0.4866881713550328f,-0.8429686402297049f,0.069961424632286f,0f,0.8660254037844387f,-0.49999999999999994f,1.515625f,0.9733763427100657f,0.11460638665927052f,0.19850408456574054f,-0.01647466808227016f,0f,0f,0f,1f], start_interpolation: 0, interpolation_duration: 1 }
$data merge entity $(bone_left_wing) { transformation: [0.584259989670415f,0f,-0.8115665496250609f,-0.13599784117116703f,0f,1f,0f,1.40625f,0.8115665496250609f,0f,0.584259989670415f,-0.032184424754561514f,0f,0f,0f,1f], start_interpolation: 0, interpolation_duration: 1 }
$data merge entity $(bone_right_wing) { transformation: [-0.16073000995211656f,0f,-0.9869984112959821f,-0.10734624450634939f,0f,1f,0f,1.40625f,0.9869984112959821f,0f,-0.16073000995211656f,0.08948761808419659f,0f,0f,0f,1f], start_interpolation: 0, interpolation_duration: 1 }
$data merge entity $(bone_body) { transformation: [0.22921277331854106f,0f,-0.9733763427100657f,0.3720817846957623f,0f,1f,0f,0.34375f,0.9733763427100657f,0f,0.22921277331854106f,-0.6012945580143034f,0f,0f,0f,1f], start_interpolation: 0, interpolation_duration: 1 }
$data merge entity $(bone_right_ring) { transformation: [-0.2908634422569951f,-0.9542093927533147f,0.06987769844350704f,0.5069236940270465f,-0.6480332760197871f,0.14274923353622193f,-0.7481146499674249f,1.4389415513641122f,0.7038830379611893f,-0.26288227613548065f,-0.6598799722406758f,0.5319126817621543f,0f,0f,0f,1f], start_interpolation: 0, interpolation_duration: 1 }
$data merge entity $(bone_sword) { transformation: [0.000001578601536608116f,-0.000009542093927533148f,-0.0000025409566440129394f,0.7166198837374642f,0.000009867615321125789f,0.0000014274923353622194f,7.696970227080641e-7f,1.439754106004563f,-3.7173251526067664e-7f,-0.000002628822761354807f,0.000009641115382904657f,0.6033207583423896f,0f,0f,0f,1f], start_interpolation: 0, interpolation_duration: 1 }
$data merge entity $(bone_right_hand) { transformation: [0.15786015366081158f,-0.9542093927533147f,-0.25409566440129394f,0.33400700787171983f,0.9867615321125788f,0.14274923353622193f,0.0769697022708064f,1.468462028692035f,-0.03717325152606766f,-0.26288227613548065f,0.9641115382904656f,0.5812227828307166f,0f,0f,0f,1f], start_interpolation: 0, interpolation_duration: 1 }
$data merge entity $(bone_right_arm) { transformation: [0.15786015366081158f,-0.8698900621799182f,-0.4673023128626723f,0.07879189082824849f,0.9867615321125788f,0.12115097456165369f,0.10781521277443618f,1.5f,-0.03717325152606766f,-0.47813567225566755f,0.8774989619866225f,0.3345981178065851f,0f,0f,0f,1f], start_interpolation: 0, interpolation_duration: 1 }
$data merge entity $(bone_left_ring) { transformation: [-0.6010663130817778f,0.06415393291350541f,0.796620085216289f,-0.2436328889223915f,0.6798003679231013f,0.5651542307784105f,0.467410050389248f,1.2872049757311754f,-0.4202270184672738f,0.8224870627097989f,-0.38330703701486235f,-0.721631532726997f,0f,0f,0f,1f], start_interpolation: 0, interpolation_duration: 1 }
$data merge entity $(bone_left_hand) { transformation: [-0.13206495269205099f,0.06415393291350541f,-0.9891628385469077f,-0.32634285301842886f,-0.8121278729469689f,0.5651542307784105f,0.1450827812522739f,1.3891118350327027f,0.5683371941489299f,0.8224870627097989f,-0.022535869673235676f,-0.5952306669604568f,0f,0f,0f,1f], start_interpolation: 0, interpolation_duration: 1 }
$data merge entity $(bone_left_arm) { transformation: [-0.13206495269205099f,0.43780673577201557f,-0.8893166536071946f,-0.07879189082824849f,-0.8121278729469689f,0.4666136498216401f,0.35031417296872225f,1.53125f,0.5683371941489299f,0.7685030669507966f,0.2939317434952224f,-0.3345981178065851f,0f,0f,0f,1f], start_interpolation: 0, interpolation_duration: 1 }
$data merge entity $(bone_leftfoot) { transformation: [0.4703460558807914f,-0.48804106795256413f,-0.7352485999368541f,0.3175365646044288f,0.43563985061704036f,0.8529722442344504f,-0.2875000367304459f,0.6136703541386999f,0.7674584733207044f,-0.18507908190113126f,0.6138022687892968f,-0.18639061294266068f,0f,0f,0f,1f], start_interpolation: 0, interpolation_duration: 1 }
$data merge entity $(bone_leftleg) { transformation: [0.44160254261611764f,-0.6685976763009002f,-0.5983012131025782f,-0.04195673206725301f,0.4683883875052674f,0.7405591155863385f,-0.48185528405548844f,0.84375f,0.7652447404622886f,-0.06744882183564664f,0.6401961758928179f,-0.1197628834791345f,0f,0f,0f,1f], start_interpolation: 0, interpolation_duration: 1 }
$data merge entity $(bone_rightfoot) { transformation: [0.1210652421088774f,-0.3864471657466523f,-0.9143313377761358f,0.3416341967366358f,0.5193807084754736f,0.8096203682965506f,-0.2734200777245023f,0.5970333605550922f,0.8459236885302563f,-0.4417843900883522f,0.2987300886379354f,0.24526560106166703f,0f,0f,0f,1f], start_interpolation: 0, interpolation_duration: 1 }
$data merge entity $(bone_rightleg) { transformation: [0.14251563342235288f,-0.4886530805857878f,-0.8607598161300545f,-0.001208200916922919f,0.48527684674947275f,0.7924397806428216f,-0.369520738340415f,0.84375f,0.8626677670106345f,-0.3650443272929691f,0.3500670833884692f,0.12689387643044225f,0f,0f,0f,1f], start_interpolation: 0, interpolation_duration: 1 }
$data merge entity $(bone_skirt_right_back) { transformation: [-0.10538130376697756f,-0.5936420106423347f,-0.7977994384661463f,-0.12833848156972358f,0.6301616750805417f,0.5807581097662199f,-0.5153797446548063f,0.7656272002701583f,0.769279561717363f,-0.5570540199489578f,0.31288939704414465f,0.24494599519685578f,0f,0f,0f,1f], start_interpolation: 0, interpolation_duration: 1 }
$data merge entity $(bone_skirt_right) { transformation: [-0.10538130376697756f,-0.6107549063646005f,-0.78477590761181f,0.12725875835116748f,0.6301616750805417f,0.5694776815337516f,-0.5278176138540935f,0.8981761014170295f,0.769279561717363f,-0.5501578088026301f,0.32486203431215366f,0.21200339740039456f,0f,0f,0f,1f], start_interpolation: 0, interpolation_duration: 1 }
$data merge entity $(bone_skirt_left_back) { transformation: [0.07543382446563703f,-0.4355648209903932f,-0.8969910951855066f,-0.2034119633894863f,0.23002214856767497f,0.882893885353436f,-0.40937537587625383f,0.7356770047826091f,0.9702574654671811f,-0.1754470687162385f,0.16678961833424033f,-0.1935022353382739f,0f,0f,0f,1f], start_interpolation: 0, interpolation_duration: 1 }
$data merge entity $(bone_skirt_left) { transformation: [0.07543382446563703f,-0.6840292125771832f,-0.7255437784637992f,0.041041743074980035f,0.23002214856767497f,0.7199297553555898f,-0.6548213180112199f,0.8676616986208006f,0.9702574654671811f,-0.11749546244293677f,0.2116489239531411f,-0.2760055745932607f,0f,0f,0f,1f], start_interpolation: 0, interpolation_duration: 1 }
$data merge entity $(bone_skirt_back_middle) { transformation: [0.030012352635849504f,-0.41848660018160416f,-0.9077269546277139f,-0.12507583660954136f,0.3396331563868782f,0.8583739589948414f,-0.3845041815145952f,0.8569196458068934f,0.9400790274077748f,-0.2967542956520843f,0.1678937468760751f,0.020662951325988006f,0f,0f,0f,1f], start_interpolation: 0, interpolation_duration: 1 }
$data merge entity $(bone_skirt_front_middle) { transformation: [0.07963145664948582f,-0.6111488051591556f,-0.7874998216281816f,0.1646510848329471f,0.21957610478670586f,0.7813583760585814f,-0.5841792724582018f,0.963800940596165f,0.9723400461353933f,-0.1263970969430583f,0.1964143797327184f,-0.027200916211299393f,0f,0f,0f,1f], start_interpolation: 0, interpolation_duration: 1 }
$data merge entity $(bone_lower) { transformation: [0.16299412460132037f,0f,-0.986627039638307f,0f,0f,1f,0f,0.9375f,0.986627039638307f,0f,0.16299412460132037f,0f,0f,0f,0f,1f], start_interpolation: 0, interpolation_duration: 1 }
data modify entity @s data merge value {"locators":{"locator_right_hand":{"posx":0.7752950857389163,"posy":1.3987933294320496,"posz":0.6058483219252583,"roty":194.76479781528556,"rotx":4.4144051651528615},"locator_left_hand":{"posx":-0.2616761825543149,"posy":1.1282553483247475,"posz":-0.952956019114128,"roty":271.3051307998009,"rotx":8.342072895916234}},"cameras":{}}