execute if entity @s[tag=aj.tutankhamen.bone.head] run data modify entity @s {} merge value {transformation:[-0.9225205388413685f,-0.14576441811931468f,0.3573633862417479f,0.00023621792242754704f,-0.013385847640432056f,0.9374636943718695f,0.3478255896531957f,1.6245626071884711f,-0.38571579498223585f,0.31609263854918196f,-0.8667806927684985f,-0.024518727627545246f,0f,0f,0f,1f],start_interpolation:0}
execute if entity @s[tag=aj.tutankhamen.bone.back_cape] run data modify entity @s {} merge value {transformation:[-0.5588680986636614f,-0.4008263098868067f,0.7259509057770983f,0.129807544865074f,-0.029382379321659297f,0.8844454568842693f,0.4657176285928783f,1.6214038578808063f,-0.8287358590536927f,0.23894456072340628f,-0.5060655815398201f,-0.11178473496793605f,0f,0f,0f,1f],start_interpolation:0}
execute if entity @s[tag=aj.tutankhamen.bone.left_hand] run data modify entity @s {} merge value {transformation:[-0.5077616926776853f,0.12634049000300496f,0.8521831634307806f,0.31486886239586753f,-0.29528125058250937f,0.903745534270993f,-0.3099241719189824f,1.2271417086794074f,-0.8093127000755155f,-0.4090013323585122f,-0.4215813843440442f,0.25385460144108024f,0f,0f,0f,1f],start_interpolation:0}
execute if entity @s[tag=aj.tutankhamen.bone.cape_left_back] run data modify entity @s {} merge value {transformation:[-0.5310888693077613f,-0.24446149468239053f,0.8112849009534536f,0.30983440824086717f,-0.21195066777354216f,0.965365177749717f,0.15214134224005924f,1.3583457762927338f,-0.8203788925415825f,-0.09115180308643828f,-0.5645084777630341f,0.17126449779693587f,0f,0f,0f,1f],start_interpolation:0}
execute if entity @s[tag=aj.tutankhamen.bone.cape_left_side] run data modify entity @s {} merge value {transformation:[-0.5310888693077613f,-0.24446149468239053f,0.8112849009534536f,0.2914064314510232f,-0.21195066777354216f,0.965365177749717f,0.15214134224005924f,1.3724454003523423f,-0.8203788925415825f,-0.09115180308643828f,-0.5645084777630341f,0.3700122594769374f,0f,0f,0f,1f],start_interpolation:0}
execute if entity @s[tag=aj.tutankhamen.bone.left_arm] run data modify entity @s {} merge value {transformation:[-0.5077616926776853f,-0.2898186897597128f,0.8112849009534536f,0.18457765028820736f,-0.29528125058250937f,0.9432189539209984f,0.15214134224005924f,1.5069816084134748f,-0.8093127000755155f,-0.16230567467017548f,-0.5645084777630341f,0.18738203879560728f,0f,0f,0f,1f],start_interpolation:0}
execute if entity @s[tag=aj.tutankhamen.bone.cape_right_back] run data modify entity @s {} merge value {transformation:[-0.10286796379846892f,0.13010568813786483f,0.9861494267798007f,-0.07334419547414789f,0.41585048395285473f,0.906236377579849f,-0.07618400716114768f,1.3298487249845126f,-0.9035964569541725f,0.40225382268553506f,-0.14732720425888984f,-0.35526772332266787f,0f,0f,0f,1f],start_interpolation:0}
execute if entity @s[tag=aj.tutankhamen.bone.cape_right] run data modify entity @s {} merge value {transformation:[-0.10286796379846892f,0.13010568813786483f,0.9861494267798007f,-0.3359546715126088f,0.41585048395285473f,0.906236377579849f,-0.07618400716114768f,1.413871364892433f,-0.9035964569541725f,0.40225382268553506f,-0.14732720425888984f,-0.45962286865703483f,0f,0f,0f,1f],start_interpolation:0}
execute if entity @s[tag=aj.tutankhamen.bone.weapon] run data modify entity @s {} merge value {transformation:[-0.22370915549925235f,-0.7334260142016494f,1.4445165866300063f,-0.3244999622060418f,0.34434492674962003f,1.4033759756879307f,0.7658655991065646f,0.9249318118158059f,-1.5830250973306528f,0.4089129811651134f,-0.037541825568950186f,-0.5420439290538184f,0f,0f,0f,1f],start_interpolation:0}
execute if entity @s[tag=aj.tutankhamen.bone.right_hand] run data modify entity @s {} merge value {transformation:[-0.06205999128277778f,0.24708437449711815f,0.9670045860084374f,-0.17776935953781936f,0.36598803911152283f,0.9070155335583623f,-0.20826804150215114f,1.215695660527044f,-0.9285479592941251f,0.3409869994049732f,-0.14671930182327347f,-0.41368761776275453f,0f,0f,0f,1f],start_interpolation:0}
execute if entity @s[tag=aj.tutankhamen.bone.right_arm] run data modify entity @s {} merge value {transformation:[-0.06205999128277778f,0.24708437449711815f,0.9670045860084374f,-0.122998202151832f,0.36598803911152283f,0.9070155335583623f,-0.20826804150215114f,1.490810869041903f,-0.9285479592941251f,0.3409869994049732f,-0.14671930182327347f,-0.26871688491388784f,0f,0f,0f,1f],start_interpolation:0}
execute if entity @s[tag=aj.tutankhamen.bone.body] run data modify entity @s {} merge value {transformation:[-0.5588680986636614f,0.00034358970534915934f,0.8292564924329374f,-0.0002576922790118695f,-0.029382379321659297f,0.9993637922741399f,-0.020215995569054943f,0.1879771557943951f,-0.8287358590536927f,-0.035663603821883993f,-0.5585024469785013f,0.026747702866412995f,0f,0f,0f,1f],start_interpolation:0}
execute if entity @s[tag=aj.tutankhamen.bone.left_foot] run data modify entity @s {} merge value {transformation:[-0.7046571825893718f,-0.15181902835745587f,0.6931156019408355f,0.15601884098577715f,-0.21061800607427203f,0.9775684403238977f,0f,0.4538956200481158f,-0.6775679379534622f,-0.14598262605974763f,-0.7208264439837049f,0.1500209846441386f,0f,0f,0f,1f],start_interpolation:0}
execute if entity @s[tag=aj.tutankhamen.bone.left_leg] run data modify entity @s {} merge value {transformation:[-0.7046571825893718f,-0.15181902835745587f,0.6931156019408355f,0.06757747912347234f,-0.21061800607427203f,0.9775684403238977f,0f,0.875f,-0.6775679379534622f,-0.14598262605974763f,-0.7208264439837049f,0.06497958768195333f,0f,0f,0f,1f],start_interpolation:0}
execute if entity @s[tag=aj.tutankhamen.bone.right_foot] run data modify entity @s {} merge value {transformation:[-0.6885714930894508f,0.08774348125571696f,0.7198405242841585f,-0.14961429198359483f,0.21798164063792977f,0.971788792568148f,0.09005857529262609f,0.4549337501135093f,-0.6916309010226197f,0.2189237861358806f,-0.6882725278656489f,-0.16088120154769375f,0f,0f,0f,1f],start_interpolation:0}
execute if entity @s[tag=aj.tutankhamen.bone.right_leg] run data modify entity @s {} merge value {transformation:[-0.6885714930894508f,0.13832903703103347f,0.711852777207922f,-0.06757747912347234f,0.21798164063792977f,0.9757215455004024f,0.021247823208572172f,0.875f,-0.6916309010226197f,0.16980148162007672f,-0.7020072318646482f,-0.06497958768195333f,0f,0f,0f,1f],start_interpolation:0}