execute if entity @s[tag=aj.tutankhamen.bone.head] run data modify entity @s {} merge value {transformation:[-0.9304915477022506f,0.1861692248006298f,0.31547820747525945f,0.1860104844992157f,0.1614669597631166f,0.981493057835193f,-0.10295532199055397f,1.5608513190206033f,-0.3288067830193386f,-0.04485974987062624f,-0.9433311731740971f,-0.22246231755432466f,0f,0f,0f,1f],start_interpolation:0}
execute if entity @s[tag=aj.tutankhamen.bone.back_cape] run data modify entity @s {} merge value {transformation:[-0.9503008470792426f,0.300241454044975f,-0.0823612124329983f,0.17481721446598578f,0.3097280643602925f,0.8848929262591027f,-0.3478980241453362f,1.5114412878929135f,-0.03157255434868619f,-0.35611736594774707f,-0.9339077018005247f,-0.3702710521741839f,0f,0f,0f,1f],start_interpolation:0}
execute if entity @s[tag=aj.tutankhamen.bone.left_hand] run data modify entity @s {} merge value {transformation:[-0.9934233726165556f,-0.11028751276357569f,-0.030767958456364285f,0.47994851021113083f,-0.09383271271048024f,0.9381676146303952f,-0.33322207142400817f,1.0503930950794367f,0.06561573564733472f,-0.32814355301778886f,-0.9423462123064543f,-0.2188299319681567f,0f,0f,0f,1f],start_interpolation:0}
execute if entity @s[tag=aj.tutankhamen.bone.cape_left_back] run data modify entity @s {} merge value {transformation:[-0.998193080329806f,-0.01114420747554308f,-0.05904558426703778f,0.43220590650456725f,-0.006926384297400862f,0.9974407039150545f,-0.07116226088317801f,1.1807224786582142f,0.05968751613410061f,-0.07062470398651456f,-0.9957155977509637f,-0.28808218012058484f,0f,0f,0f,1f],start_interpolation:0}
execute if entity @s[tag=aj.tutankhamen.bone.cape_left_side] run data modify entity @s {} merge value {transformation:[-0.998193080329806f,-0.01114420747554308f,-0.05904558426703778f,0.5955542733394792f,-0.006926384297400862f,0.9974407039150545f,-0.07116226088317801f,1.1907000088150803f,0.05968751613410061f,-0.07062470398651456f,-0.9957155977509637f,-0.17294390479766758f,0f,0f,0f,1f],start_interpolation:0}
execute if entity @s[tag=aj.tutankhamen.bone.left_arm] run data modify entity @s {} merge value {transformation:[-0.9934233726165556f,-0.09810005972328747f,-0.05904558426703778f,0.4137269861012993f,-0.09383271271048024f,0.9930414667330801f,-0.07116226088317801f,1.359038502750475f,0.06561573564733472f,-0.0651538458642344f,-0.9957155977509637f,-0.21124751227111604f,0f,0f,0f,1f],start_interpolation:0}
execute if entity @s[tag=aj.tutankhamen.bone.cape_right_back] run data modify entity @s {} merge value {transformation:[-0.9828738479408607f,0.16820628148395517f,-0.07527048494108649f,-0.15031021859097057f,0.10242529937343173f,0.15909236458386794f,-0.981936188140236f,1.432662948915623f,-0.15319287542894675f,-0.9728290016238487f,-0.17359630329404246f,-0.08165397047858586f,0f,0f,0f,1f],start_interpolation:0}
execute if entity @s[tag=aj.tutankhamen.bone.cape_right] run data modify entity @s {} merge value {transformation:[-0.9828738479408607f,0.16820628148395517f,-0.07527048494108649f,-0.28506663609645844f,0.10242529937343173f,0.15909236458386794f,-0.981936188140236f,1.6941509489777808f,-0.15319287542894675f,-0.9728290016238487f,-0.17359630329404246f,-0.06219128144084818f,0f,0f,0f,1f],start_interpolation:0}
execute if entity @s[tag=aj.tutankhamen.bone.weapon] run data modify entity @s {} merge value {transformation:[1.019300433418921f,0.2984134818290093f,-1.2436091403273772f,-0.002873617538031892f,0.677861511052754f,1.2224574403192963f,0.8489341859369207f,1.620352455461707f,1.084489774906333f,-1.0445740156072203f,0.6382278023189916f,0.38325485270667636f,0f,0f,0f,1f],start_interpolation:0}
execute if entity @s[tag=aj.tutankhamen.bone.right_hand] run data modify entity @s {} merge value {transformation:[-0.8497660542190552f,-0.5271593050534759f,0.0008486415699543327f,-0.16544295611600027f,0.060178976739090236f,-0.09860588869491693f,-0.9933052750656879f,1.5230586864150562f,0.5237137995657684f,-0.8440260338462447f,0.11551584451565092f,0.08888440448875673f,0f,0f,0f,1f],start_interpolation:0}
execute if entity @s[tag=aj.tutankhamen.bone.right_arm] run data modify entity @s {} merge value {transformation:[-0.999059873016435f,0.04334339552770097f,0.0008486415699543327f,-0.11463246130953456f,-0.005849020809473769f,-0.11537079128726063f,-0.9933052750656879f,1.512655954153412f,-0.04295531496747919f,-0.9923764056958836f,0.11551584451565092f,-0.22258766135235075f,0f,0f,0f,1f],start_interpolation:0}
execute if entity @s[tag=aj.tutankhamen.bone.body] run data modify entity @s {} merge value {transformation:[-0.9600338825137119f,0.2705607047261319f,-0.07163692821267137f,-0.20292052854459894f,0.279124295051261f,0.906692827666332f,-0.31622419921721334f,0.257480379250251f,-0.020605153185189018f,-0.3235815528062904f,-0.9459759015670987f,0.2426861646047178f,0f,0f,0f,1f],start_interpolation:0}
execute if entity @s[tag=aj.tutankhamen.bone.left_foot] run data modify entity @s {} merge value {transformation:[-0.9155120423714697f,0.35726633505078004f,-0.18492827288493188f,-0.03556126833439409f,0.3635366069786224f,0.9315799135804027f,0f,0.4560732688404919f,0.17227546447271797f,-0.06722819685900491f,-0.98275202054628f,0.006691702278079845f,0f,0f,0f,1f],start_interpolation:0}
execute if entity @s[tag=aj.tutankhamen.bone.left_leg] run data modify entity @s {} merge value {transformation:[-0.9155120423714697f,0.35726633505078004f,-0.18492827288493188f,0.09213300192621375f,0.3635366069786224f,0.9315799135804027f,0f,0.875f,0.17227546447271797f,-0.06722819685900491f,-0.98275202054628f,-0.017337025582962365f,0f,0f,0f,1f],start_interpolation:0}
execute if entity @s[tag=aj.tutankhamen.bone.right_foot] run data modify entity @s {} merge value {transformation:[-0.9688322129755137f,0.2126746816560377f,-0.1270181990246732f,-0.09638678480492412f,0.16050168558488667f,0.9294942417544415f,0.33208381994572717f,0.6224589563156372f,0.1886885052815318f,0.3013468671279643f,-0.9346586080739759f,0.37592835158797533f,0f,0f,0f,1f],start_interpolation:0}
execute if entity @s[tag=aj.tutankhamen.bone.right_leg] run data modify entity @s {} merge value {transformation:[-0.9688322129755137f,-0.059479368632627275f,-0.24047109557706203f,-0.09213300192621375f,0.16050168558488667f,0.5887010773917498f,-0.792256429700765f,0.875f,0.1886885052815318f,-0.8061595662056346f,-0.5608060286674567f,0.017337025582962365f,0f,0f,0f,1f],start_interpolation:0}