execute if entity @s[tag=aj.tutankhamen.bone.head] run data modify entity @s {} merge value {transformation:[-0.09907653686478192f,-0.3002435680459287f,0.9487031357015382f,0.03328359699822392f,-0.1341051696997141f,0.9487251212263981f,0.2862454328260403f,1.6174155625543f,-0.9860018475148473f,-0.09886578883014101f,-0.13426061409177892f,-0.09624593480936969f,0f,0f,0f,1f],start_interpolation:0}
execute if entity @s[tag=aj.tutankhamen.bone.back_cape] run data modify entity @s {} merge value {transformation:[0.1446053712026388f,-0.9662312341675058f,0.21327561684000668f,0.18770615388145961f,-0.14562154766381227f,0.19241303778629362f,0.9704491680381031f,1.6131752246650384f,-0.9787153066522168f,-0.1713896875806378f,-0.11288012896727329f,-0.07279905953293436f,0f,0f,0f,1f],start_interpolation:0}
execute if entity @s[tag=aj.tutankhamen.bone.left_hand] run data modify entity @s {} merge value {transformation:[0.3200529800280676f,0.7280460655376021f,0.6062301678656143f,-0.006329197354551223f,-0.4333470201261273f,0.6815251005074305f,-0.5896896620478798f,1.2679173955433511f,-0.8424823144274063f,-0.07397610312495798f,0.5336207323966023f,0.3652063566503797f,0f,0f,0f,1f],start_interpolation:0}
execute if entity @s[tag=aj.tutankhamen.bone.cape_left_back] run data modify entity @s {} merge value {transformation:[0.3306315896060985f,0.10694024587868095f,0.9376814681788008f,0.08084917624468427f,-0.3531662901528765f,0.935390276773142f,0.017849415058179895f,1.3806504241683997f,-0.8751893072097022f,-0.3370590659360345f,0.34703726401660245f,0.3039513671353392f,0f,0f,0f,1f],start_interpolation:0}
execute if entity @s[tag=aj.tutankhamen.bone.cape_left_side] run data modify entity @s {} merge value {transformation:[0.3306315896060985f,0.10694024587868095f,0.9376814681788008f,-0.08802219315361873f,-0.3531662901528765f,0.935390276773142f,0.017849415058179895f,1.433601480122514f,-0.8751893072097022f,-0.3370590659360345f,0.34703726401660245f,0.3973200383847799f,0f,0f,0f,1f],start_interpolation:0}
execute if entity @s[tag=aj.tutankhamen.bone.left_arm] run data modify entity @s {} merge value {transformation:[0.3200529800280676f,0.13534974772492803f,0.9376814681788008f,0.02390461426570336f,-0.4333470201261273f,0.9010503640362656f,0.017849415058179895f,1.532865028185231f,-0.8424823144274063f,-0.41205422854390367f,0.34703726401660245f,0.1961104087016279f,0f,0f,0f,1f],start_interpolation:0}
execute if entity @s[tag=aj.tutankhamen.bone.cape_right_back] run data modify entity @s {} merge value {transformation:[0.1929247602260517f,-0.86765154140373f,0.45821483999479107f,0.16394748598627332f,0.7882017100885992f,0.41516952461284506f,0.4542822140984091f,1.4228196553365877f,-0.5843955005859718f,0.2735234332419724f,0.7639809096845257f,-0.35472109105772276f,0f,0f,0f,1f],start_interpolation:0}
execute if entity @s[tag=aj.tutankhamen.bone.cape_right] run data modify entity @s {} merge value {transformation:[0.1929247602260517f,-0.86765154140373f,0.45821483999479107f,0.07953826977289613f,0.7882017100885992f,0.41516952461284506f,0.4542822140984091f,1.432405619013329f,-0.5843955005859718f,0.2735234332419724f,0.7639809096845257f,-0.6370281154454123f,0f,0f,0f,1f],start_interpolation:0}
execute if entity @s[tag=aj.tutankhamen.bone.weapon] run data modify entity @s {} merge value {transformation:[0.3918878021499213f,0.1338828985172855f,1.5821147220166512f,0.16521578805465284f,-0.48238253603069614f,1.5626043304283115f,-0.012746335567325016f,0.9667647088724747f,-1.5127189802041252f,-0.4636062441581335f,0.41393020053976576f,-0.7847583892191927f,0f,0f,0f,1f],start_interpolation:0}
execute if entity @s[tag=aj.tutankhamen.bone.right_hand] run data modify entity @s {} merge value {transformation:[0.5666392091889062f,-0.08900060514415833f,0.8191452245443078f,0.17342317386936035f,0.5267490357605817f,0.8035986769281537f,-0.2770642881437784f,1.2141626009002786f,-0.6336051293471893f,0.588479446304877f,0.5022315017416138f,-0.5372189984885707f,0f,0f,0f,1f],start_interpolation:0}
execute if entity @s[tag=aj.tutankhamen.bone.right_arm] run data modify entity @s {} merge value {transformation:[0.5666392091889062f,-0.08900060514415833f,0.8191452245443078f,0.10348890333393163f,0.5267490357605817f,0.8035986769281537f,-0.2770642881437784f,1.4527214813207137f,-0.6336051293471893f,0.588479446304877f,0.5022315017416138f,-0.34253045389095294f,0f,0f,0f,1f],start_interpolation:0}
execute if entity @s[tag=aj.tutankhamen.bone.body] run data modify entity @s {} merge value {transformation:[0.1446053712026388f,0.04841250472468934f,0.9883043640527086f,-0.036309378543517005f,-0.14562154766381227f,0.9889680909880729f,-0.027138162491275153f,0.1957739317589453f,-0.9787153066522168f,-0.13999408699544683f,0.15006000176918613f,0.10499556524658513f,0f,0f,0f,1f],start_interpolation:0}
execute if entity @s[tag=aj.tutankhamen.bone.left_foot] run data modify entity @s {} merge value {transformation:[-0.548235894951911f,-0.22007985024468288f,0.8068471125328236f,0.1688010847163772f,-0.37253662557666856f,0.9280174904623022f,0f,0.4806341174720137f,-0.7487682325594657f,-0.30058010065925667f,-0.5907603041821995f,0.23054471810586033f,0f,0f,0f,1f],start_interpolation:0}
execute if entity @s[tag=aj.tutankhamen.bone.left_leg] run data modify entity @s {} merge value {transformation:[-0.548235894951911f,-0.22007985024468288f,0.8068471125328236f,0.055383778517081206f,-0.37253662557666856f,0.9280174904623022f,0f,0.875f,-0.7487682325594657f,-0.30058010065925667f,-0.5907603041821995f,0.07564191679995222f,0f,0f,0f,1f],start_interpolation:0}
execute if entity @s[tag=aj.tutankhamen.bone.right_foot] run data modify entity @s {} merge value {transformation:[-0.44063486567787546f,-0.2312632760935101f,0.8673858497113827f,-0.11926277715332978f,0.4081245399972144f,0.8090017443872756f,0.4230254571895259f,0.49008578065000263f,-0.7995469185739524f,0.5404012164205795f,-0.26209015679734143f,-0.27599992082128466f,0f,0f,0f,1f],start_interpolation:0}
execute if entity @s[tag=aj.tutankhamen.bone.right_leg] run data modify entity @s {} merge value {transformation:[-0.44063486567787546f,0.11453522076300564f,0.8903497056515547f,-0.055383778517081206f,0.4081245399972144f,0.908955682799795f,0.08505249295594233f,0.875f,-0.7995469185739524f,0.40085065786490603f,-0.4472621994850102f,-0.07564191679995222f,0f,0f,0f,1f],start_interpolation:0}