execute if entity @s[tag=aj.tutankhamen.bone.head] run data modify entity @s {} merge value {transformation:[-0.9851871900966078f,-0.09813112943593946f,0.140628880053768f,-0.052485955512743786f,-0.05660678235363743f,0.9602121262888846f,0.2734745778300923f,1.6185943409090582f,-0.16186992512853665f,0.2614631024894454f,-0.951543574081332f,0.0775369154375513f,0f,0f,0f,1f],start_interpolation:0}
execute if entity @s[tag=aj.tutankhamen.bone.back_cape] run data modify entity @s {} merge value {transformation:[-0.9671402522263357f,0.000648845967695072f,-0.2542426233393796f,-0.09034488098084933f,-0.10175784688563164f,0.9154204518558268f,0.38942359574282903f,1.6328580458882695f,0.23299157306816867f,0.4024984165471761f,-0.8852739415323576f,-0.07338462372325387f,0f,0f,0f,1f],start_interpolation:0}
execute if entity @s[tag=aj.tutankhamen.bone.left_hand] run data modify entity @s {} merge value {transformation:[-0.8160325516914091f,-0.18702325987352747f,-0.5469124014376402f,0.3067711255042101f,-0.505523752971049f,0.6896937388410581f,0.5184286660530145f,1.3253565457315657f,0.2802438398289486f,0.6995318769503798f,-0.6573572418162024f,-0.2619773242068899f,0f,0f,0f,1f],start_interpolation:0}
execute if entity @s[tag=aj.tutankhamen.bone.cape_left_back] run data modify entity @s {} merge value {transformation:[-0.8339819747877709f,-0.16953409414492177f,-0.5251021392563074f,0.21544971667855972f,-0.4392131071643722f,0.7800057935175636f,0.44573849797168474f,1.4401233344071969f,0.3340148383292386f,0.6023696149387822f,-0.7249723682833683f,-0.21148016771216238f,0f,0f,0f,1f],start_interpolation:0}
execute if entity @s[tag=aj.tutankhamen.bone.cape_left_side] run data modify entity @s {} merge value {transformation:[-0.8339819747877709f,-0.16953409414492177f,-0.5251021392563074f,0.41139716764618733f,-0.4392131071643722f,0.7800057935175636f,0.44573849797168474f,1.4530330701551695f,0.3340148383292386f,0.6023696149387822f,-0.7249723682833683f,-0.17304844016568488f,0f,0f,0f,1f],start_interpolation:0}
execute if entity @s[tag=aj.tutankhamen.bone.left_arm] run data modify entity @s {} merge value {transformation:[-0.8160325516914091f,-0.2415752841837448f,-0.5251021392563074f,0.21426705818427091f,-0.505523752971049f,0.738757691403624f,0.44573849797168474f,1.5259383369574937f,0.2802438398289486f,0.6291887280169048f,-0.7249723682833683f,-0.03633443471515593f,0f,0f,0f,1f],start_interpolation:0}
execute if entity @s[tag=aj.tutankhamen.bone.cape_right_back] run data modify entity @s {} merge value {transformation:[-0.9687518180544549f,-0.005013305063144392f,0.24798141419979874f,-0.3006844680381564f,-0.23122286037352788f,0.3800470525060094f,-0.8956004838778164f,1.3168571517497556f,-0.08975468710252608f,-0.9249535689178339f,-0.3693304637980588f,0.23298267794065966f,0f,0f,0f,1f],start_interpolation:0}
execute if entity @s[tag=aj.tutankhamen.bone.cape_right] run data modify entity @s {} merge value {transformation:[-0.9687518180544549f,-0.005013305063144392f,0.24798141419979874f,-0.5140472931591147f,-0.23122286037352788f,0.3800470525060094f,-0.8956004838778164f,1.504628700785846f,-0.08975468710252608f,-0.9249535689178339f,-0.3693304637980588f,0.31129112403040465f,0f,0f,0f,1f],start_interpolation:0}
execute if entity @s[tag=aj.tutankhamen.bone.weapon] run data modify entity @s {} merge value {transformation:[-1.5572209475533525f,-0.476700653399386f,0.14968995009935906f,-0.26433660495398137f,-0.22171925013647753f,0.22020292101793973f,-1.605284685439065f,0.7028872867378786f,0.44776240153799024f,-1.54882369372207f,-0.2743021530086234f,0.6842932242168013f,0f,0f,0f,1f],start_interpolation:0}
execute if entity @s[tag=aj.tutankhamen.bone.right_hand] run data modify entity @s {} merge value {transformation:[-0.9701741940344344f,0.0078059672949629035f,0.24228309908911438f,-0.34688082707634466f,-0.2195318134456745f,0.3955637040078863f,-0.8918156417986933f,1.3163233224445339f,-0.1027998838272167f,-0.9184053696196202f,-0.3820520395691657f,0.3660880865843029f,0f,0f,0f,1f],start_interpolation:0}
execute if entity @s[tag=aj.tutankhamen.bone.right_arm] run data modify entity @s {} merge value {transformation:[-0.9701985087573062f,-0.003708571271182265f,0.24228309908911438f,-0.3180328776537975f,-0.22421088687465338f,0.3929304509071122f,-0.8918156417986933f,1.470316023917089f,-0.09189304550389257f,-0.9195607142810418f,-0.3820520395691657f,0.09193700647041537f,0f,0f,0f,1f],start_interpolation:0}
execute if entity @s[tag=aj.tutankhamen.bone.body] run data modify entity @s {} merge value {transformation:[-0.9671937855349154f,-0.07634320801853642f,-0.24229712299587536f,0.057257406013902314f,-0.10106624458831961f,0.9906826776859028f,0.09128771186695231f,0.19448799173557285f,0.23307036582854934f,0.11278096790916553f,-0.9658978506291531f,-0.08458572593187415f,0f,0f,0f,1f],start_interpolation:0}
execute if entity @s[tag=aj.tutankhamen.bone.left_foot] run data modify entity @s {} merge value {transformation:[-0.45480430686122153f,-0.08380046118186109f,0.8866400200567257f,0.09423098398347661f,-0.18120576362713733f,0.9834452049953297f,0f,0.4504054029278913f,-0.8719618762817499f,-0.16066428189675935f,-0.46246024135465824f,0.18066193384395493f,0f,0f,0f,1f],start_interpolation:0}
execute if entity @s[tag=aj.tutankhamen.bone.left_leg] run data modify entity @s {} merge value {transformation:[-0.45480430686122153f,-0.08380046118186109f,0.8866400200567257f,0.043355647626999214f,-0.18120576362713733f,0.9834452049953297f,0f,0.875f,-0.8719618762817499f,-0.16066428189675935f,-0.46246024135465824f,0.08312250188031803f,0f,0f,0f,1f],start_interpolation:0}
execute if entity @s[tag=aj.tutankhamen.bone.right_foot] run data modify entity @s {} merge value {transformation:[-0.4554344311459644f,0.08834884995814124f,0.8858746861931576f,-0.0875732697589349f,0.17364817766693033f,0.9847671946971284f,-0.00893770895153234f,0.4496110167390445f,-0.8731699658827631f,0.14975998450661623f,-0.4638385039222941f,-0.18044581518811653f,0f,0f,0f,1f],start_interpolation:0}
execute if entity @s[tag=aj.tutankhamen.bone.right_leg] run data modify entity @s {} merge value {transformation:[-0.4554344311459644f,0.06853781979114124f,0.8876272000029227f,-0.043355647626999214f,0.17364817766693033f,0.9847211172869647f,0.013062601657642258f,0.875f,-0.8731699658827631f,0.16008400428334205f,-0.46037736939700336f,-0.08312250188031803f,0f,0f,0f,1f],start_interpolation:0}