execute if entity @s[tag=aj.tutankhamen.bone.head] run data modify entity @s {} merge value {transformation:[-0.9373276162272504f,0.058355533981583496f,0.34352812331956895f,0.10951765228952816f,0.050795970130835005f,0.998228688097525f,-0.030971852988824378f,1.584669383019298f,-0.3447270068854601f,-0.011580928840912913f,-0.938631542625206f,-0.20453342885555742f,0f,0f,0f,1f],start_interpolation:0}
execute if entity @s[tag=aj.tutankhamen.bone.back_cape] run data modify entity @s {} merge value {transformation:[-0.9774060353726483f,0.20405805731913543f,0.055115798644873724f,0.11979051019695398f,0.17124734069753217f,0.9173274433296443f,-0.3594227455494732f,1.5361072182578652f,-0.12390234187110895f,-0.34186352680190735f,-0.931545779187162f,-0.35268958648694754f,0f,0f,0f,1f],start_interpolation:0}
execute if entity @s[tag=aj.tutankhamen.bone.left_hand] run data modify entity @s {} merge value {transformation:[-0.9639327168786745f,-0.1507406347011885f,0.219342149120455f,0.4738070034806543f,-0.24817293505778212f,0.8068076710685875f,-0.5361637587618988f,1.1258201327906825f,-0.09614526319950963f,-0.5712605736043445f,-0.8151180561179668f,-0.13582197924175207f,0f,0f,0f,1f],start_interpolation:0}
execute if entity @s[tag=aj.tutankhamen.bone.cape_left_back] run data modify entity @s {} merge value {transformation:[-0.9801276877749743f,-0.14302315306711677f,0.1374557868684424f,0.42125679562925167f,-0.16388549652939982f,0.9742452951941869f,-0.15487946545395825f,1.2410864786915252f,-0.11176430415922022f,-0.1743286622409861f,-0.9783242089599307f,-0.22533803067563335f,0f,0f,0f,1f],start_interpolation:0}
execute if entity @s[tag=aj.tutankhamen.bone.cape_left_side] run data modify entity @s {} merge value {transformation:[-0.9801276877749743f,-0.14302315306711677f,0.1374557868684424f,0.5572197734855361f,-0.16388549652939982f,0.9742452951941869f,-0.15487946545395825f,1.2860535207059887f,-0.11176430415922022f,-0.1743286622409861f,-0.9783242089599307f,-0.08558433203076383f,0f,0f,0f,1f],start_interpolation:0}
execute if entity @s[tag=aj.tutankhamen.bone.left_arm] run data modify entity @s {} merge value {transformation:[-0.9639327168786745f,-0.2279026634053986f,0.1374557868684424f,0.36309165873773f,-0.24817293505778212f,0.9562544355376879f,-0.15487946545395825f,1.4193527046411327f,-0.09614526319950963f,-0.18340618999156902f,-0.9783242089599307f,-0.17167602673472326f,0f,0f,0f,1f],start_interpolation:0}
execute if entity @s[tag=aj.tutankhamen.bone.cape_right_back] run data modify entity @s {} merge value {transformation:[-0.9585183599118864f,0.2646827694079187f,0.10576192741427383f,-0.21491809562608022f,-0.022638199232418194f,0.2991879065905998f,-0.9539256304793617f,1.40885239818753f,-0.28413036734453595f,-0.9167494903889989f,-0.2807851602634479f,-0.11878002622900974f,0f,0f,0f,1f],start_interpolation:0}
execute if entity @s[tag=aj.tutankhamen.bone.cape_right] run data modify entity @s {} merge value {transformation:[-0.9585183599118864f,0.2646827694079187f,0.10576192741427383f,-0.3911270712158809f,-0.022638199232418194f,0.2991879065905998f,-0.9539256304793617f,1.643796587177305f,-0.28413036734453595f,-0.9167494903889989f,-0.2807851602634479f,-0.09297910606073151f,0f,0f,0f,1f],start_interpolation:0}
execute if entity @s[tag=aj.tutankhamen.bone.weapon] run data modify entity @s {} merge value {transformation:[0.6065493425887231f,0.23870077298735456f,1.499902500028432f,-0.18549802672782767f,0.8519754612960241f,-1.3905169683284493f,-0.1232397977570469f,1.6233272419302565f,1.2573079900985789f,0.8270865585759514f,-0.6400719617889652f,0.39211853097085536f,0f,0f,0f,1f],start_interpolation:0}
execute if entity @s[tag=aj.tutankhamen.bone.right_hand] run data modify entity @s {} merge value {transformation:[-0.9408368335586493f,-0.2979289453656554f,0.16144471540636698f,-0.25724000125027835f,-0.10687383886601798f,-0.19122802649284776f,-0.9757099079386717f,1.4989486038023672f,0.3215649781698482f,-0.9352380367569314f,0.14807356083266857f,0.07285081949023653f,0f,0f,0f,1f],start_interpolation:0}
execute if entity @s[tag=aj.tutankhamen.bone.right_arm] run data modify entity @s {} merge value {transformation:[-0.9758797221678494f,0.14695023555257908f,0.16144471540636698f,-0.17902937184157358f,-0.18017941720295524f,-0.12460157770555014f,-0.9757099079386717f,1.4917171896233248f,-0.12326453455071623f,-0.981264528608025f,0.14807356083266857f,-0.23298504354217164f,0f,0f,0f,1f],start_interpolation:0}
execute if entity @s[tag=aj.tutankhamen.bone.body] run data modify entity @s {} merge value {transformation:[-0.9850388032802528f,0.15929840333022277f,0.06574629060752535f,-0.11947380249766708f,0.13148692204521065f,0.9413372843917059f,-0.3107978544731691f,0.23149703670622057f,-0.11139903663535061f,-0.29750316924444714f,-0.9481994088408967f,0.22312737693333534f,0f,0f,0f,1f],start_interpolation:0}
execute if entity @s[tag=aj.tutankhamen.bone.left_foot] run data modify entity @s {} merge value {transformation:[-0.9223732893839903f,0.37136784229612035f,0.10636465925899075f,-0.04043109172010956f,0.3734865608776077f,0.9276355905439468f,0f,0.457487974109598f,-0.09866764350471956f,0.03972577078555904f,-0.9943271892393964f,-0.004324974053629211f,0f,0f,0f,1f],start_interpolation:0}
execute if entity @s[tag=aj.tutankhamen.bone.left_leg] run data modify entity @s {} merge value {transformation:[-0.9223732893839903f,0.37136784229612035f,0.10636465925899075f,0.09321817399119342f,0.3734865608776077f,0.9276355905439468f,0f,0.875f,-0.09866764350471956f,0.03972577078555904f,-0.9943271892393964f,0.009971686805530382f,0f,0f,0f,1f],start_interpolation:0}
execute if entity @s[tag=aj.tutankhamen.bone.right_foot] run data modify entity @s {} merge value {transformation:[-0.983717180224963f,0.13361269348594784f,0.12020048864159208f,-0.19704217237917293f,0.15250314925858213f,0.9744486898641131f,0.16490160790097885f,0.6257323497105881f,-0.0950962606860122f,0.18054749779917667f,-0.9789582740045635f,0.33567123352978945f,0f,0f,0f,1f],start_interpolation:0}
execute if entity @s[tag=aj.tutankhamen.bone.right_leg] run data modify entity @s {} merge value {transformation:[-0.983717180224963f,0.1670464834421701f,-0.06630219981156085f,-0.09321817399119342f,0.15250314925858213f,0.5806477113228401f,-0.7997443496529141f,0.875f,-0.0950962606860122f,-0.7968335508154463f,-0.5966682440840851f,-0.009971686805530382f,0f,0f,0f,1f],start_interpolation:0}