execute if entity @s[tag=aj.tutankhamen.bone.head] run data modify entity @s {} merge value {transformation:[-0.9542963051722073f,-0.11414072435708417f,0.2762072717687096f,-0.00026082878187890174f,-0.0057944272580709435f,0.9310889336965492f,0.364746243518112f,1.624885201638429f,-0.2988059345920435f,0.34647552957036254f,-0.8891961093378179f,-0.012560514991144278f,0f,0f,0f,1f],start_interpolation:0}
execute if entity @s[tag=aj.tutankhamen.bone.back_cape] run data modify entity @s {} merge value {transformation:[-0.6196877902199959f,-0.30971317478205157f,0.7211551788753106f,0.12237172254308834f,-0.014574117905466562f,0.9232289249155571f,0.3839738888082654f,1.623162719361426f,-0.7847130926265576f,0.22743373005270576f,-0.5766274886742541f,-0.1093714281690226f,0f,0f,0f,1f],start_interpolation:0}
execute if entity @s[tag=aj.tutankhamen.bone.left_hand] run data modify entity @s {} merge value {transformation:[-0.5832345169159642f,0.05450364151597642f,0.8104732267874741f,0.3381774693821005f,-0.27687957268584923f,0.9246574886281652f,-0.2614311208581642f,1.2234315091816375f,-0.7636590865740446f,-0.3768791341867477f,-0.5242012187200102f,0.22712944468058865f,0f,0f,0f,1f],start_interpolation:0}
execute if entity @s[tag=aj.tutankhamen.bone.cape_left_back] run data modify entity @s {} merge value {transformation:[-0.6083342937853262f,-0.26142719345910514f,0.7493898915283049f,0.3236848924038207f,-0.19354963893661034f,0.9645543243550082f,0.17936970935908125f,1.3570117991939488f,-0.7697193802108773f,-0.035927397458613106f,-0.6373706126263075f,0.14962299566099402f,0f,0f,0f,1f],start_interpolation:0}
execute if entity @s[tag=aj.tutankhamen.bone.cape_left_side] run data modify entity @s {} merge value {transformation:[-0.6083342937853262f,-0.26142719345910514f,0.7493898915283049f,0.3250633893667398f,-0.19354963893661034f,0.9645543243550082f,0.17936970935908125f,1.364832716607909f,-0.7697193802108773f,-0.035927397458613106f,-0.6373706126263075f,0.349562975397232f,0f,0f,0f,1f],start_interpolation:0}
execute if entity @s[tag=aj.tutankhamen.bone.left_arm] run data modify entity @s {} merge value {transformation:[-0.5832345169159642f,-0.3134522112746978f,0.7493898915283049f,0.19926869166594358f,-0.27687957268584923f,0.9440149414038637f,0.17936970935908125f,1.5035098033227747f,-0.7636590865740446f,-0.10287614715405134f,-0.6373706126263075f,0.1827980602593187f,0f,0f,0f,1f],start_interpolation:0}
execute if entity @s[tag=aj.tutankhamen.bone.cape_right_back] run data modify entity @s {} merge value {transformation:[-0.15503841917374864f,0.20960779806676266f,0.9654157962089229f,-0.10151014981729811f,0.37304546569279895f,0.9173034024574752f,-0.13925353986876465f,1.319233307178934f,-0.9147678225135317f,0.3385543365983402f,-0.22041050806236553f,-0.3345530391015261f,0f,0f,0f,1f],start_interpolation:0}
execute if entity @s[tag=aj.tutankhamen.bone.cape_right] run data modify entity @s {} merge value {transformation:[-0.15503841917374864f,0.20960779806676266f,0.9654157962089229f,-0.36708885186542706f,0.37304546569279895f,0.9173034024574752f,-0.13925353986876465f,1.412335046160625f,-0.9147678225135317f,0.3385543365983402f,-0.22041050806236553f,-0.4223828843536741f,0f,0f,0f,1f],start_interpolation:0}
execute if entity @s[tag=aj.tutankhamen.bone.weapon] run data modify entity @s {} merge value {transformation:[-0.28878400520751646f,-0.7678212201478641f,1.4147939941341507f,-0.3529398980077576f,0.4495879464943405f,1.3417080445873755f,0.8199255301962699f,0.9226147026065314f,-1.5456591313463715f,0.5337206859315816f,-0.02584091146641316f,-0.4995846999993831f,0f,0f,0f,1f],start_interpolation:0}
execute if entity @s[tag=aj.tutankhamen.bone.right_hand] run data modify entity @s {} merge value {transformation:[-0.1386272611267983f,0.25546755503251156f,0.9568274718036651f,-0.20228873764045396f,0.35247385367652445f,0.9156196544194882f,-0.19339811507653515f,1.217561211071773f,-0.9254969826784434f,0.31044641529005856f,-0.21697547853766813f,-0.3861844656559388f,0f,0f,0f,1f],start_interpolation:0}
execute if entity @s[tag=aj.tutankhamen.bone.right_arm] run data modify entity @s {} merge value {transformation:[-0.1386272611267983f,0.25546755503251156f,0.9568274718036651f,-0.14177958212058228f,0.35247385367652445f,0.9156196544194882f,-0.19339811507653515f,1.4954888646629119f,-0.9254969826784434f,0.31044641529005856f,-0.21697547853766813f,-0.24907271383317045f,0f,0f,0f,1f],start_interpolation:0}
execute if entity @s[tag=aj.tutankhamen.bone.body] run data modify entity @s {} merge value {transformation:[-0.6196877902199959f,-0.00037938731909658435f,0.7848483284797904f,0.00028454048932243826f,-0.014574117905466562f,0.9998330205649877f,-0.011023886572819077f,0.18762523457625924f,-0.7847130926265576f,-0.01826983998711895f,-0.6195898443384212f,0.01370237999033921f,0f,0f,0f,1f],start_interpolation:0}
execute if entity @s[tag=aj.tutankhamen.bone.left_foot] run data modify entity @s {} merge value {transformation:[-0.7160993593468075f,-0.1402242693985778f,0.6837681345417663f,0.15213553669807062f,-0.19216718477358893f,0.9813622028059739f,0f,0.4516592607965611f,-0.6710242027224393f,-0.13139779745277982f,-0.7296993478037876f,0.142559305333958f,0f,0f,0f,1f],start_interpolation:0}
execute if entity @s[tag=aj.tutankhamen.bone.left_leg] run data modify entity @s {} merge value {transformation:[-0.7160993593468075f,-0.1402242693985778f,0.6837681345417663f,0.06840931385660509f,-0.19216718477358893f,0.9813622028059739f,0f,0.875f,-0.6710242027224393f,-0.13139779745277982f,-0.7296993478037876f,0.06410326261329059f,0f,0f,0f,1f],start_interpolation:0}
execute if entity @s[tag=aj.tutankhamen.bone.right_foot] run data modify entity @s {} merge value {transformation:[-0.7082437369209205f,0.10919808059269365f,0.6974715680994902f,-0.14906112212328762f,0.1958786782607659f,0.9795701487783366f,0.045539730183684096f,0.45212301009494477f,-0.6782494766051098f,0.16887303756745478f,-0.7151639984420607f,-0.14808629501956955f,0f,0f,0f,1f],start_interpolation:0}
execute if entity @s[tag=aj.tutankhamen.bone.right_leg] run data modify entity @s {} merge value {transformation:[-0.7082437369209205f,0.13375815197235147f,0.6931807598983337f,-0.06840931385660509f,0.1958786782607659f,0.9805673110873238f,0.010922079920550092f,0.875f,-0.6782494766051098f,0.1435148257425583f,-0.7206810267219319f,-0.06410326261329059f,0f,0f,0f,1f],start_interpolation:0}