execute if entity @s[tag=aj.tutankhamen.bone.head] run data modify entity @s {} merge value {transformation:[-0.8130084125498442f,0.1426941356885518f,0.564495974089523f,0.21560016382861596f,0.09302813772964016f,0.9888843762343904f,-0.1159890340940718f,1.556995079384295f,-0.5747722041937462f,-0.04178605125658347f,-0.8172458866257114f,-0.20590936349695207f,0f,0f,0f,1f],start_interpolation:0}
execute if entity @s[tag=aj.tutankhamen.bone.back_cape] run data modify entity @s {} merge value {transformation:[-0.8536529261773381f,0.07289330333240457f,0.5157162475219857f,0.2774415901247341f,0.1651893539267708f,0.9769301846036955f,0.13535099467475448f,1.492815339621982f,-0.49395258778360923f,0.20073360640281304f,-0.84600050844098f,-0.33424743850863203f,0f,0f,0f,1f],start_interpolation:0}
execute if entity @s[tag=aj.tutankhamen.bone.left_hand] run data modify entity @s {} merge value {transformation:[-0.8243851784518474f,0.34560185713627534f,0.44827272267323276f,0.4711434249144629f,-0.2499579928073879f,0.48827921482726455f,-0.8361246379573872f,1.1119575717471997f,-0.5078484807308351f,-0.8013381088601912f,-0.3161442011294137f,0.0764222787434769f,0f,0f,0f,1f],start_interpolation:0}
execute if entity @s[tag=aj.tutankhamen.bone.cape_left_back] run data modify entity @s {} merge value {transformation:[-0.8205132130509606f,0.08025020125762894f,0.5659664057229006f,0.48241333135140274f,-0.1712909634257737f,0.9100816619882028f,-0.37737352101261784f,1.204313454669537f,-0.5453599481603496f,-0.40658489114931523f,-0.7329878943281674f,-0.047692016989970915f,0f,0f,0f,1f],start_interpolation:0}
execute if entity @s[tag=aj.tutankhamen.bone.cape_left_side] run data modify entity @s {} merge value {transformation:[-0.8205132130509606f,0.08025020125762894f,0.5659664057229006f,0.5398727201752528f,-0.1712909634257737f,0.9100816619882028f,-0.37737352101261784f,1.2782493578313914f,-0.5453599481603496f,-0.40658489114931523f,-0.7329878943281674f,0.12914396170110462f,0f,0f,0f,1f],start_interpolation:0}
execute if entity @s[tag=aj.tutankhamen.bone.left_arm] run data modify entity @s {} merge value {transformation:[-0.8243851784518474f,0.00843238649592152f,0.5659664057229006f,0.4285195675111416f,-0.2499579928073879f,0.8916895353598364f,-0.37737352101261784f,1.3909436716492216f,-0.5078484807308351f,-0.4525689642338969f,-0.7329878943281674f,-0.06519245870228765f,0f,0f,0f,1f],start_interpolation:0}
execute if entity @s[tag=aj.tutankhamen.bone.cape_right_back] run data modify entity @s {} merge value {transformation:[-0.7246177331183257f,0.6439544156010095f,0.24546252560914658f,-0.11234634917106612f,0.04231991764564677f,0.3970883911881082f,-0.9168041416540973f,1.4009105794844592f,-0.6878503946505552f,-0.653944584970013f,-0.31498938770611534f,-0.2680670096478326f,0f,0f,0f,1f],start_interpolation:0}
execute if entity @s[tag=aj.tutankhamen.bone.cape_right] run data modify entity @s {} merge value {transformation:[-0.7246177331183257f,0.6439544156010095f,0.24546252560914658f,-0.28693350137309115f,0.04231991764564677f,0.3970883911881082f,-0.9168041416540973f,1.6367241020301158f,-0.6878503946505552f,-0.653944584970013f,-0.31498938770611534f,-0.296796286885453f,0f,0f,0f,1f],start_interpolation:0}
execute if entity @s[tag=aj.tutankhamen.bone.weapon] run data modify entity @s {} merge value {transformation:[-0.4957877607711958f,-1.5433727801657648f,-0.21629292943596581f,-0.3615689667349094f,0.8619283193845421f,-0.08244892664054612f,-1.3873966341136452f,1.6475226293314515f,1.298407386810293f,-0.5345935928818545f,0.8384125606986382f,0.2115949975542894f,0f,0f,0f,1f],start_interpolation:0}
execute if entity @s[tag=aj.tutankhamen.bone.right_hand] run data modify entity @s {} merge value {transformation:[-0.9530224069171399f,0.30068939345016565f,0.03652643673331307f,-0.23507672028927049f,-0.11531727283202088f,-0.2486702476798565f,-0.9616990353044056f,1.504458607328176f,-0.28008966153795556f,-0.9207328584260532f,0.2716629987947258f,-0.08180102375885323f,0f,0f,0f,1f],start_interpolation:0}
execute if entity @s[tag=aj.tutankhamen.bone.right_arm] run data modify entity @s {} merge value {transformation:[-0.8633486816495817f,0.5032840880789858f,0.03652643673331307f,-0.046513325348231466f,-0.16727406654847898f,-0.21715052879261182f,-0.9616990353044056f,1.4674652551044156f,-0.47607608693806935f,-0.8363915198826403f,0.2716629987947258f,-0.3323606154728227f,0f,0f,0f,1f],start_interpolation:0}
execute if entity @s[tag=aj.tutankhamen.bone.body] run data modify entity @s {} merge value {transformation:[-0.8631390518108729f,0.3136002382961687f,0.39578512829515633f,-0.2352001787221265f,0.13904040747371071f,0.9010837518317019f,-0.4107503344788028f,0.26168718612622355f,-0.48544695109617453f,-0.2995045287228394f,-0.8213636800747514f,0.22462839654212954f,0f,0f,0f,1f],start_interpolation:0}
execute if entity @s[tag=aj.tutankhamen.bone.left_foot] run data modify entity @s {} merge value {transformation:[-0.7807615417715277f,0.29137123311877694f,0.5527334071696682f,-0.024948791185032557f,0.3496350740474652f,0.9368859669115679f,0f,0.45418629341220573f,-0.51784817262048f,0.1932549857442747f,-0.8333581346567691f,-0.016547543946573776f,0f,0f,0f,1f],start_interpolation:0}
execute if entity @s[tag=aj.tutankhamen.bone.left_leg] run data modify entity @s {} merge value {transformation:[-0.7807615417715277f,0.29137123311877694f,0.5527334071696682f,0.07812732512407211f,0.3496350740474652f,0.9368859669115679f,0f,0.875f,-0.51784817262048f,0.1932549857442747f,-0.8333581346567691f,0.0518187569221564f,0f,0f,0f,1f],start_interpolation:0}
execute if entity @s[tag=aj.tutankhamen.bone.right_foot] run data modify entity @s {} merge value {transformation:[-0.8283136904925871f,0.17457269539247047f,0.5323728056221118f,-0.32612191567582827f,0.15462157223308962f,0.9845423253359866f,-0.08227137425724668f,0.6113434280228174f,-0.5385058955505672f,0.014169814586515173f,-0.8425025915757562f,0.1959042892610915f,0f,0f,0f,1f],start_interpolation:0}
execute if entity @s[tag=aj.tutankhamen.bone.right_leg] run data modify entity @s {} merge value {transformation:[-0.8283136904925871f,0.5076795147974007f,0.23697666635689435f,-0.07812732512407211f,0.15462157223308962f,0.6136879911073525f,-0.7742604335563f,0.875f,-0.5385058955505672f,-0.60468881238675f,-0.5868243694936193f,-0.0518187569221564f,0f,0f,0f,1f],start_interpolation:0}