execute if entity @s[tag=aj.tutankhamen.bone.head] run data modify entity @s {} merge value {transformation:[-0.9968652078063671f,-0.05623132886210695f,0.05565783969550486f,-0.026892956822757864f,-0.03935251349602197f,0.9626786326323931f,0.2677708534448274f,1.6243636428318882f,-0.0686377239330847f,0.2647411715759893f,-0.9618736792977851f,-0.012302643172814544f,0f,0f,0f,1f],start_interpolation:0}
execute if entity @s[tag=aj.tutankhamen.bone.back_cape] run data modify entity @s {} merge value {transformation:[-0.9215552517763771f,0.06992835438596207f,-0.38189781771600867f,-0.08729562693411305f,-0.02572835495902881f,0.9704843219553109f,0.23978789083280017f,1.6194191298226805f,0.38739381728995187f,0.23080339272162348f,-0.8925557821412103f,-0.15632046059316218f,0f,0f,0f,1f],start_interpolation:0}
execute if entity @s[tag=aj.tutankhamen.bone.left_hand] run data modify entity @s {} merge value {transformation:[-0.7849000522419106f,-0.12193278931045001f,-0.6075066278499516f,0.2788834677212281f,-0.42581452110428336f,0.8183937067771347f,0.38589342353078704f,1.269497183117701f,0.4501265395501314f,0.5615729120947297f,-0.6942780154909627f,-0.35024593865941755f,0f,0f,0f,1f],start_interpolation:0}
execute if entity @s[tag=aj.tutankhamen.bone.cape_left_back] run data modify entity @s {} merge value {transformation:[-0.7952099844016253f,-0.08357358745363792f,-0.6005468642729692f,0.1961398999775651f,-0.3512536978588986f,0.8708255729272416f,0.3439239178603189f,1.3939481080544374f,0.4942286115234696f,0.4844360401704965f,-0.7218447219004326f,-0.3086953961080588f,0f,0f,0f,1f],start_interpolation:0}
execute if entity @s[tag=aj.tutankhamen.bone.cape_left_side] run data modify entity @s {} merge value {transformation:[-0.7952099844016253f,-0.08357358745363792f,-0.6005468642729692f,0.3954598180744402f,-0.3512536978588986f,0.8708255729272416f,0.3439239178603189f,1.4058410086123505f,0.4942286115234696f,0.4844360401704965f,-0.7218447219004326f,-0.29568802642104686f,0f,0f,0f,1f],start_interpolation:0}
execute if entity @s[tag=aj.tutankhamen.bone.left_arm] run data modify entity @s {} merge value {transformation:[-0.7849000522419106f,-0.15256268155269825f,-0.6005468642729692f,0.2172894493123402f,-0.42581452110428336f,0.8368980417830709f,0.3439239178603189f,1.50632961669908f,0.4501265395501314f,0.5256674765068803f,-0.7218447219004326f,-0.15069307268029947f,0f,0f,0f,1f],start_interpolation:0}
execute if entity @s[tag=aj.tutankhamen.bone.cape_right_back] run data modify entity @s {} merge value {transformation:[-0.9646692014618427f,-0.23004416246069107f,0.12842513410049627f,-0.2424046667028587f,-0.2057875207519362f,0.3535333632656855f,-0.9125051547037004f,1.3463341725835418f,0.164513914468481f,-0.9066939088666099f,-0.3883829650878695f,0.19795397987271168f,0f,0f,0f,1f],start_interpolation:0}
execute if entity @s[tag=aj.tutankhamen.bone.cape_right] run data modify entity @s {} merge value {transformation:[-0.9646692014618427f,-0.23004416246069107f,0.12842513410049627f,-0.4252405129563957f,-0.2057875207519362f,0.3535333632656855f,-0.9125051547037004f,1.5423061611419768f,0.164513914468481f,-0.9066939088666099f,-0.3883829650878695f,0.3207550202803792f,0f,0f,0f,1f],start_interpolation:0}
execute if entity @s[tag=aj.tutankhamen.bone.weapon] run data modify entity @s {} merge value {transformation:[1.0405891381777368f,-0.804711514146111f,-0.9717002100021899f,0.06488627217526136f,0.2719681032717287f,1.373028499218946f,-0.8458213551019258f,0.984170231663238f,1.231988340009923f,0.3765896877828088f,1.0074584908304427f,0.6170519864559998f,0f,0f,0f,1f],start_interpolation:0}
execute if entity @s[tag=aj.tutankhamen.bone.right_hand] run data modify entity @s {} merge value {transformation:[-0.7826223852114302f,-0.6050047923500691f,0.1465312369408721f,-0.2481903664944151f,-0.33338975468984267f,0.20858286481672822f,-0.9194261579771881f,1.3567225039984352f,0.5256933266019445f,-0.7684155059200047f,-0.3649440184848698f,0.34561868531632245f,0f,0f,0f,1f],start_interpolation:0}
execute if entity @s[tag=aj.tutankhamen.bone.right_arm] run data modify entity @s {} merge value {transformation:[-0.9606539566235142f,-0.2359503596610225f,0.1465312369408721f,-0.2898225957502284f,-0.2202617719718049f,0.3257917921543567f,-0.9194261579771881f,1.4902939165233977f,0.1692002583669082f,-0.9155256063817586f,-0.3649440184848698f,0.06254589209240596f,0f,0f,0f,1f],start_interpolation:0}
execute if entity @s[tag=aj.tutankhamen.bone.body] run data modify entity @s {} merge value {transformation:[-0.9214271607645403f,-0.03911702810582962f,-0.38657708871267316f,0.029337771079372216f,-0.029137011884478852f,0.9990743895736556f,-0.03164488325892918f,0.18819420781975826f,0.38745712271662f,-0.017894753705912064f,-0.9217140314902248f,0.013421065279434048f,0f,0f,0f,1f],start_interpolation:0}
execute if entity @s[tag=aj.tutankhamen.bone.left_foot] run data modify entity @s {} merge value {transformation:[-0.9311294589838764f,0.06102944907108259f,-0.35954601507800615f,0.08987810127606952f,0.06540312923014306f,0.9978589232386035f,0f,0.436392873294669f,0.3587761994604699f,-0.023515434488329802f,-0.9331273562818349f,-0.03463119255805847f,0f,0f,0f,1f],start_interpolation:0}
execute if entity @s[tag=aj.tutankhamen.bone.left_leg] run data modify entity @s {} merge value {transformation:[-0.9311294589838764f,0.06102944907108259f,-0.35954601507800615f,0.08748068965142201f,0.06540312923014306f,0.9978589232386035f,0f,0.875f,0.3587761994604699f,-0.023515434488329802f,-0.9331273562818349f,-0.03370743891356308f,0f,0f,0f,1f],start_interpolation:0}
execute if entity @s[tag=aj.tutankhamen.bone.right_foot] run data modify entity @s {} merge value {transformation:[-0.9189510550141359f,0.2726581047290031f,-0.2849324769379488f,-0.11773236252994634f,0.17364817766693033f,0.9284389249042306f,0.32840139024619047f,0.48606145008925883f,0.3540837032134647f,0.25230679865644623f,-0.900536512569243f,0.23419298248561388f,0f,0f,0f,1f],start_interpolation:0}
execute if entity @s[tag=aj.tutankhamen.bone.right_leg] run data modify entity @s {} merge value {transformation:[-0.9189510550141359f,0.0035073197927601996f,-0.39435600311936175f,-0.08748068965142201f,0.17364817766693033f,0.9014058410579033f,-0.3966280626728877f,0.875f,0.3540837032134647f,-0.43296097793515437f,-0.8289568883265727f,0.03370743891356308f,0f,0f,0f,1f],start_interpolation:0}