execute if entity @s[tag=aj.tutankhamen.bone.head] run data modify entity @s {} merge value {transformation:[-0.7597597114531174f,0.029515301163678634f,0.6495337003188459f,0.16232484335599f,0.0033533516488362114f,0.9991337496427705f,-0.04147897488483798f,1.5787378851291143f,-0.6501953059545987f,-0.029335939084936813f,-0.7592005445154859f,-0.18740562933005595f,0f,0f,0f,1f],start_interpolation:0}
execute if entity @s[tag=aj.tutankhamen.bone.back_cape] run data modify entity @s {} merge value {transformation:[-0.7909104617933892f,-0.25167377454799345f,0.5577821731021289f,0.2493544845709872f,0.04525098794357602f,0.8849606172935203f,0.46346203073132336f,1.5225243117366207f,-0.6102564948576114f,0.3917971631395989f,-0.6885361235547952f,-0.30436689734830025f,0f,0f,0f,1f],start_interpolation:0}
execute if entity @s[tag=aj.tutankhamen.bone.left_hand] run data modify entity @s {} merge value {transformation:[-0.6891118527220027f,0.4634856504787707f,0.5570510804570071f,0.4183816107114323f,-0.3563783445171518f,0.4525703271222242f,-0.8174194606000624f,1.1739494108012756f,-0.630966980116442f,-0.7618143808098883f,-0.14669532778511918f,0.14580281698992603f,0f,0f,0f,1f],start_interpolation:0}
execute if entity @s[tag=aj.tutankhamen.bone.cape_left_back] run data modify entity @s {} merge value {transformation:[-0.6869459931565334f,0.05484316137302489f,0.7246360673723024f,0.4418204323724072f,-0.27892305240573617f,0.9008778545129319f,-0.33259738736923883f,1.2632701397784687f,-0.6710492778647857f,-0.43059414638240134f,-0.6035574105073687f,0.021169726195388705f,0f,0f,0f,1f],start_interpolation:0}
execute if entity @s[tag=aj.tutankhamen.bone.cape_left_side] run data modify entity @s {} merge value {transformation:[-0.6869459931565334f,0.05484316137302489f,0.7246360673723024f,0.45857623538157777f,-0.27892305240573617f,0.9008778545129319f,-0.33259738736923883f,1.3484265401380198f,-0.6710492778647857f,-0.43059414638240134f,-0.6035574105073687f,0.20146585217518256f,0f,0f,0f,1f],start_interpolation:0}
execute if entity @s[tag=aj.tutankhamen.bone.left_arm] run data modify entity @s {} merge value {transformation:[-0.6891118527220027f,-0.005236821674687971f,0.7246360673723024f,0.37247232610489184f,-0.3563783445171518f,0.8731399964921838f,-0.33259738736923883f,1.4420204692986966f,-0.630966980116442f,-0.4874414038880743f,-0.6035574105073687f,-0.014618553791215044f,0f,0f,0f,1f],start_interpolation:0}
execute if entity @s[tag=aj.tutankhamen.bone.cape_right_back] run data modify entity @s {} merge value {transformation:[-0.5955222898349952f,0.670139573066272f,0.44301936178934465f,-0.12488859361934504f,-0.0021721225971196856f,0.5501273968431345f,-0.8350779179968896f,1.3835876716679558f,-0.8033358476957857f,-0.4982698062828523f,-0.3261575017591072f,-0.3026360802872972f,0f,0f,0f,1f],start_interpolation:0}
execute if entity @s[tag=aj.tutankhamen.bone.cape_right] run data modify entity @s {} merge value {transformation:[-0.5955222898349952f,0.670139573066272f,0.44301936178934465f,-0.3286937918533992f,-0.0021721225971196856f,0.5501273968431345f,-0.8350779179968896f,1.5920177570113783f,-0.8033358476957857f,-0.4982698062828523f,-0.3261575017591072f,-0.34661793104998695f,0f,0f,0f,1f],start_interpolation:0}
execute if entity @s[tag=aj.tutankhamen.bone.weapon] run data modify entity @s {} merge value {transformation:[-1.0007323865554498f,-1.2700040374905808f,-0.2453815577172992f,-0.5001772511518987f,0.6636379200390936f,-0.23781056564748465f,-1.47567561461309f,1.5697103716064291f,1.1102734236197542f,-1.0025585036471227f,0.6608759680754195f,0.13182757083120764f,0f,0f,0f,1f],start_interpolation:0}
execute if entity @s[tag=aj.tutankhamen.bone.right_hand] run data modify entity @s {} merge value {transformation:[-0.8413826723273451f,0.5270275834170493f,0.11965418933276148f,-0.2931278865618298f,-0.2366122984280814f,-0.16017303817050804f,-0.9583106062628179f,1.4599323708720051f,-0.4858907479463628f,-0.8346175915716214f,0.2594680267379975f,-0.1282266144890857f,0f,0f,0f,1f],start_interpolation:0}
execute if entity @s[tag=aj.tutankhamen.bone.right_arm] run data modify entity @s {} merge value {transformation:[-0.7525821010607172f,0.6475361427273042f,0.11965418933276148f,-0.06574819244283732f,-0.25800429284064125f,-0.12277852743860018f,-0.9583106062628179f,1.455729791452089f,-0.6058497883459535f,-0.7520787040342605f,0.2594680267379975f,-0.34728273526384323f,0f,0f,0f,1f],start_interpolation:0}
execute if entity @s[tag=aj.tutankhamen.bone.body] run data modify entity @s {} merge value {transformation:[-0.7962506355856296f,0.23610886306325818f,0.5569897037759819f,-0.17708164729744363f,0.02490996203067547f,0.9327096510968933f,-0.35976686971195926f,0.23796776167733003f,-0.6044538188489761f,-0.2725900062982632f,-0.7485521153167638f,0.2044425047236974f,0f,0f,0f,1f],start_interpolation:0}
execute if entity @s[tag=aj.tutankhamen.bone.left_foot] run data modify entity @s {} merge value {transformation:[-0.7047065053114002f,0.24545968598379375f,0.6656863254780967f,-0.01540731458850235f,0.32893227864777136f,0.9443535122312962f,0f,0.45156620469106507f,-0.6286432195095863f,0.21896571990417232f,-0.7462316772098792f,-0.013744308834829251f,0f,0f,0f,1f],start_interpolation:0}
execute if entity @s[tag=aj.tutankhamen.bone.left_leg] run data modify entity @s {} merge value {transformation:[-0.7047065053114002f,0.24545968598379375f,0.6656863254780967f,0.06995921973842617f,0.32893227864777136f,0.9443535122312962f,0f,0.875f,-0.6286432195095863f,0.21896571990417232f,-0.7462316772098792f,0.062408093013571565f,0f,0f,0f,1f],start_interpolation:0}
execute if entity @s[tag=aj.tutankhamen.bone.right_foot] run data modify entity @s {} merge value {transformation:[-0.7400998511074506f,0.21734087974815008f,0.6364080077914085f,-0.34843193391379357f,0.1619119207763958f,0.9760862441126522f,-0.14505231457841133f,0.6014549006698291f,-0.6527148997083086f,-0.004311153483286978f,-0.7575913632390592f,0.13761400224655487f,0f,0f,0f,1f],start_interpolation:0}
execute if entity @s[tag=aj.tutankhamen.bone.right_leg] run data modify entity @s {} merge value {transformation:[-0.7400998511074506f,0.5836447858931648f,0.3340822867056125f,-0.06995921973842617f,0.1619119207763958f,0.6368110785244188f,-0.7538276859993037f,0.875f,-0.6527148997083086f,-0.5038158534308824f,-0.5658028327345879f,-0.062408093013571565f,0f,0f,0f,1f],start_interpolation:0}