execute if entity @s[tag=aj.tutankhamen.bone.head] run data modify entity @s {} merge value {transformation:[-0.9703859067232734f,0.17867560373115426f,0.1625614365837067f,0.14934610606586715f,0.17255650386913252f,0.9836716913920734f,-0.05112980076549896f,1.574506013990402f,-0.1690427312998491f,-0.021564604915580737f,-0.9853727836760676f,-0.21112870184563415f,0f,0f,0f,1f],start_interpolation:0}
execute if entity @s[tag=aj.tutankhamen.bone.back_cape] run data modify entity @s {} merge value {transformation:[-0.9296623662408275f,0.25889640368165906f,-0.2621078727474801f,0.10527134960288997f,0.30788382687615734f,0.9366858957461526f,-0.16681451333238456f,1.536756189013527f,0.20232506998293143f,-0.23577995010375963f,-0.9505116417937611f,-0.3562025763266881f,0f,0f,0f,1f],start_interpolation:0}
execute if entity @s[tag=aj.tutankhamen.bone.left_hand] run data modify entity @s {} merge value {transformation:[-0.9381945598483046f,-0.08959383453175454f,-0.33431110164776623f,0.4102692682237845f,-0.08877065713779855f,0.9958935106555523f,-0.017773178260589995f,1.0668075821524976f,0.33453062386330173f,0.01300231702643409f,-0.9422951774521479f,-0.34068051731786053f,0f,0f,0f,1f],start_interpolation:0}
execute if entity @s[tag=aj.tutankhamen.bone.cape_left_back] run data modify entity @s {} merge value {transformation:[-0.9388350951267586f,0.03364110738012107f,-0.34271991487593756f,0.3533916377586043f,-0.002089846161130615f,0.9946420137023286f,0.10335810138155568f,1.2078716269752874f,0.34436070725527546f,0.09775244484112067f,-0.9337345248121817f,-0.3711247075316263f,0f,0f,0f,1f],start_interpolation:0}
execute if entity @s[tag=aj.tutankhamen.bone.cape_left_side] run data modify entity @s {} merge value {transformation:[-0.9388350951267586f,0.03364110738012107f,-0.34271991487593756f,0.5429246107316525f,-0.002089846161130615f,0.9946420137023286f,0.10335810138155568f,1.1952784027652696f,0.34436070725527546f,0.09775244484112067f,-0.9337345248121817f,-0.30821425243874034f,0f,0f,0f,1f],start_interpolation:0}
execute if entity @s[tag=aj.tutankhamen.bone.left_arm] run data modify entity @s {} merge value {transformation:[-0.9381945598483046f,-0.04831177722332926f,-0.34271991487593756f,0.36893098640206057f,-0.08877065713779855f,0.9906749584551553f,0.10335810138155568f,1.3704340088304603f,0.33453062386330173f,0.12739348049017263f,-0.9337345248121817f,-0.26447743011588365f,0f,0f,0f,1f],start_interpolation:0}
execute if entity @s[tag=aj.tutankhamen.bone.cape_right_back] run data modify entity @s {} merge value {transformation:[-0.989674148805063f,-0.08169880677422782f,-0.11777259510871793f,-0.14567263983200587f,0.10434054093159828f,0.15272366105895135f,-0.9827454069446736f,1.4352862910949413f,0.0982757890076497f,-0.9848861803906166f,-0.14262216156862173f,0.008477189922838857f,0f,0f,0f,1f],start_interpolation:0}
execute if entity @s[tag=aj.tutankhamen.bone.cape_right] run data modify entity @s {} merge value {transformation:[-0.989674148805063f,-0.08169880677422782f,-0.11777259510871793f,-0.2708660768056175f,0.10434054093159828f,0.15272366105895135f,-0.9827454069446736f,1.697275852351672f,0.0982757890076497f,-0.9848861803906166f,-0.14262216156862173f,0.05948832234743956f,0f,0f,0f,1f],start_interpolation:0}
execute if entity @s[tag=aj.tutankhamen.bone.weapon] run data modify entity @s {} merge value {transformation:[1.3362186534249252f,-0.38111275742999884f,0.8624734488519026f,0.11359220459238537f,0.5095864999158115f,-0.9667426319630782f,-1.2166831782595522f,1.5623705698272423f,0.7933656048468101f,1.2628338858616026f,-0.6711253738139045f,0.4058637781757882f,0f,0f,0f,1f],start_interpolation:0}
execute if entity @s[tag=aj.tutankhamen.bone.right_hand] run data modify entity @s {} merge value {transformation:[-0.6530434151957059f,-0.7565647400804414f,-0.033824428103721715f,-0.1343056268593429f,0.029058041241993106f,0.019598432655891337f,-0.9993855770805437f,1.5060102878330024f,0.7567627951403982f,-0.6536250419808343f,0.00918566202540877f,0.16520008772776829f,0f,0f,0f,1f],start_interpolation:0}
execute if entity @s[tag=aj.tutankhamen.bone.right_arm] run data modify entity @s {} merge value {transformation:[-0.9871697721271108f,-0.15605046959866836f,-0.033824428103721715f,-0.14536172258765204f,0.034843227852545705f,-0.0037970773240037226f,-0.9993855770805437f,1.5291112832669005f,0.15582615464460492f,-0.9877417846491213f,0.00918566202540877f,-0.14952022902588846f,0f,0f,0f,1f],start_interpolation:0}
execute if entity @s[tag=aj.tutankhamen.bone.body] run data modify entity @s {} merge value {transformation:[-0.93447449190016f,0.2172306997321704f,-0.28207844136305416f,-0.1629230247991278f,0.2883180391500764f,0.9265542021678573f,-0.24159887985199865f,0.24258434837410703f,0.20887827146113913f,-0.30709629359364965f,-0.928472796678745f,0.23032222019523724f,0f,0f,0f,1f],start_interpolation:0}
execute if entity @s[tag=aj.tutankhamen.bone.left_foot] run data modify entity @s {} merge value {transformation:[-0.8695692820739083f,0.3122037982231266f,-0.3825938473741065f,-0.022797937150822026f,0.3379133857792085f,0.9411772116404178f,0f,0.45267517660171697f,0.36008861046234114f,-0.12928358234447807f,-0.9239166347411865f,0.00944062500743851f,0f,0f,0f,1f],start_interpolation:0}
execute if entity @s[tag=aj.tutankhamen.bone.left_leg] run data modify entity @s {} merge value {transformation:[-0.8695692820739083f,0.3122037982231266f,-0.3825938473741065f,0.08661718450698623f,0.3379133857792085f,0.9411772116404178f,0f,0.875f,0.36008861046234114f,-0.12928358234447807f,-0.9239166347411865f,-0.03586817319132249f,0f,0f,0f,1f],start_interpolation:0}
execute if entity @s[tag=aj.tutankhamen.bone.right_foot] run data modify entity @s {} merge value {transformation:[-0.9097865048979894f,0.3181887358904741f,-0.26654163625580674f,-0.026949881688151482f,0.16942644265984716f,0.8708947608030653f,0.4613426016892448f,0.6098671424019315f,0.37892373379498173f,0.3745640718998472f,-0.846237886181348f,0.3801459582664095f,0f,0f,0f,1f],start_interpolation:0}
execute if entity @s[tag=aj.tutankhamen.bone.right_leg] run data modify entity @s {} merge value {transformation:[-0.9097865048979894f,-0.20136715679290723f,-0.36295975489114685f,-0.08661718450698623f,0.16942644265984716f,0.6181198489855744f,-0.7676083199247388f,0.875f,0.37892373379498173f,-0.7598546706148429f,-0.528240175972709f,0.03586817319132249f,0f,0f,0f,1f],start_interpolation:0}