execute if entity @s[tag=aj.tutankhamen.bone.head] run data modify entity @s {} merge value {transformation:[0.30687242385850866f,-0.25015078111049877f,0.9182885723916044f,0.04951945350425801f,-0.1643174007254218f,0.9364281079619754f,0.3100035329437334f,1.6154017483906045f,-0.9374588563206628f,-0.2460223268903913f,0.24625983711801752f,-0.10321479183528592f,0f,0f,0f,1f],start_interpolation:0}
execute if entity @s[tag=aj.tutankhamen.bone.back_cape] run data modify entity @s {} merge value {transformation:[0.39277016280472943f,-0.9183697363881723f,-0.048255844171094325f,0.19277126718789733f,-0.16640037855349044f,-0.12257709609523405f,0.9784098167588645f,1.6144361740520874f,-0.9044570267445555f,-0.3762603922806364f,-0.20096169777651712f,-0.04082851095122707f,0f,0f,0f,1f],start_interpolation:0}
execute if entity @s[tag=aj.tutankhamen.bone.left_hand] run data modify entity @s {} merge value {transformation:[0.5731777830964697f,0.7547607515542434f,0.3190665085493779f,-0.12491746250132356f,-0.4525832209426312f,0.6161874111405871f,-0.6445785463952821f,1.2760815352590296f,-0.6831073539977519f,0.2250539541201958f,0.6947769862690152f,0.3306372992493011f,0f,0f,0f,1f],start_interpolation:0}
execute if entity @s[tag=aj.tutankhamen.bone.cape_left_back] run data modify entity @s {} merge value {transformation:[0.5959428276076026f,0.2351801669727362f,0.7678166677571745f,-0.01968194243863952f,-0.37314374697909586f,0.927757552477984f,0.00544682572344413f,1.386154345828282f,-0.7110667270470866f,-0.28975198512303074f,0.6406464678774147f,0.30113407913024415f,0f,0f,0f,1f],start_interpolation:0}
execute if entity @s[tag=aj.tutankhamen.bone.cape_left_side] run data modify entity @s {} merge value {transformation:[0.5959428276076026f,0.2351801669727362f,0.7678166677571745f,-0.20877509272197425f,-0.37314374697909586f,0.927757552477984f,0.00544682572344413f,1.4437772030783351f,-0.7110667270470866f,-0.28975198512303074f,0.6406464678774147f,0.3321574467466746f,0f,0f,0f,1f],start_interpolation:0}
execute if entity @s[tag=aj.tutankhamen.bone.left_arm] run data modify entity @s {} merge value {transformation:[0.5731777830964697f,0.2862250752098514f,0.7678166677571745f,-0.03373868469571477f,-0.4525832209426312f,0.8917055344735346f,0.00544682572344413f,1.5377085183542611f,-0.6831073539977519f,-0.3506229400800567f,0.6406464678774147f,0.17916940425278594f,0f,0f,0f,1f],start_interpolation:0}
execute if entity @s[tag=aj.tutankhamen.bone.cape_right_back] run data modify entity @s {} merge value {transformation:[0.316312291006109f,-0.9091623315195398f,0.27086969100366437f,0.2545681963838198f,0.8303091039080586f,0.40342980139068507f,0.3844882147963303f,1.4150290787195543f,-0.4588391074503818f,0.1032872223260291f,0.8824955655289779f,-0.3175055165729683f,0f,0f,0f,1f],start_interpolation:0}
execute if entity @s[tag=aj.tutankhamen.bone.cape_right] run data modify entity @s {} merge value {transformation:[0.316312291006109f,-0.9091623315195398f,0.27086969100366437f,0.2362745691026082f,0.8303091039080586f,0.40342980139068507f,0.3844882147963303f,1.4486428225061059f,-0.4588391074503818f,0.1032872223260291f,0.8824955655289779f,-0.609823018494335f,0f,0f,0f,1f],start_interpolation:0}
execute if entity @s[tag=aj.tutankhamen.bone.weapon] run data modify entity @s {} merge value {transformation:[0.5361282856794322f,0.5579105445020848f,1.4407949053348748f,0.3846352851765571f,-0.6780100195236771f,1.4553394431681401f,-0.3112510115576517f,1.000208116127561f,-1.3883286888669584f,-0.4952884039663613f,0.7083929151089238f,-0.7610901337779066f,0f,0f,0f,1f],start_interpolation:0}
execute if entity @s[tag=aj.tutankhamen.bone.right_hand] run data modify entity @s {} merge value {transformation:[0.6781265953363445f,-0.2850463548802733f,0.6774163389430512f,0.31415510259742135f,0.5982981479271761f,0.7494126751787756f,-0.28358414706802937f,1.2270069420426064f,-0.42682976335355105f,0.5976028931078399f,0.6787393721191453f,-0.5039060274412812f,0f,0f,0f,1f],start_interpolation:0}
execute if entity @s[tag=aj.tutankhamen.bone.right_arm] run data modify entity @s {} merge value {transformation:[0.6781265953363445f,-0.2850463548802733f,0.6774163389430512f,0.1824243382546821f,0.5982981479271761f,0.7494126751787756f,-0.28358414706802937f,1.446129238015455f,-0.42682976335355105f,0.5976028931078399f,0.6787393721191453f,-0.318603042701214f,0f,0f,0f,1f],start_interpolation:0}
execute if entity @s[tag=aj.tutankhamen.bone.body] run data modify entity @s {} merge value {transformation:[0.39277016280472943f,0.07202829600619347f,0.9168116075752916f,-0.0540212220046451f,-0.16640037855349044f,0.98603890674997f,-0.006179675766508998f,0.19797081993752252f,-0.9044570267445555f,-0.15013060630587044f,0.39927219765797667f,0.11259795472940283f,0f,0f,0f,1f],start_interpolation:0}
execute if entity @s[tag=aj.tutankhamen.bone.left_foot] run data modify entity @s {} merge value {transformation:[-0.48220099574335207f,-0.22598208758306776f,0.8464126037552362f,0.16386041216691674f,-0.42435746785512185f,0.9054947484527943f,0f,0.49210721842237504f,-0.7664221677246222f,-0.3591815092902326f,-0.5325276558116785f,0.2604437846579246f,0f,0f,0f,1f],start_interpolation:0}
execute if entity @s[tag=aj.tutankhamen.bone.left_leg] run data modify entity @s {} merge value {transformation:[-0.48220099574335207f,-0.22598208758306776f,0.8464126037552362f,0.04992446773234486f,-0.42435746785512185f,0.9054947484527943f,0f,0.875f,-0.7664221677246222f,-0.3591815092902326f,-0.5325276558116785f,0.0793511816020534f,0f,0f,0f,1f],start_interpolation:0}
execute if entity @s[tag=aj.tutankhamen.bone.right_foot] run data modify entity @s {} merge value {transformation:[-0.33865602134020156f,-0.37490245129229655f,0.8629949311699647f,-0.09530337917482609f,0.46661228699848467f,0.7295451121381341f,0.5000369016156717f,0.5048183839465692f,-0.8170587939873536f,0.5720245461257623f,-0.07213075486605519f,-0.31019558381351237f,0f,0f,0f,1f],start_interpolation:0}
execute if entity @s[tag=aj.tutankhamen.bone.right_leg] run data modify entity @s {} merge value {transformation:[-0.33865602134020156f,0.07953351034422845f,0.9375428096584973f,-0.04992446773234486f,0.46661228699848467f,0.8794588571934477f,0.09394196147642807f,0.875f,-0.8170587939873536f,0.4692830054842381f,-0.3349453506642716f,-0.0793511816020534f,0f,0f,0f,1f],start_interpolation:0}