execute if entity @s[tag=aj.tutankhamen.bone.head] run data modify entity @s {} merge value {transformation:[-0.9304915399388068f,0.1861692781930887f,0.31547819886542494f,0.18601051779336092f,0.16146702913666577f,0.9814930502211577f,-0.10295528577662783f,1.5608513214729771f,-0.3288067709219009f,-0.04485969487894789f,-0.943331180005877f,-0.22246228284394345f,0f,0f,0f,1f],start_interpolation:0}
execute if entity @s[tag=aj.tutankhamen.bone.back_cape] run data modify entity @s {} merge value {transformation:[-0.950300830285556f,0.30024150118049103f,-0.08236123437314861f,0.17481724459593895f,0.30972811798175637f,0.884892930049801f,-0.34789796676519563f,1.5114412993263222f,-0.0315725337922491f,-0.3561173167886717f,-0.9339077212407949f,-0.3702710202263964f,0f,0f,0f,1f],start_interpolation:0}
execute if entity @s[tag=aj.tutankhamen.bone.left_hand] run data modify entity @s {} merge value {transformation:[-0.9934233772820986f,-0.11028747524754583f,-0.03076794229310405f,0.47994852340833866f,-0.09383268612425792f,0.9381676352848028f,-0.3332220207591745f,1.0503930828731722f,0.06561570303011527f,-0.3281435065754665f,-0.9423462307497287f,-0.21882992385457448f,0f,0f,0f,1f],start_interpolation:0}
execute if entity @s[tag=aj.tutankhamen.bone.cape_left_back] run data modify entity @s {} merge value {transformation:[-0.9981930822015034f,-0.011144175338039006f,-0.05904555869071377f,0.43220592557254567f,-0.006926357254030513f,0.9974407079795008f,-0.07116220654632557f,1.1807224715509974f,0.05968748797070462f,-0.07062465165498093f,-0.995715603151f,-0.28808216645815876f,0f,0f,0f,1f],start_interpolation:0}
execute if entity @s[tag=aj.tutankhamen.bone.cape_left_side] run data modify entity @s {} merge value {transformation:[-0.9981930822015034f,-0.011144175338039006f,-0.05904555869071377f,0.5955542895028698f,-0.006926357254030513f,0.9974407079795008f,-0.07116220654632557f,1.1906999906902305f,0.05968748797070462f,-0.07062465165498093f,-0.995715603151f,-0.17294388605970634f,0f,0f,0f,1f],start_interpolation:0}
execute if entity @s[tag=aj.tutankhamen.bone.left_arm] run data modify entity @s {} merge value {transformation:[-0.9934233772820986f,-0.09810002787120548f,-0.05904555869071377f,0.4137270084233032f,-0.09383268612425792f,0.993041473139045f,-0.07116220654632557f,1.3590384921471117f,0.06561570303011527f,-0.06515379618643974f,-0.995715603151f,-0.211247489712318f,0f,0f,0f,1f],start_interpolation:0}
execute if entity @s[tag=aj.tutankhamen.bone.cape_right_back] run data modify entity @s {} merge value {transformation:[-0.9828738452449434f,0.1682062746711349f,-0.07527053536862024f,-0.1503101928782862f,0.10242536818639843f,0.15909248935623466f,-0.9819361607468774f,1.4326629492881426f,-0.15319284671713865f,-0.9728289823970578f,-0.17359643637760613f,-0.08165395021945474f,0f,0f,0f,1f],start_interpolation:0}
execute if entity @s[tag=aj.tutankhamen.bone.cape_right] run data modify entity @s {} merge value {transformation:[-0.9828738452449434f,0.1682062746711349f,-0.07527053536862024f,-0.28506659735565354f,0.10242536818639843f,0.15909248935623466f,-0.9819361607468774f,1.6941509532539867f,-0.15319284671713865f,-0.9728289823970578f,-0.17359643637760613f,-0.06219122342460612f,0f,0f,0f,1f],start_interpolation:0}
execute if entity @s[tag=aj.tutankhamen.bone.weapon] run data modify entity @s {} merge value {transformation:[1.0193005200850238f,0.29841355543258496f,-1.243609051631418f,-0.002873580296535505f,0.677861231115562f,1.222457602724493f,0.8489341756006125f,1.6203523879579909f,1.0844898684247846f,-1.0445738045185127f,0.6382279888948974f,0.38325489978072363f,0f,0f,0f,1f],start_interpolation:0}
execute if entity @s[tag=aj.tutankhamen.bone.right_hand] run data modify entity @s {} merge value {transformation:[-0.8497660498971193f,-0.5271593120858785f,0.0008486008427495157f,-0.16544292393188492f,0.06017894127236996f,-0.0986057529992512f,-0.9933052906849875f,1.5230586653563534f,0.5237138106538565f,-0.844026045307012f,0.11551571050650358f,0.08888443900504167f,0f,0f,0f,1f],start_interpolation:0}
execute if entity @s[tag=aj.tutankhamen.bone.right_arm] run data modify entity @s {} merge value {transformation:[-0.999059873408732f,0.043343387282707396f,0.0008486008427495157f,-0.11463243064456903f,-0.005848973645255343f,-0.11537065920115824f,-0.9933052906849875f,1.512655973011242f,-0.042955312265495066f,-0.9923764214119316f,0.11551571050650358f,-0.22258762841703894f,0f,0f,0f,1f],start_interpolation:0}
execute if entity @s[tag=aj.tutankhamen.bone.body] run data modify entity @s {} merge value {transformation:[-0.960033867354475f,0.27056075315397954f,-0.07163694846350066f,-0.20292056486548465f,0.27912434858251545f,0.9066928312334215f,-0.31622414173859137f,0.25748037657493383f,-0.02060513433097f,-0.3235815023184632f,-0.9459759192476991f,0.24268612673884743f,0f,0f,0f,1f],start_interpolation:0}
execute if entity @s[tag=aj.tutankhamen.bone.left_foot] run data modify entity @s {} merge value {transformation:[-0.9155120423714697f,0.35726633505078004f,-0.18492827288493188f,-0.03556126833439409f,0.3635366069786224f,0.9315799135804027f,0f,0.4560732688404919f,0.17227546447271797f,-0.06722819685900491f,-0.98275202054628f,0.006691702278079845f,0f,0f,0f,1f],start_interpolation:0}
execute if entity @s[tag=aj.tutankhamen.bone.left_leg] run data modify entity @s {} merge value {transformation:[-0.9155120423714697f,0.35726633505078004f,-0.18492827288493188f,0.09213300192621375f,0.3635366069786224f,0.9315799135804027f,0f,0.875f,0.17227546447271797f,-0.06722819685900491f,-0.98275202054628f,-0.017337025582962365f,0f,0f,0f,1f],start_interpolation:0}
execute if entity @s[tag=aj.tutankhamen.bone.right_foot] run data modify entity @s {} merge value {transformation:[-0.9688322127767125f,0.21267468028459466f,-0.12701820283732557f,-0.09638678302820558f,0.16050168245595836f,0.9294942411730202f,0.33208382308537404f,0.6224589549781407f,0.18868850896380848f,0.30134686988923043f,-0.9346586064403289f,0.37592835066710817f,0f,0f,0f,1f],start_interpolation:0}
execute if entity @s[tag=aj.tutankhamen.bone.right_leg] run data modify entity @s {} merge value {transformation:[-0.9688322127767125f,-0.05947937267949814f,-0.24047109537703676f,-0.09213300192621375f,0.16050168245595836f,0.5887010802253896f,-0.7922564282290588f,0.875f,0.18868850896380848f,-0.8061595638377755f,-0.5608060308323208f,0.017337025582962365f,0f,0f,0f,1f],start_interpolation:0}