execute if entity @s[tag=aj.tutankhamen.bone.head] run data modify entity @s {} merge value {transformation:[-0.9912158122073949f,0.10906175569937798f,0.07481141005089709f,0.08594331679033618f,0.11148414578822727f,0.9933431528850543f,0.028994238293997707f,1.5973813075421144f,-0.07115123939822526f,0.03707983360465672f,-0.9967760967599228f,-0.17270395552964485f,0f,0f,0f,1f],start_interpolation:0}
execute if entity @s[tag=aj.tutankhamen.bone.back_cape] run data modify entity @s {} merge value {transformation:[-0.917203475267825f,0.19330770525253038f,-0.34838185378493053f,0.027564854352363416f,0.22131634795290986f,0.9742945658887098f,-0.042061538351769484f,1.5678481805753828f,0.331295727538721f,-0.11568158872409937f,-0.9364085171253288f,-0.31459762006384845f,0f,0f,0f,1f],start_interpolation:0}
execute if entity @s[tag=aj.tutankhamen.bone.left_hand] run data modify entity @s {} merge value {transformation:[-0.8728256083805932f,-0.09298693101327563f,-0.4790917323600768f,0.35031620310957234f,-0.17826764998585046f,0.9745917482275065f,0.1356155199649901f,1.123150382821797f,0.45430837800283785f,0.20377525597477392f,-0.8672251972405122f,-0.38451212643349014f,0f,0f,0f,1f],start_interpolation:0}
execute if entity @s[tag=aj.tutankhamen.bone.cape_left_back] run data modify entity @s {} merge value {transformation:[-0.8752683868486977f,0.010187303402098308f,-0.4835302160492887f,0.2841710641186669f,-0.09343896214010494f,0.9773796725399536f,0.18973174763300113f,1.2633818236702066f,0.4745254591035746f,0.2112467622357474f,-0.8545176382658551f,-0.38908835766938427f,0f,0f,0f,1f],start_interpolation:0}
execute if entity @s[tag=aj.tutankhamen.bone.cape_left_side] run data modify entity @s {} merge value {transformation:[-0.8752683868486977f,0.010187303402098308f,-0.4835302160492887f,0.48137302656993697f,-0.09343896214010494f,0.9773796725399536f,0.18973174763300113f,1.254265193050473f,0.4745254591035746f,0.2112467622357474f,-0.8545176382658551f,-0.3564182558710859f,0f,0f,0f,1f],start_interpolation:0}
execute if entity @s[tag=aj.tutankhamen.bone.left_arm] run data modify entity @s {} merge value {transformation:[-0.8728256083805932f,-0.06613612872232053f,-0.4835302160492887f,0.30945281588423446f,-0.17826764998585046f,0.9655167056600571f,0.18973174763300113f,1.4133631147405095f,0.45430837800283785f,0.25180052336914466f,-0.8545176382658551f,-0.26698968246187216f,0f,0f,0f,1f],start_interpolation:0}
execute if entity @s[tag=aj.tutankhamen.bone.cape_right_back] run data modify entity @s {} merge value {transformation:[-0.9743588088456785f,-0.21758785535095196f,-0.05727509780526754f,-0.16850812683026764f,0.01663563384279862f,0.18419223917485625f,-0.982749446560211f,1.4210348214602622f,0.22438397293808246f,-0.958503387699556f,-0.175849618870773f,0.07391320681471718f,0f,0f,0f,1f],start_interpolation:0}
execute if entity @s[tag=aj.tutankhamen.bone.cape_right] run data modify entity @s {} merge value {transformation:[-0.9743588088456785f,-0.21758785535095196f,-0.05727509780526754f,-0.30643291626108804f,0.01663563384279862f,0.18419223917485625f,-0.982749446560211f,1.6693215008882523f,0.22438397293808246f,-0.958503387699556f,-0.175849618870773f,0.1529356073039858f,0f,0f,0f,1f],start_interpolation:0}
execute if entity @s[tag=aj.tutankhamen.bone.weapon] run data modify entity @s {} merge value {transformation:[1.4070952692519174f,0.7772405093477808f,0.30094479142989744f,0.12477818664445417f,0.5144819434092732f,-1.274551664298787f,0.8862358932869507f,1.5266290703569687f,0.6557277687926601f,-0.667834499912294f,-1.3411211159221248f,0.43604583650110024f,0f,0f,0f,1f],start_interpolation:0}
execute if entity @s[tag=aj.tutankhamen.bone.right_hand] run data modify entity @s {} merge value {transformation:[-0.5446973168936085f,-0.8385274901108426f,0.013284626352067536f,-0.1507200951270961f,-0.07516692590246257f,0.033038215580323174f,-0.9966235044196188f,1.477341264440595f,0.8352573053971315f,-0.5438567133351194f,-0.08102536109789427f,0.22575975266797232f,0f,0f,0f,1f],start_interpolation:0}
execute if entity @s[tag=aj.tutankhamen.bone.right_arm] run data modify entity @s {} merge value {transformation:[-0.9654219065353193f,-0.2603537230085148f,0.013284626352067536f,-0.1963888107125543f,-0.033883199006176104f,0.07478983395800579f,-0.9966235044196188f,1.5274949922986636f,0.25848108481437554f,-0.9626122893731094f,-0.08102536109789427f,-0.08262919495989862f,0f,0f,0f,1f],start_interpolation:0}
execute if entity @s[tag=aj.tutankhamen.bone.body] run data modify entity @s {} merge value {transformation:[-0.919118798951202f,0.12500846078594352f,-0.37362215960302564f,-0.09375634558945764f,0.2073786511581691f,0.9598273564248935f,-0.18901201258708125f,0.21762948268132987f,0.33498466898996737f,-0.2512057534976652f,-0.9081194530189031f,0.1884043151232489f,0f,0f,0f,1f],start_interpolation:0}
execute if entity @s[tag=aj.tutankhamen.bone.left_foot] run data modify entity @s {} merge value {transformation:[-0.8544295392969177f,0.28909418533451364f,-0.4317113785651599f,-0.015214176820301809f,0.3204993389669824f,0.9472487390974598f,0f,0.45056307230214315f,0.40893805899987384f,-0.13836321145465844f,-0.9020117990455385f,0.007281648927183262f,0f,0f,0f,1f],start_interpolation:0}
execute if entity @s[tag=aj.tutankhamen.bone.left_leg] run data modify entity @s {} merge value {transformation:[-0.8544295392969177f,0.28909418533451364f,-0.4317113785651599f,0.08456360616051924f,0.3204993389669824f,0.9472487390974598f,0f,0.875f,0.40893805899987384f,-0.13836321145465844f,-0.9020117990455385f,-0.04047294174048374f,0f,0f,0f,1f],start_interpolation:0}
execute if entity @s[tag=aj.tutankhamen.bone.right_foot] run data modify entity @s {} merge value {transformation:[-0.8882522117148522f,0.3548096794274977f,-0.29175006387013774f,-0.012731024737331231f,0.1724758585379439f,0.8462671451096754f,0.5040674531543557f,0.6004982220171949f,0.4257465051004792f,0.39741918737332727f,-0.8128947674221132f,0.3749451627549647f,0f,0f,0f,1f],start_interpolation:0}
execute if entity @s[tag=aj.tutankhamen.bone.right_leg] run data modify entity @s {} merge value {transformation:[-0.8882522117148522f,-0.22763534408977631f,-0.3989864139351142f,-0.08456360616051924f,0.1724758585379439f,0.6397523395705504f,-0.7489786527235647f,0.875f,0.4257465051004792f,-0.7340974690973509f,-0.5289998291678282f,0.04047294174048374f,0f,0f,0f,1f],start_interpolation:0}