execute if entity @s[tag=aj.tutankhamen.bone.head] run data modify entity @s {} merge value {transformation:[-0.9099146226847569f,0.14568740260000151f,0.3883691029782392f,0.17706771997107354f,0.116348886323419f,0.9883459455048852f,-0.09815920056395411f,1.563010266338774f,-0.39814358725936716f,-0.04413017933024427f,-0.9162609951299485f,-0.22369662324014145f,0f,0f,0f,1f],start_interpolation:0}
execute if entity @s[tag=aj.tutankhamen.bone.back_cape] run data modify entity @s {} merge value {transformation:[-0.9453618885025603f,0.29907380563931035f,0.12979121136384103f,0.19734759674667368f,0.2345831604060017f,0.900457777210243f,-0.3662601975584033f,1.5057821104702733f,-0.2264103368241065f,-0.3158015994924797f,-0.9214161433018127f,-0.36766789563104973f,0f,0f,0f,1f],start_interpolation:0}
execute if entity @s[tag=aj.tutankhamen.bone.left_hand] run data modify entity @s {} merge value {transformation:[-0.9597617059583967f,0.01767668835056775f,0.2802588133579129f,0.4928007512060887f,-0.18740375338885873f,0.7029448015396613f,-0.6861110982954103f,1.0865836584983577f,-0.20913464799405285f,-0.7110247117205727f,-0.6713468241759104f,-0.08085791916944417f,0f,0f,0f,1f],start_interpolation:0}
execute if entity @s[tag=aj.tutankhamen.bone.cape_left_back] run data modify entity @s {} merge value {transformation:[-0.9665196830685511f,-0.03533993078030233f,0.25414718478376186f,0.4627060639538701f,-0.10420236442339756f,0.9591784521151635f,-0.26290409705162926f,1.1956018339217809f,-0.23448149071865274f,-0.28058472212578245f,-0.9307473578903979f,-0.18701970859205347f,0f,0f,0f,1f],start_interpolation:0}
execute if entity @s[tag=aj.tutankhamen.bone.cape_left_side] run data modify entity @s {} merge value {transformation:[-0.9665196830685511f,-0.03533993078030233f,0.25414718478376186f,0.581956366335361f,-0.10420236442339756f,0.9591784521151635f,-0.26290409705162926f,1.2447464654943905f,-0.23448149071865274f,-0.28058472212578245f,-0.9307473578903979f,-0.03403855593096425f,0f,0f,0f,1f],start_interpolation:0}
execute if entity @s[tag=aj.tutankhamen.bone.left_arm] run data modify entity @s {} merge value {transformation:[-0.9597617059583967f,-0.11944319253233722f,0.25414718478376186f,0.4131469262866938f,-0.18740375338885873f,0.9464466540535897f,-0.26290409705162926f,1.3820851920791344f,-0.20913464799405285f,-0.2999534210314124f,-0.9307473578903979f,-0.1585681684769323f,0f,0f,0f,1f],start_interpolation:0}
execute if entity @s[tag=aj.tutankhamen.bone.cape_right_back] run data modify entity @s {} merge value {transformation:[-0.9162472192826198f,0.3937720805745872f,0.07371961554992232f,-0.16487172956945076f,0.04701482281282293f,0.2884371672320616f,-0.9563438748666836f,1.4171476697875258f,-0.39784499442967297f,-0.8727815013616554f,-0.2827928770109834f,-0.17366032204775295f,0f,0f,0f,1f],start_interpolation:0}
execute if entity @s[tag=aj.tutankhamen.bone.cape_right] run data modify entity @s {} merge value {transformation:[-0.9162472192826198f,0.3937720805745872f,0.07371961554992232f,-0.3264652614698407f,0.04701482281282293f,0.2884371672320616f,-0.9563438748666836f,1.6635797045687002f,-0.39784499442967297f,-0.8727815013616554f,-0.2827928770109834f,-0.1651253831746435f,0f,0f,0f,1f],start_interpolation:0}
execute if entity @s[tag=aj.tutankhamen.bone.weapon] run data modify entity @s {} merge value {transformation:[0.43469321121271615f,-1.5501885963750075f,0.2873061109784736f,-0.1951684032395928f,0.8862856863445224f,-0.006204806725302502f,-1.3744260097093013f,1.658136009058275f,1.3038892467987877f,0.5210225423659707f,0.8384485768609214f,0.3415903894781044f,0f,0f,0f,1f],start_interpolation:0}
execute if entity @s[tag=aj.tutankhamen.bone.right_hand] run data modify entity @s {} merge value {transformation:[-0.9862247110306698f,-0.14659502464378774f,0.07662061147080247f,-0.2191979891901738f,-0.042074674933554976f,-0.22565332669222124f,-0.9732986683860045f,1.5206568947478702f,0.15997043814939083f,-0.9631149852963673f,0.21637694890138132f,0.020543819254296547f,0f,0f,0f,1f],start_interpolation:0}
execute if entity @s[tag=aj.tutankhamen.bone.right_arm] run data modify entity @s {} merge value {transformation:[-0.9707491743833069f,0.22754191335217555f,0.07662061147080247f,-0.11382213018764353f,-0.12234645292039793f,-0.19421907109196948f,-0.9732986683860045f,1.4894498063014394f,-0.20658505728131818f,-0.9542031387981306f,0.21637694890138132f,-0.27547445212517097f,0f,0f,0f,1f],start_interpolation:0}
execute if entity @s[tag=aj.tutankhamen.bone.body] run data modify entity @s {} merge value {transformation:[-0.9575075296387556f,0.2575530472306524f,0.12979121136384103f,-0.19316478542298932f,0.19508247262640463f,0.9098331146745801f,-0.3662601975584033f,0.25512516399406493f,-0.21241977205301782f,-0.32537690653111484f,-0.9214161433018127f,0.24403267989833613f,0f,0f,0f,1f],start_interpolation:0}
execute if entity @s[tag=aj.tutankhamen.bone.left_foot] run data modify entity @s {} merge value {transformation:[-0.8954242092308697f,0.3580417134602045f,0.2646159801405658f,-0.038253067959446746f,0.3712762765598457f,0.9285224426279943f,0f,0.4571690477077573f,-0.245701876238519f,0.09824563582482335f,-0.9643538681698993f,-0.01049653390272845f,0f,0f,0f,1f],start_interpolation:0}
execute if entity @s[tag=aj.tutankhamen.bone.left_leg] run data modify entity @s {} merge value {transformation:[-0.8954242092308697f,0.3580417134602045f,0.2646159801405658f,0.09040817514092805f,0.3712762765598457f,0.9285224426279943f,0f,0.875f,-0.245701876238519f,0.09824563582482335f,-0.9643538681698993f,0.024807748138178043f,0f,0f,0f,1f],start_interpolation:0}
execute if entity @s[tag=aj.tutankhamen.bone.right_foot] run data modify entity @s {} merge value {transformation:[-0.9561968807103851f,0.12538832019084523f,0.264509535706083f,-0.24754062902918353f,0.15061942456259286f,0.9855660238883744f,0.07728778364847666f,0.6235554008651774f,-0.2510006260234482f,0.11374261170106126f,-0.9612810744102159f,0.2984070689741933f,0f,0f,0f,1f],start_interpolation:0}
execute if entity @s[tag=aj.tutankhamen.bone.right_leg] run data modify entity @s {} merge value {transformation:[-0.9561968807103851f,0.2908601174081279f,0.032983593210254694f,-0.09040817514092805f,0.15061942456259286f,0.5854890426340655f,-0.7965653582097824f,0.875f,-0.2510006260234482f,-0.7567053409728093f,-0.6036519797690236f,-0.024807748138178043f,0f,0f,0f,1f],start_interpolation:0}