execute if entity @s[tag=aj.tutankhamen.bone.head] run data modify entity @s {} merge value {transformation:[-0.9867701650538253f,-0.1110641748350119f,0.11810753755736686f,-0.051103883128479466f,-0.056326280611640904f,0.9179702376195341f,0.3926295874704231f,1.618955173377544f,-0.15202628546440755f,0.38078260453039847f,-0.9120814747679843f,0.075256161250571f,0f,0f,0f,1f],start_interpolation:0}
execute if entity @s[tag=aj.tutankhamen.bone.back_cape] run data modify entity @s {} merge value {transformation:[-0.9424181447617359f,0.027159040189125364f,-0.3333323071048677f,-0.10205256319281784f,-0.10571380186767117f,0.9214026521439336f,0.3739542013626912f,1.6313888201689215f,0.317289508995383f,0.3876590501434617f,-0.8654754926185595f,-0.07192977193317102f,0f,0f,0f,1f],start_interpolation:0}
execute if entity @s[tag=aj.tutankhamen.bone.left_hand] run data modify entity @s {} merge value {transformation:[-0.7876719085877817f,-0.1472258948346389f,-0.5982453512663694f,0.28208349687274803f,-0.5070255413150779f,0.7065355461621065f,0.4936928422243593f,1.323620950042666f,0.3499972355259882f,0.6921936563560475f,-0.6311654911547465f,-0.28949658950007107f,0f,0f,0f,1f],start_interpolation:0}
execute if entity @s[tag=aj.tutankhamen.bone.cape_left_back] run data modify entity @s {} merge value {transformation:[-0.8020016789105318f,-0.12939952604410088f,-0.5831372648735895f,0.1939328723379715f,-0.44000169923360954f,0.7882232337357147f,0.4302355616063706f,1.4384979912338614f,0.40397006287127896f,0.6016310301661436f,-0.6890923681517596f,-0.23387545045962327f,0f,0f,0f,1f],start_interpolation:0}
execute if entity @s[tag=aj.tutankhamen.bone.cape_left_side] run data modify entity @s {} merge value {transformation:[-0.8020016789105318f,-0.12939952604410088f,-0.5831372648735895f,0.3921377927769408f,-0.44000169923360954f,0.7882232337357147f,0.4302355616063706f,1.4534688115383165f,0.40397006287127896f,0.6016310301661436f,-0.6890923681517596f,-0.21085922676429064f,0f,0f,0f,1f],start_interpolation:0}
execute if entity @s[tag=aj.tutankhamen.bone.left_arm] run data modify entity @s {} merge value {transformation:[-0.7876719085877817f,-0.19880617379103427f,-0.5831372648735895f,0.2054891835002895f,-0.5070255413150779f,0.7468751314533126f,0.4302355616063706f,1.527080324095615f,0.3499972355259882f,0.6345499533363517f,-0.6890923681517596f,-0.06049360853847686f,0f,0f,0f,1f],start_interpolation:0}
execute if entity @s[tag=aj.tutankhamen.bone.cape_right_back] run data modify entity @s {} merge value {transformation:[-0.9726519429509132f,-0.11420392123639544f,0.2022514826844174f,-0.2798494341842437f,-0.23221409301848556f,0.49680921438059317f,-0.8362160124693498f,1.3006645903839202f,-0.0049812525950930775f,-0.8603127738681839f,-0.5097422076322647f,0.2304964556028968f,0f,0f,0f,1f],start_interpolation:0}
execute if entity @s[tag=aj.tutankhamen.bone.cape_right] run data modify entity @s {} merge value {transformation:[-0.9726519429509132f,-0.11420392123639544f,0.2022514826844174f,-0.4823891709414282f,-0.23221409301848556f,0.49680921438059317f,-0.8362160124693498f,1.4734351414671194f,-0.0049812525950930775f,-0.8603127738681839f,-0.5097422076322647f,0.3571536867929797f,0f,0f,0f,1f],start_interpolation:0}
execute if entity @s[tag=aj.tutankhamen.bone.weapon] run data modify entity @s {} merge value {transformation:[0.31323770595627526f,-1.5371510509491808f,0.4622082428345388f,-0.18073093933546985f,-0.2375702896217226f,-0.5101378173076372f,-1.5355479277615407f,0.6487161650790427f,1.5874602894773189f,0.22696635770426843f,-0.32100432304590115f,0.603658756547679f,0f,0f,0f,1f],start_interpolation:0}
execute if entity @s[tag=aj.tutankhamen.bone.right_hand] run data modify entity @s {} merge value {transformation:[-0.9726519429509132f,-0.11420392123639544f,0.2022514826844174f,-0.30861003491468636f,-0.23221409301848556f,0.49680921438059317f,-0.8362160124693498f,1.2835702489588527f,-0.0049812525950930775f,-0.8603127738681839f,-0.5097422076322647f,0.3697387761698397f,0f,0f,0f,1f],start_interpolation:0}
execute if entity @s[tag=aj.tutankhamen.bone.right_arm] run data modify entity @s {} merge value {transformation:[-0.9726519429509132f,-0.11420392123639544f,0.2022514826844174f,-0.31317535456005563f,-0.23221409301848556f,0.49680921438059317f,-0.8362160124693498f,1.4689002046687327f,-0.0049812525950930775f,-0.8603127738681839f,-0.5097422076322647f,0.11412825918467717f,0f,0f,0f,1f],start_interpolation:0}
execute if entity @s[tag=aj.tutankhamen.bone.body] run data modify entity @s {} merge value {transformation:[-0.9424181447617359f,-0.07433292091415195f,-0.3260715524117656f,0.05574969068561396f,-0.10571380186767117f,0.9912075249127915f,0.07957533946481521f,0.1940943563154064f,0.317289508995383f,0.1094635072735578f,-0.9419899723759488f,-0.08209763045516835f,0f,0f,0f,1f],start_interpolation:0}
execute if entity @s[tag=aj.tutankhamen.bone.left_foot] run data modify entity @s {} merge value {transformation:[-0.9737764994010222f,-0.17170307002424057f,-0.14925610526387822f,0.19825047482195668f,-0.17364817766693033f,0.984807753012208f,0f,0.44957311360925056f,0.1469885696482735f,0.02591805068473598f,-0.9887985715207411f,-0.029925299844569122f,0f,0f,0f,1f],start_interpolation:0}
execute if entity @s[tag=aj.tutankhamen.bone.left_leg] run data modify entity @s {} merge value {transformation:[-0.9737764994010222f,-0.17170307002424057f,-0.14925610526387822f,0.09269986608006948f,-0.17364817766693033f,0.984807753012208f,0f,0.875f,0.1469885696482735f,0.02591805068473598f,-0.9887985715207411f,-0.013992759868488584f,0f,0f,0f,1f],start_interpolation:0}
execute if entity @s[tag=aj.tutankhamen.bone.right_foot] run data modify entity @s {} merge value {transformation:[-0.9737764994010222f,0.17170307002424057f,-0.14925610526387822f,-0.19825047482195668f,0.17364817766693033f,0.984807753012208f,0f,0.44957311360925056f,0.1469885696482735f,-0.02591805068473598f,-0.9887985715207411f,0.029925299844569122f,0f,0f,0f,1f],start_interpolation:0}
execute if entity @s[tag=aj.tutankhamen.bone.right_leg] run data modify entity @s {} merge value {transformation:[-0.9737764994010222f,0.17170307002424057f,-0.14925610526387822f,-0.09269986608006948f,0.17364817766693033f,0.984807753012208f,0f,0.875f,0.1469885696482735f,-0.02591805068473598f,-0.9887985715207411f,0.013992759868488584f,0f,0f,0f,1f],start_interpolation:0}