# This file was generated by Animated Java via MC-Build. It is not recommended to edit this file directly.
$data merge entity $(bone_head_lower) { transformation: [-1f,-9.492966848309423e-17f,7.736895933323906e-17f,-0.03327062500000006f,0f,0.6317654966893829f,0.7751595688584494f,2.086992880383454f,-1.2246467991473532e-16f,0.7751595688584494f,-0.6317654966893829f,0.5441619007933861f,0f,0f,0f,1f], start_interpolation: 0, interpolation_duration: 1 }
$data merge entity $(bone_horne_right) { transformation: [-0.8433914458128857f,-6.753771042849828e-17f,-0.5372996083468238f,-0.22377500000000008f,-0.2963138872950016f,0.8341833162800766f,0.46511963518658156f,2.4649555953224818f,0.4482063691267398f,0.5514872571873022f,-0.7035430731904416f,0.6228261100866329f,0f,0f,0f,1f], start_interpolation: 0, interpolation_duration: 1 }
$data merge entity $(bone_horne_left) { transformation: [-0.8433914458128857f,-6.753771042849828e-17f,0.537299608346824f,0.22377499999999992f,0.2963138872950016f,0.8341833162800766f,0.46511963518658156f,2.4649555953224818f,-0.44820636912674f,0.5514872571873022f,-0.7035430731904414f,0.6228261100866329f,0f,0f,0f,1f], start_interpolation: 0, interpolation_duration: 1 }
$data merge entity $(bone_head_upper) { transformation: [-1f,-6.753771042849828e-17f,1.02157992818452e-16f,-6.425253124692221e-17f,0f,0.8341833162800766f,0.5514872571873022f,2.0843923802294566f,-1.2246467991473532e-16f,0.5514872571873022f,-0.8341833162800766f,0.5245704124738617f,0f,0f,0f,1f], start_interpolation: 0, interpolation_duration: 1 }
$data merge entity $(bone_neck_0) { transformation: [-1f,-3.573768287068132e-17f,1.1713417882775797e-16f,-0.0000912500000000339f,0f,0.9564731554380524f,0.2918203264448434f,2.2045873120942554f,-1.2246467991473532e-16f,0.2918203264448434f,-0.9564731554380524f,0.2767913196694658f,0f,0f,0f,1f], start_interpolation: 0, interpolation_duration: 1 }
$data merge entity $(bone_neck_1) { transformation: [-1f,7.946653850803245e-17f,9.318083002511821e-17f,-0.0000912500000000012f,0f,0.7608792191348096f,-0.6488935304722975f,1.9653499121036648f,-1.2246467991473532e-16f,-0.6488935304722975f,-0.7608792191348096f,0.009768290534673211f,0f,0f,0f,1f], start_interpolation: 0, interpolation_duration: 1 }
$data merge entity $(bone_neck_2) { transformation: [-1f,1.2222697006653509e-16f,-7.626638510701055e-18f,-0.00009125000000000046f,0f,-0.06227622948927827f,-0.9980589517862153f,1.6868554955253647f,-1.2246467991473532e-16f,-0.9980589517862153f,0.06227622948927827f,0.003735162139891779f,0f,0f,0f,1f], start_interpolation: 0, interpolation_duration: 1 }
$data merge entity $(bone_arm_right_3) { transformation: [0.8861989565097318f,-0.4150202025571925f,0.20593601178630422f,-0.9175160316231079f,-0.4580493969073341f,-0.7180759588711362f,0.5239825066585f,0.5973926481565619f,-0.06958562692028834f,-0.5586816166303347f,-0.8264579189320082f,0.08743416827015688f,0f,0f,0f,1f], start_interpolation: 0, interpolation_duration: 1 }
$data merge entity $(bone_arm_right_4) { transformation: [0.9201477503883951f,-0.37737374072779745f,-0.10448529688087263f,-0.9991592046606306f,-0.10258684629165382f,-0.4898423616043249f,0.8657542374980498f,0.7146183729163134f,-0.37789423973263714f,-0.7859029969321952f,-0.4894409290097076f,-0.0010326251278136855f,0f,0f,0f,1f], start_interpolation: 0, interpolation_duration: 1 }
$data merge entity $(bone_arm_right_2) { transformation: [0.8861989565097318f,-0.39553370881405664f,0.24125607696565696f,-0.9114929748000646f,-0.4580493969073341f,-0.6697754007377733f,0.5844584352709626f,0.6594953966201224f,-0.06958562692028834f,-0.6284536560147863f,-0.7747282380085023f,-0.07436828011964453f,0f,0f,0f,1f], start_interpolation: 0, interpolation_duration: 1 }
$data merge entity $(bone_arm_right_1) { transformation: [-0.2792929553181588f,0.36965775332151607f,0.8861989565097321f,-0.7018383634941521f,-0.4083296699261589f,0.7895933324508394f,-0.458049396907334f,1.1311818400498033f,-0.8690582982560162f,-0.4897912971444752f,-0.06958562692028825f,-0.36147847887467544f,0f,0f,0f,1f], start_interpolation: 0, interpolation_duration: 1 }
$data merge entity $(bone_arm_right_0) { transformation: [0.19290750563352643f,0.42123402492119844f,0.8861989565097321f,-0.5396875f,0.5013589596922675f,0.7340503685232471f,-0.458049396907334f,1.458098059525592f,-0.8434606616828899f,0.5326649535304271f,-0.06958562692028825f,-0.11154685326064595f,0f,0f,0f,1f], start_interpolation: 0, interpolation_duration: 1 }
$data merge entity $(bone_arm_left_3) { transformation: [0.886826236538791f,0.42392191753270236f,-0.18392779567493517f,0.919160943440342f,0.45670528418744055f,-0.7433913440349482f,0.4886610205543126f,0.5736265021481372f,0.07042378562469659f,-0.5173582099950771f,-0.8528663277260842f,0.19868502452557746f,0f,0f,0f,1f], start_interpolation: 0, interpolation_duration: 1 }
$data merge entity $(bone_arm_left_4) { transformation: [0.9117086986690432f,0.3927777308377279f,0.12046951037156609f,1.0034625076603976f,0.11476022636978761f,-0.5250323052902207f,0.843309651815507f,0.6865548460208426f,0.394483636181217f,-0.7550276369508616f,-0.5237517811193035f,0.10717389294355109f,0f,0f,0f,1f], start_interpolation: 0, interpolation_duration: 1 }
$data merge entity $(bone_arm_left_2) { transformation: [0.886826236538791f,0.4063160733898559f,-0.22010559895534973f,0.917217245376005f,0.45670528418744055f,-0.6980672795088804f,0.5514728974975469f,0.628700628764741f,0.07042378562469659f,-0.5895840243630421f,-0.8046310761051716f,0.03425837370397494f,0f,0f,0f,1f], start_interpolation: 0, interpolation_duration: 1 }
$data merge entity $(bone_arm_left_1) { transformation: [-0.2970894054052484f,-0.3539450683120192f,-0.8868262365387913f,0.7168192033234754f,0.4467585405206546f,0.7693029896387538f,-0.45670528418744044f,1.0884536301706966f,0.8438866580695605f,-0.5318794964561765f,-0.0704237856246965f,-0.2777403853096725f,0f,0f,0f,1f], start_interpolation: 0, interpolation_duration: 1 }
$data merge entity $(bone_arm_left_0) { transformation: [0.09698585140477377f,-0.45181076881116405f,-0.8868262365387913f,0.5396875f,-0.33295644884382486f,0.8249607788062285f,-0.45670528418744044f,1.458098059525592f,0.9379412283296864f,0.3395684652874682f,-0.0704237856246965f,-0.11154685326064584f,0f,0f,0f,1f], start_interpolation: 0, interpolation_duration: 1 }
$data merge entity $(bone_wing_right_2) { transformation: [0.9344986821882115f,2.308175385309857f,-0.3090605001404377f,-2.2028509635467595f,1.2494424308805403f,-0.6146272598627285f,-2.239141644306983f,4.061574667841825f,-2.147909523363419f,0.461296144167054f,-1.436976360351195f,-2.611917768444684f,0f,0f,0f,1f], start_interpolation: 0, interpolation_duration: 1 }
$data merge entity $(bone_wing_right_1) { transformation: [-0.80854695611926f,2.5083427803026535f,-0.3270896014433549f,-1.4567011764295916f,1.4316492001406258f,0.34937176806423603f,-2.3697623852895644f,2.7158468497880497f,-2.0569408787671524f,-1.0838887767375163f,-1.5208026414802833f,-0.7229998381436515f,0f,0f,0f,1f], start_interpolation: 0, interpolation_duration: 1 }
$data merge entity $(bone_wing_right_0) { transformation: [-1.088915665972753f,0.9019065441287486f,-0.17548465655898024f,-0.27479125f,0.5470849742605051f,0.5707760704507029f,-1.2713853833135285f,1.3841224765386926f,-0.6182843037778825f,-1.0833804921800885f,-0.8159156636484364f,-0.43428761592478426f,0f,0f,0f,1f], start_interpolation: 0, interpolation_duration: 1 }
$data merge entity $(bone_wing_left_2) { transformation: [0.9344986821882113f,-2.3081753853098577f,0.309060500140438f,2.20285096354676f,-1.2494424308805403f,-0.6146272598627285f,-2.239141644306983f,4.061574667841825f,2.147909523363419f,0.4612961441670531f,-1.436976360351195f,-2.611917768444683f,0f,0f,0f,1f], start_interpolation: 0, interpolation_duration: 1 }
$data merge entity $(bone_wing_left_1) { transformation: [-0.8085469561192603f,-2.5083427803026535f,0.32708960144335525f,1.4567011764295916f,-1.4316492001406258f,0.34937176806423603f,-2.3697623852895644f,2.7158468497880497f,2.056940878767152f,-1.0838887767375174f,-1.5208026414802833f,-0.7229998381436511f,0f,0f,0f,1f], start_interpolation: 0, interpolation_duration: 1 }
$data merge entity $(bone_wing_left_0) { transformation: [-1.088915665972753f,-0.9019065441287483f,0.1754846565589804f,0.27479125f,-0.5470849742605051f,0.5707760704507029f,-1.2713853833135285f,1.3841224765386926f,0.6182843037778821f,-1.083380492180089f,-0.8159156636484364f,-0.43428761592478426f,0f,0f,0f,1f], start_interpolation: 0, interpolation_duration: 1 }
$data merge entity $(bone_body_0) { transformation: [-1f,1.160083017426808e-16f,-3.923865126884076e-17f,-3.1715783553013675e-17f,0f,-0.3204079028840009f,-0.9472796713587159f,1.0413019781540827f,-1.2246467991473532e-16f,-0.9472796713587159f,0.3204079028840009f,0.25897902623920166f,0f,0f,0f,1f], start_interpolation: 0, interpolation_duration: 1 }
$data merge entity $(bone_leg_right_3) { transformation: [-0.9866564802685219f,-0.03880411235804923f,0.1581240993910656f,-0.49995605472834864f,0.12645371206772654f,0.42912530195861753f,0.8943494473209103f,-0.5298930626097497f,-0.10255948833932525f,0.9024110571591137f,-0.4184923359734876f,-0.8160560159874202f,0f,0f,0f,1f], start_interpolation: 0, interpolation_duration: 1 }
$data merge entity $(bone_leg_right_2) { transformation: [-0.9866564802685219f,0.02402614292880123f,0.16103333319563534f,-0.47455691601638683f,0.12645371206772654f,0.7360956054857042f,0.664960689280898f,-0.09981170058654891f,-0.10255948833932525f,0.6764510359520484f,-0.729311694209668f,-0.4558793466834134f,0f,0f,0f,1f], start_interpolation: 0, interpolation_duration: 1 }
$data merge entity $(bone_leg_right_1) { transformation: [-0.9352800249190883f,0.3398006726348022f,0.09892814495524269f,-0.50742070324911f,0.33802709998583763f,0.9404969462059347f,-0.03468679651503709f,-0.02206129960451708f,-0.10482821501157988f,0.0009985260372519789f,-0.9944898432277922f,0.0880446942091137f,0f,0f,0f,1f], start_interpolation: 0, interpolation_duration: 1 }
$data merge entity $(bone_leg_right_0) { transformation: [-0.9352800249190883f,0.30276891657836225f,-0.18325462652089922f,-0.2896875f,0.33802709998583763f,0.610853150415972f,-0.7159581749669783f,0.5006821335344636f,-0.10482821501157988f,-0.7315664096859879f,-0.6736628485797916f,-0.3180012259205799f,0f,0f,0f,1f], start_interpolation: 0, interpolation_duration: 1 }
$data merge entity $(bone_leg_left_3) { transformation: [-0.9872005366029106f,0.019587659320465217f,-0.158276416857568f,0.5990503256777311f,-0.11977643188362581f,0.5642147822230592f,0.8168936808950191f,-0.9850741832807972f,0.10530292919075125f,0.8253956645896146f,-0.554646995827541f,-0.8086122469137326f,0f,0f,0f,1f], start_interpolation: 0, interpolation_duration: 1 }
$data merge entity $(bone_leg_left_2) { transformation: [-0.9872005366029106f,-0.12768690766792973f,-0.09555707269023485f,0.517304457690154f,-0.11977643188362581f,0.9892065628716717f,-0.0844036867491032f,-0.43351874252659245f,0.10530292919075125f,-0.07187787964189807f,-0.9918391318767538f,-0.8752945995968938f,0f,0f,0f,1f], start_interpolation: 0, interpolation_duration: 1 }
$data merge entity $(bone_leg_left_1) { transformation: [-0.9791958262696668f,-0.20289059992120592f,-0.0033073070129185367f,0.5064324787177684f,-0.1842722697208925f,0.895927981099034f,-0.40417419919598974f,-0.1564904785225959f,0.0849662546425061f,-0.3951562439686638f,-0.9146760510828973f,-0.39977839940897586f,0f,0f,0f,1f], start_interpolation: 0, interpolation_duration: 1 }
$data merge entity $(bone_leg_left_0) { transformation: [-0.8750588080034062f,-0.3952826793122349f,-0.2793272023477105f,0.2896875f,-0.3535218692174972f,0.916141547467536f,-0.18896283494051225f,0.5006821335344636f,0.3305969910943304f,-0.06660531840273237f,-0.9414188021490999f,-0.3180012259205799f,0f,0f,0f,1f], start_interpolation: 0, interpolation_duration: 1 }
$data merge entity $(bone_tail_3) { transformation: [-0.29267123204778245f,0.3091789276052698f,1.239354018052444f,1.0386872947061447f,0.36700435854655966f,1.238212239483007f,-0.22222666853587716f,-0.1545283522825666f,-1.223477744851009f,0.29746475778750925f,-0.3631299590159932f,-2.9818811240314007f,0f,0f,0f,1f], start_interpolation: 0, interpolation_duration: 1 }
$data merge entity $(bone_tail_2) { transformation: [-0.6845472376836769f,-0.08651129708873856f,0.7238168793663707f,0.33062044063883195f,0.12527549318447537f,0.9641994544565478f,0.23372090799302064f,-0.3873943990293337f,-0.7181233391187296f,0.25066951849341307f,-0.6492023277155176f,-2.347543294607763f,0f,0f,0f,1f], start_interpolation: 0, interpolation_duration: 1 }
$data merge entity $(bone_tail_1) { transformation: [-0.8970457337385025f,0.01684060732693863f,0.44161674054140126f,-0.08967012538859183f,0.08374765399841563f,0.987645103783863f,0.13245180037101795f,-0.5172212706838409f,-0.4339300427849092f,0.15579968843557485f,-0.8873731881525745f,-1.5037502239355058f,0f,0f,0f,1f], start_interpolation: 0, interpolation_duration: 1 }
$data merge entity $(bone_tail_0) { transformation: [-0.9899926628896166f,-0.10461762186012957f,-0.09470839783808388f,6.58186719365067e-17f,-0.06559557143865545f,0.9353627098294777f,-0.3475540563251888f,-0.02993988992121499f,0.12494698248602117f,-0.33786351424323285f,-0.9328646725602008f,-0.537450242652267f,0f,0f,0f,1f], start_interpolation: 0, interpolation_duration: 1 }
$data merge entity $(bone_body_1) { transformation: [-1f,1.1051536056352677e-16f,5.276317755909178e-17f,1.613724741278962e-17f,0f,0.4308440408763372f,-0.902426402783822f,0.43889651925783f,-1.2246467991473532e-16f,-0.902426402783822f,-0.4308440408763372f,-0.131770625f,0f,0f,0f,1f], start_interpolation: 0, interpolation_duration: 1 }