# This file was generated by Animated Java via MC-Build. It is not recommended to edit this file directly.
$data merge entity $(bone_head_lower) { transformation: [-1f,-8.208033213066325e-17f,9.08868357020894e-17f,-0.03327062500000008f,0f,0.7421473339526822f,0.6702367751078171f,2.2235129068273185f,-1.2246467991473532e-16f,0.6702367751078171f,-0.7421473339526822f,0.7187486166031058f,0f,0f,0f,1f], start_interpolation: 0, interpolation_duration: 1 }
$data merge entity $(bone_horne_right) { transformation: [-0.8433914458128857f,-7.586422333022093e-17f,-0.5372996083468238f,-0.2237750000000001f,-0.3328454988919553f,0.7850137058720209f,0.5224627790191778f,2.5935504139364673f,0.4217875567119255f,0.6194783947750533f,-0.6620738443783353f,0.8288218424132867f,0f,0f,0f,1f], start_interpolation: 0, interpolation_duration: 1 }
$data merge entity $(bone_horne_left) { transformation: [-0.8433914458128857f,-7.586422333022093e-17f,0.537299608346824f,0.2237749999999999f,0.3328454988919553f,0.7850137058720209f,0.5224627790191778f,2.5935504139364673f,-0.42178755671192575f,0.6194783947750533f,-0.662073844378335f,0.8288218424132868f,0f,0f,0f,1f], start_interpolation: 0, interpolation_duration: 1 }
$data merge entity $(bone_head_upper) { transformation: [-1f,-7.586422333022093e-17f,9.613645221829722e-17f,-8.559776151773058e-17f,0f,0.7850137058720209f,0.6194783947750533f,2.2225639837788638f,-1.2246467991473532e-16f,0.6194783947750533f,-0.7850137058720209f,0.6990080856914734f,0f,0f,0f,1f], start_interpolation: 0, interpolation_duration: 1 }
$data merge entity $(bone_neck_0) { transformation: [-1f,-3.7851441036304804e-17f,1.1646830572346163e-16f,-0.00009125000000005552f,0f,0.951035888915493f,0.3090804717136277f,2.347222939179247f,-1.2246467991473532e-16f,0.3090804717136277f,-0.951035888915493f,0.4534445596632002f,0f,0f,0f,1f], start_interpolation: 0, interpolation_duration: 1 }
$data merge entity $(bone_neck_1) { transformation: [-1f,6.60700754791454e-17f,1.0311325304149128e-16f,-0.00009125000000001915f,0f,0.8419836079535973f,-0.5395031083668038f,2.146481789655989f,-1.2246467991473532e-16f,-0.5395031083668038f,-0.8419836079535973f,0.1563943576254651f,0f,0f,0f,1f], start_interpolation: 0, interpolation_duration: 1 }
$data merge entity $(bone_neck_2) { transformation: [-1f,1.1876782887513464e-16f,2.986303150896298e-17f,-0.00009125000000000809f,0f,0.24385015769244475f,-0.969812920409586f,1.8829804965424062f,-1.2246467991473532e-16f,-0.969812920409586f,-0.24385015769244475f,0.0660472091868719f,0f,0f,0f,1f], start_interpolation: 0, interpolation_duration: 1 }
$data merge entity $(bone_arm_right_3) { transformation: [0.8848049512446511f,-0.4605692673236921f,-0.07068343688494888f,-0.9037052343215498f,-0.45521312178852474f,-0.8867855262124547f,0.07995276262672851f,0.7781978265179756f,-0.09950483407602186f,-0.0385665722746783f,-0.9942893982631444f,0.28883171318662737f,0f,0f,0f,1f], start_interpolation: 0, interpolation_duration: 1 }
$data merge entity $(bone_arm_right_4) { transformation: [0.5651802869844462f,-0.793239191614194f,-0.22658955865493807f,-0.9975959525617395f,-0.3092463140014154f,-0.4583513970208188f,0.8332350893509f,0.8798986638480626f,-0.7648123694611102f,-0.4008560611196052f,-0.5043574702360996f,0.19356721561327325f,0f,0f,0f,1f], start_interpolation: 0, interpolation_duration: 1 }
$data merge entity $(bone_arm_right_2) { transformation: [0.8848049512446511f,-0.44462419672721637f,0.13938982006455383f,-0.9171132205863843f,-0.45521312178852474f,-0.7609309175667107f,0.46234743693745056f,0.8150899438287547f,-0.09950483407602186f,-0.47253937653465683f,-0.875674212033072f,0.11991676870329881f,0f,0f,0f,1f], start_interpolation: 0, interpolation_duration: 1 }
$data merge entity $(bone_arm_right_1) { transformation: [-0.3169873447059173f,0.34152484763080265f,0.8848049512446512f,-0.7239966500195135f,-0.4315174241789108f,0.7788284319293591f,-0.4552131217885246f,1.2804279537071088f,-0.8445778447995725f,-0.5261055522128741f,-0.09950483407602197f,-0.1883719756927168f,0f,0f,0f,1f], start_interpolation: 0, interpolation_duration: 1 }
$data merge entity $(bone_arm_right_0) { transformation: [0.02357014416685444f,0.4653650680454053f,0.8848049512446512f,-0.5396875f,0.2569983585073633f,0.8524862799342093f,-0.4552131217885246f,1.6633741838995593f,-0.9661243667502001f,0.23812285897626248f,-0.09950483407602197f,-0.06583521969359729f,0f,0f,0f,1f], start_interpolation: 0, interpolation_duration: 1 }
$data merge entity $(bone_arm_left_3) { transformation: [0.886703564928804f,0.4550049373757368f,0.08202008843113955f,0.893981264045804f,0.45056289285966883f,-0.8901967505688666f,0.0674004811151811f,0.7791896037083573f,0.10368156789167894f,-0.022809038566607487f,-0.9943489730668957f,0.3070284864358224f,0f,0f,0f,1f], start_interpolation: 0, interpolation_duration: 1 }
$data merge entity $(bone_arm_left_4) { transformation: [0.5588954264224708f,0.7944579066694698f,0.23763951029744235f,0.9895816061996212f,0.3147939828796021f,-0.46839171516427935f,0.8255385814777294f,0.8791061942009074f,0.767164031134699f,-0.3865822495871071f,-0.5118725560501659f,0.2115763973669066f,0f,0f,0f,1f], start_interpolation: 0, interpolation_duration: 1 }
$data merge entity $(bone_arm_left_2) { transformation: [0.886703564928804f,0.4446216143423723f,-0.1267612243634971f,0.9094713542019064f,0.45056289285966883f,-0.7695218708727052f,0.4525805672214599f,0.8139378500376186f,0.10368156789167894f,-0.4584187063244195f,-0.8826677869795458f,0.1378372414816197f,0f,0f,0f,1f], start_interpolation: 0, interpolation_duration: 1 }
$data merge entity $(bone_arm_left_1) { transformation: [-0.32324736080958516f,-0.3305570021527118f,-0.8867035649288041f,0.7228412434327842f,0.4438209229216209f,0.7746070409923521f,-0.45056289285966866f,1.276755260197456f,0.8357835438118164f,-0.5391808605402132f,-0.10368156789167907f,-0.17814483046799923f,0f,0f,0f,1f], start_interpolation: 0, interpolation_duration: 1 }
$data merge entity $(bone_arm_left_0) { transformation: [0.007462945465726337f,-0.46227815478078305f,-0.8867035649288041f,0.5396875f,-0.238173900513929f,0.8603872806427975f,-0.45056289285966866f,1.6633741838995593f,0.9711938516892272f,0.21455217295699064f,-0.10368156789167907f,-0.06583521969359718f,0f,0f,0f,1f], start_interpolation: 0, interpolation_duration: 1 }
$data merge entity $(bone_wing_right_2) { transformation: [-2.5701067799770065f,-0.6230159772987561f,-0.2060290436177867f,-3.5722093546574665f,-0.12689772574940897f,1.149204030626864f,-2.3996350781596356f,3.589667736829735f,0.7116527077211925f,-2.2435256887186017f,-1.1719548972024212f,-1.9228223403322295f,0f,0f,0f,1f], start_interpolation: 0, interpolation_duration: 1 }
$data merge entity $(bone_wing_right_1) { transformation: [-2.6352789465824613f,0.9426809875045682f,-0.21804778589329699f,-1.1356572757321373f,0.555668803880641f,1.0901907810153928f,-2.5396182332199393f,3.053162740812331f,-0.6744784756541634f,-2.3979418568167215f,-1.240321102377496f,-1.3109589019160373f,0f,0f,0f,1f], start_interpolation: 0, interpolation_duration: 1 }
$data merge entity $(bone_wing_right_0) { transformation: [-0.7897294289913972f,1.2771233053779507f,-0.11698336068185221f,-0.27479125f,0.5978199428177594f,0.27126223523621057f,-1.362513609362494f,1.6134670078229276f,-1.0852316153744361f,-0.7799403120578717f,-0.6654363871951593f,-0.3931626712453079f,0f,0f,0f,1f], start_interpolation: 0, interpolation_duration: 1 }
$data merge entity $(bone_wing_left_2) { transformation: [-2.5701067799770065f,0.6230159772987567f,0.20602904361778698f,3.572209354657467f,0.12689772574940897f,1.149204030626864f,-2.3996350781596356f,3.589667736829735f,-0.711652707721193f,-2.2435256887186017f,-1.1719548972024212f,-1.9228223403322287f,0f,0f,0f,1f], start_interpolation: 0, interpolation_duration: 1 }
$data merge entity $(bone_wing_left_1) { transformation: [-2.6352789465824613f,-0.9426809875045679f,0.2180477858932973f,1.1356572757321377f,-0.555668803880641f,1.0901907810153928f,-2.5396182332199393f,3.053162740812331f,0.6744784756541626f,-2.3979418568167215f,-1.240321102377496f,-1.3109589019160368f,0f,0f,0f,1f], start_interpolation: 0, interpolation_duration: 1 }
$data merge entity $(bone_wing_left_0) { transformation: [-0.7897294289913975f,-1.2771233053779507f,0.11698336068185237f,0.27479125f,-0.5978199428177594f,0.27126223523621057f,-1.362513609362494f,1.6134670078229276f,1.085231615374436f,-0.7799403120578721f,-0.6654363871951593f,-0.3931626712453079f,0f,0f,0f,1f], start_interpolation: 0, interpolation_duration: 1 }
$data merge entity $(bone_body_0) { transformation: [-1f,1.1859228684651702e-16f,-3.055269754263939e-17f,-3.3415122649340995e-17f,0f,-0.24948170822731391f,-0.9683795109666362f,1.2203197719498609f,-1.2246467991473532e-16f,-0.9683795109666362f,0.24948170822731391f,0.2728551830013838f,0f,0f,0f,1f], start_interpolation: 0, interpolation_duration: 1 }
$data merge entity $(bone_leg_right_3) { transformation: [-0.9822578044823874f,-0.03359846677493926f,0.18450135111649768f,-0.42953282336125564f,0.13104324803346054f,0.5808095415266129f,0.8034226432062311f,-0.13019891155394017f,-0.134153914137012f,0.8133458179040568f,-0.5661018528672205f,-0.826687654318935f,0f,0f,0f,1f], start_interpolation: 0, interpolation_duration: 1 }
$data merge entity $(bone_leg_right_2) { transformation: [-0.9822578044823874f,-0.026127946081475617f,0.18570658568560072f,-0.4316192976938664f,0.13104324803346054f,0.6127484641079924f,0.7793375307773504f,0.2338038378065098f,-0.134153914137012f,0.7898459661015304f,-0.5984530701357119f,-0.3990897445943182f,0f,0f,0f,1f], start_interpolation: 0, interpolation_duration: 1 }
$data merge entity $(bone_leg_right_1) { transformation: [-0.9352800249190883f,0.3194777950150314f,0.15226691524977806f,-0.49492290478264933f,0.34036903519556183f,0.9298560384273554f,0.13970206755888365f,0.215520272011955f,-0.09695460209495937f,0.1824874962634922f,-0.9784161276471733f,0.14738704372919803f,0f,0f,0f,1f], start_interpolation: 0, interpolation_duration: 1 }
$data merge entity $(bone_leg_right_0) { transformation: [-0.9352800249190883f,0.27675823621541995f,-0.22058139920283243f,-0.2896875f,0.34036903519556183f,0.5326647149068898f,-0.7748659376777406f,0.6932368677529802f,-0.09695460209495937f,-0.799795711528945f,-0.5923906016747029f,-0.31651705920407364f,0f,0f,0f,1f], start_interpolation: 0, interpolation_duration: 1 }
$data merge entity $(bone_leg_left_3) { transformation: [-0.9832514820298701f,-0.06915599581063478f,-0.16862375671744317f,0.6458071137796092f,-0.15698398409399344f,0.7913863997260885f,0.5908160416462613f,-0.6768422000785868f,0.09258807603596046f,0.6073919776981082f,-0.7889882341353005f,-0.7437491608929906f,0f,0f,0f,1f], start_interpolation: 0, interpolation_duration: 1 }
$data merge entity $(bone_leg_left_2) { transformation: [-0.9832514820298701f,-0.17000477105839434f,-0.06568790530567191f,0.5411763589828086f,-0.15698398409399344f,0.9730987820550425f,-0.16862618154061915f,-0.13691122915488102f,0.09258807603596046f,-0.1554899938271784f,-0.9834888458928158f,-0.8571920060001426f,0f,0f,0f,1f], start_interpolation: 0, interpolation_duration: 1 }
$data merge entity $(bone_leg_left_1) { transformation: [-0.9745465288485815f,-0.22386404490561865f,-0.011998020989985037f,0.5337462739051054f,-0.21605200052318652f,0.9521292436386111f,-0.21626704898827154f,0.04086789098799315f,0.05983808301667065f,-0.2081701054586407f,-0.976260524150305f,-0.3363101634466095f,0f,0f,0f,1f], start_interpolation: 0, interpolation_duration: 1 }
$data merge entity $(bone_leg_left_0) { transformation: [-0.8750588080034062f,-0.42534955483901815f,-0.23097584015196693f,0.2896875f,-0.36109956764450074f,0.8914744356215085f,-0.27364289298329547f,0.6932368677529802f,0.3223029394569843f,-0.1560483477373656f,-0.9336860973506169f,-0.3165170592040736f,0f,0f,0f,1f], start_interpolation: 0, interpolation_duration: 1 }
$data merge entity $(bone_tail_3) { transformation: [-0.849803756684144f,0.3121041895485745f,0.9474550075850531f,0.6887858552345504f,0.1583525930610657f,1.27107094988606f,-0.27667587179375813f,0.33433832132863195f,-0.9848880508984773f,-0.06493116838797083f,-0.8619895080425403f,-3.2065019143287237f,0f,0f,0f,1f], start_interpolation: 0, interpolation_duration: 1 }
$data merge entity $(bone_tail_2) { transformation: [-0.8196244132353729f,0.006052706327339407f,0.5728692573132944f,0.12806425862961868f,0.1918808531185495f,0.9450912762563287f,0.26454530377740865f,0.07138438164530761f,-0.5398125224881951f,0.3267504312013968f,-0.7757812812092291f,-2.448599371715245f,0f,0f,0f,1f], start_interpolation: 0, interpolation_duration: 1 }
$data merge entity $(bone_tail_1) { transformation: [-0.9557542983251037f,0.06731578732788403f,0.2863604477044893f,-0.1446839712954222f,0.14257702407431988f,0.9574857942578224f,0.25078426186780073f,-0.17092746770235734f,-0.2573043206772853f,0.28051655667873493f,-0.9247188480775692f,-1.569748250450536f,0f,0f,0f,1f], start_interpolation: 0, interpolation_duration: 1 }
$data merge entity $(bone_tail_0) { transformation: [-0.9872883987305724f,-0.07141391516591998f,-0.14199179713172524f,6.713787246816231e-17f,-0.041213314736597936f,0.9778437993954006f,-0.2052388040122768f,0.16785103899374032f,0.15350270492875479f,-0.19677793754545359f,-0.9683570430760098f,-0.5482223324709322f,0f,0f,0f,1f], start_interpolation: 0, interpolation_duration: 1 }
$data merge entity $(bone_body_1) { transformation: [-1f,1.092609939466881e-16f,5.531394967275762e-17f,1.613724741278962e-17f,0f,0.4516726758382037f,-0.8921837220556968f,0.6271456134173183f,-1.2246467991473532e-16f,-0.8921837220556968f,-0.4516726758382037f,-0.131770625f,0f,0f,0f,1f], start_interpolation: 0, interpolation_duration: 1 }