# This file was generated by Animated Java via MC-Build. It is not recommended to edit this file directly.
$data merge entity $(bone_head_lower) { transformation: [-1f,-1.026315596967239e-16f,6.681587222237224e-17f,-0.033270625000000074f,0f,0.5455930009280395f,0.8380502832994785f,2.243410233781799f,-1.2246467991473532e-16f,0.8380502832994785f,-0.5455930009280395f,0.6544199551261005f,0f,0f,0f,1f], start_interpolation: 0, interpolation_duration: 1 }
$data merge entity $(bone_horne_right) { transformation: [-0.8433914458128857f,-8.283714514725078e-17f,-0.5372996083468238f,-0.2237750000000001f,-0.36343838627737646f,0.7365192142672513f,0.570483993110453f,2.604186089188384f,0.39573148536570446f,0.6764166223675693f,-0.6211740049898278f,0.7918414012815659f,0f,0f,0f,1f], start_interpolation: 0, interpolation_duration: 1 }
$data merge entity $(bone_horne_left) { transformation: [-0.8433914458128857f,-8.283714514725078e-17f,0.537299608346824f,0.2237749999999999f,0.36343838627737646f,0.7365192142672513f,0.570483993110453f,2.604186089188384f,-0.3957314853657047f,0.6764166223675693f,-0.6211740049898276f,0.7918414012815659f,0f,0f,0f,1f], start_interpolation: 0, interpolation_duration: 1 }
$data merge entity $(bone_head_upper) { transformation: [-1f,-8.283714514725078e-17f,9.019758982629128e-17f,-7.77237432400546e-17f,0f,0.7365192142672513f,0.6764166223675693f,2.243939343944422f,-1.2246467991473532e-16f,0.6764166223675693f,-0.7365192142672513f,0.6346637141359524f,0f,0f,0f,1f], start_interpolation: 0, interpolation_duration: 1 }
$data merge entity $(bone_neck_0) { transformation: [-1f,-2.786816190678023e-17f,1.1925168082067464e-16f,-0.00009125000000004647f,0f,0.9737638713766477f,0.22756081121661464f,2.3473887867650296f,-1.2246467991473532e-16f,0.22756081121661464f,-0.9737638713766477f,0.3794392771063861f,0f,0f,0f,1f], start_interpolation: 0, interpolation_duration: 1 }
$data merge entity $(bone_neck_1) { transformation: [-1f,8.317895975431732e-17f,8.988247037553115e-17f,-0.00009125000000001498f,0f,0.7339460686796456f,-0.6792077504487805f,2.0975223784179304f,-1.2246467991473532e-16f,-0.6792077504487805f,-0.7339460686796456f,0.12233499938565491f,0f,0f,0f,1f], start_interpolation: 0, interpolation_duration: 1 }
$data merge entity $(bone_neck_2) { transformation: [-1f,1.2172460049608193e-16f,-1.34431938425296e-17f,-0.00009125000000001587f,0f,-0.10977200815687643f,-0.993956792936799f,1.8190568925329353f,-1.2246467991473532e-16f,-0.993956792936799f,0.10977200815687643f,0.129581507120357f,0f,0f,0f,1f], start_interpolation: 0, interpolation_duration: 1 }
$data merge entity $(bone_arm_right_3) { transformation: [0.8845732928619656f,-0.44733958625434267f,0.13197493748864753f,-0.9047069285244573f,-0.43897241147276544f,-0.7029190198291797f,0.5596499562478051f,0.7365812650402596f,-0.1575858861736169f,-0.5529847612115353f,-0.8181531289109009f,0.08795618514068917f,0f,0f,0f,1f], start_interpolation: 0, interpolation_duration: 1 }
$data merge entity $(bone_arm_right_4) { transformation: [0.8750333623624786f,-0.48356660229224296f,-0.02190789584032915f,-0.985415472813904f,-0.15565001852493815f,-0.32393294278177587f,0.9331883627188698f,0.8697376366442087f,-0.45835541502833976f,-0.8131609863540395f,-0.3587192827071387f,0.024794777911649954f,0f,0f,0f,1f], start_interpolation: 0, interpolation_duration: 1 }
$data merge entity $(bone_arm_right_2) { transformation: [0.8845732928619656f,-0.3952898479827286f,0.24753994755822795f,-0.897625620848566f,-0.43897241147276544f,-0.5262882913989666f,0.7282333803816887f,0.830188388176071f,-0.1575858861736169f,-0.7528390069717082f,-0.6390619047171628f,-0.05785404243266251f,0f,0f,0f,1f], start_interpolation: 0, interpolation_duration: 1 }
$data merge entity $(bone_arm_right_1) { transformation: [-0.32526337531978805f,0.3342661009299591f,0.8845732928619657f,-0.7087798317365295f,-0.3384599029534888f,0.8323149139949976f,-0.43897241147276533f,1.3267937623930215f,-0.8829771405695018f,-0.44217423908520737f,-0.157585886173617f,-0.31591565023169726f,0f,0f,0f,1f], start_interpolation: 0, interpolation_duration: 1 }
$data merge entity $(bone_arm_right_0) { transformation: [0.16585372244964955f,0.4359158546152383f,0.8845732928619657f,-0.5396875f,0.611849742419848f,0.6579841294944362f,-0.43897241147276533f,1.6179603332212578f,-0.77339022197747f,0.614031149884528f,-0.157585886173617f,-0.029100821552387746f,0f,0f,0f,1f], start_interpolation: 0, interpolation_duration: 1 }
$data merge entity $(bone_arm_left_3) { transformation: [0.8867756444335301f,0.43728128052889814f,-0.14971318625459806f,0.9220576365113445f,0.43355887823693284f,-0.6747266995206209f,0.5973027541004158f,0.6811124944091579f,0.16017382914018666f,-0.594583015779139f,-0.7879183852440266f,0.10534092197512218f,0f,0f,0f,1f], start_interpolation: 0, interpolation_duration: 1 }
$data merge entity $(bone_arm_left_4) { transformation: [0.8839155157004388f,0.4674710384242851f,0.01281363877075628f,1.001207637779634f,0.13631585274143015f,-0.2837690498597036f,0.9491538940725562f,0.817334220822799f,0.447338070585775f,-0.8372251516624669f,-0.3145515792812922f,0.04692200093647253f,0f,0f,0f,1f], start_interpolation: 0, interpolation_duration: 1 }
$data merge entity $(bone_arm_left_2) { transformation: [0.8867756444335301f,0.3808272372298848f,-0.2619151996798772f,0.9118231756167838f,0.43355887823693284f,-0.48899962407043795f,0.756905586424689f,0.7814838381209896f,0.16017382914018666f,-0.7847610993435024f,-0.5987439865382762f,-0.03570485093862119f,0f,0f,0f,1f], start_interpolation: 0, interpolation_duration: 1 }
$data merge entity $(bone_arm_left_1) { transformation: [-0.30780279932431004f,-0.344799062016728f,-0.8867756444335302f,0.7168083211765673f,0.29543274045055146f,0.8513202658058889f,-0.4335588782369327f,1.2891867510351707f,0.9044207718744606f,-0.39543319519303755f,-0.1601738291401867f,-0.2661009922961637f,0f,0f,0f,1f], start_interpolation: 0, interpolation_duration: 1 }
$data merge entity $(bone_arm_left_0) { transformation: [0.09749116380524459f,-0.45180131630994164f,-0.8867756444335302f,0.5396875f,-0.5142052049428207f,0.740013314955646f,-0.4335588782369327f,1.6179603332212578f,0.852108256144494f,0.49825281160166f,-0.1601738291401867f,-0.029100821552387635f,0f,0f,0f,1f], start_interpolation: 0, interpolation_duration: 1 }
$data merge entity $(bone_wing_right_2) { transformation: [-2.972389190679903f,-1.2812541268733826f,-0.5500814371260845f,-4.932503216023164f,-0.0017100670592108793f,1.1741627441153473f,-2.409132883054605f,2.3453283145141413f,1.5863838350482713f,-2.055516011046576f,-1.0332782396524713f,2.6020113433786425f,0f,0f,0f,1f], start_interpolation: 0, interpolation_duration: 1 }
$data merge entity $(bone_wing_right_1) { transformation: [-2.976610115201871f,-1.695427856865269f,-0.5821705392607602f,-2.184524043459692f,-0.13916483668879429f,1.2348419710748713f,-2.5496700943159727f,2.4516434660308213f,1.909112646008741f,-1.976500546969112f,-1.0935547164210306f,0.8250659380694729f,0f,0f,0f,1f], start_interpolation: 0, interpolation_duration: 1 }
$data merge entity $(bone_wing_right_0) { transformation: [-1.767717473417482f,-0.5028290375730037f,-0.3123364261355865f,-0.27479125f,0.08536657655209934f,0.6612027306831132f,-1.367906466195705f,1.609991291459889f,0.7420355061215628f,-1.2739340389864695f,-0.5866957341131831f,-0.36011514320129595f,0f,0f,0f,1f], start_interpolation: 0, interpolation_duration: 1 }
$data merge entity $(bone_wing_left_2) { transformation: [-2.972389190679903f,1.2812541268733832f,0.5500814371260848f,4.932503216023164f,0.0017100670592108793f,1.1741627441153473f,-2.409132883054605f,2.3453283145141413f,-1.5863838350482722f,-2.055516011046576f,-1.0332782396524713f,2.602011343378644f,0f,0f,0f,1f], start_interpolation: 0, interpolation_duration: 1 }
$data merge entity $(bone_wing_left_1) { transformation: [-2.976610115201871f,1.6954278568652696f,0.5821705392607606f,2.184524043459692f,0.13916483668879429f,1.2348419710748713f,-2.5496700943159727f,2.4516434660308213f,-1.9091126460087422f,-1.9765005469691117f,-1.0935547164210306f,0.8250659380694736f,0f,0f,0f,1f], start_interpolation: 0, interpolation_duration: 1 }
$data merge entity $(bone_wing_left_0) { transformation: [-1.767717473417482f,0.502829037573004f,0.31233642613558665f,0.27479125f,-0.08536657655209934f,0.6612027306831132f,-1.367906466195705f,1.609991291459889f,-0.7420355061215633f,-1.2739340389864695f,-0.5866957341131831f,-0.36011514320129595f,0f,0f,0f,1f], start_interpolation: 0, interpolation_duration: 1 }
$data merge entity $(bone_body_0) { transformation: [-1f,1.215105194930928e-16f,-1.525750566564827e-17f,-3.069362801409076e-17f,0f,-0.12458698847921806f,-0.9922086888864052f,1.1355106740497085f,-1.2246467991473532e-16f,-0.9922086888864052f,0.12458698847921806f,0.2506324928580294f,0f,0f,0f,1f], start_interpolation: 0, interpolation_duration: 1 }
$data merge entity $(bone_leg_right_3) { transformation: [-0.9889956029798699f,-0.00009090977997530669f,0.14794488508189585f,-0.5623814363597388f,0.13482589094775488f,0.41113387158071923f,0.9015491771219097f,-0.518691858069829f,-0.060907113021613404f,0.9115749729860186f,-0.40659733423734107f,-0.8297386502760706f,0f,0f,0f,1f], start_interpolation: 0, interpolation_duration: 1 }
$data merge entity $(bone_leg_right_2) { transformation: [-0.9889956029798699f,0.08278568440664907f,0.12261414169583443f,-0.5050627311948197f,0.13482589094775488f,0.8455389131929864f,0.5166100322356965f,-0.03135906437245069f,-0.060907113021613404f,0.5274566112333278f,-0.8473959209540878f,-0.5566752115968977f,0f,0f,0f,1f], start_interpolation: 0, interpolation_duration: 1 }
$data merge entity $(bone_leg_right_1) { transformation: [-0.9352800249190883f,0.3506079489405939f,0.04822179099763324f,-0.5095210263378632f,0.3450963471330173f,0.9337028982489219f,-0.09543274593665996f,0.07918714970221785f,-0.07848430532786499f,-0.07261517707224135f,-0.9942671923964753f,-0.017473789322090427f,0f,0f,0f,1f], start_interpolation: 0, interpolation_duration: 1 }
$data merge entity $(bone_leg_right_0) { transformation: [-0.9352800249190883f,0.30751155382175804f,-0.17517967705609436f,-0.2896875f,0.3450963471330173f,0.6826605383747623f,-0.6441141983696118f,0.640931577988124f,-0.07848430532786499f,-0.6628810101458691f,-0.7445998792675129f,-0.3662690758851634f,0f,0f,0f,1f], start_interpolation: 0, interpolation_duration: 1 }
$data merge entity $(bone_leg_left_3) { transformation: [-0.9877339671410031f,-0.03290011579502081f,-0.15264073026741642f,0.623041376466503f,-0.1290419069204916f,0.7224083385341539f,0.6793190551387813f,-0.8154260925253188f,0.08791926076929424f,0.69068355619415f,-0.717792747796175f,-0.8018756717793822f,0f,0f,0f,1f], start_interpolation: 0, interpolation_duration: 1 }
$data merge entity $(bone_leg_left_2) { transformation: [-0.9877339671410031f,-0.14696173102012994f,-0.052762294979113035f,0.5316539037532033f,-0.1290419069204916f,0.9585268596460645f,-0.25411502434011457f,-0.2857968506391657f,0.08791926076929424f,-0.24418949394398773f,-0.9657337597045885f,-0.9646132620532442f,0f,0f,0f,1f], start_interpolation: 0, interpolation_duration: 1 }
$data merge entity $(bone_leg_left_1) { transformation: [-0.9787622968940247f,-0.2043181149632928f,0.016687542556643675f,0.509758021732333f,-0.19347077569287377f,0.8937451049019169f,-0.40470822380655824f,-0.008612971688584325f,0.06777481192545573f,-0.3993417025076496f,-0.9142935959016452f,-0.4895678082012601f,0f,0f,0f,1f], start_interpolation: 0, interpolation_duration: 1 }
$data merge entity $(bone_leg_left_0) { transformation: [-0.8750588080034062f,-0.3990437887767707f,-0.27392724795890216f,0.2896875f,-0.3779322926993261f,0.9168895272769397f,-0.12837747818406758f,0.640931577988124f,0.30238926017748846f,-0.008811890180308701f,-0.9531437907895961f,-0.36626907588516333f,0f,0f,0f,1f], start_interpolation: 0, interpolation_duration: 1 }
$data merge entity $(bone_tail_3) { transformation: [-1.228244760767294f,0.41732696239728145f,0.18574029048701432f,-0.7359347905801801f,0.4450830588394229f,1.2132373071055824f,0.21726193589211004f,-0.0505279966140007f,-0.10277314721309999f,0.2667206113327244f,-1.2788839810977624f,-3.310043602979393f,0f,0f,0f,1f], start_interpolation: 0, interpolation_duration: 1 }
$data merge entity $(bone_tail_2) { transformation: [-0.9724683292749126f,0.10164709856526905f,-0.20969791584687386f,-0.5311264167909965f,0.02989515527410181f,0.946836508477477f,0.32032312733444346f,-0.36808192342842594f,0.23110955897235727f,0.3052351447121434f,-0.9238072732903543f,-2.4071688713666903f,0f,0f,0f,1f], start_interpolation: 0, interpolation_duration: 1 }
$data merge entity $(bone_tail_1) { transformation: [-0.9786016879268963f,0.0841030059493871f,-0.1877908964164844f,-0.352754439769395f,0.07015964942775173f,0.9943458528476539f,0.07971165860052654f,-0.44774897224195037f,0.19343308915179025f,0.06483062019562391f,-0.9789691673930524f,-1.4758673510433775f,0f,0f,0f,1f], start_interpolation: 0, interpolation_duration: 1 }
$data merge entity $(bone_tail_0) { transformation: [-0.9193013698586934f,-0.1849398076543663f,-0.34739352170225607f,7.665447483845812e-17f,-0.017154942571394077f,0.9006997446395348f,-0.43410330331805713f,0.12878595582635194f,0.39318023770441723f,-0.3931122454859972f,-0.831187140857975f,-0.6259312880401757f,0f,0f,0f,1f], start_interpolation: 0, interpolation_duration: 1 }
$data merge entity $(bone_body_1) { transformation: [-1f,1.061236717751677e-16f,6.111762524489195e-17f,2.2698813779568468e-17f,0f,0.4990632832866131f,-0.8665655424001036f,0.5649872327869286f,-1.2246467991473532e-16f,-0.8665655424001036f,-0.4990632832866131f,-0.18534988043387096f,0f,0f,0f,1f], start_interpolation: 0, interpolation_duration: 1 }