# This file was generated by Animated Java via MC-Build. It is not recommended to edit this file directly.
$data merge entity $(bone_head_lower) { transformation: [-1f,-9.083198897360371e-17f,8.214102267270422e-17f,-0.03327062500000008f,0f,0.67073235099209f,0.7416994764273623f,2.526879189943203f,-1.2246467991473532e-16f,0.7416994764273623f,-0.67073235099209f,0.6767717386468771f,0f,0f,0f,1f], start_interpolation: 0, interpolation_duration: 1 }
$data merge entity $(bone_horne_right) { transformation: [-0.8433914458128857f,-8.143866244584563e-17f,-0.5372996083468238f,-0.2237750000000001f,-0.3573027052935373f,0.7468458996353036f,0.5608529031643267f,2.8897279993045806f,0.40128000936947983f,0.664997144503594f,-0.6298834430928442f,0.8086224620155538f,0f,0f,0f,1f], start_interpolation: 0, interpolation_duration: 1 }
$data merge entity $(bone_horne_left) { transformation: [-0.8433914458128857f,-8.143866244584563e-17f,0.537299608346824f,0.2237749999999999f,0.3573027052935373f,0.7468458996353036f,0.5608529031643267f,2.8897279993045806f,-0.40128000936948005f,0.664997144503594f,-0.6298834430928439f,0.8086224620155539f,0f,0f,0f,1f], start_interpolation: 0, interpolation_duration: 1 }
$data merge entity $(bone_head_upper) { transformation: [-1f,-8.143866244584563e-17f,9.146224404446999e-17f,-8.047490625273657e-17f,0f,0.7468458996353036f,0.664997144503594f,2.5271040741309276f,-1.2246467991473532e-16f,0.664997144503594f,-0.7468458996353036f,0.6570096931371857f,0f,0f,0f,1f], start_interpolation: 0, interpolation_duration: 1 }
$data merge entity $(bone_neck_0) { transformation: [-1f,-1.4941180102103043e-17f,1.2154982091214735e-16f,-0.00009125000000004804f,0f,0.9925296093271552f,0.12200399423332242f,2.6026352157373527f,-1.2246467991473532e-16f,0.12200399423332242f,-0.9925296093271552f,0.39217701553756756f,0f,0f,0f,1f], start_interpolation: 0, interpolation_duration: 1 }
$data merge entity $(bone_neck_1) { transformation: [-1f,8.635248884260899e-17f,8.68380417634211e-17f,-0.00009125000000001767f,0f,0.7090864225006028f,-0.70512158201639f,2.3436987840047587f,-1.2246467991473532e-16f,-0.70512158201639f,-0.7090864225006028f,0.14420976777252542f,0f,0f,0f,1f], start_interpolation: 0, interpolation_duration: 1 }
$data merge entity $(bone_neck_2) { transformation: [-1f,1.2235669813586331e-16f,-5.141619191247052e-18f,-0.00009125000000001623f,0f,-0.04198450683761923f,-0.9991182618617288f,2.06538444222166f,-1.2246467991473532e-16f,-0.9991182618617288f,0.04198450683761923f,0.13251935027116207f,0f,0f,0f,1f], start_interpolation: 0, interpolation_duration: 1 }
$data merge entity $(bone_arm_right_3) { transformation: [0.8869685283675377f,-0.3989740835336302f,-0.23260806167032233f,-0.8645109376193385f,-0.4221320539835198f,-0.9046820152336768f,-0.057922191881768836f,0.9711996819502694f,-0.18732687656921884f,0.14956648013921303f,-0.9708442250606362f,0.216015093501711f,0f,0f,0f,1f], start_interpolation: 0, interpolation_duration: 1 }
$data merge entity $(bone_arm_right_4) { transformation: [0.4147253198065285f,-0.9042172339620286f,-0.10195147334605317f,-0.9552930892785179f,-0.43509959912582197f,-0.29545894691087493f,0.8505247495110687f,1.0948766140746007f,-0.7991816113699826f,-0.3083751035611907f,-0.515958862266851f,0.14748430346069075f,0f,0f,0f,1f], start_interpolation: 0, interpolation_duration: 1 }
$data merge entity $(bone_arm_right_2) { transformation: [0.8869685283675377f,-0.43059096216076953f,0.16696782022589657f,-0.8726366884950133f,-0.4221320539835198f,-0.6092424028299669f,0.6712884801585853f,1.050532275554694f,-0.18732687656921884f,-0.6658942242574502f,-0.7221450847408639f,0.06202362409558476f,0f,0f,0f,1f], start_interpolation: 0, interpolation_duration: 1 }
$data merge entity $(bone_arm_right_1) { transformation: [-0.3744169516158401f,0.27036785317087164f,0.8869685283675378f,-0.7214708286158125f,-0.4198159983165736f,0.8034668982335949f,-0.42213205398351955f,1.5300615596522689f,-0.8267807895084164f,-0.5304169750438427f,-0.18732687656921876f,-0.24793761813669396f,0f,0f,0f,1f], start_interpolation: 0, interpolation_duration: 1 }
$data merge entity $(bone_arm_right_0) { transformation: [0.03796052191286081f,0.4602671272876519f,0.8869685283675378f,-0.5396875f,0.470884678461067f,0.7746432395562958f,-0.42213205398351955f,1.8745300740269495f,-0.8813776820221402f,0.433684243370796f,-0.18732687656921876f,-0.038344682635116534f,0f,0f,0f,1f], start_interpolation: 0, interpolation_duration: 1 }
$data merge entity $(bone_arm_left_3) { transformation: [0.8855534307353256f,0.43296935887319776f,0.16832306909579278f,0.9111951434940632f,0.42607270437266914f,-0.9014018975737901f,0.07704978675461066f,0.9266056714336782f,0.18508693066085222f,0.0034861622599813846f,-0.9827159685134063f,0.12010367678435535f,0f,0f,0f,1f], start_interpolation: 0, interpolation_duration: 1 }
$data merge entity $(bone_arm_left_4) { transformation: [0.4553361904617426f,0.8892565157397424f,0.04349486027338331f,0.9937127895657853f,0.3424033727933724f,-0.2200020635355393f,0.9134325494199491f,1.0613365503337324f,0.8218448052737881f,-0.40102611043985414f,-0.40465933177176516f,0.06289982952908774f,0f,0f,0f,1f], start_interpolation: 0, interpolation_duration: 1 }
$data merge entity $(bone_arm_left_2) { transformation: [0.8855534307353256f,0.40151641015537004f,-0.2336229733755642f,0.906754666349192f,0.42607270437266914f,-0.5016594223406928f,0.7528611256834575f,1.0254980737849757f,0.18508693066085222f,-0.7662391247859556f,-0.6153214052394065f,-0.02228184145774395f,0f,0f,0f,1f], start_interpolation: 0, interpolation_duration: 1 }
$data merge entity $(bone_arm_left_1) { transformation: [-0.32944093989404044f,-0.3275115088582781f,-0.8855534307353257f,0.7219011156856872f,0.29511004936133234f,0.8552029638363707f,-0.4260727043726689f,1.5354164748146903f,0.8968716328927364f,-0.40170150884812683f,-0.18508693066085208f,-0.25613609582298424f,0f,0f,0f,1f], start_interpolation: 0, interpolation_duration: 1 }
$data merge entity $(bone_arm_left_0) { transformation: [0.05168969940156287f,-0.4616527875889745f,-0.8855534307353257f,0.5396875f,-0.4863360433207908f,0.7628494632334997f,-0.4260727043726689f,1.8745300740269495f,0.8722416109902429f,0.45270012166520435f,-0.18508693066085208f,-0.03834468263511642f,0f,0f,0f,1f], start_interpolation: 0, interpolation_duration: 1 }
$data merge entity $(bone_wing_right_2) { transformation: [1.558429847244654f,-2.1432158331470803f,-0.05978656997720814f,-3.4544766215027494f,-0.5901891343340294f,-0.35701101593695106f,-2.5881256889805293f,2.1798122331073007f,2.0872647656542034f,1.5310933486782352f,-0.6871722784822024f,2.1086414757772682f,0f,0f,0f,1f], start_interpolation: 0, interpolation_duration: 1 }
$data merge entity $(bone_wing_right_1) { transformation: [-1.553385771547845f,-2.33500210358339f,-0.06327423056852678f,-2.0188396172410545f,-0.5714137375085064f,0.4543070927254838f,-2.73910447860298f,2.684010591653646f,2.287289853551761f,-1.5079218460249697f,-0.7272586001431149f,-0.014697812544937516f,0f,0f,0f,1f], start_interpolation: 0, interpolation_duration: 1 }
$data merge entity $(bone_wing_right_0) { transformation: [-1.499614497735982f,-0.1226976609343019f,-0.03394683466351214f,-0.27479124999999993f,0.0011960467429161805f,0.39164875405707805f,-1.4695386419676526f,1.8871321866244435f,0.12596737458379176f,-1.464407923095395f,-0.39017665224609976f,-0.3692150099861218f,0f,0f,0f,1f], start_interpolation: 0, interpolation_duration: 1 }
$data merge entity $(bone_wing_left_2) { transformation: [1.558429847244655f,2.14321583314708f,0.059786569977208305f,3.4544766215027485f,0.5901891343340294f,-0.35701101593695106f,-2.5881256889805293f,2.1798122331073007f,-2.087264765654203f,1.5310933486782359f,-0.6871722784822024f,2.1086414757772687f,0f,0f,0f,1f], start_interpolation: 0, interpolation_duration: 1 }
$data merge entity $(bone_wing_left_1) { transformation: [-1.5533857715478443f,2.335002103583391f,0.06327423056852696f,2.0188396172410545f,0.5714137375085064f,0.4543070927254838f,-2.73910447860298f,2.684010591653646f,-2.2872898535517616f,-1.507921846024969f,-0.7272586001431149f,-0.014697812544937072f,0f,0f,0f,1f], start_interpolation: 0, interpolation_duration: 1 }
$data merge entity $(bone_wing_left_0) { transformation: [-1.499614497735982f,0.12269766093430223f,0.03394683466351224f,0.27479125000000004f,-0.0011960467429161805f,0.39164875405707805f,-1.4695386419676526f,1.8871321866244435f,-0.12596737458379212f,-1.464407923095395f,-0.39017665224609976f,-0.3692150099861218f,0f,0f,0f,1f], start_interpolation: 0, interpolation_duration: 1 }
$data merge entity $(bone_body_0) { transformation: [-1f,1.2222348206992532e-16f,-7.682334106326019e-18f,-2.5826445203721262e-17f,0f,-0.06273101854081325f,-0.9980304701324666f,1.375640299035258f,-1.2246467991473532e-16f,-0.9980304701324666f,0.06273101854081325f,0.21088892913207824f,0f,0f,0f,1f], start_interpolation: 0, interpolation_duration: 1 }
$data merge entity $(bone_leg_right_3) { transformation: [-0.989589150732431f,0.07812382279817108f,0.12087175461647731f,-0.5819308405455017f,0.14261220833211f,0.6453005308900204f,0.750499155807451f,-0.26099456086289685f,-0.019366744365142755f,0.7599236100717345f,-0.6497238152232359f,-0.5154472950104142f,0f,0f,0f,1f], start_interpolation: 0, interpolation_duration: 1 }
$data merge entity $(bone_leg_right_2) { transformation: [-0.989589150732431f,0.13089738094354997f,0.059826318746728f,-0.49934513366204186f,0.14261220833211f,0.9477895021576411f,0.2852311652579528f,0.2772855489517466f,-0.019366744365142755f,0.2907936300228907f,-0.9565897730745427f,-0.37842010167105067f,0f,0f,0f,1f], start_interpolation: 0, interpolation_duration: 1 }
$data merge entity $(bone_leg_right_1) { transformation: [-0.9352800249190883f,0.3533502738863906f,-0.019871057640756112f,-0.466393756896854f,0.3454159795928723f,0.8991701186248079f,-0.2686650308732885f,0.48040987012462677f,-0.07706540098673303f,-0.25814081761058516f,-0.9630286819477873f,0.13210240766848402f,0f,0f,0f,1f], start_interpolation: 0, interpolation_duration: 1 }
$data merge entity $(bone_leg_right_0) { transformation: [-0.9352800249190883f,0.22392167837121182f,-0.274062687979902f,-0.28968749999999993f,0.3454159795928723f,0.4089342452376783f,-0.844665960077584f,0.883600658376601f,-0.07706540098673303f,-0.884664832028102f,-0.45981415696283656f,-0.4080400003900486f,0f,0f,0f,1f], start_interpolation: 0, interpolation_duration: 1 }
$data merge entity $(bone_leg_left_3) { transformation: [-0.9572893888846041f,-0.2095767550562903f,-0.19918486305193195f,0.8254897736362949f,-0.2876688022739642f,0.7595880938099577f,0.5833288848843485f,-0.3490425218874553f,0.029046275616748336f,0.6157138227149286f,-0.7874343162388628f,-0.5483505479505941f,0f,0f,0f,1f], start_interpolation: 0, interpolation_duration: 1 }
$data merge entity $(bone_leg_left_2) { transformation: [-0.9572893888846041f,-0.286740612073385f,0.03710589328828652f,0.6584035420412767f,-0.2876688022739642f,0.9316778685994059f,-0.22186259116924395f,0.16520466750285367f,0.029046275616748336f,-0.22306091219630717f,-0.97437166590729f,-0.6999234569202131f,0f,0f,0f,1f], start_interpolation: 0, interpolation_duration: 1 }
$data merge entity $(bone_leg_left_1) { transformation: [-0.9393220406908892f,-0.3371469077557927f,0.06329349463420735f,0.6027182304284575f,-0.34297712351674947f,0.9264700318162955f,-0.15498378266931273f,0.30786580063865254f,-0.006387222908264073f,-0.16728790373789532f,-0.9858873975492844f,-0.1712217803690665f,0f,0f,0f,1f], start_interpolation: 0, interpolation_duration: 1 }
$data merge entity $(bone_leg_left_0) { transformation: [-0.8750588080034061f,-0.4834890348793769f,-0.022592823795767533f,0.28968750000000004f,-0.3791718294710731f,0.7137734980286425f,-0.5888600149844739f,0.883600658376601f,0.3008335191949484f,-0.5067205804616229f,-0.8079192082537824f,-0.4080400003900485f,0f,0f,0f,1f], start_interpolation: 0, interpolation_duration: 1 }
$data merge entity $(bone_tail_3) { transformation: [-0.22550187894207865f,0.9080754540215165f,-0.9174934952376819f,-1.6550049307625254f,0.16798373475548511f,0.944110024552752f,0.8931316631957749f,0.32317504738362623f,1.2799128129905726f,0.036078702150557425f,-0.27886907286384505f,-2.798968109939f,0f,0f,0f,1f], start_interpolation: 0, interpolation_duration: 1 }
$data merge entity $(bone_tail_2) { transformation: [-0.5227560432223685f,0.2813889129920118f,-0.8047026773409338f,-0.8686021331609266f,-0.08563288568945812f,0.9218447177235675f,0.37798058851434724f,-0.0507045451929336f,0.8481704593788852f,0.2665006492493594f,-0.45780375248208754f,-2.3520291459032996f,0f,0f,0f,1f], start_interpolation: 0, interpolation_duration: 1 }
$data merge entity $(bone_tail_1) { transformation: [-0.8733611587011778f,0.10277352224276672f,-0.47610701485900353f,-0.4159510094592141f,0.05811252624080214f,0.9924900118529225f,0.10764065526601724f,-0.15694065694624615f,0.4835940660988799f,0.06634138601205897f,-0.8727746557594067f,-1.5217841390644269f,0f,0f,0f,1f], start_interpolation: 0, interpolation_duration: 1 }
$data merge entity $(bone_tail_0) { transformation: [-0.8993832704197102f,-0.16709754995264425f,-0.4039655204209511f,8.202742838731656e-17f,0.003129146676297462f,0.9215814280270025f,-0.3881724873774402f,0.37252649431657314f,0.4371497927830053f,-0.3503799085500399f,-0.8283320459539405f,-0.6698047832601796f,0f,0f,0f,1f], start_interpolation: 0, interpolation_duration: 1 }
$data merge entity $(bone_body_1) { transformation: [-1f,1.0587160063320763e-16f,6.155324529203286e-17f,2.785268602468265e-17f,0f,0.5026203909150673f,-0.8645072253234122f,0.8069134313699012f,-1.2246467991473532e-16f,-0.8645072253234122f,-0.5026203909150673f,-0.22743444104924598f,0f,0f,0f,1f], start_interpolation: 0, interpolation_duration: 1 }