# This file was generated by Animated Java via MC-Build. It is not recommended to edit this file directly.
$data merge entity $(bone_head_lower) { transformation: [-1f,-8.415589919233591e-17f,8.896843517646008e-17f,-0.033270625000000074f,0f,0.7264824048730081f,0.6871850663467091f,2.18055612953896f,-1.2246467991473532e-16f,0.6871850663467091f,-0.7264824048730081f,0.6673189947879179f,0f,0f,0f,1f], start_interpolation: 0, interpolation_duration: 1 }
$data merge entity $(bone_horne_right) { transformation: [-0.8433914458128857f,-7.267251793878105e-17f,-0.5372996083468238f,-0.2237750000000001f,-0.31884226091368184f,0.8048958205289132f,0.5004820983317381f,2.554002560959477f,0.43247020913018036f,0.5934161424288085f,-0.6788422498046291f,0.7652048189254996f,0f,0f,0f,1f], start_interpolation: 0, interpolation_duration: 1 }
$data merge entity $(bone_horne_left) { transformation: [-0.8433914458128857f,-7.267251793878105e-17f,0.537299608346824f,0.2237749999999999f,0.31884226091368184f,0.8048958205289132f,0.5004820983317381f,2.554002560959477f,-0.4324702091301806f,0.5934161424288085f,-0.6788422498046289f,0.7652048189254997f,0f,0f,0f,1f], start_interpolation: 0, interpolation_duration: 1 }
$data merge entity $(bone_head_upper) { transformation: [-1f,-7.267251793878105e-17f,9.857130902578158e-17f,-7.929583639015858e-17f,0f,0.8048958205289132f,0.5934161424288085f,2.178960705300809f,-1.2246467991473532e-16f,0.5934161424288085f,-0.8048958205289132f,0.6476201715457717f,0f,0f,0f,1f], start_interpolation: 0, interpolation_duration: 1 }
$data merge entity $(bone_neck_0) { transformation: [-1f,-3.874002122247595e-17f,1.161757658993505e-16f,-0.00009125000000004934f,0f,0.9486471199715429f,0.3163362795660613f,2.3054918478834585f,-1.2246467991473532e-16f,0.3163362795660613f,-0.9486471199715429f,0.4030160619448037f,0f,0f,0f,1f], start_interpolation: 0, interpolation_duration: 1 }
$data merge entity $(bone_neck_1) { transformation: [-1f,6.814866141474078e-17f,1.017514509675297e-16f,-0.00009125000000001347f,0f,0.830863650142825f,-0.5564760505820009f,2.0987648190469548f,-1.2246467991473532e-16f,-0.5564760505820009f,-0.830863650142825f,0.11010008902593131f,0f,0f,0f,1f], start_interpolation: 0, interpolation_duration: 1 }
$data merge entity $(bone_neck_2) { transformation: [-1f,1.201724428028808e-16f,2.3583507317761744e-17f,-0.00009125000000000412f,0f,0.19257395139710076f,-0.9812824635360133f,1.8308817630976408f,-1.2246467991473532e-16f,-0.9812824635360133f,-0.19257395139710076f,0.03371810791276392f,0f,0f,0f,1f], start_interpolation: 0, interpolation_duration: 1 }
$data merge entity $(bone_arm_right_3) { transformation: [0.8819075573734927f,-0.4713670285988355f,-0.007223890740062799f,-0.918900392582761f,-0.46512063271241677f,-0.8725136315224645f,0.14960868902801788f,0.7326109056129111f,-0.07682354634303751f,-0.1285810528708865f,-0.9887188961327145f,0.2544511215843468f,0f,0f,0f,1f], start_interpolation: 0, interpolation_duration: 1 }
$data merge entity $(bone_arm_right_4) { transformation: [0.644930619755488f,-0.7358767416280115f,-0.20627631185558645f,-1.009299675144872f,-0.2915103643075599f,-0.4863739803606608f,0.8236880833965011f,0.8351150771916256f,-0.7064603337789574f,-0.47108998329307383f,-0.5281931696243862f,0.1567028924217672f,0f,0f,0f,1f], start_interpolation: 0, interpolation_duration: 1 }
$data merge entity $(bone_arm_right_2) { transformation: [0.8819075573734927f,-0.4412619748500948f,0.16591241604808868f,-0.9277541173093263f,-0.46512063271241677f,-0.7570980990480695f,0.4587649348446335f,0.7692572904585262f,-0.07682354634303751f,-0.48175755102457307f,-0.8729305841578041f,0.08518294701697718f,0f,0f,0f,1f], start_interpolation: 0, interpolation_duration: 1 }
$data merge entity $(bone_arm_right_1) { transformation: [-0.3057293512428468f,0.35884345338343243f,0.8819075573734927f,-0.7243984937959249f,-0.44024905260236474f,0.7680127399385516f,-0.4651206327124167f,1.2283241399499687f,-0.8442217335933423f,-0.5304599959053753f,-0.07682354634303754f,-0.22591115654303087f,0f,0f,0f,1f], start_interpolation: 0, interpolation_duration: 1 }
$data merge entity $(bone_arm_right_0) { transformation: [0.06107595817270573f,0.46744923529812893f,0.8819075573734927f,-0.5396875f,0.27431749814857453f,0.8416725653332819f,-0.4651206327124167f,1.6064587246622384f,-0.9596976802841573f,0.27033036304582314f,-0.07682354634303754f,-0.08978981660798063f,0f,0f,0f,1f], start_interpolation: 0, interpolation_duration: 1 }
$data merge entity $(bone_arm_left_3) { transformation: [0.8861880511832796f,0.4622883778501367f,0.030986991539521253f,0.9000368196195159f,0.45534818543205996f,-0.8813369463676319f,0.12610795768352012f,0.7325823448582163f,0.08560822369206947f,-0.09764549488874263f,-0.9915324449377446f,0.2958347894532912f,0f,0f,0f,1f], start_interpolation: 0, interpolation_duration: 1 }
$data merge entity $(bone_arm_left_4) { transformation: [0.633100607540898f,0.7394451655670189f,0.2289202215858399f,0.9939368332834869f,0.29974071628368865f,-0.5068518954867182f,0.8082429455573754f,0.831570158155066f,0.7136799869220709f,-0.44308238868305905f,-0.5425300665454661f,0.1977631215985169f,0f,0f,0f,1f], start_interpolation: 0, interpolation_duration: 1 }
$data merge entity $(bone_arm_left_2) { transformation: [0.8861880511832796f,0.4415171567342688f,-0.1404754008688649f,0.9131048323587575f,0.45534818543205996f,-0.7739153210010609f,0.4401285107142635f,0.7651027945979991f,0.08560822369206947f,-0.45400184606355126f,-0.886878546254884f,0.12599749002549915f,0f,0f,0f,1f], start_interpolation: 0, interpolation_duration: 1 }
$data merge entity $(bone_arm_left_1) { transformation: [-0.31827053878836253f,-0.33671145225451793f,-0.8861880511832796f,0.7228429961802496f,0.46398764477510457f,0.7598509692826494f,-0.4553481854320599f,1.2192881205027015f,0.8266917984566056f,-0.5561042190101346f,-0.0856082236920695f,-0.2001796805630479f,0f,0f,0f,1f], start_interpolation: 0, interpolation_duration: 1 }
$data merge entity $(bone_arm_left_0) { transformation: [0.022405304538242958f,-0.4627836862601465f,-0.8861880511832796f,0.5396875f,-0.2266688539955183f,0.8609757607808066f,-0.4553481854320599f,1.6064587246622384f,0.973714143348502f,0.21107344475177728f,-0.0856082236920695f,-0.08978981660798052f,0f,0f,0f,1f], start_interpolation: 0, interpolation_duration: 1 }
$data merge entity $(bone_wing_right_2) { transformation: [-2.523158707770706f,0.6629531292116627f,-0.13585809859673545f,-3.190600707903084f,0.3005892406158505f,1.0249340426776812f,-2.419711552934679f,3.5637793682666494f,-0.3371781608793453f,-2.253519410481486f,-1.1404881997921439f,-2.361932926309822f,0f,0f,0f,1f], start_interpolation: 0, interpolation_duration: 1 }
$data merge entity $(bone_wing_right_1) { transformation: [-2.254330719126401f,1.5940606720042498f,-0.1437834058466404f,-1.1055591391141997f,0.6785345557990518f,0.9041125358515859f,-2.560865872855455f,2.9133324479511455f,-1.1710676347787332f,-2.108095112722485f,-1.2070187893676183f,-1.2902122505362512f,0f,0f,0f,1f], start_interpolation: 0, interpolation_duration: 1 }
$data merge entity $(bone_wing_right_0) { transformation: [-0.7457923212303844f,1.279834629807711f,-0.07714027435460305f,-0.27479125f,0.5324350126030186f,0.29037526444906664f,-1.3739130385331988f,1.54424447635854f,-1.040797462602748f,-0.7685307761689648f,-0.6475695857579692f,-0.4150026301182834f,0f,0f,0f,1f], start_interpolation: 0, interpolation_duration: 1 }
$data merge entity $(bone_wing_left_2) { transformation: [-2.5231587077707065f,-0.6629531292116627f,0.1358580985967357f,3.1906007079030845f,-0.3005892406158505f,1.0249340426776812f,-2.419711552934679f,3.5637793682666494f,0.33717816087934444f,-2.253519410481486f,-1.1404881997921439f,-2.3619329263098208f,0f,0f,0f,1f], start_interpolation: 0, interpolation_duration: 1 }
$data merge entity $(bone_wing_left_1) { transformation: [-2.2543307191264015f,-1.5940606720042498f,0.14378340584664068f,1.1055591391142f,-0.6785345557990518f,0.9041125358515859f,-2.560865872855455f,2.9133324479511455f,1.1710676347787323f,-2.108095112722485f,-1.2070187893676183f,-1.2902122505362508f,0f,0f,0f,1f], start_interpolation: 0, interpolation_duration: 1 }
$data merge entity $(bone_wing_left_0) { transformation: [-0.7457923212303846f,-1.279834629807711f,0.07714027435460319f,0.27479125f,-0.5324350126030186f,0.29037526444906664f,-1.3739130385331988f,1.54424447635854f,1.0407974626027476f,-0.7685307761689653f,-0.6475695857579692f,-0.4150026301182834f,0f,0f,0f,1f], start_interpolation: 0, interpolation_duration: 1 }
$data merge entity $(bone_body_0) { transformation: [-1f,1.173558949529098e-16f,-3.500273912739085e-17f,-3.249796375145556e-17f,0f,-0.2858190553534384f,-0.9582836049922112f,1.176490425774836f,-1.2246467991473532e-16f,-0.9582836049922112f,0.2858190553534384f,0.26536601225824374f,0f,0f,0f,1f], start_interpolation: 0, interpolation_duration: 1 }
$data merge entity $(bone_leg_right_3) { transformation: [-0.9826084053905006f,-0.04100399037215622f,0.1811060309031638f,-0.4340495130079132f,0.12906135921833134f,0.5504168947707185f,0.8248541734801834f,-0.20033965081364846f,-0.13350613174178347f,0.8338824345940617f,-0.5355522365398413f,-0.8319899937829881f,0f,0f,0f,1f], start_interpolation: 0, interpolation_duration: 1 }
$data merge entity $(bone_leg_right_2) { transformation: [-0.9826084053905006f,-0.025942408619797963f,0.1838687387538758f,-0.4360796122933003f,0.12906135921833134f,0.6165088897708423f,0.7766981102012802f,0.16571485044131734f,-0.13350613174178347f,0.7869204408760306f,-0.6024386545689272f,-0.4061469380384587f,0f,0f,0f,1f], start_interpolation: 0, interpolation_duration: 1 }
$data merge entity $(bone_leg_right_1) { transformation: [-0.9352800249190883f,0.3210976505568797f,0.14882060944036446f,-0.49739727992119465f,0.3391232549279663f,0.9333934616383663f,0.11735443637889831f,0.1598737343990052f,-0.10122595000498208f,0.16022778965460133f,-0.9818759404670173f,0.140830703757854f,0f,0f,0f,1f], start_interpolation: 0, interpolation_duration: 1 }
$data merge entity $(bone_leg_right_0) { transformation: [-0.9352800249190883f,0.2816903383320725f,-0.21424711964857795f,-0.2896875f,0.3391232549279663f,0.5401767204629896f,-0.7701977204828061f,0.6420397771361933f,-0.10122595000498208f,-0.7930067237799513f,-0.6007442409922686f,-0.3173333372768661f,0f,0f,0f,1f], start_interpolation: 0, interpolation_duration: 1 }
$data merge entity $(bone_leg_left_3) { transformation: [-0.984173931670749f,-0.042705757017924985f,-0.1719822390168999f,0.6332923098002039f,-0.14801385643075543f,0.7317472819945767f,0.6653103137619656f,-0.7545755866803614f,0.09743495535092012f,0.6802368217107004f,-0.7264876432980045f,-0.7709861118710317f,0f,0f,0f,1f], start_interpolation: 0, interpolation_duration: 1 }
$data merge entity $(bone_leg_left_2) { transformation: [-0.984173931670749f,-0.1586605683383333f,-0.07892082281817137f,0.5346542034716426f,-0.14801385643075543f,0.980901603544263f,-0.12619010448045875f,-0.2090376437050539f,0.09743495535092012f,-0.11251163592646979f,-0.9888617503255516f,-0.8604355616857423f,0f,0f,0f,1f], start_interpolation: 0, interpolation_duration: 1 }
$data merge entity $(bone_leg_left_1) { transformation: [-0.9757758957534007f,-0.2184129986604988f,-0.012536478085068525f,0.5278592775081333f,-0.20829557383665395f,0.9450406785888563f,-0.2520140268563892f,-0.012152430356162536f,0.06689062106683885f,-0.24329791990159477f,-0.9676423755628158f,-0.3464622575436771f,0f,0f,0f,1f], start_interpolation: 0, interpolation_duration: 1 }
$data merge entity $(bone_leg_left_0) { transformation: [-0.8750588080034062f,-0.41904131050644144f,-0.24223224934905335f,0.2896875f,-0.357019142378626f,0.8967329110225712f,-0.26154811844900666f,0.6420397771361933f,0.32681709641768764f,-0.14238843484647695f,-0.934299801515061f,-0.3173333372768661f,0f,0f,0f,1f], start_interpolation: 0, interpolation_duration: 1 }
$data merge entity $(bone_tail_3) { transformation: [-0.6451522753119919f,0.37191112173395485f,1.0782889689673179f,0.9148801310372809f,0.18857386215502997f,1.2565514356992875f,-0.32056953903988505f,0.2168071617495209f,-1.1249288340059318f,-0.0026548783211450748f,-0.6721417346433745f,-3.0987712719338063f,0f,0f,0f,1f], start_interpolation: 0, interpolation_duration: 1 }
$data merge entity $(bone_tail_2) { transformation: [-0.7373988089898582f,-0.018857884953029175f,0.6751943251208774f,0.2541141024183687f,0.1947197728853468f,0.9512385716615719f,0.23922664949944752f,-0.021392359432092722f,-0.6467821940559414f,0.3078791320605392f,-0.697770186733305f,-2.4171416137423645f,0f,0f,0f,1f], start_interpolation: 0, interpolation_duration: 1 }
$data merge entity $(bone_tail_1) { transformation: [-0.9272102767615593f,0.0435165111616735f,0.3720045912674584f,-0.10003853826897458f,0.13775798834567426f,0.9632285048383284f,0.2306806973152963f,-0.24459645187631196f,-0.3482870071000437f,0.2651361173496253f,-0.8991101155932235f,-1.5625997699335903f,0f,0f,0f,1f], start_interpolation: 0, interpolation_duration: 1 }
$data merge entity $(bone_tail_0) { transformation: [-0.9918449975077795f,-0.07735995162161623f,-0.10128641964199296f,6.642671832268594e-17f,-0.053036371942289995f,0.9731634691767493f,-0.22391964074433718f,0.11378254378294161f,0.11589065609440552f,-0.21672171129117435f,-0.9693302098279166f,-0.5424153181875363f,0f,0f,0f,1f], start_interpolation: 0, interpolation_duration: 1 }
$data merge entity $(bone_body_1) { transformation: [-1f,1.099477485783376e-16f,5.393598436269834e-17f,1.613724741278962e-17f,0f,0.4404207351887146f,-0.8977914991888886f,0.5782763184530708f,-1.2246467991473532e-16f,-0.8977914991888886f,-0.4404207351887146f,-0.131770625f,0f,0f,0f,1f], start_interpolation: 0, interpolation_duration: 1 }