# This file was generated by Animated Java via MC-Build. It is not recommended to edit this file directly.
$data merge entity $(bone_head_lower) { transformation: [-1f,-8.583324030825382e-17f,8.735131759054422e-17f,-0.03327062500000009f,0f,0.7132776376940815f,0.7008815959672149f,2.402647718023057f,-1.2246467991473532e-16f,0.7008815959672149f,-0.7132776376940815f,0.7355058156265981f,0f,0f,0f,1f], start_interpolation: 0, interpolation_duration: 1 }
$data merge entity $(bone_horne_right) { transformation: [-0.8433914458128857f,-8.053746438612278e-17f,-0.5372996083468238f,-0.2237750000000001f,-0.3533488031164432f,0.7533338312133745f,0.5546465199436086f,2.766772571209044f,0.40476597246535834f,0.6576383038946094f,-0.6353553090868085f,0.8637905107390542f,0f,0f,0f,1f], start_interpolation: 0, interpolation_duration: 1 }
$data merge entity $(bone_horne_left) { transformation: [-0.8433914458128857f,-8.053746438612278e-17f,0.537299608346824f,0.2237749999999999f,0.3533488031164432f,0.7533338312133745f,0.5546465199436086f,2.766772571209044f,-0.40476597246535856f,0.6576383038946094f,-0.6353553090868083f,0.8637905107390543f,0f,0f,0f,1f], start_interpolation: 0, interpolation_duration: 1 }
$data merge entity $(bone_head_upper) { transformation: [-1f,-8.053746438612278e-17f,9.225678650848713e-17f,-8.764419311829696e-17f,0f,0.7533338312133745f,0.6576383038946094f,2.4026787182935414f,-1.2246467991473532e-16f,0.6576383038946094f,-0.7533338312133745f,0.715742514925343f,0f,0f,0f,1f], start_interpolation: 0, interpolation_duration: 1 }
$data merge entity $(bone_neck_0) { transformation: [-1f,-2.882336129855179e-17f,1.1902441627696275e-16f,-0.0000912500000000565f,0f,0.9719081155467209f,0.2353606061651386f,2.5081710868663016f,-1.2246467991473532e-16f,0.2353606061651386f,-0.9719081155467209f,0.4613556822278505f,0f,0f,0f,1f], start_interpolation: 0, interpolation_duration: 1 }
$data merge entity $(bone_neck_1) { transformation: [-1f,7.340373547384078e-17f,9.802800337202108e-17f,-0.000091250000000022f,0f,0.8004593931921595f,-0.5993869867209658f,2.286330648246435f,-1.2246467991473532e-16f,-0.5993869867209658f,-0.8004593931921595f,0.17971290948989546f,0f,0f,0f,1f], start_interpolation: 0, interpolation_duration: 1 }
$data merge entity $(bone_neck_2) { transformation: [-1f,1.208390870554143e-16f,1.9887505279259356e-17f,-0.00009125000000001366f,0f,0.16239380442676044f,-0.9867260269617918f,2.0162314190341126f,-1.2246467991473532e-16f,-0.9867260269617918f,-0.16239380442676044f,0.11158108812553624f,0f,0f,0f,1f], start_interpolation: 0, interpolation_duration: 1 }
$data merge entity $(bone_arm_right_3) { transformation: [0.8884177069559878f,-0.37100822240212317f,-0.2703088546035466f,-0.8717607806851572f,-0.4333875185807157f,-0.8720091507721737f,-0.22754186363841228f,0.9093064774911094f,-0.15129189239848398f,0.3193007044771569f,-0.9354987030535512f,0.28962268309227995f,0f,0f,0f,1f], start_interpolation: 0, interpolation_duration: 1 }
$data merge entity $(bone_arm_right_4) { transformation: [0.3293769539929331f,-0.926912871498706f,-0.1798425723469293f,-0.9684964755522407f,-0.4866628262853886f,-0.3298822995133709f,0.8089109728392165f,1.0172936625491193f,-0.8091168739374148f,-0.1789139377404504f,-0.5597496647537642f,0.20468255720920445f,0f,0f,0f,1f], start_interpolation: 0, interpolation_duration: 1 }
$data merge entity $(bone_arm_right_2) { transformation: [0.8884177069559878f,-0.44341232912779555f,0.11874124954929578f,-0.8885094747127528f,-0.4333875185807157f,-0.7249736505545971f,0.5353395789029523f,0.9599202023391995f,-0.15129189239848398f,-0.5270661366270878f,-0.8362487972580177f,0.1246051295092504f,0f,0f,0f,1f], start_interpolation: 0, interpolation_duration: 1 }
$data merge entity $(bone_arm_right_1) { transformation: [-0.3498184027564247f,0.2972222452307505f,0.8884177069559879f,-0.7215396686446667f,-0.4258045223602145f,0.7942705883236766f,-0.43338751858071556f,1.4341440278137827f,-0.834456466108648f,-0.5298992068912276f,-0.15129189239848398f,-0.18540820955887083f,0f,0f,0f,1f], start_interpolation: 0, interpolation_duration: 1 }
$data merge entity $(bone_arm_right_0) { transformation: [-0.0038587310270714555f,0.4590197034571885f,0.8884177069559879f,-0.5396875f,0.3225236233965351f,0.8415187289000879f,-0.43338751858071556f,1.8107137425935018f,-0.9465535497509004f,0.2848633720723934f,-0.15129189239848398f,-0.041331933787093655f,0f,0f,0f,1f], start_interpolation: 0, interpolation_duration: 1 }
$data merge entity $(bone_arm_left_3) { transformation: [0.8864491968136927f,0.393144919095988f,0.2442230416184516f,0.8953282197956922f,0.43880931615484614f,-0.8816890071328005f,-0.17340956939249907f,0.8920671692830551f,0.14715367995424097f,0.26088611938963835f,-0.9540881653105961f,0.24602152701907695f,0f,0f,0f,1f], start_interpolation: 0, interpolation_duration: 1 }
$data merge entity $(bone_arm_left_4) { transformation: [0.3474859131604916f,0.9254824195208566f,0.15078405523409982f,0.9878235389776285f,0.44833173589360387f,-0.3052131757121621f,0.8401449708010659f,1.00591780453599f,0.8235606806700076f,-0.22433726513782204f,-0.5209804187537525f,0.1640672680379968f,0f,0f,0f,1f], start_interpolation: 0, interpolation_duration: 1 }
$data merge entity $(bone_arm_left_2) { transformation: [0.8864491968136927f,0.4370311561657985f,-0.15235350343442813f,0.9062031000421831f,0.43880931615484614f,-0.6889475182450296f,0.5768862116221275f,0.9516004992534415f,0.14715367995424097f,-0.5782344556011854f,-0.8024903169705693f,0.08350820298865239f,0f,0f,0f,1f], start_interpolation: 0, interpolation_duration: 1 }
$data merge entity $(bone_arm_left_1) { transformation: [-0.3296552382303126f,-0.3248618866159504f,-0.8864491968136928f,0.722923181014258f,0.3754549479573052f,0.8163822426474581f,-0.438809316154846f,1.4388557060756169f,0.8662338055985188f,-0.4774775267111863f,-0.14715367995424095f,-0.1955370583796858f,0f,0f,0f,1f], start_interpolation: 0, interpolation_duration: 1 }
$data merge entity $(bone_arm_left_0) { transformation: [0.012953021510411552f,-0.4626446159873792f,-0.8864491968136928f,0.5396875f,-0.341343054674168f,0.831222775843771f,-0.438809316154846f,1.8107137425935018f,0.9398495295841022f,0.30826718316497137f,-0.14715367995424095f,-0.041331933787093544f,0f,0f,0f,1f], start_interpolation: 0, interpolation_duration: 1 }
$data merge entity $(bone_wing_right_2) { transformation: [-0.4380525460719435f,-2.6271186065697494f,-0.38689413214225593f,-4.090788337718862f,-0.6926998760243477f,0.4977787710056512f,-2.5403172746055094f,3.126821675947248f,2.5523765300208208f,-0.3282483141678962f,-0.7558279110218971f,0.10307735452319555f,0f,0f,0f,1f], start_interpolation: 0, interpolation_duration: 1 }
$data merge entity $(bone_wing_right_1) { transformation: [-2.603495082747916f,-1.0803763392076517f,-0.40946367272970524f,-1.686201475671095f,0.0582207701830721f,0.900885433226434f,-2.68850715155388f,3.049130607893969f,1.1370018622064266f,-2.474827318551637f,-0.7999192716752126f,-0.9570845337105192f,0f,0f,0f,1f], start_interpolation: 0, interpolation_duration: 1 }
$data merge entity $(bone_wing_right_0) { transformation: [-1.304219005271282f,0.765495488847298f,-0.21967861914679276f,-0.27479125f,0.40455643294264276f,0.26630008761006074f,-1.442393008108206f,1.7933565072664313f,-0.6920980389330409f,-1.2868702139963797f,-0.4291593436336864f,-0.3719869097742726f,0f,0f,0f,1f], start_interpolation: 0, interpolation_duration: 1 }
$data merge entity $(bone_wing_left_2) { transformation: [-0.4380525460719427f,2.627118606569749f,0.3868941321422561f,4.090788337718861f,0.6926998760243477f,0.4977787710056512f,-2.5403172746055094f,3.126821675947248f,-2.5523765300208208f,-0.32824831416789557f,-0.7558279110218971f,0.10307735452319633f,0f,0f,0f,1f], start_interpolation: 0, interpolation_duration: 1 }
$data merge entity $(bone_wing_left_1) { transformation: [-2.603495082747916f,1.0803763392076522f,0.4094636727297054f,1.686201475671095f,-0.0582207701830721f,0.900885433226434f,-2.68850715155388f,3.049130607893969f,-1.1370018622064273f,-2.4748273185516365f,-0.7999192716752126f,-0.9570845337105188f,0f,0f,0f,1f], start_interpolation: 0, interpolation_duration: 1 }
$data merge entity $(bone_wing_left_0) { transformation: [-1.304219005271282f,-0.7654954888472977f,0.21967861914679285f,0.27479125f,-0.40455643294264276f,0.26630008761006074f,-1.442393008108206f,1.7933565072664313f,0.6920980389330406f,-1.28687021399638f,-0.4291593436336864f,-0.3719869097742726f,0f,0f,0f,1f], start_interpolation: 0, interpolation_duration: 1 }
$data merge entity $(bone_body_0) { transformation: [-1f,1.21028725242177e-16f,-1.869880993197698e-17f,-3.0858237960387643e-17f,0f,-0.15268737030951152f,-0.9882745402710553f,1.336394773693712f,-1.2246467991473532e-16f,-0.9882745402710553f,0.15268737030951152f,0.251976635074475f,0f,0f,0f,1f], start_interpolation: 0, interpolation_duration: 1 }
$data merge entity $(bone_leg_right_3) { transformation: [-0.9873770816837413f,0.014951259613196266f,0.15767992390179913f,-0.49297445956840513f,0.13174012274927657f,0.6301809655441248f,0.7651904930955951f,-0.12897972229915694f,-0.08792632497553796f,0.7763043285347915f,-0.6241959234682991f,-0.7113484515694009f,0f,0f,0f,1f], start_interpolation: 0, interpolation_duration: 1 }
$data merge entity $(bone_leg_right_2) { transformation: [-0.9873770816837413f,0.05005289579714568f,0.15027044349444918f,-0.4532680315992621f,0.13174012274927657f,0.7862184206503534f,0.6037426066529257f,0.32749477617710154f,-0.08792632497553796f,0.6159182597166478f,-0.7828880243840189f,-0.3866997812552466f,0f,0f,0f,1f], start_interpolation: 0, interpolation_duration: 1 }
$data merge entity $(bone_leg_right_1) { transformation: [-0.9352800249190883f,0.3431300142562738f,0.08667795742770398f,-0.4792244136765206f,0.34314534673657093f,0.9391594516036883f,-0.01519195433437548f,0.3945003419289437f,-0.0866172384712652f,0.015534406327522787f,-0.9961205430165886f,0.15902454110242048f,0f,0f,0f,1f], start_interpolation: 0, interpolation_duration: 1 }
$data merge entity $(bone_leg_right_0) { transformation: [-0.9352800249190883f,0.24696639144266425f,-0.25349334603720525f,-0.2896875f,0.34314534673657093f,0.45751036321465904f,-0.8203264829104502f,0.8273760031806454f,-0.0866172384712652f,-0.8542200354996243f,-0.5126456719320202f,-0.3530654453168579f,0f,0f,0f,1f], start_interpolation: 0, interpolation_duration: 1 }
$data merge entity $(bone_leg_left_3) { transformation: [-0.9727655689236049f,-0.15274159301503518f,-0.17434779516806287f,0.7443608926891709f,-0.22471307770841578f,0.8059016967314607f,0.5477467370164457f,-0.4647795045525632f,0.056843474766651525f,0.5720073959037428f,-0.8182764559779729f,-0.6342983917827374f,0f,0f,0f,1f], start_interpolation: 0, interpolation_duration: 1 }
$data merge entity $(bone_leg_left_2) { transformation: [-0.9727655689236049f,-0.23156118502911457f,-0.010323056942961012f,0.6068038947829432f,-0.22471307770841578f,0.9530467944107405f,-0.20299221751146684f,0.06244843224797039f,0.056843474766651525f,-0.19514411405759435f,-0.9791259337414823f,-0.7701332264241032f,0f,0f,0f,1f], start_interpolation: 0, interpolation_duration: 1 }
$data merge entity $(bone_leg_left_1) { transformation: [-0.9595768554420453f,-0.28055157032174005f,0.02242933101904472f,0.5770033812367943f,-0.2807064675808003f,0.9482328407722145f,-0.14852056672180014f,0.20293516972221826f,0.020399449950066623f,-0.14881295666393213f,-0.9886549278543415f,-0.23876337254525587f,0f,0f,0f,1f], start_interpolation: 0, interpolation_duration: 1 }
$data merge entity $(bone_leg_left_0) { transformation: [-0.8750588080034062f,-0.4672063522332624f,-0.12645278553099024f,0.2896875f,-0.3706811045766554f,0.8148785272941201f,-0.44561026072656384f,0.8273760031806454f,0.3112356040775034f,-0.3430615253680518f,-0.8862511994726195f,-0.35306544531685785f,0f,0f,0f,1f], start_interpolation: 0, interpolation_duration: 1 }
$data merge entity $(bone_tail_3) { transformation: [-1.2784518407625347f,0.14087700746312445f,-0.2509203081166824f,-0.48850448307613825f,0.07004649114951636f,1.2606422534998376f,0.3508860772027608f,0.503809469013222f,0.27910718610379204f,0.3289091346638701f,-1.2374022794573063f,-3.384848077888115f,0f,0f,0f,1f], start_interpolation: 0, interpolation_duration: 1 }
$data merge entity $(bone_tail_2) { transformation: [-0.9887736757172898f,0.07683484363523019f,-0.12815235078635598f,-0.3634030223303193f,0.022198641254510425f,0.9236790067786291f,0.38252361072605523f,0.1254755713505638f,0.1477627779076079f,0.3753844685652229f,-0.9150151158451056f,-2.4908778133978555f,0f,0f,0f,1f], start_interpolation: 0, interpolation_duration: 1 }
$data merge entity $(bone_tail_1) { transformation: [-0.9903654391791715f,0.11378123394762317f,-0.07893115785798918f,-0.2887317990296217f,0.09354408338011908f,0.9699695578197289f,0.22451851007783935f,-0.09189068780448706f,0.10210681340645145f,0.21497183002513556f,-0.9712678883560519f,-1.567480802139165f,0f,0f,0f,1f], start_interpolation: 0, interpolation_duration: 1 }
$data merge entity $(bone_tail_0) { transformation: [-0.9563293038429692f,-0.09129489117402584f,-0.2776679770098534f,7.354650853666109e-17f,-0.015249820809399711f,0.9642601687806114f,-0.2645179953584783f,0.3092374083497546f,0.29189331197631596f,-0.2487319234612025f,-0.9235424866646836f,-0.6005528172520194f,0f,0f,0f,1f], start_interpolation: 0, interpolation_duration: 1 }
$data merge entity $(bone_body_1) { transformation: [-1f,1.0753828642911918e-16f,5.859278776869467e-17f,2.0868245535005296e-17f,0f,0.4784464207107654f,-0.8781167476532133f,0.75572810218527f,-1.2246467991473532e-16f,-0.8781167476532133f,-0.4784464207107654f,-0.17040215635671102f,0f,0f,0f,1f], start_interpolation: 0, interpolation_duration: 1 }