# This file was generated by Animated Java via MC-Build. It is not recommended to edit this file directly.
$data merge entity $(bone_head_lower) { transformation: [-1f,-9.240850325870478e-17f,8.036333960273509e-17f,-0.03327062500000006f,0f,0.6562164671371953f,0.754572692494221f,2.1127755486551276f,-1.2246467991473532e-16f,0.754572692494221f,-0.6562164671371953f,0.5445330463240291f,0f,0f,0f,1f], start_interpolation: 0, interpolation_duration: 1 }
$data merge entity $(bone_horne_right) { transformation: [-0.8433914458128857f,-6.633173985308979e-17f,-0.5372996083468238f,-0.22377500000000008f,-0.2910228309814921f,0.8406107126662068f,0.45681434040354923f,2.4916371620849853f,0.4516598066876973f,0.5416397601273487f,-0.7089638843213525f,0.6187472604419272f,0f,0f,0f,1f], start_interpolation: 0, interpolation_duration: 1 }
$data merge entity $(bone_horne_left) { transformation: [-0.8433914458128857f,-6.633173985308979e-17f,0.537299608346824f,0.22377499999999992f,0.2910228309814921f,0.8406107126662068f,0.45681434040354923f,2.4916371620849853f,-0.4516598066876975f,0.5416397601273487f,-0.7089638843213523f,0.6187472604419272f,0f,0f,0f,1f], start_interpolation: 0, interpolation_duration: 1 }
$data merge entity $(bone_head_upper) { transformation: [-1f,-6.633173985308979e-17f,1.029451218595646e-16f,-6.429318882839041e-17f,0f,0.8406107126662068f,0.5416397601273487f,2.109944847195473f,-1.2246467991473532e-16f,0.5416397601273487f,-0.8406107126662068f,0.5249734925236146f,0f,0f,0f,1f], start_interpolation: 0, interpolation_duration: 1 }
$data merge entity $(bone_neck_0) { transformation: [-1f,-3.857233042379566e-17f,1.162315497285316e-16f,-0.00009125000000003431f,0f,0.9491026295047396f,0.31496698028077347f,2.2361228757059117f,-1.2246467991473532e-16f,0.31496698028077347f,-0.9491026295047396f,0.28018704355600516f,0f,0f,0f,1f], start_interpolation: 0, interpolation_duration: 1 }
$data merge entity $(bone_neck_1) { transformation: [-1f,7.621520416102294e-17f,9.585843980220091e-17f,-0.00009125000000000062f,0f,0.7827435622168063f,-0.6223443707531585f,2.006209450854105f,-1.2246467991473532e-16f,-0.6223443707531585f,-0.7827435622168063f,0.005094970395961514f,0f,0f,0f,1f], start_interpolation: 0, interpolation_duration: 1 }
$data merge entity $(bone_neck_2) { transformation: [-1f,1.2246015467651464e-16f,1.052778809958364e-18f,-0.00009124999999999746f,0f,0.008596591365701178f,-0.9999630486257437f,1.7288424421045467f,-1.2246467991473532e-16f,-0.9999630486257437f,-0.008596591365701178f,-0.02065539194786159f,0f,0f,0f,1f], start_interpolation: 0, interpolation_duration: 1 }
$data merge entity $(bone_arm_right_3) { transformation: [0.8805943551043098f,-0.45058003404530994f,0.14673518554917725f,-0.9314934538966195f,-0.47152041476099116f,-0.8023568108536442f,0.3659126214554401f,0.6408648510763993f,-0.04713894591574469f,-0.3914092244652595f,-0.9190085629532815f,0.14788842354894527f,0f,0f,0f,1f], start_interpolation: 0, interpolation_duration: 1 }
$data merge entity $(bone_arm_right_4) { transformation: [0.8392067317539558f,-0.5240597885230395f,-0.14523566859429077f,-1.0149396433417737f,-0.19100524714779177f,-0.5341050429214975f,0.8235586188534707f,0.7490654743797085f,-0.509165058640962f,-0.6633951621612955f,-0.5483227169105193f,0.05009675536058697f,0f,0f,0f,1f], start_interpolation: 0, interpolation_duration: 1 }
$data merge entity $(bone_arm_right_2) { transformation: [0.8805943551043098f,-0.4186453352140309f,0.22201275878191282f,-0.929876347979105f,-0.47152041476099116f,-0.7275044126657672f,0.49840327849589827f,0.6857599784377675f,-0.04713894591574469f,-0.5435746617120485f,-0.838036101204825f,-0.01960746712546585f,0f,0f,0f,1f], start_interpolation: 0, interpolation_duration: 1 }
$data merge entity $(bone_arm_right_1) { transformation: [-0.28283665515053796f,0.38020653369146573f,0.8805943551043098f,-0.7139285511440265f,-0.44317438732154557f,0.7624073457711406f,-0.47152041476099105f,1.1415870827725303f,-0.8506467474371646f,-0.5236201207483573f,-0.047138945915744745f,-0.32695681751064054f,0f,0f,0f,1f], start_interpolation: 0, interpolation_duration: 1 }
$data merge entity $(bone_arm_right_0) { transformation: [0.1571328353983662f,0.44706023508929305f,0.8805943551043098f,-0.5396875f,0.3843998527488147f,0.7936657052376097f,-0.47152041476099105f,1.4969610974968295f,-0.9096955673445699f,0.4125916801531421f,-0.047138945915744745f,-0.1295174589083835f,0f,0f,0f,1f], start_interpolation: 0, interpolation_duration: 1 }
$data merge entity $(bone_arm_left_3) { transformation: [0.8858138497760399f,0.45070060474355433f,-0.11046623207453839f,0.9141435118988225f,0.46068452703118823f,-0.8255469157322554f,0.32594793522740917f,0.6327324820484184f,0.05570987434020749f,-0.3396192792065188f,-0.93891168652448f,0.24510741199584873f,0f,0f,0f,1f], start_interpolation: 0, interpolation_duration: 1 }
$data merge entity $(bone_arm_left_4) { transformation: [0.8247598416522404f,0.5373369223346682f,0.1761823926891618f,1.0024655595250866f,0.20199691896147726f,-0.5709545913862886f,0.7957437397208897f,0.7352030563463768f,0.5281746380960012f,-0.6207091802694906f,-0.5794408211382205f,0.1454437321051602f,0f,0f,0f,1f], start_interpolation: 0, interpolation_duration: 1 }
$data merge entity $(bone_arm_left_2) { transformation: [0.8858138497760399f,0.42499935034989517f,-0.1863045242261132f,0.9187790343573334f,0.46068452703118823f,-0.7572198491699813f,0.4630203738249987f,0.670013348579318f,0.05570987434020749f,-0.49597747148954074f,-0.8665464544245971f,0.07580971618341859f,0f,0f,0f,1f], start_interpolation: 0, interpolation_duration: 1 }
$data merge entity $(bone_arm_left_1) { transformation: [-0.3039016285949086f,-0.35068165575392374f,-0.8858138497760399f,0.7202866476065424f,0.48519998899150735f,0.7432030255836503f,-0.4606845270311882f,1.1144567004085775f,0.8198931459769643f,-0.5697996481931127f,-0.05570987434020755f,-0.2587740589807034f,0f,0f,0f,1f], start_interpolation: 0, interpolation_duration: 1 }
$data merge entity $(bone_arm_left_0) { transformation: [0.0703898262291237f,-0.4586710105384741f,-0.8858138497760399f,0.5396875f,-0.25206089526694436f,0.8510200183493202f,-0.4606845270311882f,1.4969610974968295f,0.9651479562433216f,0.2557065358185786f,-0.05570987434020755f,-0.1295174589083834f,0f,0f,0f,1f], start_interpolation: 0, interpolation_duration: 1 }
$data merge entity $(bone_wing_right_2) { transformation: [-0.08161574269495014f,2.451441986446743f,-0.1146020974467477f,-1.9479664431808907f,0.9459395065616459f,0.15334271024079418f,-2.44201992021589f,3.503523274141278f,-2.102317365326072f,-0.5989056455388767f,-1.0943399036654873f,-2.8631743213398684f,0f,0f,0f,1f], start_interpolation: 0, interpolation_duration: 1 }
$data merge entity $(bone_wing_right_1) { transformation: [-0.837720238249915f,2.456998694589275f,-0.12128743194745333f,-1.1729947888498897f,0.9105520937291154f,0.4466269764303412f,-2.584475602858311f,2.6380151914559127f,-1.9441691267744423f,-1.253951512300881f,-1.1581784238712218f,-1.0753977493717173f,0f,0f,0f,1f], start_interpolation: 0, interpolation_duration: 1 }
$data merge entity $(bone_wing_right_0) { transformation: [-0.7972812995160271f,1.1419098217403059f,-0.06507110970907919f,-0.27479125f,0.4029318559028092f,0.3656614548711332f,-1.3865797370241286f,1.414019882160623f,-0.8156492388104116f,-0.9355574205853576f,-0.6213665676016905f,-0.4500712633809467f,0f,0f,0f,1f], start_interpolation: 0, interpolation_duration: 1 }
$data merge entity $(bone_wing_left_2) { transformation: [-0.08161574269495044f,-2.4514419864467425f,0.11460209744674799f,1.9479664431808907f,-0.9459395065616459f,0.15334271024079418f,-2.44201992021589f,3.503523274141278f,2.102317365326072f,-0.5989056455388775f,-1.0943399036654873f,-2.863174321339868f,0f,0f,0f,1f], start_interpolation: 0, interpolation_duration: 1 }
$data merge entity $(bone_wing_left_1) { transformation: [-0.8377202382499152f,-2.4569986945892746f,0.12128743194745364f,1.1729947888498897f,-0.9105520937291154f,0.4466269764303412f,-2.584475602858311f,2.6380151914559127f,1.9441691267744419f,-1.2539515123008818f,-1.1581784238712218f,-1.075397749371717f,0f,0f,0f,1f], start_interpolation: 0, interpolation_duration: 1 }
$data merge entity $(bone_wing_left_0) { transformation: [-0.7972812995160271f,-1.1419098217403056f,0.06507110970907937f,0.27479125f,-0.4029318559028092f,0.3656614548711332f,-1.3865797370241286f,1.414019882160623f,0.8156492388104114f,-0.935557420585358f,-0.6213665676016905f,-0.4500712633809467f,0f,0f,0f,1f], start_interpolation: 0, interpolation_duration: 1 }
$data merge entity $(bone_body_0) { transformation: [-1f,1.1486971309122476e-16f,-4.245641107015869e-17f,-3.0919890941988397e-17f,0f,-0.34668290563220744f,-0.9379823894628354f,1.0906529769407483f,-1.2246467991473532e-16f,-0.9379823894628354f,0.34668290563220744f,0.25248006987415494f,0f,0f,0f,1f], start_interpolation: 0, interpolation_duration: 1 }
$data merge entity $(bone_leg_right_3) { transformation: [-0.9846906935793927f,-0.0535575023961265f,0.16587896766987523f,-0.46426506232365217f,0.12521462774618983f,0.4447051217052894f,0.8868814192029659f,-0.3935692838365827f,-0.12126638024002252f,0.8940743529853505f,-0.43119081200474285f,-0.828219307551491f,0f,0f,0f,1f], start_interpolation: 0, interpolation_duration: 1 }
$data merge entity $(bone_leg_right_2) { transformation: [-0.9846906935793927f,-0.005962850231429159f,0.17420873225889727f,-0.45533875607178015f,0.12521462774618983f,0.6710866598099339f,0.7307283982599344f,0.001864131480118325f,-0.12126638024002252f,0.7413549348606672f,-0.660066152428087f,-0.4296028723338293f,0f,0f,0f,1f], start_interpolation: 0, interpolation_duration: 1 }
$data merge entity $(bone_leg_right_1) { transformation: [-0.9352800249190883f,0.33071829324333146f,0.1260027202149515f,-0.5035766003616235f,0.3368805716789085f,0.941050141211476f,0.030595949914209997f,0.04394760519650198f,-0.10845623731552421f,0.07106364921729597f,-0.9915579672148673f,0.11709686906288219f,0f,0f,0f,1f], start_interpolation: 0, interpolation_duration: 1 }
$data merge entity $(bone_leg_right_0) { transformation: [-0.9352800249190883f,0.2944315664192697f,-0.1963703839260001f,-0.2896875f,0.3368805716789085f,0.5706226847873687f,-0.7489333962585373f,0.5438613444989494f,-0.10845623731552421f,-0.7666158127132199f,-0.6328802732629675f,-0.3186547114783197f,0f,0f,0f,1f], start_interpolation: 0, interpolation_duration: 1 }
$data merge entity $(bone_leg_left_3) { transformation: [-0.9861286097407678f,0.01692136770221217f,-0.16511823753246316f,0.6059983058289541f,-0.12820160888996235f,0.554205224216666f,0.8224481241567642f,-0.9160614004321102f,0.10542633697879067f,0.8322080489673491f,-0.5443482807038089f,-0.823246285298266f,0f,0f,0f,1f], start_interpolation: 0, interpolation_duration: 1 }
$data merge entity $(bone_leg_left_2) { transformation: [-0.9861286097407678f,-0.13150430841863278f,-0.10127675902238131f,0.5219629771454066f,-0.12820160888996235f,0.9910011331895823f,-0.03848508146007995f,-0.36230566006549764f,0.10542633697879067f,-0.024967396426158417f,-0.9941136336389987f,-0.8636810582300118f,0f,0f,0f,1f], start_interpolation: 0, interpolation_duration: 1 }
$data merge entity $(bone_leg_left_1) { transformation: [-0.9781444772208344f,-0.20771495484699087f,-0.009374391462544845f,0.5141074127985489f,-0.1913769065696376f,0.9170021463148433f,-0.3499742037433714f,-0.11360088324866369f,0.08129121301971512f,-0.3405312925222631f,-0.9367124305243847f,-0.3726996535696305f,0f,0f,0f,1f], start_interpolation: 0, interpolation_duration: 1 }
$data merge entity $(bone_leg_left_0) { transformation: [-0.8750588080034062f,-0.4039243617492793f,-0.26667806906660924f,0.2896875f,-0.34994723791922777f,0.9086141365038786f,-0.2279413995263136f,0.5438613444989494f,0.3343785477693826f,-0.10613887568063118f,-0.9364430179465756f,-0.31865471147831964f,0f,0f,0f,1f], start_interpolation: 0, interpolation_duration: 1 }
$data merge entity $(bone_tail_3) { transformation: [-0.2503834336720145f,0.36086618840435647f,1.2346376681502038f,1.2102387490012225f,0.2642057768635644f,1.2454198649150665f,-0.31043696454048125f,-0.06069661826143902f,-1.2588684939344468f,0.1896085323705107f,-0.3107171717780795f,-2.891026938389853f,0f,0f,0f,1f], start_interpolation: 0, interpolation_duration: 1 }
$data merge entity $(bone_tail_2) { transformation: [-0.6041685134018075f,-0.08043632481509727f,0.7927864813832852f,0.43464199099996537f,0.15050656408037077f,0.9654665602407762f,0.21265487350532375f,-0.27294968716760143f,-0.7825140136652962f,0.24779894815572584f,-0.5711983015646533f,-2.33302330837299f,0f,0f,0f,1f], start_interpolation: 0, interpolation_duration: 1 }
$data merge entity $(bone_tail_1) { transformation: [-0.8671412521665187f,0.00335139707328028f,0.4980510183994599f,-0.03929754427666257f,0.09728343354183294f,0.9818562928125033f,0.16277024858001488f,-0.4316042390158728f,-0.48846901882247745f,0.18959691031803555f,-0.8517341306114607f,-1.5232727463544364f,0f,0f,0f,1f], start_interpolation: 0, interpolation_duration: 1 }
$data merge entity $(bone_tail_0) { transformation: [-0.9945119752087948f,-0.0935678386557007f,-0.046808019992328996f,6.519853068197846e-17f,-0.07500644541590606f,0.9495548785927577f,-0.30449887633087286f,0.01091072211856009f,0.07293808547235259f,-0.29931687575209365f,-0.9513618888612437f,-0.5323864050220212f,0f,0f,0f,1f], start_interpolation: 0, interpolation_duration: 1 }
$data merge entity $(bone_body_1) { transformation: [-1f,1.110762229508763e-16f,5.1571993577772433e-17f,1.613724741278962e-17f,0f,0.42111728552002803f,-0.9070061917298268f,0.4840814392468902f,-1.2246467991473532e-16f,-0.9070061917298268f,-0.42111728552002803f,-0.131770625f,0f,0f,0f,1f], start_interpolation: 0, interpolation_duration: 1 }