# This file was generated by Animated Java via MC-Build. It is not recommended to edit this file directly.
$data merge entity $(bone_head_lower) { transformation: [-1f,-8.273593852918141e-17f,9.02904330608404e-17f,-0.03327062500000009f,0f,0.7372773368101243f,0.6755902076156602f,2.2798659203188896f,-1.2246467991473532e-16f,0.6755902076156602f,-0.7372773368101243f,0.7537668383697732f,0f,0f,0f,1f], start_interpolation: 0, interpolation_duration: 1 }
$data merge entity $(bone_horne_right) { transformation: [-0.8433914458128857f,-7.871877887341985e-17f,-0.5372996083468238f,-0.2237750000000001f,-0.34536953093476863f,0.7660444431189783f,0.5421215714841392f,2.646428725743425f,0.4115953792640878f,0.6427876096865393f,-0.6460753304390422f,0.8749096523832621f,0f,0f,0f,1f], start_interpolation: 0, interpolation_duration: 1 }
$data merge entity $(bone_horne_left) { transformation: [-0.8433914458128857f,-7.871877887341985e-17f,0.537299608346824f,0.2237749999999999f,0.34536953093476863f,0.7660444431189783f,0.5421215714841392f,2.646428725743425f,-0.411595379264088f,0.6427876096865393f,-0.646075330439042f,0.8749096523832622f,0f,0f,0f,1f], start_interpolation: 0, interpolation_duration: 1 }
$data merge entity $(bone_head_upper) { transformation: [-1f,-7.871877887341985e-17f,9.381338752702736e-17f,-8.989391262620439e-17f,0f,0.7660444431189783f,0.6427876096865393f,2.279510611000889f,-1.2246467991473532e-16f,0.6427876096865393f,-0.7660444431189783f,0.7340067075272524f,0f,0f,0f,1f], start_interpolation: 0, interpolation_duration: 1 }
$data merge entity $(bone_neck_0) { transformation: [-1f,-3.6825839484795364e-17f,1.1679664110263904e-16f,-0.00009125000000005968f,0f,0.9537169507482273f,0.300705799504273f,2.402005438611246f,-1.2246467991473532e-16f,0.300705799504273f,-0.9537169507482273f,0.48735651457038054f,0f,0f,0f,1f], start_interpolation: 0, interpolation_duration: 1 }
$data merge entity $(bone_neck_1) { transformation: [-1f,6.580022455450647e-17f,1.032856634543009e-16f,-0.00009125000000002324f,0f,0.8433914458128858f,-0.5372996083468242f,2.2020417152422667f,-1.2246467991473532e-16f,-0.5372996083468242f,-0.8433914458128858f,0.1897824213112518f,0f,0f,0f,1f], start_interpolation: 0, interpolation_duration: 1 }
$data merge entity $(bone_neck_2) { transformation: [-1f,1.18291797137867e-16f,3.1696191514317656e-17f,-0.00009125000000001168f,0f,0.25881904510252074f,-0.9659258262890685f,1.9399691424806917f,-1.2246467991473532e-16f,-0.9659258262890685f,-0.25881904510252074f,0.09537105912615951f,0f,0f,0f,1f], start_interpolation: 0, interpolation_duration: 1 }
$data merge entity $(bone_arm_right_3) { transformation: [0.47023487125002994f,0.1585890946203397f,0.8681754804922608f,-1.1041766631604266f,-0.6331523611479755f,-0.624680161801854f,0.45704790014171737f,0.7419289373732826f,0.6148148123079107f,-0.7646072158426899f,-0.19333533574615527f,-0.13848976510746747f,0f,0f,0f,1f], start_interpolation: 0, interpolation_duration: 1 }
$data merge entity $(bone_arm_right_4) { transformation: [0.9591875769126709f,0.2597553958647695f,0.11174223290920593f,-1.0762678185958143f,-0.12786628332633088f,0.04597360535712738f,0.9907253106682892f,0.8980141143363043f,0.25220905194839605f,-0.9645794741386549f,0.07731126816762976f,-0.19409880853291797f,0f,0f,0f,1f], start_interpolation: 0, interpolation_duration: 1 }
$data merge entity $(bone_arm_right_2) { transformation: [0.47023487125002994f,0.5714299249505186f,0.6725674737388895f,-0.9670750665646626f,-0.6331523611479755f,-0.3124649392897205f,0.7081551731699877f,0.8469015104899696f,0.6148148123079107f,-0.7588369407097386f,0.21487029571598076f,-0.154520110996138f,0f,0f,0f,1f], start_interpolation: 0, interpolation_duration: 1 }
$data merge entity $(bone_arm_right_1) { transformation: [0.6657135514571385f,0.5419783152420377f,-0.5129180960092221f,-0.6428220542283918f,-0.34853249289790167f,0.8336190823120364f,0.42849075485897303f,1.3353750257145764f,0.6598110099117002f,-0.10648347952917814f,0.7438485731562985f,-0.22613737219271143f,0f,0f,0f,1f], start_interpolation: 0, interpolation_duration: 1 }
$data merge entity $(bone_arm_right_0) { transformation: [0.9019595647924534f,0.24676166498787644f,-0.3543693330013453f,-0.5396875f,-0.37720331165288623f,0.8497091983246963f,-0.36839101503768734f,1.724969942697109f,0.21020610161815712f,0.4659430855531741f,0.859482655943495f,-0.043895777171715056f,0f,0f,0f,1f], start_interpolation: 0, interpolation_duration: 1 }
$data merge entity $(bone_arm_left_3) { transformation: [0.37796863925822766f,-0.11072182877434206f,-0.9191737509144554f,1.285643319886432f,0.7383760337282086f,-0.5628872493785124f,0.3714280243908531f,0.8582700899682175f,-0.5585163744717636f,-0.8190840134686787f,-0.13099938292587027f,-0.21354568236989768f,0f,0f,0f,1f], start_interpolation: 0, interpolation_duration: 1 }
$data merge entity $(bone_arm_left_4) { transformation: [0.930922034627623f,-0.29207096134351684f,-0.21926860008820415f,1.2388303746849183f,0.25986316684131616f,0.10785563223019225f,0.9596031977413522f,1.014743474933502f,-0.25662287498188696f,-0.9502955940843354f,0.1763036695588936f,-0.2530232676844657f,0f,0f,0f,1f], start_interpolation: 0, interpolation_duration: 1 }
$data merge entity $(bone_arm_left_2) { transformation: [0.37796863925822766f,-0.5554747919292787f,-0.7406669043965773f,1.1372619795298962f,0.7383760337282086f,-0.30176064523271184f,0.603109729489201f,0.9479740481017181f,-0.5585163744717636f,-0.7748472549605262f,0.2960932132404502f,-0.21658519126727246f,0f,0f,0f,1f], start_interpolation: 0, interpolation_duration: 1 }
$data merge entity $(bone_arm_left_1) { transformation: [0.5755057591662331f,-0.6806521128328917f,0.45332750022761514f,0.7315775190535543f,0.5171642146342667f,0.7323197922379131f,0.4429998837452923f,1.3767516591001159f,-0.6335095076383781f,-0.020504223778057107f,0.773463173356715f,-0.2376873717435728f,0f,0f,0f,1f], start_interpolation: 0, interpolation_duration: 1 }
$data merge entity $(bone_arm_left_0) { transformation: [0.79367016599347f,-0.44054259829732695f,0.41953532234763996f,0.5396875f,0.5815718651739294f,0.7517963584711962f,-0.3107674388148895f,1.724969942697109f,-0.1784988326292781f,0.4906367846736418f,0.8528855212014659f,-0.043895777171714945f,0f,0f,0f,1f], start_interpolation: 0, interpolation_duration: 1 }
$data merge entity $(bone_wing_right_2) { transformation: [-2.1277889899204534f,-1.5973503076286053f,-0.30848138568979533f,-3.8320953900147514f,-0.44443233210262173f,1.0592949900247615f,-2.4196174868179616f,3.5387384430505078f,1.564982003979638f,-1.8709732427408579f,-1.1065555604634763f,-1.3803064280720458f,0f,0f,0f,1f], start_interpolation: 0, interpolation_duration: 1 }
$data merge entity $(bone_wing_right_1) { transformation: [-2.8023920090480137f,0.2749800604564429f,-0.3264767042443773f,-1.2421844967853488f,0.4106122880222464f,1.1443231409534504f,-2.5607663193744625f,3.13626983298183f,-0.11661312528199921f,-2.5788587708265194f,-1.17110668326253f,-1.2840243894349697f,0f,0f,0f,1f], start_interpolation: 0, interpolation_duration: 1 }
$data merge entity $(bone_wing_right_0) { transformation: [-0.9069760451795481f,1.2081593084735807f,-0.175155835177946f,-0.27479125f,0.6014680537780623f,0.2523488285539432f,-1.3738596277602968f,1.6862116433440855f,-1.062339240324236f,-0.888597311414946f,-0.6283026216650969f,-0.372729748948572f,0f,0f,0f,1f], start_interpolation: 0, interpolation_duration: 1 }
$data merge entity $(bone_wing_left_2) { transformation: [-2.127788989920453f,1.597350307628606f,0.30848138568979555f,3.832095390014752f,0.44443233210262173f,1.0592949900247615f,-2.4196174868179616f,3.5387384430505078f,-1.5649820039796385f,-1.8709732427408579f,-1.1065555604634763f,-1.3803064280720445f,0f,0f,0f,1f], start_interpolation: 0, interpolation_duration: 1 }
$data merge entity $(bone_wing_left_1) { transformation: [-2.8023920090480137f,-0.27498006045644213f,0.3264767042443776f,1.242184496785349f,-0.4106122880222464f,1.1443231409534504f,-2.5607663193744625f,3.13626983298183f,0.11661312528199842f,-2.57885877082652f,-1.17110668326253f,-1.2840243894349692f,0f,0f,0f,1f], start_interpolation: 0, interpolation_duration: 1 }
$data merge entity $(bone_wing_left_0) { transformation: [-0.9069760451795484f,-1.2081593084735804f,0.1751558351779461f,0.27479125f,-0.6014680537780623f,0.2523488285539432f,-1.3738596277602968f,1.6862116433440855f,1.0623392403242358f,-0.8885973114149464f,-0.6283026216650969f,-0.372729748948572f,0f,0f,0f,1f], start_interpolation: 0, interpolation_duration: 1 }
$data merge entity $(bone_body_0) { transformation: [-1f,1.1956177801397682e-16f,-2.6506208041798652e-17f,-3.4234700474565706e-17f,0f,-0.21643961393810296f,-0.9762960071199336f,1.2706651783227718f,-1.2246467991473532e-16f,-0.9762960071199336f,0.21643961393810296f,0.2795475438175419f,0f,0f,0f,1f], start_interpolation: 0, interpolation_duration: 1 }
$data merge entity $(bone_leg_right_3) { transformation: [-0.9823448947489127f,-0.029382900326550873f,0.1847570105006777f,-0.4305266184652061f,0.13246850312710343f,0.5881092645338625f,0.797859378994008f,-0.06991528297736066f,-0.13210073217061327f,0.808247572305565f,-0.5738338247455868f,-0.8167489974978502f,0f,0f,0f,1f], start_interpolation: 0, interpolation_duration: 1 }
$data merge entity $(bone_leg_right_2) { transformation: [-0.9823448947489127f,-0.021295946706667124f,0.18586282687674355f,-0.42989820392776396f,0.13246850312710343f,0.6223516521437756f,0.7714470278335237f,0.2992462297211318f,-0.13210073217061327f,0.7824480198248186f,-0.6085429260390828f,-0.3935921590144119f,0f,0f,0f,1f], start_interpolation: 0, interpolation_duration: 1 }
$data merge entity $(bone_leg_right_1) { transformation: [-0.9352800249190883f,0.319880171756242f,0.15141978306861587f,-0.49271338705864814f,0.3414453150560411f,0.9281258220566103f,0.14831572828942347f,0.2761439296913915f,-0.09309334999681979f,0.19041831358600558f,-0.9772791280066465f,0.15275850871334828f,0f,0f,0f,1f], start_interpolation: 0, interpolation_duration: 1 }
$data merge entity $(bone_leg_right_0) { transformation: [-0.9352800249190883f,0.27242013065942616f,-0.22591712506769102f,-0.2896875f,0.3414453150560411f,0.5266626210829387f,-0.7784867246012162f,0.750291335617281f,-0.09309334999681979f,-0.8052414271294978f,-0.5855936067110189f,-0.31575665708047584f,0f,0f,0f,1f], start_interpolation: 0, interpolation_duration: 1 }
$data merge entity $(bone_leg_left_3) { transformation: [-0.9823053668234759f,-0.08824409263625341f,-0.16519426874017248f,0.6578353173199677f,-0.165642265928791f,0.8209657867307213f,0.5464227454595785f,-0.5990466790008997f,0.08740026343079092f,0.5641171484119342f,-0.8210560497431441f,-0.7227935280089878f,0f,0f,0f,1f], start_interpolation: 0, interpolation_duration: 1 }
$data merge entity $(bone_leg_left_2) { transformation: [-0.9823053668234759f,-0.17920798394207754f,-0.05441199133658021f,0.5483592177156212f,-0.165642265928791f,0.9668897036284807f,-0.19413124621040337f,-0.06336263546723828f,0.08740026343079092f,-0.1816832394819199f,-0.9794653615333131f,-0.8508556864978025f,0f,0f,0f,1f], start_interpolation: 0, interpolation_duration: 1 }
$data merge entity $(bone_leg_left_1) { transformation: [-0.9732085426317307f,-0.22970609282664503f,-0.010012165946449214f,0.5394779901659204f,-0.2237243767537331f,0.956112145118221f,-0.18920086998633912f,0.09986359937642975f,0.0530333460643031f,-0.1818919373577363f,-0.9818873597971782f,-0.3252542826935792f,0f,0f,0f,1f], start_interpolation: 0, interpolation_duration: 1 }
$data merge entity $(bone_leg_left_0) { transformation: [-0.8750588080034061f,-0.431384594467259f,-0.21949809610102877f,0.2896875f,-0.3647268220728225f,0.8858171471591563f,-0.28688382153665193f,0.750291335617281f,0.3181924383078857f,-0.1709833718673613f,-0.9324796291332857f,-0.3157566570804758f,0f,0f,0f,1f], start_interpolation: 0, interpolation_duration: 1 }
$data merge entity $(bone_tail_3) { transformation: [-1.0315795695340766f,0.22484777596323313f,0.7762303206977463f,0.43227842164709956f,0.12456411307435816f,1.2878922406773943f,-0.20751819087301498f,0.424665408893681f,-0.7984821944540387f,-0.08957396638308672f,-1.035204873970614f,-3.2944408045200504f,0f,0f,0f,1f], start_interpolation: 0, interpolation_duration: 1 }
$data merge entity $(bone_tail_2) { transformation: [-0.8948331599853102f,0.02441786100357032f,0.4457324128383692f,-0.004086304334471436f,0.17034194257975288f,0.9416255636530241f,0.29038753498261755f,0.13643316451644116f,-0.41262239201097695f,0.3357753206224885f,-0.8467571645235751f,-2.4671091016254807f,0f,0f,0f,1f], start_interpolation: 0, interpolation_duration: 1 }
$data merge entity $(bone_tail_1) { transformation: [-0.9769036394059417f,0.08750444759815025f,0.1949416604165675f,-0.18992133108254905f,0.136920673177779f,0.9567472918878493f,0.2566853106856922f,-0.11149106713258988f,-0.16404879936156072f,0.27744835756552777f,-0.9466310793082073f,-1.5673953466986459f,0f,0f,0f,1f], start_interpolation: 0, interpolation_duration: 1 }
$data merge entity $(bone_tail_0) { transformation: [-0.9804625557760883f,-0.07016243683992582f,-0.18376726905981974f,6.777166108167229e-17f,-0.03148847005610626f,0.9781589013888515f,-0.20545958212573306f,0.22756350913832307f,0.19416913496883703f,-0.1956588768506009f,-0.9612574842023416f,-0.5533976092442128f,0f,0f,0f,1f], start_interpolation: 0, interpolation_duration: 1 }
$data merge entity $(bone_body_1) { transformation: [-1f,1.0862749776607361e-16f,5.654789612090135e-17f,1.613724741278962e-17f,0f,0.4617486132350339f,-0.8870108331782217f,0.682111875f,-1.2246467991473532e-16f,-0.8870108331782217f,-0.4617486132350339f,-0.131770625f,0f,0f,0f,1f], start_interpolation: 0, interpolation_duration: 1 }