execute if entity @s[tag=aj.heiloang_aj.bone.head_lower] run data modify entity @s {} merge value {transformation:[-0.7974498297665088f,0.046283937620701196f,-0.04394958616061152f,0.13147613610249453f,0.01905861440408968f,0.6984095829641993f,0.38969324300117086f,1.8810591950831206f,0.06091418736519601f,0.38740399009573484f,-0.6972858884528939f,0.7896341621157692f,0f,0f,0f,1f],start_interpolation:0}
execute if entity @s[tag=aj.heiloang_aj.bone.horne_right] run data modify entity @s {} merge value {transformation:[-0.6194363149591259f,-0.5028942212431117f,-0.05827567202652047f,-0.19295240966106023f,-0.4557645554030869f,0.5138550526904402f,0.4101605232865928f,2.3926180393552974f,-0.22040263552889966f,0.35078538604792114f,-0.6843773017766778f,0.8487157785197699f,0f,0f,0f,1f],start_interpolation:0}
execute if entity @s[tag=aj.heiloang_aj.bone.horne_left] run data modify entity @s {} merge value {transformation:[-0.556447058500751f,0.5731196515795571f,-0.0435951380223615f,0.4850394356064255f,0.4838675243453634f,0.4998384249913161f,0.39501109830749015f,2.3764144053889407f,0.3102239351980288f,0.2483856152749741f,-0.6943095103444297f,0.7969265364218803f,0f,0f,0f,1f],start_interpolation:0}
execute if entity @s[tag=aj.heiloang_aj.bone.head_upper] run data modify entity @s {} merge value {transformation:[-1.168084574396238f,0.06828480274636053f,-0.06385706829670457f,0.1259922274159088f,0.027916581913750464f,1.018627537890939f,0.578602381523354f,2.105662612525749f,0.08922557879785499f,0.5752366792583156f,-1.017007213014762f,0.6560204289692111f,0f,0f,0f,1f],start_interpolation:0}
execute if entity @s[tag=aj.heiloang_aj.bone.neck_0] run data modify entity @s {} merge value {transformation:[-0.9998288574653477f,0.0024481370298826107f,-0.018337459055721653f,0.11878813878134566f,-0.017218239765580033f,0.23940684488406477f,0.9707666531365983f,2.5053124362843007f,0.006766683006640016f,0.9709162524377374f,-0.2393237195794588f,0.4896221774591356f,0f,0f,0f,1f],start_interpolation:0}
execute if entity @s[tag=aj.heiloang_aj.bone.neck_1] run data modify entity @s {} merge value {transformation:[-0.9919630791057389f,0.12633087781974295f,0.007054005979209632f,0.1229356038620324f,0.04261437965063906f,0.2810789247461361f,0.9587380521865956f,2.8581510986221597f,0.11913548731613414f,0.9513333523917098f,-0.2842034276519166f,0.39794614770164016f,0f,0f,0f,1f],start_interpolation:0}
execute if entity @s[tag=aj.heiloang_aj.bone.neck_2] run data modify entity @s {} merge value {transformation:[-0.9928735386292985f,-0.04609111092923332f,-0.10989879791446314f,0.07944383779356295f,-0.09816681265432743f,0.8391693501369151f,0.5349374530579045f,3.0492424670088267f,0.06756784133761487f,0.5419136566687508f,-0.8377136596313076f,0.036487314122333636f,0f,0f,0f,1f],start_interpolation:0}
execute if entity @s[tag=aj.heiloang_aj.bone.neck_3] run data modify entity @s {} merge value {transformation:[-0.9988752548347997f,0.022905382452999265f,-0.041515885313886385f,0.057404684675799296f,0.01904458541057566f,0.9956581539122594f,0.0911161034865457f,3.0722839437934364f,0.043422678927643676f,0.09022296826592124f,-0.9949745157299423f,-0.4805968597231811f,0f,0f,0f,1f],start_interpolation:0}
execute if entity @s[tag=aj.heiloang_aj.bone.wing_right_2] run data modify entity @s {} merge value {transformation:[1.3858956382282681f,-1.6703743630540626f,-0.9070384630833489f,-2.912151546851649f,-1.5436512839442986f,-0.3341184485538486f,-1.7432961831639782f,2.6439470471392905f,1.1090581589069106f,1.622279370487313f,-1.2929716356418297f,1.4785481980152824f,0f,0f,0f,1f],start_interpolation:0}
execute if entity @s[tag=aj.heiloang_aj.bone.wing_right_1] run data modify entity @s {} merge value {transformation:[-1.060784571727801f,-2.8980452172248206f,-1.2896855369448046f,-2.1980151977047035f,-1.5150398839157673f,1.657639342665709f,-2.478730467939444f,3.6735829405236986f,2.7868636521058514f,-0.20195173053761992f,-1.8384301063690438f,-0.31809134862806565f,0f,0f,0f,1f],start_interpolation:0}
execute if entity @s[tag=aj.heiloang_aj.bone.wing_right_0] run data modify entity @s {} merge value {transformation:[-2.041632745938526f,-0.16550852091489077f,-0.8560038903042895f,-0.3059010084240061f,0.5784309593798667f,1.3737187701827704f,-1.6452095202977717f,3.122381115715614f,0.6523445070991248f,-1.7360598117438526f,-1.2202225100798203f,-0.9346353792698586f,0f,0f,0f,1f],start_interpolation:0}
execute if entity @s[tag=aj.heiloang_aj.bone.wing_left_2] run data modify entity @s {} merge value {transformation:[1.0871271855087155f,1.7957957282190837f,1.0615310600067227f,2.8995407710259555f,1.87581548540574f,-0.31779081255753805f,-1.3834382062409063f,2.355737892507468f,-0.9127139494720871f,1.485834011013719f,-1.5788687546705569f,1.3423950903489708f,0f,0f,0f,1f],start_interpolation:0}
execute if entity @s[tag=aj.heiloang_aj.bone.wing_left_1] run data modify entity @s {} merge value {transformation:[-1.015596091969239f,2.8067128056316464f,1.5093530327859477f,2.2116480614693717f,2.02709016443236f,1.7913107308357656f,-1.9670612862222228f,3.7128376773139125f,-2.4590015892915558f,0.317471046232513f,-2.2449369905557783f,-0.23340256572824714f,0f,0f,0f,1f],start_interpolation:0}
execute if entity @s[tag=aj.heiloang_aj.bone.wing_left_0] run data modify entity @s {} merge value {transformation:[-1.9808701959669863f,0.03069378178368398f,1.0018039521231321f,0.37721944759873666f,-0.6342650355689561f,1.6797378320567022f,-1.3055989737328078f,3.112425453718165f,-0.7760548507576137f,-1.4511852767022084f,-1.4900336107948409f,-0.9671756376235097f,0f,0f,0f,1f],start_interpolation:0}
execute if entity @s[tag=aj.heiloang_aj.bone.kazari_right] run data modify entity @s {} merge value {transformation:[-2.487808866243965f,-0.8469812010225211f,-0.017322780048690454f,-3.0071210754472246f,0.20924416030947346f,-0.562274246942935f,-2.5586978604668036f,3.24327812358608f,0.8209105401750857f,-2.4234976180915586f,0.5996960635940896f,-3.6239895611701036f,0f,0f,0f,1f],start_interpolation:0}
execute if entity @s[tag=aj.heiloang_aj.bone.kazari_left] run data modify entity @s {} merge value {transformation:[-2.487808866243965f,-0.8469812010225211f,-0.017322780048690454f,1.7961156984922106f,0.20924416030947346f,-0.562274246942935f,-2.5586978604668036f,2.839288388213869f,0.8209105401750857f,-2.4234976180915586f,0.5996960635940896f,-5.2089295250816186f,0f,0f,0f,1f],start_interpolation:0}
execute if entity @s[tag=aj.heiloang_aj.bone.ring] run data modify entity @s {} merge value {transformation:[-2.200207657608743f,0.10868715047806149f,0.014129844473179136f,-0.0008687344955369269f,0.032065389888752384f,0.3667509833994471f,2.171955757544534f,4.197433782857774f,0.10480629730679046f,2.169471618915658f,-0.3678788123123471f,-2.048174339230597f,0f,0f,0f,1f],start_interpolation:0}
execute if entity @s[tag=aj.heiloang_aj.bone.body_0] run data modify entity @s {} merge value {transformation:[-1.1271644413172313f,-0.007616080810218123f,-0.055629969268188396f,0.004315370746094727f,0.016427070942411012f,1.0244798828076478f,-0.4730998805752918f,2.7344868205439843f,0.05369217361907008f,-0.4733237168927779f,-1.0231002812317758f,-1.4917566975220864f,0f,0f,0f,1f],start_interpolation:0}
execute if entity @s[tag=aj.heiloang_aj.bone.leg_right_3] run data modify entity @s {} merge value {transformation:[-0.9400292579895971f,0.32802223919320067f,0.09352221510531958f,-0.9866481059603003f,0.30720760473137015f,0.9333385254243525f,-0.18574898264569273f,1.0338670368219722f,-0.14821768355611706f,-0.145878742637076f,-0.9781364479089227f,-1.2670801294202816f,0f,0f,0f,1f],start_interpolation:0}
execute if entity @s[tag=aj.heiloang_aj.bone.leg_right_2] run data modify entity @s {} merge value {transformation:[-0.9399629979695906f,0.34081966261061686f,-0.017649929915002017f,-0.7785342328991864f,0.30708264407903046f,0.822089038596187f,-0.479447455228859f,1.5564678772740046f,-0.14889530601550435f,-0.456082854531918f,-0.8773930804654018f,-1.5030693831983357f,0f,0f,0f,1f],start_interpolation:0}
execute if entity @s[tag=aj.heiloang_aj.bone.leg_right_1] run data modify entity @s {} merge value {transformation:[-0.975801776428943f,0.21640333454766664f,0.03131277558393086f,-0.7843834882606764f,0.18576917779327834f,0.8960204153495239f,-0.40328306170588957f,1.9083024926330314f,-0.11532868550420693f,-0.3877073794416579f,-0.9145393825453086f,-0.8868502641102517f,0f,0f,0f,1f],start_interpolation:0}
execute if entity @s[tag=aj.heiloang_aj.bone.leg_right_0] run data modify entity @s {} merge value {transformation:[-0.8991720057938593f,0.41462857454656693f,-0.1399029991320051f,-0.45845628944502737f,0.25687419655667154f,0.2412943952497863f,-0.9358379464225656f,2.0122149805122143f,-0.3542673441625862f,-0.877416753880687f,-0.3234725473196539f,-1.5368581044038487f,0f,0f,0f,1f],start_interpolation:0}
execute if entity @s[tag=aj.heiloang_aj.bone.leg_left_3] run data modify entity @s {} merge value {transformation:[-0.9792393149597045f,0.04751034521592328f,-0.19706123701710643f,0.46752791757554735f,-0.02461218930880895f,0.9370861967067019f,0.34822937854120783f,0.8404639610689247f,0.20120786310349745f,0.34585000656242915f,-0.9164623117106847f,-1.21897100863654f,0f,0f,0f,1f],start_interpolation:0}
execute if entity @s[tag=aj.heiloang_aj.bone.leg_left_2] run data modify entity @s {} merge value {transformation:[-0.9792393149597045f,-0.06299048405418663f,-0.1926721644552416f,0.4383078804386915f,-0.02461218930880895f,0.9804075276921502f,-0.19543622945092154f,1.445952693258591f,0.20120786310349745f,-0.18663675565971766f,-0.961603929516794f,-1.2871144978446947f,0f,0f,0f,1f],start_interpolation:0}
execute if entity @s[tag=aj.heiloang_aj.bone.leg_left_1] run data modify entity @s {} merge value {transformation:[-0.9830529735772863f,0.01139952737582585f,-0.18296694214109557f,0.5682704061319568f,0.09779572935971464f,0.8767956075939216f,-0.47081361261438415f,1.843995552461758f,0.15505755853829467f,-0.4807281074366401f,-0.863051354358783f,-0.7142101103282367f,0f,0f,0f,1f],start_interpolation:0}
execute if entity @s[tag=aj.heiloang_aj.bone.leg_left_0] run data modify entity @s {} merge value {transformation:[-0.913887003528028f,-0.38755229361078497f,-0.12088740422220134f,0.2440108555209176f,0.05214315522293241f,0.18325277819836364f,-0.9816819804019928f,1.9135698590127586f,0.402606055774077f,-0.9034498541698932f,-0.1472641329531382f,-1.3696120451847624f,0f,0f,0f,1f],start_interpolation:0}
execute if entity @s[tag=aj.heiloang_aj.bone.tail_4] run data modify entity @s {} merge value {transformation:[-1.5451661455460206f,0.05737549480810218f,0.3066333297957876f,0.35404458229873836f,0.15304960983738872f,1.4895835877870964f,0.49251488872075755f,0.1319369873834215f,-0.2718303943173939f,0.5125457553024143f,-1.4656941867710336f,-4.8024783131767945f,0f,0f,0f,1f],start_interpolation:0}
execute if entity @s[tag=aj.heiloang_aj.bone.tail_3] run data modify entity @s {} merge value {transformation:[-0.9810483306899604f,0.10237510997519056f,0.16450990762871845f,0.13153471216597679f,0.09734166603504896f,0.9945101774989096f,-0.03839409986715028f,0.15728707528517022f,-0.16753737763246393f,-0.02165279909515999f,-0.9856279132549878f,-3.4847988820795055f,0f,0f,0f,1f],start_interpolation:0}
execute if entity @s[tag=aj.heiloang_aj.bone.tail_2] run data modify entity @s {} merge value {transformation:[-0.9814022705405193f,0.1293338886526592f,0.14185319391502768f,0.022826591476194202f,0.0994478769690158f,0.9746171194974492f,-0.20057813975817654f,0.3321460134890408f,-0.16419410203861884f,-0.18274084280334452f,-0.9693534346291114f,-2.7291338179629285f,0f,0f,0f,1f],start_interpolation:0}
execute if entity @s[tag=aj.heiloang_aj.bone.tail_1] run data modify entity @s {} merge value {transformation:[-0.9476879688830174f,0.25281532556403724f,0.1948638622072613f,-0.12518698084114166f,0.13916458276937435f,0.876651717490367f,-0.4605594262674645f,0.7068721362690773f,-0.28726422077419705f,-0.4093484791484389f,-0.8659752248660775f,-2.0593000122511644f,0f,0f,0f,1f],start_interpolation:0}
execute if entity @s[tag=aj.heiloang_aj.bone.tail_ring] run data modify entity @s {} merge value {transformation:[-0.9658875541035181f,0.2584680243675259f,-0.015984780494931572f,-0.11946772790835825f,0.12278102316015299f,0.4027335619496384f,-0.9070449263576215f,0.5890137589384072f,-0.22800450254253554f,-0.8780660330857268f,-0.42073030359296204f,-2.1469953303709035f,0f,0f,0f,1f],start_interpolation:0}
execute if entity @s[tag=aj.heiloang_aj.bone.tail_0] run data modify entity @s {} merge value {transformation:[-0.9658875541035181f,0.2584680243675259f,-0.015984780494931572f,-0.10297899613060305f,0.12278102316015299f,0.4027335619496384f,-0.9070449263576215f,1.8469645483181643f,-0.22800450254253554f,-0.8780660330857268f,-0.42073030359296204f,-1.5394361696817818f,0f,0f,0f,1f],start_interpolation:0}
execute if entity @s[tag=aj.heiloang_aj.bone.body_1] run data modify entity @s {} merge value {transformation:[-0.9638566290071915f,0.2463582250693188f,-0.10142989529516408f,-0.046976929862870505f,0.13535117614800266f,0.12487507079514537f,-0.9828968795398936f,2.200947155349876f,-0.22947866531389238f,-0.9611003285997786f,-0.1537065403005098f,-1.552581729895187f,0f,0f,0f,1f],start_interpolation:0}