execute if entity @s[tag=aj.heiloang_aj.bone.head_lower] run data modify entity @s {} merge value {transformation:[-0.7984156550458199f,-0.01566070426000304f,-0.047824513796116734f,0.0021910740814174504f,-0.03810978528908477f,0.6846769404241653f,0.41202564424635496f,0.6452408590825449f,0.032864662526398664f,0.4134878832486927f,-0.6840670174504401f,0.8095126426630955f,0f,0f,0f,1f],start_interpolation:0}
execute if entity @s[tag=aj.heiloang_aj.bone.horne_right] run data modify entity @s {} merge value {transformation:[-0.5774816753788012f,-0.550423301364941f,-0.05957435619637232f,-0.3596267051611121f,-0.4956950280357418f,0.4757010501173824f,0.4098718703422627f,1.1318254704499404f,-0.24657930525966243f,0.3327802581760806f,-0.684438416503576f,0.8620510139805896f,0f,0f,0f,1f],start_interpolation:0}
execute if entity @s[tag=aj.heiloang_aj.bone.horne_left] run data modify entity @s {} merge value {transformation:[-0.5998258602605846f,0.5272095987005219f,-0.04752869029001617f,0.3191862847588439f,0.43950006602705777f,0.5360397759101463f,0.3993758262644498f,1.1642264099027202f,0.29504004698491587f,0.2733338575446421f,-0.6915489664477152f,0.8341094779006455f,0f,0f,0f,1f],start_interpolation:0}
execute if entity @s[tag=aj.heiloang_aj.bone.head_upper] run data modify entity @s {} merge value {transformation:[-1.169499291119741f,-0.024222674515757457f,-0.06961883731955844f,-0.014620421828139576f,-0.055822260746819154f,1.0138175320364757f,0.5849957259165095f,0.8705067933664521f,0.04813933605210561f,0.5871536308111984f,-1.0129636373284523f,0.677975459618789f,0f,0f,0f,1f],start_interpolation:0}
execute if entity @s[tag=aj.heiloang_aj.bone.neck_0] run data modify entity @s {} merge value {transformation:[-0.9936410522098683f,-0.09955229077826085f,-0.05260038748969753f,-0.029769771165525725f,-0.08668401811347992f,0.37823380110952387f,0.9216425948826058f,1.2400428851969374f,-0.07185638709932209f,0.9203415306825183f,-0.3844582246928662f,0.45286696871226806f,0f,0f,0f,1f],start_interpolation:0}
execute if entity @s[tag=aj.heiloang_aj.bone.neck_1] run data modify entity @s {} merge value {transformation:[-0.9998081636543324f,-0.0020937001419953005f,-0.019474401399451752f,-0.036891676934708025f,-0.018252647808971185f,0.4602488752184289f,0.8876022835189941f,1.5691991889355832f,0.0071046983126105984f,0.887787468530552f,-0.46019879832741845f,0.2962712353528002f,0f,0f,0f,1f],start_interpolation:0}
execute if entity @s[tag=aj.heiloang_aj.bone.neck_2] run data modify entity @s {} merge value {transformation:[-0.9938173497421252f,-0.11084046204654732f,-0.006439512780190171f,-0.03581556738536907f,-0.10033256847622242f,0.8717388159939503f,0.4795881695709663f,1.736516759640054f,-0.04754420106072308f,0.47726913650766645f,-0.8774700680266667f,-0.07931311693300569f,0f,0f,0f,1f],start_interpolation:0}
execute if entity @s[tag=aj.heiloang_aj.bone.neck_3] run data modify entity @s {} merge value {transformation:[-0.9954102072545696f,0.000809989578892386f,0.09569672518062963f,0.01368787298546692f,0.01219868261476938f,0.9928811030509364f,0.11848336316470745f,1.7737880430660327f,-0.09491949976627051f,0.11910692306175122f,-0.9883338653728719f,-0.5936602152890611f,0f,0f,0f,1f],start_interpolation:0}
execute if entity @s[tag=aj.heiloang_aj.bone.wing_right_2] run data modify entity @s {} merge value {transformation:[-0.08721931083171285f,-2.226051399668954f,-0.7554230365635796f,-2.3148740683512337f,-2.1434497693238517f,0.38569276804692393f,-0.8890670286220484f,-1.1506678291661516f,0.965190076888784f,0.6553718494329763f,-2.042662933713545f,0.9603051491271407f,0f,0f,0f,1f],start_interpolation:0}
execute if entity @s[tag=aj.heiloang_aj.bone.wing_right_1] run data modify entity @s {} merge value {transformation:[-1.0205111428727474f,-2.9986773192097598f,-1.0741089867557787f,-1.6303852905308607f,-2.7652020662308203f,1.393859778549095f,-1.2641325972997732f,0.6789925973229778f,1.5809596177908398f,0.5023027233651397f,-2.904389339244068f,-0.030589545307560195f,0f,0f,0f,1f],start_interpolation:0}
execute if entity @s[tag=aj.heiloang_aj.bone.wing_right_0] run data modify entity @s {} merge value {transformation:[-1.4535863852348503f,-1.518957852120339f,-0.7129191147261001f,-0.28408141038548196f,-1.2739370318423218f,1.6129135882614831f,-0.8390436196660109f,1.8571889003393538f,1.0920490188451493f,-0.14027401856164784f,-1.9277323829193482f,-1.061785662703849f,0f,0f,0f,1f],start_interpolation:0}
execute if entity @s[tag=aj.heiloang_aj.bone.wing_left_2] run data modify entity @s {} merge value {transformation:[0.09964845842854964f,2.3230336694878524f,0.35659607608557065f,2.66914106608804f,2.270181595054423f,-0.0027742538753677826f,-0.6163147209929333f,-1.45385664563887f,-0.6082119010098169f,0.3702470530095381f,-2.242001652436675f,0.23782778111083203f,0f,0f,0f,1f],start_interpolation:0}
execute if entity @s[tag=aj.heiloang_aj.bone.wing_left_1] run data modify entity @s {} merge value {transformation:[-1.3328924253098013f,3.025481104887071f,0.5070312016267484f,1.7887582871194607f,2.8971885180542896f,1.4232315323159253f,-0.8763158501225747f,0.45631735496114545f,-1.0084221567905696f,0.08997145265566679f,-3.1878219310841183f,-0.3739041116400237f,0f,0f,0f,1f],start_interpolation:0}
execute if entity @s[tag=aj.heiloang_aj.bone.wing_left_0] run data modify entity @s {} merge value {transformation:[-1.4995032051218713f,1.6020724802039965f,0.3365321767710343f,0.39672883767180356f,1.5018735146813267f,1.5278983896437175f,-0.5816377367596535f,1.8485867134953593f,-0.6513571092173583f,-0.1651976970092161f,-2.1158552968421196f,-0.996709172494801f,0f,0f,0f,1f],start_interpolation:0}
execute if entity @s[tag=aj.heiloang_aj.bone.kazari_right] run data modify entity @s {} merge value {transformation:[-2.6072727508064384f,-0.3299795149414024f,0.010607128617939499f,-2.4952439692786172f,-0.005489044918889f,-0.04109833396687039f,-2.627765397802338f,2.9805928236806505f,0.33010431963904774f,-2.6069703940053546f,0.04008355637236385f,-4.165704804632254f,0f,0f,0f,1f],start_interpolation:0}
execute if entity @s[tag=aj.heiloang_aj.bone.kazari_left] run data modify entity @s {} merge value {transformation:[-2.6072727508064384f,-0.3299795149414024f,0.010607128617939499f,2.5386428884650676f,-0.005489044918889f,-0.04109833396687039f,-2.627765397802338f,2.9911905760907938f,0.33010431963904774f,-2.6069703940053546f,0.04008355637236385f,-4.80304042508142f,0f,0f,0f,1f],start_interpolation:0}
execute if entity @s[tag=aj.heiloang_aj.bone.ring] run data modify entity @s {} merge value {transformation:[-2.1927668948392283f,-0.21141619737134026f,-0.001679931605752141f,0.14123802892233067f,0.027706090777213883f,-0.30469715675793674f,2.1815861892168047f,3.4385837849223124f,-0.20959962598965315f,2.1714946741672416f,0.30594960799505194f,-1.7079884318483665f,0f,0f,0f,1f],start_interpolation:0}
execute if entity @s[tag=aj.heiloang_aj.bone.body_0] run data modify entity @s {} merge value {transformation:[-1.1233525451168567f,0.038003854858015766f,0.10142555069155451f,0.11299870226290362f,0.014193805854636385f,1.0993497271060568f,-0.2547176659065344f,1.6490936618738292f,-0.10737770342354673f,-0.25226624916037177f,-1.0947530060610544f,-1.6491024258311453f,0f,0f,0f,1f],start_interpolation:0}
execute if entity @s[tag=aj.heiloang_aj.bone.leg_right_3] run data modify entity @s {} merge value {transformation:[-0.9165801730883575f,0.297317907025024f,0.26736276566413586f,-0.7984238265769608f,0.3057439051268412f,0.9520551872173407f,-0.0105633787370924f,-0.07564100866380125f,-0.25768478957653995f,0.07206235254842353f,-0.9635380462473087f,-1.8438800373729596f,0f,0f,0f,1f],start_interpolation:0}
execute if entity @s[tag=aj.heiloang_aj.bone.leg_right_2] run data modify entity @s {} merge value {transformation:[-0.9412447212915669f,0.33769004932902286f,-0.00487905984000097f,-0.5928158331364681f,0.31650446811026417f,0.8769696620752938f,-0.3615924964179753f,0.4747772671591815f,-0.11782740049325988f,-0.3418912727515967f,-0.9323234746102309f,-2.00782827668592f,0f,0f,0f,1f],start_interpolation:0}
execute if entity @s[tag=aj.heiloang_aj.bone.leg_right_1] run data modify entity @s {} merge value {transformation:[-0.976417289865182f,0.2122945086009748f,0.039246881025167366f,-0.604572081238709f,0.19188123352661376f,0.9366829690112126f,-0.29292764940279153f,0.7517945704388058f,-0.09894881642868794f,-0.27848888161327046f,-0.9553287782460818f,-1.3546276816180223f,0f,0f,0f,1f],start_interpolation:0}
execute if entity @s[tag=aj.heiloang_aj.bone.leg_right_0] run data modify entity @s {} merge value {transformation:[-0.8740064484528163f,0.46823938467087844f,-0.12986380059867147f,-0.23971160259742091f,0.3240127892652384f,0.362430816279553f,-0.8738762016461468f,0.9459558783479214f,-0.36211661168117476f,-0.805850967644746f,-0.46848241961739745f,-1.961846550021232f,0f,0f,0f,1f],start_interpolation:0}
execute if entity @s[tag=aj.heiloang_aj.bone.leg_left_3] run data modify entity @s {} merge value {transformation:[-0.9826623838088068f,-0.15863708543224758f,-0.09596308963739604f,0.8207940876372334f,-0.18442911631097084f,0.889381943356574f,0.41831287320382315f,-0.2111019500052168f,0.018987904148364546f,0.42875871298067525f,-0.9032194780556974f,-1.7025022523218818f,0f,0f,0f,1f],start_interpolation:0}
execute if entity @s[tag=aj.heiloang_aj.bone.leg_left_2] run data modify entity @s {} merge value {transformation:[-0.9826623838088068f,-0.18539169102892641f,0.0021354963423557208f,0.7079410105199212f,-0.18442911631097084f,0.976250992112573f,-0.11366574442623836f,0.38800111513356716f,0.018987904148364546f,-0.11208889907859612f,-0.9935167528529149f,-1.7238013327447175f,0f,0f,0f,1f],start_interpolation:0}
execute if entity @s[tag=aj.heiloang_aj.bone.leg_left_1] run data modify entity @s {} merge value {transformation:[-0.9983306137444278f,-0.05156678398012756f,0.026016388116356308f,0.6857118517035137f,-0.05725732315905106f,0.9427711806498613f,-0.32848759471360006f,0.6905675954411681f,-0.007588452103954374f,-0.32942885077966877f,-0.9441499074133577f,-1.0823130611641707f,0f,0f,0f,1f],start_interpolation:0}
execute if entity @s[tag=aj.heiloang_aj.bone.leg_left_0] run data modify entity @s {} merge value {transformation:[-0.9604868513527088f,-0.2726675627128711f,0.05583375880935998f,0.4556120198777262f,-0.15374418426257355f,0.3525557983021297f,-0.923074826267613f,0.8803439726553692f,0.2320080476707544f,-0.8951853491471864f,-0.3805462606415076f,-1.7535622924884238f,0f,0f,0f,1f],start_interpolation:0}
execute if entity @s[tag=aj.heiloang_aj.bone.tail_4] run data modify entity @s {} merge value {transformation:[-1.5486501285088667f,-0.10526785689604148f,0.2746922304355535f,-0.2627475554392548f,-0.2274808707443939f,-0.50475504946098f,-1.4759163787886802f,-3.1986375053671976f,0.18651969494537798f,-1.4896292767114343f,0.480696770375384f,-1.2358576043763214f,0f,0f,0f,1f],start_interpolation:0}
execute if entity @s[tag=aj.heiloang_aj.bone.tail_3] run data modify entity @s {} merge value {transformation:[-0.979302239321995f,-0.16534673798838379f,-0.11673722754771408f,-0.10243371366119669f,0.16075079303204387f,-0.28491333297717997f,-0.9449780818788358f,-1.9284081570001672f,0.12298905072605057f,-0.9441847535988043f,0.30559588425413964f,-1.6195882743538845f,0f,0f,0f,1f],start_interpolation:0}
execute if entity @s[tag=aj.heiloang_aj.bone.tail_2] run data modify entity @s {} merge value {transformation:[-0.9833596772818575f,-0.18136914709177798f,-0.010439232697948275f,-0.09757340877606997f,0.04410231372007467f,-0.18258350815059265f,-0.9822007170003282f,-1.1626807962828218f,0.1762348745868904f,-0.9663169744108933f,0.18754405867614005f,-1.7840898834197891f,0f,0f,0f,1f],start_interpolation:0}
execute if entity @s[tag=aj.heiloang_aj.bone.tail_1] run data modify entity @s {} merge value {transformation:[-0.9536295669079415f,-0.09363119265046589f,-0.2860486827129659f,0.12438821100942339f,0.29063913526650875f,-0.03945375570154084f,-0.9560189821403021f,-0.4162320291296484f,0.07822750264777592f,-0.9948249096820475f,0.06483715682845533f,-1.8515605386404903f,0f,0f,0f,1f],start_interpolation:0}
execute if entity @s[tag=aj.heiloang_aj.bone.tail_ring] run data modify entity @s {} merge value {transformation:[-0.9906304155924571f,0.13636593086435558f,-0.007464087527173063f,0.12754495499687013f,-0.005003942834185751f,-0.0908597759450327f,-0.9958511242506737f,-0.5621613205188374f,-0.13647835088111127f,-0.986483063217365f,0.09069082492764097f,-1.8691233591228877f,0f,0f,0f,1f],start_interpolation:0}
execute if entity @s[tag=aj.heiloang_aj.bone.tail_0] run data modify entity @s {} merge value {transformation:[-0.9906304155924571f,0.13636593086435558f,-0.007464087527173063f,0.1348901801982845f,-0.005003942834185751f,-0.0908597759450327f,-0.9958511242506737f,0.8309962051591266f,-0.13647835088111127f,-0.986483063217365f,0.09069082492764097f,-1.9735185545470841f,0f,0f,0f,1f],start_interpolation:0}
execute if entity @s[tag=aj.heiloang_aj.bone.body_1] run data modify entity @s {} merge value {transformation:[-0.9540549869566565f,0.29529087545352073f,0.050817130350181206f,0.14079043847729694f,0.0900262321117196f,0.44426177969431613f,-0.8913622993119047f,1.175494234073438f,-0.28578726247840514f,-0.8458337720715174f,-0.45043409132565315f,-1.8740247442524631f,0f,0f,0f,1f],start_interpolation:0}