execute if entity @s[tag=aj.heiloang_aj.bone.head_lower] run data modify entity @s {} merge value {transformation:[-0.7967951001081274f,0.06021178332837399f,-0.03862783442151719f,0.33426028567110894f,0.03219170229279846f,0.6875585057265593f,0.4077094498617277f,1.742012495882521f,0.0638847614628954f,0.40452174521461476f,-0.6872269602550175f,0.2628334938386623f,0f,0f,0f,1f],start_interpolation:0}
execute if entity @s[tag=aj.heiloang_aj.bone.horne_right] run data modify entity @s {} merge value {transformation:[-0.628565159108423f,-0.49214140897898073f,-0.051987251544839914f,0.019832591986039094f,-0.4361360812858f,0.5111734737802527f,0.43415089347379604f,2.257371115505379f,-0.233861410574017f,0.36945705199875783f,-0.6699330767865685f,0.3401490063866618f,0f,0f,0f,1f],start_interpolation:0}
execute if entity @s[tag=aj.heiloang_aj.bone.horne_left] run data modify entity @s {} merge value {transformation:[-0.5463527796737297f,0.5831665013942972f,-0.03762275633607996f,0.6972677860979689f,0.4836045063534375f,0.4801119621990804f,0.41906942764653776f,2.230001730216042f,0.32806298416224405f,0.263456515206749f,-0.6804155664134084f,0.28583418219090817f,0f,0f,0f,1f],start_interpolation:0}
execute if entity @s[tag=aj.heiloang_aj.bone.head_upper] run data modify entity @s {} merge value {transformation:[-1.1671255427608824f,0.08912402572519285f,-0.055108872912181535f,0.33277275722157795f,0.04715360072593387f,0.9970637555671077f,0.6138424208809574f,1.9710779321578398f,0.09357680147181262f,0.6091657309574713f,-0.9966557112932004f,0.13691204518967434f,0f,0f,0f,1f],start_interpolation:0}
execute if entity @s[tag=aj.heiloang_aj.bone.neck_0] run data modify entity @s {} merge value {transformation:[-0.9996162144543858f,0.024417395686795f,-0.013084899226120415f,0.32636846357078164f,-0.007064674607266189f,0.23202735266655256f,0.972683606311551f,2.3720261849277335f,0.02678645502071336f,0.9724027449582944f,-0.23176580296712798f,-0.02636606801754618f,0f,0f,0f,1f],start_interpolation:0}
execute if entity @s[tag=aj.heiloang_aj.bone.neck_1] run data modify entity @s {} merge value {transformation:[-0.9879426434262826f,0.1545542019612972f,0.00907369582889922f,0.3316041986208455f,0.06722992371863337f,0.37547783096626547f,0.9243898181014625f,2.713528166232614f,0.13946135900913767f,0.9138541443299226f,-0.3813412280810316f,-0.15390351891879694f,0f,0f,0f,1f],start_interpolation:0}
execute if entity @s[tag=aj.heiloang_aj.bone.neck_2] run data modify entity @s {} merge value {transformation:[-0.9923577894697413f,-0.019558275141175613f,-0.12183386865822889f,0.2823321353616578f,-0.07679630185171187f,0.8707233516142147f,0.4857398202490807f,2.88340072242244f,0.09658336140676248f,0.4913840848330464f,-0.865571103649007f,-0.5250847571244384f,0f,0f,0f,1f],start_interpolation:0}
execute if entity @s[tag=aj.heiloang_aj.bone.neck_3] run data modify entity @s {} merge value {transformation:[-0.9962795433180817f,0.04464876963532511f,-0.07371267825799115f,0.24310459859546596f,0.04163879579027599f,0.9982546854907606f,0.04187831874464565f,2.8808987673452786f,0.0754538418574571f,0.038653205116705835f,-0.9963998431770027f,-1.0416577116469448f,0f,0f,0f,1f],start_interpolation:0}
execute if entity @s[tag=aj.heiloang_aj.bone.wing_right_2] run data modify entity @s {} merge value {transformation:[0.904050420176911f,-2.025076222870877f,-0.7844330026598687f,-2.3766013401787536f,-1.813313012549305f,-0.23632262841515958f,-1.479737659228595f,1.1072904804576222f,1.1950584766522179f,1.173368617776604f,-1.651852696374501f,1.162043033111046f,0f,0f,0f,1f],start_interpolation:0}
execute if entity @s[tag=aj.heiloang_aj.bone.wing_right_1] run data modify entity @s {} merge value {transformation:[-0.8137238334929239f,-3.0464816704596362f,-1.1153572195754329f,-1.8268723797231137f,-2.214880492544455f,1.3618979221084389f,-2.1039860328440265f,2.589423181825831f,2.370522452846969f,0.22672065236800587f,-2.3487102459090634f,-0.35424690758386856f,0f,0f,0f,1f],start_interpolation:0}
execute if entity @s[tag=aj.heiloang_aj.bone.wing_right_0] run data modify entity @s {} merge value {transformation:[-1.8277585021627665f,-1.0196369237542362f,-0.7402968333639669f,-0.13276069904265375f,-0.3742128204790617f,1.6846981940619221f,-1.396480132301782f,2.9262940520944847f,1.2031889389288888f,-1.0249548959059092f,-1.5589111067016235f,-1.4858606795112026f,0f,0f,0f,1f],start_interpolation:0}
execute if entity @s[tag=aj.heiloang_aj.bone.wing_left_2] run data modify entity @s {} merge value {transformation:[0.6899662427030503f,2.233824574353073f,0.25990452336878306f,3.259033323149341f,1.8661735084609061f,-0.41700245006278586f,-1.37006620251773f,0.7628653630438713f,-1.2549577787997312f,0.6080400759645309f,-1.8944509087786094f,0.3369784379266688f,0f,0f,0f,1f],start_interpolation:0}
execute if entity @s[tag=aj.heiloang_aj.bone.wing_left_1] run data modify entity @s {} merge value {transformation:[-1.2440761019692388f,3.0826817877553183f,0.3695489424294138f,2.438891878522802f,2.432248360219478f,1.2151112040450998f,-1.948048112576721f,2.384940248370093f,-1.9296790768463756f,-0.4558470468761893f,-2.69365196399527f,-0.8854353773916411f,0f,0f,0f,1f],start_interpolation:0}
execute if entity @s[tag=aj.heiloang_aj.bone.wing_left_0] run data modify entity @s {} merge value {transformation:[-2.03438696701449f,0.8541117662800333f,0.24528097998741258f,0.5486215937888419f,0.563821870859421f,1.714266404976778f,-1.2929793465901045f,2.8990011173410566f,-0.6868584762395857f,-1.1225790767112995f,-1.787859516334502f,-1.5386319575371215f,0f,0f,0f,1f],start_interpolation:0}
execute if entity @s[tag=aj.heiloang_aj.bone.kazari_right] run data modify entity @s {} merge value {transformation:[-2.438550125733743f,-0.9738128002406049f,-0.10969094277900196f,-2.909933541932109f,0.23860205310606958f,-0.3046865711214379f,-2.5994432754318906f,3.3975161187924257f,0.9504801592320393f,-2.4219258683993736f,0.3711236228541972f,-4.009229634621467f,0f,0f,0f,1f],start_interpolation:0}
execute if entity @s[tag=aj.heiloang_aj.bone.kazari_left] run data modify entity @s {} merge value {transformation:[-2.438550125733743f,-0.9738128002406049f,-0.10969094277900196f,1.798198902624558f,0.23860205310606958f,-0.3046865711214379f,-2.5994432754318906f,2.9368448142694135f,0.9504801592320393f,-2.4219258683993736f,0.3711236228541972f,-5.844330922211878f,0f,0f,0f,1f],start_interpolation:0}
execute if entity @s[tag=aj.heiloang_aj.bone.ring] run data modify entity @s {} merge value {transformation:[-2.1946093477794317f,0.17845130557353547f,0.0690740759059802f,0.17621233762281618f,0.08790561534744741f,0.23387077867229358f,2.1887218524649557f,4.128112714756025f,0.1699667591429309f,2.183205413195548f,-0.24010770575750626f,-2.5504203193171375f,0f,0f,0f,1f],start_interpolation:0}
execute if entity @s[tag=aj.heiloang_aj.bone.body_0] run data modify entity @s {} merge value {transformation:[-1.1242964321321647f,0.001453104467873917f,-0.0980193711465444f,0.15111423099484134f,0.04503396916609262f,1.0099743575719764f,-0.5015736382684947f,2.514821110608403f,0.08707382071384027f,-0.503589179264361f,-1.0062149194937506f,-2.040103759670262f,0f,0f,0f,1f],start_interpolation:0}
execute if entity @s[tag=aj.heiloang_aj.bone.leg_right_3] run data modify entity @s {} merge value {transformation:[-0.9487078461533763f,0.3139646448659633f,0.03714329577744893f,-0.8288188301106256f,0.30421257932680634f,0.9385363472114542f,-0.16310803641241028f,0.8143245306222212f,-0.0860704898693684f,-0.1434424161019679f,-0.9859087909317357f,-1.8188935581441548f,0f,0f,0f,1f],start_interpolation:0}
execute if entity @s[tag=aj.heiloang_aj.bone.leg_right_2] run data modify entity @s {} merge value {transformation:[-0.9450292994084952f,0.32678217144131483f,-0.011534109744040434f,-0.6295308689489972f,0.297535879148237f,0.8447507101217407f,-0.4448242780787717f,1.3490744106674795f,-0.13561719610349587f,-0.4238037873555565f,-0.8955435924309393f,-2.0343948918477164f,0f,0f,0f,1f],start_interpolation:0}
execute if entity @s[tag=aj.heiloang_aj.bone.leg_right_1] run data modify entity @s {} merge value {transformation:[-0.978821807490288f,0.2012242610394782f,0.03763862312254852f,-0.640983355197796f,0.17428591574932115f,0.9155745560758588f,-0.3624191659362328f,1.673542264564111f,-0.10738849450879626f,-0.348183901172369f,-0.9312548964765363f,-1.4034136992363613f,0f,0f,0f,1f],start_interpolation:0}
execute if entity @s[tag=aj.heiloang_aj.bone.leg_right_0] run data modify entity @s {} merge value {transformation:[-0.9112940458494615f,0.3923902380760347f,-0.12479207932377832f,-0.3298458765477263f,0.24705891209053993f,0.27861575706324326f,-0.9280814370909026f,1.805596703702085f,-0.32940105639775674f,-0.8765860830396002f,-0.3508443858255867f,-2.055557572159688f,0f,0f,0f,1f],start_interpolation:0}
execute if entity @s[tag=aj.heiloang_aj.bone.leg_left_3] run data modify entity @s {} merge value {transformation:[-0.9698750311482197f,0.10340255818080574f,-0.22056820921634349f,0.5612571755358099f,0.007279691963882553f,0.917339411612164f,0.3980394578279391f,0.6254467273904709f,0.2434942094591791f,0.38444286293897273f,-0.890457329182671f,-1.7980480804130479f,0f,0f,0f,1f],start_interpolation:0}
execute if entity @s[tag=aj.heiloang_aj.bone.leg_left_2] run data modify entity @s {} merge value {transformation:[-0.9698750311482197f,-0.027503912876943884f,-0.24204536502832907f,0.5559488206813152f,0.007279691963882553f,0.9898897366117912f,-0.1416520929444729f,1.2341649897855156f,0.2434942094591791f,-0.13914684375542297f,-0.9598691191161185f,-1.8373907912485619f,0f,0f,0f,1f],start_interpolation:0}
execute if entity @s[tag=aj.heiloang_aj.bone.leg_left_1] run data modify entity @s {} merge value {transformation:[-0.9709955032968407f,0.02414541113982982f,-0.23787545417340472f,0.725613236443172f,0.1307733338689684f,0.8865203162294305f,-0.4438243617257459f,1.6138935158097354f,0.20016510116928551f,-0.4620592256771409f,-0.8639648165524628f,-1.2624403189203153f,0f,0f,0f,1f],start_interpolation:0}
execute if entity @s[tag=aj.heiloang_aj.bone.leg_left_0] run data modify entity @s {} merge value {transformation:[-0.8920207966896425f,-0.42257160072606864f,-0.16041240766531562f,0.37389532810097237f,0.08287617943046557f,0.19597124992414577f,-0.9771012271439318f,1.6941773196190337f,0.44433144965913085f,-0.8848889825639011f,-0.13978931068160882f,-1.9022727659761842f,0f,0f,0f,1f],start_interpolation:0}
execute if entity @s[tag=aj.heiloang_aj.bone.tail_4] run data modify entity @s {} merge value {transformation:[-1.5613403226428546f,-0.06970354524442832f,0.20545602049474782f,-0.2895722879992598f,-0.13312970001265595f,-0.8708905690124167f,-1.3071650482886403f,-2.439330443861686f,0.17131037199107563f,-1.3120767493836865f,0.856715661035032f,-1.416007220941041f,0f,0f,0f,1f],start_interpolation:0}
execute if entity @s[tag=aj.heiloang_aj.bone.tail_3] run data modify entity @s {} merge value {transformation:[-0.996012604898775f,-0.08877128807027262f,-0.008862804133064894f,-0.27541181496152844f,0.02889478519018701f,-0.2270097943084447f,-0.9734637356762966f,-1.1325464289712865f,0.08440368636244126f,-0.9698382399670484f,0.22866964386653582f,-1.6962702613696303f,0f,0f,0f,1f],start_interpolation:0}
execute if entity @s[tag=aj.heiloang_aj.bone.tail_2] run data modify entity @s {} merge value {transformation:[-0.9928378544421698f,-0.05379300685622977f,-0.10667383559258581f,-0.1928689999277971f,0.11463721077685159f,-0.17757679538773727f,-0.9774071780200541f,-0.37048093663331805f,0.03363487315231134f,-0.9826356365170089f,0.1824716447967755f,-1.8570983123246714f,0f,0f,0f,1f],start_interpolation:0}
execute if entity @s[tag=aj.heiloang_aj.bone.tail_1] run data modify entity @s {} merge value {transformation:[-0.9773268928334088f,0.044089706515832335f,-0.20709476652958192f,-0.030282796841278395f,0.20699890703808974f,-0.0067787874854458585f,-0.9783176889565391f,0.3939457887222939f,-0.04453759119699309f,-0.9990045774767876f,-0.0025014297500786653f,-1.8720154194908987f,0f,0f,0f,1f],start_interpolation:0}
execute if entity @s[tag=aj.heiloang_aj.bone.tail_ring] run data modify entity @s {} merge value {transformation:[-0.9971158352200129f,0.063993875442651f,-0.040801900192593124f,-0.03416156586635167f,0.030996381087191757f,-0.1473531630166534f,-0.9885981335752588f,0.2473066640905659f,-0.06927651487332068f,-0.9870115649042913f,0.14494459366319437f,-1.8817979579825517f,0f,0f,0f,1f],start_interpolation:0}
execute if entity @s[tag=aj.heiloang_aj.bone.tail_0] run data modify entity @s {} merge value {transformation:[-0.9971158352200129f,0.063993875442651f,-0.040801900192593124f,0.02138858690471067f,0.030996381087191757f,-0.1473531630166534f,-0.9885981335752588f,1.63160902579166f,-0.06927651487332068f,-0.9870115649042913f,0.14494459366319437f,-2.0619683007971994f,0f,0f,0f,1f],start_interpolation:0}
execute if entity @s[tag=aj.heiloang_aj.bone.body_1] run data modify entity @s {} merge value {transformation:[-0.9656047689448002f,0.22591209753052569f,-0.1287289958805595f,0.08554982405579808f,0.1528787683779198f,0.09281018389116658f,-0.983877203692279f,1.9836179717065368f,-0.210322401018791f,-0.9697164502860856f,-0.12415511940409357f,-2.0861707986783324f,0f,0f,0f,1f],start_interpolation:0}