# This file was generated by Animated Java via MC-Build. It is not recommended to edit this file directly.
$data merge entity $(bone_head) { transformation: [-0.5146891018292274f,0.1488819342135933f,-0.8443514067750717f,0f,-6.938893903907228e-18f,0.984807753012208f,0.17364817766693033f,1.7179426560172757f,0.8573768882225735f,0.08937482459767447f,-0.506869817872313f,0f,0f,0f,0f,1f], start_interpolation: 0, interpolation_duration: 1 }
$data merge entity $(bone_bust) { transformation: [-0.06330850607742224f,-0.49899700226009497f,-0.8642881607390466f,0.07173081907488876f,0f,0.8660254037844387f,-0.49999999999999994f,1.6085676560172757f,0.99799400452019f,-0.03165425303871111f,-0.054826774538689185f,0.00455029887431474f,0f,0f,0f,1f], start_interpolation: 0, interpolation_duration: 1 }
$data merge entity $(bone_left_wing) { transformation: [0.3234263381307704f,0f,-0.9462533507487942f,-0.1207924689351848f,0f,1f,0f,1.4991926560172757f,0.9462533507487942f,0f,0.3234263381307704f,-0.07028818854218966f,0f,0f,0f,1f], start_interpolation: 0, interpolation_duration: 1 }
$data merge entity $(bone_right_wing) { transformation: [-0.44040520412836404f,0f,-0.8977991179415661f,-0.12870603219486254f,0f,1f,0f,1.4991926560172757f,0.8977991179415661f,0f,-0.44040520412836404f,0.05446106202283413f,0f,0f,0f,1f], start_interpolation: 0, interpolation_duration: 1 }
$data merge entity $(bone_body) { transformation: [-0.06330850607742224f,0f,-0.99799400452019f,0.5306512552988062f,0f,1f,0f,0.4366926560172757f,0.99799400452019f,0f,-0.06330850607742224f,-0.4673427492213839f,0f,0f,0f,1f], start_interpolation: 0, interpolation_duration: 1 }
$data merge entity $(bone_right_ring) { transformation: [0.744040647111604f,-0.5904488589373696f,0.31268780025019205f,0.29683143990922456f,0.6618528878883781f,0.5873243600051086f,-0.4658335013053524f,1.2999378547926967f,0.0914016971371957f,0.5535523833605526f,0.8277834793207051f,0.07951851875634562f,0f,0f,0f,1f], start_interpolation: 0, interpolation_duration: 1 }
$data merge entity $(bone_sword) { transformation: [-0.2903750963819718f,0.6607898156729375f,-0.7285038982817811f,0.40533468155340135f,-0.8132592250835252f,0.26588282482816095f,0.5653269524669837f,1.1441514004105349f,0.5531460414080265f,0.7377953306114022f,0.4487385808132692f,-0.03463003712037155f,0f,0f,0f,1f], start_interpolation: 0, interpolation_duration: 1 }
$data merge entity $(bone_right_hand) { transformation: [-0.28315080837133133f,-0.5904488589373696f,-0.7557749431531983f,0.1337199047796482f,-0.7930260200238697f,0.5873243600051086f,-0.16174000033909652f,1.3765441610117046f,0.5393842334400987f,0.5535523833605526f,-0.6345426759423586f,0.10652270278683584f,0f,0f,0f,1f], start_interpolation: 0, interpolation_duration: 1 }
$data merge entity $(bone_right_arm) { transformation: [-0.28315080837133133f,-0.6457136711265652f,-0.7091399541972768f,-0.021762298964113892f,-0.7930260200238697f,0.5734688125352669f,-0.20553163409677855f,1.5929426560172757f,0.5393842334400987f,0.5041699871765921f,-0.67444590053361f,0.34306043905381534f,0f,0f,0f,1f], start_interpolation: 0, interpolation_duration: 1 }
$data merge entity $(bone_left_ring) { transformation: [0.6748697850851586f,0.016319432418986028f,0.7377563617513805f,0.008457953668593268f,0.7265373841191712f,0.16035395431939015f,-0.6681542028689236f,1.5388702105068515f,-0.1292060472903012f,0.9869246604780212f,0.09636136094908246f,-0.866052000034487f,0f,0f,0f,1f], start_interpolation: 0, interpolation_duration: 1 }
$data merge entity $(bone_left_hand) { transformation: [0.07350078477582565f,0.016319432418986028f,-0.9971616272013579f,-0.08247603756606747f,-0.9845779601239119f,0.16035395431939015f,-0.06994890830007024f,1.5573678057161247f,0.15875728353551044f,0.9869246604780212f,0.027853894965847358f,-0.709233719181748f,0f,0f,0f,1f], start_interpolation: 0, interpolation_duration: 1 }
$data merge entity $(bone_left_arm) { transformation: [0.07350078477582565f,0.02874872044800373f,-0.996880707863253f,0.021762298964113892f,-0.9845779601239119f,0.16121347319156376f,-0.06794451044602247f,1.6241926560172757f,0.15875728353551044f,0.9865007486738749f,0.04015467333088456f,-0.34306043905381534f,0f,0f,0f,1f], start_interpolation: 0, interpolation_duration: 1 }
$data merge entity $(bone_leftfoot) { transformation: [-0.05090927531947316f,-0.11556179717245427f,-0.9919948168819828f,0.22647039196037932f,0.0013244154828166085f,0.9932741390799893f,-0.11577880012564806f,0.5790665269509053f,0.9987024039272536f,-0.007208028106107193f,-0.05041381478073853f,-0.09566258648303133f,0f,0f,0f,1f], start_interpolation: 0, interpolation_duration: 1 }
$data merge entity $(bone_leftleg) { transformation: [-0.06150632682999762f,-0.24160153896254274f,-0.9684243223560696f,-0.013917555589201375f,0.04361932092922669f,0.9686836993890034f,-0.24443658764536016f,0.9366926560172757f,0.9971531109120378f,-0.05727640796144317f,-0.049041681144508985f,-0.12613412413546737f,0f,0f,0f,1f], start_interpolation: 0, interpolation_duration: 1 }
$data merge entity $(bone_rightfoot) { transformation: [-0.07750504505545919f,0.1097971403442023f,-0.9909276239782534f,0.2806263874423759f,0.3577248346776466f,0.9307978425410304f,0.07515529905345014f,0.6630070411801953f,0.93060513143105f,-0.3486545056258397f,-0.11141869260137491f,0.26892487444172164f,0f,0f,0f,1f], start_interpolation: 0, interpolation_duration: 1 }
$data merge entity $(bone_rightleg) { transformation: [-0.05996709109233521f,-0.4033763518697898f,-0.9130670658490224f,-0.029744682108556936f,0.32058389422344086f,0.8584729760714086f,-0.40031252306121073f,0.9366926560172757f,0.9453200065324214f,-0.3167201731928647f,0.0778358345636799f,0.12336437699458014f,0f,0f,0f,1f], start_interpolation: 0, interpolation_duration: 1 }
$data merge entity $(bone_skirt_right_back) { transformation: [-0.2855348814619114f,-0.030124107102967757f,-0.957894759167092f,-0.17923772424548146f,0.6646781246297558f,0.7138260126761539f,-0.2205797231513683f,0.9277476029323308f,0.6904149637045847f,-0.6996748972187815f,-0.18379939089856795f,0.15443359874796644f,0f,0f,0f,1f], start_interpolation: 0, interpolation_duration: 1 }
$data merge entity $(bone_skirt_right) { transformation: [-0.2855348814619114f,-0.030124107102967757f,-0.957894759167092f,0.08312996841851394f,0.6646781246297558f,0.7138260126761539f,-0.2205797231513683f,0.9659427156710735f,0.6904149637045847f,-0.6996748972187815f,-0.18379939089856795f,0.2714323261301308f,0f,0f,0f,1f], start_interpolation: 0, interpolation_duration: 1 }
$data merge entity $(bone_skirt_left_back) { transformation: [0.02674563987860573f,-0.34488223752837927f,-0.9382648416011882f,-0.17178338802108434f,-0.24268261341926178f,0.9082813109732379f,-0.34077882751241045f,0.9191591998416819f,0.9697369849044024f,0.23681491163808643f,-0.05940435787351154f,-0.16801093496479425f,0f,0f,0f,1f], start_interpolation: 0, interpolation_duration: 1 }
$data merge entity $(bone_skirt_left) { transformation: [0.02674563987860573f,-0.3452999676249599f,-0.9381111890952404f,0.11280583064230561f,-0.24268261341926178f,0.9081294884908515f,-0.3411832077892192f,0.9659427156710735f,0.9697369849044024f,0.23678843825564216f,-0.059509794294493f,-0.1963773634887083f,0f,0f,0f,1f], start_interpolation: 0, interpolation_duration: 1 }
$data merge entity $(bone_skirt_back_middle) { transformation: [-0.06330850607742224f,-0.2574413176336432f,-0.9642178182513009f,-0.12654670700779255f,0f,0.9661559226649584f,-0.25795878178387893f,0.950058690121189f,0.99799400452019f,-0.01633098510428914f,-0.06116588810177201f,-0.008027586271454928f,0f,0f,0f,1f], start_interpolation: 0, interpolation_duration: 1 }
$data merge entity $(bone_skirt_front_middle) { transformation: [-0.06330850607742224f,-0.42096487256461224f,-0.9048649673431418f,0.16661303958447007f,0f,0.9066837708891625f,-0.42181102357123007f,1.05667844255532f,0.99799400452019f,-0.02670422574928291f,-0.05740079501963666f,0.010569224445574133f,0f,0f,0f,1f], start_interpolation: 0, interpolation_duration: 1 }
$data merge entity $(bone_lower) { transformation: [-0.06330850607742224f,0f,-0.99799400452019f,0f,0f,1f,0f,1.0304426560172757f,0.99799400452019f,0f,-0.06330850607742224f,0f,0f,0f,0f,1f], start_interpolation: 0, interpolation_duration: 1 }
data modify entity @s data merge value {"locators":{"locator_right_hand":{"posx":0.4628951814853598,"posy":1.13475287854126,"posz":-0.07616808906380979,"roty":310.0165542306497,"rotx":-9.30790650904624},"locator_left_hand":{"posx":0.0038681133007534563,"posy":1.4937706608545231,"posz":-1.1436245607939306,"roty":268.39996275547253,"rotx":-4.011052686109192}},"cameras":{}}