# This file was generated by Animated Java via MC-Build. It is not recommended to edit this file directly.
$data merge entity $(bone_head) { transformation: [-0.5029715700841909f,0.15008463325518281f,-0.8511722519841098f,0f,6.938893903907228e-18f,0.984807753012208f,0.17364817766693033f,1.7275229683628401f,0.8643029559633842f,0.08734009656339449f,-0.4953303017636344f,0f,0f,0f,0f,1f], start_interpolation: 0, interpolation_duration: 1 }
$data merge entity $(bone_bust) { transformation: [-0.05416518939871741f,-0.49926599429998253f,-0.8647540686189634f,0.07176948668062255f,0f,0.8660254037844387f,-0.49999999999999994f,1.6181479683628401f,0.9985319885999652f,-0.0270825946993587f,-0.046908430020084844f,0.0038931229880327933f,0f,0f,0f,1f], start_interpolation: 0, interpolation_duration: 1 }
$data merge entity $(bone_left_wing) { transformation: [0.33207953886370095f,0f,-0.9432513874191076f,-0.12143117423757577f,0f,1f,0f,1.5087729683628401f,0.9432513874191076f,0f,0.33207953886370095f,-0.0691788979623375f,0f,0f,0f,1f], start_interpolation: 0, interpolation_duration: 1 }
$data merge entity $(bone_right_wing) { transformation: [-0.43216375858384565f,0f,-0.9017951462314949f,-0.12820182291241544f,0f,1f,0f,1.5087729683628401f,0.9017951462314949f,0f,-0.43216375858384565f,0.055637600612658156f,0f,0f,0f,1f], start_interpolation: 0, interpolation_duration: 1 }
$data merge entity $(bone_body) { transformation: [-0.05416518939871741f,0f,-0.9985319885999652f,0.5263485889993413f,0f,1f,0f,0.44627296836284014f,0.9985319885999652f,0f,-0.05416518939871741f,-0.4721833996006239f,0f,0f,0f,1f], start_interpolation: 0, interpolation_duration: 1 }
$data merge entity $(bone_right_ring) { transformation: [0.6509056463616562f,-0.620788196250454f,-0.4369712289506281f,0.3094790748536124f,-0.0075599465871359905f,0.5702703421826691f,-0.8214222933634446f,1.317970376575281f,0.7591209961146602f,0.5379718879485889f,0.36649906007371535f,0.08501995439223753f,0f,0f,0f,1f], start_interpolation: 0, interpolation_duration: 1 }
$data merge entity $(bone_sword) { transformation: [-0.2989022961333158f,0.6573374364889548f,-0.7402434178620265f,0.4248572239847386f,-0.8317936857425672f,0.25253860569307124f,0.5601240244134229f,1.1654821072999315f,0.536816623677696f,0.7573157551222757f,0.4557369475021202f,-0.026816873448523793f,0f,0f,0f,1f], start_interpolation: 0, interpolation_duration: 1 }
$data merge entity $(bone_right_hand) { transformation: [-0.2890414280527863f,-0.620788196250454f,-0.7287503470087089f,0.1441605741574125f,-0.8043525857194795f,0.5702703421826691f,-0.1667592716260437f,1.3914414358263816f,0.5191068971951667f,0.5379718879485889f,-0.6641643449188142f,0.10681265454806571f,0f,0f,0f,1f], start_interpolation: 0, interpolation_duration: 1 }
$data merge entity $(bone_right_arm) { transformation: [-0.2890414280527863f,-0.6621109851206046f,-0.6914217933011862f,-0.018619283855809108f,-0.8043525857194795f,0.5596093457031746f,-0.1996354128105837f,1.6025229683628401f,0.5191068971951667f,0.4984440024559301f,-0.6943209673487611f,0.34324537108123804f,0f,0f,0f,1f], start_interpolation: 0, interpolation_duration: 1 }
$data merge entity $(bone_left_ring) { transformation: [0.991932413825256f,0.08833779093366785f,-0.09092041077646072f,-0.03804393010990731f,-0.10348568134542986f,0.1500291383470647f,-0.9832507164519683f,1.5533877563150986f,-0.07321748533835948f,0.9847272172230218f,0.15796046182804793f,-0.862697266357094f,0f,0f,0f,1f], start_interpolation: 0, interpolation_duration: 1 }
$data merge entity $(bone_left_hand) { transformation: [0.12144310505953868f,0.08833779093366785f,-0.9886597022871202f,-0.11692799736593923f,-0.9828392828844562f,0.1500291383470647f,-0.10732288509914695f,1.5667682887037824f,0.13884709666631567f,0.9847272172230218f,0.10504185550311773f,-0.6989859647125796f,0f,0f,0f,1f], start_interpolation: 0, interpolation_duration: 1 }
$data merge entity $(bone_left_arm) { transformation: [0.12144310505953868f,0.11498032295890705f,-0.9859163745296875f,0.018619283855809108f,-0.9828392828844562f,0.15287016333086723f,-0.10323592970648035f,1.6337729683628401f,0.13884709666631567f,0.9815346343840643f,0.1315722054686147f,-0.34324537108123804f,0f,0f,0f,1f], start_interpolation: 0, interpolation_duration: 1 }
$data merge entity $(bone_leftfoot) { transformation: [-0.04028183255964071f,-0.20221039266610574f,-0.9785133269728402f,0.2380144007233461f,0.00172508360204629f,0.9792926411293935f,-0.20244245383906748f,0.597354735839747f,0.9991868684346302f,-0.009842770323252696f,-0.0390988723643109f,-0.09746107221663117f,0f,0f,0f,1f], start_interpolation: 0, interpolation_duration: 1 }
$data merge entity $(bone_leftleg) { transformation: [-0.052370787516712605f,-0.27600363734910593f,-0.9597287600071921f,-0.015072238575784562f,0.04361932092922671f,0.959498148113974f,-0.27831754994525143f,0.9462729683628401f,0.9976746240416022f,-0.056438426058117316f,-0.038210582402391606f,-0.1260013620930926f,0f,0f,0f,1f], start_interpolation: 0, interpolation_duration: 1 }
$data merge entity $(bone_rightfoot) { transformation: [-0.06945930525498314f,0.05288807602105955f,-0.9961818389873837f,0.28346068152621096f,0.333628181708504f,0.9423246778951344f,0.02676635574202646f,0.6694513690781764f,0.94014235160606f,-0.3304951631183456f,-0.08309817008818902f,0.259283247547889f,0f,0f,0f,1f], start_interpolation: 0, interpolation_duration: 1 }
$data merge entity $(bone_rightleg) { transformation: [-0.05173540298371791f,-0.40745970965661055f,-0.9117565645964184f,-0.028613535925463916f,0.29615084656772805f,0.8656518902661302f,-0.403660105727447f,0.9462729683628401f,0.9537390230851048f,-0.29090099670717234f,0.07588468857051046f,0.1236316350568987f,0f,0f,0f,1f], start_interpolation: 0, interpolation_duration: 1 }
$data merge entity $(bone_skirt_right_back) { transformation: [-0.27300655365166726f,-0.036621072234155144f,-0.9613148905180134f,-0.17884800192886613f,0.6606997393103757f,0.7191921335956245f,-0.21503146153383004f,0.938802987071885f,0.6992447898543405f,-0.6938454958004657f,-0.17214863292795815f,0.15926097915495452f,0f,0f,0f,1f], start_interpolation: 0, interpolation_duration: 1 }
$data merge entity $(bone_skirt_right) { transformation: [-0.27300655365166726f,-0.03885805238755133f,-0.9612270665289684f,0.08539428400501359f,0.6606997393103757f,0.718689785750913f,-0.21670451387201983f,0.9754798868424078f,0.6992447898543405f,-0.6942442247667265f,-0.1705335164699478f,0.2724651943929959f,0f,0f,0f,1f], start_interpolation: 0, interpolation_duration: 1 }
$data merge entity $(bone_skirt_left_back) { transformation: [0.032253922568348393f,-0.3334809073459977f,-0.9422049505891195f,-0.17381078324378074f,-0.23862545235905935f,0.9128644136282013f,-0.33126493297310344f,0.9308409569339797f,0.9705759001569065f,0.23551867604699742f,-0.050133574255983505f,-0.16672550604423242f,0f,0f,0f,1f], start_interpolation: 0, interpolation_duration: 1 }
$data merge entity $(bone_skirt_left) { transformation: [0.032253922568348393f,-0.337105056283495f,-0.9409143773516572f,0.11088251632383041f,-0.23862545235905935f,0.9115825871930113f,-0.3347761643440738f,0.9754798868424078f,0.9705759001569065f,0.23532396340916428f,-0.05103973236619708f,-0.19740882590921557f,0f,0f,0f,1f], start_interpolation: 0, interpolation_duration: 1 }
$data merge entity $(bone_skirt_back_middle) { transformation: [-0.05416518939871741f,-0.2510065634568144f,-0.966468746188412f,-0.12683760213835638f,0f,0.9678896191833486f,-0.2513755856822864f,0.9611412059602493f,0.9985319885999652f,-0.01361580620869456f,-0.052425924540118546f,-0.006880283076695292f,0f,0f,0f,1f], start_interpolation: 0, interpolation_duration: 1 }
$data merge entity $(bone_skirt_front_middle) { transformation: [-0.05416518939871741f,-0.4150187462968824f,-0.9081990819636216f,0.1671981407840365f,0f,0.9095342886681088f,-0.415628894251828f,1.0657587573177725f,0.9985319885999652f,-0.022512617776729752f,-0.04926509701033584f,0.009069633287741295f,0f,0f,0f,1f], start_interpolation: 0, interpolation_duration: 1 }
$data merge entity $(bone_lower) { transformation: [-0.05416518939871741f,0f,-0.9985319885999652f,0f,0f,1f,0f,1.0400229683628401f,0.9985319885999652f,0f,-0.05416518939871741f,0f,0f,0f,0f,1f], start_interpolation: 0, interpolation_duration: 1 }
data modify entity @s data merge value {"locators":{"locator_right_hand":{"posx":0.4840757550490526,"posy":1.1575818428364055,"posz":-0.06628463909330307,"roty":312.34523814775935,"rotx":-9.599449407290424},"locator_left_hand":{"posx":-0.0628889338100014,"posy":1.5111920611549865,"posz":-1.1396517962010688,"roty":263.9352631038696,"rotx":-6.1610144910593965}},"cameras":{}}