# This file was generated by Animated Java via MC-Build. It is not recommended to edit this file directly.
$data merge entity $(bone_head) { transformation: [-0.5108666533541368f,0.14927838704921542f,-0.8465998025340714f,0f,0f,0.984807753012208f,0.17364817766693033f,1.7340261707496158f,0.859659969110313f,0.08871106338574926f,-0.5031054409785541f,0f,0f,0f,0f,1f], start_interpolation: 0, interpolation_duration: 1 }
$data merge entity $(bone_bust) { transformation: [-0.08462093315818632f,-0.4982066081635804f,-0.8629191580058808f,0.07161719992351473f,0f,0.8660254037844387f,-0.49999999999999994f,1.6246511707496158f,0.996413216327161f,-0.04231046657909315f,-0.07328387780693431f,0.00608212957074461f,0f,0f,0f,1f], start_interpolation: 0, interpolation_duration: 1 }
$data merge entity $(bone_left_wing) { transformation: [0.3031312815111626f,0f,-0.9529488056393167f,-0.11926284371850848f,0f,1f,0f,1.5152761707496158f,0.9529488056393167f,0f,0.3031312815111626f,-0.07285344266522087f,0f,0f,0f,1f], start_interpolation: 0, interpolation_duration: 1 }
$data merge entity $(bone_right_wing) { transformation: [-0.4594903778448706f,0f,-0.8881827473374935f,-0.12984046036328178f,0f,1f,0f,1.5152761707496158f,0.8881827473374935f,0f,-0.4594903778448706f,0.051698209375674264f,0f,0f,0f,1f], start_interpolation: 0, interpolation_duration: 1 }
$data merge entity $(bone_body) { transformation: [-0.08462093315818632f,0f,-0.996413216327161f,0.5405170747426736f,0f,1f,0f,0.45277617074961585f,0.996413216327161f,0f,-0.08462093315818632f,-0.4558961415844873f,0f,0f,0f,1f], start_interpolation: 0, interpolation_duration: 1 }
$data merge entity $(bone_right_ring) { transformation: [-0.01831047907297606f,-0.6999472004129993f,-0.7139598328968673f,0.32700251129342195f,-0.6479440633032856f,0.5521468366153492f,-0.5246926354025667f,1.3334063254520336f,0.7614678044317738f,0.4529986616422477f,-0.4636367062304131f,0.12063424495053231f,0f,0f,0f,1f], start_interpolation: 0, interpolation_duration: 1 }
$data merge entity $(bone_sword) { transformation: [-0.32902078982548183f,0.5789340830915048f,-0.8025862570026694f,0.46024525453007825f,-0.8427188408651655f,0.2794741401079646f,0.5470678320772719f,1.184164230059134f,0.5187815799981996f,0.8211538132882613f,0.37965265679125615f,0.025526758586381468f,0f,0f,0f,1f], start_interpolation: 0, interpolation_duration: 1 }
$data merge entity $(bone_right_hand) { transformation: [-0.3154974971918048f,-0.6999472004129993f,-0.6407302442523778f,0.15756730083023043f,-0.8080817180894967f,0.5521468366153492f,-0.2052749563516948f,1.4004347415152105f,0.4974588085009998f,0.4529986616422477f,-0.7398154813161847f,0.12205758445874121f,0f,0f,0f,1f], start_interpolation: 0, interpolation_duration: 1 }
$data merge entity $(bone_right_arm) { transformation: [-0.3154974971918048f,-0.7135896414873272f,-0.6255007216843917f,-0.029088445773126546f,-0.8080817180894967f,0.547595891193963f,-0.21712364412246f,1.6090261707496158f,0.4974588085009998f,0.4369537315431432f,-0.7494038766481584f,0.34251704311246156f,0f,0f,0f,1f], start_interpolation: 0, interpolation_duration: 1 }
$data merge entity $(bone_left_ring) { transformation: [0.5532469434504127f,0.12246281827100253f,-0.8239664299617426f,-0.05222060571730053f,-0.8300017938831321f,0.16512627456170148f,-0.5327572952106395f,1.5509893458424269f,0.07081554711755621f,0.9786399601439221f,0.19299996553353102f,-0.855302942720727f,0f,0f,0f,1f], start_interpolation: 0, interpolation_duration: 1 }
$data merge entity $(bone_left_hand) { transformation: [0.15752287393069117f,0.12246281827100253f,-0.9798925463180843f,-0.12495071657977677f,-0.9767965596594083f,0.16512627456170148f,-0.1363883957194235f,1.5640039141439968f,0.14510349832502334f,0.9786399601439221f,0.14563242490373818f,-0.6887374091135138f,0f,0f,0f,1f], start_interpolation: 0, interpolation_duration: 1 }
$data merge entity $(bone_left_arm) { transformation: [0.15752287393069117f,0.16746818243711079f,-0.9732116686825257f,0.029088445773126546f,-0.9767965596594083f,0.17123326788587767f,-0.12863766558309322f,1.6402761707496158f,0.14510349832502334f,0.970893184567867f,0.19055550092691131f,-0.34251704311246156f,0f,0f,0f,1f], start_interpolation: 0, interpolation_duration: 1 }
$data merge entity $(bone_leftfoot) { transformation: [-0.06992042427295167f,-0.25095871413005716f,-0.9654692424265408f,0.24789155691692746f,0.0019794291685172882f,0.9678011466217427f,-0.2517082089599128f,0.6090713863385349f,0.997550608304991f,-0.019510622743227256f,-0.06717231178479874f,-0.08979523881214688f,0f,0f,0f,1f], start_interpolation: 0, interpolation_duration: 1 }
$data merge entity $(bone_leftleg) { transformation: [-0.08280119576732264f,-0.2934925013049793f,-0.952368685781535f,-0.011218922462383355f,0.043619320929226706f,0.9536671270512361f,-0.29768501074712267f,0.9527761707496158f,0.9956110268680107f,-0.0661903501999207f,-0.0661628348790862f,-0.12640273495373044f,0f,0f,0f,1f], start_interpolation: 0, interpolation_duration: 1 }
$data merge entity $(bone_rightfoot) { transformation: [-0.09900907140118605f,0.030132889705248744f,-0.9946301889336991f,0.27618790430843687f,0.30251721100322215f,0.9531431190016203f,-0.0012376375459031697f,0.6722132030715121f,0.947987626937771f,-0.3010152880799817f,-0.10348553287788012f,0.25869965463585975f,0f,0f,0f,1f], start_interpolation: 0, interpolation_duration: 1 }
$data merge entity $(bone_rightleg) { transformation: [-0.08160382678216126f,-0.4008060276905083f,-0.9125214209110175f,-0.03237415575192994f,0.26464601468727705f,0.8739939504851453f,-0.40755007229236384f,0.9527761707496158f,0.96088672712482f,-0.27475280286527537f,0.03475046694688483f,0.1227005691280598f,0f,0f,0f,1f], start_interpolation: 0, interpolation_duration: 1 }
$data merge entity $(bone_skirt_right_back) { transformation: [-0.28166092498025824f,-0.02046681632221994f,-0.9592956962109742f,-0.18605184425195556f,0.64744726858944f,0.7338100187924674f,-0.20575444276095736f,0.9477108373029012f,0.7081519312515774f,-0.6790463649482493f,-0.193434424328324f,0.15886193176856594f,0f,0f,0f,1f], start_interpolation: 0, interpolation_duration: 1 }
$data merge entity $(bone_skirt_right) { transformation: [-0.28166092498025824f,-0.029023354563215115f,-0.9590749544374324f,0.07670004243814019f,0.64744726858944f,0.7319453990100006f,-0.2122921742885605f,0.9819041510268538f,0.7081519312515774f,-0.6807448697992433f,-0.18736932648294446f,0.2762358570559586f,0f,0f,0f,1f], start_interpolation: 0, interpolation_duration: 1 }
$data merge entity $(bone_skirt_left_back) { transformation: [-0.003634013247877571f,-0.32276648509226075f,-0.9464716530614647f,-0.16951141745245873f,-0.23088567334147872f,0.9211753846641264f,-0.3132534381847243f,0.9413046061326117f,0.9729741002685355f,0.21738837777141226f,-0.07786972079407714f,-0.17253617944505042f,0f,0f,0f,1f], start_interpolation: 0, interpolation_duration: 1 }
$data merge entity $(bone_skirt_left) { transformation: [-0.003634013247877571f,-0.33245306466430286f,-0.943112800116204f,0.11663093703573879f,-0.23088567334147872f,0.917915392133326f,-0.3226811719489913f,0.9819041510268538f,0.9729741002685355f,0.2165786062380939f,-0.08009436638489899f,-0.1939512424225702f,0f,0f,0f,1f], start_interpolation: 0, interpolation_duration: 1 }
$data merge entity $(bone_skirt_back_middle) { transformation: [-0.08462093315818632f,-0.23810259273067252f,-0.9675466154177633f,-0.12695885156180692f,0f,0.9710294881316391f,-0.2389596894432342f,0.9704743770722186f,0.996413216327161f,-0.020220991907876882f,-0.08216942140981533f,-0.010782049370493594f,0f,0f,0f,1f], start_interpolation: 0, interpolation_duration: 1 }
$data merge entity $(bone_skirt_front_middle) { transformation: [-0.08462093315818632f,-0.4024979859085754f,-0.9115013269386819f,0.16776389847450682f,0f,0.914782453707841f,-0.4039468558959979f,1.0713122433062783f,0.996413216327161f,-0.034182359892234754f,-0.07740974486949288f,0.014247440124787339f,0f,0f,0f,1f], start_interpolation: 0, interpolation_duration: 1 }
$data merge entity $(bone_lower) { transformation: [-0.08462093315818632f,0f,-0.996413216327161f,0f,0f,1f,0f,1.0465261707496158f,0.996413216327161f,0f,-0.08462093315818632f,0f,0f,0f,0f,1f], start_interpolation: 0, interpolation_duration: 1 }
data modify entity @s data merge value {"locators":{"locator_right_hand":{"posx":0.523862661409578,"posy":1.1781150276539667,"posz":-0.0067716286363498635,"roty":319.105222710404,"rotx":-11.84559520140896},"locator_left_hand":{"posx":-0.08666327335601998,"posy":1.5045475811219484,"posz":-1.1305454315112051,"roty":261.5465328288016,"rotx":-7.838911748504146}},"cameras":{}}