# This file was generated by Animated Java via MC-Build. It is not recommended to edit this file directly.
$data merge entity $(bone_head) { transformation: [-0.6087614290087207f,0.13776436178754503f,-0.781300520396941f,0f,0f,0.984807753012208f,0.17364817766693036f,1.7356036766335838f,0.7933533402912352f,0.10571031278128074f,-0.599512975022579f,0f,0f,0f,0f,1f], start_interpolation: 0, interpolation_duration: 1 }
$data merge entity $(bone_bust) { transformation: [-0.25881904510252085f,-0.4829629131445341f,-0.8365163037378079f,0.06942591876452686f,0f,0.8660254037844387f,-0.49999999999999994f,1.6262286766335838f,0.9659258262890683f,-0.1294095225512604f,-0.22414386804201347f,0.018602618866743692f,0f,0f,0f,1f], start_interpolation: 0, interpolation_duration: 1 }
$data merge entity $(bone_left_wing) { transformation: [0.13052619222005146f,0f,-0.9914448613738105f,-0.10456453796722598f,0f,1f,0f,1.5168536766335838f,0.9914448613738105f,0f,0.13052619222005146f,-0.09272274478088188f,0f,0f,0f,1f], start_interpolation: 0, interpolation_duration: 1 }
$data merge entity $(bone_right_wing) { transformation: [-0.6087614290087207f,0f,-0.7933533402912352f,-0.13691691860504107f,0f,1f,0f,1.5168536766335838f,0.7933533402912352f,0f,-0.6087614290087207f,0.028017983505251698f,0f,0f,0f,1f], start_interpolation: 0, interpolation_duration: 1 }
$data merge entity $(bone_body) { transformation: [-0.25881904510252085f,0f,-0.9659258262890683f,0.6123724356957946f,0f,1f,0f,0.45435367663358384f,0.9659258262890683f,0f,-0.25881904510252085f,-0.35355339059327373f,0f,0f,0f,1f], start_interpolation: 0, interpolation_duration: 1 }
$data merge entity $(bone_right_ring) { transformation: [-0.5714453173713394f,-0.8195188362980501f,-0.04288503476807087f,0.3072834500849739f,-0.8029745733421332f,0.5475954119138046f,0.23531064450417327f,1.3328388213974416f,-0.16935785727384461f,0.16890275842519584f,-0.970973621874442f,0.23164776738141443f,0f,0f,0f,1f], start_interpolation: 0, interpolation_duration: 1 }
$data merge entity $(bone_sword) { transformation: [-0.42213968665269647f,0.3493648108884626f,-0.9139261925472837f,0.4677036720403135f,-0.8038259697823557f,0.44365636807260517f,0.540880401688232f,1.1838215114666362f,0.5578356987631409f,0.9036769486602149f,0.08778426512732625f,0.19801059517883704f,0f,0f,0f,1f], start_interpolation: 0, interpolation_duration: 1 }
$data merge entity $(bone_right_hand) { transformation: [-0.3961494199960111f,-0.8195188362980501f,-0.41407066303894724f,0.14041450725350224f,-0.7543360687833052f,0.5475954119138046f,-0.36209993121167394f,1.384453735957879f,0.5234909095384298f,0.16890275842519584f,-0.8351222220890708f,0.1797461150645009f,0f,0f,0f,1f], start_interpolation: 0, interpolation_duration: 1 }
$data merge entity $(bone_right_arm) { transformation: [-0.3961494199960111f,-0.7933580153008295f,-0.46222148002310803f,-0.08896904675399155f,-0.7543360687833052f,0.5682211869530609f,-0.328788348379627f,1.6106036766335838f,0.5234909095384298f,0.21842102063579658f,-0.8235590600406533f,0.3320370027868672f,0f,0f,0f,1f], start_interpolation: 0, interpolation_duration: 1 }
$data merge entity $(bone_left_ring) { transformation: [-0.5609740372938934f,0.05697853282430548f,-0.8258701933593312f,0.014456696098354774f,-0.776977323314702f,0.3080389366955839f,0.5490157124656586f,1.4775750003653862f,0.2856822860047686f,0.9496659730013725f,-0.12853081804161204f,-0.8184872329122544f,0f,0f,0f,1f], start_interpolation: 0, interpolation_duration: 1 }
$data merge entity $(bone_left_hand) { transformation: [0.13530380682453555f,0.05697853282430548f,-0.9891644588520042f,-0.0693745761652229f,-0.9448180294714706f,0.3080389366955839f,-0.11149396694485714f,1.5152535248229908f,0.29834840546655444f,0.9496659730013725f,0.09551318589033035f,-0.6611475634535715f,0f,0f,0f,1f], start_interpolation: 0, interpolation_duration: 1 }
$data merge entity $(bone_left_arm) { transformation: [0.13530380682453555f,0.1786063980203778f,-0.9745730523901095f,0.08896904675399155f,-0.9448180294714706f,0.3194429885061988f,-0.07262966528819606f,1.6418536766335838f,0.29834840546655444f,0.9306212611371044f,0.2119723974369055f,-0.3320370027868672f,0f,0f,0f,1f], start_interpolation: 0, interpolation_duration: 1 }
$data merge entity $(bone_leftfoot) { transformation: [-0.24536879163161782f,-0.19583950496031466f,-0.9494424913548681f,0.25299210577825126f,0.00172508360204629f,0.9792926411293935f,-0.20244245383906756f,0.6054354441104907f,0.9694282749021744f,-0.05131092794635378f,-0.2399500124890149f,-0.046308854047526465f,0f,0f,0f,1f], start_interpolation: 0, interpolation_duration: 1 }
$data merge entity $(bone_leftleg) { transformation: [-0.2568864551485583f,-0.25844389877826907f,-0.931244382718895f,0.011222753187741737f,0.04361932092922671f,0.959498148113974f,-0.2783175499452515f,0.9543536766335838f,0.965456733366587f,-0.11211625640442255f,-0.23520893062759518f,-0.12640239489775118f,0f,0f,0f,1f], start_interpolation: 0, interpolation_duration: 1 }
$data merge entity $(bone_rightfoot) { transformation: [-0.27220428083738396f,0.08092863824094676f,-0.9588302169864427f,0.23543655046568848f,0.1831149973540765f,0.9826041794645868f,0.030950351253944353f,0.6624731226437209f,0.9446553483878759f,-0.16715137454173667f,-0.28228831139632565f,0.2692013628703327f,0f,0f,0f,1f], start_interpolation: 0, interpolation_duration: 1 }
$data merge entity $(bone_rightleg) { transformation: [-0.2561165643949477f,-0.37440880414415534f,-0.8911915354298828f,-0.05348200808788847f,0.14413237184959707f,0.8968444984729368f,-0.4182054578121094f,0.9543536766335838f,0.9558400309819306f,-0.23555889483984693f,-0.17573230276273014f,0.1150790616745159f,0f,0f,0f,1f], start_interpolation: 0, interpolation_duration: 1 }
$data merge entity $(bone_skirt_right_back) { transformation: [-0.35582476996334655f,0.05174519149162251f,-0.9331190536250059f,-0.22600350114862874f,0.5539160160635617f,0.8158598472027437f,-0.16598119432811445f,0.9584925136906514f,0.7527056398279499f,-0.5759298089870072f,-0.3189656327747331f,0.14437467695903855f,0f,0f,0f,1f], start_interpolation: 0, interpolation_duration: 1 }
$data merge entity $(bone_skirt_right) { transformation: [-0.35582476996334655f,0.006463222831408141f,-0.9345303418461933f,0.025309682007295525f,0.5539160160635617f,0.8068573755180656f,-0.2053246763552083f,0.9831213684476608f,0.7527056398279499f,-0.5907109295778525f,-0.29067992267864995f,0.28656988955564805f,0f,0f,0f,1f], start_interpolation: 0, interpolation_duration: 1 }
$data merge entity $(bone_skirt_left_back) { transformation: [-0.20475707770482174f,-0.25592355346279083f,-0.9447632898841697f,-0.1394568874067897f,-0.18895879764395543f,0.9573920851647012f,-0.2183917765323043f,0.9634021162679601f,0.9604004955864675f,0.13380407335714134f,-0.2443918125271476f,-0.2032703071717193f,0f,0f,0f,1f], start_interpolation: 0, interpolation_duration: 1 }
$data merge entity $(bone_skirt_left) { transformation: [-0.20475707770482174f,-0.29652520203454974f,-0.9328168864724475f,0.14782934571902123f,-0.18895879764395543f,0.9470563261719216f,-0.25957443605003433f,0.9831213684476608f,0.9604004955864675f,0.1231142543173296f,-0.24994753141640666f,-0.17067972034276513f,0f,0f,0f,1f], start_interpolation: 0, interpolation_duration: 1 }
$data merge entity $(bone_skirt_back_middle) { transformation: [-0.25881904510252085f,-0.16847520101529906f,-0.9511197656105533f,-0.12446756995984798f,0f,0.9846716380538271f,-0.17441836260093974f,0.9866971545147922f,0.9659258262890683f,-0.04514279405672046f,-0.25485177310062657f,-0.03335098485460554f,0f,0f,0f,1f], start_interpolation: 0, interpolation_duration: 1 }
$data merge entity $(bone_skirt_front_middle) { transformation: [-0.25881904510252085f,-0.3310758981914273f,-0.9074147075780506f,0.1670377070627919f,0f,0.9394248325093365f,-0.34275499130545833f,1.0678141657804279f,0.9659258262890683f,-0.08871151955380156f,-0.2431410380956621f,0.044757618713021544f,0f,0f,0f,1f], start_interpolation: 0, interpolation_duration: 1 }
$data merge entity $(bone_lower) { transformation: [-0.25881904510252085f,0f,-0.9659258262890683f,0f,0f,1f,0f,1.0481036766335838f,0.9659258262890683f,0f,-0.25881904510252085f,0f,0f,0f,0f,1f], start_interpolation: 0, interpolation_duration: 1 }
data modify entity @s data merge value {"locators":{"locator_right_hand":{"posx":0.5377731227938005,"posy":1.178827611796684,"posz":0.1841438665743281,"roty":333.6268460949374,"rotx":-21.229216117105555},"locator_left_hand":{"posx":-0.0015685162584811452,"posy":1.390939049419753,"posz":-1.0855807878188903,"roty":264.4846492767606,"rotx":-6.401443382160111}},"cameras":{}}