# This file was generated by Animated Java via MC-Build. It is not recommended to edit this file directly.
$data merge entity $(bone_head) { transformation: [-0.6457242635052722f,0.13259265621098662f,-0.7519703205841897f,0f,6.938893903907228e-18f,0.984807753012208f,0.17364817766693036f,1.7305222169927665f,0.7635706748694411f,0.11212884163301126f,-0.6359142610080902f,0f,0f,0f,0f,1f], start_interpolation: 0, interpolation_duration: 1 }
$data merge entity $(bone_bust) { transformation: [-0.3017043644967038f,-0.4767007647475615f,-0.8256699445497154f,0.06852573493246206f,0f,0.8660254037844387f,-0.49999999999999994f,1.6211472169927665f,0.9534015294951231f,-0.15085218224835187f,-0.2612836440867854f,0.021685001198200604f,0f,0f,0f,1f], start_interpolation: 0, interpolation_duration: 1 }
$data merge entity $(bone_left_wing) { transformation: [0.0861124825014905f,0f,-0.9962854211306268f,-0.10031866840584647f,0f,1f,0f,1.5117722169927665f,0.9962854211306268f,0f,0.0861124825014905f,-0.09730064115553316f,0f,0f,0f,1f], start_interpolation: 0, interpolation_duration: 1 }
$data merge entity $(bone_right_wing) { transformation: [-0.6435894569571496f,0f,-0.7653708976003734f,-0.13803171396793446f,0f,1f,0f,1.5117722169927665f,0.7653708976003734f,0f,-0.6435894569571496f,0.021874550031357243f,0f,0f,0f,1f], start_interpolation: 0, interpolation_duration: 1 }
$data merge entity $(bone_body) { transformation: [-0.3017043644967038f,0f,-0.9534015294951231f,0.6275529469959135f,0f,1f,0f,0.44927221699276654f,0.9534015294951231f,0f,-0.3017043644967038f,-0.32584858249920967f,0f,0f,0f,1f], start_interpolation: 0, interpolation_duration: 1 }
$data merge entity $(bone_right_ring) { transformation: [-0.5709338324356171f,-0.8094601514067161f,0.13714525972484462f,0.2795307805678463f,-0.711196593767804f,0.5710837351491812f,0.4099545980485314f,1.3130046148780967f,-0.41016333818791256f,0.13651970822074067f,-0.9017363280215962f,0.23547266361650004f,0f,0f,0f,1f], start_interpolation: 0, interpolation_duration: 1 }
$data merge entity $(bone_sword) { transformation: [-0.435318168248705f,0.3498127104816884f,-0.9133657065003856f,0.43727452906073605f,-0.7632346029356412f,0.5036837226311194f,0.5566717185837928f,1.1594426725891345f,0.611619806012827f,0.8775201017497057f,0.04458068809383542f,0.21081692763370444f,0f,0f,0f,1f], start_interpolation: 0, interpolation_duration: 1 }
$data merge entity $(bone_right_hand) { transformation: [-0.4066249919675702f,-0.8094601514067161f,-0.42359223221394166f,0.1133408601404899f,-0.7129274331384398f,0.5710837351491812f,-0.40693714812817877f,1.3640860908581396f,0.5713060396897699f,0.13651970822074067f,-0.8093032671880888f,0.18093168672710744f,0f,0f,0f,1f], start_interpolation: 0, interpolation_duration: 1 }
$data merge entity $(bone_right_arm) { transformation: [-0.4066249919675702f,-0.7668539748832441f,-0.4965793965854225f,-0.10371087529574192f,-0.7129274331384398f,0.6062439976412638f,-0.35242402075138807f,1.6055222169927665f,0.5713060396897699f,0.21072065994986855f,-0.7932251965767874f,0.3277317757639486f,0f,0f,0f,1f], start_interpolation: 0, interpolation_duration: 1 }
$data merge entity $(bone_left_ring) { transformation: [-0.8187529113704577f,-0.001757074392450625f,-0.5741433469195465f,0.04838513961617025f,-0.5361960512392406f,0.35986781639351423f,0.7635371303084147f,1.4480004877414538f,0.20527412101345097f,0.9330016438430015f,-0.2955849587316847f,-0.8042516593047225f,0f,0f,0f,1f], start_interpolation: 0, interpolation_duration: 1 }
$data merge entity $(bone_left_hand) { transformation: [0.08224711488974462f,-0.001757074392450625f,-0.9966104177570555f,-0.04532162992237411f,-0.9297900225434468f,0.35986781639351423f,-0.0773671034925076f,1.4969766681005179f,0.3587839545896243f,0.9330016438430015f,0.027964379401071687f,-0.6558484918854031f,0f,0f,0f,1f], start_interpolation: 0, interpolation_duration: 1 }
$data merge entity $(bone_left_arm) { transformation: [0.08224711488974462f,0.151149158981915f,-0.9850834197322442f,0.10371087529574192f,-0.9297900225434468f,0.36747671460734876f,-0.021245663087923916f,1.6367722169927665f,0.3587839545896243f,0.9176681295329203f,0.17076087950283425f,-0.3277317757639486f,0f,0f,0f,1f], start_interpolation: 0, interpolation_duration: 1 }
$data merge entity $(bone_leftfoot) { transformation: [-0.2892145957434621f,-0.14710690020817302f,-0.9458934810643789f,0.2481492514517996f,0.0014945839868956354f,0.9880509627285543f,-0.15412028182521254f,0.5954297678166167f,0.9572631215228403f,-0.045987552254055084f,-0.2855388961420644f,-0.036831605814326165f,0f,0f,0f,1f], start_interpolation: 0, interpolation_duration: 1 }
$data merge entity $(bone_leftleg) { transformation: [-0.29975275097585224f,-0.23505275182705695f,-0.9246072096522592f,0.016857387104382157f,0.043619320929226706f,0.9647824867778826f,-0.25940722435652785f,0.9492722169927665f,0.9530192249498863f,-0.11808876773517801f,-0.27894336308775186f,-0.1257749741602558f,0f,0f,0f,1f], start_interpolation: 0, interpolation_duration: 1 }
$data merge entity $(bone_rightfoot) { transformation: [-0.3162387498488797f,0.103278431653066f,-0.943041154271276f,0.22700847788938716f,0.14041748822348854f,0.9882030202264315f,0.061136894068684666f,0.6544593290283899f,0.9382302393842485f,-0.11308561522422772f,-0.32701018567367857f,0.2673426827353518f,0f,0f,0f,1f], start_interpolation: 0, interpolation_duration: 1 }
$data merge entity $(bone_rightleg) { transformation: [-0.3001559330124996f,-0.375257420247645f,-0.8769767867090201f,-0.05856870401979379f,0.10118409497691723f,0.9016563610814171f,-0.42044926619643347f,0.9492722169927665f,0.9485084052348182f,-0.21493644425852848f,-0.23266742386591732f,0.11257540821352499f,0f,0f,0f,1f], start_interpolation: 0, interpolation_duration: 1 }
$data merge entity $(bone_skirt_right_back) { transformation: [-0.37275623072987996f,0.05587291172883074f,-0.9262456532621326f,-0.2376467039045238f,0.5056247661262715f,0.8492123342510092f,-0.15225638651861373f,0.9558799069829751f,0.7780722256524812f,-0.5250872585493715f,-0.344799916730413f,0.14167207839807805f,0f,0f,0f,1f], start_interpolation: 0, interpolation_duration: 1 }
$data merge entity $(bone_skirt_right) { transformation: [-0.37275623072987996f,-0.005635838809448252f,-0.9279121886110595f,0.012032206857618452f,0.5056247661262715f,0.8372546894119776f,-0.20820225968371772f,0.9779091483722181f,0.7780722256524812f,-0.5467840729013299f,-0.3092422825061725f,0.28713523196091223f,0f,0f,0f,1f], start_interpolation: 0, interpolation_duration: 1 }
$data merge entity $(bone_skirt_left_back) { transformation: [-0.2583936665315353f,-0.21691298648101867f,-0.9413721205730894f,-0.13099558979418802f,-0.16998727172394534f,0.9694696983505716f,-0.17672812858144887f,0.9671829171606593f,0.9509663719334346f,0.1143558493297872f,-0.28737727672142716f,-0.21077731968421246f,0f,0f,0f,1f], start_interpolation: 0, interpolation_duration: 1 }
$data merge entity $(bone_skirt_left) { transformation: [-0.2583936665315353f,-0.2705847568439022f,-0.92737080095295f,0.1548137973556835f,-0.16998727172394534f,0.9577284415896182f,-0.23207877891390818f,0.9779091483722181f,0.9509663719334346f,0.09767354572271565f,-0.29346692814985686f,-0.16406204187265477f,0f,0f,0f,1f], start_interpolation: 0, interpolation_duration: 1 }
$data merge entity $(bone_skirt_back_middle) { transformation: [-0.3017043644967038f,-0.13959659449895076f,-0.9431263262405178f,-0.12316128081490979f,0f,0.9892225857241422f,-0.14641952019195376f,0.9879354775532952f,0.9534015294951231f,-0.044175408289425705f,-0.29845277157168837f,-0.038974445508326086f,0f,0f,0f,1f], start_interpolation: 0, interpolation_duration: 1 }
$data merge entity $(bone_skirt_front_middle) { transformation: [-0.3017043644967038f,-0.3012479764180408f,-0.9045574239083307f,0.16664209448288708f,0f,0.9487685890197198f,-0.3159717779953297f,1.0604600959638915f,0.9534015294951231f,-0.09533006447897452f,-0.2862476242046289f,0.05273396953850418f,0f,0f,0f,1f], start_interpolation: 0, interpolation_duration: 1 }
$data merge entity $(bone_lower) { transformation: [-0.3017043644967038f,0f,-0.9534015294951231f,0f,0f,1f,0f,1.0430222169927665f,0.9534015294951231f,0f,-0.3017043644967038f,0f,0f,0f,0f,1f], start_interpolation: 0, interpolation_duration: 1 }
data modify entity @s data merge value {"locators":{"locator_right_hand":{"posx":0.5071914481509853,"posy":1.1523873143673895,"posz":0.1970764956794167,"roty":332.37227858627443,"rotx":-24.01257589824886},"locator_left_hand":{"posx":0.048879316789046987,"posy":1.346787664380778,"posz":-1.0666583716355666,"roty":268.39273141611807,"rotx":-4.437242677882294}},"cameras":{}}