# This file was generated by Animated Java via MC-Build. It is not recommended to edit this file directly.
$data merge entity $(bone_head) { transformation: [-0.8549118706729467f,0.09008403090191051f,-0.5108919266918849f,0f,0f,0.984807753012208f,0.17364817766693033f,1.6885023441087994f,0.5187732581605211f,0.14845388840818363f,-0.8419238383808881f,0f,0f,0f,0f,1f], start_interpolation: 0, interpolation_duration: 1 }
$data merge entity $(bone_bust) { transformation: [-0.5735764363510464f,-0.40957602214449573f,-0.7094064799162223f,0.05887655318327134f,0f,0.8660254037844387f,-0.49999999999999994f,1.5791273441087994f,0.8191520442889916f,-0.28678821817552314f,-0.49673176489215437f,0.04122580636273146f,0f,0f,0f,1f], start_interpolation: 0, interpolation_duration: 1 }
$data merge entity $(bone_left_wing) { transformation: [-0.21643961393810324f,0f,-0.9762960071199331f,-0.06654547826418356f,0f,1f,0f,1.4697523441087994f,0.9762960071199331f,0f,-0.21643961393810324f,-0.1228940573119428f,0f,0f,0f,1f], start_interpolation: 0, interpolation_duration: 1 }
$data merge entity $(bone_right_wing) { transformation: [-0.8433914458128857f,0f,-0.5372996083468236f,-0.1382425328080643f,0f,1f,0f,1.4697523441087994f,0.5372996083468236f,0f,-0.8433914458128857f,-0.020500051775818817f,0f,0f,0f,1f], start_interpolation: 0, interpolation_duration: 1 }
$data merge entity $(bone_body) { transformation: [-0.5735764363510464f,0f,-0.8191520442889916f,0.696364240320019f,0f,1f,0f,0.4072523441087994f,0.8191520442889916f,0f,-0.5735764363510464f,-0.1227878039689726f,0f,0f,0f,1f], start_interpolation: 0, interpolation_duration: 1 }
$data merge entity $(bone_right_ring) { transformation: [-0.0819270274146871f,-0.5661827601472623f,0.8201981737915665f,0.017068605623759836f,-0.13511859770950904f,0.8216763388363715f,0.5537065637587044f,1.1412457028296248f,-0.9874365431418914f,-0.065460494257865f,-0.1438193205362447f,0.2622221995677181f,0f,0f,0f,1f], start_interpolation: 0, interpolation_duration: 1 }
$data merge entity $(bone_sword) { transformation: [-0.5758208955651046f,0.4845289379551424f,-0.7544407041464596f,0.11430884552408793f,-0.3303676011718614f,0.7188878763046277f,0.7138460905240817f,0.9443428582503657f,0.8335504279195673f,0.619637556273526f,-0.23824725502893385f,0.2913060639210452f,0f,0f,0f,1f], start_interpolation: 0, interpolation_duration: 1 }
$data merge entity $(bone_right_hand) { transformation: [-0.5403687950035645f,-0.5661827601472623f,-0.6224456984335447f,-0.12975173487739472f,-0.3100275518453684f,0.8216763388363715f,-0.4782582056726511f,1.224795923990997f,0.7822304535641419f,-0.065460494257865f,-0.6195405081254596f,0.19391207470316485f,0f,0f,0f,1f], start_interpolation: 0, interpolation_duration: 1 }
$data merge entity $(bone_right_arm) { transformation: [-0.5403687950035645f,-0.3982641064411494f,-0.741206629022588f,-0.1971668999956722f,-0.3100275518453684f,0.913155142829557f,-0.2646329575481837f,1.5635023441087994f,0.7822304535641419f,0.0867950842188897f,-0.6169133900899482f,0.28158351522434083f,0f,0f,0f,1f], start_interpolation: 0, interpolation_duration: 1 }
$data merge entity $(bone_left_ring) { transformation: [-0.33227576927422064f,-0.32403194852686884f,0.8857742994053878f,0.27181100054190505f,0.542216152494163f,0.7028102380987948f,0.4604990914192359f,1.2574277611672995f,-0.7717476641543215f,0.6332938224532083f,-0.057831456102649725f,-0.6444361969448281f,0f,0f,0f,1f], start_interpolation: 0, interpolation_duration: 1 }
$data merge entity $(bone_left_hand) { transformation: [-0.41626740963947834f,-0.32403194852686884f,-0.8495438423094593f,0.14153627336806998f,-0.7070462016331673f,0.7028102380987948f,0.07838008662680673f,1.3745899939914994f,0.5716704578934871f,0.6332938224532083f,-0.5216625556952069f,-0.5943899017829399f,0f,0f,0f,1f], start_interpolation: 0, interpolation_duration: 1 }
$data merge entity $(bone_left_arm) { transformation: [-0.41626740963947834f,-0.07812164546190309f,-0.9058799325420359f,0.1971668999956722f,-0.7070462016331673f,0.654219852873874f,0.268481010244295f,1.5947523441087994f,0.5716704578934871f,0.7522588601113392f,-0.32756601617969966f,-0.28158351522434083f,0f,0f,0f,1f], start_interpolation: 0, interpolation_duration: 1 }
$data merge entity $(bone_leftfoot) { transformation: [-0.5666242060692205f,0.09518156747911032f,-0.8184604317306031f,0.21464123050664816f,0.0005194093075024039f,0.9933468067437599f,0.11516011352003289f,0.5288163506169754f,0.8239761764216227f,0.06482739192806665f,-0.5629037839146296f,0.01742434279950704f,0f,0f,0f,1f], start_interpolation: 0, interpolation_duration: 1 }
$data merge entity $(bone_leftleg) { transformation: [-0.5715999566037226f,-0.1015996395107f,-0.8142180315259041f,0.053778103575059105f,0.04361932092922671f,0.9871389373906713f,-0.15379880730645976f,0.9072523441087994f,0.819372225824317f,-0.12342702920556833f,-0.5598168664922416f,-0.11494099008130308f,0f,0f,0f,1f], start_interpolation: 0, interpolation_duration: 1 }
$data merge entity $(bone_rightfoot) { transformation: [-0.5885723675628172f,0.18438518873655213f,-0.7871370086052912f,0.159686228353891f,0.004988438599635255f,0.9744535670138175f,0.22453365274360432f,0.6068393314745502f,0.8084291457028489f,0.12822771895590257f,-0.5744562372100491f,0.28990274580066067f,0f,0f,0f,1f], start_interpolation: 0, interpolation_duration: 1 }
$data merge entity $(bone_rightleg) { transformation: [-0.5732339262532242f,-0.3641507583797602f,-0.7340279905860257f,-0.08961600551270249f,-0.034553432233857984f,0.9057665870341363f,-0.42236589603493385f,0.9072523441087994f,0.8186628891754978f,-0.21675127446909703f,-0.5317987955071437f,0.08984702099094481f,0f,0f,0f,1f], start_interpolation: 0, interpolation_duration: 1 }
$data merge entity $(bone_skirt_right_back) { transformation: [-0.5775956401104869f,0.060512897766689416f,-0.8140770637533249f,-0.2897719178210463f,0.2572155557072216f,0.9599415223964135f,-0.11114149306843607f,0.9157539332263325f,0.7747408821196814f,-0.2735881261735134f,-0.5700228967237052f,0.08068452859020797f,0f,0f,0f,1f], start_interpolation: 0, interpolation_duration: 1 }
$data merge entity $(bone_skirt_right) { transformation: [-0.5775956401104869f,-0.058111721747599f,-0.8142519906766494f,-0.07518142658746643f,0.2572155557072216f,0.9336981696252018f,-0.24909413068310723f,0.9354935079952319f,0.7747408821196814f,-0.3533139621272805f,-0.5243527531522464f,0.27445151561347236f,0f,0f,0f,1f], start_interpolation: 0, interpolation_duration: 1 }
$data merge entity $(bone_skirt_left_back) { transformation: [-0.5639809052397758f,-0.04107810025809208f,-0.8247654989171825f,-0.06023449880134535f,-0.08291469989101061f,0.996531606732393f,0.0070646532355625735f,0.9635401099375508f,0.8216146852794847f,0.07236951335017551f,-0.5654307760199758f,-0.24576459150082997f,0f,0f,0f,1f], start_interpolation: 0, interpolation_duration: 1 }
$data merge entity $(bone_skirt_left) { transformation: [-0.5639809052397758f,-0.1385787602617657f,-0.8140770637533249f,0.19501025118438065f,-0.08291469989101061f,0.9903396998305695f,-0.11114149306843611f,0.9354935079952319f,0.8216146852794847f,0.0048172755588251764f,-0.570022896723705f,-0.11142219043469842f,0f,0f,0f,1f], start_interpolation: 0, interpolation_duration: 1 }
$data merge entity $(bone_skirt_back_middle) { transformation: [-0.5735764363510464f,-0.019743848643156106f,-0.8189140688152757f,-0.10526693147373675f,0f,0.9997094855889392f,-0.024102788707917336f,0.9732940934317365f,0.8191520442889916f,-0.013824791653209476f,-0.5734098041304414f,-0.07370869894211549f,0f,0f,0f,1f], start_interpolation: 0, interpolation_duration: 1 }
$data merge entity $(bone_skirt_front_middle) { transformation: [-0.5735764363510464f,-0.16164683093366355f,-0.8030444406830407f,0.14913215094917728f,0f,0.9803362468320127f,-0.19733434355763574f,1.0080258100156227f,0.8191520442889916f,-0.11318632954746179f,-0.5622977708836656f,0.10442345628404234f,0f,0f,0f,1f], start_interpolation: 0, interpolation_duration: 1 }
$data merge entity $(bone_lower) { transformation: [-0.5735764363510464f,0f,-0.8191520442889916f,0f,0f,1f,0f,1.0010023441087994f,0.8191520442889916f,0f,-0.5735764363510464f,0f,0f,0f,0f,1f], start_interpolation: 0, interpolation_duration: 1 }
data modify entity @s data merge value {"locators":{"locator_right_hand":{"posx":0.17630750691517733,"posy":0.9101492325318954,"posz":0.2806329635777426,"roty":314.86597690146266,"rotx":-28.571704347526442},"locator_left_hand":{"posx":0.36294498606508696,"posy":1.0597623817020136,"posz":-0.822550084509793,"roty":301.5520132168132,"rotx":4.49545912808785}},"cameras":{}}