# This file was generated by Animated Java via MC-Build. It is not recommended to edit this file directly.
$data merge entity $(bone_head) { transformation: [-0.9475855910177411f,0.05548094541208452f,-0.31464807705075754f,0f,6.938893903907228e-18f,0.984807753012208f,0.17364817766693036f,1.652484550037972f,0.3195020308160156f,0.1645465110636719f,-0.9331896366769268f,0f,0f,0f,0f,1f], start_interpolation: 0, interpolation_duration: 1 }
$data merge entity $(bone_bust) { transformation: [-0.7298640726978357f,-0.3417961510114355f,-0.5920082993832909f,0.049133196707893956f,0f,0.8660254037844387f,-0.49999999999999994f,1.543109550037972f,0.6835923020228711f,-0.3649320363489178f,-0.6320808282658981f,0.05245898022515694f,0f,0f,0f,1f], start_interpolation: 0, interpolation_duration: 1 }
$data merge entity $(bone_left_wing) { transformation: [-0.41270702980439483f,0f,-0.9108638249211756f,-0.03983253320924418f,0f,1f,0f,1.433734550037972f,0.9108638249211756f,0f,-0.41270702980439483f,-0.13395752796365895f,0f,0f,0f,1f], start_interpolation: 0, interpolation_duration: 1 }
$data merge entity $(bone_right_wing) { transformation: [-0.9359059267573255f,0f,-0.3522500479212333f,-0.1310655422964735f,0f,1f,0f,1.433734550037972f,0.3522500479212333f,0f,-0.9359059267573255f,-0.048508490210800004f,0f,0f,0f,1f], start_interpolation: 0, interpolation_duration: 1 }
$data merge entity $(bone_body) { transformation: [-0.7298640726978357f,0f,-0.6835923020228711f,0.7067281873603535f,0f,1f,0f,0.3712345500379719f,0.6835923020228711f,0f,-0.7298640726978357f,0.023135885337482287f,0f,0f,0f,1f], start_interpolation: 0, interpolation_duration: 1 }
$data merge entity $(bone_right_ring) { transformation: [0.6097394120839477f,-0.20773536315050037f,0.7648946778794131f,-0.2390398392513553f,-0.028257481185369554f,0.9587317303227372f,0.2829045493261444f,1.0652599034248875f,-0.7920980773291777f,-0.1941120505509643f,0.5787064434774503f,0.2600136225888294f,0f,0f,0f,1f], start_interpolation: 0, interpolation_duration: 1 }
$data merge entity $(bone_sword) { transformation: [-0.6335585703609017f,0.30924712410695565f,-0.7556885493697965f,-0.22466522820721987f,0.027943482272229977f,0.964147207611008f,0.37112633071394574f,0.8519600314791698f,0.8160380684842784f,0.20707923068785186f,-0.599412622904269f,0.3180549941290527f,0f,0f,0f,1f], start_interpolation: 0, interpolation_duration: 1 }
$data merge entity $(bone_right_hand) { transformation: [-0.6130300191827366f,-0.20773536315050037f,-0.7622599389168653f,-0.3429603590170771f,0.02703805816030477f,0.9587317303227372f,-0.28302369632822333f,1.1885282647570443f,0.7895968205304107f,-0.1941120505509643f,-0.5821145702000304f,0.17511037373398836f,0f,0f,0f,1f], start_interpolation: 0, interpolation_duration: 1 }
$data merge entity $(bone_right_arm) { transformation: [-0.6130300191827366f,0.05285062839482554f,-0.788289925509064f,-0.25089077498988105f,0.02703805816030477f,0.998579015769653f,0.04592268149216724f,1.527484550037972f,0.7895968205304107f,0.0068381534629696f,-0.6135878915570965f,0.23498485382036194f,0f,0f,0f,1f], start_interpolation: 0, interpolation_duration: 1 }
$data merge entity $(bone_left_ring) { transformation: [0.7480990731363101f,-0.35420986033043844f,0.5611445015477604f,0.3525322004518206f,0.4511532446178806f,0.8916089938118248f,-0.03865426269668286f,1.1378026249135587f,-0.4866297634170686f,0.2820793806689115f,0.8268147896343477f,-0.470047742685832f,0f,0f,0f,1f], start_interpolation: 0, interpolation_duration: 1 }
$data merge entity $(bone_left_hand) { transformation: [-0.7505103459838556f,-0.35420986033043844f,-0.5579154016657762f,0.24488234086902308f,-0.45098247706239625f,0.8916089938118248f,0.04059812232764787f,1.2809226041648734f,0.4830621346719887f,0.2820793806689115f,-0.8289042146397765f,-0.5036826095787936f,0f,0f,0f,1f], start_interpolation: 0, interpolation_duration: 1 }
$data merge entity $(bone_left_arm) { transformation: [-0.7505103459838556f,-0.1451574428865571f,-0.6447197355020468f,0.25089077498988105f,-0.45098247706239625f,0.825606698757144f,0.3390993723821908f,1.558734550037972f,0.4830621346719887f,0.5452548906171923f,-0.6850898322878358f,-0.23498485382036194f,0f,0f,0f,1f], start_interpolation: 0, interpolation_duration: 1 }
$data merge entity $(bone_leftfoot) { transformation: [-0.7260516576351447f,0.19206725095492705f,-0.6602720360244522f,0.18835401749440173f,0.00016679842543517592f,0.9602490961432566f,0.27914448863329555f,0.47975401035266935f,0.6876401403521641f,0.20256318635595133f,-0.6972224845124978f,0.04278505197413526f,0f,0f,0f,1f], start_interpolation: 0, interpolation_duration: 1 }
$data merge entity $(bone_leftleg) { transformation: [-0.7279752002016043f,-0.028213864437329463f,-0.685022689948987f,0.07627942748047915f,0.043619320929226706f,0.9952227483601818f,-0.08734435292610256f,0.8712345500379719f,0.6842144859129389f,-0.09346474736454612f,-0.7232668098751486f,-0.10141481434312405f,0f,0f,0f,1f], start_interpolation: 0, interpolation_duration: 1 }
$data merge entity $(bone_rightfoot) { transformation: [-0.7419906159603267f,0.19383758749308927f,-0.6417763749949619f,0.10451647829266851f,-0.03100746252176618f,0.946342032815658f,0.3216757594135584f,0.5702645177794166f,0.6696928124855277f,0.25858025176178334f,-0.6961664961085361f,0.3091562287703151f,0f,0f,0f,1f], start_interpolation: 0, interpolation_duration: 1 }
$data merge entity $(bone_rightleg) { transformation: [-0.7280475573731576f,-0.33553883774371995f,-0.5977963219764506f,-0.10618659069397977f,-0.07050877136816484f,0.9040521314349956f,-0.4215664322594878f,0.8712345500379719f,0.6818909497589262f,-0.2647705270860694f,-0.6818513772248571f,0.06948326116259373f,0f,0f,0f,1f], start_interpolation: 0, interpolation_duration: 1 }
$data merge entity $(bone_skirt_right_back) { transformation: [-0.7290670988910841f,0.00946162350193179f,-0.6843768282132627f,-0.30397466920910254f,0.10334290460437096f,0.9899628002593536f,-0.0964048659072296f,0.876737428691543f,0.6765954547456478f,-0.14101110517745305f,-0.7227270984501435f,0.020632482576712297f,0f,0f,0f,1f], start_interpolation: 0, interpolation_duration: 1 }
$data merge entity $(bone_skirt_right) { transformation: [-0.7290670988910841f,-0.11954172042689025f,-0.673922059582499f,-0.12974607926519044f,0.10334290460437096f,0.9541150785546979f,-0.2810420981676847f,0.8993777921604224f,0.6765954547456478f,-0.2745436102915926f,-0.683260123719794f,0.2511019759769304f,0f,0f,0f,1f], start_interpolation: 0, interpolation_duration: 1 }
$data merge entity $(bone_skirt_left_back) { transformation: [-0.7284673460762667f,0.05008168391689292f,-0.6832475032055725f,-0.005324374288296629f,-0.03304810401784214f,0.9935943412854981f,0.10806529408770976f,0.9483467110233279f,0.6842829447833889f,0.10130207254289392f,-0.722145928173169f,-0.25411441026356496f,0f,0f,0f,1f], start_interpolation: 0, interpolation_duration: 1 }
$data merge entity $(bone_skirt_left) { transformation: [-0.7284673460762667f,-0.05427457617894996f,-0.6829272260506208f,0.21290567361450818f,-0.03304810401784214f,0.9984803167745471f,-0.04410079176869709f,0.8993777921604224f,0.6842829447833889f,-0.009556536736467527f,-0.7291539783092307f,-0.06982641234254547f,0f,0f,0f,1f], start_interpolation: 0, interpolation_duration: 1 }
$data merge entity $(bone_skirt_back_middle) { transformation: [-0.7298640726978357f,0.029488786153981754f,-0.6829559626184495f,-0.08662248196120016f,0f,0.9990691243851948f,0.04313797283368932f,0.952169936886185f,0.6835923020228711f,0.03148485654032509f,-0.7291846600304389f,-0.09248588271738775f,0f,0f,0f,1f], start_interpolation: 0, interpolation_duration: 1 }
$data merge entity $(bone_skirt_front_middle) { transformation: [-0.7298640726978357f,-0.08955327310409766f,-0.6777010009298136f,0.12679227617961886f,0f,0.9913818498604736f,-0.13100392271693762f,0.9659514343139028f,0.6835923020228711f,-0.09561505657357658f,-0.7235739945378795f,0.13537473550424683f,0f,0f,0f,1f], start_interpolation: 0, interpolation_duration: 1 }
$data merge entity $(bone_lower) { transformation: [-0.7298640726978357f,0f,-0.6835923020228711f,0f,0f,1f,0f,0.9649845500379719f,0.6835923020228711f,0f,-0.7298640726978357f,0f,0f,0f,0f,1f], start_interpolation: 0, interpolation_duration: 1 }
data modify entity @s data merge value {"locators":{"locator_right_hand":{"posx":-0.18061426836527708,"posy":0.7956166042716177,"posz":0.3146076368062881,"roty":307.3678640704983,"rotx":-16.440751557074826},"locator_left_hand":{"posx":0.4521537236697564,"posy":0.8870375954039831,"posz":-0.5493825684989634,"roty":326.056455634846,"rotx":2.326740522809412}},"cameras":{}}