# This file was generated by Animated Java via MC-Build. It is not recommended to edit this file directly.
$data merge entity $(bone_head) { transformation: [-0.9895792601950415f,0.025003461023080084f,-0.14180167392771403f,0f,0f,0.984807753012208f,0.17364817766693036f,1.6065833817430906f,0.1439891933161458f,0.17183863518985806f,-0.974545327660162f,0f,0f,0f,0f,1f], start_interpolation: 0, interpolation_duration: 1 }
$data merge entity $(bone_bust) { transformation: [-0.8350399664253305f,-0.27509464483718277f,-0.476477901748116f,0.03954485519534501f,0f,0.8660254037844387f,-0.49999999999999994f,1.4972083817430906f,0.5501892896743656f,-0.4175199832126652f,-0.723165824099641f,0.06001849758682065f,0f,0f,0f,1f], start_interpolation: 0, interpolation_duration: 1 }
$data merge entity $(bone_left_wing) { transformation: [-0.560928007986178f,0f,-0.8278645842507446f,-0.01658366330771255f,0f,1f,0f,1.3878333817430906f,0.8278645842507446f,0f,-0.560928007986178f,-0.13876682640781424f,0f,0f,0f,1f], start_interpolation: 0, interpolation_duration: 1 }
$data merge entity $(bone_right_wing) { transformation: [-0.9820246596323718f,0f,-0.18875266322339512f,-0.12096365911087892f,0f,1f,0f,1.3878333817430906f,0.18875266322339512f,0f,-0.9820246596323718f,-0.0699931651985185f,0f,0f,0f,1f], start_interpolation: 0, interpolation_duration: 1 }
$data merge entity $(bone_body) { transformation: [-0.8350399664253305f,0f,-0.5501892896743656f,0.6926146280498481f,0f,1f,0f,0.32533338174309057f,0.5501892896743656f,0f,-0.8350399664253305f,0.14242533837548244f,0f,0f,0f,1f], start_interpolation: 0, interpolation_duration: 1 }
$data merge entity $(bone_right_ring) { transformation: [0.9688058626644477f,0.17516852503624042f,-0.1753031326121237f,-0.4626626689650154f,-0.12520922456316863f,0.9564340453309397f,0.2637357901692222f,1.0642972295865953f,0.2138640936466097f,-0.23355921041252475f,0.9485316255561502f,0.2087476914385032f,0f,0f,0f,1f], start_interpolation: 0, interpolation_duration: 1 }
$data merge entity $(bone_sword) { transformation: [-0.0000061068914493122135f,0.0000017516852503624043f,-0.00000772253038906162f,-0.5321312733287025f,0.000002916282481084502f,0.000009564340453309398f,-1.3670473184575984e-7f,0.8639770637803325f,0.000007362144613958424f,-0.0000023355921041252477f,-0.000006351679794063205f,0.2729209709566393f,0f,0f,0f,1f], start_interpolation: 0, interpolation_duration: 1 }
$data merge entity $(bone_right_hand) { transformation: [-0.6106891449312213f,0.17516852503624042f,-0.7722530389061619f,-0.5076913093255555f,0.29162824810845017f,0.9564340453309397f,-0.013670473184575982f,1.2124584423085008f,0.7362144613958423f,-0.23355921041252475f,-0.6351679794063204f,0.11270706674220367f,0f,0f,0f,1f], start_interpolation: 0, interpolation_duration: 1 }
$data merge entity $(bone_right_arm) { transformation: [-0.6106891449312213f,0.4675858814823941f,-0.6390791904776015f,-0.28704498845870735f,0.29162824810845017f,0.8831288327162686f,0.36747303265735987f,1.4815833817430906f,0.7362144613958423f,0.038038247377256335f,-0.6756784431725616f,0.18912756832556318f,0f,0f,0f,1f], start_interpolation: 0, interpolation_duration: 1 }
$data merge entity $(bone_left_ring) { transformation: [0.6807751557258981f,-0.22454606849841097f,-0.6972261114360869f,0.35326454990329836f,0.17328549262670584f,0.9742057194931887f,-0.14455225405326136f,1.0485987510228771f,0.7117003058812745f,-0.022411586928766214f,0.7021256264941733f,-0.3125741995113214f,0f,0f,0f,1f], start_interpolation: 0, interpolation_duration: 1 }
$data merge entity $(bone_left_hand) { transformation: [-0.9356000236820647f,-0.22454606849841097f,-0.27245487481053987f,0.29263658218693356f,-0.20910334827918592f,0.9742057194931887f,-0.0848469554267694f,1.1928639926224283f,0.28447914760936965f,-0.022411586928766214f,-0.9584202289949755f,-0.4059279064372201f,0f,0f,0f,1f], start_interpolation: 0, interpolation_duration: 1 }
$data merge entity $(bone_left_arm) { transformation: [-0.9356000236820647f,-0.09959195017929315f,-0.33872413428275994f,0.28704498845870735f,-0.20910334827918592f,0.9293335003210107f,0.3043271839969797f,1.5128333817430906f,0.28447914760936965f,0.355556871176164f,-0.8903094551530178f,-0.18912756832556318f,0f,0f,0f,1f], start_interpolation: 0, interpolation_duration: 1 }
$data merge entity $(bone_leftfoot) { transformation: [-0.8332838384352408f,0.22510003050752184f,-0.5049435818664741f,0.16611165684531287f,0.00002359362552595273f,0.9133685104643396f,0.4071338398309509f,0.4245250589632648f,0.5528454070045015f,0.33924613536143094f,-0.7611005292314288f,0.05621638768606041f,0f,0f,0f,1f], start_interpolation: 0, interpolation_duration: 1 }
$data merge entity $(bone_leftleg) { transformation: [-0.8332836618053497f,0.018186363525551703f,-0.5525464642453016f,0.09234460509153956f,0.04361932092922672f,0.9985058022625626f,-0.03291682988487029f,0.8253333817430906f,0.5511222131342022f,-0.05153075809371379f,-0.8328318480703931f,-0.0870401604748498f,0f,0f,0f,1f], start_interpolation: 0, interpolation_duration: 1 }
$data merge entity $(bone_rightfoot) { transformation: [-0.8450334909614561f,0.20950246310614978f,-0.4919625159561968f,0.043914261281167696f,-0.004082907205246268f,0.9174941099306602f,0.3977284099876435f,0.5247432740622524f,0.534697792236183f,0.3381024640475163f,-0.7744578715351469f,0.32684367093603045f,0f,0f,0f,1f], start_interpolation: 0, interpolation_duration: 1 }
$data merge entity $(bone_rightleg) { transformation: [-0.8342451934070007f,-0.265531334220056f,-0.4832474188494265f,-0.11641538651479306f,-0.04361938736533599f,0.9054451828447543f,-0.4222160228000618f,0.8253333817430906f,0.5496656313825606f,-0.3311527312442803f,-0.7669456058067382f,0.0505071619437416f,0f,0f,0f,1f], start_interpolation: 0, interpolation_duration: 1 }
$data merge entity $(bone_skirt_right_back) { transformation: [-0.8348649213360748f,-0.0724485558402623f,-0.5456663539922267f,-0.3013165101328237f,-0.031800083915568f,0.9959931287576395f,-0.08358493961552538f,0.8279819609750074f,0.5495355473356319f,-0.052429898190141294f,-0.8338235952467999f,-0.03306463712443297f,0f,0f,0f,1f], start_interpolation: 0, interpolation_duration: 1 }
$data merge entity $(bone_skirt_right) { transformation: [-0.8348649213360748f,-0.19339614417536613f,-0.5153624884880648f,-0.17037308002634743f,-0.031800083915568f,0.9516300393897138f,-0.3055961760135334f,0.8534602553945951f,0.5495355473356319f,-0.23874295706728743f,-0.8006325515898632f,0.22420768868116003f,0f,0f,0f,1f], start_interpolation: 0, interpolation_duration: 1 }
$data merge entity $(bone_skirt_left_back) { transformation: [-0.8349105627460954f,0.11571458864241921f,-0.5380840884009802f,0.04127511688756996f,0.010601617037630316f,0.9808489912011846f,0.19448100723671163f,0.9202577434115923f,0.5502835250406699f,0.15666968575616078f,-0.820147944967175f,-0.2509555424220054f,0f,0f,0f,1f], start_interpolation: 0, interpolation_duration: 1 }
$data merge entity $(bone_skirt_left) { transformation: [-0.8349105627460954f,0.016631080222689963f,-0.5501343103148763f,0.22105190423552626f,0.010601617037630316f,0.9998438675819918f,0.014136696038032744f,0.8534602553945951f,0.5502835250406699f,0.0059705635672652226f,-0.8349565224845565f,-0.03369354085369887f,0f,0f,0f,1f], start_interpolation: 0, interpolation_duration: 1 }
$data merge entity $(bone_skirt_back_middle) { transformation: [-0.8350399664253305f,0.05569562607722212f,-0.5473629981175647f,-0.06842135315402895f,0f,0.994863056024821f,0.10122993508322575f,0.9190464121478994f,0.5501892896743656f,0.08453104159313522f,-0.8307504129007681f,-0.10384528654552981f,0f,0f,0f,1f], start_interpolation: 0, interpolation_duration: 1 }
$data merge entity $(bone_skirt_front_middle) { transformation: [-0.8350399664253305f,-0.0401991027757053f,-0.5487187682305128f,0.10349561881936989f,0f,0.9973272445112061f,-0.07306413179998014f,0.9146286946360142f,0.5501892896743656f,-0.06101147016515134f,-0.832808108771705f,0.15707862673089407f,0f,0f,0f,1f], start_interpolation: 0, interpolation_duration: 1 }
$data merge entity $(bone_lower) { transformation: [-0.8350399664253305f,0f,-0.5501892896743656f,0f,0f,1f,0f,0.9190833817430906f,0.5501892896743656f,0f,-0.8350399664253305f,0f,0f,0f,0f,1f], start_interpolation: 0, interpolation_duration: 1 }
data modify entity @s data merge value {"locators":{"locator_right_hand":{"posx":-0.511928816631458,"posy":0.7953001543372686,"posz":0.2744362193670258,"roty":309.4368477712999,"rotx":-0.7832848156657981},"locator_left_hand":{"posx":0.41641813166847647,"posy":0.7746033924154179,"posz":-0.3062709406876059,"roty":344.1308762541266,"rotx":-4.867224269102767}},"cameras":{}}