# This file was generated by Animated Java via MC-Build. It is not recommended to edit this file directly.
$data merge entity $(bone_head) { transformation: [-0.99252120485013f,0.021197640614839225f,-0.12021779383772768f,0f,0f,0.984807753012208f,0.17364817766693033f,1.5931119369004523f,0.12207234708502279f,0.17234949851801112f,-0.9774425775654259f,0f,0f,0f,0f,1f], start_interpolation: 0, interpolation_duration: 1 }
$data merge entity $(bone_bust) { transformation: [-0.8463094015577773f,-0.26634582633998444f,-0.4613245036047701f,0.038287212536372905f,0f,0.8660254037844387f,-0.49999999999999994f,1.4837369369004523f,0.532691652679969f,-0.4231547007788886f,-0.7329254412106408f,0.06082848823696524f,0f,0f,0f,1f], start_interpolation: 0, interpolation_duration: 1 }
$data merge entity $(bone_left_wing) { transformation: [-0.5780356642313034f,0f,-0.8160115016816096f,-0.013692118987635005f,0f,1f,0f,1.3743619369004523f,0.8160115016816096f,0f,-0.5780356642313034f,-0.13908190348722022f,0f,0f,0f,1f], start_interpolation: 0, interpolation_duration: 1 }
$data merge entity $(bone_right_wing) { transformation: [-0.9857402043109089f,0f,-0.16827432841965922f,-0.11948079418235713f,0f,1f,0f,1.3743619369004523f,0.16827432841965922f,0f,-0.9857402043109089f,-0.07249544690222415f,0f,0f,0f,1f], start_interpolation: 0, interpolation_duration: 1 }
$data merge entity $(bone_body) { transformation: [-0.8463094015577773f,0f,-0.532691652679969f,0.6895005271188732f,0f,1f,0f,0.3118619369004523f,0.532691652679969f,0f,-0.8463094015577773f,0.15680887443890418f,0f,0f,0f,1f], start_interpolation: 0, interpolation_duration: 1 }
$data merge entity $(bone_right_ring) { transformation: [0.7978920593032969f,0.22252631184221003f,-0.560223439565543f,-0.48793593547375896f,-0.0395514002761326f,0.9466914296551794f,0.3197045882586448f,1.0620657674910516f,0.6015014118328743f,-0.23293213079207425f,0.7641588015639961f,0.19850221761364917f,0f,0f,0f,1f], start_interpolation: 0, interpolation_duration: 1 }
$data merge entity $(bone_sword) { transformation: [-0.0000060566892745029095f,0.0000022252631184221006f,-0.000007639680561771662f,-0.5674777210498322f,0.000003214634080975873f,0.000009466914296551794f,2.089531698052216e-7f,0.8653492380848513f,0.0000072789176913569945f,-0.000002329321307920743f,-0.000006449156494218184f,0.2621259319876901f,0f,0f,0f,1f], start_interpolation: 0, interpolation_duration: 1 }
$data merge entity $(bone_right_hand) { transformation: [-0.6056689274502909f,0.22252631184221003f,-0.7639680561771661f,-0.524788204515023f,0.3214634080975873f,0.9466914296551794f,0.02089531698052216f,1.2119452393415973f,0.7278917691356994f,-0.23293213079207425f,-0.6449156494218183f,0.10164573004409208f,0f,0f,0f,1f], start_interpolation: 0, interpolation_duration: 1 }
$data merge entity $(bone_right_arm) { transformation: [-0.6056689274502909f,0.5148908150258136f,-0.6066733873537453f,-0.29091885678548596f,0.3214634080975873f,0.8557672691526689f,0.4053685462653307f,1.4681119369004523f,0.7278917691356994f,0.05049583793776374f,-0.6838302002511039f,0.18311275560873935f,0f,0f,0f,1f], start_interpolation: 0, interpolation_duration: 1 }
$data merge entity $(bone_left_ring) { transformation: [0.2931674485948701f,-0.20027234808370023f,-0.9348496315865004f,0.3492454849871471f,0.11829955183510263f,0.9778981634430834f,-0.17239604975247663f,1.0324432727388508f,0.9487138995081646f,-0.06005138239612595f,0.3103800385854835f,-0.29360628054147764f,0f,0f,0f,1f], start_interpolation: 0, interpolation_duration: 1 }
$data merge entity $(bone_left_hand) { transformation: [-0.9503141851103626f,-0.20027234808370023f,-0.23831478378621163f,0.29561091961911157f,-0.17898289012327503f,0.9778981634430834f,-0.10807546889911784f,1.1751077855675403f,0.25469211731254515f,-0.06005138239612595f,-0.9651558199851291f,-0.39347266716447815f,0f,0f,0f,1f], start_interpolation: 0, interpolation_duration: 1 }
$data merge entity $(bone_left_arm) { transformation: [-0.9503141851103626f,-0.08721822909564672f,-0.29882424615724684f,0.29091885678548596f,-0.17898289012327503f,0.9384969925295489f,0.2952770225671335f,1.4993619369004523f,0.25469211731254515f,0.3340903702988326f,-0.907477575399217f,-0.18311275560873935f,0f,0f,0f,1f], start_interpolation: 0, interpolation_duration: 1 }
$data merge entity $(bone_leftfoot) { transformation: [-0.8447910744124769f,0.22735703038304478f,-0.48439325070485484f,0.16318487503249712f,0.000013713954427493902f,0.9052542154851921f,0.42487033923094314f,0.40981683300302013f,0.5350962907785294f,0.35892002741793677f,-0.7647537992801127f,0.05703891440051742f,0f,0f,0f,1f], start_interpolation: 0, interpolation_duration: 1 }
$data merge entity $(bone_leftleg) { transformation: [-0.8445728929068451f,0.023430584870172945f,-0.5349276925525585f,0.09413604529234784f,0.043619320929226706f,0.9987322995082872f,-0.02512267423189495f,0.8118619369004523f,0.5336609255029227f,-0.04455111234896853f,-0.8445242536362313f,-0.0850994747440725f,0f,0f,0f,1f], start_interpolation: 0, interpolation_duration: 1 }
$data merge entity $(bone_rightfoot) { transformation: [-0.8559783596053772f,0.2079762838818359f,-0.4733359411982042f,0.03710262718532917f,-0.004082907205246266f,0.9127749980300015f,0.4084423249861405f,0.5112718292196141f,0.5169955297253943f,0.3515503780598629f,-0.7804664976345406f,0.32768680570135444f,0f,0f,0f,1f], start_interpolation: 0, interpolation_duration: 1 }
$data merge entity $(bone_rightleg) { transformation: [-0.8455039025343039f,-0.25858202325243884f,-0.46718142947888847f,-0.1174413050970965f,-0.04361938736533599f,0.9054451828447543f,-0.4222160228000618f,0.8118619369004523f,0.5321846482614236f,-0.33660712724763386f,-0.7768366250640864f,0.04807343842591974f,0f,0f,0f,1f], start_interpolation: 0, interpolation_duration: 1 }
$data merge entity $(bone_skirt_right_back) { transformation: [-0.8457408333933152f,-0.08964166127495347f,-0.5260102805982475f,-0.29982617421721625f,-0.055178620574033374f,0.9951952634418826f,-0.0808808225377877f,0.8141628353562017f,0.5307332310706834f,-0.03937969256747392f,-0.8466235747075341f,-0.03986330165195745f,0f,0f,0f,1f], start_interpolation: 0, interpolation_duration: 1 }
$data merge entity $(bone_skirt_right) { transformation: [-0.8457408333933152f,-0.20892227803510366f,-0.4909927947249363f,-0.17510620936717503f,-0.055178620574033374f,0.9494717963577013f,-0.3089637968319701f,0.8399925840498984f,0.5307332310706834f,-0.23421099389632186f,-0.8145351114441719f,0.2204482990311949f,0f,0f,0f,1f], start_interpolation: 0, interpolation_duration: 1 }
$data merge entity $(bone_skirt_left_back) { transformation: [-0.8459253918598667f,0.12705188259554578f,-0.5179459919100238f,0.047182279726952076f,0.018401186142893173f,0.9775825042708701f,0.20974709459734794f,0.9099404323587843f,0.532983703086f,0.16789957257962831f,-0.8292997683421314f,-0.24986295044895085f,0f,0f,0f,1f], start_interpolation: 0, interpolation_duration: 1 }
$data merge entity $(bone_skirt_left) { transformation: [-0.8459253918598667f,0.028648481363358576f,-0.5325312159134937f,0.2216013226130331f,0.018401186142893173f,0.9995294515176233f,0.024541228522912285f,0.8399925840498984f,0.532983703086f,0.010960842324041683f,-0.8460545089888015f,-0.02925091316254054f,0f,0f,0f,1f], start_interpolation: 0, interpolation_duration: 1 }
$data merge entity $(bone_skirt_back_middle) { transformation: [-0.8463094015577773f,0.05943631487975787f,-0.5293653948913085f,-0.06597942133567548f,0f,0.9937557538738854f,0.11157733480660728f,0.9078421539577982f,0.532691652679969f,0.09442894744759157f,-0.8410248373556057f,-0.10482425302667728f,0f,0f,0f,1f], start_interpolation: 0, interpolation_duration: 1 }
$data merge entity $(bone_skirt_front_middle) { transformation: [-0.8463094015577773f,-0.03338999243875028f,-0.5316441528314376f,0.1004365836372913f,0f,0.9980335718735943f,-0.06268165132824102f,0.9001730200443882f,0.532691652679969f,-0.0530480708242569f,-0.8446451949469125f,0.15956778103232322f,0f,0f,0f,1f], start_interpolation: 0, interpolation_duration: 1 }
$data merge entity $(bone_lower) { transformation: [-0.8463094015577773f,0f,-0.532691652679969f,0f,0f,1f,0f,0.9056119369004523f,0.532691652679969f,0f,-0.8463094015577773f,0f,0f,0f,0f,1f], start_interpolation: 0, interpolation_duration: 1 }
data modify entity @s data merge value {"locators":{"locator_right_hand":{"posx":-0.5505214606793805,"posy":0.7958088029005324,"posz":0.26401437939892003,"roty":310.16991066962737,"rotx":1.1973006117749998},"locator_left_hand":{"posx":0.40557208288568775,"posy":0.7574094142704836,"posz":-0.2767168292425672,"roty":346.1300503152392,"rotx":-6.204386640487751}},"cameras":{}}