# This file was generated by Animated Java via MC-Build. It is not recommended to edit this file directly.
$data merge entity $(bone_head) { transformation: [-0.9928070552441445f,0.020790082774411148f,-0.11790641846686534f,0f,0f,0.984807753012208f,0.17364817766693036f,1.5898236206165048f,0.1197253150233919f,0.17239913591801712f,-0.9777240852496529f,0f,0f,0f,0f,1f], start_interpolation: 0, interpolation_duration: 1 }
$data merge entity $(bone_bust) { transformation: [-0.8474927011076553f,-0.2654035236998797f,-0.4596923875560024f,0.03815175653185776f,0f,0.8660254037844387f,-0.49999999999999994f,1.4804486206165048f,0.5308070473997595f,-0.4237463505538276f,-0.7339502086811218f,0.060913537892112735f,0f,0f,0f,1f], start_interpolation: 0, interpolation_duration: 1 }
$data merge entity $(bone_left_wing) { transformation: [-0.5798500976835494f,0f,-0.8147231825696248f,-0.013382587105741361f,0f,1f,0f,1.3710736206165048f,0.8147231825696248f,0f,-0.5798500976835494f,-0.13911202810094186f,0f,0f,0f,1f], start_interpolation: 0, interpolation_duration: 1 }
$data merge entity $(bone_right_wing) { transformation: [-0.9861122233285871f,0f,-0.1660803510411476f,-0.1193191747441984f,0f,1f,0f,1.3710736206165048f,0.1660803510411476f,0f,-0.9861122233285871f,-0.07276114717597187f,0f,0f,0f,1f], start_interpolation: 0, interpolation_duration: 1 }
$data merge entity $(bone_body) { transformation: [-0.8474927011076553f,0f,-0.5308070473997595f,0.6891498742537074f,0f,1f,0f,0.30857362061650484f,0.5308070473997595f,0f,-0.8474927011076553f,0.1583428268539479f,0f,0f,0f,1f], start_interpolation: 0, interpolation_duration: 1 }
$data merge entity $(bone_right_ring) { transformation: [0.7122458367555694f,0.22759374337517022f,-0.6640082499493786f,-0.49059495827431077f,0.0013547562318963029f,0.9455274050378175f,0.32553969183189196f,1.0600482204507964f,0.7019287945795579f,-0.23276385952060547f,0.6731396237343045f,0.1973512455732278f,0f,0f,0f,1f], start_interpolation: 0, interpolation_duration: 1 }
$data merge entity $(bone_sword) { transformation: [-0.000006050703162517378f,0.000002275937433751702f,-0.000007629488845050496f,-0.5712106133408874f,0.000003246101657292466f,0.000009455274050378175f,2.462045141101349e-7f,0.8637428628311099f,0.0000072699253964277625f,-0.000002327638595206055f,-0.000006459898087468707f,0.2608932659455272f,0f,0f,0f,1f], start_interpolation: 0, interpolation_duration: 1 }
$data merge entity $(bone_right_hand) { transformation: [-0.6050703162517377f,0.22759374337517022f,-0.7629488845050496f,-0.5265598937942888f,0.3246101657292466f,0.9455274050378175f,0.02462045141101349f,1.2100950448077379f,0.7269925396427762f,-0.23276385952060547f,-0.6459898087468706f,0.1004203479531141f,0f,0f,0f,1f], start_interpolation: 0, interpolation_duration: 1 }
$data merge entity $(bone_right_arm) { transformation: [-0.6050703162517377f,0.5198565518273282f,-0.6030249397108074f,-0.2913256160057565f,0.3246101657292466f,0.852672797302334f,0.40936211481504237f,1.4648236206165048f,0.7269925396427762f,0.051944838654223696f,-0.6846777205670806f,0.1824649225436673f,0f,0f,0f,1f], start_interpolation: 0, interpolation_duration: 1 }
$data merge entity $(bone_left_ring) { transformation: [0.15803112873182076f,-0.19755682779917888f,-0.9674696182008364f,0.34876842842661127f,0.09623569362623607f,0.978198528971318f,-0.18402806631225238f,1.028898194144138f,0.9827333583551664f,-0.06402294673220765f,0.17359783601099688f,-0.29159334510116464f,0f,0f,0f,1f], start_interpolation: 0, interpolation_duration: 1 }
$data merge entity $(bone_left_hand) { transformation: [-0.9517785636584101f,-0.19755682779917888f,-0.2347101735124819f,0.2958960953161944f,-0.17576401979255646f,0.978198528971318f,-0.11061033977305806f,1.1713719949421821f,0.2514449743118673f,-0.06402294673220765f,-0.9657517730685402f,-0.39213615925324774f,0f,0f,0f,1f], start_interpolation: 0, interpolation_duration: 1 }
$data merge entity $(bone_left_arm) { transformation: [-0.9517785636584101f,-0.08582222341484264f,-0.2945371143480336f,0.2913256160057565f,-0.17576401979255646f,0.9394308186104544f,0.29423926724904237f,1.4960736206165048f,0.2514449743118673f,0.33181965435010685f,-0.9092145741684302f,-0.1824649225436673f,0f,0f,0f,1f], start_interpolation: 0, interpolation_duration: 1 }
$data merge entity $(bone_leftfoot) { transformation: [-0.8459991311649617f,0.2275500580890342f,-0.48218921714593266f,0.16287392672143766f,0.000012814663790446101f,0.9043662149368579f,0.4267572484640013f,0.40639773019878356f,0.5331842738715336f,0.3610300823261938f,-0.7650959480690168f,0.05712060702455424f,0f,0f,0f,1f], start_interpolation: 0, interpolation_duration: 1 }
$data merge entity $(bone_leftleg) { transformation: [-0.8457583536722509f,0.023974477952677643f,-0.5330272334510692f,0.09432518347658717f,0.0436193209292267f,0.9987529162727896f,-0.02428923791046471f,0.8085736206165048f,0.5317801820633006f,-0.043793111827028275f,-0.8457493726401626f,-0.0848897837616999f,0f,0f,0f,1f], start_interpolation: 0, interpolation_duration: 1 }
$data merge entity $(bone_rightfoot) { transformation: [-0.8571267067433241f,0.20778361646301474f,-0.47133828331347594f,0.03637333617871619f,-0.004082907205246261f,0.9122630242583487f,0.40958455102672653f,0.5079835129356667f,0.5150894470440033f,0.35299028782752995f,-0.7810766404414747f,0.3277685585745541f,0f,0f,0f,1f], start_interpolation: 0, interpolation_duration: 1 }
$data merge entity $(bone_rightleg) { transformation: [-0.8466860758452079f,-0.25783233354131657f,-0.4654515836802815f,-0.11754799180032666f,-0.04361938736533599f,0.9054451828447543f,-0.4222160228000618f,0.8085736206165048f,0.5303018367078466f,-0.3371817145751959f,-0.777874317187819f,0.047811978088239976f,0f,0f,0f,1f], start_interpolation: 0, interpolation_duration: 1 }
$data merge entity $(bone_skirt_right_back) { transformation: [-0.8468666426003847f,-0.09151158914561451f,-0.5238726168667308f,-0.2996484559306031f,-0.05767572143864479f,0.9950774839100073f,-0.0805872953502055f,0.8108390403842382f,0.5286685169435419f,-0.03803196112973459f,-0.8479759248500763f,-0.04059180873535495f,0f,0f,0f,1f], start_interpolation: 0, interpolation_duration: 1 }
$data merge entity $(bone_skirt_right) { transformation: [-0.8468666426003847f,-0.21058646540047263f,-0.4883341379024077f,-0.17560740813928338f,-0.05767572143864479f,0.9492102655448102f,-0.3093111426070562f,0.8367047913509644f,0.5286685169435419f,-0.23378026515188643f,-0.8160002370209396f,0.22004041565326288f,0f,0f,0f,1f], start_interpolation: 0, interpolation_duration: 1 }
$data merge entity $(bone_skirt_left_back) { transformation: [-0.8470738007661905f,0.12823677416986903f,-0.5157725330085213f,0.04781346515967985f,0.019234735223961182f,0.9772156222425351f,0.21137561970577193f,0.9069887951314888f,0.5311271043887557f,0.16913000146526644f,-0.8302403516982144f,-0.24973630217891704f,0f,0f,0f,1f], start_interpolation: 0, interpolation_duration: 1 }
$data merge entity $(bone_skirt_left) { transformation: [-0.8470738007661905f,0.029921215516692648f,-0.530632355701689f,0.22165479550493006f,0.019234735223961182f,0.9994858286118014f,0.02565352539213505f,0.8367047913509644f,0.5311271043887557f,0.01152385639377904f,-0.8472137863121866f,-0.028775387815374365f,0f,0f,0f,1f], start_interpolation: 0, interpolation_duration: 1 }
$data merge entity $(bone_skirt_back_middle) { transformation: [-0.8474927011076553f,0.05981291208558599f,-0.5274263333557516f,-0.06571692021300728f,0f,0.9936309925413221f,0.11268296526692478f,0.9047959309156285f,0.5308070473997595f,0.09549799060288619f,-0.8420950137731257f,-0.10492439859761936f,0f,0f,0f,1f], start_interpolation: 0, interpolation_duration: 1 }
$data merge entity $(bone_skirt_front_middle) { transformation: [-0.8474927011076553f,-0.032682402088654514f,-0.5297999454161599f,0.10010569094377053f,0f,0.9981026966606171f,-0.06157115330091098f,0.8967792042305862f,0.5308070473997595f,-0.05218110302130258f,-0.8458847503757411f,0.15982990962493893f,0f,0f,0f,1f], start_interpolation: 0, interpolation_duration: 1 }
$data merge entity $(bone_lower) { transformation: [-0.8474927011076553f,0f,-0.5308070473997595f,0f,0f,1f,0f,0.9023236206165048f,0.5308070473997595f,0f,-0.8474927011076553f,0f,0f,0f,0f,1f], start_interpolation: 0, interpolation_duration: 1 }
data modify entity @s data merge value {"locators":{"locator_right_hand":{"posx":-0.5546056985985773,"posy":0.7941186377839102,"posz":0.2628160810633981,"roty":310.2546324882431,"rotx":1.4107905090654516},"locator_left_hand":{"posx":0.4043312862451303,"posy":0.7537798578709547,"posz":-0.2735868913327313,"roty":346.34003165875504,"rotx":-6.350500167640086}},"cameras":{}}