# This file was generated by Animated Java via MC-Build. It is not recommended to edit this file directly.
$data merge entity $(bone_head) { transformation: [-0.9885959607058314f,0.026150070196103027f,-0.14830441768488606f,0f,0f,0.984807753012208f,0.17364817766693033f,1.5901322573654109f,0.15059225237745216f,0.1716678870254559f,-0.973576966699655f,0f,0f,0f,0f,1f], start_interpolation: 0, interpolation_duration: 1 }
$data merge entity $(bone_bust) { transformation: [-0.8315665649359694f,-0.27771255286743535f,-0.48101225146605603f,0.03992117947469387f,0f,0.8660254037844387f,-0.49999999999999994f,1.4807572573654109f,0.5554251057348708f,-0.4157832824679846f,-0.7201577701723115f,0.059768846854772795f,0f,0f,0f,1f], start_interpolation: 0, interpolation_duration: 1 }
$data merge entity $(bone_left_wing) { transformation: [-0.5557153433806967f,0f,-0.8313726343411085f,-0.017455227908360627f,0f,1f,0f,1.3713822573654109f,0.8313726343411085f,0f,-0.5557153433806967f,-0.1386598897254256f,0f,0f,0f,1f], start_interpolation: 0, interpolation_duration: 1 }
$data merge entity $(bone_right_wing) { transformation: [-0.9808193151494231f,0f,-0.1949191397216204f,-0.12140104852535694f,0f,1f,0f,1.3713822573654109f,0.1949191397216204f,0f,-0.9808193151494231f,-0.06923175150856675f,0f,0f,0f,1f], start_interpolation: 0, interpolation_duration: 1 }
$data merge entity $(bone_body) { transformation: [-0.8315665649359694f,0f,-0.5554251057348708f,0.6934958353354201f,0f,1f,0f,0.30888225736541086f,0.5554251057348708f,0f,-0.8315665649359694f,0.13807072960054928f,0f,0f,0f,1f], start_interpolation: 0, interpolation_duration: 1 }
$data merge entity $(bone_right_ring) { transformation: [-0.1433016463411012f,0.16090009399310223f,-0.9765120572266075f,-0.4548997770563769f,0.25669146204348386f,0.9589721304887875f,0.12034095836320605f,1.0446836455992377f,0.9558107194784482f,-0.23341725021687468f,-0.17872396546430003f,0.21165597531442765f,0f,0f,0f,1f], start_interpolation: 0, interpolation_duration: 1 }
$data merge entity $(bone_sword) { transformation: [-0.000006119985769236763f,0.0000016090009399310225f,-0.000007743183464159985f,-0.5213203523089829f,0.0000028248300505506015f,0.000009589721304887876f,-2.399593300663805e-7f,0.8433611495095572f,0.000007386887664628848f,-0.0000023341725021687468f,-0.00000632341121233417f,0.27591969273206196f,0f,0f,0f,1f], start_interpolation: 0, interpolation_duration: 1 }
$data merge entity $(bone_right_hand) { transformation: [-0.6119985769236762f,0.16090009399310223f,-0.7743183464159985f,-0.5023514823464545f,0.28248300505506013f,0.9589721304887875f,-0.02399593300663805f,1.1922734222687383f,0.7386887664628847f,-0.23341725021687468f,-0.6323411212334169f,0.11590254985240814f,0f,0f,0f,1f], start_interpolation: 0, interpolation_duration: 1 }
$data merge entity $(bone_right_arm) { transformation: [-0.6119985769236762f,0.45302441395738036f,-0.6482488890865664f,-0.28585100669673946f,0.28248300505506013f,0.8908238429494312f,0.35585984978340857f,1.4651322573654109f,0.7386887664628847f,0.03466642743894155f,-0.6731546219927206f,0.19092738009636184f,0f,0f,0f,1f], start_interpolation: 0, interpolation_duration: 1 }
$data merge entity $(bone_left_ring) { transformation: [-0.6649784429162953f,-0.23146757722162334f,-0.710089030440389f,0.35431854959462206f,-0.15004060398503472f,0.972781716295327f,-0.17658864515399614f,1.0330571716899f,0.7316361716129307f,-0.010885455280778888f,-0.6816084060887928f,-0.31834658386656967f,0f,0f,0f,1f], start_interpolation: 0, interpolation_duration: 1 }
$data merge entity $(bone_left_hand) { transformation: [-0.9308011733238595f,-0.23146757722162334f,-0.28289916301410056f,0.2916299441211715f,-0.21819701265439725f,0.972781716295327f,-0.07801151267739131f,1.1777407355475393f,0.2932562691701979f,-0.010885455280778888f,-0.9559718967917973f,-0.40966980157842237f,0f,0f,0f,1f], start_interpolation: 0, interpolation_duration: 1 }
$data merge entity $(bone_left_arm) { transformation: [-0.9308011733238595f,-0.10308286525297325f,-0.3506894618179511f,0.28585100669673946f,-0.21819701265439725f,0.926416991506719f,0.30682506663624576f,1.4963822573654109f,0.2932562691701979f,0.3621125249682442f,-0.8848023959356685f,-0.19092738009636184f,0f,0f,0f,1f], start_interpolation: 0, interpolation_duration: 1 }
$data merge entity $(bone_leftfoot) { transformation: [-0.8297364556658688f,0.22425877099816843f,-0.5111217250024039f,0.1670014654649086f,0.000027097573476457465f,0.9157499648894228f,0.40174867899066247f,0.40845210390667847f,0.5581553667257564f,0.3333316748156584f,-0.7598372070120183f,0.055947156348108804f,0f,0f,0f,1f], start_interpolation: 0, interpolation_duration: 1 }
$data merge entity $(bone_leftleg) { transformation: [-0.8298044332915312f,0.016547970267846903f,-0.5578088984318335f,0.09179589642904587f,0.043619320929226706f,0.9984254722037939f,-0.035269410206357966f,0.8088822573654109f,0.5563469756648222f,-0.05359795830668999f,-0.829219694371739f,-0.08761865682483318f,0f,0f,0f,1f], start_interpolation: 0, interpolation_duration: 1 }
$data merge entity $(bone_rightfoot) { transformation: [-0.8416572275171226f,0.209865453404384f,-0.4975636671176493f,0.04596700028996953f,-0.004082907205246268f,0.9188940649329735f,0.39448324083503206f,0.5082921496845727f,0.5399967048389684f,0.33405117706472565f,-0.7725369699015883f,0.32656129969601844f,0f,0f,0f,1f], start_interpolation: 0, interpolation_duration: 1 }
$data merge entity $(bone_rightleg) { transformation: [-0.8307750978262146f,-0.2676067731438456f,-0.48805670961414105f,-0.11609574480494647f,-0.04361938736533599f,0.9054451828447543f,-0.4222160228000618f,0.8088822573654109f,0.554896464106338f,-0.32947782297260614f,-0.7638941538534745f,0.051237619608884524f,0f,0f,0f,1f], start_interpolation: 0, interpolation_duration: 1 }
$data merge entity $(bone_skirt_right_back) { transformation: [-0.831463163947168f,-0.06736630535889944f,-0.551480541724961f,-0.3017056832212268f,-0.024736023051869387f,0.9961259098131828f,-0.08438780102856092f,0.8116408670574147f,0.5550289507426999f,-0.05652391264898529f,-0.8299083751452974f,-0.03101889307335115f,0f,0f,0f,1f], start_interpolation: 0, interpolation_duration: 1 }
$data merge entity $(bone_skirt_right) { transformation: [-0.831463163947168f,-0.18872715571420673f,-0.522542885986395f,-0.16892827317876433f,-0.024736023051869387f,0.9521785207955626f,-0.30453931388106786f,0.8370083908163715f,0.5550289507426999f,-0.24028758859250257f,-0.7963697248174733f,0.22532272102930395f,0f,0f,0f,1f], start_interpolation: 0, interpolation_duration: 1 }
$data merge entity $(bone_skirt_left_back) { transformation: [-0.8314879259223781f,0.11220323462872062f,-0.5440939837786799f,0.03949096826321352f,0.008246088730848455f,0.9817764425418298f,0.18986052483481689f,0.9028526207712997f,0.5554816208174174f,0.1533800867412762f,-0.8172604957571935f,-0.25125278647311194f,0f,0f,0f,1f], start_interpolation: 0, interpolation_duration: 1 }
$data merge entity $(bone_skirt_left) { transformation: [-0.8314879259223781f,0.012964473511270488f,-0.5553915298884902f,0.2208685541349713f,0.008246088730848455f,0.9999055476589452f,0.010995352723218188f,0.8370083908163715f,0.5554816208174174f,0.0045626951947915f,-0.8315162961401384f,-0.03503279728391674f,0f,0f,0f,1f], start_interpolation: 0, interpolation_duration: 1 }
$data merge entity $(bone_skirt_back_middle) { transformation: [-0.8315665649359694f,0.05448941691201233f,-0.5527458290436765f,-0.06915360809644934f,0f,0.9951761692737144f,0.09810398620695869f,0.9019098460547067f,0.5554251057348708f,0.08157999481664635f,-0.8275552285890795f,-0.10353480198128226f,0f,0f,0f,1f], start_interpolation: 0, interpolation_duration: 1 }
$data merge entity $(bone_skirt_front_middle) { transformation: [-0.8315665649359694f,-0.04232170569436678f,-0.5538103658362777f,0.10440624499370385f,0f,0.9970927855404437f,-0.0761969620339215f,0.898473798328701f,0.5554251057348708f,-0.06336284597710456f,-0.8291490225943039f,0.15631404056251097f,0f,0f,0f,1f], start_interpolation: 0, interpolation_duration: 1 }
$data merge entity $(bone_lower) { transformation: [-0.8315665649359694f,0f,-0.5554251057348708f,0f,0f,1f,0f,0.9026322573654109f,0.5554251057348708f,0f,-0.8315665649359694f,0f,0f,0f,0f,1f], start_interpolation: 0, interpolation_duration: 1 }
data modify entity @s data merge value {"locators":{"locator_right_hand":{"posx":-0.5001529284919369,"posy":0.774972733899266,"posz":0.27730457693792365,"roty":309.23652983989206,"rotx":-1.374997663335787},"locator_left_hand":{"posx":0.41941880568820367,"posy":0.7594623139818393,"posz":-0.3152850495688506,"roty":343.5150221710613,"rotx":-4.474276535563435}},"cameras":{}}