# This file was generated by Animated Java via MC-Build. It is not recommended to edit this file directly.
$data merge entity $(bone_head) { transformation: [-0.9849603282193435f,0.030003044415454705f,-0.17015572032655102f,0f,0f,0.984807753012208f,0.17364817766693033f,1.6170601004595913f,0.17278064658416808f,0.17103656606951056f,-0.9699965676398586f,0f,0f,0f,0f,1f], start_interpolation: 0, interpolation_duration: 1 }
$data merge entity $(bone_bust) { transformation: [-0.8196272756087774f,-0.28644856827977566f,-0.4961434740159342f,0.04117698169021766f,0f,0.8660254037844387f,-0.49999999999999994f,1.5076851004595913f,0.5728971365595514f,-0.4098136378043886f,-0.7098180423118309f,0.0589107104343809f,0f,0f,0f,1f], start_interpolation: 0, interpolation_duration: 1 }
$data merge entity $(bone_left_wing) { transformation: [-0.5379986216121961f,0f,-0.8429457177917075f,-0.020385437344395463f,0f,1f,0f,1.3983101004595913f,0.8429457177917075f,0f,-0.5379986216121961f,-0.13825948048606918f,0f,0f,0f,1f], start_interpolation: 0, interpolation_duration: 1 }
$data merge entity $(bone_right_wing) { transformation: [-0.9764751068336774f,0f,-0.21563015961167892f,-0.12283884679549262f,0f,1f,0f,1.3983101004595913f,0.21563015961167892f,0f,-0.9764751068336774f,-0.06664733841612525f,0f,0f,0f,1f], start_interpolation: 0, interpolation_duration: 1 }
$data merge entity $(bone_body) { transformation: [-0.8196272756087774f,0f,-0.5728971365595514f,0.6962622060841643f,0f,1f,0f,0.33581010045959125f,0.5728971365595514f,0f,-0.8196272756087774f,0.12336506952461296f,0f,0f,0f,1f], start_interpolation: 0, interpolation_duration: 1 }
$data merge entity $(bone_right_ring) { transformation: [-0.5572843491726196f,0.11302106712527937f,-0.8225936983426951f,-0.42835573160405865f,0.25481821713385655f,0.9661660671560034f,-0.03988492062200838f,1.0617541357927842f,0.7902542821041671f,-0.23183910166786842f,-0.5672290547511323f,0.2208221172492511f,0f,0f,0f,1f], start_interpolation: 0, interpolation_duration: 1 }
$data merge entity $(bone_sword) { transformation: [-0.000006157037406886583f,0.0000011302106712527939f,-0.00000779830200805186f,-0.4845046788218151f,0.0000025123745579041253f,0.000009661660671560035f,-5.833413652623709e-7f,0.8573450082126364f,0.000007468524918013959f,-0.0000023183910166786844f,-0.000006232671870296733f,0.2851375113105523f,0f,0f,0f,1f], start_interpolation: 0, interpolation_duration: 1 }
$data merge entity $(bone_right_hand) { transformation: [-0.6157037406886582f,0.11302106712527937f,-0.7798302008051858f,-0.4838052711912199f,0.2512374557904125f,0.9661660671560034f,-0.05833413652623709f,1.207248758486575f,0.7468524918013958f,-0.23183910166786842f,-0.6232671870296732f,0.12616595882961482f,0f,0f,0f,1f], start_interpolation: 0, interpolation_duration: 1 }
$data merge entity $(bone_right_arm) { transformation: [-0.6157037406886582f,0.40316171187008765f,-0.6770299386171736f,-0.28174687599051723f,0.2512374557904125f,0.9147971758987633f,0.3162686639166258f,1.4920601004595913f,0.7468524918013958f,0.02463252016395273f,-0.6645333659346372f,0.1969333906923458f,0f,0f,0f,1f], start_interpolation: 0, interpolation_duration: 1 }
$data merge entity $(bone_left_ring) { transformation: [-0.8878334848185606f,-0.2533559521837756f,-0.3841386009345884f,0.35731420730511565f,-0.2440910260125352f,0.9669554999952353f,-0.07359777203905296f,1.0633808930223125f,0.3900913665477337f,0.028422218808829114f,-0.9203373855401642f,-0.33792396342120173f,0f,0f,0f,1f], start_interpolation: 0, interpolation_duration: 1 }
$data merge entity $(bone_left_hand) { transformation: [-0.9134483896971044f,-0.2533559521837756f,-0.3184694661232363f,0.2878708273273473f,-0.24880221096886374f,0.9669554999952353f,-0.05562841761159093f,1.2092525257454814f,0.32203959256087084f,0.028422218808829114f,-0.9462994654448514f,-0.422198566617777f,0f,0f,0f,1f], start_interpolation: 0, interpolation_duration: 1 }
$data merge entity $(bone_left_arm) { transformation: [-0.9134483896971044f,-0.11399608004608308f,-0.39066217259147795f,0.28174687599051723f,-0.24880221096886374f,0.9160949058930096f,0.31443215995486684f,1.5233101004595913f,0.32203959256087084f,0.3844151624624151f,-0.8651678933549392f,-0.1969333906923458f,0f,0f,0f,1f], start_interpolation: 0, interpolation_duration: 1 }
$data merge entity $(bone_leftfoot) { transformation: [-0.8175406645606426f,0.22088282801266768f,-0.531825195039563f,0.17001791861458038f,0.000040677444785662617f,0.9235368112599018f,0.3835097868284952f,0.43666998257594775f,0.5758708710597268f,0.3135132126992715f,-0.7550378833726775f,0.05496810832274798f,0f,0f,0f,1f], start_interpolation: 0, interpolation_duration: 1 }
$data merge entity $(bone_leftleg) { transformation: [-0.8178460312585057f,0.010844753505820016f,-0.5753349115742146f,0.08992128458885698f,0.0436193209292267f,0.9981141457013035f,-0.04319151528518174f,0.8358101004595913f,0.5737815124212216f,-0.060419727509770906f,-0.8167767335883538f,-0.08954148872388593f,0f,0f,0f,1f], start_interpolation: 0, interpolation_duration: 1 }
$data merge entity $(bone_rightfoot) { transformation: [-0.8300421520559762f,0.21075583240701892f,-0.5163448507700144f,0.05286692054468259f,-0.0040829072052462525f,0.9235246587144483f,0.3835173198372081f,0.5352199927787531f,0.55768571407114f,0.32044372962001694f,-0.7657038986894192f,0.325515493159593f,0f,0f,0f,1f], start_interpolation: 0, interpolation_duration: 1 }
$data merge entity $(bone_rightleg) { transformation: [-0.8188471720569322f,-0.2745187814049955f,-0.5041118402401209f,-0.11498553431333736f,-0.04361938736533599f,0.9054451828447543f,-0.4222160228000618f,0.8358101004595913f,0.5723518654291586f,-0.3237413466320696f,-0.7533955684901634f,0.053682795416001926f,0f,0f,0f,1f], start_interpolation: 0, interpolation_duration: 1 }
$data merge entity $(bone_skirt_right_back) { transformation: [-0.8196271406135869f,-0.05063363656646046f,-0.5706553997095365f,-0.3028110068820838f,-0.0009326601036948895f,0.9962032913378253f,-0.08705246965373653f,0.8389534457916481f,0.5728965705210028f,-0.07081833926137604f,-0.8165624791217965f,-0.024158934774623442f,0f,0f,0f,1f], start_interpolation: 0, interpolation_duration: 1 }
$data merge entity $(bone_skirt_right) { transformation: [-0.8196271406135869f,-0.17308734319011235f,-0.5461246396171698f,-0.16400884118454734f,-0.0009326601036948895f,0.9536697817752526f,-0.30085391384170623f,0.8639351020704342f,0.5728965705210028f,-0.2460786844814685f,-0.7818150679854818f,0.22900948870516646f,0f,0f,0f,1f], start_interpolation: 0, interpolation_duration: 1 }
$data merge entity $(bone_skirt_left_back) { transformation: [-0.8196271621722613f,0.1000842560521045f,-0.5640872775731984f,0.03348155750655049f,0.00031088674129479895f,0.9846995452221122f,0.1742604630683604f,0.926561391427833f,0.5728972144974f,0.1426532415680138f,-0.807117608710935f,-0.25214305492678535f,0f,0f,0f,1f], start_interpolation: 0, interpolation_duration: 1 }
$data merge entity $(bone_skirt_left) { transformation: [-0.8196271621722613f,0.0004922861124749841f,-0.5728970873410243f,0.22019144425706705f,0.00031088674129479895f,0.9999998657630812f,0.0004145156854781061f,0.8639351020704342f,0.5728972144974f,0.00016164220638357677f,-0.8196272051932617f,-0.03953604405712323f,0f,0f,0f,1f], start_interpolation: 0, interpolation_duration: 1 }
$data merge entity $(bone_skirt_back_middle) { transformation: [-0.8196272756087774f,0.050167842350949315f,-0.5706963436644601f,-0.07160174177873557f,0f,0.9961584850845864f,0.08756867358811536f,0.9265257720071557f,0.5728971365595514f,0.07177367336170129f,-0.8164786652044465f,-0.10243853005686625f,0f,0f,0f,1f], start_interpolation: 0, interpolation_duration: 1 }
$data merge entity $(bone_skirt_front_middle) { transformation: [-0.8196272756087774f,-0.049694699979404636f,-0.570737738258204f,0.10742859801533451f,0f,0.9962307399294832f,-0.08674279693181706f,0.9263962358554438f,0.5728971365595514f,-0.07109676232791062f,-0.8165378872461186f,0.15369497156602802f,0f,0f,0f,1f], start_interpolation: 0, interpolation_duration: 1 }
$data merge entity $(bone_lower) { transformation: [-0.8196272756087774f,0f,-0.5728971365595514f,0f,0f,1f,0f,0.9295601004595913f,0.5728971365595514f,0f,-0.8196272756087774f,0f,0f,0f,0f,1f], start_interpolation: 0, interpolation_duration: 1 }
data modify entity @s data merge value {"locators":{"locator_right_hand":{"posx":-0.4601429067330435,"posy":0.7900199294051582,"posz":0.28602686459333915,"roty":308.6330538030306,"rotx":-3.3441983025178224},"locator_left_hand":{"posx":0.42857056885680256,"posy":0.7914246586486525,"posz":-0.3459177124611849,"roty":341.39975464298544,"rotx":-3.188919690881921}},"cameras":{}}