execute if entity @s[tag=aj.convict.bone.left_leg_2] run data modify entity @s {} merge value {transformation:[-0.8018220664050908f,-0.13906289230162927f,0.5811565071567001f,-0.011343763071269795f,-0.06307086632119668f,0.9868070123784495f,0.14911065066658552f,0.5117557227776091f,-0.5942250749062713f,0.08290616566591535f,-0.8000144548989174f,0.15052418380092228f,0f,0f,0f,1f],start_interpolation:0}
execute if entity @s[tag=aj.convict.bone.left_leg] run data modify entity @s {} merge value {transformation:[-0.8018220664050908f,0.19497070988631035f,0.5648608643836979f,0.04958458376820219f,-0.06307086632119668f,0.9123816871116511f,-0.4044523740130486f,0.796875f,-0.5942250749062713f,-0.3599251023612071f,-0.7192707981302388f,0.03804758931304505f,0f,0f,0f,1f],start_interpolation:0}
execute if entity @s[tag=aj.convict.bone.right_leg_2] run data modify entity @s {} merge value {transformation:[-0.7756437115177095f,-0.148934539544798f,0.6133476467009646f,-0.11061658309420762f,0.02959187018294971f,0.9621118756354183f,0.2710443874725555f,0.49280657861040134f,-0.6304769258284618f,0.22838397862344972f,-0.7418487745531538f,-0.1753326487572016f,0f,0f,0f,1f],start_interpolation:0}
execute if entity @s[tag=aj.convict.bone.right_leg] run data modify entity @s {} merge value {transformation:[-0.7756437115177095f,-0.12203893827327668f,0.6192603090204988f,-0.14875375130460658f,0.02959187018294971f,0.9730189484467158f,0.22881968268206923f,0.796875f,-0.6304769258284618f,0.19580761861781265f,-0.7511046681316217f,-0.11414276793913514f,0f,0f,0f,1f],start_interpolation:0}
execute if entity @s[tag=aj.convict.bone.head] run data modify entity @s {} merge value {transformation:[-0.9865721616069694f,0f,0.16332596224162244f,-0.04958458376820219f,0f,1f,0f,1.697916875f,-0.16332596224162244f,0f,-0.9865721616069694f,-0.03804758931304505f,0f,0f,0f,1f],start_interpolation:0}
execute if entity @s[tag=aj.convict.bone.left_axe] run data modify entity @s {} merge value {transformation:[-0.9757271318457228f,-0.208461862676881f,0.06708364919564634f,0.3433194833282562f,-0.09370986091796508f,0.6743272219299825f,0.7324624630183637f,0.5736005048650685f,-0.19792682018072988f,0.7083970987895684f,-0.6774942983373865f,0.2477439577343459f,0f,0f,0f,1f],start_interpolation:0}
execute if entity @s[tag=aj.convict.bone.left_arm_2] run data modify entity @s {} merge value {transformation:[-0.9757271318457228f,-0.08919024764546737f,0.20000415971939067f,0.33998324941002067f,-0.09370986091796508f,0.9955116907150158f,-0.013226322862629017f,1.0783884755434154f,-0.19792682018072988f,-0.03164764406193708f,-0.9797057724023444f,0.1982105919975993f,0f,0f,0f,1f],start_interpolation:0}
execute if entity @s[tag=aj.convict.bone.left_arm] run data modify entity @s {} merge value {transformation:[-0.9757271318457228f,-0.08919024764546737f,0.20000415971939067f,0.2186172812876565f,-0.09370986091796508f,0.9955116907150158f,-0.013226322862629017f,1.5f,-0.19792682018072988f,-0.03164764406193708f,-0.9797057724023444f,0.22404544680306196f,0f,0f,0f,1f],start_interpolation:0}
execute if entity @s[tag=aj.convict.bone.right_axe] run data modify entity @s {} merge value {transformation:[0.000006385553108089189f,-0.0000023441993292349593f,0.000007330036903630629f,-0.5477297113124304f,-0.0000032182302010403244f,0.000007838547926090015f,0.000005310382357561638f,0.5937843195193838f,-0.000006990544032969427f,-0.000005749947470647392f,0.000004250929099374774f,-0.26498610821542445f,0f,0f,0f,1f],start_interpolation:0}
execute if entity @s[tag=aj.convict.bone.right_arm_2] run data modify entity @s {} merge value {transformation:[0.507630585167083f,0.26036348447689506f,0.8212929105708722f,-0.4165285038627968f,-0.21679695308266778f,0.9611750644846612f,-0.1707090406129067f,1.074803701090735f,-0.8338526669244372f,-0.09139667042051985f,0.5443678705609347f,-0.3512437511289903f,0f,0f,0f,1f],start_interpolation:0}
execute if entity @s[tag=aj.convict.bone.right_arm] run data modify entity @s {} merge value {transformation:[-0.4574452319188947f,0.26036348447689506f,0.8502674377780901f,-0.3177864488240609f,0.03943988928511274f,0.9611750644846612f,-0.2731061891391067f,1.5f,-0.8883627383720272f,-0.09139667042051985f,-0.4499536572894992f,-0.30014062542915204f,0f,0f,0f,1f],start_interpolation:0}
execute if entity @s[tag=aj.convict.bone.body] run data modify entity @s {} merge value {transformation:[-0.7152049734822898f,0f,0.6989147629762853f,-0.04958458376820219f,0f,1f,0f,0.875f,-0.6989147629762853f,0f,-0.7152049734822898f,-0.03804758931304505f,0f,0f,0f,1f],start_interpolation:0}