execute if entity @s[tag=aj.convict.bone.left_leg_2] run data modify entity @s {} merge value {transformation:[-0.9295627052760931f,0.1458903538215479f,0.3385693158300306f,-0.17581764613206619f,0.206051844345316f,-0.5559351920751787f,0.8052817517206186f,0.8759913775963811f,0.3057054373112871f,0.8183227156043988f,0.4867156446264667f,-0.49059101587427023f,0f,0f,0f,1f],start_interpolation:0}
execute if entity @s[tag=aj.convict.bone.left_leg] run data modify entity @s {} merge value {transformation:[-0.9295627052760931f,0.3049558372334363f,0.20715963481587174f,-0.08051894699661735f,0.206051844345316f,-0.03619341561421663f,0.9778715018385955f,0.8646809352169385f,0.3057054373112871f,0.9516785034891933f,-0.029192663374286387f,-0.1931914835338974f,0f,0f,0f,1f],start_interpolation:0}
execute if entity @s[tag=aj.convict.bone.right_leg_2] run data modify entity @s {} merge value {transformation:[-0.8505080304777056f,0.5151135949273983f,0.10627358286002435f,-0.4342984669958395f,0.29407230053038935f,0.298199396684284f,0.9080741169518562f,0.7592043059675712f,0.43607060455125696f,0.8035764457337592f,-0.4051016214583695f,-0.2778512481330951f,0f,0f,0f,1f],start_interpolation:0}
execute if entity @s[tag=aj.convict.bone.right_leg] run data modify entity @s {} merge value {transformation:[-0.8505080304777056f,0.5192589095023282f,0.08370349452315057f,-0.2720300577763619f,0.29407230053038935f,0.3375252135979753f,0.8942025566091867f,0.8646809352169385f,0.43607060455125696f,0.785141334466664f,-0.4397675667420317f,-0.03249458111226258f,0f,0f,0f,1f],start_interpolation:0}
execute if entity @s[tag=aj.convict.bone.head] run data modify entity @s {} merge value {transformation:[-0.9136844272054783f,0.39130430382187736f,-0.10982581341685088f,0.1763070612247444f,0.2744548283136113f,0.7933533402912352f,0.543382944767395f,1.5795255164904662f,0.2997587608353478f,0.46633830987729885f,-0.8322699478193605f,0.30734731279309235f,0f,0f,0f,1f],start_interpolation:0}
execute if entity @s[tag=aj.convict.bone.left_axe] run data modify entity @s {} merge value {transformation:[-0.3279967469280386f,0.9372521544004175f,0.11822238821983075f,-0.04934318976283322f,-0.9391277643017312f,-0.30995909612098016f,-0.14820391711927716f,1.7845785761989443f,-0.10226033601674116f,-0.15963632983641673f,0.9818650955574814f,-0.9753250527539165f,0f,0f,0f,1f],start_interpolation:0}
execute if entity @s[tag=aj.convict.bone.left_arm_2] run data modify entity @s {} merge value {transformation:[-0.3279967469280386f,0.29610178955169103f,-0.8970740572711433f,0.07429346083782792f,-0.9391277643017312f,-0.20499760590416652f,0.27570822238589954f,1.724695060405941f,-0.10226033601674116f,0.9328985538620188f,0.3453159594920241f,-0.4870592201544499f,0f,0f,0f,1f],start_interpolation:0}
execute if entity @s[tag=aj.convict.bone.left_arm] run data modify entity @s {} merge value {transformation:[-0.3279967469280386f,0.29610178955169103f,-0.8970740572711433f,0.22681399821910544f,-0.9391277643017312f,-0.20499760590416652f,0.27570822238589954f,1.5520886889112635f,-0.10226033601674116f,0.9328985538620188f,0.3453159594920241f,-0.11276262426815162f,0f,0f,0f,1f],start_interpolation:0}
execute if entity @s[tag=aj.convict.bone.right_axe] run data modify entity @s {} merge value {transformation:[-0.000009045106945111638f,-0.000003944753708547738f,-0.0000016201723767525802f,0.013811680205462001f,-0.0000031618341628051798f,0.000008752846838314448f,-0.000003659300063116841f,1.3225696040969699f,0.000002861615816005237f,-0.000002797604404469601f,-0.00000916430927662751f,1.4770046320904218f,0f,0f,0f,1f],start_interpolation:0}
execute if entity @s[tag=aj.convict.bone.right_arm_2] run data modify entity @s {} merge value {transformation:[-0.7909845118398463f,-0.07887529820393421f,-0.6067307387653279f,-0.04012595960651574f,0.6076998479957474f,0.013833613036319706f,-0.794046299592352f,1.3672830002292842f,0.07102391692539728f,-0.99678850238333f,0.03699033307463538f,0.975880668921268f,0f,0f,0f,1f],start_interpolation:0}
execute if entity @s[tag=aj.convict.bone.right_arm] run data modify entity @s {} merge value {transformation:[0.12995197710775064f,-0.07887529820393421f,-0.9883780506360039f,-0.02909132574256973f,0.9915141912258797f,0.013833613036319706f,0.12926035644408296f,1.2929263163071627f,0.0034773903256166624f,-0.99678850238333f,0.08000368287098729f,0.5428648078869432f,0f,0f,0f,1f],start_interpolation:0}
execute if entity @s[tag=aj.convict.bone.body] run data modify entity @s {} merge value {transformation:[-0.3412070986155669f,0.39130430382187736f,-0.8546687414810622f,-0.14570385365040547f,-0.345549830138801f,0.7933533402912352f,0.501184389561153f,0.9266616649271913f,0.8741699095401263f,0.46633830987729885f,-0.13548265569950924f,-0.07641035186391601f,0f,0f,0f,1f],start_interpolation:0}