execute if entity @s[tag=aj.convict.bone.left_leg_2] run data modify entity @s {} merge value {transformation:[-0.2867343336884691f,0.9386213611936476f,0.19176381878554105f,-0.4595939746307375f,-0.2974972983325772f,-0.2775122684358774f,0.9135000264654574f,0.8246362724905241f,0.9106474506465424f,0.20488260340633524f,0.3588096144926931f,-0.2894984761378968f,0f,0f,0f,1f],start_interpolation:0}
execute if entity @s[tag=aj.convict.bone.left_leg] run data modify entity @s {} merge value {transformation:[-0.2867343336884691f,0.8946598516165317f,-0.3425889253751718f,-0.18001277100057136f,-0.2974972983325772f,0.2567717331377552f,0.9195453412128469f,0.9048774390960725f,0.9106474506465424f,0.36558450044677593f,0.19253361697125498f,-0.17525331974827932f,0f,0f,0f,1f],start_interpolation:0}
execute if entity @s[tag=aj.convict.bone.right_leg_2] run data modify entity @s {} merge value {transformation:[-0.15402762419260024f,0.8987366236751759f,-0.41054594414088186f,-0.45619535458530386f,-0.24430169397880716f,0.3679628329938407f,0.8971733588633984f,0.6700950701198266f,0.9573882040764177f,0.23848655056437057f,0.16288643864741945f,-0.026308626443183325f,0f,0f,0f,1f],start_interpolation:0}
execute if entity @s[tag=aj.convict.bone.right_leg] run data modify entity @s {} merge value {transformation:[-0.15402762419260024f,0.8799734629844191f,-0.4493575362990944f,-0.18120364740267286f,-0.24430169397880716f,0.40674676618484085f,0.8802691352746952f,0.7972034345525894f,0.9573882040764177f,0.24536457087644803f,0.1523287696200167f,0.050367801955706684f,0f,0f,0f,1f],start_interpolation:0}
execute if entity @s[tag=aj.convict.bone.head] run data modify entity @s {} merge value {transformation:[-0.17072495811195731f,0.5495176841176281f,-0.8178528617787363f,0.31453023524138324f,-0.32318950034114646f,0.7528870462165278f,0.573332052573892f,1.5294231926104829f,0.9308069271051382f,0.3622035484107667f,0.049061736330248296f,0.2639178054954041f,0f,0f,0f,1f],start_interpolation:0}
execute if entity @s[tag=aj.convict.bone.left_axe] run data modify entity @s {} merge value {transformation:[0.03244678485696348f,0.7726655971007632f,0.6339835023163987f,-0.741388784006117f,-0.9994693262986518f,0.02690893847548528f,0.018356873868983034f,1.62058332942796f,-0.002876098149423467f,-0.6342426854817039f,0.7731286723258883f,-0.5346245824763457f,0f,0f,0f,1f],start_interpolation:0}
execute if entity @s[tag=aj.convict.bone.left_arm_2] run data modify entity @s {} merge value {transformation:[0.03244678485696348f,0.8635757316736544f,-0.5031740869885474f,-0.32764600980357683f,-0.9994693262986518f,0.026586198085708848f,-0.018821260836263204f,1.6674441359614303f,-0.002876098149423467f,0.5035177551344734f,0.8639800913931841f,-0.24497555049841968f,0f,0f,0f,1f],start_interpolation:0}
execute if entity @s[tag=aj.convict.bone.left_arm] run data modify entity @s {} merge value {transformation:[0.03244678485696348f,0.8635757316736544f,-0.5031740869885474f,0.07360503968712337f,-0.9994693262986518f,0.026586198085708848f,-0.018821260836263204f,1.6061487780700507f,-0.002876098149423467f,0.5035177551344734f,0.8639800913931841f,-0.07647068445805139f,0f,0f,0f,1f],start_interpolation:0}
execute if entity @s[tag=aj.convict.bone.right_axe] run data modify entity @s {} merge value {transformation:[0.0000075237197758760175f,0.000006245171284816098f,-0.0000020955849678313354f,0.7274497403312417f,-0.000006582663015542325f,0.0000070073209379341035f,-0.000002750636453005296f,0.9667692326500106f,-2.4937593689725676e-7f,0.0000034489547541391145f,0.00000938309771589307f,0.09712748123230358f,0f,0f,0f,1f],start_interpolation:0}
execute if entity @s[tag=aj.convict.bone.right_arm_2] run data modify entity @s {} merge value {transformation:[0.9998371666394008f,-0.001799280571287018f,-0.017955578406767606f,0.7611637389514054f,-0.016751387289525174f,0.27747167377485155f,-0.9605877686481643f,1.1266243643741018f,0.006710531303266057f,0.9607321337615432f,0.27739635168404764f,0.5760256816914868f,0f,0f,0f,1f],start_interpolation:0}
execute if entity @s[tag=aj.convict.bone.right_arm] run data modify entity @s {} merge value {transformation:[0.13085441013578336f,-0.980886765542705f,-0.1440079044052351f,0.337937785200047f,0.9144632056715307f,0.17552462897534465f,-0.3646205563267326f,1.1546795043206035f,0.38292841213595574f,-0.08397772208293502f,0.9199530278078316f,0.4609339066181194f,0f,0f,0f,1f],start_interpolation:0}
execute if entity @s[tag=aj.convict.bone.body] run data modify entity @s {} merge value {transformation:[0.3524436606838982f,0.5495176841176281f,-0.7575049708653612f,-0.1376771401299324f,-0.6019590316659298f,0.7528870462165278f,0.26609475724855625f,0.9098597373099973f,0.7165394547682277f,0.3622035484107667f,0.5961373996647921f,-0.034145606676695174f,0f,0f,0f,1f],start_interpolation:0}