execute if entity @s[tag=aj.convict.bone.left_leg_2] run data modify entity @s {} merge value {transformation:[-0.8017972506709654f,-0.16400194782938024f,0.5746516596379501f,-0.015117276304477498f,-0.2003001184812236f,0.9797345783287464f,0.00013624757378494223f,0.5388687827738403f,-0.563028446308789f,-0.11499355258084187f,-0.8183981008726429f,0.21876604300640742f,0f,0f,0f,1f],start_interpolation:0}
execute if entity @s[tag=aj.convict.bone.left_leg] run data modify entity @s {} merge value {transformation:[-0.8017972506709654f,0.17044227176337245f,0.5727744763976672f,0.038145933621576394f,-0.2003001184812236f,0.8263729682975922f,-0.5262960951816331f,0.797110335366838f,-0.563028446308789f,-0.5367095576409717f,-0.6284439667814018f,0.05104430624360376f,0f,0f,0f,1f],start_interpolation:0}
execute if entity @s[tag=aj.convict.bone.right_leg_2] run data modify entity @s {} merge value {transformation:[-0.3203381781894997f,0.024700169134106137f,0.9469811789254203f,-0.16830400816678195f,0.11046126367809085f,0.993814538207257f,0.011444338099511765f,0.4866828847434449f,-0.9408409859380442f,0.10827079612085246f,-0.32108515052316755f,-0.14561524098017087f,0f,0f,0f,1f],start_interpolation:0}
execute if entity @s[tag=aj.convict.bone.right_leg] run data modify entity @s {} merge value {transformation:[-0.3203381781894997f,0.0659833989174303f,0.9450024564314823f,-0.14768419600508498f,0.11046126367809085f,0.9933678419948577f,-0.031916135685866126f,0.797110335366838f,-0.9408409859380442f,0.09416220875586229f,-0.3255022544028624f,-0.11618955074396389f,0f,0f,0f,1f],start_interpolation:0}
execute if entity @s[tag=aj.convict.bone.head] run data modify entity @s {} merge value {transformation:[-0.9324217835314087f,0.025330586773604422f,0.36048298013888513f,-0.03194521179041557f,0.013463857458405315f,0.9992827874534462f,-0.0353925873822514f,1.6975059718291177f,-0.3611209522285389f,-0.02814732798997897f,-0.9320940863392373f,-0.0579345434385107f,0f,0f,0f,1f],start_interpolation:0}
execute if entity @s[tag=aj.convict.bone.left_axe] run data modify entity @s {} merge value {transformation:[-0.1477881892743252f,-0.9127356501587153f,-0.38088355706221233f,0.4319819010427294f,-0.9673723277316425f,0.053271942115990706f,0.2476951346358139f,1.3126949525435196f,-0.2057897729482194f,0.40506262862986725f,-0.8908281743621393f,1.098786520044394f,0f,0f,0f,1f],start_interpolation:0}
execute if entity @s[tag=aj.convict.bone.left_arm_2] run data modify entity @s {} merge value {transformation:[-0.1477881892743252f,-0.49676095434981893f,0.855211789759983f,0.22170416240858742f,-0.9673723277316425f,0.2525294521785391f,-0.020485490510856304f,1.4723510302364298f,-0.2057897729482194f,-0.8303357333126545f,-0.51787367121148f,0.6656943940363609f,0f,0f,0f,1f],start_interpolation:0}
execute if entity @s[tag=aj.convict.bone.left_arm] run data modify entity @s {} merge value {transformation:[-0.1477881892743252f,-0.49676095434981893f,0.855211789759983f,-0.049847475379082753f,-0.9673723277316425f,0.2525294521785391f,-0.020485490510856304f,1.5106098978399023f,-0.2057897729482194f,-0.8303357333126545f,-0.51787367121148f,0.32225679772483723f,0f,0f,0f,1f],start_interpolation:0}
execute if entity @s[tag=aj.convict.bone.right_axe] run data modify entity @s {} merge value {transformation:[-0.000008342140979130216f,0.000004836264414381259f,0.000002649383022234783f,-0.28710363177260734f,-0.0000054892625843974405f,-0.000006824607730916244f,-0.000004826253785147703f,1.8341937742440413f,-5.260039580180965e-7f,-0.0000054804448572454215f,0.000008347936511668111f,-1.2557718426408644f,0f,0f,0f,1f],start_interpolation:0}
execute if entity @s[tag=aj.convict.bone.right_arm_2] run data modify entity @s {} merge value {transformation:[0.37901055622412244f,0.31602637474471884f,-0.8697576264318649f,-0.09618547165884636f,-0.775837753587994f,-0.4037881278637813f,-0.48479988438921584f,1.6142938234638073f,-0.5044073536123519f,0.8585350768966707f,0.09214522971815142f,-0.8419747292747148f,0f,0f,0f,1f],start_interpolation:0}
execute if entity @s[tag=aj.convict.bone.right_arm] run data modify entity @s {} merge value {transformation:[0.942737477737312f,0.31602637474471884f,-0.10664604322337225f,-0.02406964935404461f,0.03193013883882271f,-0.4037881278637813f,-0.9142951460168622f,1.4888521927501823f,-0.3320037865796479f,0.8585350768966707f,-0.3907569672249014f,-0.42698422221110527f,0f,0f,0f,1f],start_interpolation:0}
execute if entity @s[tag=aj.convict.bone.body] run data modify entity @s {} merge value {transformation:[0.034370434700050856f,0.025330586773604422f,0.9990881015166954f,-0.05279017910006645f,-0.029010273452960034f,0.9992827874534462f,-0.024337516994447885f,0.8751793031366384f,-0.9989880265812567f,-0.02814732798997897f,0.0350806310420797f,-0.03477163224939717f,0f,0f,0f,1f],start_interpolation:0}