execute if entity @s[tag=aj.convict.bone.left_leg_2] run data modify entity @s {} merge value {transformation:[-0.8219047836187168f,-0.24012464276785578f,0.5165391394660039f,0.02614170636457569f,-0.1968342714702008f,0.970670551849963f,0.13803966584313287f,0.5178675317104457f,-0.5345360570059475f,0.011782856482964787f,-0.8450635290045574f,0.17683344643722007f,0f,0f,0f,1f],start_interpolation:0}
execute if entity @s[tag=aj.convict.bone.left_leg] run data modify entity @s {} merge value {transformation:[-0.8219047836187168f,0.0750172076916048f,0.5646635681667668f,0.04958458376820219f,-0.1968342714702008f,0.8928238985265735f,-0.405119433987813f,0.796875f,-0.5345360570059475f,-0.4441147427973601f,-0.7190502757043968f,0.03804758931304505f,0f,0f,0f,1f],start_interpolation:0}
execute if entity @s[tag=aj.convict.bone.right_leg_2] run data modify entity @s {} merge value {transformation:[-0.40164507032769764f,-0.022362333658779734f,0.9155223446288967f,-0.15425171196703297f,0.12781662714617228f,0.9885482629180092f,0.08021995828198272f,0.48715420954662353f,-0.9068319289187138f,0.14923892895327306f,-0.3941872585186446f,-0.15536235538843016f,0f,0f,0f,1f],start_interpolation:0}
execute if entity @s[tag=aj.convict.bone.right_leg] run data modify entity @s {} merge value {transformation:[-0.40164507032769764f,0.017593474119764474f,0.915626401514207f,-0.14875375130460658f,0.12781662714617228f,0.9911065294508047f,0.03702373704743501f,0.796875f,-0.9068319289187138f,0.13190267983774406f,-0.40032179024528053f,-0.11414276793913514f,0f,0f,0f,1f],start_interpolation:0}
execute if entity @s[tag=aj.convict.bone.head] run data modify entity @s {} merge value {transformation:[-0.9396926207859083f,0f,0.3420201433256689f,-0.04958458376820219f,0f,1f,0f,1.697916875f,-0.3420201433256689f,0f,-0.9396926207859083f,-0.03804758931304505f,0f,0f,0f,1f],start_interpolation:0}
execute if entity @s[tag=aj.convict.bone.left_axe] run data modify entity @s {} merge value {transformation:[-0.3554517450594823f,-0.9234172363340635f,-0.14475726087256863f,0.4401185369102446f,-0.757953212687953f,0.19413555834702745f,0.6227506020561511f,0.9214315920819429f,-0.5469561082117829f,0.33107701917597354f,-0.7689128839233821f,0.9213846054973513f,0f,0f,0f,1f],start_interpolation:0}
execute if entity @s[tag=aj.convict.bone.left_arm_2] run data modify entity @s {} merge value {transformation:[-0.3554517450594823f,-0.4444905224556911f,0.8222421981273129f,0.26195882739584564f,-0.757953212687953f,0.6518405705026796f,0.02471432828850209f,1.277185306048211f,-0.5469561082117829f,-0.6144363645600803f,-0.5686008877903838f,0.6067832815578568f,0f,0f,0f,1f],start_interpolation:0}
execute if entity @s[tag=aj.convict.bone.left_arm] run data modify entity @s {} merge value {transformation:[-0.3554517450594823f,-0.4444905224556911f,0.8222421981273129f,-0.0006372616856829133f,-0.757953212687953f,0.6518405705026796f,0.02471432828850209f,1.5f,-0.5469561082117829f,-0.6144363645600803f,-0.5686008877903838f,0.33374423370213385f,0f,0f,0f,1f],start_interpolation:0}
execute if entity @s[tag=aj.convict.bone.right_axe] run data modify entity @s {} merge value {transformation:[-0.000007661560699907756f,0.0000049654002066111004f,0.000004079863775889515f,-0.55266331305119f,-0.000006424774200242785f,-0.000006067034031059284f,-0.00000468117234695148f,1.8444867562804457f,1.508778231672668e-7f,-0.000006207728961073851f,0.000007838452463868193f,-1.151749206935877f,0f,0f,0f,1f],start_interpolation:0}
execute if entity @s[tag=aj.convict.bone.right_arm_2] run data modify entity @s {} merge value {transformation:[0.3189435260228063f,0.5161567274576785f,-0.7948944960863166f,-0.2644546169785431f,-0.7313795932737076f,-0.3993802067411507f,-0.5527923127234871f,1.629781848834278f,-0.6027925992834728f,0.7576791426214498f,0.25012676603174494f,-0.7955591825511841f,0f,0f,0f,1f],start_interpolation:0}
execute if entity @s[tag=aj.convict.bone.right_arm] run data modify entity @s {} merge value {transformation:[0.8478705899505833f,0.5161567274576785f,-0.12123405213482495f,-0.09853190585072147f,0.11304238919843757f,-0.3993802067411507f,-0.9097894639463047f,1.5f,-0.5180124331916742f,0.7576791426214498f,-0.39697032117686837f,-0.4098394123282239f,0f,0f,0f,1f],start_interpolation:0}
execute if entity @s[tag=aj.convict.bone.body] run data modify entity @s {} merge value {transformation:[-0.1305261922200514f,0f,0.9914448613738104f,-0.04958458376820219f,0f,1f,0f,0.875f,-0.9914448613738104f,0f,-0.1305261922200514f,-0.03804758931304505f,0f,0f,0f,1f],start_interpolation:0}