execute if entity @s[tag=aj.convict.bone.left_leg_2] run data modify entity @s {} merge value {transformation:[-0.9423146915149905f,-0.007375074407980464f,0.33464702364205323f,-0.134764459518299f,0.23413080185791046f,-0.7290154409244776f,0.6432101169253024f,0.9488211986021052f,0.23921912502218584f,0.6844575188944644f,0.6886886924093162f,-0.4892220401471207f,0f,0f,0f,1f],start_interpolation:0}
execute if entity @s[tag=aj.convict.bone.left_leg] run data modify entity @s {} merge value {transformation:[-0.9423146915149905f,0.17358564006938126f,0.2862010616973868f,-0.08051894699661735f,0.23413080185791046f,-0.2692488428325338f,0.934177621362615f,0.8646809352169385f,0.23921912502218584f,0.9472977811623147f,0.2130753951740444f,-0.1931914835338974f,0f,0f,0f,1f],start_interpolation:0}
execute if entity @s[tag=aj.convict.bone.right_leg_2] run data modify entity @s {} merge value {transformation:[-0.8590425261584538f,0.4558073702172373f,0.23299265977053557f,-0.41751022642612606f,0.38310970773633884f,0.2705796302411618f,0.8831837948789218f,0.7681665494505883f,0.3395186152326251f,0.8479541880044007f,-0.40706363747738283f,-0.29167934893201763f,0f,0f,0f,1f],start_interpolation:0}
execute if entity @s[tag=aj.convict.bone.right_leg] run data modify entity @s {} merge value {transformation:[-0.8590425261584538f,0.46553653967924524f,0.2128888641398996f,-0.2720300577763619f,0.38310970773633884f,0.30884603445232045f,0.8705406818990444f,0.8646809352169385f,0.3395186152326251f,0.8293912570232161f,-0.44366344528704427f,-0.03249458111226258f,0f,0f,0f,1f],start_interpolation:0}
execute if entity @s[tag=aj.convict.bone.head] run data modify entity @s {} merge value {transformation:[-0.9093096334563102f,0.39130430382187736f,0.1415518714607003f,0.1763070612247444f,0.41127326021240773f,0.7933533402912352f,0.4488260051322751f,1.5795255164904662f,0.0633268974276173f,0.46633830987729885f,-0.8823368318295325f,0.30734731279309235f,0f,0f,0f,1f],start_interpolation:0}
execute if entity @s[tag=aj.convict.bone.left_axe] run data modify entity @s {} merge value {transformation:[-0.35445233234835294f,0.9206485162124647f,0.16361495557741568f,0.01258380498821468f,-0.8789641377800037f,-0.2683430579793623f,-0.3942258841463103f,1.9718841818857167f,-0.3190385377810463f,-0.28354596246476815f,0.9043318520214029f,-0.9114786931458583f,0f,0f,0f,1f],start_interpolation:0}
execute if entity @s[tag=aj.convict.bone.left_arm_2] run data modify entity @s {} merge value {transformation:[-0.35445233234835294f,0.243232156514765f,-0.902885187678915f,0.11022030076955353f,-0.8789641377800037f,-0.4161133741664544f,0.23296288188564257f,1.8016958056076833f,-0.3190385377810463f,0.876177937337494f,0.3612846987260141f,-0.443740933935723f,0f,0f,0f,1f],start_interpolation:0}
execute if entity @s[tag=aj.convict.bone.left_arm] run data modify entity @s {} merge value {transformation:[-0.35445233234835294f,0.243232156514765f,-0.902885187678915f,0.23838955852719027f,-0.8789641377800037f,-0.4161133741664544f,0.23296288188564257f,1.5451652316278528f,-0.3190385377810463f,0.876177937337494f,0.3612846987260141f,-0.11069721086750708f,0f,0f,0f,1f],start_interpolation:0}
execute if entity @s[tag=aj.convict.bone.right_axe] run data modify entity @s {} merge value {transformation:[-0.000007812476541508886f,-0.000006029190292937376f,-0.0000016168100382924052f,0.010269474910502709f,-0.0000058830898172599725f,0.000007977608266379214f,-0.0000013217490496497733f,1.3283364852310038f,0.0000020867353666493986f,-8.142947714287624e-8f,-0.000009779514545713751f,1.4745716354450997f,0f,0f,0f,1f],start_interpolation:0}
execute if entity @s[tag=aj.convict.bone.right_arm_2] run data modify entity @s {} merge value {transformation:[-0.7842039905348147f,-0.08698636880388652f,-0.6143756773111925f,-0.047364136166251805f,0.6155812095467008f,0.0153987908265803f,-0.787922998581778f,1.373978707788361f,0.07799920308755252f,-0.9960904822772847f,0.041471380906756686f,0.9739430928720567f,0f,0f,0f,1f],start_interpolation:0}
execute if entity @s[tag=aj.convict.bone.right_arm] run data modify entity @s {} merge value {transformation:[0.13996294875135595f,-0.08698636880388652f,-0.9863284162078773f,-0.040666886050654494f,0.9901519377711803f,0.0153987908265803f,0.13914746626890562f,1.2998497735905739f,0.0030843321485040515f,-0.9960904822772847f,0.08828498180214045f,0.5407993944862987f,0f,0f,0f,1f],start_interpolation:0}
execute if entity @s[tag=aj.convict.bone.body] run data modify entity @s {} merge value {transformation:[-0.37207525943712627f,0.39130430382187736f,-0.8416893388449631f,-0.14570385365040547f,-0.3270872773830385f,0.7933533402912352f,0.5134241817667834f,0.9266616649271913f,0.868662140471741f,0.46633830987729885f,-0.1671964905488087f,-0.07641035186391601f,0f,0f,0f,1f],start_interpolation:0}