execute if entity @s[tag=aj.convict.bone.left_leg_2] run data modify entity @s {} merge value {transformation:[-0.29128522456937506f,0.9032754329610932f,0.3150339825423896f,-0.4838081325330913f,-0.2529458284540683f,-0.3903170752319539f,0.8852519351292366f,0.8624106667540263f,0.9225894676481268f,0.17817427701922442f,0.34217334962475254f,-0.2698554261421881f,0f,0f,0f,1f],start_interpolation:0}
execute if entity @s[tag=aj.convict.bone.left_leg] run data modify entity @s {} merge value {transformation:[-0.29128522456937506f,0.9310824088082827f,-0.21963257034268568f,-0.19284487978050288f,-0.2529458284540683f,0.14645543562787228f,0.9563311211305083f,0.9081779903877364f,0.9225894676481268f,0.3341202678420096f,0.19285310679875026f,-0.1654428424415601f,0f,0f,0f,1f],start_interpolation:0}
execute if entity @s[tag=aj.convict.bone.right_leg_2] run data modify entity @s {} merge value {transformation:[-0.1514674225468768f,0.9240073300592455f,-0.3510955338704708f,-0.4750252318485145f,-0.19950438048493374f,0.3193060843233292f,0.9264133130959559f,0.6927926857789364f,0.968119632108723f,0.2103665337236127f,0.13597904035101707f,-0.005213676444526666f,0f,0f,0f,1f],start_interpolation:0}
execute if entity @s[tag=aj.convict.bone.right_leg] run data modify entity @s {} merge value {transformation:[-0.1514674225468768f,0.9078133077301543f,-0.3910660023768909f,-0.19133357318284122f,-0.19950438048493374f,0.3594117568478255f,0.9116036371180636f,0.8051088597938818f,0.968119632108723f,0.21609763383155284f,0.12667355911189798f,0.06231683412783359f,0f,0f,0f,1f],start_interpolation:0}
execute if entity @s[tag=aj.convict.bone.head] run data modify entity @s {} merge value {transformation:[-0.20577222071165352f,0.5865662571614094f,-0.7833248490524541f,0.33643153368277645f,-0.2588517302703724f,0.7393197478422164f,0.6216124935894998f,1.522801476911087f,0.9437444436495661f,0.33067557576902606f,-0.0002977757450255969f,0.24638953665076457f,0f,0f,0f,1f],start_interpolation:0}
execute if entity @s[tag=aj.convict.bone.left_axe] run data modify entity @s {} merge value {transformation:[-0.05866828371400515f,0.706429051410326f,0.7053481607047406f,-0.757056166310045f,-0.9975794999119527f,-0.015069238041612866f,-0.0678826886640738f,1.7089988690856797f,-0.03732524402427065f,-0.7076234262574639f,0.7056032261619675f,-0.48463280999519237f,0f,0f,0f,1f],start_interpolation:0}
execute if entity @s[tag=aj.convict.bone.left_arm_2] run data modify entity @s {} merge value {transformation:[-0.05866828371400515f,0.8919252984203931f,-0.4483606745955158f,-0.3236365903027151f,-0.9975794999119527f,-0.06917433459556514f,-0.007074799550458422f,1.7079783146844205f,-0.03732524402427065f,0.4468603511959346f,0.893824732644815f,-0.22115224197950056f,0f,0f,0f,1f],start_interpolation:0}
execute if entity @s[tag=aj.convict.bone.left_arm] run data modify entity @s {} merge value {transformation:[-0.05866828371400515f,0.8919252984203931f,-0.4483606745955158f,0.08004940583633738f,-0.9975794999119527f,-0.06917433459556514f,-0.007074799550458422f,1.6050236645026237f,-0.03732524402427065f,0.4468603511959346f,0.893824732644815f,-0.08118305957541555f,0f,0f,0f,1f],start_interpolation:0}
execute if entity @s[tag=aj.convict.bone.right_axe] run data modify entity @s {} merge value {transformation:[0.000006662810644789867f,0.000007414496014155796f,-7.951120472881092e-7f,0.6843591287397847f,-0.000007345225530363389f,0.000006341592117917793f,-0.000002414926772815439f,0.9972041641027048f,-0.0000012863188639574445f,0.0000021930477117542904f,0.000009671397288613292f,0.044200830090869f,0f,0f,0f,1f],start_interpolation:0}
execute if entity @s[tag=aj.convict.bone.right_arm_2] run data modify entity @s {} merge value {transformation:[0.9884404600539213f,0.14980164501833718f,-0.02334360893676983f,0.794263315359973f,-0.062469504641881377f,0.2621285097657541f,-0.9630089331661378f,1.1478064159701777f,-0.1381412969324913f,0.9533352566216073f,0.2684564593449449f,0.5145983372487327f,0f,0f,0f,1f],start_interpolation:0}
execute if entity @s[tag=aj.convict.bone.right_arm] run data modify entity @s {} merge value {transformation:[0.11895900028500878f,-0.9924583210864731f,-0.029584407335787766f,0.3606309403335505f,0.9425403703121261f,0.12224410229829105f,-0.31092447601493917f,1.1479315810821111f,0.3121961027672686f,0.009102766585139144f,0.949974069676339f,0.44306957968688193f,0f,0f,0f,1f],start_interpolation:0}
execute if entity @s[tag=aj.convict.bone.body] run data modify entity @s {} merge value {transformation:[0.3741087126629508f,0.5865662571614094f,-0.7183193559060798f,-0.14626373764093695f,-0.6094561112273501f,0.7393197478422164f,0.2863032639320715f,0.9144027803909822f,0.6990035190163966f,0.33067557576902606f,0.6340723491783233f,-0.025728974799908093f,0f,0f,0f,1f],start_interpolation:0}