execute if entity @s[tag=aj.convict.bone.left_leg_2] run data modify entity @s {} merge value {transformation:[-0.815128128293528f,-0.19563251873398643f,0.5452467808969496f,0.009595180954069624f,-0.1379779160420719f,0.979726857206493f,0.1452493716095708f,0.5142700996626427f,-0.5626084154626347f,0.043164833859111296f,-0.8255958865986064f,0.16529368146475476f,0f,0f,0f,1f],start_interpolation:0}
execute if entity @s[tag=aj.convict.bone.left_leg] run data modify entity @s {} merge value {transformation:[-0.815128128293528f,0.12796608900522422f,0.5649697465611736f,0.04958458376820219f,-0.1379779160420719f,0.9043356810795433f,-0.40390477913870426f,0.796875f,-0.5626084154626347f,-0.40718749488547107f,-0.719492956782426f,0.03804758931304505f,0f,0f,0f,1f],start_interpolation:0}
execute if entity @s[tag=aj.convict.bone.right_leg_2] run data modify entity @s {} merge value {transformation:[-0.5844916083063595f,-0.09212412839120933f,0.8061530281451562f,-0.13098108085972715f,0.09024489481701348f,0.9799887051666024f,0.17742039540411403f,0.48850158061854854f,-0.8063655615035351f,0.1764519274874774f,-0.5644814421281205f,-0.16153703345986176f,0f,0f,0f,1f],start_interpolation:0}
execute if entity @s[tag=aj.convict.bone.right_leg] run data modify entity @s {} merge value {transformation:[-0.5844916083063595f,-0.05687254542361422f,0.8094041471332378f,-0.14875375130460658f,0.09024489481701348f,0.9867949420206448f,0.13450502355651406f,0.796875f,-0.8063655615035351f,0.15166164966632523f,-0.5716409058504975f,-0.11414276793913514f,0f,0f,0f,1f],start_interpolation:0}
execute if entity @s[tag=aj.convict.bone.head] run data modify entity @s {} merge value {transformation:[-0.964557418457798f,0f,0.263873049965373f,-0.04958458376820219f,0f,1f,0f,1.697916875f,-0.263873049965373f,0f,-0.964557418457798f,-0.03804758931304505f,0f,0f,0f,1f],start_interpolation:0}
execute if entity @s[tag=aj.convict.bone.left_axe] run data modify entity @s {} merge value {transformation:[-0.7206683951810318f,-0.6913412439879074f,0.05181069916965858f,0.4403911766093402f,-0.4143104350874171f,0.4893934535739298f,0.7673597011680097f,0.6661219139751814f,-0.5558632273903996f,0.5315461710521812f,-0.639120286389733f,0.5618407709280824f,0f,0f,0f,1f],start_interpolation:0}
execute if entity @s[tag=aj.convict.bone.left_arm_2] run data modify entity @s {} merge value {transformation:[-0.7206683951810318f,-0.31884101223909816f,0.6156114627762737f,0.3296041676610961f,-0.4143104350874171f,0.9100327371157289f,-0.013685055912562777f,1.1387552425980887f,-0.5558632273903996f,-0.2649166402701085f,-0.7879309907238874f,0.4148048724452161f,0f,0f,0f,1f],start_interpolation:0}
execute if entity @s[tag=aj.convict.bone.left_arm] run data modify entity @s {} merge value {transformation:[-0.7206683951810318f,-0.31884101223909816f,0.6156114627762737f,0.10544877618810863f,-0.4143104350874171f,0.9100327371157289f,-0.013685055912562777f,1.5f,-0.5558632273903996f,-0.2649166402701085f,-0.7879309907238874f,0.30340468744119914f,0f,0f,0f,1f],start_interpolation:0}
execute if entity @s[tag=aj.convict.bone.right_axe] run data modify entity @s {} merge value {transformation:[4.870703351660976e-7f,0.000007856044460018143f,0.000006168089487906238f,-0.9799459873629969f,-0.000009725940474430681f,-0.0000010326127238229109f,0.0000020832169475189394f,1.137567466765559f,0.0000022735092646462388f,-0.000006100514437718945f,0.00000759044657571282f,-0.7574491843551496f,0f,0f,0f,1f],start_interpolation:0}
execute if entity @s[tag=aj.convict.bone.right_arm_2] run data modify entity @s {} merge value {transformation:[0.4997953796430462f,0.8588029958933346f,-0.11252552035914343f,-0.5272627590731784f,-0.7414963020473221f,0.3570994097175815f,-0.5680345461585071f,1.304399879229024f,-0.4476469731134229f,0.3673382988799122f,0.8152758806921757f,-0.6048758438881481f,0f,0f,0f,1f],start_interpolation:0}
execute if entity @s[tag=aj.convict.bone.right_arm] run data modify entity @s {} merge value {transformation:[0.3473476490266044f,0.8588029958933346f,0.37657273528539414f,-0.204617943724513f,0.12118419617677029f,0.3570994097175815f,-0.9261719074644538f,1.5f,-0.9298731103288667f,0.3673382988799122f,0.019964289702654126f,-0.3794998660672892f,0f,0f,0f,1f],start_interpolation:0}
execute if entity @s[tag=aj.convict.bone.body] run data modify entity @s {} merge value {transformation:[-0.41342229321682883f,0f,0.9105394046779844f,-0.04958458376820219f,0f,1f,0f,0.875f,-0.9105394046779844f,0f,-0.41342229321682883f,-0.03804758931304505f,0f,0f,0f,1f],start_interpolation:0}