execute if entity @s[tag=aj.convict.bone.left_leg_2] run data modify entity @s {} merge value {transformation:[-0.8320577317742305f,0.18867923606305737f,-0.5216129569646286f,0.11318508199991617f,-0.3084768907009432f,0.6241411143850291f,0.7178369433497362f,0.5550310873440037f,0.46100101832664186f,0.758187321981102f,-0.4611182558616866f,-0.27958451945882773f,0f,0f,0f,1f],start_interpolation:0}
execute if entity @s[tag=aj.convict.bone.left_leg] run data modify entity @s {} merge value {transformation:[-0.8320577317742305f,-0.12113198378763095f,-0.5413011855689913f,0.07533133706628149f,-0.3084768907009432f,0.9120887853711498f,0.2700667611974103f,0.840058832772488f,0.46100101832664186f,0.39169004340658675f,-0.7962769436558773f,-0.15718138089426936f,0f,0f,0f,1f],start_interpolation:0}
execute if entity @s[tag=aj.convict.bone.right_leg_2] run data modify entity @s {} merge value {transformation:[-0.8050215793270955f,0.18026906276204258f,-0.5651931721355129f,-0.16436672546904432f,-0.24777250180879568f,0.7634732086937236f,0.5964205286157748f,0.5190528275728427f,0.5390260143676917f,0.6201707221546376f,-0.5699466915572685f,-0.20013429441998548f,0f,0f,0f,1f],start_interpolation:0}
execute if entity @s[tag=aj.convict.bone.right_leg] run data modify entity @s {} merge value {transformation:[-0.8050215793270955f,0.15544410664702496f,-0.5725184595507966f,-0.11579044214184903f,-0.24777250180879568f,0.788762049441189f,0.5625506347954338f,0.7655409680232143f,0.5390260143676917f,0.594719731529099f,-0.5964556955590561f,-0.014284378317142049f,0f,0f,0f,1f],start_interpolation:0}
execute if entity @s[tag=aj.convict.bone.head] run data modify entity @s {} merge value {transformation:[-0.5659460681529795f,-0.0839646240434251f,-0.8201554668789505f,-0.0958851948195416f,-0.35001578721422205f,0.9251676446928163f,0.14681204962248573f,1.6364146896612002f,0.7464542830227391f,0.3701550636190096f,-0.5529839348789577f,0.24779233295831102f,0f,0f,0f,1f],start_interpolation:0}
execute if entity @s[tag=aj.convict.bone.left_axe] run data modify entity @s {} merge value {transformation:[-0.10960038405766043f,0.7230178357227223f,-0.6820798817156566f,0.27334819489266216f,-0.6467286354937402f,0.46922466463465606f,0.6013071479126949f,0.8951792151576585f,0.7548044964405143f,0.507024085547546f,0.4161691348813081f,-0.717096761033609f,0f,0f,0f,1f],start_interpolation:0}
execute if entity @s[tag=aj.convict.bone.left_arm_2] run data modify entity @s {} merge value {transformation:[-0.10960038405766043f,-0.14423598885786662f,-0.9834549991395676f,0.16384758223424092f,-0.6467286354937402f,0.7616895493343935f,-0.03963713495162821f,1.2998802900098723f,0.7548044964405143f,0.6316842644493861f,-0.17676301140289408f,-0.43161079647418554f,0f,0f,0f,1f],start_interpolation:0}
execute if entity @s[tag=aj.convict.bone.left_arm] run data modify entity @s {} merge value {transformation:[-0.10960038405766043f,-0.14423598885786662f,-0.9834549991395676f,0.14802534969672593f,-0.6467286354937402f,0.7616895493343935f,-0.03963713495162821f,1.5816577363688231f,0.7548044964405143f,0.6316842644493861f,-0.17676301140289408f,-0.09470644331640785f,0f,0f,0f,1f],start_interpolation:0}
execute if entity @s[tag=aj.convict.bone.right_axe] run data modify entity @s {} merge value {transformation:[-0.000005472886567300815f,-0.0000027715967572394984f,-0.000007897199759200588f,-0.08071986359648053f,-0.000004007923026513148f,0.000009151394002493521f,-4.342128794396531e-7f,0.6472475020850827f,0.000007347384952144808f,0.000002927497092463985f,-0.000006119288777187338f,0.8131620306529308f,0f,0f,0f,1f],start_interpolation:0}
execute if entity @s[tag=aj.convict.bone.right_arm_2] run data modify entity @s {} merge value {transformation:[-0.49767660708855815f,-0.6833188858057045f,-0.5342221401795993f,-0.4310327136659077f,-0.14501118535201551f,0.6727964175708292f,-0.7254769028898587f,0.997095781350362f,0.8551548110603271f,-0.2835846977626058f,-0.4339239199620909f,0.7086590554996404f,0f,0f,0f,1f],start_interpolation:0}
execute if entity @s[tag=aj.convict.bone.right_arm] run data modify entity @s {} merge value {transformation:[-0.6614095454764097f,0.08035089600307416f,-0.7457084863833805f,-0.30655970733336f,0.4869197978428187f,0.8022372441962716f,-0.34543380623945885f,1.3249590647761522f,0.5704792052488832f,-0.5915734422164964f,-0.5697318130864096f,0.44377124231922865f,0f,0f,0f,1f],start_interpolation:0}
execute if entity @s[tag=aj.convict.bone.body] run data modify entity @s {} merge value {transformation:[-0.6061134093734479f,-0.0839646240434251f,-0.7909339270046148f,-0.02678928879117636f,-0.3422648954568948f,0.9251676446928163f,0.16407184570007022f,0.8750786226394774f,0.7179702475141821f,0.3701550636190096f,-0.5894946586370658f,-0.05681451526047058f,0f,0f,0f,1f],start_interpolation:0}