# This file was generated by Animated Java via MC-Build. It is not recommended to edit this file directly.
$data merge entity $(bone_head) { transformation: [-0.8820569221467168f,0.14775920526373626f,-0.44737322601256535f,0f,-1.3877787807814457e-17f,0.9495490062472974f,0.31361869321641184f,1.7311582512697463f,0.4711428510473876f,0.27662953926614364f,-0.8375562738779647f,0f,0f,0f,0f,1f], start_interpolation: 0, interpolation_duration: 1 }
$data merge entity $(bone_bust) { transformation: [-0.5187732581605217f,-0.4274559353364732f,-0.7403753979996484f,0.061446790704618004f,0f,0.8660254037844387f,-0.49999999999999994f,1.6217832512697463f,0.8549118706729465f,-0.2593866290802608f,-0.44927082037103466f,0.03728682793028751f,0f,0f,0f,1f], start_interpolation: 0, interpolation_duration: 1 }
$data merge entity $(bone_left_wing) { transformation: [-0.15212338618991694f,0f,-0.9883615104677607f,-0.0744406551990856f,0f,1f,0f,1.5124082512697463f,0.9883615104677607f,0f,-0.15212338618991694f,-0.11827864918712439f,0f,0f,0f,1f], start_interpolation: 0, interpolation_duration: 1 }
$data merge entity $(bone_right_wing) { transformation: [-0.8064446042674827f,0f,-0.5913096483635821f,-0.13928731246915083f,0f,1f,0f,1.5124082512697463f,0.5913096483635821f,0f,-0.8064446042674827f,-0.01141466535300606f,0f,0f,0f,1f], start_interpolation: 0, interpolation_duration: 1 }
$data merge entity $(bone_body) { transformation: [-0.5187732581605217f,0f,-0.8549118706729465f,0.6868425644167341f,0f,1f,0f,0.4499082512697463f,0.8549118706729465f,0f,-0.5187732581605217f,-0.16806930625621241f,0f,0f,0f,1f], start_interpolation: 0, interpolation_duration: 1 }
$data merge entity $(bone_right_ring) { transformation: [0.45161211380580013f,0.8547353426728664f,-0.25587886323366876f,-0.6014689068226879f,0.41079546009281553f,0.05538641590055532f,0.9100436445032857f,1.5746099558443576f,0.7920186794710015f,-0.5161006092997646f,-0.3261082219899136f,0.5654203396923756f,0f,0f,0f,1f], start_interpolation: 0, interpolation_duration: 1 }
$data merge entity $(bone_sword) { transformation: [8.737831979631597e-7f,0.000008547353426728665f,-0.000005116566458236132f,-0.7937063256297365f,0.000009647484360932741f,5.538641590055533e-7f,0.0000025727961440672385f,1.5966625599691309f,0.000002482448071665438f,-0.000005161006092997647f,-0.000008197650131563662f,0.6732661698700855f,0f,0f,0f,1f], start_interpolation: 0, interpolation_duration: 1 }
$data merge entity $(bone_right_hand) { transformation: [0.08737831979631597f,0.8547353426728664f,-0.5116566458236131f,-0.5158843200760163f,0.9647484360932741f,0.05538641590055532f,0.2572796144067238f,1.6073840471794496f,0.2482448071665438f,-0.5161006092997646f,-0.8197650131563662f,0.4079266495058781f,0f,0f,0f,1f], start_interpolation: 0, interpolation_duration: 1 }
$data merge entity $(bone_right_arm) { transformation: [0.08737831979631597f,0.8329694387492104f,-0.546376192141823f,-0.17832830749267933f,0.9647484360932741f,0.06592061557618745f,0.2547840801495225f,1.6061582512697463f,0.2482448071665438f,-0.5493781817217371f,-0.797845930717807f,0.29387595554382534f,0f,0f,0f,1f], start_interpolation: 0, interpolation_duration: 1 }
$data merge entity $(bone_left_ring) { transformation: [0.5685417862931353f,-0.03362810574825581f,-0.8219667801939414f,0.21132202076890694f,-0.8193009078892965f,0.06697965369094032f,-0.5694380987633479f,1.5972949152733005f,0.07420417488514709f,0.9971874831220185f,0.01052919438459951f,-0.826392327006628f,0f,0f,0f,1f], start_interpolation: 0, interpolation_duration: 1 }
$data merge entity $(bone_left_hand) { transformation: [-0.27719667873096615f,-0.03362810574825581f,-0.9602245319738013f,0.1160465793731981f,-0.9592329899023229f,0.06697965369094032f,0.27456474113493184f,1.6335009306439097f,0.05508241446752249f,0.9971874831220185f,-0.050823725967329925f,-0.6753465070782498f,0f,0f,0f,1f], start_interpolation: 0, interpolation_duration: 1 }
$data merge entity $(bone_left_arm) { transformation: [-0.27719667873096615f,-0.07341643914308954f,-0.9580041898468246f,0.17832830749267933f,-0.9592329899023229f,0.07830731318236228f,0.2715511660538578f,1.6374082512697463f,0.05508241446752249f,0.9942223047013724f,-0.0921299975617042f,-0.29387595554382534f,0f,0f,0f,1f], start_interpolation: 0, interpolation_duration: 1 }
$data merge entity $(bone_leftfoot) { transformation: [-0.45500727126717255f,-0.22104954967452117f,-0.8626154877363917f,0.37156944549250714f,-0.40954271275548726f,0.9121189912356963f,-0.017711924120551448f,0.6737363829566405f,0.7907231813491231f,0.3452188326494763f,-0.5055500055002026f,-0.0515813976365672f,0f,0f,0f,1f], start_interpolation: 0, interpolation_duration: 1 }
$data merge entity $(bone_leftleg) { transformation: [-0.47969356156894155f,-0.5554807113545353f,-0.6792166563787755f,0.04614546009909451f,-0.37370682543454337f,0.8297130152008072f,-0.41463178970023595f,0.9499082512697463f,0.7938748614315356f,0.054931700496566704f,-0.6055949245722059f,-0.11821214885637972f,0f,0f,0f,1f], start_interpolation: 0, interpolation_duration: 1 }
$data merge entity $(bone_rightfoot) { transformation: [-0.48910559848251317f,-0.1195516158373479f,-0.8639925489746667f,0.11842596858694701f,0.4098900374067362f,0.8428651787413801f,-0.34866667133519613f,0.686014263434765f,0.7699128981695054f,-0.5246767591726743f,-0.36324706140076685f,0.3818520075760642f,0f,0f,0f,1f], start_interpolation: 0, interpolation_duration: 1 }
$data merge entity $(bone_rightleg) { transformation: [-0.48118639639577676f,-0.19205187004957386f,-0.8553220043551482f,-0.08354785444103591f,0.3737073946233105f,0.8376625996669795f,-0.39832669044769625f,0.9499082512697463f,0.7929706395116428f,-0.5113095425763332f,-0.3313006437405112f,0.0955158188118569f,0f,0f,0f,1f], start_interpolation: 0, interpolation_duration: 1 }
$data merge entity $(bone_skirt_right_back) { transformation: [-0.5897574176308291f,-0.20831502016440592f,-0.78025062686506f,-0.2848224300212281f,0.4152740224136092f,0.7504066872321851f,-0.5142346643951952f,0.9234166484380634f,0.6926280925993669f,-0.6272915240389599f,-0.35605009368211366f,0.11130065491193494f,0f,0f,0f,1f], start_interpolation: 0, interpolation_duration: 1 }
$data merge entity $(bone_skirt_right) { transformation: [-0.5897574176308291f,-0.211360438598164f,-0.7794311729363971f,-0.07082730452144458f,0.4152740224136092f,0.7483927944032194f,-0.5171612046487652f,1.0350710007957526f,0.6926280925993669f,-0.6286771749323595f,-0.35359770228499837f,0.2716869600065934f,0f,0f,0f,1f], start_interpolation: 0, interpolation_duration: 1 }
$data merge entity $(bone_skirt_left_back) { transformation: [-0.1903160167351934f,-0.4297644237855525f,-0.8826564188982721f,-0.05571698506821493f,-0.6402717422232644f,0.7358946213467283f,-0.22025258768818365f,0.9419437176603089f,0.7441988375994921f,0.5232223679481101f,-0.41521854943431574f,-0.2398852109011075f,0f,0f,0f,1f], start_interpolation: 0, interpolation_duration: 1 }
$data merge entity $(bone_skirt_left) { transformation: [-0.1903160167351934f,-0.434456916989807f,-0.8803561785174009f,0.22498412297464182f,-0.6402717422232644f,0.7347117398561238f,-0.22416680268936595f,0.9790796391201624f,0.7441988375994921f,0.5210046512242472f,-0.41799789894001294f,-0.17814230620072846f,0f,0f,0f,1f], start_interpolation: 0, interpolation_duration: 1 }
$data merge entity $(bone_skirt_back_middle) { transformation: [-0.5187732581605217f,-0.2101787986975052f,-0.8286731437639273f,-0.10874745588264255f,0f,0.9693082669581307f,-0.24584849726330538f,0.9660367964856515f,0.8549118706729465f,-0.12753962593915305f,-0.5028512078117982f,-0.06598957616590188f,0f,0f,0f,1f], start_interpolation: 0, interpolation_duration: 1 }
$data merge entity $(bone_skirt_front_middle) { transformation: [-0.5187732581605217f,-0.35088329177222743f,-0.7795865713136693f,0.14350301379184233f,0f,0.9118911528272678f,-0.41043212032607357f,1.0689723438186856f,0.8549118706729465f,-0.21292120831528846f,-0.4730647444399559f,0.08707976643492889f,0f,0f,0f,1f], start_interpolation: 0, interpolation_duration: 1 }
$data merge entity $(bone_lower) { transformation: [-0.5187732581605217f,0f,-0.8549118706729465f,0f,0f,1f,0f,1.0436582512697463f,0.8549118706729465f,0f,-0.5187732581605217f,0f,0f,0f,0f,1f], start_interpolation: 0, interpolation_duration: 1 }
data modify entity @s data merge value {"locators":{"locator_right_hand":{"posx":-0.8418632219494315,"posy":1.5590325263723264,"posz":0.7105736360579344,"roty":328.0296356755887,"rotx":14.908705108018708},"locator_left_hand":{"posx":0.22077992551060388,"posy":1.5784568876727234,"posz":-1.1068513066346957,"roty":273.02978123697073,"rotx":15.93607726321358}},"cameras":{}}