# This file was generated by Animated Java via MC-Build. It is not recommended to edit this file directly.
$data merge entity $(bone_head) { transformation: [-0.9069359231942189f,0.11497931404948844f,-0.40527396728701826f,0f,0f,0.9620322276919507f,0.272935876868657f,1.7374891188963117f,0.42126859747653866f,0.24753535146069908f,-0.8725015865643903f,0f,0f,0f,0f,1f], start_interpolation: 0, interpolation_duration: 1 }
$data merge entity $(bone_bust) { transformation: [-0.5367630580931803f,-0.42186651308988043f,-0.7306942346835938f,0.06064331125667033f,0f,0.8660254037844387f,-0.49999999999999994f,1.6281141188963117f,0.843733026179761f,-0.2683815290465901f,-0.46485044412171656f,0.03857984480044735f,0f,0f,0f,1f], start_interpolation: 0, interpolation_duration: 1 }
$data merge entity $(bone_left_wing) { transformation: [-0.173021752722201f,0f,-0.9849180032291711f,-0.07191893714164643f,0f,1f,0f,1.5187391188963117f,0.9849180032291711f,0f,-0.173021752722201f,-0.11982869639788257f,0f,0f,0f,1f], start_interpolation: 0, interpolation_duration: 1 }
$data merge entity $(bone_right_wing) { transformation: [-0.8187870536387111f,0f,-0.5740973443534105f,-0.1390143194032939f,0f,1f,0f,1.5187391188963117f,0.5740973443534105f,0f,-0.8187870536387111f,-0.014362068125412464f,0f,0f,0f,1f], start_interpolation: 0, interpolation_duration: 1 }
$data merge entity $(bone_body) { transformation: [-0.5367630580931803f,0f,-0.843733026179761f,0.6902480421364706f,0f,1f,0f,0.45623911889631175f,0.843733026179761f,0f,-0.5367630580931803f,-0.15348498404329036f,0f,0f,0f,1f], start_interpolation: 0, interpolation_duration: 1 }
$data merge entity $(bone_right_ring) { transformation: [-0.051628866356117895f,0.8217846259508043f,-0.5674543935063675f,-0.5964182359738217f,0.9710721613435983f,0.17395933027692645f,0.16357569768482136f,1.5265399579125674f,0.23313797979362988f,-0.5425939365312706f,-0.8069934958952549f,0.5586063824883234f,0f,0f,0f,1f], start_interpolation: 0, interpolation_duration: 1 }
$data merge entity $(bone_sword) { transformation: [2.8711247520023325e-7f,0.000008217846259508042f,-0.000005690744176438976f,-0.7841781841912454f,0.000009384046104743635f,0.0000017395933027692646f,0.0000029855474950176556f,1.5224764164527786f,0.0000034434350771620874f,-0.000005425939365312707f,-0.000007661718924191863f,0.6760881049016206f,0f,0f,0f,1f], start_interpolation: 0, interpolation_duration: 1 }
$data merge entity $(bone_right_hand) { transformation: [0.028711247520023325f,0.8217846259508043f,-0.5690744176438975f,-0.521365114823124f,0.9384046104743633f,0.17395933027692645f,0.2985547495017655f,1.5817106110341277f,0.3443435077162087f,-0.5425939365312706f,-0.7661718924191863f,0.4019974649910137f,0f,0f,0f,1f], start_interpolation: 0, interpolation_duration: 1 }
$data merge entity $(bone_right_arm) { transformation: [0.028711247520023325f,0.8266787796315795f,-0.561941153122537f,-0.18451230121953072f,0.9384046104743633f,0.17136903963853367f,0.30004906147799465f,1.6124891188963117f,0.3443435077162087f,-0.5359429517777143f,-0.7708389592732635f,0.29003322774929285f,0f,0f,0f,1f], start_interpolation: 0, interpolation_duration: 1 }
$data merge entity $(bone_left_ring) { transformation: [-0.45238766405873143f,-0.14332963319131808f,-0.880228389485778f,0.2574624143635679f,-0.8870766765765434f,0.17399540249656953f,0.42757522119969893f,1.552431009874412f,0.0918714933012356f,0.9742598299012943f,-0.20585774835867132f,-0.8074206601557514f,0f,0f,0f,1f], start_interpolation: 0, interpolation_duration: 1 }
$data merge entity $(bone_left_hand) { transformation: [-0.32406281515003355f,-0.14332963319131808f,-0.9351149170483151f,0.14740013570414492f,-0.9384046104743633f,0.17399540249656953f,0.2985337283298413f,1.6076053285454237f,0.1199169665956151f,0.9742598299012943f,-0.1908866285605337f,-0.6730881831612242f,0f,0f,0f,1f], start_interpolation: 0, interpolation_duration: 1 }
$data merge entity $(bone_left_arm) { transformation: [-0.32406281515003355f,-0.1351183866306166f,-0.9363366453532481f,0.18451230121953072f,-0.9384046104743633f,0.17136903963853367f,0.30004906147799465f,1.6437391188963117f,0.1199169665956151f,0.9758973685012713f,-0.18233005038884909f,-0.29003322774929285f,0f,0f,0f,1f], start_interpolation: 0, interpolation_duration: 1 }
$data merge entity $(bone_leftfoot) { transformation: [-0.4816420731870951f,-0.18966980776606585f,-0.8555970297739588f,0.35912007934721507f,-0.3708526628807595f,0.9286872128002595f,0.002891922463626184f,0.6653443040258726f,0.7940335104832078f,0.3186933083754183f,-0.5176343877935892f,-0.04242288213862151f,0f,0f,0f,1f], start_interpolation: 0, interpolation_duration: 1 }
$data merge entity $(bone_leftleg) { transformation: [-0.5045097727234296f,-0.513246961389138f,-0.694296367447915f,0.048638722313965266f,-0.3337642329218716f,0.85755673822822f,-0.3914050044920873f,0.9562391188963117f,0.7962859574604012f,0.03426364464257928f,-0.6039492334684919f,-0.11720832016825844f,0f,0f,0f,1f], start_interpolation: 0, interpolation_duration: 1 }
$data merge entity $(bone_rightfoot) { transformation: [-0.5139728546684177f,-0.13408960496790612f,-0.8472614015187689f,0.1140978181552216f,0.370712720768296f,0.8559882646511316f,-0.3603556152470936f,0.6843322950690083f,0.7735657588883864f,-0.4993035836233251f,-0.39024600966100864f,0.37413265276937113f,0f,0f,0f,1f], start_interpolation: 0, interpolation_duration: 1 }
$data merge entity $(bone_rightleg) { transformation: [-0.5059831345634553f,-0.19420960366618661f,-0.8403949651093604f,-0.0855520422093298f,0.33376474127451394f,0.8543368401565097f,-0.39838381120892336f,0.9562391188963117f,0.7953503410568811f,-0.4820696976529567f,-0.3674597142347578f,0.0937249363766818f,0f,0f,0f,1f], start_interpolation: 0, interpolation_duration: 1 }
$data merge entity $(bone_skirt_right_back) { transformation: [-0.5945437863696231f,-0.21541179576012295f,-0.77467118465622f,-0.28680845611132744f,0.3632397549207377f,0.7875743395625175f,-0.49777860551432584f,0.9279694877074012f,0.7173385299385462f,-0.5773425481549611f,-0.3900013019921113f,0.10687874311675466f,0f,0f,0f,1f], start_interpolation: 0, interpolation_duration: 1 }
$data merge entity $(bone_skirt_right) { transformation: [-0.5945437863696231f,-0.22674551197741558f,-0.7714299442511755f,-0.07425168311614656f,0.3632397549207377f,0.7801921471442348f,-0.5092711399437347f,1.033791228961335f,0.7173385299385462f,-0.5829980157192376f,-0.3814954090589258f,0.27302853195760945f,0f,0f,0f,1f], start_interpolation: 0, interpolation_duration: 1 }
$data merge entity $(bone_skirt_left_back) { transformation: [-0.2762776606307765f,-0.4478740333168218f,-0.8503408166828804f,-0.045304074376222914f,-0.5689959785533996f,0.7892751299700335f,-0.2308426858292158f,0.9471849362158831f,0.7745413033702236f,0.4200638278777514f,-0.47289761035793576f,-0.2600564645753323f,0f,0f,0f,1f], start_interpolation: 0, interpolation_duration: 1 }
$data merge entity $(bone_skirt_left) { transformation: [-0.2762776606307765f,-0.46470328917654774f,-0.8412618541600965f,0.22897845457455024f,-0.5689959785533996f,0.7845261887206852f,-0.24649997079402464f,0.9852612905364534f,0.7745413033702236f,0.4105721766509435f,-0.48116136288532313f,-0.17459500803483863f,0f,0f,0f,1f], start_interpolation: 0, interpolation_duration: 1 }
$data merge entity $(bone_skirt_back_middle) { transformation: [-0.5367630580931803f,-0.1868700374317179f,-0.8227788333305164f,-0.10791703439236665f,0f,0.9751649014568973f,-0.2214800554599891f,0.9779144887810352f,0.843733026179761f,-0.11888231187535091f,-0.523432494651139f,-0.06865427286053903f,0f,0f,0f,1f], start_interpolation: 0, interpolation_duration: 1 }
$data merge entity $(bone_skirt_front_middle) { transformation: [-0.5367630580931803f,-0.3269051066992045f,-0.7778293326176631f,0.14313331390648593f,0f,0.9218903473999405f,-0.387450883817313f,1.073423388240482f,0.843733026179761f,-0.2079693212586864f,-0.4948366820969764f,0.09105803957363146f,0f,0f,0f,1f], start_interpolation: 0, interpolation_duration: 1 }
$data merge entity $(bone_lower) { transformation: [-0.5367630580931803f,0f,-0.843733026179761f,0f,0f,1f,0f,1.0499891188963117f,0.843733026179761f,0f,-0.5367630580931803f,0f,0f,0f,0f,1f], start_interpolation: 0, interpolation_duration: 1 }
data modify entity @s data merge value {"locators":{"locator_right_hand":{"posx":-0.8275451620224854,"posy":1.4776138962721819,"posz":0.7112109271377434,"roty":323.39686945452615,"rotx":17.370818695629932},"locator_left_hand":{"posx":0.2977738736986261,"posy":1.503494802922252,"posz":-1.0814312373154904,"roty":281.53737638876896,"rotx":17.36955671979617}},"cameras":{}}