# This file was generated by Animated Java via MC-Build. It is not recommended to edit this file directly.
$data merge entity $(bone_head) { transformation: [-0.9234808657710164f,0.09425722442481271f,-0.371885286343174f,0f,0f,0.9693487102845179f,0.24568898605705117f,1.7379831316027383f,0.3836444845880285f,0.22688907755436882f,-0.8951749862075646f,0f,0f,0f,0f,1f], start_interpolation: 0, interpolation_duration: 1 }
$data merge entity $(bone_bust) { transformation: [-0.5576310704583471f,-0.415044452215506f,-0.7188780786368496f,0.059662640005978984f,0f,0.8660254037844387f,-0.49999999999999994f,1.6286081316027383f,0.8300889044310121f,-0.2788155352291735f,-0.48292267295643887f,0.04007973318919372f,0f,0f,0f,1f], start_interpolation: 0, interpolation_duration: 1 }
$data merge entity $(bone_left_wing) { transformation: [-0.19752266157298948f,0f,-0.9802983210049492f,-0.06890917115022988f,0f,1f,0f,1.5192331316027383f,0.9802983210049492f,0f,-0.19752266157298948f,-0.12158444033423166f,0f,0f,0f,1f], start_interpolation: 0, interpolation_duration: 1 }
$data merge entity $(bone_right_wing) { transformation: [-0.8328452038046628f,0f,-0.5535059769321102f,-0.1386130549575233f,0f,1f,0f,1.5192331316027383f,0.5535059769321102f,0f,-0.8328452038046628f,-0.017823327280355183f,0f,0f,0f,1f], start_interpolation: 0, interpolation_duration: 1 }
$data merge entity $(bone_body) { transformation: [-0.5576310704583471f,0f,-0.8300889044310121f,0.6938599874446796f,0f,1f,0f,0.4567331316027383f,0.8300889044310121f,0f,-0.5576310704583471f,-0.1362289169863325f,0f,0f,0f,1f], start_interpolation: 0, interpolation_duration: 1 }
$data merge entity $(bone_right_ring) { transformation: [-0.25334595947744315f,0.8097848377210702f,-0.5292110556418048f,-0.6003073610652307f,0.9663621993663235f,0.236887905023929f,-0.10014100103981344f,1.4985842893308594f,0.044271034010238186f,-0.5367798776504514f,-0.8425600503805237f,0.5441848956154336f,0f,0f,0f,1f], start_interpolation: 0, interpolation_duration: 1 }
$data merge entity $(bone_sword) { transformation: [-8.549172839803305e-8f,0.000008097848377210702f,-0.000005866646642169741f,-0.7868815913463489f,0.000009195384849731787f,0.00000236887905023929f,0.000003135810821886508f,1.4804003421714844f,0.0000039290696901046f,-0.000005367798776504515f,-0.00000746653518475993f,0.6622173754068592f,0f,0f,0f,1f], start_interpolation: 0, interpolation_duration: 1 }
$data merge entity $(bone_right_hand) { transformation: [-0.008549172839803304f,0.8097848377210702f,-0.586664664216974f,-0.5287782924416549f,0.9195384849731786f,0.236887905023929f,0.3135810821886508f,1.5649962509460342f,0.39290696901045996f,-0.5367798776504514f,-0.7466535184759929f,0.39031427237542615f,0f,0f,0f,1f], start_interpolation: 0, interpolation_duration: 1 }
$data merge entity $(bone_right_arm) { transformation: [-0.008549172839803304f,0.8275397872963666f,-0.5613419742770349f,-0.19168568047005682f,0.9195384849731786f,0.22707730350033628f,0.3207567191630559f,1.6129831316027383f,0.39290696901045996f,-0.5134333439469044f,-0.7628960053811484f,0.2853430608981604f,0f,0f,0f,1f], start_interpolation: 0, interpolation_duration: 1 }
$data merge entity $(bone_left_ring) { transformation: [-0.7095697429066805f,-0.19118486319283828f,-0.6782028664325175f,0.2819493461516761f,-0.7038742509599624f,0.23703476269178758f,0.6696085125737276f,1.5227255828122683f,0.03273864363255387f,0.9525034747241521f,-0.30276279799789974f,-0.7914446909838581f,0f,0f,0f,1f], start_interpolation: 0, interpolation_duration: 1 }
$data merge entity $(bone_left_hand) { transformation: [-0.3605077983559114f,-0.19118486319283828f,-0.9129526140005895f,0.16648740371523985f,-0.9195384849731786f,0.23703476269178758f,0.31347008777374485f,1.5891500852116487f,0.1564707703624065f,0.9525034747241521f,-0.26125471988197924f,-0.6671086530471448f,0f,0f,0f,1f], start_interpolation: 0, interpolation_duration: 1 }
$data merge entity $(bone_left_arm) { transformation: [-0.3605077983559114f,-0.16243070362542406f,-0.9185044332197441f,0.19168568047005682f,-0.9195384849731786f,0.22707730350033628f,0.3207567191630559f,1.6442331316027383f,0.1564707703624065f,0.96023547359737f,-0.23122442186635322f,-0.2853430608981604f,0f,0f,0f,1f], start_interpolation: 0, interpolation_duration: 1 }
$data merge entity $(bone_leftfoot) { transformation: [-0.5065077467053734f,-0.1552934345021268f,-0.8481355149549976f,0.3517005524591283f,-0.3501604486111216f,0.9359288179678646f,0.03774795260320529f,0.657160270940452f,0.787932460783222f,0.3161031428154573f,-0.5284328153571531f,-0.03365201943782041f,0f,0f,0f,1f], start_interpolation: 0, interpolation_duration: 1 }
$data merge entity $(bone_leftleg) { transformation: [-0.5282755921782867f,-0.4875135908567546f,-0.6951657337920458f,0.05154568902286501f,-0.3123821931352355f,0.8729048344173331f,-0.3747726183472702f,0.9567331316027383f,0.7895202746736154f,0.01917416962481336f,-0.6134248830121728f,-0.11595929272015286f,0f,0f,0f,1f], start_interpolation: 0, interpolation_duration: 1 }
$data merge entity $(bone_rightfoot) { transformation: [-0.5376367936257239f,-0.12460067276324299f,-0.8339192709650006f,0.10817893465980129f,0.34963958518035715f,0.8670362153792914f,-0.35496529646665853f,0.6819716961077507f,0.7672671233767016f,-0.4824135918148475f,-0.42258524325577107f,0.3717342197251724f,0f,0f,0f,1f], start_interpolation: 0, interpolation_duration: 1 }
$data merge entity $(bone_rightleg) { transformation: [-0.5297251767067853f,-0.192937095589808f,-0.8259337227092344f,-0.08786207859172178f,0.3123826689211277f,0.8609528379473362f,-0.4014689016451223f,0.9567331316027383f,0.7885482263759638f,-0.47067556551811474f,-0.395798189363626f,0.09156293338760017f,0f,0f,0f,1f], start_interpolation: 0, interpolation_duration: 1 }
$data merge entity $(bone_skirt_right_back) { transformation: [-0.604195070865164f,-0.2153567033283619f,-0.7671830333589105f,-0.2886142436602204f,0.3143433097269998f,0.8202875776780956f,-0.47782483562167183f,0.9279245608941069f,0.7322134934376143f,-0.5298582642920106f,-0.42791777222889776f,0.09932686758907863f,0f,0f,0f,1f], start_interpolation: 0, interpolation_duration: 1 }
$data merge entity $(bone_skirt_right) { transformation: [-0.604195070865164f,-0.23441054404965345f,-0.7615773192398687f,-0.07865105958544039f,0.3143433097269998f,0.8081237938096504f,-0.4981206856862833f,1.0273364950592396f,0.7322134934376143f,-0.5403587981305042f,-0.41457902661717216f,0.27258131537824026f,0f,0f,0f,1f], start_interpolation: 0, interpolation_duration: 1 }
$data merge entity $(bone_skirt_left_back) { transformation: [-0.35367791283365013f,-0.4530144862180513f,-0.8183457760935947f,-0.033931236589087865f,-0.4983601954220948f,0.831635999042238f,-0.24498710316233022f,0.9447415472937023f,0.7915485137327242f,0.32118443357923476f,-0.5198956722592539f,-0.2744564734734788f,0f,0f,0f,1f], start_interpolation: 0, interpolation_duration: 1 }
$data merge entity $(bone_skirt_left) { transformation: [-0.35367791283365013f,-0.4803440867101108f,-0.8026091778295726f,0.23287653487091292f,-0.4983601954220948f,0.8229046138730935f,-0.2728829640802559f,0.9856320986811464f,0.7915485137327242f,0.303475789526948f,-0.5304275592185149f,-0.16897685034285337f,0f,0f,0f,1f], start_interpolation: 0, interpolation_duration: 1 }
$data merge entity $(bone_skirt_back_middle) { transformation: [-0.5576310704583471f,-0.16577355082050999f,-0.8133675178588321f,-0.10659214580862983f,0f,0.9798559088274507f,-0.1997057784239872f,0.983351541227705f,0.8300889044310121f,-0.11136214699928546f,-0.546398099334388f,-0.07160569434482594f,0f,0f,0f,1f], start_interpolation: 0, interpolation_duration: 1 }
$data merge entity $(bone_skirt_front_middle) { transformation: [-0.5576310704583471f,-0.30449486534206216f,-0.7722243626303157f,0.14210294542303692f,0f,0.9302911513552156f,-0.36682199185734143f,1.072209637216392f,0.8300889044310121f,-0.2045513399870724f,-0.5187592505681371f,0.09546088033287017f,0f,0f,0f,1f], start_interpolation: 0, interpolation_duration: 1 }
$data merge entity $(bone_lower) { transformation: [-0.5576310704583471f,0f,-0.8300889044310121f,0f,0f,1f,0f,1.0504831316027383f,0.8300889044310121f,0f,-0.5576310704583471f,0f,0f,0f,0f,1f], start_interpolation: 0, interpolation_duration: 1 }
data modify entity @s data merge value {"locators":{"locator_right_hand":{"posx":-0.8280593466742818,"posy":1.4319595660428792,"posz":0.695154236204623,"roty":321.84237827094404,"rotx":18.275176257518673},"locator_left_hand":{"posx":0.3357200889246619,"posy":1.456059555805203,"posz":-1.0593362932500259,"roty":285.9692469331341,"rotx":18.268479072255992}},"cameras":{}}