# This file was generated by Animated Java via MC-Build. It is not recommended to edit this file directly.
$data merge entity $(bone_head) { transformation: [-0.9443445035650778f,0.05926501124598192f,-0.32357551982256066f,0f,6.938893903907228e-18f,0.9836373672188924f,0.18015973415468237f,1.722960855900573f,0.3289581410854986f,0.1701328547127199f,-0.9288925412343851f,0f,0f,0f,0f,1f], start_interpolation: 0, interpolation_duration: 1 }
$data merge entity $(bone_bust) { transformation: [-0.586018853585894f,-0.4051487082670616f,-0.7017381473394517f,0.05824012681339019f,0f,0.8660254037844387f,-0.49999999999999994f,1.613585855900573f,0.8102974165341233f,-0.29300942679294695f,-0.5075072143020177f,0.04212010510148617f,0f,0f,0f,1f], start_interpolation: 0, interpolation_duration: 1 }
$data merge entity $(bone_left_wing) { transformation: [-0.23132342789789279f,0f,-0.9728769047035541f,-0.06466099871764708f,0f,1f,0f,1.504210855900573f,0.9728769047035541f,0f,-0.23132342789789279f,-0.12389594523161945f,0f,0f,0f,1f], start_interpolation: 0, interpolation_duration: 1 }
$data merge entity $(bone_right_wing) { transformation: [-0.851498221089579f,0f,-0.5243574920617444f,-0.1379133554158838f,0f,1f,0f,1.504210855900573f,0.5243574920617444f,0f,-0.851498221089579f,-0.022608768164854076f,0f,0f,0f,1f], start_interpolation: 0, interpolation_duration: 1 }
$data merge entity $(bone_body) { transformation: [-0.586018853585894f,0f,-0.8102974165341233f,0.6981581350600087f,0f,1f,0f,0.4417108559005729f,0.8102974165341233f,0f,-0.586018853585894f,-0.11213928147411467f,0f,0f,0f,1f], start_interpolation: 0, interpolation_duration: 1 }
$data merge entity $(bone_right_ring) { transformation: [-0.730749225180926f,0.682532225035674f,-0.012463213282627505f,-0.5633592525089054f,0.48353912764681906f,0.504638426074385f,-0.715213234611693f,1.3667324045334588f,-0.48186666405970585f,-0.5286679683099964f,-0.6987951755349711f,0.5086918924058019f,0f,0f,0f,1f], start_interpolation: 0, interpolation_duration: 1 }
$data merge entity $(bone_sword) { transformation: [-0.000001427441302500461f,0.00000682532225035674f,-0.000007167802139198668f,-0.728323621648271f,0.000008014688287267414f,0.0000050463842607438505f,0.0000032091708509917774f,1.2864029791820724f,0.000005807510911384871f,-0.000005286679683099964f,-0.000006190624761883386f,0.6328136308812486f,0f,0f,0f,1f], start_interpolation: 0, interpolation_duration: 1 }
$data merge entity $(bone_right_hand) { transformation: [-0.1427441302500461f,0.682532225035674f,-0.7167802139198667f,-0.5239117374020689f,0.8014688287267413f,0.504638426074385f,0.3209170850991777f,1.4756681353356293f,0.580751091138487f,-0.5286679683099964f,-0.6190624761883385f,0.36805041521470827f,0f,0f,0f,1f], start_interpolation: 0, interpolation_duration: 1 }
$data merge entity $(bone_right_arm) { transformation: [-0.1427441302500461f,0.7677194764653451f,-0.6246846554341913f,-0.20144398092015106f,0.8014688287267413f,0.4599899221558046f,0.3821740285452196f,1.597960855900573f,0.580751091138487f,-0.4461121798055655f,-0.6809640909553039f,0.2785397369336049f,0f,0f,0f,1f], start_interpolation: 0, interpolation_duration: 1 }
$data merge entity $(bone_left_ring) { transformation: [-0.9007910072462536f,-0.29001919725163966f,0.32320957054176835f,0.3126145016354496f,0.14267913480978517f,0.5053044188759409f,0.8510641037867704f,1.38360206500482f,-0.410144152407676f,0.8127461531683567f,-0.4137939883031492f,-0.7211590647497831f,0f,0f,0f,1f], start_interpolation: 0, interpolation_duration: 1 }
$data merge entity $(bone_left_hand) { transformation: [-0.5068365086126914f,-0.29001919725163966f,-0.8117916104289399f,0.1911935385871678f,-0.8014688287267413f,0.5053044188759409f,0.31986741135012975f,1.4925434502682604f,0.31743419808943496f,0.8127461531683567f,-0.4885480737791882f,-0.6399688602340262f,0f,0f,0f,1f], start_interpolation: 0, interpolation_duration: 1 }
$data merge entity $(bone_left_arm) { transformation: [-0.5068365086126914f,-0.18325039378776176f,-0.8423396267028683f,0.20144398092015106f,-0.8014688287267413f,0.4599899221558046f,0.3821740285452196f,1.629210855900573f,0.31743419808943496f,0.8688087043139744f,-0.3800091646152632f,-0.2785397369336049f,0f,0f,0f,1f], start_interpolation: 0, interpolation_duration: 1 }
$data merge entity $(bone_leftfoot) { transformation: [-0.553849534263369f,0.05142240282901006f,-0.831027334017083f,0.3127889554729188f,-0.2589349728987283f,0.9379614542905994f,0.23061003897271853f,0.6073933504912878f,0.7913301290903717f,0.34290530289331334f,-0.5061744561329234f,-0.02105005659169916f,0f,0f,0f,1f], start_interpolation: 0, interpolation_duration: 1 }
$data merge entity $(bone_leftleg) { transformation: [-0.5704329835047243f,-0.3677383935796933f,-0.7344213267718508f,0.0555271007115528f,-0.2185816554831754f,0.929892902394988f,-0.2958399059654726f,0.9417108559005729f,0.7917248709091647f,-0.008225810771700315f,-0.6108224495064132f,-0.11410633948895685f,0f,0f,0f,1f], start_interpolation: 0, interpolation_duration: 1 }
$data merge entity $(bone_rightfoot) { transformation: [-0.5811772681058329f,-0.09962295835358258f,-0.8076560215871118f,0.11124213431240206f,0.2569505833141727f,0.9192403120236264f,-0.2982845059422503f,0.656272097233169f,0.7721459582045012f,-0.3808838601458275f,-0.508643396014208f,0.3531447306109588f,0f,0f,0f,1f], start_interpolation: 0, interpolation_duration: 1 }
$data merge entity $(bone_rightleg) { transformation: [-0.571848089544842f,-0.22635465162268295f,-0.7885133696854406f,-0.0909776126849207f,0.21858198840249748f,0.8843919839527106f,-0.4123987549280416f,0.9417108559005729f,0.7907032798907089f,-0.40818426036406924f,-0.45626081659628953f,0.08846801464457399f,0f,0f,0f,1f], start_interpolation: 0, interpolation_duration: 1 }
$data merge entity $(bone_skirt_right_back) { transformation: [-0.6031142675908111f,-0.2285710339764146f,-0.7642044639069784f,-0.28952763884257293f,0.13562948657360102f,0.9147264824622652f,-0.38063119243434657f,0.9154274796345006f,0.7860393263699856f,-0.33321276192421545f,-0.5206836205323297f,0.0844061860397313f,0f,0f,0f,1f], start_interpolation: 0, interpolation_duration: 1 }
$data merge entity $(bone_skirt_right) { transformation: [-0.6031142675908111f,-0.2783867770165172f,-0.7474984833501372f,-0.08074183769902737f,0.13562948657360102f,0.8876830193769815f,-0.44002670314601006f,0.9879432226386795f,0.7860393263699856f,-0.36676921829962966f,-0.4976168384487181f,0.27184772694622217f,0f,0f,0f,1f], start_interpolation: 0, interpolation_duration: 1 }
$data merge entity $(bone_skirt_left_back) { transformation: [-0.5339201311797601f,-0.3705057059856559f,-0.7600360618767102f,-0.01183808121271529f,-0.22074140896936711f,0.928788282400218f,-0.29770044817277547f,0.9131387932818098f,0.8162123031951959f,0.008823168825512491f,-0.5776847131478122f,-0.29884631502972436f,0f,0f,0f,1f], start_interpolation: 0, interpolation_duration: 1 }
$data merge entity $(bone_skirt_left) { transformation: [-0.5339201311797601f,-0.4359088323391823f,-0.7245086496444872f,0.23585928262036315f,-0.22074140896936711f,0.8990096580720468f,-0.3782259444556916f,0.9702249055607629f,0.8162123031951959f,-0.042013385746353785f,-0.5762224844024412f,-0.15966453915724055f,0f,0f,0f,1f], start_interpolation: 0, interpolation_duration: 1 }
$data merge entity $(bone_skirt_back_middle) { transformation: [-0.586018853585894f,-0.09442734028458431f,-0.8047766029455963f,-0.10479344800687582f,0f,0.9931866824750087f,-0.11653417419060447f,0.9870978062878294f,0.8102974165341233f,-0.0682912231627569f,-0.5820261210607819f,-0.07578814273773044f,0f,0f,0f,1f], start_interpolation: 0, interpolation_duration: 1 }
$data merge entity $(bone_skirt_front_middle) { transformation: [-0.586018853585894f,-0.23274076733906618f,-0.7761531024612973f,0.14317039575078044f,0f,0.9578619981057436f,-0.2872288157286319f,1.0504267592482581f,0.8102974165341233f,-0.16832150131012688f,-0.5613251900234216f,0.10354290841031932f,0f,0f,0f,1f], start_interpolation: 0, interpolation_duration: 1 }
$data merge entity $(bone_lower) { transformation: [-0.586018853585894f,0f,-0.8102974165341233f,0f,0f,1f,0f,1.035460855900573f,0.8102974165341233f,0f,-0.586018853585894f,0f,0f,0f,0f,1f], start_interpolation: 0, interpolation_duration: 1 }
data modify entity @s data merge value {"locators":{"locator_right_hand":{"posx":-0.7553214408001887,"posy":1.224802847200038,"posz":0.6573797584929885,"roty":310.8162293422649,"rotx":18.718395365503593},"locator_left_hand":{"posx":0.3941824008624733,"posy":1.2414851971959615,"posz":-0.9497439203283834,"roty":301.0401446497904,"rotx":18.65490667734544}},"cameras":{}}