# This file was generated by Animated Java via MC-Build. It is not recommended to edit this file directly.
$data merge entity $(bone_head) { transformation: [-0.9697047014256075f,0.03863487650563104f,-0.24120559353063958f,0f,0f,0.9874138067509114f,0.15815806725448353f,1.6244606405136404f,0.24428015071444814f,0.15336662138506008f,-0.957499810658915f,0f,0f,0f,0f,1f], start_interpolation: 0, interpolation_duration: 1 }
$data merge entity $(bone_bust) { transformation: [-0.6911436012519613f,-0.3613587284294063f,-0.6258916773982159f,0.05194531721172713f,0f,0.8660254037844387f,-0.49999999999999994f,1.5150856405136404f,0.7227174568588127f,-0.3455718006259806f,-0.5985479163472609f,0.04967594633998473f,0f,0f,0f,1f], start_interpolation: 0, interpolation_duration: 1 }
$data merge entity $(bone_left_wing) { transformation: [-0.36196143020193f,0f,-0.9321930717647354f,-0.04714320702910402f,0f,1f,0f,1.4057106405136404f,0.9321930717647354f,0f,-0.36196143020193f,-0.13156279121017095f,0f,0f,0f,1f], start_interpolation: 0, interpolation_duration: 1 }
$data merge entity $(bone_right_wing) { transformation: [-0.9151054242437282f,0f,-0.4032146605961965f,-0.1335361571855992f,0f,1f,0f,1.4057106405136404f,0.4032146605961965f,0f,-0.9151054242437282f,-0.0412231091028194f,0f,0f,0f,1f], start_interpolation: 0, interpolation_duration: 1 }
$data merge entity $(bone_body) { transformation: [-0.6911436012519613f,0f,-0.7227174568588127f,0.706930529055387f,0f,1f,0f,0.34321064051364036f,0.7227174568588127f,0f,-0.6911436012519613f,-0.01578692780342572f,0f,0f,0f,1f], start_interpolation: 0, interpolation_duration: 1 }
$data merge entity $(bone_right_ring) { transformation: [0.8874868870910748f,0.09502650118891026f,0.45092902913117877f,-0.38619799316331643f,-0.19890713594623588f,0.9616562639587896f,0.1888205001012566f,1.0710443491717543f,-0.41569577398749086f,-0.2572687195533438f,0.8723587733428968f,0.3060847878284074f,0f,0f,0f,1f], start_interpolation: 0, interpolation_duration: 1 }
$data merge entity $(bone_sword) { transformation: [-0.0000045459206555983365f,9.502650118891027e-7f,-0.00000885616179844202f,-0.435028795157201f,0.000002718379566157232f,0.000009616562639587897f,-3.635045160395162e-7f,0.8686090017686987f,0.000008482040905778704f,-0.0000025726871955334382f,-0.0000046299311729911365f,0.3816344306034612f,0f,0f,0f,1f], start_interpolation: 0, interpolation_duration: 1 }
$data merge entity $(bone_right_hand) { transformation: [-0.4545920655598336f,0.09502650118891026f,-0.8856161798442019f,-0.45437661921294314f,0.2718379566157232f,0.9616562639587896f,-0.03635045160395162f,1.2178952855774448f,0.8482040905778704f,-0.2572687195533438f,-0.4629931172991136f,0.22248094565140558f,0f,0f,0f,1f], start_interpolation: 0, interpolation_duration: 1 }
$data merge entity $(bone_right_arm) { transformation: [-0.4545920655598336f,0.41586377600409663f,-0.787656888332514f,-0.2375806129303617f,0.2718379566157232f,0.9068984644076087f,0.3219305835084787f,1.4994606405136404f,0.8482040905778704f,-0.06776795011460762f,-0.5253164052875484f,0.24843412579521687f,0f,0f,0f,1f], start_interpolation: 0, interpolation_duration: 1 }
$data merge entity $(bone_left_ring) { transformation: [0.9635992269893363f,-0.25534492474998377f,-0.07921804813284711f,0.29035486260344845f,0.24442488546694013f,0.9614569271636537f,-0.12592478935260365f,1.074447817791625f,0.10831899699510772f,0.1019781673371783f,0.9888718057850188f,-0.41181060711029704f,0f,0f,0f,1f], start_interpolation: 0, interpolation_duration: 1 }
$data merge entity $(bone_left_hand) { transformation: [-0.8270650440223342f,-0.25534492474998377f,-0.5007618020184441f,0.20351079917203432f,-0.2718379566157232f,0.9614569271636537f,-0.041288043693212595f,1.2208047085647071f,0.4920035958195047f,0.1019781673371783f,-0.8645998583664167f,-0.4769327551857145f,0f,0f,0f,1f], start_interpolation: 0, interpolation_duration: 1 }
$data merge entity $(bone_left_arm) { transformation: [-0.8270650440223342f,-0.04913579818313202f,-0.5599545394880202f,0.2375806129303617f,-0.2718379566157232f,0.9068984644076087f,0.3219305835084787f,1.5307106405136404f,0.4920035958195047f,0.41847443003369744f,-0.7634209933638513f,-0.24843412579521687f,0f,0f,0f,1f], start_interpolation: 0, interpolation_duration: 1 }
$data merge entity $(bone_leftfoot) { transformation: [-0.688200319203952f,0.5032966407598862f,-0.5225636918571674f,0.1825806691222697f,-0.008711561733076592f,0.7144758786173551f,0.6996058372870608f,0.4454433522629748f,0.7254684206357639f,0.48602130639898133f,-0.4873180279719579f,0.020434950678610633f,0f,0f,0f,1f], start_interpolation: 0, interpolation_duration: 1 }
$data merge entity $(bone_leftleg) { transformation: [-0.6894612209618286f,-0.01386281385739348f,-0.7241899247999656f,0.07058350578770864f,0.03485479036999018f,0.9980236013222697f,-0.0522879985464276f,0.8432106405136404f,0.7234834955809902f,-0.06129203533643204f,-0.6876153852454356f,-0.10545844838473824f,0f,0f,0f,1f], start_interpolation: 0, interpolation_duration: 1 }
$data merge entity $(bone_rightfoot) { transformation: [-0.7043413910405101f,-0.008079771955942172f,-0.7098154141410703f,0.11394827057804144f,0.004686900484544627f,0.9998604928371597f,-0.016032087427409858f,0.5427913436281915f,0.7098459254168944f,-0.014618896968379924f,-0.7042052612842796f,0.3106970526978939f,0f,0f,0f,1f], start_interpolation: 0, interpolation_duration: 1 }
$data merge entity $(bone_rightleg) { transformation: [-0.6907236522718307f,-0.3272662798826108f,-0.6448237109815826f,-0.10220239452528168f,-0.03485484345693911f,0.9057571011442234f,-0.42236147269182295f,0.8432106405136404f,0.7222783231413326f,-0.2692598294930194f,-0.6370346679275272f,0.07522091582996494f,0f,0f,0f,1f], start_interpolation: 0, interpolation_duration: 1 }
$data merge entity $(bone_skirt_right_back) { transformation: [-0.6905520000226748f,-0.10503927145349737f,-0.7156149011285344f,-0.3015576443906362f,-0.03526944220565833f,0.9931117789866294f,-0.11173656914597813f,0.8540410242708557f,0.7224223153469066f,-0.05192057290256635f,-0.689500001739147f,0.035131112420951405f,0f,0f,0f,1f], start_interpolation: 0, interpolation_duration: 1 }
$data merge entity $(bone_skirt_right) { transformation: [-0.6905520000226748f,-0.2249838555111161f,-0.6874010474417659f,-0.11574435882890338f,-0.03526944220565833f,0.9597343082620261f,-0.27868642591865156f,0.871336017225173f,0.7224223153469066f,-0.16820321728243948f,-0.6706815011498759f,0.2568486830540973f,0f,0f,0f,1f], start_interpolation: 0, interpolation_duration: 1 }
$data merge entity $(bone_skirt_left_back) { transformation: [-0.6902566592692575f,0.0011840433351630597f,-0.7235636408608607f,0.021391638047796063f,0.05769354994356852f,0.9969048116312688f,-0.053406468160080794f,0.8588814344319051f,0.7212608395229516f,-0.07860912534690367f,-0.6881884965493407f,-0.30291759873412916f,0f,0f,0f,1f], start_interpolation: 0, interpolation_duration: 1 }
$data merge entity $(bone_skirt_left) { transformation: [-0.6902566592692575f,-0.15302760670433524f,-0.7071974942834479f,0.251425679336201f,0.05769354994356852f,0.9626279859394056f,-0.2646106856896612f,0.871336017225173f,0.7212608395229516f,-0.22345002186750165f,-0.6556316718234866f,-0.12709496590214697f,0f,0f,0f,1f], start_interpolation: 0, interpolation_duration: 1 }
$data merge entity $(bone_skirt_back_middle) { transformation: [-0.6911436012519613f,0.05842388173993296f,-0.720352117017024f,-0.09053693602465734f,0f,0.9967271582838619f,0.08083917329721624f,0.9324481184037735f,0.7227174568588127f,0.055871477354869414f,-0.6888815976419419f,-0.08658158650597576f,0f,0f,0f,1f], start_interpolation: 0, interpolation_duration: 1 }
$data merge entity $(bone_skirt_front_middle) { transformation: [-0.6911436012519613f,-0.06755154069996724f,-0.7195535503334902f,0.13530773164370802f,0f,0.9956222082429362f,-0.09346881005693466f,0.9344290371413316f,0.7227174568588127f,-0.06460036998748536f,-0.6881179184914531f,0.12939644952250745f,0f,0f,0f,1f], start_interpolation: 0, interpolation_duration: 1 }
$data merge entity $(bone_lower) { transformation: [-0.6911436012519613f,0f,-0.7227174568588127f,0f,0f,1f,0f,0.9369606405136404f,0.7227174568588127f,0f,-0.6911436012519613f,0f,0f,0f,0f,1f], start_interpolation: 0, interpolation_duration: 1 }
data modify entity @s data merge value {"locators":{"locator_right_hand":{"posx":-0.41292419662269747,"posy":0.8005785249333448,"posz":0.3784416152027854,"roty":297.60021173038507,"rotx":-2.083186403751437},"locator_left_hand":{"posx":0.3621706226893814,"posy":0.8040380570268473,"posz":-0.4404919666738784,"roty":329.9212936813615,"rotx":-2.3663032801881636}},"cameras":{}}