# This file was generated by Animated Java via MC-Build. It is not recommended to edit this file directly.
$data merge entity $(bone_head) { transformation: [-0.9730666659049088f,0.03684485408302678f,-0.2275603665674341f,0f,0f,0.9871443992269221f,0.1598309578114297f,1.6065833817430906f,0.23052388966158055f,0.15552617722595605f,-0.9605573093224453f,0f,0f,0f,0f,1f], start_interpolation: 0, interpolation_duration: 1 }
$data merge entity $(bone_bust) { transformation: [-0.7155784461897724f,-0.3492661905154258f,-0.6049467873387487f,0.050207014886592405f,0f,0.8660254037844387f,-0.49999999999999994f,1.4972083817430906f,0.6985323810308517f,-0.35778922309488614f,-0.6197091128009389f,0.05143220081988992f,0f,0f,0f,1f], start_interpolation: 0, interpolation_duration: 1 }
$data merge entity $(bone_left_wing) { transformation: [-0.3937915111499149f,0f,-0.919199785545159f,-0.04259289474199579f,0f,1f,0f,1.3878333817430906f,0.919199785545159f,0f,-0.3937915111499149f,-0.13310557958814978f,0f,0f,0f,1f], start_interpolation: 0, interpolation_duration: 1 }
$data merge entity $(bone_right_wing) { transformation: [-0.928425049532005f,0f,-0.37151975371639945f,-0.1320402005157173f,0f,1f,0f,1.3878333817430906f,0.37151975371639945f,0f,-0.928425049532005f,-0.04578903195929335f,0f,0f,0f,1f], start_interpolation: 0, interpolation_duration: 1 }
$data merge entity $(bone_body) { transformation: [-0.7155784461897724f,0f,-0.6985323810308517f,0.707055413610312f,0f,1f,0f,0.32533338174309057f,0.6985323810308517f,0f,-0.7155784461897724f,0.008523032579460355f,0f,0f,0f,1f], start_interpolation: 0, interpolation_duration: 1 }
$data merge entity $(bone_right_ring) { transformation: [0.9993371200861115f,0.026915222818315043f,-0.024513082193751423f,-0.3686372007395028f,-0.02065259465217445f,0.9736505638003307f,0.2271080138291718f,1.0462058095709044f,0.029979839094467053f,-0.22645120973829827f,0.9735610195852806f,0.27695731160921333f,0f,0f,0f,1f], start_interpolation: 0, interpolation_duration: 1 }
$data merge entity $(bone_sword) { transformation: [-0.000004920195893357362f,2.6915222818315047e-7f,-0.000008701679691246594f,-0.4034968924153237f,0.000002100966655667417f,0.000009736505638003308f,-8.86790320709186e-7f,0.8383996596624346f,0.00000844852717831712f,-0.000002264512097382983f,-0.000004847099491246605f,0.3453215682166343f,0f,0f,0f,1f], start_interpolation: 0, interpolation_duration: 1 }
$data merge entity $(bone_right_hand) { transformation: [-0.49201958933573614f,0.026915222818315043f,-0.8701679691246593f,-0.44600994427957785f,0.21009666556674167f,0.9736505638003307f,-0.0886790320709186f,1.1900250509080574f,0.8448527178317119f,-0.22645120973829827f,-0.4847099491246604f,0.19613275235716734f,0f,0f,0f,1f], start_interpolation: 0, interpolation_duration: 1 }
$data merge entity $(bone_right_arm) { transformation: [-0.49201958933573614f,0.3665432329521953f,-0.7896599154616158f,-0.24598009087773426f,0.21009666556674167f,0.9302295247966561f,0.30088606201405216f,1.4815833817430906f,0.8448527178317119f,-0.017863078501199836f,-0.5347006598077373f,0.24012050597935528f,0f,0f,0f,1f], start_interpolation: 0, interpolation_duration: 1 }
$data merge entity $(bone_left_ring) { transformation: [0.8112376959457179f,-0.22917291662987904f,-0.5379341734450765f,0.2868324220724418f,0.1811007683078771f,0.9732306096938226f,-0.14150862897112343f,1.0488732471391242f,0.5559639488267023f,0.017376842013005434f,0.8310247487088911f,-0.3726470677526025f,0f,0f,0f,1f], start_interpolation: 0, interpolation_duration: 1 }
$data merge entity $(bone_left_hand) { transformation: [-0.8564673750325225f,-0.22917291662987904f,-0.46254017099950884f,0.20766101281781926f,-0.21009666556674167f,0.9732306096938226f,-0.09317495088663663f,1.1922053782581619f,0.4715114278812732f,0.017376842013005434f,-0.8816887312079122f,-0.45259025473881215f,0f,0f,0f,1f], start_interpolation: 0, interpolation_duration: 1 }
$data merge entity $(bone_left_arm) { transformation: [-0.8564673750325225f,-0.02669342196103891f,-0.515510520483249f,0.24598009087773426f,-0.21009666556674167f,0.9302295247966561f,0.30088606201405216f,1.5128333817430906f,0.4715114278812732f,0.3660061371351542f,-0.8023194382269232f,-0.24012050597935528f,0f,0f,0f,1f], start_interpolation: 0, interpolation_duration: 1 }
$data merge entity $(bone_leftfoot) { transformation: [-0.7134218514754138f,0.5067763319593881f,-0.4839493890926825f,0.1676716698924563f,0.01592016472465796f,0.7021750730347638f,0.7118263237361792f,0.4240076156239189f,0.7005539309664406f,0.5001278998160492f,-0.5090150033476964f,0.026667427147924555f,0f,0f,0f,1f], start_interpolation: 0, interpolation_duration: 1 }
$data merge entity $(bone_leftleg) { transformation: [-0.7130903021318152f,0.02316064861004864f,-0.7006895213727106f,0.07416690993867167f,0.05950228573607027f,0.9978473025186952f,-0.027572429133945902f,0.8253333817430906f,0.6985425534623783f,-0.06135425993462289f,-0.7129333459659011f,-0.10296982613925773f,0f,0f,0f,1f], start_interpolation: 0, interpolation_duration: 1 }
$data merge entity $(bone_rightfoot) { transformation: [-0.7281909263273423f,0.01407163762023389f,-0.6852298620384345f,0.10850936530579594f,-0.019983198121507173f,0.9989282429236572f,0.041749697990420054f,0.5244925478300644f,0.6850829487057489f,0.044094835345417804f,-0.7271292862266632f,0.3092482453778713f,0f,0f,0f,1f], start_interpolation: 0, interpolation_duration: 1 }
$data merge entity $(bone_rightleg) { transformation: [-0.714310558467847f,-0.33380187371606834f,-0.615090834889445f,-0.10472770160877143f,-0.059502376363349055f,0.9047019581836601f,-0.42186945144886395f,0.8253333817430906f,0.6972946961425041f,-0.2647464371097239f,-0.6661001657177695f,0.07166326911845519f,0f,0f,0f,1f], start_interpolation: 0, interpolation_duration: 1 }
$data merge entity $(bone_skirt_right_back) { transformation: [-0.7154923944099062f,-0.08239691845058848f,-0.6937444640293905f,-0.3029854952695237f,-0.03454718879520842f,0.9959785367325352f,-0.08266345089860475f,0.8405709461671563f,0.6977658097728259f,-0.03517814943917441f,-0.7154616499254923f,0.024279837176805513f,0f,0f,0f,1f], start_interpolation: 0, interpolation_duration: 1 }
$data merge entity $(bone_skirt_right) { transformation: [-0.7154923944099062f,-0.208198742302881f,-0.666876238326931f,-0.12477326917145387f,-0.03454718879520842f,0.9639378296038238f,-0.263875638142322f,0.8534602553945951f,0.6977658097728259f,-0.16576231285237308f,-0.6968828670227907f,0.2524434696356395f,0f,0f,0f,1f], start_interpolation: 0, interpolation_duration: 1 }
$data merge entity $(bone_skirt_left_back) { transformation: [-0.713876512766744f,0.049647340540474996f,-0.6985094602775619f,0.031744884349560465f,0.05651288669337537f,0.9983146043138811f,0.0132001686050007f,0.8574357811989228f,0.6979875487124211f,-0.030051495651245708f,-0.7154790629022967f,-0.3029258331972401f,0f,0f,0f,1f], start_interpolation: 0, interpolation_duration: 1 }
$data merge entity $(bone_skirt_left) { transformation: [-0.713876512766744f,-0.10689882870647033f,-0.692064278041554f,0.2553777803668627f,0.05651288669337537f,0.9762618559808932f,-0.20909108587963077f,0.8534602553945951f,0.6979875487124211f,-0.1883757653678576f,-0.6908892479004861f,-0.11865185778700044f,0f,0f,0f,1f], start_interpolation: 0, interpolation_duration: 1 }
$data merge entity $(bone_skirt_back_middle) { transformation: [-0.7155784461897724f,0.07071238758528424f,-0.6949440593246478f,-0.0868692496001226f,0f,0.994863056024821f,0.10122993508322575f,0.9190464121478994f,0.6985323810308517f,0.07243795965474621f,-0.7119025598018497f,-0.08898909247241002f,0f,0f,0f,1f], start_interpolation: 0, interpolation_duration: 1 }
$data merge entity $(bone_skirt_front_middle) { transformation: [-0.7155784461897724f,-0.0510376619541921f,-0.6966653747753512f,0.1314003060345728f,0f,0.9973272445112061f,-0.07306413179998014f,0.9146286946360142f,0.6985323810308517f,-0.05228311790563453f,-0.713665879970056f,0.13460682621802084f,0f,0f,0f,1f], start_interpolation: 0, interpolation_duration: 1 }
$data merge entity $(bone_lower) { transformation: [-0.7155784461897724f,0f,-0.6985323810308517f,0f,0f,1f,0f,0.9190833817430906f,0.6985323810308517f,0f,-0.7155784461897724f,0f,0f,0f,0f,1f], start_interpolation: 0, interpolation_duration: 1 }
data modify entity @s data merge value {"locators":{"locator_right_hand":{"posx":-0.3762071071571539,"posy":0.7723665885020614,"posz":0.3406467143481098,"roty":299.11913307204514,"rotx":-5.0876173324177385},"locator_left_hand":{"posx":0.35128730487459525,"posy":0.7751521381627366,"posz":-0.37753430456876025,"roty":332.3181773490481,"rotx":-5.346286249983528}},"cameras":{}}