# This file was generated by Animated Java via MC-Build. It is not recommended to edit this file directly.
$data merge entity $(bone_head) { transformation: [-0.9750491476279703f,0.03583972952291164f,-0.21907686664203696f,0f,-6.938893903907228e-18f,0.9868811956980862f,0.16144815135985818f,1.5970278979321593f,0.22198909817819512f,0.1574198823695413f,-0.9622576686754911f,0f,0f,0f,0f,1f], start_interpolation: 0, interpolation_duration: 1 }
$data merge entity $(bone_bust) { transformation: [-0.7313537016191706f,-0.3409991800312491f,-0.5906279051534502f,0.04901863212949209f,0f,0.8660254037844387f,-0.49999999999999994f,1.4876528979321593f,0.6819983600624984f,-0.36567685080958523f,-0.6333708847539861f,0.05256604730387793f,0f,0f,0f,1f], start_interpolation: 0, interpolation_duration: 1 }
$data merge entity $(bone_left_wing) { transformation: [-0.41469324265623925f,0f,-0.9099612708765431f,-0.03954018865661424f,0f,1f,0f,1.3782778979321593f,0.9099612708765431f,0f,-0.41469324265623925f,-0.13404411020630247f,0f,0f,0f,1f], start_interpolation: 0, interpolation_duration: 1 }
$data merge entity $(bone_right_wing) { transformation: [-0.9366721892483976f,0f,-0.3502073812594674f,-0.13095940135901052f,0f,1f,0f,1.3782778979321593f,0.3502073812594674f,0f,-0.9366721892483976f,-0.0487943151984902f,0f,0f,0f,1f], start_interpolation: 0, interpolation_duration: 1 }
$data merge entity $(bone_body) { transformation: [-0.7313537016191706f,0f,-0.6819983600624984f,0.7066760308408344f,0f,1f,0f,0.31577789793215927f,0.6819983600624984f,0f,-0.7313537016191706f,0.024677670778336103f,0f,0f,0f,1f], start_interpolation: 0, interpolation_duration: 1 }
$data merge entity $(bone_right_ring) { transformation: [0.9426824947876453f,0.0027117599710612117f,-0.3336800269401816f,-0.3642354855067882f,0.06962112886859484f,0.9763619872854925f,0.2046220129873279f,1.0346966965304756f,0.3263473800048092f,-0.2161247698478428f,0.9202105581997055f,0.26276576752906106f,0f,0f,0f,1f], start_interpolation: 0, interpolation_duration: 1 }
$data merge entity $(bone_sword) { transformation: [-0.000005137282366458654f,2.711759971061212e-8f,-0.000008579486844972658f,-0.3942881385909109f,0.0000018678551290341804f,0.000009763619872854926f,-0.000001087586408214572f,0.8252552053271706f,0.000008373735552560381f,-0.000002161247698478428f,-0.000005020912395332943f,0.32836580891732015f,0f,0f,0f,1f], start_interpolation: 0, interpolation_duration: 1 }
$data merge entity $(bone_right_hand) { transformation: [-0.5137282366458653f,0.0027117599710612117f,-0.8579486844972658f,-0.4442444621829285f,0.18678551290341802f,0.9763619872854925f,-0.1087586408214572f,1.1770571344668221f,0.837373555256038f,-0.2161247698478428f,-0.5020912395332943f,0.18192521853408927f,0f,0f,0f,1f], start_interpolation: 0, interpolation_duration: 1 }
$data merge entity $(bone_right_arm) { transformation: [-0.5137282366458653f,0.3469984082360885f,-0.7846498604819544f,-0.2514028349315899f,0.18678551290341802f,0.9378584840926968f,0.29245963137629066f,1.4720278979321593f,0.837373555256038f,0.0036835440773242967f,-0.5466186609153527f,0.23443693627148382f,0f,0f,0f,1f], start_interpolation: 0, interpolation_duration: 1 }
$data merge entity $(bone_left_ring) { transformation: [0.603967048227549f,-0.21748233969416503f,-0.7667628294175801f,0.28836175389352864f,0.14727020577246264f,0.9759364021609838f,-0.16080928278184375f,1.0370571443851924f,0.7832849361165054f,-0.01579781181766332f,0.6214620969896198f,-0.35531355977474954f,0f,0f,0f,1f], start_interpolation: 0, interpolation_duration: 1 }
$data merge entity $(bone_left_hand) { transformation: [-0.8711696256128851f,-0.21748233969416503f,-0.4401873638925329f,0.21311257295139038f,-0.18678551290341802f,0.9759364021609838f,-0.11251360409515615f,1.1789990568389253f,0.45406459406004385f,-0.01579781181766332f,-0.8908287004597804f,-0.44129715853936385f,0f,0f,0f,1f], start_interpolation: 0, interpolation_duration: 1 }
$data merge entity $(bone_left_arm) { transformation: [-0.8711696256128851f,-0.0205308142042879f,-0.49055271793927957f,0.2514028349315899f,-0.18678551290341802f,0.9378584840926968f,0.29245963137629066f,1.5032778979321593f,0.45406459406004385f,0.34641008859941963f,-0.8208686831263754f,-0.23443693627148382f,0f,0f,0f,1f], start_interpolation: 0, interpolation_duration: 1 }
$data merge entity $(bone_leftfoot) { transformation: [-0.7293807143620886f,0.49215000317461044f,-0.4751759125754168f,0.16169867498335694f,0.02513734102581531f,0.713403526515773f,0.7003024506889935f,0.41324957611590235f,0.6836460250764289f,0.4988424427913982f,-0.532714116264164f,0.030370796562609867f,0f,0f,0f,1f], start_interpolation: 0, interpolation_duration: 1 }
$data merge entity $(bone_leftleg) { transformation: [-0.728433762868053f,0.037603898808607684f,-0.6840834743715719f,0.07650049857602917f,0.0687116844021859f,0.9974680458868307f,-0.0183358081720379f,0.8157778979321593f,0.6816619085298103f,-0.060360949537754637f,-0.7291732292332166f,-0.10124815723073165f,0f,0f,0f,1f], start_interpolation: 0, interpolation_duration: 1 }
$data merge entity $(bone_rightfoot) { transformation: [-0.7434895562655414f,0.035584111508830174f,-0.6678001577809004f,0.10344526236166249f,-0.029207233441994045f,0.9959026903452876f,0.08558486360147644f,0.5148264647546874f,0.6681094350768693f,0.08313604736301583f,-0.7394039358768122f,0.30975324858161335f,0f,0f,0f,1f], start_interpolation: 0, interpolation_duration: 1 }
$data merge entity $(bone_rightleg) { transformation: [-0.7296251852337908f,-0.3337693034166463f,-0.5968627490213501f,-0.10633792682876347f,-0.06871178905619878f,0.9041657757818743f,-0.4216194254887433f,0.8157778979321593f,0.6803864924564956f,-0.2666126441141308f,-0.6826360076067032f,0.06925143278489294f,0f,0f,0f,1f], start_interpolation: 0, interpolation_duration: 1 }
$data merge entity $(bone_skirt_right_back) { transformation: [-0.731467881740364f,-0.07091663561087962f,-0.6781781246662993f,-0.30361641747197443f,-0.031842155908359385f,0.9970445447222759f,-0.06991604212666394f,0.8323297779300602f,0.6811320100313687f,-0.029546685654797844f,-0.7315641996964066f,0.017205936297350594f,0f,0f,0f,1f], start_interpolation: 0, interpolation_duration: 1 }
$data merge entity $(bone_skirt_right) { transformation: [-0.731467881740364f,-0.19924382785166797f,-0.65211704091005f,-0.13061413177968f,-0.031842155908359385f,0.9652949946709146f,-0.25921352273827586f,0.8439075766611319f,0.6811320100313687f,-0.16884155390866853f,-0.712426638036741f,0.24941390067795605f,0f,0f,0f,1f], start_interpolation: 0, interpolation_duration: 1 }
$data merge entity $(bone_skirt_left_back) { transformation: [-0.7295665109495146f,0.07253056026941483f,-0.680052956708488f,0.03904988437142684f,0.05209056166537914f,0.9973651915980102f,0.05049007797627031f,0.8581198976196858f,0.6819232211080196f,0.001411529549569579f,-0.731422400598993f,-0.3023161592092498f,0f,0f,0f,1f], start_interpolation: 0, interpolation_duration: 1 }
$data merge entity $(bone_skirt_left) { transformation: [-0.7295665109495146f,-0.08135896521512107f,-0.6790533299234137f,0.25791752220550435f,0.05209056166537914f,0.9834041969380857f,-0.17378940942975846f,0.8439075766611319f,0.6819232211080196f,-0.16216320243410218f,-0.7132207346186589f,-0.11289772810524623f,0f,0f,0f,1f], start_interpolation: 0, interpolation_duration: 1 }
$data merge entity $(bone_skirt_back_middle) { transformation: [-0.7313537016191706f,0.07460199098359173f,-0.6779058238938661f,-0.08454604891025924f,0f,0.9939991993994571f,0.10938734658651554f,0.9112784963152338f,0.6819983600624984f,0.08000084083634729f,-0.726964993887285f,-0.09066453740757849f,0f,0f,0f,1f], start_interpolation: 0, interpolation_duration: 1 }
$data merge entity $(bone_skirt_front_middle) { transformation: [-0.7313537016191706f,-0.04424849183818089f,-0.6805614109674333f,0.12852525718449542f,0f,0.9978930314510824f,-0.06488064257826946f,0.904297760004742f,0.6819983600624984f,-0.04745069811304773f,-0.7298127623717244f,0.13782646425252792f,0f,0f,0f,1f], start_interpolation: 0, interpolation_duration: 1 }
$data merge entity $(bone_lower) { transformation: [-0.7313537016191706f,0f,-0.6819983600624984f,0f,0f,1f,0f,0.9095278979321593f,0.6819983600624984f,0f,-0.7313537016191706f,0f,0f,0f,0f,1f], start_interpolation: 0, interpolation_duration: 1 }
data modify entity @s data merge value {"locators":{"locator_right_hand":{"posx":-0.36499816799864915,"posy":0.7600948876064308,"posz":0.32355085904876685,"roty":300.337149275092,"rotx":-6.243761604902849},"locator_left_hand":{"posx":0.34952866193251253,"posy":0.7625750312774158,"posz":-0.35087042520103173,"roty":333.704528454674,"rotx":-6.46023421502202}},"cameras":{}}