# This file was generated by Animated Java via MC-Build. It is not recommended to edit this file directly.
$data merge entity $(bone_head) { transformation: [-0.9776638888538138f,0.03453689898604458f,-0.2073174450924608f,0f,0f,0.9864062725833802f,0.16432487763014536f,1.587213787323946f,0.21017449995477022f,0.160654498899315f,-0.9643737924436626f,0f,0f,0f,0f,1f], start_interpolation: 0, interpolation_duration: 1 }
$data merge entity $(bone_bust) { transformation: [-0.7536933492563405f,-0.3286131218038774f,-0.5691746229981358f,0.047238136259307395f,0f,0.8660254037844387f,-0.49999999999999994f,1.477838787323946f,0.657226243607755f,-0.3768466746281702f,-0.6527175871193682f,0.05417170947779948f,0f,0f,0f,1f], start_interpolation: 0, interpolation_duration: 1 }
$data merge entity $(bone_left_wing) { transformation: [-0.44481226442358346f,0f,-0.8956238325426384f,-0.035047446122448145f,0f,1f,0f,1.368463787323946f,0.8956238325426384f,0f,-0.44481226442358346f,-0.13528830888252724f,0f,0f,0f,1f], start_interpolation: 0, interpolation_duration: 1 }
$data merge entity $(bone_right_wing) { transformation: [-0.947831453912044f,0f,-0.31877191685432504f,-0.1292591147794906f,0f,1f,0f,1.368463787323946f,0.31877191685432504f,0f,-0.947831453912044f,-0.053135028431557874f,0f,0f,0f,1f], start_interpolation: 0, interpolation_duration: 1 }
$data merge entity $(bone_body) { transformation: [-0.7536933492563405f,0f,-0.657226243607755f,0.7054597964320477f,0f,1f,0f,0.305963787323946f,0.657226243607755f,0f,-0.7536933492563405f,0.04823355282429276f,0f,0f,0f,1f], start_interpolation: 0, interpolation_duration: 1 }
$data merge entity $(bone_right_ring) { transformation: [0.7053687272792497f,-0.0031813269385380094f,-0.7088334344085089f,-0.36813377409231485f,0.15286601232991975f,0.9771421887861385f,0.14773329065780483f,1.0242292396744597f,0.6921610656854373f,-0.21256298373222163f,0.6897318588379509f,0.24824257894681373f,0f,0f,0f,1f], start_interpolation: 0, interpolation_duration: 1 }
$data merge entity $(bone_sword) { transformation: [-0.000005423663895204382f,-3.18132693853801e-8f,-0.00000840136047719341f,-0.39751393424263803f,0.0000017689761048291015f,0.000009771421887861386f,-0.0000011789986556256634f,0.8141652508056677f,0.000008213074545649768f,-0.0000021256298373222166f,-0.0000052940631184644384f,0.31213461597079206f,0f,0f,0f,1f], start_interpolation: 0, interpolation_duration: 1 }
$data merge entity $(bone_right_hand) { transformation: [-0.5423663895204381f,-0.0031813269385380094f,-0.8401360477193409f,-0.4473936109001496f,0.17689761048291014f,0.9771421887861385f,-0.11789986556256632f,1.1658545942758032f,0.8213074545649767f,-0.21256298373222163f,-0.5294063118464438f,0.16539777100304998f,0f,0f,0f,1f], start_interpolation: 0, interpolation_duration: 1 }
$data merge entity $(bone_right_arm) { transformation: [-0.5423663895204381f,0.33805297722373845f,-0.7691286525079735f,-0.259082088806867f,0.17689761048291014f,0.940901966238933f,0.28880915036256455f,1.462213787323946f,0.8213074545649767f,0.020583355360008465f,-0.5701143662092041f,0.22592152124016576f,0f,0f,0f,1f], start_interpolation: 0, interpolation_duration: 1 }
$data merge entity $(bone_left_ring) { transformation: [0.21127314241559556f,-0.21106928352968501f,-0.9543654524573408f,0.2969379291101511f,0.07966168495528952f,0.9768758685729658f,-0.19841258364805864f,1.0263226648191097f,0.9741753821791659f,-0.034107109963746496f,0.22320176927165528f,-0.34116441031136435f,0f,0f,0f,1f], start_interpolation: 0, interpolation_duration: 1 }
$data merge entity $(bone_left_hand) { transformation: [-0.8874844883414003f,-0.21106928352968501f,-0.40965966423809463f,0.22555276003631644f,-0.17689761048291014f,0.9768758685729658f,-0.12008652216318977f,1.1677014078308365f,0.42553321651645437f,-0.034107109963746496f,-0.9042998322962807f,-0.4312717555209761f,0f,0f,0f,1f], start_interpolation: 0, interpolation_duration: 1 }
$data merge entity $(bone_left_arm) { transformation: [-0.8874844883414003f,-0.025619679272116447f,-0.4601248906410051f,0.259082088806867f,-0.17689761048291014f,0.940901966238933f,0.28880915036256455f,1.493463787323946f,0.42553321651645437f,0.33770863471593926f,-0.8395679601315529f,-0.22592152124016576f,0f,0f,0f,1f], start_interpolation: 0, interpolation_duration: 1 }
$data merge entity $(bone_leftfoot) { transformation: [-0.7518089782078755f,0.4507651938179634f,-0.48124214313408187f,0.15834155590304355f,0.02903555307274213f,0.7517629563063739f,0.6587938935534094f,0.4029481205854651f,0.658741373335386f,0.4813140321741669f,-0.5782703567436731f,0.03562209507999908f,0f,0f,0f,1f], start_interpolation: 0, interpolation_duration: 1 }
$data merge entity $(bone_leftleg) { transformation: [-0.750555990368987f,0.04510266995846204f,-0.6592658450760567f,0.07983484457812293f,0.07260436927694724f,0.9972563935419547f,-0.014432293705111033f,0.805963787323946f,0.6568061440662122f,-0.05869782536271643f,-0.7517714110117265f,-0.09864032246595181f,0f,0f,0f,1f], start_interpolation: 0, interpolation_duration: 1 }
$data merge entity $(bone_rightfoot) { transformation: [-0.7652675766103992f,0.07364880257246079f,-0.6394852539883069f,0.09394180856763568f,-0.03310711998240257f,0.9876153764078781f,0.15336162130466663f,0.5049732950123824f,0.6428603695946092f,0.13853419131163208f,-0.7533517259834974f,0.3122591734359913f,0f,0f,0f,1f], start_interpolation: 0, interpolation_duration: 1 }
$data merge entity $(bone_rightleg) { transformation: [-0.7517042108854636f,-0.32735034653490636f,-0.5725229514705408f,-0.10858849273596219f,-0.07260447985986576f,0.9039158704875682f,-0.4215028927361949f,0.805963787323946f,0.6554917000552646f,-0.27527776827084777f,-0.703244467773818f,0.06566623843598693f,0f,0f,0f,1f], start_interpolation: 0, interpolation_duration: 1 }
$data merge entity $(bone_skirt_right_back) { transformation: [-0.7538806822215137f,-0.06024519126841035f,-0.654243405700247f,-0.3041127966386128f,-0.0255246659874904f,0.9977208995400793f,-0.06246197280875651f,0.8219149385259779f,0.6565153527522812f,-0.030389530268949944f,-0.753700250796416f,0.007084815241232306f,0f,0f,0f,1f], start_interpolation: 0, interpolation_duration: 1 }
$data merge entity $(bone_skirt_right) { transformation: [-0.7538806822215137f,-0.18978998478224915f,-0.6290021292885891f,-0.1389028450467288f,-0.0255246659874904f,0.9651063759965425f,-0.26061115562662973f,0.8340950317340745f,0.6565153527522812f,-0.18041464654282913f,-0.732419379121944f,0.24486978580171467f,0f,0f,0f,1f], start_interpolation: 0, interpolation_duration: 1 }
$data merge entity $(bone_skirt_left_back) { transformation: [-0.7523269345006226f,0.09271544088073386f,-0.6522331106645746f,0.050022179768829694f,0.04176001975467927f,0.994767667317573f,0.09323834409535088f,0.8617341102931818f,0.6574650442228733f,0.042908450005160984f,-0.7522623083361082f,-0.3004931844672112f,0f,0f,0f,1f], start_interpolation: 0, interpolation_duration: 1 }
$data merge entity $(bone_skirt_left) { transformation: [-0.7523269345006226f,-0.05219349563571819f,-0.6567191352764287f,0.2614967467457021f,0.04176001975467927f,0.9910736317739145f,-0.1266063077123417f,0.8340950317340745f,0.6574650442228733f,-0.12267393943208811f,-0.7434317858480545f,-0.10428165611490517f,0f,0f,0f,1f], start_interpolation: 0, interpolation_duration: 1 }
$data merge entity $(bone_skirt_back_middle) { transformation: [-0.7536933492563405f,0.07415793103146676f,-0.6530290472497317f,-0.08136337842476454f,0f,0.9936137724279186f,0.11283470761055854f,0.9022193213459833f,0.657226243607755f,0.08504276869136176f,-0.7488800920084253f,-0.09330582548735014f,0f,0f,0f,1f], start_interpolation: 0, interpolation_duration: 1 }
$data merge entity $(bone_skirt_front_middle) { transformation: [-0.7536933492563405f,-0.040365998591354604f,-0.6559854582568755f,0.12395142286578664f,0f,0.9981120879408765f,-0.06141872602312849f,0.8941548866140729f,0.657226243607755f,-0.046290885323429266f,-0.7522704424933981f,0.1421449066488576f,0f,0f,0f,1f], start_interpolation: 0, interpolation_duration: 1 }
$data merge entity $(bone_lower) { transformation: [-0.7536933492563405f,0f,-0.657226243607755f,0f,0f,1f,0f,0.899713787323946f,0.657226243607755f,0f,-0.7536933492563405f,0f,0f,0f,0f,1f], start_interpolation: 0, interpolation_duration: 1 }
data modify entity @s data merge value {"locators":{"locator_right_hand":{"posx":-0.367239025890851,"posy":0.7494079990783582,"posz":0.30802591812150104,"roty":302.2168152560432,"rotx":-6.770913303140898},"locator_left_hand":{"posx":0.356301165102875,"posy":0.751576326782963,"posz":-0.33157178563406065,"roty":335.6288511682493,"rotx":-6.897096043562636}},"cameras":{}}