# This file was generated by Animated Java via MC-Build. It is not recommended to edit this file directly.
$data merge entity $(bone_head) { transformation: [-0.9811546764287713f,0.032716084179610465f,-0.19043413233426865f,0f,0f,0.9855616597119483f,0.1693169067335858f,1.5852902718553064f,0.1932239657028938f,0.16612607484011183f,-0.9669884313352795f,0f,0f,0f,0f,1f], start_interpolation: 0, interpolation_duration: 1 }
$data merge entity $(bone_bust) { transformation: [-0.7858568931754021f,-0.3092041976787769f,-0.5355573802932124f,0.044448103416324214f,0f,0.8660254037844387f,-0.49999999999999994f,1.4759152718553064f,0.6184083953575539f,-0.392928446587701f,-0.680572033229012f,0.056483464196982025f,0f,0f,0f,1f], start_interpolation: 0, interpolation_duration: 1 }
$data merge entity $(bone_left_wing) { transformation: [-0.48938245174884654f,0f,-0.8720692724321204f,-0.028184993596231722f,0f,1f,0f,1.3665402718553064f,0.8720692724321204f,0f,-0.48938245174884654f,-0.13688263635677234f,0f,0f,0f,1f], start_interpolation: 0, interpolation_duration: 1 }
$data merge entity $(bone_right_wing) { transformation: [-0.9626917464264788f,0f,-0.2706004459758633f,-0.12641710524315686f,0f,1f,0f,1.3665402718553064f,0.2706004459758633f,0f,-0.9626917464264788f,-0.05958158693707816f,0f,0f,0f,1f], start_interpolation: 0, interpolation_duration: 1 }
$data merge entity $(bone_body) { transformation: [-0.7858568931754021f,0f,-0.6184083953575539f,0.7021326442664779f,0f,1f,0f,0.30404027185530635f,0.6184083953575539f,0f,-0.7858568931754021f,0.0837242489089241f,0f,0f,0f,1f], start_interpolation: 0, interpolation_duration: 1 }
$data merge entity $(bone_right_ring) { transformation: [0.11965696138656684f,0.03907983275487792f,-0.9920458549198139f,-0.3921348665413215f,0.21557943248687528f,0.9743613313784747f,0.06438559002605164f,1.0245388011513343f,0.9691272980782095f,-0.2215688664641692f,0.10816430803833932f,0.23481407025415457f,0f,0f,0f,1f], start_interpolation: 0, interpolation_duration: 1 }
$data merge entity $(bone_sword) { transformation: [-0.000005801008226738123f,3.907983275487792e-7f,-0.000008136066630780608f,-0.43152433477560237f,0.000002026684363563214f,0.000009743613313784748f,-9.770107890524927e-7f,0.8162040691905335f,0.000007889287296315493f,-0.0000022156886646416924f,-0.0000057314805851170204f,0.29898084417993215f,0f,0f,0f,1f], start_interpolation: 0, interpolation_duration: 1 }
$data merge entity $(bone_right_hand) { transformation: [-0.5801008226738122f,0.03907983275487792f,-0.8136066630780607f,-0.46230426733694f,0.20266843635632137f,0.9743613313784747f,-0.09770107890524926f,1.1676232830318538f,0.7889287296315493f,-0.2215688664641692f,-0.573148058511702f,0.14646130438365607f,0f,0f,0f,1f], start_interpolation: 0, interpolation_duration: 1 }
$data merge entity $(bone_right_arm) { transformation: [-0.5801008226738122f,0.35971559603103415f,-0.7308130578370943f,-0.27013830702904446f,0.20266843635632137f,0.9327299613261921f,0.2982286440792094f,1.4602902718553064f,0.7889287296315493f,0.02488994207461917f,-0.6139804152784292f,0.21257788590415916f,0f,0f,0f,1f], start_interpolation: 0, interpolation_duration: 1 }
$data merge entity $(bone_left_ring) { transformation: [-0.42070961215156244f,-0.22417523664490435f,-0.879061366184684f,0.3222882183057993f,-0.08456857940288022f,0.9744597340510804f,-0.20802976251218544f,1.0265331406550622f,0.9032450263472591f,-0.013179149756289477f,-0.42892275807030883f,-0.3371790424509712f,0f,0f,0f,1f], start_interpolation: 0, interpolation_duration: 1 }
$data merge entity $(bone_left_hand) { transformation: [-0.9032140906939132f,-0.22417523664490435f,-0.36599148849005875f,0.25294913553409f,-0.20266843635632137f,0.9744597340510804f,-0.09671469184142217f,1.1697254717404102f,0.3783250074695715f,-0.013179149756289477f,-0.9255790072894102f,-0.4260113165337736f,0f,0f,0f,1f], start_interpolation: 0, interpolation_duration: 1 }
$data merge entity $(bone_left_arm) { transformation: [-0.9032140906939132f,-0.060392232363506326f,-0.4249200920668731f,0.27013830702904446f,-0.20266843635632137f,0.9327299613261921f,0.2982286440792094f,1.4915402718553064f,0.3783250074695715f,0.35548220421645904f,-0.8546944431833849f,-0.21257788590415916f,0f,0f,0f,1f], start_interpolation: 0, interpolation_duration: 1 }
$data merge entity $(bone_leftfoot) { transformation: [-0.7839671984957806f,0.3515714663733541f,-0.5116570489251241f,0.16219542319628868f,0.01886159625294037f,0.8372954692678768f,0.5464252348952024f,0.4023230777637279f,0.6205156499794895f,0.418728791911394f,-0.6630433824079357f,0.04417977640645883f,0f,0f,0f,1f], start_interpolation: 0, interpolation_duration: 1 }
$data merge entity $(bone_leftleg) { transformation: [-0.7832428404509143f,0.03369675195713438f,-0.6208020471856732f,0.08470442799847877f,0.062442043557499695f,0.9977447860650704f,-0.024623831471362722f,0.8040402718553064f,0.6185722626167025f,-0.058050588175367554f,-0.7835805543361493f,-0.09449166895790616f,0f,0f,0f,1f], start_interpolation: 0, interpolation_duration: 1 }
$data merge entity $(bone_rightfoot) { transformation: [-0.7969167026495184f,0.1403188917445365f,-0.5875664878614199f,0.07567715238403513f,-0.02292726161159936f,0.964922230634171f,0.26153284593520737f,0.5031613562243888f,0.6036539652095498f,0.22189118379863731f,-0.7657455144101251f,0.318492208986338f,0f,0f,0f,1f], start_interpolation: 0, interpolation_duration: 1 }
$data merge entity $(bone_rightleg) { transformation: [-0.7843233607575304f,-0.3058237344755295f,-0.5397302189070513f,-0.11175979529537175f,-0.06244213866229138f,0.9045392050161064f,-0.4217935584004447f,0.8040402718553064f,0.6172016243410997f,-0.2971206321012915f,-0.7285475172495182f,0.06011042988148231f,0f,0f,0f,1f], start_interpolation: 0, interpolation_duration: 1 }
$data merge entity $(bone_skirt_right_back) { transformation: [-0.7859250164143697f,-0.05307183894741602f,-0.6160399731225337f,-0.30401329843092584f,-0.012512573923550822f,0.9974706933127653f,-0.06996893221965686f,0.8148525665110762f,0.6181951990009953f,-0.04728208849967175f,-0.7846012363227762f,-0.007786710505417266f,0f,0f,0f,1f], start_interpolation: 0, interpolation_duration: 1 }
$data merge entity $(bone_skirt_right) { transformation: [-0.7859250164143697f,-0.18040693591456777f,-0.5914179622297496f,-0.15096171982209733f,-0.012512573923550822f,0.9609334095506438f,-0.27649668696601476f,0.8321679036882417f,0.6181951990009953f,-0.20990550227016846f,-0.7574789607961584f,0.2376919410791689f,0f,0f,0f,1f], start_interpolation: 0, interpolation_duration: 1 }
$data merge entity $(bone_skirt_left_back) { transformation: [-0.7854799522709698f,0.10112674733702998f,-0.6105690997368173f,0.06659596958599268f,0.020474224316466255f,0.990265785731007f,0.13767526919962986f,0.8773910997573484f,0.6185483414568614f,0.0956402351711037f,-0.7799044138209384f,-0.2956977601659363f,0f,0f,0f,1f], start_interpolation: 0, interpolation_duration: 1 }
$data merge entity $(bone_skirt_left) { transformation: [-0.7854799522709698f,-0.023063072399676407f,-0.6184572250947371f,0.26652475467733505f,0.020474224316466255f,0.9977900541623088f,-0.06321245093663f,0.8321679036882417f,0.6185483414568614f,-0.062314544901364045f,-0.7832718856021206f,-0.09083751895453156f,0f,0f,0f,1f], start_interpolation: 0, interpolation_duration: 1 }
$data merge entity $(bone_skirt_back_middle) { transformation: [-0.7858568931754021f,0.06421189808077105f,-0.6150656677083913f,-0.07682876554454528f,0f,0.9945946276372433f,0.10383413058880733f,0.8983241508518801f,0.6184083953575539f,0.0815987672700891f,-0.7816090440439498f,-0.09763194589625358f,0f,0f,0f,1f], start_interpolation: 0, interpolation_duration: 1 }
$data merge entity $(bone_skirt_front_middle) { transformation: [-0.7858568931754021f,-0.04356865727748285f,-0.6168717172571149f,0.11639673221165016f,0f,0.9975151079578237f,-0.07045288777538691f,0.8930884080803234f,0.6184083953575539f,-0.05536588750240082f,-0.7839041236352611f,0.14791386248682714f,0f,0f,0f,1f], start_interpolation: 0, interpolation_duration: 1 }
$data merge entity $(bone_lower) { transformation: [-0.7858568931754021f,0f,-0.6184083953575539f,0f,0f,1f,0f,0.8977902718553064f,0.6184083953575539f,0f,-0.7858568931754021f,0f,0f,0f,0f,1f], start_interpolation: 0, interpolation_duration: 1 }
data modify entity @s data merge value {"locators":{"locator_right_hand":{"posx":-0.40312606950363095,"posy":0.7504996767011383,"posz":0.29713031394720213,"roty":305.162914854159,"rotx":-5.606803676961949},"locator_left_hand":{"posx":0.38533750361217867,"posy":0.7524663404531958,"posz":-0.33347240658201477,"roty":338.4252182407016,"rotx":-5.5500189319359}},"cameras":{}}