execute if entity @s[tag=aj.tutankhamen.bone.head] run data modify entity @s {} merge value {transformation:[-0.8367485127980212f,0.10402573478916434f,-0.5376156367070011f,0f,0.09111848861041708f,0.9945525213499721f,0.0506231499392f,1.6195f,0.5399530973738859f,-0.006627878845292185f,-0.8416690108696883f,0f,0f,0f,0f,1f],start_interpolation:0}
execute if entity @s[tag=aj.tutankhamen.bone.back_cape] run data modify entity @s {} merge value {transformation:[0.13415914257335707f,0.31443615872985453f,-0.9397506193385537f,-0.15483746869070944f,0f,0.9483236552061993f,0.31730465640509214f,1.6195f,0.9909597996205404f,-0.042569320637840836f,0.1272262884644956f,0.02096236602708704f,0f,0f,0f,1f],start_interpolation:0}
execute if entity @s[tag=aj.tutankhamen.bone.left_hand] run data modify entity @s {} merge value {transformation:[0.04658409620841933f,-0.30535821958517795f,-0.951097408109293f,-0.11484332281178103f,-0.29398909391610034f,0.9057705610645671f,-0.3052050185812312f,1.2032228517102284f,0.9546728940526357f,0.2938299651848831f,-0.04757748333629436f,-0.3824198275064733f,0f,0f,0f,1f],start_interpolation:0}
execute if entity @s[tag=aj.tutankhamen.bone.cape_left_back] run data modify entity @s {} merge value {transformation:[0.12931481525080304f,0.03572609820102142f,-0.9909597996205404f,-0.16827146003634952f,-0.266296411230317f,0.9638911875133281f,0f,1.315387487298447f,0.9551774180342124f,0.26388903831246396f,0.13415914257335707f,-0.3111994569930113f,0f,0f,0f,1f],start_interpolation:0}
execute if entity @s[tag=aj.tutankhamen.bone.cape_left_side] run data modify entity @s {} merge value {transformation:[0.12931481525080304f,0.03572609820102142f,-0.9909597996205404f,-0.06460692496671996f,-0.266296411230317f,0.9638911875133281f,0f,1.356996301553184f,0.9551774180342124f,0.26388903831246396f,0.13415914257335707f,-0.47721582138252666f,0f,0f,0f,1f],start_interpolation:0}
execute if entity @s[tag=aj.tutankhamen.bone.left_arm] run data modify entity @s {} merge value {transformation:[0.12931481525080304f,0.03572609820102142f,-0.9909597996205404f,-0.07348027796222933f,-0.266296411230317f,0.9638911875133281f,0f,1.4945f,0.9551774180342124f,0.26388903831246396f,0.13415914257335707f,-0.267739870995909f,0f,0f,0f,1f],start_interpolation:0}
execute if entity @s[tag=aj.tutankhamen.bone.cape_right_back] run data modify entity @s {} merge value {transformation:[-0.9966966727444412f,-0.07780531930455808f,-0.023282500468728193f,0.0068396581724229355f,0.02329308070239411f,0.0007716757529766527f,-0.9997283815656752f,1.4064169386315153f,0.07780215248662674f,-0.996968272717065f,0.001043198926207085f,0.46513572396707303f,0f,0f,0f,1f],start_interpolation:0}
execute if entity @s[tag=aj.tutankhamen.bone.cape_right] run data modify entity @s {} merge value {transformation:[-0.9966966727444412f,-0.07780531930455808f,-0.023282500468728193f,-0.14307357182671396f,0.02329308070239411f,0.0007716757529766527f,-0.9997283815656752f,1.659988577882683f,0.07780215248662674f,-0.996968272717065f,0.001043198926207085f,0.4770315105615567f,0f,0f,0f,1f],start_interpolation:0}
execute if entity @s[tag=aj.tutankhamen.bone.weapon] run data modify entity @s {} merge value {transformation:[-1.6300143502174715f,0.031491092858900394f,-0.129031789752673f,-0.006704806799085985f,0.03809389239870704f,1.6328794539895104f,-0.0827116540273899f,1.5349202724374182f,0.12723893687917082f,-0.08544397825817199f,-1.6282190433514734f,0.9359715187765087f,0f,0f,0f,1f],start_interpolation:0}
execute if entity @s[tag=aj.tutankhamen.bone.right_hand] run data modify entity @s {} merge value {transformation:[-0.9966966727444412f,-0.07798340355788758f,-0.02267887364240591f,-0.013126291658475578f,0.02329308070239411f,-0.006975426916091425f,-0.9997043441991889f,1.4695314117821976f,0.07780215248662674f,-0.9969302544254869f,0.008768858510761446f,0.5921228753890253f,0f,0f,0f,1f],start_interpolation:0}
execute if entity @s[tag=aj.tutankhamen.bone.right_arm] run data modify entity @s {} merge value {transformation:[-0.9966966727444412f,-0.07780531930455808f,-0.023282500468728193f,0.000354876948730605f,0.02329308070239411f,0.0007716757529766527f,-0.9997283815656752f,1.4945f,0.07780215248662674f,-0.996968272717065f,0.001043198926207085f,0.2776398095242535f,0f,0f,0f,1f],start_interpolation:0}
execute if entity @s[tag=aj.tutankhamen.bone.body] run data modify entity @s {} merge value {transformation:[0.13415914257335707f,0f,-0.9909597996205404f,0f,0f,1f,0f,0.18200000000000005f,0.9909597996205404f,0f,0.13415914257335707f,0f,0f,0f,0f,1f],start_interpolation:0}
execute if entity @s[tag=aj.tutankhamen.bone.left_foot] run data modify entity @s {} merge value {transformation:[-0.7252820127168884f,0.1276229350017431f,-0.6765193186383374f,0.09062224895813178f,0.19656819802322453f,0.9801497348527394f,-0.0258348755368992f,0.44457695140332637f,0.6597931081446985f,-0.15171975392033019f,-0.7359715828176471f,0.03968618159681124f,0f,0f,0f,1f],start_interpolation:0}
execute if entity @s[tag=aj.tutankhamen.bone.left_leg] run data modify entity @s {} merge value {transformation:[-0.7252820127168884f,-0.0038078293131203755f,-0.6884413573175725f,0.06629126073623887f,0.19656819802322453f,0.9572120969335953f,-0.21238160233384526f,0.8695f,0.6597931081446985f,-0.2893622330573072f,-0.6935002181144913f,-0.06629126073623881f,0f,0f,0f,1f],start_interpolation:0}
execute if entity @s[tag=aj.tutankhamen.bone.right_foot] run data modify entity @s {} merge value {transformation:[-0.6963642403200193f,0.18931917335618395f,-0.6922680805896325f,0.1530004652524578f,0.17364817766693036f,0.9803656801981366f,0.09343149085077901f,0.659499809580671f,0.6963642403200188f,-0.055148741503103865f,-0.7155665315777056f,0.3828254159813625f,0f,0f,0f,1f],start_interpolation:0}
execute if entity @s[tag=aj.tutankhamen.bone.right_leg] run data modify entity @s {} merge value {transformation:[-0.6963642403200193f,-0.550978533711308f,-0.459890748105308f,-0.06629126073623887f,0.17364817766693036f,0.4924038765061042f,-0.8528685319524433f,0.8695f,0.6963642403200188f,-0.6737663376802814f,-0.24721603308123982f,0.06629126073623881f,0f,0f,0f,1f],start_interpolation:0}