execute if entity @s[tag=aj.tutankhamen.bone.head] run data modify entity @s {} merge value {transformation:[-0.8367409791691582f,0.10612552104770231f,-0.5372168161565605f,0f,0.09111733364341643f,0.9943471365788165f,0.054510581424369195f,1.6167500000000001f,0.5399649667235387f,-0.0033385266004844084f,-0.8416808712043926f,0f,0f,0f,0f,1f],start_interpolation:0}
execute if entity @s[tag=aj.tutankhamen.bone.back_cape] run data modify entity @s {} merge value {transformation:[0.13415914257335707f,0.32262495310369316f,-0.9369708982133977f,-0.15483746869070944f,0f,0.9455185755993168f,0.3255681544571567f,1.6167500000000001f,0.9909597996205404f,-0.04367794445116242f,0.12684996138958624f,0.02096236602708704f,0f,0f,0f,1f],start_interpolation:0}
execute if entity @s[tag=aj.tutankhamen.bone.left_hand] run data modify entity @s {} merge value {transformation:[0.04642306188776134f,-0.30488840232214665f,-0.9512559915471828f,-0.11499461326168087f,-0.2976633858611668f,0.9047989218648779f,-0.30452490819277916f,1.2009368637726368f,0.9535415082955913f,0.2972910579240541f,-0.04875057779929884f,-0.383537326851218f,0f,0f,0f,1f],start_interpolation:0}
execute if entity @s[tag=aj.tutankhamen.bone.cape_left_back] run data modify entity @s {} merge value {transformation:[0.12917541946647976f,0.03622687595801419f,-0.9909597996205404f,-0.1683645093848854f,-0.2700291255827432f,0.9628521544541607f,0f,1.3128549729049461f,0.9541477780421007f,0.26758800817918493f,0.13415914257335707f,-0.3118867613541695f,0f,0f,0f,1f],start_interpolation:0}
execute if entity @s[tag=aj.tutankhamen.bone.cape_left_side] run data modify entity @s {} merge value {transformation:[0.12917541946647976f,0.03622687595801419f,-0.9909597996205404f,-0.0646781937239553f,-0.2700291255827432f,0.9628521544541607f,0f,1.3550470237772498f,0.9541477780421007f,0.26758800817918493f,0.13415914257335707f,-0.4777422444949173f,0f,0f,0f,1f],start_interpolation:0}
execute if entity @s[tag=aj.tutankhamen.bone.left_arm] run data modify entity @s {} merge value {transformation:[0.12917541946647976f,0.03622687595801419f,-0.9909597996205404f,-0.07348027796222933f,-0.2700291255827432f,0.9628521544541607f,0f,1.4917500000000001f,0.9541477780421007f,0.26758800817918493f,0.13415914257335707f,-0.267739870995909f,0f,0f,0f,1f],start_interpolation:0}
execute if entity @s[tag=aj.tutankhamen.bone.cape_right_back] run data modify entity @s {} merge value {transformation:[-0.9966967526539618f,-0.0778048144606727f,-0.023280766649476172f,0.006839715784921763f,0.023292271372446105f,0.0007597547428046525f,-0.9997284095528359f,1.4036691664404928f,0.07780137108919996f,-0.9969683212717797f,0.001055005767533985f,0.4651367685530427f,0f,0f,0f,1f],start_interpolation:0}
execute if entity @s[tag=aj.tutankhamen.bone.cape_right] run data modify entity @s {} merge value {transformation:[-0.9966967526539618f,-0.0778048144606727f,-0.023280766649476172f,-0.14307396015489074f,0.023292271372446105f,0.0007597547428046525f,-0.9997284095528359f,1.6572406862306464f,0.07780137108919996f,-0.9969683212717797f,0.001055005767533985f,0.4770294813438467f,0f,0f,0f,1f],start_interpolation:0}
execute if entity @s[tag=aj.tutankhamen.bone.weapon] run data modify entity @s {} merge value {transformation:[-1.6300144809028334f,0.030988121570844195f,-0.12915185627658546f,-0.006694103952031948f,0.038092568807021235f,1.6325456896213546f,-0.0890572911755626f,1.5335073709612548f,0.12723765896879577f,-0.091771352999491f,-1.6278747711417774f,0.9357153536140921f,0f,0f,0f,1f],start_interpolation:0}
execute if entity @s[tag=aj.tutankhamen.bone.right_hand] run data modify entity @s {} merge value {transformation:[-0.9966967526539618f,-0.07807016526793108f,-0.02237481942016501f,-0.013126408012338176f,0.023292271372446105f,-0.010860770776442437f,-0.9996697023279507f,1.4667851061750834f,0.07780137108919996f,-0.9968887064026651f,0.01264332643971161f,0.5921231636980817f,0f,0f,0f,1f],start_interpolation:0}
execute if entity @s[tag=aj.tutankhamen.bone.right_arm] run data modify entity @s {} merge value {transformation:[-0.9966967526539618f,-0.0778048144606727f,-0.023280766649476172f,0.000354876948730605f,0.023292271372446105f,0.0007597547428046525f,-0.9997284095528359f,1.4917500000000001f,0.07780137108919996f,-0.9969683212717797f,0.001055005767533985f,0.2776398095242535f,0f,0f,0f,1f],start_interpolation:0}
execute if entity @s[tag=aj.tutankhamen.bone.body] run data modify entity @s {} merge value {transformation:[0.13415914257335707f,0f,-0.9909597996205404f,0f,0f,1f,0f,0.17925000000000002f,0.9909597996205404f,0f,0.13415914257335707f,0f,0f,0f,0f,1f],start_interpolation:0}
execute if entity @s[tag=aj.tutankhamen.bone.left_foot] run data modify entity @s {} merge value {transformation:[-0.7252122761080527f,0.12733986318887677f,-0.6766474073143384f,0.09338090853476316f,0.18821967074340032f,0.9819810683991939f,-0.016927399411120897f,0.4413525669035977f,0.6622994112389229f,-0.13963431006960933f,-0.7361125928307167f,0.037081788929250986f,0f,0f,0f,1f],start_interpolation:0}
execute if entity @s[tag=aj.tutankhamen.bone.left_leg] run data modify entity @s {} merge value {transformation:[-0.7252122761080527f,-0.010118318103194607f,-0.6884509962378881f,0.06629126073623887f,0.18821967074340032f,0.9588927277386767f,-0.21236311411148118f,0.86675f,0.6622994112389229f,-0.2835883571810426f,-0.6934963111249647f,-0.06629126073623881f,0f,0f,0f,1f],start_interpolation:0}
execute if entity @s[tag=aj.tutankhamen.bone.right_foot] run data modify entity @s {} merge value {transformation:[-0.6963642403200193f,0.1920000288678607f,-0.6915293440760583f,0.1530004652524578f,0.17364817766693036f,0.9799963095682321f,0.09722933521113858f,0.656749809580671f,0.6963642403200188f,-0.05237577825089021f,-0.7157748407538065f,0.3828254159813625f,0f,0f,0f,1f],start_interpolation:0}
execute if entity @s[tag=aj.tutankhamen.bone.right_leg] run data modify entity @s {} merge value {transformation:[-0.6963642403200193f,-0.550978533711308f,-0.459890748105308f,-0.06629126073623887f,0.17364817766693036f,0.4924038765061042f,-0.8528685319524433f,0.86675f,0.6963642403200188f,-0.6737663376802814f,-0.24721603308123982f,0.06629126073623881f,0f,0f,0f,1f],start_interpolation:0}