execute if entity @s[tag=aj.grey_guardian.bone.head] run data modify entity @s {} merge value {transformation:[-0.9814274700559037f,0.09368570608087137f,-0.16740104389100124f,0.10282587161772094f,0.0667998394561014f,0.9849222561475162f,0.15958048375013018f,1.2006727031316795f,0.17982742412743258f,0.1454343075804848f,-0.9728879481781433f,0.1898786329213433f,0f,0f,0f,1f],start_interpolation:0}
execute if entity @s[tag=aj.grey_guardian.bone.sword] run data modify entity @s {} merge value {transformation:[-0.207820667984628f,-0.20635287091322857f,-0.9561532631457634f,0.0947915702480438f,0.7054117020928061f,0.645564405114281f,-0.29264471531188596f,0.4870684759979871f,0.6776465896829654f,-0.7352993210355311f,0.011402104004688995f,1.2574364663109676f,0f,0f,0f,1f],start_interpolation:0}
execute if entity @s[tag=aj.grey_guardian.bone.axe] run data modify entity @s {} merge value {transformation:[-0.00000493291670566546f,-0.0000021096150335406136f,-0.000008438948819919818f,0.08868223578320616f,0.000003466286118760511f,0.000008421203256874328f,-0.000004131367358308559f,0.4350748569539171f,0.000007978169797507125f,-0.000004963150221045972f,-0.000003422856492094941f,1.292070872312307f,0f,0f,0f,1f],start_interpolation:0}
execute if entity @s[tag=aj.grey_guardian.bone.left_arm_2] run data modify entity @s {} merge value {transformation:[-0.49329167056654594f,-0.21096150335406136f,-0.8438948819919818f,-0.4019402901170765f,0.3466286118760511f,0.8421203256874328f,-0.41313673583085586f,0.6843969579520301f,0.7978169797507124f,-0.4963150221045971f,-0.34228564920949406f,0.9382792930880579f,0f,0f,0f,1f],start_interpolation:0}
execute if entity @s[tag=aj.grey_guardian.bone.left_arm] run data modify entity @s {} merge value {transformation:[-0.9043798811939383f,-0.210308369175635f,-0.371305023324925f,-0.34428738865332315f,0.02564446952432442f,0.8417624437681022f,-0.5392386757683176f,0.9621746876985335f,0.425957030314625f,-0.49719852988141217f,-0.7558797723244803f,0.5670955184430859f,0f,0f,0f,1f],start_interpolation:0}
execute if entity @s[tag=aj.grey_guardian.bone.left_shoulder] run data modify entity @s {} merge value {transformation:[-0.9043798811939383f,0.09579444346213101f,-0.41583705353589984f,-0.20007635362398332f,0.02564446952432442f,0.9849167416848396f,0.17111800937287433f,1.182365563920129f,0.425957030314625f,0.14409176434029705f,-0.8931954835168201f,0.5060195351006025f,0f,0f,0f,1f],start_interpolation:0}
execute if entity @s[tag=aj.grey_guardian.bone.right_arm_2] run data modify entity @s {} merge value {transformation:[-0.21235895610907563f,0.08229888034279707f,-0.9737199638780062f,0.35861128598942515f,-0.037340517677144976f,0.995036033208893f,0.09224412369096123f,0.6625302883963975f,0.9764780384114466f,0.055948073337984634f,-0.20823173050690644f,-0.636946298089053f,0f,0f,0f,1f],start_interpolation:0}
execute if entity @s[tag=aj.grey_guardian.bone.right_arm] run data modify entity @s {} merge value {transformation:[-0.04952237439248908f,0.09230084072573022f,-0.9944989136423698f,0.32621444943277855f,-0.14518445317682255f,0.9844792561036783f,0.09860055201313664f,1.0459524498804593f,0.98816446454539f,0.14926871441421216f,-0.03535310321387919f,-0.42411475422392964f,0f,0f,0f,1f],start_interpolation:0}
execute if entity @s[tag=aj.grey_guardian.bone.right_shoulder] run data modify entity @s {} merge value {transformation:[-0.04952237439248908f,0.09230084072573022f,-0.9944989136423698f,0.2987591047253432f,-0.14518445317682255f,0.9844792561036783f,0.09860055201313664f,1.2399450155861507f,0.98816446454539f,0.14926871441421216f,-0.03535310321387919f,-0.2001185889555255f,0f,0f,0f,1f],start_interpolation:0}
execute if entity @s[tag=aj.grey_guardian.bone.upper_body] run data modify entity @s {} merge value {transformation:[-0.5757050337133124f,0.09248738562579067f,-0.8124098704824186f,-0.00210987461365251f,-0.06645233334509197f,0.9850030269428467f,0.15922664446135382f,0.6180578125f,0.8149526376116264f,0.14565411224382196f,-0.5609251982540251f,0.07085634037412877f,0f,0f,0f,1f],start_interpolation:0}
execute if entity @s[tag=aj.grey_guardian.bone.body] run data modify entity @s {} merge value {transformation:[-0.9999992536874144f,0f,-0.0012217301724649515f,-6.5972488474317385e-18f,0f,1f,0f,0.3856434375f,0.0012217301724649515f,0f,-0.9999992536874144f,0.053870625f,0f,0f,0f,1f],start_interpolation:0}