execute if entity @s[tag=aj.grey_guardian.bone.head] run data modify entity @s {} merge value {transformation:[-0.9804077921085549f,0.09517307846227899f,-0.17246056450343056f,0.10115302308625122f,0.06816990915524525f,0.9853633788210432f,0.15624300036847402f,1.2099829633718768f,0.1848064518857354f,0.14142523400861054f,-0.972545874767363f,0.18781827724851893f,0f,0f,0f,1f],start_interpolation:0}
execute if entity @s[tag=aj.grey_guardian.bone.sword] run data modify entity @s {} merge value {transformation:[-0.20543607207979475f,-0.20586174382656355f,-0.9567742485649955f,0.09340039666313776f,0.7079192377349786f,0.6437771229629168f,-0.29051913670929885f,0.5015429703036716f,0.6757561491641435f,-0.73700200703816f,0.01347844533216147f,1.2625752117934095f,0f,0f,0f,1f],start_interpolation:0}
execute if entity @s[tag=aj.grey_guardian.bone.axe] run data modify entity @s {} merge value {transformation:[-0.000004915387075986893f,-0.000002097435096411321f,-0.000008452203021080544f,0.08722090198687082f,0.0000035012735864639423f,0.000008410676858339545f,-0.000004123299413979246f,0.44966826927519343f,0.000007973710125528203f,-0.0000049861087835037955f,-0.000003399803822739684f,1.2973750926368945f,0f,0f,0f,1f],start_interpolation:0}
execute if entity @s[tag=aj.grey_guardian.bone.left_arm_2] run data modify entity @s {} merge value {transformation:[-0.49153870759868923f,-0.2097435096411321f,-0.8452203021080544f,-0.4032977559807762f,0.3501273586463942f,0.8410676858339543f,-0.4123299413979245f,0.6989857873661678f,0.7973710125528202f,-0.49861087835037954f,-0.3399803822739684f,0.9434362902212083f,0f,0f,0f,1f],start_interpolation:0}
execute if entity @s[tag=aj.grey_guardian.bone.left_arm] run data modify entity @s {} merge value {transformation:[-0.9009458615073747f,-0.20655878437971842f,-0.381615019657649f,-0.3459467767914067f,0.03736891628273256f,0.8392363303909223f,-0.5424812861729268f,0.973001094792386f,0.43231946374017094f,-0.5030068094445163f,-0.7483876207713885f,0.5694199867902807f,0f,0f,0f,1f],start_interpolation:0}
execute if entity @s[tag=aj.grey_guardian.bone.left_shoulder] run data modify entity @s {} merge value {transformation:[-0.9009458615073747f,0.10552425991754978f,-0.42090519740386695f,-0.20025818573405624f,0.03736891628273256f,0.9852449713780985f,0.16702068874850165f,1.1913646708272343f,0.43231946374017094f,0.13474782722932171f,-0.8915957067687059f,0.5053629541262874f,0f,0f,0f,1f],start_interpolation:0}
execute if entity @s[tag=aj.grey_guardian.bone.right_arm_2] run data modify entity @s {} merge value {transformation:[-0.20785873043079373f,0.08215518530233314f,-0.9747026591282276f,0.3563880793664127f,-0.030408458228720972f,0.99544228258207f,0.09038798435605475f,0.6768503979389451f,0.9776860814452925f,0.04842713676997193f,-0.20441315655410172f,-0.6467488930477944f,0f,0f,0f,1f],start_interpolation:0}
execute if entity @s[tag=aj.grey_guardian.bone.right_arm] run data modify entity @s {} merge value {transformation:[-0.04630467416156592f,0.08843400809350309f,-0.9950051775560315f,0.3228914662194017f,-0.15673795620982442f,0.9830925305203077f,0.09466936948319205f,1.0576582683977345f,0.9865541496714506f,0.16033871225532592f,-0.03166081360839346f,-0.4294410061584286f,0f,0f,0f,1f],start_interpolation:0}
execute if entity @s[tag=aj.grey_guardian.bone.right_shoulder] run data modify entity @s {} merge value {transformation:[-0.04630467416156592f,0.08843400809350309f,-0.9950051775560315f,0.2951846102012098f,-0.15673795620982442f,0.9830925305203077f,0.09466936948319205f,1.2489441224932563f,0.9865541496714506f,0.16033871225532592f,-0.03166081360839346f,-0.20315966421975878f,0f,0f,0f,1f],start_interpolation:0}
execute if entity @s[tag=aj.grey_guardian.bone.upper_body] run data modify entity @s {} merge value {transformation:[-0.571789568609994f,0.08927435970202113f,-0.8155285267411505f,-0.002028379974666031f,-0.06645233334509199f,0.9857554121012557f,0.15450033950149186f,0.6266359375000001f,0.8177045778407934f,0.14253545598509032f,-0.5577121723302555f,0.0708662648036268f,0f,0f,0f,1f],start_interpolation:0}
execute if entity @s[tag=aj.grey_guardian.bone.body] run data modify entity @s {} merge value {transformation:[-0.9999818909669067f,0f,-0.006018117500480114f,-6.5972488474317385e-18f,0f,1f,0f,0.3942215625f,0.006018117500480114f,0f,-0.9999818909669067f,0.053870625f,0f,0f,0f,1f],start_interpolation:0}