execute if entity @s[tag=aj.grey_guardian.bone.head] run data modify entity @s {} merge value {transformation:[-0.9759229941606511f,0.10101595563632439f,-0.1933134402347379f,0.09391710057018807f,0.0740038330550879f,0.9870688029067075f,0.14219216230676746f,1.2334568398497778f,0.20517734319769332f,0.12446266522616156f,-0.9707787094920943f,0.17935080815415796f,0f,0f,0f,1f],start_interpolation:0}
execute if entity @s[tag=aj.grey_guardian.bone.sword] run data modify entity @s {} merge value {transformation:[-0.19645990112070105f,-0.20268459776722586f,-0.9593343843934616f,0.08711336593991986f,0.7182814385934982f,0.6362531211995647f,-0.28152040909295906f,0.5476013962678469f,0.6674393472246741f,-0.7443795534482056f,0.020586359186383407f,1.28449943028368f,0f,0f,0f,1f],start_interpolation:0}
execute if entity @s[tag=aj.grey_guardian.bone.axe] run data modify entity @s {} merge value {transformation:[-0.000004853714016279938f,-0.0000020388266366567783f,-0.000008502037767137151f,0.08058825169874562f,0.0000036470327200433207f,0.000008365753244932057f,-0.000004088193364292129f,0.49623070933971747f,0.00000794610675658848f,-0.000005085013135732058f,-0.0000033169306327282973f,1.3199772807912924f,0f,0f,0f,1f],start_interpolation:0}
execute if entity @s[tag=aj.grey_guardian.bone.left_arm_2] run data modify entity @s {} merge value {transformation:[-0.4853714016279938f,-0.2038826636656778f,-0.850203776713715f,-0.4089328200902315f,0.36470327200433206f,0.8365753244932057f,-0.4088193364292129f,0.7455413841180218f,0.7946106756588479f,-0.5085013135732057f,-0.3316930632728297f,0.9646552265742306f,0f,0f,0f,1f],start_interpolation:0}
execute if entity @s[tag=aj.grey_guardian.bone.left_arm] run data modify entity @s {} merge value {transformation:[-0.8857817256481929f,-0.19064613129647365f,-0.42313684208468205f,-0.35273899001014686f,0.08700628727338461f,0.8273524096228929f,-0.5549035017605263f,1.0032875779198582f,0.4558734917524933f,-0.5283389469960366f,-0.7162662330478162f,0.5790766071052607f,0f,0f,0f,1f],start_interpolation:0}
execute if entity @s[tag=aj.grey_guardian.bone.left_shoulder] run data modify entity @s {} merge value {transformation:[-0.8857817256481929f,0.14530803503840778f,-0.44076786346214747f,-0.20115046694148625f,0.08700628727338461f,0.9848755531312562f,0.14983341022383403f,1.2135298205382903f,0.4558734917524933f,0.09437012131855778f,-0.8850274796410053f,0.5027206025649937f,0f,0f,0f,1f],start_interpolation:0}
execute if entity @s[tag=aj.grey_guardian.bone.right_arm_2] run data modify entity @s {} merge value {transformation:[-0.18800929545789863f,0.08076309817818393f,-0.9788410630914935f,0.3452167435895095f,-0.0015154825716260454f,0.9965883811847883f,0.08251849368510264f,0.722460819817081f,0.9821660797105545f,0.016997660431490383f,-0.18724548434036034f,-0.6873653008397567f,0f,0f,0f,1f],start_interpolation:0}
execute if entity @s[tag=aj.grey_guardian.bone.right_arm] run data modify entity @s {} merge value {transformation:[-0.0303669675481108f,0.07332250736222089f,-0.9968458542804142f,0.3079563076334935f,-0.20532461724266338f,0.9755797033966154f,0.07801310066088897f,1.0915839216690955f,0.9782226989985896f,0.2070460147761586f,-0.01457048143422035f,-0.45131621570805136f,0f,0f,0f,1f],start_interpolation:0}
execute if entity @s[tag=aj.grey_guardian.bone.right_shoulder] run data modify entity @s {} merge value {transformation:[-0.0303669675481108f,0.07332250736222089f,-0.9968458542804142f,0.27992609584141576f,-0.20532461724266338f,0.9755797033966154f,0.07801310066088897f,1.2711092722043122f,0.9782226989985896f,0.2070460147761586f,-0.01457048143422035f,-0.21563390984032177f,0f,0f,0f,1f],start_interpolation:0}
execute if entity @s[tag=aj.grey_guardian.bone.upper_body] run data modify entity @s {} merge value {transformation:[-0.5552095268289159f,0.07546439335187853f,-0.8282798480311133f,-0.0016857689219392665f,-0.06645233334509199f,0.9886663763461717f,0.13462126011712564f,0.6471828125000001f,0.8290515476804827f,0.12978413469512742f,-0.5439022059801127f,0.07090365998493658f,0f,0f,0f,1f],start_interpolation:0}
execute if entity @s[tag=aj.grey_guardian.bone.body] run data modify entity @s {} merge value {transformation:[-0.9996580014916622f,0f,-0.026151100429921633f,-6.5972488474317385e-18f,0f,1f,0f,0.4147684375f,0.026151100429921633f,0f,-0.9996580014916622f,0.053870625f,0f,0f,0f,1f],start_interpolation:0}