execute if entity @s[tag=aj.grey_guardian.bone.head] run data modify entity @s {} merge value {transformation:[-0.9732368890068095f,0.10405001623668118f,-0.20489888237248471f,0.08964809271590797f,0.07737441370742784f,0.9879332920777274f,0.13416784453771227f,1.2350167816052666f,0.21638659380788539f,0.11472316472975418f,-0.9695439327305446f,0.1746663509772672f,0f,0f,0f,1f],start_interpolation:0}
execute if entity @s[tag=aj.grey_guardian.bone.sword] run data modify entity @s {} merge value {transformation:[-0.19213927329019342f,-0.2000831833715122f,-0.9607545052673123f,0.08320743622624166f,0.7240684945765544f,0.6319210937053514f,-0.2764064877890435f,0.5626994583829241f,0.6624253277322347f,-0.7487606099830268f,0.02345706965260491f,1.2972078968890077f,0f,0f,0f,1f],start_interpolation:0}
execute if entity @s[tag=aj.grey_guardian.bone.axe] run data modify entity @s {} merge value {transformation:[-0.000004827539442435797f,-0.0000020003133959991416f,-0.000008526054729446267f,0.07644999372045724f,0.000003729110487855179f,0.000008339381758008099f,-0.000004067978228010848f,0.511619659613315f,0.000007923925662264582f,-0.000005143292545829779f,-0.0000032799304698296082f,1.3330602830914073f,0f,0f,0f,1f],start_interpolation:0}
execute if entity @s[tag=aj.grey_guardian.bone.left_arm_2] run data modify entity @s {} merge value {transformation:[-0.48275394424357965f,-0.20003133959991415f,-0.8526054729446266f,-0.4121045351258822f,0.37291104878551784f,0.8339381758008098f,-0.4067978228010848f,0.7608932239561107f,0.7923925662264582f,-0.5143292545829778f,-0.3279930469829608f,0.9763844961918136f,0f,0f,0f,1f],start_interpolation:0}
execute if entity @s[tag=aj.grey_guardian.bone.left_arm] run data modify entity @s {} merge value {transformation:[-0.8766978269655678f,-0.18149450503950368f,-0.4454892421084003f,-0.3564828175514059f,0.11546299229054202f,0.8196253035731083f,-0.5611440627450356f,1.0090374513609313f,0.46697881922541784f,-0.5433913013502847f,-0.6976078239323861f,0.5844758516204926f,0f,0f,0f,1f],start_interpolation:0}
execute if entity @s[tag=aj.grey_guardian.bone.left_shoulder] run data modify entity @s {} merge value {transformation:[-0.8766978269655678f,0.16715638424536028f,-0.45106503233998174f,-0.20174848643583848f,0.11546299229054202f,0.9833945948527844f,0.14001202886053157f,1.2143432206133677f,0.46697881922541784f,0.07066692309946401f,-0.8814402806625581f,0.5013016475509494f,0f,0f,0f,1f],start_interpolation:0}
execute if entity @s[tag=aj.grey_guardian.bone.right_arm_2] run data modify entity @s {} merge value {transformation:[-0.1760348745203316f,0.07930313886360967f,-0.9811843532787251f,0.3374929501828625f,0.014810359226734156f,0.9968502122210042f,0.07791217911542242f,0.7373865233614845f,0.984272511153383f,-0.0008164320655198272f,-0.1766549099982681f,-0.7100299460590223f,0f,0f,0f,1f],start_interpolation:0}
execute if entity @s[tag=aj.grey_guardian.bone.right_arm] run data modify entity @s {} merge value {transformation:[-0.01957438683441992f,0.06561223509805372f,-0.9976531852229482f,0.29873609867213446f,-0.23293892381705988f,0.9700850808535002f,0.06836953763488471f,1.0993599767139837f,0.9722943490276013f,0.2337305510858511f,-0.0037051772019534024f,-0.4633874912199546f,0f,0f,0f,1f],start_interpolation:0}
execute if entity @s[tag=aj.grey_guardian.bone.right_shoulder] run data modify entity @s {} merge value {transformation:[-0.01957438683441992f,0.06561223509805372f,-0.9976531852229482f,0.27106360339001767f,-0.23293892381705988f,0.9700850808535002f,0.06836953763488471f,1.2719226722793895f,0.9722943490276013f,0.2337305510858511f,-0.0037051772019534024f,-0.2225191814299502f,0f,0f,0f,1f],start_interpolation:0}
execute if entity @s[tag=aj.grey_guardian.bone.upper_body] run data modify entity @s {} merge value {transformation:[-0.5456715146392793f,0.06737828521985227f,-0.8352860377093029f,-0.0014904469442886675f,-0.06645233334509196f,0.9901443040780723f,0.1232815659161691f,0.6471828125000001f,0.8353602130244578f,0.12277794501693781f,-0.5358160978480866f,0.07092186148192442f,0f,0f,0f,1f],start_interpolation:0}
execute if entity @s[tag=aj.grey_guardian.bone.body] run data modify entity @s {} merge value {transformation:[-0.9992926363830149f,0f,-0.037606207874281115f,-6.5972488474317385e-18f,0f,1f,0f,0.4147684375f,0.037606207874281115f,0f,-0.9992926363830149f,0.053870625f,0f,0f,0f,1f],start_interpolation:0}