execute if entity @s[tag=aj.grey_guardian.bone.head] run data modify entity @s {} merge value {transformation:[-0.9815674393134182f,0.09347634803903043f,-0.16669593407454575f,0.10305651999407653f,0.06661031545068272f,0.9848599660353087f,0.16004347277065545f,1.2012184504410652f,0.17913243133296597f,0.14598979299326734f,-0.9729329639736355f,0.19016593211459126f,0f,0f,0f,1f],start_interpolation:0}
execute if entity @s[tag=aj.grey_guardian.bone.sword] run data modify entity @s {} merge value {transformation:[-0.20815888056457793f,-0.20641290195633225f,-0.9560667311166451f,0.09498148014089708f,0.705062363670562f,0.6458126041142224f,-0.2929388053885772f,0.4869036794703242f,0.6779062942452903f,-0.7350644830715003f,0.011102339818520046f,1.25672582625181f,0f,0f,0f,1f],start_interpolation:0}
execute if entity @s[tag=aj.grey_guardian.bone.axe] run data modify entity @s {} merge value {transformation:[-0.000004935433960272135f,-0.000002111250106970701f,-0.000008437067891726884f,0.08888150739904854f,0.000003461421627476289f,0.000008422661132538576f,-0.000004132473806724417f,0.4348935830270161f,0.000007978724957073775f,-0.000004959980083855196f,-0.0000034261561008115036f,1.291337134641919f,0f,0f,0f,1f],start_interpolation:0}
execute if entity @s[tag=aj.grey_guardian.bone.left_arm_2] run data modify entity @s {} merge value {transformation:[-0.49354339602721353f,-0.2111250106970701f,-0.8437067891726884f,-0.4017513272971463f,0.3461421627476289f,0.8422661132538575f,-0.4132473806724417f,0.6842167044735981f,0.7978724957073775f,-0.4959980083855195f,-0.3426156100811503f,0.9375605707954933f,0f,0f,0f,1f],start_interpolation:0}
execute if entity @s[tag=aj.grey_guardian.bone.left_arm] run data modify entity @s {} merge value {transformation:[-0.9048505397312667f,-0.2108274017354974f,-0.36986120021637137f,-0.3440557621429442f,0.024020649130174924f,0.8421041427434184f,-0.5387797520227885f,0.9625132827310524f,0.42505118416891935f,-0.4963994555313609f,-0.7569141770272029f,0.5667722820892158f,0f,0f,0f,1f],start_interpolation:0}
execute if entity @s[tag=aj.grey_guardian.bone.left_shoulder] run data modify entity @s {} merge value {transformation:[-0.9048505397312667f,0.09443633976500988f,-0.4151232087944773f,-0.20005206649768198f,0.024020649130174924f,0.9848586242068297f,0.17168721193145292f,1.1829544847741058f,0.42505118416891935f,0.1453797374368871f,-0.8934182798551757f,0.5061114840476537f,0f,0f,0f,1f],start_interpolation:0}
execute if entity @s[tag=aj.grey_guardian.bone.right_arm_2] run data modify entity @s {} merge value {transformation:[-0.21297667354872712f,0.08231380081665857f,-0.9735837789934848f,0.35890687860880216f,-0.03830450765819543f,0.9949754747908202f,0.09250172570198373f,0.6623887958219665f,0.9763061513773139f,0.05699335715587603f,-0.20875357726975727f,-0.6355821387760473f,0f,0f,0f,1f],start_interpolation:0}
execute if entity @s[tag=aj.grey_guardian.bone.right_arm] run data modify entity @s {} merge value {transformation:[-0.04995125171659931f,0.09284515085521361f,-0.9944267948997643f,0.3266686633817788f,-0.14358198034617356f,0.9846595252971634f,0.09914552012792013f,1.0461686385528446f,0.9883769965816769f,0.1477342113534892f,-0.03585408517793487f,-0.4233720900214263f,0f,0f,0f,1f],start_interpolation:0}
execute if entity @s[tag=aj.grey_guardian.bone.right_shoulder] run data modify entity @s {} merge value {transformation:[-0.04995125171659931f,0.09284515085521361f,-0.9944267948997643f,0.2992534356303588f,-0.14358198034617356f,0.9846595252971634f,0.09914552012792013f,1.2405339364401278f,0.9883769965816769f,0.1477342113534892f,-0.03585408517793487f,-0.19969435348612263f,0f,0f,0f,1f],start_interpolation:0}
execute if entity @s[tag=aj.grey_guardian.bone.upper_body] run data modify entity @s {} merge value {transformation:[-0.5762475103254738f,0.09293102901149797f,-0.8119745258877011f,-0.0021211834177093047f,-0.06645233334509199f,0.9848967938050589f,0.1598824347622595f,0.61870625f,0.8145691463815001f,0.14608945683853958f,-0.5613688416397322f,0.07085493183203424f,0f,0f,0f,1f],start_interpolation:0}
execute if entity @s[tag=aj.grey_guardian.bone.body] run data modify entity @s {} merge value {transformation:[-0.9999998454766544f,0f,-0.0005559196590379542f,-6.5972488474317385e-18f,0f,1f,0f,0.386291875f,0.0005559196590379542f,0f,-0.9999998454766544f,0.053870625f,0f,0f,0f,1f],start_interpolation:0}