execute if entity @s[tag=aj.grey_guardian.bone.head] run data modify entity @s {} merge value {transformation:[-0.9728835493827597f,0.10442637888791764f,-0.20638006379677348f,0.08908891069277916f,0.07781195438315576f,0.9880393100608051f,0.1331300925021903f,1.2168610756669334f,0.21781390932508637f,0.11346124081343872f,-0.9693728115320741f,0.17406862777722193f,0f,0f,0f,1f],start_interpolation:0}
execute if entity @s[tag=aj.grey_guardian.bone.sword] run data modify entity @s {} merge value {transformation:[-0.19162495051404166f,-0.19970589548176093f,-0.9609357073448351f,0.08268533292035618f,0.7248103997428221f,0.6313573453848897f,-0.27574950018666533f,0.5463298990099807f,0.6617626181382124f,-0.7493366784953028f,0.02376508986907727f,1.2988601756660363f,0f,0f,0f,1f],start_interpolation:0}
execute if entity @s[tag=aj.grey_guardian.bone.axe] run data modify entity @s {} merge value {transformation:[-0.000004824646278740766f,-0.000001995078893548253f,-0.00000852891836598001f,0.07589606722348258f,0.00000373966002801914f,0.000008335920440300474f,-0.000004065387224830702f,0.49528790597443584f,0.000007920715318698733f,-0.000005150931044141345f,-0.00000327569507412277f,1.3347603607104812f,0f,0f,0f,1f],start_interpolation:0}
execute if entity @s[tag=aj.grey_guardian.bone.left_arm_2] run data modify entity @s {} merge value {transformation:[-0.48246462787407657f,-0.19950788935482525f,-0.852891836598001f,-0.41251285093559215f,0.373966002801914f,0.8335920440300474f,-0.4065387224830701f,0.7445528767445886f,0.7920715318698732f,-0.5150931044141345f,-0.327569507412277f,0.9778792075144742f,0f,0f,0f,1f],start_interpolation:0}
execute if entity @s[tag=aj.grey_guardian.bone.left_arm] run data modify entity @s {} merge value {transformation:[-0.8755047367032371f,-0.18030879433900857f,-0.448308147030821f,-0.35696010257446537f,0.11914456980933097f,0.8185745260850754f,-0.561907747525823f,0.9914388773384933f,0.46829053748196175f,-0.5453663758691101f,-0.6951830611977307f,0.585166954573123f,0f,0f,0f,1f],start_interpolation:0}
execute if entity @s[tag=aj.grey_guardian.bone.left_shoulder] run data modify entity @s {} merge value {transformation:[-0.8755047367032371f,0.1699350064346356f,-0.45234229251558544f,-0.20183035557874965f,0.11914456980933097f,0.9831358183844324f,0.13873908639789226f,1.196091011820886f,0.46829053748196175f,0.06757259945889835f,-0.8809868990553846f,0.5011230030622341f,0f,0f,0f,1f],start_interpolation:0}
execute if entity @s[tag=aj.grey_guardian.bone.right_arm_2] run data modify entity @s {} merge value {transformation:[-0.17445351511108212f,0.0790744708008192f,-0.9814852006693519f,0.3364213551520392f,0.016914204241863802f,0.9968638460854596f,0.07730706347139159f,0.7209960285210989f,0.9845201271483749f,-0.0031145521789883376f,-0.1752438837862035f,-0.7129300296442256f,0f,0f,0f,1f],start_interpolation:0}
execute if entity @s[tag=aj.grey_guardian.bone.right_arm] run data modify entity @s {} merge value {transformation:[-0.018091123636321593f,0.06466734604031085f,-0.9977428754953241f,0.2975067966942825f,-0.2364985881999422f,0.9693112455826582f,0.06711279286715685f,1.0820203671870101f,0.9714633956176679f,0.23717892727453344f,-0.002242193544742088f,-0.4649250719702321f,0f,0f,0f,1f],start_interpolation:0}
execute if entity @s[tag=aj.grey_guardian.bone.right_shoulder] run data modify entity @s {} merge value {transformation:[-0.018091123636321593f,0.06466734604031085f,-0.9977428754953241f,0.2699097462451422f,-0.2364985881999422f,0.9693112455826582f,0.06711279286715685f,1.2536704634869078f,0.9714633956176679f,0.23717892727453344f,-0.002242193544742088f,-0.22339693529921256f,0f,0f,0f,1f],start_interpolation:0}
execute if entity @s[tag=aj.grey_guardian.bone.upper_body] run data modify entity @s {} merge value {transformation:[-0.5444343353680757f,0.0663222408500766f,-0.8361773824021707f,-0.001465204413122001f,-0.06645233334509197f,0.9903257125966511f,0.12181572297091992f,0.6288312500000001f,0.8361670538028357f,0.12188660032406991f,-0.534760053478311f,0.07092404910438495f,0f,0f,0f,1f],start_interpolation:0}
execute if entity @s[tag=aj.grey_guardian.bone.body] run data modify entity @s {} merge value {transformation:[-0.9992358731520469f,0f,-0.039085416795353385f,-6.5972488474317385e-18f,0f,1f,0f,0.396416875f,0.039085416795353385f,0f,-0.9992358731520469f,0.053870625f,0f,0f,0f,1f],start_interpolation:0}