execute if entity @s[tag=aj.grey_guardian.bone.head] run data modify entity @s {} merge value {transformation:[-0.9740446061637216f,0.10317038879516889f,-0.20147698647541368f,0.09092820122432906f,0.07636931174571551f,0.9876844079026598f,0.13655489229411816f,1.2140142887220404f,0.21308409942284773f,0.11762389749462554f,-0.9699277216944198f,0.1760482946119887f,0f,0f,0f,1f],start_interpolation:0}
execute if entity @s[tag=aj.grey_guardian.bone.sword] run data modify entity @s {} merge value {transformation:[-0.19336131548061708f,-0.20091571432410765f,-0.9603355025267153f,0.08439358156354054f,0.7223563760785706f,0.6332144513359272f,-0.27792215557233846f,0.5376194228625913f,0.663937246744178f,-0.747443867027467f,0.022693568004747755f,1.2934146314382455f,0f,0f,0f,1f],start_interpolation:0}
execute if entity @s[tag=aj.grey_guardian.bone.axe] run data modify entity @s {} merge value {transformation:[-0.000004834624285591316f,-0.000002012136346071655f,-0.000008519255562664385f,0.07770781180652203f,0.0000037047867086444944f,0.000008347296733243498f,-0.000004073965229433546f,0.48645282932158107f,0.00000793101276386703f,-0.0000051258116012978695f,-0.000003290150751466929f,1.3291565208137937f,0f,0f,0f,1f],start_interpolation:0}
execute if entity @s[tag=aj.grey_guardian.bone.left_arm_2] run data modify entity @s {} merge value {transformation:[-0.4834624285591316f,-0.20121363460716546f,-0.8519255562664385f,-0.4111638308436638f,0.3704786708644494f,0.8347296733243497f,-0.40739652294335454f,0.7357424334477836f,0.7931012763867029f,-0.5125811601297869f,-0.32901507514669287f,0.9729267287076518f,0f,0f,0f,1f],start_interpolation:0}
execute if entity @s[tag=aj.grey_guardian.bone.left_arm] run data modify entity @s {} merge value {transformation:[-0.8794271444582797f,-0.18422024590250768f,-0.43894281927100215f,-0.35537903788123537f,0.10699486734085242f,0.8219972705186855f,-0.5593501458143586f,0.9867665699689435f,0.46385342076206515f,-0.5388723302039643f,-0.7031760915929095f,0.5828797334520224f,0f,0f,0f,1f],start_interpolation:0}
execute if entity @s[tag=aj.grey_guardian.bone.left_shoulder] run data modify entity @s {} merge value {transformation:[-0.8794271444582797f,0.16072405811719245f,-0.44807998698033524f,-0.20156407302609047f,0.10699486734085242f,0.9839314396137799f,0.14293712079885976f,1.193562742810702f,0.46385342076206515f,0.07776052521617752f,-0.8824926655590031f,0.5017168119833443f,0f,0f,0f,1f],start_interpolation:0}
execute if entity @s[tag=aj.grey_guardian.bone.right_arm_2] run data modify entity @s {} merge value {transformation:[-0.17964415588220234f,0.07979351004836163f,-0.9804901697679242f,0.33989436768474734f,0.00996492108540229f,0.9968013721044257f,0.07929517588413738f,0.7123551639676884f,0.9836811869732656f,0.004474407770486594f,-0.17986467710467954f,-0.7033315474962775f,0f,0f,0f,1f],start_interpolation:0}
execute if entity @s[tag=aj.grey_guardian.bone.right_arm] run data modify entity @s {} merge value {transformation:[-0.022910642791379887f,0.06783180532689921f,-0.9974336813207079f,0.3015316455801028f,-0.2247399301367073f,0.9718102679044807f,0.07125143505621137f,1.0764906859110364f,0.9741494065332246f,0.22579559203296068f,-0.0070202827187405f,-0.4598300111319921f,0f,0f,0f,1f],start_interpolation:0}
execute if entity @s[tag=aj.grey_guardian.bone.right_shoulder] run data modify entity @s {} merge value {transformation:[-0.022910642791379887f,0.06783180532689921f,-0.9974336813207079f,0.27371105402387724f,-0.2247399301367073f,0.9718102679044807f,0.07125143505621137f,1.2511421944767238f,0.9741494065332246f,0.22579559203296068f,-0.0070202827187405f,-0.22048912703940238f,0f,0f,0f,1f],start_interpolation:0}
execute if entity @s[tag=aj.grey_guardian.bone.upper_body] run data modify entity @s {} merge value {transformation:[-0.5485141011162641f,0.06979851360738051f,-0.8332229283780044f,-0.0015485253372519792f,-0.06645233334509197f,0.9897185855824984f,0.1266538935270911f,0.6266359375000001f,0.8334964716599642f,0.12484105434823622f,-0.5382363262356147f,0.07091668515876215f,0f,0f,0f,1f],start_interpolation:0}
execute if entity @s[tag=aj.grey_guardian.bone.body] run data modify entity @s {} merge value {transformation:[-0.9994149479166323f,0f,-0.03420178183655259f,-6.5972488474317385e-18f,0f,1f,0f,0.3942215625f,0.03420178183655259f,0f,-0.9994149479166323f,0.053870625f,0f,0f,0f,1f],start_interpolation:0}