execute if entity @s[tag=aj.grey_guardian.bone.head] run data modify entity @s {} merge value {transformation:[-0.9812379644764024f,0.09396712196584024f,-0.16835152823679156f,0.10251400154960248f,0.06705586411038189f,0.9850059097103112f,0.15895555644321532f,1.2038343131729112f,0.1807638463814496f,0.1446842694463331f,-0.9728262404027581f,0.18949141661072183f,0f,0f,0f,1f],start_interpolation:0}
execute if entity @s[tag=aj.grey_guardian.bone.sword] run data modify entity @s {} merge value {transformation:[-0.20736700933297508f,-0.2062687073280364f,-0.9562699115927042f,0.09453404725643699f,0.7058826493654357f,0.645229510157556f,-0.29224743719436364f,0.4911914057926512f,0.6772950677253832f,-0.7356168157397308f,0.011802187755145244f,1.2583965327575402f,0f,0f,0f,1f],start_interpolation:0}
execute if entity @s[tag=aj.grey_guardian.bone.axe] run data modify entity @s {} merge value {transformation:[-0.000004929551911603642f,-0.000002107386878599398f,-0.00000844147134655517f,0.08841193272149428f,0.0000034728478464924604f,0.000008419234660165673f,-0.00000412986871125193f,0.4392200345796924f,0.000007977395927614324f,-0.000004967434778733595f,-0.0000034184420330188944f,1.293062059665906f,0f,0f,0f,1f],start_interpolation:0}
execute if entity @s[tag=aj.grey_guardian.bone.left_arm_2] run data modify entity @s {} merge value {transformation:[-0.4929551911603642f,-0.21073868785993982f,-0.8441471346555169f,-0.4021950906991152f,0.347284784649246f,0.8419234660165673f,-0.41298687112519294f,0.6885409241570233f,0.7977395927614324f,-0.49674347787335943f,-0.3418442033018894f,0.9392481296297741f,0f,0f,0f,1f],start_interpolation:0}
execute if entity @s[tag=aj.grey_guardian.bone.left_arm] run data modify entity @s {} merge value {transformation:[-0.9037423532716821f,-0.20960734854288304f,-0.3732486012563f,-0.3445994762987588f,0.02783730736432486f,0.841297871309119f,-0.5398545878747805f,0.9656171357691703f,0.427170742469175f,-0.4982796917069442f,-0.7544816138321506f,0.5675315212968853f,0f,0f,0f,1f],start_interpolation:0}
execute if entity @s[tag=aj.grey_guardian.bone.left_shoulder] run data modify entity @s {} merge value {transformation:[-0.9037423532716821f,0.0976243523054702f,-0.4167964068222032f,-0.20010949920194782f,0.02783730736432486f,0.9849903271274034f,0.17035005073129528f,1.1854689032706418f,0.427170742469175f,0.14235006604279538f,-0.8928950752893341f,0.5058957590986233f,0f,0f,0f,1f],start_interpolation:0}
execute if entity @s[tag=aj.grey_guardian.bone.right_arm_2] run data modify entity @s {} merge value {transformation:[-0.21152264028506368f,0.08227684239015119f,-0.9739038422006258f,0.35820736551304794f,-0.036040277229811915f,0.995116140375924f,0.09189649384238092f,0.6666225175346953f,0.976708385888047f,0.054537953478570086f,-0.207524313193263f,-0.6387859551818773f,0f,0f,0f,1f],start_interpolation:0}
execute if entity @s[tag=aj.grey_guardian.bone.right_arm] run data modify entity @s {} merge value {transformation:[-0.04893671511823816f,0.09156916530343698f,-0.9945955388393153f,0.3255987560028873f,-0.14734756351927913f,0.9842312569782335f,0.09786484717189572f,1.0495599618304587f,0.987873419744842f,0.1513404134812587f,-0.03467255123225377f,-0.4251157248220002f,0f,0f,0f,1f],start_interpolation:0}
execute if entity @s[tag=aj.grey_guardian.bone.right_shoulder] run data modify entity @s {} merge value {transformation:[-0.04893671511823816f,0.09156916530343698f,-0.9945955388393153f,0.2980912776831925f,-0.14734756351927913f,0.9842312569782335f,0.09786484717189572f,1.2430483549366638f,0.987873419744842f,0.1513404134812587f,-0.03467255123225377f,-0.20069029416250153f,0f,0f,0f,1f],start_interpolation:0}
execute if entity @s[tag=aj.grey_guardian.bone.upper_body] run data modify entity @s {} merge value {transformation:[-0.5749725490680835f,0.09188776413407228f,-0.8129964370282268f,-0.0020946117360076755f,-0.06645233334509197f,0.9851456978475802f,0.15834153405028337f,0.62108125f,0.8154695918372085f,0.14506754569801397f,-0.5603255767623067f,0.07085822928464322f,0f,0f,0f,1f],start_interpolation:0}
execute if entity @s[tag=aj.grey_guardian.bone.body] run data modify entity @s {} merge value {transformation:[-0.9999977522669264f,0f,-0.0021202502434652885f,-6.5972488474317385e-18f,0f,1f,0f,0.388666875f,0.0021202502434652885f,0f,-0.9999977522669264f,0.053870625f,0f,0f,0f,1f],start_interpolation:0}