execute if entity @s[tag=aj.heiloang_aj.bone.head_lower] run data modify entity @s {} merge value {transformation:[-0.7986318271759599f,-0.04578567706951068f,0.00953291124862038f,-0.0740718373745421f,-0.04176261717144578f,0.7715873030606929f,0.20714467785226232f,5.158918752337046f,-0.02104966575931431f,0.20629276654990295f,-0.7726578842156524f,0.9571475283493195f,0f,0f,0f,1f],start_interpolation:0}
execute if entity @s[tag=aj.heiloang_aj.bone.horne_right] run data modify entity @s {} merge value {transformation:[-0.6076474697986703f,-0.5189937849467112f,0.03755001509934138f,-0.38744313187576346f,0.061099667714986386f,-0.12849507954046643f,-0.7872457336429377f,4.848343284340333f,0.516750793954293f,-0.5950919808908335f,0.1372375722134132f,0.5378883241361003f,0f,0f,0f,1f],start_interpolation:0}
execute if entity @s[tag=aj.heiloang_aj.bone.horne_left] run data modify entity @s {} merge value {transformation:[-0.5699788234655198f,0.5601018989138504f,0.03755001509934138f,0.29155364758923763f,-0.122680930047755f,-0.07206624912960564f,-0.7872457336429377f,4.883849861459497f,-0.5477896769778341f,-0.5666500847696827f,0.1372375722134132f,0.5557847499646693f,0f,0f,0f,1f],start_interpolation:0}
execute if entity @s[tag=aj.heiloang_aj.bone.head_upper] run data modify entity @s {} merge value {transformation:[-1.1698159346516668f,0.04083547305057314f,0.05500232336713778f,-0.059544907719427886f,-0.0611728375673045f,-0.19923114785661938f,-1.1531378694968342f,4.913356502109453f,-0.030833024162599625f,-1.1540370558454656f,0.20102216483890234f,0.8687306315212451f,0f,0f,0f,1f],start_interpolation:0}
execute if entity @s[tag=aj.heiloang_aj.bone.neck_0] run data modify entity @s {} merge value {transformation:[-0.9941298281522569f,0.019771446571218976f,0.10637186977037433f,-0.014529293479940416f,-0.10522291109962041f,0.052130072371056546f,-0.9930813635016567f,4.485044660247311f,-0.025179828388720515f,-0.9984445630354595f,-0.0497436507229288f,0.9132594898516337f,0f,0f,0f,1f],start_interpolation:0}
execute if entity @s[tag=aj.heiloang_aj.bone.neck_1] run data modify entity @s {} merge value {transformation:[-0.9999275299758524f,0.004183376255653751f,-0.011288673947566656f,-0.018590247599451267f,0.012037473512318052f,0.33305494813357783f,-0.9428305790306017f,4.145669565884497f,-0.00018446634131721602f,-0.9428981391894053f,-0.33308116891431355f,0.7801247028238513f,0f,0f,0f,1f],start_interpolation:0}
execute if entity @s[tag=aj.heiloang_aj.bone.neck_2] run data modify entity @s {} merge value {transformation:[-0.9999296447558033f,0.0032956481414842063f,-0.011394921757544665f,-0.023370353484321277f,0.011657200709991497f,0.45072763583628334f,-0.8925854065382436f,3.764780526589876f,0.0021943587081438426f,-0.8926554413640025f,-0.4507343428152526f,0.6253325082754636f,0f,0f,0f,1f],start_interpolation:0}
execute if entity @s[tag=aj.heiloang_aj.bone.neck_3] run data modify entity @s {} merge value {transformation:[-0.999994895165813f,0.00042239375424384454f,0.003167211049356412f,-0.021741550559030542f,-0.0024272398814662974f,0.5442177203702703f,-0.8389405112053798f,3.3174498996701756f,-0.0020780156093275683f,-0.8389439161341494f,-0.5442139169780801f,0.3640178818483908f,0f,0f,0f,1f],start_interpolation:0}
execute if entity @s[tag=aj.heiloang_aj.bone.wing_right_2] run data modify entity @s {} merge value {transformation:[-1.3983421649743797f,1.8411083268764485f,-0.43420654610677717f,-3.891180871927734f,1.7788399092087421f,1.096206849486703f,-1.080571666695772f,5.301416341778048f,-0.6433846232091708f,-0.9706836138339047f,-2.0438702392210106f,-0.4494533861910194f,0f,0f,0f,1f],start_interpolation:0}
execute if entity @s[tag=aj.heiloang_aj.bone.wing_right_1] run data modify entity @s {} merge value {transformation:[-2.677621424389697f,1.906934927576407f,-0.617382752057792f,-2.128700872315735f,1.950347492241191f,2.241151042339203f,-1.5364261901667777f,4.047864240451567f,-0.46228447957701f,-1.5899874088529964f,-2.906105963747906f,-0.1025732355497612f,0f,0f,0f,1f],start_interpolation:0}
execute if entity @s[tag=aj.heiloang_aj.bone.wing_right_0] run data modify entity @s {} merge value {transformation:[-1.9026258763093264f,1.0679412415979874f,-0.4097758891056373f,-0.36230361942517797f,1.1276359528865585f,1.61768343655906f,-1.019773237950521f,2.99084602940472f,-0.19196857179181423f,-1.0821283674207125f,-1.9288717593110212f,0.06051982121586583f,0f,0f,0f,1f],start_interpolation:0}
execute if entity @s[tag=aj.heiloang_aj.bone.wing_left_2] run data modify entity @s {} merge value {transformation:[-1.3029897547457643f,-1.9001265733609234f,0.4746711604429501f,3.856154535504884f,-1.8429551789460978f,0.9966093168099359f,-1.0695148827222547f,5.315244689343372f,0.6628045818673388f,-0.9642950177079199f,-2.040686455926131f,-0.37140561968240693f,0f,0f,0f,1f],start_interpolation:0}
execute if entity @s[tag=aj.heiloang_aj.bone.wing_left_1] run data modify entity @s {} merge value {transformation:[-2.7065790136828234f,-1.8455716162523745f,0.6749179393639737f,2.07384012667434f,-1.927854975101334f,2.271134174638099f,-1.520704944645067f,4.076179657597937f,0.38082018140947976f,-1.6195782608366043f,-2.901579056196252f,-0.07793048638834627f,0f,0f,0f,1f],start_interpolation:0}
execute if entity @s[tag=aj.heiloang_aj.bone.wing_left_0] run data modify entity @s {} merge value {transformation:[-1.8876694106385294f,-1.0790888129778595f,0.4479637595225987f,0.3216603890341452f,-1.1563835689753221f,1.6038742791917435f,-1.0093385645813109f,2.9925061825983468f,0.16697675749481627f,-1.0915835424983282f,-1.9258671117715567f,0.06194111635713859f,0f,0f,0f,1f],start_interpolation:0}
execute if entity @s[tag=aj.heiloang_aj.bone.kazari_right] run data modify entity @s {} merge value {transformation:[-2.5802041044447344f,-0.480756876790687f,0.13523976257469847f,-2.942118827000608f,0.13791954287313565f,-1.3699287620173441f,-2.238558369854926f,3.1438972721207463f,0.47999496628242044f,-2.1906707194310022f,1.3701959056746036f,-4.3987286751143095f,0f,0f,0f,1f],start_interpolation:0}
execute if entity @s[tag=aj.heiloang_aj.bone.kazari_left] run data modify entity @s {} merge value {transformation:[-2.5802041044447344f,-0.480756876790687f,0.13523976257469847f,2.039506331948831f,0.13791954287313565f,-1.3699287620173441f,-2.238558369854926f,2.8776146693204243f,0.47999496628242044f,-2.1906707194310022f,1.3701959056746036f,-5.325459624841318f,0f,0f,0f,1f],start_interpolation:0}
execute if entity @s[tag=aj.heiloang_aj.bone.ring] run data modify entity @s {} merge value {transformation:[-2.195156712205281f,-0.1551743701748717f,-0.10066881088481894f,-0.019582426717156893f,-0.1567794595310727f,0.9247166537191457f,1.9933001773911625f,5.026460485866467f,-0.09815037296554864f,1.9934257726234323f,-0.9324947609029376f,-2.671229516802854f,0f,0f,0f,1f],start_interpolation:0}
execute if entity @s[tag=aj.heiloang_aj.bone.body_0] run data modify entity @s {} merge value {transformation:[-1.1285563222110282f,0.0012894927673364634f,0.003367602054087222f,-0.01844127558149092f,-0.002739290897377358f,0.378861200133817f,-1.0630658790762768f,2.357671947241404f,-0.0023451696252619067f,-1.0630686262792448f,-0.37885613620193864f,-0.10308486865019909f,0f,0f,0f,1f],start_interpolation:0}
execute if entity @s[tag=aj.heiloang_aj.bone.leg_right_3] run data modify entity @s {} merge value {transformation:[-0.9886576275687441f,0.038029453298268f,0.1452923127077879f,-0.6458578220042658f,0.09411306532414919f,0.9107859162871437f,0.40200963375058585f,0.3389949534118062f,-0.11704198556686903f,0.4111237956805986f,-0.9040345116419739f,-0.17539889328296243f,0f,0f,0f,1f],start_interpolation:0}
execute if entity @s[tag=aj.heiloang_aj.bone.leg_right_2] run data modify entity @s {} merge value {transformation:[-0.9886576275687441f,0.1306185536169924f,0.07412751784018975f,-0.5699148095822169f,0.09411306532414919f,0.9234538662426162f,-0.37198882759681984f,0.9181746688078543f,-0.11704198556686903f,-0.36079322384513973f,-0.9252726210377111f,-0.35117564555244735f,0f,0f,0f,1f],start_interpolation:0}
execute if entity @s[tag=aj.heiloang_aj.bone.leg_right_1] run data modify entity @s {} merge value {transformation:[-0.9960059295177689f,0.002661133463074665f,0.08924744665331923f,-0.6326905958629835f,-0.032132706625958504f,0.921900731182093f,-0.3860913506034708f,1.2598212185616608f,-0.08330472693872434f,-0.38741703655700777f,-0.9181330852632699f,0.2676010902585913f,0f,0f,0f,1f],start_interpolation:0}
execute if entity @s[tag=aj.heiloang_aj.bone.leg_right_0] run data modify entity @s {} merge value {transformation:[-0.9545981116882253f,0.2877047946599255f,0.07725539651677889f,-0.3828456505814909f,0.11188569060586757f,0.5866163816174f,-0.8020990045223574f,1.6302548590438304f,-0.2760870105581258f,-0.7570384217117377f,-0.5921729398184945f,-0.31540230409226305f,0f,0f,0f,1f],start_interpolation:0}
execute if entity @s[tag=aj.heiloang_aj.bone.leg_left_3] run data modify entity @s {} merge value {transformation:[-0.8648554566486167f,-0.2765015512956194f,-0.41901304423159524f,0.8203269753682383f,-0.38755724373523953f,0.8982634188596855f,0.20717676792259682f,0.5551815325659611f,0.31909939193526665f,0.34156949874019094f,-0.8840281984172887f,-0.7774714787523439f,0f,0f,0f,1f],start_interpolation:0}
execute if entity @s[tag=aj.heiloang_aj.bone.leg_left_2] run data modify entity @s {} merge value {transformation:[-0.8648554566486167f,-0.37606920696060797f,-0.33256125853913326f,0.6072969685508852f,-0.38755724373523953f,0.9212233353422539f,-0.03386663917836525f,1.1170529143763426f,0.31909939193526665f,0.09959677704078992f,-0.9424733736661369f,-0.6724347375696427f,0f,0f,0f,1f],start_interpolation:0}
execute if entity @s[tag=aj.heiloang_aj.bone.leg_left_1] run data modify entity @s {} merge value {transformation:[-0.8982093773812547f,-0.24630462773989065f,-0.3640795857203377f,0.8457112873572421f,-0.2650053404116476f,0.9642458368233093f,0.0014614110381829803f,1.1884100463171512f,0.35070227250145614f,0.09779568764945423f,-0.9313666944547053f,-0.007893854408873358f,0f,0f,0f,1f],start_interpolation:0}
execute if entity @s[tag=aj.heiloang_aj.bone.leg_left_0] run data modify entity @s {} merge value {transformation:[-0.7602630175926518f,-0.6330743313389045f,-0.14566068474613986f,0.3459630994185091f,-0.4566365409619186f,0.680288761829841f,-0.5733151576457367f,1.6302548590438304f,0.46204243694627145f,-0.3693563205467327f,-0.8062832597375005f,-0.31540230409226294f,0f,0f,0f,1f],start_interpolation:0}
execute if entity @s[tag=aj.heiloang_aj.bone.tail_4] run data modify entity @s {} merge value {transformation:[-0.7880185862740687f,-0.4884255242056365f,1.274881005693763f,1.6646021139593463f,-0.5534270352781954f,1.459924709114004f,0.2172388639936507f,-0.8091642071273553f,-1.248038295885779f,-0.3389907295347674f,-0.9012990962936114f,-2.860936480803696f,0f,0f,0f,1f],start_interpolation:0}
execute if entity @s[tag=aj.heiloang_aj.bone.tail_3] run data modify entity @s {} merge value {transformation:[-0.4944514371959777f,0.11667540884767115f,0.8613388562145914f,0.5105325454517394f,-0.3217314553943624f,0.895999935699502f,-0.3060604284064071f,-0.4235551337610623f,-0.8074692854001677f,-0.4284518224920004f,-0.40549030683682896f,-2.3078890814044635f,0f,0f,0f,1f],start_interpolation:0}
execute if entity @s[tag=aj.heiloang_aj.bone.tail_2] run data modify entity @s {} merge value {transformation:[-0.9133320153770361f,0.06595647037208963f,0.40183874091901206f,0.19709783602585113f,-0.16444506611898466f,0.8430162991103601f,-0.5121341032028568f,-0.007152223168479188f,-0.3725351660131484f,-0.5338288709411725f,-0.7591075593308426f,-1.723260915920509f,0f,0f,0f,1f],start_interpolation:0}
execute if entity @s[tag=aj.heiloang_aj.bone.tail_1] run data modify entity @s {} merge value {transformation:[-0.9714203738298747f,0.22560463023832494f,0.07379029830035308f,0.14324195883860077f,0.08104182708116696f,0.6074224028178193f,-0.790234298685126f,0.6206631267414927f,-0.223102397054744f,-0.7616695972467689f,-0.608345909050412f,-1.2607109803805558f,0f,0f,0f,1f],start_interpolation:0}
execute if entity @s[tag=aj.heiloang_aj.bone.tail_ring] run data modify entity @s {} merge value {transformation:[-0.9907716489147561f,-0.04242153919096817f,0.12873209669466398f,0.16042602258634134f,-0.12421017210235705f,0.6643234826675788f,-0.7370523343173956f,0.5353471712225104f,-0.054252860321258735f,-0.7462403924936575f,-0.6634620590191076f,-1.379200100000235f,0f,0f,0f,1f],start_interpolation:0}
execute if entity @s[tag=aj.heiloang_aj.bone.tail_0] run data modify entity @s {} merge value {transformation:[-0.9907716489147561f,-0.04242153919096817f,0.12873209669466398f,-0.01844127558149088f,-0.12421017210235705f,0.6643234826675788f,-0.7370523343173956f,1.549924357535253f,-0.054252860321258735f,-0.7462403924936575f,-0.6634620590191076f,-0.43554771528755876f,0f,0f,0f,1f],start_interpolation:0}
execute if entity @s[tag=aj.heiloang_aj.bone.body_1] run data modify entity @s {} merge value {transformation:[-1f,1.0860031112773434e-16f,5.660009054390175e-17f,-0.015391900581490892f,0f,0.46217481304249475f,-0.886788837429258f,1.8943542112179341f,-1.2246467991473532e-16f,-0.886788837429258f,-0.46217481304249475f,-0.3356903146365148f,0f,0f,0f,1f],start_interpolation:0}