execute if entity @s[tag=aj.heiloang_aj.bone.head_lower] run data modify entity @s {} merge value {transformation:[-0.7795340517333645f,0.030865673893100867f,-0.17712699501569162f,-0.5344308705778319f,-0.0627726927823357f,0.6918076585391801f,0.3968145065737789f,-0.0740191720416965f,0.1684821985523059f,0.400561448172015f,-0.6716876320205095f,2.5693880689143844f,0f,0f,0f,1f],start_interpolation:0}
execute if entity @s[tag=aj.heiloang_aj.bone.horne_right] run data modify entity @s {} merge value {transformation:[-0.5835528859772575f,-0.5170201257133993f,-0.1793215516186348f,-0.9074767244651709f,-0.5380548771688264f,0.49426852306355845f,0.32587662736595246f,0.40230477790635805f,-0.09981472046974371f,0.3583138522522811f,-0.7082712791449879f,2.6356395251972407f,0f,0f,0f,1f],start_interpolation:0}
execute if entity @s[tag=aj.heiloang_aj.bone.horne_left] run data modify entity @s {} merge value {transformation:[-0.5659126932523036f,0.5362710179946417f,-0.1793215516186348f,-0.24471687368146444f,0.4454931096509053f,0.5790857561623829f,0.32587662736595246f,0.4556741213098998f,0.348250933766861f,0.13066400525329064f,-0.7082712791449879f,2.4923959599880705f,0f,0f,0f,1f],start_interpolation:0}
execute if entity @s[tag=aj.heiloang_aj.bone.head_upper] run data modify entity @s {} merge value {transformation:[-1.1418419906277393f,0.019123214788656237f,-0.26266572577218583f,-0.5838660069746575f,-0.09194787107024578f,1.066235482807254f,0.47733593684996306f,0.1361419562104203f,0.2467885123844539f,0.48573481474867475f,-1.0374580629095997f,2.4220182432105632f,0f,0f,0f,1f],start_interpolation:0}
execute if entity @s[tag=aj.heiloang_aj.bone.neck_0] run data modify entity @s {} merge value {transformation:[-0.9812698458691531f,-0.17096545955265516f,-0.08877106075674641f,-0.6097975804362813f,-0.1834753241990053f,0.6890177763725747f,0.7011357281244928f,0.3909163056643343f,-0.05870515307874115f,0.7042906470219111f,-0.7074803103404781f,2.072908170329465f,0f,0f,0f,1f],start_interpolation:0}
execute if entity @s[tag=aj.heiloang_aj.bone.neck_1] run data modify entity @s {} merge value {transformation:[-0.9851146431745859f,-0.14200735717610916f,-0.09686614636117917f,-0.6468650546268331f,-0.16047597950010672f,0.5577486410468778f,0.8143487664470564f,0.6945989677983282f,-0.06161655464637529f,0.8177715841958669f,-0.5722351232450626f,1.8746163131708675f,0f,0f,0f,1f],start_interpolation:0}
execute if entity @s[tag=aj.heiloang_aj.bone.neck_2] run data modify entity @s {} merge value {transformation:[-0.9894699950831105f,-0.1283541535210705f,0.06689050832605978f,-0.6151512523889495f,-0.05996444870140293f,0.7841509425163383f,0.6176662239775421f,0.9214366833042626f,-0.13173228048646998f,0.6071511431469331f,-0.7835905152904838f,1.5331506212897925f,0f,0f,0f,1f],start_interpolation:0}
execute if entity @s[tag=aj.heiloang_aj.bone.neck_3] run data modify entity @s {} merge value {transformation:[-0.9692422674419336f,-0.038564052816046704f,0.243068387155591f,-0.48842948529192454f,0.06075610163272475f,0.9195855729508058f,0.3881637156344375f,1.100042492014114f,-0.23849134809970163f,0.39099256751393563f,-0.8889582043214671f,1.0636463767903739f,0f,0f,0f,1f],start_interpolation:0}
execute if entity @s[tag=aj.heiloang_aj.bone.wing_right_2] run data modify entity @s {} merge value {transformation:[-0.726878979793778f,-2.151873067860531f,-0.6120990564209919f,-3.275132666280176f,-2.237152255554468f,0.7046726115797431f,0.17933851309172244f,-1.8684421945339782f,0.019306489129862013f,0.6375380903341366f,-2.2642324194242045f,1.070321857183348f,0f,0f,0f,1f],start_interpolation:0}
execute if entity @s[tag=aj.heiloang_aj.bone.wing_right_1] run data modify entity @s {} merge value {transformation:[-1.567496693446577f,-2.8235992889849397f,-0.870321747503639f,-2.235623058762216f,-2.9485579731127523f,1.5582689736977673f,0.2549950150574015f,0.05815228734709854f,0.19020717159787545f,0.8867376352420426f,-3.2194310632498535f,0.9947709674169577f,0f,0f,0f,1f],start_interpolation:0}
execute if entity @s[tag=aj.heiloang_aj.bone.wing_right_0] run data modify entity @s {} merge value {transformation:[-1.628694711280079f,-1.3935793156198573f,-0.5776592668042199f,-0.7253621003215911f,-1.4734465782392885f,1.651880833609836f,0.16924802104427902f,1.430000145360269f,0.3235872657000456f,0.5075691111848338f,-2.1368352484100885f,0.6766650250898414f,0f,0f,0f,1f],start_interpolation:0}
execute if entity @s[tag=aj.heiloang_aj.bone.wing_left_2] run data modify entity @s {} merge value {transformation:[-0.5226809012032667f,2.2401734395111768f,0.4919386575041761f,2.7411342613320384f,2.2914452144573674f,0.4884265222866094f,0.21046227165087739f,-1.760183422544715f,0.0982828112071528f,0.5259643519827911f,-2.2906937804485237f,1.118596624460592f,0f,0f,0f,1f],start_interpolation:0}
execute if entity @s[tag=aj.heiloang_aj.bone.wing_left_1] run data modify entity @s {} merge value {transformation:[-1.9233999292203952f,2.645466544562574f,0.6994699756066238f,1.471207770886887f,2.7315705732830278f,1.90687995098907f,0.2992487737487964f,0.023672211776310403f,-0.162091604807942f,0.7433265682162008f,-3.2570555257064178f,1.0620259302095434f,0f,0f,0f,1f],start_interpolation:0}
execute if entity @s[tag=aj.heiloang_aj.bone.wing_left_0] run data modify entity @s {} merge value {transformation:[-1.6528523876293826f,1.4074593833614106f,0.46425969984025756f,-0.06243188976500036f,1.4655868104665228f,1.6555981270966604f,0.19862059948705216f,1.3884449464167883f,-0.220304983362643f,0.45437091207728875f,-2.161807759391116f,0.8397853562212241f,0f,0f,0f,1f],start_interpolation:0}
execute if entity @s[tag=aj.heiloang_aj.bone.kazari_right] run data modify entity @s {} merge value {transformation:[-2.5506349259907855f,0.6265203514115532f,-0.09275727539860991f,-2.027432796289867f,0.15241655597673678f,0.23360966985271023f,-2.6132481520459843f,4.074467840792099f,-0.6147364120795343f,-2.541607554280304f,-0.26305963629019274f,-2.6150630881607237f,0f,0f,0f,1f],start_interpolation:0}
execute if entity @s[tag=aj.heiloang_aj.bone.kazari_left] run data modify entity @s {} merge value {transformation:[-2.5506349259907855f,0.6265203514115532f,-0.09275727539860991f,2.8971028622352026f,0.15241655597673678f,0.23360966985271023f,-2.6132481520459843f,3.7801957137978914f,-0.6147364120795343f,-2.541607554280304f,-0.26305963629019274f,-1.428185518567542f,0f,0f,0f,1f],start_interpolation:0}
execute if entity @s[tag=aj.heiloang_aj.bone.ring] run data modify entity @s {} merge value {transformation:[-2.1338978636232513f,-0.5131503184156464f,-0.1899551107974512f,-0.35258224210632494f,0.13681781381367944f,-1.2408430066057916f,1.8150801096824283f,3.1625252402089195f,-0.5297990932715874f,1.746399630511714f,1.23382638045277f,1.036976736165833f,0f,0f,0f,1f],start_interpolation:0}
execute if entity @s[tag=aj.heiloang_aj.bone.body_0] run data modify entity @s {} merge value {transformation:[-1.0938500725989926f,-0.03376510448024156f,0.2756887961675099f,-0.23279563736798492f,0.06856703263383958f,1.0526936973305534f,0.40098244048086873f,1.5868618982864717f,-0.2691522926683745f,0.40539890633503406f,-1.018263790003057f,0.14875414773884788f,0f,0f,0f,1f],start_interpolation:0}
execute if entity @s[tag=aj.heiloang_aj.bone.leg_right_3] run data modify entity @s {} merge value {transformation:[-0.8961852147102141f,0.011127165785791121f,0.44354058113816763f,-0.7625433724098682f,0.20660720597220308f,0.8951478348797325f,0.39499850145347026f,0.18342280107924158f,-0.392639177076317f,0.445630497039535f,-0.8045172072324678f,-0.6284131348414751f,0f,0f,0f,1f],start_interpolation:0}
execute if entity @s[tag=aj.heiloang_aj.bone.leg_right_2] run data modify entity @s {} merge value {transformation:[-0.9528294730204644f,0.12455950433219436f,-0.27676872154212523f,-0.6737309717567292f,0.17906591497600133f,0.9669927122028689f,-0.18127463319600892f,0.7800847433875029f,0.24505385823804493f,-0.22228365757980983f,-0.9436835179950904f,-0.7190819530291525f,0f,0f,0f,1f],start_interpolation:0}
execute if entity @s[tag=aj.heiloang_aj.bone.leg_right_1] run data modify entity @s {} merge value {transformation:[-0.966544062752576f,0.008330662490685842f,-0.2563653151660944f,-0.49220683121289f,0.049153176267623305f,0.9869650513925944f,-0.1532447473566967f,0.9623125767295452f,0.2517469761894839f,-0.16071897023089743f,-0.9543546890896336f,-0.0577274216028546f,0f,0f,0f,1f],start_interpolation:0}
execute if entity @s[tag=aj.heiloang_aj.bone.leg_right_0] run data modify entity @s {} merge value {transformation:[-0.9160791551984381f,0.32688724508752887f,-0.23225785327950044f,-0.2359941270314411f,0.38735683562390394f,0.5715874106300406f,-0.7233550400077969f,1.3171322723954224f,-0.10369987129380631f,-0.752617141054023f,-0.6502413211149508f,-0.6476380676263069f,0f,0f,0f,1f],start_interpolation:0}
execute if entity @s[tag=aj.heiloang_aj.bone.leg_left_3] run data modify entity @s {} merge value {transformation:[-0.8162986673768133f,-0.438806761091628f,0.37563960395452656f,0.9244276539298979f,-0.2045202019242298f,0.8277473210747179f,0.5224996262759432f,0.1463574454217036f,-0.5402110445406598f,0.3496898609824177f,-0.7654338825021966f,-0.3888596602477694f,0f,0f,0f,1f],start_interpolation:0}
execute if entity @s[tag=aj.heiloang_aj.bone.leg_left_2] run data modify entity @s {} merge value {transformation:[-0.8162986673768133f,-0.17053888649222487f,0.5518813041160487f,0.7946721876104934f,-0.2045202019242298f,0.9788623428341067f,-0.00002803919279562722f,0.7416875504283186f,-0.5402110445406598f,-0.11289376411173513f,-0.8339226735021497f,-0.41817749668631493f,0f,0f,0f,1f],start_interpolation:0}
execute if entity @s[tag=aj.heiloang_aj.bone.leg_left_1] run data modify entity @s {} merge value {transformation:[-0.8448215373826798f,-0.09522890117662233f,0.5265054855887624f,0.41600570826277f,-0.07731496648815793f,0.9954335811866906f,0.05598554637382469f,0.7769122268461275f,-0.5294326830970112f,0.006591041384617191f,-0.848326347723661f,0.18092076960434406f,0f,0f,0f,1f],start_interpolation:0}
execute if entity @s[tag=aj.heiloang_aj.bone.leg_left_0] run data modify entity @s {} merge value {transformation:[-0.8731686687618528f,-0.005429930856149762f,0.48738792736746295f,0.413379224104128f,-0.2949346966180428f,0.8019891811351065f,-0.5194486289067135f,1.3171322723954224f,-0.3880592746262829f,-0.5973138782860641f,-0.7018733006628647f,-0.31676581899925244f,0f,0f,0f,1f],start_interpolation:0}
execute if entity @s[tag=aj.heiloang_aj.bone.tail_4] run data modify entity @s {} merge value {transformation:[-1.550266476481261f,-0.1320431125376919f,0.2531656217131546f,-0.13685351307787416f,-0.06330480692320098f,1.5218218659126965f,0.40608505702388287f,1.1661892854765803f,-0.27842542449723573f,0.3892007047129184f,-1.5019508840611853f,-4.6448525055443515f,0f,0f,0f,1f],start_interpolation:0}
execute if entity @s[tag=aj.heiloang_aj.bone.tail_3] run data modify entity @s {} merge value {transformation:[-0.9659919752435226f,-0.1825537738307966f,-0.18312188133931956f,0.11262057289046917f,-0.19003526853723152f,0.9814833225220866f,0.024022579440773767f,1.108470717400459f,0.1753456599893473f,0.05800523485979814f,-0.9827966688241062f,-3.333035597691162f,0f,0f,0f,1f],start_interpolation:0}
execute if entity @s[tag=aj.heiloang_aj.bone.tail_2] run data modify entity @s {} merge value {transformation:[-0.9687150934275603f,-0.24275894366846398f,0.05156707316306172f,0.067808348702969f,-0.2325521885004576f,0.9604792126516548f,0.1529678452737865f,1.00624484976623f,-0.08666341436431318f,0.1361902248071755f,-0.9868848338472379f,-2.5578165773815478f,0f,0f,0f,1f],start_interpolation:0}
execute if entity @s[tag=aj.heiloang_aj.bone.tail_1] run data modify entity @s {} merge value {transformation:[-0.9613368420132805f,-0.14396681378724852f,-0.2347446116865744f,0.24882646875588454f,-0.15644288599854556f,0.9870552889762769f,0.03531968182762446f,0.9953131561500659f,0.22662104846721323f,0.07067823591393796f,-0.9714151982338524f,-1.797475896998475f,0f,0f,0f,1f],start_interpolation:0}
execute if entity @s[tag=aj.heiloang_aj.bone.tail_ring] run data modify entity @s {} merge value {transformation:[-0.9859259385213573f,0.14717997740554642f,0.07929752834536208f,0.2647869053098087f,0.1186688777800732f,0.9501972799789199f,-0.28817152282465436f,0.983371115672288f,-0.11776137396106878f,-0.27470563039654844f,-0.9542898277940702f,-1.9431344975529403f,0f,0f,0f,1f],start_interpolation:0}
execute if entity @s[tag=aj.heiloang_aj.bone.tail_0] run data modify entity @s {} merge value {transformation:[-0.9859259385213573f,0.14717997740554642f,0.07929752834536208f,0.15069047239972233f,0.1186688777800732f,0.9501972799789199f,-0.28817152282465436f,1.364447020618324f,-0.11776137396106878f,-0.27470563039654844f,-0.9542898277940702f,-0.6038797200065554f,0f,0f,0f,1f],start_interpolation:0}
execute if entity @s[tag=aj.heiloang_aj.bone.body_1] run data modify entity @s {} merge value {transformation:[-0.8910065241883678f,0.07567759759922454f,0.4476385540537962f,0.0013685253298566203f,0f,0.9860086374287682f,-0.1666942318014156f,1.4927008368750816f,-0.45399049973954686f,-0.1485256480796294f,-0.8785401288551152f,-0.3041020724085584f,0f,0f,0f,1f],start_interpolation:0}