execute if entity @s[tag=aj.heiloang_aj.bone.head_lower] run data modify entity @s {} merge value {transformation:[-0.7986959311705129f,-0.04513680596606741f,0.00689044837797126f,-0.04976695748521617f,-0.004780550301286465f,0.20272884264113197f,0.7738721875737647f,0.9893764163831853f,-0.04540876424749714f,0.7725695341576503f,-0.20266810064967422f,2.466708295901839f,0f,0f,0f,1f],start_interpolation:0}
execute if entity @s[tag=aj.heiloang_aj.bone.horne_right] run data modify entity @s {} merge value {transformation:[-0.5592374758160755f,-0.5719189088309459f,0.012736065502545482f,-0.4107324197978115f,-0.20770496483647838f,0.21959408431803612f,0.7407004021294984f,1.3619114557939715f,-0.5330216629979893f,0.5144775989818641f,-0.3019945478327619f,2.785076870489389f,0f,0f,0f,1f],start_interpolation:0}
execute if entity @s[tag=aj.heiloang_aj.bone.horne_left] run data modify entity @s {} merge value {transformation:[-0.6184833422928805f,0.5072633910915937f,0.012736065502545482f,0.2683188608833585f,0.20065578204723972f,0.22605347025916256f,0.7407004021294984f,1.3659758796601253f,0.46606395745352236f,0.5758330319129384f,-0.3019945478327619f,2.823683401852611f,0f,0f,0f,1f],start_interpolation:0}
execute if entity @s[tag=aj.heiloang_aj.bone.head_upper] run data modify entity @s {} merge value {transformation:[-1.1699098325802881f,-0.06422670362174034f,0.018655470346491062f,-0.053881555520414494f,-0.007002430567566883f,0.4426918909375952f,1.0849594315292361f,1.2485548841803333f,-0.06651362265062763f,1.0830793750413596f,-0.44235406380173387f,2.500457221515575f,0f,0f,0f,1f],start_interpolation:0}
execute if entity @s[tag=aj.heiloang_aj.bone.neck_0] run data modify entity @s {} merge value {transformation:[-0.9991905438064831f,-0.038192133779494805f,0.01263400510820669f,-0.04515469833634251f,-0.006010732564798215f,0.4522808729382318f,0.8918553038852578f,1.6003999341061672f,-0.03977597593698355f,0.891057446459879f,-0.45214433408665017f,2.2482883070251436f,0f,0f,0f,1f],start_interpolation:0}
execute if entity @s[tag=aj.heiloang_aj.bone.neck_1] run data modify entity @s {} merge value {transformation:[-0.9995817438007313f,-0.00936574883589483f,0.02736092485703457f,-0.03530230052618133f,0.004283236900556989f,0.8877259906330495f,0.4603522775399561f,1.77921887526472f,-0.028600547930818815f,0.46027692566900846f,-0.8873145780131999f,1.9307295973675642f,0f,0f,0f,1f],start_interpolation:0}
execute if entity @s[tag=aj.heiloang_aj.bone.neck_2] run data modify entity @s {} merge value {transformation:[-0.9998449411093642f,-0.005842077197546308f,0.016612160366131695f,-0.028298818654369822f,-0.0007462726732386901f,0.9565745598164865f,0.2914868000253051f,1.8666089581447909f,-0.017593658377646884f,0.29142920520413335f,-0.9564305942089985f,1.529015945849419f,0f,0f,0f,1f],start_interpolation:0}
execute if entity @s[tag=aj.heiloang_aj.bone.neck_3] run data modify entity @s {} merge value {transformation:[-0.999911408361725f,-0.0024803139493182543f,0.013077594227704391f,-0.02147109973885762f,-0.002604379435204585f,0.9999516874609637f,-0.009478393942471519f,1.8374888092280852f,-0.013053453023210117f,-0.00951161325349259f,-0.9998695597814181f,1.0118137842669848f,0f,0f,0f,1f],start_interpolation:0}
execute if entity @s[tag=aj.heiloang_aj.bone.wing_right_2] run data modify entity @s {} merge value {transformation:[0.4859821705565848f,-1.9884124495365905f,-1.159143333134437f,-3.1005013152427323f,-2.0724296535683373f,0.13730790322768327f,-1.1044264923673484f,1.3073064361640903f,1.0012155947810326f,1.2493752344912707f,-1.723428229584322f,2.712870813679075f,0f,0f,0f,1f],start_interpolation:0}
execute if entity @s[tag=aj.heiloang_aj.bone.wing_right_1] run data modify entity @s {} merge value {transformation:[-1.4454916077687465f,-2.5261418641953948f,-1.6481444313923277f,-2.1290366605522473f,-2.0025881150858003f,2.1704556489064877f,-1.570344513266759f,2.6423285465227973f,2.2555295666621666f,0.30813687054510314f,-2.45048093561722f,1.273417150575698f,0f,0f,0f,1f],start_interpolation:0}
execute if entity @s[tag=aj.heiloang_aj.bone.wing_right_0] run data modify entity @s {} merge value {transformation:[-1.9138664090324273f,0.2623842764837192f,-1.093924064929297f,-0.35766845864012026f,0.8386342339315659f,1.7716469134535622f,-1.0422858704446114f,1.8539379224444896f,0.7498053014318695f,-1.311800939740699f,-1.6264594383015156f,0.56296587442148f,0f,0f,0f,1f],start_interpolation:0}
execute if entity @s[tag=aj.heiloang_aj.bone.wing_left_2] run data modify entity @s {} merge value {transformation:[0.16457625276795818f,2.346579863243463f,0.007321800745423819f,3.705382966495758f,1.989369856357968f,-0.1356293842131637f,-1.248033753979933f,1.1348397044395737f,-1.2445474028578196f,0.09350733596492046f,-1.993974459836837f,0.9964629185860243f,0f,0f,0f,1f],start_interpolation:0}
execute if entity @s[tag=aj.heiloang_aj.bone.wing_left_1] run data modify entity @s {} merge value {transformation:[-2.24519065636505f,2.479158992227654f,0.010410606506878722f,2.235257798086677f,2.0977722657638926f,1.907248662119135f,-1.7745345403053152f,2.5352871879327634f,-1.3212453256162926f,-1.184648473177396f,-2.835160940305781f,0.17455459409416513f,0f,0f,0f,1f],start_interpolation:0}
execute if entity @s[tag=aj.heiloang_aj.bone.wing_left_0] run data modify entity @s {} merge value {transformation:[-2.0524901800974322f,-0.8459529033734271f,0.0069098391933790655f,0.3262384475585279f,-0.7204684725755166f,1.738413521976632f,-1.1778130609878226f,1.8557192333358379f,0.44340640571411616f,-1.091183812142973f,-1.8817833689053625f,0.5718940120521325f,0f,0f,0f,1f],start_interpolation:0}
execute if entity @s[tag=aj.heiloang_aj.bone.kazari_right] run data modify entity @s {} merge value {transformation:[-2.614908328199586f,-0.2416743893895227f,0.10352832067554595f,-2.7547939931583003f,-0.08524456929339433f,-0.19963059517260712f,-2.6191126698623086f,4.0029244694762856f,0.24871265965905515f,-2.6093315817543163f,0.19079019351394044f,-2.7894840258387954f,0f,0f,0f,1f],start_interpolation:0}
execute if entity @s[tag=aj.heiloang_aj.bone.kazari_left] run data modify entity @s {} merge value {transformation:[-2.614908328199586f,-0.2416743893895227f,0.10352832067554595f,2.2938349481202827f,-0.08524456929339433f,-0.19963059517260712f,-2.6191126698623086f,4.167506988480986f,0.24871265965905515f,-2.6093315817543163f,0.19079019351394044f,-3.2696759767671937f,0f,0f,0f,1f],start_interpolation:0}
execute if entity @s[tag=aj.heiloang_aj.bone.ring] run data modify entity @s {} merge value {transformation:[-2.198633121939178f,-0.12855634654244047f,-0.049111573581720906f,-0.01553385662860203f,-0.022572412126221127f,-0.43863307921742056f,2.158707435900261f,4.478461506674507f,-0.1357540684724287f,2.1549943325595855f,0.43645909924445286f,0.030095607510071287f,0f,0f,0f,1f],start_interpolation:0}
execute if entity @s[tag=aj.heiloang_aj.bone.body_0] run data modify entity @s {} merge value {transformation:[-1.1284621021694758f,0.002550105575477529f,0.01480394766524035f,-0.007288629737609338f,-0.0029392038811849766f,1.0532035017219883f,-0.4054702467244182f,1.5662643599994335f,-0.01473163213856781f,-0.40547288054784836f,-1.0531035552558152f,-0.020468030448318075f,0f,0f,0f,1f],start_interpolation:0}
execute if entity @s[tag=aj.heiloang_aj.bone.leg_right_3] run data modify entity @s {} merge value {transformation:[-0.9571726263982704f,0.2885509647298784f,0.02364115114146402f,-0.8158511204337769f,0.27889439289712814f,0.8970543880241757f,0.34279927441159236f,0.0649424981840111f,0.07770766297077422f,0.334711466310953f,-0.9391111507354134f,-0.42974673889266873f,0f,0f,0f,1f],start_interpolation:0}
execute if entity @s[tag=aj.heiloang_aj.bone.leg_right_2] run data modify entity @s {} merge value {transformation:[-0.9589688409283318f,0.2556769529830914f,-0.12250737872411571f,-0.6545728007220941f,0.2805381789467468f,0.9181661659624769f,-0.27976637009299166f,0.6365554919011085f,0.04095231717271844f,-0.3026552285936058f,-0.9522198907411762f,-0.5688935660399113f,0f,0f,0f,1f],start_interpolation:0}
execute if entity @s[tag=aj.heiloang_aj.bone.leg_right_1] run data modify entity @s {} merge value {transformation:[-0.9864158193712933f,0.1344380454853028f,-0.09439408466716336f,-0.5778730205813141f,0.1537544255045222f,0.9578968854570915f,-0.24247295409875808f,0.8795630933441001f,0.05782220967616416f,-0.2536926659517294f,-0.9655550855909103f,0.09338451939708459f,0f,0f,0f,1f],start_interpolation:0}
execute if entity @s[tag=aj.heiloang_aj.bone.leg_right_0] run data modify entity @s {} merge value {transformation:[-0.9544710297427859f,0.25007703886991073f,-0.16262388512086126f,-0.3716930047376093f,0.24518484402591872f,0.3471599213039707f,-0.9051874840607369f,1.0633028563455502f,-0.16991011047530946f,-0.9038481419299804f,-0.392669187342208f,-0.5872519746781771f,0f,0f,0f,1f],start_interpolation:0}
execute if entity @s[tag=aj.heiloang_aj.bone.leg_left_3] run data modify entity @s {} merge value {transformation:[-0.9503140456165817f,-0.3110471699385984f,0.012364173123762978f,0.8323931173793716f,-0.30197101239256136f,0.930776217962226f,0.20608042058998807f,0.09532352387396659f,-0.07560900990263816f,0.19210749633765878f,-0.9784569420635838f,-0.51770107572756f,0f,0f,0f,1f],start_interpolation:0}
execute if entity @s[tag=aj.heiloang_aj.bone.leg_left_2] run data modify entity @s {} merge value {transformation:[-0.9503140456165817f,-0.27609466136434524f,0.1437878738626913f,0.6576931058975035f,-0.30197101239256136f,0.9298122568664212f,-0.21038696408186475f,0.6707463411815825f,-0.07560900990263816f,-0.24335345682171805f,-0.9669862318949858f,-0.6200848528135405f,0f,0f,0f,1f],start_interpolation:0}
execute if entity @s[tag=aj.heiloang_aj.bone.leg_left_1] run data modify entity @s {} merge value {transformation:[-0.9817163484822541f,-0.16517160538806883f,0.09461158436575141f,0.578532606540483f,-0.1749436951546065f,0.97880334191055f,-0.10648343246905256f,0.8193653264160092f,-0.07501809547250399f,-0.12108822667075125f,-0.9898029736838595f,0.06925818635654413f,0f,0f,0f,1f],start_interpolation:0}
execute if entity @s[tag=aj.heiloang_aj.bone.leg_left_0] run data modify entity @s {} merge value {transformation:[-0.9429403411446712f,-0.27395943869858963f,0.18923461361475286f,0.3571157452623907f,-0.295627213487831f,0.4273652476514919f,-0.8543790117653871f,1.0633028563455502f,0.15319289698739794f,-0.8615713383392769f,-0.48396979788502903f,-0.5872519746781771f,0f,0f,0f,1f],start_interpolation:0}
execute if entity @s[tag=aj.heiloang_aj.bone.tail_4] run data modify entity @s {} merge value {transformation:[-1.0931801922120314f,-0.2795868276153654f,1.1007463998882376f,1.169849539996346f,0.07514726575558688f,1.506673126278964f,0.45732192456289017f,0.20437249508275715f,-1.1332097420567822f,0.36962367356599685f,-1.0315369039132107f,-4.437844904345875f,0f,0f,0f,1f],start_interpolation:0}
execute if entity @s[tag=aj.heiloang_aj.bone.tail_3] run data modify entity @s {} merge value {transformation:[-0.8352388908233056f,0.013746589477650855f,0.5497154050360854f,0.4348950639531575f,-0.010219221366273207f,0.9991267909621179f,-0.040512011754629346f,0.23243229738659216f,-0.5497922905706495f,-0.039454871175471605f,-0.8343690732341447f,-3.3218310522639425f,0f,0f,0f,1f],start_interpolation:0}
execute if entity @s[tag=aj.heiloang_aj.bone.tail_2] run data modify entity @s {} merge value {transformation:[-0.9228988211624147f,-0.10845436613707032f,0.3694528608128942f,0.1436320126673371f,-0.13709246359030303f,0.9891882774868389f,-0.05207886432480646f,0.2912825179826002f,-0.3598102587806063f,-0.09871272536216619f,-0.9277889714411389f,-2.5971757691178974f,0f,0f,0f,1f],start_interpolation:0}
execute if entity @s[tag=aj.heiloang_aj.bone.tail_1] run data modify entity @s {} merge value {transformation:[-0.9989099678740931f,0.040926131343185554f,0.022448337467588328f,0.12678015083199015f,0.034361425807002195f,0.9702138380334449f,-0.23980075251116684f,0.49506905789134714f,-0.03159380474536565f,-0.23876800510472995f,-0.9705625540067055f,-1.8427275781445829f,0f,0f,0f,1f],start_interpolation:0}
execute if entity @s[tag=aj.heiloang_aj.bone.tail_ring] run data modify entity @s {} merge value {transformation:[-0.9942480369894791f,-0.00584234655424242f,0.10694254499172781f,0.14196739623800902f,-0.05302903407459685f,0.8943808172013609f,-0.44415186070458035f,0.45898032541464373f,-0.09305247169034708f,-0.447268175493144f,-0.8895461858179997f,-1.984434059105943f,0f,0f,0f,1f],start_interpolation:0}
execute if entity @s[tag=aj.heiloang_aj.bone.tail_0] run data modify entity @s {} merge value {transformation:[-0.9942480369894791f,-0.00584234655424242f,0.10694254499172781f,-0.007288629737609251f,-0.05302903407459685f,0.8943808172013609f,-0.44415186070458035f,1.0592064070921858f,-0.09305247169034708f,-0.447268175493144f,-0.8895461858179997f,-0.7317204086262922f,0f,0f,0f,1f],start_interpolation:0}
execute if entity @s[tag=aj.heiloang_aj.bone.body_1] run data modify entity @s {} merge value {transformation:[-1f,6.184136164881882e-17f,1.0570356576785183e-16f,-0.004239254737609284f,0f,0.8631351165205084f,-0.5049730395071883f,1.2977159407240473f,-1.2246467991473532e-16f,-0.5049730395071883f,-0.8631351165205084f,-0.4639208064246306f,0f,0f,0f,1f],start_interpolation:0}