execute if entity @s[tag=aj.heiloang_aj.bone.head_lower] run data modify entity @s {} merge value {transformation:[-0.7640003496682211f,0.11047539633227461f,-0.20999679167087942f,-0.4808453905878657f,0.01222034316086321f,0.7253826515161327f,0.3371508150553039f,0.23590627523273994f,0.23696862433635943f,0.31877138467034893f,-0.6944283083194993f,2.6673280135249384f,0f,0f,0f,1f],start_interpolation:0}
execute if entity @s[tag=aj.heiloang_aj.bone.horne_right] run data modify entity @s {} merge value {transformation:[-0.6297258589969975f,-0.4436383802604713f,-0.2159405706910098f,-0.8088229357887669f,-0.49321395731523776f,0.5563369803927746f,0.2953458253588369f,0.7445451767993456f,-0.013613773170446652f,0.3656147587383679f,-0.7114355300185312f,2.731780845218804f,0f,0f,0f,1f],start_interpolation:0}
execute if entity @s[tag=aj.heiloang_aj.bone.horne_left] run data modify entity @s {} merge value {transformation:[-0.49683442725378174f,0.5886639294411096f,-0.2159405706910098f,-0.1592698385008453f,0.5112335214363318f,0.5398250920464102f,0.2953458253588369f,0.7341554410439797f,0.3630369656869864f,0.045427394510771074f,-0.7114355300185312f,2.530310120808031f,0f,0f,0f,1f],start_interpolation:0}
execute if entity @s[tag=aj.heiloang_aj.bone.head_upper] run data modify entity @s {} merge value {transformation:[-1.1190886121852686f,0.14406369773968644f,-0.31630434943392394f,-0.5268766324779642f,0.01790005315345341f,1.0888920081308666f,0.4326151813399904f,0.4399590042779394f,0.3471057167122909f,0.4083160026527211f,-1.0420929784828943f,2.5105702175273814f,0f,0f,0f,1f],start_interpolation:0}
execute if entity @s[tag=aj.heiloang_aj.bone.neck_0] run data modify entity @s {} merge value {transformation:[-0.9895664131468592f,-0.05313361949987257f,-0.133922113373789f,-0.5798874791622708f,-0.14386738328007673f,0.4145819322826997f,0.8985677478370157f,0.797271610190709f,0.007777531729458914f,0.9084594872109518f,-0.4179005504861314f,2.2718699652892553f,0f,0f,0f,1f],start_interpolation:0}
execute if entity @s[tag=aj.heiloang_aj.bone.neck_1] run data modify entity @s {} merge value {transformation:[-0.9895503627460618f,-0.10117995569907984f,-0.10272631675412902f,-0.6185804569053961f,-0.14396588432745336f,0.7328225829426673f,0.66501495177105f,1.048728241772117f,0.007993981420527f,0.6728548717918075f,-0.739731314577853f,2.01073928259156f,0f,0f,0f,1f],start_interpolation:0}
execute if entity @s[tag=aj.heiloang_aj.bone.neck_2] run data modify entity @s {} merge value {transformation:[-0.9945619228639901f,-0.08877869543853018f,0.05445112326954424f,-0.5932907681199086f,-0.056409896511080596f,0.8986982903792639f,0.4349244836118076f,1.1968390087226826f,-0.08754715966090254f,0.4294877484930403f,-0.8988190967762576f,1.6280075677904415f,0f,0f,0f,1f],start_interpolation:0}
execute if entity @s[tag=aj.heiloang_aj.bone.neck_3] run data modify entity @s {} merge value {transformation:[-0.97088681834096f,0.014454173153644884f,0.23910220168415863f,-0.46990540461898844f,0.016016662659178754f,0.999861175727472f,0.004593015364573544f,1.175003005977139f,-0.23900262025557306f,0.008288917379344056f,-0.9709835433001162f,1.1253228576371437f,0f,0f,0f,1f],start_interpolation:0}
execute if entity @s[tag=aj.heiloang_aj.bone.wing_right_2] run data modify entity @s {} merge value {transformation:[-2.1775933306300193f,0.6534799663011451f,-0.6038437102096222f,-3.7842058878711846f,0.6950837817317694f,2.24603284048734f,-0.07596724390709679f,3.517836782605029f,0.5554474134336481f,-0.24874971239467306f,-2.272262695599794f,1.3515884236389732f,0f,0f,0f,1f],start_interpolation:0}
execute if entity @s[tag=aj.heiloang_aj.bone.wing_right_1] run data modify entity @s {} merge value {transformation:[-1.6794029145505107f,2.7621836543009426f,-0.8585837661008623f,-2.6716078453265046f,2.871256514515629f,1.7121441345939268f,-0.1080151060137988f,1.6396167720548962f,0.3503008012420306f,-0.7912791512407638f,-3.2308490256217306f,1.1713950653372445f,0f,0f,0f,1f],start_interpolation:0}
execute if entity @s[tag=aj.heiloang_aj.bone.wing_right_0] run data modify entity @s {} merge value {transformation:[-2.124814032623952f,0.29801899968484136f,-0.5698684081357581f,-0.6998308925364072f,0.3270359843894737f,2.194608754862565f,-0.07169294243500471f,1.3348573647734294f,0.5537262786600834f,-0.1525683089879005f,-2.144413700621647f,0.6391700651837497f,0f,0f,0f,1f],start_interpolation:0}
execute if entity @s[tag=aj.heiloang_aj.bone.wing_left_2] run data modify entity @s {} merge value {transformation:[-2.149383679145893f,-0.40623266859717877f,0.8652749997004919f,3.0901434175448337f,-0.5193035944988634f,2.2839684025293f,-0.2176881239510452f,3.3239042848243736f,-0.8025269982267458f,-0.3899222506259168f,-2.176576913850047f,1.8095235589445477f,0f,0f,0f,1f],start_interpolation:0}
execute if entity @s[tag=aj.heiloang_aj.bone.wing_left_1] run data modify entity @s {} merge value {transformation:[-1.8279270301541588f,-2.5163971644114764f,1.2303035626517858f,1.874648528820578f,-2.7646425598602566f,1.8569237544090191f,-0.309522954594388f,1.5185521387405756f,-0.4501700362542164f,-1.1860852642847364f,-3.094796836176081f,1.561874083279676f,0f,0f,0f,1f],start_interpolation:0}
execute if entity @s[tag=aj.heiloang_aj.bone.wing_left_0] run data modify entity @s {} merge value {transformation:[-2.0609787894993676f,-0.118096535775827f,0.816590250659086f,-0.035775862612786674f,-0.20750178862635624f,2.200712943528727f,-0.20543988878012315f,1.3239024880560877f,-0.7985671148692405f,-0.2670500859817783f,-2.054111685042111f,0.8026400898534034f,0f,0f,0f,1f],start_interpolation:0}
execute if entity @s[tag=aj.heiloang_aj.bone.kazari_right] run data modify entity @s {} merge value {transformation:[-2.554025184828126f,0.5705989356941297f,-0.2413346191590298f,-1.9671726233804954f,0.04103095330105828f,-0.8657130275040577f,-2.481073881092059f,2.5625482399620854f,-0.618176354037514f,-2.414917803394296f,0.8324062630196878f,-3.3529740327046613f,0f,0f,0f,1f],start_interpolation:0}
execute if entity @s[tag=aj.heiloang_aj.bone.kazari_left] run data modify entity @s {} merge value {transformation:[-2.554025184828126f,0.5705989356941297f,-0.2413346191590298f,2.96390864085474f,0.04103095330105828f,-0.8657130275040577f,-2.481073881092059f,2.4833293793656988f,-0.618176354037514f,-2.414917803394296f,0.8324062630196878f,-2.159454933717089f,0f,0f,0f,1f],start_interpolation:0}
execute if entity @s[tag=aj.heiloang_aj.bone.ring] run data modify entity @s {} merge value {transformation:[-2.1378677800838743f,-0.5280603156915058f,-0.0599995304570138f,-0.22595153277175117f,0.035903605510138506f,-0.3916388067970515f,2.167546138356917f,3.0267918337940234f,-0.5302438795258717f,2.102545512892978f,0.38867734719556724f,0.2584197196423121f,0f,0f,0f,1f],start_interpolation:0}
execute if entity @s[tag=aj.heiloang_aj.bone.body_0] run data modify entity @s {} merge value {transformation:[-1.0957060503877454f,0.03154088450711838f,0.2684879879731488f,-0.21422395516747225f,0.018075798178689984f,1.1268939183042836f,-0.05861517164263219f,1.23752770384511f,-0.2697292950377551f,-0.05260841597121685f,-1.0945916306573464f,0.09087264236840908f,0f,0f,0f,1f],start_interpolation:0}
execute if entity @s[tag=aj.heiloang_aj.bone.leg_right_3] run data modify entity @s {} merge value {transformation:[-0.9842125225331155f,-0.033702698037007255f,0.17375223346486204f,-0.5887114316979492f,0.12770668055954987f,0.5444715777932583f,0.8290004250395662f,-0.17506237097878263f,-0.12254270369737502f,0.8381019204848217f,-0.5315716853352812f,-1.4285465692306099f,0f,0f,0f,1f],start_interpolation:0}
execute if entity @s[tag=aj.heiloang_aj.bone.leg_right_2] run data modify entity @s {} merge value {transformation:[-0.9842125225331155f,0.052047978847357575f,0.16916476697854857f,-0.5650374350067862f,0.12770668055954987f,0.8705898354895028f,0.4751466532375261f,0.3320005327666401f,-0.12254270369737502f,0.4892487570145332f,-0.8634922926872433f,-1.0902557120879468f,0f,0f,0f,1f],start_interpolation:0}
execute if entity @s[tag=aj.heiloang_aj.bone.leg_right_1] run data modify entity @s {} merge value {transformation:[-0.982570794063332f,-0.05423396545424719f,0.17780132633043155f,-0.6945706420252347f,0.013020421085114479f,0.934064306352663f,0.3568673986688684f,0.1503071789668351f,-0.18543220671857236f,0.35296253142369977f,-0.9170781581318217f,-0.41664121807278126f,0f,0f,0f,1f],start_interpolation:0}
execute if entity @s[tag=aj.heiloang_aj.bone.leg_right_0] run data modify entity @s {} merge value {transformation:[-0.8332904249125618f,0.5320765635775565f,0.15007197686623813f,-0.26567200066514357f,0.4870460968647826f,0.8349928539903275f,-0.25607232047581485f,0.7254591896755065f,-0.26155910857361286f,-0.14029064215615425f,-0.954937363624228f,-0.5740663003355626f,0f,0f,0f,1f],start_interpolation:0}
execute if entity @s[tag=aj.heiloang_aj.bone.leg_left_3] run data modify entity @s {} merge value {transformation:[-0.8603127806349777f,-0.4372243857762773f,0.26210065997373866f,0.9121201548813518f,-0.17187415478764087f,0.7328400256615755f,0.6583348477062225f,-0.38704849794213697f,-0.4799179038045428f,0.5213255540167759f,-0.7056192119953617f,-0.49418154563173755f,0f,0f,0f,1f],start_interpolation:0}
execute if entity @s[tag=aj.heiloang_aj.bone.leg_left_2] run data modify entity @s {} merge value {transformation:[-0.8603127806349777f,-0.26637313116844813f,0.4346346448082907f,0.729611202629433f,-0.17187415478764087f,0.9542619900385761f,0.24462896247920066f,0.1817777511783682f,-0.4799179038045428f,0.1357549607164794f,-0.8667464428820696f,-0.3707265693861672f,0f,0f,0f,1f],start_interpolation:0}
execute if entity @s[tag=aj.heiloang_aj.bone.leg_left_1] run data modify entity @s {} merge value {transformation:[-0.8877541069293149f,-0.09402928317042139f,0.4506119611557056f,0.4045874343832724f,-0.04586422116898656f,0.9921115690663076f,0.11666665222483735f,0.1739347029710019f,-0.45802742150082754f,0.08290433300645744f,-0.8850636998103909f,0.26002365832104146f,0f,0f,0f,1f],start_interpolation:0}
execute if entity @s[tag=aj.heiloang_aj.bone.leg_left_0] run data modify entity @s {} merge value {transformation:[-0.9095155843497007f,-0.035660106040069556f,0.41413736689923714f,0.37362635531363797f,-0.266002065868799f,0.8155274818216094f,-0.5139628657279003f,0.7254591896755065f,-0.31941243366305183f,-0.5776186313052198f,-0.75122061605798f,-0.2241237248758316f,0f,0f,0f,1f],start_interpolation:0}
execute if entity @s[tag=aj.heiloang_aj.bone.tail_4] run data modify entity @s {} merge value {transformation:[-0.7557104508021697f,0.7190628065976088f,-1.1818226425331453f,-0.493093397344058f,-0.675947721763549f,0.9830291257300046f,1.0303410984217045f,0.015515437738635729f,1.2070007272900558f,1.000728125827463f,-0.16293196797069634f,-3.6935381454168823f,0f,0f,0f,1f],start_interpolation:0}
execute if entity @s[tag=aj.heiloang_aj.bone.tail_3] run data modify entity @s {} merge value {transformation:[-0.7603556157742112f,0.1808976144637811f,-0.6238071742469252f,0.33579117800808855f,-0.08712783415910234f,0.9233433194633495f,0.373959696915519f,-0.5083136450815041f,0.643636604051824f,0.33869332364798094f,-0.6863080608887816f,-2.785250853237198f,0f,0f,0f,1f],start_interpolation:0}
execute if entity @s[tag=aj.heiloang_aj.bone.tail_2] run data modify entity @s {} merge value {transformation:[-0.9693963993473438f,0.123736928697879f,-0.2120372453339775f,0.5040770147919031f,0.11738277155401543f,0.9921834283515617f,0.04234772068056619f,-0.5233447191384044f,0.21561981790805596f,0.016162208418326718f,-0.9763436265702456f,-2.0204785100848928f,0f,0f,0f,1f],start_interpolation:0}
execute if entity @s[tag=aj.heiloang_aj.bone.tail_1] run data modify entity @s {} merge value {transformation:[-0.9895027115466728f,0.14216263897002065f,0.025964743843558236f,0.4861868899902601f,0.11851366799096885f,0.9010836786413656f,-0.41713632613987284f,-0.18214049961712753f,-0.08269760783183774f,-0.40968034876867565f,-0.908472959141695f,-1.3174389408047125f,0f,0f,0f,1f],start_interpolation:0}
execute if entity @s[tag=aj.heiloang_aj.bone.tail_ring] run data modify entity @s {} merge value {transformation:[-0.8927915192398286f,0.34312395178315236f,0.2918719871555878f,0.5387730729489763f,0.03503778750886291f,0.698858599660206f,-0.7144011556033903f,-0.2631302042175405f,-0.44910539589268184f,-0.6275847443920932f,-0.6359573350362339f,-1.4282953203767528f,0f,0f,0f,1f],start_interpolation:0}
execute if entity @s[tag=aj.heiloang_aj.bone.tail_0] run data modify entity @s {} merge value {transformation:[-0.8927915192398286f,0.34312395178315236f,0.2918719871555878f,0.12330377949585554f,0.03503778750886291f,0.698858599660206f,-0.7144011556033903f,0.7190251864122635f,-0.44910539589268184f,-0.6275847443920932f,-0.6359573350362339f,-0.5257454572841678f,0f,0f,0f,1f],start_interpolation:0}
execute if entity @s[tag=aj.heiloang_aj.bone.body_1] run data modify entity @s {} merge value {transformation:[-0.877182602402594f,0.24914189117581975f,0.41046193502388073f,-0.0007369221553390556f,0f,0.854849540369116f,-0.5188759614115026f,0.9618375757955159f,-0.4801569348059158f,-0.4551489661550899f,-0.7498591444836425f,-0.29278887086424704f,0f,0f,0f,1f],start_interpolation:0}