execute if entity @s[tag=aj.heiloang_aj.bone.head_lower] run data modify entity @s {} merge value {transformation:[-0.7770063495415316f,0.06489045115447672f,-0.17902614926627902f,-0.48145338831912904f,-0.054848197027519f,0.643978154363989f,0.4714698420734682f,0.18346450866216274f,0.1823535249315844f,0.47019290302057853f,-0.621019988320913f,2.653786313543387f,0f,0f,0f,1f],start_interpolation:0}
execute if entity @s[tag=aj.heiloang_aj.bone.horne_right] run data modify entity @s {} merge value {transformation:[-0.6091570530098708f,-0.4853366080549301f,-0.18269116467433513f,-0.8312343641176596f,-0.4943402838597499f,0.4582921532082036f,0.4308085259848633f,0.6600138766837849f,-0.15670152686490285f,0.4409270678803059f,-0.6488666675740744f,2.798668813052025f,0f,0f,0f,1f],start_interpolation:0}
execute if entity @s[tag=aj.heiloang_aj.bone.horne_left] run data modify entity @s {} merge value {transformation:[-0.536581291139203f,0.5645391539559689f,-0.18269116467433513f,-0.17062356573744958f,0.41346361859317754f,0.532401962842536f,0.4308085259848633f,0.7066458137965816f,0.42559176930389714f,0.1945345563443528f,-0.6488666675740744f,2.6436318461551918f,0f,0f,0f,1f],start_interpolation:0}
execute if entity @s[tag=aj.heiloang_aj.bone.head_upper] run data modify entity @s {} merge value {transformation:[-1.138139475649697f,0.07867725167990063f,-0.2676014507358493f,-0.5252704359273566f,-0.08034026780098416f,0.9841235457722639f,0.6310375586494782f,0.414365085352157f,0.2671068844816616f,0.6312470587058012f,-0.9504436729958149f,2.539355600490132f,0f,0f,0f,1f],start_interpolation:0}
execute if entity @s[tag=aj.heiloang_aj.bone.neck_0] run data modify entity @s {} merge value {transformation:[-0.9900379701232701f,-0.10597245048812982f,-0.09270737539018119f,-0.5571622684823923f,-0.1387395101589596f,0.6219881050816225f,0.7706374928965141f,0.7032618636966004f,-0.024003458814242994f,0.7758225550179072f,-0.6304944068668963f,2.2184477926895276f,0f,0f,0f,1f],start_interpolation:0}
execute if entity @s[tag=aj.heiloang_aj.bone.neck_1] run data modify entity @s {} merge value {transformation:[-0.992842917604579f,-0.09599461808503194f,-0.07104909753920904f,-0.5842484769026859f,-0.11590479709917233f,0.6310697600024879f,0.7670182761967294f,0.9906144250838074f,-0.028792689555282663f,0.7697635944295568f,-0.6376793784646496f,1.9957110415309316f,0f,0f,0f,1f],start_interpolation:0}
execute if entity @s[tag=aj.heiloang_aj.bone.neck_2] run data modify entity @s {} merge value {transformation:[-0.994555168484647f,-0.07970261725549771f,0.06713798956700429f,-0.5540639041571587f,-0.029864752480496404f,0.8352127940488541f,0.5491153660355766f,1.1876485224657543f,-0.09984043970132662f,0.5441204659445646f,-0.8330455000421739f,1.6360912573182054f,0f,0f,0f,1f],start_interpolation:0}
execute if entity @s[tag=aj.heiloang_aj.bone.neck_3] run data modify entity @s {} merge value {transformation:[-0.9753066787254823f,0.008954622969780992f,0.22067328148404905f,-0.44008232837765526f,0.06077920577265334f,0.9714790494581261f,0.22920371857712402f,1.2827358672979756f,-0.21232703685379958f,0.2369562643008305f,-0.9480342600504901f,1.1397453356067015f,0f,0f,0f,1f],start_interpolation:0}
execute if entity @s[tag=aj.heiloang_aj.bone.wing_right_2] run data modify entity @s {} merge value {transformation:[-0.7216666499660586f,-2.139936400976214f,-0.6583657436598179f,-3.430631038325514f,-2.1961525296644906f,0.8111428768969827f,-0.2292101787193473f,-1.3838358636663246f,0.43553107707261796f,0.5443302668024853f,-2.2466849462859066f,1.7750381504696415f,0f,0f,0f,1f],start_interpolation:0}
execute if entity @s[tag=aj.heiloang_aj.bone.wing_right_1] run data modify entity @s {} merge value {transformation:[-1.6759221778438478f,-2.739015860286328f,-0.9361066946727201f,-2.3191324449600113f,-2.788712800600187f,1.8177142595782867f,-0.3259057520118771f,0.44694306285803687f,0.7756188126133868f,0.617191834461305f,-3.194480939040721f,1.3158281137521626f,0f,0f,0f,1f],start_interpolation:0}
execute if entity @s[tag=aj.heiloang_aj.bone.wing_right_0] run data modify entity @s {} merge value {transformation:[-1.767860739146663f,-1.1903891967232927f,-0.621322756148759f,-0.6797795367272311f,-1.1812307829595834f,1.8671642242408333f,-0.21631365445532735f,1.5439026945880001f,0.6385626393491126f,0.15833925615463657f,-2.1202750848858956f,0.7048880943617712f,0f,0f,0f,1f],start_interpolation:0}
execute if entity @s[tag=aj.heiloang_aj.bone.wing_left_2] run data modify entity @s {} merge value {transformation:[-0.3851916143151816f,2.288467967490982f,0.384860738904305f,2.8260774966957802f,2.3007249289911007f,0.4275584436797189f,-0.2396551369741141f,-1.5003195224991823f,-0.3030977197228134f,0.3371707954833574f,-2.308251206713203f,1.601457238489846f,0f,0f,0f,1f],start_interpolation:0}
execute if entity @s[tag=aj.heiloang_aj.bone.wing_left_1] run data modify entity @s {} merge value {transformation:[-1.8544621713013354f,2.7292378812230784f,0.5472197143828978f,1.6036021694344629f,2.7199627920051226f,1.9164826652086493f,-0.34075706443513776f,0.2856734859059271f,-0.591600573208003f,0.25607333822894474f,-3.2820198019098306f,1.2640590955686761f,0f,0f,0f,1f],start_interpolation:0}
execute if entity @s[tag=aj.heiloang_aj.bone.wing_left_0] run data modify entity @s {} merge value {transformation:[-1.7408554287371816f,1.328872979341783f,0.36320652666434455f,-0.01270146594605992f,1.310006428027983f,1.77795665597456f,-0.22617092651604337f,1.502331693163693f,-0.42626932186312577f,0.03696936909190819f,-2.178377316028446f,0.8501128869410726f,0f,0f,0f,1f],start_interpolation:0}
execute if entity @s[tag=aj.heiloang_aj.bone.kazari_right] run data modify entity @s {} merge value {transformation:[-2.5702026391869275f,0.5175279791594433f,-0.18191584004684141f,-2.041982743544263f,0.1481766688002008f,-0.18416379947127542f,-2.6174410324482626f,3.696329570929647f,-0.5281782434899048f,-2.570042543287502f,0.1509279873067704f,-2.894564569870812f,0f,0f,0f,1f],start_interpolation:0}
execute if entity @s[tag=aj.heiloang_aj.bone.kazari_left] run data modify entity @s {} merge value {transformation:[-2.5702026391869275f,0.5175279791594433f,-0.18191584004684141f,2.920332489159876f,0.1481766688002008f,-0.18416379947127542f,-2.6174410324482626f,3.410243435343388f,-0.5281782434899048f,-2.570042543287502f,0.1509279873067704f,-1.8748056982193497f,0f,0f,0f,1f],start_interpolation:0}
execute if entity @s[tag=aj.heiloang_aj.bone.ring] run data modify entity @s {} merge value {transformation:[-2.145776897435634f,-0.49303283514021073f,-0.07407034284476052f,-0.23245815784420024f,0.13845622050224218f,-0.9036982161786834f,2.0042668721664114f,3.3444130378027728f,-0.4789547653169026f,1.9476073637499682f,0.9112377160934235f,0.7762017174834257f,0f,0f,0f,1f],start_interpolation:0}
execute if entity @s[tag=aj.heiloang_aj.bone.body_0] run data modify entity @s {} merge value {transformation:[-1.1006941372313443f,0.026508433418120148f,0.24783481426130957f,-0.20434095756020282f,0.06859310709013101f,1.111046988609689f,0.18580083610882284f,1.5733670689122121f,-0.23962424305971752f,0.19627599954332905f,-1.0852227098982947f,0.1400808418689204f,0f,0f,0f,1f],start_interpolation:0}
execute if entity @s[tag=aj.heiloang_aj.bone.leg_right_3] run data modify entity @s {} merge value {transformation:[-0.91163339779656f,0.06728392404171978f,0.40545951904900046f,-0.7953401555472293f,0.23217306082471442f,0.8983371268523412f,0.37294245715118585f,0.17250478652932444f,-0.33914630743851887f,0.4341235769734564f,-0.8345756419082628f,-0.5921500967056125f,0f,0f,0f,1f],start_interpolation:0}
execute if entity @s[tag=aj.heiloang_aj.bone.leg_right_2] run data modify entity @s {} merge value {transformation:[-0.9464612560564266f,0.15297717208731054f,-0.28426937155497545f,-0.6888907114755061f,0.21289954384909773f,0.9577336677979162f,-0.19344251289516762f,0.7641095728475695f,0.24266205927778906f,-0.24360666326379596f,-0.9390265803482574f,-0.6960069364541599f,0f,0f,0f,1f],start_interpolation:0}
execute if entity @s[tag=aj.heiloang_aj.bone.leg_right_1] run data modify entity @s {} merge value {transformation:[-0.964092992411327f,0.037911616261500164f,-0.26284484270347386f,-0.5005737138629157f,0.08362879230717812f,0.9827422064508291f,-0.16499691135714972f,0.9543130514561557f,0.2520534210849277f,-0.18105376276840285f,-0.9506253772684522f,-0.03881049837937445f,0f,0f,0f,1f],start_interpolation:0}
execute if entity @s[tag=aj.heiloang_aj.bone.leg_right_0] run data modify entity @s {} merge value {transformation:[-0.9149460669035001f,0.31720837405796004f,-0.24950459331507568f,-0.25263542219151736f,0.39020915648291854f,0.5375271861199962f,-0.7475301588423094f,1.2825176385492312f,-0.10300732427699116f,-0.781308755620609f,-0.6155859968646706f,-0.6473701824222262f,0f,0f,0f,1f],start_interpolation:0}
execute if entity @s[tag=aj.heiloang_aj.bone.leg_left_3] run data modify entity @s {} merge value {transformation:[-0.8422572581407364f,-0.4109554975366788f,0.34888148439495886f,0.8957237119902055f,-0.20899379232802606f,0.8454960430134908f,0.49138379706384216f,0.12103509780812594f,-0.49691478734044436f,0.3409575051130422f,-0.798012326865626f,-0.3958743784566062f,0f,0f,0f,1f],start_interpolation:0}
execute if entity @s[tag=aj.heiloang_aj.bone.leg_left_2] run data modify entity @s {} merge value {transformation:[-0.8422572581407364f,-0.16331541822318146f,0.513741944248118f,0.7721607658555107f,-0.20899379232802606f,0.9773956190648583f,-0.03192802219324571f,0.7169781257838467f,-0.49691478734044436f,-0.13426048563672718f,-0.8573504628324353f,-0.4370818565404985f,0f,0f,0f,1f],start_interpolation:0}
execute if entity @s[tag=aj.heiloang_aj.bone.leg_left_1] run data modify entity @s {} merge value {transformation:[-0.8689149479870101f,-0.0843139696808898f,0.4877273497369013f,0.42167666523097963f,-0.08122056502316041f,0.9963157349446645f,0.027534998075025352f,0.7723445525225474f,-0.4882520178985953f,-0.015687919502696546f,-0.8725616632649102f,0.17744500787017486f,0f,0f,0f,1f],start_interpolation:0}
execute if entity @s[tag=aj.heiloang_aj.bone.leg_left_0] run data modify entity @s {} merge value {transformation:[-0.8974186823718675f,-0.008017438163776064f,0.44110704960953784f,0.4131645008611646f,-0.2892443432309389f,0.7656624192131105f,-0.5745422262233038f,1.2825176385492312f,-0.3331327339647727f,-0.6431926464831645f,-0.6894387580279621f,-0.35093695800295605f,0f,0f,0f,1f],start_interpolation:0}
execute if entity @s[tag=aj.heiloang_aj.bone.tail_4] run data modify entity @s {} merge value {transformation:[-1.5464021170309759f,-0.09858186393055306f,0.2894416560099254f,-0.13896424402219584f,-0.02204777771585388f,1.5242334008211695f,0.40134872493456225f,1.0754093165243217f,-0.3049733621606686f,0.38967745586931823f,-1.4966619833640817f,-4.668966284509915f,0f,0f,0f,1f],start_interpolation:0}
execute if entity @s[tag=aj.heiloang_aj.bone.tail_3] run data modify entity @s {} merge value {transformation:[-0.976003401017578f,-0.15182261907336775f,-0.15610013946125684f,0.0735980647004858f,-0.15727713001775318f,0.9872835334211157f,0.023132855614806186f,1.0187283186868528f,0.15060300652875264f,0.04712872768513683f,-0.9874703121872984f,-3.350620016720366f,0f,0f,0f,1f],start_interpolation:0}
execute if entity @s[tag=aj.heiloang_aj.bone.tail_2] run data modify entity @s {} merge value {transformation:[-0.9740967665338052f,-0.21932423532364306f,0.05506695223166641f,0.026473587323728037f,-0.2103957000814071f,0.9682813022463944f,0.13477747997080702f,0.9308880512617526f,-0.08288026795106282f,0.11970045747500688f,-0.989344561649092f,-2.573776297591059f,0f,0f,0f,1f],start_interpolation:0}
execute if entity @s[tag=aj.heiloang_aj.bone.tail_1] run data modify entity @s {} merge value {transformation:[-0.9643636760452519f,-0.120321395741038f,-0.2356384137856495f,0.20858954242269354f,-0.12776074288432732f,0.991667691419915f,0.01650401077136232f,0.9347384318125558f,0.23168921619733024f,0.046021207294300426f,-0.9717006512177718f,-1.8136289661965397f,0f,0f,0f,1f],start_interpolation:0}
execute if entity @s[tag=aj.heiloang_aj.bone.tail_ring] run data modify entity @s {} merge value {transformation:[-0.9877784568380177f,0.14442690880305792f,0.05860535999631522f,0.22149097277089086f,0.11997388139919421f,0.9445586977961459f,-0.30563889510280146f,0.9201113183067173f,-0.09949868335167356f,-0.29487240364476697f,-0.9503421897295947f,-1.959345734026148f,0f,0f,0f,1f],start_interpolation:0}
execute if entity @s[tag=aj.heiloang_aj.bone.tail_0] run data modify entity @s {} merge value {transformation:[-0.9877784568380177f,0.14442690880305792f,0.05860535999631522f,0.13636163885399702f,0.11997388139919421f,0.9445586977961459f,-0.30563889510280146f,1.3257148064007445f,-0.09949868335167356f,-0.29487240364476697f,-0.9503421897295947f,-0.625149718642019f,0f,0f,0f,1f],start_interpolation:0}
execute if entity @s[tag=aj.heiloang_aj.bone.body_1] run data modify entity @s {} merge value {transformation:[-0.913545457642601f,0.07979983058260062f,0.39883164851796704f,0.004559521199112763f,-3.469446951953614e-18f,0.9805648330623606f,-0.19619533165033515f,1.463956339319778f,-0.4067366430758003f,-0.1792333540398473f,-0.8957905491681947f,-0.32162014245803217f,0f,0f,0f,1f],start_interpolation:0}