execute if entity @s[tag=aj.heiloang_aj.bone.head_lower] run data modify entity @s {} merge value {transformation:[-0.7962612100407991f,-0.07418813883224781f,0.02154542737959768f,-0.1226162765688949f,-0.06988781783881556f,0.7868397169277752f,0.12648696684934474f,5.145232309232786f,-0.03292078829692461f,0.12401362796735617f,-0.7896434903019737f,0.9955736078116482f,0f,0f,0f,1f],start_interpolation:0}
execute if entity @s[tag=aj.heiloang_aj.bone.horne_right] run data modify entity @s {} merge value {transformation:[-0.6160191428576117f,-0.5063487497517043f,0.06427565058293433f,-0.41914890272934985f,0.026824533556112994f,-0.13272089720881552f,-0.7884577400492585f,4.833761478395927f,0.5097066411500545f,-0.6049761210733635f,0.11917647795834765f,0.5648866065956484f,0f,0f,0f,1f],start_interpolation:0}
execute if entity @s[tag=aj.heiloang_aj.bone.horne_left] run data modify entity @s {} merge value {transformation:[-0.5581115458305629f,0.5695438026638162f,0.06427565058293433f,0.2578323780473375f,-0.12987794197945904f,-0.03828984648175383f,-0.7884577400492585f,4.893180101122488f,-0.5582501433925474f,-0.5604941966725825f,0.11917647795834765f,0.5928758608056937f,0f,0f,0f,1f],start_interpolation:0}
execute if entity @s[tag=aj.heiloang_aj.bone.head_upper] run data modify entity @s {} merge value {transformation:[-1.1663435139375116f,0.06277592502017876f,0.09414936608261765f,-0.09807712062437696f,-0.10236992837485108f,-0.1698765509144252f,-1.1549131861806528f,4.902543094220178f,-0.04822154767762775f,-1.1577405810833787f,0.1745667255014387f,0.9016099296756542f,0f,0f,0f,1f],start_interpolation:0}
execute if entity @s[tag=aj.heiloang_aj.bone.neck_0] run data modify entity @s {} merge value {transformation:[-0.9903062075566396f,0.03082854685245195f,0.13543712922884915f,-0.04135555695065661f,-0.13262894866050526f,0.07983520033405644f,-0.987945293406892f,4.474625435164641f,-0.041269568110108436f,-0.9963312408464301f,-0.07497253671457227f,0.9352164753437744f,0f,0f,0f,1f],start_interpolation:0}
execute if entity @s[tag=aj.heiloang_aj.bone.neck_1] run data modify entity @s {} merge value {transformation:[-0.9999349946409214f,0.010840799117878462f,0.0035332091568775056f,-0.03993283623573567f,0.0005257156609473424f,0.3533804429650723f,-0.9354795487624799f,4.138182553559655f,-0.011389912883963255f,-0.9354168801151147f,-0.35336317052035954f,0.7947850656728496f,0f,0f,0f,1f],start_interpolation:0}
execute if entity @s[tag=aj.heiloang_aj.bone.neck_2] run data modify entity @s {} merge value {transformation:[-0.9999568706806905f,0.008956538410685382f,-0.002457071056876611f,-0.04123994066885676f,0.006361878119325473f,0.46781926906446614f,-0.8838012548072012f,3.760320407000054f,-0.006766334700225164f,-0.8837787686472709f,-0.4678560727435714f,0.632678857168893f,0f,0f,0f,1f],start_interpolation:0}
execute if entity @s[tag=aj.heiloang_aj.bone.neck_3] run data modify entity @s {} merge value {transformation:[-0.9999281726885664f,0.005673983542319658f,0.010557242749223126f,-0.035913970150090485f,-0.005689265537095765f,0.5505766025231075f,-0.8347652586276938f,3.3149964850093725f,-0.010549015184032727f,-0.8347653626408282f,-0.5505047752869846f,0.3680075226709294f,0f,0f,0f,1f],start_interpolation:0}
execute if entity @s[tag=aj.heiloang_aj.bone.wing_right_2] run data modify entity @s {} merge value {transformation:[-1.2240761412715642f,1.9597765557480897f,-0.4410095897266618f,-3.715625280293029f,1.8635318309976783f,0.9150502256519935f,-1.1061230517956315f,5.503057513875104f,-0.7499751472876707f,-0.9249513189327295f,-2.0286888234464264f,-0.622433646483839f,0f,0f,0f,1f],start_interpolation:0}
execute if entity @s[tag=aj.heiloang_aj.bone.wing_right_1] run data modify entity @s {} merge value {transformation:[-2.455244904755858f,2.183069469571454f,-0.6270557563689263f,-2.0985920277714905f,2.1756030626476255f,1.9950955277633313f,-1.572756790415168f,4.10257927390298f,-0.6524894975159864f,-1.562376490806157f,-2.8845200518470255f,-0.15135125635930388f,0f,0f,0f,1f],start_interpolation:0}
execute if entity @s[tag=aj.heiloang_aj.bone.wing_right_0] run data modify entity @s {} merge value {transformation:[-1.8590058950615667f,1.139858692688937f,-0.4161961590738315f,-0.3728183242483327f,1.188681552186739f,1.5574774975555248f,-1.0438869728563063f,2.988587659222489f,-0.24399436390471577f,-1.0969895192341836f,-1.9145445267930137f,0.06024719665644318f,0f,0f,0f,1f],start_interpolation:0}
execute if entity @s[tag=aj.heiloang_aj.bone.wing_left_2] run data modify entity @s {} merge value {transformation:[-1.1613307685438783f,-1.9845923027484484f,0.49626630373812736f,3.670750950588567f,-1.9025077957413736f,0.8380339509009741f,-1.1007902573159016f,5.51511291951237f,0.7518982241617482f,-0.9448113543612405f,-2.0188007755827453f,-0.5207349530262906f,0f,0f,0f,1f],start_interpolation:0}
execute if entity @s[tag=aj.heiloang_aj.bone.wing_left_1] run data modify entity @s {} merge value {transformation:[-2.492444281421638f,-2.115900761867945f,0.7056233009440828f,2.0281672509717446f,-2.157977349080652f,2.0200450501486595f,-1.5651742807511047f,4.126059189746652f,0.5639805295960281f,-1.6216043704296512f,-2.870460590382671f,-0.10781488296634306f,0f,0f,0f,1f],start_interpolation:0}
execute if entity @s[tag=aj.heiloang_aj.bone.wing_left_0] run data modify entity @s {} merge value {transformation:[-1.85009475692633f,-1.1341090899066315f,0.4683438508028641f,0.31110004820503423f,-1.2097851265127189f,1.5445393617060248f,-1.038854228373427f,2.9924789319487326f,0.2048641941929033f,-1.120979363026767f,-1.9052128305272862f,0.06746238019932807f,0f,0f,0f,1f],start_interpolation:0}
execute if entity @s[tag=aj.heiloang_aj.bone.kazari_right] run data modify entity @s {} merge value {transformation:[-2.585152526812909f,-0.4547235488498507f,0.1307023174640651f,-2.913407216067452f,0.12839703769976826f,-1.3730061948025336f,-2.237239007862155f,3.1368790857008517f,0.45537984406317783f,-2.1942995856791097f,1.3727886634386701f,-4.412678358866527f,0f,0f,0f,1f],start_interpolation:0}
execute if entity @s[tag=aj.heiloang_aj.bone.kazari_left] run data modify entity @s {} merge value {transformation:[-2.585152526812909f,-0.4547235488498507f,0.1307023174640651f,2.0777719100754903f,0.12839703769976826f,-1.3730061948025336f,-2.237239007862155f,2.888981676252542f,0.45537984406317783f,-2.1942995856791097f,1.3727886634386701f,-5.291884652723575f,0f,0f,0f,1f],start_interpolation:0}
execute if entity @s[tag=aj.heiloang_aj.bone.ring] run data modify entity @s {} merge value {transformation:[-2.1938010100270473f,-0.17459963595116937f,-0.09837876454832391f,-0.013768325464280388f,-0.16277205576865958f,0.9214865104428949f,1.994315460180923f,5.027537920681187f,-0.11691309614059417f,1.9933147929972128f,-0.9305663596720676f,-2.6547539804856655f,0f,0f,0f,1f],start_interpolation:0}
execute if entity @s[tag=aj.heiloang_aj.bone.body_0] run data modify entity @s {} merge value {transformation:[-1.1284810217531016f,0.009015866166363634f,0.010083334667642333f,-0.025494164543437156f,-0.0064206893671813325f,0.38342835895317023f,-1.0614112512293257f,2.3572506677740797f,-0.01190521855320694f,-1.0613923796812479f,-0.38334952466835187f,-0.10314422202080029f,0f,0f,0f,1f],start_interpolation:0}
execute if entity @s[tag=aj.heiloang_aj.bone.leg_right_3] run data modify entity @s {} merge value {transformation:[-0.988991075370487f,0.04156553177970315f,0.14201746162144444f,-0.6546565766537447f,0.09602960001169843f,0.9104749624251463f,0.4022606850271617f,0.34775965024518674f,-0.11258316374627761f,0.4114701074984656f,-0.9044431335778276f,-0.18890395597919724f,0f,0f,0f,1f],start_interpolation:0}
execute if entity @s[tag=aj.heiloang_aj.bone.leg_right_2] run data modify entity @s {} merge value {transformation:[-0.988991075370487f,0.12990454225480608f,0.07086228008678003f,-0.5789937690316384f,0.09602960001169843f,0.9277786993358942f,-0.3605620625914345f,0.9290305753470078f,-0.11258316374627761f,-0.34978778560745305f,-0.9300395347944695f,-0.3577624815987341f,0f,0f,0f,1f],start_interpolation:0}
execute if entity @s[tag=aj.heiloang_aj.bone.leg_right_1] run data modify entity @s {} merge value {transformation:[-0.9962198375006929f,0.0014078828311757316f,0.08685650946260101f,-0.6401765259492532f,-0.03083141234468451f,0.929042237327574f,-0.36868678478378847f,1.2589320937972859f,-0.08121243367197692f,-0.36997099768402f,-0.9254868996856549f,0.26751303484419636f,0f,0f,0f,1f],start_interpolation:0}
execute if entity @s[tag=aj.heiloang_aj.bone.leg_right_0] run data modify entity @s {} merge value {transformation:[-0.9545435800538739f,0.28852323740100866f,0.07483912918771177f,-0.3898985395434372f,0.11465421204393017f,0.5871672012283617f,-0.8013046171477098f,1.629721753144261f,-0.2751380843113495f,-0.7562995565788027f,-0.5935570867913103f,-0.3150781550567559f,0f,0f,0f,1f],start_interpolation:0}
execute if entity @s[tag=aj.heiloang_aj.bone.leg_left_3] run data modify entity @s {} merge value {transformation:[-0.8657992865885097f,-0.28441370651022324f,-0.4117043100235218f,0.8092976670886622f,-0.38385415535768985f,0.9053160979534649f,0.18182065394488725f,0.5477095288376964f,0.3210102533525405f,0.31545460265373915f,-0.8929954148298349f,-0.7773654891085388f,0f,0f,0f,1f],start_interpolation:0}
execute if entity @s[tag=aj.heiloang_aj.bone.leg_left_2] run data modify entity @s {} merge value {transformation:[-0.8657992865885097f,-0.37563794736418155f,-0.3305869444531226f,0.5964368024166317f,-0.38385415535768985f,0.9224014069656671f,-0.04279756818315572f,1.110718734305192f,0.3210102533525405f,0.0898430683346336f,-0.9428046671048864f,-0.6782451715630167f,0f,0f,0f,1f],start_interpolation:0}
execute if entity @s[tag=aj.heiloang_aj.bone.leg_left_1] run data modify entity @s {} merge value {transformation:[-0.8985581694895606f,-0.24195654337731665f,-0.3661287303128105f,0.8366234781236537f,-0.2611612717219193f,0.9652904197707286f,0.0030324332540094256f,1.181045727256945f,0.35268683870561435f,0.0983434624962472f,-0.9305592711848552f,-0.014232906647686783f,0f,0f,0f,1f],start_interpolation:0}
execute if entity @s[tag=aj.heiloang_aj.bone.leg_left_0] run data modify entity @s {} merge value {transformation:[-0.7615994061232811f,-0.6294344906656171f,-0.15420300435847714f,0.33891021045656283f,-0.4549221749443677f,0.6887430016513229f,-0.5645165120881867f,1.629721753144261f,0.4615324033440681f,-0.3597850742274348f,-0.8108899685078164f,-0.31507815505675585f,0f,0f,0f,1f],start_interpolation:0}
execute if entity @s[tag=aj.heiloang_aj.bone.tail_4] run data modify entity @s {} merge value {transformation:[-0.6468037798868064f,-0.5535091689673004f,1.3266977175984522f,1.8550596143703892f,-0.5919133131097901f,1.428301404938796f,0.3073240799236614f,-0.7007896499741393f,-1.3100144517428822f,-0.37207131064711524f,-0.7939014042724742f,-2.761498281454909f,0f,0f,0f,1f],start_interpolation:0}
execute if entity @s[tag=aj.heiloang_aj.bone.tail_3] run data modify entity @s {} merge value {transformation:[-0.4128178406152086f,0.0940208996615125f,0.9059478466758647f,0.6419694424193321f,-0.3461172202355837f,0.9038476627768124f,-0.25151992435846027f,-0.3882689686539165f,-0.8424869733866442f,-0.41739606241522337f,-0.34058218795773554f,-2.2954774548141907f,0f,0f,0f,1f],start_interpolation:0}
execute if entity @s[tag=aj.heiloang_aj.bone.tail_2] run data modify entity @s {} merge value {transformation:[-0.88316747295738f,0.04838747479489534f,0.4665553203994665f,0.2775406657110526f,-0.21119340183220286f,0.8471179090483916f,-0.4876357197663256f,0.009026644121430505f,-0.4188228285714821f,-0.5291974116078556f,-0.7379278676232036f,-1.7273483711752982f,0f,0f,0f,1f],start_interpolation:0}
execute if entity @s[tag=aj.heiloang_aj.bone.tail_1] run data modify entity @s {} merge value {transformation:[-0.9634979930301f,0.23576108648222296f,0.1268397710802535f,0.1823989179828704f,0.05255840870456345f,0.6311436050066329f,-0.773883300978691f,0.6244645458228819f,-0.26250567822699256f,-0.7389685108040484f,-0.6204968242776375f,-1.2549192770810151f,0f,0f,0f,1f],start_interpolation:0}
execute if entity @s[tag=aj.heiloang_aj.bone.tail_ring] run data modify entity @s {} merge value {transformation:[-0.9846267413950704f,-0.055809311893143844f,0.16551586279187525f,0.204453863026668f,-0.16074120145388107f,0.6603314047154807f,-0.7335698345090552f,0.5395252373474226f,-0.06835529449053594f,-0.748897694383214f,-0.6591508151118515f,-1.3728712548349968f,0f,0f,0f,1f],start_interpolation:0}
execute if entity @s[tag=aj.heiloang_aj.bone.tail_0] run data modify entity @s {} merge value {transformation:[-0.9846267413950704f,-0.055809311893143844f,0.16551586279187525f,-0.025494164543437114f,-0.16074120145388107f,0.6603314047154807f,-0.7335698345090552f,1.5493279256693195f,-0.06835529449053594f,-0.748897694383214f,-0.6591508151118515f,-0.4351812016785448f,0f,0f,0f,1f],start_interpolation:0}
execute if entity @s[tag=aj.heiloang_aj.bone.body_1] run data modify entity @s {} merge value {transformation:[-1f,1.0863013394099615e-16f,5.65428317877679e-17f,-0.02244478954343713f,0f,0.46170725981675054f,-0.88703235918004f,1.893810373377875f,-1.2246467991473532e-16f,-0.88703235918004f,-0.46170725981675054f,-0.3355053881961433f,0f,0f,0f,1f],start_interpolation:0}