execute if entity @s[tag=aj.heiloang_aj.bone.head_lower] run data modify entity @s {} merge value {transformation:[-0.7810393369149147f,0.060433137848211874f,-0.16225100936921746f,-0.11790678329331977f,-0.09182332068475052f,0.490993255613224f,0.6248952718022063f,-0.02072877802401385f,0.1467856667728029f,0.6287077689929931f,-0.47241984424653166f,1.8972910989003178f,0f,0f,0f,1f],start_interpolation:0}
execute if entity @s[tag=aj.heiloang_aj.bone.horne_right] run data modify entity @s {} merge value {transformation:[-0.5972648759347308f,-0.5042842184138697f,-0.17021191213714637f,-0.47849476050265927f,-0.4669033880359895f,0.373619929579626f,0.5314220304630115f,0.4216190215997704f,-0.25549147581707154f,0.4960902894429887f,-0.5732525887470432f,2.1088134492946047f,0f,0f,0f,1f],start_interpolation:0}
execute if entity @s[tag=aj.heiloang_aj.bone.horne_left] run data modify entity @s {} merge value {transformation:[-0.5544203285944165f,0.5510408371508196f,-0.17021191213714637f,0.18554488374240122f,0.33150488137295975f,0.49768980215036585f,0.5314220304630115f,0.4996872088459453f,0.47193496677737246f,0.29775637126290666f,-0.5732525887470432f,1.9840162754043678f,0f,0f,0f,1f],start_interpolation:0}
execute if entity @s[tag=aj.heiloang_aj.bone.head_upper] run data modify entity @s {} merge value {transformation:[-1.1440468947295444f,0.04644651530096736f,-0.2493221536006886f,-0.16174081162384343f,-0.13450050455600546f,0.8655309532615443f,0.7784137046714578f,0.22562261568900432f,0.21500797504713237f,0.7885816397574575f,-0.8396860606819503f,1.8216672478827822f,0f,0f,0f,1f],start_interpolation:0}
execute if entity @s[tag=aj.heiloang_aj.bone.neck_0] run data modify entity @s {} merge value {transformation:[-0.9838459261308744f,-0.07336927034256f,-0.16329159134836957f,-0.22599062300614114f,-0.17160504680860822f,0.12677046178639664f,0.976975413164671f,0.6354759446232876f,-0.05097942276544456f,0.989214941348878f,-0.1373131394537244f,1.6977621667612572f,0f,0f,0f,1f],start_interpolation:0}
execute if entity @s[tag=aj.heiloang_aj.bone.neck_1] run data modify entity @s {} merge value {transformation:[-0.982947135737259f,-0.06484541013184779f,-0.17207556808202423f,-0.2894983172213839f,-0.17738142559138753f,0.08763007471737816f,0.9802330334467382f,0.9937313900466629f,-0.048484618190575896f,0.9940402621573531f,-0.09763810224013417f,1.6745969743591933f,0f,0f,0f,1f],start_interpolation:0}
execute if entity @s[tag=aj.heiloang_aj.bone.neck_2] run data modify entity @s {} merge value {transformation:[-0.9966570986696438f,-0.0710050313841701f,-0.04040932057757729f,-0.30367821528862615f,-0.05802225237378385f,0.26697109000410335f,0.9619562647706464f,1.378993631920058f,-0.057515614409317684f,0.9610851796902052f,-0.2701985038429426f,1.5316568867782614f,0f,0f,0f,1f],start_interpolation:0}
execute if entity @s[tag=aj.heiloang_aj.bone.neck_3] run data modify entity @s {} merge value {transformation:[-0.9935983279133097f,-0.032814400136133945f,0.10809985157982935f,-0.24694190037876781f,0.04210410816386016f,0.7803785678417955f,0.6238882391333516f,1.6829579531780685f,-0.10483132567892764f,0.6244457590510916f,-0.7740012190943273f,1.1159895212843258f,0f,0f,0f,1f],start_interpolation:0}
execute if entity @s[tag=aj.heiloang_aj.bone.wing_right_2] run data modify entity @s {} merge value {transformation:[-0.34331086947805695f,-2.254861391582f,-0.5755986083827138f,-3.4904150152790745f,-2.243765844920403f,0.1663535186267241f,0.6865983879460721f,-1.1930499868760027f,-0.6174370303017607f,0.6492323296897686f,-2.1750505516007546f,0.45132767773232274f,0f,0f,0f,1f],start_interpolation:0}
execute if entity @s[tag=aj.heiloang_aj.bone.wing_right_1] run data modify entity @s {} merge value {transformation:[-2.248988186706285f,-2.336547579936848f,-0.8184230664191006f,-2.005510245868062f,-2.4688756181548435f,2.0344061822806494f,0.9762496814231546f,0.4085144775594092f,-0.18418493705001143f,1.2605378475434754f,-3.0926265563068465f,0.6189688144482065f,0f,0f,0f,1f],start_interpolation:0}
execute if entity @s[tag=aj.heiloang_aj.bone.wing_right_0] run data modify entity @s {} merge value {transformation:[-1.5840556293272217f,-1.4574251002353926f,-0.5432125186339116f,-0.5364931370355037f,-1.553733785147789f,1.4472215571935234f,0.647966889034213f,1.858876997399786f,-0.07126772121419711f,0.842532991400461f,-2.052671203655063f,0.6688024744447052f,0f,0f,0f,1f],start_interpolation:0}
execute if entity @s[tag=aj.heiloang_aj.bone.wing_left_2] run data modify entity @s {} merge value {transformation:[0.011866592679594746f,2.2507182773913468f,0.6838877291746901f,3.396436764182809f,2.2772367976795427f,-0.1824071130080353f,0.5607996244108064f,-0.8945308006568111f,0.5895996587460041f,0.6592199081199015f,-2.1797654372583284f,1.024532353107752f,0f,0f,0f,1f],start_interpolation:0}
execute if entity @s[tag=aj.heiloang_aj.bone.wing_left_1] run data modify entity @s {} merge value {transformation:[-2.4951691152727906f,2.0039453248178796f,0.9723954927031304f,1.748010332584256f,2.217258891988049f,2.3738503420053587f,0.7973809206150885f,0.5450170101729686f,-0.2123978930891917f,1.239458132331061f,-3.0993304835253808f,0.9326255599763381f,0f,0f,0f,1f],start_interpolation:0}
execute if entity @s[tag=aj.heiloang_aj.bone.wing_left_0] run data modify entity @s {} merge value {transformation:[-1.7310427984747458f,1.2309908126795601f,0.6454087456389453f,0.14309582731154294f,1.3770387123589798f,1.6589342494680195f,0.5292462003705819f,1.830079155799221f,-0.18882588411931878f,0.8130183116267999f,-2.057120805992216f,0.7405036941910073f,0f,0f,0f,1f],start_interpolation:0}
execute if entity @s[tag=aj.heiloang_aj.bone.kazari_right] run data modify entity @s {} merge value {transformation:[-2.6228764675354515f,0.14693136486888342f,-0.07616034810038759f,-2.418869306796335f,0.06701710947804414f,-0.16285802464377938f,-2.62218537853497f,4.077995998190038f,-0.15132062530340307f,-2.6189231806952926f,0.15878800499689505f,-2.624658156686484f,0f,0f,0f,1f],start_interpolation:0}
execute if entity @s[tag=aj.heiloang_aj.bone.kazari_left] run data modify entity @s {} merge value {transformation:[-2.6228764675354515f,0.14693136486888342f,-0.07616034810038759f,2.6451437985943755f,0.06701710947804414f,-0.16285802464377938f,-2.62218537853497f,3.9486054131271016f,-0.15132062530340307f,-2.6189231806952926f,0.15878800499689505f,-2.332501953702062f,0f,0f,0f,1f],start_interpolation:0}
execute if entity @s[tag=aj.heiloang_aj.bone.ring] run data modify entity @s {} merge value {transformation:[-2.1827504481933384f,-0.2975341010834521f,0.00047475074709726423f,-0.0973115267858215f,0.10151026409881234f,-0.7413870038330068f,2.071947697847158f,3.9662674656421886f,-0.2796827362895303f,2.0529844263958776f,0.7483039474582647f,0.6148437236671209f,0f,0f,0f,1f],start_interpolation:0}
execute if entity @s[tag=aj.heiloang_aj.bone.body_0] run data modify entity @s {} merge value {transformation:[-1.1213373989463613f,0.0513098078664092f,0.11671382642427261f,-0.13187061780096335f,0.04751710002629804f,1.1268907830775177f,-0.038880125484670375f,1.7640340390800446f,-0.11830865930680574f,-0.03371709609864262f,-1.1218371515070158f,0.0578993278096131f,0f,0f,0f,1f],start_interpolation:0}
execute if entity @s[tag=aj.heiloang_aj.bone.leg_right_3] run data modify entity @s {} merge value {transformation:[-0.9765354336716577f,0.04787771721733067f,0.2099673093073405f,-0.7286169726950336f,0.18512262385285055f,0.6847879034855968f,0.7048369608481361f,0.03642201109645993f,-0.11003708884527574f,0.7271679664519458f,-0.6775829009387697f,-1.0687964042335116f,0f,0f,0f,1f],start_interpolation:0}
execute if entity @s[tag=aj.heiloang_aj.bone.leg_right_2] run data modify entity @s {} merge value {transformation:[-0.9765354336716577f,0.16012553271470747f,0.14400819614361618f,-0.6380250723329626f,0.18512262385285055f,0.9658246692981546f,0.18141753584741047f,0.6152626581556986f,-0.11003708884527574f,0.20381982717081673f,-0.972804871045841f,-0.8989418682292554f,0f,0f,0f,1f],start_interpolation:0}
execute if entity @s[tag=aj.heiloang_aj.bone.leg_right_1] run data modify entity @s {} merge value {transformation:[-0.9889856492045741f,0.0491990447092835f,0.13959527093387136f,-0.7328340135840039f,0.057575514984746716f,0.9967346594389082f,0.056613414907112636f,0.6501419676822887f,-0.13635411890239418f,0.06402712450905163f,-0.9885889345857833f,-0.1965584177489515f,0f,0f,0f,1f],start_interpolation:0}
execute if entity @s[tag=aj.heiloang_aj.bone.leg_right_0] run data modify entity @s {} merge value {transformation:[-0.8511959867227558f,0.5192328046221579f,0.07656818393616388f,-0.3176272895267966f,0.4317097773536047f,0.7756204176797918f,-0.46047761706246504f,1.1701371992306073f,-0.2984829313786223f,-0.358901465979777f,-0.8843628652273859f,-0.5075967947587601f,0f,0f,0f,1f],start_interpolation:0}
execute if entity @s[tag=aj.heiloang_aj.bone.leg_left_3] run data modify entity @s {} merge value {transformation:[-0.9216763950245251f,-0.382517772871829f,0.06475165088066728f,0.9171092337108566f,-0.2645913232961081f,0.7418369257396384f,0.6161731958188191f,0.0863845943817706f,-0.28373236419381254f,0.5507795648409064f,-0.7849444671202235f,-0.5208672187784905f,0f,0f,0f,1f],start_interpolation:0}
execute if entity @s[tag=aj.heiloang_aj.bone.leg_left_2] run data modify entity @s {} merge value {transformation:[-0.9216763950245251f,-0.3041151649744606f,0.2408870882532988f,0.7207866915667724f,-0.2645913232961081f,0.9468394661221438f,0.18299305186249093f,0.6536044086063576f,-0.28373236419381254f,0.10492374290926972f,-0.95314581973741f,-0.4120872008638941f,0f,0f,0f,1f],start_interpolation:0}
execute if entity @s[tag=aj.heiloang_aj.bone.leg_left_1] run data modify entity @s {} merge value {transformation:[-0.9535293248833502f,-0.14850557089058064f,0.26216010757162406f,0.5246502980904587f,-0.13874939474410344f,0.988773930205568f,0.055450161442320234f,0.6887069113758725f,-0.2674517377876758f,0.016498798753156352f,-0.9634299962083676f,0.2689753091425174f,0f,0f,0f,1f],start_interpolation:0}
execute if entity @s[tag=aj.heiloang_aj.bone.leg_left_0] run data modify entity @s {} merge value {transformation:[-0.9351672772505879f,-0.19406261184018514f,0.2963137969205755f,0.3691007152964683f,-0.33937185874968573f,0.7304665244516907f,-0.5926595971923942f,1.1701371992306073f,-0.10143424002034876f,-0.654796425876954f,-0.7489677800882097f,-0.2635336032119388f,0f,0f,0f,1f],start_interpolation:0}
execute if entity @s[tag=aj.heiloang_aj.bone.tail_4] run data modify entity @s {} merge value {transformation:[-0.6946153451247987f,0.6176779710014589f,-1.273121286501939f,-1.2768206315652852f,-0.021078709653227657f,1.4135628770936945f,0.6973163157345635f,-0.09377611735344876f,1.4148920715037547f,0.3242965931516883f,-0.6146271303430206f,-3.49700963759353f,0f,0f,0f,1f],start_interpolation:0}
execute if entity @s[tag=aj.heiloang_aj.bone.tail_3] run data modify entity @s {} merge value {transformation:[-0.600860937306871f,0.22309670402097204f,-0.7675897306984295f,-0.25689794661330734f,0.13994681998380804f,0.9747916703088436f,0.17377021342253762f,-0.3514307915493151f,0.7870076375710265f,-0.0030100085503919904f,-0.616935910977306f,-2.672507279813171f,0f,0f,0f,1f],start_interpolation:0}
execute if entity @s[tag=aj.heiloang_aj.bone.tail_2] run data modify entity @s {} merge value {transformation:[-0.895645352685639f,0.24451752238573962f,-0.3715246740917174f,0.0384732083344948f,0.29731038757165706f,0.9504128940184418f,-0.09122425294559033f,-0.262638157919201f,0.33079591239102185f,-0.19216272304957943f,-0.9239304910086917f,-1.952580518303481f,0f,0f,0f,1f],start_interpolation:0}
execute if entity @s[tag=aj.heiloang_aj.bone.tail_1] run data modify entity @s {} merge value {transformation:[-0.9773094059147028f,0.0704457553707635f,-0.19975915663842142f,0.1957718584605625f,0.17779833532655692f,0.7854103992347995f,-0.5928897509056283f,0.21396125950345513f,0.11512635261205867f,-0.6149535757470441f,-0.780114108711135f,-1.3533183536884394f,0f,0f,0f,1f],start_interpolation:0}
execute if entity @s[tag=aj.heiloang_aj.bone.tail_ring] run data modify entity @s {} merge value {transformation:[-0.9625862893228915f,0.25202712976649244f,0.09954878939118464f,0.21789438754170387f,0.09951560907773478f,0.6704910685304659f,-0.7352131463533289f,0.12910089676435654f,-0.2520402332118313f,-0.6977994360004439f,-0.6704861430037075f,-1.4713144905916984f,0f,0f,0f,1f],start_interpolation:0}
execute if entity @s[tag=aj.heiloang_aj.bone.tail_0] run data modify entity @s {} merge value {transformation:[-0.9625862893228915f,0.25202712976649244f,0.09954878939118464f,0.07313981561017198f,0.09951560907773478f,0.6704910685304659f,-0.7352131463533289f,1.14096955709804f,-0.2520402332118313f,-0.6977994360004439f,-0.6704861430037075f,-0.5189447469240944f,0f,0f,0f,1f],start_interpolation:0}
execute if entity @s[tag=aj.heiloang_aj.bone.body_1] run data modify entity @s {} merge value {transformation:[-0.9422609221188205f,0.21681275380016327f,0.2552186992314238f,0.0015956919385462318f,0f,0.7621207441589833f,-0.6474349166692799f,1.422431907947528f,-0.3348796121709863f,-0.6100526215927173f,-0.7181165951571253f,-0.3085329918273659f,0f,0f,0f,1f],start_interpolation:0}