execute if entity @s[tag=aj.heiloang_aj.bone.head_lower] run data modify entity @s {} merge value {transformation:[-0.7595660126560831f,0.2501471604471665f,-0.02204247123075595f,0.41351685505017044f,0.23664218295298634f,0.7365183697489743f,0.20381650637168414f,5.068147376706633f,0.0840235066215671f,0.18699489068563604f,-0.7732871143323694f,0.9814243629524957f,0f,0f,0f,1f],start_interpolation:0}
execute if entity @s[tag=aj.heiloang_aj.bone.horne_right] run data modify entity @s {} merge value {transformation:[-0.47552930143974614f,-0.6053507453264759f,-0.21776675275373758f,-0.04007317919510989f,0.2584528286014853f,0.06822296899966408f,-0.7540210619662838f,4.891671240857757f,0.5891298828442831f,-0.5185519276153076f,0.15501573954386155f,0.6159804901546815f,0f,0f,0f,1f],start_interpolation:0}
execute if entity @s[tag=aj.heiloang_aj.bone.horne_left] run data modify entity @s {} merge value {transformation:[-0.6444923124453781f,0.4209599750497688f,-0.21776675275373758f,0.6057098447650919f,0.0904890082475386f,-0.2515233140239981f,-0.7540210619662838f,4.690478056911129f,-0.4652326284614895f,-0.6320828441814282f,0.15501573954386155f,0.5445437048250252f,0f,0f,0f,1f],start_interpolation:0}
execute if entity @s[tag=aj.heiloang_aj.bone.head_upper] run data modify entity @s {} merge value {transformation:[-1.1125933061883142f,-0.18316783728944458f,-0.318979295264856f,0.33085472253644005f,0.3466275535349606f,-0.18208464405312771f,-1.1044712010416635f,4.834135702518546f,0.12307553191160596f,-1.1430034287712152f,0.22706317989035982f,0.8993578883192967f,0f,0f,0f,1f],start_interpolation:0}
execute if entity @s[tag=aj.heiloang_aj.bone.neck_0] run data modify entity @s {} merge value {transformation:[-0.9764828747566763f,-0.1147416416748793f,-0.18252548033820054f,0.2610947224994944f,0.1791164425675912f,0.03943799702623424f,-0.9830371022461409f,4.410729680333285f,0.11999373028982838f,-0.9926122103099038f,-0.017958414039652926f,0.9569872332835172f,0f,0f,0f,1f],start_interpolation:0}
execute if entity @s[tag=aj.heiloang_aj.bone.neck_1] run data modify entity @s {} merge value {transformation:[-0.9839979634438407f,-0.07439047434192825f,-0.16190758248320808f,0.2011727035203194f,0.12866208680266045f,0.3319686176264584f,-0.9344746675703752f,4.074385614368406f,0.12326425012126835f,-0.9403525372105727f,-0.31708521000463f,0.8297125756696186f,0f,0f,0f,1f],start_interpolation:0}
execute if entity @s[tag=aj.heiloang_aj.bone.neck_2] run data modify entity @s {} merge value {transformation:[-0.9926546879947407f,-0.06420810878138752f,-0.10253774509311926f,0.16130472665108064f,0.06435311554541136f,0.43746444101020365f,-0.8969300638127977f,3.6921606726503478f,0.10244680044619717f,-0.896940456004939f,-0.4301191363564165f,0.6835121259126595f,0f,0f,0f,1f],start_interpolation:0}
execute if entity @s[tag=aj.heiloang_aj.bone.neck_3] run data modify entity @s {} merge value {transformation:[-0.995621283284963f,-0.054212976875540726f,-0.07615256665599276f,0.12320860840786668f,0.030962331216266382f,0.5774146081703772f,-0.8158637780396335f,3.2559683510097313f,0.08820200856929254f,-0.8146492026693098f,-0.5732077130278348f,0.4066048831748958f,0f,0f,0f,1f],start_interpolation:0}
execute if entity @s[tag=aj.heiloang_aj.bone.wing_right_2] run data modify entity @s {} merge value {transformation:[-1.6317135825026934f,1.563184407789952f,-0.6538664223215696f,-3.8251016347337057f,1.6710726575722246f,1.3343801265372968f,-0.9800621701391289f,5.267789244658317f,-0.28036220164589915f,-1.1443164734747517f,-2.0360532534154356f,0.1173247622520917f,0f,0f,0f,1f],start_interpolation:0}
execute if entity @s[tag=aj.heiloang_aj.bone.wing_right_1] run data modify entity @s {} merge value {transformation:[-2.78352654178479f,1.6046306229636396f,-0.9297092706469732f,-1.988531838167113f,1.8545072740840485f,2.4095926127303837f,-1.393515333229066f,4.0748111821033035f,0.0012387287670937014f,-1.6751844010205215f,-2.894991271321653f,0.1605588146076232f,0f,0f,0f,1f],start_interpolation:0}
execute if entity @s[tag=aj.heiloang_aj.bone.wing_right_0] run data modify entity @s {} merge value {transformation:[-1.8692770783849142f,1.0263623566018967f,-0.6170765893917537f,-0.2548149057192089f,1.1973424897986753f,1.6245910144852402f,-0.9249189141630344f,2.9537174566585556f,0.0239617684545056f,-1.1116133988956856f,-1.9214945966741916f,0.12286855617146109f,0f,0f,0f,1f],start_interpolation:0}
execute if entity @s[tag=aj.heiloang_aj.bone.wing_left_2] run data modify entity @s {} merge value {transformation:[-1.5161890644313483f,-1.780872159598493f,0.25147778905262747f,4.086382463796532f,-1.6890385654396518f,1.2968759178906624f,-0.9994186231874131f,5.020682356511237f,0.6179769022199474f,-0.8247322056784608f,-2.114591531137961f,-0.5258971002529539f,0f,0f,0f,1f],start_interpolation:0}
execute if entity @s[tag=aj.heiloang_aj.bone.wing_left_1] run data modify entity @s {} merge value {transformation:[-2.8763988600255925f,-1.669039849156721f,0.3575672704126851f,2.1977121884396364f,-1.6498416023513116f,2.538876454799269f,-1.4210375812471518f,3.9621213270107045f,0.43768831158065635f,-1.3984388088482123f,-3.006662038326368f,-0.1935906204976996f,0f,0f,0f,1f],start_interpolation:0}
execute if entity @s[tag=aj.heiloang_aj.bone.wing_left_0] run data modify entity @s {} merge value {transformation:[-1.9066843514652285f,-1.1120386799227542f,0.23732837637601864f,0.426157694355999f,-1.098797726596998f,1.6826892779810887f,-0.9431862752355727f,2.9325402283823943f,0.2925719397052427f,-0.9275380143816974f,-1.9956139135549167f,0.06254124887534351f,0f,0f,0f,1f],start_interpolation:0}
execute if entity @s[tag=aj.heiloang_aj.bone.kazari_right] run data modify entity @s {} merge value {transformation:[-2.527207652846375f,-0.6978440649597571f,0.18194869868017435f,-3.1963696828612638f,0.21257521989729647f,-1.3544245884309924f,-2.2421454008817996f,3.2353883399797967f,0.6891323848409557f,-2.141358887204625f,1.3588777946928992f,-4.022733810718704f,0f,0f,0f,1f],start_interpolation:0}
execute if entity @s[tag=aj.heiloang_aj.bone.kazari_left] run data modify entity @s {} merge value {transformation:[-2.527207652846375f,-0.6978440649597571f,0.18194869868017435f,1.6829347115553834f,0.21257521989729647f,-1.3544245884309924f,-2.2421454008817996f,2.8249672954642215f,0.6891323848409557f,-2.141358887204625f,1.3588777946928992f,-5.3532484084812415f,0f,0f,0f,1f],start_interpolation:0}
execute if entity @s[tag=aj.heiloang_aj.bone.ring] run data modify entity @s {} merge value {transformation:[-2.19949744589536f,0.06069128937434051f,-0.1070226082559132f,-0.08069157987197016f,-0.07316702725682213f,0.8953474866996503f,2.011448669483527f,5.007435163412945f,0.09891338335239606f,2.011863745694208f,-0.8919342448516491f,-2.509846418215311f,0f,0f,0f,1f],start_interpolation:0}
execute if entity @s[tag=aj.heiloang_aj.bone.body_0] run data modify entity @s {} merge value {transformation:[-1.1236204296750847f,-0.07931973714935275f,-0.06955490818777f,0.04954487548286353f,0.03494291302228629f,0.42224794361283924f,-1.0460105366973698f,2.316751798279318f,0.09954144254514531f,-1.043583934981255f,-0.41794311551064633f,-0.09520734349499499f,0f,0f,0f,1f],start_interpolation:0}
execute if entity @s[tag=aj.heiloang_aj.bone.leg_right_3] run data modify entity @s {} merge value {transformation:[-0.9861795571371509f,0.03461912557970705f,0.162022829344725f,-0.5971567366981536f,0.0970677805326483f,0.9132403450825718f,0.39568916853501446f,0.24288929311029073f,-0.13426737156598767f,0.4059477654299405f,-0.9039793607573124f,-0.06822519185478504f,0f,0f,0f,1f],start_interpolation:0}
execute if entity @s[tag=aj.heiloang_aj.bone.leg_right_2] run data modify entity @s {} merge value {transformation:[-0.9861795571371509f,0.14761243443822594f,0.07523596403312616f,-0.5109306052102854f,0.0970677805326483f,0.882776922134367f,-0.4596550355749839f,0.8014657992038431f,-0.13426737156598767f,-0.445999411374269f,-0.8849049655113067f,-0.2977274611014032f,0f,0f,0f,1f],start_interpolation:0}
execute if entity @s[tag=aj.heiloang_aj.bone.leg_right_1] run data modify entity @s {} merge value {transformation:[-0.9964821474017687f,0.024255463113306553f,0.08021846681855098f,-0.5657141434238023f,-0.021978967077173405f,0.8480565018744406f,-0.5294498036969206f,1.2387265241112155f,-0.08087184253978921f,-0.5293503963705385f,-0.8445400540806658f,0.2584646239529423f,0f,0f,0f,1f],start_interpolation:0}
execute if entity @s[tag=aj.heiloang_aj.bone.leg_right_0] run data modify entity @s {} merge value {transformation:[-0.9546664378814815f,0.29002349585816284f,0.06706984592865643f,-0.3148594995171365f,0.11636061014889187f,0.5709621976745289f,-0.8126883641547048f,1.5968487371217157f,-0.2739930670445168f,-0.7680420175204498f,-0.5788257583544952f,-0.33175310255747464f,0f,0f,0f,1f],start_interpolation:0}
execute if entity @s[tag=aj.heiloang_aj.bone.leg_left_3] run data modify entity @s {} merge value {transformation:[-0.8694159924133981f,-0.2075695158389034f,-0.44836450375808f,0.9394911348104087f,-0.4158247220405581f,0.797509942858264f,0.43711290484507703f,0.5916293181465194f,0.26684383574615106f,0.5664739951106421f,-0.7796804346574752f,-0.7450151651983545f,0f,0f,0f,1f],start_interpolation:0}
execute if entity @s[tag=aj.heiloang_aj.bone.leg_left_2] run data modify entity @s {} merge value {transformation:[-0.8694159924133981f,-0.3851200827605339f,-0.3095130917915197f,0.7198691718647395f,-0.4158247220405581f,0.9086754716747785f,0.03739903363072056f,1.1425071490557615f,0.26684383574615106f,0.1612185133014773f,-0.9501594383539758f,-0.6021384375447218f,0f,0f,0f,1f],start_interpolation:0}
execute if entity @s[tag=aj.heiloang_aj.bone.leg_left_1] run data modify entity @s {} merge value {transformation:[-0.9096733356006942f,-0.29003773152804635f,-0.2972751869685254f,0.9078612328512171f,-0.2941197639895836f,0.9552340561249066f,-0.03196032618529626f,1.2367710827499214f,0.2932370831389143f,0.05836105130327729f,-0.9542567792596277f,0.07559389080724038f,0f,0f,0f,1f],start_interpolation:0}
execute if entity @s[tag=aj.heiloang_aj.bone.leg_left_0] run data modify entity @s {} merge value {transformation:[-0.7713046064831146f,-0.6361598938660308f,-0.019743187541227995f,0.4139492504828635f,-0.45932790989449734f,0.5778435928223461f,-0.6746218595821776f,1.5968487371217157f,0.4405758450140911f,-0.5112703508619713f,-0.737899419378818f,-0.3317531025574746f,0f,0f,0f,1f],start_interpolation:0}
execute if entity @s[tag=aj.heiloang_aj.bone.tail_4] run data modify entity @s {} merge value {transformation:[-1.436267030624294f,0.3950124814649047f,-0.5157097244732601f,-1.3417706920010706f,0.5708017458114878f,1.3648407857003173f,-0.5442879388294151f,-1.1259889029752777f,0.3101237614371159f,-0.6826632646214041f,-1.3865960058417215f,-3.2098907750172456f,0f,0f,0f,1f],start_interpolation:0}
execute if entity @s[tag=aj.heiloang_aj.bone.tail_3] run data modify entity @s {} merge value {transformation:[-0.9113091717143961f,0.16593500596806762f,-0.3768038844592748f,-0.842571028776219f,0.35815537153668514f,0.7709015046161973f,-0.5267215583397954f,-0.4422408794051251f,0.20307713654825893f,-0.6149605222897325f,-0.7619601253586038f,-2.175617750666274f,0f,0f,0f,1f],start_interpolation:0}
execute if entity @s[tag=aj.heiloang_aj.bone.tail_2] run data modify entity @s {} merge value {transformation:[-0.9102877406517869f,0.19603560178754426f,-0.36461798097578857f,-0.5534935792275182f,0.3708438934891324f,0.7775958198982816f,-0.5077593401785343f,-0.03045864041579116f,0.18398651005137906f,-0.5974234542671677f,-0.7805345478648587f,-1.575374126197551f,0f,0f,0f,1f],start_interpolation:0}
execute if entity @s[tag=aj.heiloang_aj.bone.tail_1] run data modify entity @s {} merge value {transformation:[-0.9107936743553307f,-0.09126999088216223f,-0.40264708060370447f,-0.24037210984601787f,0.3166173471428501f,0.47149725532355125f,-0.8230697380602583f,0.6207215275216619f,0.26496856085683085f,-0.8771317614741403f,-0.4005390552377285f,-1.2771722713147815f,0f,0f,0f,1f],start_interpolation:0}
execute if entity @s[tag=aj.heiloang_aj.bone.tail_ring] run data modify entity @s {} merge value {transformation:[-0.969166485485301f,0.08640068546888077f,-0.23076231269983688f,-0.2708546676385124f,0.22893714232929765f,0.6620802511670709f,-0.7136088045117182f,0.5387050092372407f,0.0911268800857612f,-0.7444358015067895f,-0.6614463161593536f,-1.3953157441779849f,0f,0f,0f,1f],start_interpolation:0}
execute if entity @s[tag=aj.heiloang_aj.bone.tail_0] run data modify entity @s {} merge value {transformation:[-0.969166485485301f,0.08640068546888077f,-0.23076231269983688f,0.04954487548286357f,0.22893714232929765f,0.6620802511670709f,-0.7136088045117182f,1.520584617384226f,0.0911268800857612f,-0.7444358015067895f,-0.6614463161593536f,-0.4545199276551862f,0f,0f,0f,1f],start_interpolation:0}
execute if entity @s[tag=aj.heiloang_aj.bone.body_1] run data modify entity @s {} merge value {transformation:[-1f,1.0664500708327587e-16f,6.02033245828386e-17f,0.05259425048286356f,0f,0.49159745181022396f,-0.870822568250097f,1.8614791701231699f,-1.2246467991473532e-16f,-0.870822568250097f,-0.49159745181022396f,-0.34319010916269216f,0f,0f,0f,1f],start_interpolation:0}