execute if entity @s[tag=aj.heiloang_aj.bone.head_lower] run data modify entity @s {} merge value {transformation:[-0.7811651141315195f,0.16883962861608712f,-0.03569655827488022f,0.2763549354084412f,0.16522207499869782f,0.7794996885586423f,0.07128745661127744f,5.134338579653871f,0.04982700469639757f,0.06223676843925832f,-0.7960174962004438f,0.8887586323168004f,0f,0f,0f,1f],start_interpolation:0}
execute if entity @s[tag=aj.heiloang_aj.bone.horne_right] run data modify entity @s {} merge value {transformation:[-0.5186348351713306f,-0.5902800241686026f,-0.15029105367359896f,-0.1450745948703942f,0.23424082346753192f,-0.011069395937587295f,-0.7648586177162612f,4.9006005338682295f,0.5622714152151606f,-0.5398582791261897f,0.1800108165940311f,0.5170051564520555f,0f,0f,0f,1f],start_interpolation:0}
execute if entity @s[tag=aj.heiloang_aj.bone.horne_left] run data modify entity @s {} merge value {transformation:[-0.6332358347403961f,0.4652149791078455f,-0.15029105367359896f,0.5190719851642236f,0.009388159407033136f,-0.23431422783970815f,-0.7648586177162612f,4.7601287257043365f,-0.4887987725675894f,-0.6071835520216011f,0.1800108165940311f,0.47464223705917824f,0f,0f,0f,1f],start_interpolation:0}
execute if entity @s[tag=aj.heiloang_aj.bone.head_upper] run data modify entity @s {} merge value {transformation:[-1.1442311300519965f,-0.12423557746360593f,-0.22014257814474594f,0.2193395195731162f,0.24201316490621763f,-0.2437561685223445f,-1.1203457817653366f,4.890385546131558f,0.07298535080416577f,-1.1394343175451545f,0.2636753438765219f,0.8141559657482642f,0f,0f,0f,1f],start_interpolation:0}
execute if entity @s[tag=aj.heiloang_aj.bone.neck_0] run data modify entity @s {} merge value {transformation:[-0.9917655628663528f,-0.07665497051867662f,-0.10259183109374348f,0.1812873531961833f,0.10371462002280284f,-0.010802214529835652f,-0.9945484350974454f,4.465424928490842f,0.07512886200330735f,-0.9969991613115994f,0.01866350551358925f,0.8877818084758694f,0f,0f,0f,1f],start_interpolation:0}
execute if entity @s[tag=aj.heiloang_aj.bone.neck_1] run data modify entity @s {} merge value {transformation:[-0.9916762537403263f,-0.05298990621677304f,-0.11734682614663869f,0.13786884459167958f,0.0975278358141212f,0.2858880363795699f,-0.953287129828389f,4.121650967174032f,0.08406264930970038f,-0.9567967916408224f,-0.2783403860327549f,0.7744190537008915f,0f,0f,0f,1f],start_interpolation:0}
execute if entity @s[tag=aj.heiloang_aj.bone.neck_2] run data modify entity @s {} merge value {transformation:[-0.9961420678939242f,-0.045704573060710046f,-0.07491376758216513f,0.10870101027760778f,0.05013118909739031f,0.4042869186248811f,-0.9132573302790844f,3.733847108324147f,0.07202669263334346f,-0.913489561752151f,-0.40043598254672985f,0.6409374532358042f,0f,0f,0f,1f],start_interpolation:0}
execute if entity @s[tag=aj.heiloang_aj.bone.neck_3] run data modify entity @s {} merge value {transformation:[-0.997824925888632f,-0.04031254240687856f,-0.05215665058302439f,0.08268616220595323f,0.021641327644291497f,0.5470298849218371f,-0.8368332916060368f,3.2875388674672843f,0.06226612412169642f,-0.8361418563420296f,-0.5449676374425974f,0.37916492108790273f,0f,0f,0f,1f],start_interpolation:0}
execute if entity @s[tag=aj.heiloang_aj.bone.wing_right_2] run data modify entity @s {} merge value {transformation:[-1.6169345584740091f,1.5929484547666692f,-0.6177490270246883f,-3.876892190560091f,1.6623180614564395f,1.2702689552586564f,-1.075495908956791f,5.244951233536707f,-0.39471167006965213f,-1.1758010070090814f,-1.9988173242565876f,-0.05658449383370666f,0f,0f,0f,1f],start_interpolation:0}
execute if entity @s[tag=aj.heiloang_aj.bone.wing_right_1] run data modify entity @s {} merge value {transformation:[-2.862265027353945f,1.4910230585066586f,-0.8783552385498515f,-1.9895522008814386f,1.7298913187141185f,2.419961604704284f,-1.5292091518476452f,4.135625959739402f,-0.046192115388308384f,-1.7629109006579189f,-2.842046835947191f,0.016897877899714878f,0f,0f,0f,1f],start_interpolation:0}
execute if entity @s[tag=aj.heiloang_aj.bone.wing_right_0] run data modify entity @s {} merge value {transformation:[-1.8380314919192204f,1.1000733295900091f,-0.5829913414776888f,-0.28462437577198973f,1.2410086971060066f,1.5356128370582196f,-1.014983068020968f,2.9731951955321483f,-0.09968775461638642f,-1.1662469224768637f,-1.8863537492720677f,0.09449896204966718f,0f,0f,0f,1f],start_interpolation:0}
execute if entity @s[tag=aj.heiloang_aj.bone.wing_left_2] run data modify entity @s {} merge value {transformation:[-1.4641145924672503f,-1.8135884408840441f,0.31755540231154755f,4.0738839124885144f,-1.709236701759404f,1.1880022442624354f,-1.0957812607026358f,5.015122251077669f,0.684437260677778f,-0.9127560687501377f,-2.057182053556928f,-0.5140215862359006f,0f,0f,0f,1f],start_interpolation:0}
execute if entity @s[tag=aj.heiloang_aj.bone.wing_left_1] run data modify entity @s {} merge value {transformation:[-2.9607975562541156f,-1.4889679960790059f,0.4515206644574872f,2.1285268611380506f,-1.515943956475906f,2.5419689487653345f,-1.5580521676879229f,4.046310994825198f,0.3504433258086645f,-1.5838519321784243f,-2.9250335562572323f,-0.24007788544905884f,0f,0f,0f,1f],start_interpolation:0}
execute if entity @s[tag=aj.heiloang_aj.bone.wing_left_0] run data modify entity @s {} merge value {transformation:[-1.863267445615575f,-1.1691113939893913f,0.29968812881626367f,0.39785544422574315f,-1.1607330686481154f,1.5848280538906403f,-1.0341270632509019f,2.958393230766601f,0.3306556659970319f,-1.0246455914341248f,-1.9414345836258997f,0.05191095679946078f,0f,0f,0f,1f],start_interpolation:0}
execute if entity @s[tag=aj.heiloang_aj.bone.kazari_right] run data modify entity @s {} merge value {transformation:[-2.5416926504463304f,-0.6467199227094291f,0.16858825817378514f,-3.1352048361167095f,0.19601445328263115f,-1.3551310727893147f,-2.2432272061076306f,3.204067010798175f,0.6389420891815406f,-2.156905956616525f,1.3588156201415762f,-4.1722330409465735f,0f,0f,0f,1f],start_interpolation:0}
execute if entity @s[tag=aj.heiloang_aj.bone.kazari_left] run data modify entity @s {} merge value {transformation:[-2.5416926504463304f,-0.6467199227094291f,0.16858825817378514f,1.7720658840440744f,0.19601445328263115f,-1.3551310727893147f,-2.2432272061076306f,2.8256199994519107f,0.6389420891815406f,-2.156905956616525f,1.3588156201415762f,-5.405844746739693f,0f,0f,0f,1f],start_interpolation:0}
execute if entity @s[tag=aj.heiloang_aj.bone.ring] run data modify entity @s {} merge value {transformation:[-2.200209990761154f,-0.003118629988129211f,-0.10951053139232643f,-0.0669549497266545f,-0.10089347288264201f,0.9158281729936224f,2.0010011370473704f,5.013118581830353f,0.04269413857325325f,2.0035406952398516f,-0.9148377882626659f,-2.618604251666501f,0f,0f,0f,1f],start_interpolation:0}
execute if entity @s[tag=aj.heiloang_aj.bone.body_0] run data modify entity @s {} merge value {transformation:[-1.1261073771628036f,-0.057416774624911036f,-0.04730607813862105f,0.03222343223473331f,0.02442358181234087f,0.3925269971308962f,-1.0578177636590016f,2.3341207854758173f,0.07027118675987364f,-1.0565406979632859f,-0.3904306465894876f,-0.09813693635893855f,0f,0f,0f,1f],start_interpolation:0}
execute if entity @s[tag=aj.heiloang_aj.bone.leg_right_3] run data modify entity @s {} merge value {transformation:[-0.9863691559054617f,0.0282034996595113f,0.16211246369512444f,-0.6016593419626736f,0.09145835947565796f,0.9129710862080846f,0.39764200511270376f,0.2695715914235157f,-0.13678909591180294f,0.40704834891568614f,-0.9031059654794922f,-0.08947565075590541f,0f,0f,0f,1f],start_interpolation:0}
execute if entity @s[tag=aj.heiloang_aj.bone.leg_right_2] run data modify entity @s {} merge value {transformation:[-0.9863691559054617f,0.14227211923679564f,0.08267123058366853f,-0.5190318840255785f,0.09145835947565796f,0.8916838874614996f,-0.4433229221725052f,0.8327946663776514f,-0.13678909591180294f,-0.42971908141182036f,-0.8925414580344225f,-0.30871620707350866f,0f,0f,0f,1f],start_interpolation:0}
execute if entity @s[tag=aj.heiloang_aj.bone.leg_right_1] run data modify entity @s {} merge value {transformation:[-0.9957092060616294f,0.01825868418154314f,0.090718230891472f,-0.5816745508235205f,-0.029510820580287343f,0.8664994908876105f,-0.4983048702954749f,1.2494631921528196f,-0.08770569213453513f,-0.4988439162137497f,-0.862242691371595f,0.262257565535709f,0f,0f,0f,1f],start_interpolation:0}
execute if entity @s[tag=aj.heiloang_aj.bone.leg_right_0] run data modify entity @s {} merge value {transformation:[-0.954719873839072f,0.2871748875446489f,0.07772095251876977f,-0.33218094276526666f,0.10715750347823046f,0.5756419071347063f,-0.8106501490770426f,1.6114737208168064f,-0.2775378027314832f,-0.7656154248145973f,-0.5803497129670557f,-0.3261622277944427f,0f,0f,0f,1f],start_interpolation:0}
execute if entity @s[tag=aj.heiloang_aj.bone.leg_left_3] run data modify entity @s {} merge value {transformation:[-0.8653964599347531f,-0.22397504843881985f,-0.4482456299945662f,0.9087052637813682f,-0.41174164947552744f,0.8276674758359714f,0.3813598871544876f,0.5901224501273571f,0.28558322993405816f,0.5145888913687702f,-0.8084803594771434f,-0.7617021588914765f,0f,0f,0f,1f],start_interpolation:0}
execute if entity @s[tag=aj.heiloang_aj.bone.leg_left_2] run data modify entity @s {} merge value {transformation:[-0.8653964599347531f,-0.3830739423560638f,-0.3230221692394817f,0.6909650559600551f,-0.41174164947552744f,0.9110178535241775f,0.022699882100399974f,1.143118350299009f,0.28558322993405816f,0.15264607839044966f,-0.9461191222739596f,-0.6242296642183003f,0f,0f,0f,1f],start_interpolation:0}
execute if entity @s[tag=aj.heiloang_aj.bone.leg_left_1] run data modify entity @s {} merge value {transformation:[-0.9038754507531387f,-0.2801270411763896f,-0.32332338351497525f,0.8980814936167831f,-0.2900262248749103f,0.9568452616970908f,-0.018219057402449446f,1.2278070069088325f,0.3144740981553463f,0.07730450161269486f,-0.9461131304552297f,0.049178403580729446f,0f,0f,0f,1f],start_interpolation:0}
execute if entity @s[tag=aj.heiloang_aj.bone.leg_left_0] run data modify entity @s {} merge value {transformation:[-0.7633764515724606f,-0.6433468639544526f,-0.05797590727715948f,0.39662780723473334f,-0.4630658481479734f,0.6076099889070238f,-0.6452752293861934f,1.6114737208168064f,0.45036253559064704f,-0.4657412522209917f,-0.7617471184822335f,-0.3261622277944426f,0f,0f,0f,1f],start_interpolation:0}
execute if entity @s[tag=aj.heiloang_aj.bone.tail_4] run data modify entity @s {} merge value {transformation:[-1.5437969602614843f,0.2695723337498733f,0.16992959145399483f,-0.43133442364759256f,0.2094996389733978f,1.4919973256357797f,-0.46358197252845207f,-1.2446985934354706f,-0.2401149942112959f,-0.4314268198200033f,-1.497020391438467f,-3.36404915583485f,0f,0f,0f,1f],start_interpolation:0}
execute if entity @s[tag=aj.heiloang_aj.bone.tail_3] run data modify entity @s {} merge value {transformation:[-0.9758880037737565f,0.2102436608745596f,0.05865327912858315f,-0.5152013331615268f,0.13728893793054375f,0.8001446030856931f,-0.583883859748445f,-0.4853266881169651f,-0.16968898494709553f,-0.5617528079279193f,-0.8097156483437395f,-2.267348192353225f,0f,0f,0f,1f],start_interpolation:0}
execute if entity @s[tag=aj.heiloang_aj.bone.tail_2] run data modify entity @s {} merge value {transformation:[-0.9718579368143763f,0.1722932861605424f,-0.16064611478310026f,-0.38626762694820627f,0.2332480035931747f,0.799281240541826f,-0.5538455266026061f,-0.0370627725224254f,0.032977560108381876f,-0.5757295563560386f,-0.8169748823968683f,-1.638175438431102f,0f,0f,0f,1f],start_interpolation:0}
execute if entity @s[tag=aj.heiloang_aj.bone.tail_1] run data modify entity @s {} merge value {transformation:[-0.9535583619462169f,0.02168129838295762f,-0.3004269822483935f,-0.15112208893089135f,0.2725439388295783f,0.48676342222035096f,-0.8299284138982057f,0.6197351784650967f,0.12824294042833895f,-0.8732647319620559f,-0.4700664380080033f,-1.285573624074818f,0f,0f,0f,1f],start_interpolation:0}
execute if entity @s[tag=aj.heiloang_aj.bone.tail_ring] run data modify entity @s {} merge value {transformation:[-0.9874572760566163f,0.06034976639561897f,-0.14589733945086775f,-0.17021688283526681f,0.1482137456957989f,0.6727837197441385f,-0.724841190906023f,0.5364364500908337f,0.05441335819142734f,-0.7373736991127596f,-0.6732898442031461f,-1.4052000696386238f,0f,0f,0f,1f],start_interpolation:0}
execute if entity @s[tag=aj.heiloang_aj.bone.tail_0] run data modify entity @s {} merge value {transformation:[-0.9874572760566163f,0.06034976639561897f,-0.14589733945086775f,0.032223432234733354f,0.1482137456957989f,0.6727837197441385f,-0.724841190906023f,1.5337647205401888f,0.05441335819142734f,-0.7373736991127596f,-0.6732898442031461f,-0.4480196058226723f,0f,0f,0f,1f],start_interpolation:0}
execute if entity @s[tag=aj.heiloang_aj.bone.body_1] run data modify entity @s {} merge value {transformation:[-1f,1.0734872711476029e-16f,5.893936387050091e-17f,0.03527280723473334f,0f,0.48127642934711296f,-0.876568878386002f,1.8759505887144412f,-1.2246467991473532e-16f,-0.876568878386002f,-0.48127642934711296f,-0.3407244232910722f,0f,0f,0f,1f],start_interpolation:0}