execute if entity @s[tag=aj.heiloang_aj.bone.head_lower] run data modify entity @s {} merge value {transformation:[-0.7839077101298988f,-0.15907237795648116f,0.013589722961438296f,-0.25581207332858436f,-0.14236632167408844f,0.7273154189009904f,0.3012376335750018f,5.072445689605983f,-0.07225325218900694f,0.29275973083767415f,-0.7409933923780725f,1.1477210076505266f,0f,0f,0f,1f],start_interpolation:0}
execute if entity @s[tag=aj.heiloang_aj.bone.horne_right] run data modify entity @s {} merge value {transformation:[-0.6314183944903691f,-0.47125792268475014f,0.13866067000436097f,-0.506109449307506f,-0.08332492725926713f,-0.11979561027107263f,-0.7865786472165509f,4.778399502464634f,0.4841154486240262f,-0.6352676460096447f,0.04546702472036812f,0.6772690618984117f,0f,0f,0f,1f],start_interpolation:0}
execute if entity @s[tag=aj.heiloang_aj.bone.horne_left] run data modify entity @s {} merge value {transformation:[-0.52449638316862f,0.5879428225915999f,0.13866067000436097f,0.16036888584493397f,-0.12660199773138364f,0.07256697536347789f,-0.7865786472165509f,4.899439349151944f,-0.5906568193235888f,-0.5376404667150889f,0.04546702472036812f,0.7386987769095055f,0f,0f,0f,1f],start_interpolation:0}
execute if entity @s[tag=aj.heiloang_aj.bone.head_upper] run data modify entity @s {} merge value {transformation:[-1.1482484161055226f,0.11591101185921392f,0.20310668290563785f,-0.20427679835173207f,-0.2085346288301629f,-0.04691540092367458f,-1.1521607379766234f,4.843802730202586f,-0.10583475747515265f,-1.165129046451913f,0.06659896113477722f,1.0319803034230743f,0f,0f,0f,1f],start_interpolation:0}
execute if entity @s[tag=aj.heiloang_aj.bone.neck_0] run data modify entity @s {} merge value {transformation:[-0.9750959160462149f,0.05426921808028584f,0.21504140642896385f,-0.11504773953098875f,-0.20165957381324162f,0.18661857946836202f,-0.9615128299126707f,4.420214869268969f,-0.09231127124817544f,-0.9809323920465493f,-0.17102710730869758f,1.023509308171408f,0f,0f,0f,1f],start_interpolation:0}
execute if entity @s[tag=aj.heiloang_aj.bone.neck_1] run data modify entity @s {} merge value {transformation:[-0.998637016810401f,0.02622294897247749f,0.04512721577063493f,-0.09827762444781969f,-0.029598592533014494f,0.42761061222583246f,-0.9034783271511904f,4.096358836438075f,-0.04298874243435343f,-0.9035826034508607f,-0.4262516237680242f,0.8569174392876175f,0f,0f,0f,1f],start_interpolation:0}
execute if entity @s[tag=aj.heiloang_aj.bone.neck_2] run data modify entity @s {} merge value {transformation:[-0.999493540691662f,0.02211947633649573f,0.02287773769943264f,-0.08964368896344192f,-0.007734455388173755f,0.5285051114565507f,-0.8488948847555553f,3.730767342348395f,-0.03086811162823514f,-0.8486419008809889f,-0.528066363020415f,0.6689593381919652f,0f,0f,0f,1f],start_interpolation:0}
execute if entity @s[tag=aj.heiloang_aj.bone.neck_3] run data modify entity @s {} merge value {transformation:[-0.9993453614612765f,0.01897041384560784f,0.030805387911157413f,-0.07416129300370666f,-0.014188004541507041f,0.5777772205300933f,-0.8160711880489656f,3.2944589049163935f,-0.0332798595694256f,-0.8159740233825133f,-0.577129832976942f,0.3900544805701345f,0f,0f,0f,1f],start_interpolation:0}
execute if entity @s[tag=aj.heiloang_aj.bone.wing_right_2] run data modify entity @s {} merge value {transformation:[-1.1446043895468416f,2.023802097221775f,-0.35732599825908856f,-3.5926885130384694f,1.9132793553558027f,0.9000741434884577f,-1.030924173212467f,5.574933181649286f,-0.7502125739551362f,-0.7922547657321298f,-2.084008034143666f,-0.7100768254043828f,0f,0f,0f,1f],start_interpolation:0}
execute if entity @s[tag=aj.heiloang_aj.bone.wing_right_1] run data modify entity @s {} merge value {transformation:[-2.153839299494895f,2.50799937866915f,-0.5080690518487571f,-2.174801232728445f,2.4211456859757807f,1.7823025700754864f,-1.4658341955634613f,4.01206701650718f,-0.8284012386109783f,-1.3116994465949399f,-2.963176458223561f,-0.12262515175769209f,0f,0f,0f,1f],start_interpolation:0}
execute if entity @s[tag=aj.heiloang_aj.bone.wing_right_0] run data modify entity @s {} merge value {transformation:[-1.9099018729493042f,1.0802577529205435f,-0.33722102983028246f,-0.4010547820858388f,1.1097774506014693f,1.6583794231683109f,-0.9729191636248319f,2.9720350494850436f,-0.22151488853176912f,-1.0055947872115272f,-1.9667511988280986f,0.0676460627598007f,0f,0f,0f,1f],start_interpolation:0}
execute if entity @s[tag=aj.heiloang_aj.bone.wing_left_2] run data modify entity @s {} merge value {transformation:[-1.1201736085143936f,-1.993839476275435f,0.5508096186111378f,3.432415492087276f,-1.959418162981501f,0.8220332836830256f,-1.0092164036600433f,5.699438739798077f,0.6629234915788176f,-0.9393835370518303f,-2.0522346408122902f,-0.43856023940498984f,0f,0f,0f,1f],start_interpolation:0}
execute if entity @s[tag=aj.heiloang_aj.bone.wing_left_1] run data modify entity @s {} merge value {transformation:[-2.132535133754956f,-2.454821228435302f,0.7831764888095945f,2.0242908844498113f,-2.4925133676476863f,1.707472029088537f,-1.4349686947379257f,4.08937727257751f,0.6533680343407702f,-1.4985362121762922f,-2.9179990070933903f,0.03360670121944705f,0f,0f,0f,1f],start_interpolation:0}
execute if entity @s[tag=aj.heiloang_aj.bone.wing_left_0] run data modify entity @s {} merge value {transformation:[-1.8771570402322582f,-1.0651152046298311f,0.5198182828381662f,0.28246496642942676f,-1.1826389045123473f,1.6194557775317615f,-0.9524327830103461f,2.9817391834812867f,0.0777603230465394f,-1.0822627155572488f,-1.9367655373519914f,0.09040840510985182f,0f,0f,0f,1f],start_interpolation:0}
execute if entity @s[tag=aj.heiloang_aj.bone.kazari_right] run data modify entity @s {} merge value {transformation:[-2.59810594797951f,-0.3781607842193773f,0.11709010593695719f,-2.832138126830924f,0.10063041850255207f,-1.3826799211197445f,-2.232697906829438f,3.117260420304248f,0.38286967822190304f,-2.2027393957450205f,1.3813834197960302f,-4.422256679672663f,0f,0f,0f,1f],start_interpolation:0}
execute if entity @s[tag=aj.heiloang_aj.bone.kazari_left] run data modify entity @s {} merge value {transformation:[-2.59810594797951f,-0.3781607842193773f,0.11709010593695719f,2.1840502955405015f,0.10063041850255207f,-1.3826799211197445f,-2.232697906829438f,2.922972292592039f,0.38286967822190304f,-2.2027393957450205f,1.3813834197960302f,-5.161466891122027f,0f,0f,0f,1f],start_interpolation:0}
execute if entity @s[tag=aj.heiloang_aj.bone.ring] run data modify entity @s {} merge value {transformation:[-2.189526642768027f,-0.2253136309988525f,-0.09018389035250732f,-0.00020383325578722522f,-0.1755312105741054f,0.9049132361253701f,2.0008116140665337f,5.025816855405055f,-0.16759522817607073f,1.995818651219407f,-0.9173581834383931f,-2.568899075217043f,0f,0f,0f,1f],start_interpolation:0}
execute if entity @s[tag=aj.heiloang_aj.bone.body_0] run data modify entity @s {} merge value {transformation:[-1.1278232831002413f,0.02926286868038395f,0.0284728388338985f,-0.044341250924632175f,-0.016012043963705983f,0.4069700562275597f,-1.0525071798899592f,2.347540546718772f,-0.03755838764871173f,-1.0522221408944052f,-0.40628845623091187f,-0.10170356695462554f,0f,0f,0f,1f],start_interpolation:0}
execute if entity @s[tag=aj.heiloang_aj.bone.leg_right_3] run data modify entity @s {} merge value {transformation:[-0.989710707149626f,0.05449469591073753f,0.13229907131565108f,-0.6822262352579106f,0.10382471516256313f,0.9097484977386258f,0.40196778401225963f,0.3685186997475204f,-0.09845376922596784f,0.41156773316176054f,-0.9060457253060078f,-0.22739655839605677f,0f,0f,0f,1f],start_interpolation:0}
execute if entity @s[tag=aj.heiloang_aj.bone.leg_right_2] run data modify entity @s {} merge value {transformation:[-0.989710707149626f,0.13020921514919584f,0.059315060849820515f,-0.6058333614063988f,0.10382471516256313f,0.9387921741819509f,-0.328465648456788f,0.9549736195873314f,-0.09845376922596784f,-0.3189275999109453f,-0.9426516012505595f,-0.37689139550014694f,0f,0f,0f,1f],start_interpolation:0}
execute if entity @s[tag=aj.heiloang_aj.bone.leg_right_1] run data modify entity @s {} merge value {transformation:[-0.9969771831534259f,0.000438963580961349f,0.07769365213732121f,-0.6606232819535598f,-0.024493903657979037f,0.9472152256612059f,-0.3196613285325341f,1.2516456582915336f,-0.07373292992316349f,-0.3205980717137358f,-0.944341215588084f,0.2653948172900239f,0f,0f,0f,1f],start_interpolation:0}
execute if entity @s[tag=aj.heiloang_aj.bone.leg_right_0] run data modify entity @s {} merge value {transformation:[-0.9543284992478998f,0.29165202610464686f,0.06477816910276049f,-0.40874562592463215f,0.12466660030746748f,0.5857945019832449f,-0.8008139860254567f,1.6211041790302616f,-0.2715057168662008f,-0.7561639353442193f,-0.5953996545125919f,-0.3173526274535181f,0f,0f,0f,1f],start_interpolation:0}
execute if entity @s[tag=aj.heiloang_aj.bone.leg_left_3] run data modify entity @s {} merge value {transformation:[-0.8703801367353332f,-0.30655292977570237f,-0.38530989972036234f,0.7840139805953159f,-0.3742812730333196f,0.9203782964489744f,0.11321360378612363f,0.5224308248886722f,0.31992490717845046f,0.24275315172334425f,-0.9158160083200352f,-0.773803326227199f,0f,0f,0f,1f],start_interpolation:0}
execute if entity @s[tag=aj.heiloang_aj.bone.leg_left_2] run data modify entity @s {} merge value {transformation:[-0.8703801367353332f,-0.37575837657399697f,-0.3181887176049092f,0.5704949554124504f,-0.3742812730333196f,0.9247963744223795f,-0.06830222918602043f,1.0880998582864365f,0.31992490717845046f,0.0596431747117485f,-0.9455637183591403f,-0.6929199469692302f,0f,0f,0f,1f],start_interpolation:0}
execute if entity @s[tag=aj.heiloang_aj.bone.leg_left_1] run data modify entity @s {} merge value {transformation:[-0.9018838688130073f,-0.2318269433928356f,-0.3645020651409496f,0.8102942638024186f,-0.2512156470043898f,0.9679126813287117f,0.005978296013878559f,1.156545025512083f,0.35142024112883424f,0.09696035086672627f,-0.9311833892873913f,-0.0285711200251626f,0f,0f,0f,1f],start_interpolation:0}
execute if entity @s[tag=aj.heiloang_aj.bone.leg_left_0] run data modify entity @s {} merge value {transformation:[-0.7682348316504108f,-0.6175202609364867f,-0.16877194900811607f,0.32006312407536786f,-0.44987576151670394f,0.7083364734362461f,-0.5439404743165084f,1.6211041790302616f,0.4554415908092174f,-0.3419476096317029f,-0.821976149062936f,-0.317352627453518f,0f,0f,0f,1f],start_interpolation:0}
execute if entity @s[tag=aj.heiloang_aj.bone.tail_4] run data modify entity @s {} merge value {transformation:[-0.3533165084673322f,-0.6624205266022902f,1.3860811139569253f,2.2388725743768676f,-0.6188779119782127f,1.3631247958134114f,0.49369553855773124f,-0.43080487595758704f,-1.4060625656767964f,-0.4335253172102689f,-0.5655954600487827f,-2.5713162373083693f,0f,0f,0f,1f],start_interpolation:0}
execute if entity @s[tag=aj.heiloang_aj.bone.tail_3] run data modify entity @s {} merge value {transformation:[-0.26033149269920125f,0.03691945253208152f,0.964813177736362f,0.9486098309931248f,-0.3711191250771868f,0.9186766576865013f,-0.13529151349549837f,-0.27398958140890034f,-0.8913462340252238f,-0.3932812640422759f,-0.22545895068140548f,-2.2597662913422902f,0f,0f,0f,1f],start_interpolation:0}
execute if entity @s[tag=aj.heiloang_aj.bone.tail_2] run data modify entity @s {} merge value {transformation:[-0.7942632265317048f,-0.0008313884888084683f,0.6075732349047531f,0.47286479859501257f,-0.31443052903337243f,0.8562338350358638f,-0.4098744468145957f,0.0625855026130333f,-0.519883996090704f,-0.5165877742774772f,-0.6803364624035692f,-1.7365008999163452f,0f,0f,0f,1f],start_interpolation:0}
execute if entity @s[tag=aj.heiloang_aj.bone.tail_1] run data modify entity @s {} merge value {transformation:[-0.9376668452691644f,0.23516042050220273f,0.25589150808926847f,0.2768608290154346f,-0.02083011255686681f,0.6969513565225476f,-0.7168158152916614f,0.6345373952585922f,-0.3469106422320324f,-0.6774646730794218f,-0.648609761748581f,-1.2410632263726242f,0f,0f,0f,1f],start_interpolation:0}
execute if entity @s[tag=aj.heiloang_aj.bone.tail_ring] run data modify entity @s {} merge value {transformation:[-0.9629627450520322f,-0.0854599933634141f,0.2557329489451449f,0.31096103008180276f,-0.2485813078727551f,0.6487869824071941f,-0.7192237376750282f,0.5513016782360171f,-0.10445135239969583f,-0.7561560956530684f,-0.6460014504539306f,-1.3573506611204125f,0f,0f,0f,1f],start_interpolation:0}
execute if entity @s[tag=aj.heiloang_aj.bone.tail_0] run data modify entity @s {} merge value {transformation:[-0.9629627450520322f,-0.0854599933634141f,0.2557329489451449f,-0.04434125092463213f,-0.2485813078727551f,0.6487869824071941f,-0.7192237376750282f,1.5413251645430455f,-0.10445135239969583f,-0.7561560956530684f,-0.6460014504539306f,-0.4378649428049161f,0f,0f,0f,1f],start_interpolation:0}
execute if entity @s[tag=aj.heiloang_aj.bone.body_1] run data modify entity @s {} merge value {transformation:[-1f,1.0833976435171736e-16f,5.709722661244529e-17f,-0.04129187592463215f,0f,0.4662342371057402f,-0.8846613115483397f,1.885293740271933f,-1.2246467991473532e-16f,-0.8846613115483397f,-0.4662342371057402f,-0.3364300203980008f,0f,0f,0f,1f],start_interpolation:0}