execute if entity @s[tag=aj.heiloang_aj.bone.head_lower] run data modify entity @s {} merge value {transformation:[-0.7870797016573308f,0.1427990398531708f,-0.010676022481225317f,0.22773862319700122f,0.1375509827655702f,0.7705230025729318f,0.16545098865289334f,5.149253974740896f,0.039815454025201064f,0.16094327175438722f,-0.7826314540687467f,0.8751412245003595f,0f,0f,0f,1f],start_interpolation:0}
execute if entity @s[tag=aj.heiloang_aj.bone.horne_right] run data modify entity @s {} merge value {transformation:[-0.5332382449702405f,-0.5830978958541612f,-0.12511521870463066f,-0.180694819756205f,0.21856552866858947f,-0.0349212109112243f,-0.7687714996709452f,4.898705164404839f,0.5548748361377346f,-0.5466052989854231f,0.1825830313643047f,0.49984882360097244f,0f,0f,0f,1f],start_interpolation:0}
execute if entity @s[tag=aj.heiloang_aj.bone.horne_left] run data modify entity @s {} merge value {transformation:[-0.6273538076202073f,0.48038878225133474f,-0.12511521870463066f,0.4884803425928576f,-0.015739084170559678f,-0.22077740491988362f,-0.7687714996709452f,4.78175931885755f,-0.49616477232256223f,-0.6004031606878177f,0.1825830313643047f,0.4659977245887465f,0f,0f,0f,1f],start_interpolation:0}
execute if entity @s[tag=aj.heiloang_aj.bone.head_upper] run data modify entity @s {} merge value {transformation:[-1.1528946699951168f,-0.10202791701728745f,-0.1832656444780754f,0.18031819175875174f,0.2014812407804381f,-0.254002748561678f,-1.126077273430509f,4.903036717956111f,0.058320681669763896f,-1.1394011673998878f,0.26744305976664945f,0.8012645488148938f,0f,0f,0f,1f],start_interpolation:0}
execute if entity @s[tag=aj.heiloang_aj.bone.neck_0] run data modify entity @s {} merge value {transformation:[-0.9953009435934599f,-0.06262541362717701f,-0.0738518060036f,0.15364284185255486f,0.07504006643760096f,-0.016836036105942254f,-0.9970383825697384f,4.477431276175752f,0.06119656943823574f,-0.9978950873996046f,0.021456337821883553f,0.8761557516576413f,0f,0f,0f,1f],start_interpolation:0}
execute if entity @s[tag=aj.heiloang_aj.bone.neck_1] run data modify entity @s {} merge value {transformation:[-0.9937451172775806f,-0.044716898891711786f,-0.10232810386436386f,0.11579989971548274f,0.0858304260587916f,0.2803650415300572f,-0.9560484200344749f,4.132582246213918f,0.07144074362388678f,-0.9588513140426715f,-0.2747733205919168f,0.7640670555109954f,0f,0f,0f,1f],start_interpolation:0}
execute if entity @s[tag=aj.heiloang_aj.bone.neck_2] run data modify entity @s {} merge value {transformation:[-0.9970845417070241f,-0.03856400269756441f,-0.06584249679983421f,0.09011014823326412f,0.04489694478378907f,0.4012101197793605f,-0.914885077010065f,3.74421446041864f,0.0616983066054112f,-0.9151738946684251f,-0.3983090025086693f,0.6315135463706809f,0f,0f,0f,1f],start_interpolation:0}
execute if entity @s[tag=aj.heiloang_aj.bone.neck_3] run data modify entity @s {} merge value {transformation:[-0.998422557522611f,-0.03473965577260937f,-0.044108422628894584f,0.06812530371191462f,0.018321341355188012f,0.541012393264301f,-0.8408150324449368f,3.2959913897599984f,0.053072828085143985f,-0.8402968205647539f,-0.5395225002424002f,0.37265949037624f,0f,0f,0f,1f],start_interpolation:0}
execute if entity @s[tag=aj.heiloang_aj.bone.wing_right_2] run data modify entity @s {} merge value {transformation:[-1.691705861651216f,1.5324122247213732f,-0.5687003231056027f,-3.9905479759380325f,1.5947559657056063f,1.3679453081519548f,-1.057853983341954f,5.079572864453215f,-0.3584141373080916f,-1.1463046775402048f,-2.022647003000808f,-0.01176133749929175f,0f,0f,0f,1f],start_interpolation:0}
execute if entity @s[tag=aj.heiloang_aj.bone.wing_right_1] run data modify entity @s {} merge value {transformation:[-2.9520812474965634f,1.3485464184770801f,-0.8086146414032896f,-2.0454647381876017f,1.572379197645703f,2.540167559669348f,-1.5041247290416186f,4.072991974303241f,0.007664195338462694f,-1.7076855972093068f,-2.875929403530919f,0.02697583442169161f,0f,0f,0f,1f],start_interpolation:0}
execute if entity @s[tag=aj.heiloang_aj.bone.wing_right_0] run data modify entity @s {} merge value {transformation:[-1.886129940586803f,1.040607715607455f,-0.5367023657859686f,-0.2954282347278099f,1.1680830554919792f,1.602283266575939f,-0.9983337663944154f,2.978524716215011f,-0.08059666677067685f,-1.130585651717273f,-1.9088426497321576f,0.0866395269004282f,0f,0f,0f,1f],start_interpolation:0}
execute if entity @s[tag=aj.heiloang_aj.bone.wing_left_2] run data modify entity @s {} merge value {transformation:[-1.5335244524614642f,-1.751272013830051f,0.3390060377034764f,4.1443197411723265f,-1.6756439768161489f,1.2610113335678867f,-1.0656658415723526f,4.9037616728256985f,0.6116338962022428f,-0.936201237186741f,-2.069542757912357f,-0.36968530764470764f,0f,0f,0f,1f],start_interpolation:0}
execute if entity @s[tag=aj.heiloang_aj.bone.wing_left_1] run data modify entity @s {} merge value {transformation:[-3.032237534515494f,-1.3268046168624708f,0.4820205554204406f,2.151725616337023f,-1.3942088203176028f,2.6358057834720623f,-1.515232130752192f,4.014001129773508f,0.22121499163482708f,-1.5745907891854505f,-2.9426087995158885f,-0.18008233198094722f,0f,0f,0f,1f],start_interpolation:0}
execute if entity @s[tag=aj.heiloang_aj.bone.wing_left_0] run data modify entity @s {} merge value {transformation:[-1.8995594356606784f,-1.1035024088175502f,0.31993184293900495f,0.3874603458845365f,-1.1180696884075467f,1.633057081820121f,-1.0057060899593888f,2.9659935141716565f,0.26456402298259507f,-1.0216687336172203f,-1.953099812219603f,0.050339437357102446f,0f,0f,0f,1f],start_interpolation:0}
execute if entity @s[tag=aj.heiloang_aj.bone.kazari_right] run data modify entity @s {} merge value {transformation:[-2.5471302443283705f,-0.6262425366511474f,0.16376199886628873f,-3.1106877417858114f,0.18922842045289318f,-1.356233521056655f,-2.2431436489470356f,3.194276930517512f,0.6190236763459448f,-2.1622490860692376f,1.3595435875587611f,-4.216466186693006f,0f,0f,0f,1f],start_interpolation:0}
execute if entity @s[tag=aj.heiloang_aj.bone.kazari_left] run data modify entity @s {} merge value {transformation:[-2.5471302443283705f,-0.6262425366511474f,0.16376199886628873f,1.8070813937678696f,0.18922842045289318f,-1.356233521056655f,-2.2431436489470356f,2.828931778755086f,0.6190236763459448f,-2.1622490860692376f,1.3595435875587611f,-5.4116212191023365f,0f,0f,0f,1f],start_interpolation:0}
execute if entity @s[tag=aj.heiloang_aj.bone.ring] run data modify entity @s {} merge value {transformation:[-2.200079683172058f,-0.025280184111608636f,-0.10925468305224793f,-0.060671621250208904f,-0.10981644954687554f,0.92043982053491f,1.9984136633756806f,5.015035033569262f,0.022716093116610585f,2.0012690311022583f,-0.9205066702901027f,-2.6437416776112386f,0f,0f,0f,1f],start_interpolation:0}
execute if entity @s[tag=aj.heiloang_aj.bone.body_0] run data modify entity @s {} merge value {transformation:[-1.1267818415647128f,-0.049238169076366405f,-0.03988308117128724f,0.02549416454343721f,0.02067677116927214f,0.3857451251900524f,-1.0603893367361812f,2.339448036311311f,0.059895981432161946f,-1.0594473450982789f,-0.3842345251407792f,-0.09912116655341552f,0f,0f,0f,1f],start_interpolation:0}
execute if entity @s[tag=aj.heiloang_aj.bone.leg_right_3] run data modify entity @s {} merge value {transformation:[-0.9865886223191644f,0.027683015087454813f,0.1608618692731149f,-0.6054220917656923f,0.09056741619436576f,0.912734367635588f,0.3983886510190016f,0.27934421710304413f,-0.1357955574908453f,0.40761455422068893f,-0.9030005214578891f,-0.09946879330331518f,0f,0f,0f,1f],start_interpolation:0}
execute if entity @s[tag=aj.heiloang_aj.bone.leg_right_2] run data modify entity @s {} merge value {transformation:[-0.9865886223191644f,0.14029663092859246f,0.083425090113582f,-0.5240316601586141f,0.09056741619436576f,0.8957230493135415f,-0.4352904341383204f,0.8446448944794551f,-0.1357955574908453f,-0.42189699486786747f,-0.8964164725657451f,-0.31376926530693705f,0f,0f,0f,1f],start_interpolation:0}
execute if entity @s[tag=aj.heiloang_aj.bone.leg_right_1] run data modify entity @s {} merge value {transformation:[-0.9955829832600004f,0.0158376735138508f,0.09254021580256999f,-0.5881417232152433f,-0.031162925564264504f,0.8740422567069861f,-0.48484946690785935f,1.2523851550684495f,-0.08856294661648095f,-0.48559170255290407f,-0.8696880491868211f,0.26345304264079517f,0f,0f,0f,1f],start_interpolation:0}
execute if entity @s[tag=aj.heiloang_aj.bone.leg_right_0] run data modify entity @s {} merge value {transformation:[-0.9547210648193487f,0.28663613467842736f,0.07967066390346847f,-0.3389102104565628f,0.10582594316632044f,0.5774869183992898f,-0.809512031306917f,1.615868329395469f,-0.2780441658139362f,-0.7644269653631423f,-0.5816724649513073f,-0.3241694310082107f,0f,0f,0f,1f],start_interpolation:0}
execute if entity @s[tag=aj.heiloang_aj.bone.leg_left_3] run data modify entity @s {} merge value {transformation:[-0.8645858108990594f,-0.23054033174820407f,-0.4464779177399974f,0.8965927232448192f,-0.40914153752417065f,0.8388121355413957f,0.3591620853331276f,0.5874545327826809f,0.2917097493474868f,0.49319910452667204f,-0.8195486961918218f,-0.7658534332856496f,0f,0f,0f,1f],start_interpolation:0}
execute if entity @s[tag=aj.heiloang_aj.bone.leg_left_2] run data modify entity @s {} merge value {transformation:[-0.8645858108990594f,-0.3819809186656948f,-0.3264689163876521f,0.6796798842670762f,-0.40914153752417065f,0.9123294576296268f,0.016067451994279523f,1.1415610315487843f,0.2917097493474868f,0.14746368541624977f,-0.9450713642995875f,-0.6315822196463274f,0f,0f,0f,1f],start_interpolation:0}
execute if entity @s[tag=aj.heiloang_aj.bone.leg_left_1] run data modify entity @s {} merge value {transformation:[-0.902345883166098f,-0.27572702374129f,-0.3312801163848573f,0.8927411417017596f,-0.2873552747123749f,0.9577156443783577f,-0.014411474869790442f,1.2236282902594051f,0.3212457832068307f,0.08219095383141117f,-0.9434223836013818f,0.04029401799784471f,0f,0f,0f,1f],start_interpolation:0}
execute if entity @s[tag=aj.heiloang_aj.bone.leg_left_0] run data modify entity @s {} merge value {transformation:[-0.7615994061232811f,-0.6440690925166405f,-0.07170319837675714f,0.38989853954343723f,-0.46318934588796556f,0.6183906477181904f,-0.6348611160486642f,1.615868329395469f,0.45323501017523343f,-0.45029769139922093f,-0.7692918917238033f,-0.3241694310082106f,0f,0f,0f,1f],start_interpolation:0}
execute if entity @s[tag=aj.heiloang_aj.bone.tail_4] run data modify entity @s {} merge value {transformation:[-1.514962249693515f,0.17607105367096504f,0.3984253126376826f,-0.09125784957681571f,0.07210074167251652f,1.523299136852119f,-0.399018278282507f,-1.2463991990435228f,-0.4295872772109434f,-0.3652575631146596f,-1.4720380591322026f,-3.3579118139274744f,0f,0f,0f,1f],start_interpolation:0}
execute if entity @s[tag=aj.heiloang_aj.bone.tail_3] run data modify entity @s {} merge value {transformation:[-0.9538417834986982f,0.21274945618189295f,0.21195169484184728f,-0.38004589923422055f,0.053434902399911444f,0.8147501094567691f,-0.577344758654389f,-0.4961468290153114f,-0.29551745000513024f,-0.5393699361611581f,-0.7885109439367176f,-2.2901313139921533f,0f,0f,0f,1f],start_interpolation:0}
execute if entity @s[tag=aj.heiloang_aj.bone.tail_2] run data modify entity @s {} merge value {transformation:[-0.9836366379949891f,0.16088341949011262f,-0.08108939343146712f,-0.31361356410329744f,0.17838730834735145f,0.8066629311612418f,-0.5634473211498485f,-0.040229844802664116f,-0.02523752393761687f,-0.5686927472928789f,-0.8221627737631861f,-1.6567678786286195f,0f,0f,0f,1f],start_interpolation:0}
execute if entity @s[tag=aj.heiloang_aj.bone.tail_1] run data modify entity @s {} merge value {transformation:[-0.9649864085057469f,0.060201710575406284f,-0.25529783673775014f,-0.11308524295966838f,0.2508463279953409f,0.4962810641045719f,-0.8311324955399636f,0.6176698197535904f,0.07666388413349388f,-0.8660720867543468f,-0.4940058596965602f,-1.2853362755651632f,0f,0f,0f,1f],start_interpolation:0}
execute if entity @s[tag=aj.heiloang_aj.bone.tail_ring] run data modify entity @s {} merge value {transformation:[-0.9927567230914274f,0.047714749209615874f,-0.11026056169199638f,-0.1274506396822847f,0.11344573487799885f,0.6744148829767609f,-0.7295852457783345f,0.5337399256414244f,0.039549386781110474f,-0.7368092482639624f,-0.674942944016702f,-1.4051827775273502f,0f,0f,0f,1f],start_interpolation:0}
execute if entity @s[tag=aj.heiloang_aj.bone.tail_0] run data modify entity @s {} merge value {transformation:[-0.9927567230914274f,0.047714749209615874f,-0.11026056169199638f,0.025494164543437253f,0.11344573487799885f,0.6744148829767609f,-0.7295852457783345f,1.5376583081697164f,0.039549386781110474f,-0.7368092482639624f,-0.674942944016702f,-0.44570585305433463f,0f,0f,0f,1f],start_interpolation:0}
execute if entity @s[tag=aj.heiloang_aj.bone.body_1] run data modify entity @s {} merge value {transformation:[-1f,1.0759046719378498e-16f,5.849691612078073e-17f,0.02854353954343724f,0f,0.4776635692961314f,-0.8785428359319083f,1.8802830042647f,-1.2246467991473532e-16f,-0.8785428359319083f,-0.4776635692961314f,-0.3398203384714782f,0f,0f,0f,1f],start_interpolation:0}