execute if entity @s[tag=aj.heiloang_aj.bone.head_lower] run data modify entity @s {} merge value {transformation:[-0.7261995559645905f,0.32715423198990634f,-0.07486196235690244f,0.588619046339327f,0.29054365451556147f,0.702163514805192f,0.25010154597115375f,4.75501517930901f,0.1679838972567721f,0.19984120437866087f,-0.7562042735233071f,1.5108359439193897f,0f,0f,0f,1f],start_interpolation:0}
execute if entity @s[tag=aj.heiloang_aj.bone.horne_right] run data modify entity @s {} merge value {transformation:[-0.43048490920200577f,-0.6051194702984197f,-0.29751162937791364f,0.11018103776033839f,0.1709496153291461f,0.2435002395572914f,-0.7426195946474607f,4.711642614553643f,0.6522721609636257f,-0.46318253421443023f,-0.0017227973009948383f,1.137134375244915f,0f,0f,0f,1f],start_interpolation:0}
execute if entity @s[tag=aj.heiloang_aj.bone.horne_left] run data modify entity @s {} merge value {transformation:[-0.6403360400265303f,0.3761071472706161f,-0.29751162937791364f,0.7275959002414332f,0.25747288832748183f,-0.14907665619387023f,-0.7426195946474607f,4.4646223994845124f,-0.4045707201707088f,-0.6901590862620111f,-0.0017227973009948383f,0.9943144657972073f,0f,0f,0f,1f],start_interpolation:0}
execute if entity @s[tag=aj.heiloang_aj.bone.head_upper] run data modify entity @s {} merge value {transformation:[-1.0637189545880332f,-0.2274934469804827f,-0.4357875969220335f,0.4784479141828199f,0.4255810815430316f,0.09379733881388448f,-1.0877706167497345f,4.554732889361736f,0.24605861310428837f,-1.1456923248465847f,-0.0025235104165647147f,1.3840340352603329f,0f,0f,0f,1f],start_interpolation:0}
execute if entity @s[tag=aj.heiloang_aj.bone.neck_0] run data modify entity @s {} merge value {transformation:[-0.9468391762411861f,-0.1349212109976896f,-0.29204766932442594f,0.36312691220024085f,0.23951359970011832f,0.31042231946459475f,-0.9199300077380412f,4.140426002033032f,0.21477618558304779f,-0.9409751592901578f,-0.2616045483267795f,1.333922876396854f,0f,0f,0f,1f],start_interpolation:0}
execute if entity @s[tag=aj.heiloang_aj.bone.neck_1] run data modify entity @s {} merge value {transformation:[-0.9703218678918137f,-0.06426457138271766f,-0.23312129365619388f,0.2773836202651056f,0.1527385513020823f,0.584514419964218f,-0.796877548811632f,3.8573703725904713f,0.1874737518616485f,-0.808834320314667f,-0.5573514462563346f,1.1207459168818439f,0f,0f,0f,1f],start_interpolation:0}
execute if entity @s[tag=aj.heiloang_aj.bone.neck_2] run data modify entity @s {} merge value {transformation:[-0.9874714605481845f,-0.05253775336312025f,-0.14879482206848296f,0.21816831049693003f,0.08013954890837507f,0.6453189992166882f,-0.7596979939099049f,3.524416583643075f,0.13593295150035442f,-0.7621044375422097f,-0.633023742820816f,0.8868757506040819f,0f,0f,0f,1f],start_interpolation:0}
execute if entity @s[tag=aj.heiloang_aj.bone.neck_3] run data modify entity @s {} merge value {transformation:[-0.9933578822334242f,-0.04170873471845356f,-0.10724038070107823f,0.1636814426312478f,0.0451699166781245f,0.7158309055853719f,-0.6968111603843021f,3.146482067976817f,0.10582909066989951f,-0.6970268976567633f,-0.7091922923375368f,0.5367481169297872f,0f,0f,0f,1f],start_interpolation:0}
execute if entity @s[tag=aj.heiloang_aj.bone.wing_right_2] run data modify entity @s {} merge value {transformation:[-1.5063977857795074f,1.6059937048504238f,-0.8277233458713206f,-3.345524301995918f,1.803499946488195f,1.272007500574135f,-0.8142240894380529f,5.7733434058305f,-0.10830355643598054f,-1.156009145632057f,-2.045846817628184f,0.29999824707680034f,0f,0f,0f,1f],start_interpolation:0}
execute if entity @s[tag=aj.heiloang_aj.bone.wing_right_1] run data modify entity @s {} merge value {transformation:[-2.326991414514103f,2.094567279431129f,-1.1769102096651771f,-1.8040953070321637f,2.4025223121497605f,2.0186130744777135f,-1.1577160999442815f,4.217982518752381f,-0.014706097382293096f,-1.650820384046705f,-2.9089163898633577f,0.35388352441526216f,0f,0f,0f,1f],start_interpolation:0}
execute if entity @s[tag=aj.heiloang_aj.bone.wing_right_0] run data modify entity @s {} merge value {transformation:[-1.703772496559262f,1.1896897508575515f,-0.7811514428538905f,-0.22563374191952731f,1.4177135383078485f,1.5257888934697377f,-0.7684117228823567f,2.893170492695116f,0.12509038039297013f,-1.0885800610285348f,-1.9307371254171948f,0.22205681336871314f,0f,0f,0f,1f],start_interpolation:0}
execute if entity @s[tag=aj.heiloang_aj.bone.wing_left_2] run data modify entity @s {} merge value {transformation:[-1.5159489434093807f,-1.783938883830211f,0.23029734270201724f,3.660878481605532f,-1.70363726302444f,1.3273434783858613f,-0.9323922847933284f,5.515470279847632f,0.5771437284867467f,-0.7676570558955023f,-2.147366705414628f,-0.6946531491941316f,0f,0f,0f,1f],start_interpolation:0}
execute if entity @s[tag=aj.heiloang_aj.bone.wing_left_1] run data modify entity @s {} merge value {transformation:[-2.3914573557006853f,-2.3153673510120956f,0.32745155158025535f,2.0901663348854784f,-2.2277531002289908f,2.113471315213939f,-1.325735228877916f,4.077090227095263f,0.7108210838074549f,-1.1659896236824294f,-3.053263885939062f,-0.18281271051091985f,0f,0f,0f,1f],start_interpolation:0}
execute if entity @s[tag=aj.heiloang_aj.bone.wing_left_0] run data modify entity @s {} merge value {transformation:[-1.7611781116371805f,-1.3339472013623972f,0.21733964909220382f,0.45379076539696217f,-1.2984915545559241f,1.5709999379996966f,-0.8799311777360127f,2.862275737709571f,0.37492844895664174f,-0.8251933463027776f,-2.0265449907121704f,0.14967315479594862f,0f,0f,0f,1f],start_interpolation:0}
execute if entity @s[tag=aj.heiloang_aj.bone.kazari_right] run data modify entity @s {} merge value {transformation:[-2.525844443783186f,-0.7091924698755351f,0.15500346782475277f,-3.1745899232975994f,0.20847646425425953f,-1.246172206394662f,-2.3044440944439852f,3.493116230111318f,0.6953542969004386f,-2.202492011617195f,1.2539463820677494f,-3.7284282264632487f,0f,0f,0f,1f],start_interpolation:0}
execute if entity @s[tag=aj.heiloang_aj.bone.kazari_left] run data modify entity @s {} merge value {transformation:[-2.525844443783186f,-0.7091924698755351f,0.15500346782475277f,1.7020825101224764f,0.20847646425425953f,-1.246172206394662f,-2.3044440944439852f,3.090608692979351f,0.6953542969004386f,-2.202492011617195f,1.2539463820677494f,-5.070955530351978f,0f,0f,0f,1f],start_interpolation:0}
execute if entity @s[tag=aj.heiloang_aj.bone.ring] run data modify entity @s {} merge value {transformation:[-2.1989951226685105f,0.1177123151843891f,-0.05908085238097857f,-0.02560859038868469f,-0.01671877959280653f,0.7307159545975409f,2.0781484455855317f,5.090293426647415f,0.13064156564072202f,2.0748793435606236f,-0.7285154609041633f,-2.0696670161086024f,0f,0f,0f,1f],start_interpolation:0}
execute if entity @s[tag=aj.heiloang_aj.bone.body_0] run data modify entity @s {} merge value {transformation:[-1.1210660410689413f,-0.07911717271304113f,-0.10297465941472911f,0.05862298008720331f,0.05097705527025727f,0.5549599799798666f,-0.981362897400545f,2.281889314730233f,0.11943469904369403f,-0.9794959262499843f,-0.547700154337847f,-0.08035129142190983f,0f,0f,0f,1f],start_interpolation:0}
execute if entity @s[tag=aj.heiloang_aj.bone.leg_right_3] run data modify entity @s {} merge value {transformation:[-0.984784267129904f,0.055008623718229864f,0.16484537764233462f,-0.6223833573378996f,0.11978447702362235f,0.9021038106285155f,0.41456048281727054f,0.2053667304464034f,-0.12590324172790382f,0.42799855860287345f,-0.8949668192487741f,-0.12261840409003921f,0f,0f,0f,1f],start_interpolation:0}
execute if entity @s[tag=aj.heiloang_aj.bone.leg_right_2] run data modify entity @s {} merge value {transformation:[-0.984784267129904f,0.1620888953473615f,0.06266687496987385f,-0.5267598903205154f,0.11978447702362235f,0.8943814193440155f,-0.43096816100074187f,0.7696475353973689f,-0.12590324172790382f,-0.4169041457424672f,-0.9001884841438202f,-0.3337043491926356f,0f,0f,0f,1f],start_interpolation:0}
execute if entity @s[tag=aj.heiloang_aj.bone.leg_right_1] run data modify entity @s {} merge value {transformation:[-0.9972682657824632f,0.03876529629085529f,0.06287493830391055f,-0.5682160467364357f,0.0003537435380263848f,0.8537134727875875f,-0.5207429128144387f,1.2011891107238264f,-0.07386393523735152f,-0.5192981399778351f,-0.8513950674550641f,0.22807947839836096f,0f,0f,0f,1f],start_interpolation:0}
execute if entity @s[tag=aj.heiloang_aj.bone.leg_right_0] run data modify entity @s {} merge value {transformation:[-0.9475449682231257f,0.3165245135624105f,0.04439330477803007f,-0.29978717062169147f,0.1584400182914645f,0.585781574124022f,-0.7948312449951769f,1.5698224484787415f,-0.2775883531397455f,-0.7461046707606529f,-0.6052045327575644f,-0.34776072276134373f,0f,0f,0f,1f],start_interpolation:0}
execute if entity @s[tag=aj.heiloang_aj.bone.leg_left_3] run data modify entity @s {} merge value {transformation:[-0.8877582789532708f,-0.20735090969815143f,-0.41096330541457843f,0.9702917371291415f,-0.40895908426189737f,0.7650698000256647f,0.49741398099406015f,0.5703031298062444f,0.21127637243572023f,0.6096505567421704f,-0.7639950871009346f,-0.7043461818653955f,0f,0f,0f,1f],start_interpolation:0}
execute if entity @s[tag=aj.heiloang_aj.bone.leg_left_2] run data modify entity @s {} merge value {transformation:[-0.8877582789532708f,-0.3824343809938815f,-0.25618193219615176f,0.7497871452520498f,-0.40895908426189737f,0.910731670003151f,0.05762198064056264f,1.121477440328147f,0.21127637243572023f,0.15592231875872634f,-0.9649095941917589f,-0.5639946415025873f,0f,0f,0f,1f],start_interpolation:0}
execute if entity @s[tag=aj.heiloang_aj.bone.leg_left_1] run data modify entity @s {} merge value {transformation:[-0.9292002789308832f,-0.28905273994221264f,-0.2302940623782311f,0.8905893448011113f,-0.2867618595332747f,0.9569855015880977f,-0.04411786109043464f,1.2244515655700363f,0.2331404674263722f,0.025045224735987748f,-0.9721204962174886f,0.12384173672673138f,0f,0f,0f,1f],start_interpolation:0}
execute if entity @s[tag=aj.heiloang_aj.bone.leg_left_0] run data modify entity @s {} merge value {transformation:[-0.8023435206602099f,-0.5957674046297917f,0.03613965184200618f,0.42883273398342614f,-0.4467353014624813f,0.5592760981211068f,-0.698310687658191f,1.5698224484787415f,0.3958187025417131f,-0.576429913910713f,-0.714881884696404f,-0.3311707049858326f,0f,0f,0f,1f],start_interpolation:0}
execute if entity @s[tag=aj.heiloang_aj.bone.tail_4] run data modify entity @s {} merge value {transformation:[-0.9736947307728099f,0.23072330797866722f,-1.2180064409141358f,-2.0874605271054225f,0.8493539870894977f,1.252316086329468f,-0.4417653089857673f,-0.803542338295958f,0.9029788145732501f,-0.9291531298787616f,-0.8978630660385043f,-2.8056865160627518f,0f,0f,0f,1f],start_interpolation:0}
execute if entity @s[tag=aj.heiloang_aj.bone.tail_3] run data modify entity @s {} merge value {transformation:[-0.6037379932883487f,0.07420392302815274f,-0.7937217480121039f,-1.0287310031929227f,0.5175141543510989f,0.7938157423569563f,-0.31943022279136446f,-0.3973999338509184f,0.6063658429582133f,-0.6036144009162688f,-0.5176583038067384f,-2.0981750356558164f,0f,0f,0f,1f],start_interpolation:0}
execute if entity @s[tag=aj.heiloang_aj.bone.tail_2] run data modify entity @s {} merge value {transformation:[-0.8156814018062415f,0.22992422244004024f,-0.5308471556698291f,-0.608876964759467f,0.4882669790577389f,0.7657560371403077f,-0.4185845777677441f,-0.05565784666022133f,0.3102566806842913f,-0.6006267922083681f,-0.736877363319197f,-1.5321735116705322f,0f,0f,0f,1f],start_interpolation:0}
execute if entity @s[tag=aj.heiloang_aj.bone.tail_1] run data modify entity @s {} merge value {transformation:[-0.871727147474747f,-0.18684807163758932f,-0.45296752475299507f,-0.2580449859430388f,0.3203657908252287f,0.4821388138116325f,-0.8154188643177427f,0.5897229960496814f,0.37075266745428365f,-0.8559380598744435f,-0.36043376261652726f,-1.2649554313297582f,0f,0f,0f,1f],start_interpolation:0}
execute if entity @s[tag=aj.heiloang_aj.bone.tail_ring] run data modify entity @s {} merge value {transformation:[-0.9605618250513884f,0.10121973009341298f,-0.25898947178169707f,-0.2921243855302599f,0.26185617599131084f,0.6426349601477183f,-0.7200358679198889f,0.5061797648495654f,0.09355385266868196f,-0.7594569600943539f,-0.6437956216184524f,-1.3810282482408183f,0f,0f,0f,1f],start_interpolation:0}
execute if entity @s[tag=aj.heiloang_aj.bone.tail_0] run data modify entity @s {} merge value {transformation:[-0.9605618250513884f,0.10121973009341298f,-0.25898947178169707f,0.06737082127546945f,0.26185617599131084f,0.6426349601477183f,-0.7200358679198889f,1.4974767285286203f,0.09355385266868196f,-0.7594569600943539f,-0.6437956216184524f,-0.46454926506747f,0f,0f,0f,1f],start_interpolation:0}
execute if entity @s[tag=aj.heiloang_aj.bone.body_1] run data modify entity @s {} merge value {transformation:[-0.9997408848413492f,0.019459109224623225f,0.011811276172387116f,0.06764118371101377f,0f,0.5188759614115025f,-0.8548495403691159f,1.834682154820935f,-0.02276319785610573f,-0.8546280358948406f,-0.5187415127844414f,-0.34246261287437196f,0f,0f,0f,1f],start_interpolation:0}