execute if entity @s[tag=aj.heiloang_aj.bone.head_lower] run data modify entity @s {} merge value {transformation:[-0.7838234990609251f,0.06412234096456926f,-0.1466596321729722f,-0.09378116150172233f,-0.0771594732254616f,0.4908490100655097f,0.626987771020519f,0.05057713062095329f,0.14023957362833525f,0.6284549106395246f,-0.47473917816166183f,1.8911471819918457f,0f,0f,0f,1f],start_interpolation:0}
execute if entity @s[tag=aj.heiloang_aj.bone.horne_right] run data modify entity @s {} merge value {transformation:[-0.6001820555694783f,-0.5052217567422336f,-0.15662846703804173f,-0.4511069290934816f,-0.4676435942131499f,0.3961329626680641f,0.5141868771946919f,0.5041605973943316f,-0.24716587338021076f,0.4773150452291585f,-0.5925195175132074f,2.083545997843331f,0f,0f,0f,1f],start_interpolation:0}
execute if entity @s[tag=aj.heiloang_aj.bone.horne_left] run data modify entity @s {} merge value {transformation:[-0.555608548264185f,0.5538652041869735f,-0.15662846703804173f,0.21529980980811686f,0.35386773235446906f,0.5003893317398732f,0.5141868771946919f,0.569761581530619f,0.4539567921003834f,0.2878260799021612f,-0.5925195175132074f,1.9643143123445204f,0f,0f,0f,1f],start_interpolation:0}
execute if entity @s[tag=aj.heiloang_aj.bone.head_upper] run data modify entity @s {} merge value {transformation:[-1.1481250658369666f,0.04832083001434972f,-0.2294254628056476f,-0.1335535201591871f,-0.11302126739382552f,0.8905762989223581f,0.753168083042855f,0.29481057169095426f,0.2054194214614448f,0.7600664876078141f,-0.8679077762654085f,1.8069000228903163f,0f,0f,0f,1f],start_interpolation:0}
execute if entity @s[tag=aj.heiloang_aj.bone.neck_0] run data modify entity @s {} merge value {transformation:[-0.9861270218903656f,-0.06999992545046585f,-0.15051082065608296f,-0.19255435673152171f,-0.1607216689513831f,0.17597059792678f,0.9711863332001607f,0.6989357063839245f,-0.04149749181722125f,0.9819034367503868f,-0.1847798665186737f,1.6631570737691175f,0f,0f,0f,1f],start_interpolation:0}
execute if entity @s[tag=aj.heiloang_aj.bone.neck_1] run data modify entity @s {} merge value {transformation:[-0.9852459405500251f,-0.05153588977738636f,-0.16320076193005126f,-0.2526622239350831f,-0.1666219604255433f,0.07107368930288302f,0.9834559740999217f,1.0581587680778213f,-0.03908399843471544f,0.9961388370873463f,-0.078612074852562f,1.6469504767615928f,0f,0f,0f,1f],start_interpolation:0}
execute if entity @s[tag=aj.heiloang_aj.bone.neck_2] run data modify entity @s {} merge value {transformation:[-0.9977803647823131f,-0.05566647988290875f,-0.036545679256512587f,-0.265772899687526f,-0.048488730084197386f,0.23119317221360486f,0.9716988011604379f,1.4486126714511824f,-0.04564194024902997f,0.971314037857611f,-0.23337920462425055f,1.5187561216519532f,0f,0f,0f,1f],start_interpolation:0}
execute if entity @s[tag=aj.heiloang_aj.bone.neck_3] run data modify entity @s {} merge value {transformation:[-0.9952219732798437f,-0.021938121812800845f,0.09514169807345645f,-0.21600581189216303f,0.044967136263676405f,0.7619532501486006f,0.6460690375217096f,1.7645017479747562f,-0.08666706731635723f,0.647260352098992f,-0.7573261226469553f,1.1111656346806364f,0f,0f,0f,1f],start_interpolation:0}
execute if entity @s[tag=aj.heiloang_aj.bone.wing_right_2] run data modify entity @s {} merge value {transformation:[-0.03534974759344154f,-2.245526061323196f,-0.6999565054947494f,-3.0667344305731996f,-2.219064431390487f,-0.20024509915380412f,0.7544739597385091f,-1.420730628971566f,-0.7797944928015986f,0.6716327973708734f,-2.115279163801573f,0.2783155068313913f,0f,0f,0f,1f],start_interpolation:0}
execute if entity @s[tag=aj.heiloang_aj.bone.wing_right_1] run data modify entity @s {} merge value {transformation:[-1.7894128356345378f,-2.6447517136668366f,-0.9952431108139814f,-1.8800317433667533f,-2.796588396292788f,1.4884552760828658f,1.0727595283760514f,0.3939249731438539f,-0.4053564089623958f,1.4060611782768955f,-3.007639758607354f,0.5894685826146322f,0f,0f,0f,1f],start_interpolation:0}
execute if entity @s[tag=aj.heiloang_aj.bone.wing_right_0] run data modify entity @s {} merge value {transformation:[-1.4752201814282109f,-1.521764825647744f,-0.6605734113088467f,-0.5131860985402391f,-1.655788144688314f,1.296066450450486f,0.7120234377647326f,1.9397243994022675f,-0.10242575953609434f,0.9658382739558261f,-1.996262856526035f,0.6687353200717152f,0f,0f,0f,1f],start_interpolation:0}
execute if entity @s[tag=aj.heiloang_aj.bone.wing_left_2] run data modify entity @s {} merge value {transformation:[0.3043624368379895f,2.217776028956512f,0.7227786651174304f,3.1300102010846933f,2.220830680420763f,-0.4984281773346959f,0.5941855326930067f,-1.1205895807822632f,0.7133376495495669f,0.6054872779387742f,-2.158265637105498f,0.8499932002296553f,0f,0f,0f,1f],start_interpolation:0}
execute if entity @s[tag=aj.heiloang_aj.bone.wing_left_1] run data modify entity @s {} merge value {transformation:[-2.1399209741387777f,2.3562266109743453f,1.02769312300769f,1.7133298177294665f,2.570579142618538f,1.9661048243594408f,0.8448511490582705f,0.5495611415514425f,-0.008936938821097182f,1.3303558735416958f,-3.0687606869480097f,0.8908308640455667f,0f,0f,0f,1f],start_interpolation:0}
execute if entity @s[tag=aj.heiloang_aj.bone.wing_left_0] run data modify entity @s {} merge value {transformation:[-1.6678214121489507f,1.296724976615603f,0.6821114807703677f,0.16751338646904235f,1.4566972502455813f,1.5786033278713805f,0.5607536485484211f,1.9089683396298416f,-0.15749558185689722f,0.8688589461210995f,-2.0368306933667535f,0.7280127774364158f,0f,0f,0f,1f],start_interpolation:0}
execute if entity @s[tag=aj.heiloang_aj.bone.kazari_right] run data modify entity @s {} merge value {transformation:[-2.626006934723843f,0.08300306562762476f,-0.06378290080383762f,-2.4683067843595388f,0.062151835791181616f,-0.052241435909555316f,-2.6268380555790154f,4.304468790049801f,-0.08423132817617207f,-2.626261889459384f,0.05023703696630553f,-2.5076212540798974f,0f,0f,0f,1f],start_interpolation:0}
execute if entity @s[tag=aj.heiloang_aj.bone.kazari_left] run data modify entity @s {} merge value {transformation:[-2.626006934723843f,0.08300306562762476f,-0.06378290080383762f,2.601750344478035f,0.062151835791181616f,-0.052241435909555316f,-2.6268380555790154f,4.184471636212673f,-0.08423132817617207f,-2.626261889459384f,0.05023703696630553f,-2.3449950095547782f,0f,0f,0f,1f],start_interpolation:0}
execute if entity @s[tag=aj.heiloang_aj.bone.ring] run data modify entity @s {} merge value {transformation:[-2.1862231576868694f,-0.27056145077906496f,0.012291945737395353f,-0.07044849935841294f,0.1090359856302783f,-0.7877118428109425f,2.0543971116405544f,4.121024288652647f,-0.24792285980787898f,2.039419731156818f,0.7951274750233238f,0.6623704139068377f,0f,0f,0f,1f],start_interpolation:0}
execute if entity @s[tag=aj.heiloang_aj.bone.body_0] run data modify entity @s {} merge value {transformation:[-1.1231697835438115f,0.0542864539414854f,0.09589053232869436f,-0.12019853774164836f,0.05074820498326853f,1.1265857208517875f,-0.04337751954075247f,1.841318265143951f,-0.09780916604693837f,-0.03885833795971169f,-1.1236439705466699f,0.05084031751779339f,0f,0f,0f,1f],start_interpolation:0}
execute if entity @s[tag=aj.heiloang_aj.bone.leg_right_3] run data modify entity @s {} merge value {transformation:[-0.9753758969930665f,0.053390398923103155f,0.21398907651514104f,-0.7387433143883292f,0.188653972783829f,0.7045601036989977f,0.6841087185736899f,0.0697662665190425f,-0.11424332854853828f,0.7076330444365142f,-0.6972832539962946f,-1.004876732623896f,0f,0f,0f,1f],start_interpolation:0}
execute if entity @s[tag=aj.heiloang_aj.bone.leg_right_2] run data modify entity @s {} merge value {transformation:[-0.9753758969930665f,0.1701373786966549f,0.14033934564191908f,-0.6418892785405874f,0.188653972783829f,0.9732268604913279f,0.1312979686479271f,0.6554733264842854f,-0.11424332854853828f,0.15454044903657033f,-0.9813591144396256f,-0.8645895765928949f,0f,0f,0f,1f],start_interpolation:0}
execute if entity @s[tag=aj.heiloang_aj.bone.leg_right_1] run data modify entity @s {} merge value {transformation:[-0.9891313376059185f,0.05864499299786879f,0.1348330885287678f,-0.7326287560209487f,0.060087106362024446f,0.9981710023093706f,0.006647540729132595f,0.7257178231998836f,-0.1341966341417152f,0.014677020984745048f,-0.9908460266055711f,-0.16431829273886178f,0f,0f,0f,1f],start_interpolation:0}
execute if entity @s[tag=aj.heiloang_aj.bone.leg_right_0] run data modify entity @s {} merge value {transformation:[-0.8562328728859367f,0.5116975687229997f,0.07092859474475996f,-0.3231252135982236f,0.416720457183109f,0.7653050152228307f,-0.4905632418352233f,1.2366900295160865f,-0.30530202743282914f,-0.39047897745941984f,-0.8685141565959935f,-0.49711070494772586f,0f,0f,0f,1f],start_interpolation:0}
execute if entity @s[tag=aj.heiloang_aj.bone.leg_left_3] run data modify entity @s {} merge value {transformation:[-0.9264992522890112f,-0.37514787782312464f,0.029380355217550974f,0.9222254587016865f,-0.280014961061466f,0.7394928667867511f,0.6121616792590486f,0.16152912428490285f,-0.2513777179657122f,0.5589403990912791f,-0.7901866065519161f,-0.5299820035508228f,0f,0f,0f,1f],start_interpolation:0}
execute if entity @s[tag=aj.heiloang_aj.bone.leg_left_2] run data modify entity @s {} merge value {transformation:[-0.9264992522890112f,-0.31387356500209423f,0.20756329324035022f,0.7215401434750193f,-0.280014961061466f,0.943552033424638f,0.176921400067874f,0.7270360186615433f,-0.2513777179657122f,0.1057967174023236f,-0.962089547545988f,-0.4202491134710883f,0f,0f,0f,1f],start_interpolation:0}
execute if entity @s[tag=aj.heiloang_aj.bone.leg_left_1] run data modify entity @s {} merge value {transformation:[-0.959582225675753f,-0.16179883651945462f,0.23026742858710905f,0.5469101825207765f,-0.15446759501204832f,0.9867499987698971f,0.04964072943462927f,0.7660858820841507f,-0.2352481971415773f,0.01206550573158982f,-0.9718604371580719f,0.2664293396542504f,0f,0f,0f,1f],start_interpolation:0}
execute if entity @s[tag=aj.heiloang_aj.bone.leg_left_0] run data modify entity @s {} merge value {transformation:[-0.9336020793370554f,-0.2232906227747788f,0.2802292904718887f,0.36898050830769447f,-0.35206089955479414f,0.7170922071093032f,-0.6015246374902506f,1.2366900295160865f,-0.06663542948158963f,-0.6602424284185013f,-0.7480906731498825f,-0.2687428793206237f,0f,0f,0f,1f],start_interpolation:0}
execute if entity @s[tag=aj.heiloang_aj.bone.tail_4] run data modify entity @s {} merge value {transformation:[-0.6832307953318795f,0.5743737650796613f,-1.2992862740697515f,-1.3907210013010671f,0.08479161425879567f,1.455666042796529f,0.5989166199799072f,-0.10843504193804906f,1.4180481043142468f,0.18969848055528318f,-0.6618220486002728f,-3.4449600736173047f,0f,0f,0f,1f],start_interpolation:0}
execute if entity @s[tag=aj.heiloang_aj.bone.tail_3] run data modify entity @s {} merge value {transformation:[-0.5743884988767131f,0.21683585196297284f,-0.789341539298198f,-0.3415675312423326f,0.1752650677428954f,0.9744932395063605f,0.1401609153276251f,-0.32116914985977707f,0.7995999051946134f,-0.05783718060115925f,-0.5977414592889424f,-2.644676656326615f,0f,0f,0f,1f],start_interpolation:0}
execute if entity @s[tag=aj.heiloang_aj.bone.tail_2] run data modify entity @s {} merge value {transformation:[-0.8826087174629228f,0.2578172994818654f,-0.3931057007298838f,-0.02905544550929995f,0.3241054987769749f,0.9394184794481621f,-0.1115730529018174f,-0.2166442738181361f,0.3405252964479778f,-0.22588306833222704f,-0.9126989437486139f,-1.9341602670298803f,0f,0f,0f,1f],start_interpolation:0}
execute if entity @s[tag=aj.heiloang_aj.bone.tail_1] run data modify entity @s {} merge value {transformation:[-0.9716395111882873f,0.05238532601878827f,-0.23059149575752275f,0.15203321634725242f,0.1876050747247423f,0.7643910262668907f,-0.6168554894788354f,0.27832903285677757f,0.14394789416768222f,-0.6426213010635073f,-0.7525402761209097f,-1.356913929506195f,0f,0f,0f,1f],start_interpolation:0}
execute if entity @s[tag=aj.heiloang_aj.bone.tail_ring] run data modify entity @s {} merge value {transformation:[-0.9685134141406445f,0.23908928572433386f,0.06941239141147948f,0.1694236517827578f,0.11260836882647435f,0.6693574008000385f,-0.734356878679881f,0.19355656149970168f,-0.22203855948882684f,-0.703418071594727f,-0.6752050759984572f,-1.4757624744557538f,0f,0f,0f,1f],start_interpolation:0}
execute if entity @s[tag=aj.heiloang_aj.bone.tail_0] run data modify entity @s {} merge value {transformation:[-0.9685134141406445f,0.23908928572433386f,0.06941239141147948f,0.06705896094751365f,0.11260836882647435f,0.6693574008000385f,-0.734356878679881f,1.2042547181597996f,-0.22203855948882684f,-0.703418071594727f,-0.6752050759984572f,-0.5166738931932364f,0f,0f,0f,1f],start_interpolation:0}
execute if entity @s[tag=aj.heiloang_aj.bone.body_1] run data modify entity @s {} merge value {transformation:[-0.9496396989003193f,0.20834139149027622f,0.23404765938672936f,0.0023824547544749773f,-3.469446951953614e-18f,0.7469352637993696f,-0.664896767696284f,1.4907838315566253f,-0.31334396798488245f,-0.6314123662748946f,-0.7093193790124639f,-0.3109295372968043f,0f,0f,0f,1f],start_interpolation:0}