execute if entity @s[tag=aj.heiloang_aj.bone.head_lower] run data modify entity @s {} merge value {transformation:[-0.798469727963999f,0.04902608915893497f,-0.006521971088407467f,0.0770012926558101f,0.04826623314973761f,0.7954438266840437f,0.07028150060848329f,5.17226310028335f,0.010791860943925988f,0.06975357461826057f,-0.7968801506910195f,0.88266240615813f,0f,0f,0f,1f],start_interpolation:0}
execute if entity @s[tag=aj.heiloang_aj.bone.horne_right] run data modify entity @s {} merge value {transformation:[-0.57453154529528f,-0.5548935376940177f,-0.04479581772928685f,-0.28660730588347266f,0.15189920501911258f,-0.09432583165353092f,-0.7797623157074413f,4.881456434716674f,0.5355745839518333f,-0.5685031216346025f,0.17310131633391215f,0.49067102846400173f,0f,0f,0f,1f],start_interpolation:0}
execute if entity @s[tag=aj.heiloang_aj.bone.horne_left] run data modify entity @s {} merge value {transformation:[-0.6028557238183229f,0.5239831208860176f,-0.04479581772928685f,0.3922516568315192f,-0.08072800535012244f,-0.1595422206024451f,-0.7797623157074413f,4.8404204832927675f,-0.5196613949599074f,-0.5830848727859351f,0.17310131633391215f,0.4814957882894758f,0f,0f,0f,1f],start_interpolation:0}
execute if entity @s[tag=aj.heiloang_aj.bone.head_upper] run data modify entity @s {} merge value {transformation:[-1.1695784957784667f,-0.030705409972203543f,-0.06561579391441615f,0.06025027060366631f,0.07069917166190691f,-0.2521843258142999f,-1.1421763459903673f,4.923053858047529f,0.01580764811413919f,-1.1439503293465265f,0.2535544806330062f,0.8055679516804762f,0f,0f,0f,1f],start_interpolation:0}
execute if entity @s[tag=aj.heiloang_aj.bone.neck_0] run data modify entity @s {} merge value {transformation:[-0.999681398011609f,-0.019567488418322142f,0.015944148348345136f,0.06916668775274029f,-0.01586583440807545f,-0.004150995152789161f,-0.9998655132255422f,4.495475835163851f,0.019631040932429865f,-0.9997999213023776f,0.003839218106452491f,0.8730793616865968f,0f,0f,0f,1f],start_interpolation:0}
execute if entity @s[tag=aj.heiloang_aj.bone.neck_1] run data modify entity @s {} merge value {transformation:[-0.9982017390720739f,-0.019144502499903182f,-0.05680471932435526f,0.048230088088309454f,0.04882823811917598f,0.2900134257625857f,-0.9557761328049713f,4.15084647687518f,0.034771989814571004f,-0.9568310722909663f,-0.2885571136237245f,0.7559935737399277f,0f,0f,0f,1f],start_interpolation:0}
execute if entity @s[tag=aj.heiloang_aj.bone.neck_2] run data modify entity @s {} merge value {transformation:[-0.9991156501618633f,-0.01659448385016322f,-0.03863341438941045f,0.0329542859665405f,0.028341183699312194f,0.41294040356869016f,-0.9103169779846189f,3.7639575384601107f,0.03105953811889475f,-0.910606856006627f,-0.41210491247444136f,0.6176334192092485f,0f,0f,0f,1f],start_interpolation:0}
execute if entity @s[tag=aj.heiloang_aj.bone.neck_3] run data modify entity @s {} merge value {transformation:[-0.9996553768346922f,-0.016901014907468474f,-0.02008689275590191f,0.022968598167614245f,0.007941681633174406f,0.5346189516581308f,-0.8450559189904526f,3.31369463419446f,0.025021136231731696f,-0.8449242168520551f,-0.5343004871031042f,0.36159381319973566f,0f,0f,0f,1f],start_interpolation:0}
execute if entity @s[tag=aj.heiloang_aj.bone.wing_right_2] run data modify entity @s {} merge value {transformation:[-1.5851038328465543f,1.6560277856449148f,-0.5278198732410234f,-3.944412323949301f,1.6621302569341767f,1.2353323313304887f,-1.1157298268283924f,5.206383172233842f,-0.5082763563260626f,-1.1247675362769793f,-2.0025306842239203f,-0.2523726701317177f,0f,0f,0f,1f],start_interpolation:0}
execute if entity @s[tag=aj.heiloang_aj.bone.wing_right_1] run data modify entity @s {} merge value {transformation:[-2.881931227370468f,1.5226485630697522f,-0.7504881924378058f,-2.0461419177263664f,1.68789678350682f,2.4127798242755993f,-1.5864163201051407f,4.125422840500944f,-0.1808193071391397f,-1.7456384636717375f,-2.847326729621224f,-0.09066712056903814f,0f,0f,0f,1f],start_interpolation:0}
execute if entity @s[tag=aj.heiloang_aj.bone.wing_right_0] run data modify entity @s {} merge value {transformation:[-1.850389610323014f,1.1208624833078187f,-0.49812205685120436f,-0.32903916762013524f,1.212127605793321f,1.533113231073724f,-1.052953222123583f,2.9895507633234817f,-0.187629841129806f,-1.1496221615033846f,-1.8898581768211837f,0.06870310417610609f,0f,0f,0f,1f],start_interpolation:0}
execute if entity @s[tag=aj.heiloang_aj.bone.wing_left_2] run data modify entity @s {} merge value {transformation:[-1.4530609592927783f,-1.8040911716334587f,0.4092003168796085f,4.023511130702007f,-1.7267247709853446f,1.13599205251583f,-1.1231739082650944f,5.079213182676464f,0.6637856733658596f,-0.9941594979559826f,-2.0259840766351416f,-0.4073072244515563f,0f,0f,0f,1f],start_interpolation:0}
execute if entity @s[tag=aj.heiloang_aj.bone.wing_left_1] run data modify entity @s {} merge value {transformation:[-2.955726742293227f,-1.4534012532871041f,0.5818272894391772f,2.079491517329366f,-1.5439673518863237f,2.500594340528222f,-1.5970007931517616f,4.092647077937512f,0.25896527586106716f,-1.6798427051250058f,-2.880674269131535f,-0.19393074382646297f,0f,0f,0f,1f],start_interpolation:0}
execute if entity @s[tag=aj.heiloang_aj.bone.wing_left_0] run data modify entity @s {} merge value {transformation:[-1.857699141703365f,-1.15248492574505f,0.3861766368451185f,0.35469262133504703f,-1.1826689933369021f,1.5511736564789937f,-1.0599784618779124f,2.9841189111910436f,0.28044242031843036f,-1.092720816757882f,-1.9119919627210586f,0.05158946018052912f,0f,0f,0f,1f],start_interpolation:0}
execute if entity @s[tag=aj.heiloang_aj.bone.kazari_right] run data modify entity @s {} merge value {transformation:[-2.564025675631747f,-0.557113487916529f,0.14922159642254412f,-3.029078004231979f,0.16543074575946745f,-1.3617913849656464f,-2.241657217494918f,3.1672362052813363f,0.5525171414670135f,-2.1776177290725456f,1.3636627233191843f,-4.32722387530533f,0f,0f,0f,1f],start_interpolation:0}
execute if entity @s[tag=aj.heiloang_aj.bone.kazari_left] run data modify entity @s {} merge value {transformation:[-2.564025675631747f,-0.557113487916529f,0.14922159642254412f,1.921311304860383f,0.16543074575946745f,-1.3617913849656464f,-2.241657217494918f,2.8478374555004606f,0.5525171414670135f,-2.1776177290725456f,1.3636627233191843f,-5.3939740939959675f,0f,0f,0f,1f],start_interpolation:0}
execute if entity @s[tag=aj.heiloang_aj.bone.ring] run data modify entity @s {} merge value {transformation:[-2.1984511053458275f,-0.09197503291993145f,-0.1062055389662735f,-0.03970558728457203f,-0.13511440253553594f,0.9276155220641897f,1.9935395223664547f,5.021098632848899f,-0.038511315417734865f,1.995995070717607f,-0.9313682633844883f,-2.6843208385850668f,0f,0f,0f,1f],start_interpolation:0}
execute if entity @s[tag=aj.heiloang_aj.bone.body_0] run data modify entity @s {} merge value {transformation:[-1.1281731546959286f,-0.02365696859177978f,-0.017834146970278356f,0.0037344867263910805f,0.008962680769105377f,0.3749948011951671f,-1.0644016842187454f,2.352257397741145f,0.028237905633050273f,-1.064176499858608f,-0.3746776931868433f,-0.101696677340185f,0f,0f,0f,1f],start_interpolation:0}
execute if entity @s[tag=aj.heiloang_aj.bone.leg_right_3] run data modify entity @s {} merge value {transformation:[-0.9875508036249149f,0.030262074544241506f,0.15436196780315994f,-0.6223609516201022f,0.09054564111730075f,0.9118023227216512f,0.4005221731116255f,0.30974769643797884f,-0.12862696892348036f,0.40951279726484824f,-0.9031912154919783f,-0.13521400512647883f,0f,0f,0f,1f],start_interpolation:0}
execute if entity @s[tag=aj.heiloang_aj.bone.leg_right_2] run data modify entity @s {} merge value {transformation:[-0.9875508036249149f,0.13462683970777878f,0.08135738620482505f,-0.5443212493418796f,0.09054564111730075f,0.9094491476554476f,-0.4058370790150119f,0.8820068366943206f,-0.12862696892348036f,-0.3934181768285194f,-0.9103171101360679f,-0.33153830765112713f,0f,0f,0f,1f],start_interpolation:0}
execute if entity @s[tag=aj.heiloang_aj.bone.leg_right_1] run data modify entity @s {} merge value {transformation:[-0.9955725863837086f,0.008468276603873275f,0.09361363967186424f,-0.6097419901911434f,-0.0335490745466058f,0.8983226484128206f,-0.43805351150931576f,1.258549315476721f,-0.08780481102035147f,-0.43925471840372554f,-0.8940612996443499f,0.2663610997929273f,0f,0f,0f,1f],start_interpolation:0}
execute if entity @s[tag=aj.heiloang_aj.bone.leg_right_0] run data modify entity @s {} merge value {transformation:[-0.954696125287851f,0.2862723352038338f,0.0812616665919913f,-0.3606698882736089f,0.10621334760012692f,0.5828868256328996f,-0.8055815745752731f,1.6262283310826506f,-0.27798207343628967f,-0.7604545342099983f,-0.5868857369603693f,-0.31871305451372056f,0f,0f,0f,1f],start_interpolation:0}
execute if entity @s[tag=aj.heiloang_aj.bone.leg_left_3] run data modify entity @s {} merge value {transformation:[-0.8636131693415198f,-0.2526183078625347f,-0.43629838903274154f,0.8577905986908918f,-0.3990429481657187f,0.8714113277651865f,0.2853191605233092f,0.5743402604644549f,0.3081185149566761f,0.42050717993297565f,-0.8533678529014955f,-0.7743917862416054f,0f,0f,0f,1f],start_interpolation:0}
execute if entity @s[tag=aj.heiloang_aj.bone.leg_left_2] run data modify entity @s {} merge value {transformation:[-0.8636131693415198f,-0.3785459438673021f,-0.33297937191590293f,0.6432740047297341f,-0.3990429481657187f,0.9169022096039541f,-0.007420481291518912f,1.1323359375046853f,0.3081185149566761f,0.126464644881483f,-0.9429049126692961f,-0.6529940687173081f,0f,0f,0f,1f],start_interpolation:0}
execute if entity @s[tag=aj.heiloang_aj.bone.leg_left_1] run data modify entity @s {} merge value {transformation:[-0.8990871934316559f,-0.2609569367644519f,-0.3514878315983389f,0.8717032343454312f,-0.2769170198819386f,0.9608805524828723f,-0.0050525201549048715f,1.208036846262211f,0.3390563119997834f,0.09279030668514626f,-0.9361788164012161f,0.01456661957498212f,0f,0f,0f,1f],start_interpolation:0}
execute if entity @s[tag=aj.heiloang_aj.bone.leg_left_0] run data modify entity @s {} merge value {transformation:[-0.7589235501458883f,-0.6414649126805646f,-0.11206163854628044f,0.3681388617263911f,-0.4610886688987538f,0.6508811341525813f,-0.6031177236803978f,1.6262283310826506f,0.459817664348747f,-0.4060498922595167f,-0.7897412237871959f,-0.3187130545137205f,0f,0f,0f,1f],start_interpolation:0}
execute if entity @s[tag=aj.heiloang_aj.bone.tail_4] run data modify entity @s {} merge value {transformation:[-1.2342703484609632f,-0.18139458384920898f,0.9636010977307462f,0.8952507094298969f,-0.31273696395546957f,1.5410525759919673f,-0.1104848998375417f,-1.1070221931291893f,-0.9293151575077435f,-0.2776820603970817f,-1.242626402040317f,-3.1750316316541527f,0f,0f,0f,1f],start_interpolation:0}
execute if entity @s[tag=aj.heiloang_aj.bone.tail_3] run data modify entity @s {} merge value {transformation:[-0.7665218852863075f,0.18194115748671064f,0.6159071477012754f,0.0674530056033254f,-0.17822909104058554f,0.8610943035587486f,-0.47618377910794113f,-0.49316284675454874f,-0.6169915643539801f,-0.47477785920477567f,-0.6276204218514236f,-2.3239382074004133f,0f,0f,0f,1f],start_interpolation:0}
execute if entity @s[tag=aj.heiloang_aj.bone.tail_2] run data modify entity @s {} merge value {transformation:[-0.9783420576784666f,0.1175621513590018f,0.1703700641113546f,-0.06379889409053627f,0.0015239270030482366f,0.8271331955666883f,-0.5620038740419215f,-0.038002089896720825f,-0.206989120061788f,-0.5495723950122329f,-0.8093983486618719f,-1.7002199880550415f,0f,0f,0f,1f],start_interpolation:0}
execute if entity @s[tag=aj.heiloang_aj.bone.tail_1] run data modify entity @s {} merge value {transformation:[-0.9819999377657775f,0.1623762985881417f,-0.0964886515856842f,0.014347932812089893f,0.1704466716634345f,0.5416865123521704f,-0.8231182505901563f,0.6144013987001219f,-0.08138829367216305f,-0.8247482403694818f,-0.5596126210697693f,-1.2768197359649847f,0f,0f,0f,1f],start_interpolation:0}
execute if entity @s[tag=aj.heiloang_aj.bone.tail_ring] run data modify entity @s {} merge value {transformation:[-0.9999590769295269f,0.0031244820538221204f,0.008490116497656495f,0.015664932039576158f,-0.004174160756552964f,0.6732565754941786f,-0.7393971598104971f,0.5290255340456067f,-0.008026259915233785f,-0.7394023405195217f,-0.6732159816775196f,-1.3964984852431197f,0f,0f,0f,1f],start_interpolation:0}
execute if entity @s[tag=aj.heiloang_aj.bone.tail_0] run data modify entity @s {} merge value {transformation:[-0.9999590769295269f,0.0031244820538221204f,0.008490116497656495f,0.0037344867263911213f,-0.004174160756552964f,0.6732565754941786f,-0.7393971598104971f,1.5466763526908798f,-0.008026259915233785f,-0.7394023405195217f,-0.6732159816775196f,-0.43937536030082824f,0f,0f,0f,1f],start_interpolation:0}
execute if entity @s[tag=aj.heiloang_aj.bone.body_1] run data modify entity @s {} merge value {transformation:[-1f,1.0823207246530462e-16f,5.730110222747575e-17f,0.006783861726391109f,0f,0.4678990078394114f,-0.8837819405616378f,1.8904533420636644f,-1.2246467991473532e-16f,-0.8837819405616378f,-0.4678990078394114f,-0.33729301045306775f,0f,0f,0f,1f],start_interpolation:0}