execute if entity @s[tag=aj.heiloang_aj.bone.head_lower] run data modify entity @s {} merge value {transformation:[-0.7312893186598655f,0.31940226401377986f,-0.05655197747967368f,0.5655327940330356f,0.29084255875331827f,0.707414302912448f,0.2344687826827227f,4.919805936036703f,0.14361942219565044f,0.19377099312788504f,-0.7627753691555731f,1.2329891284506576f,0f,0f,0f,1f],start_interpolation:0}
execute if entity @s[tag=aj.heiloang_aj.bone.horne_right] run data modify entity @s {} merge value {transformation:[-0.4294583495998956f,-0.6137735652792068f,-0.2807980351131135f,0.08548492394758928f,0.2290388037951511f,0.18054944860071903f,-0.7449450469437748f,4.8272301844529295f,0.6349068847595059f,-0.4802956455917834f,0.07879936871924825f,0.8704691393447102f,0f,0f,0f,1f],start_interpolation:0}
execute if entity @s[tag=aj.heiloang_aj.bone.horne_left] run data modify entity @s {} merge value {transformation:[-0.6488677329985761f,0.37433023996185955f,-0.2807980351131135f,0.7072271026722068f,0.19982445050222605f,-0.21243132070252924f,-0.7449450469437748f,4.579955841000858f,-0.42313219453826983f,-0.6743513961093847f,0.07879936871924825f,0.7483639065939682f,0f,0f,0f,1f],start_interpolation:0}
execute if entity @s[tag=aj.heiloang_aj.bone.head_upper] run data modify entity @s {} merge value {transformation:[-1.0711743117400045f,-0.237855267842068f,-0.4113059418828109f,0.4589598101621909f,0.4260189089978918f,-0.03167042229317563f,-1.091176881137068f,4.705015936602243f,0.21037013914663388f,-1.1469890881397047f,0.11542334531573688f,1.1288889203886185f,0f,0f,0f,1f],start_interpolation:0}
execute if entity @s[tag=aj.heiloang_aj.bone.neck_0] run data modify entity @s {} merge value {transformation:[-0.952105653240611f,-0.1486726758368288f,-0.267191430489053f,0.35518575988416606f,0.23889947083844232f,0.18370498716544292f,-0.9535090563406605f,4.284690689229877f,0.1908451411495233f,-0.9716732543144645f,-0.13938873322315848f,1.133118759529665f,0f,0f,0f,1f],start_interpolation:0}
execute if entity @s[tag=aj.heiloang_aj.bone.neck_1] run data modify entity @s {} merge value {transformation:[-0.9717698852723218f,-0.08670442104121445f,-0.21942113264160862f,0.2741541484689226f,0.15488653121648815f,0.46709824503451236f,-0.870533969431063f,3.9733313892148456f,0.1779703697966109f,-0.8799440737101346f,-0.4404826609718834f,0.9616367436076999f,0f,0f,0f,1f],start_interpolation:0}
execute if entity @s[tag=aj.heiloang_aj.bone.neck_2] run data modify entity @s {} merge value {transformation:[-0.987195830324353f,-0.07470513867267906f,-0.1409380532223534f,0.21890152896686876f,0.07842503541316809f,0.542080624577322f,-0.8366588972085961f,3.612299201693072f,0.13890250685518407f,-0.8369992465431235f,-0.5292809791364028f,0.7727906666784702f,0f,0f,0f,1f],start_interpolation:0}
execute if entity @s[tag=aj.heiloang_aj.bone.neck_3] run data modify entity @s {} merge value {transformation:[-0.992403871438285f,-0.06130802345444611f,-0.10665778084327947f,0.16519077780345037f,0.04185581626780133f,0.6469914724101922f,-0.7613475719230001f,3.2026341259791664f,0.11568338946823786f,-0.760028526365031f,-0.6395107446419798f,0.46024889712783285f,0f,0f,0f,1f],start_interpolation:0}
execute if entity @s[tag=aj.heiloang_aj.bone.wing_right_2] run data modify entity @s {} merge value {transformation:[-1.551626481202085f,1.5826190473161692f,-0.7882564431867994f,-3.49528621683816f,1.7569486600053663f,1.2627744488786639f,-0.9230970174827468f,5.634206684390866f,-0.19789561707827616f,-1.1976199934254f,-2.014973866433498f,0.16839993888607607f,0f,0f,0f,1f],start_interpolation:0}
execute if entity @s[tag=aj.heiloang_aj.bone.wing_right_1] run data modify entity @s {} merge value {transformation:[-2.459341347609809f,1.9704518622337952f,-1.1207936328584913f,-1.868059106499757f,2.2656362453427437f,2.0812030286717422f,-1.312518620872406f,4.170822773365046f,-0.0758374091461698f,-1.7242772935253f,-2.8650192451896483f,0.26164112620026114f,0f,0f,0f,1f],start_interpolation:0}
execute if entity @s[tag=aj.heiloang_aj.bone.wing_right_0] run data modify entity @s {} merge value {transformation:[-1.7728284406630443f,1.1099929959587458f,-0.7439051477834835f,-0.22506823554895367f,1.333665795650321f,1.5462269239831563f,-0.8711589091905001f,2.923362122290362f,0.08255219856935811f,-1.142583847458082f,-1.9016012426476934f,0.169613844040086f,0f,0f,0f,1f],start_interpolation:0}
execute if entity @s[tag=aj.heiloang_aj.bone.wing_left_2] run data modify entity @s {} merge value {transformation:[-1.5312973456172287f,-1.7753020431621467f,0.19237229834605776f,3.817165456994878f,-1.666405688627918f,1.329617089221913f,-0.9943774350208116f,5.337732777396795f,0.6417137418936516f,-0.7835796436319419f,-2.123153885584249f,-0.7855978851645986f,0f,0f,0f,1f],start_interpolation:0}
execute if entity @s[tag=aj.heiloang_aj.bone.wing_left_1] run data modify entity @s {} merge value {transformation:[-2.533446937120673f,-2.1665752265807043f,0.2735272879634691f,2.1543105890818826f,-2.0568095208193786f,2.22659512490034f,-1.413869696166091f,4.012613464612125f,0.7337574427292992f,-1.239130626785088f,-3.018836543753661f,-0.259264384592584f,0f,0f,0f,1f],start_interpolation:0}
execute if entity @s[tag=aj.heiloang_aj.bone.wing_left_0] run data modify entity @s {} merge value {transformation:[-1.829926160466733f,-1.2437083275656875f,0.181548459600297f,0.4537037593890115f,-1.1937702211161951f,1.619464163921451f,-0.9384287298193642f,2.8947341042772146f,0.393297478272708f,-0.8711632554911594f,-2.003694506621798f,0.09049016535396903f,0f,0f,0f,1f],start_interpolation:0}
execute if entity @s[tag=aj.heiloang_aj.bone.kazari_right] run data modify entity @s {} merge value {transformation:[-2.5156495982965374f,-0.7357124958658013f,0.19262505178100325f,-3.23912499581377f,0.22638489419586422f,-1.3599038497273197f,-2.237472142336747f,3.2800866661380153f,0.726035238006151f,-2.125149131585823f,1.3650949381818187f,-3.8003302736710687f,0f,0f,0f,1f],start_interpolation:0}
execute if entity @s[tag=aj.heiloang_aj.bone.kazari_left] run data modify entity @s {} merge value {transformation:[-2.5156495982965374f,-0.7357124958658013f,0.19262505178100325f,1.6178641502724074f,0.22638489419586422f,-1.3599038497273197f,-2.237472142336747f,2.843003149144339f,0.726035238006151f,-2.125149131585823f,1.3650949381818187f,-5.202093568948687f,0f,0f,0f,1f],start_interpolation:0}
execute if entity @s[tag=aj.heiloang_aj.bone.ring] run data modify entity @s {} merge value {transformation:[-2.1969484663991747f,0.13310170158997228f,-0.09288519152264543f,-0.08006081299053312f,-0.034231192615216344f,0.852368143258309f,2.031064513892789f,4.9965909873209915f,0.15865669611612532f,2.026987610020413f,-0.8479832353208869f,-2.292749250877447f,0f,0f,0f,1f],start_interpolation:0}
execute if entity @s[tag=aj.heiloang_aj.bone.body_0] run data modify entity @s {} merge value {transformation:[-1.1199893806584564f,-0.09798635129577825f,-0.09836075492645036f,0.06250000000000001f,0.04723688720680709f,0.48290553210455583f,-1.0189324312669124f,2.2952034940310284f,0.13055588702533594f,-1.0153094592094718f,-0.47513602088293794f,-0.09237560618609592f,0f,0f,0f,1f],start_interpolation:0}
execute if entity @s[tag=aj.heiloang_aj.bone.leg_right_3] run data modify entity @s {} merge value {transformation:[-0.9870633621881428f,0.05623233068904757f,0.15014607557680865f,-0.6103793634587444f,0.11205641307676739f,0.9117345146406008f,0.39520062639302184f,0.21758612027818403f,-0.11467030702936144f,0.4069128896930467f,-0.9062409287200872f,-0.0684219246725764f,0f,0f,0f,1f],start_interpolation:0}
execute if entity @s[tag=aj.heiloang_aj.bone.leg_right_2] run data modify entity @s {} merge value {transformation:[-0.9870633621881428f,0.15187743128351164f,0.0513728030436469f,-0.5204335232525681f,0.11205641307676739f,0.8826608642454383f,-0.4564571820202468f,0.7759411750410159f,-0.11467030702936144f,-0.44479550874105955f,-0.8882610405109379f,-0.29703366792036007f,0f,0f,0f,1f],start_interpolation:0}
execute if entity @s[tag=aj.heiloang_aj.bone.leg_right_1] run data modify entity @s {} merge value {transformation:[-0.9982133671264548f,0.02712483405563644f,0.05323830451394751f,-0.5559636724142225f,-0.006068479967086076f,0.840383843100269f,-0.5419577195749791f,1.221451839318704f,-0.05944112415621605f,-0.5413125156815393f,-0.8387177791877126f,0.25415202637713924f,0f,0f,0f,1f],start_interpolation:0}
execute if entity @s[tag=aj.heiloang_aj.bone.leg_right_0] run data modify entity @s {} merge value {transformation:[-0.9540541941396347f,0.29690918282859474f,0.0403178843272863f,-0.301904375f,0.14296389820052685f,0.5693197817657181f,-0.8095902110954311f,1.577622805363085f,-0.2633285371088401f,-0.7666289345193614f,-0.5856092197889536f,-0.3358756448829528f,0f,0f,0f,1f],start_interpolation:0}
execute if entity @s[tag=aj.heiloang_aj.bone.leg_left_3] run data modify entity @s {} merge value {transformation:[-0.879149316395704f,-0.19478480901885456f,-0.43491994396262745f,0.9600718760453744f,-0.4087891953638431f,0.7773150248942695f,0.47819739211689843f,0.5744428643387974f,0.24492421937151965f,0.59819748432195f,-0.7630018981078243f,-0.7117890037664041f,0f,0f,0f,1f],start_interpolation:0}
execute if entity @s[tag=aj.heiloang_aj.bone.leg_left_2] run data modify entity @s {} merge value {transformation:[-0.879149316395704f,-0.3814654039913116f,-0.28562322216289077f,0.7415455672983857f,-0.4087891953638431f,0.9117255088675617f,0.04059544597571741f,1.127024881468453f,0.24492421937151965f,0.15244914574352703f,-0.957481793418194f,-0.5739002180341065f,0f,0f,0f,1f],start_interpolation:0}
execute if entity @s[tag=aj.heiloang_aj.bone.leg_left_1] run data modify entity @s {} merge value {transformation:[-0.9202398652242496f,-0.29106580645099334f,-0.2616090341847701f,0.9042933853241001f,-0.2864481851491291f,0.9564280019306508f,-0.0565058788774514f,1.238698495323339f,0.2666571350570345f,0.022938470698280256f,-0.9635184476102152f,0.10770814809652685f,0f,0f,0f,1f],start_interpolation:0}
execute if entity @s[tag=aj.heiloang_aj.bone.leg_left_0] run data modify entity @s {} merge value {transformation:[-0.787666070129544f,-0.6159240156819276f,0.014824603634807577f,0.426904375f,-0.4442125707376269f,0.5510730836369012f,-0.7063948247896398f,1.577622805363085f,0.4269160971026382f,-0.5629885108926875f,-0.7076627605275589f,-0.33587564488295274f,0f,0f,0f,1f],start_interpolation:0}
execute if entity @s[tag=aj.heiloang_aj.bone.tail_4] run data modify entity @s {} merge value {transformation:[-1.051626984758864f,0.2572017867094232f,-1.1457671183657414f,-2.0497459985200743f,0.8348196897767948f,1.2454310997215143f,-0.4866537014090299f,-0.8978909457941957f,0.8258396540343834f,-0.9314520816701273f,-0.9670782021452197f,-2.8002616589316327f,0f,0f,0f,1f],start_interpolation:0}
execute if entity @s[tag=aj.heiloang_aj.bone.tail_3] run data modify entity @s {} merge value {transformation:[-0.655157203938687f,0.07516208502817026f,-0.7517444373598383f,-1.0471366024066104f,0.51249385077574f,0.775302401507475f,-0.36912902775831036f,-0.42485183609955546f,0.5550847602342324f,-0.6271019432205259f,-0.5464650599670072f,-2.053642109278466f,0f,0f,0f,1f],start_interpolation:0}
execute if entity @s[tag=aj.heiloang_aj.bone.tail_2] run data modify entity @s {} merge value {transformation:[-0.8246578849759278f,0.21087447009383495f,-0.5248536277950966f,-0.6323235352744354f,0.4774355217420645f,0.7570718668112526f,-0.4459792720091458f,-0.06181836310975275f,0.30330627313972924f,-0.6183640888227333f,-0.7250042471106763f,-1.4972612956935976f,0f,0f,0f,1f],start_interpolation:0}
execute if entity @s[tag=aj.heiloang_aj.bone.tail_1] run data modify entity @s {} merge value {transformation:[-0.8683717116223496f,-0.19482273587587173f,-0.4560424015811593f,-0.27922326652880575f,0.3274552393570605f,0.4653556542180998f,-0.822324255573709f,0.588675497015103f,0.3724293713869533f,-0.8634165950878433f,-0.3403059603580786f,-1.2458991065922291f,0f,0f,0f,1f],start_interpolation:0}
execute if entity @s[tag=aj.heiloang_aj.bone.tail_ring] run data modify entity @s {} merge value {transformation:[-0.9582649246956719f,0.08771413696065727f,-0.2720929331593257f,-0.3156046077629648f,0.26407840022531076f,0.6361527763450815f,-0.724963615420033f,0.5042230666104712f,0.10950311699873569f,-0.7665610708389071f,-0.6327663012849762f,-1.3606072614462086f,0f,0f,0f,1f],start_interpolation:0}
execute if entity @s[tag=aj.heiloang_aj.bone.tail_0] run data modify entity @s {} merge value {transformation:[-0.9582649246956719f,0.08771413696065727f,-0.2720929331593257f,0.06250000000000007f,0.26407840022531076f,0.6361527763450815f,-0.724963615420033f,1.5025500738182278f,0.10950311699873569f,-0.7665610708389071f,-0.6327663012849762f,-0.4593746095842816f,0f,0f,0f,1f],start_interpolation:0}
execute if entity @s[tag=aj.heiloang_aj.bone.body_1] run data modify entity @s {} merge value {transformation:[-1f,1.0605752387249069e-16f,6.123233995736766e-17f,0.06554937500000005f,0f,0.5f,-0.8660254037844387f,1.8423515092371665f,-1.2246467991473532e-16f,-0.8660254037844387f,-0.5f,-0.3447517102147181f,0f,0f,0f,1f],start_interpolation:0}