execute if entity @s[tag=aj.heiloang_aj.bone.head_lower] run data modify entity @s {} merge value {transformation:[-0.7886786418278902f,-0.13047117356040988f,0.03103663632360381f,-0.21404121736971243f,-0.12061869691593156f,0.7710059005764048f,0.17607109709055035f,5.1022898149886124f,-0.05862704050876935f,0.1688998938606439f,-0.779766436809797f,1.0911436104155692f,0f,0f,0f,1f],start_interpolation:0}
execute if entity @s[tag=aj.heiloang_aj.bone.horne_right] run data modify entity @s {} merge value {transformation:[-0.6279781979454048f,-0.4820741106081299f,0.11509967326896416f,-0.4786708680731444f,-0.04574303297788609f,-0.12861849447322252f,-0.7882669965268279f,4.798894935790056f,0.49350882245328315f,-0.6253493701610504f,0.07339759805301563f,0.634679301733145f,0f,0f,0f,1f],start_interpolation:0}
execute if entity @s[tag=aj.heiloang_aj.bone.horne_left] run data modify entity @s {} merge value {transformation:[-0.5349715793463806f,0.5835730241409525f,0.11509967326896416f,0.19186371320892776f,-0.13211583028548504f,0.03435912651030667f,-0.7882669965268279f,4.9014449519079815f,-0.5799575990360126f,-0.546133661222628f,0.07339759805301563f,0.6845240115737008f,0f,0f,0f,1f],start_interpolation:0}
execute if entity @s[tag=aj.heiloang_aj.bone.head_upper] run data modify entity @s {} merge value {transformation:[-1.155236757583448f,0.10082574334461672f,0.168595123912547f,-0.17086490103057383f,-0.17667925177503369f,-0.09363421253747138f,-1.1546337898375845f,4.86802867427801f,-0.08587542326123264f,-1.1637134166630092f,0.10751096668810597f,0.9835010457531634f,0f,0f,0f,1f],start_interpolation:0}
execute if entity @s[tag=aj.heiloang_aj.bone.neck_0] run data modify entity @s {} merge value {transformation:[-0.980572692093314f,0.048304902062589423f,0.1901153122649359f,-0.0919048242644189f,-0.18125895366365577f,0.14735325816902706f,-0.9723333836826386f,4.4423815384481005f,-0.07498257956103635f,-0.9879036662264677f,-0.13573488504683373f,0.990577815198606f,0f,0f,0f,1f],start_interpolation:0}
execute if entity @s[tag=aj.heiloang_aj.bone.neck_1] run data modify entity @s {} merge value {transformation:[-0.9992506841881037f,0.02191671582223563f,0.03190184504340977f,-0.0800073181754426f,-0.020443895707442393f,0.4010033972785093f,-0.915848416769608f,4.113686102297385f,-0.03286513772844381f,-0.9158143550625649f,-0.40025485603978506f,0.8333055126732837f,0f,0f,0f,1f],start_interpolation:0}
execute if entity @s[tag=aj.heiloang_aj.bone.neck_2] run data modify entity @s {} merge value {transformation:[-0.9997214011642733f,0.01840492314689815f,0.014777647245036635f,-0.07456830460689626f,-0.0034070517364329722f,0.5070013526001309f,-0.8619385247569012f,3.7434700551805f,-0.02335619944698271f,-0.8617487378961426f,-0.5067973960882182f,0.6545027477374321f,0f,0f,0f,1f],start_interpolation:0}
execute if entity @s[tag=aj.heiloang_aj.bone.neck_3] run data modify entity @s {} merge value {transformation:[-0.9995886334464786f,0.014996681920298217f,0.0244471555806133f,-0.062280064992481295f,-0.011622614719730582f,0.5674585972532402f,-0.8233198984783872f,3.3036602884622006f,-0.02621981524873914f,-0.8232653520796114f,-0.5670508631097881f,0.3809903256604146f,0f,0f,0f,1f],start_interpolation:0}
execute if entity @s[tag=aj.heiloang_aj.bone.wing_right_2] run data modify entity @s {} merge value {transformation:[-1.078757428028183f,2.0513008235359407f,-0.40252124062687156f,-3.547660189042018f,1.9287242978117363f,0.8020089550853945f,-1.0818411275757946f,5.6371190513493845f,-0.8061519712967603f,-0.8261492441711791f,-2.0496761773145398f,-0.7573906127578867f,0f,0f,0f,1f],start_interpolation:0}
execute if entity @s[tag=aj.heiloang_aj.bone.wing_right_1] run data modify entity @s {} merge value {transformation:[-2.164897781389706f,2.484526939015637f,-0.5723305498918546f,-2.1215550319971213f,2.4056448275860336f,1.741819892789546f,-1.5382311911709432f,4.085503042232744f,-0.8445764219669483f,-1.407269740770475f,-2.914361219387416f,-0.1600914415010111f,0f,0f,0f,1f],start_interpolation:0}
execute if entity @s[tag=aj.heiloang_aj.bone.wing_right_0] run data modify entity @s {} merge value {transformation:[-1.8624229796607494f,1.1469424029967403f,-0.37987335921282644f,-0.39231184353142456f,1.1804925139410616f,1.5787511156541207f,-1.0209712725390372f,2.979311959309997f,-0.2573287184919079f,-1.05852162898494f,-1.9343510259542813f,0.06375087325724252f,0f,0f,0f,1f],start_interpolation:0}
execute if entity @s[tag=aj.heiloang_aj.bone.wing_left_2] run data modify entity @s {} merge value {transformation:[-1.0565454891144939f,-2.032649842668643f,0.5344363880313181f,3.4416824624310687f,-1.960337182378827f,0.7373785999431711f,-1.070946748466001f,5.705002153419354f,0.7578692282550246f,-0.9263818995241624f,-2.0250992112534005f,-0.5626100358622377f,0f,0f,0f,1f],start_interpolation:0}
execute if entity @s[tag=aj.heiloang_aj.bone.wing_left_1] run data modify entity @s {} merge value {transformation:[-2.1785230241788103f,-2.4215313973848165f,0.7598959780801224f,2.003802949376908f,-2.435703951597543f,1.7134250191547429f,-1.5227408633141373f,4.133470220724117f,0.7131637022415858f,-1.5451793320239904f,-2.8794161107056007f,-0.05188080315712265f,0f,0f,0f,1f],start_interpolation:0}
execute if entity @s[tag=aj.heiloang_aj.bone.wing_left_0] run data modify entity @s {} merge value {transformation:[-1.8454181966381917f,-1.126253222839449f,0.5043662930454391f,0.2913742951153797f,-1.2236050584339786f,1.5523197657391303f,-1.010689866314287f,2.987261450043314f,0.16006979881109368f,-1.1181489269946847f,-1.9111568843423634f,0.0816843747433845f,0f,0f,0f,1f],start_interpolation:0}
execute if entity @s[tag=aj.heiloang_aj.bone.kazari_right] run data modify entity @s {} merge value {transformation:[-2.5941302025982504f,-0.40318401154146005f,0.12166073056309211f,-2.8581484348844177f,0.10960808590541357f,-1.3794263651303222f,-2.234287170272378f,3.1236609840623584f,0.40662605429062343f,-2.2003399156896046f,1.3784156470206494f,-4.424594840925129f,0f,0f,0f,1f],start_interpolation:0}
execute if entity @s[tag=aj.heiloang_aj.bone.kazari_left] run data modify entity @s {} merge value {transformation:[-2.5941302025982504f,-0.40318401154146005f,0.12166073056309211f,2.150363977212184f,0.10960808590541357f,-1.3794263651303222f,-2.234287170272378f,2.9120395865806246f,0.40662605429062343f,-2.2003399156896046f,1.3784156470206494f,-5.2096717186996635f,0f,0f,0f,1f],start_interpolation:0}
execute if entity @s[tag=aj.heiloang_aj.bone.ring] run data modify entity @s {} merge value {transformation:[-2.190938027984491f,-0.20985898576555836f,-0.09314531340280716f,-0.004036515217238371f,-0.17226226734535646f,0.9115923725831698f,1.9980618967592703f,5.0274695332465f,-0.1517977422904996f,1.9944635464519445f,-0.9230378611378128f,-2.6035753658582474f,0f,0f,0f,1f],start_interpolation:0}
execute if entity @s[tag=aj.heiloang_aj.bone.body_0] run data modify entity @s {} merge value {transformation:[-1.1280978306386777f,0.023077636162004294f,0.02269544348888416f,-0.03853661543519357f,-0.013116842281879813f,0.3974866942118698f,-1.056165068685168f,2.352313497854147f,-0.029590689321732148f,-1.055994378096478f,-0.3970549590066481f,-0.10248161965753019f,0f,0f,0f,1f],start_interpolation:0}
execute if entity @s[tag=aj.heiloang_aj.bone.leg_right_3] run data modify entity @s {} merge value {transformation:[-0.9895285357246981f,0.04983129934889304f,0.13546260957081807f,-0.6729737350719456f,0.10089201354918366f,0.9099477919195194f,0.40226336843265087f,0.36272037887219155f,-0.10321859613716039f,0.41171817738107236f,-0.9054468862531264f,-0.21505772193562367f,0f,0f,0f,1f],start_interpolation:0}
execute if entity @s[tag=aj.heiloang_aj.bone.leg_right_2] run data modify entity @s {} merge value {transformation:[-0.9895285357246981f,0.12966699207263288f,0.06340148384202568f,-0.5971034200440786f,0.10089201354918366f,0.9355025895552268f,-0.33860848562529616f,0.947653138442306f,-0.10321859613716039f,-0.32866605559792894f,-0.9387888715303209f,-0.3706575695565437f,0f,0f,0f,1f],start_interpolation:0}
execute if entity @s[tag=aj.heiloang_aj.bone.leg_right_1] run data modify entity @s {} merge value {transformation:[-0.9967121457940292f,0.0002562038529091565f,0.08102365572009056f,-0.6542568070865289f,-0.027008044073221188f,0.9417536650442347f,-0.33521724289047306f,1.2548918645405902f,-0.07639020867886767f,-0.33630338793318343f,-0.9386503967306795f,0.26643400048491583f,0f,0f,0f,1f],start_interpolation:0}
execute if entity @s[tag=aj.heiloang_aj.bone.leg_right_0] run data modify entity @s {} merge value {transformation:[-0.9544059755135722f,0.29052901436777756f,0.06857204761762918f,-0.40294099043519355f,0.12111211434407784f,0.5868237002906667f,-0.8006058958915284f,1.6252445858597158f,-0.2728389445498822f,-0.7557981453983978f,-0.5952546293387804f,-0.315988319331722f,0f,0f,0f,1f],start_interpolation:0}
execute if entity @s[tag=aj.heiloang_aj.bone.leg_left_3] run data modify entity @s {} merge value {transformation:[-0.8685516106530459f,-0.29954110130851497f,-0.39483316509493205f,0.790908091665539f,-0.3771411222133501f,0.9163455064883311f,0.13444510654649694f,0.5313194176651233f,0.3215317613668281f,0.2656803368063321f,-0.9088626326716372f,-0.7755265700455061f,0f,0f,0f,1f],start_interpolation:0}
execute if entity @s[tag=aj.heiloang_aj.bone.leg_left_2] run data modify entity @s {} merge value {transformation:[-0.8685516106530459f,-0.3754784397630304f,-0.3234718548886753f,0.5778085648862956f,-0.3771411222133501f,0.9242016157435051f,-0.060132748089118795f,1.0962413124330515f,0.3215317613668281f,0.06976614315135109f,-0.9443251620613159f,-0.6885449915436934f,0f,0f,0f,1f],start_interpolation:0}
execute if entity @s[tag=aj.heiloang_aj.bone.leg_left_1] run data modify entity @s {} merge value {transformation:[-0.9003730616245211f,-0.2346363485727081f,-0.3664343513227887f,0.8187604408890312f,-0.2541885685829648f,0.9671402130617777f,0.005289601172365432f,1.165114451414877f,0.3531522639069865f,0.09790603764470235f,-0.9304288722358547f,-0.024657578452915718f,0f,0f,0f,1f],start_interpolation:0}
execute if entity @s[tag=aj.heiloang_aj.bone.leg_left_0] run data modify entity @s {} merge value {transformation:[-0.7655900028505102f,-0.6215535856674296f,-0.16596110291064325f,0.32586775956480646f,-0.4514916257346129f,0.7028804738665043f,-0.5496492985065247f,1.6252445858597158f,0.45828731100355846f,-0.3458759598485553f,-0.8187445028651907f,-0.3159883193317219f,0f,0f,0f,1f],start_interpolation:0}
execute if entity @s[tag=aj.heiloang_aj.bone.tail_4] run data modify entity @s {} merge value {transformation:[-0.4270063893248682f,-0.6382564630688548f,1.3766439606936316f,2.1397674096925865f,-0.6208133958174731f,1.3784283403473765f,0.44652032628809657f,-0.5078727751079333f,-1.3845976436268377f,-0.42121059051938253f,-0.6247602479231509f,-2.6135790342841765f,0f,0f,0f,1f],start_interpolation:0}
execute if entity @s[tag=aj.heiloang_aj.bone.tail_3] run data modify entity @s {} merge value {transformation:[-0.2945426319444336f,0.05372318275997541f,0.9541270657524523f,0.8633461541162337f,-0.36849248555996417f,0.9148227824688251f,-0.16526513474364757f,-0.3109025448697385f,-0.8817357461581592f,-0.4002662817552019f,-0.24965772096368244f,-2.2695094786521777f,0f,0f,0f,1f],start_interpolation:0}
execute if entity @s[tag=aj.heiloang_aj.bone.tail_2] run data modify entity @s {} merge value {transformation:[-0.821413876455136f,0.01467409079944565f,0.5701437666292215f,0.4171916804844592f,-0.2865888387708933f,0.8536745390766818f,-0.4348639083945293f,0.045192529232108924f,-0.49309844966182714f,-0.5206000887355133f,-0.6970146817317971f,-1.7332583464773783f,0f,0f,0f,1f],start_interpolation:0}
execute if entity @s[tag=aj.heiloang_aj.bone.tail_1] run data modify entity @s {} merge value {transformation:[-0.9456866033959413f,0.2401058725935798f,0.2191483928837333f,0.24998544975973408f,0.0011720096731431184f,0.6766511940233669f,-0.7363027828414597f,0.6320303625232686f,-0.3250776438803099f,-0.696054833740006f,-0.6401813757650243f,-1.244721299997615f,0f,0f,0f,1f],start_interpolation:0}
execute if entity @s[tag=aj.heiloang_aj.bone.tail_ring] run data modify entity @s {} merge value {transformation:[-0.9701583066030492f,-0.07763403389108504f,0.22970811241856862f,0.28058840876399355f,-0.22367372058113272f,0.652283184147985f,-0.724221453976033f,0.5481848708823573f,-0.09361050609038095f,-0.7539891275473167f,-0.6501826425627948f,-1.361542394894588f,0f,0f,0f,1f],start_interpolation:0}
execute if entity @s[tag=aj.heiloang_aj.bone.tail_0] run data modify entity @s {} merge value {transformation:[-0.9701583066030492f,-0.07763403389108504f,0.22970811241856862f,-0.03853661543519353f,-0.22367372058113272f,0.652283184147985f,-0.724221453976033f,1.545110666041674f,-0.09361050609038095f,-0.7539891275473167f,-0.6501826425627948f,-0.43626493467527877f,0f,0f,0f,1f],start_interpolation:0}
execute if entity @s[tag=aj.heiloang_aj.bone.body_1] run data modify entity @s {} merge value {transformation:[-1f,1.0850760755874899e-16f,5.677760939397763e-17f,-0.035487240435193544f,0f,0.4636243644576414f,-0.8860318553422604f,1.8893767619699684f,-1.2246467991473532e-16f,-0.8860318553422604f,-0.4636243644576414f,-0.335844420003491f,0f,0f,0f,1f],start_interpolation:0}