execute if entity @s[tag=aj.tutankhamen.bone.head] run data modify entity @s {} merge value {transformation:[-0.9890826813790254f,-0.06940213300452908f,-0.12999535888061134f,-0.00024824996961859096f,0.0008724111469046719f,0.87937879968254f,-0.4761220070188795f,1.6249760234239377f,0.1473590455142405f,-0.4710374407659299f,-0.8697177939434234f,-0.005736339352073709f,0f,0f,0f,1f],start_interpolation:0}
execute if entity @s[tag=aj.tutankhamen.bone.back_cape] run data modify entity @s {} merge value {transformation:[-0.9990648759427034f,0.04317659453521948f,-0.0022705378067681948f,-0.007003679048911866f,4.336808689942018e-19f,0.052514674564603125f,0.998620152488109f,1.623671089659874f,0.0432362539726871f,0.997686318759416f,-0.05246556682905667f,-0.16183478209198718f,0f,0f,0f,1f],start_interpolation:0}
execute if entity @s[tag=aj.tutankhamen.bone.left_hand] run data modify entity @s {} merge value {transformation:[-0.2513128153744343f,-0.7062242901815078f,-0.6618830114047354f,0.500118941616993f,-0.9677200866593157f,0.19673248882068584f,0.15752511456432894f,1.4750150195812954f,0.01896582992283003f,0.680105565188261f,-0.7328688269365087f,-0.271554931760108f,0f,0f,0f,1f],start_interpolation:0}
execute if entity @s[tag=aj.tutankhamen.bone.cape_left_back] run data modify entity @s {} merge value {transformation:[-0.31544633733665534f,-0.7220769559042394f,-0.6157097351942359f,0.35040992051610076f,-0.9460541830884589f,0.289893982456531f,0.144716832456771f,1.482995965500348f,0.07399385732422406f,0.6281451652982449f,-0.7745699196268359f,-0.2317492561582375f,0f,0f,0f,1f],start_interpolation:0}
execute if entity @s[tag=aj.tutankhamen.bone.cape_left_side] run data modify entity @s {} merge value {transformation:[-0.31544633733665534f,-0.7220769559042394f,-0.6157097351942359f,0.47666212762423266f,-0.9460541830884589f,0.289893982456531f,0.144716832456771f,1.6127273275508234f,0.07399385732422406f,0.6281451652982449f,-0.7745699196268359f,-0.14648955641179304f,0f,0f,0f,1f],start_interpolation:0}
execute if entity @s[tag=aj.tutankhamen.bone.left_arm] run data modify entity @s {} merge value {transformation:[-0.2513128153744343f,-0.7468221949136349f,-0.6157097351942359f,0.27312186128714916f,-0.9677200866593157f,0.206336793325294f,0.144716832456771f,1.4996722409620924f,0.01896582992283003f,0.6322038728959317f,-0.7745699196268359f,-0.053451474713188896f,0f,0f,0f,1f],start_interpolation:0}
execute if entity @s[tag=aj.tutankhamen.bone.cape_right_back] run data modify entity @s {} merge value {transformation:[-0.9966750636034842f,-0.006713620301820766f,0.08120187740091778f,-0.2743578041233771f,-0.04210700198561318f,-0.8107648867026217f,-0.5838555462388525f,1.599995099367335f,0.069755415379555f,-0.5853334312958115f,0.8077864545984277f,0.15168643781913255f,0f,0f,0f,1f],start_interpolation:0}
execute if entity @s[tag=aj.tutankhamen.bone.cape_right] run data modify entity @s {} merge value {transformation:[-0.9966750636034842f,-0.006713620301820766f,0.08120187740091778f,-0.450388752161651f,-0.04210700198561318f,-0.8107648867026217f,-0.5838555462388525f,1.739379766866796f,0.069755415379555f,-0.5853334312958115f,0.8077864545984277f,-0.03936089217741891f,0f,0f,0f,1f],start_interpolation:0}
execute if entity @s[tag=aj.tutankhamen.bone.weapon] run data modify entity @s {} merge value {transformation:[-1.1998653483731643f,0.951825637303498f,-0.5735318435416176f,-0.3343093920359484f,0.6569897286207212f,-0.0731488529435145f,-1.4958614292142947f,2.0507861488085597f,-0.8962562780094362f,-1.3278798421152231f,-0.32870576910640736f,0.3287939333562796f,0f,0f,0f,1f],start_interpolation:0}
execute if entity @s[tag=aj.tutankhamen.bone.right_hand] run data modify entity @s {} merge value {transformation:[-0.9966750636034842f,-0.006713620301820766f,0.08120187740091778f,-0.30973981466081574f,-0.04210700198561318f,-0.8107648867026217f,-0.5838555462388525f,1.7365158380330405f,0.069755415379555f,-0.5853334312958115f,0.8077864545984277f,0.17654632004931833f,0f,0f,0f,1f],start_interpolation:0}
execute if entity @s[tag=aj.tutankhamen.bone.right_arm] run data modify entity @s {} merge value {transformation:[-0.9966750636034842f,-0.006713620301820766f,0.08120187740091778f,-0.27671848851229747f,-0.04210700198561318f,-0.8107648867026217f,-0.5838555462388525f,1.4996722409620924f,0.069755415379555f,-0.5853334312958115f,0.8077864545984277f,-0.029656186158050685f,0f,0f,0f,1f],start_interpolation:0}
execute if entity @s[tag=aj.tutankhamen.bone.body] run data modify entity @s {} merge value {transformation:[-0.9990648759427034f,-0.00036109086489976867f,-0.04323474610747696f,0.0002708181486748265f,4.336808689942018e-19f,0.9999651249802729f,-0.00835157609000714f,0.1875261562647953f,0.0432362539726871f,-0.008343766330289031f,-0.9990300335354463f,0.006257824747716773f,0f,0f,0f,1f],start_interpolation:0}
execute if entity @s[tag=aj.tutankhamen.bone.left_foot] run data modify entity @s {} merge value {transformation:[-0.6968709091787588f,-0.11987883858450521f,0.7071067811865477f,0.14051546852879604f,-0.1695342793677424f,0.9855242909838703f,0f,0.4491310689247987f,-0.6968709091787592f,-0.11987883858450528f,-0.7071067811865474f,0.14051546852879612f,0f,0f,0f,1f],start_interpolation:0}
execute if entity @s[tag=aj.tutankhamen.bone.left_leg] run data modify entity @s {} merge value {transformation:[-0.6968709091787588f,-0.11987883858450521f,0.7071067811865477f,0.06629126073623881f,-0.1695342793677424f,0.9855242909838703f,0f,0.875f,-0.6968709091787592f,-0.11987883858450528f,-0.7071067811865474f,0.06629126073623884f,0f,0f,0f,1f],start_interpolation:0}
execute if entity @s[tag=aj.tutankhamen.bone.right_foot] run data modify entity @s {} merge value {transformation:[-0.6968709091787588f,0.11987883858450521f,0.7071067811865477f,-0.14051546852879604f,0.1695342793677424f,0.9855242909838703f,0f,0.4491310689247987f,-0.6968709091787592f,0.11987883858450528f,-0.7071067811865474f,-0.14051546852879612f,0f,0f,0f,1f],start_interpolation:0}
execute if entity @s[tag=aj.tutankhamen.bone.right_leg] run data modify entity @s {} merge value {transformation:[-0.6968709091787588f,0.11987883858450521f,0.7071067811865477f,-0.06629126073623881f,0.1695342793677424f,0.9855242909838703f,0f,0.875f,-0.6968709091787592f,0.11987883858450528f,-0.7071067811865474f,-0.06629126073623884f,0f,0f,0f,1f],start_interpolation:0}