execute if entity @s[tag=aj.tutankhamen.bone.head] run data modify entity @s {} merge value {transformation:[-0.9941132045189993f,-0.04051712369297278f,-0.10048531877152342f,0f,0f,0.9274451533346614f,-0.37395920573780045f,1.625f,0.10834637327094215f,-0.37175778437538454f,-0.9219854733971347f,0f,0f,0f,0f,1f],start_interpolation:0}
execute if entity @s[tag=aj.tutankhamen.bone.back_cape] run data modify entity @s {} merge value {transformation:[-0.9985927540074452f,-0.035153803730137205f,0.03970795546397511f,0.008286424744987832f,0f,0.7487388387855589f,0.6628651079171786f,1.625f,-0.05303311836792213f,0.6619322936504577f,-0.7476851790552078f,-0.1560301178136633f,0f,0f,0f,1f],start_interpolation:0}
execute if entity @s[tag=aj.tutankhamen.bone.left_hand] run data modify entity @s {} merge value {transformation:[-0.3224720654741239f,-0.8478012415071815f,-0.4210045390345972f,0.5385623726457096f,-0.946424045543377f,0.2807272610035614f,0.1596049214364821f,1.4533080633827185f,-0.01712579943125645f,0.44991694770070584f,-0.8929061804946365f,-0.1924781098529835f,0f,0f,0f,1f],start_interpolation:0}
execute if entity @s[tag=aj.tutankhamen.bone.cape_left_back] run data modify entity @s {} merge value {transformation:[-0.3940823722581347f,-0.8044301175177732f,-0.4445123956716418f,0.3850495404458586f,-0.9187535662370017f,0.3575967919340585f,0.16738105903972708f,1.473037312880077f,0.024309841673524846f,0.4743592735773287f,-0.8799956313351771f,-0.18220458216659666f,0f,0f,0f,1f],start_interpolation:0}
execute if entity @s[tag=aj.tutankhamen.bone.cape_left_side] run data modify entity @s {} merge value {transformation:[-0.3940823722581347f,-0.8044301175177732f,-0.4445123956716418f,0.5021889605701474f,-0.9187535662370017f,0.3575967919340585f,0.16738105903972708f,1.5956699252246427f,0.024309841673524846f,0.4743592735773287f,-0.8799956313351771f,-0.07600354101118778f,0f,0f,0f,1f],start_interpolation:0}
execute if entity @s[tag=aj.tutankhamen.bone.left_arm] run data modify entity @s {} merge value {transformation:[-0.3224720654741239f,-0.8357155599144422f,-0.4445123956716418f,0.2767469807594662f,-0.946424045543377f,0.2761613787118805f,0.16738105903972708f,1.5f,-0.01712579943125645f,0.4746729356355207f,-0.8799956313351771f,-0.022250806970358306f,0f,0f,0f,1f],start_interpolation:0}
execute if entity @s[tag=aj.tutankhamen.bone.cape_right_back] run data modify entity @s {} merge value {transformation:[-0.9961776417315946f,0.052501044464312564f,-0.06981222274240372f,-0.2948774875582161f,0.025118240211167764f,-0.5932911421333313f,-0.8045959822636585f,1.5405066963913203f,-0.0836611028063388f,-0.8032740883386464f,0.5897046369844344f,0.15062320059768597f,0f,0f,0f,1f],start_interpolation:0}
execute if entity @s[tag=aj.tutankhamen.bone.cape_right] run data modify entity @s {} merge value {transformation:[-0.9961776417315946f,0.052501044464312564f,-0.06981222274240372f,-0.4330771883931768f,0.025118240211167764f,-0.5932911421333313f,-0.8045959822636585f,1.7455804169902298f,-0.0836611028063388f,-0.8032740883386464f,0.5897046369844344f,-0.00987500596191307f,0f,0f,0f,1f],start_interpolation:0}
execute if entity @s[tag=aj.tutankhamen.bone.weapon] run data modify entity @s {} merge value {transformation:[-1.131846557247691f,1.0068510425111419f,-0.6162483449485991f,-0.3636827615250531f,0.9129912543515885f,0.2054439261999027f,-1.341203726611358f,1.9205208235604947f,-0.748303423709376f,-1.2722544733632921f,-0.7042714069753441f,0.4490003537967855f,0f,0f,0f,1f],start_interpolation:0}
execute if entity @s[tag=aj.tutankhamen.bone.right_hand] run data modify entity @s {} merge value {transformation:[-0.9961776417315946f,0.052501044464312564f,-0.06981222274240372f,-0.32820740549896726f,0.025118240211167764f,-0.5932911421333313f,-0.8045959822636585f,1.6657402830560641f,-0.0836611028063388f,-0.8032740883386464f,0.5897046369844344f,0.2115615123657916f,0f,0f,0f,1f],start_interpolation:0}
execute if entity @s[tag=aj.tutankhamen.bone.right_arm] run data modify entity @s {} merge value {transformation:[-0.9961776417315946f,0.052501044464312564f,-0.06981222274240372f,-0.27283353437230135f,0.025118240211167764f,-0.5932911421333313f,-0.8045959822636585f,1.5f,-0.0836611028063388f,-0.8032740883386464f,0.5897046369844344f,-0.051437848829736094f,0f,0f,0f,1f],start_interpolation:0}
execute if entity @s[tag=aj.tutankhamen.bone.body] run data modify entity @s {} merge value {transformation:[-0.9985927540074452f,0f,0.05303311836792213f,0f,0f,1f,0f,0.1875f,-0.05303311836792213f,0f,-0.9985927540074452f,0f,0f,0f,0f,1f],start_interpolation:0}