execute if entity @s[tag=aj.tutankhamen.bone.head] run data modify entity @s {} merge value {transformation:[-0.9852780669588236f,-0.09002339498929535f,-0.14533725993180513f,-0.000755411171852686f,0.0007727794397522563f,0.8477732263254822f,-0.5303583312606865f,1.624959097187603f,0.17095769529863614f,-0.5226627450663419f,-0.8352227974246722f,-0.007461169343159234f,0f,0f,0f,1f],start_interpolation:0}
execute if entity @s[tag=aj.tutankhamen.bone.back_cape] run data modify entity @s {} merge value {transformation:[-0.994913726152205f,0.0956466552280666f,-0.03159738687959136f,-0.016493649430121566f,8.673617379884035e-19f,0.3136817403988916f,0.9495281805930366f,1.6232547078916368f,0.10073071782696297f,0.9446986202403419f,-0.3120862691661699f,-0.1629071902431931f,0f,0f,0f,1f],start_interpolation:0}
execute if entity @s[tag=aj.tutankhamen.bone.left_hand] run data modify entity @s {} merge value {transformation:[-0.19302037207438302f,-0.6126713665487342f,-0.7664052012973123f,0.4746031111791441f,-0.9807269285831198f,0.14458437742191405f,0.13141555979958336f,1.4898331427103833f,0.030295668274310985f,0.7770000993673196f,-0.6287710378722837f,-0.3103622443908557f,0f,0f,0f,1f],start_interpolation:0}
execute if entity @s[tag=aj.tutankhamen.bone.cape_left_back] run data modify entity @s {} merge value {transformation:[-0.25247281151008333f,-0.6711170408314859f,-0.6970361518269937f,0.32939605974004205f,-0.9632489452881563f,0.24259372564593013f,0.11532455800254264f,1.4888388842073215f,0.0917003208797472f,0.7005356534701265f,-0.7077011017143711f,-0.2558195824713761f,0f,0f,0f,1f],start_interpolation:0}
execute if entity @s[tag=aj.tutankhamen.bone.cape_left_side] run data modify entity @s {} merge value {transformation:[-0.25247281151008333f,-0.6711170408314859f,-0.6970361518269937f,0.4559744555168668f,-0.9632489452881563f,0.24259372564593013f,0.11532455800254264f,1.6249309621582781f,0.0917003208797472f,0.7005356534701265f,-0.7077011017143711f,-0.1816851198945402f,0f,0f,0f,1f],start_interpolation:0}
execute if entity @s[tag=aj.tutankhamen.bone.left_arm] run data modify entity @s {} merge value {transformation:[-0.19302037207438302f,-0.6905676932860986f,-0.6970361518269937f,0.26944344356283256f,-0.9807269285831198f,0.1577179060013115f,0.11532455800254264f,1.499564066391792f,0.030295668274310985f,0.7058621133876493f,-0.7077011017143711f,-0.07052982179502797f,0f,0f,0f,1f],start_interpolation:0}
execute if entity @s[tag=aj.tutankhamen.bone.cape_right_back] run data modify entity @s {} merge value {transformation:[-0.9841067510724115f,-0.002207378938280366f,0.17756415734017184f,-0.2680303367613648f,-0.07548814791667699f,-0.8998768065470915f,-0.429561721482162f,1.6299865673221137f,0.16073407236119042f,-0.4361385794868777f,0.8854082095086742f,0.145667657261333f,0f,0f,0f,1f],start_interpolation:0}
execute if entity @s[tag=aj.tutankhamen.bone.cape_right] run data modify entity @s {} merge value {transformation:[-0.9841067510724115f,-0.002207378938280366f,0.17756415734017184f,-0.46618805595147206f,-0.07548814791667699f,-0.8998768065470915f,-0.429561721482162f,1.7255819745806733f,0.16073407236119042f,-0.4361385794868777f,0.8854082095086742f,-0.05056969630939956f,0f,0f,0f,1f],start_interpolation:0}
execute if entity @s[tag=aj.tutankhamen.bone.weapon] run data modify entity @s {} merge value {transformation:[-1.245483720592393f,0.9288839321087469f,-0.510423957138214f,-0.34147181870228915f,0.4647306743611686f,-0.2292316199781005f,-1.5511498761632094f,2.1014887277182597f,-0.9525667302915078f,-1.3263540924969925f,-0.08938187327046473f,0.2479705878014109f,0f,0f,0f,1f],start_interpolation:0}
execute if entity @s[tag=aj.tutankhamen.bone.right_hand] run data modify entity @s {} merge value {transformation:[-0.9841067510724115f,-0.002207378938280366f,0.17756415734017184f,-0.3096055101988533f,-0.07548814791667699f,-0.8998768065470915f,-0.429561721482162f,1.766959771110739f,0.16073407236119042f,-0.4361385794868777f,0.8854082095086742f,0.1498699063641878f,0f,0f,0f,1f],start_interpolation:0}
execute if entity @s[tag=aj.tutankhamen.bone.right_arm] run data modify entity @s {} merge value {transformation:[-0.9841067510724115f,-0.002207378938280366f,0.17756415734017184f,-0.2781123001936643f,-0.07548814791667699f,-0.8998768065470915f,-0.429561721482162f,1.499564066391792f,0.16073407236119042f,-0.4361385794868777f,0.8854082095086742f,-0.015092167585369754f,0f,0f,0f,1f],start_interpolation:0}
execute if entity @s[tag=aj.tutankhamen.bone.body] run data modify entity @s {} merge value {transformation:[-0.994913726152205f,-0.0010987798863311797f,-0.10072472485292083f,0.0008240849147483848f,8.673617379884035e-19f,0.9999405050001497f,-0.010908091494182374f,0.1875446212498877f,0.10073071782696297f,-0.010852609953686159f,-0.9948545337602167f,0.00813945746526462f,0f,0f,0f,1f],start_interpolation:0}
execute if entity @s[tag=aj.tutankhamen.bone.left_foot] run data modify entity @s {} merge value {transformation:[-0.6970235829564564f,-0.11898791872515328f,0.7071067811865477f,0.14013046214588265f,-0.16827432841965936f,0.985740204310909f,0f,0.4489972333770917f,-0.6970235829564567f,-0.11898791872515334f,-0.7071067811865474f,0.1401304621458827f,0f,0f,0f,1f],start_interpolation:0}
execute if entity @s[tag=aj.tutankhamen.bone.left_leg] run data modify entity @s {} merge value {transformation:[-0.6970235829564564f,-0.11898791872515328f,0.7071067811865477f,0.06629126073623881f,-0.16827432841965936f,0.985740204310909f,0f,0.875f,-0.6970235829564567f,-0.11898791872515334f,-0.7071067811865474f,0.06629126073623884f,0f,0f,0f,1f],start_interpolation:0}
execute if entity @s[tag=aj.tutankhamen.bone.right_foot] run data modify entity @s {} merge value {transformation:[-0.6970235829564564f,0.11898791872515328f,0.7071067811865477f,-0.14013046214588265f,0.16827432841965936f,0.985740204310909f,0f,0.4489972333770917f,-0.6970235829564567f,0.11898791872515334f,-0.7071067811865474f,-0.1401304621458827f,0f,0f,0f,1f],start_interpolation:0}
execute if entity @s[tag=aj.tutankhamen.bone.right_leg] run data modify entity @s {} merge value {transformation:[-0.6970235829564564f,0.11898791872515328f,0.7071067811865477f,-0.06629126073623881f,0.16827432841965936f,0.985740204310909f,0f,0.875f,-0.6970235829564567f,0.11898791872515334f,-0.7071067811865474f,-0.06629126073623884f,0f,0f,0f,1f],start_interpolation:0}