execute if entity @s[tag=aj.tutankhamen.bone.head] run data modify entity @s {} merge value {transformation:[-0.9898350580712225f,-0.06490031579810822f,-0.1265484366653555f,-0.00012658706307030283f,0.0006864081373533749f,0.8876165197369456f,-0.460582720837356f,1.6249871643057463f,0.14221844696455044f,-0.45598778810334234f,-0.8785494012539149f,-0.0041991535527003765f,0f,0f,0f,1f],start_interpolation:0}
execute if entity @s[tag=aj.tutankhamen.bone.back_cape] run data modify entity @s {} merge value {transformation:[-0.9995459232583886f,0.030103468097866896f,-0.0013147265937024262f,-0.004834649761048072f,0f,0.04363200070159642f,0.9990476707919278f,1.6240323776791867f,0.030132163837591874f,0.9985940264808599f,-0.04361218842488785f,-0.16037528818321828f,0f,0f,0f,1f],start_interpolation:0}
execute if entity @s[tag=aj.tutankhamen.bone.left_hand] run data modify entity @s {} merge value {transformation:[-0.2553040200813791f,-0.7393715700251544f,-0.6230164835450385f,0.5080006853662622f,-0.966765077495379f,0.20428337710772648f,0.153732191725794f,1.473573010630607f,0.013606699292652456f,0.6415590255588339f,-0.7669529806046512f,-0.2588114983952539f,0f,0f,0f,1f],start_interpolation:0}
execute if entity @s[tag=aj.tutankhamen.bone.cape_left_back] run data modify entity @s {} merge value {transformation:[-0.32118587821390143f,-0.7418862700127461f,-0.5885952718146316f,0.35705914459840427f,-0.9446883702198895f,0.29454779368606665f,0.14424104965632864f,1.4822126448033286f,0.06635898437479354f,0.6023672962580598f,-0.79545592309788f,-0.22412740551597843f,0f,0f,0f,1f],start_interpolation:0}
execute if entity @s[tag=aj.tutankhamen.bone.cape_left_side] run data modify entity @s {} merge value {transformation:[-0.32118587821390143f,-0.7418862700127461f,-0.5885952718146316f,0.4808188470461553f,-0.9446883702198895f,0.29454779368606665f,0.14424104965632864f,1.6117900714431452f,0.06635898437479354f,0.6023672962580598f,-0.79545592309788f,-0.13506400643730493f,0f,0f,0f,1f],start_interpolation:0}
execute if entity @s[tag=aj.tutankhamen.bone.left_arm] run data modify entity @s {} merge value {transformation:[-0.2553040200813791f,-0.7670563625495502f,-0.5885952718146316f,0.27383723397076437f,-0.966765077495379f,0.2110919338330918f,0.14424104965632864f,1.4997640385734887f,0.013606699292652456f,0.6058586734073043f,-0.79545592309788f,-0.04860617233010394f,0f,0f,0f,1f],start_interpolation:0}
execute if entity @s[tag=aj.tutankhamen.bone.cape_right_back] run data modify entity @s {} merge value {transformation:[-0.9983620719303357f,-0.006709350787345967f,0.056816880792416855f,-0.2760666327721608f,-0.03015331402155661f,-0.7822641549560022f,-0.6222166580255536f,1.5914358407438243f,0.04862047906473943f,-0.6229107291442199f,0.7807805533775358f,0.15385791895203188f,0f,0f,0f,1f],start_interpolation:0}
execute if entity @s[tag=aj.tutankhamen.bone.cape_right] run data modify entity @s {} merge value {transformation:[-0.9983620719303357f,-0.006709350787345967f,0.056816880792416855f,-0.44626492670938f,-0.03015331402155661f,-0.7822641549560022f,-0.6222166580255536f,1.7422785499343445f,0.04862047906473943f,-0.6229107291442199f,0.7807805533775358f,-0.03374026953848655f,0f,0f,0f,1f],start_interpolation:0}
execute if entity @s[tag=aj.tutankhamen.bone.weapon] run data modify entity @s {} merge value {transformation:[-1.1870177154402577f,0.9510225535284881f,-0.6009431915932287f,-0.33306171976094356f,0.7069897115528384f,-0.04891229820788278f,-1.4738930790439202f,2.0342973508252493f,-0.8750669486390946f,-1.3295681115968776f,-0.3756250066692662f,0.3508327170165072f,0f,0f,0f,1f],start_interpolation:0}
execute if entity @s[tag=aj.tutankhamen.bone.right_hand] run data modify entity @s {} merge value {transformation:[-0.9983620719303357f,-0.006709350787345967f,0.056816880792416855f,-0.3099778337210916f,-0.03015331402155661f,-0.7822641549560022f,-0.6222166580255536f,1.727165110176748f,0.04862047906473943f,-0.6229107291442199f,0.7807805533775358f,0.18444236547973647f,0f,0f,0f,1f],start_interpolation:0}
execute if entity @s[tag=aj.tutankhamen.bone.right_arm] run data modify entity @s {} merge value {transformation:[-0.9983620719303357f,-0.006709350787345967f,0.056816880792416855f,-0.27626786262410613f,-0.03015331402155661f,-0.7822641549560022f,-0.6222166580255536f,1.4997640385734887f,0.04862047906473943f,-0.6229107291442199f,0.7807805533775358f,-0.032022785301266066f,0f,0f,0f,1f],start_interpolation:0}
execute if entity @s[tag=aj.tutankhamen.bone.body] run data modify entity @s {} merge value {transformation:[-0.9995459232583886f,-0.00018412663719316776f,-0.030131601267057717f,0.00013809497789487582f,0f,0.9999813298992675f,-0.006110634409980792f,0.1875140025755494f,0.030132163837591874f,-0.006107859713018729f,-0.9995272616353145f,0.0045808947847640474f,0f,0f,0f,1f],start_interpolation:0}
execute if entity @s[tag=aj.tutankhamen.bone.left_foot] run data modify entity @s {} merge value {transformation:[-0.6967361474558953f,-0.12065960727731849f,0.7071067811865477f,0.14085284352806238f,-0.17063845304219524f,0.9853337091277079f,0f,0.44924895391419645f,-0.6967361474558956f,-0.12065960727731855f,-0.7071067811865474f,0.14085284352806243f,0f,0f,0f,1f],start_interpolation:0}
execute if entity @s[tag=aj.tutankhamen.bone.left_leg] run data modify entity @s {} merge value {transformation:[-0.6967361474558953f,-0.12065960727731849f,0.7071067811865477f,0.06629126073623881f,-0.17063845304219524f,0.9853337091277079f,0f,0.875f,-0.6967361474558956f,-0.12065960727731855f,-0.7071067811865474f,0.06629126073623884f,0f,0f,0f,1f],start_interpolation:0}
execute if entity @s[tag=aj.tutankhamen.bone.right_foot] run data modify entity @s {} merge value {transformation:[-0.6967361474558953f,0.12065960727731849f,0.7071067811865477f,-0.14085284352806238f,0.17063845304219524f,0.9853337091277079f,0f,0.44924895391419645f,-0.6967361474558956f,0.12065960727731855f,-0.7071067811865474f,-0.14085284352806243f,0f,0f,0f,1f],start_interpolation:0}
execute if entity @s[tag=aj.tutankhamen.bone.right_leg] run data modify entity @s {} merge value {transformation:[-0.6967361474558953f,0.12065960727731849f,0.7071067811865477f,-0.06629126073623881f,0.17063845304219524f,0.9853337091277079f,0f,0.875f,-0.6967361474558956f,0.12065960727731855f,-0.7071067811865474f,-0.06629126073623884f,0f,0f,0f,1f],start_interpolation:0}