execute if entity @s[tag=aj.tutankhamen.bone.head] run data modify entity @s {} merge value {transformation:[-0.9852879757853513f,-0.0896944880013993f,-0.14547337761587747f,-0.0006844273834698753f,0.0007075908434481764f,0.8490594255650877f,-0.528296877876712f,1.6249661059178955f,0.17090086040743957f,-0.520627497046833f,-0.8365045757380809f,-0.006792258331480254f,0f,0f,0f,1f],start_interpolation:0}
execute if entity @s[tag=aj.tutankhamen.bone.back_cape] run data modify entity @s {} merge value {transformation:[-0.9949614639131632f,0.09378720199722293f,-0.035435096575392656f,-0.016348982196744702f,0f,0.3534387630065539f,0.935457663822579f,1.6234145934912083f,0.10025809357740312f,0.9307443266257007f,-0.3516579490446584f,-0.1622473226802873f,0f,0f,0f,1f],start_interpolation:0}
execute if entity @s[tag=aj.tutankhamen.bone.left_hand] run data modify entity @s {} merge value {transformation:[-0.1882857229159403f,-0.622982372737491f,-0.7592374133328703f,0.4765171257523006f,-0.9816927954446364f,0.14203010066388516f,0.12691219751269878f,1.4909414345314251f,0.028770504307665246f,0.7692336535564291f,-0.6383195471847231f,-0.30815458846793675f,0f,0f,0f,1f],start_interpolation:0}
execute if entity @s[tag=aj.tutankhamen.bone.cape_left_back] run data modify entity @s {} merge value {transformation:[-0.24828091856245163f,-0.677527491955303f,-0.6923244059850427f,0.33091512182176336f,-0.9645230133814285f,0.23911314010508575f,0.11189398056506297f,1.489207127255009f,0.08973261466932936f,0.6955439625745038f,-0.7128580882551329f,-0.25469407091942814f,0f,0f,0f,1f],start_interpolation:0}
execute if entity @s[tag=aj.tutankhamen.bone.cape_left_side] run data modify entity @s {} merge value {transformation:[-0.24828091856245163f,-0.677527491955303f,-0.6923244059850427f,0.4562495660952768f,-0.9645230133814285f,0.23911314010508575f,0.11189398056506297f,1.6259271005252243f,0.08973261466932936f,0.6955439625745038f,-0.7128580882551329f,-0.17960753092961923f,0f,0f,0f,1f],start_interpolation:0}
execute if entity @s[tag=aj.tutankhamen.bone.left_arm] run data modify entity @s {} merge value {transformation:[-0.1882857229159403f,-0.6965884031646519f,-0.6923244059850427f,0.2695320568795562f,-0.9816927954446364f,0.1541395227882873f,0.11189398056506297f,1.4996059005398898f,0.028770504307665246f,0.700717920486639f,-0.7128580882551329f,-0.06985461089167687f,0f,0f,0f,1f],start_interpolation:0}
execute if entity @s[tag=aj.tutankhamen.bone.cape_right_back] run data modify entity @s {} merge value {transformation:[-0.9844668673786119f,-0.005219381428487761f,0.17549286336272152f,-0.26758792126619446f,-0.07277946712259062f,-0.8975009749516477f,-0.43496568729750756f,1.6291232718569841f,0.15977526779540902f,-0.4409815846703184f,0.8831801094808236f,0.14678869420915824f,0f,0f,0f,1f],start_interpolation:0}
execute if entity @s[tag=aj.tutankhamen.bone.cape_right] run data modify entity @s {} merge value {transformation:[-0.9844668673786119f,-0.005219381428487761f,0.17549286336272152f,-0.465284085134783f,-0.07277946712259062f,-0.8975009749516477f,-0.43496568729750756f,1.7264929019434563f,0.15977526779540902f,-0.4409815846703184f,0.8831801094808236f,-0.04904144756801499f,0f,0f,0f,1f],start_interpolation:0}
execute if entity @s[tag=aj.tutankhamen.bone.weapon] run data modify entity @s {} merge value {transformation:[-1.2439629023677197f,0.9237971175576989f,-0.5232044119998209f,-0.33937774647141983f,0.47400208169279917f,-0.23790251072083973f,-1.5470333207642049f,2.10033115558687f,-0.9499821038813748f,-1.3283783175721886f,-0.08679125140420461f,0.25158935943989813f,0f,0f,0f,1f],start_interpolation:0}
execute if entity @s[tag=aj.tutankhamen.bone.right_hand] run data modify entity @s {} merge value {transformation:[-0.9844668673786119f,-0.005219381428487761f,0.17549286336272152f,-0.30866839215338526f,-0.07277946712259062f,-0.8975009749516477f,-0.43496568729750756f,1.7662218908344534f,0.15977526779540902f,-0.4409815846703184f,0.8831801094808236f,0.1517056125690031f,0f,0f,0f,1f],start_interpolation:0}
execute if entity @s[tag=aj.tutankhamen.bone.right_arm] run data modify entity @s {} merge value {transformation:[-0.9844668673786119f,-0.005219381428487761f,0.17549286336272152f,-0.2780499595923727f,-0.07277946712259062f,-0.8975009749516477f,-0.43496568729750756f,1.4996059005398898f,0.15977526779540902f,-0.4409815846703184f,0.8831801094808236f,-0.014677067800885173f,0f,0f,0f,1f],start_interpolation:0}
execute if entity @s[tag=aj.tutankhamen.bone.body] run data modify entity @s {} merge value {transformation:[-0.9949614639131632f,-0.0009955307395925457f,-0.10025315080495889f,0.0007466480546944093f,0f,0.999950699516939f,-0.009929679530799755f,0.18753697536229574f,0.10025809357740312f,-0.009879648482153097f,-0.9949124118323651f,0.007409736361614822f,0f,0f,0f,1f],start_interpolation:0}
execute if entity @s[tag=aj.tutankhamen.bone.left_foot] run data modify entity @s {} merge value {transformation:[-0.6969652867794199f,-0.11932891110070842f,0.7071067811865477f,0.14027782455465562f,-0.16875656446183526f,0.9856577610667094f,0f,0.449048372172747f,-0.6969652867794202f,-0.11932891110070848f,-0.7071067811865474f,0.14027782455465568f,0f,0f,0f,1f],start_interpolation:0}
execute if entity @s[tag=aj.tutankhamen.bone.left_leg] run data modify entity @s {} merge value {transformation:[-0.6969652867794199f,-0.11932891110070842f,0.7071067811865477f,0.06629126073623881f,-0.16875656446183526f,0.9856577610667094f,0f,0.875f,-0.6969652867794202f,-0.11932891110070848f,-0.7071067811865474f,0.06629126073623884f,0f,0f,0f,1f],start_interpolation:0}
execute if entity @s[tag=aj.tutankhamen.bone.right_foot] run data modify entity @s {} merge value {transformation:[-0.6969652867794199f,0.11932891110070842f,0.7071067811865477f,-0.14027782455465562f,0.16875656446183526f,0.9856577610667094f,0f,0.449048372172747f,-0.6969652867794202f,0.11932891110070848f,-0.7071067811865474f,-0.14027782455465568f,0f,0f,0f,1f],start_interpolation:0}
execute if entity @s[tag=aj.tutankhamen.bone.right_leg] run data modify entity @s {} merge value {transformation:[-0.6969652867794199f,0.11932891110070842f,0.7071067811865477f,-0.06629126073623881f,0.16875656446183526f,0.9856577610667094f,0f,0.875f,-0.6969652867794202f,0.11932891110070848f,-0.7071067811865474f,-0.06629126073623884f,0f,0f,0f,1f],start_interpolation:0}