execute if entity @s[tag=aj.tutankhamen.bone.head] run data modify entity @s {} merge value {transformation:[-0.9888172166426757f,-0.06925292003426663f,-0.13207779956434298f,-0.000036931216756349105f,0.00012463158312181304f,0.8852563796336379f,-0.465103350648985f,1.6249995106793351f,0.14913247982247124f,-0.4599186617051668f,-0.8753481182234462f,-0.0008194216009627563f,0f,0f,0f,1f],start_interpolation:0}
execute if entity @s[tag=aj.tutankhamen.bone.back_cape] run data modify entity @s {} merge value {transformation:[-0.9989858985552562f,0.03463926042033407f,-0.02876275587073269f,-0.0070719503490771565f,1.0842021724855044e-19f,0.6388294504374863f,0.7693483822389822f,1.6248130894472574f,0.04502415449230662f,0.7685681849330425f,-0.6381816125688529f,-0.15691085715375697f,0f,0f,0f,1f],start_interpolation:0}
execute if entity @s[tag=aj.tutankhamen.bone.left_hand] run data modify entity @s {} merge value {transformation:[-0.20984624316033937f,-0.7662066100119248f,-0.6073647874264075f,0.5110132051231806f,-0.9776766619732591f,0.17118814019582967f,0.12183170888204077f,1.4848364420528164f,0.010625387725493887f,0.6193723043778488f,-0.785025508952006f,-0.25710090747715386f,0f,0f,0f,1f],start_interpolation:0}
execute if entity @s[tag=aj.tutankhamen.bone.cape_left_back] run data modify entity @s {} merge value {transformation:[-0.2773608154677559f,-0.7625330078301439f,-0.5844778781207846f,0.359400874793646f,-0.9587292774564244f,0.2592558809493499f,0.11672429370554607f,1.4863786650260298f,0.06252320042147151f,0.5927307990670723f,-0.8029701421885912f,-0.22435489783902324f,0f,0f,0f,1f],start_interpolation:0}
execute if entity @s[tag=aj.tutankhamen.bone.cape_left_side] run data modify entity @s {} merge value {transformation:[-0.2773608154677559f,-0.7625330078301439f,-0.5844778781207846f,0.47579823697558093f,-0.9587292774564244f,0.2592558809493499f,0.11672429370554607f,1.6215895779154028f,0.06252320042147151f,0.5927307990670723f,-0.8029701421885912f,-0.13375288013130426f,0f,0f,0f,1f],start_interpolation:0}
execute if entity @s[tag=aj.tutankhamen.bone.left_arm] run data modify entity @s {} merge value {transformation:[-0.20984624316033937f,-0.7838049274015292f,-0.5844778781207846f,0.273207004371786f,-0.9776766619732591f,0.1747105717802068f,0.11672429370554607f,1.4999555788826706f,0.010625387725493887f,0.5959245353979952f,-0.8029701421885912f,-0.049918877353834476f,0f,0f,0f,1f],start_interpolation:0}
execute if entity @s[tag=aj.tutankhamen.bone.cape_right_back] run data modify entity @s {} merge value {transformation:[-0.9971601226366474f,-0.023842055158918074f,0.07143700881941462f,-0.27188088096423246f,-0.02441627844843525f,-0.794981903448739f,-0.6061415829125636f,1.5954630714428983f,0.07124279030185789f,-0.6061644410511218f,0.7921421180793169f,0.1587395368687029f,0f,0f,0f,1f],start_interpolation:0}
execute if entity @s[tag=aj.tutankhamen.bone.cape_right] run data modify entity @s {} merge value {transformation:[-0.9971601226366474f,-0.023842055158918074f,0.07143700881941462f,-0.4455464023310623f,-0.02441627844843525f,-0.794981903448739f,-0.6061415829125636f,1.7431834236634711f,0.07124279030185789f,-0.6061644410511218f,0.7921421180793169f,-0.028164306666461015f,0f,0f,0f,1f],start_interpolation:0}
execute if entity @s[tag=aj.tutankhamen.bone.weapon] run data modify entity @s {} merge value {transformation:[-1.1886349877666023f,0.91014280069106f,-0.658311948713095f,-0.32260867522598835f,0.70340496360301f,-0.14416117868967335f,-1.4693626799903974f,2.042581421755992f,-0.8757602392475051f,-1.3510904153757246f,-0.28668164650726197f,0.34764612708628784f,0f,0f,0f,1f],start_interpolation:0}
execute if entity @s[tag=aj.tutankhamen.bone.right_hand] run data modify entity @s {} merge value {transformation:[-0.9971601226366474f,-0.023842055158918074f,0.07143700881941462f,-0.30452669095297635f,-0.02441627844843525f,-0.794981903448739f,-0.6061415829125636f,1.7319566496045122f,0.07124279030185789f,-0.6061644410511218f,0.7921421180793169f,0.18722754681706885f,0f,0f,0f,1f],start_interpolation:0}
execute if entity @s[tag=aj.tutankhamen.bone.right_arm] run data modify entity @s {} merge value {transformation:[-0.9971601226366474f,-0.023842055158918074f,0.07143700881941462f,-0.2765898798275921f,-0.02441627844843525f,-0.794981903448739f,-0.6061415829125636f,1.4999555788826706f,0.07124279030185789f,-0.6061644410511218f,0.7921421180793169f,-0.02513960880822107f,0f,0f,0f,1f],start_interpolation:0}
execute if entity @s[tag=aj.tutankhamen.bone.body] run data modify entity @s {} merge value {transformation:[-0.9989858985552562f,-0.00005371813346378052f,-0.045024122446853165f,0.00004028860009783539f,1.0842021724855044e-19f,0.9999992882608509f,-0.0011930958852977348f,0.18750053380436182f,0.04502415449230662f,-0.0011918859650367365f,-0.9989851875378829f,0.0008939144737775523f,0f,0f,0f,1f],start_interpolation:0}
execute if entity @s[tag=aj.tutankhamen.bone.left_foot] run data modify entity @s {} merge value {transformation:[-0.6964373652374584f,-0.1223723673919352f,0.7071067811865477f,0.14159283913388104f,-0.1730606616253779f,0.9849111672621985f,0f,0.4495095099985812f,-0.6964373652374587f,-0.12237236739193526f,-0.7071067811865474f,0.1415928391338811f,0f,0f,0f,1f],start_interpolation:0}
execute if entity @s[tag=aj.tutankhamen.bone.left_leg] run data modify entity @s {} merge value {transformation:[-0.6964373652374584f,-0.1223723673919352f,0.7071067811865477f,0.06629126073623881f,-0.1730606616253779f,0.9849111672621985f,0f,0.875f,-0.6964373652374587f,-0.12237236739193526f,-0.7071067811865474f,0.06629126073623884f,0f,0f,0f,1f],start_interpolation:0}
execute if entity @s[tag=aj.tutankhamen.bone.right_foot] run data modify entity @s {} merge value {transformation:[-0.6964373652374584f,0.1223723673919352f,0.7071067811865477f,-0.14159283913388104f,0.1730606616253779f,0.9849111672621985f,0f,0.4495095099985812f,-0.6964373652374587f,0.12237236739193526f,-0.7071067811865474f,-0.1415928391338811f,0f,0f,0f,1f],start_interpolation:0}
execute if entity @s[tag=aj.tutankhamen.bone.right_leg] run data modify entity @s {} merge value {transformation:[-0.6964373652374584f,0.1223723673919352f,0.7071067811865477f,-0.06629126073623881f,0.1730606616253779f,0.9849111672621985f,0f,0.875f,-0.6964373652374587f,0.12237236739193526f,-0.7071067811865474f,-0.06629126073623884f,0f,0f,0f,1f],start_interpolation:0}