execute if entity @s[tag=aj.tutankhamen.bone.head] run data modify entity @s {} merge value {transformation:[-0.9859098096647627f,-0.08554214631737657f,-0.1437511335962527f,-0.0004016353658486916f,0.0005009216544137805f,0.857842325970937f,-0.513912728826859f,1.624985636231354f,0.16727700464883755f,-0.5067436087176524f,-0.8457123144069285f,-0.004425908336531093f,0f,0f,0f,1f],start_interpolation:0}
execute if entity @s[tag=aj.tutankhamen.bone.back_cape] run data modify entity @s {} merge value {transformation:[-0.9959077999460093f,0.07968648115175538f,-0.04263471271570087f,-0.014522445654917875f,0f,0.47175300458990355f,0.881730742721608f,1.623975614763145f,0.09037507403426775f,0.8781225241286374f,-0.4698224969190504f,-0.16003325094417886f,0f,0f,0f,1f],start_interpolation:0}
execute if entity @s[tag=aj.tutankhamen.bone.left_hand] run data modify entity @s {} merge value {transformation:[-0.18186487422927142f,-0.6690530915404725f,-0.7206199610208612f,0.4863758719432403f,-0.9830572056209871f,0.14076238659003948f,0.11740732940550548f,1.4923987578729832f,0.022884448829453615f,0.7297629143917989f,-0.6833171963152689f,-0.29545246347974485f,0f,0f,0f,1f],start_interpolation:0}
execute if entity @s[tag=aj.tutankhamen.bone.cape_left_back] run data modify entity @s {} merge value {transformation:[-0.2442701051705901f,-0.7053546617343851f,-0.6654373876553078f,0.3388569259678775f,-0.9662771252435014f,0.2347184008896196f,0.105904624615617f,1.4896202250398034f,0.08149007885076417f,0.6688662597660244f,-0.7389027632885838f,-0.24758369871100944f,0f,0f,0f,1f],start_interpolation:0}
execute if entity @s[tag=aj.tutankhamen.bone.cape_left_side] run data modify entity @s {} merge value {transformation:[-0.2442701051705901f,-0.7053546617343851f,-0.6654373876553078f,0.4602038033576957f,-0.9662771252435014f,0.2347184008896196f,0.105904624615617f,1.6273629477821483f,0.08149007885076417f,0.6688662597660244f,-0.7389027632885838f,-0.16795367812036838f,0f,0f,0f,1f],start_interpolation:0}
execute if entity @s[tag=aj.tutankhamen.bone.left_arm] run data modify entity @s {} merge value {transformation:[-0.18186487422927142f,-0.7239601167412824f,-0.6654373876553078f,0.2703883762073472f,-0.9830572056209871f,0.1496086259601426f,0.105904624615617f,1.4997497453962363f,0.022884448829453615f,0.6734233500601734f,-0.7389027632885838f,-0.0652348801189533f,0f,0f,0f,1f],start_interpolation:0}
execute if entity @s[tag=aj.tutankhamen.bone.cape_right_back] run data modify entity @s {} merge value {transformation:[-0.9878625363028873f,-0.016829611611453344f,0.15441623471071347f,-0.26695305476759656f,-0.05932729428349776f,-0.8778657459283212f,-0.4752178492846328f,1.6221208331743489f,0.14355445490205354f,-0.47861100728955275f,0.8662122269854279f,0.1514313375386274f,0f,0f,0f,1f],start_interpolation:0}
execute if entity @s[tag=aj.tutankhamen.bone.cape_right] run data modify entity @s {} merge value {transformation:[-0.9878625363028873f,-0.016829611611453344f,0.15441623471071347f,-0.4599106347426011f,-0.05932729428349776f,-0.8778657459283212f,-0.4752178492846328f,1.7316554057637106f,0.14355445490205354f,-0.47861100728955275f,0.8662122269854279f,-0.042691335629283705f,0f,0f,0f,1f],start_interpolation:0}
execute if entity @s[tag=aj.tutankhamen.bone.weapon] run data modify entity @s {} merge value {transformation:[-1.231919302281589f,0.9091861670033167f,-0.5747547477028532f,-0.33084640090465783f,0.5329874318365033f,-0.2430706601983797f,-1.5269016750485818f,2.089870870230018f,-0.9342841665047543f,-1.337491996795365f,-0.11320745707760041f,0.27513004924909834f,0f,0f,0f,1f],start_interpolation:0}
execute if entity @s[tag=aj.tutankhamen.bone.right_hand] run data modify entity @s {} merge value {transformation:[-0.9878625363028873f,-0.016829611611453344f,0.15441623471071347f,-0.30537107224504967f,-0.05932729428349776f,-0.8778657459283212f,-0.4752178492846328f,1.7597011890493195f,0.14355445490205354f,-0.47861100728955275f,0.8662122269854279f,0.16160552597892142f,0f,0f,0f,1f],start_interpolation:0}
execute if entity @s[tag=aj.tutankhamen.bone.right_arm] run data modify entity @s {} merge value {transformation:[-0.9878625363028873f,-0.016829611611453344f,0.15441623471071347f,-0.2777144610319388f,-0.05932729428349776f,-0.8778657459283212f,-0.4752178492846328f,1.4997497453962363f,0.14355445490205354f,-0.47861100728955275f,0.8662122269854279f,-0.015496506248823871f,0f,0f,0f,1f],start_interpolation:0}
execute if entity @s[tag=aj.tutankhamen.bone.body] run data modify entity @s {} merge value {transformation:[-0.9959077999460093f,-0.000584196895779915f,-0.09037318585004278f,0.00043814767183493627f,0f,0.9999791072456058f,-0.006464137396539256f,0.18751566956579568f,0.09037507403426775f,-0.0064376848531361355f,-0.9958869926889458f,0.004828263639852101f,0f,0f,0f,1f],start_interpolation:0}
execute if entity @s[tag=aj.tutankhamen.bone.left_foot] run data modify entity @s {} merge value {transformation:[-0.6967574637593803f,-0.12053645380380014f,0.7071067811865477f,0.140799630017882f,-0.17046428772969224f,0.9853638549331961f,0f,0.44923032245827954f,-0.6967574637593806f,-0.1205364538038002f,-0.7071067811865474f,0.14079963001788207f,0f,0f,0f,1f],start_interpolation:0}
execute if entity @s[tag=aj.tutankhamen.bone.left_leg] run data modify entity @s {} merge value {transformation:[-0.6967574637593803f,-0.12053645380380014f,0.7071067811865477f,0.06629126073623881f,-0.17046428772969224f,0.9853638549331961f,0f,0.875f,-0.6967574637593806f,-0.1205364538038002f,-0.7071067811865474f,0.06629126073623884f,0f,0f,0f,1f],start_interpolation:0}
execute if entity @s[tag=aj.tutankhamen.bone.right_foot] run data modify entity @s {} merge value {transformation:[-0.6967574637593803f,0.12053645380380014f,0.7071067811865477f,-0.140799630017882f,0.17046428772969224f,0.9853638549331961f,0f,0.44923032245827954f,-0.6967574637593806f,0.1205364538038002f,-0.7071067811865474f,-0.14079963001788207f,0f,0f,0f,1f],start_interpolation:0}
execute if entity @s[tag=aj.tutankhamen.bone.right_leg] run data modify entity @s {} merge value {transformation:[-0.6967574637593803f,0.12053645380380014f,0.7071067811865477f,-0.06629126073623881f,0.17046428772969224f,0.9853638549331961f,0f,0.875f,-0.6967574637593806f,0.1205364538038002f,-0.7071067811865474f,-0.06629126073623884f,0f,0f,0f,1f],start_interpolation:0}