execute if entity @s[tag=aj.tutankhamen.bone.head] run data modify entity @s {} merge value {transformation:[-0.9697937694311978f,-0.21471108509170744f,0.11575489065767403f,-0.08804661857385888f,-0.0996005029250512f,0.7817464020909812f,0.6155910189686679f,1.609805330195893f,-0.22266518495154403f,0.5854670893880778f,-0.7795181220818072f,0.08062333912112328f,0f,0f,0f,1f],start_interpolation:0}
execute if entity @s[tag=aj.tutankhamen.bone.back_cape] run data modify entity @s {} merge value {transformation:[-0.6753328081210241f,-0.3405456591827836f,0.6541821247077415f,0.025439105789036798f,0f,0.8870108331782217f,0.4617486132350338f,1.636937857956351f,-0.7375131173581739f,0.3118339876220042f,-0.5990275168040179f,-0.023294314832172133f,0f,0f,0f,1f],start_interpolation:0}
execute if entity @s[tag=aj.tutankhamen.bone.left_hand] run data modify entity @s {} merge value {transformation:[-0.05108498845459554f,0.9984668142231512f,0.0213153665149179f,0.16023848525615939f,-0.9512512425641978f,-0.04214692891633283f,-0.30552366504575607f,1.4324113865977817f,-0.30415686327068747f,-0.03588394178449522f,0.9519458730659762f,0.5536211059937809f,0f,0f,0f,1f],start_interpolation:0}
execute if entity @s[tag=aj.tutankhamen.bone.cape_left_back] run data modify entity @s {} merge value {transformation:[-0.04870773294521008f,0.029402573573701414f,0.9983802108508467f,0.22454297987622013f,-0.9212024704435385f,0.38499156316613886f,-0.056280589368044726f,1.4417671776389602f,-0.3860227521792721f,-0.9224516165946788f,0.008333657168636266f,0.4127723237749631f,0f,0f,0f,1f],start_interpolation:0}
execute if entity @s[tag=aj.tutankhamen.bone.cape_left_side] run data modify entity @s {} merge value {transformation:[-0.04870773294521008f,0.029402573573701414f,0.9983802108508467f,0.10735603679255334f,-0.9212024704435385f,0.38499156316613886f,-0.056280589368044726f,1.5927401373167687f,-0.3860227521792721f,-0.9224516165946788f,0.008333657168636266f,0.47204667165689485f,0f,0f,0f,1f],start_interpolation:0}
execute if entity @s[tag=aj.tutankhamen.bone.left_arm] run data modify entity @s {} merge value {transformation:[-0.05108498845459554f,0.02504552926197945f,0.9983802108508467f,0.14059631634535896f,-0.9512512425641978f,0.30323846850367664f,-0.056280589368044726f,1.4931113276446104f,-0.30415686327068747f,-0.9525855093814583f,0.008333657168636266f,0.24437286690792354f,0f,0f,0f,1f],start_interpolation:0}
execute if entity @s[tag=aj.tutankhamen.bone.cape_right_back] run data modify entity @s {} merge value {transformation:[-0.2519798294065656f,-0.2750878289997098f,0.9278107845398567f,-0.09928404143630959f,0.46722006238069613f,0.8050230914715845f,0.3655724764072251f,1.3772149978907582f,-0.8474736449478628f,0.5256087028710228f,-0.07432302863194146f,-0.27176721782682844f,0f,0f,0f,1f],start_interpolation:0}
execute if entity @s[tag=aj.tutankhamen.bone.cape_right] run data modify entity @s {} merge value {transformation:[-0.2519798294065656f,-0.2750878289997098f,0.9278107845398567f,-0.3706085859160496f,0.46722006238069613f,0.8050230914715845f,0.3655724764072251f,1.3588250135359357f,-0.8474736449478628f,0.5256087028710228f,-0.07432302863194146f,-0.38560421769194664f,0f,0f,0f,1f],start_interpolation:0}
execute if entity @s[tag=aj.tutankhamen.bone.weapon] run data modify entity @s {} merge value {transformation:[-0.41209201267532086f,-0.2969552648179842f,1.5545370427870784f,-0.09969939809740153f,0.7640994770184302f,1.3694182358731566f,0.4641479915816982f,0.9789849300265243f,-1.385972523508484f,0.8432668258422382f,-0.20632231610902363f,-0.5538779561064828f,0f,0f,0f,1f],start_interpolation:0}
execute if entity @s[tag=aj.tutankhamen.bone.right_hand] run data modify entity @s {} merge value {transformation:[-0.2519798294065656f,-0.2750878289997098f,0.9278107845398567f,-0.13076060651404212f,0.46722006238069613f,0.8050230914715845f,0.3655724764072251f,1.2683394586307553f,-0.8474736449478628f,0.5256087028710228f,-0.07432302863194146f,-0.35930666780083065f,0f,0f,0f,1f],start_interpolation:0}
execute if entity @s[tag=aj.tutankhamen.bone.right_arm] run data modify entity @s {} merge value {transformation:[-0.2519798294065656f,-0.2750878289997098f,0.9278107845398567f,-0.23107647126808725f,0.46722006238069613f,0.8050230914715845f,0.3655724764072251f,1.4931113276446104f,-0.8474736449478628f,0.5256087028710228f,-0.07432302863194146f,-0.16152116479573433f,0f,0f,0f,1f],start_interpolation:0}
execute if entity @s[tag=aj.tutankhamen.bone.body] run data modify entity @s {} merge value {transformation:[-0.6753328081210241f,-0.12806780883470384f,0.7263086359225323f,0.09605085662602789f,0f,0.984807753012208f,0.17364817766693033f,0.19414418524084398f,-0.7375131173581739f,0.1172703114489066f,-0.6650729853010906f,-0.08795273358667995f,0f,0f,0f,1f],start_interpolation:0}
execute if entity @s[tag=aj.tutankhamen.bone.left_foot] run data modify entity @s {} merge value {transformation:[-0.6946743082621459f,-0.13201365626520928f,0.7071067811865477f,0.14575580748545994f,-0.1866955031087189f,0.9824178281764752f,0f,0.44627643464493955f,-0.6946743082621463f,-0.13201365626520933f,-0.7071067811865474f,0.14575580748546f,0f,0f,0f,1f],start_interpolation:0}
execute if entity @s[tag=aj.tutankhamen.bone.left_leg] run data modify entity @s {} merge value {transformation:[-0.6946743082621459f,-0.13201365626520928f,0.7071067811865477f,0.06629126073623881f,-0.1866955031087189f,0.9824178281764752f,0f,0.87025f,-0.6946743082621463f,-0.13201365626520933f,-0.7071067811865474f,0.06629126073623884f,0f,0f,0f,1f],start_interpolation:0}
execute if entity @s[tag=aj.tutankhamen.bone.right_foot] run data modify entity @s {} merge value {transformation:[-0.6946743082621459f,0.13201365626520928f,0.7071067811865477f,-0.14575580748545994f,0.1866955031087189f,0.9824178281764752f,0f,0.44627643464493955f,-0.6946743082621463f,0.13201365626520933f,-0.7071067811865474f,-0.14575580748546f,0f,0f,0f,1f],start_interpolation:0}
execute if entity @s[tag=aj.tutankhamen.bone.right_leg] run data modify entity @s {} merge value {transformation:[-0.6946743082621459f,0.13201365626520928f,0.7071067811865477f,-0.06629126073623881f,0.1866955031087189f,0.9824178281764752f,0f,0.87025f,-0.6946743082621463f,0.13201365626520933f,-0.7071067811865474f,-0.06629126073623884f,0f,0f,0f,1f],start_interpolation:0}