execute if entity @s[tag=aj.tutankhamen.bone.head] run data modify entity @s {} merge value {transformation:[-0.9969718655679232f,-0.02374596720543711f,-0.07404882380897848f,0f,0f,0.9522360425245224f,-0.3053629304896648f,1.625f,0.07776309707062104f,-0.30443825048556916f,-0.9493525437766893f,0f,0f,0f,0f,1f],start_interpolation:0}
execute if entity @s[tag=aj.tutankhamen.bone.back_cape] run data modify entity @s {} merge value {transformation:[-0.9920708913205254f,-0.07754878450904482f,0.09890163100610633f,0.01963742801303784f,0f,0.7869350219613374f,0.6170358751407485f,1.625f,-0.12567953928344217f,0.6121433306276228f,-0.7806953286485212f,-0.15501107676883208f,0f,0f,0f,1f],start_interpolation:0}
execute if entity @s[tag=aj.tutankhamen.bone.left_hand] run data modify entity @s {} merge value {transformation:[-0.405408851810998f,-0.8705814030573407f,-0.2788040235075538f,0.5498479400237031f,-0.9126915874035028f,0.36834792026446117f,0.17695727145195395f,1.4280190107414361f,-0.0513588274414693f,0.3262021310285365f,-0.943903830141757f,-0.14492636015882077f,0f,0f,0f,1f],start_interpolation:0}
execute if entity @s[tag=aj.tutankhamen.bone.cape_left_back] run data modify entity @s {} merge value {transformation:[-0.4779650872332108f,-0.8116210330338319f,-0.33588788921788304f,0.3985752620246075f,-0.878207596570024f,0.43400279412530873f,0.20098007865986864f,1.461923083006417f,-0.017343376627729917f,0.3910407567358172f,-0.9202099400998819f,-0.1502243863671797f,0f,0f,0f,1f],start_interpolation:0}
execute if entity @s[tag=aj.tutankhamen.bone.cape_left_side] run data modify entity @s {} merge value {transformation:[-0.4779650872332108f,-0.8116210330338319f,-0.33588788921788304f,0.5152432930570321f,-0.878207596570024f,0.43400279412530873f,0.20098007865986864f,1.5740205101379996f,-0.017343376627729917f,0.3910407567358172f,-0.9202099400998819f,-0.03248824125661166f,0f,0f,0f,1f],start_interpolation:0}
execute if entity @s[tag=aj.tutankhamen.bone.left_arm] run data modify entity @s {} merge value {transformation:[-0.405408851810998f,-0.8501899721533086f,-0.33588788921788304f,0.27763269139764063f,-0.9126915874035028f,0.3558104470989397f,0.20098007865986864f,1.5f,-0.0513588274414693f,0.3880411537262629f,-0.9202099400998819f,-0.002019514202715525f,0f,0f,0f,1f],start_interpolation:0}
execute if entity @s[tag=aj.tutankhamen.bone.cape_right_back] run data modify entity @s {} merge value {transformation:[-0.9785090608816268f,0.1552484216551524f,-0.1357127309655983f,-0.31536635984842226f,0.059496138456744896f,-0.41759496774461735f,-0.9066833253253908f,1.4987781457292573f,-0.19743410870792483f,-0.8952722326130508f,0.3993837781266926f,0.13066395648689338f,0f,0f,0f,1f],start_interpolation:0}
execute if entity @s[tag=aj.tutankhamen.bone.cape_right] run data modify entity @s {} merge value {transformation:[-0.9785090608816268f,0.1552484216551524f,-0.1357127309655983f,-0.4343302178697769f,0.059496138456744896f,-0.41759496774461735f,-0.9066833253253908f,1.7347452486944714f,-0.19743410870792483f,-0.8952722326130508f,0.3993837781266926f,-0.00003106753039301691f,0f,0f,0f,1f],start_interpolation:0}
execute if entity @s[tag=aj.tutankhamen.bone.weapon] run data modify entity @s {} merge value {transformation:[-1.1211418079062674f,1.085944381713413f,-0.48821462493543927f,-0.42315825998791157f,0.992671969156203f,0.48224957958207626f,-1.20690736109097f,1.8110219348807353f,-0.6574428354064897f,-1.123720524164748f,-0.9897518756510095f,0.4899111562333159f,0f,0f,0f,1f],start_interpolation:0}
execute if entity @s[tag=aj.tutankhamen.bone.right_hand] run data modify entity @s {} merge value {transformation:[-0.9785090608816268f,0.1552484216551524f,-0.1357127309655983f,-0.35686877502251724f,0.059496138456744896f,-0.41759496774461735f,-0.9066833253253908f,1.6095044788569448f,-0.19743410870792483f,-0.8952722326130508f,0.3993837781266926f,0.2114416835334838f,0f,0f,0f,1f],start_interpolation:0}
execute if entity @s[tag=aj.tutankhamen.bone.right_arm] run data modify entity @s {} merge value {transformation:[-0.9785090608816268f,0.1552484216551524f,-0.1357127309655983f,-0.2683584839950672f,0.059496138456744896f,-0.41759496774461735f,-0.9066833253253908f,1.5f,-0.19743410870792483f,-0.8952722326130508f,0.3993837781266926f,-0.07118787704505435f,0f,0f,0f,1f],start_interpolation:0}
execute if entity @s[tag=aj.tutankhamen.bone.body] run data modify entity @s {} merge value {transformation:[-0.9920708913205254f,0f,0.12567953928344217f,0f,0f,1f,0f,0.1875f,-0.12567953928344217f,0f,-0.9920708913205254f,0f,0f,0f,0f,1f],start_interpolation:0}