execute if entity @s[tag=aj.tutankhamen.bone.head] run data modify entity @s {} merge value {transformation:[-0.9083587429637575f,-0.3239678532857909f,0.26444134343687326f,-0.10198630697514063f,-0.09960050292505121f,0.7817464020909812f,0.6155910189686679f,1.588055330195893f,-0.406157769713173f,0.5328389933696691f,-0.742373540238618f,0.06205741730770488f,0f,0f,0f,1f],start_interpolation:0}
execute if entity @s[tag=aj.tutankhamen.bone.back_cape] run data modify entity @s {} merge value {transformation:[-0.5198173426207092f,-0.39446141940513596f,0.7577533364569432f,0.02946666770623796f,0f,0.8870108331782217f,0.46174861323503386f,1.615187857956351f,-0.8542774316992953f,0.24002493709063305f,-0.46108361417848465f,-0.017930105999026044f,0f,0f,0f,1f],start_interpolation:0}
execute if entity @s[tag=aj.tutankhamen.bone.left_hand] run data modify entity @s {} merge value {transformation:[0.008750401333553851f,0.991036310853688f,-0.13330589276552537f,-0.005622255625789427f,-0.9512512425641976f,-0.03285055593209503f,-0.30666254172138807f,1.4140341083926202f,-0.3082928867109513f,0.12949081644836524f,0.9424370665773733f,0.5621794886886833f,0f,0f,0f,1f],start_interpolation:0}
execute if entity @s[tag=aj.tutankhamen.bone.cape_left_back] run data modify entity @s {} merge value {transformation:[0.04207024044564113f,0.38046545299769974f,0.923837720567904f,0.10543281807976615f,-0.9225288429553469f,0.36983105598322197f,-0.110297433994647f,1.4179042987074872f,-0.3836282429440179f,-0.8476267038653219f,0.3665492355879292f,0.45395393469124745f,0f,0f,0f,1f],start_interpolation:0}
execute if entity @s[tag=aj.tutankhamen.bone.cape_left_side] run data modify entity @s {} merge value {transformation:[0.04207024044564113f,0.38046545299769974f,0.923837720567904f,-0.016620372060853275f,-0.9225288429553469f,0.36983105598322197f,-0.110297433994647f,1.5758366096685912f,-0.3836282429440179f,-0.8476267038653219f,0.3665492355879292f,0.4680771932027591f,0f,0f,0f,1f],start_interpolation:0}
execute if entity @s[tag=aj.tutankhamen.bone.left_arm] run data modify entity @s {} merge value {transformation:[0.008750401333553851f,0.3826843301369951f,0.923837720567904f,0.09063947435780263f,-0.9512512425641976f,0.28802005064624625f,-0.110297433994647f,1.4713613276446105f,-0.3082928867109513f,-0.8778366328043807f,0.3665492355879292f,0.26696424468236046f,0f,0f,0f,1f],start_interpolation:0}
execute if entity @s[tag=aj.tutankhamen.bone.cape_right_back] run data modify entity @s {} merge value {transformation:[-0.03578766565485475f,-0.2231301351541605f,0.9741315033264564f,-0.06800038106230355f,0.6836918727255418f,0.7054814681928951f,0.18671186680401008f,1.3596852868905023f,-0.7288927672545651f,0.6726877736531882f,0.1273047250556678f,-0.322530746459508f,0f,0f,0f,1f],start_interpolation:0}
execute if entity @s[tag=aj.tutankhamen.bone.cape_right] run data modify entity @s {} merge value {transformation:[-0.03578766565485475f,-0.2231301351541605f,0.9741315033264564f,-0.3171250796524887f,0.6836918727255418f,0.7054814681928951f,0.18671186680401008f,1.4198341753028656f,-0.7288927672545651f,0.6726877736531882f,0.1273047250556678f,-0.46824642260695076f,0f,0f,0f,1f],start_interpolation:0}
execute if entity @s[tag=aj.tutankhamen.bone.weapon] run data modify entity @s {} merge value {transformation:[-0.058527744873043706f,0.5293640464455078f,1.5462651399491691f,-0.08707578786251204f,1.1181210835198965f,1.1414757696808397f,-0.34846231278423484f,1.0419729960631257f,-1.1920433797809034f,1.0446982565188303f,-0.402772649466356f,-0.6924886592517973f,0f,0f,0f,1f],start_interpolation:0}
execute if entity @s[tag=aj.tutankhamen.bone.right_hand] run data modify entity @s {} merge value {transformation:[-0.03578766565485475f,-0.2231301351541605f,0.9741315033264564f,-0.10211069767765124f,0.6836918727255418f,0.7054814681928951f,0.18671186680401008f,1.2811959827138129f,-0.7288927672545651f,0.6726877736531882f,0.1273047250556678f,-0.437351162458841f,0f,0f,0f,1f],start_interpolation:0}
execute if entity @s[tag=aj.tutankhamen.bone.right_arm] run data modify entity @s {} merge value {transformation:[-0.03578766565485475f,-0.2231301351541605f,0.9741315033264564f,-0.19544459924021784f,0.6836918727255418f,0.7054814681928951f,0.18671186680401008f,1.4713613276446105f,-0.7288927672545651f,0.6726877736531882f,0.1273047250556678f,-0.20319161124050522f,0f,0f,0f,1f],start_interpolation:0}
execute if entity @s[tag=aj.tutankhamen.bone.body] run data modify entity @s {} merge value {transformation:[-0.5198173426207092f,-0.1483437192365682f,0.841299037960823f,0.11125778942742615f,0f,0.984807753012208f,0.17364817766693036f,0.17239418524084404f,-0.8542774316992953f,0.09026533426575255f,-0.5119201491630779f,-0.06769900069931441f,0f,0f,0f,1f],start_interpolation:0}
execute if entity @s[tag=aj.tutankhamen.bone.left_foot] run data modify entity @s {} merge value {transformation:[-0.685380116969118f,-0.1739370439653321f,0.7071067811865477f,0.16380684612635654f,-0.24598412657485802f,0.9692738567985852f,0f,0.4321296916060833f,-0.6853801169691184f,-0.1739370439653322f,-0.7071067811865474f,0.1638068461263566f,0f,0f,0f,1f],start_interpolation:0}
execute if entity @s[tag=aj.tutankhamen.bone.left_leg] run data modify entity @s {} merge value {transformation:[-0.685380116969118f,-0.1739370439653321f,0.7071067811865477f,0.06629126073623881f,-0.24598412657485802f,0.9692738567985852f,0f,0.8485f,-0.6853801169691184f,-0.1739370439653322f,-0.7071067811865474f,0.06629126073623884f,0f,0f,0f,1f],start_interpolation:0}
execute if entity @s[tag=aj.tutankhamen.bone.right_foot] run data modify entity @s {} merge value {transformation:[-0.685380116969118f,0.1739370439653321f,0.7071067811865477f,-0.16380684612635654f,0.24598412657485802f,0.9692738567985852f,0f,0.4321296916060833f,-0.6853801169691184f,0.1739370439653322f,-0.7071067811865474f,-0.1638068461263566f,0f,0f,0f,1f],start_interpolation:0}
execute if entity @s[tag=aj.tutankhamen.bone.right_leg] run data modify entity @s {} merge value {transformation:[-0.685380116969118f,0.1739370439653321f,0.7071067811865477f,-0.06629126073623881f,0.24598412657485802f,0.9692738567985852f,0f,0.8485f,-0.6853801169691184f,0.1739370439653322f,-0.7071067811865474f,-0.06629126073623884f,0f,0f,0f,1f],start_interpolation:0}