execute if entity @s[tag=aj.tutankhamen.bone.head] run data modify entity @s {} merge value {transformation:[-0.9991661343425402f,-0.009007458043951734f,-0.039823381104214406f,0f,0f,0.9753615762791191f,-0.22061231950712118f,1.625f,0.0408293519785099f,-0.22042835847027165f,-0.9745482557570541f,0f,0f,0f,0f,1f],start_interpolation:0}
execute if entity @s[tag=aj.tutankhamen.bone.back_cape] run data modify entity @s {} merge value {transformation:[-0.9772125867467905f,-0.1210843000856039f,0.17433918829805897f,0.033166086070348245f,0f,0.8213359307393755f,0.5704448166794784f,1.625f,-0.21226295085022878f,0.5574458549036518f,-0.8026198094659078f,-0.152689466679186f,0f,0f,0f,1f],start_interpolation:0}
execute if entity @s[tag=aj.tutankhamen.bone.left_hand] run data modify entity @s {} merge value {transformation:[-0.49567893467955565f,-0.8624971279150241f,-0.1019857737788719f,0.5544072567793985f,-0.861806272254755f,0.47389517905800477f,0.18086820717844382f,1.3973239121552832f,-0.10766774269623972f,0.17754453977499857f,-0.9782052921441287f,-0.08747500550415327f,0f,0f,0f,1f],start_interpolation:0}
execute if entity @s[tag=aj.tutankhamen.bone.cape_left_back] run data modify entity @s {} merge value {transformation:[-0.5674899724256531f,-0.7991621076854666f,-0.19822980814210078f,0.40960981933386675f,-0.8192564210718624f,0.5239742989462873f,0.23295890319167867f,1.4479230014275446f,-0.08230460332724222f,0.29460288471681556f,-0.9520688486594212f,-0.11059237085785767f,0f,0f,0f,1f],start_interpolation:0}
execute if entity @s[tag=aj.tutankhamen.bone.cape_left_side] run data modify entity @s {} merge value {transformation:[-0.5674899724256531f,-0.7991621076854666f,-0.19822980814210078f,0.5230588535431376f,-0.8192564210718624f,0.5239742989462873f,0.23295890319167867f,1.5468119543210632f,-0.08230460332724222f,0.29460288471681556f,-0.9520688486594212f,0.021276329494451567f,0f,0f,0f,1f],start_interpolation:0}
execute if entity @s[tag=aj.tutankhamen.bone.left_arm] run data modify entity @s {} merge value {transformation:[-0.49567893467955565f,-0.8455810646406923f,-0.19822980814210078f,0.2767386234898227f,-0.861806272254755f,0.4505775166673244f,0.23295890319167867f,1.5f,-0.10766774269623972f,0.28630851296288823f,-0.9520688486594212f,0.022354508253832568f,0f,0f,0f,1f],start_interpolation:0}
execute if entity @s[tag=aj.tutankhamen.bone.cape_right_back] run data modify entity @s {} merge value {transformation:[-0.9385392792899421f,0.30807090891967615f,-0.15568023736916944f,-0.3382537975982486f,0.10036863539244173f,-0.1879603217573178f,-0.9770348276670308f,1.4497716166698484f,-0.33025771491272604f,-0.9326109759821026f,0.14548748818484158f,0.09121159324865687f,0f,0f,0f,1f],start_interpolation:0}
execute if entity @s[tag=aj.tutankhamen.bone.cape_right] run data modify entity @s {} merge value {transformation:[-0.9385392792899421f,0.30807090891967615f,-0.15568023736916944f,-0.44598050064500966f,0.10036863539244173f,-0.1879603217573178f,-0.9770348276670308f,1.7097129228666752f,-0.33025771491272604f,-0.9326109759821026f,0.14548748818484158f,0.00323695324733303f,0f,0f,0f,1f],start_interpolation:0}
execute if entity @s[tag=aj.tutankhamen.bone.weapon] run data modify entity @s {} merge value {transformation:[-1.1414413274979993f,1.1451710142677967f,-0.24552539088978673f,-0.5130619056954787f,1.0164092787321308f,0.7982357659995217f,-1.0021574295476223f,1.6653394547071934f,-0.5819033833876083f,-0.8520508691217527f,-1.2688520175505222f,0.4926421111124237f,0f,0f,0f,1f],start_interpolation:0}
execute if entity @s[tag=aj.tutankhamen.bone.right_hand] run data modify entity @s {} merge value {transformation:[-0.9385392792899421f,0.30807090891967615f,-0.15568023736916944f,-0.39636199885544565f,0.10036863539244173f,-0.1879603217573178f,-0.9770348276670308f,1.5374678534747164f,-0.33025771491272604f,-0.9326109759821026f,0.14548748818484158f,0.18837444364384442f,0f,0f,0f,1f],start_interpolation:0}
execute if entity @s[tag=aj.tutankhamen.bone.right_arm] run data modify entity @s {} merge value {transformation:[-0.9385392792899421f,0.30807090891967615f,-0.15568023736916944f,-0.26107520968920717f,0.10036863539244173f,-0.1879603217573178f,-0.9770348276670308f,1.5f,-0.33025771491272604f,-0.9326109759821026f,0.14548748818484158f,-0.09446546806134509f,0f,0f,0f,1f],start_interpolation:0}
execute if entity @s[tag=aj.tutankhamen.bone.body] run data modify entity @s {} merge value {transformation:[-0.9772125867467905f,0f,0.21226295085022878f,0f,0f,1f,0f,0.1875f,-0.21226295085022878f,0f,-0.9772125867467905f,0f,0f,0f,0f,1f],start_interpolation:0}