execute if entity @s[tag=aj.tutankhamen.bone.head] run data modify entity @s {} merge value {transformation:[-0.985546763269608f,-0.08904764489711922f,-0.14411139561837438f,-0.0008293632277398291f,0.0008970936268824581f,0.8479432286417626f,-0.5300862912994526f,1.6249473768788993f,0.16940121791717924f,-0.5225541100583363f,-0.8356078203495444f,-0.008465587927414274f,0f,0f,0f,1f],start_interpolation:0}
execute if entity @s[tag=aj.tutankhamen.bone.back_cape] run data modify entity @s {} merge value {transformation:[-0.9952353308937225f,0.09472734493728992f,-0.023094723683002565f,-0.01606288152813325f,0f,0.23686415022679844f,0.9715427804977693f,1.623014168524547f,0.097501980189443f,0.9669137006261047f,-0.23573557092782815f,-0.1639592055637991f,0f,0f,0f,1f],start_interpolation:0}
execute if entity @s[tag=aj.tutankhamen.bone.left_hand] run data modify entity @s {} merge value {transformation:[-0.20509191781661681f,-0.6023682843939269f,-0.7714206084897002f,0.4732975978571204f,-0.9782111005613481f,0.15212976376495613f,0.14127836959483497f,1.4870005555815036f,0.032254425818144805f,0.783587254192624f,-0.620443927427778f,-0.311414188478752f,0f,0f,0f,1f],start_interpolation:0}
execute if entity @s[tag=aj.tutankhamen.bone.cape_left_back] run data modify entity @s {} merge value {transformation:[-0.2639845058527846f,-0.6641908549835863f,-0.6994016648720773f,0.32839000774805194f,-0.9599387811920448f,0.2515631850979773f,0.12342406680583942f,1.4878682294861054f,0.093966574020726f,0.7039648230270695f,-0.7039913429206882f,-0.2560787045859635f,0f,0f,0f,1f],start_interpolation:0}
execute if entity @s[tag=aj.tutankhamen.bone.cape_left_side] run data modify entity @s {} merge value {transformation:[-0.2639845058527846f,-0.6641908549835863f,-0.6994016648720773f,0.4570627948965592f,-0.9599387811920448f,0.2515631850979773f,0.12342406680583942f,1.6224306556966326f,0.093966574020726f,0.7039648230270695f,-0.7039913429206882f,-0.18276206391161587f,0f,0f,0f,1f],start_interpolation:0}
execute if entity @s[tag=aj.tutankhamen.bone.left_arm] run data modify entity @s {} merge value {transformation:[-0.20509191781661681f,-0.684671173937145f,-0.6994016648720773f,0.2695906182760203f,-0.9782111005613481f,0.16694173376260302f,0.12342406680583942f,1.4995004446311362f,0.032254425818144805f,0.7094757508948898f,-0.7039913429206882f,-0.07047438217019567f,0f,0f,0f,1f],start_interpolation:0}
execute if entity @s[tag=aj.tutankhamen.bone.cape_right_back] run data modify entity @s {} merge value {transformation:[-0.9846927745674039f,0.0013888068252735433f,0.17429346209869667f,-0.26902616279991565f,-0.07771398679305214f,-0.8985695912037428f,-0.4318949247452064f,1.6294587623210166f,0.15601498636822375f,-0.4388288515805908f,0.884922913619589f,0.1443791579638589f,0f,0f,0f,1f],start_interpolation:0}
execute if entity @s[tag=aj.tutankhamen.bone.cape_right] run data modify entity @s {} merge value {transformation:[-0.9846927745674039f,0.0013888068252735433f,0.17429346209869667f,-0.46645777435074665f,-0.07771398679305214f,-0.8985695912037428f,-0.4318949247452064f,1.725289683070904f,0.15601498636822375f,-0.4388288515805908f,0.884922913619589f,-0.05247422882100339f,0f,0f,0f,1f],start_interpolation:0}
execute if entity @s[tag=aj.tutankhamen.bone.weapon] run data modify entity @s {} merge value {transformation:[-1.2448539504536429f,0.9380924900179021f,-0.49488260812346424f,-0.343775652410493f,0.46387936708003785f,-0.2046696541452334f,-1.5548356630462927f,2.100521568242541f,-0.9538040933276044f,-1.3238883965256263f,-0.1102947809618545f,0.24775311409062412f,0f,0f,0f,1f],start_interpolation:0}
execute if entity @s[tag=aj.tutankhamen.bone.right_hand] run data modify entity @s {} merge value {transformation:[-0.9846927745674039f,0.0013888068252735433f,0.17429346209869667f,-0.31086475423947474f,-0.07771398679305214f,-0.8985695912037428f,-0.4318949247452064f,1.766344831930777f,0.15601498636822375f,-0.4388288515805908f,0.884922913619589f,0.14880055063421543f,0f,0f,0f,1f],start_interpolation:0}
execute if entity @s[tag=aj.tutankhamen.bone.right_arm] run data modify entity @s {} merge value {transformation:[-0.9846927745674039f,0.0013888068252735433f,0.17429346209869667f,-0.27814212225799434f,-0.07771398679305214f,-0.8985695912037428f,-0.4318949247452064f,1.4995004446311362f,0.15601498636822375f,-0.4388288515805908f,0.884922913619589f,-0.016813679863034767f,0f,0f,0f,1f],start_interpolation:0}
execute if entity @s[tag=aj.tutankhamen.bone.body] run data modify entity @s {} merge value {transformation:[-0.9952353308937225f,-0.001206346513076115f,-0.09749451712251789f,0.0009047598848070863f,0f,0.9999234572783993f,-0.012372533467855985f,0.1875574070412005f,0.097501980189443f,-0.012313582439875306f,-0.9951591528728627f,0.00923518682990648f,0f,0f,0f,1f],start_interpolation:0}
execute if entity @s[tag=aj.tutankhamen.bone.left_foot] run data modify entity @s {} merge value {transformation:[-0.6971105274318453f,-0.11847747694686203f,0.7071067811865477f,0.1399098608827361f,-0.16755245473399805f,0.9858631623671774f,0f,0.44892088067479735f,-0.6971105274318457f,-0.11847747694686209f,-0.7071067811865474f,0.1399098608827362f,0f,0f,0f,1f],start_interpolation:0}
execute if entity @s[tag=aj.tutankhamen.bone.left_leg] run data modify entity @s {} merge value {transformation:[-0.6971105274318453f,-0.11847747694686203f,0.7071067811865477f,0.06629126073623881f,-0.16755245473399805f,0.9858631623671774f,0f,0.875f,-0.6971105274318457f,-0.11847747694686209f,-0.7071067811865474f,0.06629126073623884f,0f,0f,0f,1f],start_interpolation:0}
execute if entity @s[tag=aj.tutankhamen.bone.right_foot] run data modify entity @s {} merge value {transformation:[-0.6971105274318453f,0.11847747694686203f,0.7071067811865477f,-0.1399098608827361f,0.16755245473399805f,0.9858631623671774f,0f,0.44892088067479735f,-0.6971105274318457f,0.11847747694686209f,-0.7071067811865474f,-0.1399098608827362f,0f,0f,0f,1f],start_interpolation:0}
execute if entity @s[tag=aj.tutankhamen.bone.right_leg] run data modify entity @s {} merge value {transformation:[-0.6971105274318453f,0.11847747694686203f,0.7071067811865477f,-0.06629126073623881f,0.16755245473399805f,0.9858631623671774f,0f,0.875f,-0.6971105274318457f,0.11847747694686209f,-0.7071067811865474f,-0.06629126073623884f,0f,0f,0f,1f],start_interpolation:0}