execute if entity @s[tag=aj.grey_guardian.bone.head] run data modify entity @s {} merge value {transformation:[-0.9847441595451638f,0.07925522732947547f,-0.15491142366733962f,0.09252328090366312f,0.05443755046119791f,0.985882243599618f,0.15834378691558515f,1.2013144246367455f,0.16527399475257254f,0.14749512092247957f,-0.9751562418210682f,0.19362705386885243f,0f,0f,0f,1f],start_interpolation:0}
execute if entity @s[tag=aj.grey_guardian.bone.sword] run data modify entity @s {} merge value {transformation:[-0.000002401781707694155f,-0.0000024514793584609672f,-0.000009392640394672073f,0.10448197792392527f,0.000007373754858595302f,0.000005832236971326457f,-0.000003407748699014504f,0.5553314658120587f,0.000006313413016263703f,-0.000007744369623496326f,4.068847757528215e-7f,1.27948354146738f,0f,0f,0f,1f],start_interpolation:0}
execute if entity @s[tag=aj.grey_guardian.bone.axe] run data modify entity @s {} merge value {transformation:[-0.7696816943699782f,-0.36971215826723647f,-1.2332489648814389f,0.10136245279216977f,0.5788931894326432f,1.184009443466669f,-0.7162431940411382f,0.5055252918340908f,1.1499881584521907f,-0.8434658012101804f,-0.4648576960840891f,1.3175599917299436f,0f,0f,0f,1f],start_interpolation:0}
execute if entity @s[tag=aj.grey_guardian.bone.left_arm_2] run data modify entity @s {} merge value {transformation:[-0.5054797647532754f,-0.25850757537665187f,-0.8232035233755123f,-0.40413421428265334f,0.3730205184479724f,0.7948289470260625f,-0.47864667322174825f,0.7046295325206824f,0.7780397806293577f,-0.5490180128577984f,-0.3053413193721005f,0.9530451423565113f,0f,0f,0f,1f],start_interpolation:0}
execute if entity @s[tag=aj.grey_guardian.bone.left_arm] run data modify entity @s {} merge value {transformation:[-0.9021586130717294f,-0.25850757537665187f,-0.3453746810832807f,-0.36367730424270694f,0.00455544152712562f,0.7948289470260625f,-0.6068164408797228f,0.9602329199686033f,0.43138044092539274f,-0.5490180128577984f,-0.7158841643343482f,0.564082592095991f,0f,0f,0f,1f],start_interpolation:0}
execute if entity @s[tag=aj.grey_guardian.bone.left_shoulder] run data modify entity @s {} merge value {transformation:[-0.9021761578466845f,0.04290905354190761f,-0.4292283696788127f,-0.23196502437657124f,0.004612601983945114f,0.9959430667566885f,0.08986730040576524f,1.1834203652174462f,0.4313431396416682f,0.07909627616658103f,-0.8987140117860899f,0.4875949463453321f,0f,0f,0f,1f],start_interpolation:0}
execute if entity @s[tag=aj.grey_guardian.bone.right_arm_2] run data modify entity @s {} merge value {transformation:[-0.3670802098760053f,-0.08965732478970309f,-0.925858349656653f,0.5286333187925192f,-0.1774362239723665f,0.9838167230454193f,-0.024920711839774297f,0.6992155682300387f,0.9131092519188576f,0.15513290936395976f,-0.3770481063371851f,-0.6279078296015759f,0f,0f,0f,1f],start_interpolation:0}
execute if entity @s[tag=aj.grey_guardian.bone.right_arm] run data modify entity @s {} merge value {transformation:[-0.19484536752622914f,-0.08016373438157365f,-0.9775525860246951f,0.4045251763974881f,-0.2591309571204489f,0.9654500089816223f,-0.027521395662753335f,1.0492203350998306f,0.945984370809269f,0.24795172079940533f,-0.20888636704487193f,-0.3924227830281736f,0f,0f,0f,1f],start_interpolation:0}
execute if entity @s[tag=aj.grey_guardian.bone.right_shoulder] run data modify entity @s {} merge value {transformation:[-0.1981174149279064f,-0.05774148591614104f,-0.978476065474511f,0.31548738214106825f,-0.14407938754003458f,0.989135283570827f,-0.02919796022581378f,1.2395390541223268f,0.9695311340995565f,0.13519360783504428f,-0.20428428332148296f,-0.18168064215307744f,0f,0f,0f,1f],start_interpolation:0}
execute if entity @s[tag=aj.grey_guardian.bone.upper_body] run data modify entity @s {} merge value {transformation:[-0.6318137591774045f,0.07925522732947547f,-0.7710577038426305f,-0.002130625000000009f,-0.06476646987934556f,0.985882243599618f,0.15440694976053224f,0.6178892423486873f,0.7724096569136643f,0.14749512092247957f,-0.617760885141313f,0.07004055575752853f,0f,0f,0f,1f],start_interpolation:0}
execute if entity @s[tag=aj.grey_guardian.bone.body] run data modify entity @s {} merge value {transformation:[-1f,4.284366871451655e-19f,1.2246393048005478e-16f,-6.5972488474317385e-18f,0f,0.9999938804014261f,-0.0034984510427288895f,0.385416875f,-1.2246467991473532e-16f,-0.0034984510427288895f,-0.9999938804014261f,0.053870625f,0f,0f,0f,1f],start_interpolation:0}