execute if entity @s[tag=aj.grey_guardian.bone.head] run data modify entity @s {} merge value {transformation:[-1f,9.619687460336276e-17f,7.578759227712329e-17f,5.0306980803327406e-17f,0f,0.6188526547400408f,-0.785507092088419f,1.0351796228026602f,-1.2246467991473532e-16f,-0.785507092088419f,-0.6188526547400408f,-0.4094996840726049f,0f,0f,0f,1f],start_interpolation:0}
execute if entity @s[tag=aj.grey_guardian.bone.sword] run data modify entity @s {} merge value {transformation:[-0.000008961923278030299f,-0.0000039849478131352935f,-0.0000019504158749576683f,0.03921408484789546f,-0.0000017314558851437735f,-9.061407601946223e-7f,0.000009807189681071481f,1.0282514355314079f,-0.000004084849039621861f,0.000009126834054002635f,1.2210026289163554e-7f,-1.3838747381024772f,0f,0f,0f,1f],start_interpolation:0}
execute if entity @s[tag=aj.grey_guardian.bone.axe] run data modify entity @s {} merge value {transformation:[-1.4745724778388758f,-0.07537235200405375f,0.2644901059652251f,0.06874975562153446f,0.2736816188007588f,-0.5443018410890441f,1.3707056129299513f,1.056591629579371f,0.02709943045001314f,1.395727234935413f,0.5488270278774825f,-1.4314633924356661f,0f,0f,0f,1f],start_interpolation:0}
execute if entity @s[tag=aj.grey_guardian.bone.left_arm_2] run data modify entity @s {} merge value {transformation:[-0.7654708468961415f,-0.6398385310594494f,0.0682717857082249f,-0.2500139618571722f,0.24196707584498456f,-0.18790642632729762f,0.9519154947535686f,1.3872184921153963f,-0.5962435045844368f,0.7451830842931084f,0.29865674967138933f,-0.965506286378022f,0f,0f,0f,1f],start_interpolation:0}
execute if entity @s[tag=aj.grey_guardian.bone.left_arm] run data modify entity @s {} merge value {transformation:[-0.5657276234518984f,-0.6398385310594494f,0.5201527758602784f,-0.3381432317266887f,0.771454824743847f,-0.18790642632729762f,0.6079051145732731f,1.2206693670502895f,-0.29122106627596056f,0.7451830842931084f,0.5999103778403094f,-0.5380061817203584f,0f,0f,0f,1f],start_interpolation:0}
execute if entity @s[tag=aj.grey_guardian.bone.left_shoulder] run data modify entity @s {} merge value {transformation:[-0.5802911012163039f,-0.8068923472448037f,-0.11039464573492863f,-0.43323874999999995f,0.7658926856220846f,-0.586771670707745f,0.26288286472387706f,0.9834662543369517f,-0.27689462248256114f,0.06799813536129212f,0.9584913257967582f,-0.45024146181450636f,0f,0f,0f,1f],start_interpolation:0}
execute if entity @s[tag=aj.grey_guardian.bone.right_arm_2] run data modify entity @s {} merge value {transformation:[-0.4883303788697218f,0.5855730055593349f,-0.6470221759979802f,0.14973431105711943f,-0.8114209652567023f,-0.03183718472834213f,0.5835943889470281f,1.474791444860058f,0.3211377558226931f,0.809994227651519f,0.49069327787976025f,-0.907190043168124f,0f,0f,0f,1f],start_interpolation:0}
execute if entity @s[tag=aj.grey_guardian.bone.right_arm] run data modify entity @s {} merge value {transformation:[-0.4963951134792109f,0.7827350437878609f,-0.3753901204618695f,0.36669680358594436f,-0.8574678970876902f,-0.37464220092725314f,0.3526925385493692f,1.2106569754727454f,0.13542782866891082f,0.4969598298764189f,0.8571407298170032f,-0.6305682184377488f,0f,0f,0f,1f],start_interpolation:0}
execute if entity @s[tag=aj.grey_guardian.bone.right_shoulder] run data modify entity @s {} merge value {transformation:[-0.4559469901326155f,0.7754670012966162f,-0.4367645499454397f,0.43323875000000006f,-0.8789821577864203f,-0.31534448381915514f,0.3576985082691276f,0.9834662543369517f,0.1396520980226829f,0.5469998047758925f,0.8254020263441315f,-0.45024146181450625f,0f,0f,0f,1f],start_interpolation:0}
execute if entity @s[tag=aj.grey_guardian.bone.upper_body] run data modify entity @s {} merge value {transformation:[-1f,9.619687460336276e-17f,7.578759227712329e-17f,-0.002130625000000003f,0f,0.6188526547400408f,-0.785507092088419f,0.6167616004693823f,-1.2246467991473532e-16f,-0.785507092088419f,-0.6188526547400408f,0.025861943508319704f,0f,0f,0f,1f],start_interpolation:0}
execute if entity @s[tag=aj.grey_guardian.bone.body] run data modify entity @s {} merge value {transformation:[-1f,2.3540374606773278e-17f,1.201808994391012e-16f,-6.5972488474317385e-18f,0f,0.9813515172111326f,-0.19222174608354836f,0.385416875f,-1.2246467991473532e-16f,-0.19222174608354836f,-0.9813515172111326f,0.053870625f,0f,0f,0f,1f],start_interpolation:0}