execute if entity @s[tag=aj.grey_guardian.bone.head] run data modify entity @s {} merge value {transformation:[-0.9993701744518013f,0.01882976972428662f,0.03007813472119749f,0.009531821873055978f,0.0007524813461134536f,0.8586605301629274f,-0.5125441714741709f,1.1647229784519417f,-0.03547799582839929f,-0.5121987248250925f,-0.8581338928742701f,-0.20901457256963007f,0f,0f,0f,1f],start_interpolation:0}
execute if entity @s[tag=aj.grey_guardian.bone.sword] run data modify entity @s {} merge value {transformation:[-0.000007796742645442986f,-0.000004078130718266054f,-0.0000047518053374970535f,0.07541385238609688f,5.253324071768886e-7f,-0.000007987738416804368f,0.000005993334701706338f,1.9314040219527604f,-0.000006239778039537979f,0.00000442322109208238f,0.000006442071498195059f,-0.7587718900859746f,0f,0f,0f,1f],start_interpolation:0}
execute if entity @s[tag=aj.grey_guardian.bone.axe] run data modify entity @s {} merge value {transformation:[-1.4691375166993117f,-0.20409586021385337f,-0.22356170707468342f,0.09808738519201854f,0.12375567501330578f,-1.4159354344389086f,0.4793864603869206f,1.989779956763826f,-0.2762598232254926f,0.451078402657306f,1.4036412592708838f,-0.7630571687235634f,0f,0f,0f,1f],start_interpolation:0}
execute if entity @s[tag=aj.grey_guardian.bone.left_arm_2] run data modify entity @s {} merge value {transformation:[-0.7658708788213152f,-0.5994576422845626f,-0.23257758292685776f,-0.3309516667221979f,0.48250819191330424f,-0.774883331553112f,0.4083401366724853f,1.8095581915030188f,-0.42500310788277784f,0.2005152303137675f,0.882703801227907f,-0.3031810313173009f,0f,0f,0f,1f],start_interpolation:0}
execute if entity @s[tag=aj.grey_guardian.bone.left_arm] run data modify entity @s {} merge value {transformation:[-0.7491904816826224f,-0.5994576422845626f,0.2817164483355442f,-0.3914892807718186f,0.6313812108946627f,-0.774883331553112f,0.030225634986538574f,1.3698184584232413f,0.2001783921539724f,0.2005152303137675f,0.959021508479798f,-0.15748997741863063f,0f,0f,0f,1f],start_interpolation:0}
execute if entity @s[tag=aj.grey_guardian.bone.left_shoulder] run data modify entity @s {} merge value {transformation:[-0.7558948509938943f,-0.6168516487244697f,-0.21935591559568562f,-0.42145388809318857f,0.62287722246436f,-0.5744151551077988f,-0.5311037519332431f,1.1313059573408353f,0.20161086274306378f,-0.5380903948672443f,0.8184202997089031f,-0.28087972363852554f,0f,0f,0f,1f],start_interpolation:0}
execute if entity @s[tag=aj.grey_guardian.bone.right_arm_2] run data modify entity @s {} merge value {transformation:[-0.6659173661761671f,0.6414576497116178f,-0.38090175249195607f,0.25149945133268437f,-0.7374235740121856f,-0.6432867439761233f,0.20588501042011648f,1.8368978501873896f,-0.11296253324040967f,0.41798833554424f,0.9014018068724203f,-0.2720075384629368f,0f,0f,0f,1f],start_interpolation:0}
execute if entity @s[tag=aj.grey_guardian.bone.right_arm] run data modify entity @s {} merge value {transformation:[-0.6968631530732773f,0.6797815811288157f,-0.22864546321057194f,0.4044855095479054f,-0.6575386270634374f,-0.732859781595833f,-0.17481274106551042f,1.425507357118826f,-0.2863995457543526f,0.02852266602746922f,0.9576856257219197f,-0.24531478280577507f,0f,0f,0f,1f],start_interpolation:0}
execute if entity @s[tag=aj.grey_guardian.bone.right_shoulder] run data modify entity @s {} merge value {transformation:[-0.6112818755222336f,0.7565279463282751f,-0.23237886109184452f,0.44447788224037216f,-0.7380212747536019f,-0.6509365273747564f,-0.17778142574622596f,1.1306539491852585f,-0.2857605057895311f,0.06282597992562361f,0.956239420635489f,-0.2501388385081237f,0f,0f,0f,1f],start_interpolation:0}
execute if entity @s[tag=aj.grey_guardian.bone.upper_body] run data modify entity @s {} merge value {transformation:[-0.9993701744518013f,0.01882976972428662f,0.03007813472119749f,-0.002130625000000006f,0.0007524813461134536f,0.8586605301629274f,-0.5125441714741709f,0.6183733694685718f,-0.03547799582839929f,-0.5121987248250925f,-0.8581338928742701f,0.0478589757819774f,0f,0f,0f,1f],start_interpolation:0}
execute if entity @s[tag=aj.grey_guardian.bone.body] run data modify entity @s {} merge value {transformation:[-1f,1.2072904272631752e-17f,1.2186813697206686e-16f,-6.5972488474317385e-18f,0f,0.9951288572094108f,-0.09858274468228209f,0.385416875f,-1.2246467991473532e-16f,-0.09858274468228209f,-0.9951288572094108f,0.053870625f,0f,0f,0f,1f],start_interpolation:0}