execute if entity @s[tag=aj.grey_guardian.bone.head] run data modify entity @s {} merge value {transformation:[-0.9999861751687029f,0.003338374413158485f,0.004062601105924399f,0.001765370982209811f,0.0000194462533165857f,0.7749533922282369f,-0.6320183854096267f,1.1213602330127461f,-0.005258240514803536f,-0.6320095688597016f,-0.7749427435472006f,-0.2900931031752628f,0f,0f,0f,1f],start_interpolation:0}
execute if entity @s[tag=aj.grey_guardian.bone.sword] run data modify entity @s {} merge value {transformation:[-0.000008271099243525396f,-0.00000426338083368521f,-0.0000036623081752795274f,0.07971319730999243f,-9.537233533170194e-7f,-0.000005356951870200688f,0.000008390082146540112f,1.5942900422277648f,-0.000005538892404541849f,0.000007288803092917177f,0.000004024179469604907f,-1.1086865317037036f,0f,0f,0f,1f],start_interpolation:0}
execute if entity @s[tag=aj.grey_guardian.bone.axe] run data modify entity @s {} merge value {transformation:[-1.4877851516226552f,-0.18821705894076635f,-0.032705983165791735f,0.10636039142258413f,0.12257474627224743f,-1.1374807502697688f,0.9701097743771161f,1.6443747181670996f,-0.14652908990179087f,0.9595373267827645f,1.1435984191678212f,-1.1355501641823245f,0f,0f,0f,1f],start_interpolation:0}
execute if entity @s[tag=aj.grey_guardian.bone.left_arm_2] run data modify entity @s {} merge value {transformation:[-0.7618149205541428f,-0.6368901019346889f,-0.11835972659104527f,-0.29144115931877057f,0.37344809843434396f,-0.5810812063908661f,0.7231052131986799f,1.6899147231394562f,-0.5293151656592299f,0.5066711257186043f,0.6805217305613278f,-0.6181330320038797f,0f,0f,0f,1f],start_interpolation:0}
execute if entity @s[tag=aj.grey_guardian.bone.left_arm] run data modify entity @s {} merge value {transformation:[-0.6764412482019773f,-0.6368901019346889f,0.3698624552297418f,-0.3723219286479583f,0.7364748592287808f,-0.5810812063908661f,0.3463371382096979f,1.3421346517540065f,-0.005658573574557062f,0.5066711257186043f,0.8621208447243017f,-0.3168540220316443f,0f,0f,0f,1f],start_interpolation:0}
execute if entity @s[tag=aj.grey_guardian.bone.left_shoulder] run data modify entity @s {} merge value {transformation:[-0.6851013992120646f,-0.7034183583691659f,-0.18931108236682595f,-0.4311999307604773f,0.7284477110014502f,-0.6615358490920815f,-0.17814110335003136f,1.0797601224912734f,0.00007165486047161496f,-0.2599479437796086f,0.9656226288723428f,-0.34338904790531083f,0f,0f,0f,1f],start_interpolation:0}
execute if entity @s[tag=aj.grey_guardian.bone.right_arm_2] run data modify entity @s {} merge value {transformation:[-0.6222935858627132f,0.6196174397960597f,-0.4783564793067012f,0.21260313879706005f,-0.7799884953800342f,-0.4392222705428538f,0.44575973812578784f,1.7374040072014116f,0.06609568873168796f,0.6505059764212449f,0.7566196763046324f,-0.5720777369211929f,0f,0f,0f,1f],start_interpolation:0}
execute if entity @s[tag=aj.grey_guardian.bone.right_arm] run data modify entity @s {} merge value {transformation:[-0.6445038294092611f,0.708487402768253f,-0.2875072416400907f,0.3817532202239601f,-0.7544202396845154f,-0.6504100414757118f,0.08841312064349731f,1.3608225854414169f,-0.12435801474435097f,0.2738838769739083f,0.9536889986272176f,-0.4206377892901464f,0f,0f,0f,1f],start_interpolation:0}
execute if entity @s[tag=aj.grey_guardian.bone.right_shoulder] run data modify entity @s {} merge value {transformation:[-0.5556325924621871f,0.7788430143383283f,-0.2909913765219442f,0.43526559033426254f,-0.8258592899316762f,-0.5574440831688203f,0.08492659991793633f,1.0797432727503153f,-0.0960669320177171f,0.2875059184720559f,0.9529488398734967f,-0.3388329008096452f,0f,0f,0f,1f],start_interpolation:0}
execute if entity @s[tag=aj.grey_guardian.bone.upper_body] run data modify entity @s {} merge value {transformation:[-0.9999861751687029f,0.003338374413158485f,0.004062601105924399f,-0.0021306250000000053f,0.0000194462533165857f,0.7749533922282369f,-0.6320183854096267f,0.6182319264242837f,-0.005258240514803536f,-0.6320095688597016f,-0.7749427435472006f,0.0437701264125825f,0f,0f,0f,1f],start_interpolation:0}
execute if entity @s[tag=aj.grey_guardian.bone.body] run data modify entity @s {} merge value {transformation:[-1f,1.4210556269974124e-17f,1.2163740344612949e-16f,-6.5972488474317385e-18f,0f,0.993244774989966f,-0.11603799789349929f,0.385416875f,-1.2246467991473532e-16f,-0.11603799789349929f,-0.993244774989966f,0.053870625f,0f,0f,0f,1f],start_interpolation:0}