execute if entity @s[tag=aj.grey_guardian.bone.head] run data modify entity @s {} merge value {transformation:[-1f,1.0376777411289e-16f,6.503727302305049e-17f,5.681219383824043e-17f,0f,0.531069636309277f,-0.8473281780929585f,0.9845447201452386f,-1.2246467991473532e-16f,-0.8473281780929585f,-0.531069636309277f,-0.46254399886725717f,0f,0f,0f,1f],start_interpolation:0}
execute if entity @s[tag=aj.grey_guardian.bone.sword] run data modify entity @s {} merge value {transformation:[-0.000008952423614685859f,-0.000004031062331409321f,-0.000001898591031135415f,0.04345334674076551f,-0.0000020735358108186817f,-2.505589666887278e-9f,0.000009782660321368265f,0.8815124516119713f,-0.000003943927061250946f,0.000009151531576862605f,-8.3361209997169e-7f,-1.4278865140508277f,0f,0f,0f,1f],start_interpolation:0}
execute if entity @s[tag=aj.grey_guardian.bone.axe] run data modify entity @s {} merge value {transformation:[-1.47963800794641f,-0.062210116819658254f,0.23833016344068708f,0.07335526131974579f,0.24607255257668104f,-0.308875776283348f,1.4470812187620143f,0.9049879694478681f,-0.010939118281492438f,1.466535255693038f,0.3148883603764673f,-1.4778362691534968f,0f,0f,0f,1f],start_interpolation:0}
execute if entity @s[tag=aj.grey_guardian.bone.left_arm_2] run data modify entity @s {} merge value {transformation:[-0.7614578527112696f,-0.6442038395730052f,0.07199549724628795f,-0.24574888341205775f,0.1870799204316183f,-0.11206199420461699f,0.9759319714130614f,1.2805502585018522f,-0.6206311641511744f,0.7565999752407363f,0.2058480885266513f,-1.0475271170867635f,0f,0f,0f,1f],start_interpolation:0}
execute if entity @s[tag=aj.grey_guardian.bone.left_arm] run data modify entity @s {} merge value {transformation:[-0.5602770491536334f,-0.6442038395730052f,0.5206640387726954f,-0.33670278838849577f,0.7425302213085561f,-0.11206199420461699f,0.6603718497167728f,1.1564267932156982f,-0.36706743063797415f,0.7565999752407363f,0.5411265830011994f,-0.6064120852811196f,0f,0f,0f,1f],start_interpolation:0}
execute if entity @s[tag=aj.grey_guardian.bone.left_shoulder] run data modify entity @s {} merge value {transformation:[-0.5756584320845907f,-0.809386408440347f,-0.11623687625683354f,-0.43323874999999995f,0.7381887521770698f,-0.5755536709292162f,0.351874037176892f,0.9287613991206f,-0.3517026240009752f,0.1167545018915323f,0.9288022666633031f,-0.49750663645515575f,0f,0f,0f,1f],start_interpolation:0}
execute if entity @s[tag=aj.grey_guardian.bone.right_arm_2] run data modify entity @s {} merge value {transformation:[-0.4084584847696712f,0.6425924095425837f,-0.6482566323748032f,0.10706907052606024f,-0.7899039679149135f,0.1070424699595019f,0.603815891723002f,1.345829563470763f,0.45739849987941544f,0.7586942103530416f,0.4638638889640307f,-0.9896833123628173f,0f,0f,0f,1f],start_interpolation:0}
execute if entity @s[tag=aj.grey_guardian.bone.right_arm] run data modify entity @s {} merge value {transformation:[-0.4236193781628624f,0.8433457629987947f,-0.3306275041143589f,0.3628235398992259f,-0.8604116224415559f,-0.2604772732642509f,0.4379993494062631f,1.1329463145385594f,0.28326394478012773f,0.4700207592700572f,0.8359677167467648f,-0.7022294052407887f,0f,0f,0f,1f],start_interpolation:0}
execute if entity @s[tag=aj.grey_guardian.bone.right_shoulder] run data modify entity @s {} merge value {transformation:[-0.43496406445058067f,0.7775408297786535f,-0.45413271261136207f,0.43323875000000006f,-0.8700084445852458f,-0.23287187341760157f,0.43457565155141564f,0.9287613991206f,0.23214557714286177f,0.5841240866443526f,0.7777579844751887f,-0.49750663645515575f,0f,0f,0f,1f],start_interpolation:0}
execute if entity @s[tag=aj.grey_guardian.bone.upper_body] run data modify entity @s {} merge value {transformation:[-1f,1.0376777411289e-16f,6.503727302305049e-17f,-0.002130625000000002f,0f,0.531069636309277f,-0.8473281780929585f,0.6152145306400847f,-1.2246467991473532e-16f,-0.8473281780929585f,-0.531069636309277f,0.015167838230474927f,0f,0f,0f,1f],start_interpolation:0}
execute if entity @s[tag=aj.grey_guardian.bone.body] run data modify entity @s {} merge value {transformation:[-1f,2.908617355504995e-17f,1.1896046542672943e-16f,-6.5972488474317385e-18f,0f,0.9713859172257204f,-0.23750663109805112f,0.385416875f,-1.2246467991473532e-16f,-0.23750663109805112f,-0.9713859172257204f,0.053870625f,0f,0f,0f,1f],start_interpolation:0}