execute if entity @s[tag=aj.frestchika_v2.bone.hair] run data modify entity @s {} merge value {transformation:[-0.9999866032247295f,0.003382528264421217f,-0.003918146705699282f,-0.0010309577658010344f,0.00011990396971303663f,0.7718836451905952f,0.6357638114192387f,1.2223263890743743f,0.005174842423208426f,0.6357548244329881f,-0.7718737100174322f,-0.36758606690481155f,0f,0f,0f,1f],start_interpolation:0}
execute if entity @s[tag=aj.frestchika_v2.bone.side_hair_2] run data modify entity @s {} merge value {transformation:[-0.9999866032247295f,0.004043523316783332f,-0.0032316079981365414f,0.4868381240952637f,0.00011990396971303663f,0.6422443119607192f,0.7664999865473844f,1.615152856199955f,0.005174842423208426f,0.7664893304366921f,-0.6422361927925002f,-0.2833188564016689f,0f,0f,0f,1f],start_interpolation:0}
execute if entity @s[tag=aj.frestchika_v2.bone.side_hair_1] run data modify entity @s {} merge value {transformation:[-0.9999866032247295f,0.0031999136575883718f,-0.004068651330720039f,0.32981014795539193f,0.00011990396971303663f,0.8001347298938143f,0.5998203061257521f,1.9250520121932273f,0.005174842423208426f,0.5998117826204622f,-0.8001243943510019f,-0.050201731093458574f,0f,0f,0f,1f],start_interpolation:0}
execute if entity @s[tag=aj.frestchika_v2.bone.head] run data modify entity @s {} merge value {transformation:[-0.9999866032247295f,0.00036809617506546044f,-0.00516312659857307f,0.00048673872123117674f,0.00011990396971303663f,0.9988478901412684f,0.04798831090353774f,1.3867494570641679f,0.005174842423208426f,0.04798704893554571f,-0.9988345529367474f,-0.07811615579970728f,0f,0f,0f,1f],start_interpolation:0}
execute if entity @s[tag=aj.frestchika_v2.bone.group] run data modify entity @s {} merge value {transformation:[0.0000012827778535865718f,3.0760534113227926e-7f,-0.000009912611156121012f,0.0943500214252321f,-3.5398657851622257e-7f,0.000009990239688461591f,2.642053544446526e-7f,1.2099279902304438f,0.00000991106323663502f,3.170014529836429e-7f,0.0000012924146386620868f,0.8159320876137993f,0f,0f,0f,1f],start_interpolation:0}
execute if entity @s[tag=aj.frestchika_v2.bone.group2] run data modify entity @s {} merge value {transformation:[0.0000012827778535865718f,3.0760534113227926e-7f,-0.000009912611156121012f,0.0943500214252321f,-3.5398657851622257e-7f,0.000009990239688461591f,2.642053544446526e-7f,1.2099279902304438f,0.00000991106323663502f,3.170014529836429e-7f,0.0000012924146386620868f,0.8159320876137993f,0f,0f,0f,1f],start_interpolation:0}
execute if entity @s[tag=aj.frestchika_v2.bone.group3] run data modify entity @s {} merge value {transformation:[0.0000012827778535865718f,3.0760534113227926e-7f,-0.000009912611156121012f,0.0943500214252321f,-3.5398657851622257e-7f,0.000009990239688461591f,2.642053544446526e-7f,1.2099279902304438f,0.00000991106323663502f,3.170014529836429e-7f,0.0000012924146386620868f,0.8159320876137993f,0f,0f,0f,1f],start_interpolation:0}
execute if entity @s[tag=aj.frestchika_v2.locator_origin.muzzle] at @s on origin run tp @s ^0.09435 ^1.20993 ^0.81594 ~-97.42837 ~1.51396
execute if entity @s[tag=aj.frestchika_v2.bone.gun] run data modify entity @s {} merge value {transformation:[0.0000012827778535865718f,3.0760534113227926e-7f,-0.000009912611156121012f,0.09434549269496602f,-3.5398657851622257e-7f,0.000009990239688461591f,2.642053544446526e-7f,1.2099299706535245f,0.00000991106323663502f,3.170014529836429e-7f,0.0000012924146386620868f,0.8159332174520229f,0f,0f,0f,1f],start_interpolation:0}
execute if entity @s[tag=aj.frestchika_v2.bone.sword] run data modify entity @s {} merge value {transformation:[-1.043113157534348f,-0.03288190247561204f,-0.13549329565814808f,0.29491266735513777f,-0.03994248486531826f,1.05031499839096f,0.052609069159040754f,1.3545137225257518f,0.13358237376804555f,0.057287841158323104f,-1.0423044491768767f,0.7750282017188282f,0f,0f,0f,1f],start_interpolation:0}
execute if entity @s[tag=aj.frestchika_v2.bone.arm_right_1] run data modify entity @s {} merge value {transformation:[0.12827778535865716f,0.030760534113227923f,-0.9912611156121011f,0.004695996285261031f,-0.03539865785162225f,0.9990239688461591f,0.026420535444465258f,1.2223152907781618f,0.9911063236635018f,0.03170014529836429f,0.12924146386620866f,0.5126769292451336f,0f,0f,0f,1f],start_interpolation:0}
execute if entity @s[tag=aj.frestchika_v2.bone.arm_right_0] run data modify entity @s {} merge value {transformation:[0.15925488720890518f,0.030760534113227923f,-0.9867581620848889f,-0.03652287087898674f,-0.03620862213245415f,0.9990239688461591f,0.025299117655317824f,1.235419165621795f,0.9865732697490581f,0.03170014529836429f,0.16021324603388618f,0.13970795472610145f,0f,0f,0f,1f],start_interpolation:0}
execute if entity @s[tag=aj.frestchika_v2.bone.arm_left_1] run data modify entity @s {} merge value {transformation:[-0.33397361684029486f,0.5434183657829459f,-0.7701675811045311f,-0.09599736188845812f,0.7767291837486133f,0.6215622099228275f,0.10174573361603156f,1.2549019372629446f,0.5339975640092618f,-0.5642312459671509f,-0.6296742830277662f,-0.5721268650517863f,0f,0f,0f,1f],start_interpolation:0}
execute if entity @s[tag=aj.frestchika_v2.bone.arm_left_0] run data modify entity @s {} merge value {transformation:[0.6195731302159682f,0.5434183657829459f,-0.5664147032379893f,0.14731543178309894f,0.1565449826826876f,0.6215622099228275f,0.7675637351990573f,1.2453543870901955f,0.7691702052935125f,-0.5642312459671509f,0.30003382536489537f,-0.34830685290430263f,0f,0f,0f,1f],start_interpolation:0}
execute if entity @s[tag=aj.frestchika_v2.bone.right_wing_0] run data modify entity @s {} merge value {transformation:[-0.14791055244541063f,0.0012979699232830845f,-0.9889998906720726f,-0.5853414820678815f,-0.22556345957759025f,0.9735991381086142f,0.03501205474622256f,1.0300355907927283f,0.9629348857418565f,0.228260889221614f,-0.14371281179169737f,-0.04318704380313218f,0f,0f,0f,1f],start_interpolation:0}
execute if entity @s[tag=aj.frestchika_v2.bone.right_wing_1] run data modify entity @s {} merge value {transformation:[-0.14791055244541063f,0.0012979699232830845f,-0.9889998906720726f,0.06205546299939082f,-0.22556345957759025f,0.9735991381086142f,0.03501205474622256f,1.86009689376555f,0.9629348857418565f,0.228260889221614f,-0.14371281179169737f,-0.16470269639416846f,0f,0f,0f,1f],start_interpolation:0}
execute if entity @s[tag=aj.frestchika_v2.bone.right_wing_2] run data modify entity @s {} merge value {transformation:[-0.14791055244541063f,0.0012979699232830845f,-0.9889998906720726f,0.06295556701611307f,-0.22556345957759025f,0.9735991381086142f,0.03501205474622256f,1.8432516815483728f,0.9629348857418565f,0.228260889221614f,-0.14371281179169737f,-0.1750009311029604f,0f,0f,0f,1f],start_interpolation:0}
execute if entity @s[tag=aj.frestchika_v2.bone.left_wing_0] run data modify entity @s {} merge value {transformation:[-0.14791055244541063f,0.0012979699232830845f,-0.9889998906720726f,-0.5853414820678815f,-0.22556345957759025f,0.9735991381086142f,0.03501205474622256f,1.0300355907927283f,0.9629348857418565f,0.228260889221614f,-0.14371281179169737f,-0.04318704380313218f,0f,0f,0f,1f],start_interpolation:0}
execute if entity @s[tag=aj.frestchika_v2.bone.left_wing_1] run data modify entity @s {} merge value {transformation:[-0.14791055244541063f,0.0012979699232830845f,-0.9889998906720726f,0.06205546299939082f,-0.22556345957759025f,0.9735991381086142f,0.03501205474622256f,1.86009689376555f,0.9629348857418565f,0.228260889221614f,-0.14371281179169737f,-0.16470269639416846f,0f,0f,0f,1f],start_interpolation:0}
execute if entity @s[tag=aj.frestchika_v2.bone.left_wing_2] run data modify entity @s {} merge value {transformation:[-0.14791055244541063f,0.0012979699232830845f,-0.9889998906720726f,0.06295556701611307f,-0.22556345957759025f,0.9735991381086142f,0.03501205474622256f,1.8432516815483728f,0.9629348857418565f,0.228260889221614f,-0.14371281179169737f,-0.1750009311029604f,0f,0f,0f,1f],start_interpolation:0}
execute if entity @s[tag=aj.frestchika_v2.bone.leg_right_1] run data modify entity @s {} merge value {transformation:[-0.7913388240439905f,0.0019954673236777243f,-0.611374585398211f,0.1035532826082109f,0.06363996037782929f,0.9948311582405991f,-0.0791259883778832f,0.490028960908296f,0.6080565935863064f,-0.10152332098502637f,-0.7873755103458506f,0.21819518862733459f,0f,0f,0f,1f],start_interpolation:0}
execute if entity @s[tag=aj.frestchika_v2.bone.leg_right_0] run data modify entity @s {} merge value {transformation:[-0.7913388240439905f,-0.3999938890358666f,-0.4623718787887484f,-0.05208392440825827f,0.06363996037782929f,0.69827777788773f,-0.712992356446605f,0.746558018753418f,0.6080565935863064f,-0.5936438609487483f,-0.5271187203601106f,-0.011203299813085016f,0f,0f,0f,1f],start_interpolation:0}
execute if entity @s[tag=aj.frestchika_v2.bone.leg_left_1] run data modify entity @s {} merge value {transformation:[-0.17088398716985756f,0.12050052076791151f,-0.9778948243157819f,0.20999347837881416f,-0.700079035955886f,0.683535171064534f,0.2065647920940446f,0.4781695936959599f,0.693316671041458f,0.7199022811551861f,-0.032445326990956314f,-0.5195286867595509f,0f,0f,0f,1f],start_interpolation:0}
execute if entity @s[tag=aj.frestchika_v2.bone.leg_left_0] run data modify entity @s {} merge value {transformation:[-0.17088398716985756f,-0.5370656569056453f,-0.8260503272207084f,0.008593857039197145f,-0.700079035955886f,0.656124576062022f,-0.2817621055119185f,0.7242163097192181f,0.693316671041458f,0.5301518847084671f,-0.48810959096912954f,-0.3207217299938757f,0f,0f,0f,1f],start_interpolation:0}
execute if entity @s[tag=aj.frestchika_v2.bone.body_0] run data modify entity @s {} merge value {transformation:[-0.1316217514532512f,0.047952522032673285f,-0.9901395205601503f,2.0049181292022426e-17f,0.04803634164739651f,0.9979644543036772f,0.04194589166412503f,1.0216497802734374f,0.9901354576145192f,-0.04204168856111623f,-0.13365729309475383f,-0.16371398925781253f,0f,0f,0f,1f],start_interpolation:0}
execute if entity @s[tag=aj.frestchika_v2.bone.body_1] run data modify entity @s {} merge value {transformation:[-0.14791055244541063f,0.0012979699232830845f,-0.9889998906720726f,2.0049181292022426e-17f,-0.22556345957759025f,0.9735991381086142f,0.03501205474622256f,1.0216497802734374f,0.9629348857418565f,0.228260889221614f,-0.14371281179169737f,-0.16371398925781253f,0f,0f,0f,1f],start_interpolation:0}