execute if entity @s[tag=aj.frestchika_v2.bone.hair] run data modify entity @s {} merge value {transformation:[-0.9999067519049691f,0.013652651965104316f,-0.0003042846932021703f,0.0001895252502738141f,0.010033558024645175f,0.7495981919763582f,0.6618171033594857f,1.2065952489755094f,0.009263649832590981f,0.6617523371172134f,-0.7496652780486003f,-0.36696446156922974f,0f,0f,0f,1f],start_interpolation:0}
execute if entity @s[tag=aj.frestchika_v2.bone.side_hair_2] run data modify entity @s {} merge value {transformation:[-0.9999067519049691f,0.013443183373394332f,0.002401731801029849f,0.4923122676400745f,0.010033558024645175f,0.6039095571793986f,0.7969896953290854f,1.5966859440198338f,0.009263649832590981f,0.796939475473622f,-0.6039881267240338f,-0.28238869800857025f,0f,0f,0f,1f],start_interpolation:0}
execute if entity @s[tag=aj.frestchika_v2.bone.side_hair_1] run data modify entity @s {} merge value {transformation:[-0.9999067519049691f,0.013623881239711384f,-0.0009366722057497466f,0.3393339758037166f,0.010033558024645175f,0.7794638441190028f,0.6263668600944597f,1.9001486038470485f,0.009263649832590981f,0.626299054423039f,-0.779527856603333f,-0.038366316647120605f,0f,0f,0f,1f],start_interpolation:0}
execute if entity @s[tag=aj.frestchika_v2.bone.head] run data modify entity @s {} merge value {transformation:[-0.9999067519049691f,0.010622777062857011f,-0.008581614202912112f,0.004495286409164252f,0.010033558024645175f,0.9977686728208117f,0.06600759994698864f,1.3657581563366261f,0.009263649832590981f,0.0659153407399859f,-0.9977822170428329f,-0.074597042956623f,0f,0f,0f,1f],start_interpolation:0}
execute if entity @s[tag=aj.frestchika_v2.bone.group] run data modify entity @s {} merge value {transformation:[0.000002212022591913388f,2.044308637740076e-7f,-0.00000975013661826343f,0.1903162530044306f,-4.877670424522523e-7f,0.000009987608912757255f,9.874977523630518e-8f,1.17965676872542f,0.000009740073889101775f,4.5373585680266757e-7f,0.0000022192531192023565f,0.7984261622408734f,0f,0f,0f,1f],start_interpolation:0}
execute if entity @s[tag=aj.frestchika_v2.bone.group2] run data modify entity @s {} merge value {transformation:[0.000002212022591913388f,2.044308637740076e-7f,-0.00000975013661826343f,0.1903162530044306f,-4.877670424522523e-7f,0.000009987608912757255f,9.874977523630518e-8f,1.17965676872542f,0.000009740073889101775f,4.5373585680266757e-7f,0.0000022192531192023565f,0.7984261622408734f,0f,0f,0f,1f],start_interpolation:0}
execute if entity @s[tag=aj.frestchika_v2.bone.group3] run data modify entity @s {} merge value {transformation:[0.000002212022591913388f,2.044308637740076e-7f,-0.00000975013661826343f,0.1903162530044306f,-4.877670424522523e-7f,0.000009987608912757255f,9.874977523630518e-8f,1.17965676872542f,0.000009740073889101775f,4.5373585680266757e-7f,0.0000022192531192023565f,0.7984261622408734f,0f,0f,0f,1f],start_interpolation:0}
execute if entity @s[tag=aj.frestchika_v2.locator_origin.muzzle] at @s on origin run tp @s ^0.19032 ^1.17966 ^0.79844 ~-102.82278 ~0.5658
execute if entity @s[tag=aj.frestchika_v2.bone.gun] run data modify entity @s {} merge value {transformation:[0.000002212022591913388f,2.044308637740076e-7f,-0.00000975013661826343f,0.19031182464723675f,-4.877670424522523e-7f,0.000009987608912757255f,9.874977523630518e-8f,1.1796586648269682f,0.000009740073889101775f,4.5373585680266757e-7f,0.0000022192531192023565f,0.7984277441572097f,0f,0f,0f,1f],start_interpolation:0}
execute if entity @s[tag=aj.frestchika_v2.bone.sword] run data modify entity @s {} merge value {transformation:[-1.0260946275694247f,0.025953783587443477f,-0.23233796179414895f,0.3928951492004995f,0.010392327596093766f,1.0499146199123859f,0.07138629085031173f,1.311279467002158f,0.23355197901173672f,0.06730827669555935f,-1.0239373911953675f,0.739158960206064f,0f,0f,0f,1f],start_interpolation:0}
execute if entity @s[tag=aj.frestchika_v2.bone.arm_right_1] run data modify entity @s {} merge value {transformation:[0.2212022591913388f,0.02044308637740076f,-0.9750136618263429f,0.07243599404406464f,-0.04877670424522522f,0.9987608912757254f,0.009874977523630517f,1.195397315012576f,0.9740073889101775f,0.045373585680266754f,0.22192531192023562f,0.5051490573283326f,0f,0f,0f,1f],start_interpolation:0}
execute if entity @s[tag=aj.frestchika_v2.bone.arm_right_0] run data modify entity @s {} merge value {transformation:[0.26089015181690856f,0.02044308637740076f,-0.9651520133659344f,-0.007301212636664796f,-0.049139735286582054f,0.9987608912757254f,0.007872005721734614f,1.2136771156377617f,0.9641170131788543f,0.045373585680266754f,0.26157144840674107f,0.13870071272863582f,0f,0f,0f,1f],start_interpolation:0}
execute if entity @s[tag=aj.frestchika_v2.bone.arm_left_1] run data modify entity @s {} merge value {transformation:[-0.2819524029552403f,0.47182718084649916f,-0.8353932929358548f,-0.141720315092568f,0.7592875438641264f,0.642008304759234f,0.10633796289640257f,1.2345201080258965f,0.5865025730553515f,-0.6043214773898241f,-0.5392682855173596f,-0.5564271487426917f,0f,0f,0f,1f],start_interpolation:0}
execute if entity @s[tag=aj.frestchika_v2.bone.arm_left_0] run data modify entity @s {} merge value {transformation:[0.7039183768652743f,0.47182718084649916f,-0.5309218681932426f,0.1256465936592132f,0.13843781673983227f,0.642008304759234f,0.7540956885677593f,1.2193606082743242f,0.6966590913837746f,-0.6043214773898241f,0.3866027190252469f,-0.3637839043319124f,0f,0f,0f,1f],start_interpolation:0}
execute if entity @s[tag=aj.frestchika_v2.bone.right_wing_0] run data modify entity @s {} merge value {transformation:[-0.04361938736533611f,0.011987430424437952f,-0.9989763012993312f,-0.569637681615893f,-0.24274891661199563f,0.9698342502310031f,0.022237143759268357f,0.9996968480879462f,0.96910799838283f,0.24347038544900532f,-0.03939364009250245f,0.01501313033931817f,0f,0f,0f,1f],start_interpolation:0}
execute if entity @s[tag=aj.frestchika_v2.bone.right_wing_1] run data modify entity @s {} merge value {transformation:[-0.04361938736533611f,0.011987430424437952f,-0.9989763012993312f,0.05031743224581148f,-0.24274891661199563f,0.9698342502310031f,0.022237143759268357f,1.8412761186186501f,0.96910799838283f,0.24347038544900532f,-0.03939364009250245f,-0.15902885657685503f,0f,0f,0f,1f],start_interpolation:0}
execute if entity @s[tag=aj.frestchika_v2.bone.right_wing_2] run data modify entity @s {} merge value {transformation:[-0.04361938736533611f,0.011987430424437952f,-0.9989763012993312f,0.050365289096386615f,-0.24274891661199563f,0.9698342502310031f,0.022237143759268357f,1.8246089071556435f,0.96910799838283f,0.24347038544900532f,-0.03939364009250245f,-0.16965085129391663f,0f,0f,0f,1f],start_interpolation:0}
execute if entity @s[tag=aj.frestchika_v2.bone.left_wing_0] run data modify entity @s {} merge value {transformation:[-0.04361938736533611f,0.011987430424437952f,-0.9989763012993312f,-0.569637681615893f,-0.24274891661199563f,0.9698342502310031f,0.022237143759268357f,0.9996968480879462f,0.96910799838283f,0.24347038544900532f,-0.03939364009250245f,0.01501313033931817f,0f,0f,0f,1f],start_interpolation:0}
execute if entity @s[tag=aj.frestchika_v2.bone.left_wing_1] run data modify entity @s {} merge value {transformation:[-0.04361938736533611f,0.011987430424437952f,-0.9989763012993312f,0.05031743224581148f,-0.24274891661199563f,0.9698342502310031f,0.022237143759268357f,1.8412761186186501f,0.96910799838283f,0.24347038544900532f,-0.03939364009250245f,-0.15902885657685503f,0f,0f,0f,1f],start_interpolation:0}
execute if entity @s[tag=aj.frestchika_v2.bone.left_wing_2] run data modify entity @s {} merge value {transformation:[-0.04361938736533611f,0.011987430424437952f,-0.9989763012993312f,0.050365289096386615f,-0.24274891661199563f,0.9698342502310031f,0.022237143759268357f,1.8246089071556435f,0.96910799838283f,0.24347038544900532f,-0.03939364009250245f,-0.16965085129391663f,0f,0f,0f,1f],start_interpolation:0}
execute if entity @s[tag=aj.frestchika_v2.bone.leg_right_1] run data modify entity @s {} merge value {transformation:[-0.7571566071195702f,-0.05005091146448898f,-0.6513131186739255f,0.14208565167528722f,0.0449850837490166f,0.9906981796983547f,-0.12842686238657602f,0.46202102470905193f,0.651682602602889f,-0.12653862257801146f,-0.7478621279759959f,0.20845553484513454f,0f,0f,0f,1f],start_interpolation:0}
execute if entity @s[tag=aj.frestchika_v2.bone.leg_right_0] run data modify entity @s {} merge value {transformation:[-0.7571566071195702f,-0.4420054305894146f,-0.4809834421522712f,-0.02846519289339166f,0.0449850837490166f,0.6992824063129776f,-0.7134286638909497f,0.726660608849315f,0.651682602602889f,-0.56181430700063f,-0.509582642869758f,-0.007966588605038849f,0f,0f,0f,1f],start_interpolation:0}
execute if entity @s[tag=aj.frestchika_v2.bone.leg_left_1] run data modify entity @s {} merge value {transformation:[-0.07699825147592948f,0.1570339280906105f,-0.9845870274882168f,0.1943465290954832f,-0.73931321026881f,0.6535700011954657f,0.16205625769893978f,0.4800340002973362f,0.6689448754506429f,0.7403962445648895f,0.06577351018861871f,-0.5505143013795941f,0f,0f,0f,1f],start_interpolation:0}
execute if entity @s[tag=aj.frestchika_v2.bone.leg_left_0] run data modify entity @s {} merge value {transformation:[-0.07699825147592948f,-0.5204924795005691f,-0.8503874693649944f,-0.000838150717230223f,-0.73931321026881f,0.6020612624203823f,-0.3015596349228488f,0.7058069737049796f,0.6689448754506429f,0.6054831253438242f,-0.4311646304280986f,-0.3234581293756601f,0f,0f,0f,1f],start_interpolation:0}
execute if entity @s[tag=aj.frestchika_v2.bone.body_0] run data modify entity @s {} merge value {transformation:[-0.024636822855277844f,0.017591734012549966f,-0.9995416738956058f,2.0316699046792223e-17f,0.04892401333330241f,0.9986683375135733f,0.01637047852808328f,1.0020703125f,0.9984986068487831f,-0.04849827360130758f,-0.02546467315188263f,-0.1658984375f,0f,0f,0f,1f],start_interpolation:0}
execute if entity @s[tag=aj.frestchika_v2.bone.body_1] run data modify entity @s {} merge value {transformation:[-0.04361938736533611f,0.011987430424437952f,-0.9989763012993312f,2.0316699046792223e-17f,-0.24274891661199563f,0.9698342502310031f,0.022237143759268357f,1.0020703125f,0.96910799838283f,0.24347038544900532f,-0.03939364009250245f,-0.1658984375f,0f,0f,0f,1f],start_interpolation:0}