execute if entity @s[tag=aj.frestchika_v2.bone.hair] run data modify entity @s {} merge value {transformation:[-0.9999589669014927f,0.00844099740160382f,0.003288476267986182f,0.0011932964284912008f,0.008627019299865535f,0.7765682387666213f,0.6299740828612774f,1.2194130847094757f,0.0027638833728538537f,0.6299766028209095f,-0.7766091944130761f,-0.3625499478223113f,0f,0f,0f,1f],start_interpolation:0}
execute if entity @s[tag=aj.frestchika_v2.bone.side_hair_2] run data modify entity @s {} merge value {transformation:[-0.9999589669014927f,0.007686475782015133f,0.004794017454232474f,0.4921650965851687f,0.008627019299865535f,0.6465468043900795f,0.7628255398654242f,1.6028118200974213f,0.0027638833728538537f,0.7628355968510045f,-0.6465865859462848f,-0.2667822409423845f,0f,0f,0f,1f],start_interpolation:0}
execute if entity @s[tag=aj.frestchika_v2.bone.side_hair_1] run data modify entity @s {} merge value {transformation:[-0.9999589669014927f,0.008577274492783648f,0.0029145969831923186f,0.33722406561996154f,0.008627019299865535f,0.8034857881975722f,0.5952614238320217f,1.9153552065322206f,0.0027638833728538537f,0.5952621426958055f,-0.8035268149986653f,-0.035808703914445086f,0f,0f,0f,1f],start_interpolation:0}
execute if entity @s[tag=aj.frestchika_v2.bone.head] run data modify entity @s {} merge value {transformation:[-0.9999589669014927f,0.00877775151398276f,-0.0022395516644552194f,0.0033867073225474107f,0.008627019299865535f,0.9981486609764992f,0.060206520650352244f,1.380275231013003f,0.0027638833728538537f,0.06018472953482739f,-0.998183429675889f,-0.07109045327757636f,0f,0f,0f,1f],start_interpolation:0}
execute if entity @s[tag=aj.frestchika_v2.bone.group] run data modify entity @s {} merge value {transformation:[0.0000012097061420769643f,4.5375605617851653e-7f,-0.000009916184573277296f,0.07339717656110874f,-3.9536393456766247e-7f,0.000009983822790158072f,4.086194488316123e-7f,1.2058882428168092f,0.000009918684308367942f,3.4261922917663696e-7f,0.0000012256890530366833f,0.8204242482666027f,0f,0f,0f,1f],start_interpolation:0}
execute if entity @s[tag=aj.frestchika_v2.bone.group2] run data modify entity @s {} merge value {transformation:[0.0000012097061420769643f,4.5375605617851653e-7f,-0.000009916184573277296f,0.07339717656110874f,-3.9536393456766247e-7f,0.000009983822790158072f,4.086194488316123e-7f,1.2058882428168092f,0.000009918684308367942f,3.4261922917663696e-7f,0.0000012256890530366833f,0.8204242482666027f,0f,0f,0f,1f],start_interpolation:0}
execute if entity @s[tag=aj.frestchika_v2.bone.group3] run data modify entity @s {} merge value {transformation:[0.0000012097061420769643f,4.5375605617851653e-7f,-0.000009916184573277296f,0.07339717656110874f,-3.9536393456766247e-7f,0.000009983822790158072f,4.086194488316123e-7f,1.2058882428168092f,0.000009918684308367942f,3.4261922917663696e-7f,0.0000012256890530366833f,0.8204242482666027f,0f,0f,0f,1f],start_interpolation:0}
execute if entity @s[tag=aj.frestchika_v2.locator_origin.muzzle] at @s on origin run tp @s ^0.0734 ^1.20589 ^0.82043 ~-97.0463 ~2.34187
execute if entity @s[tag=aj.frestchika_v2.bone.gun] run data modify entity @s {} merge value {transformation:[0.0000012097061420769643f,4.5375605617851653e-7f,-0.000009916184573277296f,0.07339267013382596f,-3.9536393456766247e-7f,0.000009983822790158072f,4.086194488316123e-7f,1.2058902877912645f,0.000009918684308367942f,3.4261922917663696e-7f,0.0000012256890530366833f,0.8204253519877787f,0f,0f,0f,1f],start_interpolation:0}
execute if entity @s[tag=aj.frestchika_v2.bone.sword] run data modify entity @s {} merge value {transformation:[-1.0383297875161972f,0.11510705907670055f,-0.12706820769681976f,0.2916036125165061f,0.11055951112444697f,1.0456498707742945f,0.04379103046999739f,1.3135264937471958f,0.13104411072800037f,0.029856737939934513f,-1.043772354655503f,0.7763298495924137f,0f,0f,0f,1f],start_interpolation:0}
execute if entity @s[tag=aj.frestchika_v2.bone.arm_right_1] run data modify entity @s {} merge value {transformation:[0.12097061420769642f,0.04537560561785165f,-0.9916184573277295f,-0.013991185705826133f,-0.039536393456766246f,0.9983822790158071f,0.04086194488316123f,1.2202907097220492f,0.9918684308367941f,0.034261922917663695f,0.12256890530366832f,0.5165972850075643f,0f,0f,0f,1f],start_interpolation:0}
execute if entity @s[tag=aj.frestchika_v2.bone.arm_right_0] run data modify entity @s {} merge value {transformation:[0.12540599931545007f,0.04537560561785165f,-0.9910672982953814f,-0.04243592360608151f,-0.03971881799634613f,0.9983822790158071f,0.04068464629532701f,1.2344224293526416f,0.9913101183951802f,0.034261922917663695f,0.12700539281982318f,0.142474639494f,0f,0f,0f,1f],start_interpolation:0}
execute if entity @s[tag=aj.frestchika_v2.bone.arm_left_1] run data modify entity @s {} merge value {transformation:[-0.347294373178992f,0.56888705299456f,-0.7454891946187922f,-0.07823817463598731f,0.7765940609900676f,0.6200744173302937f,0.11139740305524065f,1.240533044023939f,0.5256313183146205f,-0.5402547898053854f,-0.6571426628207704f,-0.5772560053711314f,0f,0f,0f,1f],start_interpolation:0}
execute if entity @s[tag=aj.frestchika_v2.bone.arm_left_0] run data modify entity @s {} merge value {transformation:[0.5744712009329846f,0.56888705299456f,-0.5885153865735192f,0.15256053186838733f,0.17047272517285f,0.6200744173302937f,0.7657981241454163f,1.2380872355699617f,0.8005759734533358f,-0.5402547898053854f,0.25923516895202026f,-0.3370326604323859f,0f,0f,0f,1f],start_interpolation:0}
execute if entity @s[tag=aj.frestchika_v2.bone.right_wing_0] run data modify entity @s {} merge value {transformation:[-0.1832074480656427f,0.009031219526793045f,-0.9830327909317845f,-0.5888044212572415f,-0.22421179790451165f,0.9732193009305083f,0.05072732968291298f,1.0327919023106755f,0.9571646152327723f,0.2297011740722964f,-0.1762761185643347f,-0.056106026913149365f,0f,0f,0f,1f],start_interpolation:0}
execute if entity @s[tag=aj.frestchika_v2.bone.right_wing_1] run data modify entity @s {} merge value {transformation:[-0.1832074480656427f,0.009031219526793045f,-0.9830327909317845f,0.07520991784006965f,-0.22421179790451165f,0.9732193009305083f,0.05072732968291298f,1.8526848483252105f,0.9571646152327723f,0.2297011740722964f,-0.1762761185643347f,-0.15485388536470293f,0f,0f,0f,1f],start_interpolation:0}
execute if entity @s[tag=aj.frestchika_v2.bone.right_wing_2] run data modify entity @s {} merge value {transformation:[-0.1832074480656427f,0.009031219526793045f,-0.9830327909317845f,0.07618562902435257f,-0.22421179790451165f,0.9732193009305083f,0.05072732968291298f,1.8358383101696663f,0.9571646152327723f,0.2297011740722964f,-0.1762761185643347f,-0.16514306122376338f,0f,0f,0f,1f],start_interpolation:0}
execute if entity @s[tag=aj.frestchika_v2.bone.left_wing_0] run data modify entity @s {} merge value {transformation:[-0.1832074480656427f,0.009031219526793045f,-0.9830327909317845f,-0.5888044212572415f,-0.22421179790451165f,0.9732193009305083f,0.05072732968291298f,1.0327919023106755f,0.9571646152327723f,0.2297011740722964f,-0.1762761185643347f,-0.056106026913149365f,0f,0f,0f,1f],start_interpolation:0}
execute if entity @s[tag=aj.frestchika_v2.bone.left_wing_1] run data modify entity @s {} merge value {transformation:[-0.1832074480656427f,0.009031219526793045f,-0.9830327909317845f,0.07520991784006965f,-0.22421179790451165f,0.9732193009305083f,0.05072732968291298f,1.8526848483252105f,0.9571646152327723f,0.2297011740722964f,-0.1762761185643347f,-0.15485388536470293f,0f,0f,0f,1f],start_interpolation:0}
execute if entity @s[tag=aj.frestchika_v2.bone.left_wing_2] run data modify entity @s {} merge value {transformation:[-0.1832074480656427f,0.009031219526793045f,-0.9830327909317845f,0.07618562902435257f,-0.22421179790451165f,0.9732193009305083f,0.05072732968291298f,1.8358383101696663f,0.9571646152327723f,0.2297011740722964f,-0.1762761185643347f,-0.16514306122376338f,0f,0f,0f,1f],start_interpolation:0}
execute if entity @s[tag=aj.frestchika_v2.bone.leg_right_1] run data modify entity @s {} merge value {transformation:[-0.815842635274951f,0.009409638459680791f,-0.5781974171264355f,0.08326020093635667f,0.06237917952966292f,0.9954652687643695f,-0.07181738400337334f,0.46789449559169577f,0.5748996716200393f,-0.09465916431038246f,-0.8127299737201961f,0.22097985430739925f,0f,0f,0f,1f],start_interpolation:0}
execute if entity @s[tag=aj.frestchika_v2.bone.leg_right_0] run data modify entity @s {} merge value {transformation:[-0.815842635274951f,-0.36141899778870396f,-0.4514167725118684f,-0.05680089201404708f,0.06237917952966292f,0.7210693553767474f,-0.6900491451322638f,0.7359429717151622f,0.5748996716200393f,-0.591130520929152f,-0.5657341025580834f,-0.006865910185362423f,0f,0f,0f,1f],start_interpolation:0}
execute if entity @s[tag=aj.frestchika_v2.bone.leg_left_1] run data modify entity @s {} merge value {transformation:[-0.1953395432000085f,0.06874906714759227f,-0.9783230696598887f,0.2248887450732015f,-0.699403647132158f,0.6895300646534135f,0.18810323845509733f,0.4687854790600337f,0.687515091645738f,0.7209867236679154f,-0.08660913955211058f,-0.5020756208553199f,0f,0f,0f,1f],start_interpolation:0}
execute if entity @s[tag=aj.frestchika_v2.bone.leg_left_0] run data modify entity @s {} merge value {transformation:[-0.1953395432000085f,-0.5583474478817438f,-0.8062819545955093f,0.015508452117547573f,-0.699403647132158f,0.6556303432501477f,-0.28457580956210815f,0.7146468577788391f,0.687515091645738f,0.5083276310153093f,-0.5185807731739729f,-0.31145275922457893f,0f,0f,0f,1f],start_interpolation:0}
execute if entity @s[tag=aj.frestchika_v2.bone.body_0] run data modify entity @s {} merge value {transformation:[-0.1723394453318915f,0.04666510768740281f,-0.9839316456478158f,1.925492489018284e-17f,0.0495256867545198f,0.9980243975181744f,0.03865887103858942f,1.0153179931640626f,0.9837918082268162f,-0.04206744207826525f,-0.1743100926016697f,-0.1572283935546875f,0f,0f,0f,1f],start_interpolation:0}
execute if entity @s[tag=aj.frestchika_v2.bone.body_1] run data modify entity @s {} merge value {transformation:[-0.1832074480656427f,0.009031219526793045f,-0.9830327909317845f,1.925492489018284e-17f,-0.22421179790451165f,0.9732193009305083f,0.05072732968291298f,1.0153179931640626f,0.9571646152327723f,0.2297011740722964f,-0.1762761185643347f,-0.1572283935546875f,0f,0f,0f,1f],start_interpolation:0}