execute if entity @s[tag=aj.frestchika_v2.bone.hair] run data modify entity @s {} merge value {transformation:[-0.9999350796064371f,0.011010701903990276f,-0.0029327488897166612f,-0.0006191676262151291f,0.006324988859453021f,0.7504389700010143f,0.6609094845890352f,1.2092893921546652f,0.009477926376400374f,0.6608480284811311f,-0.7504598937746143f,-0.3684939991528911f,0f,0f,0f,1f],start_interpolation:0}
execute if entity @s[tag=aj.frestchika_v2.bone.side_hair_2] run data modify entity @s {} merge value {transformation:[-0.9999350796064371f,0.01137168697629371f,-0.0007220164692452766f,0.49004958236407525f,0.006324988859453021f,0.6066421920101817f,0.7949498382847873f,1.6025575391183025f,0.009477926376400374f,0.7948936630822985f,-0.6066747343537626f,-0.28724163412854975f,0f,0f,0f,1f],start_interpolation:0}
execute if entity @s[tag=aj.frestchika_v2.bone.side_hair_1] run data modify entity @s {} merge value {transformation:[-0.9999350796064371f,0.010861343529769188f,-0.003444965775883762f,0.3359969177031159f,0.006324988859453021f,0.780554715804609f,0.6250554616600944f,1.905855724262358f,0.009477926376400374f,0.624993093443371f,-0.7805727397620859f,-0.04369111845044503f,0f,0f,0f,1f],start_interpolation:0}
execute if entity @s[tag=aj.frestchika_v2.bone.head] run data modify entity @s {} merge value {transformation:[-0.9999350796064371f,0.006887923899262094f,-0.009077063226982804f,0.003160667850929846f,0.006324988859453021f,0.9981390306152056f,0.06065039223669723f,1.3700249841664278f,0.009477926376400374f,0.06058904246557621f,-0.998117797078435f,-0.07698094553540048f,0f,0f,0f,1f],start_interpolation:0}
execute if entity @s[tag=aj.frestchika_v2.bone.group] run data modify entity @s {} merge value {transformation:[0.0000021309443493099993f,1.7125289953929533e-7f,-0.000009768815108524839f,0.1861152641765916f,-4.619828869835185e-7f,0.00000998904628515556f,7.433791195781238e-8f,1.1842441872734946f,0.000009759387685315004f,4.354615452818511e-7f,0.0000021365217645281746f,0.7987859043584676f,0f,0f,0f,1f],start_interpolation:0}
execute if entity @s[tag=aj.frestchika_v2.bone.group2] run data modify entity @s {} merge value {transformation:[0.0000021309443493099993f,1.7125289953929533e-7f,-0.000009768815108524839f,0.1861152641765916f,-4.619828869835185e-7f,0.00000998904628515556f,7.433791195781238e-8f,1.1842441872734946f,0.000009759387685315004f,4.354615452818511e-7f,0.0000021365217645281746f,0.7987859043584676f,0f,0f,0f,1f],start_interpolation:0}
execute if entity @s[tag=aj.frestchika_v2.bone.group3] run data modify entity @s {} merge value {transformation:[0.0000021309443493099993f,1.7125289953929533e-7f,-0.000009768815108524839f,0.1861152641765916f,-4.619828869835185e-7f,0.00000998904628515556f,7.433791195781238e-8f,1.1842441872734946f,0.000009759387685315004f,4.354615452818511e-7f,0.0000021365217645281746f,0.7987859043584676f,0f,0f,0f,1f],start_interpolation:0}
execute if entity @s[tag=aj.frestchika_v2.locator_origin.muzzle] at @s on origin run tp @s ^0.18611 ^1.18425 ^0.7988 ~-102.33681 ~0.42593
execute if entity @s[tag=aj.frestchika_v2.bone.gun] run data modify entity @s {} merge value {transformation:[0.0000021309443493099993f,1.7125289953929533e-7f,-0.000009768815108524839f,0.18611081704244453f,-4.619828869835185e-7f,0.00000998904628515556f,7.433791195781238e-8f,1.1842460734101214f,0.000009759387685315004f,4.354615452818511e-7f,0.0000021365217645281746f,0.7987874449733823f,0f,0f,0f,1f],start_interpolation:0}
execute if entity @s[tag=aj.frestchika_v2.bone.sword] run data modify entity @s {} merge value {transformation:[-1.0278010103360133f,-0.024266947353177033f,-0.22485753382626048f,0.3828544943279716f,-0.04054529331560486f,1.0491338075530063f,0.07210440443747418f,1.3281644897711837f,0.22249915604833492f,0.07908274916496903f,-1.0255558280475465f,0.7432752731717966f,0f,0f,0f,1f],start_interpolation:0}
execute if entity @s[tag=aj.frestchika_v2.bone.arm_right_1] run data modify entity @s {} merge value {transformation:[0.21309443493099992f,0.01712528995392953f,-0.9768815108524839f,0.07067526269941399f,-0.046198288698351846f,0.9989046285155561f,0.007433791195781238f,1.1990569157136715f,0.9759387685315004f,0.04354615452818511f,0.21365217645281745f,0.5044915455084051f,0f,0f,0f,1f],start_interpolation:0}
execute if entity @s[tag=aj.frestchika_v2.bone.arm_right_0] run data modify entity @s {} merge value {transformation:[0.2596603800502819f,0.01712528995392953f,-0.9655481404239443f,-0.008593352186492778f,-0.04650143470599687f,0.9989046285155561f,0.005211496952186406f,1.2163972381605668f,0.9645797549204664f,0.04354615452818511f,0.2601723060269489f,0.13789590667522486f,0f,0f,0f,1f],start_interpolation:0}
execute if entity @s[tag=aj.frestchika_v2.bone.arm_left_1] run data modify entity @s {} merge value {transformation:[-0.2837910479916381f,0.47111024325361484f,-0.8351752988333216f,-0.14150539510491167f,0.7613816941743552f,0.6401668897530972f,0.1023927196632391f,1.2408516563643701f,0.5828898325206889f,-0.606829046738343f,-0.5403683476839085f,-0.5560878665377873f,0f,0f,0f,1f],start_interpolation:0}
execute if entity @s[tag=aj.frestchika_v2.bone.arm_left_0] run data modify entity @s {} merge value {transformation:[0.7073039581280994f,0.47111024325361484f,-0.5270448268580615f,0.12642403636887467f,0.1368937552469996f,0.6401668897530972f,0.7559407734989696f,1.2244341667085497f,0.69352808925861f,-0.606829046738343f,0.3883005246506057f,-0.3654009391933347f,0f,0f,0f,1f],start_interpolation:0}
execute if entity @s[tag=aj.frestchika_v2.bone.right_wing_0] run data modify entity @s {} merge value {transformation:[-0.04447077185493909f,0.008428447602479535f,-0.9989751306822598f,-0.5699322024529793f,-0.2410877363902002f,0.9703189030896412f,0.018919029287056487f,1.0022679634871596f,0.9694839110644772f,0.24168199680143207f,-0.041118835212069f,0.012343548731626491f,0f,0f,0f,1f],start_interpolation:0}
execute if entity @s[tag=aj.frestchika_v2.bone.right_wing_1] run data modify entity @s {} merge value {transformation:[-0.04447077185493909f,0.008428447602479535f,-0.9989751306822598f,0.04758231482102534f,-0.2410877363902002f,0.9703189030896412f,0.018919029287056487f,1.8455315274428323f,0.9694839110644772f,0.24168199680143207f,-0.041118835212069f,-0.1622216472858795f,0f,0f,0f,1f],start_interpolation:0}
execute if entity @s[tag=aj.frestchika_v2.bone.right_wing_2] run data modify entity @s {} merge value {transformation:[-0.04447077185493909f,0.008428447602479535f,-0.9989751306822598f,0.04770222375257221f,-0.2410877363902002f,0.9703189030896412f,0.018919029287056487f,1.8288448463623401f,0.9694839110644772f,0.24168199680143207f,-0.041118835212069f,-0.1728124591700594f,0f,0f,0f,1f],start_interpolation:0}
execute if entity @s[tag=aj.frestchika_v2.bone.left_wing_0] run data modify entity @s {} merge value {transformation:[-0.04447077185493909f,0.008428447602479535f,-0.9989751306822598f,-0.5699322024529793f,-0.2410877363902002f,0.9703189030896412f,0.018919029287056487f,1.0022679634871596f,0.9694839110644772f,0.24168199680143207f,-0.041118835212069f,0.012343548731626491f,0f,0f,0f,1f],start_interpolation:0}
execute if entity @s[tag=aj.frestchika_v2.bone.left_wing_1] run data modify entity @s {} merge value {transformation:[-0.04447077185493909f,0.008428447602479535f,-0.9989751306822598f,0.04758231482102534f,-0.2410877363902002f,0.9703189030896412f,0.018919029287056487f,1.8455315274428323f,0.9694839110644772f,0.24168199680143207f,-0.041118835212069f,-0.1622216472858795f,0f,0f,0f,1f],start_interpolation:0}
execute if entity @s[tag=aj.frestchika_v2.bone.left_wing_2] run data modify entity @s {} merge value {transformation:[-0.04447077185493909f,0.008428447602479535f,-0.9989751306822598f,0.04770222375257221f,-0.2410877363902002f,0.9703189030896412f,0.018919029287056487f,1.8288448463623401f,0.9694839110644772f,0.24168199680143207f,-0.041118835212069f,-0.1728124591700594f,0f,0f,0f,1f],start_interpolation:0}
execute if entity @s[tag=aj.frestchika_v2.bone.leg_right_1] run data modify entity @s {} merge value {transformation:[-0.7530077435143248f,-0.046798109913727126f,-0.6563453931551342f,0.14392318124543632f,0.04774836828610874f,0.9909519743248645f,-0.1254363500252893f,0.4719663261033697f,0.6562769472817699f,-0.1257939644424783f,-0.7439599767301768f,0.20844003278467893f,0f,0f,0f,1f],start_interpolation:0}
execute if entity @s[tag=aj.frestchika_v2.bone.leg_right_0] run data modify entity @s {} merge value {transformation:[-0.7530077435143248f,-0.44890415377134707f,-0.4811074712933646f,-0.029656628130453035f,0.04774836828610874f,0.6919485901339918f,-0.7203660471854532f,0.7320923272170394f,0.6562769472817699f,-0.5654133084199657f,-0.4996082056252773f,-0.009650109300263165f,0f,0f,0f,1f],start_interpolation:0}
execute if entity @s[tag=aj.frestchika_v2.bone.leg_left_1] run data modify entity @s {} merge value {transformation:[-0.08016515279895799f,0.16842970128811757f,-0.9824484637886687f,0.19137880574172983f,-0.7351315127110203f,0.655640459124685f,0.17238691185231855f,0.48248530671924383f,0.6731680379340113f,0.7360482484747638f,0.07125846350648984f,-0.5518841779078993f,0f,0f,0f,1f],start_interpolation:0}
execute if entity @s[tag=aj.frestchika_v2.bone.leg_left_0] run data modify entity @s {} merge value {transformation:[-0.08016515279895799f,-0.5156487201527882f,-0.8530415849661205f,-0.001989464315565743f,-0.7351315127110203f,0.6085392524586324f,-0.2987668610075349f,0.710687526391231f,0.6731680379340113f,0.6031470596976166f,-0.42785326583093075f,-0.32570403052129315f,0f,0f,0f,1f],start_interpolation:0}
execute if entity @s[tag=aj.frestchika_v2.bone.body_0] run data modify entity @s {} merge value {transformation:[-0.024185005195169876f,0.021403688579677553f,-0.9994783477589165f,2.0526512496817042e-17f,0.04861120276208248f,0.9986133144531746f,0.020208888214557883f,1.0061553955078124f,0.9985249303296003f,-0.048097092552762115f,-0.02519192724341902f,-0.1676116943359375f,0f,0f,0f,1f],start_interpolation:0}
execute if entity @s[tag=aj.frestchika_v2.bone.body_1] run data modify entity @s {} merge value {transformation:[-0.04447077185493909f,0.008428447602479535f,-0.9989751306822598f,2.0526512496817042e-17f,-0.2410877363902002f,0.9703189030896412f,0.018919029287056487f,1.0061553955078124f,0.9694839110644772f,0.24168199680143207f,-0.041118835212069f,-0.1676116943359375f,0f,0f,0f,1f],start_interpolation:0}