execute if entity @s[tag=aj.tutankhamen.bone.head] run data modify entity @s {} merge value {transformation:[-0.8742951916462876f,0.10185195060816045f,-0.47458834585511406f,0.0006332886120110891f,0.08047400162130044f,0.9946215778352374f,0.0652062264480766f,1.6247677460717607f,0.47867719073216314f,0.018817466935157623f,-0.8777892970473657f,0.002232607761842479f,0f,0f,0f,1f],start_interpolation:0}
execute if entity @s[tag=aj.tutankhamen.bone.back_cape] run data modify entity @s {} merge value {transformation:[0.07145331468322019f,0.369960524127155f,-0.9262956517269965f,-0.15521726136596867f,-0.02597411720442485f,0.9290446018741838f,0.36905483733977823f,1.624621262075254f,0.9971056960303815f,-0.0023104796038977346f,0.07599271430715235f,0.013397154953734676f,0f,0f,0f,1f],start_interpolation:0}
execute if entity @s[tag=aj.tutankhamen.bone.left_hand] run data modify entity @s {} merge value {transformation:[-0.0137495667049468f,-0.3229314895090001f,-0.9463224622183097f,-0.09010872997319333f,-0.31140061862014834f,0.9007289203271334f,-0.30284825706829777f,1.2178427338028326f,0.9501792484254827f,0.2905213678368863f,-0.11294569797814118f,-0.3951123475188718f,0f,0f,0f,1f],start_interpolation:0}
execute if entity @s[tag=aj.tutankhamen.bone.cape_left_back] run data modify entity @s {} merge value {transformation:[0.0687801916209041f,0.019383238422391907f,-0.9974435198590705f,-0.14787666417343298f,-0.2838206804672565f,0.9588769172513204f,-0.000937497577642209f,1.3287743585960432f,0.956407395715704f,0.28315957979709133f,0.07145310202811003f,-0.3253638500513627f,0f,0f,0f,1f],start_interpolation:0}
execute if entity @s[tag=aj.tutankhamen.bone.cape_left_side] run data modify entity @s {} merge value {transformation:[0.0687801916209041f,0.019383238422391907f,-0.9974435198590705f,-0.03394312913181544f,-0.2838206804672565f,0.9588769172513204f,-0.000937497577642209f,1.3732385271162573f,0.956407395715704f,0.28315957979709133f,0.07145310202811003f,-0.48373414338545523f,0f,0f,0f,1f],start_interpolation:0}
execute if entity @s[tag=aj.tutankhamen.bone.left_arm] run data modify entity @s {} merge value {transformation:[0.0687801916209041f,0.019383238422391907f,-0.9974435198590705f,-0.05594612474283299f,-0.2838206804672565f,0.9588769172513204f,-0.000937497577642209f,1.5069228765507345f,0.956407395715704f,0.28315957979709133f,0.07145310202811003f,-0.2727589311667336f,0f,0f,0f,1f],start_interpolation:0}
execute if entity @s[tag=aj.tutankhamen.bone.cape_right_back] run data modify entity @s {} merge value {transformation:[-0.9995964852257708f,-0.016012052769638574f,-0.02346232917650755f,-0.0217563446867603f,0.02382159971888234f,-0.022628296999719757f,-0.9994601000348765f,1.408959170839986f,0.01547249530999565f,-0.9996157133323759f,0.02300059885932083f,0.4655515161614094f,0f,0f,0f,1f],start_interpolation:0}
execute if entity @s[tag=aj.tutankhamen.bone.cape_right] run data modify entity @s {} merge value {transformation:[-0.9995964852257708f,-0.016012052769638574f,-0.02346232917650755f,-0.1720777132091601f,0.02382159971888234f,-0.022628296999719757f,-0.9994601000348765f,1.6625463208047806f,0.01547249530999565f,-0.9996157133323759f,0.02300059885932083f,0.462218943838766f,0f,0f,0f,1f],start_interpolation:0}
execute if entity @s[tag=aj.tutankhamen.bone.weapon] run data modify entity @s {} merge value {transformation:[-1.6347567518796462f,0.03028570147600914f,-0.035225162613170775f,-0.06442146708154783f,0.038958241206922165f,1.569260282638943f,-0.45879417431471103f,1.54576422004803f,0.02530397670488872f,-0.4594481638108488f,-1.5693485167880552f,0.932068283241889f,0f,0f,0f,1f],start_interpolation:0}
execute if entity @s[tag=aj.tutankhamen.bone.right_hand] run data modify entity @s {} merge value {transformation:[-0.9995964852257708f,-0.016012052769638574f,-0.02346232917650755f,-0.0495258326803291f,0.02382159971888234f,-0.022628296999719757f,-0.9994601000348765f,1.474998389208346f,0.01547249530999565f,-0.9996157133323759f,0.02300059885932083f,0.5895494583776861f,0f,0f,0f,1f],start_interpolation:0}
execute if entity @s[tag=aj.tutankhamen.bone.right_arm] run data modify entity @s {} merge value {transformation:[-0.9995964852257708f,-0.016012052769638574f,-0.02346232917650755f,-0.016621435740349334f,0.02382159971888234f,-0.022628296999719757f,-0.9994601000348765f,1.4926278912766935f,0.01547249530999565f,-0.9996157133323759f,0.02300059885932083f,0.27600317417206705f,0f,0f,0f,1f],start_interpolation:0}
execute if entity @s[tag=aj.tutankhamen.bone.body] run data modify entity @s {} merge value {transformation:[0.07145331468322019f,0.0009211470720161268f,-0.9974435198590705f,-0.0006908603040120931f,-0.02597411720442485f,0.9996621761043791f,-0.000937497577642209f,0.1877533679217156f,0.9971056960303815f,0.025974702199043596f,0.07145310202811003f,-0.03510602664928269f,0f,0f,0f,1f],start_interpolation:0}
execute if entity @s[tag=aj.tutankhamen.bone.left_foot] run data modify entity @s {} merge value {transformation:[-0.7252636639816388f,0.11479068131989548f,-0.6788340866441838f,0.09106955298728983f,0.21321544217078078f,0.9749763879018246f,-0.06293026500682511f,0.4530460136948407f,0.6546233977852055f,-0.1903789445186232f,-0.7315900932599676f,0.03523185992434594f,0f,0f,0f,1f],start_interpolation:0}
execute if entity @s[tag=aj.tutankhamen.bone.left_leg] run data modify entity @s {} merge value {transformation:[-0.7252636639816388f,-0.004831549146570885f,-0.6884542641604984f,0.06629126073623887f,0.21321544217078078f,0.9492365799710227f,-0.23127708590527224f,0.875f,0.6546233977852055f,-0.3145259470659941f,-0.6874166390875278f,-0.08191626073623881f,0f,0f,0f,1f],start_interpolation:0}
execute if entity @s[tag=aj.tutankhamen.bone.right_foot] run data modify entity @s {} merge value {transformation:[-0.6963642403200193f,0.16329764238106054f,-0.6988638814506798f,0.15886063703349795f,0.1736481776669303f,0.9831739880832431f,0.0567029060052911f,0.676158819949073f,0.6963642403200188f,-0.08187056338683618f,-0.7130035453307686f,0.3702779322168668f,0f,0f,0f,1f],start_interpolation:0}
execute if entity @s[tag=aj.tutankhamen.bone.right_leg] run data modify entity @s {} merge value {transformation:[-0.6963642403200193f,-0.5643732120679712f,-0.44335056366672565f,-0.06629126073623887f,0.1736481776669303f,0.46689756709261376f,-0.8670945578401195f,0.875f,0.6963642403200188f,-0.6808006605042911f,-0.22712838981607802f,0.05066626073623882f,0f,0f,0f,1f],start_interpolation:0}