execute if entity @s[tag=aj.tutankhamen.bone.head] run data modify entity @s {} merge value {transformation:[-0.9159396705104629f,0.09792592803841187f,-0.38918508784767286f,-0.0019371448638102306f,0.10429587539079142f,0.9945348058102818f,0.004784392163454453f,1.6246524272689682f,0.3875266318095488f,-0.03620818484432778f,-0.9211471527332786f,-0.08427244056466614f,0f,0f,0f,1f],start_interpolation:0}
execute if entity @s[tag=aj.tutankhamen.bone.back_cape] run data modify entity @s {} merge value {transformation:[0.04933125172217227f,0.3500808037494466f,-0.9354196162416446f,-0.15799628519968964f,0.0317695016174471f,0.9355359997991274f,0.3517997894354487f,1.6244570305485002f,0.9982770789567912f,-0.04707253897962797f,0.035029269240289596f,-0.07655434249921361f,0f,0f,0f,1f],start_interpolation:0}
execute if entity @s[tag=aj.tutankhamen.bone.left_hand] run data modify entity @s {} merge value {transformation:[-0.03390353897581567f,-0.3321620139704268f,-0.942612829596556f,-0.08252853201021945f,-0.2562598709356022f,0.9145134495101311f,-0.3130431746790674f,1.195136022984426f,0.9660131617079473f,0.2309405705808114f,-0.11612503720914572f,-0.45940678956821024f,0f,0f,0f,1f],start_interpolation:0}
execute if entity @s[tag=aj.tutankhamen.bone.cape_left_back] run data modify entity @s {} merge value {transformation:[0.04837959551270654f,0.01004621182340103f,-0.9987784981496282f,-0.14218454930687402f,-0.2280012143584791f,0.9736600445757445f,-0.0012505390109950002f,1.3096403319195042f,0.9724581538498643f,0.227783211024778f,0.049395827618896236f,-0.39745733165612374f,0f,0f,0f,1f],start_interpolation:0}
execute if entity @s[tag=aj.tutankhamen.bone.cape_left_side] run data modify entity @s {} merge value {transformation:[0.04837959551270654f,0.01004621182340103f,-0.9987784981496282f,-0.02489654883703089f,-0.2280012143584791f,0.9736600445757445f,-0.0012505390109950002f,1.345421839039391f,0.9724581538498643f,0.227783211024778f,0.049395827618896236f,-0.5555783966475271f,0f,0f,0f,1f],start_interpolation:0}
execute if entity @s[tag=aj.tutankhamen.bone.left_arm] run data modify entity @s {} merge value {transformation:[0.04837959551270654f,0.01004621182340103f,-0.9987784981496282f,-0.05201096838988511f,-0.2280012143584791f,0.9736600445757445f,-0.0012505390109950002f,1.4909272300796546f,0.9724581538498643f,0.227783211024778f,0.049395827618896236f,-0.3531946850973029f,0f,0f,0f,1f],start_interpolation:0}
execute if entity @s[tag=aj.tutankhamen.bone.cape_right_back] run data modify entity @s {} merge value {transformation:[-0.9997636018809782f,0.0027214765877529856f,-0.021571599828368405f,-0.03334314751933351f,0.020236053442529666f,-0.24641337207386027f,-0.9689535345950601f,1.4693686848671232f,-0.007952515013756954f,-0.9691609998490303f,0.24630004847052797f,0.3995814504116694f,0f,0f,0f,1f],start_interpolation:0}
execute if entity @s[tag=aj.tutankhamen.bone.cape_right] run data modify entity @s {} merge value {transformation:[-0.9997636018809782f,0.0027214765877529856f,-0.021571599828368405f,-0.18416331035614425f,0.020236053442529666f,-0.24641337207386027f,-0.9689535345950601f,1.7147689518662836f,-0.007952515013756954f,-0.9691609998490303f,0.24630004847052797f,0.3367638578231379f,0f,0f,0f,1f],start_interpolation:0}
execute if entity @s[tag=aj.tutankhamen.bone.weapon] run data modify entity @s {} merge value {transformation:[-1.63503005724285f,0.03546693866372214f,-0.0025459350695532733f,-0.08503483104122361f,0.03309437906747039f,1.4750054824353904f,-0.7055857584098412f,1.7070691851902624f,-0.013005675595415019f,-0.7054704789418734f,-1.4753745047800382f,0.8226656856719805f,0f,0f,0f,1f],start_interpolation:0}
execute if entity @s[tag=aj.tutankhamen.bone.right_hand] run data modify entity @s {} merge value {transformation:[-0.9997636018809782f,0.0027214765877529856f,-0.021571599828368405f,-0.06357771966231017f,0.020236053442529666f,-0.24641337207386027f,-0.9689535345950601f,1.5613623289586263f,-0.007952515013756954f,-0.9691609998490303f,0.24630004847052797f,0.5050843062692103f,0f,0f,0f,1f],start_interpolation:0}
execute if entity @s[tag=aj.tutankhamen.bone.right_arm] run data modify entity @s {} merge value {transformation:[-0.9997636018809782f,0.0027214765877529856f,-0.021571599828368405f,-0.02486126734832898f,0.020236053442529666f,-0.24641337207386027f,-0.9689535345950601f,1.5084117341423244f,-0.007952515013756954f,-0.9691609998490303f,0.24630004847052797f,0.196212096691962f,0f,0f,0f,1f],start_interpolation:0}
execute if entity @s[tag=aj.tutankhamen.bone.body] run data modify entity @s {} merge value {transformation:[0.04933125172217227f,-0.0028176652564512556f,-0.9987784981496282f,0.0021132489423384493f,0.0317695016174471f,0.9994944396639538f,-0.0012505390109950002f,0.1878791702520346f,0.9982770789567912f,-0.0316690044576962f,0.049395827618896236f,-0.03874824665672785f,0f,0f,0f,1f],start_interpolation:0}
execute if entity @s[tag=aj.tutankhamen.bone.left_foot] run data modify entity @s {} merge value {transformation:[-0.7252636639816374f,0.06874607905195758f,-0.6850303601468425f,0.11137876363099226f,0.2132154421707819f,0.9685121679118445f,-0.12854320606946548f,0.4608158306493049f,0.6546233977852066f,-0.23928676775300622f,-0.7170844091531139f,0.008326949002622541f,0f,0f,0f,1f],start_interpolation:0}
execute if entity @s[tag=aj.tutankhamen.bone.left_leg] run data modify entity @s {} merge value {transformation:[-0.7252636639816374f,-0.0512526020464622f,-0.6865608410704748f,0.06629126073623888f,0.2132154421707819f,0.9314769983608187f,-0.2947707189403954f,0.875f,0.6546233977852066f,-0.36017186495919784f,-0.6646385745380454f,-0.1287912607362388f,0f,0f,0f,1f],start_interpolation:0}
execute if entity @s[tag=aj.tutankhamen.bone.right_foot] run data modify entity @s {} merge value {transformation:[-0.6963642403200193f,0.09182737258991241f,-0.7117897009979536f,0.17720037982497233f,0.1736481776669303f,0.9838704342468718f,-0.04295671085902536f,0.7155460506772638f,0.6963642403200188f,-0.1535145017843758f,-0.701077843427831f,0.3319209173084424f,0f,0f,0f,1f],start_interpolation:0}
execute if entity @s[tag=aj.tutankhamen.bone.right_leg] run data modify entity @s {} merge value {transformation:[-0.6963642403200193f,-0.6062926241627697f,-0.38403918900204065f,-0.06629126073623885f,0.1736481776669303f,0.3768696111424634f,-0.9098437264664094f,0.875f,0.6963642403200188f,-0.7002703407136069f,-0.15715691114415659f,0.0037912607362388107f,0f,0f,0f,1f],start_interpolation:0}