execute if entity @s[tag=aj.tutankhamen.bone.head] run data modify entity @s {} merge value {transformation:[-0.8544365983896295f,0.10176958931377543f,-0.5094909714835626f,0.0009984633681232962f,0.08055100216920646f,0.9947189947871006f,0.06360548293407356f,1.6248079773668107f,0.5132734508835377f,0.01330684412795589f,-0.8581219566690153f,0.008404692076495038f,0f,0f,0f,1f],start_interpolation:0}
execute if entity @s[tag=aj.tutankhamen.bone.back_cape] run data modify entity @s {} merge value {transformation:[0.10347511333898315f,0.3415485565759924f,-0.9341506754375017f,-0.15441262767618744f,-0.02361228099561666f,0.9397710611347178f,0.3409879951551235f,1.6246522382732544f,0.9943517290705884f,-0.013226343205233634f,0.10530765755513094f,0.024573520907047303f,0f,0f,0f,1f],start_interpolation:0}
execute if entity @s[tag=aj.tutankhamen.bone.left_hand] run data modify entity @s {} merge value {transformation:[0.016894462022357004f,-0.31369938961837224f,-0.949372039880065f,-0.10234541117806092f,-0.30916778725372857f,0.901336200035846f,-0.30332875536218856f,1.2169287519622103f,0.9508574322565969f,0.2986398289880336f,-0.08175815595027631f,-0.3848632498042831f,0f,0f,0f,1f],start_interpolation:0}
execute if entity @s[tag=aj.tutankhamen.bone.cape_left_back] run data modify entity @s {} merge value {transformation:[0.09957339877339227f,0.028184154104632705f,-0.9946309826835887f,-0.15787515962103763f,-0.2815544675126031f,0.9595447297299929f,-0.0009967301987612222f,1.328010970431268f,0.9543648254626791f,0.28014204451456576f,0.10348050451553445f,-0.3135540619120327f,0f,0f,0f,1f],start_interpolation:0}
execute if entity @s[tag=aj.tutankhamen.bone.cape_left_side] run data modify entity @s {} merge value {transformation:[0.09957339877339227f,0.028184154104632705f,-0.9946309826835887f,-0.04910463034393157f,-0.2815544675126031f,0.9595447297299929f,-0.0009967301987612222f,1.3721284472549573f,0.9543648254626791f,0.28014204451456576f,0.10348050451553445f,-0.47560862895501815f,0f,0f,0f,1f],start_interpolation:0}
execute if entity @s[tag=aj.tutankhamen.bone.left_arm] run data modify entity @s {} merge value {transformation:[0.09957339877339227f,0.028184154104632705f,-0.9946309826835887f,-0.06435525182175833f,-0.2815544675126031f,0.9595447297299929f,-0.0009967301987612222f,1.5063036834199204f,0.9543648254626791f,0.28014204451456576f,0.10348050451553445f,-0.2643490686626401f,0f,0f,0f,1f],start_interpolation:0}
execute if entity @s[tag=aj.tutankhamen.bone.cape_right_back] run data modify entity @s {} merge value {transformation:[-0.9985897809514624f,-0.047443845307455934f,-0.023822907499973074f,-0.006674308756412756f,0.023630124794911226f,0.00462019760802808f,-0.9997100934652204f,1.4045075452467533f,0.047540157566913786f,-0.9988632215256027f,-0.003492578131987431f,0.4701652096022831f,0f,0f,0f,1f],start_interpolation:0}
execute if entity @s[tag=aj.tutankhamen.bone.cape_right] run data modify entity @s {} merge value {transformation:[-0.9985897809514624f,-0.047443845307455934f,-0.023822907499973074f,-0.15674823515508549f,0.023630124794911226f,0.00462019760802808f,-0.9997100934652204f,1.6581272756122634f,0.047540157566913786f,-0.9988632215256027f,-0.003492578131987431f,0.47846650375511024f,0f,0f,0f,1f],start_interpolation:0}
execute if entity @s[tag=aj.tutankhamen.bone.weapon] run data modify entity @s {} merge value {transformation:[-1.6331103709310377f,0.01755094965697059f,-0.08503031303445918f,-0.034507224944092585f,0.03864509992501107f,1.5811888555671094f,-0.41585578376796967f,1.5285609396808724f,0.07774796602089026f,-0.41727861292861057f,-1.5793737640543173f,0.94134448782965f,0f,0f,0f,1f],start_interpolation:0}
execute if entity @s[tag=aj.tutankhamen.bone.right_hand] run data modify entity @s {} merge value {transformation:[-0.9985897809514624f,-0.047443845307455934f,-0.023822907499973074f,-0.03046082702896566f,0.023630124794911226f,0.00462019760802808f,-0.9997100934652204f,1.467150342787167f,0.047540157566913786f,-0.9988632215256027f,-0.003492578131987431f,0.5967270283501986f,0f,0f,0f,1f],start_interpolation:0}
execute if entity @s[tag=aj.tutankhamen.bone.right_arm] run data modify entity @s {} merge value {transformation:[-0.9985897809514624f,-0.047443845307455934f,-0.023822907499973074f,-0.007407205820082261f,0.023630124794911226f,0.00462019760802808f,-0.9997100934652204f,1.493308546512578f,0.047540157566913786f,-0.9988632215256027f,-0.003492578131987431f,0.2828973771900036f,0f,0f,0f,1f],start_interpolation:0}
execute if entity @s[tag=aj.tutankhamen.bone.body] run data modify entity @s {} merge value {transformation:[0.10347511333898315f,0.001452310353633884f,-0.9946309826835887f,-0.001089232765225412f,-0.02361228099561666f,0.9997206943517248f,-0.0009967301987612222f,0.1877094792362064f,0.9943517290705884f,0.023588643020356428f,0.10348050451553445f,-0.025503982265267327f,0f,0f,0f,1f],start_interpolation:0}
execute if entity @s[tag=aj.tutankhamen.bone.left_foot] run data modify entity @s {} merge value {transformation:[-0.725263663981639f,0.12282373200243245f,-0.6774267108440022f,0.08750156599676014f,0.2132154421707806f,0.9756534217505064f,-0.05137680261019392f,0.4518765823748992f,0.6546233977852053f,-0.18169956379563207f,-0.7337938917629596f,0.03947224424725242f,0f,0f,0f,1f],start_interpolation:0}
execute if entity @s[tag=aj.tutankhamen.bone.left_leg] run data modify entity @s {} merge value {transformation:[-0.725263663981639f,0.003323849688925601f,-0.6884631941732064f,0.06629126073623887f,0.2132154421707806f,0.9519095658451747f,-0.22001671225697728f,0.875f,0.6546233977852053f,-0.30636111123263743f,-0.6910941155851761f,-0.07410376073623881f,0f,0f,0f,1f],start_interpolation:0}
execute if entity @s[tag=aj.tutankhamen.bone.right_foot] run data modify entity @s {} merge value {transformation:[-0.6963642403200193f,0.17568905148832714f,-0.6958521408967961f,0.15537533716739493f,0.1736481776669303f,0.9820113077343249f,0.07416267170804253f,0.6694508285942271f,0.6963642403200188f,-0.06918922364828667f,-0.7143456419230614f,0.3762778639574861f,0f,0f,0f,1f],start_interpolation:0}
execute if entity @s[tag=aj.tutankhamen.bone.right_leg] run data modify entity @s {} merge value {transformation:[-0.6963642403200193f,-0.5564068123740215f,-0.45330817767530196f,-0.06629126073623887f,0.1736481776669303f,0.4822301187608329f,-0.8586619957543636f,0.875f,0.6963642403200188f,-0.6766576473399923f,-0.23918878130010562f,0.058478760736238804f,0f,0f,0f,1f],start_interpolation:0}