execute if entity @s[tag=aj.tutankhamen.bone.head] run data modify entity @s {} merge value {transformation:[-0.8927575076077592f,0.09608777149165228f,-0.44017175372773476f,-0.0035209163665023417f,0.11292655031599408f,0.9935289950304849f,-0.012154434065158492f,1.6240517085366117f,0.4361555076388592f,-0.06055803995740816f,-0.8978313299015612f,-0.08279998647737533f,0f,0f,0f,1f],start_interpolation:0}
execute if entity @s[tag=aj.tutankhamen.bone.back_cape] run data modify entity @s {} merge value {transformation:[0.08581590890132301f,0.40595856667872243f,-0.9098534343066453f,-0.15919245510076985f,0.052501334222227594f,0.9101108888212467f,0.4110252789718492f,1.6239562270561707f,0.9949267509140186f,-0.08304102714416392f,0.05678862673561021f,-0.06936773382220446f,0f,0f,0f,1f],start_interpolation:0}
execute if entity @s[tag=aj.tutankhamen.bone.left_hand] run data modify entity @s {} merge value {transformation:[0.0017858687062787676f,-0.3245311350666682f,-0.9458733282238716f,-0.09730216145852881f,-0.2361677317207881f,0.9189812543640808f,-0.31575030739696597f,1.186810658694522f,0.9717106632978881f,0.22394864701480238f,-0.07500260217764204f,-0.44574686335606417f,0f,0f,0f,1f],start_interpolation:0}
execute if entity @s[tag=aj.tutankhamen.bone.cape_left_back] run data modify entity @s {} merge value {transformation:[0.08421730120424181f,0.017263963886469356f,-0.996297847899312f,-0.1547809908037946f,-0.20774965280295257f,0.9781818380749481f,-0.0006110814748225037f,1.3025530192116217f,0.9745499104397509f,0.20703199562203634f,0.08596641699309357f,-0.3840402781399991f,0f,0f,0f,1f],start_interpolation:0}
execute if entity @s[tag=aj.tutankhamen.bone.cape_left_side] run data modify entity @s {} merge value {transformation:[0.08421730120424181f,0.017263963886469356f,-0.996297847899312f,-0.04340271312954337f,-0.20774965280295257f,0.9781818380749481f,-0.0006110814748225037f,1.335090287646436f,0.9745499104397509f,0.20703199562203634f,0.08596641699309357f,-0.5470595037703468f,0f,0f,0f,1f],start_interpolation:0}
execute if entity @s[tag=aj.tutankhamen.bone.left_arm] run data modify entity @s {} merge value {transformation:[0.08421730120424181f,0.017263963886469356f,-0.996297847899312f,-0.06325501149665981f,-0.20774965280295257f,0.9781818380749481f,-0.0006110814748225037f,1.484754392653516f,0.9745499104397509f,0.20703199562203634f,0.08596641699309357f,-0.3468777883408772f,0f,0f,0f,1f],start_interpolation:0}
execute if entity @s[tag=aj.tutankhamen.bone.cape_right_back] run data modify entity @s {} merge value {transformation:[-0.9994068673395518f,-0.03214110722826783f,-0.012363767252939983f,-0.017157531809002563f,0.019680238612646773f,-0.23844493827655852f,-0.9709565899763171f,1.4729317819610945f,0.028259542152928835f,-0.9706240058006136f,0.23893605345547483f,0.40389989313537417f,0f,0f,0f,1f],start_interpolation:0}
execute if entity @s[tag=aj.tutankhamen.bone.cape_right] run data modify entity @s {} merge value {transformation:[-0.9994068673395518f,-0.03214110722826783f,-0.012363767252939983f,-0.17022391301757253f,0.019680238612646773f,-0.23844493827655852f,-0.9709565899763171f,1.7187459667383997f,0.028259542152928835f,-0.9706240058006136f,0.23893605345547483f,0.3485814332329006f,0f,0f,0f,1f],start_interpolation:0}
execute if entity @s[tag=aj.tutankhamen.bone.weapon] run data modify entity @s {} merge value {transformation:[-1.6344466476282253f,0.005926343465645332f,-0.056006322152906095f,-0.053639406716548196f,0.03218539023109941f,1.4328833226147835f,-0.7876529426334941f,1.7071179332015678f,0.04621612622926904f,-0.7882879777319054f,-1.4321500645710334f,0.8305141773493518f,0f,0f,0f,1f],start_interpolation:0}
execute if entity @s[tag=aj.tutankhamen.bone.right_hand] run data modify entity @s {} merge value {transformation:[-0.9994068673395518f,-0.03214110722826783f,-0.012363767252939983f,-0.04359862255652134f,0.019680238612646773f,-0.23844493827655852f,-0.9709565899763171f,1.5640371935758293f,0.028259542152928835f,-0.9706240058006136f,0.23893605345547483f,0.5111775012117628f,0f,0f,0f,1f],start_interpolation:0}
execute if entity @s[tag=aj.tutankhamen.bone.right_arm] run data modify entity @s {} merge value {transformation:[-0.9994068673395518f,-0.03214110722826783f,-0.012363767252939983f,-0.016025796953272175f,0.019680238612646773f,-0.23844493827655852f,-0.9709565899763171f,1.5136487644493903f,0.028259542152928835f,-0.9706240058006136f,0.23893605345547483f,0.20068512365840763f,0f,0f,0f,1f],start_interpolation:0}
execute if entity @s[tag=aj.tutankhamen.bone.body] run data modify entity @s {} merge value {transformation:[0.08581590890132301f,-0.005121332896730687f,-0.996297847899312f,0.003840999672548021f,0.052501334222227594f,0.9986206669623442f,-0.0006110814748225037f,0.18853449977824188f,0.9949267509140186f,-0.052254525785273204f,0.08596641699309357f,-0.007684105661045097f,0f,0f,0f,1f],start_interpolation:0}
execute if entity @s[tag=aj.tutankhamen.bone.left_foot] run data modify entity @s {} merge value {transformation:[-0.7252636924209367f,0.07668084692450178f,-0.6841875650513463f,0.1078960148158458f,0.21321543004130558f,0.969936914856114f,-0.11730968242947606f,0.45934855107712497f,0.6546233702276832f,-0.2309597993468658f,-0.719809568036856f,0.020571280538790093f,0f,0f,0f,1f],start_interpolation:0}
execute if entity @s[tag=aj.tutankhamen.bone.left_leg] run data modify entity @s {} merge value {transformation:[-0.7252636924209367f,-0.043292031294748956f,-0.6871087079075069f,0.06629126073623887f,0.21321543004130558f,0.9348307811064782f,-0.2839552624765968f,0.875f,0.6546233702276832f,-0.35244462078775773f,-0.6687682950241612f,-0.11316626073623881f,0f,0f,0f,1f],start_interpolation:0}
execute if entity @s[tag=aj.tutankhamen.bone.right_foot] run data modify entity @s {} merge value {transformation:[-0.6963642403200193f,0.10418741877340626f,-0.7100857881783422f,0.17423944514811995f,0.17364817766693033f,0.9844685241526605f,-0.025846379739468517f,0.7086510550309231f,0.6963642403200188f,-0.14130359769665277f,-0.7036406313463613f,0.346304346377865f,0f,0f,0f,1f],start_interpolation:0}
execute if entity @s[tag=aj.tutankhamen.bone.right_leg] run data modify entity @s {} merge value {transformation:[-0.6963642403200193f,-0.5995247734728215f,-0.39452109043229194f,-0.06629126073623887f,0.17364817766693033f,0.39262960119124235f,-0.9031546416098188f,0.875f,0.6963642403200188f,-0.6974324643008585f,-0.16930682958095694f,0.01941626073623881f,0f,0f,0f,1f],start_interpolation:0}