execute if entity @s[tag=aj.tutankhamen.bone.head] run data modify entity @s {} merge value {transformation:[-0.8927575029163305f,0.09608788266466696f,-0.44017173897425427f,-0.003520838431387988f,0.11292665138867145f,0.9935289840848358f,-0.012154389721228209f,1.6240517094227764f,0.43615549107255247f,-0.06055804313528651f,-0.8978313377349252f,-0.08279997718028018f,0f,0f,0f,1f],start_interpolation:0}
execute if entity @s[tag=aj.tutankhamen.bone.back_cape] run data modify entity @s {} merge value {transformation:[0.08581589478150912f,0.4059586707043799f,-0.90985338922421f,-0.15919237744673564f,0.052501310995345614f,0.9101108442987706f,0.41102538052235765f,1.623956245266434f,0.9949267533575619f,-0.08304100655526592f,0.056788614031946044f,-0.06936772765952087f,0f,0f,0f,1f],start_interpolation:0}
execute if entity @s[tag=aj.tutankhamen.bone.left_hand] run data modify entity @s {} merge value {transformation:[0.0017857574795122483f,-0.3245310144192901f,-0.9458733698282294f,-0.09730212539229716f,-0.23616780505509236f,0.9189812862943864f,-0.315750159613855f,1.186810675080054f,0.9717106456788893f,0.22394869082158422f,-0.07500269964217421f,-0.4457468619125773f,0f,0f,0f,1f],start_interpolation:0}
execute if entity @s[tag=aj.tutankhamen.bone.cape_left_back] run data modify entity @s {} merge value {transformation:[0.08421725822577891f,0.017264069729504943f,-0.9962978496982251f,-0.1547809429626925f,-0.20774967557200694f,0.9781818333084351f,-0.0006109706005910515f,1.3025530412194462f,0.9745499093000102f,0.2070320093167327f,0.08596639693285951f,-0.3840402762740567f,0f,0f,0f,1f],start_interpolation:0}
execute if entity @s[tag=aj.tutankhamen.bone.cape_left_side] run data modify entity @s {} merge value {transformation:[0.08421725822577891f,0.017264069729504943f,-0.9962978496982251f,-0.04340265834819234f,-0.20774967557200694f,0.9781818333084351f,-0.0006109706005910515f,1.3350902993526461f,0.9745499093000102f,0.2070320093167327f,0.08596639693285951f,-0.5470594992187907f,0f,0f,0f,1f],start_interpolation:0}
execute if entity @s[tag=aj.tutankhamen.bone.left_arm] run data modify entity @s {} merge value {transformation:[0.08421725822577891f,0.017264069729504943f,-0.9962978496982251f,-0.0632549439124843f,-0.20774967557200694f,0.9781818333084351f,-0.0006109706005910515f,1.4847544038609186f,0.9745499093000102f,0.2070320093167327f,0.08596639693285951f,-0.34687778214671844f,0f,0f,0f,1f],start_interpolation:0}
execute if entity @s[tag=aj.tutankhamen.bone.cape_right_back] run data modify entity @s {} merge value {transformation:[-0.999406863835315f,-0.032141188522678374f,-0.012363839177614574f,-0.017157463068589313f,0.019680325928276267f,-0.2384448694489725f,-0.9709566051090129f,1.472931766677271f,0.028259605273554207f,-0.9706240200169229f,0.23893598823946696f,0.40389989797743225f,0f,0f,0f,1f],start_interpolation:0}
execute if entity @s[tag=aj.tutankhamen.bone.cape_right] run data modify entity @s {} merge value {transformation:[-0.999406863835315f,-0.032141188522678374f,-0.012363839177614574f,-0.17022382574845366f,0.019680325928276267f,-0.2384448694489725f,-0.9709566051090129f,1.7187459688808173f,0.028259605273554207f,-0.9706240200169229f,0.23893598823946696f,0.34858146424155834f,0f,0f,0f,1f],start_interpolation:0}
execute if entity @s[tag=aj.tutankhamen.bone.weapon] run data modify entity @s {} merge value {transformation:[-1.634446641897338f,0.005926422674367907f,-0.056006481017029694f,-0.053639290692633124f,0.03218553302853515f,1.432883375652903f,-0.7876528403124843f,1.707117892185043f,0.04621622945779178f,-0.7882878807281886f,-1.432150114632847f,0.830514200360589f,0f,0f,0f,1f],start_interpolation:0}
execute if entity @s[tag=aj.tutankhamen.bone.right_hand] run data modify entity @s {} merge value {transformation:[-0.999406863835315f,-0.032141188522678374f,-0.012363839177614574f,-0.04359853904950723f,0.019680325928276267f,-0.2384448694489725f,-0.9709566051090129f,1.5640371733629643f,0.028259605273554207f,-0.9706240200169229f,0.23893598823946696f,0.5111775138793795f,0f,0f,0f,1f],start_interpolation:0}
execute if entity @s[tag=aj.tutankhamen.bone.right_arm] run data modify entity @s {} merge value {transformation:[-0.999406863835315f,-0.032141188522678374f,-0.012363839177614574f,-0.016025737140006848f,0.019680325928276267f,-0.2384448694489725f,-0.9709566051090129f,1.5136487628737623f,0.028259605273554207f,-0.9706240200169229f,0.23893598823946696f,0.20068513119738257f,0f,0f,0f,1f],start_interpolation:0}
execute if entity @s[tag=aj.tutankhamen.bone.body] run data modify entity @s {} merge value {transformation:[0.08581589478150912f,-0.005121219536564354f,-0.9962978496982251f,0.003840914652423271f,0.052501310995345614f,0.9986206682513111f,-0.0006109706005910515f,0.18853449881151663f,0.9949267533575619f,-0.0522545122622257f,0.08596639693285951f,-0.007684115803330727f,0f,0f,0f,1f],start_interpolation:0}
execute if entity @s[tag=aj.tutankhamen.bone.left_foot] run data modify entity @s {} merge value {transformation:[-0.7252636639816377f,0.07668083869039805f,-0.6841875961208794f,0.10789601983519514f,0.21321544217078162f,0.9699369108852405f,-0.11730969321550172f,0.4593485532283692f,0.6546233977852064f,-0.230959818756714f,-0.7198095367470603f,0.02057128566329694f,0f,0f,0f,1f],start_interpolation:0}
execute if entity @s[tag=aj.tutankhamen.bone.left_leg] run data modify entity @s {} merge value {transformation:[-0.7252636639816377f,-0.043292044798925955f,-0.6871087370751868f,0.06629126073623887f,0.21321544217078162f,0.9348307753229574f,-0.2839552724092235f,0.875f,0.6546233977852064f,-0.35244463446931074f,-0.6687682608392429f,-0.11316626073623881f,0f,0f,0f,1f],start_interpolation:0}
execute if entity @s[tag=aj.tutankhamen.bone.right_foot] run data modify entity @s {} merge value {transformation:[-0.6963642403200193f,0.10418741877340626f,-0.7100857881783422f,0.17423944514811995f,0.17364817766693033f,0.9844685241526605f,-0.025846379739468517f,0.7086510550309231f,0.6963642403200188f,-0.14130359769665277f,-0.7036406313463613f,0.346304346377865f,0f,0f,0f,1f],start_interpolation:0}
execute if entity @s[tag=aj.tutankhamen.bone.right_leg] run data modify entity @s {} merge value {transformation:[-0.6963642403200193f,-0.5995247734728215f,-0.39452109043229194f,-0.06629126073623887f,0.17364817766693033f,0.39262960119124235f,-0.9031546416098188f,0.875f,0.6963642403200188f,-0.6974324643008585f,-0.16930682958095694f,0.01941626073623881f,0f,0f,0f,1f],start_interpolation:0}