execute if entity @s[tag=aj.tutankhamen.bone.head] run data modify entity @s {} merge value {transformation:[-0.8996736337780571f,0.09824886596097426f,-0.4253639771089803f,-0.002328268318092189f,0.10782584478699159f,0.9941685581344721f,0.0015700996135273786f,1.6244711036096002f,0.4230377523112544f,-0.04445265294903463f,-0.9050210062563381f,-0.06592384717483449f,0f,0f,0f,1f],start_interpolation:0}
execute if entity @s[tag=aj.tutankhamen.bone.back_cape] run data modify entity @s {} merge value {transformation:[0.05585649465083965f,0.41888676927486973f,-0.906318887882065f,-0.15833343455606638f,0.03919929469251349f,0.9061161417954865f,0.4212089183211477f,1.624284180775685f,0.9976690169093809f,-0.05905431486457134f,0.03419240551563865f,-0.05718224166347647f,0f,0f,0f,1f],start_interpolation:0}
execute if entity @s[tag=aj.tutankhamen.bone.left_hand] run data modify entity @s {} merge value {transformation:[-0.02748361067139332f,-0.33097324350279994f,-0.9432398227543723f,-0.08521933031880682f,-0.24908783528650108f,0.916099607840009f,-0.3141922322841014f,1.1921548302177984f,0.9680908539268144f,0.22631442861783743f,-0.10761913371995527f,-0.4373222917529401f,0f,0f,0f,1f],start_interpolation:0}
execute if entity @s[tag=aj.tutankhamen.bone.cape_left_back] run data modify entity @s {} merge value {transformation:[0.05482974010606841f,0.011185547155248577f,-0.9984330639230349f,-0.1445097740412758f,-0.22075632350129293f,0.9753282598621958f,-0.0011963061370571793f,1.3070974584575914f,0.973786601486226f,0.22047600560836275f,0.055946275272691304f,-0.375835317550907f,0f,0f,0f,1f],start_interpolation:0}
execute if entity @s[tag=aj.tutankhamen.bone.cape_left_side] run data modify entity @s {} merge value {transformation:[0.05482974010606841f,0.011185547155248577f,-0.9984330639230349f,-0.028272787942469617f,-0.22075632350129293f,0.9753282598621958f,-0.0011963061370571793f,1.3417401722718005f,0.973786601486226f,0.22047600560836275f,0.055946275272691304f,-0.5349827584422162f,0f,0f,0f,1f],start_interpolation:0}
execute if entity @s[tag=aj.tutankhamen.bone.left_arm] run data modify entity @s {} merge value {transformation:[0.05482974010606841f,0.011185547155248577f,-0.9984330639230349f,-0.05411383329726349f,-0.22075632350129293f,0.9753282598621958f,-0.0011963061370571793f,1.4887363634641142f,0.973786601486226f,0.22047600560836275f,0.055946275272691304f,-0.33351182401187024f,0f,0f,0f,1f],start_interpolation:0}
execute if entity @s[tag=aj.tutankhamen.bone.cape_right_back] run data modify entity @s {} merge value {transformation:[-0.9998014980784968f,-0.0023654867911212032f,-0.019783046080785724f,-0.030743658553587072f,0.019863399217708837f,-0.19570424713388124f,-0.9804617754024264f,1.4607426989793535f,-0.0015523567603409338f,-0.9806601103980939f,0.1957123860732554f,0.4166676469370091f,0f,0f,0f,1f],start_interpolation:0}
execute if entity @s[tag=aj.tutankhamen.bone.cape_right] run data modify entity @s {} merge value {transformation:[-0.9998014980784968f,-0.0023654867911212032f,-0.019783046080785724f,-0.18201688110815578f,0.019863399217708837f,-0.19570424713388124f,-0.9804617754024264f,1.708961798957727f,-0.0015523567603409338f,-0.9806601103980939f,0.1957123860732554f,0.36749699467489194f,0f,0f,0f,1f],start_interpolation:0}
execute if entity @s[tag=aj.tutankhamen.bone.weapon] run data modify entity @s {} merge value {transformation:[-1.6350920333158752f,0.030249847600415387f,-0.012110446656506532f,-0.08027641044557092f,0.03248493413729466f,1.4659897310104548f,-0.724159175345517f,1.6760920298321043f,-0.002538750118474236f,-0.7242559829943803f,-1.4662995940311077f,0.8518055564740656f,0f,0f,0f,1f],start_interpolation:0}
execute if entity @s[tag=aj.tutankhamen.bone.right_hand] run data modify entity @s {} merge value {transformation:[-0.9998014980784968f,-0.0023654867911212032f,-0.019783046080785724f,-0.06045532913960085f,0.019863399217708837f,-0.19570424713388124f,-0.9804617754024264f,1.5471053220592936f,-0.0015523567603409338f,-0.9806601103980939f,0.1957123860732554f,0.5269696254584317f,0f,0f,0f,1f],start_interpolation:0}
execute if entity @s[tag=aj.tutankhamen.bone.right_arm] run data modify entity @s {} merge value {transformation:[-0.9998014980784968f,-0.0023654867911212032f,-0.019783046080785724f,-0.02337293218370063f,0.019863399217708837f,-0.19570424713388124f,-0.9804617754024264f,1.5103098912946127f,-0.0015523567603409338f,-0.9806601103980939f,0.1957123860732554f,0.21556030778929208f,0f,0f,0f,1f],start_interpolation:0}
execute if entity @s[tag=aj.tutankhamen.bone.body] run data modify entity @s {} merge value {transformation:[0.05585649465083965f,-0.003386572099043191f,-0.9984330639230349f,0.002539929074282398f,0.03919929469251349f,0.9992306961594184f,-0.0011963061370571793f,0.1880769778804362f,0.9976690169093809f,-0.03907105043612289f,0.055946275272691304f,-0.00975921217290783f,0f,0f,0f,1f],start_interpolation:0}
execute if entity @s[tag=aj.tutankhamen.bone.left_foot] run data modify entity @s {} merge value {transformation:[-0.7252636639816379f,0.08501287606157751f,-0.683202333581838f,0.10423128181509071f,0.2132154421707815f,0.9712944611242676f,-0.10548101729333398f,0.457865010845234f,0.6546233977852062f,-0.22217083672943522f,-0.722570637639736f,0.024806786755655064f,0f,0f,0f,1f],start_interpolation:0}
execute if entity @s[tag=aj.tutankhamen.bone.left_leg] run data modify entity @s {} merge value {transformation:[-0.7252636639816379f,-0.03491550075297295f,-0.6875852859937445f,0.06629126073623887f,0.2132154421707815f,0.9382217293415521f,-0.2725420367783023f,0.875f,0.6546233977852062f,-0.3442686369661293f,-0.6730136051177833f,-0.10535376073623881f,0f,0f,0f,1f],start_interpolation:0}
execute if entity @s[tag=aj.tutankhamen.bone.right_foot] run data modify entity @s {} merge value {transformation:[-0.6963642403200193f,0.11714961291451409f,-0.7080627182654812f,0.17104062716036733f,0.17364817766693033f,0.9847764895394627f,-0.007847040415764894f,0.7014572017615955f,0.6963642403200188f,-0.1284181990385785f,-0.7061059488201551f,0.35271191647093614f,0f,0f,0f,1f],start_interpolation:0}
execute if entity @s[tag=aj.tutankhamen.bone.right_leg] run data modify entity @s {} merge value {transformation:[-0.6963642403200193f,-0.5922131895008155f,-0.40541384162950556f,-0.06629126073623887f,0.17364817766693033f,0.40907269437827665f,-0.8958269035405508f,0.875f,0.6963642403200188f,-0.694221195942164f,-0.18202685490925494f,0.02722876073623881f,0f,0f,0f,1f],start_interpolation:0}