execute if entity @s[tag=aj.red_knight.bone.head] run data modify entity @s {} merge value {transformation:[-0.9999635507405056f,-0.003577317256323636f,0.007752418441222028f,0f,-1.734723475976807e-18f,0.9079915581997244f,0.41898846074568263f,1.223111111111111f,-0.008537985151087474f,0.4189731889265518f,-0.9079584625798008f,0f,0f,0f,0f,1f],start_interpolation:0}
execute if entity @s[tag=aj.red_knight.bone.body] run data modify entity @s {} merge value {transformation:[-0.9984146755352353f,0f,-0.056286194363010966f,0.49614997633864705f,0f,1f,0f,0.22311111111111104f,0.056286194363010966f,0f,-0.9984146755352353f,0.4728231841599563f,0f,0f,0f,1f],start_interpolation:0}
execute if entity @s[tag=aj.red_knight.bone.left_hand] run data modify entity @s {} merge value {transformation:[-0.7631019904688467f,0.6300026623551203f,0.14412493735625387f,0.22851375437739432f,-0.3104292462106957f,-0.1617161444487067f,-0.9367398634208455f,1.0697157459816256f,-0.5668412787011397f,-0.7595686499916285f,0.318977163305387f,0.3894159324745988f,0f,0f,0f,1f],start_interpolation:0}
execute if entity @s[tag=aj.red_knight.bone.left_arm] run data modify entity @s {} merge value {transformation:[-0.7631019904688467f,0.3297604352407079f,0.5558177826341495f,0.28387001598581263f,-0.3104292462106957f,0.5672917583972336f,-0.7627671623448626f,1.2275925925925926f,-0.5668412787011397f,-0.754611235143258f,-0.33053418666761725f,0.11817234157350946f,0f,0f,0f,1f],start_interpolation:0}
execute if entity @s[tag=aj.red_knight.bone.weapon] run data modify entity @s {} merge value {transformation:[1.3941822922386768f,-0.9132543532805562f,1.8503717077085943e-16f,0.004362327476190697f,-1.7402334888342089e-16f,-4.625929269271486e-17f,1.6666666666666667f,0.8090972208339362f,-0.9132543532805562f,-1.3941822922386768f,-2.7755575615628914e-16f,0.6967627964805078f,0f,0f,0f,1f],start_interpolation:0}
execute if entity @s[tag=aj.red_knight.bone.right_hand] run data modify entity @s {} merge value {transformation:[-0.836509375343206f,-0.5292815794827659f,-0.14182057179107618f,-0.16103816611217364f,-1.3877787807814457e-17f,0.2588190451025207f,-0.9659258262890683f,0.8899781724284739f,0.5479526119683337f,-0.8080060095769386f,-0.2165045577456346f,0.44426091848771443f,0f,0f,0f,1f],start_interpolation:0}
execute if entity @s[tag=aj.red_knight.bone.right_arm] run data modify entity @s {} merge value {transformation:[-0.836509375343206f,-0.2739763059841668f,-0.474540882034614f,-0.1943739257732754f,-1.3877787807814457e-17f,0.8660254037844387f,-0.5f,1.160611111111111f,0.5479526119683337f,-0.418254687671603f,-0.7244383695510686f,0.2793092903423176f,0f,0f,0f,1f],start_interpolation:0}
execute if entity @s[tag=aj.red_knight.bone.waist] run data modify entity @s {} merge value {transformation:[-0.9984146755352353f,-0.022995323695001024f,-0.051374612057248394f,-0.215888096744192f,0f,0.9127391297040635f,-0.4085428754819606f,0.4982802687997291f,0.056286194363010966f,-0.40789520246655375f,-0.9112921420317955f,0.056926142786687964f,0f,0f,0f,1f],start_interpolation:0}
execute if entity @s[tag=aj.red_knight.bone.left_foot] run data modify entity @s {} merge value {transformation:[-0.9932796341914358f,0.09697734897354161f,-0.06317406181805295f,0.15895540280715242f,-0.07385936116549771f,-0.1108717213748443f,0.9910864019688713f,0.0030284878208918786f,0.08910871488665863f,0.9890919346478579f,0.11728930789208936f,-0.03444135458216113f,0f,0f,0f,1f],start_interpolation:0}
execute if entity @s[tag=aj.red_knight.bone.left_leg] run data modify entity @s {} merge value {transformation:[-0.9932796341914358f,-0.030777074593598415f,-0.11157212904658281f,0.12535218941152174f,-0.07385936116549771f,0.9107450511115118f,0.40631052982185195f,0.49977485284254386f,0.08910871488665863f,0.4118206206048326f,-0.9068976862777292f,0.0027265214973694364f,0f,0f,0f,1f],start_interpolation:0}
execute if entity @s[tag=aj.red_knight.bone.right_foot] run data modify entity @s {} merge value {transformation:[-0.9970012231156606f,0.0748171531447176f,-0.01977257447062508f,-0.11990390961107182f,0.07385936116549771f,0.996234929318379f,0.04539559862176906f,0.454464178255903f,0.023094498784366587f,0.043799077630973626f,-0.9987733901764577f,0.5840902653571441f,0f,0f,0f,1f],start_interpolation:0}
execute if entity @s[tag=aj.red_knight.bone.right_leg] run data modify entity @s {} merge value {transformation:[-0.9970012231156606f,0.028501692981989887f,-0.07194591442908298f,-0.1189094450682627f,0.07385936116549771f,0.6279236075109124f,-0.774762375118143f,0.6156410860532123f,0.023094498784366587f,-0.7777529148949825f,-0.6281457215473625f,0.11155604060916816f,0f,0f,0f,1f],start_interpolation:0}