execute if entity @s[tag=aj.red_knight.bone.head] run data modify entity @s {} merge value {transformation:[-0.9999993866071185f,0.0005364606435754177f,-0.0009690177317822693f,0f,0f,0.8748778617811257f,0.48434360423699774f,1.2229999999999999f,0.001107603442850283f,0.4843433071440788f,-0.8748773251372731f,0f,0f,0f,0f,1f],start_interpolation:0}
execute if entity @s[tag=aj.red_knight.bone.body] run data modify entity @s {} merge value {transformation:[-0.998401550108975f,0f,-0.056518534482024395f,0.49625999385459424f,0f,1f,0f,0.22299999999999998f,0.056518534482024395f,0f,-0.998401550108975f,0.47270771201603856f,0f,0f,0f,1f],start_interpolation:0}
execute if entity @s[tag=aj.red_knight.bone.left_hand] run data modify entity @s {} merge value {transformation:[-0.7631287056656546f,0.6300287856760054f,0.14386906480783257f,0.22848091679836297f,-0.3104144209190966f,-0.16209907400368767f,-0.9366785881467605f,1.0696939136021344f,-0.5668134312756926f,-0.7594653510376654f,0.3192724772020143f,0.389420099119812f,0f,0f,0f,1f],start_interpolation:0}
execute if entity @s[tag=aj.red_knight.bone.left_arm] run data modify entity @s {} merge value {transformation:[-0.7631287056656546f,0.32990636774076976f,0.555694490806913f,0.2838811126132501f,-0.3104144209190966f,0.5670623606569896f,-0.7629437504898928f,1.2275f,-0.5668134312756926f,-0.7547198603788123f,-0.3303338712201055f,0.11814430329670242f,0f,0f,0f,1f],start_interpolation:0}
execute if entity @s[tag=aj.red_knight.bone.weapon] run data modify entity @s {} merge value {transformation:[1.3939697305518706f,-0.9135787695009789f,1.8503717077085943e-16f,0.004565635815293512f,-1.7402334888342089e-16f,-4.625929269271486e-17f,1.6666666666666667f,0.808986109722825f,-0.9135787695009789f,-1.3939697305518706f,-4.625929269271486e-17f,0.6968336248458218f,0f,0f,0f,1f],start_interpolation:0}
execute if entity @s[tag=aj.red_knight.bone.right_hand] run data modify entity @s {} merge value {transformation:[-0.8363818383311223f,-0.52946959668623f,-0.14187095084890755f,-0.16089361314915335f,-1.3877787807814457e-17f,0.2588190451025207f,-0.9659258262890683f,0.8898670613173627f,0.5481472617005874f,-0.8078828182831592f,-0.216471548737952f,0.4443702441323345f,0f,0f,0f,1f],start_interpolation:0}
execute if entity @s[tag=aj.red_knight.bone.right_arm] run data modify entity @s {} merge value {transformation:[-0.8363818383311223f,-0.2740736308502936f,-0.47470945364758554f,-0.19426775789417497f,-1.3877787807814457e-17f,0.8660254037844387f,-0.5f,1.1604999999999999f,0.5481472617005874f,-0.4181909191655611f,-0.7243279192586813f,0.2794263780368099f,0f,0f,0f,1f],start_interpolation:0}
execute if entity @s[tag=aj.red_knight.bone.waist] run data modify entity @s {} merge value {transformation:[-0.998401550108975f,-0.023096246821533706f,-0.05158399095411846f,-0.21587418709023304f,0f,0.9126915874035029f,-0.40864907473634904f,0.49817435762774187f,0.056518534482024395f,-0.4079958696673693f,-0.9112326956350784f,0.05698797766281135f,0f,0f,0f,1f],start_interpolation:0}
execute if entity @s[tag=aj.red_knight.bone.left_foot] run data modify entity @s {} merge value {transformation:[-0.993261068952869f,0.09723189843678352f,-0.06307461318932331f,0.15892901899980466f,-0.07383199216397002f,-0.11133373342216518f,0.9910366475238851f,0.0029214741923104803f,0.08933804248864655f,0.9890150442377819f,0.11776228783288595f,-0.0345235925627625f,0f,0f,0f,1f],start_interpolation:0}
execute if entity @s[tag=aj.red_knight.bone.left_leg] run data modify entity @s {} merge value {transformation:[-0.993261068952869f,-0.03064410878391742f,-0.11177382296156457f,0.12535346718582446f,-0.07383199216397002f,0.910699403849935f,0.4064178056636696f,0.49966488009541066f,0.08933804248864655f,0.411931468116011f,-0.9068247789623334f,0.0027087742324666195f,0f,0f,0f,1f],start_interpolation:0}
execute if entity @s[tag=aj.red_knight.bone.right_foot] run data modify entity @s {} merge value {transformation:[-0.9969978009177068f,0.07480036782686855f,-0.020007247142514374f,-0.11975176911072881f,0.07383199216397003f,0.9962363427905445f,0.045409098608324316f,0.45451243160103605f,0.023328564001154285f,0.043795596539905945f,-0.998768103127727f,0.5841815965685707f,0f,0f,0f,1f],start_interpolation:0}
execute if entity @s[tag=aj.red_knight.bone.right_leg] run data modify entity @s {} merge value {transformation:[-0.9969978009177068f,0.028284241866191f,-0.07207903042710334f,-0.11888211409061017f,0.07383199216397003f,0.6277349631462714f,-0.77491783627482f,0.6155741924661161f,0.023328564001154285f,-0.7779131170675836f,-0.6279386597398189f,0.11160786580035949f,0f,0f,0f,1f],start_interpolation:0}