execute if entity @s[tag=aj.red_knight.bone.head] run data modify entity @s {} merge value {transformation:[-0.9980655829361929f,-0.008898736375385047f,0.06152970542070704f,0f,0f,0.9897030509802707f,0.1431358476425238f,1.391f,-0.06216986535482913f,0.14285896321640162f,-0.9877885525103525f,0f,0f,0f,0f,1f],start_interpolation:0}
execute if entity @s[tag=aj.red_knight.bone.body] run data modify entity @s {} merge value {transformation:[-0.9567120515588305f,0f,0.2910361668282718f,0.3029406907540659f,0f,1f,0f,0.391f,-0.2910361668282718f,0f,-0.9567120515588305f,0.6147792289801677f,0f,0f,0f,1f],start_interpolation:0}
execute if entity @s[tag=aj.red_knight.bone.left_hand] run data modify entity @s {} merge value {transformation:[-0.727902861985986f,0.474186043930214f,0.49528276696693585f,0.2909367443986208f,-0.31259563001848034f,0.4134043279632474f,-0.8552080645752853f,1.1218983678641183f,-0.6102797683079131f,-0.7773316263751715f,-0.15268970833350498f,0.365195069687439f,0f,0f,0f,1f],start_interpolation:0}
execute if entity @s[tag=aj.red_knight.bone.left_arm] run data modify entity @s {} merge value {transformation:[-0.727902861985986f,0.07492595576144546f,0.6815742987127997f,0.26885717669994835f,-0.31259563001848034f,0.8484443488385183f,-0.42711375418889524f,1.3675000000000002f,-0.6102797683079131f,-0.5239544713782072f,-0.5941635434094079f,0.16331681186250463f,0f,0f,0f,1f],start_interpolation:0}
execute if entity @s[tag=aj.red_knight.bone.weapon] run data modify entity @s {} merge value {transformation:[-1.3553064821886578f,0.9367419587802491f,0.2518662735971721f,-0.49319355211422056f,0.12496569218051867f,0.5977629866815256f,-1.5507549017524351f,0.8203541160031711f,-0.9619281121232642f,-1.242164116448347f,-0.5563275947612597f,0.35042045012403394f,0f,0f,0f,1f],start_interpolation:0}
execute if entity @s[tag=aj.red_knight.bone.right_hand] run data modify entity @s {} merge value {transformation:[-0.9733583353748051f,0.22865793994628872f,0.01700286610863068f,-0.4217379458810053f,0.15526842625975004f,0.7118818069076944f,-0.6849204397597264f,1.0428171806618256f,-0.16871652783058677f,-0.6640330108461143f,-0.7284194490425384f,0.14291013423462323f,0f,0f,0f,1f],start_interpolation:0}
execute if entity @s[tag=aj.red_knight.bone.right_arm] run data modify entity @s {} merge value {transformation:[-0.9733583353748051f,0.1960165766179534f,0.11895819705832211f,-0.2996478697269696f,0.15526842625975004f,0.9452387071341078f,-0.2870810031023664f,1.3285f,-0.16871652783058677f,-0.26096223524950574f,-0.9504911598801814f,0.07190421870856437f,0f,0f,0f,1f],start_interpolation:0}
execute if entity @s[tag=aj.red_knight.bone.waist] run data modify entity @s {} merge value {transformation:[-0.9567120515588305f,0.07060515020618263f,0.28234192598063795f,-0.21700319958229541f,0f,0.9701265964901058f,-0.24259923079540746f,0.6598924035088947f,-0.2910361668282718f,-0.2320976078008685f,-0.928131806399835f,-0.038278485640464474f,0f,0f,0f,1f],start_interpolation:0}
execute if entity @s[tag=aj.red_knight.bone.left_foot] run data modify entity @s {} merge value {transformation:[-0.9582807874808841f,-0.28072666285239767f,0.053763120340742376f,0.16328236287582287f,-0.11621175005237606f,0.5545093048244694f,0.8240232157001691f,0.17448006912051284f,-0.26113743794174943f,0.7833977097406144f,-0.5639993500691107f,0.0962741205175977f,0f,0f,0f,1f],start_interpolation:0}
execute if entity @s[tag=aj.red_knight.bone.left_leg] run data modify entity @s {} merge value {transformation:[-0.9582807874808841f,-0.172168543197024f,0.22815767591389818f,0.12179295879991914f,-0.11621175005237606f,0.9639632002621378f,0.23931104799014485f,0.6674694056166961f,-0.26113743794174943f,0.20281257671503466f,-0.9437554223586889f,0.029134552634870553f,0f,0f,0f,1f],start_interpolation:0}
execute if entity @s[tag=aj.red_knight.bone.right_foot] run data modify entity @s {} merge value {transformation:[-0.941365164101714f,0.10197028431781228f,0.32161108334741484f,-0.29383744922467525f,0.11621175005237606f,0.9929010276164765f,0.02534518707583533f,0.4046446716216484f,-0.31674351921628546f,0.061234063022876095f,-0.946532583992856f,0.3696152023725017f,0f,0f,0f,1f],start_interpolation:0}
execute if entity @s[tag=aj.red_knight.bone.right_leg] run data modify entity @s {} merge value {transformation:[-0.941365164101714f,0.2538249644915759f,0.22227126493679644f,-0.13665412345823716f,0.11621175005237606f,0.8624215443626716f,-0.4926701827479196f,0.724227082881852f,-0.31674351921628546f,-0.4379520147458562f,-0.8413510419643682f,0.01971798512275587f,0f,0f,0f,1f],start_interpolation:0}