execute if entity @s[tag=aj.red_knight.bone.head] run data modify entity @s {} merge value {transformation:[-0.9867206284713601f,-0.002521053257630414f,0.16240703691514075f,0f,-8.673617379884035e-19f,0.9998795391618486f,0.015521184410002466f,1.601f,-0.16242660295987144f,0.015315072835657514f,-0.9866017672774332f,0f,0f,0f,0f,1f],start_interpolation:0}
execute if entity @s[tag=aj.red_knight.bone.body] run data modify entity @s {} merge value {transformation:[-0.7417417727387392f,0f,0.67068557653672f,0.012348667702923977f,0f,1f,0f,0.601f,-0.67068557653672f,0f,-0.7417417727387392f,0.6852547503709572f,0f,0f,0f,1f],start_interpolation:0}
execute if entity @s[tag=aj.red_knight.bone.left_hand] run data modify entity @s {} merge value {transformation:[-0.6880738603326092f,0.03478459029986236f,0.7248064534788937f,0.3801848777206299f,-0.26669804234456373f,0.9168180257375644f,-0.29718153020040106f,1.2611573045997582f,-0.6748529594930724f,-0.39778730492606884f,-0.6215615360550364f,0.3014373360671291f,0f,0f,0f,1f],start_interpolation:0}
execute if entity @s[tag=aj.red_knight.bone.left_arm] run data modify entity @s {} merge value {transformation:[-0.6880738603326092f,-0.28972473207727656f,0.6652923735845251f,0.2466412826756929f,-0.26669804234456373f,0.9536362337496863f,0.1394635719078316f,1.5425f,-0.6748529594930724f,-0.08147093532336487f,-0.7334411835730099f,0.23379935881026054f,0f,0f,0f,1f],start_interpolation:0}
execute if entity @s[tag=aj.red_knight.bone.weapon] run data modify entity @s {} merge value {transformation:[1.1577566593279764f,0.6158361712130411f,1.0286511098449096f,-0.4946278658027326f,-0.24923567113041992f,1.5223736317960093f,-0.6309024355842793f,0.9824618821560008f,-1.1727143197708776f,0.28443296787761485f,1.14961593098149f,-0.385340749586378f,0f,0f,0f,1f],start_interpolation:0}
execute if entity @s[tag=aj.red_knight.bone.right_hand] run data modify entity @s {} merge value {transformation:[-0.39782704968867555f,0.3695017027278245f,0.8397631393537363f,-0.37915858370028743f,0.32147682902549257f,0.9134241790776056f,-0.24961754240460818f,1.2679069381177526f,-0.859294063133057f,0.17065978072656873f,-0.4821710819892056f,-0.33200956810932525f,0f,0f,0f,1f],start_interpolation:0}
execute if entity @s[tag=aj.red_knight.bone.right_arm] run data modify entity @s {} merge value {transformation:[-0.39782704968867555f,0.3024755957540032f,0.866165199317812f,-0.2597707694216192f,0.32147682902549257f,0.9301931638282904f,-0.17718161972063984f,1.5385f,-0.859294063133057f,0.20796440065640087f,-0.4672948973869774f,-0.21331481395838392f,0f,0f,0f,1f],start_interpolation:0}
execute if entity @s[tag=aj.red_knight.bone.waist] run data modify entity @s {} merge value {transformation:[-0.7417417727387392f,0.016854392550837653f,0.6704737668441135f,-0.16409946197184708f,0f,0.9996841892832999f,-0.02513009544333756f,0.866659541797139f,-0.67068557653672f,-0.018640041543234915f,-0.7415075227378842f,-0.14467371532361617f,0f,0f,0f,1f],start_interpolation:0}
execute if entity @s[tag=aj.red_knight.bone.left_foot] run data modify entity @s {} merge value {transformation:[-0.734015005519082f,-0.1912861622944365f,0.6516376107833926f,0.06433305534305868f,-0.1680921918015792f,0.9808299700166857f,0.09857781176516678f,0.41535943129384256f,-0.6580022695463618f,-0.037177601210056914f,-0.752097626136463f,0.2347629145778355f,0f,0f,0f,1f],start_interpolation:0}
execute if entity @s[tag=aj.red_knight.bone.left_leg] run data modify entity @s {} merge value {transformation:[-0.734015005519082f,-0.1416569196464264f,0.6641952188845592f,0.11208992750457991f,-0.1680921918015792f,0.985468885900693f,0.02441495396243669f,0.8814942917720863f,-0.6580022695463618f,-0.09372508755894912f,-0.7471603718305089f,0.06241109087620939f,0f,0f,0f,1f],start_interpolation:0}
execute if entity @s[tag=aj.red_knight.bone.right_foot] run data modify entity @s {} merge value {transformation:[-0.7283470319415754f,0.12255898122376374f,0.6741586587616382f,-0.26815657059413633f,0.1680921918015792f,0.9857683696079201f,0.002395106654037478f,0.433319726149895f,-0.6642707400730811f,0.11506527539590841f,-0.7385826739646854f,-0.006079617671714624f,0f,0f,0f,1f],start_interpolation:0}
execute if entity @s[tag=aj.red_knight.bone.right_leg] run data modify entity @s {} merge value {transformation:[-0.7283470319415754f,0.16000043380666715f,0.66626605965153f,-0.07864188824465443f,0.1680921918015792f,0.9843650227158047f,-0.05263570184821697f,0.8856940692927662f,-0.6642707400730811f,0.07365706507451689f,-0.7438541662499238f,-0.09940280324224048f,0f,0f,0f,1f],start_interpolation:0}