execute if entity @s[tag=aj.tutankhamen.bone.head] run data modify entity @s {} merge value {transformation:[-0.9987606877571144f,-0.03994962873255708f,-0.029683594038907433f,-0.00950200413220936f,-0.03044527863837317f,0.9622102121541545f,-0.2706004298497855f,1.6117898802772208f,0.03937224402504421f,-0.2693613461326397f,-0.9622340108362647f,-0.13378759013153116f,0f,0f,0f,1f],start_interpolation:0}
execute if entity @s[tag=aj.tutankhamen.bone.back_cape] run data modify entity @s {} merge value {transformation:[-0.9996075878945742f,0.007699578435565617f,-0.02693300420498556f,-0.0203587770022546f,0.004724064169958075f,0.9940474551904058f,0.10884548703182906f,1.5813070174622008f,0.0276107486553573f,0.10867554150494269f,-0.9936937522382328f,-0.2866502345462112f,0f,0f,0f,1f],start_interpolation:0}
execute if entity @s[tag=aj.tutankhamen.bone.left_hand] run data modify entity @s {} merge value {transformation:[-0.9552136918405021f,-0.2942909715136548f,0.03097784701988686f,0.38477405484235944f,-0.28548932433629975f,0.8889452555718357f,-0.3581510551238496f,1.194888379767547f,0.07786301182487965f,-0.35095463621652445f,-0.9331496100345785f,-0.21725260604223745f,0f,0f,0f,1f],start_interpolation:0}
execute if entity @s[tag=aj.tutankhamen.bone.cape_left_back] run data modify entity @s {} merge value {transformation:[-0.9759658639956152f,-0.19549288266397374f,-0.09629727484732893f,0.3106862700204717f,-0.20099323348377685f,0.9782594709140476f,0.05108940849827362f,1.3219898385752713f,0.08421610540168778f,0.06921661935328316f,-0.9940405963522189f,-0.26641761001870057f,0f,0f,0f,1f],start_interpolation:0}
execute if entity @s[tag=aj.tutankhamen.bone.cape_left_side] run data modify entity @s {} merge value {transformation:[-0.9759658639956152f,-0.19549288266397374f,-0.09629727484732893f,0.4752180956257027f,-0.20099323348377685f,0.9782594709140476f,0.05108940849827362f,1.3470088552448272f,0.08421610540168778f,0.06921661935328316f,-0.9940405963522189f,-0.15532130194368693f,0f,0f,0f,1f],start_interpolation:0}
execute if entity @s[tag=aj.tutankhamen.bone.left_arm] run data modify entity @s {} merge value {transformation:[-0.9552136918405021f,-0.27981000299742015f,-0.09629727484732893f,0.2641480372428208f,-0.28548932433629975f,0.9570191837310783f,0.05108940849827362f,1.4819936189331298f,0.07786301182487965f,0.07629314643717436f,-0.9940405963522189f,-0.16505378860293327f,0f,0f,0f,1f],start_interpolation:0}
execute if entity @s[tag=aj.tutankhamen.bone.cape_right_back] run data modify entity @s {} merge value {transformation:[-0.8974746177290677f,-0.3595634210652614f,0.25544756167148963f,-0.20035000616903595f,-0.20340983435602936f,-0.17647928147295186f,-0.9630573723813362f,1.4289993120182392f,0.39136140563335664f,-0.9162800933353492f,0.08524693975766597f,0.05562552901672438f,0f,0f,0f,1f],start_interpolation:0}
execute if entity @s[tag=aj.tutankhamen.bone.cape_right] run data modify entity @s {} merge value {transformation:[-0.8974746177290677f,-0.3595634210652614f,0.25544756167148963f,-0.40444230560707517f,-0.20340983435602936f,-0.17647928147295186f,-0.9630573723813362f,1.6379808684954436f,0.39136140563335664f,-0.9162800933353492f,0.08524693975766597f,0.09546401370751986f,0f,0f,0f,1f],start_interpolation:0}
execute if entity @s[tag=aj.tutankhamen.bone.weapon] run data modify entity @s {} merge value {transformation:[-1.342467417398719f,-0.08033634830402793f,-0.9305455270834952f,-0.23922334051424127f,0.6485492258215855f,-1.2526879306769865f,-0.8274929145518667f,1.5114788813332414f,-0.6721255898417702f,-1.048287504975851f,1.0601547868129768f,0.6161958807333205f,0f,0f,0f,1f],start_interpolation:0}
execute if entity @s[tag=aj.tutankhamen.bone.right_hand] run data modify entity @s {} merge value {transformation:[-0.8974746177290677f,-0.3595634210652614f,0.25544756167148963f,-0.19941613294437974f,-0.20340983435602936f,-0.17647928147295186f,-0.9630573723813362f,1.5048937506525657f,0.39136140563335664f,-0.9162800933353492f,0.08524693975766597f,0.17706265087483133f,0f,0f,0f,1f],start_interpolation:0}
execute if entity @s[tag=aj.tutankhamen.bone.right_arm] run data modify entity @s {} merge value {transformation:[-0.8974746177290677f,-0.3595634210652614f,0.25544756167148963f,-0.2848241211142272f,-0.20340983435602936f,-0.17647928147295186f,-0.9630573723813362f,1.4819936189331298f,0.39136140563335664f,-0.9162800933353492f,0.08524693975766597f,-0.12606410568803658f,0f,0f,0f,1f],start_interpolation:0}
execute if entity @s[tag=aj.tutankhamen.bone.body] run data modify entity @s {} merge value {transformation:[-0.9974873642595198f,-0.01382109691957725f,-0.06948334636828954f,0.010365822689682936f,-4.336808689942018e-19f,0.9807852804032304f,-0.19509032201612847f,0.20191103969757718f,0.07084460559983408f,-0.19460013110040897f,-0.9783209242539525f,0.14595009832530673f,0f,0f,0f,1f],start_interpolation:0}
execute if entity @s[tag=aj.tutankhamen.bone.left_foot] run data modify entity @s {} merge value {transformation:[-0.9819381535143951f,-0.17314218985163846f,-0.07628397450395222f,0.1999121002609604f,-0.17364817766693033f,0.984807753012208f,0f,0.44957311360925056f,0.07512504952207776f,0.013246573157801879f,-0.9970861323044667f,-0.015294656163848772f,0f,0f,0f,1f],start_interpolation:0}
execute if entity @s[tag=aj.tutankhamen.bone.left_leg] run data modify entity @s {} merge value {transformation:[-0.9819381535143951f,-0.17314218985163846f,-0.07628397450395222f,0.09347682490354375f,-0.17364817766693033f,0.984807753012208f,0f,0.875f,0.07512504952207776f,0.013246573157801879f,-0.9970861323044667f,-0.00715162260974552f,0f,0f,0f,1f],start_interpolation:0}
execute if entity @s[tag=aj.tutankhamen.bone.right_foot] run data modify entity @s {} merge value {transformation:[-0.9819381535143951f,0.17314218985163846f,-0.07628397450395222f,-0.1999121002609604f,0.17364817766693033f,0.984807753012208f,0f,0.44957311360925056f,0.07512504952207776f,-0.013246573157801879f,-0.9970861323044667f,0.015294656163848772f,0f,0f,0f,1f],start_interpolation:0}
execute if entity @s[tag=aj.tutankhamen.bone.right_leg] run data modify entity @s {} merge value {transformation:[-0.9819381535143951f,0.17314218985163846f,-0.07628397450395222f,-0.09347682490354375f,0.17364817766693033f,0.984807753012208f,0f,0.875f,0.07512504952207776f,-0.013246573157801879f,-0.9970861323044667f,0.00715162260974552f,0f,0f,0f,1f],start_interpolation:0}