execute if entity @s[tag=aj.tutankhamen.bone.head] run data modify entity @s {} merge value {transformation:[-0.19618531850616122f,-0.3037167225505536f,0.9323451470597066f,0f,-0.19739179397681816f,0.943590569198103f,0.26584453613157694f,1.625f,-0.9604935192250124f,-0.13188248618959975f,-0.2450698050825531f,0f,0f,0f,0f,1f],start_interpolation:0}
execute if entity @s[tag=aj.tutankhamen.bone.back_cape] run data modify entity @s {} merge value {transformation:[0.3400255670353942f,-0.28685270819272624f,0.8955993175325431f,0.14901827355441044f,0.013078304310662632f,0.9536938639399903f,0.3004945454406268f,1.625f,-0.9403252478364155f,-0.09046290778937978f,0.32803184387445344f,0.04698528117254264f,0f,0f,0f,1f],start_interpolation:0}
execute if entity @s[tag=aj.tutankhamen.bone.left_hand] run data modify entity @s {} merge value {transformation:[0.1419000922376184f,0.007385692919281706f,0.9898534312528584f,0.09883077150585792f,-0.4359394532621666f,0.8982449944983241f,0.055791782084719965f,1.280250862839029f,-0.8887188289399739f,-0.43943302265397355f,0.13068076250448515f,0.44669858252448197f,0f,0f,0f,1f],start_interpolation:0}
execute if entity @s[tag=aj.tutankhamen.bone.cape_left_back] run data modify entity @s {} merge value {transformation:[0.10548364114038261f,-0.42243743254825494f,0.9002332014727102f,0.10238510081029187f,-0.3653832769430112f,0.825494313191245f,0.43017926474819945f,1.4033518374232747f,-0.9248612124973962f,-0.3743070323557296f,-0.06727542751178173f,0.35238795159415626f,0f,0f,0f,1f],start_interpolation:0}
execute if entity @s[tag=aj.tutankhamen.bone.cape_left_side] run data modify entity @s {} merge value {transformation:[0.10548364114038261f,-0.42243743254825494f,0.9002332014727102f,-0.026625868301981687f,-0.3653832769430112f,0.825494313191245f,0.43017926474819945f,1.4066705663520953f,-0.9248612124973962f,-0.3743070323557296f,-0.06727542751178173f,0.5053069444858471f,0f,0f,0f,1f],start_interpolation:0}
execute if entity @s[tag=aj.tutankhamen.bone.left_arm] run data modify entity @s {} merge value {transformation:[0.1419000922376184f,-0.41163642548874346f,0.9002332014727102f,-0.047558891099042794f,-0.4359394532621666f,0.7905078072164637f,0.43017926474819945f,1.5f,-0.8887188289399739f,-0.45348964700494354f,-0.06727542751178173f,0.2735363625694797f,0f,0f,0f,1f],start_interpolation:0}
execute if entity @s[tag=aj.tutankhamen.bone.cape_right_back] run data modify entity @s {} merge value {transformation:[0.8649166421733003f,-0.461198362420002f,-0.19802846409738883f,0.1922158981567587f,-0.04568693846346755f,0.3205651002549089f,-0.9461240511436095f,1.3562595328974414f,0.499831877480316f,0.8273657516477633f,0.25619134890708856f,-0.3808709606612442f,0f,0f,0f,1f],start_interpolation:0}
execute if entity @s[tag=aj.tutankhamen.bone.cape_right] run data modify entity @s {} merge value {transformation:[0.8649166421733003f,-0.461198362420002f,-0.19802846409738883f,0.3768662395206841f,-0.04568693846346755f,0.3205651002549089f,-0.9461240511436095f,1.585651961548427f,0.499831877480316f,0.8273657516477633f,0.25619134890708856f,-0.366820067031717f,0f,0f,0f,1f],start_interpolation:0}
execute if entity @s[tag=aj.tutankhamen.bone.weapon] run data modify entity @s {} merge value {transformation:[0.21941147888827878f,-0.8667705015342508f,1.3693630542019275f,0.6558171205498979f,1.4377218233415874f,-0.5336309402300871f,-0.568138761155764f,1.3024927996669895f,0.7479319723280394f,1.28005257349467f,0.6903990494418947f,-0.6553289458216551f,0f,0f,0f,1f],start_interpolation:0}
execute if entity @s[tag=aj.tutankhamen.bone.right_hand] run data modify entity @s {} merge value {transformation:[0.8649166421733003f,-0.461198362420002f,-0.19802846409738883f,0.2892711175332614f,-0.04568693846346755f,0.3205651002549089f,-0.9461240511436095f,1.37389393173507f,0.499831877480316f,0.8273657516477633f,0.25619134890708856f,-0.4846838927526477f,0f,0f,0f,1f],start_interpolation:0}
execute if entity @s[tag=aj.tutankhamen.bone.right_arm] run data modify entity @s {} merge value {transformation:[0.8649166421733003f,-0.461198362420002f,-0.19802846409738883f,0.11793604918713133f,-0.04568693846346755f,0.3205651002549089f,-0.9461240511436095f,1.5f,0.499831877480316f,0.8273657516477633f,0.25619134890708856f,-0.2513465298595607f,0f,0f,0f,1f],start_interpolation:0}
execute if entity @s[tag=aj.tutankhamen.bone.body] run data modify entity @s {} merge value {transformation:[0.3007057995042729f,0f,0.9537169507482268f,0f,0f,1f,0f,0.1875f,-0.9537169507482268f,0f,0.3007057995042729f,0f,0f,0f,0f,1f],start_interpolation:0}
execute if entity @s[tag=aj.tutankhamen.bone.left_foot] run data modify entity @s {} merge value {transformation:[-0.873535145519731f,-0.15402781475222374f,0.46174861323503397f,0.17784240786204775f,-0.17364817766693033f,0.984807753012208f,0f,0.44957311360925056f,-0.4547336142564969f,-0.08018180522849587f,-0.8870108331782217f,0.0925788977237669f,0f,0f,0f,1f],start_interpolation:0}
execute if entity @s[tag=aj.tutankhamen.bone.left_leg] run data modify entity @s {} merge value {transformation:[-0.873535145519731f,-0.15402781475222374f,0.46174861323503397f,0.08315726561045829f,-0.17364817766693033f,0.984807753012208f,0f,0.875f,-0.4547336142564969f,-0.08018180522849587f,-0.8870108331782217f,0.043288932490784436f,0f,0f,0f,1f],start_interpolation:0}
execute if entity @s[tag=aj.tutankhamen.bone.right_foot] run data modify entity @s {} merge value {transformation:[-0.873535145519731f,0.15402781475222374f,0.46174861323503397f,-0.17784240786204775f,0.17364817766693033f,0.984807753012208f,0f,0.44957311360925056f,-0.4547336142564969f,0.08018180522849587f,-0.8870108331782217f,-0.0925788977237669f,0f,0f,0f,1f],start_interpolation:0}
execute if entity @s[tag=aj.tutankhamen.bone.right_leg] run data modify entity @s {} merge value {transformation:[-0.873535145519731f,0.15402781475222374f,0.46174861323503397f,-0.08315726561045829f,0.17364817766693033f,0.984807753012208f,0f,0.875f,-0.4547336142564969f,0.08018180522849587f,-0.8870108331782217f,-0.043288932490784436f,0f,0f,0f,1f],start_interpolation:0}