execute if entity @s[tag=aj.tutankhamen.bone.head] run data modify entity @s {} merge value {transformation:[-0.9964841427164935f,-0.05177506670274597f,0.06586877699260142f,0f,-0.02370094993619219f,0.9282868232924506f,0.371108931007774f,1.625f,-0.08035930740553308f,0.3682430123838562f,-0.9262502175674595f,0f,0f,0f,0f,1f],start_interpolation:0}
execute if entity @s[tag=aj.tutankhamen.bone.back_cape] run data modify entity @s {} merge value {transformation:[-0.9962874503810022f,-0.013131081760752422f,0.0850816719694355f,0.00681552927583377f,0.013090088481005988f,0.9537009681683701f,0.30047148433465853f,1.625f,-0.08508798855820734f,0.300469695654164f,-0.9499884189802592f,-0.15610128462216527f,0f,0f,0f,1f],start_interpolation:0}
execute if entity @s[tag=aj.tutankhamen.bone.left_hand] run data modify entity @s {} merge value {transformation:[-0.790941571002722f,0.6108989326610071f,0.034841431276403934f,0.14504561895266427f,0.18381844299968858f,0.29153178443791194f,-0.9387331882252896f,1.267966013641321f,-0.5836284873726747f,-0.7360786049981953f,-0.34287909821246687f,0.14419275234754136f,0f,0f,0f,1f],start_interpolation:0}
execute if entity @s[tag=aj.tutankhamen.bone.cape_left_back] run data modify entity @s {} merge value {transformation:[-0.7409602722603639f,0.605822113560611f,0.2897541054977506f,0.21361513371098922f,0.24072396383026318f,0.6424073928640015f,-0.7275745424570066f,1.3197463330426316f,-0.6269209265686491f,-0.4693530742571426f,-0.6218342572709192f,0.01504942702494591f,0f,0f,0f,1f],start_interpolation:0}
execute if entity @s[tag=aj.tutankhamen.bone.cape_left_side] run data modify entity @s {} merge value {transformation:[-0.7409602722603639f,0.605822113560611f,0.2897541054977506f,0.29317091306445225f,0.24072396383026318f,0.6424073928640015f,-0.7275745424570066f,1.3730800315012788f,-0.6269209265686491f,-0.4693530742571426f,-0.6218342572709192f,0.19073510396016222f,0f,0f,0f,1f],start_interpolation:0}
execute if entity @s[tag=aj.tutankhamen.bone.left_arm] run data modify entity @s {} merge value {transformation:[-0.790941571002722f,0.538937834640457f,0.2897541054977506f,0.27652498381541996f,0.18381844299968858f,0.6609433146508463f,-0.7275745424570066f,1.5f,-0.5836284873726747f,-0.5222068031071675f,-0.6218342572709192f,-0.024858058978814834f,0f,0f,0f,1f],start_interpolation:0}
execute if entity @s[tag=aj.tutankhamen.bone.cape_right_back] run data modify entity @s {} merge value {transformation:[-0.9343167530911722f,-0.35162354373623084f,0.058421643108907254f,-0.2079032583668098f,-0.263241537276818f,0.5701748680403542f,-0.7782059578975881f,1.3229308148442005f,0.24032498402227603f,-0.7424698669613062f,-0.6252858535974991f,0.03671823808456509f,0f,0f,0f,1f],start_interpolation:0}
execute if entity @s[tag=aj.tutankhamen.bone.cape_right] run data modify entity @s {} merge value {transformation:[-0.9343167530911722f,-0.35162354373623084f,0.058421643108907254f,-0.3684956618145323f,-0.263241537276818f,0.5701748680403542f,-0.7782059578975881f,1.4763508141190946f,0.24032498402227603f,-0.7424698669613062f,-0.6252858535974991f,0.23059048023742051f,0f,0f,0f,1f],start_interpolation:0}
execute if entity @s[tag=aj.tutankhamen.bone.weapon] run data modify entity @s {} merge value {transformation:[-1.6041902395534822f,-0.3142753654321146f,-0.048911589781600304f,-0.10005126606567527f,0.05471717654036602f,-0.024946362589637647f,-1.6343106752377619f,0.763946260994307f,0.3133167399356489f,-1.6047418319739686f,0.034984951050983384f,0.47562621967505636f,0f,0f,0f,1f],start_interpolation:0}
execute if entity @s[tag=aj.tutankhamen.bone.right_hand] run data modify entity @s {} merge value {transformation:[-0.9343167530911722f,-0.35162354373623084f,0.058421643108907254f,-0.19679906662818686f,-0.263241537276818f,0.5701748680403542f,-0.7782059578975881f,1.2920705306678548f,0.24032498402227603f,-0.7424698669613062f,-0.6252858535974991f,0.17611749305526822f,0f,0f,0f,1f],start_interpolation:0}
execute if entity @s[tag=aj.tutankhamen.bone.right_arm] run data modify entity @s {} merge value {transformation:[-0.9343167530911722f,-0.35162354373623084f,0.058421643108907254f,-0.2733062001732634f,-0.263241537276818f,0.5701748680403542f,-0.7782059578975881f,1.5f,0.24032498402227603f,-0.7424698669613062f,-0.6252858535974991f,-0.048864206912264396f,0f,0f,0f,1f],start_interpolation:0}