execute if entity @s[tag=aj.tutankhamen.bone.head] run data modify entity @s {} merge value {transformation:[-0.9979892105029665f,-0.03541829269656532f,0.05256500986517738f,0.0007096886048628218f,-0.025388148717844453f,0.9832477140387921f,0.18049757544679193f,1.6242709406598048f,-0.05807734174655705f,0.17880010453003142f,-0.9821698147447332f,-0.03164524304426949f,0f,0f,0f,1f],start_interpolation:0}
execute if entity @s[tag=aj.tutankhamen.bone.back_cape] run data modify entity @s {} merge value {transformation:[-0.997857376349359f,-0.005770920286703968f,0.06517171889875371f,0.004209216384559399f,0.011150477310353726f,0.9665295514840664f,0.2563128809946173f,1.617077031586822f,-0.06446955344133344f,0.2564903947266916f,-0.9643942938922965f,-0.1876903117826592f,0f,0f,0f,1f],start_interpolation:0}
execute if entity @s[tag=aj.tutankhamen.bone.left_hand] run data modify entity @s {} merge value {transformation:[-0.9098022557325087f,0.339367286899243f,0.23893450995342985f,0.2551276959339028f,0.030101280352910723f,0.628124783339679f,-0.7775301727107422f,1.204750242793065f,-0.41394899249201494f,-0.7002064703622268f,-0.5816847346094941f,0.059296536743790235f,0f,0f,0f,1f],start_interpolation:0}
execute if entity @s[tag=aj.tutankhamen.bone.cape_left_back] run data modify entity @s {} merge value {transformation:[-0.8883344059974256f,0.28510146964539357f,0.35997101984359475f,0.27837305664308076f,0.10824150949527807f,0.8918326557640535f,-0.43922464609242845f,1.3026828822784888f,-0.4462575027306371f,-0.35121455852352146f,-0.8231054459410065f,-0.05872816251780394f,0f,0f,0f,1f],start_interpolation:0}
execute if entity @s[tag=aj.tutankhamen.bone.cape_left_side] run data modify entity @s {} merge value {transformation:[-0.8883344059974256f,0.28510146964539357f,0.35997101984359475f,0.3721789300997292f,0.10824150949527807f,0.8918326557640535f,-0.43922464609242845f,1.3406732271814052f,-0.4462575027306371f,-0.35121455852352146f,-0.8231054459410065f,0.1138877530264839f,0f,0f,0f,1f],start_interpolation:0}
execute if entity @s[tag=aj.tutankhamen.bone.left_arm] run data modify entity @s {} merge value {transformation:[-0.9098022557325087f,0.20659312751590042f,0.35997101984359475f,0.27651534559372465f,0.030101280352910723f,0.8978728324134194f,-0.43922464609242845f,1.497704755990619f,-0.41394899249201494f,-0.38877198520096895f,-0.8231054459410065f,-0.056569733842283726f,0f,0f,0f,1f],start_interpolation:0}
execute if entity @s[tag=aj.tutankhamen.bone.cape_right_back] run data modify entity @s {} merge value {transformation:[-0.9292750189104215f,-0.34974359005896694f,0.11885857327808225f,-0.20329552137484103f,-0.2500472049969383f,0.3587510709771025f,-0.8993186667394383f,1.3496871715453234f,0.27189029865417236f,-0.8654346250788948f,-0.42083081542622053f,0.05793416524379738f,0f,0f,0f,1f],start_interpolation:0}
execute if entity @s[tag=aj.tutankhamen.bone.cape_right] run data modify entity @s {} merge value {transformation:[-0.9292750189104215f,-0.34974359005896694f,0.11885857327808225f,-0.37820938639911494f,-0.2500472049969383f,0.3587510709771025f,-0.8993186667394383f,1.5354469624494114f,0.27189029865417236f,-0.8654346250788948f,-0.42083081542622053f,0.20562472826506695f,0f,0f,0f,1f],start_interpolation:0}
execute if entity @s[tag=aj.tutankhamen.bone.weapon] run data modify entity @s {} merge value {transformation:[-1.5817130258619327f,-0.1820844972514022f,-0.37365333303813214f,-0.14029378568875644f,0.41293570529121965f,-0.5203699466655735f,-1.494418581092333f,0.9922650607208984f,0.0474940072582224f,-1.5396908871845294f,0.5492576488375777f,0.6081154899553963f,0f,0f,0f,1f],start_interpolation:0}
execute if entity @s[tag=aj.tutankhamen.bone.right_hand] run data modify entity @s {} merge value {transformation:[-0.9292750189104215f,-0.34974359005896694f,0.11885857327808225f,-0.19604607778830097f,-0.2500472049969383f,0.3587510709771025f,-0.8993186667394383f,1.3532367291882463f,0.27189029865417236f,-0.8654346250788948f,-0.42083081542622053f,0.20091199117574088f,0f,0f,0f,1f],start_interpolation:0}
execute if entity @s[tag=aj.tutankhamen.bone.right_arm] run data modify entity @s {} merge value {transformation:[-0.9292750189104215f,-0.34974359005896694f,0.11885857327808225f,-0.27370130798401265f,-0.2500472049969383f,0.3587510709771025f,-0.8993186667394383f,1.497704755990619f,0.27189029865417236f,-0.8654346250788948f,-0.42083081542622053f,-0.06890910784246494f,0f,0f,0f,1f],start_interpolation:0}
execute if entity @s[tag=aj.tutankhamen.bone.body] run data modify entity @s {} merge value {transformation:[-0.9997486233026632f,0.0010322743343459226f,0.022396977790058094f,-0.000774205750759442f,1.0842021724855044e-19f,0.9989395500506253f,-0.04604101806709208f,0.1882953374620311f,-0.02242075387737229f,-0.046029444428028345f,-0.9986884399256944f,0.03452208332102126f,0f,0f,0f,1f],start_interpolation:0}
execute if entity @s[tag=aj.tutankhamen.bone.left_foot] run data modify entity @s {} merge value {transformation:[-0.9835920442298154f,-0.17343381540791028f,-0.04967295240740001f,0.20024881471221018f,-0.17364817766693033f,0.984807753012208f,0f,0.44957311360925056f,0.04891830864581395f,0.008625617664881171f,-0.9987655369500553f,-0.00995924416176095f,0f,0f,0f,1f],start_interpolation:0}
execute if entity @s[tag=aj.tutankhamen.bone.left_leg] run data modify entity @s {} merge value {transformation:[-0.9835920442298154f,-0.17343381540791028f,-0.04967295240740001f,0.09363426908906769f,-0.17364817766693033f,0.984807753012208f,0f,0.875f,0.04891830864581395f,0.008625617664881171f,-0.9987655369500553f,-0.004656839288193751f,0f,0f,0f,1f],start_interpolation:0}
execute if entity @s[tag=aj.tutankhamen.bone.right_foot] run data modify entity @s {} merge value {transformation:[-0.9835920442298154f,0.17343381540791028f,-0.04967295240740001f,-0.20024881471221018f,0.17364817766693033f,0.984807753012208f,0f,0.44957311360925056f,0.04891830864581395f,-0.008625617664881171f,-0.9987655369500553f,0.00995924416176095f,0f,0f,0f,1f],start_interpolation:0}
execute if entity @s[tag=aj.tutankhamen.bone.right_leg] run data modify entity @s {} merge value {transformation:[-0.9835920442298154f,0.17343381540791028f,-0.04967295240740001f,-0.09363426908906769f,0.17364817766693033f,0.984807753012208f,0f,0.875f,0.04891830864581395f,-0.008625617664881171f,-0.9987655369500553f,0.004656839288193751f,0f,0f,0f,1f],start_interpolation:0}