execute if entity @s[tag=aj.tutankhamen.bone.head] run data modify entity @s {} merge value {transformation:[-0.5567771665095171f,-0.09476797655490099f,0.825238279209904f,0.07757233619394127f,-0.11667196513298536f,0.9925442607201582f,0.03526390595895591f,1.6203513709475859f,-0.8224274067695223f,-0.07664803409849721f,-0.56368274717539f,-0.01878264764128643f,0f,0f,0f,1f],start_interpolation:0}
execute if entity @s[tag=aj.tutankhamen.bone.back_cape] run data modify entity @s {} merge value {transformation:[-0.19317685518347144f,-0.182750021959312f,0.963994363103486f,0.22840727965288193f,0.008240162978819184f,0.982163964987749f,0.1878458027043092f,1.6022118531155187f,-0.9811293504607366f,0.044230932088468976f,-0.18822545606553492f,-0.05530442504269871f,0f,0f,0f,1f],start_interpolation:0}
execute if entity @s[tag=aj.tutankhamen.bone.left_hand] run data modify entity @s {} merge value {transformation:[-0.38709232808180805f,-0.12169392675928464f,0.9139748999453496f,0.35335597125125384f,-0.41897208030456207f,0.9062218098845902f,-0.05678404014126953f,1.2518778968513418f,-0.821353715195514f,-0.4049106314724319f,-0.4017778678015041f,0.32202509024381415f,0f,0f,0f,1f],start_interpolation:0}
execute if entity @s[tag=aj.tutankhamen.bone.cape_left_back] run data modify entity @s {} merge value {transformation:[-0.4288969131049572f,-0.4609277772731254f,0.7769124931851046f,0.3212150707945817f,-0.3437038081238599f,0.8786130038423402f,0.33152206828550185f,1.3769300480653988f,-0.8354131494118319f,-0.12483899077290023f,-0.535257037480693f,0.23606056092245686f,0f,0f,0f,1f],start_interpolation:0}
execute if entity @s[tag=aj.tutankhamen.bone.cape_left_side] run data modify entity @s {} merge value {transformation:[-0.4288969131049572f,-0.4609277772731254f,0.7769124931851046f,0.2911161518190932f,-0.3437038081238599f,0.8786130038423402f,0.33152206828550185f,1.3891935095490642f,-0.8354131494118319f,-0.12483899077290023f,-0.535257037480693f,0.4335009952031422f,0f,0f,0f,1f],start_interpolation:0}
execute if entity @s[tag=aj.tutankhamen.bone.left_arm] run data modify entity @s {} merge value {transformation:[-0.38709232808180805f,-0.4965546369465408f,0.7769124931851046f,0.16384352054323847f,-0.41897208030456207f,0.8453138554199681f,0.33152206828550185f,1.4919131830470498f,-0.821353715195514f,-0.19717499426123608f,-0.535257037480693f,0.2434575178751896f,0f,0f,0f,1f],start_interpolation:0}
execute if entity @s[tag=aj.tutankhamen.bone.cape_right_back] run data modify entity @s {} merge value {transformation:[0.755861584767f,-0.0077917212484152065f,-0.6546850798311394f,-0.01730114338505473f,-0.6292300885101763f,0.2677078100879519f,-0.729658840919089f,1.3736112888374554f,0.1809496073137334f,0.9634686385647951f,0.1974472641367954f,-0.453596681169736f,0f,0f,0f,1f],start_interpolation:0}
execute if entity @s[tag=aj.tutankhamen.bone.cape_right] run data modify entity @s {} merge value {transformation:[0.755861584767f,-0.0077917212484152065f,-0.6546850798311394f,0.2644734991925739f,-0.6292300885101763f,0.2677078100879519f,-0.729658840919089f,1.4577087977375127f,0.1809496073137334f,0.9634686385647951f,0.1974472641367954f,-0.474685121061164f,0f,0f,0f,1f],start_interpolation:0}
execute if entity @s[tag=aj.tutankhamen.bone.weapon] run data modify entity @s {} merge value {transformation:[1.1622835113129912f,-0.7322629411071973f,0.8873982747459513f,0.2616948314839908f,0.8330610735924378f,-0.3343778904818809f,-1.3670363373491625f,1.1633741266488933f,0.7935325832037836f,1.4235765118352561f,0.135364795851825f,-0.8683233469721037f,0f,0f,0f,1f],start_interpolation:0}
execute if entity @s[tag=aj.tutankhamen.bone.right_hand] run data modify entity @s {} merge value {transformation:[0.755861584767f,-0.0077917212484152065f,-0.6546850798311394f,0.04821131378441218f,-0.6292300885101763f,0.2677078100879519f,-0.729658840919089f,1.3660880498679617f,0.1809496073137334f,0.9634686385647951f,0.1974472641367954f,-0.5807160397703309f,0f,0f,0f,1f],start_interpolation:0}
execute if entity @s[tag=aj.tutankhamen.bone.right_arm] run data modify entity @s {} merge value {transformation:[0.755861584767f,-0.0077917212484152065f,-0.6546850798311394f,0.03432815000954262f,-0.6292300885101763f,0.2677078100879519f,-0.729658840919089f,1.4919131830470498f,0.1809496073137334f,0.9634686385647951f,0.1974472641367954f,-0.29144097232694177f,0f,0f,0f,1f],start_interpolation:0}
execute if entity @s[tag=aj.tutankhamen.bone.body] run data modify entity @s {} merge value {transformation:[-0.23533059667613787f,0.11283248900936912f,0.96534363813722f,-0.08462436675702684f,6.938893903907228e-18f,0.993238357741943f,-0.11609291412523029f,0.19257123169354273f,-0.9719153822571455f,-0.02732021475096208f,-0.23373937536903866f,0.02049016106322156f,0f,0f,0f,1f],start_interpolation:0}
execute if entity @s[tag=aj.tutankhamen.bone.left_foot] run data modify entity @s {} merge value {transformation:[-0.9333087460588015f,-0.16456751326135194f,0.31914309973603094f,0.19001167328997484f,-0.17364817766693033f,0.984807753012208f,0f,0.44957311360925056f,-0.31429459894039163f,-0.05541861768413717f,-0.9477065378538221f,0.06398701705395016f,0f,0f,0f,1f],start_interpolation:0}
execute if entity @s[tag=aj.tutankhamen.bone.left_leg] run data modify entity @s {} merge value {transformation:[-0.9333087460588015f,-0.16456751326135194f,0.31914309973603094f,0.08884748792379582f,-0.17364817766693033f,0.984807753012208f,0f,0.875f,-0.31429459894039163f,-0.05541861768413717f,-0.9477065378538221f,0.0299196656002529f,0f,0f,0f,1f],start_interpolation:0}
execute if entity @s[tag=aj.tutankhamen.bone.right_foot] run data modify entity @s {} merge value {transformation:[-0.9333087460588015f,0.16456751326135194f,0.31914309973603094f,-0.19001167328997484f,0.17364817766693033f,0.984807753012208f,0f,0.44957311360925056f,-0.31429459894039163f,0.05541861768413717f,-0.9477065378538221f,-0.06398701705395016f,0f,0f,0f,1f],start_interpolation:0}
execute if entity @s[tag=aj.tutankhamen.bone.right_leg] run data modify entity @s {} merge value {transformation:[-0.9333087460588015f,0.16456751326135194f,0.31914309973603094f,-0.08884748792379582f,0.17364817766693033f,0.984807753012208f,0f,0.875f,-0.31429459894039163f,0.05541861768413717f,-0.9477065378538221f,-0.0299196656002529f,0f,0f,0f,1f],start_interpolation:0}