execute if entity @s[tag=aj.tutankhamen.bone.head] run data modify entity @s {} merge value {transformation:[-0.05350828766077603f,-0.32816169161269726f,0.9431048548859797f,-0.015634923157256297f,-0.2270613733237099f,0.9237157835115032f,0.3085324683661034f,1.6247729457856366f,-0.9724093767009668f,-0.19763363946864593f,-0.12393929423074357f,-0.008227828936009401f,0f,0f,0f,1f],start_interpolation:0}
execute if entity @s[tag=aj.tutankhamen.bone.back_cape] run data modify entity @s {} merge value {transformation:[0.5039156012081487f,-0.2877530095031658f,0.8144122250929815f,0.12259181217498019f,0.015023347198261419f,0.9456536556614623f,0.3248283586343299f,1.6287883345151943f,-0.8636222356435657f,-0.15145088001059395f,0.48085264379644f,0.06451355400893044f,0f,0f,0f,1f],start_interpolation:0}
execute if entity @s[tag=aj.tutankhamen.bone.left_hand] run data modify entity @s {} merge value {transformation:[0.29784617085601095f,0.0494358514138879f,0.9533329717897079f,0.015142540984423358f,-0.4496207190042494f,0.8882157282949361f,0.09441413586745218f,1.290252877938553f,-0.8420978966536574f,-0.45675914506934606f,0.28677903662402904f,0.4543412192506745f,0f,0f,0f,1f],start_interpolation:0}
execute if entity @s[tag=aj.tutankhamen.bone.cape_left_back] run data modify entity @s {} merge value {transformation:[0.26550301716041186f,-0.3826881830382099f,0.884905589564012f,0.029941737118653555f,-0.3812272930157483f,0.801371300756533f,0.4609444536857635f,1.4113346932779933f,-0.8855359388181843f,-0.4597323056809209f,0.06687531812785119f,0.35852286978274717f,0f,0f,0f,1f],start_interpolation:0}
execute if entity @s[tag=aj.tutankhamen.bone.cape_left_side] run data modify entity @s {} merge value {transformation:[0.26550301716041186f,-0.3826881830382099f,0.884905589564012f,-0.1221563080081623f,-0.3812272930157483f,0.801371300756533f,0.4609444536857635f,1.4132834011009836f,-0.8855359388181843f,-0.4597323056809209f,0.06687531812785119f,0.48852844545710705f,0f,0f,0f,1f],start_interpolation:0}
execute if entity @s[tag=aj.tutankhamen.bone.left_arm] run data modify entity @s {} merge value {transformation:[0.29784617085601095f,-0.3580918263026682f,0.884905589564012f,-0.10830169251218658f,-0.4496207190042494f,0.765095693138077f,0.4609444536857635f,1.500762406203109f,-0.8420978966536574f,-0.5351624279382707f,0.06687531812785119f,0.25396150284559277f,0f,0f,0f,1f],start_interpolation:0}
execute if entity @s[tag=aj.tutankhamen.bone.cape_right_back] run data modify entity @s {} merge value {transformation:[0.8517932818771822f,-0.5054983120796316f,-0.13754876020358303f,0.2358327761864823f,0.034102803188117155f,0.3155055161027514f,-0.9483107444943609f,1.358262478450958f,0.5227668732462033f,0.8030739229942534f,0.28598438846029395f,-0.3552770661753528f,0f,0f,0f,1f],start_interpolation:0}
execute if entity @s[tag=aj.tutankhamen.bone.cape_right] run data modify entity @s {} merge value {transformation:[0.8517932818771822f,-0.5054983120796316f,-0.13754876020358303f,0.40331266653068776f,0.034102803188117155f,0.3155055161027514f,-0.9483107444943609f,1.6006687275726916f,0.5227668732462033f,0.8030739229942534f,0.28598438846029395f,-0.34509083934570706f,0f,0f,0f,1f],start_interpolation:0}
execute if entity @s[tag=aj.tutankhamen.bone.weapon] run data modify entity @s {} merge value {transformation:[0.09622189065501852f,-0.86194657892196f,1.3864981487382573f,0.7204117399510328f,1.4751510150219829f,-0.5491644126431557f,-0.44377427187369045f,1.3281615042361543f,0.6994701596562214f,1.2767357661560748f,0.7451677346607761f,-0.6080684196923045f,0f,0f,0f,1f],start_interpolation:0}
execute if entity @s[tag=aj.tutankhamen.bone.right_hand] run data modify entity @s {} merge value {transformation:[0.8517932818771822f,-0.5054983120796316f,-0.13754876020358303f,0.33423540276782215f,0.034102803188117155f,0.3155055161027514f,-0.9483107444943609f,1.3791594230686404f,0.5227668732462033f,0.8030739229942534f,0.28598438846029395f,-0.457198866039459f,0f,0f,0f,1f],start_interpolation:0}
execute if entity @s[tag=aj.tutankhamen.bone.right_arm] run data modify entity @s {} merge value {transformation:[0.8517932818771822f,-0.5054983120796316f,-0.13754876020358303f,0.14799788954913864f,0.034102803188117155f,0.3155055161027514f,-0.9483107444943609f,1.500762406203109f,0.5227668732462033f,0.8030739229942534f,0.28598438846029395f,-0.23307150451652647f,0f,0f,0f,1f],start_interpolation:0}
execute if entity @s[tag=aj.tutankhamen.bone.body] run data modify entity @s {} merge value {transformation:[0.46569865279923905f,-0.022741706410554615f,0.8846511061263135f,0.01705627980791596f,0f,0.9996697393245622f,0.025698487869169964f,0.18774769550657844f,-0.8849433681207933f,-0.011967751179650038f,0.465544850847615f,0.00897581338473753f,0f,0f,0f,1f],start_interpolation:0}
execute if entity @s[tag=aj.tutankhamen.bone.left_foot] run data modify entity @s {} merge value {transformation:[-0.8606834943422544f,-0.1517617219029809f,0.4859961957997702f,0.1752259492088064f,-0.17364817766693033f,0.984807753012208f,0f,0.44957311360925056f,-0.4786128215580528f,-0.08439235375369075f,-0.8739609245659392f,0.0974404487971573f,0f,0f,0f,1f],start_interpolation:0}
execute if entity @s[tag=aj.tutankhamen.bone.left_leg] run data modify entity @s {} merge value {transformation:[-0.8606834943422544f,-0.1517617219029809f,0.4859961957997702f,0.0819338366780568f,-0.17364817766693033f,0.984807753012208f,0f,0.875f,-0.4786128215580528f,-0.08439235375369075f,-0.8739609245659392f,0.045562143356228456f,0f,0f,0f,1f],start_interpolation:0}
execute if entity @s[tag=aj.tutankhamen.bone.right_foot] run data modify entity @s {} merge value {transformation:[-0.8606834943422544f,0.1517617219029809f,0.4859961957997702f,-0.1752259492088064f,0.17364817766693033f,0.984807753012208f,0f,0.44957311360925056f,-0.4786128215580528f,0.08439235375369075f,-0.8739609245659392f,-0.0974404487971573f,0f,0f,0f,1f],start_interpolation:0}
execute if entity @s[tag=aj.tutankhamen.bone.right_leg] run data modify entity @s {} merge value {transformation:[-0.8606834943422544f,0.1517617219029809f,0.4859961957997702f,-0.0819338366780568f,0.17364817766693033f,0.984807753012208f,0f,0.875f,-0.4786128215580528f,0.08439235375369075f,-0.8739609245659392f,-0.045562143356228456f,0f,0f,0f,1f],start_interpolation:0}