execute if entity @s[tag=aj.tutankhamen.bone.head] run data modify entity @s {} merge value {transformation:[-0.901986166500574f,-0.1825643007945288f,0.3912687458985239f,0f,-0.032903134536508796f,0.9326368133860934f,0.35931317545381725f,1.625f,-0.43050939499536034f,0.3112215455145066f,-0.8472324417940397f,0f,0f,0f,0f,1f],start_interpolation:0}
execute if entity @s[tag=aj.tutankhamen.bone.back_cape] run data modify entity @s {} merge value {transformation:[-0.4673322449165867f,-0.2651834419125993f,0.8433731765930256f,0.13777549565558211f,0.0015559629250540999f,0.9537056288694703f,0.30073768044936433f,1.625f,-0.8840803989686681f,0.14185667273017238f,-0.4452847769252004f,-0.07370193550279855f,0f,0f,0f,1f],start_interpolation:0}
execute if entity @s[tag=aj.tutankhamen.bone.left_hand] run data modify entity @s {} merge value {transformation:[-0.5021706375419861f,-0.07670040324935468f,0.8613603769224945f,0.335714466442529f,-0.32466942924262304f,0.9399156187905624f,-0.10558594257202675f,1.2396892683861518f,-0.8015075873040409f,-0.3326795420445031f,-0.4969003016693742f,0.26861882658189506f,0f,0f,0f,1f],start_interpolation:0}
execute if entity @s[tag=aj.tutankhamen.bone.cape_left_back] run data modify entity @s {} merge value {transformation:[-0.538045296914385f,-0.3881239894342155f,0.7482426259536277f,0.30698878286937636f,-0.24530098540084588f,0.9213608377145909f,0.30153214304156906f,1.3728498510103582f,-0.806433310962342f,-0.02130670203330952f,-0.5909410625593542f,0.19442938902297707f,0f,0f,0f,1f],start_interpolation:0}
execute if entity @s[tag=aj.tutankhamen.bone.cape_left_side] run data modify entity @s {} merge value {transformation:[-0.538045296914385f,-0.3881239894342155f,0.7482426259536277f,0.2975280322680456f,-0.24530098540084588f,0.9213608377145909f,0.30153214304156906f,1.373486612099044f,-0.806433310962342f,-0.02130670203330952f,-0.5909410625593542f,0.3943022266807623f,0f,0f,0f,1f],start_interpolation:0}
execute if entity @s[tag=aj.tutankhamen.bone.left_arm] run data modify entity @s {} merge value {transformation:[-0.5021706375419861f,-0.4335407979610396f,0.7482426259536277f,0.16233288632578316f,-0.32466942924262304f,0.8964753919813014f,0.30153214304156906f,1.5f,-0.8015075873040409f,-0.09151091779277967f,-0.5909410625593542f,0.22523770507500043f,0f,0f,0f,1f],start_interpolation:0}
execute if entity @s[tag=aj.tutankhamen.bone.cape_right_back] run data modify entity @s {} merge value {transformation:[0.2089716816411874f,0.5815519997331883f,0.7862112361689979f,-0.13576923865611243f,-0.1415537943623681f,0.8134825426732486f,-0.5640998812865348f,1.296913122916602f,-0.9676225294884728f,0.006589717155991992f,0.25231570710943335f,-0.2449265653556026f,0f,0f,0f,1f],start_interpolation:0}
execute if entity @s[tag=aj.tutankhamen.bone.cape_right] run data modify entity @s {} merge value {transformation:[0.2089716816411874f,0.5815519997331883f,0.7862112361689979f,-0.29967022244192637f,-0.1415537943623681f,0.8134825426732486f,-0.5640998812865348f,1.4158203128691156f,-0.9676225294884728f,0.006589717155991992f,0.25231570710943335f,-0.4591965123655348f,0f,0f,0f,1f],start_interpolation:0}
execute if entity @s[tag=aj.tutankhamen.bone.weapon] run data modify entity @s {} merge value {transformation:[0.3279068154225207f,1.6016793416395931f,0.041086257745509815f,-0.49265512058475486f,0.155751681619656f,0.009873678299336077f,-1.6279531927425313f,0.9973418930121987f,-1.594617887671909f,0.330323282032785f,-0.1505589428595295f,-0.3673927833747683f,0f,0f,0f,1f],start_interpolation:0}
execute if entity @s[tag=aj.tutankhamen.bone.right_hand] run data modify entity @s {} merge value {transformation:[0.2089716816411874f,0.5815519997331883f,0.7862112361689979f,-0.25107107583203625f,-0.1415537943623681f,0.8134825426732486f,-0.5640998812865348f,1.2260604915890303f,-0.9676225294884728f,0.006589717155991992f,0.25231570710943335f,-0.29175821574095595f,0f,0f,0f,1f],start_interpolation:0}
execute if entity @s[tag=aj.tutankhamen.bone.right_arm] run data modify entity @s {} merge value {transformation:[0.2089716816411874f,0.5815519997331883f,0.7862112361689979f,-0.0972653774415301f,-0.1415537943623681f,0.8134825426732486f,-0.5640998812865348f,1.5f,-0.9676225294884728f,0.006589717155991992f,0.25231570710943335f,-0.2600450655587781f,0f,0f,0f,1f],start_interpolation:0}
execute if entity @s[tag=aj.tutankhamen.bone.body] run data modify entity @s {} merge value {transformation:[-0.4716923872179107f,0f,0.8817631721957255f,0f,0f,1f,0f,0.1875f,-0.8817631721957255f,0f,-0.4716923872179107f,0f,0f,0f,0f,1f],start_interpolation:0}
execute if entity @s[tag=aj.tutankhamen.bone.left_foot] run data modify entity @s {} merge value {transformation:[-0.7228060217526638f,-0.12745020345354427f,0.6791965110023298f,0.14715557122684525f,-0.17364817766693033f,0.984807753012208f,0f,0.44957311360925056f,-0.6688779898539359f,-0.11794123641329177f,-0.7339564697189216f,0.13617640102021905f,0f,0f,0f,1f],start_interpolation:0}
execute if entity @s[tag=aj.tutankhamen.bone.left_leg] run data modify entity @s {} merge value {transformation:[-0.7228060217526638f,-0.12745020345354427f,0.6791965110023298f,0.0688084190361489f,-0.17364817766693033f,0.984807753012208f,0f,0.875f,-0.6688779898539359f,-0.11794123641329177f,-0.7339564697189216f,0.06367467290646842f,0f,0f,0f,1f],start_interpolation:0}
execute if entity @s[tag=aj.tutankhamen.bone.right_foot] run data modify entity @s {} merge value {transformation:[-0.7228060217526638f,0.12745020345354427f,0.6791965110023298f,-0.14715557122684525f,0.17364817766693033f,0.984807753012208f,0f,0.44957311360925056f,-0.6688779898539359f,0.11794123641329177f,-0.7339564697189216f,-0.13617640102021905f,0f,0f,0f,1f],start_interpolation:0}
execute if entity @s[tag=aj.tutankhamen.bone.right_leg] run data modify entity @s {} merge value {transformation:[-0.7228060217526638f,0.12745020345354427f,0.6791965110023298f,-0.0688084190361489f,0.17364817766693033f,0.984807753012208f,0f,0.875f,-0.6688779898539359f,0.11794123641329177f,-0.7339564697189216f,-0.06367467290646842f,0f,0f,0f,1f],start_interpolation:0}