execute if entity @s[tag=aj.tutankhamen.bone.head] run data modify entity @s {} merge value {transformation:[-0.5323287104237078f,-0.3233297954384176f,0.7823579663046725f,0f,-0.13219896417777802f,0.9445980923861697f,0.30042948878352776f,1.625f,-0.8361516476865632f,0.05650032957567846f,-0.5455805484333958f,0f,0f,0f,0f,1f],start_interpolation:0}
execute if entity @s[tag=aj.tutankhamen.bone.back_cape] run data modify entity @s {} merge value {transformation:[-0.0007227723029294524f,-0.30068595681664684f,0.9537229330227177f,0.15618431485015213f,0.00890591992067619f,0.9536834233907944f,0.300680249667286f,1.625f,-0.9999600802984909f,0.008711103424510173f,0.0019885890884911474f,-0.004530153947554134f,0f,0f,0f,1f],start_interpolation:0}
execute if entity @s[tag=aj.tutankhamen.bone.left_hand] run data modify entity @s {} merge value {transformation:[-0.11655507393533156f,-0.02745559123416841f,0.9928046662107867f,0.21084384517660135f,-0.38190907971441185f,0.9239987071022651f,-0.019283259709743483f,1.2595618548696257f,-0.9168207946876098f,-0.38140867816991864f,-0.11818227720371165f,0.39375554621282327f,0f,0f,0f,1f],start_interpolation:0}
execute if entity @s[tag=aj.tutankhamen.bone.cape_left_back] run data modify entity @s {} merge value {transformation:[-0.15484884026702106f,-0.4326108476121443f,0.8881833657507106f,0.2011719836843052f,-0.3067589366681866f,0.8756445761040047f,0.37302215901182234f,1.3883803760624878f,-0.9391063791936258f,-0.21469613612717792f,-0.2682997907004367f,0.3078880785674478f,0f,0f,0f,1f],start_interpolation:0}
execute if entity @s[tag=aj.tutankhamen.bone.cape_left_side] run data modify entity @s {} merge value {transformation:[-0.15484884026702106f,-0.4326108476121443f,0.8881833657507106f,0.11434419425718842f,-0.3067589366681866f,0.8756445761040047f,0.37302215901182234f,1.3896836900404141f,-0.9391063791936258f,-0.21469613612717792f,-0.2682997907004367f,0.48816092415400647f,0f,0f,0f,1f],start_interpolation:0}
execute if entity @s[tag=aj.tutankhamen.bone.left_arm] run data modify entity @s {} merge value {transformation:[-0.11655507393533156f,-0.44446059841527996f,0.8881833657507106f,0.04485895657403522f,-0.38190907971441185f,0.8455766811578058f,0.37302215901182234f,1.5f,-0.9168207946876098f,-0.2957276665083627f,-0.2682997907004367f,0.2739920870853779f,0f,0f,0f,1f],start_interpolation:0}
execute if entity @s[tag=aj.tutankhamen.bone.cape_right_back] run data modify entity @s {} merge value {transformation:[0.881185982992152f,0.16351947380459492f,-0.4435906277919128f,-0.03548837506108765f,-0.45818117766475297f,0.5266638234726726f,-0.7160273915702429f,1.3353835295974479f,0.1165387137902893f,0.8341981771328765f,0.5390103240720822f,-0.38434719798395434f,0f,0f,0f,1f],start_interpolation:0}
execute if entity @s[tag=aj.tutankhamen.bone.cape_right] run data modify entity @s {} merge value {transformation:[0.881185982992152f,0.16351947380459492f,-0.4435906277919128f,0.2130945917294143f,-0.45818117766475297f,0.5266638234726726f,-0.7160273915702429f,1.4427995684798909f,0.1165387137902893f,0.8341981771328765f,0.5390103240720822f,-0.5008906049722421f,0f,0f,0f,1f],start_interpolation:0}
execute if entity @s[tag=aj.tutankhamen.bone.weapon] run data modify entity @s {} merge value {transformation:[1.4336001175522888f,0.7591796557077379f,0.20742378582181892f,0.11498142738721545f,0.6616761109525384f,-1.3960546696013962f,0.5364734450930191f,1.0843152532127551f,0.42610221867516695f,-0.38634865530337825f,-1.5309341231406668f,-0.8085801204684717f,0f,0f,0f,1f],start_interpolation:0}
execute if entity @s[tag=aj.tutankhamen.bone.right_hand] run data modify entity @s {} merge value {transformation:[0.881185982992152f,0.16351947380459492f,-0.4435906277919128f,-0.0006668330811627002f,-0.45818117766475297f,0.5266638234726726f,-0.7160273915702429f,1.2999841018344804f,0.1165387137902893f,0.8341981771328765f,0.5390103240720822f,-0.5186682805741225f,0f,0f,0f,1f],start_interpolation:0}
execute if entity @s[tag=aj.tutankhamen.bone.right_arm] run data modify entity @s {} merge value {transformation:[0.881185982992152f,0.16351947380459492f,-0.4435906277919128f,0.028902522168875823f,-0.45818117766475297f,0.5266638234726726f,-0.7160273915702429f,1.5f,0.1165387137902893f,0.8341981771328765f,0.5390103240720822f,-0.2761315519504972f,0f,0f,0f,1f],start_interpolation:0}
execute if entity @s[tag=aj.tutankhamen.bone.body] run data modify entity @s {} merge value {transformation:[-0.02899298526434646f,0f,0.9995796150409737f,0f,0f,1f,0f,0.1875f,-0.9995796150409737f,0f,-0.02899298526434646f,0f,0f,0f,0f,1f],start_interpolation:0}
execute if entity @s[tag=aj.tutankhamen.bone.left_foot] run data modify entity @s {} merge value {transformation:[-0.8325090059803467f,-0.14679379943711993f,0.5342100105842547f,0.1694899248756564f,-0.17364817766693033f,0.984807753012208f,0f,0.44957311360925056f,-0.5260941601601077f,-0.09276459482938738f,-0.8453517993069929f,0.10710714123513422f,0f,0f,0f,1f],start_interpolation:0}
execute if entity @s[tag=aj.tutankhamen.bone.left_leg] run data modify entity @s {} merge value {transformation:[-0.8325090059803467f,-0.14679379943711993f,0.5342100105842547f,0.07925173118503058f,-0.17364817766693033f,0.984807753012208f,0f,0.875f,-0.5260941601601077f,-0.09276459482938738f,-0.8453517993069929f,0.050082188492273874f,0f,0f,0f,1f],start_interpolation:0}
execute if entity @s[tag=aj.tutankhamen.bone.right_foot] run data modify entity @s {} merge value {transformation:[-0.8325090059803467f,0.14679379943711993f,0.5342100105842547f,-0.1694899248756564f,0.17364817766693033f,0.984807753012208f,0f,0.44957311360925056f,-0.5260941601601077f,0.09276459482938738f,-0.8453517993069929f,-0.10710714123513422f,0f,0f,0f,1f],start_interpolation:0}
execute if entity @s[tag=aj.tutankhamen.bone.right_leg] run data modify entity @s {} merge value {transformation:[-0.8325090059803467f,0.14679379943711993f,0.5342100105842547f,-0.07925173118503058f,0.17364817766693033f,0.984807753012208f,0f,0.875f,-0.5260941601601077f,0.09276459482938738f,-0.8453517993069929f,-0.050082188492273874f,0f,0f,0f,1f],start_interpolation:0}