execute if entity @s[tag=aj.tutankhamen.bone.head] run data modify entity @s {} merge value {transformation:[-0.9964840140365373f,-0.05177906375336247f,0.06586758175654683f,0f,-0.023705251635547403f,0.9282873380026148f,0.3711073687612719f,1.625f,-0.08035963423588695f,0.36824115286160586f,-0.926250928487864f,0f,0f,0f,0f,1f],start_interpolation:0}
execute if entity @s[tag=aj.tutankhamen.bone.back_cape] run data modify entity @s {} merge value {transformation:[-0.9962879714886811f,-0.013132690166379666f,0.0850753214273271f,0.00681552927583377f,0.01308714244130835f,0.9536991921608615f,0.3004772496786421f,1.625f,-0.085082339940143f,0.3004752624105918f,-0.9499871641814936f,-0.15610128462216527f,0f,0f,0f,1f],start_interpolation:0}
execute if entity @s[tag=aj.tutankhamen.bone.left_hand] run data modify entity @s {} merge value {transformation:[-0.7909396836401538f,0.6109012824454588f,0.034843076065511625f,0.14504516382042676f,0.1838168946094037f,0.2915306552038084f,-0.9387338421153215f,1.2679662775036098f,-0.5836315328178976f,-0.7360771020639969f,-0.3428771408503335f,0.1441927605366932f,0f,0f,0f,1f],start_interpolation:0}
execute if entity @s[tag=aj.tutankhamen.bone.cape_left_back] run data modify entity @s {} merge value {transformation:[-0.7409582670539927f,0.6058233781174135f,0.28975658924474734f,0.21361509051986755f,0.2407223562190793f,0.6424067835702088f,-0.7275756123175883f,1.319746379012198f,-0.6269239138050794f,-0.46935227596058837f,-0.6218318481309373f,0.015049566573305362f,0f,0f,0f,1f],start_interpolation:0}
execute if entity @s[tag=aj.tutankhamen.bone.cape_left_side] run data modify entity @s {} merge value {transformation:[-0.7409582670539927f,0.6058233781174135f,0.28975658924474734f,0.2931702460914605f,0.2407223562190793f,0.6424067835702088f,-0.7275756123175883f,1.3730804623926653f,-0.6269239138050794f,-0.46935227596058837f,-0.6218318481309373f,0.19073540912171616f,0f,0f,0f,1f],start_interpolation:0}
execute if entity @s[tag=aj.tutankhamen.bone.left_arm] run data modify entity @s {} merge value {transformation:[-0.7909396836401538f,0.5389392691504897f,0.28975658924474734f,0.27652498381541996f,0.1838168946094037f,0.6609425675630536f,-0.7275756123175883f,1.5f,-0.5836315328178976f,-0.5222062682031825f,-0.6218318481309373f,-0.024858058978814834f,0f,0f,0f,1f],start_interpolation:0}
execute if entity @s[tag=aj.tutankhamen.bone.cape_right_back] run data modify entity @s {} merge value {transformation:[-0.9343167680000566f,-0.35162278679302694f,0.05842596034156468f,-0.20790302001980804f,-0.2632452201062129f,0.570176777059968f,-0.7782033134038553f,1.3229306675288561f,0.24032089198644407f,-0.7424687594164572f,-0.6252887414350483f,0.036717751141700894f,0f,0f,0f,1f],start_interpolation:0}
execute if entity @s[tag=aj.tutankhamen.bone.cape_right] run data modify entity @s {} merge value {transformation:[-0.9343167680000566f,-0.35162278679302694f,0.05842596034156468f,-0.36849650510520804f,-0.2632452201062129f,0.570176777059968f,-0.7782033134038553f,1.476349430238224f,0.24032089198644407f,-0.7424687594164572f,-0.6252887414350483f,0.23059007587334485f,0f,0f,0f,1f],start_interpolation:0}
execute if entity @s[tag=aj.tutankhamen.bone.weapon] run data modify entity @s {} merge value {transformation:[-1.604192808707053f,-0.31426269075532864f,-0.048908765092858006f,-0.1000556184281321f,0.05471309569835781f,-0.024941642079124988f,-1.6343108839081413f,0.763944012411888f,0.31330429818754485f,-1.6047443875274117f,0.03497915161338943f,0.4756194941869901f,0f,0f,0f,1f],start_interpolation:0}
execute if entity @s[tag=aj.tutankhamen.bone.right_hand] run data modify entity @s {} merge value {transformation:[-0.9343167680000566f,-0.35162278679302694f,0.05842596034156468f,-0.19679919319202924f,-0.2632452201062129f,0.570176777059968f,-0.7782033134038553f,1.292069864355782f,0.24032089198644407f,-0.7424687594164572f,-0.6252887414350483f,0.17611692028302492f,0f,0f,0f,1f],start_interpolation:0}
execute if entity @s[tag=aj.tutankhamen.bone.right_arm] run data modify entity @s {} merge value {transformation:[-0.9343167680000566f,-0.35162278679302694f,0.05842596034156468f,-0.2733062001732634f,-0.2632452201062129f,0.570176777059968f,-0.7782033134038553f,1.5f,0.24032089198644407f,-0.7424687594164572f,-0.6252887414350483f,-0.048864206912264396f,0f,0f,0f,1f],start_interpolation:0}