execute if entity @s[tag=aj.tutankhamen.bone.head] run data modify entity @s {} merge value {transformation:[-0.996934324852558f,0.009270186716615532f,0.07769179859556274f,0.010256612518948209f,-0.03488031685612354f,0.8361743341922605f,-0.5473534930318307f,1.5835386767903121f,-0.07003795704324067f,-0.5483853995835128f,-0.8332875482670075f,-0.2349150484550935f,0f,0f,0f,1f],start_interpolation:0}
execute if entity @s[tag=aj.tutankhamen.bone.back_cape] run data modify entity @s {} merge value {transformation:[-0.9962036625834958f,0.0018815869333916237f,0.0870328804868637f,0.01666111508619953f,-0.0019134473380354785f,0.9990515669476195f,-0.04350063561364126f,1.5300980293956763f,-0.08703218585393094f,-0.04350202535650871f,-0.9952552297854901f,-0.38160227370974303f,0f,0f,0f,1f],start_interpolation:0}
execute if entity @s[tag=aj.tutankhamen.bone.left_hand] run data modify entity @s {} merge value {transformation:[-0.9013195698331057f,-0.41264153328228753f,-0.13171939130708274f,0.41041051225907166f,-0.36453307933889256f,0.8868596125148638f,-0.2838937508253577f,1.1814010009263725f,0.23396296096512847f,-0.2078629180504028f,-0.949765413244766f,-0.3144213926835823f,0f,0f,0f,1f],start_interpolation:0}
execute if entity @s[tag=aj.tutankhamen.bone.cape_left_back] run data modify entity @s {} merge value {transformation:[-0.9256326014056185f,-0.23854676023170174f,-0.29376815756311403f,0.320295702836295f,-0.28263611240508046f,0.9520024734562685f,0.11750795078499793f,1.3056182972449257f,0.2516368716615479f,0.19179868017300267f,-0.948626454988624f,-0.3370126017011832f,0f,0f,0f,1f],start_interpolation:0}
execute if entity @s[tag=aj.tutankhamen.bone.cape_left_side] run data modify entity @s {} merge value {transformation:[-0.9256326014056185f,-0.23854676023170174f,-0.29376815756311403f,0.5016468165013122f,-0.28263611240508046f,0.9520024734562685f,0.11750795078499793f,1.335091695960095f,0.2516368716615479f,0.19179868017300267f,-0.948626454988624f,-0.257752556024722f,0f,0f,0f,1f],start_interpolation:0}
execute if entity @s[tag=aj.tutankhamen.bone.left_arm] run data modify entity @s {} merge value {transformation:[-0.9013195698331057f,-0.31831321467673784f,-0.29376815756311403f,0.28481969949170155f,-0.36453307933889256f,0.923746456323387f,0.11750795078499793f,1.4534578384788936f,0.23396296096512847f,0.213000426741699f,-0.948626454988624f,-0.21483828211926542f,0f,0f,0f,1f],start_interpolation:0}
execute if entity @s[tag=aj.tutankhamen.bone.cape_right_back] run data modify entity @s {} merge value {transformation:[-0.9375055018897835f,-0.09029521383069489f,0.3360509013314117f,-0.22416678946577484f,-0.15132901202273752f,-0.7638401419338792f,-0.6274135539583552f,1.5404814327614296f,0.31334160918493936f,-0.6390579096840134f,0.702440050127904f,-0.05523070249873063f,0f,0f,0f,1f],start_interpolation:0}
execute if entity @s[tag=aj.tutankhamen.bone.cape_right] run data modify entity @s {} merge value {transformation:[-0.9375055018897835f,-0.09029521383069489f,0.3360509013314117f,-0.45466474946890645f,-0.15132901202273752f,-0.7638401419338792f,-0.6274135539583552f,1.6736896631224656f,0.31334160918493936f,-0.6390579096840134f,0.702440050127904f,-0.18188108859555985f,0f,0f,0f,1f],start_interpolation:0}
execute if entity @s[tag=aj.tutankhamen.bone.weapon] run data modify entity @s {} merge value {transformation:[-0.9624913351303486f,0.3014229130284045f,-1.2873780839021542f,-0.4697967972808621f,-0.06228447745448321f,-1.600920968228328f,-0.3282687480802995f,1.9199241062117012f,-1.3207265982323264f,-0.14416641286879542f,0.9536692150496016f,0.2428184502440188f,0f,0f,0f,1f],start_interpolation:0}
execute if entity @s[tag=aj.tutankhamen.bone.right_hand] run data modify entity @s {} merge value {transformation:[-0.9375055018897835f,-0.09029521383069489f,0.3360509013314117f,-0.26318011600420693f,-0.15132901202273752f,-0.7638401419338792f,-0.6274135539583552f,1.670445765999851f,0.31334160918493936f,-0.6390579096840134f,0.702440050127904f,-0.00945904163419356f,0f,0f,0f,1f],start_interpolation:0}
execute if entity @s[tag=aj.tutankhamen.bone.right_arm] run data modify entity @s {} merge value {transformation:[-0.9375055018897835f,-0.09029521383069489f,0.3360509013314117f,-0.2650114844969818f,-0.15132901202273752f,-0.7638401419338792f,-0.6274135539583552f,1.4534578384788936f,0.31334160918493936f,-0.6390579096840134f,0.702440050127904f,-0.238844430052715f,0f,0f,0f,1f],start_interpolation:0}
execute if entity @s[tag=aj.tutankhamen.bone.body] run data modify entity @s {} merge value {transformation:[-0.9990482215818578f,0.014918709118470123f,0.04098881643040844f,-0.011189031838852592f,0f,0.9396926207859084f,-0.3420201433256687f,0.23273053441056868f,-0.043619387365336125f,-0.3416946159346815f,-0.9387982416297569f,0.2562709619510111f,0f,0f,0f,1f],start_interpolation:0}
execute if entity @s[tag=aj.tutankhamen.bone.left_foot] run data modify entity @s {} merge value {transformation:[-0.9838704342468719f,-0.1734829030790772f,-0.043619387365335875f,0.2003054919406102f,-0.17364817766693033f,0.984807753012208f,0f,0.44957311360925056f,0.04295671085902552f,0.0075744271269385f,-0.9990482215818578f,-0.00874552664788038f,0f,0f,0f,1f],start_interpolation:0}
execute if entity @s[tag=aj.tutankhamen.bone.left_leg] run data modify entity @s {} merge value {transformation:[-0.9838704342468719f,-0.1734829030790772f,-0.043619387365335875f,0.09366077077329917f,-0.17364817766693033f,0.984807753012208f,0f,0.875f,0.04295671085902552f,0.0075744271269385f,-0.9990482215818578f,-0.004089317565500238f,0f,0f,0f,1f],start_interpolation:0}
execute if entity @s[tag=aj.tutankhamen.bone.right_foot] run data modify entity @s {} merge value {transformation:[-0.9838704342468719f,0.1734829030790772f,-0.043619387365335875f,-0.2003054919406102f,0.17364817766693033f,0.984807753012208f,0f,0.44957311360925056f,0.04295671085902552f,-0.0075744271269385f,-0.9990482215818578f,0.00874552664788038f,0f,0f,0f,1f],start_interpolation:0}
execute if entity @s[tag=aj.tutankhamen.bone.right_leg] run data modify entity @s {} merge value {transformation:[-0.9838704342468719f,0.1734829030790772f,-0.043619387365335875f,-0.09366077077329917f,0.17364817766693033f,0.984807753012208f,0f,0.875f,0.04295671085902552f,-0.0075744271269385f,-0.9990482215818578f,0.004089317565500238f,0f,0f,0f,1f],start_interpolation:0}