execute if entity @s[tag=aj.tutankhamen.bone.head] run data modify entity @s {} merge value {transformation:[-0.9526341110571116f,-0.12611254973675748f,0.2767379179825569f,0f,-0.014544483013382417f,0.9278180093357855f,0.37274951316675603f,1.625f,-0.3037708156889004f,0.35106889117532764f,-0.8857053263837955f,0f,0f,0f,0f,1f],start_interpolation:0}
execute if entity @s[tag=aj.tutankhamen.bone.back_cape] run data modify entity @s {} merge value {transformation:[-0.6106574218937728f,-0.23755107208506487f,0.7554250467367938f,0.12342391389666499f,0.0010204419134037443f,0.9537092648008818f,0.3007284438347377f,1.625f,-0.7918942301749345f,0.18441292358237238f,-0.5821472338089824f,-0.09581544749375556f,0f,0f,0f,1f],start_interpolation:0}
execute if entity @s[tag=aj.tutankhamen.bone.left_hand] run data modify entity @s {} merge value {transformation:[-0.5979768949070119f,-0.015552704789652538f,0.8013624314447829f,0.3488734383670502f,-0.27334936125533155f,0.9438284171951574f,-0.18565571791944968f,1.2242753456114264f,-0.75346118669688f,-0.3300697384926554f,-0.5686389081594043f,0.22447874452840982f,0f,0f,0f,1f],start_interpolation:0}
execute if entity @s[tag=aj.tutankhamen.bone.cape_left_back] run data modify entity @s {} merge value {transformation:[-0.6264469893915481f,-0.29930643395366086f,0.7197081547934611f,0.32662422590485884f,-0.19091787534273266f,0.9541308862311872f,0.23061790219821612f,1.3597592842484025f,-0.7557212014737198f,0.007064738751860818f,-0.6548553696118598f,0.15229804611743644f,0f,0f,0f,1f],start_interpolation:0}
execute if entity @s[tag=aj.tutankhamen.bone.cape_left_side] run data modify entity @s {} merge value {transformation:[-0.6264469893915481f,-0.29930643395366086f,0.7197081547934611f,0.3345430486481056f,-0.19091787534273266f,0.9541308862311872f,0.23061790219821612f,1.3607629644959276f,-0.7557212014737198f,0.007064738751860818f,-0.6548553696118598f,0.35223640504918763f,0f,0f,0f,1f],start_interpolation:0}
execute if entity @s[tag=aj.tutankhamen.bone.left_arm] run data modify entity @s {} merge value {transformation:[-0.5979768949070119f,-0.35276593526183886f,0.7197081547934611f,0.19788886326926558f,-0.27334936125533155f,0.9338605409197865f,0.23061790219821612f,1.5f,-0.75346118669688f,-0.05882758733658763f,-0.6548553696118598f,0.19474082151493155f,0f,0f,0f,1f],start_interpolation:0}
execute if entity @s[tag=aj.tutankhamen.bone.cape_right_back] run data modify entity @s {} merge value {transformation:[-0.1076407514497465f,0.39465150149535744f,0.9125040608100294f,-0.1338549799514263f,0.11354201649368464f,0.9167114192997089f,-0.38307751724169486f,1.2950555269667796f,-0.9876850100704584f,0.06237279930364731f,-0.14348503332802764f,-0.27032596113186347f,0f,0f,0f,1f],start_interpolation:0}
execute if entity @s[tag=aj.tutankhamen.bone.cape_right] run data modify entity @s {} merge value {transformation:[-0.1076407514497465f,0.39465150149535744f,0.9125040608100294f,-0.37879986256795656f,0.11354201649368464f,0.9167114192997089f,-0.38307751724169486f,1.4085658463543416f,-0.9876850100704584f,0.06237279930364731f,-0.14348503332802764f,-0.38878048562336565f,0f,0f,0f,1f],start_interpolation:0}
execute if entity @s[tag=aj.tutankhamen.bone.weapon] run data modify entity @s {} merge value {transformation:[-0.21690191801742917f,1.1209398329074123f,1.1709120900276733f,-0.4391126886089541f,0.35349618148047907f,1.1856250543360776f,-1.0695425909333411f,0.921498777634121f,-1.5819550187189872f,0.11124205653972198f,-0.3995387305602958f,-0.350610346700922f,0f,0f,0f,1f],start_interpolation:0}
execute if entity @s[tag=aj.tutankhamen.bone.right_hand] run data modify entity @s {} merge value {transformation:[-0.1076407514497465f,0.39465150149535744f,0.9125040608100294f,-0.2435816949217774f,0.11354201649368464f,0.9167114192997089f,-0.38307751724169486f,1.2079571323973495f,-0.9876850100704584f,0.06237279930364731f,-0.14348503332802764f,-0.3000199030265194f,0f,0f,0f,1f],start_interpolation:0}
execute if entity @s[tag=aj.tutankhamen.bone.right_arm] run data modify entity @s {} merge value {transformation:[-0.1076407514497465f,0.39465150149535744f,0.9125040608100294f,-0.13959920460545983f,0.11354201649368464f,0.9167114192997089f,-0.38307751724169486f,1.5f,-0.9876850100704584f,0.06237279930364731f,-0.14348503332802764f,-0.23999177453370246f,0f,0f,0f,1f],start_interpolation:0}
execute if entity @s[tag=aj.tutankhamen.bone.body] run data modify entity @s {} merge value {transformation:[-0.6132188639600356f,0f,0.7899130489386559f,0f,0f,1f,0f,0.1875f,-0.7899130489386559f,0f,-0.6132188639600356f,0f,0f,0f,0f,1f],start_interpolation:0}
execute if entity @s[tag=aj.tutankhamen.bone.left_foot] run data modify entity @s {} merge value {transformation:[-0.7395028994358076f,-0.13039431348267155f,0.6604035014575683f,0.15055487684858032f,-0.17364817766693033f,0.984807753012208f,0f,0.44957311360925056f,-0.6503704883518223f,-0.1146778645529667f,-0.750910923653787f,0.1324084717645644f,0f,0f,0f,1f],start_interpolation:0}
execute if entity @s[tag=aj.tutankhamen.bone.left_leg] run data modify entity @s {} merge value {transformation:[-0.7395028994358076f,-0.13039431348267155f,0.6604035014575683f,0.07039789909254253f,-0.17364817766693033f,0.984807753012208f,0f,0.875f,-0.6503704883518223f,-0.1146778645529667f,-0.750910923653787f,0.06191282826164703f,0f,0f,0f,1f],start_interpolation:0}
execute if entity @s[tag=aj.tutankhamen.bone.right_foot] run data modify entity @s {} merge value {transformation:[-0.7395028994358076f,0.13039431348267155f,0.6604035014575683f,-0.15055487684858032f,0.17364817766693033f,0.984807753012208f,0f,0.44957311360925056f,-0.6503704883518223f,0.1146778645529667f,-0.750910923653787f,-0.1324084717645644f,0f,0f,0f,1f],start_interpolation:0}
execute if entity @s[tag=aj.tutankhamen.bone.right_leg] run data modify entity @s {} merge value {transformation:[-0.7395028994358076f,0.13039431348267155f,0.6604035014575683f,-0.07039789909254253f,0.17364817766693033f,0.984807753012208f,0f,0.875f,-0.6503704883518223f,0.1146778645529667f,-0.750910923653787f,-0.06191282826164703f,0f,0f,0f,1f],start_interpolation:0}