execute if entity @s[tag=aj.tutankhamen.bone.head] run data modify entity @s {} merge value {transformation:[-0.04546114123783057f,-0.32127392819745837f,0.9458944696412639f,-0.014329013897500284f,-0.22819756501947547f,0.9251774289456409f,0.3032698407173323f,1.624808501146334f,-0.9725529065076799f,-0.20206382167549955f,-0.11537354988625248f,-0.007612727021571502f,0f,0f,0f,1f],start_interpolation:0}
execute if entity @s[tag=aj.tutankhamen.bone.back_cape] run data modify entity @s {} merge value {transformation:[0.5076014170633387f,-0.28540071238262377f,0.8129497123234504f,0.12361763326309415f,0.01503631149796916f,0.9463343738117782f,0.32283922047794295f,1.6284961666208377f,-0.8614608004615335f,-0.1516498806915477f,0.4846520431757333f,0.06567564968646188f,0f,0f,0f,1f],start_interpolation:0}
execute if entity @s[tag=aj.tutankhamen.bone.left_hand] run data modify entity @s {} merge value {transformation:[0.29912330900428474f,0.0509989263343848f,0.9528506470182339f,0.014639563294280983f,-0.450588028921519f,0.8877762663647828f,0.09393470642966106f,1.2902859510470621f,-0.8411276206396667f,-0.45744115511412625f,0.28853408014462734f,0.45488971896969865f,0f,0f,0f,1f],start_interpolation:0}
execute if entity @s[tag=aj.tutankhamen.bone.cape_left_back] run data modify entity @s {} merge value {transformation:[0.2669165283502113f,-0.3811851930966635f,0.8851290388736153f,0.029716502143818685f,-0.38220797597689826f,0.8012606798286064f,0.4603242184159362f,1.4112722246923952f,-0.8846878715078631f,-0.4611715207213678f,0.0681776978375429f,0.358994016192069f,0f,0f,0f,1f],start_interpolation:0}
execute if entity @s[tag=aj.tutankhamen.bone.cape_left_side] run data modify entity @s {} merge value {transformation:[0.2669165283502113f,-0.3811851930966635f,0.8851290388736153f,-0.12263033527010372f,-0.38220797597689826f,0.8012606798286064f,0.4603242184159362f,1.4134516936367936f,-0.8846878715078631f,-0.4611715207213678f,0.0681776978375429f,0.48870428388547976f,0f,0f,0f,1f],start_interpolation:0}
execute if entity @s[tag=aj.tutankhamen.bone.left_arm] run data modify entity @s {} merge value {transformation:[0.29912330900428474f,-0.3564713600739854f,0.8851290388736153f,-0.10825632965758736f,-0.450588028921519f,0.7649000210042995f,0.4603242184159362f,1.5007141096942154f,-0.8411276206396667f,-0.5365222523946468f,0.0681776978375429f,0.25408792474403963f,0f,0f,0f,1f],start_interpolation:0}
execute if entity @s[tag=aj.tutankhamen.bone.cape_right_back] run data modify entity @s {} merge value {transformation:[0.8512342215345624f,-0.5082935828826339f,-0.13052943610075868f,0.23893122511349724f,0.03368083512350604f,0.30113151499315444f,-0.9529876242760504f,1.360494694101975f,0.5237040208303066f,0.806819338066622f,0.2734532031041274f,-0.3559392467490601f,0f,0f,0f,1f],start_interpolation:0}
execute if entity @s[tag=aj.tutankhamen.bone.cape_right] run data modify entity @s {} merge value {transformation:[0.8512342215345624f,-0.5082935828826339f,-0.13052943610075868f,0.40456893125346227f,0.03368083512350604f,0.30113151499315444f,-0.9529876242760504f,1.6040042306590356f,0.5237040208303066f,0.806819338066622f,0.2734532031041274f,-0.3424737942703565f,0f,0f,0f,1f],start_interpolation:0}
execute if entity @s[tag=aj.tutankhamen.bone.weapon] run data modify entity @s {} merge value {transformation:[0.08470021663439377f,-0.8584477615114486f,1.3894174994108792f,0.7251571896655934f,1.4665447225911012f,-0.5723363807908164f,-0.44301841663137587f,1.3373453816342442f,0.7187907369696608f,1.2688917138945952f,0.7401630688350768f,-0.6078730816111906f,0f,0f,0f,1f],start_interpolation:0}
execute if entity @s[tag=aj.tutankhamen.bone.right_hand] run data modify entity @s {} merge value {transformation:[0.8512342215345624f,-0.5082935828826339f,-0.13052943610075868f,0.33722708215307895f,0.03368083512350604f,0.30113151499315444f,-0.9529876242760504f,1.3834675073426936f,0.5237040208303066f,0.806819338066622f,0.2734532031041274f,-0.45751673855044867f,0f,0f,0f,1f],start_interpolation:0}
execute if entity @s[tag=aj.tutankhamen.bone.right_arm] run data modify entity @s {} merge value {transformation:[0.8512342215345624f,-0.5082935828826339f,-0.13052943610075868f,0.14995719131859697f,0.03368083512350604f,0.30113151499315444f,-0.9529876242760504f,1.5007141096942154f,0.5237040208303066f,0.806819338066622f,0.2734532031041274f,-0.23193306617104573f,0f,0f,0f,1f],start_interpolation:0}
execute if entity @s[tag=aj.tutankhamen.bone.body] run data modify entity @s {} merge value {transformation:[0.46917629707404185f,-0.020842202032727686f,0.8828585418278043f,0.015631651524545764f,0f,0.9997214562128496f,0.023601059036822383f,0.18770890784036287f,-0.8831045251066773f,-0.011073057485922185f,0.46904561093141367f,0.008304793114441638f,0f,0f,0f,1f],start_interpolation:0}
execute if entity @s[tag=aj.tutankhamen.bone.left_foot] run data modify entity @s {} merge value {transformation:[-0.8639579784239253f,-0.15233910179447985f,0.47996813392359217f,0.17589259912733235f,-0.17364817766693033f,0.984807753012208f,0f,0.44957311360925056f,-0.47267633948675536f,-0.08334559179402895f,-0.877285922842664f,0.09623184457418554f,0f,0f,0f,1f],start_interpolation:0}
execute if entity @s[tag=aj.tutankhamen.bone.left_leg] run data modify entity @s {} merge value {transformation:[-0.8639579784239253f,-0.15233910179447985f,0.47996813392359217f,0.08224555526649975f,-0.17364817766693033f,0.984807753012208f,0f,0.875f,-0.47267633948675536f,-0.08334559179402895f,-0.877285922842664f,0.044997012555336766f,0f,0f,0f,1f],start_interpolation:0}
execute if entity @s[tag=aj.tutankhamen.bone.right_foot] run data modify entity @s {} merge value {transformation:[-0.8639579784239253f,0.15233910179447985f,0.47996813392359217f,-0.17589259912733235f,0.17364817766693033f,0.984807753012208f,0f,0.44957311360925056f,-0.47267633948675536f,0.08334559179402895f,-0.877285922842664f,-0.09623184457418554f,0f,0f,0f,1f],start_interpolation:0}
execute if entity @s[tag=aj.tutankhamen.bone.right_leg] run data modify entity @s {} merge value {transformation:[-0.8639579784239253f,0.15233910179447985f,0.47996813392359217f,-0.08224555526649975f,0.17364817766693033f,0.984807753012208f,0f,0.875f,-0.47267633948675536f,0.08334559179402895f,-0.877285922842664f,-0.044997012555336766f,0f,0f,0f,1f],start_interpolation:0}