execute if entity @s[tag=aj.tutankhamen.bone.head] run data modify entity @s {} merge value {transformation:[-0.4612472585393699f,-0.32409662648717036f,0.8259614659229275f,0f,-0.14363625911803418f,0.9458960130672299f,0.29094562641513566f,1.625f,-0.8755681535760039f,0.015559857427184028f,-0.48284396991197165f,0f,0f,0f,0f,1f],start_interpolation:0}
execute if entity @s[tag=aj.tutankhamen.bone.back_cape] run data modify entity @s {} merge value {transformation:[0.09585216786543946f,-0.30015186061035043f,0.9490633395551851f,0.15590801906450164f,0.009395519764613613f,0.9536837820350909f,0.30066421152441475f,1.625f,-0.9953512375658397f,-0.019902373109507255f,0.09423274070492481f,0.010332090368507128f,0f,0f,0f,1f],start_interpolation:0}
execute if entity @s[tag=aj.tutankhamen.bone.left_hand] run data modify entity @s {} merge value {transformation:[-0.056320668354492225f,-0.0410611265866494f,0.9975680258506376f,0.1868018468326772f,-0.4063088873540085f,0.9136180759261381f,0.014666267356384821f,1.2685716543462542f,-0.9119983938435696f,-0.4044947406635301f,-0.06813908131382895f,0.4106574966336701f,0f,0f,0f,1f],start_interpolation:0}
execute if entity @s[tag=aj.tutankhamen.bone.cape_left_back] run data modify entity @s {} merge value {transformation:[-0.09609379677128478f,-0.4521499245627877f,0.8867504879840464f,0.1768986196525939f,-0.3331363445746469f,0.854105820228129f,0.3994038354546398f,1.3949980691632464f,-0.9379691669482111f,-0.25702858512293975f,-0.23270184417872278f,0.32133075912012965f,0f,0f,0f,1f],start_interpolation:0}
execute if entity @s[tag=aj.tutankhamen.bone.cape_left_side] run data modify entity @s {} merge value {transformation:[-0.09609379677128478f,-0.4521499245627877f,0.8867504879840464f,0.08106946440010135f,-0.3331363445746469f,0.854105820228129f,0.3994038354546398f,1.397125143571205f,-0.9379691669482111f,-0.25702858512293975f,-0.23270184417872278f,0.49697617197812793f,0f,0f,0f,1f],start_interpolation:0}
execute if entity @s[tag=aj.tutankhamen.bone.left_arm] run data modify entity @s {} merge value {transformation:[-0.056320668354492225f,-0.4588044838230756f,0.8867504879840464f,0.018619279686583987f,-0.4063088873540085f,0.8218209441729205f,0.3994038354546398f,1.5f,-0.9119983938435696f,-0.337799913177269f,-0.23270184417872278f,0.277015003554438f,0f,0f,0f,1f],start_interpolation:0}
execute if entity @s[tag=aj.tutankhamen.bone.cape_right_back] run data modify entity @s {} merge value {transformation:[0.8988958951445961f,-0.04198090308447405f,-0.4361465045926743f,0.029915534340643923f,-0.35499313894488527f,0.5136987277451136f,-0.7810848151226019f,1.3327092914311904f,0.25683855044415144f,0.8569429507786757f,0.44685874514938567f,-0.39188266657739673f,0f,0f,0f,1f],start_interpolation:0}
execute if entity @s[tag=aj.tutankhamen.bone.cape_right] run data modify entity @s {} merge value {transformation:[0.8988958951445961f,-0.04198090308447405f,-0.4361465045926743f,0.27940464410515564f,-0.35499313894488527f,0.5136987277451136f,-0.7810848151226019f,1.4725128172517026f,0.25683855044415144f,0.8569429507786757f,0.44685874514938567f,-0.4634663293578445f,0f,0f,0f,1f],start_interpolation:0}
execute if entity @s[tag=aj.tutankhamen.bone.weapon] run data modify entity @s {} merge value {transformation:[1.1929253334609127f,1.096788715769935f,-0.22038905453315874f,0.29136500810099586f,0.9158078979437423f,-0.7723862843423238f,1.113239864285696f,1.1214791747496022f,0.6425050322465551f,-0.9354472803588172f,-1.1775879342190367f,-0.7825565928854986f,0f,0f,0f,1f],start_interpolation:0}
execute if entity @s[tag=aj.tutankhamen.bone.right_hand] run data modify entity @s {} merge value {transformation:[0.8988958951445961f,-0.04198090308447405f,-0.4361465045926743f,0.09051280048651396f,-0.35499313894488527f,0.5136987277451136f,-0.7810848151226019f,1.306221215816186f,0.25683855044415144f,0.8569429507786757f,0.44685874514938567f,-0.518903002295188f,0f,0f,0f,1f],start_interpolation:0}
execute if entity @s[tag=aj.tutankhamen.bone.right_arm] run data modify entity @s {} merge value {transformation:[0.8988958951445961f,-0.04198090308447405f,-0.4361465045926743f,0.05501171229304633f,-0.35499313894488527f,0.5136987277451136f,-0.7810848151226019f,1.5f,0.25683855044415144f,0.8569429507786757f,0.44685874514938567f,-0.27213544657192235f,0f,0f,0f,1f],start_interpolation:0}
execute if entity @s[tag=aj.tutankhamen.bone.body] run data modify entity @s {} merge value {transformation:[0.06612537835844562f,0f,0.9978113220128104f,0f,0f,1f,0f,0.1875f,-0.9978113220128104f,0f,0.06612537835844562f,0f,0f,0f,0f,1f],start_interpolation:0}
execute if entity @s[tag=aj.tutankhamen.bone.left_foot] run data modify entity @s {} merge value {transformation:[-0.8292411762344213f,-0.14621759288455158f,0.5394251451020808f,0.16882462970867965f,-0.17364817766693033f,0.984807753012208f,0f,0.44957311360925056f,-0.5312300650662645f,-0.0936701934346958f,-0.8420335580198683f,0.10815275651432026f,0f,0f,0f,1f],start_interpolation:0}
execute if entity @s[tag=aj.tutankhamen.bone.left_leg] run data modify entity @s {} merge value {transformation:[-0.8292411762344213f,-0.14621759288455158f,0.5394251451020808f,0.07894064606436266f,-0.17364817766693033f,0.984807753012208f,0f,0.875f,-0.5312300650662645f,-0.0936701934346958f,-0.8420335580198683f,0.05057110735332008f,0f,0f,0f,1f],start_interpolation:0}
execute if entity @s[tag=aj.tutankhamen.bone.right_foot] run data modify entity @s {} merge value {transformation:[-0.8292411762344213f,0.14621759288455158f,0.5394251451020808f,-0.16882462970867965f,0.17364817766693033f,0.984807753012208f,0f,0.44957311360925056f,-0.5312300650662645f,0.0936701934346958f,-0.8420335580198683f,-0.10815275651432026f,0f,0f,0f,1f],start_interpolation:0}
execute if entity @s[tag=aj.tutankhamen.bone.right_leg] run data modify entity @s {} merge value {transformation:[-0.8292411762344213f,0.14621759288455158f,0.5394251451020808f,-0.07894064606436266f,0.17364817766693033f,0.984807753012208f,0f,0.875f,-0.5312300650662645f,0.0936701934346958f,-0.8420335580198683f,-0.05057110735332008f,0f,0f,0f,1f],start_interpolation:0}