execute if entity @s[tag=aj.tutankhamen.bone.head] run data modify entity @s {} merge value {transformation:[-0.2817053452393732f,-0.31685626660025284f,0.9056733433085655f,0f,-0.18134472890749465f,0.9444708766044754f,0.2740234525427361f,1.625f,-0.9422081446055499f,-0.08704521561879972f,-0.32352270813166095f,0f,0f,0f,0f,1f],start_interpolation:0}
execute if entity @s[tag=aj.tutankhamen.bone.back_cape] run data modify entity @s {} merge value {transformation:[0.25909077723633733f,-0.29328726673599415f,0.9202470039731726f,0.15235341213880668f,0.012060377598323384f,0.9536897721353519f,0.3005501053345457f,1.625f,-0.9657776744381992f,-0.06677123403794823f,0.25062937948651004f,0.03467708623374964f,0f,0f,0f,1f],start_interpolation:0}
execute if entity @s[tag=aj.tutankhamen.bone.left_hand] run data modify entity @s {} merge value {transformation:[0.08063157381264877f,-0.004613674396516609f,0.9967332959789486f,0.12791830960028738f,-0.4230145582554447f,0.9053084054701019f,0.03841060386315831f,1.2751455671024468f,-0.9025282448812593f,-0.42472980233760893f,0.07104479008209696f,0.43691618214237465f,0f,0f,0f,1f],start_interpolation:0}
execute if entity @s[tag=aj.tutankhamen.bone.cape_left_back] run data modify entity @s {} merge value {transformation:[0.04324702851726638f,-0.43082775858202865f,0.9013973246907336f,0.1277566561229355f,-0.3513094152235512f,0.8380627497089864f,0.41741169404497924f,1.3997504009972872f,-0.9352600650619661f,-0.3347211824569788f,-0.11511012429360254f,0.34453335070133206f,0f,0f,0f,1f],start_interpolation:0}
execute if entity @s[tag=aj.tutankhamen.bone.cape_left_side] run data modify entity @s {} merge value {transformation:[0.04324702851726638f,-0.43082775858202865f,0.9013973246907336f,0.008324642330770918f,-0.3513094152235512f,0.8380627497089864f,0.41741169404497924f,1.4024660353703446f,-0.9352600650619661f,-0.3347211824569788f,-0.11511012429360254f,0.5050565014039646f,0f,0f,0f,1f],start_interpolation:0}
execute if entity @s[tag=aj.tutankhamen.bone.left_arm] run data modify entity @s {} merge value {transformation:[0.08063157381264877f,-0.42541910199811594f,0.9013973246907336f,-0.02509493961255166f,-0.4230145582554447f,0.8042550349102278f,0.41741169404497924f,1.5f,-0.9025282448812593f,-0.41496075293534085f,-0.11511012429360254f,0.27650358727538216f,0f,0f,0f,1f],start_interpolation:0}
execute if entity @s[tag=aj.tutankhamen.bone.cape_right_back] run data modify entity @s {} merge value {transformation:[0.8772802038996506f,-0.38330999900720025f,-0.2888821360120552f,0.14879349963152871f,-0.12915875406919963f,0.39113956834057806f,-0.9112232735864676f,1.3455948269118125f,0.46227422607482593f,0.8367097960102095f,0.29363115837300746f,-0.38833249075016574f,0f,0f,0f,1f],start_interpolation:0}
execute if entity @s[tag=aj.tutankhamen.bone.cape_right] run data modify entity @s {} merge value {transformation:[0.8772802038996506f,-0.38330999900720025f,-0.2888821360120552f,0.35808906549386293f,-0.12915875406919963f,0.39113956834057806f,-0.9112232735864676f,1.553219589985117f,0.46227422607482593f,0.8367097960102095f,0.29363115837300746f,-0.38950993251922605f,0f,0f,0f,1f],start_interpolation:0}
execute if entity @s[tag=aj.tutankhamen.bone.weapon] run data modify entity @s {} merge value {transformation:[0.49073538182520177f,-1.5533384036342757f,-0.1445899803959623f,0.5761629859316688f,1.3470269170161917f,0.4983610295581003f,-0.782139656751117f,1.2361877522157276f,0.7869465950557496f,0.11560173711420382f,1.428964299245244f,-0.6899243390362426f,0f,0f,0f,1f],start_interpolation:0}
execute if entity @s[tag=aj.tutankhamen.bone.right_hand] run data modify entity @s {} merge value {transformation:[0.8772802038996506f,-0.38330999900720025f,-0.2888821360120552f,0.24217738938004627f,-0.12915875406919963f,0.39113956834057806f,-0.9112232735864676f,1.3496176244037321f,0.46227422607482593f,0.8367097960102095f,0.29363115837300746f,-0.4968270930849166f,0f,0f,0f,1f],start_interpolation:0}
execute if entity @s[tag=aj.tutankhamen.bone.right_arm] run data modify entity @s {} merge value {transformation:[0.8772802038996506f,-0.38330999900720025f,-0.2888821360120552f,0.09704719027017017f,-0.12915875406919963f,0.39113956834057806f,-0.9112232735864676f,1.5f,0.46227422607482593f,0.8367097960102095f,0.29363115837300746f,-0.2601265704055967f,0f,0f,0f,1f],start_interpolation:0}
execute if entity @s[tag=aj.tutankhamen.bone.body] run data modify entity @s {} merge value {transformation:[0.22193335189599772f,0f,0.9750618376883627f,0f,0f,1f,0f,0.1875f,-0.9750618376883627f,0f,0.22193335189599772f,0f,0f,0f,0f,1f],start_interpolation:0}
execute if entity @s[tag=aj.tutankhamen.bone.left_foot] run data modify entity @s {} merge value {transformation:[-0.8640732363359174f,-0.1523594248741042f,0.47975415360370355f,0.17591606440483032f,-0.17364817766693033f,0.984807753012208f,0f,0.44957311360925056f,-0.472465610008737f,-0.0833084345014237f,-0.8774029587937312f,0.09618894230749311f,0f,0f,0f,1f],start_interpolation:0}
execute if entity @s[tag=aj.tutankhamen.bone.left_leg] run data modify entity @s {} merge value {transformation:[-0.8640732363359174f,-0.1523594248741042f,0.47975415360370355f,0.0822565273869123f,-0.17364817766693033f,0.984807753012208f,0f,0.875f,-0.472465610008737f,-0.0833084345014237f,-0.8774029587937312f,0.04497695190034721f,0f,0f,0f,1f],start_interpolation:0}
execute if entity @s[tag=aj.tutankhamen.bone.right_foot] run data modify entity @s {} merge value {transformation:[-0.8640732363359174f,0.1523594248741042f,0.47975415360370355f,-0.17591606440483032f,0.17364817766693033f,0.984807753012208f,0f,0.44957311360925056f,-0.472465610008737f,0.0833084345014237f,-0.8774029587937312f,-0.09618894230749311f,0f,0f,0f,1f],start_interpolation:0}
execute if entity @s[tag=aj.tutankhamen.bone.right_leg] run data modify entity @s {} merge value {transformation:[-0.8640732363359174f,0.1523594248741042f,0.47975415360370355f,-0.0822565273869123f,0.17364817766693033f,0.984807753012208f,0f,0.875f,-0.472465610008737f,0.0833084345014237f,-0.8774029587937312f,-0.04497695190034721f,0f,0f,0f,1f],start_interpolation:0}