execute if entity @s[tag=aj.tutankhamen.bone.head] run data modify entity @s {} merge value {transformation:[-0.08089254702755766f,-0.2994334607872706f,0.9506818597177252f,-0.005898478097574285f,-0.2198627123662049f,0.9356736742932015f,0.2759984835929998f,1.624969358988494f,-0.9721711698802685f,-0.18669327196130564f,-0.14152327956209948f,-0.002708949627004891f,0f,0f,0f,1f],start_interpolation:0}
execute if entity @s[tag=aj.tutankhamen.bone.back_cape] run data modify entity @s {} merge value {transformation:[0.45701301500298913f,-0.281481183716295f,0.843746079891072f,0.13608655981545933f,0.014359017380389071f,0.9508160368272801f,0.30942314511350616f,1.6264445402343484f,-0.8893440969263514f,-0.12929503983423987f,0.4385770969128633f,0.062499449748584006f,0f,0f,0f,1f],start_interpolation:0}
execute if entity @s[tag=aj.tutankhamen.bone.left_hand] run data modify entity @s {} merge value {transformation:[0.24483582536503315f,0.0369336117341143f,0.968860839822777f,0.04509516250969885f,-0.44806969509978734f,0.8904760634829745f,0.07928384890410395f,1.2867908141991167f,-0.859819147815985f,-0.4535287076780684f,0.23456927411929837f,0.45530211805669063f,0f,0f,0f,1f],start_interpolation:0}
execute if entity @s[tag=aj.tutankhamen.bone.cape_left_back] run data modify entity @s {} merge value {transformation:[0.21113489360994755f,-0.39589317560564014f,0.8936949424771286f,0.05633831236087952f,-0.3789463244444768f,0.8096468873101444f,0.448187015718902f,1.4082931748866216f,-0.9010115092995968f,-0.4332903315074963f,0.020922445645443544f,0.3595328837710448f,0f,0f,0f,1f],start_interpolation:0}
execute if entity @s[tag=aj.tutankhamen.bone.cape_left_side] run data modify entity @s {} merge value {transformation:[0.21113489360994755f,-0.39589317560564014f,0.8936949424771286f,-0.08836338257531587f,-0.3789463244444768f,0.8096468873101444f,0.448187015718902f,1.4114801611162084f,-0.9010115092995968f,-0.4332903315074963f,0.020922445645443544f,0.4977006263934264f,0f,0f,0f,1f],start_interpolation:0}
execute if entity @s[tag=aj.tutankhamen.bone.left_arm] run data modify entity @s {} merge value {transformation:[0.24483582536503315f,-0.37598506407652027f,0.8936949424771286f,-0.08614422680547608f,-0.44806969509978734f,0.7735385880963974f,0.448187015718902f,1.5003232734801661f,-0.859819147815985f,-0.5101698582993774f,0.020922445645443544f,0.2632477441260786f,0f,0f,0f,1f],start_interpolation:0}
execute if entity @s[tag=aj.tutankhamen.bone.cape_right_back] run data modify entity @s {} merge value {transformation:[0.8541921774780027f,-0.5054638689052717f,-0.12190980750826735f,0.23276857577619947f,0.021431307989893334f,0.2684880994732505f,-0.9630445677532709f,1.365264058610508f,0.519515565669818f,0.8200124497058301f,0.24017318616825836f,-0.3663218872949836f,0f,0f,0f,1f],start_interpolation:0}
execute if entity @s[tag=aj.tutankhamen.bone.cape_right] run data modify entity @s {} merge value {transformation:[0.8541921774780027f,-0.5054638689052717f,-0.12190980750826735f,0.3967135553842042f,0.021431307989893334f,0.2684880994732505f,-0.9630445677532709f,1.6093738424222466f,0.519515565669818f,0.8200124497058301f,0.24017318616825836f,-0.3451908767011391f,0f,0f,0f,1f],start_interpolation:0}
execute if entity @s[tag=aj.tutankhamen.bone.weapon] run data modify entity @s {} merge value {transformation:[0.07849410794392321f,-0.8463985377356935f,1.3971527704399684f,0.7169045052804985f,1.440693626330634f,-0.6234279028301002f,-0.4586144335215182f,1.3547260622906345f,0.7699533905889938f,1.2528107753778523f,0.7156986873180428f,-0.6222688459924246f,0f,0f,0f,1f],start_interpolation:0}
execute if entity @s[tag=aj.tutankhamen.bone.right_hand] run data modify entity @s {} merge value {transformation:[0.8541921774780027f,-0.5054638689052717f,-0.12190980750826735f,0.33026442790481275f,0.021431307989893334f,0.2684880994732505f,-0.9630445677532709f,1.3925630600356154f,0.519515565669818f,0.8200124497058301f,0.24017318616825836f,-0.4675994062165467f,0f,0f,0f,1f],start_interpolation:0}
execute if entity @s[tag=aj.tutankhamen.bone.right_arm] run data modify entity @s {} merge value {transformation:[0.8541921774780027f,-0.5054638689052717f,-0.12190980750826735f,0.14354772956198236f,0.021431307989893334f,0.2684880994732505f,-0.9630445677532709f,1.5003232734801661f,0.519515565669818f,0.8200124497058301f,0.24017318616825836f,-0.23688446959854212f,0f,0f,0f,1f],start_interpolation:0}
execute if entity @s[tag=aj.tutankhamen.bone.body] run data modify entity @s {} merge value {transformation:[0.4173523568741238f,-0.008579604505562596f,0.908704242643415f,0.006434703379171947f,-8.673617379884035e-19f,0.9999554312559912f,0.009441159973468144f,0.18753342655800664f,-0.908744744255291f,-0.003940290366552569f,0.4173337560037689f,0.0029552177749144265f,0f,0f,0f,1f],start_interpolation:0}
execute if entity @s[tag=aj.tutankhamen.bone.left_foot] run data modify entity @s {} merge value {transformation:[-0.8756720426914776f,-0.1544046073786023f,0.45755621607491537f,0.17827745725911687f,-0.17364817766693033f,0.984807753012208f,0f,0.44957311360925056f,-0.45060490902950573f,-0.07945380310158527f,-0.8891806954332766f,0.09173833752113893f,0f,0f,0f,1f],start_interpolation:0}
execute if entity @s[tag=aj.tutankhamen.bone.left_leg] run data modify entity @s {} merge value {transformation:[-0.8756720426914776f,-0.1544046073786023f,0.45755621607491537f,0.08336069019686967f,-0.17364817766693033f,0.984807753012208f,0f,0.875f,-0.45060490902950573f,-0.07945380310158527f,-0.8891806954332766f,0.042895895257023316f,0f,0f,0f,1f],start_interpolation:0}
execute if entity @s[tag=aj.tutankhamen.bone.right_foot] run data modify entity @s {} merge value {transformation:[-0.8756720426914776f,0.1544046073786023f,0.45755621607491537f,-0.17827745725911687f,0.17364817766693033f,0.984807753012208f,0f,0.44957311360925056f,-0.45060490902950573f,0.07945380310158527f,-0.8891806954332766f,-0.09173833752113893f,0f,0f,0f,1f],start_interpolation:0}
execute if entity @s[tag=aj.tutankhamen.bone.right_leg] run data modify entity @s {} merge value {transformation:[-0.8756720426914776f,0.1544046073786023f,0.45755621607491537f,-0.08336069019686967f,0.17364817766693033f,0.984807753012208f,0f,0.875f,-0.45060490902950573f,0.07945380310158527f,-0.8891806954332766f,-0.042895895257023316f,0f,0f,0f,1f],start_interpolation:0}