execute if entity @s[tag=aj.tutankhamen.bone.head] run data modify entity @s {} merge value {transformation:[-0.23388629072986494f,-0.30995854044371063f,0.9215329110859957f,0f,-0.1901586992954868f,0.9440998336736476f,0.2692864146956539f,1.625f,-0.9534866921414654f,-0.11225509905298575f,-0.2797533210629154f,0f,0f,0f,0f,1f],start_interpolation:0}
execute if entity @s[tag=aj.tutankhamen.bone.back_cape] run data modify entity @s {} merge value {transformation:[0.3057341731457308f,-0.28982832279270443f,0.9069322789922432f,0.15056043280209822f,0.012607929487111128f,0.9536918490700173f,0.3005210427431987f,1.625f,-0.952033431915573f,-0.08044501429286546f,0.29523032396838295f,0.04178060045577205f,0f,0f,0f,1f],start_interpolation:0}
execute if entity @s[tag=aj.tutankhamen.bone.left_hand] run data modify entity @s {} merge value {transformation:[0.11518143457248384f,0.0010329139220048855f,0.9933439334986921f,0.11163077017980677f,-0.43090924614088144f,0.9010623959418205f,0.04902836128082616f,1.2782454839594382f,-0.8950142226356639f,-0.43368824252960286f,0.10423075156335782f,0.4427486258601706f,0f,0f,0f,1f],start_interpolation:0}
execute if entity @s[tag=aj.tutankhamen.bone.cape_left_back] run data modify entity @s {} merge value {transformation:[0.07823628268331646f,-0.42731394846563486f,0.9007118704217263f,0.11339335835949305f,-0.3599005437463484f,0.830447086315234f,0.425240209107301f,1.401942140989322f,-0.9297046212012602f,-0.35743590513160123f,-0.08881942940468598f,0.34916973598958234f,0f,0f,0f,1f],start_interpolation:0}
execute if entity @s[tag=aj.tutankhamen.bone.cape_left_side] run data modify entity @s {} merge value {transformation:[0.07823628268331646f,-0.42731394846563486f,0.9007118704217263f,-0.011420044612490937f,-0.3599005437463484f,0.830447086315234f,0.425240209107301f,1.4050215748112764f,-0.9297046212012602f,-0.35743590513160123f,-0.08881942940468598f,0.505538511727865f,0f,0f,0f,1f],start_interpolation:0}
execute if entity @s[tag=aj.tutankhamen.bone.left_arm] run data modify entity @s {} merge value {transformation:[0.11518143457248384f,-0.41886914855503465f,0.9007118704217263f,-0.03802858120412031f,-0.43090924614088144f,0.7959195852274752f,0.425240209107301f,1.5f,-0.8950142226356639f,-0.4371048503964513f,-0.08881942940468598f,0.27502330225258026f,0f,0f,0f,1f],start_interpolation:0}
execute if entity @s[tag=aj.tutankhamen.bone.cape_right_back] run data modify entity @s {} merge value {transformation:[0.8700195595312403f,-0.4322848987099473f,-0.23705639071831952f,0.1745851132240523f,-0.07918215775495491f,0.3520672378270676f,-0.9326193467551959f,1.351339297482775f,0.4866170485364598f,0.8301677098009469f,0.27207613213494997f,-0.3840220305479872f,0f,0f,0f,1f],start_interpolation:0}
execute if entity @s[tag=aj.tutankhamen.bone.cape_right] run data modify entity @s {} merge value {transformation:[0.8700195595312403f,-0.4322848987099473f,-0.23705639071831952f,0.36978976708038847f,-0.07918215775495491f,0.3520672378270676f,-0.9326193467551959f,1.5721219220223621f,0.4866170485364598f,0.8301677098009469f,0.27207613213494997f,-0.37600714974790284f,0f,0f,0f,1f],start_interpolation:0}
execute if entity @s[tag=aj.tutankhamen.bone.weapon] run data modify entity @s {} merge value {transformation:[0.3322213111489019f,-1.405684310024789f,0.7669865022148354f,0.6243550122550954f,1.404743900647217f,-0.12019636542227459f,-0.8287551393172934f,1.274191598511168f,0.7687075176060499f,0.8271590704940123f,1.1829980127145336f,-0.6689674854624299f,0f,0f,0f,1f],start_interpolation:0}
execute if entity @s[tag=aj.tutankhamen.bone.right_hand] run data modify entity @s {} merge value {transformation:[0.8700195595312403f,-0.4322848987099473f,-0.23705639071831952f,0.27062486121804186f,-0.07918215775495491f,0.3520672378270676f,-0.9326193467551959f,1.3631451594967487f,0.4866170485364598f,0.8301677098009469f,0.27207613213494997f,-0.48959096976477556f,0f,0f,0f,1f],start_interpolation:0}
execute if entity @s[tag=aj.tutankhamen.bone.right_arm] run data modify entity @s {} merge value {transformation:[0.8700195595312403f,-0.4322848987099473f,-0.23705639071831952f,0.10913405792443284f,-0.07918215775495491f,0.3520672378270676f,-0.9326193467551959f,1.5f,0.4866170485364598f,0.8301677098009469f,0.27207613213494997f,-0.25529149451413186f,0f,0f,0f,1f],start_interpolation:0}
execute if entity @s[tag=aj.tutankhamen.bone.body] run data modify entity @s {} merge value {transformation:[0.26739584291694113f,0f,0.9635867699334286f,0f,0f,1f,0f,0.1875f,-0.9635867699334286f,0f,0.26739584291694113f,0f,0f,0f,0f,1f],start_interpolation:0}
execute if entity @s[tag=aj.tutankhamen.bone.left_foot] run data modify entity @s {} merge value {transformation:[-0.8688123672404082f,-0.15319506151767526f,0.47084641196117605f,0.1768809007431858f,-0.17364817766693033f,0.984807753012208f,0f,0.44957311360925056f,-0.46369319697734623f,-0.08176162139807097f,-0.8822151984313614f,0.09440297288855837f,0f,0f,0f,1f],start_interpolation:0}
execute if entity @s[tag=aj.tutankhamen.bone.left_leg] run data modify entity @s {} merge value {transformation:[-0.8688123672404082f,-0.15319506151767526f,0.47084641196117605f,0.08270767485294013f,-0.17364817766693033f,0.984807753012208f,0f,0.875f,-0.46369319697734623f,-0.08176162139807097f,-0.8822151984313614f,0.04414185112136025f,0f,0f,0f,1f],start_interpolation:0}
execute if entity @s[tag=aj.tutankhamen.bone.right_foot] run data modify entity @s {} merge value {transformation:[-0.8688123672404082f,0.15319506151767526f,0.47084641196117605f,-0.1768809007431858f,0.17364817766693033f,0.984807753012208f,0f,0.44957311360925056f,-0.46369319697734623f,0.08176162139807097f,-0.8822151984313614f,-0.09440297288855837f,0f,0f,0f,1f],start_interpolation:0}
execute if entity @s[tag=aj.tutankhamen.bone.right_leg] run data modify entity @s {} merge value {transformation:[-0.8688123672404082f,0.15319506151767526f,0.47084641196117605f,-0.08270767485294013f,0.17364817766693033f,0.984807753012208f,0f,0.875f,-0.46369319697734623f,0.08176162139807097f,-0.8822151984313614f,-0.04414185112136025f,0f,0f,0f,1f],start_interpolation:0}