execute if entity @s[tag=aj.tutankhamen.bone.head] run data modify entity @s {} merge value {transformation:[-0.9668506905096472f,-0.10229051035999354f,0.23395810255537258f,0f,-0.006395990991544601f,0.925666862574764f,0.3782855413972745f,1.625f,-0.25526228385771027f,0.36424924299342754f,-0.8956358944450924f,0f,0f,0f,0f,1f],start_interpolation:0}
execute if entity @s[tag=aj.tutankhamen.bone.back_cape] run data modify entity @s {} merge value {transformation:[-0.6475111427061816f,-0.2288848326952433f,0.7268707267688014f,0.11892655251785017f,0.00045027528879263166f,0.9537134367944665f,0.3007166070070815f,1.625f,-0.7620558492154622f,0.19504464576029182f,-0.6174370160888825f,-0.1013436609079178f,0f,0f,0f,1f],start_interpolation:0}
execute if entity @s[tag=aj.tutankhamen.bone.left_hand] run data modify entity @s {} merge value {transformation:[-0.6288246241453205f,-0.013057423138766067f,0.7774375188846184f,0.3543040883508331f,-0.2652417234588994f,0.9434872086523242f,-0.1986925143179747f,1.222041430109051f,-0.7309079423600822f,-0.3311516130270559f,-0.5967513627839738f,0.2103407215249511f,0f,0f,0f,1f],start_interpolation:0}
execute if entity @s[tag=aj.tutankhamen.bone.cape_left_back] run data modify entity @s {} merge value {transformation:[-0.6560989907254808f,-0.28429236052164286f,0.6990793718298642f,0.33153499266846875f,-0.18238784933957808f,0.9586048184151414f,0.2186583511429583f,1.3577473021776671f,-0.7323037530849401f,0.015957940352880604f,-0.6807911260859715f,0.13874139977693978f,0f,0f,0f,1f],start_interpolation:0}
execute if entity @s[tag=aj.tutankhamen.bone.cape_left_side] run data modify entity @s {} merge value {transformation:[-0.6560989907254808f,-0.28429236052164286f,0.6990793718298642f,0.3466655384905921f,-0.18238784933957808f,0.9586048184151414f,0.2186583511429583f,1.3589131097441065f,-0.7323037530849401f,0.015957940352880604f,-0.6807911260859715f,0.3382627519572081f,0f,0f,0f,1f],start_interpolation:0}
execute if entity @s[tag=aj.tutankhamen.bone.left_arm] run data modify entity @s {} merge value {transformation:[-0.6288246241453205f,-0.3403933371123159f,0.6990793718298642f,0.20656281000208176f,-0.2652417234588994f,0.9390608891930254f,0.2186583511429583f,1.5f,-0.7309079423600822f,-0.04792726194501165f,-0.6807911260859715f,0.1855149462829245f,0f,0f,0f,1f],start_interpolation:0}
execute if entity @s[tag=aj.tutankhamen.bone.cape_right_back] run data modify entity @s {} merge value {transformation:[-0.17290354129005203f,0.31522616411234516f,0.9331328045184007f,-0.12833949239083214f,0.2397662171821471f,0.9323727997710518f,-0.27054227644723766f,1.302800291308228f,-0.9553096495417195f,0.1769560050015453f,-0.2367911438089912f,-0.29321927622822186f,0f,0f,0f,1f],start_interpolation:0}
execute if entity @s[tag=aj.tutankhamen.bone.cape_right] run data modify entity @s {} merge value {transformation:[-0.17290354129005203f,0.31522616411234516f,0.9331328045184007f,-0.38863887184700296f,0.2397662171821471f,0.9323727997710518f,-0.27054227644723766f,1.407899331854748f,-0.9553096495417195f,0.1769560050015453f,-0.2367911438089912f,-0.3832886230168677f,0f,0f,0f,1f],start_interpolation:0}
execute if entity @s[tag=aj.tutankhamen.bone.weapon] run data modify entity @s {} merge value {transformation:[-0.3067707029565225f,0.07566782735392649f,1.6046039353442356f,-0.40263988305558474f,0.4620422134546567f,1.5687251234142885f,0.014358055782687923f,0.9142764840884697f,-1.5385045994096327f,0.4560301971179909f,-0.3156386074659497f,-0.4043702128228879f,0f,0f,0f,1f],start_interpolation:0}
execute if entity @s[tag=aj.tutankhamen.bone.right_hand] run data modify entity @s {} merge value {transformation:[-0.17290354129005203f,0.31522616411234516f,0.9331328045184007f,-0.23146679885258947f,0.2397662171821471f,0.9323727997710518f,-0.27054227644723766f,1.210655277901741f,-0.9553096495417195f,0.1769560050015453f,-0.2367911438089912f,-0.3303927569135318f,0f,0f,0f,1f],start_interpolation:0}
execute if entity @s[tag=aj.tutankhamen.bone.right_arm] run data modify entity @s {} merge value {transformation:[-0.17290354129005203f,0.31522616411234516f,0.9331328045184007f,-0.15039712919137166f,0.2397662171821471f,0.9323727997710518f,-0.27054227644723766f,1.5f,-0.9553096495417195f,0.1769560050015453f,-0.2367911438089912f,-0.23337671970722865f,0f,0f,0f,1f],start_interpolation:0}
execute if entity @s[tag=aj.tutankhamen.bone.body] run data modify entity @s {} merge value {transformation:[-0.6485994298106739f,0f,0.7611299361142411f,0f,0f,1f,0f,0.1875f,-0.7611299361142411f,0f,-0.6485994298106739f,0f,0f,0f,0f,1f],start_interpolation:0}
execute if entity @s[tag=aj.tutankhamen.bone.left_foot] run data modify entity @s {} merge value {transformation:[-0.7320385222031458f,-0.12907814238236728f,0.6689233402788033f,0.14903520952087662f,-0.17364817766693033f,0.984807753012208f,0f,0.44957311360925056f,-0.6587608916773889f,-0.11615731903829013f,-0.7433313963705881f,0.13411666809530814f,0f,0f,0f,1f],start_interpolation:0}
execute if entity @s[tag=aj.tutankhamen.bone.left_leg] run data modify entity @s {} merge value {transformation:[-0.7320385222031458f,-0.12907814238236728f,0.6689233402788033f,0.06968731840974263f,-0.17364817766693033f,0.984807753012208f,0f,0.875f,-0.6587608916773889f,-0.11615731903829013f,-0.7433313963705881f,0.06271156315113781f,0f,0f,0f,1f],start_interpolation:0}
execute if entity @s[tag=aj.tutankhamen.bone.right_foot] run data modify entity @s {} merge value {transformation:[-0.7320385222031458f,0.12907814238236728f,0.6689233402788033f,-0.14903520952087662f,0.17364817766693033f,0.984807753012208f,0f,0.44957311360925056f,-0.6587608916773889f,0.11615731903829013f,-0.7433313963705881f,-0.13411666809530814f,0f,0f,0f,1f],start_interpolation:0}
execute if entity @s[tag=aj.tutankhamen.bone.right_leg] run data modify entity @s {} merge value {transformation:[-0.7320385222031458f,0.12907814238236728f,0.6689233402788033f,-0.06968731840974263f,0.17364817766693033f,0.984807753012208f,0f,0.875f,-0.6587608916773889f,0.11615731903829013f,-0.7433313963705881f,-0.06271156315113781f,0f,0f,0f,1f],start_interpolation:0}