execute if entity @s[tag=aj.tutankhamen.bone.head] run data modify entity @s {} merge value {transformation:[-0.07221443844043385f,-0.33210563615815447f,0.9404737749202369f,-0.015462307051512027f,-0.2236132269090799f,0.9243227885853424f,0.3092321251958219f,1.6247821182535251f,-0.9719990738843537f,-0.18797135136451962f,-0.141012664091404f,-0.007775409287762929f,0f,0f,0f,1f],start_interpolation:0}
execute if entity @s[tag=aj.tutankhamen.bone.back_cape] run data modify entity @s {} merge value {transformation:[0.487510245458405f,-0.29006273115225195f,0.8235273963685619f,0.12408751920644218f,0.0148591759022862f,0.9458233465654107f,0.3243414897655121f,1.6287155777700257f,-0.8729908163689872f,-0.14588286084493737f,0.46540866498928235f,0.06239891926340208f,0f,0f,0f,1f],start_interpolation:0}
execute if entity @s[tag=aj.tutankhamen.bone.left_hand] run data modify entity @s {} merge value {transformation:[0.28361431207192966f,0.04396740695649082f,0.9579299500033853f,0.02285484009042324f,-0.4478878964772366f,0.8893659603471744f,0.09178573290519826f,1.2894549188755897f,-0.8479147092586391f,-0.4550769777754865f,0.2719293844393562f,0.45388596196825715f,0f,0f,0f,1f],start_interpolation:0}
execute if entity @s[tag=aj.tutankhamen.bone.cape_left_back] run data modify entity @s {} merge value {transformation:[0.25072403956410505f,-0.38832040330391826f,0.8867608022248951f,0.03637739652246577f,-0.379313394088533f,0.8033653568162211f,0.45904842068411794f,1.4107698354635412f,-0.8906507761461249f,-0.45145472402604014f,0.054127877335784336f,0.3581738426328656f,0f,0f,0f,1f],start_interpolation:0}
execute if entity @s[tag=aj.tutankhamen.bone.cape_left_side] run data modify entity @s {} merge value {transformation:[0.25072403956410505f,-0.38832040330391826f,0.8867608022248951f,-0.11364333493753753f,-0.379313394088533f,0.8033653568162211f,0.45904842068411794f,1.4126565007043597f,-0.8906507761461249f,-0.45145472402604014f,0.054127877335784336f,0.4905720417387246f,0f,0f,0f,1f],start_interpolation:0}
execute if entity @s[tag=aj.tutankhamen.bone.left_arm] run data modify entity @s {} merge value {transformation:[0.28361431207192966f,-0.3649906870393089f,0.8867608022248951f,-0.10332395633702188f,-0.4478878964772366f,0.7672489684949816f,0.45904842068411794f,1.500750564512909f,-0.8479147092586391f,-0.527362132427007f,0.054127877335784336f,0.2560531222091758f,0f,0f,0f,1f],start_interpolation:0}
execute if entity @s[tag=aj.tutankhamen.bone.cape_right_back] run data modify entity @s {} merge value {transformation:[0.8532750594962315f,-0.5008653658198886f,-0.14510533471865017f,0.23023691964643672f,0.03111919288751874f,0.3266805546486605f,-0.9446223642538178f,1.356462159190467f,0.5205317172620048f,0.8015071431600298f,0.2943348956337244f,-0.35682480116024173f,0f,0f,0f,1f],start_interpolation:0}
execute if entity @s[tag=aj.tutankhamen.bone.cape_right] run data modify entity @s {} merge value {transformation:[0.8532750594962315f,-0.5008653658198886f,-0.14510533471865017f,0.39983748137238545f,0.03111919288751874f,0.3266805546486605f,-0.9446223642538178f,1.5974801241425964f,0.5205317172620048f,0.8015071431600298f,0.2943348956337244f,-0.34907544424648457f,0f,0f,0f,1f],start_interpolation:0}
execute if entity @s[tag=aj.tutankhamen.bone.weapon] run data modify entity @s {} merge value {transformation:[0.11065238578456527f,-0.863697444035546f,1.3843303248494414f,0.7121974207601095f,1.4801295355764317f,-0.530813703953744f,-0.4494897587490889f,1.3200379809241387f,0.686702469083657f,1.2832970078950865f,0.7457722052296111f,-0.6116835404606393f,0f,0f,0f,1f],start_interpolation:0}
execute if entity @s[tag=aj.tutankhamen.bone.right_hand] run data modify entity @s {} merge value {transformation:[0.8532750594962315f,-0.5008653658198886f,-0.14510533471865017f,0.32857901940309575f,0.03111919288751874f,0.3266805546486605f,-0.9446223642538178f,1.3756384624029832f,0.5205317172620048f,0.8015071431600298f,0.2943348956337244f,-0.4591425088679155f,0f,0f,0f,1f],start_interpolation:0}
execute if entity @s[tag=aj.tutankhamen.bone.right_arm] run data modify entity @s {} merge value {transformation:[0.8532750594962315f,-0.5008653658198886f,-0.14510533471865017f,0.14392747489013508f,0.03111919288751874f,0.3266805546486605f,-0.9446223642538178f,1.500750564512909f,0.5205317172620048f,0.8015071431600298f,0.2943348956337244f,-0.23563514873199937f,0f,0f,0f,1f],start_interpolation:0}
execute if entity @s[tag=aj.tutankhamen.bone.body] run data modify entity @s {} merge value {transformation:[0.44925808110611687f,-0.02249062843856295f,0.8931188880509069f,0.01686797132892221f,0f,0.9996830810960365f,0.025174140905602722f,0.18773768917797262f,-0.8934020240411646f,-0.011309686236746079f,0.44911570272745605f,0.008482264677559559f,0f,0f,0f,1f],start_interpolation:0}
execute if entity @s[tag=aj.tutankhamen.bone.left_foot] run data modify entity @s {} merge value {transformation:[-0.8591729921762549f,-0.1514953796166966f,0.48874422704487674f,0.174918427131807f,-0.17364817766693033f,0.984807753012208f,0f,0.44957311360925056f,-0.4813191040337535f,-0.08486954437157529f,-0.8724271204692722f,0.09799141894907618f,0f,0f,0f,1f],start_interpolation:0}
execute if entity @s[tag=aj.tutankhamen.bone.left_leg] run data modify entity @s {} merge value {transformation:[-0.8591729921762549f,-0.1514953796166966f,0.48874422704487674f,0.08179004254399427f,-0.17364817766693033f,0.984807753012208f,0f,0.875f,-0.4813191040337535f,-0.08486954437157529f,-0.8724271204692722f,0.045819771285457195f,0f,0f,0f,1f],start_interpolation:0}
execute if entity @s[tag=aj.tutankhamen.bone.right_foot] run data modify entity @s {} merge value {transformation:[-0.8591729921762549f,0.1514953796166966f,0.48874422704487674f,-0.174918427131807f,0.17364817766693033f,0.984807753012208f,0f,0.44957311360925056f,-0.4813191040337535f,0.08486954437157529f,-0.8724271204692722f,-0.09799141894907618f,0f,0f,0f,1f],start_interpolation:0}
execute if entity @s[tag=aj.tutankhamen.bone.right_leg] run data modify entity @s {} merge value {transformation:[-0.8591729921762549f,0.1514953796166966f,0.48874422704487674f,-0.08179004254399427f,0.17364817766693033f,0.984807753012208f,0f,0.875f,-0.4813191040337535f,0.08486954437157529f,-0.8724271204692722f,-0.045819771285457195f,0f,0f,0f,1f],start_interpolation:0}