execute if entity @s[tag=aj.grey_guardian.bone.head] run data modify entity @s {} merge value {transformation:[-0.8368851717157622f,0.06184064072847495f,-0.5438740152981856f,-0.1824099803922381f,0.10643223241551354f,0.9930182315534002f,-0.050862281757776684f,1.1837139913829242f,0.536931456766438f,-0.10045161500368743f,-0.8376240706771872f,-0.04169244693579047f,0f,0f,0f,1f],start_interpolation:0}
execute if entity @s[tag=aj.grey_guardian.bone.sword] run data modify entity @s {} merge value {transformation:[0.25556584637841573f,-0.4681747747186358f,0.8458714314138043f,-1.6615939556787134f,0.9326795550487023f,-0.11096847336055576f,-0.3432125369420262f,1.4545553091404615f,0.25454851356674246f,0.8766403927707084f,0.4082972887538927f,0.7515434843874256f,0f,0f,0f,1f],start_interpolation:0}
execute if entity @s[tag=aj.grey_guardian.bone.axe] run data modify entity @s {} merge value {transformation:[0.0000018112252682989902f,0.000008736692363290275f,0.000004515492174359358f,-1.7047786559255693f,0.00000974108011268224f,-9.62017848897235e-7f,-0.000002045942300435092f,1.4695693015246298f,-0.0000013530784403654324f,0.000004769143341065403f,-0.000008684725126714704f,0.708533437128139f,0f,0f,0f,1f],start_interpolation:0}
execute if entity @s[tag=aj.grey_guardian.bone.left_arm_2] run data modify entity @s {} merge value {transformation:[0.18112252682989902f,0.8736692363290275f,0.45154921743593573f,-1.0740161404895117f,0.974108011268224f,-0.09620178488972347f,-0.20459423004350918f,1.3790961903198713f,-0.13530784403654322f,0.47691433410654027f,-0.8684725126714703f,0.560230639559842f,0f,0f,0f,1f],start_interpolation:0}
execute if entity @s[tag=aj.grey_guardian.bone.left_arm] run data modify entity @s {} merge value {transformation:[-0.4596134998881019f,0.8466393585475873f,-0.2682484431990978f,-0.6660495823896849f,0.4635350445371758f,-0.02895599938737503f,-0.8856053368094596f,1.1763141759336018f,-0.7575557360396182f,-0.5313787224358989f,-0.3791384445500927f,0.4567682750806391f,0f,0f,0f,1f],start_interpolation:0}
execute if entity @s[tag=aj.grey_guardian.bone.left_shoulder] run data modify entity @s {} merge value {transformation:[-0.8984610808831701f,0.13583322332998282f,-0.417512899894162f,-0.5139011603764899f,0.4376044032153906f,0.19985851503937127f,-0.876674945605701f,1.1263886179019231f,-0.03563807549163081f,-0.9703638026050044f,-0.2390063140781189f,0.2391231127846695f,0f,0f,0f,1f],start_interpolation:0}
execute if entity @s[tag=aj.grey_guardian.bone.right_arm_2] run data modify entity @s {} merge value {transformation:[0.6175392033630868f,-0.03181918689022323f,-0.7858962219373046f,-0.2709446838778425f,0.3782205888040099f,0.8880893507931416f,0.2612402940064272f,0.6036571312535535f,0.6896336117928359f,-0.45856825484704195f,0.5604646618049227f,-0.6925304925391126f,0f,0f,0f,1f],start_interpolation:0}
execute if entity @s[tag=aj.grey_guardian.bone.right_arm] run data modify entity @s {} merge value {transformation:[0.6798293084122459f,0.2693300739165543f,-0.6821241988874392f,-0.09793877434029384f,-0.159383607137458f,0.9621509359890865f,0.22104850633102477f,0.9834427920295811f,0.7158414469696344f,-0.04155583785015182f,0.6970252040930743f,-0.5539982503209142f,0f,0f,0f,1f],start_interpolation:0}
execute if entity @s[tag=aj.grey_guardian.bone.right_shoulder] run data modify entity @s {} merge value {transformation:[0.6909302743717792f,0.23941999341890163f,-0.6821241988874392f,0.06332732302598067f,-0.11726347487915034f,0.96818739679263f,0.22104850633102477f,1.1839680695679449f,0.71334748434112f,-0.07274085126806934f,0.6970252040930743f,-0.40451897929832503f,0f,0f,0f,1f],start_interpolation:0}
execute if entity @s[tag=aj.grey_guardian.bone.upper_body] run data modify entity @s {} merge value {transformation:[-0.6661782716833047f,-0.36336539643083227f,-0.651284959916709f,-0.004062061159238523f,-0.06645233334509196f,0.8987261192614922f,-0.4334460173426108f,0.61783125f,0.7428260884823835f,-0.24547291344228214f,-0.6228582912959575f,0.07049788444931562f,0f,0f,0f,1f],start_interpolation:0}
execute if entity @s[tag=aj.grey_guardian.bone.body] run data modify entity @s {} merge value {transformation:[-0.9934171804208151f,0f,0.11455263264001281f,-6.5972488474317385e-18f,0f,1f,0f,0.385416875f,-0.11455263264001281f,0f,-0.9934171804208151f,0.053870625f,0f,0f,0f,1f],start_interpolation:0}