execute if entity @s[tag=aj.grey_guardian.bone.head] run data modify entity @s {} merge value {transformation:[-0.8343032504431305f,0.061358690059008625f,-0.5478806416129974f,-0.18286570817892556f,0.10643223241551354f,0.9930182315534002f,-0.050862281757776684f,1.1837139913829242f,0.5409346228548114f,-0.10074672677958257f,-0.835008880695363f,-0.04081746525807729f,0f,0f,0f,1f],start_interpolation:0}
execute if entity @s[tag=aj.grey_guardian.bone.sword] run data modify entity @s {} merge value {transformation:[0.1998932543870856f,0.6423031364580682f,0.7399252447015634f,-1.2154666354350432f,0.9636879338841f,0.007579997528773308f,-0.266923415465294f,1.4689922271708264f,-0.177054378473773f,0.7664132204846105f,-0.6174645921262801f,1.1643335714032474f,0f,0f,0f,1f],start_interpolation:0}
execute if entity @s[tag=aj.grey_guardian.bone.axe] run data modify entity @s {} merge value {transformation:[-0.000002016614553020043f,0.000008567665985593036f,-0.0000047464055140558655f,-1.2761646637576023f,0.000009364129617706625f,2.657111708376854e-7f,-0.0000034989247028882497f,1.4740549232323281f,-0.0000028716445196676635f,-0.0000051501938927582306f,-0.000008076457182432064f,1.1795098994937776f,0f,0f,0f,1f],start_interpolation:0}
execute if entity @s[tag=aj.grey_guardian.bone.left_arm_2] run data modify entity @s {} merge value {transformation:[-0.20166145530200427f,0.8567665985593036f,-0.4746405514055865f,-1.0715779588176135f,0.9364129617706625f,0.026571117083768536f,-0.3498924702888249f,1.3790961903198713f,-0.2871644519667663f,-0.515019389275823f,-0.8076457182432063f,0.5653701973881954f,0f,0f,0f,1f],start_interpolation:0}
execute if entity @s[tag=aj.grey_guardian.bone.left_arm] run data modify entity @s {} merge value {transformation:[-0.4632375038566186f,0.8440839272335309f,-0.2700617314739521f,-0.6641117472880795f,0.4635350445371758f,-0.02895599938737503f,-0.8856053368094596f,1.1763141759336018f,-0.7553451380042155f,-0.535428682352279f,-0.37784897592542765f,0.4599545445978447f,0f,0f,0f,1f],start_interpolation:0}
execute if entity @s[tag=aj.grey_guardian.bone.left_shoulder] run data modify entity @s {} merge value {transformation:[-0.8986215042714225f,0.13118287074242985f,-0.4186531338527647f,-0.5130077601135895f,0.4376044032153906f,0.19985851503937127f,-0.876674945605701f,1.1263886179019231f,-0.03133334242412675f,-0.9710034131711546f,-0.23700336128945537f,0.24158297123740075f,0f,0f,0f,1f],start_interpolation:0}
execute if entity @s[tag=aj.grey_guardian.bone.right_arm_2] run data modify entity @s {} merge value {transformation:[0.5776729823702892f,-0.014279096140393077f,-0.8161433898849082f,-0.2538767337501102f,0.3557967998958033f,0.9042707489393944f,0.23601493553691116f,0.613011723040356f,0.734644514458062f,-0.42672065807270204f,0.5274532371221913f,-0.7307441677759597f,0f,0f,0f,1f],start_interpolation:0}
execute if entity @s[tag=aj.grey_guardian.bone.right_arm] run data modify entity @s {} merge value {transformation:[0.6417977229686104f,0.2653648272911843f,-0.7194978743742244f,-0.0907599955976102f,-0.18220667459820145f,0.9641212357627749f,0.19305690995953798f,0.9882822390354855f,0.7449136933391495f,0.007193829854814631f,0.6671220565142841f,-0.5697337812810565f,0f,0f,0f,1f],start_interpolation:0}
execute if entity @s[tag=aj.grey_guardian.bone.right_shoulder] run data modify entity @s {} merge value {transformation:[0.6527619249418256f,0.23711743528727613f,-0.7194978743742244f,0.06113055524108987f,-0.1399788765677945f,0.9711513494979518f,0.19305690995953798f,1.1839680695679449f,0.7445184910135281f,-0.02530569602068844f,0.6671220565142841f,-0.40481710579986335f,0f,0f,0f,1f],start_interpolation:0}
execute if entity @s[tag=aj.grey_guardian.bone.upper_body] run data modify entity @s {} merge value {transformation:[-0.662611914740636f,-0.3645372317935211f,-0.6542614592653804f,-0.003982357099536383f,-0.06645233334509196f,0.8987261192614922f,-0.4334460173426108f,0.61783125f,0.7460090735619379f,-0.24372929490214088f,-0.6197309843551186f,0.07051715405527222f,0f,0f,0f,1f],start_interpolation:0}
execute if entity @s[tag=aj.grey_guardian.bone.body] run data modify entity @s {} merge value {transformation:[-0.993954575927388f,0f,0.10979208073903275f,-6.5972488474317385e-18f,0f,1f,0f,0.385416875f,-0.10979208073903275f,0f,-0.993954575927388f,0.053870625f,0f,0f,0f,1f],start_interpolation:0}