execute if entity @s[tag=aj.grey_guardian.bone.head] run data modify entity @s {} merge value {transformation:[-0.4451539666548199f,0.5758325908387347f,-0.6857512473918148f,0.14830332970222337f,0.23008667050456336f,0.8136564788952904f,0.5338756956519395f,1.1961754078904114f,0.8653889703639652f,0.07987466231332847f,-0.49469381266873325f,0.16466400253856428f,0f,0f,0f,1f],start_interpolation:0}
execute if entity @s[tag=aj.grey_guardian.bone.sword] run data modify entity @s {} merge value {transformation:[0.8265882404795213f,-0.11100398605567191f,-0.5517517519507495f,0.5760775599909822f,0.5087931429333905f,0.56646109730493f,0.6482679715550174f,0.3909660097655025f,0.24058557397510702f,-0.8165781899609167f,0.5247081486647804f,0.0055194470135020435f,0f,0f,0f,1f],start_interpolation:0}
execute if entity @s[tag=aj.grey_guardian.bone.axe] run data modify entity @s {} merge value {transformation:[0.000009254849935736185f,-0.0000020133566720084187f,-0.000003208449404039769f,0.5950344286068141f,6.305423255412427e-7f,0.00000917108351458442f,-0.00000393619658353326f,0.3312055755002604f,0.000003734992509056076f,0.000003440584554955311f,0.000008614650827369498f,0.0024323615465100534f,0f,0f,0f,1f],start_interpolation:0}
execute if entity @s[tag=aj.grey_guardian.bone.left_arm_2] run data modify entity @s {} merge value {transformation:[0.9254849935736185f,-0.20133566720084184f,-0.3208449404039769f,0.4006645974285425f,0.06305423255412426f,0.917108351458442f,-0.393619658353326f,0.6125388982993927f,0.3734992509056076f,0.3440584554955311f,0.8614650827369498f,0.5602068542471035f,0f,0f,0f,1f],start_interpolation:0}
execute if entity @s[tag=aj.grey_guardian.bone.left_arm] run data modify entity @s {} merge value {transformation:[0.5064922659071943f,-0.27033226682367145f,-0.8187710608528928f,0.09840778773824195f,-0.2028298121576947f,0.8855801114049661f,-0.41786114151000253f,0.9678020617995353f,0.8380487168871927f,0.3777146168709165f,0.39370803436783774f,0.5864865879921846f,0f,0f,0f,1f],start_interpolation:0}
execute if entity @s[tag=aj.grey_guardian.bone.left_shoulder] run data modify entity @s {} merge value {transformation:[0.49811959678837053f,-0.27737304564152715f,-0.8215479662484318f,-0.06475425383065657f,-0.1706877017630972f,0.8975537898832344f,-0.40652540232201356f,1.1795769878834201f,0.8501426796498475f,0.3427264037359628f,0.39974496422092753f,0.5472354834223391f,0f,0f,0f,1f],start_interpolation:0}
execute if entity @s[tag=aj.grey_guardian.bone.right_arm_2] run data modify entity @s {} merge value {transformation:[0.8549664609184682f,0.38714925976437153f,-0.3451779271165073f,-0.4194577210886484f,-0.2773671631930358f,0.9035981174534817f,0.32646270677792905f,1.0413778759044954f,0.4382919203987193f,-0.18337364259463151f,0.8799285764849205f,-0.5040999400320578f,0f,0f,0f,1f],start_interpolation:0}
execute if entity @s[tag=aj.grey_guardian.bone.right_arm] run data modify entity @s {} merge value {transformation:[0.6164494833912824f,0.7456557213345865f,-0.2529576637851062f,-0.03602470650315398f,-0.7221779333628003f,0.6634383208768008f,0.1957258975097727f,1.210292260267119f,0.313765943006018f,0.06202531445441554f,0.9474723180000431f,-0.37065920756525844f,0f,0f,0f,1f],start_interpolation:0}
execute if entity @s[tag=aj.grey_guardian.bone.right_shoulder] run data modify entity @s {} merge value {transformation:[0.6483878058271879f,0.7180568735044502f,-0.2529576637851062f,0.23969517013830055f,-0.6925518068804338f,0.6943078336232714f,0.1957258975097727f,1.2371564395494419f,0.31617281357076077f,0.0482800018887099f,0.9474723180000431f,-0.26194831090195436f,0f,0f,0f,1f],start_interpolation:0}
execute if entity @s[tag=aj.grey_guardian.bone.upper_body] run data modify entity @s {} merge value {transformation:[-0.35136448894397965f,0.15070967864071186f,-0.9240289977447405f,0.0022457565467781234f,-0.06645233334509194f,0.9804549522786197f,0.18518146220753973f,0.61783125f,0.9338774455473955f,0.12647007280911574f,-0.33448204343660687f,0.07083890939144197f,0f,0f,0f,1f],start_interpolation:0}
execute if entity @s[tag=aj.grey_guardian.bone.body] run data modify entity @s {} merge value {transformation:[-0.9673120271596827f,0f,-0.25358912065036504f,-6.5972488474317385e-18f,0f,1f,0f,0.385416875f,0.25358912065036504f,0f,-0.9673120271596827f,0.053870625f,0f,0f,0f,1f],start_interpolation:0}