execute if entity @s[tag=aj.grey_guardian.bone.head] run data modify entity @s {} merge value {transformation:[0.1795928436039974f,-0.029341210590729583f,-0.9833033631017951f,-0.22240433402204807f,0.12614699750977404f,0.9919898654757165f,-0.006560625941068821f,1.1738710738480944f,0.9756194675925133f,-0.1228625254279758f,0.18185558638645352f,0.11352444910800313f,0f,0f,0f,1f],start_interpolation:0}
execute if entity @s[tag=aj.grey_guardian.bone.sword] run data modify entity @s {} merge value {transformation:[-0.09775045217818631f,-0.8572874646968424f,-0.5054730971798793f,0.6327213969822139f,0.9638554791610817f,0.04493737193131195f,-0.26260854497724884f,0.9828144932634424f,0.24784564630051698f,-0.5128731183027302f,0.8219085716381794f,-0.23986260337850418f,0f,0f,0f,1f],start_interpolation:0}
execute if entity @s[tag=aj.grey_guardian.bone.axe] run data modify entity @s {} merge value {transformation:[0.00000599253802423163f,-0.00000773569937490681f,0.0000020611752009968533f,0.6895035324312424f,0.000007776898054434799f,0.000005014095099419895f,-0.0000037919265532050626f,0.9570994874704934f,0.000001899827539295679f,0.000003875281346565664f,0.000009020690095879247f,-0.24726057870189677f,0f,0f,0f,1f],start_interpolation:0}
execute if entity @s[tag=aj.grey_guardian.bone.left_arm_2] run data modify entity @s {} merge value {transformation:[0.599253802423163f,-0.7735699374906809f,0.20611752009968531f,0.4279295919441908f,0.7776898054434798f,0.5014095099419894f,-0.3791926553205062f,1.0743708017589102f,0.18998275392956787f,0.3875281346565664f,0.9020690095879246f,0.3408439757780177f,0f,0f,0f,1f],start_interpolation:0}
execute if entity @s[tag=aj.grey_guardian.bone.left_arm] run data modify entity @s {} merge value {transformation:[0.7273408021234931f,-0.6862751698018026f,0.0013224522147650686f,0.0015338469918638742f,0.33679243510660956f,0.3552652528095914f,-0.8719847795696305f,1.0549130120663484f,0.5979516813433284f,0.6346755009133755f,0.48953119953588486f,0.5307644377004503f,0f,0f,0f,1f],start_interpolation:0}
execute if entity @s[tag=aj.grey_guardian.bone.left_shoulder] run data modify entity @s {} merge value {transformation:[0.6917257283440904f,-0.6816900922755678f,-0.23835715814752706f,-0.26171800871362916f,0.37254872951498447f,0.619600561054313f,-0.6908708916128621f,1.1139257983536957f,0.6186460707735952f,0.3890935142539751f,0.6825564271779171f,0.5458333414076507f,0f,0f,0f,1f],start_interpolation:0}
execute if entity @s[tag=aj.grey_guardian.bone.right_arm_2] run data modify entity @s {} merge value {transformation:[0.9842119013077573f,-0.023897682152084973f,-0.1753734133554099f,-0.743828832278278f,0.07042528993627273f,0.961905079663635f,0.26415695382610616f,0.5894748369122025f,0.16237983822371962f,-0.2723371412515259f,0.9484014285277013f,-0.29663405347163235f,0f,0f,0f,1f],start_interpolation:0}
execute if entity @s[tag=aj.grey_guardian.bone.right_arm] run data modify entity @s {} merge value {transformation:[0.9793900981039969f,0.20157195809350278f,-0.012797712537577347f,-0.5097103785076416f,-0.19394780179600102f,0.9562513174879885f,0.21901522317178093f,0.961336042059309f,0.05638515686191206f,-0.2120192526937991f,0.9756375098225877f,-0.31297934975490277f,0f,0f,0f,1f],start_interpolation:0}
execute if entity @s[tag=aj.grey_guardian.bone.right_shoulder] run data modify entity @s {} merge value {transformation:[0.9969141067390574f,0.07744986984154706f,-0.012797712537577347f,-0.29907876893401336f,-0.0727806738360976f,0.9730032402489616f,0.21901522317178093f,1.1715052500197176f,0.029414916294809117f,-0.21740793942850578f,0.9756375098225877f,-0.31792127556863214f,0f,0f,0f,1f],start_interpolation:0}
execute if entity @s[tag=aj.grey_guardian.bone.upper_body] run data modify entity @s {} merge value {transformation:[0.04311798081356322f,-0.4713185840225754f,-0.880908412995083f,0.00872173909278702f,-0.06645233334509193f,0.8784228454260705f,-0.4732413676196941f,0.61783125f,0.9968575259903262f,0.0789436317160557f,0.0065555997380721265f,0.06859806078677566f,0f,0f,0f,1f],start_interpolation:0}
execute if entity @s[tag=aj.grey_guardian.bone.body] run data modify entity @s {} merge value {transformation:[-0.7903137236492989f,0f,-0.6127023895918636f,-6.5972488474317385e-18f,0f,1f,0f,0.385416875f,0.6127023895918636f,0f,-0.7903137236492989f,0.053870625f,0f,0f,0f,1f],start_interpolation:0}