# This file was generated by Animated Java via MC-Build. It is not recommended to edit this file directly.
execute unless entity @s[type=item_display,tag=aj.lexiel.root] run return run function animated_java:global/errors/function_not_executed_as_root_entity {'export_namespace': 'lexiel', 'function_path': 'animated_java:lexiel/apply_default_pose'}
execute on passengers if entity @s[tag=aj.lexiel.bone.backhair] run data merge entity @s {transformation: [-1f,0f,1.2246467991473532e-16f,3.2529680602351567e-17f,0f,1f,0f,1.484375f,-1.2246467991473532e-16f,0f,-1f,-0.265625f,0f,0f,0f,1f], start_interpolation: 0}
execute on passengers if entity @s[tag=aj.lexiel.bone.head] run data merge entity @s {transformation: [-1f,0f,1.2246467991473532e-16f,0f,0f,1f,0f,1.5f,-1.2246467991473532e-16f,0f,-1f,0f,0f,0f,0f,1f], start_interpolation: 0}
execute on passengers if entity @s[tag=aj.lexiel.bone.ring] run data merge entity @s {transformation: [-0.984807753012208f,0.17364817766693033f,1.2246467991473532e-16f,0f,0.17364817766693033f,0.984807753012208f,0f,0.9375f,-1.2060416625018976e-16f,2.1265768495757713e-17f,-1f,0f,0f,0f,0f,1f], start_interpolation: 0}
execute on passengers if entity @s[tag=aj.lexiel.bone.bust] run data merge entity @s {transformation: [-1f,6.123233995736765e-17f,1.0605752387249069e-16f,0f,0f,0.8660254037844387f,-0.49999999999999994f,1.390625f,-1.2246467991473532e-16f,-0.49999999999999994f,-0.8660254037844387f,0.07187500000000008f,0f,0f,0f,1f], start_interpolation: 0}
execute on passengers if entity @s[tag=aj.lexiel.bone.left_wing] run data merge entity @s {transformation: [-1f,0f,1.2246467991473532e-16f,0.125f,0f,1f,0f,1.15625f,-1.2246467991473532e-16f,0f,-1f,-0.12499999999999989f,0f,0f,0f,1f], start_interpolation: 0}
execute on passengers if entity @s[tag=aj.lexiel.bone.right_wing] run data merge entity @s {transformation: [-1f,0f,1.2246467991473532e-16f,-0.12499999999999994f,0f,1f,0f,1.15625f,-1.2246467991473532e-16f,0f,-1f,-0.125f,0f,0f,0f,1f], start_interpolation: 0}
execute on passengers if entity @s[tag=aj.lexiel.bone.body] run data merge entity @s {transformation: [-1f,0f,1.2246467991473532e-16f,0.49999999999999994f,0f,1f,0f,0.21875f,-1.2246467991473532e-16f,0f,-1f,0.5000000000000001f,0f,0f,0f,1f], start_interpolation: 0}
execute on passengers if entity @s[tag=aj.lexiel.bone.sword] run data merge entity @s {transformation: [-1.15625f,0f,1.415997861514127e-16f,-0.328125f,0f,1.15625f,0f,0.671875f,-1.415997861514127e-16f,0f,-1.15625f,-0.04687500000000004f,0f,0f,0f,1f], start_interpolation: 0}
execute on passengers if entity @s[tag=aj.lexiel.bone.rod] run data merge entity @s {transformation: [-1f,-8.659560562354934e-17f,8.659560562354932e-17f,-0.328125f,0f,0.7071067811865475f,0.7071067811865476f,0.67427875f,-1.2246467991473532e-16f,0.7071067811865476f,-0.7071067811865475f,0.06430312499999996f,0f,0f,0f,1f], start_interpolation: 0}
execute on passengers if entity @s[tag=aj.lexiel.bone.right_hand] run data merge entity @s {transformation: [-1f,0f,1.2246467991473532e-16f,-0.34375f,0f,1f,0f,1.09375f,-1.2246467991473532e-16f,0f,-1f,-4.209723372069027e-17f,0f,0f,0f,1f], start_interpolation: 0}
execute on passengers if entity @s[tag=aj.lexiel.bone.right_arm] run data merge entity @s {transformation: [-1f,0f,1.2246467991473532e-16f,-0.3125f,0f,1f,0f,1.40625f,-1.2246467991473532e-16f,0f,-1f,-3.827021247335479e-17f,0f,0f,0f,1f], start_interpolation: 0}
execute on passengers if entity @s[tag=aj.lexiel.bone.left_hand] run data merge entity @s {transformation: [-1f,0f,1.2246467991473532e-16f,0.34375f,0f,1f,0f,1.09375f,-1.2246467991473532e-16f,0f,-1f,4.209723372069027e-17f,0f,0f,0f,1f], start_interpolation: 0}
execute on passengers if entity @s[tag=aj.lexiel.bone.left_arm] run data merge entity @s {transformation: [-1f,0f,1.2246467991473532e-16f,0.34375f,0f,1f,0f,1.40625f,-1.2246467991473532e-16f,0f,-1f,4.209723372069027e-17f,0f,0f,0f,1f], start_interpolation: 0}
execute on passengers if entity @s[tag=aj.lexiel.bone.skirt_right] run data merge entity @s {transformation: [-1f,0f,1.2246467991473532e-16f,-0.21875f,0f,1f,0f,0.684375f,-1.2246467991473532e-16f,0f,-1f,0.09374999999999997f,0f,0f,0f,1f], start_interpolation: 0}
execute on passengers if entity @s[tag=aj.lexiel.bone.skirt_left] run data merge entity @s {transformation: [-1f,0f,1.2246467991473532e-16f,0.21875f,0f,1f,0f,0.684375f,-1.2246467991473532e-16f,0f,-1f,0.09375000000000003f,0f,0f,0f,1f], start_interpolation: 0}
execute on passengers if entity @s[tag=aj.lexiel.bone.skirt_back_middle] run data merge entity @s {transformation: [-1f,0f,1.2246467991473532e-16f,2.2962127484012874e-17f,0f,1f,0f,0.746875f,-1.2246467991473532e-16f,0f,-1f,-0.1875f,0f,0f,0f,1f], start_interpolation: 0}
execute on passengers if entity @s[tag=aj.lexiel.bone.skirt_front_middle] run data merge entity @s {transformation: [-1f,0f,1.2246467991473532e-16f,-2.296212748401287e-17f,0f,1f,0f,0.746875f,-1.2246467991473532e-16f,0f,-1f,0.1875f,0f,0f,0f,1f], start_interpolation: 0}
execute on passengers if entity @s[tag=aj.lexiel.bone.skirt] run data merge entity @s {transformation: [-1f,0f,1.2246467991473532e-16f,-1.1481063742006436e-17f,0f,1f,0f,0.703125f,-1.2246467991473532e-16f,0f,-1f,0.09375f,0f,0f,0f,1f], start_interpolation: 0}
execute on passengers if entity @s[tag=aj.lexiel.bone.rightupper] run data merge entity @s {transformation: [-0.9990466999447866f,-0.043501813678794875f,0.0036446585693450237f,-0.136289375f,-0.04361932092922671f,0.9981006697965534f,-0.04350181367879488f,0.668451875f,-0.0017453283658984313f,-0.04361932092922672f,-0.9990466999447866f,0.005833124999999988f,0f,0f,0f,1f], start_interpolation: 0}
execute on passengers if entity @s[tag=aj.lexiel.bone.rightfoot] run data merge entity @s {transformation: [-1f,0f,1.2246467991473532e-16f,-0.09375f,0f,1f,0f,0.359375f,-1.2246467991473532e-16f,0f,-1f,0.103125f,0f,0f,0f,1f], start_interpolation: 0}
execute on passengers if entity @s[tag=aj.lexiel.bone.leftupper] run data merge entity @s {transformation: [-0.9990466999447866f,0.04350181367879489f,-0.003644658569344779f,0.136229375f,0.04361932092922671f,0.9981006697965534f,-0.04350181367879488f,0.665725625f,0.0017453283658981867f,-0.043619320929226706f,-0.9990466999447866f,0.0057237500000000135f,0f,0f,0f,1f], start_interpolation: 0}
execute on passengers if entity @s[tag=aj.lexiel.bone.leftfoot] run data merge entity @s {transformation: [-1f,0f,1.2246467991473532e-16f,0.12984375f,0f,1f,0f,0.378136875f,-1.2246467991473532e-16f,0f,-1f,0.13837500000000003f,0f,0f,0f,1f], start_interpolation: 0}
execute on passengers if entity @s[tag=aj.lexiel.bone.lower] run data merge entity @s {transformation: [-1f,0f,1.2246467991473532e-16f,0f,0f,1f,0f,0.625f,-1.2246467991473532e-16f,0f,-1f,0f,0f,0f,0f,1f], start_interpolation: 0}
execute on passengers if entity @s[tag=aj.lexiel.bone.sucidesword] run data merge entity @s {transformation: [-1.15625f,0f,1.415997861514127e-16f,0.04687499999999996f,0f,1.15625f,0f,-0.01619625f,-1.415997861514127e-16f,0f,-1.15625f,0.3294825f,0f,0f,0f,1f], start_interpolation: 0}