execute if entity @s[tag=aj.red_knight.bone.head] run data modify entity @s {} merge value {transformation:[-0.9772681235681933f,-0.074315768152241f,0.19855523478731213f,0f,0f,0.9365498867481924f,0.3505343201912589f,1.6284595514371234f,-0.21200710992205485f,0.34256601733956393f,-0.91526035045041f,0f,0f,0f,0f,1f],start_interpolation:0}
execute if entity @s[tag=aj.red_knight.bone.body] run data modify entity @s {} merge value {transformation:[-0.6789288986491759f,0f,0.7342040251721703f,-0.04885409134428392f,0f,1f,0f,0.6284595514371234f,-0.7342040251721703f,0f,-0.6789288986491759f,0.6836225861240428f,0f,0f,0f,1f],start_interpolation:0}
execute if entity @s[tag=aj.red_knight.bone.left_hand] run data modify entity @s {} merge value {transformation:[-0.6259107178125276f,-0.08138826435739416f,0.7756363347292965f,0.3932166942260985f,-0.3402378164987665f,0.923402924682962f,-0.17766616704117788f,1.3006812782365076f,-0.7017649190088929f,-0.3751039710691463f,-0.6056591527720843f,0.3275008551700738f,0f,0f,0f,1f],start_interpolation:0}
execute if entity @s[tag=aj.red_knight.bone.left_arm] run data modify entity @s {} merge value {transformation:[-0.6259107178125276f,-0.3862894894469162f,0.6775073458422773f,0.23338180891065424f,-0.3402378164987665f,0.9169380375417242f,0.20847748927230314f,1.5659595514371234f,-0.7017649190088929f,-0.1000253250530703f,-0.705351637693193f,0.25238263365293356f,0f,0f,0f,1f],start_interpolation:0}
execute if entity @s[tag=aj.red_knight.bone.weapon] run data modify entity @s {} merge value {transformation:[-0.6483631145223444f,-0.09438711976465222f,-1.532479729434356f,-0.41106257280594766f,-0.8419139745245884f,1.4129775710488857f,0.269170988389872f,1.0110736100050026f,1.2839719268756908f,0.8788419841547757f,-0.5973530243162755f,-0.4870363959125104f,0f,0f,0f,1f],start_interpolation:0}
execute if entity @s[tag=aj.red_knight.bone.right_hand] run data modify entity @s {} merge value {transformation:[-0.2163070233615746f,0.262658519896312f,0.940330672460669f,-0.32898178533835015f,0.3431595753813609f,0.9221334638295293f,-0.1786375680248647f,1.2992403174517306f,-0.914031059356595f,0.28404291367966344f,-0.2895977308609788f,-0.3982729853876156f,0f,0f,0f,1f],start_interpolation:0}
execute if entity @s[tag=aj.red_knight.bone.right_arm] run data modify entity @s {} merge value {transformation:[-0.2163070233615746f,0.262658519896312f,0.940330672460669f,-0.23338180891065424f,0.3431595753813609f,0.9221334638295293f,-0.1786375680248647f,1.5659595514371234f,-0.914031059356595f,0.28404291367966344f,-0.2895977308609788f,-0.25238263365293356f,0f,0f,0f,1f],start_interpolation:0}