execute if entity @s[tag=aj.red_knight.bone.head] run data modify entity @s {} merge value {transformation:[-0.9816222494229108f,-0.07455584718123842f,0.17566782599267333f,0f,0f,0.9205250582799042f,0.39068352547654106f,1.6428860645832635f,-0.19083437698146616f,0.3835036410907553f,-0.9036078783588757f,0f,0f,0f,0f,1f],start_interpolation:0}
execute if entity @s[tag=aj.red_knight.bone.body] run data modify entity @s {} merge value {transformation:[-0.6946397704520346f,0f,0.719357761691875f,-0.034066488446546306f,0f,1f,0f,0.6428860645832635f,-0.719357761691875f,0f,-0.6946397704520346f,0.6845188360190837f,0f,0f,0f,1f],start_interpolation:0}
execute if entity @s[tag=aj.red_knight.bone.left_hand] run data modify entity @s {} merge value {transformation:[-0.6474886179464093f,-0.17268093206164392f,0.7422531814227342f,0.4004921383738696f,-0.3412354155681135f,0.9365862832487725f,-0.07977797435575124f,1.3150878619174755f,-0.6814080134485544f,-0.3049384031777105f,-0.6653538077410563f,0.31819700690886915f,0f,0f,0f,1f],start_interpolation:0}
execute if entity @s[tag=aj.red_knight.bone.left_arm] run data modify entity @s {} merge value {transformation:[-0.6474886179464093f,-0.38797337170986285f,0.6559231300037597f,0.2387824210928869f,-0.3412354155681135f,0.9172013316441442f,0.20566990152247716f,1.5803860645832635f,-0.6814080134485544f,-0.0906552815576078f,-0.7262676773296505f,0.24727923058158205f,0f,0f,0f,1f],start_interpolation:0}
execute if entity @s[tag=aj.red_knight.bone.weapon] run data modify entity @s {} merge value {transformation:[-0.3845463445234133f,-0.34068004859579193f,1.585509063733231f,-0.4297773090082573f,0.6012647603183671f,1.483386800452697f,0.4645665356219544f,1.031961009209804f,-1.506115060242993f,0.6791748541496929f,-0.21935523831850087f,-0.48661615090273275f,0f,0f,0f,1f],start_interpolation:0}
execute if entity @s[tag=aj.red_knight.bone.right_hand] run data modify entity @s {} merge value {transformation:[-0.23072780671404797f,0.2825190399931878f,0.9311002476910057f,-0.34149010901038607f,0.3607588561910202f,0.9135559742166375f,-0.18779917372778093f,1.317447251152503f,-0.9036690361457957f,0.29257216889926146f,-0.31270401196164765f,-0.3951873481217135f,0f,0f,0f,1f],start_interpolation:0}
execute if entity @s[tag=aj.red_knight.bone.right_arm] run data modify entity @s {} merge value {transformation:[-0.23072780671404797f,0.2825190399931878f,0.9311002476910057f,-0.2387824210928869f,0.3607588561910202f,0.9135559742166375f,-0.18779917372778093f,1.5803860645832635f,-0.9036690361457957f,0.29257216889926146f,-0.31270401196164765f,-0.24727923058158205f,0f,0f,0f,1f],start_interpolation:0}