execute if entity @s[tag=aj.red_knight.bone.head] run data modify entity @s {} merge value {transformation:[-0.9767527188112564f,-0.07417211241929253f,0.2011283769985696f,0f,0f,0.9382338387583294f,0.346001826308488f,1.6264266053506093f,-0.21436913559283405f,0.33795822456047575f,-0.9164224528879201f,0f,0f,0f,0f,1f],start_interpolation:0}
execute if entity @s[tag=aj.red_knight.bone.body] run data modify entity @s {} merge value {transformation:[-0.6771519015220794f,0f,0.7358432593052899f,-0.05050667581417023f,0f,1f,0f,0.6264266053506093f,-0.7358432593052899f,0f,-0.6771519015220794f,0.6835024785603944f,0f,0f,0f,1f],start_interpolation:0}
execute if entity @s[tag=aj.red_knight.bone.left_hand] run data modify entity @s {} merge value {transformation:[-0.6234579405483062f,-0.07084125912167122f,0.7786409393124158f,0.3923889950074805f,-0.34012438728388245f,0.9212905889631693f,-0.1885180412126658f,1.2986503404948277f,-0.7039997141633144f,-0.38236784212843145f,-0.5984807730946908f,0.32853109354387794f,0f,0f,0f,1f],start_interpolation:0}
execute if entity @s[tag=aj.red_knight.bone.left_arm] run data modify entity @s {} merge value {transformation:[-0.6234579405483062f,-0.38608610423998907f,0.6798806634109057f,0.2327709661482148f,-0.34012438728388245f,0.9169089249952772f,0.20879038397102637f,1.5639266053506093f,-0.7039997141633144f,-0.1010719712719276f,-0.7029714496913644f,0.2529461203861934f,0f,0f,0f,1f],start_interpolation:0}
execute if entity @s[tag=aj.red_knight.bone.weapon] run data modify entity @s {} merge value {transformation:[-0.3577613172355322f,-0.5312394161366308f,1.5386907747856575f,-0.40897493702794396f,0.568635189206531f,1.4353808375014254f,0.6277847168476921f,1.0083341304233149f,-1.5252667436431333f,0.6597304842542111f,-0.12686538795019867f,-0.48704099954927776f,0f,0f,0f,1f],start_interpolation:0}
execute if entity @s[tag=aj.red_knight.bone.right_hand] run data modify entity @s {} merge value {transformation:[-0.2146567903413193f,0.26046067437343484f,0.9413196584929577f,-0.3275809762862456f,0.3411811135239186f,0.9230660712360632f,-0.1776076459711068f,1.2967922776845846f,-0.91516004618588f,0.28303580204234696f,-0.28700666303642414f,-0.39859231141104434f,0f,0f,0f,1f],start_interpolation:0}
execute if entity @s[tag=aj.red_knight.bone.right_arm] run data modify entity @s {} merge value {transformation:[-0.2146567903413193f,0.26046067437343484f,0.9413196584929577f,-0.2327709661482148f,0.3411811135239186f,0.9230660712360632f,-0.1776076459711068f,1.5639266053506093f,-0.91516004618588f,0.28303580204234696f,-0.28700666303642414f,-0.2529461203861934f,0f,0f,0f,1f],start_interpolation:0}