execute if entity @s[tag=aj.red_knight.bone.head] run data modify entity @s {} merge value {transformation:[-0.9834498900550208f,-0.07404772754315417f,0.16535793841380125f,0f,0f,0.9126704535258131f,0.408696272629182f,1.6498774797757711f,-0.18118033488976582f,0.4019323043830658f,-0.8975656571764267f,0f,0f,0f,0f,1f],start_interpolation:0}
execute if entity @s[tag=aj.red_knight.bone.body] run data modify entity @s {} merge value {transformation:[-0.7016742170713934f,0f,0.7124979249775026f,-0.02733917323653562f,0f,1f,0f,0.6498774797757711f,-0.7124979249775026f,0f,-0.7016742170713934f,0.6848205108689011f,0f,0f,0f,1f],start_interpolation:0}
execute if entity @s[tag=aj.red_knight.bone.left_hand] run data modify entity @s {} merge value {transformation:[-0.6570833757774435f,-0.21212853526111478f,0.7233553219579526f,0.4037240825874542f,-0.3416789594203824f,0.9391663193506201f,-0.03495873691673693f,1.3220690447079761f,-0.6719352096492068f,-0.2701260985639539f,-0.6895904327267697f,0.3139140839844838f,0f,0f,0f,1f],start_interpolation:0}
execute if entity @s[tag=aj.red_knight.bone.left_arm] run data modify entity @s {} merge value {transformation:[-0.6570833757774435f,-0.3886587503458319f,0.6458992282520049f,0.2412005121182915f,-0.3416789594203824f,0.9173227841010206f,0.20438786279658833f,1.5873774797757711f,-0.6719352096492068f,-0.08639030934525385f,-0.7355540690424516f,0.24492116171101652f,0f,0f,0f,1f],start_interpolation:0}
execute if entity @s[tag=aj.red_knight.bone.weapon] run data modify entity @s {} merge value {transformation:[-0.6264243667353055f,0.34967762136384173f,-1.5043589504022545f,-0.4383084044739173f,-0.8572949038525212f,1.271608985836037f,0.652559432348747f,1.0419740866826237f,1.284685073613975f,1.0190750345465973f,-0.29807400654046257f,-0.4861987354173286f,0f,0f,0f,1f],start_interpolation:0}
execute if entity @s[tag=aj.red_knight.bone.right_hand] run data modify entity @s {} merge value {transformation:[-0.23708097803518974f,0.2916645299654823f,0.926673843277068f,-0.34716323885970407f,0.3687032976827961f,0.9095157587173153f,-0.19193478820343565f,1.3261977612817848f,-0.8988050334370126f,0.29616361458639806f,-0.32316655963049473f,-0.3936476058590792f,0f,0f,0f,1f],start_interpolation:0}
execute if entity @s[tag=aj.red_knight.bone.right_arm] run data modify entity @s {} merge value {transformation:[-0.23708097803518974f,0.2916645299654823f,0.926673843277068f,-0.2412005121182915f,0.3687032976827961f,0.9095157587173153f,-0.19193478820343565f,1.5873774797757711f,-0.8988050334370126f,0.29616361458639806f,-0.32316655963049473f,-0.24492116171101652f,0f,0f,0f,1f],start_interpolation:0}