execute if entity @s[tag=aj.red_knight.bone.head] run data modify entity @s {} merge value {transformation:[-0.9772681235681933f,-0.074315768152241f,0.19855523478731213f,0f,0f,0.9365498867481924f,0.3505343201912589f,1.6280588097076298f,-0.21200710992205485f,0.34256601733956393f,-0.91526035045041f,0f,0f,0f,0f,1f],start_interpolation:0}
execute if entity @s[tag=aj.red_knight.bone.body] run data modify entity @s {} merge value {transformation:[-0.6789288986491759f,0f,0.7342040251721703f,-0.04885409134428392f,0f,1f,0f,0.6280588097076298f,-0.7342040251721703f,0f,-0.6789288986491759f,0.6836225861240428f,0f,0f,0f,1f],start_interpolation:0}
execute if entity @s[tag=aj.red_knight.bone.left_hand] run data modify entity @s {} merge value {transformation:[-0.6259107178125276f,-0.08138826435739416f,0.7756363347292965f,0.3932166942260985f,-0.34023781649876644f,0.923402924682962f,-0.17766616704117782f,1.3002805365070138f,-0.7017649190088929f,-0.37510397106914617f,-0.6056591527720843f,0.3275008551700738f,0f,0f,0f,1f],start_interpolation:0}
execute if entity @s[tag=aj.red_knight.bone.left_arm] run data modify entity @s {} merge value {transformation:[-0.6259107178125276f,-0.3862894894469161f,0.6775073458422773f,0.23338180891065424f,-0.34023781649876644f,0.9169380375417242f,0.20847748927230308f,1.5655588097076298f,-0.7017649190088929f,-0.1000253250530703f,-0.705351637693193f,0.25238263365293356f,0f,0f,0f,1f],start_interpolation:0}
execute if entity @s[tag=aj.red_knight.bone.weapon] run data modify entity @s {} merge value {transformation:[-0.36051170560262435f,-0.5123760011652381f,1.5444351463661998f,-0.4110625728059477f,0.5719326256356017f,1.4410542310959893f,0.6115828255859481f,1.0106728682755093f,-1.5233850989276585f,0.6622773695726326f,-0.13588342023551303f,-0.48703639591251047f,0f,0f,0f,1f],start_interpolation:0}
execute if entity @s[tag=aj.red_knight.bone.right_hand] run data modify entity @s {} merge value {transformation:[-0.2163070233615746f,0.26265851989631206f,0.940330672460669f,-0.3289817853383502f,0.343159575381361f,0.9221334638295293f,-0.17863756802486475f,1.298839575722237f,-0.914031059356595f,0.28404291367966356f,-0.2895977308609788f,-0.39827298538761563f,0f,0f,0f,1f],start_interpolation:0}
execute if entity @s[tag=aj.red_knight.bone.right_arm] run data modify entity @s {} merge value {transformation:[-0.2163070233615746f,0.26265851989631206f,0.940330672460669f,-0.23338180891065424f,0.343159575381361f,0.9221334638295293f,-0.17863756802486475f,1.5655588097076298f,-0.914031059356595f,0.28404291367966356f,-0.2895977308609788f,-0.25238263365293356f,0f,0f,0f,1f],start_interpolation:0}