execute if entity @s[tag=aj.red_knight.bone.head] run data modify entity @s {} merge value {transformation:[-0.9769904590836156f,-0.07424110745488668f,0.19994474442569865f,0f,1.3877787807814457e-17f,0.937462122819935f,0.34808729979409053f,1.6271766221342017f,-0.21328301118369936f,0.34007797082700464f,-0.9158915497473492f,0f,0f,0f,0f,1f],start_interpolation:0}
execute if entity @s[tag=aj.red_knight.bone.body] run data modify entity @s {} merge value {transformation:[-0.6779696223202178f,0f,0.735089920493392f,-0.04974669978409385f,0f,1f,0f,0.6271766221342017f,-0.735089920493392f,0f,-0.6779696223202178f,0.6835582113913864f,0f,0f,0f,1f],start_interpolation:0}
execute if entity @s[tag=aj.red_knight.bone.left_hand] run data modify entity @s {} merge value {transformation:[-0.6245869301893481f,-0.07569931464947582f,0.7772778013028843f,0.3927699957891083f,-0.34017659881551054f,0.9222778857183263f,-0.1835303330058693f,1.2993994391647021f,-0.702973006775479f,-0.3790423660707781f,-0.6017938488124557f,0.3280575551504573f,0f,0f,0f,1f],start_interpolation:0}
execute if entity @s[tag=aj.red_knight.bone.left_arm] run data modify entity @s {} merge value {transformation:[-0.6245869301893481f,-0.38618001593503737f,0.6787902193822924f,0.2330520576725749f,-0.34017659881551054f,0.9169223052655002f,0.20864651380962956f,1.5646766221342017f,-0.702973006775479f,-0.10059066258363653f,-0.7040670922192199f,0.25268716016960346f,0f,0f,0f,1f],start_interpolation:0}
execute if entity @s[tag=aj.red_knight.bone.weapon] run data modify entity @s {} merge value {transformation:[-0.35902774221982137f,-0.5225738536399157f,1.541360900498726f,-0.4099348751194783f,0.570152071234466f,1.4380132484109853f,0.6203404636482389f,1.00940867399415f,-1.5244026612943722f,0.6609177276062369f,-0.13100405090004746f,-0.48703993839162985f,0f,0f,0f,1f],start_interpolation:0}
execute if entity @s[tag=aj.red_knight.bone.right_hand] run data modify entity @s {} merge value {transformation:[-0.2154166453318928f,0.26147084338185617f,0.9408659133878401f,-0.32822523656264824f,0.3420912427406796f,0.9226378412981507f,-0.17808142925309706f,1.2977329993998221f,-0.9146415967766233f,0.2835002854775799f,-0.28819843438165965f,-0.39844609917988616f,0f,0f,0f,1f],start_interpolation:0}
execute if entity @s[tag=aj.red_knight.bone.right_arm] run data modify entity @s {} merge value {transformation:[-0.2154166453318928f,0.26147084338185617f,0.9408659133878401f,-0.2330520576725749f,0.3420912427406796f,0.9226378412981507f,-0.17808142925309706f,1.5646766221342017f,-0.9146415967766233f,0.2835002854775799f,-0.28819843438165965f,-0.25268716016960346f,0f,0f,0f,1f],start_interpolation:0}