execute if entity @s[tag=aj.red_knight.bone.head] run data modify entity @s {} merge value {transformation:[-0.983127443563683f,-0.07416765015849755f,0.16721121189054317f,0f,-1.3877787807814457e-17f,0.9141124784450788f,0.40546069692510933f,1.6485924859857004f,-0.18292192244763178f,0.39861953843353193f,-0.8986890640633727f,0f,0f,0f,0f,1f],start_interpolation:0}
execute if entity @s[tag=aj.red_knight.bone.body] run data modify entity @s {} merge value {transformation:[-0.7004111507838062f,0f,0.7137396022764214f,-0.028552074208301526f,0f,1f,0f,0.6485924859857004f,-0.7137396022764214f,0f,-0.7004111507838062f,0.6847710139589757f,0f,0f,0f,1f],start_interpolation:0}
execute if entity @s[tag=aj.red_knight.bone.left_hand] run data modify entity @s {} merge value {transformation:[-0.6553637908861935f,-0.20512235483807992f,0.7269271773299982f,0.4031449748122029f,-0.3415994642147974f,0.938859360553179f,-0.043045407999452695f,1.320785949658131f,-0.6736528094229557f,-0.27652833606586663f,-0.6853641161522847f,0.31468858599915905f,0f,0f,0f,1f],start_interpolation:0}
execute if entity @s[tag=aj.red_knight.bone.left_arm] run data modify entity @s {} merge value {transformation:[-0.6553637908861935f,-0.3885388953596238f,0.647715854667771f,0.2407663330819334f,-0.3415994642147974f,0.9173008090911821f,0.20461923587196315f,1.5860924859857004f,-0.6736528094229557f,-0.08715935080865422f,-0.7338904141104263f,0.24534798828251986f,0f,0f,0f,1f],start_interpolation:0}
execute if entity @s[tag=aj.red_knight.bone.weapon] run data modify entity @s {} merge value {transformation:[-0.6276357980295654f,0.3249395485632684f,-1.509392385229589f,-0.4367696238063008f,-0.8564508476747484f,1.282414071598472f,0.632205561713286f,1.040140499687309f,1.2846567745225854f,1.0137091380290042f,-0.31595653645319366f,-0.48628447095390775f,0f,0f,0f,1f],start_interpolation:0}
execute if entity @s[tag=aj.red_knight.bone.right_hand] run data modify entity @s {} merge value {transformation:[-0.23594516753727968f,0.29001074840525987f,0.9274824223268202f,-0.3461412649296571f,0.36727381522369773f,0.9102505595997963f,-0.19119064673588737f,1.3245937995622452f,-0.8996887364899229f,0.29552949862522837f,-0.3212825748083563f,-0.3939315026335239f,0f,0f,0f,1f],start_interpolation:0}
execute if entity @s[tag=aj.red_knight.bone.right_arm] run data modify entity @s {} merge value {transformation:[-0.23594516753727968f,0.29001074840525987f,0.9274824223268202f,-0.2407663330819334f,0.36727381522369773f,0.9102505595997963f,-0.19119064673588737f,1.5860924859857004f,-0.8996887364899229f,0.29552949862522837f,-0.3212825748083563f,-0.24534798828251986f,0f,0f,0f,1f],start_interpolation:0}