execute if entity @s[tag=aj.red_knight.bone.head] run data modify entity @s {} merge value {transformation:[-0.9779239371049808f,-0.07446614889775591f,0.195242326111504f,0f,1.3877787807814457e-17f,0.9343473724984648f,0.3563635608549437f,1.6301693464469136f,-0.2089611763871308f,0.3484964564720169f,-0.9137206611373927f,0f,0f,0f,0f,1f],start_interpolation:0}
execute if entity @s[tag=aj.red_knight.bone.body] run data modify entity @s {} merge value {transformation:[-0.6812131853508316f,0f,0.7320851016816102f,-0.04672387020760277f,0f,1f,0f,0.6301693464469136f,-0.7320851016816102f,0f,-0.6812131853508316f,0.6837714840886706f,0f,0f,0f,1f],start_interpolation:0}
execute if entity @s[tag=aj.red_knight.bone.left_hand] run data modify entity @s {} merge value {transformation:[-0.629060185629205f,-0.09488916000946629f,0.7715434726370564f,0.3942792747573063f,-0.3403834514284277f,0.925936802246875f,-0.1636464000169351f,1.3023884195131386f,-0.6988722264118252f,-0.36556406491548027f,-0.614768676489498f,0.3261700216523826f,0f,0f,0f,1f],start_interpolation:0}
execute if entity @s[tag=aj.red_knight.bone.left_arm] run data modify entity @s {} merge value {transformation:[-0.629060185629205f,-0.3865471382116244f,0.674436500195944f,0.2341670324643484f,-0.3403834514284277f,0.9169756564737656f,0.20807390857139643f,1.5676693464469136f,-0.6988722264118252f,-0.09867601215548805f,-0.7084071257231032f,0.2516542537030535f,0f,0f,0f,1f],start_interpolation:0}
execute if entity @s[tag=aj.red_knight.bone.weapon] run data modify entity @s {} merge value {transformation:[-0.3640379922925738f,-0.4879540168685078f,1.551500884745883f,-0.4137548159742968f,0.5761773300460037f,1.4480892477725593f,0.5906225466440813f,1.0136987468695529f,-1.5209450359189278f,0.6653692100519603f,-0.1476068758770397f,-0.4870179144875584f,0f,0f,0f,1f],start_interpolation:0}
execute if entity @s[tag=aj.red_knight.bone.right_hand] run data modify entity @s {} merge value {transformation:[-0.21842279537554427f,0.26549817407836307f,0.9390432375675726f,-0.33078663657480833f,0.3457063980276022f,0.9209235991265372f,-0.1799633599780969f,1.3014873715965958f,-0.9125670215513567f,0.28532515510007217f,-0.2929351242920615f,-0.39785380351878585f,0f,0f,0f,1f],start_interpolation:0}
execute if entity @s[tag=aj.red_knight.bone.right_arm] run data modify entity @s {} merge value {transformation:[-0.21842279537554427f,0.26549817407836307f,0.9390432375675726f,-0.2341670324643484f,0.3457063980276022f,0.9209235991265372f,-0.1799633599780969f,1.5676693464469136f,-0.9125670215513567f,0.28532515510007217f,-0.2929351242920615f,-0.2516542537030535f,0f,0f,0f,1f],start_interpolation:0}