execute if entity @s[tag=aj.red_knight.bone.head] run data modify entity @s {} merge value {transformation:[-0.9803579630475243f,-0.07468069461677182f,0.18254056574051003f,0f,-1.3877787807814457e-17f,0.9255380563444956f,0.3786546002071721f,1.6383639354167365f,-0.19722642898280401f,0.3712170525576779f,-0.9073586036408544f,0f,0f,0f,0f,1f],start_interpolation:0}
execute if entity @s[tag=aj.red_knight.bone.body] run data modify entity @s {} merge value {transformation:[-0.689937797275172f,0f,0.723868659282251f,-0.03852598716838862f,0f,1f,0f,0.6383639354167365f,-0.723868659282251f,0f,-0.689937797275172f,0.6842823326761411f,0f,0f,0f,1f],start_interpolation:0}
execute if entity @s[tag=aj.red_knight.bone.left_hand] run data modify entity @s {} merge value {transformation:[-0.6410516872967456f,-0.14577554166812914f,0.7535265261856141f,0.39832287388376125f,-0.3409378534481985f,0.9336965702960224f,-0.10941706769777579f,1.3105721138725381f,-0.6876148008152022f,-0.3270477122207225f,-0.6482481620730299f,0.3210188355151528f,0f,0f,0f,1f],start_interpolation:0}
execute if entity @s[tag=aj.red_knight.bone.left_arm] run data modify entity @s {} merge value {transformation:[-0.6410516872967456f,-0.3874912819659977f,0.6624977287616488f,0.23716611781334038f,-0.3409378534481985f,0.9171213996310744f,0.2065180825614886f,1.5758639354167365f,-0.6876148008152022f,-0.09348178827497253f,-0.720032666592831f,0.24882985162827376f,0f,0f,0f,1f],start_interpolation:0}
execute if entity @s[tag=aj.red_knight.bone.weapon] run data modify entity @s {} merge value {transformation:[-0.6377120284398003f,0.1194442431459127f,-1.5351984299562946f,-0.4241275411567563f,-0.8494056912857462f,1.3586835154406176f,0.4585486389240364f,1.0254642206922133f,1.284371876900283f,0.9578569597946256f,-0.45899532043193897f,-0.48681478857296273f,0f,0f,0f,1f],start_interpolation:0}
execute if entity @s[tag=aj.red_knight.bone.right_hand] run data modify entity @s {} merge value {transformation:[-0.22644467133229973f,0.2764938102162355f,0.9339560930457679f,-0.3377232254641827f,0.3554711829633367f,0.9161866618555706f,-0.1850465852713643f,1.3117725525220791f,-0.9068423506364558f,0.2900916640478568f,-0.305751169322527f,-0.39616114355800747f,0f,0f,0f,1f],start_interpolation:0}
execute if entity @s[tag=aj.red_knight.bone.right_arm] run data modify entity @s {} merge value {transformation:[-0.22644467133229973f,0.2764938102162355f,0.9339560930457679f,-0.23716611781334038f,0.3554711829633367f,0.9161866618555706f,-0.1850465852713643f,1.5758639354167365f,-0.9068423506364558f,0.2900916640478568f,-0.305751169322527f,-0.24882985162827376f,0f,0f,0f,1f],start_interpolation:0}