execute if entity @s[tag=aj.red_knight.bone.head] run data modify entity @s {} merge value {transformation:[-0.9786819219718441f,-0.07459283250499177f,0.19135727042466755f,0f,0f,0.931714706861128f,0.363191003493592f,1.6335848128254542f,-0.20538182881038208f,0.35544846934199137f,-0.911852340040282f,0f,0f,0f,0f,1f],start_interpolation:0}
execute if entity @s[tag=aj.red_knight.bone.body] run data modify entity @s {} merge value {transformation:[-0.683887119631596f,0f,0.7295878340556392f,-0.044221829700508974f,0f,1f,0f,0.6335848128254542f,-0.7295878340556392f,0f,-0.683887119631596f,0.6839378570293788f,0f,0f,0f,1f],start_interpolation:0}
execute if entity @s[tag=aj.red_knight.bone.left_hand] run data modify entity @s {} merge value {transformation:[-0.6327417701604785f,-0.11060510143415922f,0.7664230971408179f,0.39552107839317907f,-0.3405536761237795f,0.928640692065068f,-0.14713822997267287f,1.3058006755895488f,-0.6954574364925317f,-0.3541087072886667f,-0.6252567292317496f,0.3246028330917622f,0f,0f,0f,1f],start_interpolation:0}
execute if entity @s[tag=aj.red_knight.bone.left_arm] run data modify entity @s {} merge value {transformation:[-0.6327417701604785f,-0.38684326523132184f,0.6708130443270712f,0.23508619737336112f,-0.3405536761237795f,0.9170199743796527f,0.2075995189477108f,1.5710848128254542f,-0.6954574364925317f,-0.09709096113392962f,-0.7119777379197512f,0.250795817956626f,0f,0f,0f,1f],start_interpolation:0}
execute if entity @s[tag=aj.red_knight.bone.weapon] run data modify entity @s {} merge value {transformation:[-0.3681523519406389f,-0.4591233451361305f,1.5593099042491083f,-0.41691867771783325f,0.5811546318865145f,1.4559510540760319f,0.565900697781439f,1.0181959399260514f,-1.518058272061782f,0.6687227077523832f,-0.16151408774127018f,-0.4869781486162356f,0f,0f,0f,1f],start_interpolation:0}
execute if entity @s[tag=aj.red_knight.bone.right_hand] run data modify entity @s {} merge value {transformation:[-0.22089141116438332f,0.2688428274347171f,0.9375129431697005f,-0.33290529414448417f,0.34869277913190866f,0.9194914745522352f,-0.18151797158138921f,1.305537025723625f,-0.9108349632370691f,0.2868082327316685f,-0.2968513220153545f,-0.3973505758875892f,0f,0f,0f,1f],start_interpolation:0}
execute if entity @s[tag=aj.red_knight.bone.right_arm] run data modify entity @s {} merge value {transformation:[-0.22089141116438332f,0.2688428274347171f,0.9375129431697005f,-0.23508619737336112f,0.34869277913190866f,0.9194914745522352f,-0.18151797158138921f,1.5710848128254542f,-0.9108349632370691f,0.2868082327316685f,-0.2968513220153545f,-0.250795817956626f,0f,0f,0f,1f],start_interpolation:0}