execute if entity @s[tag=aj.red_knight.bone.head] run data modify entity @s {} merge value {transformation:[-0.9845948668197382f,-0.07350788449500831f,0.15864910699178375f,0f,0f,0.9073377316749541f,0.42040247463466357f,1.6548233946493909f,-0.17485121741704268f,0.41392611852360495f,-0.8933600730790249f,0f,0f,0f,0f,1f],start_interpolation:0}
execute if entity @s[tag=aj.red_knight.bone.body] run data modify entity @s {} merge value {transformation:[-0.7062423597741269f,0f,0.7079701471535877f,-0.022933967432671898f,0f,1f,0f,0.6548233946493909f,-0.7079701471535877f,0f,-0.7062423597741269f,0.6849821863653076f,0f,0f,0f,1f],start_interpolation:0}
execute if entity @s[tag=aj.red_knight.bone.left_hand] run data modify entity @s {} merge value {transformation:[-0.6632905965422625f,-0.23716351516071663f,0.7097880328768739f,0.4058140780229904f,-0.34196593459078867f,0.9396957770811611f,-0.005580870476995348f,1.3270078639673053f,-0.6656612382571617f,-0.24642506693200888f,-0.7043932156611796f,0.31109259286740776f,0f,0f,0f,1f],start_interpolation:0}
execute if entity @s[tag=aj.red_knight.bone.left_arm] run data modify entity @s {} merge value {transformation:[-0.6632905965422625f,-0.38908033461357716f,0.6392668282928471f,0.2427708111723561f,-0.34196593459078867f,0.9174028851008316f,0.20354666783840702f,1.5923233946493909f,-0.6656612382571617f,-0.08359688765532586f,-0.7415569271851521f,0.2433647380840458f,0f,0f,0f,1f],start_interpolation:0}
execute if entity @s[tag=aj.red_knight.bone.weapon] run data modify entity @s {} merge value {transformation:[-0.6220496954673677f,0.4388238625068799f,-1.4826549065245347f,-0.4438994002637311f,-0.860337363119121f,1.2296785133002408f,0.7249056168403754f,1.0489265309380595f,1.2847768583563335f,1.0359064385358507f,-0.2324307479869579f,-0.4858485296223704f,0f,0f,0f,1f],start_interpolation:0}
execute if entity @s[tag=aj.red_knight.bone.right_hand] run data modify entity @s {} merge value {transformation:[-0.24117043279247907f,0.2976886992669521f,0.9236981437003317f,-0.3508716817428086f,0.37388454191415355f,0.9068234361295454f,-0.19463197323114165f,1.3323088547285424f,-0.895570863563756f,0.29841698010494383f,-0.33000020351617004f,-0.39259322333957547f,0f,0f,0f,1f],start_interpolation:0}
execute if entity @s[tag=aj.red_knight.bone.right_arm] run data modify entity @s {} merge value {transformation:[-0.24117043279247907f,0.2976886992669521f,0.9236981437003317f,-0.2427708111723561f,0.37388454191415355f,0.9068234361295454f,-0.19463197323114165f,1.5923233946493909f,-0.895570863563756f,0.29841698010494383f,-0.33000020351617004f,-0.2433647380840458f,0f,0f,0f,1f],start_interpolation:0}