execute if entity @s[tag=aj.red_knight.bone.head] run data modify entity @s {} merge value {transformation:[-0.9765597093048007f,-0.07411270919223825f,0.20208523077827772f,0f,-1.3877787807814457e-17f,0.9388541035355563f,0.344315222252004f,1.6259340788880232f,-0.2152466821173396f,0.3362443733516348f,-0.9168470904283021f,0f,0f,0f,0f,1f],start_interpolation:0}
execute if entity @s[tag=aj.red_knight.bone.body] run data modify entity @s {} merge value {transformation:[-0.6764904573820409f,0f,0.7364513976299026f,-0.051120796917119626f,0f,1f,0f,0.6259340788880232f,-0.7364513976299026f,0f,-0.6764904573820409f,0.6834568213300374f,0f,0f,0f,1f],start_interpolation:0}
execute if entity @s[tag=aj.red_knight.bone.left_hand] run data modify entity @s {} merge value {transformation:[-0.6225443490758544f,-0.06690602100146492f,0.7797192557500887f,0.3920806610246596f,-0.3400821355935358f,0.9204730162070427f,-0.19254497522617706f,1.2981585491408572f,-0.7048281169787857f,-0.3850363759288993f,-0.595788817222746f,0.3289134532503704f,0f,0f,0f,1f],start_interpolation:0}
execute if entity @s[tag=aj.red_knight.bone.left_arm] run data modify entity @s {} merge value {transformation:[-0.6225443490758544f,-0.38600974234349483f,0.680760613027538f,0.23254359472507657f,-0.3400821355935358f,0.916898122309639f,0.2089066163509388f,1.5634340788880232f,-0.7048281169787857f,-0.10146088961253524f,-0.7020847622582136f,0.25315516793527904f,0f,0f,0f,1f],start_interpolation:0}
execute if entity @s[tag=aj.red_knight.bone.weapon] run data modify entity @s {} merge value {transformation:[-0.3567359554173789f,-0.5382302699002187f,1.5364977749588073f,-0.4081993637254922f,0.5674088232047396f,1.4332245869016855f,0.6337919916089854f,1.0075798428128626f,-1.5259634540969977f,0.6587512716051555f,-0.12353168296727896f,-0.4870405438230681f,0f,0f,0f,1f],start_interpolation:0}
execute if entity @s[tag=aj.red_knight.bone.right_hand] run data modify entity @s {} merge value {transformation:[-0.21404157325042733f,0.25964507307562223f,0.941685000914869f,-0.32706027838936025f,0.3404452939228438f,0.9234113071125412f,-0.17722460253163713f,1.2961458762855318f,-0.9155780724581986f,0.2826587941746427f,-0.28604335215045024f,-0.3987096706434923f,0f,0f,0f,1f],start_interpolation:0}
execute if entity @s[tag=aj.red_knight.bone.right_arm] run data modify entity @s {} merge value {transformation:[-0.21404157325042733f,0.25964507307562223f,0.941685000914869f,-0.23254359472507657f,0.3404452939228438f,0.9234113071125412f,-0.17722460253163713f,1.5634340788880232f,-0.9155780724581986f,0.2826587941746427f,-0.28604335215045024f,-0.25315516793527904f,0f,0f,0f,1f],start_interpolation:0}