execute if entity @s[tag=aj.red_knight.bone.head] run data modify entity @s {} merge value {transformation:[-0.984241363391098f,-0.07369417335329376f,0.16074236343853865f,0f,0f,0.9090207142808283f,0.416750934022196f,1.6546304174012874f,-0.17683025360506766f,0.4101835074965198f,-0.8946957871745121f,0f,0f,0f,0f,1f],start_interpolation:0}
execute if entity @s[tag=aj.red_knight.bone.body] run data modify entity @s {} merge value {transformation:[-0.704817658193756f,0f,0.709388517455893f,-0.024310981449623403f,0f,1f,0f,0.6546304174012874f,-0.709388517455893f,0f,-0.704817658193756f,0.6849346966543278f,0f,0f,0f,1f],start_interpolation:0}
execute if entity @s[tag=aj.red_knight.bone.left_hand] run data modify entity @s {} merge value {transformation:[-0.6613567452756496f,-0.22940835038705762f,0.7141281847477304f,0.40516301137128635f,-0.3418765239092623f,0.9396288930665859f,-0.014764339273466265f,1.3268171383351455f,-0.6676284130248796f,-0.2539081567952307f,-0.6998592358715641f,0.3119759927904199f,0f,0f,0f,1f],start_interpolation:0}
execute if entity @s[tag=aj.red_knight.bone.left_arm] run data modify entity @s {} merge value {transformation:[-0.6613567452756496f,-0.3889508633198548f,0.6413458360363301f,0.24228107000410362f,-0.3418765239092623f,0.9173777977935065f,0.20380976059859315f,1.5921304174012874f,-0.6676284130248796f,-0.08447012512288538f,-0.7396871636601551f,0.24385230287546322f,0f,0f,0f,1f],start_interpolation:0}
execute if entity @s[tag=aj.red_knight.bone.weapon] run data modify entity @s {} merge value {transformation:[-0.39983025214195056f,-0.22519824459243426f,1.602248201085702f,-0.44215136726936977f,0.620444548772173f,1.5029373765720413f,0.3660677284047616f,1.0481039682318385f,-1.494309910677426f,0.6842826685756508f,-0.2767180841867536f,-0.48596454311782494f,0f,0f,0f,1f],start_interpolation:0}
execute if entity @s[tag=aj.red_knight.bone.right_hand] run data modify entity @s {} merge value {transformation:[-0.23989815128517034f,0.29580266049590886f,0.9246348809413907f,-0.3497130358643983f,0.3722667292633038f,0.9076689915974487f,-0.1937897932711435f,1.331750528106041f,-0.8965859464064556f,0.2977209897471332f,-0.32786560199329823f,-0.39292673382184584f,0f,0f,0f,1f],start_interpolation:0}
execute if entity @s[tag=aj.red_knight.bone.right_arm] run data modify entity @s {} merge value {transformation:[-0.23989815128517034f,0.29580266049590886f,0.9246348809413907f,-0.24228107000410362f,0.3722667292633038f,0.9076689915974487f,-0.1937897932711435f,1.5921304174012874f,-0.8965859464064556f,0.2977209897471332f,-0.32786560199329823f,-0.24385230287546322f,0f,0f,0f,1f],start_interpolation:0}