execute if entity @s[tag=aj.red_knight.bone.head] run data modify entity @s {} merge value {transformation:[-0.9840096256511395f,-0.07380662688701956f,0.16210378913974866f,0f,-1.3877787807814457e-17f,0.9101059706849957f,0.4143755809932842f,1.6537834679568657f,-0.1781152902642102f,0.407749560332175f,-0.8955530355166097f,0f,0f,0f,0f,1f],start_interpolation:0}
execute if entity @s[tag=aj.red_knight.bone.body] run data modify entity @s {} merge value {transformation:[-0.7038907630027986f,0f,0.7103082385551626f,-0.025205324120019412f,0f,1f,0f,0.6537834679568657f,-0.7103082385551626f,0f,-0.7038907630027986f,0.6849023683241318f,0f,0f,0f,1f],start_interpolation:0}
execute if entity @s[tag=aj.red_knight.bone.left_hand] run data modify entity @s {} merge value {transformation:[-0.6600976036136451f,-0.22433691014395082f,0.716898949957794f,0.40473906530734144f,-0.34181831018391445f,0.9395374157154825f,-0.020728899963235375f,1.3259716348936583f,-0.6689031294040536f,-0.2587322848384745f,-0.696868860156433f,0.31254904397672434f,0f,0f,0f,1f],start_interpolation:0}
execute if entity @s[tag=aj.red_knight.bone.left_arm] run data modify entity @s {} merge value {transformation:[-0.6600976036136451f,-0.38886564895768505f,0.6426932866961045f,0.24196244978221204f,-0.34181831018391445f,0.9173615278390466f,0.20398056295594308f,1.5912834679568657f,-0.6689031294040536f,-0.08503725243402824f,-0.738469545189194f,0.24416845700333714f,0f,0f,0f,1f],start_interpolation:0}
execute if entity @s[tag=aj.red_knight.bone.weapon] run data modify entity @s {} merge value {transformation:[-0.6243003815285197f,0.3930068917597601f,-1.4945140997763962f,-0.4410162243245396f,-0.858773175047047f,1.251819657165556f,0.6879200226271228f,1.0468492695780292f,1.2847316627298997f,1.027750410722866f,-0.2664046279928743f,-0.4860367031127548f,0f,0f,0f,1f],start_interpolation:0}
execute if entity @s[tag=aj.red_knight.bone.right_hand] run data modify entity @s {} merge value {transformation:[-0.2390688897039937f,0.2945791502973246f,0.9252400716494102f,-0.3489602398566256f,0.3712151249541594f,0.9082162299015545f,-0.1932423627175847f,1.3306668414222649f,-0.8972432206380649f,0.2972648717112618f,-0.32647848178022315f,-0.3931414307029855f,0f,0f,0f,1f],start_interpolation:0}
execute if entity @s[tag=aj.red_knight.bone.right_arm] run data modify entity @s {} merge value {transformation:[-0.2390688897039937f,0.2945791502973246f,0.9252400716494102f,-0.24196244978221204f,0.3712151249541594f,0.9082162299015545f,-0.1932423627175847f,1.5912834679568657f,-0.8972432206380649f,0.2972648717112618f,-0.32647848178022315f,-0.24416845700333714f,0f,0f,0f,1f],start_interpolation:0}