# This file was generated by Animated Java via MC-Build. It is not recommended to edit this file directly.
$data merge entity $(bone_head) { transformation: [-0.984807753012208f,0.030153689607045765f,-0.17101007166283427f,0f,0f,0.984807753012208f,0.17364817766693036f,1.6375393566554066f,0.1736481776669302f,0.17101007166283436f,-0.9698463103929542f,0f,0f,0f,0f,1f], start_interpolation: 0, interpolation_duration: 1 }
$data merge entity $(bone_bust) { transformation: [-0.8191520442889919f,-0.28707073665673155f,-0.4965685456133191f,0.04122580636273154f,0f,0.8657408396557704f,-0.5004925559407668f,1.5281643566554066f,0.5735764363510459f,-0.4099795003503018f,-0.7091733786284927f,0.058876553183271285f,0f,0f,0f,1f], start_interpolation: 0, interpolation_duration: 1 }
$data merge entity $(bone_left_wing) { transformation: [-0.5366997705894911f,0f,-0.843773284863409f,-0.020500051775818706f,0f,1f,0f,1.4187893566554066f,0.843773284863409f,0f,-0.5366997705894911f,-0.13824253280806437f,0f,0f,0f,1f], start_interpolation: 0, interpolation_duration: 1 }
$data merge entity $(bone_right_wing) { transformation: [-0.9764496618623031f,0f,-0.2157453541770808f,-0.1228940573119427f,0f,1f,0f,1.4187893566554066f,0.2157453541770808f,0f,-0.9764496618623031f,-0.06654547826418361f,0f,0f,0f,1f], start_interpolation: 0, interpolation_duration: 1 }
$data merge entity $(bone_body) { transformation: [-0.8191520442889919f,0f,-0.5735764363510459f,0.696364240320019f,0f,1f,0f,0.3562893566554066f,0.5735764363510459f,0f,-0.8191520442889919f,0.12278780396897299f,0f,0f,0f,1f], start_interpolation: 0, interpolation_duration: 1 }
$data merge entity $(bone_right_ring) { transformation: [-0.6217456435836646f,0.11216062774466129f,-0.7751466624250265f,-0.42749509008724557f,0.2503258459191004f,0.9662395964885048f,-0.06097551182743942f,1.0817779261432092f,0.7421383466373513f,-0.23195050282690682f,-0.6288319637937655f,0.22153299623827488f,0f,0f,0f,1f], start_interpolation: 0, interpolation_duration: 1 }
$data merge entity $(bone_sword) { transformation: [-0.000006156517384565929f,0.000001121606277446613f,-0.00000779995468268437f,-0.48345677342485305f,0.00000250796022581892f,0.000009662395964885048f,-5.901183978520347e-7f,0.8773283301203891f,0.000007470437015278813f,-0.0000023195050282690685f,-0.000006229965266723941f,0.28588296367515087f,0f,0f,0f,1f], start_interpolation: 0, interpolation_duration: 1 }
$data merge entity $(bone_right_hand) { transformation: [-0.6156517384565928f,0.11216062774466129f,-0.779995468268437f,-0.4830945671523082f,0.250796022581892f,0.9662395964885048f,-0.05901183978520347f,1.2272205031146752f,0.7470437015278812f,-0.23195050282690682f,-0.622996526672394f,0.12688480579603376f,0f,0f,0f,1f], start_interpolation: 0, interpolation_duration: 1 }
$data merge entity $(bone_right_arm) { transformation: [-0.6156517384565928f,0.4012465287053162f,-0.678213948645491f,-0.281583515224341f,0.250796022581892f,0.915674573728077f,0.31407233256848244f,1.5125393566554066f,0.7470437015278812f,0.023265816767054692f,-0.6643676766502745f,0.19716689999567205f,0f,0f,0f,1f], start_interpolation: 0, interpolation_duration: 1 }
$data merge entity $(bone_left_ring) { transformation: [-0.9410005211658597f,-0.2547125334005927f,-0.2227993368352612f,0.35785937683836755f,-0.255080937857716f,0.9665250113453269f,-0.0276245829931195f,1.083911433826736f,0.22237745908074458f,0.030837116800500552f,-0.9744728512997289f,-0.3387358005911628f,0f,0f,0f,1f], start_interpolation: 0, interpolation_duration: 1 }
$data merge entity $(bone_left_hand) { transformation: [-0.9125567495559618f,-0.2547125334005927f,-0.31994015716772667f,0.28806615376005057f,-0.250796022581892f,0.9665250113453269f,-0.054136471080214243f,1.229855672685673f,0.323019401734572f,0.030837116800500552f,-0.9458898129964564f,-0.4225946710595024f,0f,0f,0f,1f], start_interpolation: 0, interpolation_duration: 1 }
$data merge entity $(bone_left_arm) { transformation: [-0.9125567495559618f,-0.11537167892416111f,-0.3923385713157425f,0.281583515224341f,-0.250796022581892f,0.915674573728077f,0.31407233256848244f,1.5437893566554066f,0.323019401734572f,0.3850057801256035f,-0.8645397708451096f,-0.19716689999567205f,0f,0f,0f,1f], start_interpolation: 0, interpolation_duration: 1 }
$data merge entity $(bone_leftfoot) { transformation: [-0.8170337185048244f,0.21961014115161598f,-0.533129710979933f,0.17033764055987058f,0.000042900207128007684f,0.9246486412505273f,0.3808213339521904f,0.4573405995511307f,0.5765898897706688f,0.3111209991898986f,-0.7554785389918945f,0.05520276913811403f,0f,0f,0f,1f], start_interpolation: 0, interpolation_duration: 1 }
$data merge entity $(bone_leftleg) { transformation: [-0.8173700673755687f,0.010124083479680683f,-0.5760240237109515f,0.08984702099094485f,0.0436193209292267f,0.998063187572898f,-0.04435344917252037f,0.8562893566554066f,0.5744593352014846f,-0.06137895849167431f,-0.816228580517949f,-0.08961600551270243f,0f,0f,0f,1f], start_interpolation: 0, interpolation_duration: 1 }
$data merge entity $(bone_rightfoot) { transformation: [-0.8295795279025112f,0.21011832725119403f,-0.5173471710932679f,0.05313676490952726f,-0.004082907205246254f,0.9241929629243899f,0.3819040418086602f,0.5556992489745685f,0.5583736533485442f,0.31893205520015977f,-0.76583366824135f,0.3254715529654788f,0f,0f,0f,1f], start_interpolation: 0, interpolation_duration: 1 }
$data merge entity $(bone_rightleg) { transformation: [-0.8183723930520606f,-0.2747870787769508f,-0.5047362555112062f,-0.11494099008130312f,-0.04361938736533599f,0.9054451828447543f,-0.4222160228000618f,0.8562893566554066f,0.5730305186777721f,-0.32351365071733745f,-0.7529773850942829f,0.05377810357505905f,0f,0f,0f,1f], start_interpolation: 0, interpolation_duration: 1 }
$data merge entity $(bone_skirt_right_back) { transformation: [-0.8191523028950202f,-0.04945664474097593f,-0.5714398874358966f,-0.2516538622935738f,0.0008532714229947646f,0.9961695059321876f,-0.08743904950707088f,0.8593806979181761f,0.5735754323449217f,-0.07211349209257725f,-0.8159723449165113f,-0.059707308503429535f,0f,0f,0f,1f], start_interpolation: 0, interpolation_duration: 1 }
$data merge entity $(bone_skirt_right) { transformation: [-0.8191523028950202f,-0.17188873466678145f,-0.5472145534947311f,-0.11260523267197618f,0.0008532714229947646f,0.9536738298307058f,-0.3008413173483867f,0.8844143687899593f,0.5735754323449217f,-0.2469017804526465f,-0.7810574461713103f,0.19332069177132072f,0f,0f,0f,1f], start_interpolation: 0, interpolation_duration: 1 }
$data merge entity $(bone_skirt_left_back) { transformation: [-0.8191511892803166f,0.09794798610904941f,-0.5651526529335454f,0.03317407265920877f,-0.0008532714229947646f,0.9851022985857005f,0.17196724469807614f,0.9465676638967039f,0.573577022751541f,0.14134940162006618f,-0.8068641432317635f,-0.2521844749441244f,0f,0f,0f,1f], start_interpolation: 0, interpolation_duration: 1 }
$data merge entity $(bone_skirt_left) { transformation: [-0.8191511892803166f,-0.0013515147820610132f,-0.5735760651460596f,0.22017528532042674f,-0.0008532714229947646f,0.9999989887874936f,-0.0011376958595737813f,0.8844143687899593f,0.573577022751541f,-0.00044252885110623885f,-0.8191515141533307f,-0.03969473549629167f,0f,0f,0f,1f], start_interpolation: 0, interpolation_duration: 1 }
$data merge entity $(bone_skirt_back_middle) { transformation: [-0.8191520442889919f,0.049502907813883355f,-0.5714362523109079f,-0.07172552264752437f,0f,0.9962687029931818f,0.08630568600204158f,0.9466654573721686f,0.5735764363510459f,0.07069747912233619f,-0.8160955447180075f,-0.10243466220159836f,0f,0f,0f,1f], start_interpolation: 0, interpolation_duration: 1 }
$data merge entity $(bone_skirt_front_middle) { transformation: [-0.8191520442889919f,-0.050640520346040295f,-0.5713365610883376f,0.10751699771061926f,0f,0.9960948966506401f,-0.08828905292588901f,0.9470209873282853f,0.5735764363510459f,-0.07232215819258098f,-0.815953170897204f,0.15355018597131748f,0f,0f,0f,1f], start_interpolation: 0, interpolation_duration: 1 }
$data merge entity $(bone_lower) { transformation: [-0.8191520442889919f,0f,-0.5735764363510459f,0f,0f,1f,0f,0.9500393566554066f,0.5735764363510459f,0f,-0.8191520442889919f,0f,0f,0f,0f,1f], start_interpolation: 0, interpolation_duration: 1 }
data modify entity @s data merge value {"locators":{"locator_right_hand":{"posx":-0.4590402666404315,"posy":0.8100230396308172,"posz":0.28676907515834243,"roty":308.6149964712656,"rotx":-3.3830948485515644},"locator_left_hand":{"posx":0.4294972768572842,"posy":0.8120762743858627,"posz":-0.3474087396913036,"roty":341.3122768122993,"rotx":-3.1033084119882046}},"cameras":{}}