# This file was generated by Animated Java via MC-Build. It is not recommended to edit this file directly.
$data merge entity $(bone_head) { transformation: [-0.984807753012208f,0.030153689607045765f,-0.17101007166283427f,0f,0f,0.984807753012208f,0.17364817766693036f,1.7275229683628401f,0.1736481776669302f,0.17101007166283436f,-0.9698463103929542f,0f,0f,0f,0f,1f], start_interpolation: 0, interpolation_duration: 1 }
$data merge entity $(bone_bust) { transformation: [-0.8191520442889919f,-0.31674498707435966f,-0.4781867224217222f,0.04122580636273154f,0f,0.8336931089147073f,-0.5522280327438386f,1.6181479683628401f,0.5735764363510459f,-0.45235872193580373f,-0.6829214144771276f,0.058876553183271285f,0f,0f,0f,1f], start_interpolation: 0, interpolation_duration: 1 }
$data merge entity $(bone_left_wing) { transformation: [-0.4710118812194102f,0f,-0.8821268660176678f,-0.020500051775818706f,0f,1f,0f,1.5087729683628401f,0.8821268660176678f,0f,-0.4710118812194102f,-0.13824253280806437f,0f,0f,0f,1f], start_interpolation: 0, interpolation_duration: 1 }
$data merge entity $(bone_right_wing) { transformation: [-0.9900236577165575f,0f,-0.14090123193758247f,-0.1228940573119427f,0f,1f,0f,1.5087729683628401f,0.14090123193758247f,0f,-0.9900236577165575f,-0.06654547826418361f,0f,0f,0f,1f], start_interpolation: 0, interpolation_duration: 1 }
$data merge entity $(bone_body) { transformation: [-0.8191520442889919f,0f,-0.5735764363510459f,0.696364240320019f,0f,1f,0f,0.44627296836284014f,0.5735764363510459f,0f,-0.8191520442889919f,0.12278780396897299f,0f,0f,0f,1f], start_interpolation: 0, interpolation_duration: 1 }
$data merge entity $(bone_right_ring) { transformation: [-0.9755164535505525f,0.21911721728630784f,-0.018849242447840253f,-0.4482058506777018f,0.21657917293264595f,0.942237789532509f,-0.2555022697134063f,1.164899253311762f,-0.03822447781152205f,-0.2533290213646991f,-0.9666246925412367f,0.26220088647935735f,0f,0f,0f,1f], start_interpolation: 0, interpolation_duration: 1 }
$data merge entity $(bone_sword) { transformation: [-0.000005937386197973077f,0.0000021911721728630784f,-0.000007742493761378778f,-0.5267897203299019f,0.000003347978558799073f,0.000009422377895325091f,9.916837959148384e-8f,0.9694021204408843f,0.000007316999706569659f,-0.0000025332902136469912f,-0.000006328029392117258f,0.3305946880607323f,0f,0f,0f,1f], start_interpolation: 0, interpolation_duration: 1 }
$data merge entity $(bone_right_hand) { transformation: [-0.5937386197973077f,0.21911721728630784f,-0.7742493761378778f,-0.48655466448964224f,0.3347978558799073f,0.942237789532509f,0.009916837959148384f,1.3130536114848865f,0.7316999706569659f,-0.2533290213646991f,-0.6328029392117258f,0.16329295134002386f,0f,0f,0f,1f], start_interpolation: 0, interpolation_duration: 1 }
$data merge entity $(bone_right_arm) { transformation: [-0.5937386197973077f,0.4069640020326244f,-0.6941575847102573f,-0.281583515224341f,0.3347978558799073f,0.9093986195524911f,0.24678846499429496f,1.6025229683628401f,0.7316999706569659f,-0.08587462841616039f,-0.676195756519502f,0.19716689999567205f,0f,0f,0f,1f], start_interpolation: 0, interpolation_duration: 1 }
$data merge entity $(bone_left_ring) { transformation: [-0.5898869233483366f,-0.31191044411101965f,0.7448122532001608f,0.40648187551336346f,-0.0910876904799375f,0.9422001961871412f,0.32243111349239184f,1.1674467034697082f,-0.8023318828924006f,0.12235466954464436f,-0.5842027768976761f,-0.34305137763362065f,0f,0f,0f,1f], start_interpolation: 0, interpolation_duration: 1 }
$data merge entity $(bone_left_hand) { transformation: [-0.8906436308966766f,-0.31191044411101965f,-0.3308561584701892f,0.3267281037644364f,-0.3347978558799073f,0.9422001961871412f,0.013007151999165911f,1.315884904623871f,0.30767567086365666f,0.12235466954464436f,-0.9435915516785955f,-0.4123951684871383f,0f,0f,0f,1f], start_interpolation: 0, interpolation_duration: 1 }
$data merge entity $(bone_left_arm) { transformation: [-0.8906436308966766f,-0.21988564093898388f,-0.3980002859949182f,0.281583515224341f,-0.3347978558799073f,0.9093986195524911f,0.24678846499429496f,1.6337729683628401f,0.30767567086365666f,0.3530502169166248f,-0.8835673295758071f,-0.19716689999567205f,0f,0f,0f,1f], start_interpolation: 0, interpolation_duration: 1 }
$data merge entity $(bone_leftfoot) { transformation: [-0.8147410751731555f,0.09414196823468812f,-0.57213134002831f,0.19147342020045746f,0.0004006117024944675f,0.9868223007680367f,0.16180725019955794f,0.5639937777100048f,0.579824818316666f,0.13160181048822034f,-0.8040423767067678f,0.08401009708285179f,0f,0f,0f,1f], start_interpolation: 0, interpolation_duration: 1 }
$data merge entity $(bone_leftleg) { transformation: [-0.8173700673755687f,-0.042436107530493775f,-0.5745479525123371f,0.08984702099094485f,0.043619320929226706f,0.9898624420564506f,-0.13516545656236714f,0.9462729683628401f,0.5744593352014846f,-0.13554158986709727f,-0.8072328967628661f,-0.08961600551270243f,0f,0f,0f,1f], start_interpolation: 0, interpolation_duration: 1 }
$data merge entity $(bone_rightfoot) { transformation: [-0.8295795279025112f,0.13752146567269413f,-0.5411891105374174f,0.05313676490952726f,-0.004082907205246262f,0.9676782058838957f,0.25215515010817907f,0.645682860682002f,0.5583736533485442f,0.211392375303744f,-0.80220454181564f,0.3254715529654788f,0f,0f,0f,1f], start_interpolation: 0, interpolation_duration: 1 }
$data merge entity $(bone_rightleg) { transformation: [-0.8183723930520606f,-0.2747870787769508f,-0.5047362555112062f,-0.11494099008130312f,-0.04361938736533599f,0.9054451828447543f,-0.4222160228000618f,0.9462729683628401f,0.5730305186777721f,-0.32351365071733745f,-0.7529773850942829f,0.05377810357505905f,0f,0f,0f,1f], start_interpolation: 0, interpolation_duration: 1 }
$data merge entity $(bone_skirt_right_back) { transformation: [-0.822145392960266f,0.008162123340110197f,-0.5692190550014911f,-0.2495475301087945f,0.09132923113428165f,0.9888368485080344f,-0.11773129818837313f,0.9422886204117524f,0.5619038390815911f,-0.14877858305307087f,-0.8137130998393044f,-0.05746372151850626f,0f,0f,0f,1f], start_interpolation: 0, interpolation_duration: 1 }
$data merge entity $(bone_skirt_right) { transformation: [-0.822145392960266f,-0.10665717329212775f,-0.5591969243652389f,-0.11129936533032135f,0.09132923113428165f,0.9448572179273891f,-0.3144897602004483f,0.974539327820613f,0.5619038390815911f,-0.3096273326369097f,-0.7670690910925311f,0.19518566361237472f,0f,0f,0f,1f], start_interpolation: 0, interpolation_duration: 1 }
$data merge entity $(bone_skirt_left_back) { transformation: [-0.8092071763110524f,-0.08020882732002267f,-0.5820225853234908f,0.027004927306447546f,-0.09132923113428164f,0.9957680105063867f,-0.010248941046441293f,0.9989802651185629f,0.5803815273999633f,0.04486215857601204f,-0.8131080305720677f,-0.2512917353397097f,0f,0f,0f,1f], start_interpolation: 0, interpolation_duration: 1 }
$data merge entity $(bone_skirt_left) { transformation: [-0.8092071763110524f,-0.1453813629230475f,-0.569252145469238f,0.22148115266208157f,-0.09132923113428164f,0.9882496994578697f,-0.12256224158300681f,0.974539327820613f,0.5803815273999633f,-0.04718888466649225f,-0.8129763168855648f,-0.037829763655237686f,0f,0f,0f,1f], start_interpolation: 0, interpolation_duration: 1 }
$data merge entity $(bone_skirt_back_middle) { transformation: [-0.8191520442889919f,-0.0028030120943745296f,-0.5735695872868123f,-0.07382668901541424f,0f,0.9999880590209089f,-0.004886902454024469f,1.009757639281754f,0.5735764363510459f,-0.004003116135455037f,-0.8191422628115587f,-0.10543543876173386f,0f,0f,0f,1f], start_interpolation: 0, interpolation_duration: 1 }
$data merge entity $(bone_skirt_front_middle) { transformation: [-0.8191520442889919f,-0.11964489909730364f,-0.5609590238664153f,0.10406460644372262f,0f,0.9780022126346412f,-0.2085945159436037f,1.0480583397764436f,0.5735764363510459f,-0.1708706241626757f,-0.8011325117988236f,0.14861966026500514f,0f,0f,0f,1f], start_interpolation: 0, interpolation_duration: 1 }
$data merge entity $(bone_lower) { transformation: [-0.8191520442889919f,0f,-0.5735764363510459f,0f,0f,1f,0f,1.0400229683628401f,0.5735764363510459f,0f,-0.8191520442889919f,0f,0f,0f,0f,1f], start_interpolation: 0, interpolation_duration: 1 }
data modify entity @s data merge value {"locators":{"locator_right_hand":{"posx":-0.5098325680394759,"posy":0.8998948750057436,"posz":0.333449673738179,"roty":309.25952505298267,"rotx":0.568202274617163},"locator_left_hand":{"posx":0.4942066879195877,"posy":0.9024528982920749,"posz":-0.37746362844305187,"roty":340.6775514170971,"rotx":0.7452759290874396}},"cameras":{}}