# This file was generated by Animated Java via MC-Build. It is not recommended to edit this file directly.
$data merge entity $(bone_head) { transformation: [-0.984807753012208f,0.030153689607045765f,-0.17101007166283427f,0f,0f,0.984807753012208f,0.17364817766693036f,1.7333895510435324f,0.1736481776669302f,0.17101007166283436f,-0.9698463103929542f,0f,0f,0f,0f,1f], start_interpolation: 0, interpolation_duration: 1 }
$data merge entity $(bone_bust) { transformation: [-0.8191520442889919f,-0.35186536122003154f,-0.45296875820597404f,0.04122580636273154f,0f,0.7897269300106736f,-0.6134585365091243f,1.6240145510435324f,0.5735764363510459f,-0.5025158142679823f,-0.646906429148313f,0.058876553183271285f,0f,0f,0f,1f], start_interpolation: 0, interpolation_duration: 1 }
$data merge entity $(bone_left_wing) { transformation: [-0.38590604232431885f,0f,-0.9225380894562463f,-0.020500051775818706f,0f,1f,0f,1.5146395510435324f,0.9225380894562463f,0f,-0.38590604232431885f,-0.13824253280806437f,0f,0f,0f,1f], start_interpolation: 0, interpolation_duration: 1 }
$data merge entity $(bone_right_wing) { transformation: [-0.9988898749619701f,0f,-0.04710645070964253f,-0.1228940573119427f,0f,1f,0f,1.5146395510435324f,0.04710645070964253f,0f,-0.9988898749619701f,-0.06654547826418361f,0f,0f,0f,1f], start_interpolation: 0, interpolation_duration: 1 }
$data merge entity $(bone_body) { transformation: [-0.8191520442889919f,0f,-0.5735764363510459f,0.696364240320019f,0f,1f,0f,0.45213955104353243f,0.5735764363510459f,0f,-0.8191520442889919f,0.12278780396897299f,0f,0f,0f,1f], start_interpolation: 0, interpolation_duration: 1 }
$data merge entity $(bone_right_ring) { transformation: [-0.3088644676811327f,0.34766471642802665f,0.8852863861796761f,-0.4739140738530758f,-0.16928974373625297f,0.8958379804766367f,-0.41087138547391544f,1.1713195906798834f,-0.9359186520578402f,-0.2767734772093612f,-0.21783645021821973f,0.3142701257853112f,0f,0f,0f,1f], start_interpolation: 0, interpolation_duration: 1 }
$data merge entity $(bone_sword) { transformation: [-0.0000055804608832945725f,0.000003476647164280267f,-0.000007534678548227598f,-0.5791776060636078f,0.000004349122455710683f,0.000008958379804766367f,9.124500746819972e-7f,0.9903717433664057f,0.000007067077910653898f,-0.000002767734772093612f,-0.000006511225233094896f,0.3867251529689416f,0f,0f,0f,1f], start_interpolation: 0, interpolation_duration: 1 }
$data merge entity $(bone_right_hand) { transformation: [-0.5580460883294572f,0.34766471642802665f,-0.7534678548227598f,-0.4902290733008304f,0.4349122455710682f,0.8958379804766367f,0.0912450074681997f,1.3198484945795017f,0.7067077910653897f,-0.2767734772093612f,-0.6511225233094895f,0.20998153341108391f,0f,0f,0f,1f], start_interpolation: 0, interpolation_duration: 1 }
$data merge entity $(bone_right_arm) { transformation: [-0.5580460883294572f,0.41024954533432023f,-0.721304286590046f,-0.281583515224341f,0.4349122455710682f,0.8848867636537405f,0.16681353111405553f,1.6083895510435324f,0.7067077910653897f,-0.22061442850229138f,-0.6722301480773418f,0.19716689999567205f,0f,0f,0f,1f], start_interpolation: 0, interpolation_duration: 1 }
$data merge entity $(bone_left_ring) { transformation: [0.21567612998305713f,-0.3786029166094155f,0.9000797956239078f,0.46824699872904785f,0.33024606989382943f,0.8957376893055208f,0.29764328528842415f,1.1748407365113447f,-0.9189240122421501f,0.23305326320918643f,0.3182213635699813f,-0.3477188318749848f,0f,0f,0f,1f], start_interpolation: 0, interpolation_duration: 1 }
$data merge entity $(bone_left_hand) { transformation: [-0.8549510994288262f,-0.3786029166094155f,-0.3545679753168432f,0.3758495453228726f,-0.4349122455710682f,0.8957376893055208f,0.09222434933322761f,1.3234457832153224f,0.2826834912720805f,0.23305326320918643f,-0.9304709669139479f,-0.39853591264673205f,0f,0f,0f,1f], start_interpolation: 0, interpolation_duration: 1 }
$data merge entity $(bone_left_arm) { transformation: [-0.8549510994288262f,-0.3476233587970383f,-0.3849891141371494f,0.281583515224341f,-0.4349122455710682f,0.8848867636537405f,0.16681353111405553f,1.6396395510435324f,0.2826834912720805f,0.3100538919753704f,-0.9077205670431583f,-0.19716689999567205f,0f,0f,0f,1f], start_interpolation: 0, interpolation_duration: 1 }
$data merge entity $(bone_leftfoot) { transformation: [-0.8119245585180751f,-0.06886544821376721f,-0.5796861748545897f,0.2164625697687592f,0.0013418399402187475f,0.9927945758926864f,-0.11982123995200346f,0.5949074202119127f,0.5837608335104403f,-0.09806365341133123f,-0.8059818913218946f,0.11766408430345293f,0f,0f,0f,1f], start_interpolation: 0, interpolation_duration: 1 }
$data merge entity $(bone_leftleg) { transformation: [-0.8173700673755687f,-0.10700640127374517f,-0.566088158368377f,0.08984702099094485f,0.043619320929226706f,0.9682842334988433f,-0.24601422316449625f,0.9521395510435324f,0.5744593352014846f,-0.22577704321741762f,-0.7867790026150092f,-0.08961600551270243f,0f,0f,0f,1f], start_interpolation: 0, interpolation_duration: 1 }
$data merge entity $(bone_rightfoot) { transformation: [-0.8295795279025112f,0.04417646758420668f,-0.5566383445261639f,0.05313676490952726f,-0.004082907205246254f,0.9963590160677614f,0.08515891597029462f,0.6515494433626943f,0.5583736533485442f,0.07291879601490875f,-0.8263786737531021f,0.3254715529654788f,0f,0f,0f,1f], start_interpolation: 0, interpolation_duration: 1 }
$data merge entity $(bone_rightleg) { transformation: [-0.8183723930520606f,-0.2747870787769508f,-0.5047362555112062f,-0.11494099008130312f,-0.04361938736533599f,0.9054451828447543f,-0.4222160228000618f,0.9521395510435324f,0.5730305186777721f,-0.32351365071733745f,-0.7529773850942829f,0.05377810357505905f,0f,0f,0f,1f], start_interpolation: 0, interpolation_duration: 1 }
$data merge entity $(bone_skirt_right_back) { transformation: [-0.8335524528934082f,0.08008802748790034f,-0.5466042591569149f,-0.24024931309716618f,0.19622797031238112f,0.9678373329825802f,-0.15743405143821138f,0.9391761551388227f,0.5164154257402327f,-0.23848858408373225f,-0.8224586939897169f,-0.05788478072889086f,0f,0f,0f,1f], start_interpolation: 0, interpolation_duration: 1 }
$data merge entity $(bone_skirt_right) { transformation: [-0.8335524528934082f,-0.021249164178808906f,-0.5520315038990842f,-0.10971089401729221f,0.19622797031238112f,0.9227093036128602f,-0.33181640208608426f,0.980962310821992f,0.5164154257402327f,-0.38491039742772953f,-0.7649569229764259f,0.1974542357518443f,0f,0f,0f,1f], start_interpolation: 0, interpolation_duration: 1 }
$data merge entity $(bone_skirt_left_back) { transformation: [-0.7703634942361763f,-0.2976768240273469f,-0.563851571945331f,0.023760858986058064f,-0.19622797031238115f,0.952093769720383f,-0.23454645025391818f,0.9577294019008109f,0.6066586110946683f,-0.07004257345802209f,-0.7918708022702098f,-0.24465596223373395f,0f,0f,0f,1f], start_interpolation: 0, interpolation_duration: 1 }
$data merge entity $(bone_skirt_left) { transformation: [-0.7703634942361763f,-0.3187169852449622f,-0.5522314461026204f,0.2230696239751107f,-0.19622797031238115f,0.9425771824936172f,-0.2702643866836279f,0.980962310821992f,0.6066586110946683f,-0.09983856148180839f,-0.7886682390117731f,-0.035561191515768115f,0f,0f,0f,1f], start_interpolation: 0, interpolation_duration: 1 }
$data merge entity $(bone_skirt_back_middle) { transformation: [-0.8191520442889919f,-0.06751609461505952f,-0.5695888914867423f,-0.07380984409270124f,0f,0.9930479276839344f,-0.11771071880947645f,0.9820161103067496f,0.5735764363510459f,-0.09642297594750929f,-0.8134572400392418f,-0.10541138171893755f,0f,0f,0f,1f], start_interpolation: 0, interpolation_duration: 1 }
$data merge entity $(bone_skirt_front_middle) { transformation: [-0.8191520442889919f,-0.20255753807447807f,-0.5366193922198227f,0.09876248281436763f,0f,0.9355673598337912f,-0.35314829068484743f,1.0664737311453834f,0.5735764363510459f,-0.28928214425165594f,-0.7663719153779049f,0.14104744297224153f,0f,0f,0f,1f], start_interpolation: 0, interpolation_duration: 1 }
$data merge entity $(bone_lower) { transformation: [-0.8191520442889919f,0f,-0.5735764363510459f,0f,0f,1f,0f,1.0458895510435324f,0.5735764363510459f,0f,-0.8191520442889919f,0f,0f,0f,0f,1f], start_interpolation: 0, interpolation_duration: 1 }
data modify entity @s data merge value {"locators":{"locator_right_hand":{"posx":-0.5716947753484583,"posy":0.9193651586708295,"posz":0.39211266625044405,"roty":310.83251405197495,"rotx":5.23523549728408},"locator_left_hand":{"posx":0.574729069025446,"posy":0.9229145113941669,"posz":-0.4132650621525685,"roty":339.1400118411344,"rotx":5.291585254773591}},"cameras":{}}