# This file was generated by Animated Java via MC-Build. It is not recommended to edit this file directly.
$data merge entity $(bone_head) { transformation: [-0.984807753012208f,0.030153689607045765f,-0.17101007166283427f,0f,0f,0.984807753012208f,0.17364817766693036f,1.7183376378545108f,0.1736481776669302f,0.17101007166283436f,-0.9698463103929542f,0f,0f,0f,0f,1f], start_interpolation: 0, interpolation_duration: 1 }
$data merge entity $(bone_bust) { transformation: [-0.8191520442889919f,-0.36297664332076773f,-0.44411472024776844f,0.04122580636273154f,0f,0.7742903859041325f,-0.6328304656828949f,1.6089626378545108f,0.5735764363510459f,-0.5183843696524981f,-0.6342615524866826f,0.058876553183271285f,0f,0f,0f,1f], start_interpolation: 0, interpolation_duration: 1 }
$data merge entity $(bone_left_wing) { transformation: [-0.3571606835536313f,0f,-0.9340429573223615f,-0.020500051775818706f,0f,1f,0f,1.4995876378545108f,0.9340429573223615f,0f,-0.3571606835536313f,-0.13824253280806437f,0f,0f,0f,1f], start_interpolation: 0, interpolation_duration: 1 }
$data merge entity $(bone_right_wing) { transformation: [-0.999869422672177f,0f,-0.016159752634472335f,-0.1228940573119427f,0f,1f,0f,1.4995876378545108f,0.016159752634472335f,0f,-0.999869422672177f,-0.06654547826418361f,0f,0f,0f,1f], start_interpolation: 0, interpolation_duration: 1 }
$data merge entity $(bone_body) { transformation: [-0.8191520442889919f,0f,-0.5735764363510459f,0.696364240320019f,0f,1f,0f,0.43708763785451077f,0.5735764363510459f,0f,-0.8191520442889919f,0.12278780396897299f,0f,0f,0f,1f], start_interpolation: 0, interpolation_duration: 1 }
$data merge entity $(bone_right_ring) { transformation: [0.14791777681757595f,0.3885522243285651f,0.909476497921013f,-0.4821472286580956f,-0.3630344754332704f,0.8767294634835783f,-0.3155176976124911f,1.158651537881764f,-0.9199599452955742f,-0.28350064696420285f,0.270741726046508f,0.3315450625479521f,0f,0f,0f,1f], start_interpolation: 0, interpolation_duration: 1 }
$data merge entity $(bone_sword) { transformation: [-0.000005443242902818064f,0.0000038855222432856515f,-0.000007434636749556314f,-0.5957697817224574f,0.00000466650936666265f,0.000008767294634835783f,0.0000011654334459030542f,0.9832707992747756f,0.000006970996846346335f,-0.0000028350064696420286f,-0.000006585434024065331f,0.4050554535536016f,0f,0f,0f,1f], start_interpolation: 0, interpolation_duration: 1 }
$data merge entity $(bone_right_hand) { transformation: [-0.5443242902818064f,0.3885522243285651f,-0.7434636749556313f,-0.49113566313384777f,0.466650936666265f,0.8767294634835783f,0.11654334459030541f,1.3065664551064142f,0.6970996846346335f,-0.28350064696420285f,-0.6585434024065331f,0.2255096424841829f,0f,0f,0f,1f], start_interpolation: 0, interpolation_duration: 1 }
$data merge entity $(bone_right_arm) { transformation: [-0.5443242902818064f,0.41001127922380665f,-0.7318482205474477f,-0.281583515224341f,0.466650936666265f,0.8729689327573286f,0.1419934707971752f,1.5933376378545108f,0.6970996846346335f,-0.2642271623996829f,-0.6665103422547216f,0.19716689999567205f,0f,0f,0f,1f], start_interpolation: 0, interpolation_duration: 1 }
$data merge entity $(bone_left_ring) { transformation: [0.5461766941230912f,-0.39915944774864637f,0.7364528186311512f,0.48858857365683295f,0.4625675868847867f,0.8766857071335709f,0.13211131091354844f,1.1625972802746278f,-0.6983711379777638f,0.2685030841176813f,0.6634635238345337f,-0.34895470185846417f,0f,0f,0f,1f], start_interpolation: 0, interpolation_duration: 1 }
$data merge entity $(bone_left_hand) { transformation: [-0.8412293013811754f,-0.39915944774864637f,-0.36469850256168507f,0.392029425330949f,-0.466650936666265f,0.8766857071335709f,0.116872042063996f,1.3105361759577479f,0.2730753848413241f,0.2685030841176813f,-0.9237618351139304f,-0.39360376700700744f,0f,0f,0f,1f], start_interpolation: 0, interpolation_duration: 1 }
$data merge entity $(bone_left_arm) { transformation: [-0.8412293013811754f,-0.38852443120344915f,-0.3760080170099782f,0.281583515224341f,-0.466650936666265f,0.8729689327573286f,0.1419934707971752f,1.6245876378545108f,0.2730753848413241f,0.29491356157112725f,-0.9156723351697351f,-0.19716689999567205f,0f,0f,0f,1f], start_interpolation: 0, interpolation_duration: 1 }
$data merge entity $(bone_leftfoot) { transformation: [-0.8110105167157768f,-0.1222470001995545f,-0.5721167824130131f,0.22433429648367573f,0.0017696218017085666f,0.9774075425950804f,-0.2113560127295292f,0.5890977288104262f,0.5850288969060314f,-0.1724243794260432f,-0.7924714652051871f,0.12816260697950715f,0f,0f,0f,1f], start_interpolation: 0, interpolation_duration: 1 }
$data merge entity $(bone_leftleg) { transformation: [-0.8173700673755687f,-0.12796134487812655f,-0.5617224111386687f,0.08984702099094485f,0.04361932092922672f,0.9584770838039866f,-0.28181382979598224f,0.9370876378545108f,0.5744593352014846f,-0.25484813917230564f,-0.7778488915980285f,-0.08961600551270243f,0f,0f,0f,1f], start_interpolation: 0, interpolation_duration: 1 }
$data merge entity $(bone_rightfoot) { transformation: [-0.8295795279025111f,0.013100149592738475f,-0.5582348904947583f,0.05313676490952726f,-0.004082907205246269f,0.999555727727627f,0.029524177137514873f,0.6364975301736726f,0.5583736533485442f,0.026771874188070588f,-0.8291574820253736f,0.3254715529654788f,0f,0f,0f,1f], start_interpolation: 0, interpolation_duration: 1 }
$data merge entity $(bone_rightleg) { transformation: [-0.8183723930520606f,-0.2747870787769508f,-0.5047362555112062f,-0.11494099008130312f,-0.04361938736533599f,0.9054451828447543f,-0.4222160228000618f,0.9370876378545108f,0.5730305186777721f,-0.32351365071733745f,-0.7529773850942829f,0.05377810357505905f,0f,0f,0f,1f], start_interpolation: 0, interpolation_duration: 1 }
$data merge entity $(bone_skirt_right_back) { transformation: [-0.8389316103212742f,0.10358271916705489f,-0.5342886612063864f,-0.2355702763062668f,0.22761078293666148f,0.9585195301034337f,-0.17156235572307962f,0.9209759106416622f,0.4943552211666361f,-0.26553894384864074f,-0.8277088767223864f,-0.05866799613064455f,0f,0f,0f,1f], start_interpolation: 0, interpolation_duration: 1 }
$data merge entity $(bone_skirt_right) { transformation: [-0.8389316103212742f,0.0074719972773020105f,-0.5441855588495911f,-0.10920170053219051f,0.22761078293666148f,0.9130771542744033f,-0.33835401849707275f,0.9661834931685843f,0.4943552211666361f,-0.4077183827090035f,-0.767709994533379f,0.19818143941263838f,0f,0f,0f,1f], start_interpolation: 0, interpolation_duration: 1 }
$data merge entity $(bone_skirt_left_back) { transformation: [-0.7514734629797902f,-0.3664146761616835f,-0.5486601129392317f,0.023787474028167832f,-0.2276107829366615f,0.9245271104149974f,-0.30568440195511315f,0.9272736435833845f,0.6192583999657347f,-0.10483275824389934f,-0.7781575206029009f,-0.24111975492307774f,0f,0f,0f,1f], start_interpolation: 0, interpolation_duration: 1 }
$data merge entity $(bone_skirt_left) { transformation: [-0.7514734629797902f,-0.3734771353452214f,-0.5438772506839104f,0.2235788174602124f,-0.2276107829366615f,0.9204979581698736f,-0.31761114668105334f,0.9661834931685843f,0.6192583999657347f,-0.11488402142778945f,-0.7767372114766082f,-0.03483398785497403f,0f,0f,0f,1f], start_interpolation: 0, interpolation_duration: 1 }
$data merge entity $(bone_skirt_back_middle) { transformation: [-0.8191520442889919f,-0.08862833852798682f,-0.5666876970139143f,-0.07317048197676242f,0f,0.9879898494768089f,-0.15451879280784053f,0.9559698704518587f,0.5735764363510459f,-0.12657438500960977f,-0.8093139049357013f,-0.1044982779874731f,0f,0f,0f,1f], start_interpolation: 0, interpolation_duration: 1 }
$data merge entity $(bone_skirt_front_middle) { transformation: [-0.8191520442889919f,-0.22888306730963134f,-0.5259300997624116f,0.09679115886195956f,0f,0.9169311471514612f,-0.39904545027290494f,1.0552233537896878f,0.5735764363510459f,-0.32687889635527134f,-0.7511060236613698f,0.13823210059896696f,0f,0f,0f,1f], start_interpolation: 0, interpolation_duration: 1 }
$data merge entity $(bone_lower) { transformation: [-0.8191520442889919f,0f,-0.5735764363510459f,0f,0f,1f,0f,1.0308376378545108f,0.5735764363510459f,0f,-0.8191520442889919f,0f,0f,0f,0f,1f], start_interpolation: 0, interpolation_duration: 1 }
data modify entity @s data merge value {"locators":{"locator_right_hand":{"posx":-0.5914275417505046,"posy":0.9120713762770076,"posz":0.41127961950663416,"roty":311.5338006447952,"rotx":6.692650811679012},"locator_left_hand":{"posx":0.6008521683361397,"posy":0.916029425143311,"posz":-0.42447119426656205,"roty":338.45603657765207,"rotx":6.711613374068322}},"cameras":{}}