# This file was generated by Animated Java via MC-Build. It is not recommended to edit this file directly.
$data merge entity $(bone_head) { transformation: [-0.984807753012208f,0.030153689607045765f,-0.17101007166283427f,0f,0f,0.984807753012208f,0.17364817766693036f,1.6244606405136404f,0.1736481776669302f,0.17101007166283436f,-0.9698463103929542f,0f,0f,0f,0f,1f], start_interpolation: 0, interpolation_duration: 1 }
$data merge entity $(bone_bust) { transformation: [-0.8191520442889919f,-0.35186536122003154f,-0.45296875820597404f,0.04122580636273154f,0f,0.7897269300106736f,-0.6134585365091243f,1.5150856405136404f,0.5735764363510459f,-0.5025158142679823f,-0.646906429148313f,0.058876553183271285f,0f,0f,0f,1f], start_interpolation: 0, interpolation_duration: 1 }
$data merge entity $(bone_left_wing) { transformation: [-0.3859060423243189f,0f,-0.9225380894562463f,-0.020500051775818706f,0f,1f,0f,1.4057106405136404f,0.9225380894562463f,0f,-0.3859060423243189f,-0.13824253280806437f,0f,0f,0f,1f], start_interpolation: 0, interpolation_duration: 1 }
$data merge entity $(bone_right_wing) { transformation: [-0.99888987496197f,0f,-0.04710645070964259f,-0.1228940573119427f,0f,1f,0f,1.4057106405136404f,0.04710645070964259f,0f,-0.99888987496197f,-0.06654547826418361f,0f,0f,0f,1f], start_interpolation: 0, interpolation_duration: 1 }
$data merge entity $(bone_body) { transformation: [-0.8191520442889919f,0f,-0.5735764363510459f,0.696364240320019f,0f,1f,0f,0.34321064051364036f,0.5735764363510459f,0f,-0.8191520442889919f,0.12278780396897299f,0f,0f,0f,1f], start_interpolation: 0, interpolation_duration: 1 }
$data merge entity $(bone_right_ring) { transformation: [0.8828567962741365f,0.34766471642802654f,-0.31574217682088f,-0.4739140738530758f,-0.21336771611557187f,0.8958379804766369f,0.3898057599050655f,1.0623906801499914f,0.41837554301392027f,-0.2767734772093611f,0.8650770759425119f,0.3142701257853112f,0f,0f,0f,1f], start_interpolation: 0, interpolation_duration: 1 }
$data merge entity $(bone_sword) { transformation: [-0.0000055804608832945725f,0.0000034766471642802657f,-0.000007534678548227598f,-0.5791776060636078f,0.000004349122455710681f,0.000008958379804766369f,9.124500746819963e-7f,0.8814428328365136f,0.000007067077910653898f,-0.000002767734772093611f,-0.000006511225233094895f,0.3867251529689416f,0f,0f,0f,1f], start_interpolation: 0, interpolation_duration: 1 }
$data merge entity $(bone_right_hand) { transformation: [-0.5580460883294572f,0.34766471642802654f,-0.7534678548227598f,-0.4902290733008304f,0.43491224557106806f,0.8958379804766369f,0.09124500746819962f,1.2109195840496096f,0.7067077910653897f,-0.2767734772093611f,-0.6511225233094894f,0.2099815334110839f,0f,0f,0f,1f], start_interpolation: 0, interpolation_duration: 1 }
$data merge entity $(bone_right_arm) { transformation: [-0.5580460883294572f,0.41024954533432023f,-0.721304286590046f,-0.281583515224341f,0.43491224557106806f,0.8848867636537406f,0.16681353111405559f,1.4994606405136404f,0.7067077910653897f,-0.22061442850229124f,-0.6722301480773417f,0.19716689999567205f,0f,0f,0f,1f], start_interpolation: 0, interpolation_duration: 1 }
$data merge entity $(bone_left_ring) { transformation: [0.789379165367943f,-0.3786029166094154f,-0.48326014197102357f,0.46824699872904774f,0.18102393808232342f,0.895737689305521f,-0.4060595101691048f,1.0659118259814526f,0.5866096377695963f,0.23305326320918635f,0.7756128605066918f,-0.34771883187498476f,0f,0f,0f,1f], start_interpolation: 0, interpolation_duration: 1 }
$data merge entity $(bone_left_hand) { transformation: [-0.8549510994288262f,-0.3786029166094154f,-0.35456797531684314f,0.37584954532287257f,-0.43491224557106806f,0.895737689305521f,0.0922243493332276f,1.2145168726854303f,0.2826834912720805f,0.23305326320918635f,-0.9304709669139481f,-0.39853591264673205f,0f,0f,0f,1f], start_interpolation: 0, interpolation_duration: 1 }
$data merge entity $(bone_left_arm) { transformation: [-0.8549510994288262f,-0.3476233587970382f,-0.3849891141371494f,0.281583515224341f,-0.43491224557106806f,0.8848867636537406f,0.16681353111405559f,1.5307106405136404f,0.2826834912720805f,0.3100538919753704f,-0.9077205670431584f,-0.19716689999567205f,0f,0f,0f,1f], start_interpolation: 0, interpolation_duration: 1 }
$data merge entity $(bone_leftfoot) { transformation: [-0.8119245585180751f,-0.06886544821376707f,-0.5796861748545897f,0.2164625697687592f,0.0013418399402187475f,0.9927945758926865f,-0.11982123995200326f,0.48597850968202067f,0.5837608335104403f,-0.09806365341133112f,-0.8059818913218947f,0.11766408430345293f,0f,0f,0f,1f], start_interpolation: 0, interpolation_duration: 1 }
$data merge entity $(bone_leftleg) { transformation: [-0.8173700673755687f,-0.10700640127374514f,-0.566088158368377f,0.08984702099094485f,0.043619320929226706f,0.9682842334988433f,-0.2460142231644962f,0.8432106405136404f,0.5744593352014846f,-0.2257770432174176f,-0.7867790026150092f,-0.08961600551270243f,0f,0f,0f,1f], start_interpolation: 0, interpolation_duration: 1 }
$data merge entity $(bone_rightfoot) { transformation: [-0.8295795279025111f,0.04417646758420668f,-0.5566383445261639f,0.05313676490952726f,-0.004082907205246269f,0.9963590160677614f,0.08515891597029468f,0.5426205328328022f,0.5583736533485442f,0.0729187960149088f,-0.826378673753102f,0.3254715529654788f,0f,0f,0f,1f], start_interpolation: 0, interpolation_duration: 1 }
$data merge entity $(bone_rightleg) { transformation: [-0.8183723930520606f,-0.2747870787769508f,-0.5047362555112062f,-0.11494099008130312f,-0.04361938736533599f,0.9054451828447543f,-0.4222160228000618f,0.8432106405136404f,0.5730305186777721f,-0.32351365071733745f,-0.7529773850942829f,0.05377810357505905f,0f,0f,0f,1f], start_interpolation: 0, interpolation_duration: 1 }
$data merge entity $(bone_skirt_right_back) { transformation: [-0.8335524528934082f,0.08008802748790025f,-0.546604259156915f,-0.24024931309716618f,0.19622797031238107f,0.9678373329825802f,-0.15743405143821143f,0.8302472446089306f,0.5164154257402327f,-0.2384885840837323f,-0.8224586939897169f,-0.05788478072889086f,0f,0f,0f,1f], start_interpolation: 0, interpolation_duration: 1 }
$data merge entity $(bone_skirt_right) { transformation: [-0.8335524528934082f,-0.02124916417880899f,-0.5520315038990842f,-0.10971089401729224f,0.19622797031238107f,0.9227093036128602f,-0.3318164020860843f,0.8720334002921f,0.5164154257402327f,-0.3849103974277296f,-0.7649569229764259f,0.1974542357518443f,0f,0f,0f,1f], start_interpolation: 0, interpolation_duration: 1 }
$data merge entity $(bone_skirt_left_back) { transformation: [-0.7703634942361763f,-0.2976768240273468f,-0.563851571945331f,0.023760858986058064f,-0.1962279703123811f,0.952093769720383f,-0.23454645025391807f,0.8488004913709188f,0.6066586110946683f,-0.07004257345802203f,-0.7918708022702098f,-0.24465596223373395f,0f,0f,0f,1f], start_interpolation: 0, interpolation_duration: 1 }
$data merge entity $(bone_skirt_left) { transformation: [-0.7703634942361763f,-0.3187169852449621f,-0.5522314461026204f,0.2230696239751107f,-0.1962279703123811f,0.9425771824936172f,-0.27026438668362784f,0.8720334002921f,0.6066586110946683f,-0.09983856148180839f,-0.7886682390117731f,-0.035561191515768115f,0f,0f,0f,1f], start_interpolation: 0, interpolation_duration: 1 }
$data merge entity $(bone_skirt_back_middle) { transformation: [-0.8191520442889919f,-0.06751609461505947f,-0.5695888914867423f,-0.07380984409270124f,0f,0.9930479276839344f,-0.11771071880947642f,0.8730871997768576f,0.5735764363510459f,-0.09642297594750929f,-0.8134572400392418f,-0.10541138171893755f,0f,0f,0f,1f], start_interpolation: 0, interpolation_duration: 1 }
$data merge entity $(bone_skirt_front_middle) { transformation: [-0.8191520442889919f,-0.20255753807447802f,-0.5366193922198227f,0.09876248281436764f,0f,0.9355673598337912f,-0.3531482906848473f,0.9575448206154913f,0.5735764363510459f,-0.2892821442516559f,-0.7663719153779049f,0.14104744297224153f,0f,0f,0f,1f], start_interpolation: 0, interpolation_duration: 1 }
$data merge entity $(bone_lower) { transformation: [-0.8191520442889919f,0f,-0.5735764363510459f,0f,0f,1f,0f,0.9369606405136404f,0.5735764363510459f,0f,-0.8191520442889919f,0f,0f,0f,0f,1f], start_interpolation: 0, interpolation_duration: 1 }
data modify entity @s data merge value {"locators":{"locator_right_hand":{"posx":-0.5716947753484583,"posy":0.8104362481409373,"posz":0.392112666250444,"roty":310.83251405197495,"rotx":5.23523549728408},"locator_left_hand":{"posx":0.5747290690254458,"posy":0.8139856008642747,"posz":-0.4132650621525684,"roty":339.1400118411344,"rotx":5.291585254773589}},"cameras":{}}