# This file was generated by Animated Java via MC-Build. It is not recommended to edit this file directly.
$data merge entity $(bone_head) { transformation: [-0.984807753012208f,0.030153689607045765f,-0.17101007166283427f,0f,0f,0.984807753012208f,0.17364817766693036f,1.6065833817430906f,0.1736481776669302f,0.17101007166283436f,-0.9698463103929542f,0f,0f,0f,0f,1f], start_interpolation: 0, interpolation_duration: 1 }
$data merge entity $(bone_bust) { transformation: [-0.8191520442889919f,-0.3410153685406322f,-0.461192418363813f,0.04122580636273154f,0f,0.8040644439611347f,-0.5945421515397131f,1.4972083817430906f,0.5735764363510459f,-0.48702041884973163f,-0.6586510330108551f,0.058876553183271285f,0f,0f,0f,1f], start_interpolation: 0, interpolation_duration: 1 }
$data merge entity $(bone_left_wing) { transformation: [-0.413104429824542f,0f,-0.910683660806177f,-0.020500051775818706f,0f,1f,0f,1.3878333817430906f,0.910683660806177f,0f,-0.413104429824542f,-0.13824253280806437f,0f,0f,0f,1f], start_interpolation: 0, interpolation_duration: 1 }
$data merge entity $(bone_right_wing) { transformation: [-0.9970527522269202f,0f,-0.07671902812681858f,-0.1228940573119427f,0f,1f,0f,1.3878333817430906f,0.07671902812681858f,0f,-0.9970527522269202f,-0.06654547826418361f,0f,0f,0f,1f], start_interpolation: 0, interpolation_duration: 1 }
$data merge entity $(bone_body) { transformation: [-0.8191520442889919f,0f,-0.5735764363510459f,0.696364240320019f,0f,1f,0f,0.32533338174309057f,0.5735764363510459f,0f,-0.8191520442889919f,0.12278780396897299f,0f,0f,0f,1f], start_interpolation: 0, interpolation_duration: 1 }
$data merge entity $(bone_right_ring) { transformation: [0.6931733705450673f,0.3078034239462731f,-0.6517420736565515f,-0.46589235651009536f,-0.020769034034631796f,0.9123834767534021f,0.40880929364759117f,1.043249359640928f,0.7204715994350224f,-0.2698396626782745f,0.6388327095986992f,0.29775872399191977f,0f,0f,0f,1f], start_interpolation: 0, interpolation_duration: 1 }
$data merge entity $(bone_sword) { transformation: [-0.000005702801529810177f,0.000003078034239462731f,-0.000007616019953511795f,-0.5629456414563616f,0.00000403934897208448f,0.000009123834767534021f,6.627963612282896e-7f,0.8573240589533044f,0.000007152741753573575f,-0.000002698396626782745f,-0.000006446467331124292f,0.36906586297782806f,0f,0f,0f,1f], start_interpolation: 0, interpolation_duration: 1 }
$data merge entity $(bone_right_hand) { transformation: [-0.5702801529810176f,0.3078034239462731f,-0.7616019953511795f,-0.48919825858266325f,0.403934897208448f,0.9123834767534021f,0.06627963612282896f,1.1920229937701623f,0.7152741753573574f,-0.2698396626782745f,-0.6446467331124291f,0.19516064546914916f,0f,0f,0f,1f], start_interpolation: 0, interpolation_duration: 1 }
$data merge entity $(bone_right_arm) { transformation: [-0.5702801529810176f,0.4098087784415758f,-0.7119250748696596f,-0.281583515224341f,0.403934897208448f,0.8945479488394055f,0.19136500736658452f,1.4815833817430906f,0.7152741753573574f,-0.1784397162613632f,-0.6756790079079094f,0.19716689999567205f,0f,0f,0f,1f], start_interpolation: 0, interpolation_duration: 1 }
$data merge entity $(bone_left_ring) { transformation: [0.5969694916161105f,-0.3582255681852337f,-0.7178452955741712f,0.4487299635174705f,0.06024119638209717f,0.9122639428392155f,-0.4051487342370727f,1.0464110297602898f,0.7999990152106791f,0.19861757448376763f,0.5661736789785701f,-0.3463767306649635f,0f,0f,0f,1f], start_interpolation: 0, interpolation_duration: 1 }
$data merge entity $(bone_left_hand) { transformation: [-0.8671851640803866f,-0.3582255681852337f,-0.3459253293663813f,0.3603267188604295f,-0.403934897208448f,0.9122639428392155f,0.06790506176014473f,1.1953183703689307f,0.29124987556404813f,0.19861757448376763f,-0.9358015650179858f,-0.40307413137231096f,0f,0f,0f,1f], start_interpolation: 0, interpolation_duration: 1 }
$data merge entity $(bone_left_arm) { transformation: [-0.8671851640803866f,-0.3078413417646394f,-0.39143786160694705f,0.281583515224341f,-0.403934897208448f,0.8945479488394055f,0.19136500736658452f,1.5128333817430906f,0.29124987556404813f,0.32406430770413286f,-0.9000865705342835f,-0.19716689999567205f,0f,0f,0f,1f], start_interpolation: 0, interpolation_duration: 1 }
$data merge entity $(bone_leftfoot) { transformation: [-0.8128064975560318f,-0.017331992758360226f,-0.582275879251168f,0.20875538405847138f,0.0009866151630236464f,0.9995148965279956f,-0.031128736067342427f,0.4597074403149195f,0.5825329382285751f,-0.025876121147774822f,-0.8123951022951388f,0.10733525818561687f,0f,0f,0f,1f], start_interpolation: 0, interpolation_duration: 1 }
$data merge entity $(bone_leftleg) { transformation: [-0.8173700673755687f,-0.08678743234210998f,-0.5695385101517914f,0.08984702099094485f,0.0436193209292267f,0.9764279695449252f,-0.21139010178352194f,0.8253333817430906f,0.5744593352014846f,-0.19762682479319024f,-0.7943173863903712f,-0.08961600551270243f,0f,0f,0f,1f], start_interpolation: 0, interpolation_duration: 1 }
$data merge entity $(bone_rightfoot) { transformation: [-0.8295795279025111f,0.07382777535797758f,-0.5534864645777157f,0.05313676490952726f,-0.004082907205246268f,0.9903924617383866f,0.13822482266413544f,0.5247432740622524f,0.5583736533485442f,0.11692831700435241f,-0.8213078788911802f,0.3254715529654788f,0f,0f,0f,1f], start_interpolation: 0, interpolation_duration: 1 }
$data merge entity $(bone_rightleg) { transformation: [-0.8183723930520606f,-0.2747870787769508f,-0.5047362555112062f,-0.11494099008130312f,-0.04361938736533599f,0.9054451828447543f,-0.4222160228000618f,0.8253333817430906f,0.5730305186777721f,-0.32351365071733745f,-0.7529773850942829f,0.05377810357505905f,0f,0f,0f,1f], start_interpolation: 0, interpolation_duration: 1 }
$data merge entity $(bone_skirt_right_back) { transformation: [-0.8291109156116526f,0.0574666990477597f,-0.5561228893996015f,-0.24397808074015698f,0.16453272889768594f,0.975734131162138f,-0.1444710573324226f,0.8152766160879832f,0.534325809534864f,-0.21128294721965085f,-0.8184469716964505f,-0.057407123666399495f,0f,0f,0f,1f], start_interpolation: 0, interpolation_duration: 1 }
$data merge entity $(bone_skirt_right) { transformation: [-0.8291109156116526f,-0.04853596088109226f,-0.5569733836683368f,-0.11020553514123309f,0.16453272889768594f,0.930925681215992f,-0.3260465567584203f,0.8539360028783421f,0.534325809534864f,-0.36196910994432974f,-0.7638548898259551f,0.19674781501663546f,0f,0f,0f,1f], start_interpolation: 0, interpolation_duration: 1 }
$data merge entity $(bone_skirt_left_back) { transformation: [-0.7856746545057426f,-0.23027115926945496f,-0.5741868428273008f,0.02424543202432397f,-0.16453272889768597f,0.9724945629993688f,-0.16487360631146297f,0.8457517751451226f,0.5963592192535994f,-0.03506448552835195f,-0.8019514720142792f,-0.24741396596145987f,0f,0f,0f,1f], start_interpolation: 0, interpolation_duration: 1 }
$data merge entity $(bone_skirt_left) { transformation: [-0.7856746545057426f,-0.2650900572810192f,-0.558965650821254f,0.22257498285116983f,-0.16453272889768597f,0.9605371449895449f,-0.22427076094938111f,0.8539360028783421f,0.5963592192535994f,-0.08423570873495297f,-0.798285680057683f,-0.03626761225097695f,0f,0f,0f,1f], start_interpolation: 0, interpolation_duration: 1 }
$data merge entity $(bone_skirt_back_middle) { transformation: [-0.8191520442889919f,-0.04719753761034687f,-0.5716312804428091f,-0.07412878875237365f,0f,0.9966087241648008f,-0.08228639570796559f,0.8657847034698262f,0.5735764363510459f,-0.06740506926135291f,-0.8163740737558407f,-0.10586688189890972f,0f,0f,0f,1f], start_interpolation: 0, interpolation_duration: 1 }
$data merge entity $(bone_skirt_front_middle) { transformation: [-0.8191520442889919f,-0.17686398988171675f,-0.5456272146990888f,0.10054797712926823f,0f,0.9512720190707913f,-0.30835295642004146f,0.9358693162665077f,0.5735764363510459f,-0.2525879546140314f,-0.7792364190967556f,0.14359739311911618f,0f,0f,0f,1f], start_interpolation: 0, interpolation_duration: 1 }
$data merge entity $(bone_lower) { transformation: [-0.8191520442889919f,0f,-0.5735764363510459f,0f,0f,1f,0f,0.9190833817430906f,0.5735764363510459f,0f,-0.8191520442889919f,0f,0f,0f,0f,1f], start_interpolation: 0, interpolation_duration: 1 }
data modify entity @s data merge value {"locators":{"locator_right_hand":{"posx":-0.5524620694949847,"posy":0.7866415068040337,"posz":0.3736511291201845,"roty":310.24575111948997,"rotx":3.8003293568748187},"locator_left_hand":{"posx":0.5494809045695674,"posy":0.7898367958367605,"posz":-0.4022379234885231,"roty":339.7128287489321,"rotx":3.893669713550931}},"cameras":{}}