# This file was generated by Animated Java via MC-Build. It is not recommended to edit this file directly.
$data merge entity $(bone_head) { transformation: [-0.984807753012208f,0.030153689607045765f,-0.17101007166283427f,0f,0f,0.984807753012208f,0.17364817766693036f,1.5837235489386567f,0.1736481776669302f,0.17101007166283436f,-0.9698463103929542f,0f,0f,0f,0f,1f], start_interpolation: 0, interpolation_duration: 1 }
$data merge entity $(bone_bust) { transformation: [-0.8191520442889919f,-0.30896375303112755f,-0.4832507916704181f,0.04122580636273154f,0f,0.8425220442191496f,-0.5386618651851878f,1.4743485489386567f,0.5735764363510459f,-0.4412459680469679f,-0.6901536548806568f,0.058876553183271285f,0f,0f,0f,1f], start_interpolation: 0, interpolation_duration: 1 }
$data merge entity $(bone_left_wing) { transformation: [-0.48876223444956446f,0f,-0.8724170322591536f,-0.020500051775818706f,0f,1f,0f,1.3649735489386567f,0.8724170322591536f,0f,-0.48876223444956446f,-0.13824253280806437f,0f,0f,0f,1f], start_interpolation: 0, interpolation_duration: 1 }
$data merge entity $(bone_right_wing) { transformation: [-0.9869703769404826f,0f,-0.16090206661805712f,-0.1228940573119427f,0f,1f,0f,1.3649735489386567f,0.16090206661805712f,0f,-0.9869703769404826f,-0.06654547826418361f,0f,0f,0f,1f], start_interpolation: 0, interpolation_duration: 1 }
$data merge entity $(bone_body) { transformation: [-0.8191520442889919f,0f,-0.5735764363510459f,0.696364240320019f,0f,1f,0f,0.30247354893865674f,0.5735764363510459f,0f,-0.8191520442889919f,0.12278780396897299f,0f,0f,0f,1f], start_interpolation: 0, interpolation_duration: 1 }
$data merge entity $(bone_right_ring) { transformation: [-0.13157198843950169f,0.19088556534297596f,-0.9727546005040367f,-0.4426572205447818f,0.274937652660078f,0.949815544356883f,0.1491969129968996f,1.0222942495859189f,0.9524169774882436f,-0.2478167319648344f,-0.17745074908387254f,0.2512274706664679f,0f,0f,0f,1f], start_interpolation: 0, interpolation_duration: 1 }
$data merge entity $(bone_sword) { transformation: [-0.000006001778711272253f,0.00000190885565342976f,-0.00000776755575424396f,-0.5153058023022897f,0.000003127029754805011f,0.00000949815544356883f,-8.202488871025871e-8f,0.8241659033530067f,0.000007362087829786011f,-0.000002478167319648344f,-0.000006297487556346867f,0.3186040809450647f,0f,0f,0f,1f], start_interpolation: 0, interpolation_duration: 1 }
$data merge entity $(bone_right_hand) { transformation: [-0.6001778711272252f,0.19088556534297596f,-0.7767555754243959f,-0.48565218615597894f,0.3127029754805011f,0.949815544356883f,-0.00820248887102587f,1.1699339450600232f,0.736208782978601f,-0.2478167319648344f,-0.6297487556346867f,0.15346716045621062f,0f,0f,0f,1f], start_interpolation: 0, interpolation_duration: 1 }
$data merge entity $(bone_right_arm) { transformation: [-0.6001778711272252f,0.4056423797090637f,-0.6893770976709044f,-0.281583515224341f,0.3127029754805011f,0.9122658304526079f,0.2645522702874705f,1.4587235489386567f,0.736208782978601f,-0.056791851286795425f,-0.6743673431391718f,0.19716689999567205f,0f,0f,0f,1f], start_interpolation: 0, interpolation_duration: 1 }
$data merge entity $(bone_left_ring) { transformation: [-0.1651608046893625f,-0.2969335317586203f,-0.9405064520308803f,0.3933907800150996f,-0.15233194633968325f,0.9498396216422784f,-0.2731294039147328f,1.02469832509733f,0.9744315710806613f,0.0981589062480108f,-0.20210873906258503f,-0.34192926325941586f,0f,0f,0f,1f], start_interpolation: 0, interpolation_duration: 1 }
$data merge entity $(bone_left_hand) { transformation: [-0.8970828822265942f,-0.2969335317586203f,-0.32721977344497233f,0.316318061917349f,-0.3127029754805011f,0.9498396216422784f,-0.00464136661927278f,1.1726756378583791f,0.3121844831852918f,0.0981589062480108f,-0.9449368643367271f,-0.4151797651897323f,0f,0f,0f,1f], start_interpolation: 0, interpolation_duration: 1 }
$data merge entity $(bone_left_arm) { transformation: [-0.8970828822265942f,-0.19210474842203182f,-0.39791716229604185f,0.281583515224341f,-0.3127029754805011f,0.9122658304526079f,0.2645522702874705f,1.4899735489386567f,0.3121844831852918f,0.3617551937738028f,-0.8784497869747653f,-0.19716689999567205f,0f,0f,0f,1f], start_interpolation: 0, interpolation_duration: 1 }
$data merge entity $(bone_leftfoot) { transformation: [-0.8153500391614815f,0.12836856860750762f,-0.5645580787067264f,0.1859282652591987f,0.00027020372982916607f,0.9751947498727149f,0.22134842852533987f,0.415444400766426f,0.5789682552863459f,0.1803239041678965f,-0.7951597631648197f,0.0764808369917282f,0f,0f,0f,1f], start_interpolation: 0, interpolation_duration: 1 }
$data merge entity $(bone_leftleg) { transformation: [-0.8173700673755687f,-0.028475251472944024f,-0.5754088398799683f,0.08984702099094485f,0.0436193209292267f,0.9928521212001087f,-0.11109464555107018f,0.8024735489386567f,0.5744593352014846f,-0.1159043807713815f,-0.8102855340667703f,-0.08961600551270243f,0f,0f,0f,1f], start_interpolation: 0, interpolation_duration: 1 }
$data merge entity $(bone_rightfoot) { transformation: [-0.8295795279025112f,0.15713559412063977f,-0.5358229296562442f,0.05313676490952726f,-0.004082907205246262f,0.9578552728931098f,0.28722222417427834f,0.5018834412578186f,0.5583736533485442f,0.24046139243383663f,-0.7939755550361611f,0.3254715529654788f,0f,0f,0f,1f], start_interpolation: 0, interpolation_duration: 1 }
$data merge entity $(bone_rightleg) { transformation: [-0.8183723930520606f,-0.2747870787769508f,-0.5047362555112062f,-0.11494099008130312f,-0.04361938736533599f,0.9054451828447543f,-0.4222160228000618f,0.8024735489386567f,0.5730305186777721f,-0.32351365071733745f,-0.7529773850942829f,0.05377810357505905f,0f,0f,0f,1f], start_interpolation: 0, interpolation_duration: 1 }
$data merge entity $(bone_skirt_right_back) { transformation: [-0.8207815859221709f,-0.007238896459980382f,-0.5711962767640627f,-0.2505770500245329f,0.0675442725656201f,0.991675350448534f,-0.10962559261576821f,0.8003580542297515f,0.5672348362492092f,-0.1285597047710473f,-0.8134599208655053f,-0.05782260703574549f,0f,0f,0f,1f], start_interpolation: 0, interpolation_duration: 1 }
$data merge entity $(bone_skirt_right) { transformation: [-0.8207815859221709f,-0.12439791303189307f,-0.5575327321730945f,-0.11164552409642457f,0.0675442725656201f,0.948019633253225f,-0.3109606827397988f,0.830675277689669f,0.5672348362492092f,-0.2928889451647675f,-0.7697146915225165f,0.19469129766054805f,0f,0f,0f,1f], start_interpolation: 0, interpolation_duration: 1 }
$data merge entity $(bone_skirt_left_back) { transformation: [-0.8137502255322558f,-0.03273373069769803f,-0.5802922309671339f,0.028342446656421022f,-0.0675442725656201f,0.9969739622615681f,0.03847973253611084f,0.8652474466257462f,0.5772766595747518f,0.07050830764583693f,-0.8134987626684727f,-0.25191292581121544f,0f,0f,0f,1f], start_interpolation: 0, interpolation_duration: 1 }
$data merge entity $(bone_skirt_left) { transformation: [-0.8137502255322558f,-0.1072740323441986f,-0.5712292468272424f,0.22113499389597835f,-0.0675442725656201f,0.9936146724142522f,-0.0903750740342682f,0.830675277689669f,0.5772766595747518f,-0.03495947293272692f,-0.8157999102491259f,-0.03832412960706434f,0f,0f,0f,1f], start_interpolation: 0, interpolation_duration: 1 }
$data merge entity $(bone_skirt_back_middle) { transformation: [-0.8191520442889919f,0.011122410973783796f,-0.5734685870309687f,-0.07345147614990348f,0f,0.9998119704485013f,0.01939133177182431f,0.8731499677412984f,0.5735764363510459f,0.01588444906237596f,-0.8189980194974951f,-0.10489957925575066f,0f,0f,0f,1f], start_interpolation: 0, interpolation_duration: 1 }
$data merge entity $(bone_skirt_front_middle) { transformation: [-0.8191520442889919f,-0.10142566670184636f,-0.5645376537231609f,0.10505766348360976f,0f,0.984241363391098f,-0.17683025360506757f,0.9013921783770072f,0.5735764363510459f,-0.14485086373273198f,-0.8062433248956025f,0.15003789269710116f,0f,0f,0f,1f], start_interpolation: 0, interpolation_duration: 1 }
$data merge entity $(bone_lower) { transformation: [-0.8191520442889919f,0f,-0.5735764363510459f,0f,0f,1f,0f,0.8962235489386567f,0.5735764363510459f,0f,-0.8191520442889919f,0f,0f,0f,0f,1f], start_interpolation: 0, interpolation_duration: 1 }
data modify entity @s data merge value {"locators":{"locator_right_hand":{"posx":-0.49634378579749383,"posy":0.7551586277355457,"posz":0.32092592653157753,"roty":309.033151291889,"rotx":-0.4699732639446588},"locator_left_hand":{"posx":0.47690333582221156,"posy":0.7575559315104392,"posz":-0.36953645564166887,"roty":340.89967263491235,"rotx":-0.26593167325900346}},"cameras":{}}