# This file was generated by Animated Java via MC-Build. It is not recommended to edit this file directly.
$data merge entity $(bone_head) { transformation: [-0.984807753012208f,0.030153689607045765f,-0.17101007166283427f,0f,0f,0.984807753012208f,0.17364817766693036f,1.6896186258529025f,0.1736481776669302f,0.17101007166283436f,-0.9698463103929542f,0f,0f,0f,0f,1f], start_interpolation: 0, interpolation_duration: 1 }
$data merge entity $(bone_bust) { transformation: [-0.8191520442889919f,-0.29575686869848344f,-0.49144460822643427f,0.04122580636273154f,0f,0.856807527437643f,-0.515636365015301f,1.5802436258529025f,0.5735764363510459f,-0.4223845825120286f,-0.7018556376627417f,0.058876553183271285f,0f,0f,0f,1f], start_interpolation: 0, interpolation_duration: 1 }
$data merge entity $(bone_left_wing) { transformation: [-0.5180270093731303f,0f,-0.8553642601605066f,-0.020500051775818706f,0f,1f,0f,1.4708686258529025f,0.8553642601605066f,0f,-0.5180270093731303f,-0.13824253280806437f,0f,0f,0f,1f], start_interpolation: 0, interpolation_duration: 1 }
$data merge entity $(bone_right_wing) { transformation: [-0.9809551553491915f,0f,-0.19423435121997168f,-0.1228940573119427f,0f,1f,0f,1.4708686258529025f,0.19423435121997168f,0f,-0.9809551553491915f,-0.06654547826418361f,0f,0f,0f,1f], start_interpolation: 0, interpolation_duration: 1 }
$data merge entity $(bone_body) { transformation: [-0.8191520442889919f,0f,-0.5735764363510459f,0.696364240320019f,0f,1f,0f,0.40836862585290246f,0.5735764363510459f,0f,-0.8191520442889919f,0.12278780396897299f,0f,0f,0f,1f], start_interpolation: 0, interpolation_duration: 1 }
$data merge entity $(bone_right_ring) { transformation: [-0.7873487782068355f,0.14325861190368216f,-0.5996322802948767f,-0.4334231660256359f,0.2565004617345117f,0.9605688020733787f,-0.10730838556840053f,1.131214940487109f,0.560615210805224f,-0.23829508303518218f,-0.793048572796818f,0.23310172894849124f,0f,0f,0f,1f], start_interpolation: 0, interpolation_duration: 1 }
$data merge entity $(bone_sword) { transformation: [-0.0000060996838524885556f,0.0000014325861190368218f,-0.000007793686798379403f,-0.49600013504106094f,0.000002753074666096126f,0.000009605688020733788f,-3.8902124778876174e-7f,0.929086027665438f,0.000007430641747695153f,-0.000002382950830351822f,-0.000006253567666343389f,0.2986783343453231f,0f,0f,0f,1f], start_interpolation: 0, interpolation_duration: 1 }
$data merge entity $(bone_right_hand) { transformation: [-0.6099683852488555f,0.14325861190368216f,-0.7793686798379402f,-0.48410482165049246f,0.2753074666096126f,0.9605688020733787f,-0.03890212477887617f,1.2776567416130549f,0.7430641747695153f,-0.23829508303518218f,-0.6253567666343388f,0.13724092535227475f,0f,0f,0f,1f], start_interpolation: 0, interpolation_duration: 1 }
$data merge entity $(bone_right_arm) { transformation: [-0.6099683852488555f,0.4030856094444948f,-0.6822467005824682f,-0.281583515224341f,0.2753074666096126f,0.9151257991137951f,0.2945344981922065f,1.5646186258529025f,0.7430641747695153f,-0.008170878477744004f,-0.6691702839479658f,0.19716689999567205f,0f,0f,0f,1f], start_interpolation: 0, interpolation_duration: 1 }
$data merge entity $(bone_left_ring) { transformation: [-0.9231296161457327f,-0.2714625271126432f,0.2722862614386731f,0.37171936756351465f,-0.24303375408421848f,0.9607353471790268f,0.1338737728478828f,1.13343280293699f,-0.297936748606753f,0.057408092238049324f,-0.9528578093163869f,-0.3400024259196383f,0f,0f,0f,1f], start_interpolation: 0, interpolation_duration: 1 }
$data merge entity $(bone_left_hand) { transformation: [-0.9068733963482245f,-0.2714625271126432f,-0.32231776148616686f,0.299086057562836f,-0.2753074666096126f,0.9607353471790268f,-0.03454549912495064f,1.2803090603907488f,0.319039874976206f,0.057408092238049324f,-0.9460009879068596f,-0.4197200041237112f,0f,0f,0f,1f], start_interpolation: 0, interpolation_duration: 1 }
$data merge entity $(bone_left_arm) { transformation: [-0.9068733963482245f,-0.1455415121255952f,-0.3954722635584338f,0.281583515224341f,-0.2753074666096126f,0.9151257991137951f,0.2945344981922065f,1.5958686258529025f,0.319039874976206f,0.3759819677119277f,-0.8699719065180402f,-0.19716689999567205f,0f,0f,0f,1f], start_interpolation: 0, interpolation_duration: 1 }
$data merge entity $(bone_leftfoot) { transformation: [-0.8163709769128289f,0.18437090935355477f,-0.547307770672532f,0.17651988721372647f,0.00010905916586535098f,0.9477225647691425f,0.31909548466485194f,0.5138994865278614f,0.5775278488181259f,0.2604406036153766f,-0.7737133033805004f,0.06365904303039577f,0f,0f,0f,1f], start_interpolation: 0, interpolation_duration: 1 }
$data merge entity $(bone_leftleg) { transformation: [-0.8173700673755687f,-0.005069655635559084f,-0.5760906799716475f,0.08984702099094485f,0.0436193209292267f,0.9965464546994344f,-0.07065775589177266f,0.9083686258529025f,0.5744593352014846f,-0.08288221894788442f,-0.8143261078843925f,-0.08961600551270243f,0f,0f,0f,1f], start_interpolation: 0, interpolation_duration: 1 }
$data merge entity $(bone_rightfoot) { transformation: [-0.8295795279025112f,0.18949259722740192f,-0.525252665372638f,0.05313676490952726f,-0.004082907205246262f,0.9385743375066453f,0.3450529565772703f,0.6077785181720643f,0.5583736533485442f,0.28839342671076224f,-0.7778483751196141f,0.3254715529654788f,0f,0f,0f,1f], start_interpolation: 0, interpolation_duration: 1 }
$data merge entity $(bone_rightleg) { transformation: [-0.8183723930520606f,-0.2747870787769508f,-0.5047362555112062f,-0.11494099008130312f,-0.04361938736533599f,0.9054451828447543f,-0.4222160228000618f,0.9083686258529025f,0.5730305186777721f,-0.32351365071733745f,-0.7529773850942829f,0.05377810357505905f,0f,0f,0f,1f], start_interpolation: 0, interpolation_duration: 1 }
$data merge entity $(bone_skirt_right_back) { transformation: [-0.8194151787638914f,-0.032906226493736784f,-0.572255139836492f,-0.25153896789708347f,0.02720583537486537f,0.9949929572478521f,-0.09617098080361808f,0.9093932411823172f,0.5725544579626428f,-0.09437264055390757f,-0.814417090551265f,-0.05880805531487965f,0f,0f,0f,1f], start_interpolation: 0, interpolation_duration: 1 }
$data merge entity $(bone_skirt_right) { transformation: [-0.8194151787638914f,-0.15348036455402f,-0.5522703527328849f,-0.11222713274270492f,0.02720583537486537f,0.9519859685946317f,-0.3049304152105802f,0.936505979778593f,0.5725544579626428f,-0.26488958698919485f,-0.7758961911053555f,0.19386067443165883f,0f,0f,0f,1f], start_interpolation: 0, interpolation_duration: 1 }
$data merge entity $(bone_skirt_left_back) { transformation: [-0.8182816960296259f,0.046688227611424264f,-0.572918209996316f,0.03107558720275666f,-0.02720583537486537f,0.9924333455085533f,0.11973260727243998f,0.9878835345976266f,0.5741732390702606f,0.11356171945336363f,-0.810819848924754f,-0.252328123377632f,0f,0f,0f,1f], start_interpolation: 0, interpolation_duration: 1 }
$data merge entity $(bone_skirt_left) { transformation: [-0.8182816960296259f,-0.0431105781179483f,-0.5731985205818446f,0.22055338524969803f,-0.02720583537486537f,0.9989707325870614f,-0.0362948750655758f,0.936505979778593f,0.5741732390702606f,-0.014105087337776701f,-0.8186123246364906f,-0.039154752835953585f,0f,0f,0f,1f], start_interpolation: 0, interpolation_duration: 1 }
$data merge entity $(bone_skirt_back_middle) { transformation: [-0.8191520442889919f,0.03441645715047173f,-0.572542955431621f,-0.07252516794240192f,0f,0.9981981810026931f,0.06000326193562077f,0.9910252961056965f,0.5735764363510459f,0.049151794678571614f,-0.8176760805739093f,-0.10357667403557844f,0f,0f,0f,1f], start_interpolation: 0, interpolation_duration: 1 }
$data merge entity $(bone_skirt_front_middle) { transformation: [-0.8191520442889919f,-0.07069620956319997f,-0.5692029289195213f,0.10659936973942452f,0f,0.9923750224828833f,-0.12325508002551865f,1.002367444563689f,0.5735764363510459f,-0.10096465077190689f,-0.8129060283681881f,0.15223967741332486f,0f,0f,0f,1f], start_interpolation: 0, interpolation_duration: 1 }
$data merge entity $(bone_lower) { transformation: [-0.8191520442889919f,0f,-0.5735764363510459f,0f,0f,1f,0f,1.0021186258529025f,0.5735764363510459f,0f,-0.8191520442889919f,0f,0f,0f,0f,1f], start_interpolation: 0, interpolation_duration: 1 }
data modify entity @s data merge value {"locators":{"locator_right_hand":{"posx":-0.4737146506235465,"posy":0.8610549649039714,"posz":0.30012222105213626,"roty":308.7431702437697,"rotx":-2.2294901477934537},"locator_left_hand":{"posx":0.4480682033139456,"posy":0.8632259865428886,"posz":-0.35614845186158967,"roty":341.1851971433732,"rotx":-1.979705194817493}},"cameras":{}}