# This file was generated by Animated Java via MC-Build. It is not recommended to edit this file directly.
$data merge entity $(bone_head) { transformation: [-0.984807753012208f,0.030153689607045765f,-0.17101007166283427f,0f,0f,0.984807753012208f,0.17364817766693036f,1.697836265331159f,0.1736481776669302f,0.17101007166283436f,-0.9698463103929542f,0f,0f,0f,0f,1f], start_interpolation: 0, interpolation_duration: 1 }
$data merge entity $(bone_bust) { transformation: [-0.8191520442889919f,-0.29866160445366907f,-0.489684770400638f,0.04122580636273154f,0f,0.8537393438194457f,-0.5207006172598053f,1.588461265331159f,0.5735764363510459f,-0.4265329750909095f,-0.6993423287796415f,0.058876553183271285f,0f,0f,0f,1f], start_interpolation: 0, interpolation_duration: 1 }
$data merge entity $(bone_left_wing) { transformation: [-0.5116819089070955f,0f,-0.8591749671034362f,-0.020500051775818706f,0f,1f,0f,1.479086265331159f,0.8591749671034362f,0f,-0.5116819089070955f,-0.13824253280806437f,0f,0f,0f,1f], start_interpolation: 0, interpolation_duration: 1 }
$data merge entity $(bone_right_wing) { transformation: [-0.9823658963726313f,0f,-0.1869685685991006f,-0.1228940573119427f,0f,1f,0f,1.479086265331159f,0.1869685685991006f,0f,-0.9823658963726313f,-0.06654547826418361f,0f,0f,0f,1f], start_interpolation: 0, interpolation_duration: 1 }
$data merge entity $(bone_body) { transformation: [-0.8191520442889919f,0f,-0.5735764363510459f,0.696364240320019f,0f,1f,0f,0.41658626533115894f,0.5735764363510459f,0f,-0.8191520442889919f,0.12278780396897299f,0f,0f,0f,1f], start_interpolation: 0, interpolation_duration: 1 }
$data merge entity $(bone_right_ring) { transformation: [-0.8334898949654768f,0.15369978012005428f,-0.5307268342391267f,-0.43543241219537077f,0.2564280737660894f,0.9584269650130617f,-0.12514949348864496f,1.1386624977681246f,0.48942745935945564f,-0.24040409798274723f,-0.8382521289552745f,0.23703344718530872f,0f,0f,0f,1f], start_interpolation: 0, interpolation_duration: 1 }
$data merge entity $(bone_sword) { transformation: [-0.000006079354885883169f,0.000001536997801200543f,-0.000007789677909297223f,-0.5002235948482945f,0.000002835197990170215f,0.000009584269650130617f,-3.2160166373934046e-7f,0.9373640902912066f,0.000007416407252034048f,-0.0000024040409798274723f,-0.000006262386960200316f,0.3030131366563281f,0f,0f,0f,1f], start_interpolation: 0, interpolation_duration: 1 }
$data merge entity $(bone_right_hand) { transformation: [-0.6079354885883169f,0.15369978012005428f,-0.7789677909297221f,-0.48444505195127374f,0.2835197990170215f,0.9584269650130617f,-0.03216016637393404f,1.2854016954538592f,0.7416407252034047f,-0.24040409798274723f,-0.6262386960200316f,0.14076042912362652f,0f,0f,0f,1f], start_interpolation: 0, interpolation_duration: 1 }
$data merge entity $(bone_right_arm) { transformation: [-0.6079354885883169f,0.4036761622877483f,-0.6837104633655389f,-0.281583515224341f,0.2835197990170215f,0.9147091413119597f,0.28796477278598687f,1.572836265331159f,0.7416407252034047f,-0.018781448319359656f,-0.670534333139471f,0.19716689999567205f,0f,0f,0f,1f], start_interpolation: 0, interpolation_duration: 1 }
$data merge entity $(bone_left_ring) { transformation: [-0.8887315095871114f,-0.27706651818232897f,0.3652265712805344f,0.37642495296562284f,-0.22941715558747278f,0.9585581669550824f,0.16892012694130223f,1.1409152514047498f,-0.39689302411250243f,0.06633539828804436f,-0.9154646592549596f,-0.3404270566555655f,0f,0f,0f,1f], start_interpolation: 0, interpolation_duration: 1 }
$data merge entity $(bone_left_hand) { transformation: [-0.9048404996876859f,-0.27706651818232897f,-0.32326121732626717f,0.3028275703752964f,-0.2835197990170215f,0.9585581669550824f,-0.02797792217195677f,1.2880670347878604f,0.3176164254100955f,0.06633539828804436f,-0.9458960943167488f,-0.41873990951525375f,0f,0f,0f,1f], start_interpolation: 0, interpolation_duration: 1 }
$data merge entity $(bone_left_arm) { transformation: [-0.9048404996876859f,-0.1557141672761859f,-0.3962534141612195f,0.281583515224341f,-0.2835197990170215f,0.9147091413119597f,0.28796477278598687f,1.604086265331159f,0.3176164254100955f,0.37290787724292074f,-0.8718139259038548f,-0.19716689999567205f,0f,0f,0f,1f], start_interpolation: 0, interpolation_duration: 1 }
$data merge entity $(bone_leftfoot) { transformation: [-0.8161478006174485f,0.17229507267922836f,-0.5515588594862393f,0.17858849318833664f,0.0001381474283038489f,0.9545711688187237f,0.2979829937686775f,0.5236876208915449f,0.5778431867406503f,0.24312196854771267f,-0.7790949620854284f,0.06648311182866237f,0f,0f,0f,1f], start_interpolation: 0, interpolation_duration: 1 }
$data merge entity $(bone_leftleg) { transformation: [-0.8173700673755687f,-0.010186102905007759f,-0.5760229303300928f,0.08984702099094485f,0.0436193209292267f,0.9958795892481876f,-0.07950596556569914f,0.916586265331159f,0.5744593352014846f,-0.09011152549185705f,-0.8135578560701131f,-0.08961600551270243f,0f,0f,0f,1f], start_interpolation: 0, interpolation_duration: 1 }
$data merge entity $(bone_rightfoot) { transformation: [-0.8295795279025112f,0.18247821444657383f,-0.5277305260617744f,0.05313676490952726f,-0.004082907205246261f,0.9430879372943626f,0.3325183790388403f,0.6159961576503208f,0.5583736533485442f,0.27800511466923533f,-0.7816214041746459f,0.3254715529654788f,0f,0f,0f,1f], start_interpolation: 0, interpolation_duration: 1 }
$data merge entity $(bone_rightleg) { transformation: [-0.8183723930520606f,-0.2747870787769508f,-0.5047362555112062f,-0.11494099008130312f,-0.04361938736533599f,0.9054451828447543f,-0.4222160228000618f,0.916586265331159f,0.5730305186777721f,-0.32351365071733745f,-0.7529773850942829f,0.05377810357505905f,0f,0f,0f,1f], start_interpolation: 0, interpolation_duration: 1 }
$data merge entity $(bone_skirt_right_back) { transformation: [-0.8196146198920902f,-0.027312611817770574f,-0.5722638343411509f,-0.2514101090826705f,0.0360592442819605f,0.994423281076315f,-0.09910635174008903f,0.916921404402359f,0.5717793331005927f,-0.1018644162065839f,-0.8140589873896934f,-0.0585512518139166f,0f,0f,0f,1f], start_interpolation: 0, interpolation_duration: 1 }
$data merge entity $(bone_skirt_right) { transformation: [-0.8196146198920902f,-0.1471962920439937f,-0.5536832365781393f,-0.11209988741394698f,0.0360592442819605f,0.9512613362926702f,-0.3062704702979008f,0.9447329920391629f,0.5717793331005927f,-0.2709891541799833f,-0.7743599115113452f,0.19404239959429173f,0f,0f,0f,1f], start_interpolation: 0, interpolation_duration: 1 }
$data merge entity $(bone_skirt_left_back) { transformation: [-0.8176215297998213f,0.02936280380017512f,-0.5750068345339839f,0.030426102754759876f,-0.0360592442819605f,0.9941266318396104f,0.10203906491655747f,0.9924574089614543f,0.574625760743124f,0.10416364826667675f,-0.8117605370244122f,-0.2523036857419859f,0f,0f,0f,1f], start_interpolation: 0, interpolation_duration: 1 }
$data merge entity $(bone_skirt_left) { transformation: [-0.8176215297998213f,-0.05715857935967049f,-0.5729118002043457f,0.22068063057845594f,-0.0360592442819605f,0.9981901412561256f,-0.048126632968552026f,0.9447329920391629f,0.574625760743124f,-0.018690604716275767f,-0.8182028455008733f,-0.03897302767332067f,0f,0f,0f,1f], start_interpolation: 0, interpolation_duration: 1 }
$data merge entity $(bone_skirt_back_middle) { transformation: [-0.8191520442889919f,0.029329962156002476f,-0.5728260483402381f,-0.07275935362692594f,0f,0.9986917384270847f,0.051135228536570605f,0.9966328687172786f,0.5735764363510459f,0.04188752699091661f,-0.8180803791470737f,-0.10391112585413897f,0f,0f,0f,1f], start_interpolation: 0, interpolation_duration: 1 }
$data merge entity $(bone_skirt_front_middle) { transformation: [-0.8191520442889919f,-0.07743181340190418f,-0.5683258243388717f,0.1062755839369321f,0f,0.9908458373123253f,-0.13499824695468066f,1.0116724415199512f,0.5735764363510459f,-0.11058408996835684f,-0.8116533932096291f,0.15177726336488395f,0f,0f,0f,1f], start_interpolation: 0, interpolation_duration: 1 }
$data merge entity $(bone_lower) { transformation: [-0.8191520442889919f,0f,-0.5735764363510459f,0f,0f,1f,0f,1.010336265331159f,0.5735764363510459f,0f,-0.8191520442889919f,0f,0f,0f,0f,1f], start_interpolation: 0, interpolation_duration: 1 }
data modify entity @s data merge value {"locators":{"locator_right_hand":{"posx":-0.47866047535413603,"posy":0.869104913858201,"posz":0.3046470997429564,"roty":308.7969849225006,"rotx":-1.8429595830482337},"locator_left_hand":{"posx":0.4543499112044028,"posy":0.8713207669486328,"posz":-0.35908388742407793,"roty":341.1320704593354,"rotx":-1.6032260643806682}},"cameras":{}}