execute if entity @s[tag=aj.convict.bone.head] run data modify entity @s {} merge value {transformation:[-1f,-1.1129746460143177e-16f,5.109278031103437e-17f,-0.06250000000000007f,0f,0.4172042122398649f,0.9088127669048855f,1.1409085151747154f,-1.2246467991473532e-16f,0.9088127669048855f,-0.4172042122398649f,0.585350982516598f,0f,0f,0f,1f],start_interpolation:0}
execute if entity @s[tag=aj.convict.bone.left_axe] run data modify entity @s {} merge value {transformation:[-0.879533505302617f,0.18153795919266896f,-0.43984631682242403f,0.5117647064861487f,-0.20071835181234537f,0.6965570834599173f,0.6888543915281004f,0.09457096186993774f,0.4314312880353335f,0.6941557453871393f,-0.5762072932983393f,0.337044084613172f,0f,0f,0f,1f],start_interpolation:0}
execute if entity @s[tag=aj.convict.bone.left_arm_2] run data modify entity @s {} merge value {transformation:[-0.879533505302617f,-0.18265159131715966f,-0.4393850352929656f,0.4316608040884184f,-0.20071835181234537f,0.9796338486976842f,-0.005446625698378671f,0.595335188363538f,0.4314312880353335f,0.08340215030244708f,-0.8982823192232503f,0.3273417959938725f,0f,0f,0f,1f],start_interpolation:0}
execute if entity @s[tag=aj.convict.bone.left_arm] run data modify entity @s {} merge value {transformation:[-0.879533505302617f,-0.18265159131715966f,-0.4393850352929656f,0.31249999999999994f,-0.20071835181234537f,0.9796338486976842f,-0.005446625698378671f,1.0017974952472535f,0.4314312880353335f,0.08340215030244708f,-0.8982823192232503f,0.44457025391887095f,0f,0f,0f,1f],start_interpolation:0}
execute if entity @s[tag=aj.convict.bone.right_axe] run data modify entity @s {} merge value {transformation:[-0.5685348370083094f,-0.5679858596307152f,-0.595113604589487f,-0.1516735696863571f,-0.7495777288134579f,0.6557337803466862f,0.09025761895320589f,0.33621140683962875f,0.3389710423838491f,0.497398504794497f,-0.7985570485903968f,0.5930268768079534f,0f,0f,0f,1f],start_interpolation:0}
execute if entity @s[tag=aj.convict.bone.right_arm_2] run data modify entity @s {} merge value {transformation:[-0.5685348370083094f,-0.8128956873286434f,-0.12636748248828603f,-0.5784635114689951f,-0.7495777288134579f,0.5751739420727208f,-0.32757924968987984f,0.6076356891538677f,0.3389710423838491f,-0.09151796481029625f,-0.9363349264778005f,0.5784327749889369f,0f,0f,0f,1f],start_interpolation:0}
execute if entity @s[tag=aj.convict.bone.right_arm] run data modify entity @s {} merge value {transformation:[-0.984807753012208f,0.16561121050749122f,0.05221701409779451f,-0.43750000000000006f,0.1235181031006983f,0.8794433073275567f,-0.45969853970093694f,1.0017974952472535f,-0.12205313520533222f,-0.44626493941493106f,-0.8865385699649716f,0.44457025391887084f,0f,0f,0f,1f],start_interpolation:0}
execute if entity @s[tag=aj.convict.bone.body] run data modify entity @s {} merge value {transformation:[-1f,-8.71106461532594e-17f,8.607748342847977e-17f,-0.0625f,0f,0.7028759923956055f,0.7113124062701934f,0.5625f,-1.2246467991473532e-16f,0.7113124062701934f,-0.7028759923956055f,-7.654042494670958e-18f,0f,0f,0f,1f],start_interpolation:0}