execute if entity @s[tag=aj.convict.bone.left_leg_2] run data modify entity @s {} merge value {transformation:[-0.8864940995525419f,-0.03710317900891194f,0.4612500033235344f,-0.017359317790789787f,-0.03880672476913287f,0.9992299349251259f,0.005794416469456276f,0.4586509328249682f,-0.46110980207670776f,-0.012762885918215061f,-0.8872512942632532f,0.19049108278506757f,0f,0f,0f,1f],start_interpolation:0}
execute if entity @s[tag=aj.convict.bone.left_leg] run data modify entity @s {} merge value {transformation:[-0.8864940995525419f,0.23242529522135616f,0.40013334477370577f,0.05527358696588402f,-0.03880672476913287f,0.8243170149601019f,-0.5647968634473459f,0.71625f,-0.46110980207670776f,-0.5162169514734407f,-0.7217325054618551f,0.029173285449617357f,0f,0f,0f,1f],start_interpolation:0}
execute if entity @s[tag=aj.convict.bone.right_leg_2] run data modify entity @s {} merge value {transformation:[-0.908946020181537f,-0.2052669568351388f,0.3628809843843929f,-0.10668234153818701f,0.00877470200536108f,0.860786442575379f,0.5088906610295978f,0.4405735426603881f,-0.41682146897786093f,0.46573831355178974f,-0.7806072548273383f,-0.22228405123883455f,0f,0f,0f,1f],start_interpolation:0}
execute if entity @s[tag=aj.convict.bone.right_leg] run data modify entity @s {} merge value {transformation:[-0.908946020181537f,-0.1892429419502881f,0.37148922099859727f,-0.16582076089765205f,0.00877470200536108f,0.8821646634867581f,0.4708593326037107f,0.71625f,-0.41682146897786093f,0.43124542364794394f,-0.8001795095988421f,-0.08751985634885207f,0f,0f,0f,1f],start_interpolation:0}
execute if entity @s[tag=aj.convict.bone.head] run data modify entity @s {} merge value {transformation:[-0.9882918918545542f,-0.11953227767841021f,0.09482178593317742f,-0.14494345811644332f,-0.08365933637589737f,0.9442622406119808f,0.31838645761336304f,1.5945546162376547f,-0.1275940905045776f,0.3067260268504334f,-0.9432067072073103f,0.14072103206973707f,0f,0f,0f,1f],start_interpolation:0}
execute if entity @s[tag=aj.convict.bone.left_axe] run data modify entity @s {} merge value {transformation:[-0.9927818520576459f,-0.0006676976213101302f,-0.11993226590403813f,0.32601168791981405f,-0.0871987244971473f,0.6905868553636484f,0.7179736608295724f,0.47544602761314814f,0.08234425706180737f,0.7232491613398757f,-0.6856603196555165f,0.23289113660541075f,0f,0f,0f,1f],start_interpolation:0}
execute if entity @s[tag=aj.convict.bone.left_arm_2] run data modify entity @s {} merge value {transformation:[-0.9927818520576459f,-0.08527705201962406f,-0.084332784988003f,0.3135230098375822f,-0.0871987244971473f,0.9960026927118503f,0.01936539585999153f,0.9816009533296697f,0.08234425706180737f,0.02657932485195791f,-0.9962494480898612f,0.20244767733758087f,0f,0f,0f,1f],start_interpolation:0}
execute if entity @s[tag=aj.convict.bone.left_arm] run data modify entity @s {} merge value {transformation:[-0.9927818520576459f,-0.08527705201962406f,-0.084332784988003f,0.20826425246283892f,-0.0871987244971473f,0.9960026927118503f,0.01936539585999153f,1.4021062002485478f,0.08234425706180737f,0.02657932485195791f,-0.9962494480898612f,0.27490005345680507f,0f,0f,0f,1f],start_interpolation:0}
execute if entity @s[tag=aj.convict.bone.right_axe] run data modify entity @s {} merge value {transformation:[-0.8763635025342207f,-0.3726560730229488f,0.30514662486265054f,-0.42314975840040603f,-0.12207606225453878f,0.7847110209215163f,0.6077220159486884f,0.47610773087851505f,-0.4659232194797535f,0.4953342960904546f,-0.7331844847418657f,-0.11823772504198574f,0f,0f,0f,1f],start_interpolation:0}
execute if entity @s[tag=aj.convict.bone.right_arm_2] run data modify entity @s {} merge value {transformation:[-0.8763635025342207f,-0.10988644490399574f,0.4689477376556087f,-0.5185815421669807f,-0.12207606225453878f,0.9925108324804144f,0.004436488866340765f,0.9724428034088706f,-0.4659232194797535f,-0.05335931629431079f,-0.8832147739447211f,-0.14228047172258892f,0f,0f,0f,1f],start_interpolation:0}
execute if entity @s[tag=aj.convict.bone.right_arm] run data modify entity @s {} merge value {transformation:[-0.7921270401696119f,0.08938344461157448f,0.6037759121242743f,-0.4550187911277693f,0.04053736201837147f,0.994739119398138f,-0.09407872564830247f,1.4021062002485478f,-0.6090085997034207f,-0.050046819762964684f,-0.7915831234424416f,-0.07517937193860325f,0f,0f,0f,1f],start_interpolation:0}
execute if entity @s[tag=aj.convict.bone.body] run data modify entity @s {} merge value {transformation:[-0.8843773914541443f,-0.10896589178652985f,0.45387560400613003f,-0.05527358696588402f,0f,0.9723699203976766f,0.23344536385590542f,0.794375f,-0.4667725671938777f,0.20645380193394922f,-0.8599419737297711f,-0.029173285449617357f,0f,0f,0f,1f],start_interpolation:0}