execute if entity @s[tag=aj.convict.bone.left_leg_2] run data modify entity @s {} merge value {transformation:[-0.9948836542131216f,-0.015921516942809646f,0.09976482284746384f,0.046676987680327055f,-0.03880672476913286f,0.9719713242585944f,-0.23187449823490058f,0.3392726820071284f,-0.09327675322522105f,-0.23455969414465466f,-0.967616244794664f,0.2518086109025469f,0f,0f,0f,1f],start_interpolation:0}
execute if entity @s[tag=aj.convict.bone.left_leg] run data modify entity @s {} merge value {transformation:[-0.9948836542131216f,0.0496447534151987f,0.08798814146173413f,0.06219097312257665f,-0.03880672476913286f,0.6163274175771891f,-0.7865332494277186f,0.531875f,-0.09327675322522105f,-0.7859236049394224f,-0.6112475231089153f,0.006207484358977442f,0f,0f,0f,1f],start_interpolation:0}
execute if entity @s[tag=aj.convict.bone.right_leg_2] run data modify entity @s {} merge value {transformation:[-0.9990020652959052f,-0.029753877926063328f,0.03331036299527492f,-0.17773773774259669f,0.008774702005361082f,0.6005189512972487f,0.7995623763894659f,0.33349255895681273f,-0.043793585594618434f,0.7990567538549522f,-0.5996585911829775f,-0.2599160432350574f,0f,0f,0f,1f],start_interpolation:0}
execute if entity @s[tag=aj.convict.bone.right_leg] run data modify entity @s {} merge value {transformation:[-0.9990020652959052f,-0.02827258120042641f,0.034576504837553416f,-0.18657291936772993f,0.008774702005361082f,0.6348238113381992f,0.7726071014187998f,0.531875f,-0.043793585594618434f,0.7721394885060003f,-0.633942215150923f,-0.018622453076932326f,0f,0f,0f,1f],start_interpolation:0}
execute if entity @s[tag=aj.convict.bone.head] run data modify entity @s {} merge value {transformation:[-0.9980035561833721f,-0.04947421211463229f,-0.03925817342897053f,-0.1102317774587038f,-0.0614402891535222f,0.6165490135850431f,0.7849155398614821f,1.2757537368329244f,-0.014628489808395762f,0.7857605336124658f,-0.6183578180171891f,0.47509930571519227f,0f,0f,0f,1f],start_interpolation:0}
execute if entity @s[tag=aj.convict.bone.left_axe] run data modify entity @s {} merge value {transformation:[-0.9149651308384932f,0.1421037178450879f,-0.3776841838418747f,0.46112618729609767f,-0.161350573162025f,0.729038486055332f,0.6651833419369695f,0.20047763331603807f,0.36987133153298773f,0.6695591230240633f,-0.644116277457154f,0.3521690999469869f,0f,0f,0f,1f],start_interpolation:0}
execute if entity @s[tag=aj.convict.bone.left_arm_2] run data modify entity @s {} merge value {transformation:[-0.9149651308384932f,-0.16658054502141487f,-0.36754555006157774f,0.39330031793314896f,-0.161350573162025f,0.9858637090516607f,-0.04515240541973847f,0.7014007408021992f,0.36987133153298773f,0.017990808633043587f,-0.9289087839582224f,0.3103208986582918f,0f,0f,0f,1f],start_interpolation:0}
execute if entity @s[tag=aj.convict.bone.left_arm] run data modify entity @s {} merge value {transformation:[-0.9149651308384932f,-0.16658054502141487f,-0.36754555006157774f,0.2744681880124519f,-0.161350573162025f,0.9858637090516607f,-0.04515240541973847f,1.1156356214843421f,0.36987133153298773f,0.017990808633043587f,-0.9289087839582224f,0.39658679006656844f,0f,0f,0f,1f],start_interpolation:0}
execute if entity @s[tag=aj.convict.bone.right_axe] run data modify entity @s {} merge value {transformation:[-0.7760125649880604f,-0.5149120123199925f,-0.3642390953058546f,-0.27180603452530994f,-0.6042162720428529f,0.7725525979669983f,0.19515424661810055f,0.35954678799044637f,0.18090659352076882f,0.37152133578438973f,-0.9106287396506296f,0.533139994978778f,0f,0f,0f,1f],start_interpolation:0}
execute if entity @s[tag=aj.convict.bone.right_arm_2] run data modify entity @s {} merge value {transformation:[-0.7760125649880604f,-0.6302418770893833f,0.02448826950811736f,-0.6167882073556281f,-0.6042162720428529f,0.7317095621961449f,-0.31547395009629997f,0.7146454606092384f,0.18090659352076882f,-0.2596079601121204f,-0.9486182116463584f,0.42861240829384806f,0f,0f,0f,1f],start_interpolation:0}
execute if entity @s[tag=aj.convict.bone.right_arm] run data modify entity @s {} merge value {transformation:[-0.9659855717976219f,0.1934760320128242f,0.17157767953727046f,-0.47182348945846786f,0.10206783792008481f,0.894889351541785f,-0.43445967011846204f,1.1156356214843421f,-0.2376005714242727f,-0.40216921007667444f,-0.8841978822216003f,0.3220969777588391f,0f,0f,0f,1f],start_interpolation:0}
execute if entity @s[tag=aj.convict.bone.body] run data modify entity @s {} merge value {transformation:[-0.9950555699612263f,-0.05837868416069017f,0.08035136541967083f,-0.06219097312257665f,0f,0.8090169943749475f,0.587785252292473f,0.61f,-0.09931974974363907f,0.58487898923469f,-0.8050168664460816f,-0.006207484358977442f,0f,0f,0f,1f],start_interpolation:0}