execute if entity @s[tag=aj.convict.bone.head] run data modify entity @s {} merge value {transformation:[-0.7372773564963029f,-0.6755901861319596f,8.738647604248785e-8f,-0.06250000000000007f,-0.3119527912355269f,0.34043686765692316f,0.8870108202160256f,1.1692179620161098f,-0.5992558348803851f,0.6539729654520336f,-0.4617486381351719f,0.5559545824316803f,0f,0f,0f,1f],start_interpolation:0}
execute if entity @s[tag=aj.convict.bone.right_axe] run data modify entity @s {} merge value {transformation:[-0.5741873812998148f,-0.5655088635163068f,-0.5920376478236465f,-0.15339579291489086f,-0.7280432456775003f,0.6834592723535755f,0.05325838391551346f,0.36337688045575567f,0.3745155318266947f,0.46160930267750927f,-0.804148598271583f,0.6052686480508721f,0f,0f,0f,1f],start_interpolation:0}
execute if entity @s[tag=aj.convict.bone.right_arm_2] run data modify entity @s {} merge value {transformation:[-0.5741873812998148f,-0.809058030351047f,-0.12543506160777138f,-0.5784635114689951f,-0.7280432456775003f,0.5746463465738292f,-0.3738109265293374f,0.6362579421978674f,0.3745155318266947f,-0.12331536763045872f,-0.9189839152709546f,0.5754836848943093f,0f,0f,0f,1f],start_interpolation:0}