execute if entity @s[tag=aj.convict.bone.head] run data modify entity @s {} merge value {transformation:[-0.9762960175128352f,-0.2164395670587463f,-1.5981561344098545e-8f,-0.06250000000000007f,-0.09994067626940983f,0.4508032952545271f,0.8870108512382884f,1.1692179620161098f,-0.19198423741388462f,0.8659851631518187f,-0.461748578541967f,0.5559545824316803f,0f,0f,0f,1f],start_interpolation:0}
execute if entity @s[tag=aj.convict.bone.right_axe] run data modify entity @s {} merge value {transformation:[-0.5879199016335191f,-0.5592754978886609f,-0.5844322943888571f,-0.15770736793992807f,-0.7185698289068566f,0.6928786863450063f,0.05980407171413754f,0.35726182113644095f,0.371493728410056f,0.4551154177461022f,-0.8092356679495701f,0.609530936762209f,0f,0f,0f,1f],start_interpolation:0}
execute if entity @s[tag=aj.convict.bone.right_arm_2] run data modify entity @s {} merge value {transformation:[-0.5879199016335191f,-0.7994829230840187f,-0.12319596162320529f,-0.5784635114689951f,-0.7185698289068566f,0.5861040323856521f,-0.3743520591716436f,0.6362579421978674f,0.371493728410056f,-0.13156412473889578f,-0.9190665323216183f,0.5754836848943093f,0f,0f,0f,1f],start_interpolation:0}