execute if entity @s[tag=aj.convict.bone.left_leg_2] run data modify entity @s {} merge value {transformation:[-0.8523968587761133f,-0.06111516423530397f,0.5193115941793582f,-0.021796891298083036f,-0.03880672476913288f,0.9978012029693464f,0.053728925781350134f,0.48148139962179837f,-0.5214533855114065f,0.02564558545669987f,-0.8528942904517977f,0.17533201244278857f,0f,0f,0f,1f],start_interpolation:0}
execute if entity @s[tag=aj.convict.bone.left_leg] run data modify entity @s {} merge value {transformation:[-0.8523968587761133f,0.23972859075123848f,0.46470398957297526f,0.05311829331167899f,-0.03880672476913288f,0.8572595212102448f,-0.5134200535692723f,0.7493749999999999f,-0.5214533855114065f,-0.45567128071758795f,-0.7214222415949522f,0.03293473721854235f,0f,0f,0f,1f],start_interpolation:0}
execute if entity @s[tag=aj.convict.bone.right_leg_2] run data modify entity @s {} merge value {transformation:[-0.8778648891860195f,-0.20367947881833648f,0.43343731524028767f,-0.10167383276812404f,0.008774702005361084f,0.8980600263345985f,0.43978539505606307f,0.4630036119725297f,-0.47882798679602545f,0.3898754403757579f,-0.7865881387693779f,-0.20980229685059093f,0f,0f,0f,1f],start_interpolation:0}
execute if entity @s[tag=aj.convict.bone.right_leg] run data modify entity @s {} merge value {transformation:[-0.8778648891860195f,-0.18457935093412137f,0.4419091530429712f,-0.15935487993503697f,0.008774702005361084f,0.9163884416879047f,0.40019398864242184f,0.7493749999999999f,-0.47882798679602545f,0.35519387262388435f,-0.8028456090129117f,-0.09880421165562706f,0f,0f,0f,1f],start_interpolation:0}
execute if entity @s[tag=aj.convict.bone.head] run data modify entity @s {} merge value {transformation:[-0.9881090550400748f,-0.09128684923124722f,0.12372229591000028f,-0.12095466245941183f,-0.06362762917182213f,0.9753134841275514f,0.21145952918927438f,1.6402854027164864f,-0.13997149764785405f,0.20107291920198508f,-0.9695244509602678f,0.07647412582105423f,0f,0f,0f,1f],start_interpolation:0}
execute if entity @s[tag=aj.convict.bone.left_axe] run data modify entity @s {} merge value {transformation:[-0.9975047397154937f,-0.021383270237631025f,-0.06728335603304393f,0.31163691686608186f,-0.06354372086445421f,0.6872305945330733f,0.7236548248138881f,0.5157630843199997f,0.03076507409100837f,0.7261245524644261f,-0.6868745478793865f,0.20666256033325847f,0f,0f,0f,1f],start_interpolation:0}
execute if entity @s[tag=aj.convict.bone.left_arm_2] run data modify entity @s {} merge value {transformation:[-0.9975047397154937f,-0.06269677270092755f,-0.03245626192298079f,0.31283568393435324f,-0.06354372086445421f,0.9976466474974622f,0.025755820231064486f,1.0222003350996323f,0.03076507409100837f,0.02775394440368452f,-0.9991412456636009f,0.17845876449271975f,0f,0f,0f,1f],start_interpolation:0}
execute if entity @s[tag=aj.convict.bone.left_arm] run data modify entity @s {} merge value {transformation:[-0.9975047397154937f,-0.06269677270092755f,-0.03245626192298079f,0.2140701865781624f,-0.06354372086445421f,0.9976466474974622f,0.025755820231064486f,1.444805212871961f,0.03076507409100837f,0.02775394440368452f,-0.9991412456636009f,0.24776900407333752f,0f,0f,0f,1f],start_interpolation:0}
execute if entity @s[tag=aj.convict.bone.right_axe] run data modify entity @s {} merge value {transformation:[-0.8498530036020274f,-0.36005970600491644f,0.38484656732295974f,-0.3950945249758121f,-0.021418757076062344f,0.7532254913938788f,0.6574135653907415f,0.5142810652533955f,-0.526584379861318f,0.5504619580189926f,-0.6478429776264987f,-0.2548154690676018f,0f,0f,0f,1f],start_interpolation:0}
execute if entity @s[tag=aj.convict.bone.right_arm_2] run data modify entity @s {} merge value {transformation:[-0.8498530036020274f,-0.05137482419065479f,0.5245097708412986f,-0.46129028264658917f,-0.021418757076062344f,0.9977819811068265f,0.06302662154878161f,1.0154729004696175f,-0.526584379861318f,0.04232901626444941f,-0.8490683984627829f,-0.23339937176864692f,0f,0f,0f,1f],start_interpolation:0}
execute if entity @s[tag=aj.convict.bone.right_arm] run data modify entity @s {} merge value {transformation:[-0.7466025770129646f,0.04527347133779924f,0.663728035260396f,-0.4233493331619855f,0.02716455977853721f,0.9989242946462867f,-0.03758111570266187f,1.444805212871961f,-0.6647154870240638f,-0.01002827794010766f,-0.7470292865423133f,-0.1474478425491707f,0f,0f,0f,1f],start_interpolation:0}
execute if entity @s[tag=aj.convict.bone.body] run data modify entity @s {} merge value {transformation:[-0.8498926929868639f,-0.08243404796837206f,0.5204680952211043f,-0.05311829331167899f,0f,0.9876883405951378f,0.15643446504023087f,0.8274999999999999f,-0.5269557954966776f,0.13295250876900122f,-0.8394291036201285f,-0.03293473721854235f,0f,0f,0f,1f],start_interpolation:0}