execute if entity @s[tag=aj.convict.bone.left_leg_2] run data modify entity @s {} merge value {transformation:[-0.9435737834176358f,-0.17470582686768316f,0.28132968081133475f,0.06622782209083024f,-0.10928452059366686f,0.9662022571956563f,0.23347396374891782f,0.4972782325904019f,-0.3126106345048754f,0.18955493200784232f,-0.9307757619029201f,0.10267931551617601f,0f,0f,0f,1f],start_interpolation:0}
execute if entity @s[tag=aj.convict.bone.left_leg] run data modify entity @s {} merge value {transformation:[-0.9435737834176358f,-0.016987075459992285f,0.33072640431971095f,0.06091936100958265f,-0.10928452059366686f,0.958709655710714f,-0.26255035632361384f,0.796875f,-0.3126106345048754f,-0.28387890959766754f,-0.9064697214359112f,0.013967156266904906f,0f,0f,0f,1f],start_interpolation:0}
execute if entity @s[tag=aj.convict.bone.right_leg_2] run data modify entity @s {} merge value {transformation:[-0.9824105702591382f,0.024651640384578344f,0.18509934648578474f,-0.1544315727860464f,0.08300521229387206f,0.9455831901575628f,0.3146149475525535f,0.49773075862921634f,-0.16727105599942987f,0.3244452605876624f,-0.9309971357136602f,-0.12773026159292655f,0f,0f,0f,1f],start_interpolation:0}
execute if entity @s[tag=aj.convict.bone.right_leg] run data modify entity @s {} merge value {transformation:[-0.9789064728837897f,-0.090644832776645f,0.18310005908549726f,-0.18275808302874796f,-0.03493876396420352f,0.9572615723865078f,0.28710549420859993f,0.796875f,-0.20129927997604016f,0.2746521369350779f,-0.9402365678690247f,-0.041901468800714714f,0f,0f,0f,1f],start_interpolation:0}
execute if entity @s[tag=aj.convict.bone.head] run data modify entity @s {} merge value {transformation:[-0.9962062076135304f,-0.026983803142383973f,-0.0827349157263168f,-0.06091936100958265f,-0.025008805739013876f,0.9993791780341907f,-0.024815683492773924f,1.697916875f,0.08335317359150725f,-0.02265243650644086f,-0.9962625736082561f,-0.013967156266904906f,0f,0f,0f,1f],start_interpolation:0}
execute if entity @s[tag=aj.convict.bone.left_axe] run data modify entity @s {} merge value {transformation:[-0.8119148605783629f,-0.0393274965403031f,-0.5824496606470726f,0.6995258124836329f,0.37453949017002564f,0.7302204132865671f,-0.5714003135480177f,1.2654272659802628f,0.44778837577051395f,-0.6820788048572307f,-0.5781471045411692f,0.8245415556446426f,0f,0f,0f,1f],start_interpolation:0}
execute if entity @s[tag=aj.convict.bone.left_arm_2] run data modify entity @s {} merge value {transformation:[-0.8119148605783629f,-0.4149338935771701f,-0.41063867710300667f,0.5011299629233821f,0.37453949017002564f,0.16931108264813274f,-0.9116215923263856f,1.3004552234092897f,0.44778837577051395f,-0.8939595188001567f,0.01794294489202647f,0.3590442847663398f,0f,0f,0f,1f],start_interpolation:0}
execute if entity @s[tag=aj.convict.bone.left_arm] run data modify entity @s {} merge value {transformation:[-0.8119148605783629f,-0.3577849736963781f,-0.4612853474467835f,0.3129078690154638f,0.37453949017002564f,0.28685309805707104f,-0.8817230123106905f,1.5f,0.44778837577051395f,-0.88865359546459f,-0.09889569147674096f,0.015667318450913206f,0f,0f,0f,1f],start_interpolation:0}
execute if entity @s[tag=aj.convict.bone.right_axe] run data modify entity @s {} merge value {transformation:[-0.8635045631348277f,0.3389493038118222f,0.37346116115442557f,-0.9013946570317076f,0.46358540235324097f,0.8250501101508393f,0.3230803158118297f,0.7021024424674505f,-0.19861632402779583f,0.4521124696196391f,-0.8695664843150964f,-0.07629809191593577f,0f,0f,0f,1f],start_interpolation:0}
execute if entity @s[tag=aj.convict.bone.right_arm_2] run data modify entity @s {} merge value {transformation:[-0.8635045631348277f,0.496255312512122f,0.08994739712091092f,-0.6825771396529553f,0.46358540235324097f,0.8512350955340181f,-0.24594183632756506f,1.1525723805337948f,-0.19861632402779583f,-0.17067359764968712f,-0.965102108015001f,-0.1486134584104394f,0f,0f,0f,1f],start_interpolation:0}
execute if entity @s[tag=aj.convict.bone.right_arm] run data modify entity @s {} merge value {transformation:[-0.8635045631348277f,0.4560657233563199f,0.21532283999800728f,-0.43474659103462915f,0.46358540235324097f,0.8858843942490112f,-0.017245716889886506f,1.5f,-0.19861632402779583f,0.08492877018737036f,-0.9763906287056152f,-0.043601630984723014f,0f,0f,0f,1f],start_interpolation:0}
execute if entity @s[tag=aj.convict.bone.body] run data modify entity @s {} merge value {transformation:[-0.996872613400124f,0f,0.07902526591418163f,-0.06091936100958265f,0f,1f,0f,0.875f,-0.07902526591418163f,0f,-0.996872613400124f,-0.013967156266904906f,0f,0f,0f,1f],start_interpolation:0}