execute if entity @s[tag=aj.convict.bone.left_leg_2] run data modify entity @s {} merge value {transformation:[-0.9311650027789743f,-0.19640463114330053f,0.30717577779684513f,0.03557631331501657f,-0.16217394102876392f,0.9776881157780947f,0.1335124006131196f,0.5540710198215976f,-0.32654456120234454f,0.07450616841405283f,-0.9422406701142894f,0.20514741773898737f,0f,0f,0f,1f],start_interpolation:0}
execute if entity @s[tag=aj.convict.bone.left_leg] run data modify entity @s {} merge value {transformation:[-0.9311650027789743f,0.08349761002974031f,0.35490827930460306f,0.06166931644931041f,-0.16217394102876392f,0.7769727365708878f,-0.6082869220004199f,0.796875f,-0.32654456120234454f,-0.6239723677734995f,-0.7099486839232122f,0.010156052809768779f,0f,0f,0f,1f],start_interpolation:0}
execute if entity @s[tag=aj.convict.bone.right_leg_2] run data modify entity @s {} merge value {transformation:[-0.9854751159725967f,0.1036967559685657f,0.1344833766693593f,-0.2380350577714721f,0.14946487867645727f,0.9055683998964338f,0.3969963767482577f,0.5121433150170196f,-0.0806166598230723f,0.411330591994576f,-0.9079141469590407f,-0.14782336001402885f,0f,0f,0f,1f],start_interpolation:0}
execute if entity @s[tag=aj.convict.bone.right_leg] run data modify entity @s {} merge value {transformation:[-0.9772535527639971f,0.1696867469553307f,0.12720810319261558f,-0.18500794934793124f,0.20475886969557597f,0.9111413919455373f,0.3576243408446061f,0.796875f,-0.05522045717970572f,0.37553664507111206f,-0.9251610288580026f,-0.030468158429306336f,0f,0f,0f,1f],start_interpolation:0}
execute if entity @s[tag=aj.convict.bone.head] run data modify entity @s {} merge value {transformation:[-0.9985208971913335f,0f,0.0543692732360323f,-0.06166931644931041f,0f,1f,0f,1.697916875f,-0.0543692732360323f,0f,-0.9985208971913335f,-0.010156052809768779f,0f,0f,0f,1f],start_interpolation:0}
execute if entity @s[tag=aj.convict.bone.left_axe] run data modify entity @s {} merge value {transformation:[-0.8804051535823734f,-0.47350799630762697f,0.02601812787911037f,0.5662097776400036f,0.4576195810492625f,-0.86269259117226f,-0.21528077521411082f,2.033471766947494f,0.12438281467266693f,-0.17762789918598715f,0.9762055341191613f,0.33867055085958164f,0f,0f,0f,1f],start_interpolation:0}
execute if entity @s[tag=aj.convict.bone.left_arm_2] run data modify entity @s {} merge value {transformation:[-0.8804051535823734f,-0.35943775483148377f,0.3093400490516862f,0.427802767888809f,0.4576195810492625f,-0.8150354768361093f,0.3553892099358571f,1.6213436463269792f,0.12438281467266693f,0.4544465556038875f,0.882047188938249f,0.5999548633719598f,0f,0f,0f,1f],start_interpolation:0}
execute if entity @s[tag=aj.convict.bone.left_arm] run data modify entity @s {} merge value {transformation:[-0.8804051535823734f,-0.35360964352769464f,-0.31598573630753357f,0.22830569319612948f,0.4576195810492625f,-0.45873228329427507f,-0.7616751350174941f,1.5f,0.12438281467266693f,-0.8151839744915481f,0.5656889632530118f,0.227624294950779f,0f,0f,0f,1f],start_interpolation:0}
execute if entity @s[tag=aj.convict.bone.right_axe] run data modify entity @s {} merge value {transformation:[-0.4553629889216936f,0.8615268036117376f,0.22453533124843372f,-0.9419243906046293f,0.7362443720738586f,0.5061965283054857f,-0.44912058438802727f,1.1622434901509149f,-0.5005884266639322f,-0.03920001772979076f,-0.864797424660893f,-0.2867562353817099f,0f,0f,0f,1f],start_interpolation:0}
execute if entity @s[tag=aj.convict.bone.right_arm_2] run data modify entity @s {} merge value {transformation:[-0.4553629889216936f,0.820183616509546f,-0.34632843303665295f,-0.5364454406807291f,0.7362443720738586f,0.12818541782569665f,-0.6644642377482938f,1.2662743114711636f,-0.5005884266639322f,-0.5575547810450319f,-0.6622264667196227f,-0.5710064642797301f,0f,0f,0f,1f],start_interpolation:0}
execute if entity @s[tag=aj.convict.bone.right_arm] run data modify entity @s {} merge value {transformation:[-0.4553629889216936f,0.4504209896660953f,0.767961900349566f,-0.35164432609475027f,0.7362443720738586f,0.6755112085691362f,0.04035878698665808f,1.5f,-0.5005884266639322f,0.5837855249710122f,-0.6392227216897478f,-0.24793640057031655f,0f,0f,0f,1f],start_interpolation:0}
execute if entity @s[tag=aj.convict.bone.body] run data modify entity @s {} merge value {transformation:[-0.7732666923878397f,0f,0.6340809273614607f,-0.06166931644931041f,0f,1f,0f,0.875f,-0.6340809273614607f,0f,-0.7732666923878397f,-0.010156052809768779f,0f,0f,0f,1f],start_interpolation:0}