execute if entity @s[tag=aj.convict.bone.left_leg_2] run data modify entity @s {} merge value {transformation:[-0.8861822279983576f,-0.1687843491119058f,0.4315007558217451f,0.009046199058593031f,-0.12208305124716753f,0.9834388888888967f,0.13395402352730446f,0.53863112433939f,-0.44696396653203313f,0.06602874613259341f,-0.8921117739981405f,0.1904965228363853f,0f,0f,0f,1f],start_interpolation:0}
execute if entity @s[tag=aj.convict.bone.left_leg] run data modify entity @s {} merge value {transformation:[-0.8861822279983576f,0.15866514376686727f,0.43532336364282853f,0.05862905648573905f,-0.12208305124716753f,0.826380402113952f,-0.5497191643013408f,0.796875f,-0.44696396653203313f,-0.5402969583066543f,-0.712953301041891f,0.021653723365555863f,0f,0f,0f,1f],start_interpolation:0}
execute if entity @s[tag=aj.convict.bone.right_leg_2] run data modify entity @s {} merge value {transformation:[-0.9560962001338186f,-0.006041724285625714f,0.2929907057524688f,-0.1892095858653607f,0.10544303876745177f,0.9257354442371576f,0.36317441107341025f,0.5043529074121125f,-0.27342608080642006f,0.37812350475828566f,-0.8844550827962673f,-0.17409223152764325f,0f,0f,0f,1f],start_interpolation:0}
execute if entity @s[tag=aj.convict.bone.right_leg] run data modify entity @s {} merge value {transformation:[-0.9556478533857312f,0.042631732506059394f,0.29140987578113403f,-0.17588716945721716f,0.1401570963141556f,0.9360706962812401f,0.322688146538324f,0.796875f,-0.2590234905795779f,0.34921939657912215f,-0.9005290913573449f,-0.06496117009666759f,0f,0f,0f,1f],start_interpolation:0}
execute if entity @s[tag=aj.convict.bone.head] run data modify entity @s {} merge value {transformation:[-0.9587450407086227f,0f,0.28426738630490483f,-0.05862905648573905f,0f,1f,0f,1.697916875f,-0.28426738630490483f,0f,-0.9587450407086227f,-0.021653723365555863f,0f,0f,0f,1f],start_interpolation:0}
execute if entity @s[tag=aj.convict.bone.left_axe] run data modify entity @s {} merge value {transformation:[-0.9402928491054007f,0.0033970940767629743f,-0.34034955218581053f,0.2246864542390609f,0.30282512410328244f,-0.44816724492285837f,-0.841096346912817f,1.7958858162704434f,-0.15539080453192805f,-0.8939432757899621f,0.42037973016884633f,0.8338918672022844f,0f,0f,0f,1f],start_interpolation:0}
execute if entity @s[tag=aj.convict.bone.left_arm_2] run data modify entity @s {} merge value {transformation:[-0.9402928491054007f,-0.21638699134229683f,-0.26272804931920934f,0.1369230110718011f,0.30282512410328244f,-0.8842559587525891f,-0.355511383252872f,1.3248665926412526f,-0.15539080453192805f,-0.413845465588748f,0.896986972301467f,0.6674164962469611f,0f,0f,0f,1f],start_interpolation:0}
execute if entity @s[tag=aj.convict.bone.left_arm] run data modify entity @s {} merge value {transformation:[-0.9402928491054007f,0.2322362044104319f,-0.24882866250149763f,0.18105528731697035f,0.30282512410328244f,0.23705137084208905f,-0.9230945735913072f,1.5f,-0.15539080453192805f,-0.9433307971983753f,-0.29322466629531313f,0.26674949321821356f,0f,0f,0f,1f],start_interpolation:0}
execute if entity @s[tag=aj.convict.bone.right_axe] run data modify entity @s {} merge value {transformation:[-0.4551599335063826f,0.765118393837609f,0.4554374582111391f,-0.8110468105751956f,0.4839731305504428f,0.6419236550206535f,-0.5947302161737951f,1.0525661233986332f,-0.7473951055737985f,-0.050277873227519754f,-0.6624746724426891f,-0.3404603957266039f,0f,0f,0f,1f],start_interpolation:0}
execute if entity @s[tag=aj.convict.bone.right_arm_2] run data modify entity @s {} merge value {transformation:[-0.4551599335063826f,0.8842619913540444f,-0.10445173802788298f,-0.3783963287806747f,0.4839731305504428f,0.1472234596499692f,-0.8626095651184827f,1.1617842155368039f,-0.7473951055737985f,-0.44317714694608756f,-0.49496926428724497f,-0.5790369079762345f,0f,0f,0f,1f],start_interpolation:0}
execute if entity @s[tag=aj.convict.bone.right_arm] run data modify entity @s {} merge value {transformation:[-0.4551599335063826f,0.21897748958567137f,0.8630633198005941f,-0.29831340028844844f,0.4839731305504428f,0.8744463383021899f,0.0333708006361265f,1.5f,-0.7473951055737985f,0.4328885081457456f,-0.5039921583513789f,-0.3100569399493253f,0f,0f,0f,1f],start_interpolation:0}
execute if entity @s[tag=aj.convict.bone.body] run data modify entity @s {} merge value {transformation:[-0.6391582501405584f,0f,0.7690752442233852f,-0.05862905648573905f,0f,1f,0f,0.875f,-0.7690752442233852f,0f,-0.6391582501405584f,-0.021653723365555863f,0f,0f,0f,1f],start_interpolation:0}