execute if entity @s[tag=aj.convict.bone.left_leg_2] run data modify entity @s {} merge value {transformation:[0.025805103843845933f,0.16363439744656066f,0.9861834923521633f,-0.13233915173925978f,-0.21897461337606305f,0.963479016975719f,-0.15413728473119637f,0.5271253714207447f,-0.9753892634801822f,-0.21197162031697367f,0.060694455000310635f,0.11736006439024779f,0f,0f,0f,1f],start_interpolation:0}
execute if entity @s[tag=aj.convict.bone.left_leg] run data modify entity @s {} merge value {transformation:[0.025805103843845933f,0.47117942180341427f,0.8816598261714144f,0.014904417574307188f,-0.21897461337606305f,0.8631988114536169f,-0.45490430928038805f,0.796875f,-0.9753892634801822f,-0.18132226662509904f,0.1254512666876045f,0.06069685606990434f,0f,0f,0f,1f],start_interpolation:0}
execute if entity @s[tag=aj.convict.bone.right_leg_2] run data modify entity @s {} merge value {transformation:[-0.15686874866719955f,-0.41719685074646323f,0.8951753925454052f,0.08602533500638057f,-0.16797677375488865f,0.9044613280055773f,0.39208865020717737f,0.5140207404936046f,-0.9732296744193972f,-0.08886221845993189f,-0.21196109775119917f,-0.15848676432906114f,0f,0f,0f,1f],start_interpolation:0}
execute if entity @s[tag=aj.convict.bone.right_leg] run data modify entity @s {} merge value {transformation:[-0.1657031409649995f,-0.41836348073376683f,0.8930366549378926f,-0.044713252722921565f,-0.15782428007589255f,0.9051336304204654f,0.39474625736084507f,0.796875f,-0.9734649278185936f,-0.07553217241808607f,-0.21601140071057545f,-0.18209056820971303f,0f,0f,0f,1f],start_interpolation:0}
execute if entity @s[tag=aj.convict.bone.head] run data modify entity @s {} merge value {transformation:[-0.503595872315171f,0.024699866442145623f,0.8635861937206164f,-0.014904417574307188f,0.008462007657987117f,0.9996842992433702f,-0.02365790085126017f,1.697916875f,-0.8638979058971714f,-0.004606348231740394f,-0.5036458971762301f,-0.06069685606990434f,0f,0f,0f,1f],start_interpolation:0}
execute if entity @s[tag=aj.convict.bone.left_axe] run data modify entity @s {} merge value {transformation:[-0.47404228853764596f,-0.8803321177946499f,0.017299452510914526f,-0.6683890125825207f,0.5666201114175391f,-0.2899578958720855f,0.7712756108931543f,0.7549020326659084f,-0.6739625790911291f,0.3754194733902589f,0.6362661872080068f,0.07645911366150149f,0f,0f,0f,1f],start_interpolation:0}
execute if entity @s[tag=aj.convict.bone.left_arm_2] run data modify entity @s {} merge value {transformation:[-0.47404228853764596f,0.619594713394896f,0.6256087433940539f,-0.3138745970942919f,0.5666201114175391f,0.7585107718130546f,-0.32187428971686993f,1.104825641555283f,-0.6739625790911291f,0.20190047096691113f,-0.710641007688251f,0.17210730900467733f,0f,0f,0f,1f],start_interpolation:0}
execute if entity @s[tag=aj.convict.bone.left_arm] run data modify entity @s {} merge value {transformation:[-0.47404228853764596f,0.5326356676349513f,0.7011299125276715f,-0.15864496899485647f,0.5666201114175391f,0.7940346324210127f,-0.22011508774548535f,1.5f,-0.6739625790911291f,0.29293044921806405f,-0.6782080756712769f,0.28566084036156875f,0f,0f,0f,1f],start_interpolation:0}
execute if entity @s[tag=aj.convict.bone.right_axe] run data modify entity @s {} merge value {transformation:[0.20583385788585334f,0.4168322858505586f,0.8853718249528977f,-0.3411839633349907f,0.9238795069740576f,0.2154951791548348f,-0.3162411806744943f,1.4071418318011206f,-0.3226128942574966f,0.8830700273668132f,-0.3407466026612407f,-1.095461424929512f,0f,0f,0f,1f],start_interpolation:0}
execute if entity @s[tag=aj.convict.bone.right_arm_2] run data modify entity @s {} merge value {transformation:[0.20583385788585334f,0.8696755036831565f,0.4486612767347705f,0.09495464606923762f,0.9238795069740576f,-0.021551612859663838f,-0.38207615023254154f,1.4360533359013021f,-0.3226128942574966f,0.49315316715661f,-0.8079114271887768f,-0.8405476717459258f,0f,0f,0f,1f],start_interpolation:0}
execute if entity @s[tag=aj.convict.bone.right_arm] run data modify entity @s {} merge value {transformation:[0.20583385788585334f,0.23609549592499163f,0.9496795984708519f,0.1288361338462421f,0.9238795069740576f,0.2730500934854667f,-0.26812367116864255f,1.5f,-0.3226128942574966f,0.9325784488457314f,-0.16192083623577025f,-0.4070545525013774f,0f,0f,0f,1f],start_interpolation:0}
execute if entity @s[tag=aj.convict.bone.body] run data modify entity @s {} merge value {transformation:[0.3833081371214648f,0f,0.9236205238172615f,-0.014904417574307188f,0f,1f,0f,0.875f,-0.9236205238172615f,0f,0.3833081371214648f,-0.06069685606990434f,0f,0f,0f,1f],start_interpolation:0}