execute if entity @s[tag=aj.convict.bone.left_leg_2] run data modify entity @s {} merge value {transformation:[0.05317908581046227f,0.08847387812518803f,0.9946579098975954f,-0.1156338046688205f,-0.21897461337606303f,0.9728571286420423f,-0.07482730749642419f,0.5176712557277058f,-0.9742803002879444f,-0.21382558345495067f,0.0711091859817191f,0.11681205459539268f,0f,0f,0f,1f],start_interpolation:0}
execute if entity @s[tag=aj.convict.bone.left_leg] run data modify entity @s {} merge value {transformation:[0.05317908581046227f,0.41225048541201864f,0.9095171917616063f,0.01319447202243531f,-0.21897461337606303f,0.8934519816713415f,-0.39216536708939065f,0.796875f,-0.9742803002879444f,-0.17830617971654217f,0.13778535025801894f,0.061091373433973244f,0f,0f,0f,1f],start_interpolation:0}
execute if entity @s[tag=aj.convict.bone.right_leg_2] run data modify entity @s {} merge value {transformation:[-0.1569441232969925f,-0.3984267240972679f,0.9036728875470691f,0.08812936696955737f,-0.11227109089952207f,0.9162782448736602f,0.38448586465496537f,0.5127587010081713f,-0.9812052508577243f,-0.04111354395287098f,-0.18853628879572673f,-0.15830166154902753f,0f,0f,0f,1f],start_interpolation:0}
execute if entity @s[tag=aj.convict.bone.right_leg] run data modify entity @s {} merge value {transformation:[-0.14400656909079176f,-0.40868090571796256f,0.901244708922191f,-0.03958341606730593f,-0.15069680997793553f,0.9091721567738518f,0.38819642039778884f,0.796875f,-0.9780350604764498f,-0.07991186800925505f,-0.19251367180046822f,-0.18327412030191972f,0f,0f,0f,1f],start_interpolation:0}
execute if entity @s[tag=aj.convict.bone.head] run data modify entity @s {} merge value {transformation:[-0.6547121300589167f,0.037547114920602864f,0.754945190669399f,-0.01319447202243531f,0.012496079165268003f,0.9991666648779011f,-0.03885645123100672f,1.697916875f,-0.755775015966532f,-0.016005935083939674f,-0.6546357271665495f,-0.061091373433973244f,0f,0f,0f,1f],start_interpolation:0}
execute if entity @s[tag=aj.convict.bone.left_axe] run data modify entity @s {} merge value {transformation:[-0.5604251477017919f,-0.8126155585573269f,0.15993626172318887f,-0.5900302043358676f,0.5572673780322598f,-0.22713242647936185f,0.798663840562879f,0.7308987401150149f,-0.6126799516913176f,0.5367185620342945f,0.5801348653230244f,0.10223366727624787f,0f,0f,0f,1f],start_interpolation:0}
execute if entity @s[tag=aj.convict.bone.left_arm_2] run data modify entity @s {} merge value {transformation:[-0.5604251477017919f,0.5853170624352029f,0.585941626995087f,-0.2514805458952255f,0.5572673780322598f,0.7898737668621003f,-0.2560322280575763f,1.0996733943371602f,-0.6126799516913176f,0.1830392549299223f,-0.7688432271602732f,0.18387289370933452f,0f,0f,0f,1f],start_interpolation:0}
execute if entity @s[tag=aj.convict.bone.left_arm] run data modify entity @s {} merge value {transformation:[-0.5604251477017919f,0.5038288643909052f,0.6573280225503821f,-0.1125886567501794f,0.5572673780322598f,0.8165351991033758f,-0.15074262173075284f,1.5f,-0.6126799516913176f,0.28182750758536895f,-0.738374249797312f,0.30049650805862754f,0f,0f,0f,1f],start_interpolation:0}
execute if entity @s[tag=aj.convict.bone.right_axe] run data modify entity @s {} merge value {transformation:[0.16396526741684464f,0.34940052434907093f,0.9225154007741643f,-0.3980663912622269f,0.9238795069740576f,0.2734068203820091f,-0.26775990581484066f,1.3642703782221293f,-0.3457774539704622f,0.8961963982036495f,-0.27797476175457153f,-1.1293585351457485f,0f,0f,0f,1f],start_interpolation:0}
execute if entity @s[tag=aj.convict.bone.right_arm_2] run data modify entity @s {} merge value {transformation:[0.16396526741684464f,0.8387898667496774f,0.519179112175154f,0.019556993494415018f,0.9238795069740576f,0.053906311313389826f,-0.3788677423507528f,1.4311735268318917f,-0.3457774539704622f,0.5417800928777676f,-0.7661020057975717f,-0.8516024182823444f,0f,0f,0f,1f],start_interpolation:0}
execute if entity @s[tag=aj.convict.bone.right_arm] run data modify entity @s {} merge value {transformation:[0.16396526741684464f,0.30371397086834273f,0.9385484617111182f,0.0861997127053088f,0.9238795069740576f,0.2862158457495171f,-0.2540219404603885f,1.5f,-0.3457774539704622f,0.9087564654742614f,-0.23366565597971983f,-0.42267925492657404f,0f,0f,0f,1f],start_interpolation:0}
execute if entity @s[tag=aj.convict.bone.body] run data modify entity @s {} merge value {transformation:[0.26505115927398426f,0f,0.9642343506469354f,-0.01319447202243531f,0f,1f,0f,0.875f,-0.9642343506469354f,0f,0.26505115927398426f,-0.061091373433973244f,0f,0f,0f,1f],start_interpolation:0}