execute if entity @s[tag=aj.convict.bone.left_leg_2] run data modify entity @s {} merge value {transformation:[-0.808098704549019f,-0.13236996782207408f,0.5739814241985365f,-0.01671800394194365f,-0.05985304357178182f,0.9878321989162369f,0.14354497538927175f,0.5175983853377403f,-0.5859983761764119f,0.08164397346464303f,-0.8061886657076699f,0.15801379771886376f,0f,0f,0f,1f],start_interpolation:0}
execute if entity @s[tag=aj.convict.bone.left_leg] run data modify entity @s {} merge value {transformation:[-0.808098704549019f,0.21814092675922447f,0.5471663547576952f,0.051451035670314f,-0.05985304357178182f,0.8936851669192312f,-0.4446846473668057f,0.796875f,-0.5859983761764119f,-0.39209865914227837f,-0.7091294272679959f,0.03548296673690175f,0f,0f,0f,1f],start_interpolation:0}
execute if entity @s[tag=aj.convict.bone.right_leg_2] run data modify entity @s {} merge value {transformation:[-0.8562063429919851f,-0.13150336396092793f,0.49961741711758867f,-0.12180273460593449f,0.03576264223073765f,0.9496566752128394f,0.31124465078836605f,0.49622489802425673f,-0.51539473381183f,0.28435728316794595f,-0.8083991612244394f,-0.18522858946034937f,0f,0f,0f,1f],start_interpolation:0}
execute if entity @s[tag=aj.convict.bone.right_leg] run data modify entity @s {} merge value {transformation:[-0.8570232879735844f,-0.104161191696024f,0.504640000411591f,-0.154353107010942f,0.041787062659181196f,0.9620803263223785f,0.269546447013763f,0.796875f,-0.5135804954096914f,0.2520950055988611f,-0.8201726543154472f,-0.10644890021070526f,0f,0f,0f,1f],start_interpolation:0}
execute if entity @s[tag=aj.convict.bone.head] run data modify entity @s {} merge value {transformation:[-0.8296816475047659f,0f,0.558236834859343f,-0.051451035670314f,0f,1f,0f,1.697916875f,-0.558236834859343f,0f,-0.8296816475047659f,-0.03548296673690175f,0f,0f,0f,1f],start_interpolation:0}
execute if entity @s[tag=aj.convict.bone.left_axe] run data modify entity @s {} merge value {transformation:[-0.8739619575284345f,0.40931147860490963f,0.2620202478346455f,-0.1339692782249744f,0.05456043400744269f,0.6183688469278684f,-0.7839917908945336f,1.1565440527343445f,-0.48292199767041677f,-0.6708830618158139f,-0.5627630598525929f,0.7868656158746992f,0f,0f,0f,1f],start_interpolation:0}
execute if entity @s[tag=aj.convict.bone.left_arm_2] run data modify entity @s {} merge value {transformation:[-0.8739619575284345f,0.47684293188340465f,-0.09386860553936632f,0.13260669723844376f,0.05456043400744269f,-0.09565820242186507f,-0.9939178373237584f,1.0654929782664417f,-0.48292199767041677f,-0.8737678905878016f,0.05758487252532442f,0.36505697292922945f,0f,0f,0f,1f],start_interpolation:0}
execute if entity @s[tag=aj.convict.bone.left_arm] run data modify entity @s {} merge value {transformation:[-0.8739619575284345f,0.15530603879211607f,0.46051116284816396f,0.10944748776804819f,0.05456043400744269f,0.9729288315256701f,-0.22457214392487249f,1.5f,-0.48292199767041677f,-0.17114182160067098f,-0.858776351016502f,0.3032450438488111f,0f,0f,0f,1f],start_interpolation:0}
execute if entity @s[tag=aj.convict.bone.right_axe] run data modify entity @s {} merge value {transformation:[-0.2716906463133193f,0.6957124597391282f,0.6649574167340213f,-0.6597224082943107f,0.08474469461813104f,0.7055585963622416f,-0.7035662043002231f,0.9878929573790969f,-0.9586461961745484f,-0.1348007435553505f,-0.25065161100019706f,-0.33395051548216925f,0f,0f,0f,1f],start_interpolation:0}
execute if entity @s[tag=aj.convict.bone.right_arm_2] run data modify entity @s {} merge value {transformation:[-0.2716906463133193f,0.956746231057219f,0.10402327654740294f,-0.18867276620743922f,0.08474469461813104f,0.13145330126313445f,-0.9876934576684728f,1.0781516918303344f,-0.9586461961745484f,-0.2595316530691974f,-0.11679379955819236f,-0.4951937441450262f,0f,0f,0f,1f],start_interpolation:0}
execute if entity @s[tag=aj.convict.bone.right_arm] run data modify entity @s {} merge value {transformation:[-0.2716906463133193f,0.021747099464594764f,0.962138896610426f,-0.2123495591086762f,0.08474469461813104f,0.9964017020865708f,0.001408833937835867f,1.5f,-0.9586461961745484f,0.08191893397659487f,-0.2725559737305491f,-0.37421097732261466f,0f,0f,0f,1f],start_interpolation:0}
execute if entity @s[tag=aj.convict.bone.body] run data modify entity @s {} merge value {transformation:[-0.4290627291689659f,0f,0.9032746948952344f,-0.051451035670314f,0f,1f,0f,0.875f,-0.9032746948952344f,0f,-0.4290627291689659f,-0.03548296673690175f,0f,0f,0f,1f],start_interpolation:0}