execute if entity @s[tag=aj.convict.bone.left_leg_2] run data modify entity @s {} merge value {transformation:[-0.9863381432696904f,-0.16030656709732974f,0.03793246204465473f,0.10156895263962112f,-0.1435628721914422f,0.9494084170275998f,0.2793087170234588f,0.492995877115777f,-0.08078842033016534f,0.2700471481475342f,-0.9594518064592616f,0.057478436306736706f,0f,0f,0f,1f],start_interpolation:0}
execute if entity @s[tag=aj.convict.bone.left_leg] run data modify entity @s {} merge value {transformation:[-0.9863381432696904f,-0.12542701879002455f,0.10679480365985361f,0.062373009267738456f,-0.1435628721914422f,0.9724131932295135f,-0.18385397292776812f,0.796875f,-0.08078842033016534f,-0.19667395503886045f,-0.9771348865688549f,-0.003982174642907182f,0f,0f,0f,1f],start_interpolation:0}
execute if entity @s[tag=aj.convict.bone.right_leg_2] run data modify entity @s {} merge value {transformation:[-0.982128853933709f,0.1711043830172933f,-0.07839773200246933f,-0.1769247308423742f,0.13732590167792955f,0.9363199800560329f,0.323181824483082f,0.4998305964322909f,0.1287031895455712f,0.3066401556550306f,-0.9430839326065605f,-0.08457781817511323f,0f,0f,0f,1f],start_interpolation:0}
execute if entity @s[tag=aj.convict.bone.right_leg] run data modify entity @s {} merge value {transformation:[-0.9959573658345598f,-0.03262175027469179f,-0.08369436569387805f,-0.18711902780321538f,-0.056794770585280735f,0.9505420914166692f,0.30535894694504984f,0.796875f,0.06959367409506609f,0.3088778947322713f,-0.9485521423051607f,0.011946523928721546f,0f,0f,0f,1f],start_interpolation:0}
execute if entity @s[tag=aj.convict.bone.head] run data modify entity @s {} merge value {transformation:[-0.9735142080898287f,-0.04824705828650425f,-0.2234777573136365f,-0.062373009267738456f,-0.04228069035260643f,0.9986119423971863f,-0.03140910258230453f,1.697916875f,0.22468295411655276f,-0.021128413769551598f,-0.9742028332236783f,0.003982174642907182f,0f,0f,0f,1f],start_interpolation:0}
execute if entity @s[tag=aj.convict.bone.left_axe] run data modify entity @s {} merge value {transformation:[-0.4735029053820282f,-0.7886777360390064f,-0.39215102609985103f,1.1194014977562579f,0.6050775014942296f,0.03227545657764852f,-0.7955121068143498f,1.8777426173161944f,0.6400595408087275f,-0.6139590569240693f,0.46192863154455943f,0.08137650456879975f,0f,0f,0f,1f],start_interpolation:0}
execute if entity @s[tag=aj.convict.bone.left_arm_2] run data modify entity @s {} merge value {transformation:[-0.4735029053820282f,-0.8574674242362141f,0.20135693424486523f,0.711413217858597f,0.6050775014942296f,-0.4827950048138739f,-0.6330799321667626f,1.5874333496290747f,0.6400595408087275f,-0.17792863653859847f,0.7474390841528407f,0.0004958970003127172f,0f,0f,0f,1f],start_interpolation:0}
execute if entity @s[tag=aj.convict.bone.left_arm] run data modify entity @s {} merge value {transformation:[-0.4735029053820282f,-0.8764140254585172f,0.08771233992076724f,0.2950135071007316f,0.6050775014942296f,-0.39603111370300326f,-0.6906812391868338f,1.5f,0.6400595408087275f,-0.2739668099583549f,0.7178202917589922f,-0.10959545483583008f,0f,0f,0f,1f],start_interpolation:0}
execute if entity @s[tag=aj.convict.bone.right_axe] run data modify entity @s {} merge value {transformation:[-0.6915186155507542f,0.715697080528741f,0.09787590750233399f,-1.0815456332412905f,0.7134015483817224f,0.6553745318412676f,0.24807751566879324f,0.8833008741096399f,0.11340297665109704f,0.2413750441459856f,-0.9637830943475791f,0.31041032727268325f,0f,0f,0f,1f],start_interpolation:0}
execute if entity @s[tag=aj.convict.bone.right_arm_2] run data modify entity @s {} merge value {transformation:[-0.6915186155507542f,0.627383746790808f,-0.35803859932903315f,-0.7811499199284198f,0.7134015483817224f,0.670963596921542f,-0.20215361083262295f,1.2504655460611724f,0.11340297665109704f,-0.39521827623331685f,-0.9115603540182278f,0.13438106169872738f,0f,0f,0f,1f],start_interpolation:0}
execute if entity @s[tag=aj.convict.bone.right_arm] run data modify entity @s {} merge value {transformation:[-0.6915186155507542f,0.6986733724074271f,-0.18345986764303845f,-0.41975952563620855f,0.7134015483817224f,0.7004222712860518f,-0.02160723612703398f,1.5f,0.11340297665109704f,-0.14582235965489432f,-0.9827897050291836f,0.11755980412164443f,0f,0f,0f,1f],start_interpolation:0}
execute if entity @s[tag=aj.convict.bone.body] run data modify entity @s {} merge value {transformation:[-0.9530307103159201f,0f,-0.302873678609966f,-0.062373009267738456f,0f,1f,0f,0.875f,0.302873678609966f,0f,-0.9530307103159201f,0.003982174642907182f,0f,0f,0f,1f],start_interpolation:0}