execute if entity @s[tag=aj.convict.bone.left_leg_2] run data modify entity @s {} merge value {transformation:[-0.9509015576069418f,-0.22657702279042083f,0.21082950572469908f,0.0570727363681049f,-0.20056621094830906f,0.9699432067495348f,0.1377801535282478f,0.5700525787574787f,-0.23571046384607147f,0.08873008747802663f,-0.9677642010374281f,0.21533676040432778f,0f,0f,0f,1f],start_interpolation:0}
execute if entity @s[tag=aj.convict.bone.left_leg] run data modify entity @s {} merge value {transformation:[-0.9509015576069418f,0.017362170541227087f,0.3090061209341801f,0.062498414662238364f,-0.20056621094830906f,0.7258317479760682f,-0.6579828786950643f,0.796875f,-0.23571046384607147f,-0.6876531310654397f,-0.6867122749517203f,0.00044515694637790437f,0f,0f,0f,1f],start_interpolation:0}
execute if entity @s[tag=aj.convict.bone.right_leg_2] run data modify entity @s {} merge value {transformation:[-0.9770270650194387f,0.21271116013719815f,0.013117796026333797f,-0.2785224660277471f,0.19760847266353668f,0.8811685639240254f,0.4295263129118577f,0.5218055761131983f,0.07980605084256158f,0.42225102049036906f,-0.9029590632712851f,-0.11841282513993638f,0f,0f,0f,1f],start_interpolation:0}
execute if entity @s[tag=aj.convict.bone.right_leg] run data modify entity @s {} merge value {transformation:[-0.9566355871803202f,0.2912871105313025f,0.0004154256716764901f,-0.18749524398671508f,0.2681899115332343f,0.8802221564377654f,0.39151389077253207f,0.796875f,0.11367728309543615f,0.37464753376256854f,-0.9201721038771308f,-0.001335470839133713f,0f,0f,0f,1f],start_interpolation:0}
execute if entity @s[tag=aj.convict.bone.head] run data modify entity @s {} merge value {transformation:[-0.9899006267011883f,0f,-0.1417630038359608f,-0.062498414662238364f,0f,1f,0f,1.697916875f,0.1417630038359608f,0f,-0.9899006267011883f,-0.00044515694637790437f,0f,0f,0f,1f],start_interpolation:0}
execute if entity @s[tag=aj.convict.bone.left_axe] run data modify entity @s {} merge value {transformation:[-0.7584133902453318f,-0.2977661325348975f,0.5797796648829553f,0.49865345884195916f,0.5549183000522114f,-0.7615799874784676f,0.33475603495599726f,1.974931746971536f,0.3418695800502669f,0.575613805417753f,0.7428283363259286f,-0.16983587832231556f,0f,0f,0f,1f],start_interpolation:0}
execute if entity @s[tag=aj.convict.bone.left_arm_2] run data modify entity @s {} merge value {transformation:[-0.7584133902453318f,0.08969761722014237f,0.6455722011995334f,0.5964546959119432f,0.5549183000522114f,-0.4306677338875305f,0.7117520518097176f,1.7680185583927397f,0.3418695800502669f,0.8980421150776882f,0.276849326860381f,0.2828200953920134f,0f,0f,0f,1f],start_interpolation:0}
execute if entity @s[tag=aj.convict.bone.left_arm] run data modify entity @s {} merge value {transformation:[-0.7584133902453318f,-0.6283413530981001f,0.1731943228960771f,0.2609174032611415f,0.5549183000522114f,-0.7618763337553882f,-0.3340810265947646f,1.5f,0.3418695800502669f,-0.15726282475619136f,0.926495328744812f,0.18936319038574342f,0f,0f,0f,1f],start_interpolation:0}
execute if entity @s[tag=aj.convict.bone.right_axe] run data modify entity @s {} merge value {transformation:[-0.35448080272915605f,0.9350558478801376f,0.003731198420097559f,-1.0336982715784928f,0.8875833219266832f,0.3377339260241918f,-0.3132597035207046f,1.2896090322798925f,-0.29417546997342775f,-0.1077328016782389f,-0.9496601688543487f,-0.1789188844842391f,0f,0f,0f,1f],start_interpolation:0}
execute if entity @s[tag=aj.convict.bone.right_arm_2] run data modify entity @s {} merge value {transformation:[-0.35448080272915605f,0.7441010899566939f,-0.5662657754285997f,-0.658451647687549f,0.8875833219266832f,0.0772419135748532f,-0.4541250195980055f,1.3686435827038006f,-0.29417546997342775f,-0.6635866595348002f,-0.6878324928013781f,-0.50903597635055f,0f,0f,0f,1f],start_interpolation:0}
execute if entity @s[tag=aj.convict.bone.right_arm] run data modify entity @s {} merge value {transformation:[-0.35448080272915605f,0.6585459751193784f,0.6638226865289858f,-0.38591423258561824f,0.8875833219266832f,0.46032200996043937f,0.017305888696484334f,1.5f,-0.29417546997342775f,0.5953325505967637f,-0.7476897398425797f,-0.1902535042784992f,0f,0f,0f,1f],start_interpolation:0}
execute if entity @s[tag=aj.convict.bone.body] run data modify entity @s {} merge value {transformation:[-0.8624421811290129f,0f,0.5061555928856568f,-0.062498414662238364f,0f,1f,0f,0.875f,-0.5061555928856568f,0f,-0.8624421811290129f,-0.00044515694637790437f,0f,0f,0f,1f],start_interpolation:0}