execute if entity @s[tag=aj.convict.bone.left_leg_2] run data modify entity @s {} merge value {transformation:[-0.860177078312391f,-0.15926031806373364f,0.4844910164659373f,0.020747889603792813f,-0.07426330921360072f,0.9789795105082095f,0.1899580977735662f,0.5035126507888957f,-0.504559565215648f,0.12741769537762404f,-0.8539229333224697f,0.13121539615219f,0f,0f,0f,1f],start_interpolation:0}
execute if entity @s[tag=aj.convict.bone.left_leg] run data modify entity @s {} merge value {transformation:[-0.860177078312391f,0.11041311098613754f,0.49789992856830334f,0.05525198678696079f,-0.07426330921360072f,0.9387595174755337f,-0.336475153991715f,0.796875f,-0.504559565215648f,-0.3264039112380029f,-0.7992997759776553f,0.029214173890314093f,0f,0f,0f,1f],start_interpolation:0}
execute if entity @s[tag=aj.convict.bone.right_leg_2] run data modify entity @s {} merge value {transformation:[-0.9064765157397082f,-0.09965110510495384f,0.4103291162758987f,-0.1258114645234264f,0.03361637416412298f,0.9516385840146798f,0.3053750887066475f,0.495945472375037f,-0.4209159842539319f,0.2906091235076706f,-0.85928811904602f,-0.16181870825200145f,0f,0f,0f,1f],start_interpolation:0}
execute if entity @s[tag=aj.convict.bone.right_leg] run data modify entity @s {} merge value {transformation:[-0.9015579790453984f,-0.12782238667985912f,0.4133456760183194f,-0.16575596036088236f,-0.01307279029036118f,0.9629744883998815f,0.26927539220101543f,0.796875f,-0.43246076420133317f,0.23736379705938943f,-0.8698483288895529f,-0.08764252167094227f,0f,0f,0f,1f],start_interpolation:0}
execute if entity @s[tag=aj.convict.bone.head] run data modify entity @s {} merge value {transformation:[-0.9987690218219419f,-0.008624489237484885f,0.048847305291426946f,-0.05525198678696079f,-0.009230075108059585f,0.9998831521353869f,-0.012185556585658525f,1.697916875f,-0.04873650338648572f,-0.012621420728080274f,-0.998731922477931f,-0.029214173890314093f,0f,0f,0f,1f],start_interpolation:0}
execute if entity @s[tag=aj.convict.bone.left_axe] run data modify entity @s {} merge value {transformation:[-0.9762144126587949f,0.16727580154287583f,-0.13792833913098673f,0.2837842033362496f,0.15165782658103782f,0.981491311607978f,0.11693891086702884f,0.7188647191933321f,0.15493651652841534f,0.09323953805247803f,-0.983514648792686f,0.625981484692101f,0f,0f,0f,1f],start_interpolation:0}
execute if entity @s[tag=aj.convict.bone.left_arm_2] run data modify entity @s {} merge value {transformation:[-0.9762144126587949f,0.02745412841630342f,-0.2150620639493288f,0.3222043782703572f,0.15165782658103782f,0.7953458472157485f,-0.5868772332893644f,1.0906636231659876f,0.15493651652841534f,-0.6055338587969827f,-0.7805917125466268f,0.2831038895035327f,0f,0f,0f,1f],start_interpolation:0}
execute if entity @s[tag=aj.convict.bone.left_arm] run data modify entity @s {} merge value {transformation:[-0.9762144126587949f,0.05529048684013185f,-0.20963869533610746f,0.2854857701815782f,0.15165782658103782f,0.8651444037989533f,-0.4780429522669167f,1.5f,0.15493651652841534f,-0.49846576877488274f,-0.8529516710844203f,0.127383338784852f,0f,0f,0f,1f],start_interpolation:0}
execute if entity @s[tag=aj.convict.bone.right_axe] run data modify entity @s {} merge value {transformation:[-0.8150961371700689f,-0.05732336462700685f,0.5764827135641375f,-0.6132635053971623f,0.19301571504934678f,0.9113674113148129f,0.36353043247756595f,0.6033218133377469f,-0.5462263458626117f,0.4075824744283983f,-0.7317877462928732f,-0.2508526770163013f,0f,0f,0f,1f],start_interpolation:0}
execute if entity @s[tag=aj.convict.bone.right_arm_2] run data modify entity @s {} merge value {transformation:[-0.8150961371700689f,0.305462757704561f,0.4922507397921885f,-0.49759699865313917f,0.19301571504934678f,0.9443396855623841f,-0.2663972447603897f,1.0919230727867324f,-0.5462263458626117f,-0.12212723663238385f,-0.828686742477588f,-0.3134933325606929f,0f,0f,0f,1f],start_interpolation:0}
execute if entity @s[tag=aj.convict.bone.right_arm] run data modify entity @s {} merge value {transformation:[-0.8150961371700689f,0.1676505002122919f,0.5545372818386519f,-0.39598974375549983f,0.19301571504934678f,0.9811107715812313f,-0.012906883096639643f,1.5f,-0.5462263458626117f,0.0965140594206319f,-0.8320587812286637f,-0.18581168656548017f,0f,0f,0f,1f],start_interpolation:0}
execute if entity @s[tag=aj.convict.bone.body] run data modify entity @s {} merge value {transformation:[-0.9086340185827708f,0f,0.41759336713377626f,-0.05525198678696079f,0f,1f,0f,0.875f,-0.41759336713377626f,0f,-0.9086340185827708f,-0.029214173890314093f,0f,0f,0f,1f],start_interpolation:0}