execute if entity @s[tag=aj.convict.bone.left_leg_2] run data modify entity @s {} merge value {transformation:[-0.9685560697840185f,-0.23263409066593305f,0.08820725335577423f,0.0842232109315613f,-0.21897461337606303f,0.9653941646461958f,0.141648245890578f,0.5781025499217555f,-0.11810697854631202f,0.11787911913103338f,-0.9859793379638098f,0.2129354464286996f,0f,0f,0f,1f],start_interpolation:0}
execute if entity @s[tag=aj.convict.bone.left_leg] run data modify entity @s {} merge value {transformation:[-0.9685560697840185f,-0.07163914238221894f,0.2382582064972274f,0.061835978937117876f,-0.21897461337606303f,0.7000718402503825f,-0.6796686966347991f,0.796875f,-0.11810697854631202f,-0.710469740219232f,-0.693745983665115f,-0.009086347389810394f,0f,0f,0f,1f],start_interpolation:0}
execute if entity @s[tag=aj.convict.bone.right_leg_2] run data modify entity @s {} merge value {transformation:[-0.9472808791851688f,0.30084615446072843f,-0.11022943017345659f,-0.3038159502313016f,0.2228974558710754f,0.8659110282533556f,0.4477888065990688f,0.5273256788762297f,0.2301644197011679f,0.3996119148566616f,-0.8873188025778654f,-0.07763436773958052f,0f,0f,0f,1f],start_interpolation:0}
execute if entity @s[tag=aj.convict.bone.right_leg] run data modify entity @s {} merge value {transformation:[-0.9167022332051256f,0.37858564294383334f,-0.12778860118782057f,-0.18550793681135364f,0.2993646355565463f,0.862557827596065f,0.4078906826967895f,0.796875f,0.2646466145916696f,0.33565891170883744f,-0.9040438398526961f,0.02725904216943118f,0f,0f,0f,1f],start_interpolation:0}
execute if entity @s[tag=aj.convict.bone.head] run data modify entity @s {} merge value {transformation:[-0.9268340512226696f,0.0006256346445112264f,-0.37547070468342203f,-0.061835978937117876f,-0.0011607254472954444f,0.9999890592674295f,0.004531452512969112f,1.697916875f,0.37546943179253606f,0.004635722892158308f,-0.9268231847891254f,0.009086347389810394f,0f,0f,0f,1f],start_interpolation:0}
execute if entity @s[tag=aj.convict.bone.left_axe] run data modify entity @s {} merge value {transformation:[-0.641371081011495f,-0.043077506054859216f,0.7660205381804328f,0.24969270288125273f,0.58762803383727f,-0.6695172639394151f,0.4543566078925489f,1.8434380719336816f,0.493291425316405f,0.7415463314986954f,0.4547225615143111f,-0.39774000842112645f,0f,0f,0f,1f],start_interpolation:0}
execute if entity @s[tag=aj.convict.bone.left_arm_2] run data modify entity @s {} merge value {transformation:[-0.641371081011495f,0.545501115192253f,0.5395105835534227f,0.5690194046221312f,0.58762803383727f,-0.10285233954951653f,0.8025675610798974f,1.8044909261662636f,0.493291425316405f,0.831775167682469f,-0.25458523157502705f,-0.005580401231152443f,0f,0f,0f,1f],start_interpolation:0}
execute if entity @s[tag=aj.convict.bone.left_arm] run data modify entity @s {} merge value {transformation:[-0.641371081011495f,-0.46369281230299036f,0.6112545396646883f,0.28870966644627594f,0.58762803383727f,-0.809126408580298f,0.002783664220449983f,1.5f,0.493291425316405f,0.36097566504750944f,0.791429174944175f,0.14228826367760228f,0f,0f,0f,1f],start_interpolation:0}
execute if entity @s[tag=aj.convict.bone.right_axe] run data modify entity @s {} merge value {transformation:[-0.305553278993964f,0.6680285332810588f,-0.6785094490266104f,-0.9131599649382381f,0.9341308246036477f,0.07223899717324272f,-0.34954417433668294f,1.4695403112234828f,-0.18449063992882128f,-0.7406209597424054f,-0.6460989071101207f,0.33665580066158646f,0f,0f,0f,1f],start_interpolation:0}
execute if entity @s[tag=aj.convict.bone.right_arm_2] run data modify entity @s {} merge value {transformation:[-0.305553278993964f,0.11693228650302356f,-0.9449677423432039f,-0.8445016843151589f,0.9341308246036477f,-0.15547796136419129f,-0.32128835343868944f,1.4299563593014548f,-0.18449063992882128f,-0.9808942062746674f,-0.061723252307733886f,-0.1630970727635177f,0f,0f,0f,1f],start_interpolation:0}
execute if entity @s[tag=aj.convict.bone.right_arm] run data modify entity @s {} merge value {transformation:[-0.305553278993964f,0.9521461384150042f,-0.007411126596724105f,-0.41238162432051173f,0.9341308246036477f,0.29824574076503707f,-0.19608437123040545f,1.5f,-0.18449063992882128f,-0.06683718438795999f,-0.9805590214575275f,-0.12411556889798148f,0f,0f,0f,1f],start_interpolation:0}
execute if entity @s[tag=aj.convict.bone.body] run data modify entity @s {} merge value {transformation:[-0.9347883876890501f,0f,0.3552051101007784f,-0.061835978937117876f,0f,1f,0f,0.875f,-0.3552051101007784f,0f,-0.9347883876890501f,0.009086347389810394f,0f,0f,0f,1f],start_interpolation:0}