execute if entity @s[tag=aj.convict.bone.left_leg_2] run data modify entity @s {} merge value {transformation:[-0.9514385873112052f,-0.24345263486535212f,0.18840230665354338f,0.06204519340961855f,-0.21897461337606303f,0.9653941646461958f,0.141648245890578f,0.5781025499217555f,-0.21636712613533032f,0.09351428470662354f,-0.9718232068044819f,0.22042106882096119f,0f,0f,0f,1f],start_interpolation:0}
execute if entity @s[tag=aj.convict.bone.left_leg] run data modify entity @s {} merge value {transformation:[-0.9514385873112052f,0.0012650254055921809f,0.3078360185000798f,0.06244051384886611f,-0.21897461337606303f,0.7000718402503825f,-0.6796686966347991f,0.796875f,-0.21636712613533032f,-0.714071297700143f,-0.6657983542550792f,-0.002726211710333492f,0f,0f,0f,1f],start_interpolation:0}
execute if entity @s[tag=aj.convict.bone.right_leg_2] run data modify entity @s {} merge value {transformation:[-0.9652980419633144f,0.2603941635093784f,-0.019863780910054418f,-0.29430317162546243f,0.2246707366910293f,0.8668248127280382f,0.4451267281502107f,0.5273256788762297f,0.13312682019976935f,0.4252171488184038f,-0.8952472429972883f,-0.10824449103980638f,0f,0f,0f,1f],start_interpolation:0}
execute if entity @s[tag=aj.convict.bone.right_leg] run data modify entity @s {} merge value {transformation:[-0.9389299165520589f,0.3423412162523652f,-0.034829634772633344f,-0.18732154154659833f,0.2993646355565463f,0.862557827596065f,0.4078906826967895f,0.796875f,0.1696803665178735f,0.37255400374658193f,-0.9123662025254727f,0.008178635131000476f,0f,0f,0f,1f],start_interpolation:0}
execute if entity @s[tag=aj.convict.bone.head] run data modify entity @s {} merge value {transformation:[-0.9596591851160379f,0.00020428902941084992f,-0.28116579928649643f,-0.06244051384886611f,-0.0013538613219159779f,0.9999847855879601f,0.00534749026389f,1.697916875f,0.28116261394777053f,0.0055124276497602025f,-0.9596443078867624f,0.002726211710333492f,0f,0f,0f,1f],start_interpolation:0}
execute if entity @s[tag=aj.convict.bone.left_axe] run data modify entity @s {} merge value {transformation:[-0.7058067456989421f,-0.4650918679973673f,0.5343466964888888f,0.4010673235110496f,0.5801785823794308f,-0.8123276921450231f,0.05930036359528784f,1.918678184663018f,0.4064845018866805f,0.3518711055160093f,0.8431827054849244f,-0.29175241477237257f,0f,0f,0f,1f],start_interpolation:0}
execute if entity @s[tag=aj.convict.bone.left_arm_2] run data modify entity @s {} merge value {transformation:[-0.7058067456989421f,0.29550098339998293f,0.6438291749645337f,0.6007999388306327f,0.5801785823794308f,-0.2803714352417353f,0.7647121490133932f,1.7888886763400813f,0.4064845018866805f,0.9132748913170289f,0.02644470865418118f,0.1560613255554791f,0f,0f,0f,1f],start_interpolation:0}
execute if entity @s[tag=aj.convict.bone.left_arm] run data modify entity @s {} merge value {transformation:[-0.7058067456989421f,-0.5997505089606465f,0.3770095021711185f,0.27018854859296704f,0.5801785823794308f,-0.7947657464188267f,-0.1781578537912878f,1.5f,0.4064845018866805f,0.09298782350807755f,0.9089134251429924f,0.17588194167347126f,0f,0f,0f,1f],start_interpolation:0}
execute if entity @s[tag=aj.convict.bone.right_axe] run data modify entity @s {} merge value {transformation:[-0.3036032673379991f,0.6512846987282811f,-0.695451865526367f,-0.8853119150686147f,0.9238795069740576f,0.0227645287428202f,-0.3820058020822326f,1.5009665395767589f,-0.23296289973955925f,-0.758491936300927f,-0.608619971666562f,0.302517105742771f,0f,0f,0f,1f],start_interpolation:0}
execute if entity @s[tag=aj.convict.bone.right_arm_2] run data modify entity @s {} merge value {transformation:[-0.3036032673379991f,0.09333461975204084f,-0.9482160644164566f,-0.8284199856383029f,0.9238795069740576f,-0.21449008304693018f,-0.316923746140761f,1.4311735268318917f,-0.23296289973955925f,-0.9722564749232906f,-0.02111005245547995f,-0.1954046019404976f,0f,0f,0f,1f],start_interpolation:0}
execute if entity @s[tag=aj.convict.bone.right_arm] run data modify entity @s {} merge value {transformation:[-0.3036032673379991f,0.9522865570563341f,-0.031230903148723566f,-0.3950695762906993f,0.9238795069740576f,0.2862158457495171f,-0.2540219404603885f,1.5f,-0.23296289973955925f,-0.10597548250270977f,-0.9666941007646908f,-0.17042951825280428f,0f,0f,0f,1f],start_interpolation:0}
execute if entity @s[tag=aj.convict.bone.body] run data modify entity @s {} merge value {transformation:[-0.8870108331782217f,0f,0.461748613235034f,-0.06244051384886611f,0f,1f,0f,0.875f,-0.461748613235034f,0f,-0.8870108331782217f,0.002726211710333492f,0f,0f,0f,1f],start_interpolation:0}