execute if entity @s[tag=aj.convict.bone.left_leg_2] run data modify entity @s {} merge value {transformation:[-0.12209257018772643f,0.2883454509115081f,0.9497106429031918f,-0.15126461122010923f,-0.21897461337606305f,0.9254651013093581f,-0.30913502705980034f,0.5501021690694163f,-0.9680617351190772f,-0.2457056108376421f,-0.04985207920581022f,0.13565635055831168f,0f,0f,0f,1f],start_interpolation:0}
execute if entity @s[tag=aj.convict.bone.left_leg] run data modify entity @s {} merge value {transformation:[-0.12209257018772643f,0.5605834423773675f,0.8190479890930052f,0.023917714522818108f,-0.21897461337606305f,0.7896730589778675f,-0.573120038579477f,0.796875f,-0.9680617351190772f,-0.24932441528434005f,0.02634032918099455f,0.057742470781955414f,0f,0f,0f,1f],start_interpolation:0}
execute if entity @s[tag=aj.convict.bone.right_leg_2] run data modify entity @s {} merge value {transformation:[-0.25684828339484367f,-0.4663491024026609f,0.846491272255866f,0.06639465938429506f,-0.24789280716113532f,0.878362845364147f,0.40869043057254434f,0.5166627243505061f,-0.9341188979326421f,-0.1048676621844499f,-0.341210577141263f,-0.16598068103717428f,0f,0f,0f,1f],start_interpolation:0}
execute if entity @s[tag=aj.convict.bone.right_leg] run data modify entity @s {} merge value {transformation:[-0.29969532898283824f,-0.44207296944879804f,0.84543136886952f,-0.07175314356845433f,-0.17202162574553165f,0.8966792820783804f,0.40789070272226663f,0.796875f,-0.9383982470474528f,-0.0231895401878143f,-0.3447767033373124f,-0.17322741234586625f,0f,0f,0f,1f],start_interpolation:0}
execute if entity @s[tag=aj.convict.bone.head] run data modify entity @s {} merge value {transformation:[-0.43140939263625466f,0f,0.9021562702465785f,-0.023917714522818108f,0f,1f,0f,1.697916875f,-0.9021562702465785f,0f,-0.43140939263625466f,-0.057742470781955414f,0f,0f,0f,1f],start_interpolation:0}
execute if entity @s[tag=aj.convict.bone.left_axe] run data modify entity @s {} merge value {transformation:[-0.49136666303884f,-0.4862685115836961f,0.7225660780138041f,-0.8451135559561125f,0.580178582379431f,0.4360076222100797f,0.687960875285002f,0.8832534002558222f,-0.6495780284171166f,0.7572584024075854f,0.06788296532151848f,0.32654536209301377f,0f,0f,0f,1f],start_interpolation:0}
execute if entity @s[tag=aj.convict.bone.left_arm_2] run data modify entity @s {} merge value {transformation:[-0.49136666303884f,0.7960283165849377f,0.3534087175622926f,-0.41222536200067206f,0.580178582379431f,0.601797274704063f,-0.5488468390242912f,1.144320656172707f,-0.6495780284171166f,-0.06464487105495792f,-0.7575416989473377f,0.2849848093830733f,0f,0f,0f,1f],start_interpolation:0}
execute if entity @s[tag=aj.convict.bone.left_arm] run data modify entity @s {} merge value {transformation:[-0.49136666303884f,0.7430890897854036f,0.45428780205501296f,-0.1542209044381168f,0.580178582379431f,0.668287703603959f,-0.46560107147636676f,1.5f,-0.6495780284171166f,0.03478720818989403f,-0.759498673563084f,0.2938909728747843f,0f,0f,0f,1f],start_interpolation:0}
execute if entity @s[tag=aj.convict.bone.right_axe] run data modify entity @s {} merge value {transformation:[0.19326439385182148f,0.7055595448399863f,0.6817877989186069f,-0.4530471538393427f,0.9238795069740575f,0.10306155099578097f,-0.3685443980034382f,1.4719297049305282f,-0.33029612571518385f,0.7011162852134695f,-0.6319338762449789f,-0.9349803337545899f,0f,0f,0f,1f],start_interpolation:0}
execute if entity @s[tag=aj.convict.bone.right_arm_2] run data modify entity @s {} merge value {transformation:[0.19326439385182148f,0.9748041364235681f,0.11138119087435316f,0.042875926201477954f,0.9238795069740575f,-0.1425913886436334f,-0.35512582626169686f,1.4392157961230818f,-0.33029612571518385f,0.17153597726477499f,-0.9281594032499794f,-0.8399862176320907f,0f,0f,0f,1f],start_interpolation:0}
execute if entity @s[tag=aj.convict.bone.right_arm] run data modify entity @s {} merge value {transformation:[0.19326439385182148f,0.30085542224031986f,0.9338816247135857f,0.10638547539248061f,0.9238795069740575f,0.2646227999542241f,-0.2764442626240583f,1.5f,-0.33029612571518385f,0.9162209278623717f,-0.2268119941373336f,-0.40937591443869514f,0f,0f,0f,1f],start_interpolation:0}
execute if entity @s[tag=aj.convict.bone.body] run data modify entity @s {} merge value {transformation:[0.34747517310746323f,0f,0.9376891830846392f,-0.023917714522818108f,0f,1f,0f,0.875f,-0.9376891830846392f,0f,0.34747517310746323f,-0.057742470781955414f,0f,0f,0f,1f],start_interpolation:0}