execute if entity @s[tag=aj.convict.bone.left_leg_2] run data modify entity @s {} merge value {transformation:[-0.9785278389120864f,-0.1682863169343662f,0.11900833587067845f,0.09174336089674691f,-0.13223807697057643f,0.9554707517723701f,0.26379676553488235f,0.49419014332474726f,-0.15810237023259974f,0.24239504541183973f,-0.9572085888073852f,0.07396398327228614f,0f,0f,0f,1f],start_interpolation:0}
execute if entity @s[tag=aj.convict.bone.left_leg] run data modify entity @s {} merge value {transformation:[-0.9785278389120864f,-0.0936795540109664f,0.18359577782277178f,0.062468500268319904f,-0.13223807697057643f,0.9685915413608088f,-0.21057900418469183f,0.796875f,-0.15810237023259974f,-0.23033577048430623f,-0.9601817918301903f,0.001984054995940438f,0f,0f,0f,1f],start_interpolation:0}
execute if entity @s[tag=aj.convict.bone.right_leg_2] run data modify entity @s {} merge value {transformation:[-0.9923036391748223f,0.12350033749798238f,0.009008569158763103f,-0.1707535745859517f,0.11986164825353612f,0.9397037861369123f,0.32029670556828693f,0.49909515854783193f,0.03109136469100943f,0.3189113684988931f,-0.9472744407423932f,-0.0992588066480932f,0f,0f,0f,1f],start_interpolation:0}
execute if entity @s[tag=aj.convict.bone.right_leg] run data modify entity @s {} merge value {transformation:[-0.9985693214124125f,-0.05328616390082564f,0.004460389073650584f,-0.1874055008049597f,-0.04951229847368843f,0.9528954926469377f,0.29923019966741704f,0.796875f,-0.020195114107288057f,0.29858125331287f,-0.9541705259209746f,-0.005952164987821314f,0f,0f,0f,1f],start_interpolation:0}
execute if entity @s[tag=aj.convict.bone.head] run data modify entity @s {} merge value {transformation:[-0.9831397422531816f,-0.041545363137663896f,-0.17807366454393958f,-0.062468500268319904f,-0.03677281921015081f,0.9988726550578289f,-0.030019639322637896f,1.697916875f,0.17912009091580278f,-0.022965229793828357f,-0.9835591447649863f,-0.001984054995940438f,0f,0f,0f,1f],start_interpolation:0}
execute if entity @s[tag=aj.convict.bone.left_axe] run data modify entity @s {} merge value {transformation:[-0.5989446811711807f,-0.5485371913199322f,-0.5834142770241338f,1.058338070583738f,0.5317112893394811f,0.27235507636254314f,-0.801938786422318f,1.7105507361384988f,0.5987890894845194f,-0.7905249282080822f,0.12853779287006278f,0.4297406930303451f,0f,0f,0f,1f],start_interpolation:0}
execute if entity @s[tag=aj.convict.bone.left_arm_2] run data modify entity @s {} merge value {transformation:[-0.5989446811711807f,-0.795614684684772f,-0.09089852809976384f,0.6738068560103703f,0.5317112893394811f,-0.3102411894445714f,-0.7880567931062865f,1.5034052109250637f,0.5987890894845194f,-0.5203341982668143f,0.6088546201092114f,0.17186076647088622f,0f,0f,0f,1f],start_interpolation:0}
execute if entity @s[tag=aj.convict.bone.left_arm] run data modify entity @s {} merge value {transformation:[-0.5989446811711807f,-0.7769434520129922f,-0.19396943385721405f,0.306432715008502f,0.5317112893394811f,-0.20472498060401056f,-0.8218094591239714f,1.5f,0.5987890894845194f,-0.5953541422471359f,0.5357285428493406f,-0.06934051992161717f,0f,0f,0f,1f],start_interpolation:0}
execute if entity @s[tag=aj.convict.bone.right_axe] run data modify entity @s {} merge value {transformation:[-0.7695616601211979f,0.60804455332746f,0.19508119448146588f,-1.0459904396378288f,0.6379584172390895f,0.7186723394964494f,0.2766209072295438f,0.8161791375260912f,0.027998377547667777f,0.3373305346563066f,-0.9409698195177083f,0.16587306631499948f,0f,0f,0f,1f],start_interpolation:0}
execute if entity @s[tag=aj.convict.bone.right_arm_2] run data modify entity @s {} merge value {transformation:[-0.7695616601211979f,0.6011520841534977f,-0.21538575391471876f,-0.7645389189058809f,0.6379584172390895f,0.7385572398931706f,-0.21804187963594857f,1.2151923635776645f,0.027998377547667777f,-0.305203825531869f,-0.9518753677532635f,0.03318067709044352f,0f,0f,0f,1f],start_interpolation:0}
execute if entity @s[tag=aj.convict.bone.right_arm] run data modify entity @s {} merge value {transformation:[-0.7695616601211979f,0.6364142587682569f,-0.052457053938970155f,-0.4313697155451418f,0.6379584172390895f,0.7698249032853194f,-0.019459603170271463f,1.5f,0.027998377547667777f,-0.04844078362494478f,-0.9984335638070765f,0.0653724099297363f,0f,0f,0f,1f],start_interpolation:0}
execute if entity @s[tag=aj.convict.bone.body] run data modify entity @s {} merge value {transformation:[-0.983736574071525f,0f,-0.17961723980180463f,-0.062468500268319904f,0f,1f,0f,0.875f,0.17961723980180463f,0f,-0.983736574071525f,-0.001984054995940438f,0f,0f,0f,1f],start_interpolation:0}