execute if entity @s[tag=aj.convict.bone.left_leg_2] run data modify entity @s {} merge value {transformation:[-0.9975853841448336f,-0.020928991113147496f,-0.06622219168519422f,0.06461943907853715f,-0.029600853964416002f,0.9906992456721386f,0.132811121782902f,0.5134666772214951f,0.06282667256175622f,0.13445066736777955f,-0.9889266035754001f,0.17065799300148912f,0f,0f,0f,1f],start_interpolation:0}
execute if entity @s[tag=aj.convict.bone.left_leg] run data modify entity @s {} merge value {transformation:[-0.9975853841448336f,-0.05323248973064565f,-0.0446060912620857f,0.04798428603771039f,-0.029600853964416002f,0.9069066328912158f,-0.420290552668621f,0.796875f,0.06282667256175622f,-0.41795533404299823f,-0.9062925289109601f,0.04004695111305218f,0f,0f,0f,1f],start_interpolation:0}
execute if entity @s[tag=aj.convict.bone.right_leg_2] run data modify entity @s {} merge value {transformation:[-0.876448468372883f,0.10254162915666551f,0.4704500999858799f,-0.18237935104888686f,0.20401782697017729f,0.964103533645821f,0.1699444105877218f,0.4935628775669869f,-0.43613622707268235f,0.24492772546516298f,-0.8659073857712888f,-0.1848046842327807f,0f,0f,0f,1f],start_interpolation:0}
execute if entity @s[tag=aj.convict.bone.right_leg] run data modify entity @s {} merge value {transformation:[-0.876448468372883f,0.12296477739441819f,0.46552953269064323f,-0.1439528581131312f,0.20401782697017729f,0.9705987917856418f,0.1277290556710542f,0.796875f,-0.43613622707268235f,0.20692425885959728f,-0.8757668311429773f,-0.12014085333915656f,0f,0f,0f,1f],start_interpolation:0}
execute if entity @s[tag=aj.convict.bone.head] run data modify entity @s {} merge value {transformation:[-0.9244311797043286f,-0.22000434374278785f,-0.31148849533292317f,-0.10588028689900478f,-0.3712169904908544f,0.7061766700713592f,0.6029199421298316f,1.2724728144914483f,0.08732090220202855f,0.6729878151803581f,-0.7344810825728542f,0.6781839295822024f,0f,0f,0f,1f],start_interpolation:0}
execute if entity @s[tag=aj.convict.bone.left_axe] run data modify entity @s {} merge value {transformation:[-0.8350042220025656f,0.2879141877977273f,-0.46890656820166743f,0.42692798780236624f,-0.5300765429252133f,-0.19230303579650143f,0.8258561624543974f,0.7894330074398375f,0.14760354968070588f,0.938149755043524f,0.31319040412092897f,-0.30297194951185447f,0f,0f,0f,1f],start_interpolation:0}
execute if entity @s[tag=aj.convict.bone.left_arm_2] run data modify entity @s {} merge value {transformation:[-0.8350042220025656f,-0.12798093952672132f,-0.5351530887099015f,0.3689302538838344f,-0.5300765429252133f,0.44798971210173794f,0.7199472734106689f,1.0631961367555598f,0.14760354968070588f,0.8848311121162384f,-0.44191299500331027f,0.12007130124048798f,0f,0f,0f,1f],start_interpolation:0}
execute if entity @s[tag=aj.convict.bone.left_arm] run data modify entity @s {} merge value {transformation:[-0.8350042220025656f,-0.12798093952672132f,-0.5351530887099015f,0.28183163944022394f,-0.5300765429252133f,0.44798971210173794f,0.7199472734106689f,1.1768780105307175f,0.14760354968070588f,0.8848311121162384f,-0.44191299500331027f,0.5355754268910952f,0f,0f,0f,1f],start_interpolation:0}
execute if entity @s[tag=aj.convict.bone.right_axe] run data modify entity @s {} merge value {transformation:[-0.7129856765967861f,-0.6337565784704121f,0.3000067069471934f,-0.42277570583185864f,0.6983699575420632f,-0.680104441481904f,0.22301872360697514f,1.352890356301557f,0.06269631066115106f,0.3685248267377167f,0.9275012801648397f,-0.3657753632007677f,0f,0f,0f,1f],start_interpolation:0}
execute if entity @s[tag=aj.convict.bone.right_arm_2] run data modify entity @s {} merge value {transformation:[-0.7129856765967861f,0.20987749616612086f,0.669031285943238f,-0.3555926891178122f,0.6983699575420632f,0.12724063944787128f,0.704336015035149f,1.425970824675391f,0.06269631066115106f,0.9694128409898111f,-0.23729289149391675f,0.13038939839762748f,0f,0f,0f,1f],start_interpolation:0}
execute if entity @s[tag=aj.convict.bone.right_arm] run data modify entity @s {} merge value {transformation:[-0.7129856765967861f,-0.29725306394202955f,0.6350527859516076f,-0.46574348169906143f,0.6983699575420632f,-0.3820308748426392f,0.6052535114063069f,1.1768780105307175f,0.06269631066115106f,0.8750388715045997f,0.4799751514249846f,0.47531401093044295f,0f,0f,0f,1f],start_interpolation:0}
execute if entity @s[tag=aj.convict.bone.body] run data modify entity @s {} merge value {transformation:[-0.9967668281857138f,-0.07035461614673338f,0.03880873890552691f,-0.04798428603771039f,-5.551115123125783e-17f,0.4830048168491482f,0.875617694488023f,0.875f,-0.08034855461420298f,0.872786672038114f,-0.4814431792891471f,-0.04004695111305218f,0f,0f,0f,1f],start_interpolation:0}