execute if entity @s[tag=aj.convict.bone.left_leg_2] run data modify entity @s {} merge value {transformation:[-0.9989065846484019f,-0.025579359053479515f,-0.03913223142728159f,0.061752841158002385f,-0.030594426240075967f,0.9905820907092147f,0.1334582430919945f,0.5133888989301314f,0.0353499113026568f,0.13450954596821185f,-0.990281558858045f,0.17031679410305947f,0f,0f,0f,1f],start_interpolation:0}
execute if entity @s[tag=aj.convict.bone.left_leg] run data modify entity @s {} merge value {transformation:[-0.9989065846484019f,-0.042599145234696684f,-0.01926000964014213f,0.04844060827215967f,-0.030594426240075967f,0.9071555234235794f,-0.4196818287764342f,0.796875f,0.0353499113026568f,-0.4186336932777448f,-0.9074669220547542f,0.03949376495376423f,0f,0f,0f,1f],start_interpolation:0}
execute if entity @s[tag=aj.convict.bone.right_leg_2] run data modify entity @s {} merge value {transformation:[-0.881089463233159f,0.11019220754879944f,0.4599337291121691f,-0.18599349871533347f,0.20276521214725768f,0.9665825035504434f,0.15685832006315326f,0.4929673140598373f,-0.4272793307923769f,0.23146477318520703f,-0.87398880556443f,-0.17883179915711986f,0f,0f,0f,1f],start_interpolation:0}
execute if entity @s[tag=aj.convict.bone.right_leg] run data modify entity @s {} merge value {transformation:[-0.881089463233159f,0.13014935647633424f,0.4546894575293119f,-0.145321824816479f,0.20276521214725768f,0.9725045950085207f,0.11454728905648805f,0.796875f,-0.4272793307923769f,0.19312161374664696f,-0.883253313484591f,-0.11848129486129269f,0f,0f,0f,1f],start_interpolation:0}
execute if entity @s[tag=aj.convict.bone.head] run data modify entity @s {} merge value {transformation:[-0.9431184057868941f,-0.2143858134165254f,-0.2540991847128248f,-0.09769808167201471f,-0.3216609334353566f,0.7816168437746525f,0.5344243196461456f,1.3470057285756394f,0.08403521028403835f,0.5857591932983084f,-0.8061167724957918f,0.6327981929527751f,0f,0f,0f,1f],start_interpolation:0}
execute if entity @s[tag=aj.convict.bone.left_axe] run data modify entity @s {} merge value {transformation:[-0.8408349084497677f,0.32833704355154153f,-0.43033875326782256f,0.38128002382925114f,-0.47712609061982053f,-0.0741155640528029f,0.8757040463621153f,0.7322801289361471f,0.2556312781764342f,0.9416483786408638f,0.21897712351045795f,-0.2853575554427374f,0f,0f,0f,1f],start_interpolation:0}
execute if entity @s[tag=aj.convict.bone.left_arm_2] run data modify entity @s {} merge value {transformation:[-0.8408349084497677f,-0.07212610063300415f,-0.5364648006530797f,0.3516004186398696f,-0.47712609061982053f,0.5668086515619477f,0.6716238874283533f,1.0621706224841252f,0.2556312781764342f,0.8206861629892416f,-0.5110057450713037f,0.09878690100822451f,0f,0f,0f,1f],start_interpolation:0}
execute if entity @s[tag=aj.convict.bone.left_arm] run data modify entity @s {} merge value {transformation:[-0.8408349084497677f,-0.07212610063300415f,-0.5364648006530797f,0.28814615942592864f,-0.47712609061982053f,0.5668086515619477f,0.6716238874283533f,1.233485272719404f,0.2556312781764342f,0.8206861629892416f,-0.5110057450713037f,0.49850963378442936f,0f,0f,0f,1f],start_interpolation:0}
execute if entity @s[tag=aj.convict.bone.right_axe] run data modify entity @s {} merge value {transformation:[-0.7509437322179748f,-0.5112349554822874f,0.41799800398514136f,-0.5397214914098012f,0.6592038263976222f,-0.6178738269628403f,0.4285816715831742f,1.2533801688083952f,0.039164094592779364f,0.5973866036724605f,0.8009965165014202f,-0.4127303552295393f,0f,0f,0f,1f],start_interpolation:0}
execute if entity @s[tag=aj.convict.bone.right_arm_2] run data modify entity @s {} merge value {transformation:[-0.7509437322179748f,0.3228726566890615f,0.5760527394302419f,-0.41486308222793683f,0.6592038263976222f,0.31477788889385233f,0.6829093614281938f,1.4201675844182453f,0.039164094592779364f,0.8925626746767295f,-0.44921937343423934f,0.048383642492599244f,0f,0f,0f,1f],start_interpolation:0}
execute if entity @s[tag=aj.convict.bone.right_arm] run data modify entity @s {} merge value {transformation:[-0.7509437322179748f,-0.15112889737672605f,0.642840234755288f,-0.4598488356101646f,0.6592038263976222f,-0.2292882736595787f,0.7161544545870981f,1.233485272719404f,0.039164094592779364f,0.9615544414851949f,0.2718073394057319f,0.4437055518109586f,0f,0f,0f,1f],start_interpolation:0}
execute if entity @s[tag=aj.convict.bone.body] run data modify entity @s {} merge value {transformation:[-0.9973266600481243f,-0.05985716771193328f,0.04191244004777861f,-0.04844060827215967f,2.7755575615628914e-17f,0.5735764363510463f,0.8191520442889917f,0.875f,-0.07307210929796099f,0.8169621724023332f,-0.5720430715482945f,-0.03949376495376423f,0f,0f,0f,1f],start_interpolation:0}