execute if entity @s[tag=aj.convict.bone.left_leg_2] run data modify entity @s {} merge value {transformation:[-0.7259192718988041f,-0.1299423153167894f,0.6753933708410398f,-0.03543661755530741f,-0.03886290305896606f,0.9881711665021049f,0.14834898199751406f,0.5115240753897718f,-0.6866810653074247f,0.08144163790090048f,-0.7223824293020138f,0.14449248048539193f,0f,0f,0f,1f],start_interpolation:0}
execute if entity @s[tag=aj.convict.bone.left_leg] run data modify entity @s {} merge value {transformation:[-0.7259192718988041f,0.2532963564456309f,0.6394389466534535f,0.04371849383395226f,-0.03886290305896606f,0.9131229587527303f,-0.4058277183294519f,0.796875f,-0.6866810653074247f,-0.3194486156019892f,-0.6530097216261278f,0.0446647881097703f,0f,0f,0f,1f],start_interpolation:0}
execute if entity @s[tag=aj.convict.bone.right_leg_2] run data modify entity @s {} merge value {transformation:[-0.7454725238946387f,-0.11763108264214747f,0.6560744199514211f,-0.10337374411059527f,0.057702995059480115f,0.9692191078827832f,0.23934219284544825f,0.4910198169137363f,-0.6640339452763864f,0.21628048758808177f,-0.7157385487797473f,-0.1917614141656243f,0f,0f,0f,1f],start_interpolation:0}
execute if entity @s[tag=aj.convict.bone.right_leg] run data modify entity @s {} merge value {transformation:[-0.7454725238946387f,-0.0889015596520368f,0.6605809782377878f,-0.13115548150185677f,0.057702995059480115f,0.9787365858760437f,0.19683764840312262f,0.796875f,-0.6640339452763864f,0.18485455947620294f,-0.7244913466436546f,-0.1339943643293109f,0f,0f,0f,1f],start_interpolation:0}
execute if entity @s[tag=aj.convict.bone.head] run data modify entity @s {} merge value {transformation:[-0.9922216529012533f,-0.007010648454844837f,0.12428613085194673f,-0.06656587994293982f,-0.007268809878836813f,0.9999722634440605f,-0.0016238058713326994f,1.6970987577966299f,-0.1242712996506028f,-0.002514587601383532f,-0.992245091160619f,-0.015962653398387396f,0f,0f,0f,1f],start_interpolation:0}
execute if entity @s[tag=aj.convict.bone.left_axe] run data modify entity @s {} merge value {transformation:[-0.9903234772056269f,-0.1384866938591967f,-0.008991447008436765f,0.36435184257356945f,-0.10126789444081108f,0.6768299661008073f,0.7291405972400006f,0.5748203128956685f,-0.09489058989637023f,0.7229955965370255f,-0.6843048614011082f,0.18211788105904092f,0f,0f,0f,1f],start_interpolation:0}
execute if entity @s[tag=aj.convict.bone.left_arm_2] run data modify entity @s {} merge value {transformation:[-0.9903234772056269f,-0.10428279348428852f,0.09156696717959828f,0.3494370419136836f,-0.10126789444081108f,0.9941713194869556f,0.036989202006671655f,1.0812591322224803f,-0.09489058989637023f,0.02735848118369965f,-0.995111696974988f,0.15818357263636246f,0f,0f,0f,1f],start_interpolation:0}
execute if entity @s[tag=aj.convict.bone.left_arm] run data modify entity @s {} merge value {transformation:[-0.9903234772056269f,-0.10428279348428852f,0.09156696717959828f,0.2264897001820924f,-0.10126789444081108f,0.9941713194869556f,0.036989202006671655f,1.4989669802622267f,-0.09489058989637023f,0.02735848118369965f,-0.995111696974988f,0.21782852500320282f,0f,0f,0f,1f],start_interpolation:0}
execute if entity @s[tag=aj.convict.bone.right_axe] run data modify entity @s {} merge value {transformation:[-0.6108155988422461f,-0.27466981656685757f,0.7426040641405869f,-0.5347679996233644f,-0.1643179021628532f,0.9614555544967841f,0.22046052652590836f,0.6271273429640762f,-0.7745346546409574f,0.012637586573809423f,-0.6324052183258788f,0.01730039643047701f,0f,0f,0f,1f],start_interpolation:0}
execute if entity @s[tag=aj.convict.bone.right_arm_2] run data modify entity @s {} merge value {transformation:[-0.6108155988422461f,0.2660237317720446f,0.7457450491589357f,-0.4374019748502741f,-0.1643179021628532f,0.8787706944002754f,-0.4480643856546255f,1.0742921051454863f,-0.7745346546409574f,-0.3962239780696434f,-0.4930543864148048f,-0.19856371806672252f,0f,0f,0f,1f],start_interpolation:0}
execute if entity @s[tag=aj.convict.bone.right_arm] run data modify entity @s {} merge value {transformation:[-0.6108155988422461f,0.20001546749805554f,0.7660927600313963f,-0.348631569356084f,-0.1643179021628532f,0.914478090930458f,-0.3697694528175417f,1.4997903103763779f,-0.7745346546409574f,-0.35174370494682555f,-0.5257113607203989f,-0.26355993295182467f,0f,0f,0f,1f],start_interpolation:0}
execute if entity @s[tag=aj.convict.bone.body] run data modify entity @s {} merge value {transformation:[-0.7668283593842353f,-0.02776390520486964f,0.6412514583311737f,-0.04371849383395226f,0.0010977734855349302f,0.9990058325108839f,0.04456614749571952f,0.875f,-0.64185127727337f,0.03487853461673502f,-0.7660355250806146f,-0.0446647881097703f,0f,0f,0f,1f],start_interpolation:0}