execute if entity @s[tag=aj.convict.bone.left_leg_2] run data modify entity @s {} merge value {transformation:[-0.4525673738987344f,0.10584665112422964f,-0.8854260322173666f,0.17641385277839358f,-0.03271695818125872f,0.990290967879083f,0.13510514270180457f,0.5131891026767803f,0.8911298293345189f,0.09011262610142282f,-0.44471040227021474f,0.02245583615730942f,0f,0f,0f,1f],start_interpolation:0}
execute if entity @s[tag=aj.convict.bone.left_leg] run data modify entity @s {} merge value {transformation:[-0.4525673738987344f,-0.3864689002043571f,-0.8036321056660429f,0.055642321464531984f,-0.03271695818125872f,0.907794871434303f,-0.41813642755079716f,0.796875f,0.8911298293345189f,-0.16294250695386991f,-0.4234824278501047f,-0.02846369726577493f,0f,0f,0f,1f],start_interpolation:0}
execute if entity @s[tag=aj.convict.bone.right_leg_2] run data modify entity @s {} merge value {transformation:[-0.7457422801285578f,0.17490423683796202f,-0.6428662065817348f,-0.21276956960332255f,0.19238561449289004f,0.9803525137159403f,0.0435513970732307f,0.49021277480923353f,0.6378528254737551f,-0.091200092033765f,-0.7647393779897698f,0.12428820208372995f,0f,0f,0f,1f],start_interpolation:0}
execute if entity @s[tag=aj.convict.bone.right_leg] run data modify entity @s {} merge value {transformation:[-0.7457422801285578f,0.1466963366711252f,-0.6498835560590308f,-0.16692696439359594f,0.19238561449289004f,0.9813191206104528f,0.0007475697430599747f,0.796875f,0.6378528254737551f,-0.12447075291649655f,-0.7600334234121205f,0.08539109179732479f,0f,0f,0f,1f],start_interpolation:0}
execute if entity @s[tag=aj.convict.bone.head] run data modify entity @s {} merge value {transformation:[-0.22263139971627843f,-0.9401065100229637f,0.2581375789628738f,-0.7676958691248376f,-0.3148930341806675f,-0.1812471105380024f,-0.9316608084201666f,1.0421407820871662f,0.922647081437352f,-0.28870267531505217f,-0.2556816934805225f,-0.3486780365524661f,0f,0f,0f,1f],start_interpolation:0}
execute if entity @s[tag=aj.convict.bone.left_axe] run data modify entity @s {} merge value {transformation:[-0.15147273095881092f,-0.34277095964708953f,-0.9271267879845201f,0.41808488308731095f,0.5185482215309414f,0.7709658273373534f,-0.3697559127656086f,0.705152281961705f,0.8415246601989614f,-0.5367678849378414f,0.06096297217474425f,-0.30246025744235466f,0f,0f,0f,1f],start_interpolation:0}
execute if entity @s[tag=aj.convict.bone.left_arm_2] run data modify entity @s {} merge value {transformation:[-0.15147273095881092f,-0.8979533087638342f,-0.41320196884327914f,-0.04666191727115965f,0.5185482215309414f,0.28369825127295606f,-0.8066120778737229f,0.7972689596272738f,0.8415246601989614f,-0.33644488033665965f,0.4226595423887567f,-0.4835693664676954f,0f,0f,0f,1f],start_interpolation:0}
execute if entity @s[tag=aj.convict.bone.left_arm] run data modify entity @s {} merge value {transformation:[-0.15147273095881092f,-0.8979533087638342f,-0.41320196884327914f,-0.4209218553316414f,0.5185482215309414f,0.28369825127295606f,-0.8066120778737229f,1.0019423340048519f,0.8415246601989614f,-0.33644488033665965f,0.4226595423887567f,-0.5893603116358118f,0f,0f,0f,1f],start_interpolation:0}
execute if entity @s[tag=aj.convict.bone.right_axe] run data modify entity @s {} merge value {transformation:[-0.4690741127489091f,-0.5616355039052139f,0.6815680725371167f,-0.6741313372076465f,0.701197196648401f,-0.7060310127480705f,-0.09921038479090083f,1.6429027580486284f,0.5369282709647979f,0.43137659856681043f,0.7249981117545629f,-0.6045091866684758f,0f,0f,0f,1f],start_interpolation:0}
execute if entity @s[tag=aj.convict.bone.right_arm_2] run data modify entity @s {} merge value {transformation:[-0.4690741127489091f,-0.05241678520047306f,0.8816019268230256f,-0.735424754344153f,0.701197196648401f,-0.628995875713558f,0.3356883670128573f,1.3425017531900243f,0.5369282709647979f,0.7756395225648203f,0.3318001851629535f,-0.20197206224365655f,0f,0f,0f,1f],start_interpolation:0}
execute if entity @s[tag=aj.convict.bone.right_arm] run data modify entity @s {} merge value {transformation:[-0.4690741127489091f,-0.05241678520047306f,0.8816019268230256f,-0.7719628393345825f,0.701197196648401f,-0.628995875713558f,0.3356883670128573f,1.0019423340048519f,0.5369282709647979f,0.7756395225648203f,0.3318001851629535f,0.0734143314746853f,0f,0f,0f,1f],start_interpolation:0}
execute if entity @s[tag=aj.convict.bone.body] run data modify entity @s {} merge value {transformation:[-0.46805464533725477f,-0.865280041389728f,-0.17948620824678238f,-0.055642321464531984f,0f,0.20310773440776297f,-0.9791563962022338f,0.875f,0.8836995241473294f,-0.45829869975414106f,-0.0950655185934788f,0.02846369726577493f,0f,0f,0f,1f],start_interpolation:0}