execute if entity @s[tag=aj.convict.bone.left_leg_2] run data modify entity @s {} merge value {transformation:[-0.9971653140173946f,-0.018873414956757092f,-0.07283632835653484f,0.06364473286884871f,-0.02840368438644475f,0.9908271677678936f,0.13211644230121244f,0.5135496030377914f,0.06967472449795636f,0.13381075375665596f,-0.9885545584059635f,0.1725442862689161f,0f,0f,0f,1f],start_interpolation:0}
execute if entity @s[tag=aj.convict.bone.left_leg] run data modify entity @s {} merge value {transformation:[-0.9971653140173946f,-0.05505260742719273f,-0.05128885781588732f,0.04644079304785098f,-0.02840368438644475f,0.9066412702790676f,-0.42094517189300773f,0.796875f,0.06967472449795636f,-0.41829513198485346f,-0.9056349238649688f,0.041827057523649395f,0f,0f,0f,1f],start_interpolation:0}
execute if entity @s[tag=aj.convict.bone.right_leg_2] run data modify entity @s {} merge value {transformation:[-0.8613286715645394f,0.09890030815289398f,0.4983288558654096f,-0.17699205926022932f,0.2107934322522589f,0.9620256226059866f,0.1734151964761924f,0.4941642962466184f,-0.4622543114565594f,0.2544119307281534f,-0.849467786936618f,-0.19333008584919986f,0f,0f,0f,1f],start_interpolation:0}
execute if entity @s[tag=aj.convict.bone.right_leg] run data modify entity @s {} merge value {transformation:[-0.8613286715645394f,0.12054297637336443f,0.49354058636338716f,-0.13932237914355294f,0.2107934322522589f,0.9686742520108211f,0.13128717534697942f,0.796875f,-0.4622543114565594f,0.21711652249040536f,-0.8597565743868989f,-0.12548117257094818f,0f,0f,0f,1f],start_interpolation:0}
execute if entity @s[tag=aj.convict.bone.head] run data modify entity @s {} merge value {transformation:[-0.9144222391827272f,-0.23676293006482485f,-0.3282914611060818f,-0.11821482146103714f,-0.40058728364769386f,0.6455536864001421f,0.6502232433210526f,1.2070046664339733f,0.057981002645773994f,0.7260879787755102f,-0.6851528664538191f,0.7077151850959209f,0f,0f,0f,1f],start_interpolation:0}
execute if entity @s[tag=aj.convict.bone.left_axe] run data modify entity @s {} merge value {transformation:[-0.8343902397082291f,0.2869349619849238f,-0.4705967015081537f,0.4191679638656762f,-0.5412438749882814f,-0.2652066515719314f,0.7979476798322517f,0.8071849747162212f,0.10415371173085217f,0.9205073381308346f,0.376587632271656f,-0.3030589829619466f,0f,0f,0f,1f],start_interpolation:0}
execute if entity @s[tag=aj.convict.bone.left_arm_2] run data modify entity @s {} merge value {transformation:[-0.8343902397082291f,-0.12986846146139328f,-0.5356557762194809f,0.360176459166487f,-0.5412438749882814f,0.3767047936991667f,0.751763637183748f,1.0466856376148508f,0.10415371173085217f,0.9171846494145652f,-0.3846093124340175f,0.14015091648071437f,0f,0f,0f,1f],start_interpolation:0}
execute if entity @s[tag=aj.convict.bone.left_arm] run data modify entity @s {} merge value {transformation:[-0.8343902397082291f,-0.12986846146139328f,-0.5356557762194809f,0.27233976591567155f,-0.5412438749882814f,0.3767047936991667f,0.751763637183748f,1.1271553790244409f,0.10415371173085217f,0.9171846494145652f,-0.3846093124340175f,0.5631908100273385f,0f,0f,0f,1f],start_interpolation:0}
execute if entity @s[tag=aj.convict.bone.right_axe] run data modify entity @s {} merge value {transformation:[-0.6815790343869889f,-0.7075071937557214f,0.18677149318888078f,-0.3405842779462118f,0.724930842548708f,-0.6876176879386294f,0.04070858331548916f,1.4171788625121702f,0.09962576677607093f,0.16314253282892904f,0.9815595858512317f,-0.3072237213639223f,0f,0f,0f,1f],start_interpolation:0}
execute if entity @s[tag=aj.convict.bone.right_arm_2] run data modify entity @s {} merge value {transformation:[-0.6815790343869889f,0.11953993504110694f,0.7219142773310885f,-0.3190181310240869f,0.724930842548708f,-0.024011318199976983f,0.6884030288427847f,1.415218916563206f,0.09962576677607093f,0.9925389969813111f,-0.07029257475446848f,0.19831049425688163f,0f,0f,0f,1f],start_interpolation:0}
execute if entity @s[tag=aj.convict.bone.right_arm] run data modify entity @s {} merge value {transformation:[-0.6815790343869889f,-0.3995841315532567f,0.6130110453286542f,-0.4742451650380327f,0.724930842548708f,-0.4827813459149256f,0.49132214030938326f,1.1271553790244409f,0.09962576677607093f,0.7792654835467836f,0.6187245047247419f,0.4916999653487884f,0f,0f,0f,1f],start_interpolation:0}
execute if entity @s[tag=aj.convict.bone.body] run data modify entity @s {} merge value {transformation:[-0.995446574604939f,-0.08721905042132738f,0.038457175544954064f,-0.04644079304785098f,0f,0.4034486064391053f,0.9150023070803395f,0.875f,-0.09532112623806677f,0.9108359123387405f,-0.40161153330894356f,-0.041827057523649395f,0f,0f,0f,1f],start_interpolation:0}