execute if entity @s[tag=aj.convict.bone.left_leg_2] run data modify entity @s {} merge value {transformation:[-0.9968880706102389f,-0.01820133712947055f,-0.07669997393542435f,0.06404770822355416f,-0.028249508676619267f,0.990842682650244f,0.1320331151567573f,0.5135595050762362f,0.07359442869215732f,0.13378897400446454f,-0.98827342901664f,0.1725788887501809f,0f,0f,0f,1f],start_interpolation:0}
execute if entity @s[tag=aj.convict.bone.left_leg] run data modify entity @s {} merge value {transformation:[-0.9968880706102389f,-0.05656171799306703f,-0.05490853060015516f,0.04637217135072071f,-0.028249508676619267f,0.9066095837560443f,-0.4210237854340556f,0.796875f,0.07359442869215732f,-0.41816245013076536f,-0.9053861194905244f,0.04190312308431672f,0f,0f,0f,1f],start_interpolation:0}
execute if entity @s[tag=aj.convict.bone.right_leg_2] run data modify entity @s {} merge value {transformation:[-0.8615193739443965f,0.10479019315779156f,0.4967930995257562f,-0.17860409741533428f,0.2141655912335391f,0.9621638505234436f,0.16844531539193702f,0.4941888858757013f,-0.4603449444167317f,0.251514890541004f,-0.8513652518080022f,-0.19262795468680818f,0f,0f,0f,1f],start_interpolation:0}
execute if entity @s[tag=aj.convict.bone.right_leg] run data modify entity @s {} merge value {transformation:[-0.8615193739443965f,0.1263602667621509f,0.49174937854790746f,-0.13911651405216213f,0.2141655912335391f,0.9685955651977558f,0.1263159950712045f,0.796875f,-0.4603449444167317f,0.2141394733883456f,-0.8615258661740333f,-0.12570936925295018f,0f,0f,0f,1f],start_interpolation:0}
execute if entity @s[tag=aj.convict.bone.head] run data modify entity @s {} merge value {transformation:[-0.9194275142460631f,-0.23287393487141766f,-0.3168955293228484f,-0.1107418866325883f,-0.38911051006055725f,0.6554516054067017f,0.6472837120847323f,1.2105303039771167f,0.05697417842951799f,0.7184378354647535f,-0.6932539358453014f,0.7067410768046029f,0f,0f,0f,1f],start_interpolation:0}
execute if entity @s[tag=aj.convict.bone.left_axe] run data modify entity @s {} merge value {transformation:[-0.8341992978772013f,0.30099586667331224f,-0.4620746905715202f,0.4102104082257129f,-0.5376691296412249f,-0.25769188697116635f,0.8028118075988215f,0.8015186023406653f,0.12257013686878276f,0.9181483429352912f,0.37680257683984414f,-0.3067247167767618f,0f,0f,0f,1f],start_interpolation:0}
execute if entity @s[tag=aj.convict.bone.left_arm_2] run data modify entity @s {} merge value {transformation:[-0.8341992978772013f,-0.1138999286839766f,-0.5395723655516186f,0.3591053908853523f,-0.5376691296412249f,0.38545799243568757f,0.7498893539038257f,1.0452346631613612f,0.12257013686878276f,0.915668576676755f,-0.38278926217271736f,0.13516479319175445f,0f,0f,0f,1f],start_interpolation:0}
execute if entity @s[tag=aj.convict.bone.left_arm] run data modify entity @s {} merge value {transformation:[-0.8341992978772013f,-0.1138999286839766f,-0.5395723655516186f,0.27836092788818256f,-0.5376691296412249f,0.38545799243568757f,0.7498893539038257f,1.129833077746398f,0.12257013686878276f,0.915668576676755f,-0.38278926217271736f,0.5588118815102039f,0f,0f,0f,1f],start_interpolation:0}
execute if entity @s[tag=aj.convict.bone.right_axe] run data modify entity @s {} merge value {transformation:[-0.6830632017394399f,-0.6988860936889955f,0.21209170299095137f,-0.3619886683765026f,0.7213004028932024f,-0.6911162795015897f,0.04565103497166881f,1.4138894816232472f,0.11467515518005311f,0.18416437292814564f,0.9761829196049343f,-0.31051106328185735f,0f,0f,0f,1f],start_interpolation:0}
execute if entity @s[tag=aj.convict.bone.right_arm_2] run data modify entity @s {} merge value {transformation:[-0.6830632017394399f,0.15037269343736093f,0.7147116310078204f,-0.3247681590041328f,0.7213004028932024f,-0.014757433663782071f,0.6924651232645318f,1.4163861711423966f,0.11467515518005311f,0.9885192315883656f,-0.09838362447266386f,0.1941097681034883f,0f,0f,0f,1f],start_interpolation:0}
execute if entity @s[tag=aj.convict.bone.right_arm] run data modify entity @s {} merge value {transformation:[-0.6830632017394399f,-0.37198580023143774f,0.6285310070757387f,-0.4688820285426486f,0.7213004028932024f,-0.478702977782674f,0.5005688642415794f,1.129833077746398f,0.11467515518005311f,0.7952798397345286f,0.5952978962639237f,0.4945626475497052f,0f,0f,0f,1f],start_interpolation:0}
execute if entity @s[tag=aj.convict.bone.body] run data modify entity @s {} merge value {transformation:[-0.996323941907775f,-0.07822140636241975f,0.03492870407040491f,-0.04637217135072071f,0f,0.4077329243942368f,0.9131012333607504f,0.875f,-0.085665645280665f,0.909744620182834f,-0.4062340744780507f,-0.04190312308431672f,0f,0f,0f,1f],start_interpolation:0}