execute if entity @s[tag=aj.convict.bone.left_leg_2] run data modify entity @s {} merge value {transformation:[0.1544900705408993f,0.14371270762945237f,-0.9774863046457889f,0.14183442043885902f,-0.03659368042605608f,0.989517742247493f,0.13969803266438596f,0.5126217195221838f,0.9873164237756525f,0.014187862532308679f,0.15812964269744204f,-0.09081586823302432f,0f,0f,0f,1f],start_interpolation:0}
execute if entity @s[tag=aj.convict.bone.left_leg] run data modify entity @s {} merge value {transformation:[0.1544900705408993f,-0.4039969403812781f,-0.901620369261273f,0.015585376569709625f,-0.03659368042605608f,0.9096104975290118f,-0.41384736961577917f,0.796875f,0.9873164237756525f,0.09692891698347708f,0.12574205499858263f,-0.06052558167568774f,0f,0f,0f,1f],start_interpolation:0}
execute if entity @s[tag=aj.convict.bone.right_leg_2] run data modify entity @s {} merge value {transformation:[-0.024378278157372618f,-0.1622525796651663f,-0.9864480726049806f,0.0173458739647145f,0.25396684414572457f,0.9533642522660436f,-0.16308722995951877f,0.5014552825974485f,0.9669056529097051f,-0.254500889768988f,0.01796539668502783f,0.26078768931379187f,0f,0f,0f,1f],start_interpolation:0}
execute if entity @s[tag=aj.convict.bone.right_leg] run data modify entity @s {} merge value {transformation:[-0.024378278157372618f,-0.2051264117562988f,-0.9784318344954172f,-0.046756129709128874f,0.25396684414572457f,0.9453430956881645f,-0.20451717167362515f,0.796875f,0.9669056529097051f,-0.2534750217175317f,0.02904947050384582f,0.18157674502706322f,0f,0f,0f,1f],start_interpolation:0}
execute if entity @s[tag=aj.convict.bone.head] run data modify entity @s {} merge value {transformation:[0.029776702230162266f,0.28162250574947256f,-0.9590631429992942f,0.28701489134864633f,0.005437040532458581f,0.9594287746240586f,0.28189867863050666f,1.5899532799916833f,0.9995417883182998f,-0.01360847819433117f,0.0270374319544176f,-0.21236096699360552f,0f,0f,0f,1f],start_interpolation:0}
execute if entity @s[tag=aj.convict.bone.left_axe] run data modify entity @s {} merge value {transformation:[0.792906071190506f,0.5278148856328693f,0.30448548204076586f,-0.617655226281361f,-0.4895261152002397f,0.254204626320138f,0.8341128164069899f,0.7222843353911768f,0.3628555426146859f,-0.8104267113452026f,0.45993956204266856f,-0.19779464267246533f,0f,0f,0f,1f],start_interpolation:0}
execute if entity @s[tag=aj.convict.bone.left_arm_2] run data modify entity @s {} merge value {transformation:[0.792906071190506f,0.5885252339660841f,-0.15791773571832368f,-0.35446677092289164f,-0.4895261152002397f,0.7695566438359542f,0.41005701367603026f,1.144090544767808f,0.3628555426146859f,-0.2478318399905637f,0.8982846065032473f,-0.29822839604687434f,0f,0f,0f,1f],start_interpolation:0}
execute if entity @s[tag=aj.convict.bone.left_arm] run data modify entity @s {} merge value {transformation:[0.792906071190506f,0.5885252339660841f,-0.15791773571832368f,-0.03433670231078467f,-0.4895261152002397f,0.7695566438359542f,0.41005701367603026f,1.4160444308395252f,0.3628555426146859f,-0.2478318399905637f,0.8982846065032473f,-0.42750035169311024f,0f,0f,0f,1f],start_interpolation:0}
execute if entity @s[tag=aj.convict.bone.right_axe] run data modify entity @s {} merge value {transformation:[-0.5133563870766992f,0.8107594565508228f,0.2813082356792511f,0.21461323901771698f,-0.6494563653750199f,-0.5813048927628006f,0.49019491136067245f,0.909645099304688f,0.5609560137135772f,0.06894726436519182f,0.8249694693836431f,-0.6134132727658224f,0f,0f,0f,1f],start_interpolation:0}
execute if entity @s[tag=aj.convict.bone.right_arm_2] run data modify entity @s {} merge value {transformation:[-0.5133563870766992f,0.2321892057138255f,-0.8261678961310114f,0.3317572884479671f,-0.6494563653750199f,0.524167822990839f,0.5508670645581502f,1.1400464940284682f,0.5609560137135772f,0.8193511250318923f,-0.11828814221022205f,-0.1784118334153862f,0f,0f,0f,1f],start_interpolation:0}
execute if entity @s[tag=aj.convict.bone.right_arm] run data modify entity @s {} merge value {transformation:[-0.5133563870766992f,0.10752341753106254f,-0.8514129048411232f,0.4628118093901694f,-0.6494563653750199f,0.5998336284248585f,0.46733932820225765f,1.4199602764884225f,0.5609560137135772f,0.7928671596762662f,-0.2380966563928681f,0.1340404068154601f,0f,0f,0f,1f],start_interpolation:0}
execute if entity @s[tag=aj.convict.bone.body] run data modify entity @s {} merge value {transformation:[0.6628646822679387f,0.36771668817504316f,-0.6522230065241512f,-0.015585376569709625f,0.005221127531862851f,0.868803765862358f,0.4951290299009755f,0.875f,0.7487210113447604f,-0.3316088865832205f,0.5739794364869844f,0.06052558167568774f,0f,0f,0f,1f],start_interpolation:0}