execute if entity @s[tag=aj.red_knight.bone.head] run data modify entity @s {} merge value {transformation:[-0.3426509581040651f,-0.3843588480959724f,0.8572389379867802f,0.018824018521122636f,-0.16635642472438147f,0.9228819194649746f,0.347295987131388f,1.6246049360288426f,-0.9246166020915303f,-0.023605902121739353f,-0.3801669377020198f,0.011803822055661377f,0f,0f,0f,1f],start_interpolation:0}
execute if entity @s[tag=aj.red_knight.bone.body] run data modify entity @s {} merge value {transformation:[0.6253125379462006f,0.03011842963379622f,0.7797929918149272f,-0.6943061591824187f,-0.004097984034227375f,0.9993678976461483f,-0.03531305256095471f,0.6448144946792158f,-0.7803636565179957f,0.018886115289058203f,0.6250407012628472f,0.046192820127990086f,0f,0f,0f,1f],start_interpolation:0}
execute if entity @s[tag=aj.red_knight.bone.left_hand] run data modify entity @s {} merge value {transformation:[0.04714581276092722f,-0.2667465905803402f,0.9626128654619548f,-0.008825646923141667f,-0.7593955486767474f,0.6164777482412807f,0.20802304337092467f,1.4579077832298497f,-0.6489188493094131f,-0.7408113405835011f,-0.17350182902154793f,0.5125634247242938f,0f,0f,0f,1f],start_interpolation:0}
execute if entity @s[tag=aj.red_knight.bone.left_arm] run data modify entity @s {} merge value {transformation:[0.04714581276092722f,-0.6148177107981195f,0.7872588232773712f,-0.19800956824999608f,-0.7593955486767474f,0.4899442016005477f,0.42810405273477997f,1.563553124437724f,-0.6489188493094131f,-0.6180241595657577f,-0.4437910152357586f,0.27887344677815623f,0f,0f,0f,1f],start_interpolation:0}
execute if entity @s[tag=aj.red_knight.bone.weapon] run data modify entity @s {} merge value {transformation:[1.5022999919901212f,-0.5540006276799733f,0.46255358216584547f,0.5293417028529274f,-0.7211119760309399f,-1.1085711289120244f,1.0143201407569766f,2.040039298094448f,-0.029496268730346553f,-1.114419640194256f,-1.23894173126022f,-0.3573241214036993f,0f,0f,0f,1f],start_interpolation:0}
execute if entity @s[tag=aj.red_knight.bone.right_hand] run data modify entity @s {} merge value {transformation:[0.9013799951940726f,-0.4231501861931406f,0.09196751702989478f,0.39710726966757093f,-0.43266718561856393f,-0.8714006637442706f,0.23121416417459456f,1.7677265906743636f,-0.017697761238207932f,-0.2482031489541494f,-0.9685463262520797f,-0.434887605451871f,0f,0f,0f,1f],start_interpolation:0}
execute if entity @s[tag=aj.red_knight.bone.right_arm] run data modify entity @s {} merge value {transformation:[0.9013799951940726f,-0.3484102988157587f,-0.25714658843361554f,0.2318928015880168f,-0.43266718561856393f,-0.7489040939562598f,-0.5019380086668723f,1.5607357604141927f,-0.017697761238207932f,0.5636957705488552f,-0.8257928720402519f,-0.2576265670779658f,0f,0f,0f,1f],start_interpolation:0}
execute if entity @s[tag=aj.red_knight.bone.waist] run data modify entity @s {} merge value {transformation:[-0.2902846772544625f,0f,0.9569403357322087f,-0.06349977314941367f,0f,1f,0f,0.890625f,-0.9569403357322087f,0f,-0.2902846772544625f,-0.20933069844142066f,0f,0f,0f,1f],start_interpolation:0}
execute if entity @s[tag=aj.red_knight.bone.left_foot] run data modify entity @s {} merge value {transformation:[-0.3122017681531336f,-0.593007981113406f,0.7422072421486191f,-0.3404263510744927f,-0.20510309684508587f,0.8049064367050087f,0.5568288317027066f,0.6841105663772774f,-0.9276113278882552f,0.021613941950696325f,-0.37292098611735375f,0.29651608280802755f,0f,0f,0f,1f],start_interpolation:0}
execute if entity @s[tag=aj.red_knight.bone.left_leg] run data modify entity @s {} merge value {transformation:[-0.3122017681531336f,0.5962635484707948f,0.7395943731039825f,0.06618997014843933f,-0.20510309684508587f,0.7178434034573361f,-0.6653071228968945f,0.90625f,-0.9276113278882552f,-0.3594031564661113f,-0.1018164794892436f,0.11054614580232414f,0f,0f,0f,1f],start_interpolation:0}
execute if entity @s[tag=aj.red_knight.bone.right_foot] run data modify entity @s {} merge value {transformation:[-0.24482361364696803f,-0.3099541507072302f,0.918689187190205f,-0.06448112616689618f,0.5372996083468239f,0.7453543480249117f,0.3946593806698485f,0.4855307170801539f,-0.8070752933098557f,0.5902332762050257f,-0.015942101150471524f,-0.3911527672325784f,0f,0f,0f,1f],start_interpolation:0}
execute if entity @s[tag=aj.red_knight.bone.right_leg] run data modify entity @s {} merge value {transformation:[-0.24482361364696803f,-0.22210786624228615f,0.9437846650344234f,-0.00638119916517629f,0.5372996083468239f,0.7791920946816271f,0.3227519333110307f,0.90625f,-0.8070752933098557f,0.5861124255114858f,-0.0714261548023773f,-0.12868893813072804f,0f,0f,0f,1f],start_interpolation:0}