execute if entity @s[tag=aj.red_knight.bone.head] run data modify entity @s {} merge value {transformation:[-0.22983915369633906f,0.43911272492545f,-0.8685355365422287f,0.029267955664622293f,0.33586467365774614f,0.8733881968540651f,0.35268679956128296f,1.622621686725386f,0.9134379477648861f,-0.21064916900987551f,-0.3482212560693598f,0.04594150618393986f,0f,0f,0f,1f],start_interpolation:0}
execute if entity @s[tag=aj.red_knight.bone.body] run data modify entity @s {} merge value {transformation:[0.5352550644607333f,0.04682872906339567f,-0.8433914192730703f,0.153234124771793f,-0.08715573510241259f,0.9961946987606176f,-2.0118431379168022e-8f,0.66728124885324f,0.8401820599179053f,0.07350640989430378f,0.5372996500059872f,-0.6900500692998757f,0f,0f,0f,1f],start_interpolation:0}
execute if entity @s[tag=aj.red_knight.bone.left_hand] run data modify entity @s {} merge value {transformation:[0.49482627364072235f,-0.8553646489100464f,-0.15329147500702867f,0.04004302213526831f,0.604371628681149f,0.46549940766338355f,-0.6465641777196867f,1.340828958354727f,0.6244052316886307f,0.22729192431767686f,0.7472994632540794f,-0.2627440648803815f,0f,0f,0f,1f],start_interpolation:0}
execute if entity @s[tag=aj.red_knight.bone.left_arm] run data modify entity @s {} merge value {transformation:[0.49482627364072235f,-0.7315917841536975f,-0.4689567360361157f,-0.15765276831021702f,0.604371628681149f,0.6774947739104092f,-0.41920849916166886f,1.5903193019943018f,0.6244052316886307f,-0.0759887668204543f,0.7773955325038692f,-0.24746522753123407f,0f,0f,0f,1f],start_interpolation:0}
execute if entity @s[tag=aj.red_knight.bone.weapon] run data modify entity @s {} merge value {transformation:[-0.008813161644863437f,1.32527692721395f,-1.010614254873714f,0.3961528523850901f,-1.5681018563871616f,0.33576273376027976f,0.4539798810418135f,1.2685562285502372f,0.5645854000545332f,0.9532482523403615f,1.2451260471265906f,-0.20969280720697092f,0f,0f,0f,1f],start_interpolation:0}
execute if entity @s[tag=aj.red_knight.bone.right_hand] run data modify entity @s {} merge value {transformation:[-0.005287896986918061f,-0.29783721190437656f,-0.9546020287797863f,0.30307872366497246f,-0.9408611138322969f,0.32486349751461957f,-0.0961460995611284f,1.3700760715235558f,0.3387512400327199f,0.8976395173941468f,-0.28194129564272463f,0.07081954197869994f,0f,0f,0f,1f],start_interpolation:0}
execute if entity @s[tag=aj.red_knight.bone.right_arm] run data modify entity @s {} merge value {transformation:[-0.005287896986918061f,-0.29783721190437656f,-0.9546020287797863f,0.21033508850653715f,-0.9408611138322969f,0.32486349751461957f,-0.0961460995611284f,1.530399734111393f,0.3387512400327199f,0.8976395173941468f,-0.28194129564272463f,0.3301599386623258f,0f,0f,0f,1f],start_interpolation:0}
execute if entity @s[tag=aj.red_knight.bone.waist] run data modify entity @s {} merge value {transformation:[-0.7372773368101243f,-0.41127326021240745f,-0.5359817478799329f,-0.11629640459148263f,0f,0.7933533402912352f,-0.6087614290087207f,0.9132269784056462f,0.67559020761566f,-0.4488260051322751f,-0.5849214378793381f,0.19687570222726822f,0f,0f,0f,1f],start_interpolation:0}
execute if entity @s[tag=aj.red_knight.bone.left_foot] run data modify entity @s {} merge value {transformation:[-0.6211222851751714f,-0.13516835520089138f,-0.7719693145527604f,0.48700015164624216f,-0.14475547849994294f,0.9878530739997005f,-0.05649916489289819f,1.000096259301203f,0.7702291596031832f,0.0766538971065921f,-0.6331439186751668f,0.2577399562228732f,0f,0f,0f,1f],start_interpolation:0}
execute if entity @s[tag=aj.red_knight.bone.left_leg] run data modify entity @s {} merge value {transformation:[-0.6211222851751714f,-0.7829263460333012f,-0.03512041494226242f,0.11396710562493084f,-0.14475547849994294f,0.15865062887351633f,-0.9766656692043038f,0.9065993296911742f,0.7702291596031832f,-0.6015449398382314f,-0.21187431900065895f,-0.060650132904536025f,0f,0f,0f,1f],start_interpolation:0}
execute if entity @s[tag=aj.red_knight.bone.right_foot] run data modify entity @s {} merge value {transformation:[-0.88905633184523f,0.13876627796920432f,-0.43625996711190207f,0.06071820006606188f,-0.029202696443524953f,0.9338220463943998f,0.3565439498690206f,0.48217657363937616f,0.4568654521041525f,0.3297276236021922f,-0.8261680536714788f,0.33618040258350756f,0f,0f,0f,1f],start_interpolation:0}
execute if entity @s[tag=aj.red_knight.bone.right_leg] run data modify entity @s {} merge value {transformation:[-0.88905633184523f,-0.11736801766010319f,-0.442496991217389f,-0.07035222857760023f,-0.029202696443524953f,0.9791484504635748f,-0.20103610241747027f,0.9065993296911742f,0.4568654521041525f,-0.16581031447204347f,-0.8739455922929931f,0.108247418999379f,0f,0f,0f,1f],start_interpolation:0}