execute if entity @s[tag=aj.red_knight.bone.head] run data modify entity @s {} merge value {transformation:[-0.8945862617549013f,0.2587815338676621f,0.3643453554095227f,0f,0.363864732780561f,0.8951110154815074f,0.25764069205425505f,1.625f,-0.2594568875900624f,0.3630542489666862f,-0.8949154908645359f,0f,0f,0f,0f,1f],start_interpolation:0}
execute if entity @s[tag=aj.red_knight.bone.body] run data modify entity @s {} merge value {transformation:[-0.9961946980917455f,0f,-0.08715574274765804f,0.5105441361043348f,0f,1f,0f,0.625f,0.08715574274765804f,0f,-0.9961946980917455f,0.4572430946329081f,0f,0f,0f,1f],start_interpolation:0}
execute if entity @s[tag=aj.red_knight.bone.left_hand] run data modify entity @s {} merge value {transformation:[-0.5071255223477951f,-0.34683770203041253f,-0.7890040006449515f,0.3799177397696962f,-0.7697511313200569f,0.5940630344013693f,0.23360716382279392f,1.4670328559486931f,0.38769433889981975f,0.7258048770903236f,-0.5682432401506695f,-0.3316949152819144f,0f,0f,0f,1f],start_interpolation:0}
execute if entity @s[tag=aj.red_knight.bone.left_arm] run data modify entity @s {} merge value {transformation:[-0.5071255223477951f,-0.018497494892548982f,-0.8616736895520113f,0.3424419274690375f,-0.7697511313200569f,0.459445087228193f,0.4431629583498269f,1.5625f,0.38769433889981975f,0.8880135440997383f,-0.24723479747085225f,-0.02995978656950745f,0f,0f,0f,1f],start_interpolation:0}
execute if entity @s[tag=aj.red_knight.bone.weapon] run data modify entity @s {} merge value {transformation:[-0.5160350139687345f,1.5845971762739721f,-0.023182559837514605f,-0.6955048255440164f,-1.5585029020426933f,-0.5030083495682468f,0.30956272767713683f,1.517156689443814f,0.2873227217965345f,0.11752517597076961f,1.6375015310924899f,-0.48755526073897637f,0f,0f,0f,1f],start_interpolation:0}
execute if entity @s[tag=aj.red_knight.bone.right_hand] run data modify entity @s {} merge value {transformation:[-0.3096210083812407f,0.5339385360818422f,-0.7867937918258906f,-0.5286490330184407f,-0.935101741225616f,-0.020960877232663933f,0.3537589224068535f,1.5106064153086065f,0.1723936330779207f,0.8452634390013662f,0.5057767827429197f,-0.22341043605104946f,0f,0f,0f,1f],start_interpolation:0}
execute if entity @s[tag=aj.red_knight.bone.right_arm] run data modify entity @s {} merge value {transformation:[-0.3096210083812407f,0.5339385360818422f,-0.7867937918258906f,-0.3424419274690375f,-0.935101741225616f,-0.020960877232663933f,0.3537589224068535f,1.5625f,0.1723936330779207f,0.8452634390013662f,0.5057767827429197f,0.02995978656950745f,0f,0f,0f,1f],start_interpolation:0}
execute if entity @s[tag=aj.red_knight.bone.waist] run data modify entity @s {} merge value {transformation:[-0.9990482215818578f,0f,0.043619387365336125f,-0.2185417984710314f,0f,1f,0f,0.890625f,-0.043619387365336125f,0f,-0.9990482215818578f,-0.009541740986167278f,0f,0f,0f,1f],start_interpolation:0}
execute if entity @s[tag=aj.red_knight.bone.left_foot] run data modify entity @s {} merge value {transformation:[-0.9786539522465127f,-0.17632591398038455f,-0.1055727891611408f,0.166787391139859f,-0.20509013191989858f,0.8049034036794742f,0.5568379912813745f,0.6841058326321772f,-0.013209070419952066f,0.5666036381847362f,-0.8238846021467213f,0.41951386530463336f,0f,0f,0f,1f],start_interpolation:0}
execute if entity @s[tag=aj.red_knight.bone.left_leg] run data modify entity @s {} merge value {transformation:[-0.9786539522465127f,-0.14123420526773395f,0.14929615204241622f,0.12624413355289898f,-0.20509013191989858f,0.7178516894505407f,-0.6653021792705051f,0.90625f,-0.013209070419952066f,-0.68171977469881f,-0.7314941347975694f,-0.02576783350376604f,0f,0f,0f,1f],start_interpolation:0}
execute if entity @s[tag=aj.red_knight.bone.right_foot] run data modify entity @s {} merge value {transformation:[-0.9191634691127194f,0.060629612274241435f,0.38918192039732025f,-0.2939815412020699f,0.36554926338674204f,0.49925094515101387f,0.7855712760808085f,0.44436430785138814f,-0.14667055971148824f,0.8643335836824197f,-0.48105634080908266f,-0.11956622646454043f,0f,0f,0f,1f],start_interpolation:0}
execute if entity @s[tag=aj.red_knight.bone.right_leg] run data modify entity @s {} merge value {transformation:[-0.9191634691127194f,0.25295324871679226f,0.30191583431859215f,-0.12351792184256546f,0.36554926338674204f,0.8332833090657226f,0.4147440932308618f,0.90625f,-0.14667055971148824f,0.49158273036804306f,-0.8583904508542827f,-0.03667268034510007f,0f,0f,0f,1f],start_interpolation:0}