execute if entity @s[tag=aj.red_knight.bone.head] run data modify entity @s {} merge value {transformation:[-0.06544210586864913f,0.282930630439838f,-0.9569052142915683f,0.03905872137852652f,0.4474701023737799f,0.865456587055061f,0.22528959897120124f,1.622525249777103f,0.8919012491644327f,-0.41344304841407287f,-0.18324029976236972f,-0.039518725614954106f,0f,0f,0f,1f],start_interpolation:0}
execute if entity @s[tag=aj.red_knight.bone.body] run data modify entity @s {} merge value {transformation:[0.43118323977377204f,0.06249395420564243f,-0.9000975055103401f,0.2244963762840985f,0.030191393590240343f,0.996040399643365f,0.08361819198813737f,0.5705235383942443f,0.9017591105673805f,-0.06322996098392657f,0.42758914689535554f,-0.6127829211571649f,0f,0f,0f,1f],start_interpolation:0}
execute if entity @s[tag=aj.red_knight.bone.left_hand] run data modify entity @s {} merge value {transformation:[0.470378617145136f,0.848735671228484f,-0.2416437810434271f,-0.4164033613467569f,-0.7891788505288946f,0.5271117591403398f,0.31519824754250914f,1.484728543169944f,0.3948932747091576f,0.04243764555569218f,0.917746341768338f,-0.27272767448921187f,0f,0f,0f,1f],start_interpolation:0}
execute if entity @s[tag=aj.red_knight.bone.left_arm] run data modify entity @s {} merge value {transformation:[0.470378617145136f,0.8766025866996019f,0.10154733637174346f,-0.11306638943156026f,-0.7891788505288946f,0.3663666183707506f,0.4929221468157759f,1.5498944332527476f,0.3948932747091576f,-0.31199904797153977f,0.8641272450596211f,-0.3455465473109957f,0f,0f,0f,1f],start_interpolation:0}
execute if entity @s[tag=aj.red_knight.bone.weapon] run data modify entity @s {} merge value {transformation:[-0.7309204347608362f,1.3005753992107119f,-0.7429917407311506f,0.1413010142223337f,-0.2599169861942877f,0.7040623849470122f,1.4881253630552038f,0.9561455138856689f,1.4751190650637276f,0.7684904468166153f,-0.1059431678537647f,0.13707891100610986f,0f,0f,0f,1f],start_interpolation:0}
execute if entity @s[tag=aj.red_knight.bone.right_hand] run data modify entity @s {} merge value {transformation:[-0.43855226085650173f,0.057393984673254676f,-0.8968711418152425f,0.1592366344327258f,-0.15595019171657262f,0.9779586374078137f,0.138839624110038f,1.2617575880756107f,0.8850714390382365f,0.20075565756107244f,-0.41993536854616864f,0.199815053993945f,0f,0f,0f,1f],start_interpolation:0}
execute if entity @s[tag=aj.red_knight.bone.right_arm] run data modify entity @s {} merge value {transformation:[-0.4108582528368614f,-0.004938199430789242f,-0.9116858616114563f,0.183372087912908f,-0.3713193545457021f,0.914195099556227f,0.16238613514442485f,1.570651016346038f,0.8326568518997515f,0.405244289452377f,-0.3774382503809508f,0.27441284120407833f,0f,0f,0f,1f],start_interpolation:0}
execute if entity @s[tag=aj.red_knight.bone.waist] run data modify entity @s {} merge value {transformation:[-0.7071067811865476f,0.03469608525397034f,-0.7062550401009887f,-0.15847449270921027f,0f,0.9987954562051724f,0.049067674327418015f,0.8907567469775592f,0.7071067811865475f,0.034696085253970346f,-0.7062550401009888f,0.15088472405990425f,0f,0f,0f,1f],start_interpolation:0}
execute if entity @s[tag=aj.red_knight.bone.left_foot] run data modify entity @s {} merge value {transformation:[-0.6938195949028674f,0.2678690555624966f,-0.6684762814048657f,0.41162518366352335f,-0.23086066185968226f,0.7965256640675418f,0.5587935408426542f,0.6842286211169777f,0.6821420119993568f,0.5420267849044157f,-0.49080468611419326f,0.16511854008722104f,0f,0f,0f,1f],start_interpolation:0}
execute if entity @s[tag=aj.red_knight.bone.left_leg] run data modify entity @s {} merge value {transformation:[-0.6938195949028674f,-0.5946532494180402f,-0.4062042376507009f,0.06306511965260282f,-0.23086066185968226f,0.7179476099516627f,-0.6566997671466047f,0.9078962908034969f,0.6821420119993568f,-0.36185458726021613f,-0.6354081626358039f,-0.11371157564403406f,0f,0f,0f,1f],start_interpolation:0}
execute if entity @s[tag=aj.red_knight.bone.right_foot] run data modify entity @s {} merge value {transformation:[-0.5668764406112343f,0.7795510024266783f,-0.26636691929648215f,-0.33360038944192977f,0.5475156243016561f,0.5981115864436722f,0.5852257438864096f,0.49207697768258923f,0.6155304559690816f,0.18591063653646756f,-0.7658717209801521f,0.23042935277070628f,0f,0f,0f,1f],start_interpolation:0}
execute if entity @s[tag=aj.red_knight.bone.right_leg] run data modify entity @s {} merge value {transformation:[-0.5668764406112343f,0.6531690961989736f,-0.5020171639003528f,-0.11371157564403407f,0.5475156243016561f,0.7540448508943753f,0.3628264102642573f,0.9078962908034969f,0.6155304559690816f,-0.06918449689269474f,-0.7850705466161619f,0.06306511965260281f,0f,0f,0f,1f],start_interpolation:0}