execute if entity @s[tag=aj.red_knight.bone.head] run data modify entity @s {} merge value {transformation:[-0.28050960368442346f,-0.3918409227100954f,0.8762277406761947f,0.019233246135033792f,-0.1639445938177822f,0.9190232874941048f,0.35849458461942013f,1.6245435348058646f,-0.9457465476536142f,-0.04309162718242618f,-0.32203505906661883f,0.014158226418055028f,0f,0f,0f,1f],start_interpolation:0}
execute if entity @s[tag=aj.red_knight.bone.body] run data modify entity @s {} merge value {transformation:[0.6535709358997039f,0.03077319381605407f,0.7562394080511441f,-0.6960210279095785f,-0.0029693739996987066f,0.9992696556893835f,-0.03809643075763023f,0.645713988557655f,-0.7568594417494143f,0.022653162268888045f,0.6531849812066903f,0.019690436865859806f,0f,0f,0f,1f],start_interpolation:0}
execute if entity @s[tag=aj.red_knight.bone.left_hand] run data modify entity @s {} merge value {transformation:[0.06992847539880709f,-0.23848801181376522f,0.9686245281581072f,-0.027034757414978378f,-0.7577596509154186f,0.6188090985422836f,0.20706426781516166f,1.4565745705863553f,-0.6487760166443741f,-0.7484642728830838f,-0.13744421575553903f,0.5131154623830609f,0f,0f,0f,1f],start_interpolation:0}
execute if entity @s[tag=aj.red_knight.bone.left_arm] run data modify entity @s {} merge value {transformation:[0.06992847539880709f,-0.5910107519726077f,0.80362696531486f,-0.20735508769399283f,-0.7577596509154186f,0.4924649959473056f,0.4281104287577716f,1.5631099036376748f,-0.6487760166443741f,-0.638893198288566f,-0.4134067747481475f,0.2729128368776107f,0f,0f,0f,1f],start_interpolation:0}
execute if entity @s[tag=aj.red_knight.bone.weapon] run data modify entity @s {} merge value {transformation:[1.50137931937634f,-0.5615313303844132f,0.45642138657552817f,0.5423897467181985f,-0.7232362729501883f,-1.1990287837173215f,0.9039010161982679f,2.0366870374382406f,0.023816183907955646f,-1.0123192770029872f,-1.3237901074452816f,-0.3685774664725867f,0f,0f,0f,1f],start_interpolation:0}
execute if entity @s[tag=aj.red_knight.bone.right_hand] run data modify entity @s {} merge value {transformation:[0.900827591625804f,-0.42281687623428044f,0.09866883670713456f,0.4102594728949859f,-0.43394176377011295f,-0.8842619178748321f,0.17255551643574824f,1.7603551881023558f,0.014289710344773388f,-0.19825929932240094f,-0.9800454348704722f,-0.430533497510837f,0f,0f,0f,1f],start_interpolation:0}
execute if entity @s[tag=aj.red_knight.bone.right_arm] run data modify entity @s {} merge value {transformation:[0.900827591625804f,-0.3583450165802225f,-0.24514995259590427f,0.24197493073705365f,-0.43394176377011295f,-0.7245058858403398f,-0.5355238249030463f,1.5610684590128816f,0.014289710344773388f,0.588795440263276f,-0.8081557607933247f,-0.24742802932511165f,0f,0f,0f,1f],start_interpolation:0}
execute if entity @s[tag=aj.red_knight.bone.waist] run data modify entity @s {} merge value {transformation:[-0.21111155235896495f,0f,0.9774619749435719f,-0.04618065207852358f,0f,1f,0f,0.890625f,-0.9774619749435719f,0f,-0.21111155235896495f,-0.21381980701890635f,0f,0f,0f,1f],start_interpolation:0}
execute if entity @s[tag=aj.red_knight.bone.left_foot] run data modify entity @s {} merge value {transformation:[-0.23535513473990535f,-0.5927936694971416f,0.7701971344764108f,-0.36351797106018013f,-0.20509549242227265f,0.8049046577568424f,0.5568342041482416f,0.6841077898560521f,-0.9500230521095931f,-0.026910171412565527f,-0.3110177537294613f,0.2677039719929152f,0f,0f,0f,1f],start_interpolation:0}
execute if entity @s[tag=aj.red_knight.bone.left_leg] run data modify entity @s {} merge value {transformation:[-0.23535513473990535f,0.6236363541136215f,0.7454432630183404f,0.056934630761857244f,-0.20509549242227265f,0.7178482635196061f,-0.6653042233068656f,0.90625f,-0.9500230521095931f,-0.30946981822102765f,-0.04104426964409992f,0.11558551085672883f,0f,0f,0f,1f],start_interpolation:0}
execute if entity @s[tag=aj.red_knight.bone.right_foot] run data modify entity @s {} merge value {transformation:[-0.17804967737183017f,-0.39299566485025805f,0.9021378607489493f,-0.032300027942190154f,0.5372996083468239f,0.729228623793129f,0.42371540579866673f,0.4855307170801539f,-0.8243830682747778f,0.5601607105551787f,0.08131749560937301f,-0.39511392172434096f,0f,0f,0f,1f],start_interpolation:0}
execute if entity @s[tag=aj.red_knight.bone.right_leg] run data modify entity @s {} merge value {transformation:[-0.17804967737183017f,-0.2692627055580456f,0.9464649532779057f,0.004156742672116003f,0.5372996083468239f,0.7791920946816271f,0.3227519333110307f,0.90625f,-0.8243830682747778f,0.5660011263073772f,0.005939845169999819f,-0.12877998287916415f,0f,0f,0f,1f],start_interpolation:0}