execute if entity @s[tag=aj.red_knight.bone.head] run data modify entity @s {} merge value {transformation:[-0.6244638392665176f,0.4945762250927593f,-0.6045157326501251f,0.020535364343586705f,0.3009920827672077f,0.8665775619226023f,0.3980541361218811f,1.6166796357606232f,0.7207278817695204f,0.06661596464268113f,-0.6900098794182195f,0.0995466003910802f,0f,0f,0f,1f],start_interpolation:0}
execute if entity @s[tag=aj.red_knight.bone.body] run data modify entity @s {} merge value {transformation:[-0.011994224357274708f,0.03285658294973873f,-0.9993881045614534f,0.49299512634204723f,-0.1589598642897072f,0.9866874172169969f,0.03434679389185757f,0.6873312579834976f,0.987212185969696f,0.1592745606257283f,-0.006611672285886605f,-0.5191778362649998f,0f,0f,0f,1f],start_interpolation:0}
execute if entity @s[tag=aj.red_knight.bone.left_hand] run data modify entity @s {} merge value {transformation:[0.14429432219889377f,-0.40947571690307993f,-0.90083782438787f,0.024077235915263926f,0.06419985756851548f,0.9123208679806449f,-0.40441193372009315f,1.2938802832187224f,0.9874500123395333f,0.0005206858472521156f,0.15793100397611712f,-0.29274145944592517f,0f,0f,0f,1f],start_interpolation:0}
execute if entity @s[tag=aj.red_knight.bone.left_arm] run data modify entity @s {} merge value {transformation:[0.14429432219889377f,-0.03357052326609143f,-0.9889652008785764f,0.022604842532041213f,0.06419985756851548f,0.997636323895658f,-0.024497827090174056f,1.6096541255341477f,0.9874500123395333f,-0.0599565276813006f,0.1461084799697036f,-0.24976224857511078f,0f,0f,0f,1f],start_interpolation:0}
execute if entity @s[tag=aj.red_knight.bone.weapon] run data modify entity @s {} merge value {transformation:[-0.18438317376116842f,-0.983696720751293f,-1.332712041138178f,0.6032383558117784f,-1.6236217538655742f,0.3729172280967016f,-0.050625281638002964f,1.409493527981838f,0.32807472226005713f,1.2926914869177422f,-0.9995466342508297f,0.6276764571283389f,0f,0f,0f,1f],start_interpolation:0}
execute if entity @s[tag=aj.red_knight.bone.right_hand] run data modify entity @s {} merge value {transformation:[-0.11062990425670105f,-0.9532702584662518f,0.28113491175561717f,0.30534140004107474f,-0.9741730523193445f,0.04798380013308318f,-0.22064546009288283f,1.4244884655234265f,0.19684483335603428f,-0.29828404122325053f,-0.9339586405899147f,0.5344626942460731f,0f,0f,0f,1f],start_interpolation:0}
execute if entity @s[tag=aj.red_knight.bone.right_arm] run data modify entity @s {} merge value {transformation:[-0.11062990425670105f,-0.9532702584662518f,0.28113491175561717f,0.014358813286414852f,-0.9741730523193445f,0.04798380013308318f,-0.22064546009288283f,1.500369218834974f,0.19684483335603428f,-0.29828404122325053f,-0.9339586405899147f,0.4289461292790552f,0f,0f,0f,1f],start_interpolation:0}
execute if entity @s[tag=aj.red_knight.bone.waist] run data modify entity @s {} merge value {transformation:[-0.887010833178222f,-0.281094745635754f,-0.3663298046848594f,-0.1632888819538255f,0f,0.7933533402912352f,-0.6087614290087207f,0.9132269784056462f,0.46174861323503336f,-0.5399779823517904f,-0.703713007376454f,0.16006760096489062f,0f,0f,0f,1f],start_interpolation:0}
execute if entity @s[tag=aj.red_knight.bone.left_foot] run data modify entity @s {} merge value {transformation:[-0.7993080321329948f,-0.1504020936380703f,-0.5817953935852058f,0.4036980145274283f,-0.14475547849994294f,0.9878530739997005f,-0.05649916489289819f,1.000096259301203f,0.5832259606807055f,0.03905783427978898f,-0.8113704236472024f,0.37500259439615036f,0f,0f,0f,1f],start_interpolation:0}
execute if entity @s[tag=aj.red_knight.bone.left_leg] run data modify entity @s {} merge value {transformation:[-0.7993080321329948f,-0.6005574908005129f,0.020913393102777678f,0.12578118015422785f,-0.14475547849994294f,0.15865062887351633f,-0.9766656692043038f,0.9065993296911742f,0.5832259606807055f,-0.7836840423291965f,-0.21374470890910569f,-0.029086672289413012f,0f,0f,0f,1f],start_interpolation:0}
execute if entity @s[tag=aj.red_knight.bone.right_foot] run data modify entity @s {} merge value {transformation:[-0.9770079520090602f,0.048698143023819446f,-0.2075667424639452f,-0.02836061320924879f,-0.029202696443524953f,0.9338220463943998f,0.3565439498690206f,0.48217657363937616f,0.21119342847609968f,0.35440778283469887f,-0.9109294480006143f,0.3404403597091081f,0f,0f,0f,1f],start_interpolation:0}
execute if entity @s[tag=aj.red_knight.bone.right_leg] run data modify entity @s {} merge value {transformation:[-0.9770079520090602f,-0.07045393217844204f,-0.20122550820325344f,-0.09597152814032768f,-0.029202696443524953f,0.9791484504635748f,-0.20103610241747027f,0.9065993296911742f,0.21119342847609968f,-0.1905375432700226f,-0.9586932670949218f,0.08635048101934532f,0f,0f,0f,1f],start_interpolation:0}