execute if entity @s[tag=aj.red_knight.bone.head] run data modify entity @s {} merge value {transformation:[-0.7695246243873243f,-0.3543633692790927f,0.5312800155988526f,0.027236169608643175f,-0.15599181950371313f,0.9110242585650894f,0.3817084653945343f,1.624405138488661f,-0.6192724801809528f,0.21085872715896473f,-0.7563333871193529f,0.001189156846329528f,0f,0f,0f,1f],start_interpolation:0}
execute if entity @s[tag=aj.red_knight.bone.body] run data modify entity @s {} merge value {transformation:[0.04361938736533627f,0.04357787137382908f,0.9980973490458727f,-0.5358369641156236f,0f,0.9990482215818578f,-0.043619387365336f,0.6471666105894713f,-0.9990482215818578f,0.0019026509541272447f,0.0435778713738294f,0.44580142407178347f,0f,0f,0f,1f],start_interpolation:0}
execute if entity @s[tag=aj.red_knight.bone.left_hand] run data modify entity @s {} merge value {transformation:[-0.3514032949057633f,-0.6477773308113404f,0.6759439725423314f,0.2993375870039246f,-0.7540997896874558f,0.6237177434430206f,0.20569317856380426f,1.4536193972314329f,-0.5548416274241756f,-0.43744794684771526f,-0.7076652190661985f,0.42083862205510975f,0f,0f,0f,1f],start_interpolation:0}
execute if entity @s[tag=aj.red_knight.bone.left_arm] run data modify entity @s {} merge value {transformation:[-0.3514032949057633f,-0.8571407770603836f,0.3765971489930513f,0.009518388240944515f,-0.7540997896874558f,0.4975246856442506f,0.42872216454007167f,1.5619646246397951f,-0.5548416274241756f,-0.1333374496340434f,-0.8212014935461218f,0.3444930673304602f,0f,0f,0f,1f],start_interpolation:0}
execute if entity @s[tag=aj.red_knight.bone.weapon] run data modify entity @s {} merge value {transformation:[1.188921114947687f,-0.9564280312392631f,-0.6704399908038854f,0.15415276799585753f,-0.7267288836352155f,-1.354680876016158f,0.6438032553693611f,2.024302044996247f,-0.9143902284580915f,-0.16692190687162795f,-1.3834035437588261f,-0.6746565662384338f,0f,0f,0f,1f],start_interpolation:0}
execute if entity @s[tag=aj.red_knight.bone.right_hand] run data modify entity @s {} merge value {transformation:[0.7133526689686122f,-0.37623480330382253f,-0.5912489682513549f,0.03657939196341299f,-0.4360373301811293f,-0.8987608643810123f,0.04582963392400802f,1.7434392748771808f,-0.5486341370748549f,0.2251139299111224f,-0.8051858805245532f,-0.6043084631412081f,0f,0f,0f,1f],start_interpolation:0}
execute if entity @s[tag=aj.red_knight.bone.right_arm] run data modify entity @s {} merge value {transformation:[0.7133526689686122f,0.1520379740855631f,-0.6841143355546025f,0.0395067170546132f,-0.4360373301811293f,-0.6679263467958599f,-0.6031134569419337f,1.5619646246397951f,-0.5486341370748549f,0.7285319826142806f,-0.41017280985486493f,-0.34235258500706706f,0f,0f,0f,1f],start_interpolation:0}
execute if entity @s[tag=aj.red_knight.bone.waist] run data modify entity @s {} merge value {transformation:[-0.7071067811865474f,0f,0.7071067811865477f,-0.15467960838455724f,0f,1f,0f,0.890625f,-0.7071067811865477f,0f,-0.7071067811865474f,-0.1546796083845573f,0f,0f,0f,1f],start_interpolation:0}
execute if entity @s[tag=aj.red_knight.bone.left_foot] run data modify entity @s {} merge value {transformation:[-0.7125902050580388f,-0.5128157974550821f,0.4787850849137328f,-0.16045891265234727f,-0.20515395888864393f,0.8049183324739887f,0.5567928979428614f,0.6841291370367755f,-0.6709150861380736f,0.2985405096930755f,-0.6787831106211615f,0.4219864407358163f,0f,0f,0f,1f],start_interpolation:0}
execute if entity @s[tag=aj.red_knight.bone.left_leg] run data modify entity @s {} merge value {transformation:[-0.7125902050580388f,0.35644231344731714f,0.6042880743814714f,0.11048543456039803f,-0.20515395888864393f,0.717810896186724f,-0.6653265141777597f,0.90625f,-0.6709150861380736f,-0.5980772479370342f,-0.4383794619874483f,0.06629126073623885f,0f,0f,0f,1f],start_interpolation:0}
execute if entity @s[tag=aj.red_knight.bone.right_foot] run data modify entity @s {} merge value {transformation:[-0.596367810529018f,0.08040983458117246f,0.7986737087618784f,-0.24125541438961123f,0.5372996083468239f,0.7791920946816271f,0.3227519333110307f,0.4855307170801539f,-0.5963678105290182f,0.6216059347273695f,-0.507889256114498f,-0.31456975056917313f,0f,0f,0f,1f],start_interpolation:0}
execute if entity @s[tag=aj.red_knight.bone.right_leg] run data modify entity @s {} merge value {transformation:[-0.596367810529018f,0.08040983458117246f,0.7986737087618784f,-0.06629126073623881f,0.5372996083468239f,0.7791920946816271f,0.3227519333110307f,0.90625f,-0.5963678105290182f,0.6216059347273695f,-0.507889256114498f,-0.11048543456039807f,0f,0f,0f,1f],start_interpolation:0}
execute if entity @s[tag=aj.red_knight.bone.weapon_ground] run data modify entity @s {} merge value {transformation:[0.000016666666666666667f,2.0410779985789217e-21f,2.0410779985789225e-21f,-3.444319122601931e-17f,-2.041077998578922e-21f,-3.700743415417189e-21f,0.000016666666666666667f,0.75f,2.041077998578922e-21f,-0.000016666666666666667f,-3.700743415417189e-21f,0.28125f,0f,0f,0f,1f],start_interpolation:0}