execute if entity @s[tag=aj.convict.bone.left_leg_2] run data modify entity @s {} merge value {transformation:[-0.39062910382399185f,0.7640471306403375f,0.5134597213082365f,-0.09624951828033246f,-0.523586359899662f,0.2743582069231464f,-0.8065884316185905f,0.7778272690134308f,-0.7571434652512604f,-0.5839174226328435f,0.2928723554266099f,0.328591829578767f,0f,0f,0f,1f],start_interpolation:0}
execute if entity @s[tag=aj.convict.bone.left_leg] run data modify entity @s {} merge value {transformation:[-0.39062910382399185f,0.767936331123878f,0.5076245606603982f,0.14373058519587945f,-0.523586359899662f,0.2682059179820182f,-0.8086550001616539f,0.8616416183828115f,-0.7571434652512604f,-0.5816694739277799f,0.29731195086624607f,0.14682011897633573f,0f,0f,0f,1f],start_interpolation:0}
execute if entity @s[tag=aj.convict.bone.right_leg_2] run data modify entity @s {} merge value {transformation:[-0.6711203370405667f,0.355748749476569f,0.6504154983211989f,-0.17643557552478914f,-0.056992296732240946f,0.8499868053334071f,-0.5237120476676976f,0.4955825301179961f,-0.7391544976009689f,-0.3885424790225206f,-0.5501684929830983f,0.17180231019123593f,0f,0f,0f,1f],start_interpolation:0}
execute if entity @s[tag=aj.convict.bone.right_leg] run data modify entity @s {} merge value {transformation:[-0.6711203370405667f,0.3837808810642265f,0.6342789043789192f,-0.056504050192218366f,-0.056992296732240946f,0.8263338075612745f,-0.5602894935606687f,0.7538118449808944f,-0.7391544976009689f,-0.4121706852880884f,-0.5326968695847639f,0.042998971038708325f,0f,0f,0f,1f],start_interpolation:0}
execute if entity @s[tag=aj.convict.bone.head] run data modify entity @s {} merge value {transformation:[-0.856551774844017f,-0.4524046937768168f,0.24829226741940463f,-0.2136128754383118f,-0.5035350216588117f,0.8380312285068235f,-0.21013362893740745f,1.6049433877459722f,-0.11301123384258949f,-0.3050141850734958f,-0.9456187434316892f,-0.23698919736068397f,0f,0f,0f,1f],start_interpolation:0}
execute if entity @s[tag=aj.convict.bone.left_axe] run data modify entity @s {} merge value {transformation:[0.588674094306552f,-0.387507852481161f,0.7094367307644847f,-0.5822061523924491f,-0.803771940932124f,-0.18711011474839048f,0.5647481491152057f,1.174578841117975f,-0.086101554356278f,-0.9026779432468055f,-0.42161481605032564f,0.7600106416300652f,0f,0f,0f,1f],start_interpolation:0}
execute if entity @s[tag=aj.convict.bone.left_arm_2] run data modify entity @s {} merge value {transformation:[0.588674094306552f,0.5809759431330765f,0.5620762974837075f,-0.2861791642994529f,-0.803771940932124f,0.49473367389306755f,0.330437980393408f,1.4652498715172368f,-0.086101554356278f,-0.646301435412997f,0.7582090588488987f,0.4681991364991815f,0f,0f,0f,1f],start_interpolation:0}
execute if entity @s[tag=aj.convict.bone.left_arm] run data modify entity @s {} merge value {transformation:[0.588674094306552f,0.5809759431330765f,0.5620762974837075f,-0.024080354308962035f,-0.803771940932124f,0.49473367389306755f,0.330437980393408f,1.600306392614851f,-0.086101554356278f,-0.646301435412997f,0.7582090588488987f,0.1422890792651626f,0f,0f,0f,1f],start_interpolation:0}
execute if entity @s[tag=aj.convict.bone.right_axe] run data modify entity @s {} merge value {transformation:[0.000006653984056550981f,-0.000007450903996300082f,4.566462669122154e-7f,0.26331452898138835f,0.0000026751369226729595f,0.000002951171193837624f,0.000009172471369789873f,0.5069778164028578f,-0.000006969084489380025f,-0.000005981188696453449f,0.000003956923445974192f,-0.4161993442348733f,0f,0f,0f,1f],start_interpolation:0}
execute if entity @s[tag=aj.convict.bone.right_arm_2] run data modify entity @s {} merge value {transformation:[0.478600180424939f,-0.5772943262538532f,0.6615686874182649f,-0.025577899001187676f,0.22380963455657737f,0.8087878481977281f,0.5438487511131567f,0.9109920422046112f,-0.8490295134898829f,-0.11222066424147806f,0.5162900422633911f,-0.5128815744981075f,0f,0f,0f,1f],start_interpolation:0}
execute if entity @s[tag=aj.convict.bone.right_arm] run data modify entity @s {} merge value {transformation:[-0.33363519944007436f,-0.5772943262538532f,0.7452642582129454f,-0.2901442236110412f,-0.3590820170021454f,0.8087878481977281f,0.46574920469428593f,1.2593577491817163f,-0.8716350490659797f,-0.11222066424147806f,-0.4771361061132857f,-0.47046212635838514f,0f,0f,0f,1f],start_interpolation:0}
execute if entity @s[tag=aj.convict.bone.body] run data modify entity @s {} merge value {transformation:[-0.35475182573610553f,-0.28547634696793905f,0.89031140476731f,0.021310427894960307f,-0.45459819124417966f,0.8847720379967017f,0.10256181207780674f,0.8768495471503452f,-0.8170016074980637f,-0.3683499641658785f,-0.4436515268142057f,0.06613220405706277f,0f,0f,0f,1f],start_interpolation:0}