execute if entity @s[tag=aj.convict.bone.left_leg_2] run data modify entity @s {} merge value {transformation:[-0.6791060079875899f,0.2068303226903945f,0.7042984080139233f,-0.09656457383099647f,-0.029980156555186342f,0.9508661465324804f,-0.3081473050205021f,0.555091617875036f,-0.7334277197707255f,-0.23037966271843338f,-0.6395381074475976f,0.17421424606708089f,0f,0f,0f,1f],start_interpolation:0}
execute if entity @s[tag=aj.convict.bone.left_leg] run data modify entity @s {} merge value {transformation:[-0.6791060079875899f,0.4522485501086305f,0.5781749552166723f,0.04476309807795058f,-0.029980156555186342f,0.7699152198596535f,-0.6374415615892864f,0.7956901240811778f,-0.7334277197707255f,-0.4502241698899595f,-0.509295569113664f,0.03351919297646854f,0f,0f,0f,1f],start_interpolation:0}
execute if entity @s[tag=aj.convict.bone.right_leg_2] run data modify entity @s {} merge value {transformation:[-0.743856773799443f,0.09320049763413296f,0.6618087090039192f,-0.1875626872153089f,0.15208478937560763f,0.9878550071003149f,0.03182297577873561f,0.49187879675962004f,-0.6508051297533396f,0.12432277421127191f,-0.748997016615655f,-0.15243255667696226f,0f,0f,0f,1f],start_interpolation:0}
execute if entity @s[tag=aj.convict.bone.right_leg] run data modify entity @s {} merge value {transformation:[-0.743856773799443f,0.12197948185171956f,0.6571134651488053f,-0.14944409913664652f,0.15208478937560763f,0.9883028867319135f,-0.011296942858307034f,0.800723448863343f,-0.6508051297533396f,0.0915336554746548f,-0.753707020666642f,-0.12382828934113263f,0f,0f,0f,1f],start_interpolation:0}
execute if entity @s[tag=aj.convict.bone.head] run data modify entity @s {} merge value {transformation:[-0.993663743215915f,0.008522522225804189f,-0.1120702102837629f,-0.04193660428182537f,0.004304261027387711f,0.999275007415967f,0.037827673611093286f,1.699046950903838f,0.11231134740151721f,0.03710560831909329f,-0.9929800275313325f,-0.029179017102740026f,0f,0f,0f,1f],start_interpolation:0}
execute if entity @s[tag=aj.convict.bone.left_axe] run data modify entity @s {} merge value {transformation:[-0.9886027040340094f,0.03767523014809336f,-0.14575757479435975f,0.4069174225164248f,-0.08144925690734471f,0.6804008998146657f,0.7282998243035862f,0.5688217045659942f,0.12661244854233944f,0.7318710218096364f,-0.6695775498845761f,0.2028414755342684f,0f,0f,0f,1f],start_interpolation:0}
execute if entity @s[tag=aj.convict.bone.left_arm_2] run data modify entity @s {} merge value {transformation:[-0.9886027040340094f,-0.09175834247011067f,-0.11935283894312304f,0.38957427120038834f,-0.08144925690734471f,0.9927345598031292f,-0.08856699341023481f,1.0686862099764718f,0.12661244854233944f,-0.07783636913182107f,-0.9888937190186255f,0.1185190499720322f,0f,0f,0f,1f],start_interpolation:0}
execute if entity @s[tag=aj.convict.bone.left_arm] run data modify entity @s {} merge value {transformation:[-0.9886027040340094f,-0.09175834247011067f,-0.11935283894312304f,0.2837704719251691f,-0.08144925690734471f,0.9927345598031292f,-0.08856699341023481f,1.4941649687803311f,0.12661244854233944f,-0.07783636913182107f,-0.9888937190186255f,0.14896239672234404f,0f,0f,0f,1f],start_interpolation:0}
execute if entity @s[tag=aj.convict.bone.right_axe] run data modify entity @s {} merge value {transformation:[0.17795996158005925f,-0.612935618833477f,0.7698312667329419f,-0.3718559407570317f,0.058858962254683206f,0.7875483488300035f,0.6134355881569287f,0.5805164791696135f,-0.9822758648346835f,-0.06385550422913877f,0.17622882835369696f,-0.33586975728483687f,0f,0f,0f,1f],start_interpolation:0}
execute if entity @s[tag=aj.convict.bone.right_arm_2] run data modify entity @s {} merge value {transformation:[0.1384069315894056f,-0.008830360600212191f,0.9903360773089485f,-0.39267983784421284f,0.07506992963111761f,0.9971769877643427f,-0.0016002307368114532f,1.0860849198254117f,-0.9875262158308429f,0.07456594266085696f,0.13867910167690412f,-0.3350328776649079f,0f,0f,0f,1f],start_interpolation:0}
execute if entity @s[tag=aj.convict.bone.right_arm] run data modify entity @s {} merge value {transformation:[-0.7884527354390763f,-0.008830360600212191f,0.6150319574707546f,-0.3722141820165848f,0.03892080528555422f,0.9971769877643427f,0.0642123507524523f,1.5081837958353934f,-0.6138627329416257f,0.07456594266085696f,-0.7858832389741723f,-0.2143385890744435f,0f,0f,0f,1f],start_interpolation:0}
execute if entity @s[tag=aj.convict.bone.body] run data modify entity @s {} merge value {transformation:[-0.8746462052556718f,0.011546518021176995f,0.48462428081291986f,-0.051438428808943525f,0.018691769406749527f,0.9997761362995226f,0.009914385631159027f,0.8763142971206607f,-0.4844013143957167f,0.017730065075601528f,-0.8746662285718575f,-0.04376938684830067f,0f,0f,0f,1f],start_interpolation:0}