execute if entity @s[tag=aj.convict.bone.left_leg_2] run data modify entity @s {} merge value {transformation:[-0.9239143475337074f,-0.09752363895856192f,-0.36996137401848267f,0.18002670397820042f,-0.22989676467802667f,0.9144442794581682f,0.33307527280902693f,0.5184613859348234f,0.3058263494402332f,0.39278594629965025f,-0.867288558887726f,-0.014619587670023242f,0f,0f,0f,1f],start_interpolation:0}
execute if entity @s[tag=aj.convict.bone.left_leg] run data modify entity @s {} merge value {transformation:[-0.9239143475337074f,-0.1723760836142706f,-0.3415680960206464f,0.12615917784874087f,-0.22989676467802667f,0.9637372334169012f,0.1354917802544247f,0.819629271377605f,0.3058263494402332f,0.20370819994232742f,-0.9300393611371065f,0.04903922481195407f,0f,0f,0f,1f],start_interpolation:0}
execute if entity @s[tag=aj.convict.bone.right_leg_2] run data modify entity @s {} merge value {transformation:[-0.9061407807942776f,0.24660094180683156f,-0.3436522382896999f,-0.12726698289356977f,0.2948436551008874f,0.9507950702541662f,-0.0951627733261502f,0.5280914382319493f,0.30327562452047796f,-0.18755455174524283f,-0.9342629103691077f,0.292605512407692f,0f,0f,0f,1f],start_interpolation:0}
execute if entity @s[tag=aj.convict.bone.right_leg] run data modify entity @s {} merge value {transformation:[-0.9061407807942776f,0.2313763322516031f,-0.3540817395112783f,-0.054961879064943805f,0.2948436551008874f,0.9457391821537492f,-0.13654529792675613f,0.8236349326549959f,0.30327562452047796f,-0.22812801715912365f,-0.9251926844494399f,0.22131550704546588f,0f,0f,0f,1f],start_interpolation:0}
execute if entity @s[tag=aj.convict.bone.head] run data modify entity @s {} merge value {transformation:[-0.9589178667637468f,-0.14250377997512298f,-0.2452941040752233f,-0.1864974663457499f,0.013702358940481774f,0.8403983030030123f,-0.5417960295804347f,1.6574400921147086f,0.2833527309921876f,-0.5228990007663611f,-0.8039203100039269f,-0.11775499571254802f,0f,0f,0f,1f],start_interpolation:0}
execute if entity @s[tag=aj.convict.bone.left_axe] run data modify entity @s {} merge value {transformation:[0.8503771716269011f,-0.07650586530584969f,0.5205819037861723f,-0.6037805665481999f,-0.5260877249865409f,-0.1057499833017286f,0.843829749801564f,0.6083722434466492f,-0.00950639754681739f,-0.9914453054029191f,-0.13017616832659712f,-0.3584475348147886f,0f,0f,0f,1f],start_interpolation:0}
execute if entity @s[tag=aj.convict.bone.left_arm_2] run data modify entity @s {} merge value {transformation:[0.8503771716269011f,0.5249987490445701f,0.035142274790754685f,-0.3666510821477773f,-0.5260877249865409f,0.8495465964666744f,0.03875933500945783f,1.0564847516970999f,-0.00950639754681739f,-0.05144797307500222f,0.9986304293742285f,-0.34294373860190475f,0f,0f,0f,1f],start_interpolation:0}
execute if entity @s[tag=aj.convict.bone.left_arm] run data modify entity @s {} merge value {transformation:[0.8503771716269011f,0.5249987490445701f,0.035142274790754685f,-0.08022809898440666f,-0.5260877249865409f,0.8495465964666744f,0.03875933500945783f,1.380595276768587f,-0.00950639754681739f,-0.05144797307500222f,0.9986304293742285f,-0.4208389101427885f,0f,0f,0f,1f],start_interpolation:0}
execute if entity @s[tag=aj.convict.bone.right_axe] run data modify entity @s {} merge value {transformation:[-0.000005429268075936388f,-0.000008395517482116179f,-1.9579164205762943e-7f,0.0421219215208164f,7.105793391932727e-7f,-2.2696208637291685e-7f,-0.00000997213945019127f,2.3993301353863785f,0.00000836768338086054f,-0.000005428054386134218f,7.19791927462009e-7f,0.6520043910516599f,0f,0f,0f,1f],start_interpolation:0}
execute if entity @s[tag=aj.convict.bone.right_arm_2] run data modify entity @s {} merge value {transformation:[-0.9453757777702245f,-0.3068604738597231f,0.11000585615288416f,-0.14737331196554365f,0.23260171300238816f,-0.8714226845677375f,-0.4318783948394649f,1.9769664842696648f,0.22838800737713333f,-0.3826998228420599f,0.8951981700623379f,0.4477146802343007f,0f,0f,0f,1f],start_interpolation:0}
execute if entity @s[tag=aj.convict.bone.right_arm] run data modify entity @s {} merge value {transformation:[-0.5679557548785668f,-0.3068604738597231f,-0.7637165115950443f,-0.1951985177474521f,0.4903185177778169f,-0.8714226845677375f,-0.014500204995887195f,1.5671088414199308f,-0.6610703530067601f,-0.3826998228420599f,0.6453889013394742f,0.29644380469878556f,0f,0f,0f,1f],start_interpolation:0}
execute if entity @s[tag=aj.convict.bone.body] run data modify entity @s {} merge value {transformation:[-0.15329389168406055f,-0.2464881177000219f,-0.9569454480821022f,0.016341765196584312f,0.2486847528684583f,0.9276017167330964f,-0.2787668359123197f,0.8941009861360736f,0.9563769531220989f,-0.2807109954143452f,-0.08089784045559045f,0.11324681941196424f,0f,0f,0f,1f],start_interpolation:0}