execute if entity @s[tag=aj.convict.bone.left_leg_2] run data modify entity @s {} merge value {transformation:[-0.9251756135769066f,-0.1463298807605273f,-0.3501965877035418f,0.23170670886142353f,-0.27667116642029926f,0.8916470970157216f,0.35835529862842447f,0.5319410452258216f,0.2598136826924741f,0.42843088168343574f,-0.8654154088677463f,0.07308342274146315f,0f,0f,0f,1f],start_interpolation:0}
execute if entity @s[tag=aj.convict.bone.left_leg] run data modify entity @s {} merge value {transformation:[-0.9251756135769066f,-0.28755661650845005f,-0.24771208356639923f,0.1418452662025329f,-0.27667116642029926f,0.9577549977430895f,-0.07847566482525464f,0.8312394820205371f,0.2598136826924741f,-0.004068980258842336f,-0.9656501921945791f,0.07181186641057492f,0f,0f,0f,1f],start_interpolation:0}
execute if entity @s[tag=aj.convict.bone.right_leg_2] run data modify entity @s {} merge value {transformation:[-0.9352328963318011f,0.2581723092593538f,-0.2422529429140605f,-0.12696573878654846f,0.2482242192483638f,0.9660768403353673f,0.0712760517016294f,0.5286562423463139f,0.2524364605150585f,0.006526660656549069f,-0.9675914613633709f,0.24366042447058683f,0f,0f,0f,1f],start_interpolation:0}
execute if entity @s[tag=aj.convict.bone.right_leg] run data modify entity @s {} merge value {transformation:[-0.9352328963318011f,0.24735966146987776f,-0.2532836897558505f,-0.049665844577211654f,0.2482242192483638f,0.9682663669575142f,0.029068532770621158f,0.8312394820205371f,0.2524364605150585f,-0.03568529804280679f,-0.9669552176322467f,0.23250876883220972f,0f,0f,0f,1f],start_interpolation:0}
execute if entity @s[tag=aj.convict.bone.head] run data modify entity @s {} merge value {transformation:[-0.9921491167981233f,-0.11993672223561738f,-0.035430392265406785f,-0.2119480553859708f,-0.0783189575990561f,0.8167477015183797f,-0.5716549072167939f,1.6379153766374863f,0.09750010726815383f,-0.5643920399189027f,-0.8197288297716987f,-0.15535711727081158f,0f,0f,0f,1f],start_interpolation:0}
execute if entity @s[tag=aj.convict.bone.left_axe] run data modify entity @s {} merge value {transformation:[0.9315384158219788f,0.34436409019737846f,-0.116831302442495f,0.0282970246739528f,-0.043464441050933056f,0.4244163620181643f,0.9044233488888909f,0.5102419712632955f,0.36103604004587675f,-0.8374270863984506f,0.4103277382217704f,-0.7901468410040479f,0f,0f,0f,1f],start_interpolation:0}
execute if entity @s[tag=aj.convict.bone.left_arm_2] run data modify entity @s {} merge value {transformation:[0.9315384158219788f,-0.10592375454175662f,-0.3478740261526515f,-0.07135651825412183f,-0.043464441050933056f,0.9173460366737808f,-0.3957108683913503f,0.9581311531592005f,0.36103604004587675f,0.3837400255676806f,0.8499391569784909f,-0.5739524094336894f,0f,0f,0f,1f],start_interpolation:0}
execute if entity @s[tag=aj.convict.bone.left_arm] run data modify entity @s {} merge value {transformation:[0.9315384158219788f,-0.10592375454175662f,-0.3478740261526515f,-0.028940581133802275f,-0.043464441050933056f,0.9173460366737808f,-0.3957108683913503f,1.3709589171826904f,0.36103604004587675f,0.3837400255676806f,0.8499391569784909f,-0.4292888652172069f,0f,0f,0f,1f],start_interpolation:0}
execute if entity @s[tag=aj.convict.bone.right_axe] run data modify entity @s {} merge value {transformation:[-0.0000034946832266934833f,-0.000009369335665992072f,-5.232898848770901e-8f,-0.24210436521608328f,-0.0000030869351305412373f,0.0000012040970355898822f,-0.000009435093101221316f,2.344400675462083f,0.000008846356348514205f,-0.0000032811125410221142f,-0.00000331304691307712f,0.7471147249061443f,0f,0f,0f,1f],start_interpolation:0}
execute if entity @s[tag=aj.convict.bone.right_arm_2] run data modify entity @s {} merge value {transformation:[-0.995373869804597f,-0.09604861427708761f,0.0023501075874857724f,-0.32468613572460203f,0.07947895673140601f,-0.8369090612965542f,-0.5415406896592427f,1.9365391917693042f,0.053981059151417154f,-0.5388486678235106f,0.8406712546755236f,0.45925530688384875f,0f,0f,0f,1f],start_interpolation:0}
execute if entity @s[tag=aj.convict.bone.right_arm] run data modify entity @s {} merge value {transformation:[-0.49972218777468785f,-0.09604861427708761f,-0.8608440037202624f,-0.28159780513057686f,0.508727472793552f,-0.8369090612965542f,-0.20193954923393959f,1.550493695341796f,-0.7010521332046323f,-0.5388486678235106f,0.4670845958860796f,0.2536691061057761f,0f,0f,0f,1f],start_interpolation:0}
execute if entity @s[tag=aj.convict.bone.body] run data modify entity @s {} merge value {transformation:[-0.3368762986623661f,-0.28637710783267584f,-0.8969406399026284f,0.02371649926323282f,0.23937970421214103f,0.8952701500326488f,-0.3757508691564487f,0.9011824624918379f,0.910610628430644f,-0.34129094709633107f,-0.2330424270797855f,0.12549696237949148f,0f,0f,0f,1f],start_interpolation:0}