execute if entity @s[tag=aj.convict.bone.left_leg_2] run data modify entity @s {} merge value {transformation:[-0.76259316878246f,-0.034707267947577836f,0.6459466421291633f,-0.041291250727285525f,-0.03601607835211587f,0.9992887535161863f,0.011172698698210581f,0.5224204260829612f,-0.645874988698634f,-0.014744241170090044f,-0.7633007967543711f,0.15730193134185447f,0f,0f,0f,1f],start_interpolation:0}
execute if entity @s[tag=aj.convict.bone.left_leg] run data modify entity @s {} merge value {transformation:[-0.76259316878246f,0.2857802871526322f,0.5803286020878907f,0.04801508900791204f,-0.03601607835211587f,0.876972501015503f,-0.4791889758359929f,0.796474332650306f,-0.645874988698634f,-0.38632739993116294f,-0.6584805532709123f,0.03657461886336605f,0f,0f,0f,1f],start_interpolation:0}
execute if entity @s[tag=aj.convict.bone.right_leg_2] run data modify entity @s {} merge value {transformation:[-0.8033716940305455f,-0.09041672602405723f,0.5885734761995157f,-0.1288246801545161f,0.053171131140086175f,0.9735650417644152f,0.22213495957983817f,0.49113076353463414f,-0.5930992767183039f,0.2097520562696422f,-0.7773270372545147f,-0.17216695670515275f,0f,0f,0f,1f],start_interpolation:0}
execute if entity @s[tag=aj.convict.bone.right_leg] run data modify entity @s {} merge value {transformation:[-0.8033716940305455f,-0.0646574548842794f,0.5919572068641269f,-0.1490301348058534f,0.053171131140086175f,0.9823278144183022f,0.17945722563732364f,0.7981082055403536f,-0.5930992767183039f,0.17564588964177014f,-0.7857364503497186f,-0.11727761619209959f,0f,0f,0f,1f],start_interpolation:0}
execute if entity @s[tag=aj.convict.bone.head] run data modify entity @s {} merge value {transformation:[-0.998932144738832f,0.0012932777728540748f,0.04618330477650745f,-0.04708537081285561f,0.0019076811032282652f,0.9999102362253218f,0.013261984943044472f,1.698311722645972f,-0.04616200775839274f,0.013335926080456285f,-0.998844943980441f,-0.035165781548110286f,0f,0f,0f,1f],start_interpolation:0}
execute if entity @s[tag=aj.convict.bone.left_axe] run data modify entity @s {} merge value {transformation:[-0.9996432817684539f,-0.011238991637559141f,-0.024227964878765256f,0.32326665728683845f,-0.025273833466298575f,0.691327892143854f,0.7220990090602905f,0.5651502603781025f,0.008633803166253895f,0.7224537567283504f,-0.6913653352837267f,0.18890132899089543f,0f,0f,0f,1f],start_interpolation:0}
execute if entity @s[tag=aj.convict.bone.left_arm_2] run data modify entity @s {} merge value {transformation:[-0.9996432817684539f,-0.025500178280646466f,-0.007940410748258131f,0.3443098246675082f,-0.025273833466298575f,0.9993047715423288f,-0.027408154163528466f,1.0689237947661876f,0.008633803166253895f,-0.027197692556339817f,-0.9995927885706746f,0.13371988939154283f,0f,0f,0f,1f],start_interpolation:0}
execute if entity @s[tag=aj.convict.bone.left_arm] run data modify entity @s {} merge value {transformation:[-0.9996432817684539f,-0.025500178280646466f,-0.007940410748258131f,0.2600185516139577f,-0.025273833466298575f,0.9993047715423288f,-0.027408154163528466f,1.4979979920367068f,0.008633803166253895f,-0.027197692556339817f,-0.9995927885706746f,0.1778076430128669f,0f,0f,0f,1f],start_interpolation:0}
execute if entity @s[tag=aj.convict.bone.right_axe] run data modify entity @s {} merge value {transformation:[0.2646164347903474f,-0.5904953918784069f,0.7624259535254637f,-0.3558867035132183f,0.017706349919793658f,0.7934499172104136f,0.6083779368544735f,0.5702182097021768f,-0.9641911779369086f,-0.14748701993448363f,0.22041540631154055f,-0.32542194533821106f,0f,0f,0f,1f],start_interpolation:0}
execute if entity @s[tag=aj.convict.bone.right_arm_2] run data modify entity @s {} merge value {transformation:[0.2503812294206688f,-0.0018379057482441254f,0.9681455789581725f,-0.3688761995920487f,0.02371935393914024f,0.9997096801900868f,-0.004236458774064658f,1.0753618332366597f,-0.9678567209057878f,0.02402451740816302f,0.2503521327266868f,-0.3517843397401216f,0f,0f,0f,1f],start_interpolation:0}
execute if entity @s[tag=aj.convict.bone.right_arm] run data modify entity @s {} merge value {transformation:[-0.713248051229036f,-0.0018379057482441254f,0.7009092947881652f,-0.3556926676453448f,0.015528557889995595f,0.9997096801900868f,0.01842333368561761f,1.5028011138418758f,-0.7007396672858184f,0.02402451740816302f,-0.7130124411645742f,-0.2504173264823132f,0f,0f,0f,1f],start_interpolation:0}
execute if entity @s[tag=aj.convict.bone.body] run data modify entity @s {} merge value {transformation:[-0.8209482923457366f,0.0037979945006607627f,0.5709899093087303f,-0.05021080457860655f,0.006404162406891827f,0.9999762259114121f,0.002556230786646657f,0.8754144117446588f,-0.5709666259935734f,0.005755245411048716f,-0.820953098021911f,-0.03990187011662859f,0f,0f,0f,1f],start_interpolation:0}