execute if entity @s[tag=aj.convict.bone.left_leg_2] run data modify entity @s {} merge value {transformation:[-0.9346184167709719f,-0.11451115691804344f,-0.33671294892506404f,0.20613824731891417f,-0.2541024462166087f,0.8774092459990706f,0.40692132146408555f,0.5213964409176742f,0.24883802333899258f,0.46587574521178227f,-0.8491404054478325f,0.0320248839682106f,0f,0f,0f,1f],start_interpolation:0}
execute if entity @s[tag=aj.convict.bone.left_leg] run data modify entity @s {} merge value {transformation:[-0.9346184167709719f,-0.23980040438525713f,-0.26264839822315444f,0.1312006209485213f,-0.2541024462166087f,0.9669409227926782f,0.02138220417962927f,0.8235654792903861f,0.24883802333899258f,0.08672380230081628f,-0.9646546637295815f,0.05912607218721569f,0f,0f,0f,1f],start_interpolation:0}
execute if entity @s[tag=aj.convict.bone.right_leg_2] run data modify entity @s {} merge value {transformation:[-0.927471248149504f,0.3341558923574225f,-0.1677406434315065f,-0.16234833542123328f,0.2658124933760695f,0.9047928318498122f,0.3327065520821533f,0.5365516900610661f,0.26294638659087555f,0.2639882024561176f,-0.9279921479963016f,0.15005469485668338f,0f,0f,0f,1f],start_interpolation:0}
execute if entity @s[tag=aj.convict.bone.right_leg] run data modify entity @s {} merge value {transformation:[-0.927471248149504f,0.32652110588803207f,-0.18215666681639103f,-0.06031048983122325f,0.2658124933760695f,0.9184441255338245f,0.2929233801484707f,0.8235654792903861f,0.26294638659087555f,0.2232584952069348f,-0.9386239087604454f,0.2198229746088505f,0f,0f,0f,1f],start_interpolation:0}
execute if entity @s[tag=aj.convict.bone.head] run data modify entity @s {} merge value {transformation:[-0.9917864783213481f,-0.10551093705233364f,-0.07229815752338703f,-0.19336216008871546f,-0.050961312584149654f,0.844421545514663f,-0.5332496583124346f,1.6513144338958468f,0.11731379304514283f,-0.5251853916789444f,-0.8428628466888282f,-0.13320730977872774f,0f,0f,0f,1f],start_interpolation:0}
execute if entity @s[tag=aj.convict.bone.left_axe] run data modify entity @s {} merge value {transformation:[0.8654184622203559f,0.3120075559887049f,0.39204868352554023f,-0.4259391691538781f,-0.47420358133812957f,0.2573439963836309f,0.8419649820339286f,0.6178135031662784f,0.16180806127707587f,-0.9145629297819023f,0.37066534606636353f,-0.7565860221253475f,0f,0f,0f,1f],start_interpolation:0}
execute if entity @s[tag=aj.convict.bone.left_arm_2] run data modify entity @s {} merge value {transformation:[0.8654184622203559f,0.3927255136305979f,-0.311155196311643f,-0.2703037757878195f,-0.47420358133812957f,0.8425220083131322f,-0.2555144398152446f,1.0484866753927382f,0.16180806127707587f,0.3686778220229545f,0.9153659458676429f,-0.5384717787212971f,0f,0f,0f,1f],start_interpolation:0}
execute if entity @s[tag=aj.convict.bone.left_arm] run data modify entity @s {} merge value {transformation:[0.8654184622203559f,0.3927255136305979f,-0.311155196311643f,-0.020510079469764075f,-0.47420358133812957f,0.8425220083131322f,-0.2555144398152446f,1.3896397959705427f,0.16180806127707587f,0.3686778220229545f,0.9153659458676429f,-0.41859236808088574f,0f,0f,0f,1f],start_interpolation:0}
execute if entity @s[tag=aj.convict.bone.right_axe] run data modify entity @s {} merge value {transformation:[-0.000004479188525601401f,-0.000008938723906409277f,-1.8996072517245186e-7f,-0.18931053895328953f,-0.0000027395236955268505f,0.00000157440053369496f,-0.000009487690597882499f,2.321672221533136f,0.00000851069210309994f,-0.00000419767529526622f,-0.0000031539882754607763f,0.7944868780343344f,0f,0f,0f,1f],start_interpolation:0}
execute if entity @s[tag=aj.convict.bone.right_arm_2] run data modify entity @s {} merge value {transformation:[-0.9900787868550973f,-0.13457109108350096f,-0.040430400247026155f,-0.2902293451635143f,0.1334465398249875f,-0.8104203253885582f,-0.5704479969338494f,1.929635588598077f,0.04400019123000121f,-0.570183757784891f,0.8203380190689835f,0.4909140593654423f,0f,0f,0f,1f],start_interpolation:0}
execute if entity @s[tag=aj.convict.bone.right_arm] run data modify entity @s {} merge value {transformation:[-0.46002563972845145f,-0.13457109108350096f,-0.8776485812881057f,-0.26569768907116f,0.5607457267951549f,-0.8104203253885582f,-0.1696559049313538f,1.5493533942228606f,-0.6884334685889424f,-0.570183757784891f,0.44827429291104615f,0.2719687100514188f,0f,0f,0f,1f],start_interpolation:0}
execute if entity @s[tag=aj.convict.bone.body] run data modify entity @s {} merge value {transformation:[-0.3269168128018612f,-0.2539362842014024f,-0.9102976222496999f,0.015606293355414469f,0.21295146433642384f,0.9186575869245373f,-0.3327460169903751f,0.8953356032688657f,0.9207481041764061f,-0.3026294789870458f,-0.24624850680477955f,0.11583159535217015f,0f,0f,0f,1f],start_interpolation:0}