execute if entity @s[tag=aj.convict.bone.left_leg_2] run data modify entity @s {} merge value {transformation:[-0.9270107001012085f,-0.09725083430220476f,-0.3622063460589731f,0.18298359397545674f,-0.23379422452560533f,0.9050163628626555f,0.3553669139485571f,0.5190667685141352f,0.2932429410511671f,0.4141106834873684f,-0.8616965355305117f,-0.011573459389355473f,0f,0f,0f,1f],start_interpolation:0}
execute if entity @s[tag=aj.convict.bone.left_leg] run data modify entity @s {} merge value {transformation:[-0.9270107001012085f,-0.18004733805575815f,-0.32898954080168413f,0.12671880083303233f,-0.23379422452560533f,0.963344154805557f,0.13156101238755308f,0.8201118168908719f,0.2932429410511671f,0.19887432076817405f,-0.9351243671633518f,0.050574765850698915f,0f,0f,0f,1f],start_interpolation:0}
execute if entity @s[tag=aj.convict.bone.right_leg_2] run data modify entity @s {} merge value {transformation:[-0.9104823783731176f,0.2714047555594134f,-0.3120277188516528f,-0.13719493125182297f,0.2893518809946391f,0.9571503540501196f,-0.01177661694185108f,0.5246276214357468f,0.29546121172989065f,-0.10100820957459791f,-0.9500000073482308f,0.26488847536806676f,0f,0f,0f,1f],start_interpolation:0}
execute if entity @s[tag=aj.convict.bone.right_leg] run data modify entity @s {} merge value {transformation:[-0.9104823783731176f,0.2575359804331784f,-0.32356924676852805f,-0.05671493736645472f,0.2893518809946391f,0.9557256701839777f,-0.05351572027218776f,0.8232918933682398f,0.29546121172989065f,-0.14235049045826415f,-0.9446899016234883f,0.2204039470998592f,0f,0f,0f,1f],start_interpolation:0}
execute if entity @s[tag=aj.convict.bone.head] run data modify entity @s {} merge value {transformation:[-0.9656777977265826f,-0.13586815796217944f,-0.2213735183573268f,-0.18704325241594022f,0.005595090892562771f,0.8412005000791205f,-0.5406943809811062f,1.6567515302717712f,0.2596826639108613f,-0.5233751640253881f,-0.8115684516697013f,-0.11997969594503113f,0f,0f,0f,1f],start_interpolation:0}
execute if entity @s[tag=aj.convict.bone.left_axe] run data modify entity @s {} merge value {transformation:[0.846987559181848f,-0.035055044516323505f,0.5304556705749631f,-0.6014051618811184f,-0.5316034265835796f,-0.061747421090270704f,0.8447396361206794f,0.6116348954692562f,0.00314188411180083f,-0.9974760146703574f,-0.07093467925893977f,-0.40902860411009156f,0f,0f,0f,1f],start_interpolation:0}
execute if entity @s[tag=aj.convict.bone.left_arm_2] run data modify entity @s {} merge value {transformation:[0.846987559181848f,0.5316007783606397f,-0.003561886794567634f,-0.36242362796415417f,-0.5316034265835796f,0.8469933539074865f,0.00023511942517589687f,1.0570618661010578f,0.00314188411180083f,0.0016943679970488484f,0.999993628820363f,-0.3670974653227625f,0f,0f,0f,1f],start_interpolation:0}
execute if entity @s[tag=aj.convict.bone.left_arm] run data modify entity @s {} merge value {transformation:[0.846987559181848f,0.5316007783606397f,-0.003561886794567634f,-0.07127877868166527f,-0.5316034265835796f,0.8469933539074865f,0.00023511942517589687f,1.3817931706429007f,0.00314188411180083f,0.0016943679970488484f,0.999993628820363f,-0.42129776128627927f,0f,0f,0f,1f],start_interpolation:0}
execute if entity @s[tag=aj.convict.bone.right_axe] run data modify entity @s {} merge value {transformation:[-0.0000051771067394424205f,-0.000008554822267647736f,-1.121685222260352e-7f,0.007342278188576912f,1.4873900240731377e-7f,4.1089570967927824e-8f,-0.000009998809346933292f,2.3918718118343376f,0.000008554264580756357f,-0.000005178158709050557f,1.0597106350829524e-7f,0.6759275308530216f,0f,0f,0f,1f],start_interpolation:0}
execute if entity @s[tag=aj.convict.bone.right_arm_2] run data modify entity @s {} merge value {transformation:[-0.95416041985615f,-0.280772902490325f,0.10365553727174609f,-0.1691601739556313f,0.2057881478914017f,-0.8669307724899911f,-0.453962855195592f,1.9713263553172697f,0.21732264347592123f,-0.41182230747868165f,0.8849707654468429f,0.456787879866571f,0f,0f,0f,1f],start_interpolation:0}
execute if entity @s[tag=aj.convict.bone.right_arm] run data modify entity @s {} merge value {transformation:[-0.5668485384483319f,-0.280772902490325f,-0.7744993942451787f,-0.20526178477958812f,0.49603743891960006f,-0.8669307724899911f,-0.048763663726093115f,1.5648669567152946f,-0.6577458427455652f,-0.41182230747868165f,0.6306923127911578f,0.2935676406811702f,0f,0f,0f,1f],start_interpolation:0}
execute if entity @s[tag=aj.convict.bone.body] run data modify entity @s {} merge value {transformation:[-0.1786440081305638f,-0.24643159248201316f,-0.9525532996036632f,0.015749463570631526f,0.2440983814298585f,0.9267601188260151f,-0.28553749725196137f,0.8941049894128382f,0.9531538692899326f,-0.2835262816395855f,-0.10540658934459507f,0.11333886572218643f,0f,0f,0f,1f],start_interpolation:0}