execute if entity @s[tag=aj.convict.bone.left_leg_2] run data modify entity @s {} merge value {transformation:[-0.5757571749376824f,0.45664132999211293f,0.6782200021016876f,-0.018782331601711055f,-0.44836857404327524f,0.5173166994187031f,-0.7289369343866033f,0.6953520451454551f,-0.683717264165663f,-0.7237832052801264f,-0.09310517942761025f,0.34196262605220196f,0f,0f,0f,1f],start_interpolation:0}
execute if entity @s[tag=aj.convict.bone.left_leg] run data modify entity @s {} merge value {transformation:[-0.5757571749376824f,0.49785061045415174f,0.6485741632058799f,0.13679598416521135f,-0.44836857404327524f,0.47108268843311896f,-0.7596359144149418f,0.8425653852808048f,-0.683717264165663f,-0.728166100782681f,-0.04800866955839883f,0.11441071955761414f,0f,0f,0f,1f],start_interpolation:0}
execute if entity @s[tag=aj.convict.bone.right_leg_2] run data modify entity @s {} merge value {transformation:[-0.7739306964012849f,0.24923493382096057f,0.5821625416763634f,-0.17328094827852675f,0.05175446280275132f,0.9411135193025391f,-0.3341060001945313f,0.4704481417601168f,-0.6311519252508233f,-0.22844537979405705f,-0.7412556614980612f,0.12295587865599311f,0f,0f,0f,1f],start_interpolation:0}
execute if entity @s[tag=aj.convict.bone.right_leg] run data modify entity @s {} merge value {transformation:[-0.7739306964012849f,0.2743912908048725f,0.5707369768100347f,-0.0875336699020041f,0.05175446280275132f,0.9256442887222767f,-0.3748388004673864f,0.7597119819858282f,-0.6311519252508233f,-0.26056106824747705f,-0.7305855028440633f,0.04153054482865653f,0f,0f,0f,1f],start_interpolation:0}
execute if entity @s[tag=aj.convict.bone.head] run data modify entity @s {} merge value {transformation:[-0.962207694915985f,-0.27199770577196647f,0.01317573145043445f,-0.197010921451211f,-0.2644218836964014f,0.9216521580755992f,-0.28396895417815887f,1.6335928132340647f,0.06509546272140644f,-0.2767210645566709f,-0.9587429442575883f,-0.1861720785063387f,0f,0f,0f,1f],start_interpolation:0}
execute if entity @s[tag=aj.convict.bone.left_axe] run data modify entity @s {} merge value {transformation:[0.5642727891285372f,0.7015872252028944f,0.43516845575156826f,-0.5363262640222789f,-0.48939532494320037f,-0.1402550250112745f,0.8607094421945339f,0.7856187994463739f,0.6648973119007481f,-0.6986443253839465f,0.26421141390176417f,-0.05524948269530955f,0f,0f,0f,1f],start_interpolation:0}
execute if entity @s[tag=aj.convict.bone.left_arm_2] run data modify entity @s {} merge value {transformation:[0.5642727891285372f,0.4166429456708769f,-0.7127446073256509f,-0.3748538804432504f,-0.48939532494320037f,0.8640877592120656f,0.11766290963430456f,1.2430587745205217f,0.6648973119007481f,0.2824199005073225f,0.691484319724311f,0.0929089415167523f,0f,0f,0f,1f],start_interpolation:0}
execute if entity @s[tag=aj.convict.bone.left_arm] run data modify entity @s {} merge value {transformation:[0.5642727891285372f,0.4166429456708769f,-0.7127446073256509f,-0.114854110649975f,-0.48939532494320037f,0.8640877592120656f,0.11766290963430456f,1.571773455830383f,0.6648973119007481f,0.2824199005073225f,0.691484319724311f,0.2251972384084398f,0f,0f,0f,1f],start_interpolation:0}
execute if entity @s[tag=aj.convict.bone.right_axe] run data modify entity @s {} merge value {transformation:[0.000008413641936428853f,-0.0000049128364831362335f,-0.0000022527021675160196f,0.4186340239719858f,0.0000049466483776060375f,0.000005320578121016851f,0.000006871835146922864f,0.6222953297583527f,-0.0000021774524550247502f,-0.000006896048589454866f,0.000006906751382378277f,-0.6014273579888119f,0f,0f,0f,1f],start_interpolation:0}
execute if entity @s[tag=aj.convict.bone.right_arm_2] run data modify entity @s {} merge value {transformation:[0.6047361603380051f,-0.6182095826979694f,0.5021066502647111f,0.11682293286253978f,0.5410749104505925f,0.781526551150765f,0.3105707505984331f,1.0283963155577458f,-0.5844074928168954f,0.08386394759843686f,0.8071150603431192f,-0.5963442624144631f,0f,0f,0f,1f],start_interpolation:0}
execute if entity @s[tag=aj.convict.bone.right_arm] run data modify entity @s {} merge value {transformation:[-0.13246903436934565f,-0.6182095826979694f,0.7747702025721276f,-0.181798877865707f,0.0015752955346520856f,0.781526551150765f,0.6238699930998198f,1.329709478048847f,-0.991185892442599f,0.08386394759843686f,-0.10255420476984362f,-0.48150172777377515f,0f,0f,0f,1f],start_interpolation:0}
execute if entity @s[tag=aj.convict.bone.body] run data modify entity @s {} merge value {transformation:[-0.08925968962097602f,-0.24598421530943235f,0.9651551552094461f,0.005413640310554219f,-0.32275197037538184f,0.9238795140356246f,0.20561568316669498f,0.8733167706673497f,-0.9422652882429532f,-0.29315253600114205f,-0.1618570888423595f,0.05506809031804611f,0f,0f,0f,1f],start_interpolation:0}