execute if entity @s[tag=aj.convict.bone.left_leg_2] run data modify entity @s {} merge value {transformation:[-0.9223129369945109f,-0.1003895968482753f,-0.3731766004148706f,0.1787948069495764f,-0.22798708126582076f,0.9210635936474563f,0.31569565602511157f,0.5180696235828302f,0.3120268210081487f,0.3762496316302175f,-0.872396399390595f,-0.015465336307104574f,0f,0f,0f,1f],start_interpolation:0}
execute if entity @s[tag=aj.convict.bone.left_leg] run data modify entity @s {} merge value {transformation:[-0.9223129369945109f,-0.16934729965347983f,-0.347361970216421f,0.12587377580786394f,-0.22798708126582076f,0.9642221828974298f,0.1352681514045621f,0.819389055738277f,0.3120268210081487f,0.2039536077361468f,-0.9279235899916323f,0.0482701661104413f,0f,0f,0f,1f],start_interpolation:0}
execute if entity @s[tag=aj.convict.bone.right_leg_2] run data modify entity @s {} merge value {transformation:[-0.9040922075961395f,0.22715710253574478f,-0.3619626098528743f,-0.12006903342457775f,0.2978383750684856f,0.9423511485868437f,-0.15253398012777442f,0.5316714329577461f,0.3064467041762776f,-0.24571113838127343f,-0.9196284325611491f,0.3109987199683891f,0f,0f,0f,1f],start_interpolation:0}
execute if entity @s[tag=aj.convict.bone.right_leg] run data modify entity @s {} merge value {transformation:[-0.9040922075961395f,0.21115231201708304f,-0.37152655530093587f,-0.05408393591923931f,0.2978383750684856f,0.9348008003357373f,-0.1934935813618343f,0.823796683062664f,0.3064467041762776f,-0.2855909046547265f,-0.908035380741297f,0.22175156226378712f,0f,0f,0f,1f],start_interpolation:0}
execute if entity @s[tag=aj.convict.bone.head] run data modify entity @s {} merge value {transformation:[-0.9558745528830559f,-0.14531428811370706f,-0.25531861824125646f,-0.18621611843564262f,0.01703978098520892f,0.8402073842827813f,-0.5419974144409386f,1.657784546477611f,0.29328055683013504f,-0.5224321095287817f,-0.8006567341368662f,-0.11663695781858671f,0f,0f,0f,1f],start_interpolation:0}
execute if entity @s[tag=aj.convict.bone.left_axe] run data modify entity @s {} merge value {transformation:[0.8525677363048934f,-0.09180756607552769f,0.5144896751376433f,-0.6029866782932207f,-0.522433212688984f,-0.12362998156444086f,0.8436700575093576f,0.6067805179414503f,-0.01384894549837283f,-0.9880723649964428f,-0.15336625521580502f,-0.33862062450420727f,0f,0f,0f,1f],start_interpolation:0}
execute if entity @s[tag=aj.convict.bone.left_arm_2] run data modify entity @s {} merge value {transformation:[0.8525677363048934f,0.5202713434702493f,0.04945689209414618f,-0.36772711412320647f,-0.522433212688984f,0.8509512485029338f,0.05427256167498417f,1.0561152711757331f,-0.01384894549837283f,-0.07210895807706605f,0.9973006090811453f,-0.3334440308411763f,0f,0f,0f,1f],start_interpolation:0}
execute if entity @s[tag=aj.convict.bone.left_arm] run data modify entity @s {} merge value {transformation:[0.8525677363048934f,0.5202713434702493f,0.04945689209414618f,-0.08396356626978449f,-0.522433212688984f,0.8509512485029338f,0.05427256167498417f,1.3802433866919586f,-0.01384894549837283f,-0.07210895807706605f,0.9973006090811453f,-0.4204648854522539f,0f,0f,0f,1f],start_interpolation:0}
execute if entity @s[tag=aj.convict.bone.right_axe] run data modify entity @s {} merge value {transformation:[-0.000005655312568496643f,-0.000008243911437570274f,-2.352954782862209e-7f,0.057759388420872554f,0.0000010128193416506725f,-4.110856746931602e-7f,-0.000009940080761706133f,2.401581706964452f,0.00000818484188813579f,-0.000005645257547495962f,0.0000010674410937647513f,0.6421514751303492f,0f,0f,0f,1f],start_interpolation:0}
execute if entity @s[tag=aj.convict.bone.right_arm_2] run data modify entity @s {} merge value {transformation:[-0.9415634711911745f,-0.3187679576459361f,0.10883574273493474f,-0.13758633928877356f,0.24650797896517088f,-0.8723028808912671f,-0.4222813046954634f,1.9790457392364829f,0.22954748098145855f,-0.3707757720874366f,0.8999073734601981f,0.4438154322982192f,0f,0f,0f,1f],start_interpolation:0}
execute if entity @s[tag=aj.convict.bone.right_arm] run data modify entity @s {} merge value {transformation:[-0.5650362536437885f,-0.3187679576459361f,-0.7610000139595471f,-0.19089379902482573f,0.4889603268920937f,-0.8723028808912671f,0.0023415196716662645f,1.5679810839545238f,-0.6645689059787323f,-0.3707757720874366f,0.6487476366347675f,0.29774154890314913f,0f,0f,0f,1f],start_interpolation:0}
execute if entity @s[tag=aj.convict.bone.body] run data modify entity @s {} merge value {transformation:[-0.14257364367338832f,-0.24650467924141142f,-0.9585969952184195f,0.01663674187857704f,0.2503169296834207f,0.9280275426457183f,-0.27587372982002983f,0.8940950211696672f,0.9576085791405375f,-0.279285379501037f,-0.07060797372395428f,0.11319169391359571f,0f,0f,0f,1f],start_interpolation:0}