execute if entity @s[tag=aj.convict.bone.left_leg_2] run data modify entity @s {} merge value {transformation:[-0.7826442990228619f,-0.08604314130173127f,0.6164936974876087f,-0.027496186839850716f,-0.03856609938740401f,0.9952003271834409f,0.08993867217172585f,0.5160399518574792f,-0.6212733353243595f,0.046614231827872055f,-0.782206210794854f,0.1515633716565358f,0f,0f,0f,1f],start_interpolation:0}
execute if entity @s[tag=aj.convict.bone.left_leg] run data modify entity @s {} merge value {transformation:[-0.7826442990228619f,0.24518532322085662f,0.5721468854097669f,0.04912422666666697f,-0.03856609938740401f,0.8982912964741212f,-0.4377046980064109f,0.7967559820056421f,-0.6212733353243595f,-0.3646325601971476f,-0.6935867205036581f,0.03761569659492717f,0f,0f,0f,1f],start_interpolation:0}
execute if entity @s[tag=aj.convict.bone.right_leg_2] run data modify entity @s {} merge value {transformation:[-0.8171427151722468f,-0.13085841535336729f,0.5613856590367569f,-0.11563773878837484f,0.02721143797614394f,0.9640490703421393f,0.2643273115206366f,0.49265308259650326f,-0.5757927758180009f,0.23126924807172872f,-0.7842048292456113f,-0.1765738026582404f,0f,0f,0f,1f],start_interpolation:0}
execute if entity @s[tag=aj.convict.bone.right_leg] run data modify entity @s {} merge value {transformation:[-0.8171427151722468f,-0.10624656861493292f,0.5665593081915437f,-0.14883979148054138f,0.02721143797614394f,0.974661304635414f,0.22202450065175985f,0.7972347402950701f,-0.5757927758180009f,0.19684259677200255f,-0.7935462629310631f,-0.1150604911669896f,0f,0f,0f,1f],start_interpolation:0}
execute if entity @s[tag=aj.convict.bone.head] run data modify entity @s {} merge value {transformation:[-0.9954865962174153f,-0.00033269693611877966f,0.09490166523414323f,-0.04885059849892943f,0.00018416639101491276f,0.9999851997641798f,0.005437493478977396f,1.698035391975424f,-0.09490206970453863f,0.005430429572529077f,-0.9954718015094413f,-0.03720287931913417f,0f,0f,0f,1f],start_interpolation:0}
execute if entity @s[tag=aj.convict.bone.left_axe] run data modify entity @s {} merge value {transformation:[-0.9996199879513306f,-0.026074030703061437f,0.00894564760525994f,0.3028783050803673f,-0.01182506253711524f,0.6987464732830965f,0.715271650473041f,0.5657223597942604f,-0.024900754690872273f,0.7148940557854223f,-0.698789268247942f,0.18503299783851834f,0f,0f,0f,1f],start_interpolation:0}
execute if entity @s[tag=aj.convict.bone.left_arm_2] run data modify entity @s {} merge value {transformation:[-0.9996199879513306f,-0.011498988265795942f,0.02505300295463142f,0.3323415131299136f,-0.01182506253711524f,0.9998467854855232f,-0.012906333726483319f,1.0699059828961925f,-0.024900754690872273f,-0.013197682490844156f,-0.9996028079155719f,0.13806094565033705f,0f,0f,0f,1f],start_interpolation:0}
execute if entity @s[tag=aj.convict.bone.left_arm] run data modify entity @s {} merge value {transformation:[-0.9996199879513306f,-0.011498988265795942f,0.02505300295463142f,0.25224870066171645f,-0.01182506253711524f,0.9998467854855232f,-0.012906333726483319f,1.4994056539796696f,-0.024900754690872273f,-0.013197682490844156f,-0.9996028079155719f,0.18569065723693418f,0f,0f,0f,1f],start_interpolation:0}
execute if entity @s[tag=aj.convict.bone.right_axe] run data modify entity @s {} merge value {transformation:[0.28902774020351246f,-0.5844609433586818f,0.7582007458985585f,-0.34962099855926115f,0.007112182791169469f,0.7932919391360945f,0.6087998982897749f,0.5673002672759931f,-0.957294302839412f,-0.17056759654159015f,0.2334401695536339f,-0.3228458124741257f,0f,0f,0f,1f],start_interpolation:0}
execute if entity @s[tag=aj.convict.bone.right_arm_2] run data modify entity @s {} merge value {transformation:[0.2821753052812756f,-0.0010139251905646168f,0.9593623241743063f,-0.36091890032275353f,0.010014193875120592f,0.9999480731404274f,-0.0018886354275000732f,1.072044763272027f,-0.9593105925665839f,0.01014016658908766f,0.28217080644725645f,-0.3565968779681718f,0f,0f,0f,1f],start_interpolation:0}
execute if entity @s[tag=aj.convict.bone.right_arm] run data modify entity @s {} merge value {transformation:[-0.6897444915279933f,-0.0010139251905646168f,0.7240521447813673f,-0.350392360317869f,0.006642703196262644f,0.9999480731404274f,0.007728228580526925f,1.5008321901296178f,-0.724022382872958f,0.01014016658908766f,-0.6897019400585366f,-0.2607639503280594f,0f,0f,0f,1f],start_interpolation:0}
execute if entity @s[tag=aj.convict.bone.body] run data modify entity @s {} merge value {transformation:[-0.8035214146394473f,0.0011177992232689253f,0.5952747993496096f,-0.04977045434261932f,0.001902048199930857f,0.9999979532860978f,0.0006896638750971684f,0.8751202012508326f,-0.5952728100866581f,0.0016864010531109266f,-0.8035218961689976f,-0.03859064720375693f,0f,0f,0f,1f],start_interpolation:0}