execute if entity @s[tag=aj.convict.bone.left_leg_2] run data modify entity @s {} merge value {transformation:[-0.5981730995506893f,0.6523107518390995f,0.46548858848421804f,-0.14946756340655354f,-0.13406654041184302f,0.49122277637967393f,-0.8606546036057929f,0.6712619740021522f,-0.79007284836015f,-0.5772268765407184f,-0.20638320494440843f,0.23565467987781946f,0f,0f,0f,1f],start_interpolation:0}
execute if entity @s[tag=aj.convict.bone.left_leg] run data modify entity @s {} merge value {transformation:[-0.5981730995506893f,0.6893547566251783f,0.40863059417053205f,0.06595579803881467f,-0.13406654041184302f,0.4166455013672766f,-0.8991288500167316f,0.8014636931794261f,-0.79007284836015f,-0.5926183811768344f,-0.15680672362952922f,0.05046143576005872f,0f,0f,0f,1f],start_interpolation:0}
execute if entity @s[tag=aj.convict.bone.right_leg_2] run data modify entity @s {} merge value {transformation:[-0.7104935496873486f,0.4673263185761131f,0.5261226357217187f,-0.3016034915785176f,0.2584649624693508f,0.8686930343359855f,-0.4225733963134159f,0.520696286691501f,-0.6545187384852996f,-0.16425140505406768f,-0.7379882769457633f,-0.01571618305069255f,0f,0f,0f,1f],start_interpolation:0}
execute if entity @s[tag=aj.convict.bone.right_leg] run data modify entity @s {} merge value {transformation:[-0.7104935496873486f,0.4898306745210797f,0.5052373958357547f,-0.1485314057906802f,0.2584649624693508f,0.8494338383898336f,-0.4600630580409942f,0.7861443611883241f,-0.6545187384852996f,-0.1962856706347618f,-0.7301213299685703f,-0.07705545512405561f,0f,0f,0f,1f],start_interpolation:0}
execute if entity @s[tag=aj.convict.bone.head] run data modify entity @s {} merge value {transformation:[-0.9925689524423769f,-0.06376460023994841f,-0.10363855654958631f,-0.07515735924814178f,-0.0632371948784467f,0.9979634256865657f,-0.008370076214675944f,1.6927620475524472f,0.10396120349124266f,-0.00175406618281667f,-0.9945798064612406f,-0.06432436839693076f,0f,0f,0f,1f],start_interpolation:0}
execute if entity @s[tag=aj.convict.bone.left_axe] run data modify entity @s {} merge value {transformation:[-0.9506385398764086f,-0.09029647350013228f,-0.2968718804048126f,0.5789805543186395f,-0.265489406415271f,0.7319387326498159f,0.6275197739738948f,0.6770137750938314f,0.1606292052614235f,0.6753608209841767f,-0.7197819252361526f,0.38380183263025514f,0f,0f,0f,1f],start_interpolation:0}
execute if entity @s[tag=aj.convict.bone.left_arm_2] run data modify entity @s {} merge value {transformation:[-0.9506385398764086f,-0.3028485900118181f,-0.0675951035911862f,0.4559976716785705f,-0.265489406415271f,0.9065876021476438f,-0.3280461777150474f,1.1298663712635548f,0.1606292052614235f,-0.29390755546606673f,-0.9422402067716302f,0.19125231474092994f,0f,0f,0f,1f],start_interpolation:0}
execute if entity @s[tag=aj.convict.bone.left_arm] run data modify entity @s {} merge value {transformation:[-0.9506385398764086f,-0.3028485900118181f,-0.0675951035911862f,0.2594295232895048f,-0.265489406415271f,0.9065876021476438f,-0.3280461777150474f,1.5179536395526458f,0.1606292052614235f,-0.29390755546606673f,-0.9422402067716302f,0.12878111556476232f,0f,0f,0f,1f],start_interpolation:0}
execute if entity @s[tag=aj.convict.bone.right_axe] run data modify entity @s {} merge value {transformation:[0.000001986056560995636f,-0.000006969155750121661f,0.00000689104110182724f,-0.3022907115327541f,8.525186166972338e-7f,0.0000071272977552956974f,0.000006962387429290442f,0.5537975199127574f,-0.000009763646416411793f,-7.952954406402281e-7f,0.0000020096551488715778f,-0.3849222928032063f,0f,0f,0f,1f],start_interpolation:0}
execute if entity @s[tag=aj.convict.bone.right_arm_2] run data modify entity @s {} merge value {transformation:[0.09527756143434918f,-0.10986350312910864f,0.9893695957362567f,-0.37553079996355965f,0.11601998485644839f,0.9883430625400956f,0.09857663943741504f,1.0541772155586102f,-0.9886665511693178f,0.10539450369476097f,0.10691327882869234f,-0.36789781405809663f,0f,0f,0f,1f],start_interpolation:0}
execute if entity @s[tag=aj.convict.bone.right_arm] run data modify entity @s {} merge value {transformation:[-0.8091804229223638f,-0.10986350312910864f,0.5771975864809074f,-0.39486511853326006f,-0.027359881544276175f,0.9883430625400956f,0.1497645739510777f,1.4726521568937447f,-0.5869228910521955f,0.10539450369476097f,-0.8027537097702305f,-0.23501319081031694f,0f,0f,0f,1f],start_interpolation:0}
execute if entity @s[tag=aj.convict.bone.body] run data modify entity @s {} merge value {transformation:[-0.8723928557636864f,-0.0375893244386772f,0.4873579258622182f,-0.04422446984770441f,-0.06040197687853484f,0.997687283255922f,-0.031171878650195176f,0.871748346188244f,-0.4850590751667723f,-0.05663150640466327f,-0.8726457277043725f,-0.017721346119862764f,0f,0f,0f,1f],start_interpolation:0}