execute if entity @s[tag=aj.convict.bone.left_leg_2] run data modify entity @s {} merge value {transformation:[-0.1259531192554511f,0.827948581202411f,0.546476860109133f,-0.1306118881951743f,-0.5226587091884328f,0.4128268782016857f,-0.7459234829013845f,0.7458449573951995f,-0.8431866255220748f,-0.3795722797033067f,0.3807377037036542f,0.2894570285117735f,0f,0f,0f,1f],start_interpolation:0}
execute if entity @s[tag=aj.convict.bone.left_leg] run data modify entity @s {} merge value {transformation:[-0.1259531192554511f,0.8369781027599826f,0.5325443336006142f,0.13094376891732026f,-0.5226587091884328f,0.40028578607227205f,-0.7527278148029237f,0.8709342655427845f,-0.8431866255220748f,-0.37314735021007883f,0.3870366514580933f,0.17284848157112387f,0f,0f,0f,1f],start_interpolation:0}
execute if entity @s[tag=aj.convict.bone.right_leg_2] run data modify entity @s {} merge value {transformation:[-0.4481984262092877f,0.3066667889646968f,0.8396866387466219f,-0.13030737457273542f,-0.08381410234334538f,0.9207623622117436f,-0.3810142629648257f,0.46599000173527616f,-0.8899962735831521f,-0.2411475749003756f,-0.3869812400204573f,0.09941115239580087f,0f,0f,0f,1f],start_interpolation:0}
execute if entity @s[tag=aj.convict.bone.right_leg] run data modify entity @s {} merge value {transformation:[-0.4481984262092877f,0.343001526894385f,0.8255108256659256f,-0.023119397418240095f,-0.08381410234334538f,0.903266391739172f,-0.4208147119610673f,0.7482607491537674f,-0.8899962735831521f,-0.2577979404545685f,-0.37609421014618905f,0.01884929600374821f,0f,0f,0f,1f],start_interpolation:0}
execute if entity @s[tag=aj.convict.bone.head] run data modify entity @s {} merge value {transformation:[-0.7275269130765479f,-0.4468696222424328f,0.5205882552134791f,-0.19989803291399186f,-0.5914611679484596f,0.7930357098376862f,-0.1458356942976621f,1.591486603130622f,-0.34767553488612474f,-0.41400712993756844f,-0.8412608506298773f,-0.2730769510532439f,0f,0f,0f,1f],start_interpolation:0}
execute if entity @s[tag=aj.convict.bone.left_axe] run data modify entity @s {} merge value {transformation:[0.732125347750398f,0.36197159738630763f,0.5770346938156872f,-0.810280529534072f,-0.6038242121015427f,-0.04719320954798281f,0.7957192481349885f,0.8743836258221916f,0.31525988654015336f,-0.9309937506010258f,0.1840158696431498f,0.15080059692711417f,0f,0f,0f,1f],start_interpolation:0}
execute if entity @s[tag=aj.convict.bone.left_arm_2] run data modify entity @s {} merge value {transformation:[0.732125347750398f,0.6362726090135087f,-0.24320699455505368f,-0.5244400819770193f,-0.6038242121015427f,0.7714643005072722f,0.20059699380293947f,1.292439620264241f,0.31525988654015336f,-0.000007871980871911044f,0.9490053761052789f,0.17908494190775953f,0f,0f,0f,1f],start_interpolation:0}
execute if entity @s[tag=aj.convict.bone.left_arm] run data modify entity @s {} merge value {transformation:[0.732125347750398f,0.6362726090135087f,-0.24320699455505368f,-0.18357256955328954f,-0.6038242121015427f,0.7714643005072722f,0.20059699380293947f,1.5683323082862493f,0.31525988654015336f,-0.000007871980871911044f,0.9490053761052789f,0.1499992209135591f,0f,0f,0f,1f],start_interpolation:0}
execute if entity @s[tag=aj.convict.bone.right_axe] run data modify entity @s {} merge value {transformation:[0.000008046983730122693f,-0.000004832976614283562f,-0.0000034479544505298932f,0.5510622588130594f,0.000005062930909041955f,0.0000025534715545442277f,0.000008236899515618792f,0.636023081836947f,-0.0000031004489122397f,-0.000008373895154939647f,0.000004501677073788167f,-0.3294015176229679f,0f,0f,0f,1f],start_interpolation:0}
execute if entity @s[tag=aj.convict.bone.right_arm_2] run data modify entity @s {} merge value {transformation:[0.6886080444931121f,-0.6693509137260787f,0.27890556708935704f,0.23108593044119663f,0.44781082005602457f,0.6950592845024514f,0.5624571632290686f,0.9899481723800285f,-0.5703371200440344f,-0.26241559656583646f,0.7783659962889394f,-0.497882860240673f,0f,0f,0f,1f],start_interpolation:0}
execute if entity @s[tag=aj.convict.bone.right_arm] run data modify entity @s {} merge value {transformation:[0.10276471589026781f,-0.6693509137260787f,0.7358048433260386f,-0.10472296180518814f,-0.2631967818688917f,0.6950592845024514f,0.6690441278725936f,1.2711517645008874f,-0.9592532862502228f,-0.26241559656583646f,-0.10474343653491887f,-0.5340815226784581f,0f,0f,0f,1f],start_interpolation:0}
execute if entity @s[tag=aj.convict.bone.body] run data modify entity @s {} merge value {transformation:[0.10513281033080185f,-0.2816852642542634f,0.9537297856803852f,0.031905524479675755f,-0.39624072504714913f,0.8677611079755267f,0.2999732443055478f,0.8773913439088641f,-0.9121076581226898f,-0.40944361197494844f,-0.020385009365969597f,0.0638611066018932f,0f,0f,0f,1f],start_interpolation:0}