execute if entity @s[tag=aj.convict.bone.left_leg_2] run data modify entity @s {} merge value {transformation:[-0.9221132698879897f,-0.12618155412692367f,-0.3657667739073541f,0.1805246439069758f,-0.2277889363502205f,0.9411816445756293f,0.24957826906673775f,0.5173259417772563f,0.31276079993009737f,0.3134570581627218f,-0.8966188458397789f,-0.010558726532286983f,0f,0f,0f,1f],start_interpolation:0}
execute if entity @s[tag=aj.convict.bone.left_leg] run data modify entity @s {} merge value {transformation:[-0.9221132698879897f,-0.17503368631767435f,-0.34506568382052316f,0.12582661693270258f,-0.2277889363502205f,0.9664761275305414f,0.11847402833534443f,0.8193497316305505f,0.31276079993009737f,0.1878486187535452f,-0.9310711994576304f,0.04814396682819589f,0f,0f,0f,1f],start_interpolation:0}
execute if entity @s[tag=aj.convict.bone.right_leg_2] run data modify entity @s {} merge value {transformation:[-0.9052100424406392f,0.16113214308609047f,-0.3932317529512331f,-0.09888558448233739f,0.3011750578709081f,0.896068321420235f,-0.32612136983579837f,0.5485131395611607f,0.2998138815683341f,-0.41363993498162865f,-0.8596590257813401f,0.3626793423045316f,0f,0f,0f,1f],start_interpolation:0}
execute if entity @s[tag=aj.convict.bone.right_leg] run data modify entity @s {} merge value {transformation:[-0.9052100424406392f,0.14382625283350217f,-0.3998859688217248f,-0.05393988047186797f,0.3011750578709081f,0.8809902485717446f,-0.36489692577212934f,0.8238225922398309f,0.2998138815683341f,-0.450744041466295f,-0.8407981003199041f,0.2218218293463144f,0f,0f,0f,1f],start_interpolation:0}
execute if entity @s[tag=aj.convict.bone.head] run data modify entity @s {} merge value {transformation:[-0.9595732110072309f,-0.14190627689199078f,-0.2430676064306504f,-0.18616944053163942f,0.01234409410365453f,0.8415490302706914f,-0.5400396772379036f,1.6578410411073419f,0.28118832845271513f,-0.5212080565658139f,-0.8057762007610146f,-0.11645325235280535f,0f,0f,0f,1f],start_interpolation:0}
execute if entity @s[tag=aj.convict.bone.left_axe] run data modify entity @s {} merge value {transformation:[0.8573973768188955f,-0.05692473042522172f,0.5114971293077722f,-0.5932478615535074f,-0.5146504942202611f,-0.09897877363555288f,0.8516678173844792f,0.6021293949709094f,0.0021463976605407206f,-0.9934600029370168f,-0.11416048152256994f,-0.37521121173219346f,0f,0f,0f,1f],start_interpolation:0}
execute if entity @s[tag=aj.convict.bone.left_arm_2] run data modify entity @s {} merge value {transformation:[0.8573973768188955f,0.5144315354043298f,0.01516356177221316f,-0.3625115609711961f,-0.5146504942202611f,0.8568948096048239f,0.029430495598160824f,1.0531723868356269f,0.0021463976605407206f,-0.03303756428455223f,0.9994518059032294f,-0.3507866502654089f,0f,0f,0f,1f],start_interpolation:0}
execute if entity @s[tag=aj.convict.bone.left_arm] run data modify entity @s {} merge value {transformation:[0.8573973768188955f,0.5144315354043298f,0.01516356177221316f,-0.07900947500894004f,-0.5146504942202611f,0.8568948096048239f,0.029430495598160824f,1.3817992556330978f,0.0021463976605407206f,-0.03303756428455223f,0.9994518059032294f,-0.41995574636419053f,0f,0f,0f,1f],start_interpolation:0}
execute if entity @s[tag=aj.convict.bone.right_axe] run data modify entity @s {} merge value {transformation:[-0.000006692941418844042f,-0.000007425417277754551f,-2.602180146456019e-7f,0.05023986814348946f,0.000001397383956031849f,-9.140174642631667e-7f,-0.000009859609026449616f,2.3939059010810295f,0.0000072973867407001705f,-0.000006635341010546944f,0.000001649362431488965f,0.6583953046906159f,0f,0f,0f,1f],start_interpolation:0}
execute if entity @s[tag=aj.convict.bone.right_arm_2] run data modify entity @s {} merge value {transformation:[-0.946253419045482f,-0.31556388382671374f,0.07087949046752251f,-0.14284130787597943f,0.2561436278600466f,-0.8649919642834325f,-0.4314850445053487f,1.9755836185441038f,0.19747128614416132f,-0.3901388688009554f,0.8993312816750462f,0.4492066084267724f,0f,0f,0f,1f],start_interpolation:0}
execute if entity @s[tag=aj.convict.bone.right_arm] run data modify entity @s {} merge value {transformation:[-0.5345101488749125f,-0.31556388382671374f,-0.7840397540775078f,-0.19575375673691084f,0.5017488238247144f,-0.8649919642834325f,0.006084366491633408f,1.5665104391678386f,-0.6801080932765279f,-0.3901388688009554f,0.6206807911563529f,0.2975068320055914f,0f,0f,0f,1f],start_interpolation:0}
execute if entity @s[tag=aj.convict.bone.body] run data modify entity @s {} merge value {transformation:[-0.15565904230396105f,-0.24650664405808745f,-0.9565587995435685f,0.016685036663379227f,0.2462815780463211f,0.928097685995061f,-0.27924911739453523f,0.8940937936535549f,0.9566167711597091f,-0.2790504608235444f,-0.08375675166898505f,0.11318208083541573f,0f,0f,0f,1f],start_interpolation:0}