execute if entity @s[tag=aj.convict.bone.left_leg_2] run data modify entity @s {} merge value {transformation:[0.17937460535572558f,0.7871362033804391f,0.5901197745215f,-0.1472543523036539f,-0.3867174669171873f,0.6079769201983353f,-0.6934072867278663f,0.6738587741307202f,-0.9045851821330219f,-0.10382996597310036f,0.413454938816061f,0.19673792625572423f,0f,0f,0f,1f],start_interpolation:0}
execute if entity @s[tag=aj.convict.bone.left_leg] run data modify entity @s {} merge value {transformation:[0.17937460535572558f,0.8066261506825207f,0.5631864735490166f,0.10481631978463378f,-0.3867174669171873f,0.5842004048140506f,-0.7135541239431341f,0.856421400635111f,-0.9045851821330219f,-0.08980055707064871f,0.41672713880328105f,0.1686752521711465f,0f,0f,0f,1f],start_interpolation:0}
execute if entity @s[tag=aj.convict.bone.right_leg_2] run data modify entity @s {} merge value {transformation:[-0.15210006665612053f,0.17058027149852856f,0.9735337388599804f,-0.04799354104073783f,0.036186777028642106f,0.9852947462483921f,-0.1669873653412021f,0.4443567578205963f,-0.987702428311019f,0.00983025893885975f,-0.15603614683050823f,-0.041226006396510945f,0f,0f,0f,1f],start_interpolation:0}
execute if entity @s[tag=aj.convict.bone.right_leg] run data modify entity @s {} merge value {transformation:[-0.15210006665612053f,0.21288286214611277f,0.9651665435186215f,0.018532353379922414f,0.036186777028642106f,0.9770730773994691f,-0.20980638357640696f,0.7496920945079304f,-0.987702428311019f,0.0030147015789626086f,-0.15631642486606057f,-0.04028391215308513f,0f,0f,0f,1f],start_interpolation:0}
execute if entity @s[tag=aj.convict.bone.head] run data modify entity @s {} merge value {transformation:[-0.5554795358135833f,-0.3559567655574968f,0.7514900307696513f,-0.1669200301724998f,-0.5453073428942913f,0.8382144239942795f,-0.006039966349742493f,1.6138528109137966f,-0.6277598163930962f,-0.41314810959483234f,-0.6597167971639972f,-0.2555398764354736f,0f,0f,0f,1f],start_interpolation:0}
execute if entity @s[tag=aj.convict.bone.left_axe] run data modify entity @s {} merge value {transformation:[0.43461431020408825f,0.8914188216669413f,-0.1283856913512812f,-0.32543318964129064f,-0.5162776746568041f,0.3634031176663038f,0.7754969611296834f,0.7551897076953118f,0.7379483477973154f,-0.2707594106366984f,0.6181598317060724f,-0.46030815321143403f,0f,0f,0f,1f],start_interpolation:0}
execute if entity @s[tag=aj.convict.bone.left_arm_2] run data modify entity @s {} merge value {transformation:[0.43461431020408825f,-0.041653966542031906f,-0.8996529044232224f,-0.39837766769511f,-0.5162776746568041f,0.8069813762995738f,-0.2867724201463747f,1.1680900900377227f,0.7379483477973154f,0.5891061070613348f,0.32922064122143246f,-0.17488223024283286f,0f,0f,0f,1f],start_interpolation:0}
execute if entity @s[tag=aj.convict.bone.left_arm] run data modify entity @s {} merge value {transformation:[0.43461431020408825f,-0.041653966542031906f,-0.8996529044232224f,-0.33457860448650645f,-0.5162776746568041f,0.8069813762995738f,-0.2867724201463747f,1.4925897149273286f,0.7379483477973154f,0.5891061070613348f,0.32922064122143246f,0.11457085486063054f,0f,0f,0f,1f],start_interpolation:0}
execute if entity @s[tag=aj.convict.bone.right_axe] run data modify entity @s {} merge value {transformation:[0.0000067865105456956095f,-0.0000010758653144271677f,-0.000007265382883122879f,0.7692604360000693f,0.000006902141819492069f,0.000004315801998223188f,0.000005808122882287485f,0.8264953244610871f,0.000002510719601385441f,-0.000008956359022356424f,0.000003671501075292459f,-0.13333788914970712f,0f,0f,0f,1f],start_interpolation:0}
execute if entity @s[tag=aj.convict.bone.right_arm_2] run data modify entity @s {} merge value {transformation:[0.7076492313831535f,-0.6735933908728062f,-0.21331785929759273f,0.45828835870374857f,0.6990406578074517f,0.6235049724788031f,0.3501195624730674f,1.1574586318946043f,-0.10283347730655396f,-0.39687969596173867f,0.9120919815886778f,-0.3564823256010993f,0f,0f,0f,1f],start_interpolation:0}
execute if entity @s[tag=aj.convict.bone.right_arm] run data modify entity @s {} merge value {transformation:[0.5385633009242066f,-0.6735933908728062f,0.5061832816975467f,0.10116158543625144f,0.046307893440156775f,0.6235049724788031f,0.7804467491759717f,1.378927748344359f,-0.8413115652971603f,-0.39687969596173867f,0.36698958708737267f,-0.4851886338000917f,0f,0f,0f,1f],start_interpolation:0}
execute if entity @s[tag=aj.convict.bone.body] run data modify entity @s {} merge value {transformation:[0.5809869198970105f,-0.25370004779719907f,0.7733631001387926f,0.041854020348121926f,-0.15154928877729285f,0.8998428217803707f,0.40904242953688424f,0.8733569680231121f,-0.7996793182142964f,-0.3548509290364605f,0.48434884761118135f,0.03647294117805721f,0f,0f,0f,1f],start_interpolation:0}