execute if entity @s[tag=aj.convict.bone.left_leg_2] run data modify entity @s {} merge value {transformation:[-0.921734202443981f,-0.10279304530177076f,-0.37395140042864694f,0.17846789653570658f,-0.22731442462498638f,0.9244346134883451f,0.30618425456261644f,0.5178883838626336f,0.31422000636873776f,0.36722504710632375f,-0.8754493431235119f,-0.015474120668504142f,0f,0f,0f,1f],start_interpolation:0}
execute if entity @s[tag=aj.convict.bone.left_leg] run data modify entity @s {} merge value {transformation:[-0.921734202443981f,-0.1686307811612754f,-0.3492416351036861f,0.125770777422808f,-0.22731442462498638f,0.9645277380971462f,0.13421771417593975f,0.8193033020179918f,0.31422000636873776f,0.20310071906849778f,-0.9273704144038073f,0.047994854040401415f,0f,0f,0f,1f],start_interpolation:0}
execute if entity @s[tag=aj.convict.bone.right_leg_2] run data modify entity @s {} merge value {transformation:[-0.9034339366395896f,0.21672411957796003f,-0.3699159068234993f,-0.11638915629404888f,0.2990526493138149f,0.9368142940575896f,-0.18151168388775513f,0.5338513435625659f,0.3072045492278427f,-0.27460814707968506f,-0.9111617477106796f,0.3200578576222658f,0f,0f,0f,1f],start_interpolation:0}
execute if entity @s[tag=aj.convict.bone.right_leg] run data modify entity @s {} merge value {transformation:[-0.9034339366395896f,0.2003823410059211f,-0.37901720217013957f,-0.05376967472969854f,0.2990526493138149f,0.9280052259798641f,-0.22220219056627188f,0.8238529766812734f,0.3072045492278427f,-0.3140910981977173f,-0.8983162844826258f,0.22190438943547913f,0f,0f,0f,1f],start_interpolation:0}
execute if entity @s[tag=aj.convict.bone.head] run data modify entity @s {} merge value {transformation:[-0.9550118568701347f,-0.14609380440717298f,-0.25808710458156525f,-0.18611410220862706f,0.01792432155985657f,0.8402222994692625f,-0.5419457594364991f,1.6579077822714048f,0.2960254582532994f,-0.5221906622953189f,-0.7998036260717377f,-0.11623610546390215f,0f,0f,0f,1f],start_interpolation:0}
execute if entity @s[tag=aj.convict.bone.left_axe] run data modify entity @s {} merge value {transformation:[0.8536083613587218f,-0.09503500871839099f,0.5121729322566476f,-0.6021296618076102f,-0.5207142467588727f,-0.12835531639928238f,0.8440270054769455f,0.6059988929485275f,-0.014471995053108637f,-0.9871642517179879f,-0.1590512542837917f,-0.3338752442701127f,0f,0f,0f,1f],start_interpolation:0}
execute if entity @s[tag=aj.convict.bone.left_arm_2] run data modify entity @s {} merge value {transformation:[0.8536083613587218f,0.5182714873619904f,0.05241594038140958f,-0.36779256906067226f,-0.5207142467588727f,0.8517436750605257f,0.05821842677992425f,1.055836979307386f,-0.014471995053108637f,-0.07698946279835762f,0.9969268699243705f,-0.331154372453181f,0f,0f,0f,1f],start_interpolation:0}
execute if entity @s[tag=aj.convict.bone.left_arm] run data modify entity @s {} merge value {transformation:[0.8536083613587218f,0.5182714873619904f,0.05241594038140958f,-0.08497483929871276f,-0.5207142467588727f,0.8517436750605257f,0.05821842677992425f,1.380214820319479f,-0.014471995053108637f,-0.07698946279835762f,0.9969268699243705f,-0.4202978718702875f,0f,0f,0f,1f],start_interpolation:0}
execute if entity @s[tag=aj.convict.bone.right_axe] run data modify entity @s {} merge value {transformation:[-0.000005789032027472059f,-0.000008150136713974722f,-2.4975934101451044e-7f,0.06272819184013412f,0.0000011360671200799791f,-5.02873287917086e-7f,-0.000009922523366310231f,2.401872174210761f,0.000008074432468203314f,-0.0000057725548936169205f,0.0000012170251914415578f,0.6396574906831101f,0f,0f,0f,1f],start_interpolation:0}
execute if entity @s[tag=aj.convict.bone.right_arm_2] run data modify entity @s {} merge value {transformation:[-0.9405156354093545f,-0.3226874421004321f,0.1063162934889012f,-0.13450488871801802f,0.2518117276994935f,-0.8721431251082824f,-0.4194725534756166f,1.9795385385756252f,0.22808154976572326f,-0.3677488056228572f,0.9015207277813565f,0.44276362234465527f,0f,0f,0f,1f],start_interpolation:0}
execute if entity @s[tag=aj.convict.bone.right_arm] run data modify entity @s {} merge value {transformation:[-0.5623304287022679f,-0.3226874421004321f,-0.7613522861765134f,-0.18967690537109794f,0.48917975134995717f,-0.8721431251082824f,0.008339076420802588f,1.5681955125920193f,-0.6666990774140286f,-0.3677488056228572f,0.6482847801223194f,0.29817323867829293f,0f,0f,0f,1f],start_interpolation:0}
execute if entity @s[tag=aj.convict.bone.body] run data modify entity @s {} merge value {transformation:[-0.13960275476318024f,-0.24650869145807655f,-0.9590331255478917f,0.0167420598263925f,0.25064092303005325f,0.9281806607731434f,-0.27506324485356776f,0.8940922534725345f,0.9579614807314405f,-0.27877253451937783f,-0.06779141119985693f,0.1131705174786139f,0f,0f,0f,1f],start_interpolation:0}