execute if entity @s[tag=aj.convict.bone.left_leg_2] run data modify entity @s {} merge value {transformation:[-0.9331905045326698f,-0.1192423176791777f,-0.3390232321310136f,0.21020821492717404f,-0.25770344861741307f,0.8795408913242578f,0.39999594130343685f,0.5227696537970326f,0.25048835266485636f,0.46063987035755843f,-0.8515083646190555f,0.03854820931835999f,0f,0f,0f,1f],start_interpolation:0}
execute if entity @s[tag=aj.convict.bone.left_leg] run data modify entity @s {} merge value {transformation:[-0.9331905045326698f,-0.24741608747027907f,-0.26065448760947946f,0.13289068759271183f,-0.25770344861741307f,0.9662084643990936f,0.005489616948188725f,0.8247097989217493f,0.25048835266485636f,0.07229441876413897f,-0.9654165433608448f,0.06114021518215342f,0f,0f,0f,1f],start_interpolation:0}
execute if entity @s[tag=aj.convict.bone.right_leg_2] run data modify entity @s {} merge value {transformation:[-0.9286884442433291f,0.32718286326569074f,-0.17461141862481197f,-0.15838761524023331f,0.263200871958828f,0.9131666912316336f,0.3112103710116085f,0.5353746849817436f,0.2612720316624372f,0.24305959765114157f,-0.9341621687162501f,0.15868690595613247f,0f,0f,0f,1f],start_interpolation:0}
execute if entity @s[tag=aj.convict.bone.right_leg] run data modify entity @s {} merge value {transformation:[-0.9286884442433291f,0.3192550145702419f,-0.1887167432970896f,-0.05862042318703273f,0.263200871958828f,0.9258723646080183f,0.27108239606302276f,0.8247097989217493f,0.2612720316624372f,0.2020806772724984f,-0.9438751640678289f,0.22183711760378821f,0f,0f,0f,1f],start_interpolation:0}
execute if entity @s[tag=aj.convict.bone.head] run data modify entity @s {} merge value {transformation:[-0.9137196736356756f,0.40064059363816906f,-0.06784889638284508f,-0.19631307117543964f,0.371495350806414f,0.7559735101496716f,-0.5389761184702004f,1.6493164147653272f,-0.16464374370237636f,-0.5176786326295879f,-0.8395839868520756f,-0.13672406866775738f,0f,0f,0f,1f],start_interpolation:0}
execute if entity @s[tag=aj.convict.bone.left_axe] run data modify entity @s {} merge value {transformation:[0.8879797745482525f,0.3521374413736474f,0.2957890166589288f,-0.3401221493011656f,-0.4027308515987884f,0.2849026511430848f,0.8698496080025307f,0.5845237802442671f,0.2220355403167465f,-0.8915322213775916f,0.3948044035744634f,-0.7793305513853391f,0f,0f,0f,1f],start_interpolation:0}
execute if entity @s[tag=aj.convict.bone.left_arm_2] run data modify entity @s {} merge value {transformation:[0.8879797745482525f,0.29829661999599943f,-0.350015780347397f,-0.23448855642872404f,-0.4027308515987884f,0.8718623423715589f,-0.2786824664827215f,1.0265941505578706f,0.2220355403167465f,0.38842654705019974f,0.8943293780162372f,-0.5541841282132534f,0f,0f,0f,1f],start_interpolation:0}
execute if entity @s[tag=aj.convict.bone.left_arm] run data modify entity @s {} merge value {transformation:[0.8879797745482525f,0.29829661999599943f,-0.350015780347397f,-0.02146489191411837f,-0.4027308515987884f,0.8718623423715589f,-0.2786824664827215f,1.3869080544682837f,0.2220355403167465f,0.38842654705019974f,0.8943293780162372f,-0.4202131444096342f,0f,0f,0f,1f],start_interpolation:0}
execute if entity @s[tag=aj.convict.bone.right_axe] run data modify entity @s {} merge value {transformation:[-0.000004469997218674226f,-0.000008941451301022392f,-2.637678837342757e-7f,-0.19356016032078027f,-0.0000027141793383916646f,0.0000016366542907744294f,-0.00000948443953281044f,2.3261763635840014f,0.00000852363510387983f,-0.000004167950499218366f,-0.000003158454250416318f,0.7851555336979368f,0f,0f,0f,1f],start_interpolation:0}
execute if entity @s[tag=aj.convict.bone.right_arm_2] run data modify entity @s {} merge value {transformation:[-0.989724278057052f,-0.1329185098618212f,-0.05271169851712393f,-0.2933715017393954f,0.1394040116538028f,-0.8149231073126096f,-0.5625538647123383f,1.9319043252684487f,0.03181784026727247f,-0.5641214398549964f,0.8250785575547656f,0.4841222478784991f,0f,0f,0f,1f],start_interpolation:0}
execute if entity @s[tag=aj.convict.bone.right_arm] run data modify entity @s {} merge value {transformation:[-0.44921246903607026f,-0.1329185098618212f,-0.8834822167981824f,-0.26860588609924124f,0.5568879436649006f,-0.8149231073126096f,-0.16054951687451402f,1.549469547996289f,-0.6986300708266118f,-0.5641214398549964f,0.4400943367423963f,0.26898573096316675f,0f,0f,0f,1f],start_interpolation:0}
execute if entity @s[tag=aj.convict.bone.body] run data modify entity @s {} merge value {transformation:[-0.3295213255801638f,-0.25908696349798305f,-0.9079039824415831f,0.016893963179559622f,0.21674865803734036f,0.9151701366194307f,-0.3398288396810732f,0.8962074658451423f,0.9189318338304011f,-0.30876781954304644f,-0.2454113248970572f,0.11736618049117031f,0f,0f,0f,1f],start_interpolation:0}