execute if entity @s[tag=aj.convict.bone.left_leg_2] run data modify entity @s {} merge value {transformation:[0.0453954693200746f,0.8249545273921935f,0.5633731260011713f,-0.14534942213522314f,-0.4666007901875856f,0.5161662925353193f,-0.7182312030583629f,0.7106059292643383f,-0.883302300439397f,-0.23026590321944068f,0.4083560454468676f,0.24500017929124873f,0f,0f,0f,1f],start_interpolation:0}
execute if entity @s[tag=aj.convict.bone.left_leg] run data modify entity @s {} merge value {transformation:[0.0453954693200746f,0.8385618021332529f,0.5429119222933314f,0.1167011410314184f,-0.4666007901875856f,0.49834436104104407f,-0.7307096553453456f,0.8663385420896645f,-0.883302300439397f,-0.22015222420321767f,0.41389617564897263f,0.1762026092277432f,0f,0f,0f,1f],start_interpolation:0}
execute if entity @s[tag=aj.convict.bone.right_leg_2] run data modify entity @s {} merge value {transformation:[-0.2857715072923153f,0.24709118177017864f,0.9258944829251844f,-0.09108537392384758f,-0.03955018033871687f,0.9623223405430457f,-0.26901950882218445f,0.4504235910325602f,-0.9574812942585631f,-0.11349740430146811f,-0.2652318049589377f,0.029845538266301354f,0f,0f,0f,1f],start_interpolation:0}
execute if entity @s[tag=aj.convict.bone.right_leg] run data modify entity @s {} merge value {transformation:[-0.2857715072923153f,0.2872429558261976f,0.9142352705666671f,-0.0013219502281608397f,-0.03955018033871687f,0.9496719567438733f,-0.31073937280209213f,0.7471960775150206f,-0.9574812942585631f,-0.12495862876364996f,-0.260028675807987f,-0.009204033222339258f,0f,0f,0f,1f],start_interpolation:0}
execute if entity @s[tag=aj.convict.bone.head] run data modify entity @s {} merge value {transformation:[-0.6292392612327457f,-0.4038745474157585f,0.6640356180755548f,-0.18175170919001107f,-0.5916239336777548f,0.8029705452964683f,-0.07224558454294694f,1.598852315345586f,-0.504022889582336f,-0.4383191227131309f,-0.7442024411684389f,-0.273075621592083f,0f,0f,0f,1f],start_interpolation:0}
execute if entity @s[tag=aj.convict.bone.left_axe] run data modify entity @s {} merge value {transformation:[0.6302714724483974f,0.7404981761489162f,0.2332816369495408f,-0.6234345473037564f,-0.5232580051597401f,0.1831809319956057f,0.8322534506924382f,0.7559541930817757f,0.5735494146575153f,-0.6466120918087983f,0.502925314209448f,-0.2542924000286457f,0f,0f,0f,1f],start_interpolation:0}
execute if entity @s[tag=aj.convict.bone.left_arm_2] run data modify entity @s {} merge value {transformation:[0.6302714724483974f,0.33850144143408367f,-0.6986949585940752f,-0.5030572193520955f,-0.5232580051597401f,0.8500461867014623f,-0.06018754448016708f,1.200146721024901f,0.5735494146575153f,0.4035322225316713f,0.7128834507299713f,-0.04103697300685774f,0f,0f,0f,1f],start_interpolation:0}
execute if entity @s[tag=aj.convict.bone.left_arm] run data modify entity @s {} merge value {transformation:[0.6302714724483974f,0.33850144143408367f,-0.6986949585940752f,-0.27254135471662305f,-0.5232580051597401f,0.8500461867014623f,-0.06018754448016708f,1.5301387310978858f,0.5735494146575153f,0.4035322225316713f,0.7128834507299713f,0.135374831969609f,0f,0f,0f,1f],start_interpolation:0}
execute if entity @s[tag=aj.convict.bone.right_axe] run data modify entity @s {} merge value {transformation:[0.000007749950595862754f,-0.0000027603141913470027f,-0.000005684974171158109f,0.687094476054449f,0.000006318348846349325f,0.0000032001892516862694f,0.000007059550737067326f,0.7403046329876409f,-1.2935848454069008e-7f,-0.000009063081943712084f,0.000004224193658443861f,-0.22991526518456706f,0f,0f,0f,1f],start_interpolation:0}
execute if entity @s[tag=aj.convict.bone.right_arm_2] run data modify entity @s {} merge value {transformation:[0.7323555941668903f,-0.6808941218750681f,0.006203103129899523f,0.36860682873703365f,0.5952129454428443f,0.6445701932165538f,0.4798445744134532f,1.075572289620773f,-0.33072168551474573f,-0.34772469111749005f,0.8773315826513552f,-0.43532948126144183f,0f,0f,0f,1f],start_interpolation:0}
execute if entity @s[tag=aj.convict.bone.right_arm] run data modify entity @s {} merge value {transformation:[0.3608057521906575f,-0.6808941218750681f,0.6373401007171234f,0.01422611030620808f,-0.11795111858876065f,0.6445701932165538f,0.7553918186215909f,1.3195976344524984f,-0.9251522808758533f,-0.34772469111749005f,0.1522524100874999f,-0.5248803214580162f,0f,0f,0f,1f],start_interpolation:0}
execute if entity @s[tag=aj.convict.bone.body] run data modify entity @s {} merge value {transformation:[0.3823566200304415f,-0.2657382650408338f,0.8849782989497447f,0.03692879344531364f,-0.2807214621938497f,0.8790767971169414f,0.38525244377468487f,0.8754451845771036f,-0.8803402045701669f,-0.3957362243511546f,0.2615223985697003f,0.05258239547526803f,0f,0f,0f,1f],start_interpolation:0}