execute if entity @s[tag=aj.convict.bone.left_leg_2] run data modify entity @s {} merge value {transformation:[-0.9274103278910517f,-0.15979449852202968f,-0.33819491711601024f,0.18746822283185083f,-0.23440394122674366f,0.9528766275656267f,0.1925640801824866f,0.517721704044084f,0.2914873514552241f,0.25786013821692333f,-0.9211640858502723f,0.0006350061375737029f,0f,0f,0f,1f],start_interpolation:0}
execute if entity @s[tag=aj.convict.bone.left_leg] run data modify entity @s {} merge value {transformation:[-0.9274103278910517f,-0.19424920175935093f,-0.31965189087015733f,0.12676534728205366f,-0.23440394122674366f,0.967779079743851f,0.09196980562942553f,0.8201526664640375f,0.2914873514552241f,0.16022141063540762f,-0.9430610921438859f,0.050704196961138585f,0f,0f,0f,1f],start_interpolation:0}
execute if entity @s[tag=aj.convict.bone.right_leg_2] run data modify entity @s {} merge value {transformation:[-0.9143346220825739f,0.12013360776819365f,-0.3867300287612982f,-0.08909717622070397f,0.2963363824421137f,0.8493600756506635f,-0.43677478216103605f,0.5640430454943061f,0.27600171612190727f,-0.5139604830872672f,-0.8121992825178223f,0.3918555035413037f,0f,0f,0f,1f],start_interpolation:0}
execute if entity @s[tag=aj.convict.bone.right_leg] run data modify entity @s {} merge value {transformation:[-0.9143346220825739f,0.10315034026267972f,-0.3916021018391118f,-0.05686269488861656f,0.2963363824421137f,0.8294998246469351f,-0.47340763550224374f,0.8232617406964733f,0.27600171612190727f,-0.5488989417136796f,-0.7890076073672324f,0.22032458425577886f,0f,0f,0f,1f],start_interpolation:0}
execute if entity @s[tag=aj.convict.bone.head] run data modify entity @s {} merge value {transformation:[-0.9744130796408672f,-0.12633563814565427f,-0.18589904991454675f,-0.18708828475958728f,-0.007384364348990979f,0.8446305562715114f,-0.5352986965943768f,1.6566934480877358f,0.2246433203724566f,-0.5202293051595686f,-0.8239519698776319f,-0.12016674509220662f,0f,0f,0f,1f],start_interpolation:0}
execute if entity @s[tag=aj.convict.bone.left_axe] run data modify entity @s {} merge value {transformation:[0.8559667386311374f,0.05537875009184206f,0.5140565498030731f,-0.5677735805757578f,-0.5151166528170443f,0.005865933156084822f,0.8571000086447165f,0.6072050653602088f,0.04444970582285912f,-0.998448188373575f,0.03354756005714357f,-0.5064770611943276f,0f,0f,0f,1f],start_interpolation:0}
execute if entity @s[tag=aj.convict.bone.left_arm_2] run data modify entity @s {} merge value {transformation:[0.8559667386311374f,0.5086763774822689f,-0.09257043452793288f,-0.34432807570314294f,-0.5151166528170443f,0.8544100555781428f,-0.06810499921092272f,1.0529938032690636f,0.04444970582285912f,0.10598018644289799f,0.9933742616626375f,-0.4136326341920359f,0f,0f,0f,1f],start_interpolation:0}
execute if entity @s[tag=aj.convict.bone.left_arm] run data modify entity @s {} merge value {transformation:[0.8559667386311374f,0.5086763774822689f,-0.09257043452793288f,-0.057462035124889316f,-0.5151166528170443f,0.8544100555781428f,-0.06810499921092272f,1.3858986255507837f,0.04444970582285912f,0.10598018644289799f,0.9933742616626375f,-0.41960503406439065f,0f,0f,0f,1f],start_interpolation:0}
execute if entity @s[tag=aj.convict.bone.right_axe] run data modify entity @s {} merge value {transformation:[-0.000007691476943660377f,-0.000006389156934344742f,-1.4091165124043683e-7f,-0.021923926151561857f,0.00000107494578887801f,-0.0000010760729825286758f,-0.000009883651070694741f,2.3705986331259803f,0.000006299656655414979f,-0.000007617134671553757f,0.0000015144587875869796f,0.7163892021173169f,0f,0f,0f,1f],start_interpolation:0}
execute if entity @s[tag=aj.convict.bone.right_arm_2] run data modify entity @s {} merge value {transformation:[-0.9645813473467306f,-0.26344468099669593f,0.013406133123115282f,-0.18811937567068182f,0.22469011453043253f,-0.8471845256994194f,-0.48144857653518f,1.9612460980247453f,0.1381925351929934f,-0.46138409104562644f,0.8763718067960279f,0.46972473809815407f,0f,0f,0f,1f],start_interpolation:0}
execute if entity @s[tag=aj.convict.bone.right_arm] run data modify entity @s {} merge value {transformation:[-0.49390072552449926f,-0.26344468099669593f,-0.8286488842573325f,-0.21917104136475693f,0.5292917551605387f,-0.8471845256994194f,-0.04613694110500047f,1.5606732029433852f,-0.6898639802493314f,-0.46138409104562644f,0.5578641494885214f,0.2915939847750282f,0f,0f,0f,1f],start_interpolation:0}
execute if entity @s[tag=aj.convict.bone.body] run data modify entity @s {} merge value {transformation:[-0.21561200831982347f,-0.24642540720574815f,-0.9448735262201886f,0.015699341258769484f,0.23303276985680213f,0.926689721837268f,-0.2948590978993754f,0.8941048380987919f,0.9482653584525584f,-0.28376165724891017f,-0.14238023681042622f,0.11334551113588762f,0f,0f,0f,1f],start_interpolation:0}