execute if entity @s[tag=aj.convict.bone.left_leg_2] run data modify entity @s {} merge value {transformation:[-0.9332979882850688f,-0.10479215953675801f,-0.3434726602841431f,0.19065537509590583f,-0.2427329586894111f,0.8889719513211072f,0.38834209214328963f,0.5200250211334324f,0.26464235456352847f,0.4458110284234401f,-0.8551122447416515f,-0.000972268150258429f,0f,0f,0f,1f],start_interpolation:0}
execute if entity @s[tag=aj.convict.bone.left_leg] run data modify entity @s {} merge value {transformation:[-0.9332979882850688f,-0.20079892268302516f,-0.29771573306155685f,0.12790571175746046f,-0.2427329586894111f,0.9637295857136703f,0.11093239556613643f,0.8211905166689544f,0.26464235456352847f,0.17579840235193728f,-0.9481874002018682f,0.05396473258472197f,0f,0f,0f,1f],start_interpolation:0}
execute if entity @s[tag=aj.convict.bone.right_leg_2] run data modify entity @s {} merge value {transformation:[-0.9201887451765447f,0.3042907088069862f,-0.24629217970564582f,-0.15222594528526523f,0.27761006583316783f,0.9508021853262524f,0.13750583888303503f,0.5237198090495548f,0.27601689187171197f,0.05815813711394947f,-0.9593916335308094f,0.21311216452724716f,0f,0f,0f,1f],start_interpolation:0}
execute if entity @s[tag=aj.convict.bone.right_leg] run data modify entity @s {} merge value {transformation:[-0.9201887451765447f,0.293257977485869f,-0.25933073842356935f,-0.06058282732093115f,0.27761006583316783f,0.9558951527775709f,0.09590155496366382f,0.8224370442925457f,0.27601689187171197f,0.0162547081561622f,-0.9610153275906882f,0.21819176082604785f,0f,0f,0f,1f],start_interpolation:0}
execute if entity @s[tag=aj.convict.bone.head] run data modify entity @s {} merge value {transformation:[-0.9804142011430643f,-0.11858908400298768f,-0.15724065426072054f,-0.18817287603956556f,-0.016221227308355013f,0.8443022345004028f,-0.5356217028857565f,1.6552287080436805f,0.19627752286397385f,-0.5225804875547491f,-0.8296895612489184f,-0.1248538407462632f,0f,0f,0f,1f],start_interpolation:0}
execute if entity @s[tag=aj.convict.bone.left_axe] run data modify entity @s {} merge value {transformation:[0.8408695256301411f,0.08805182461628294f,0.5340274497142308f,-0.5762121355457792f,-0.5396933172823639f,0.06191888971212898f,0.8395815471873921f,0.6258078580244518f,0.04086030038190665f,-0.994189583167396f,0.0995866887397095f,-0.5507588443750235f,0f,0f,0f,1f],start_interpolation:0}
execute if entity @s[tag=aj.convict.bone.left_arm_2] run data modify entity @s {} merge value {transformation:[0.8408695256301411f,0.5286010061744533f,-0.11627302841973951f,-0.3431760789105371f,-0.5396933172823639f,0.8351114731941018f,-0.10639525656877122f,1.0611272844074036f,0.04086030038190665f,0.1522163053385955f,0.9875022188540985f,-0.4347124164203241f,0f,0f,0f,1f],start_interpolation:0}
execute if entity @s[tag=aj.convict.bone.left_arm] run data modify entity @s {} merge value {transformation:[0.8408695256301411f,0.5286010061744533f,-0.11627302841973951f,-0.047554589044996425f,-0.5396933172823639f,0.8351114731941018f,-0.10639525656877122f,1.386037417382304f,0.04086030038190665f,0.1522163053385955f,0.9875022188540985f,-0.42075692590175956f,0f,0f,0f,1f],start_interpolation:0}
execute if entity @s[tag=aj.convict.bone.right_axe] run data modify entity @s {} merge value {transformation:[-0.000004865795389047692f,-0.000008735832718810498f,9.623897797805821e-8f,-0.08291436145306291f,-0.0000011472182452276522f,5.297095058663905e-7f,-0.00000991984365487741f,2.3642053662087723f,0.000008660711606429291f,-0.000004837833662741496f,-0.0000012599364753455495f,0.737138215780792f,0f,0f,0f,1f],start_interpolation:0}
execute if entity @s[tag=aj.convict.bone.right_arm_2] run data modify entity @s {} merge value {transformation:[-0.9745269959707547f,-0.21264433724883036f,0.07127075108501874f,-0.22506075560839986f,0.14732048310344675f,-0.8465800483208736f,-0.5114673958750395f,1.9531481171651022f,0.16909704131765319f,-0.48793914335809635f,0.856341977831627f,0.4785649691333152f,0f,0f,0f,1f],start_interpolation:0}
execute if entity @s[tag=aj.convict.bone.right_arm] run data modify entity @s {} merge value {transformation:[-0.548985778971801f,-0.21264433724883036f,-0.8083297596418993f,-0.23133785646645666f,0.5166039995869798f,-0.8465800483208736f,-0.12815041707213878f,1.5582952211155439f,-0.6570653864703729f,-0.48793914335809635f,0.574613322401688f,0.28567846369087174f,0f,0f,0f,1f],start_interpolation:0}
execute if entity @s[tag=aj.convict.bone.body] run data modify entity @s {} merge value {transformation:[-0.24504435656194695f,-0.2461975679630097f,-0.937731315914234f,0.014427257221154517f,0.22967707164431966f,0.9249458329147361f,-0.30285912390838604f,0.8940751736772138f,0.941913852790175f,-0.289589301775401f,-0.17010682002554817f,0.11345408250418172f,0f,0f,0f,1f],start_interpolation:0}