execute if entity @s[tag=aj.convict.bone.left_leg_2] run data modify entity @s {} merge value {transformation:[-0.9367362695513299f,-0.10952019312970035f,-0.33246125880152017f,0.19768697663469215f,-0.24844038249681227f,0.8770993965949169f,0.41106450204033684f,0.5199513661704027f,0.2465817058337781f,0.46765583048826154f,-0.8488200554643126f,0.014326730758415576f,0f,0f,0f,1f],start_interpolation:0}
execute if entity @s[tag=aj.convict.bone.left_leg] run data modify entity @s {} merge value {transformation:[-0.9367362695513299f,-0.22110605941279302f,-0.2713618834656125f,0.12859133306819434f,-0.24844038249681227f,0.9660821191178603f,0.07044654331890071f,0.821852028394734f,0.2465817058337781f,0.1334070823145854f,-0.9598958343155853f,0.056016443981723514f,0f,0f,0f,1f],start_interpolation:0}
execute if entity @s[tag=aj.convict.bone.right_leg_2] run data modify entity @s {} merge value {transformation:[-0.9256969053531621f,0.3251665357176632f,-0.19326656065898454f,-0.161803177790461f,0.27004530407718985f,0.9258633318809996f,0.2642964706992358f,0.5291924767452694f,0.26487878957258393f,0.19246769788093712f,-0.9448785171158118f,0.16950413101940653f,0f,0f,0f,1f],start_interpolation:0}
execute if entity @s[tag=aj.convict.bone.right_leg] run data modify entity @s {} merge value {transformation:[-0.9256969053531621f,0.31642688025251453f,-0.20726617879731382f,-0.0629197777115502f,0.27004530407718985f,0.9365105652782871f,0.22365932770175512f,0.821852028394734f,0.26487878957258393f,0.15106948922864566f,-0.9523745252046377f,0.2167133464033583f,0f,0f,0f,1f],start_interpolation:0}
execute if entity @s[tag=aj.convict.bone.head] run data modify entity @s {} merge value {transformation:[-0.9901192020024244f,-0.10274261821525527f,-0.09543542438925068f,-0.188806258958438f,-0.03722130973615362f,0.8487159481992167f,-0.5275374994953721f,1.6543061746428274f,0.13519815060720106f,-0.5187727765357187f,-0.8441541721734327f,-0.12777779823921553f,0f,0f,0f,1f],start_interpolation:0}
execute if entity @s[tag=aj.convict.bone.left_axe] run data modify entity @s {} merge value {transformation:[0.8389532005587175f,0.22643062673304448f,0.49486028184687175f,-0.5189399448957964f,-0.5372656824657535f,0.19988166923327905f,0.819385687420232f,0.648882227049977f,0.08662051556584588f,-0.953297692004863f,0.28934477133915587f,-0.6979504791582376f,0f,0f,0f,1f],start_interpolation:0}
execute if entity @s[tag=aj.convict.bone.left_arm_2] run data modify entity @s {} merge value {transformation:[0.8389532005587175f,0.48967545945104474f,-0.2374351947030873f,-0.31046181219616553f,-0.5372656824657535f,0.8147132096724998f,-0.21814667641232008f,1.0692274790722844f,0.08662051556584588f,0.3105806342909061f,0.946592074700906f,-0.5052789519210532f,0f,0f,0f,1f],start_interpolation:0}
execute if entity @s[tag=aj.convict.bone.left_arm] run data modify entity @s {} merge value {transformation:[0.8389532005587175f,0.48967545945104474f,-0.2374351947030873f,-0.025025690734190004f,-0.5372656824657535f,0.8147132096724998f,-0.21814667641232008f,1.3917153743011215f,0.08662051556584588f,0.3105806342909061f,0.946592074700906f,-0.4176365335876788f,0f,0f,0f,1f],start_interpolation:0}
execute if entity @s[tag=aj.convict.bone.right_axe] run data modify entity @s {} merge value {transformation:[-0.000004598924478562585f,-0.000008879003705065318f,1.1483399285166064e-7f,-0.16581504484488202f,-0.000002403280966072952f,0.0000011200884503465836f,-0.000009642076667477376f,2.3266878679790937f,0.000008548341022595515f,-0.000004461916075951741f,-0.0000026489942794528823f,0.7938273007807235f,0f,0f,0f,1f],start_interpolation:0}
execute if entity @s[tag=aj.convict.bone.right_arm_2] run data modify entity @s {} merge value {transformation:[-0.9886847651304291f,-0.14931162719150093f,0.014438600500553955f,-0.27529062285264305f,0.11476356219392833f,-0.8148640452249841f,-0.5681777121571514f,1.9317216988739814f,0.09660103514739737f,-0.5600916226698991f,0.8227792013799633f,0.49709407660987065f,0f,0f,0f,1f],start_interpolation:0}
execute if entity @s[tag=aj.convict.bone.right_arm] run data modify entity @s {} merge value {transformation:[-0.5068465773937891f,-0.14931162719150093f,-0.8490068226873257f,-0.2552179912231296f,0.5494381136891797f,-0.8148640452249841f,-0.18470069578983844f,1.5511942750823435f,-0.664247172526822f,-0.5600916226698991f,0.4950485511595013f,0.2781205971707654f,0f,0f,0f,1f],start_interpolation:0}
execute if entity @s[tag=aj.convict.bone.body] run data modify entity @s {} merge value {transformation:[-0.3069230673185861f,-0.24598416875659643f,-0.9193965518038868f,0.013618264494212967f,0.21263853437496275f,0.9238795325112867f,-0.3181689222812215f,0.8940301168721783f,0.9276761743445923f,-0.29315251683697435f,-0.23125422682737928f,0.11346235481465228f,0f,0f,0f,1f],start_interpolation:0}