execute if entity @s[tag=aj.convict.bone.left_leg_2] run data modify entity @s {} merge value {transformation:[-0.9348755469972095f,-0.10759998893567858f,-0.33827496804775603f,0.19311266866779203f,-0.24525624205888294f,0.884717563161548f,0.39638896196116136f,0.5201785218975665f,0.256626357488515f,0.453538395083078f,-0.8534903847306324f,0.0033382420296052193f,0f,0f,0f,1f],start_interpolation:0}
execute if entity @s[tag=aj.convict.bone.left_leg] run data modify entity @s {} merge value {transformation:[-0.9348755469972095f,-0.20766336741705396f,-0.28789518484976123f,0.12821786634996266f,-0.24525624205888294f,0.9641901417699106f,0.10092941218928464f,0.8214879412006636f,0.256626357488515f,0.16496453057166408f,-0.9523285233024619f,0.05488965783325024f,0f,0f,0f,1f],start_interpolation:0}
execute if entity @s[tag=aj.convict.bone.right_leg_2] run data modify entity @s {} merge value {transformation:[-0.922779676109065f,0.31124864647545425f,-0.2271606247289502f,-0.15571305445452935f,0.2743550399675039f,0.9446602895927371f,0.17985063055490164f,0.524802850871822f,0.27056788686848715f,0.103639844334909f,-0.9571059509070862f,0.19822841275895403f,0f,0f,0f,1f],start_interpolation:0}
execute if entity @s[tag=aj.convict.bone.right_leg] run data modify entity @s {} merge value {transformation:[-0.922779676109065f,0.3010437994468591f,-0.24052089342643082f,-0.06163686712738588f,0.2743550399675039f,0.9516061566387009f,0.13847394950585412f,0.822179774821416f,0.27056788686848715f,0.06179282694552696f,-0.9607157046356648f,0.2175386711794312f,0f,0f,0f,1f],start_interpolation:0}
execute if entity @s[tag=aj.convict.bone.head] run data modify entity @s {} merge value {transformation:[-0.984261297931125f,-0.11300568718464496f,-0.1358654189220478f,-0.18846310175086295f,-0.023469625856810228f,0.8455993340359963f,-0.533301924748093f,1.6548128501023363f,0.17515385824205731f,-0.5217197340927461f,-0.83494289924588f,-0.12617447762780315f,0f,0f,0f,1f],start_interpolation:0}
execute if entity @s[tag=aj.convict.bone.left_axe] run data modify entity @s {} merge value {transformation:[0.8394488977827401f,0.1322353704123133f,0.5271046905722442f,-0.5614519290209257f,-0.540682462270683f,0.10566421930219944f,0.8345642861710344f,0.6327827986269039f,0.05466281189487111f,-0.9855703321281416f,0.16019705810211032f,-0.5994369363376021f,0f,0f,0f,1f],start_interpolation:0}
execute if entity @s[tag=aj.convict.bone.left_arm_2] run data modify entity @s {} merge value {transformation:[0.8394488977827401f,0.5206240827640558f,-0.1558079345137097f,-0.33401890472776746f,-0.540682462270683f,0.8289675974745072f,-0.1430915697385937f,1.0635258888245445f,0.05466281189487111f,0.20436067817324635f,0.9773682469838668f,-0.4579795582077001f,0f,0f,0f,1f],start_interpolation:0}
execute if entity @s[tag=aj.convict.bone.left_arm] run data modify entity @s {} merge value {transformation:[0.8394488977827401f,0.5206240827640558f,-0.1558079345137097f,-0.03974937690002302f,-0.540682462270683f,0.8289675974745072f,-0.1430915697385937f,1.3877470322683652f,0.05466281189487111f,0.20436067817324635f,0.9773682469838668f,-0.4200386748268268f,0f,0f,0f,1f],start_interpolation:0}
execute if entity @s[tag=aj.convict.bone.right_axe] run data modify entity @s {} merge value {transformation:[-0.000004787679713743562f,-0.000008778161550004734f,1.4833327552143973e-7f,-0.11248695515468926f,-0.000001563418147455661f,6.86202133824221e-7f,-0.00000985316448293346f,2.352743551232779f,0.000008639088299977883f,-0.000004740570264594088f,-0.000001700925310421269f,0.7565104377206797f,0f,0f,0f,1f],start_interpolation:0}
execute if entity @s[tag=aj.convict.bone.right_arm_2] run data modify entity @s {} merge value {transformation:[-0.9801302876281304f,-0.1900697089057684f,0.056728520432631435f,-0.2431288934421398f,0.13167635982106204f,-0.8373631057741996f,-0.5305510016506058f,1.9462062685580008f,0.14834404449883792f,-0.5125393007805973f,0.8457526290926112f,0.485044224352539f,0f,0f,0f,1f],start_interpolation:0}
execute if entity @s[tag=aj.convict.bone.right_arm] run data modify entity @s {} merge value {transformation:[-0.5391934836278287f,-0.1900697089057684f,-0.8204534678881937f,-0.23975897950865244f,0.5253088253432352f,-0.8373631057741996f,-0.15124042814240263f,1.5559453997286357f,-0.6582712398622602f,-0.5125393007805973f,0.5513460255824285f,0.2829588131118132f,0f,0f,0f,1f],start_interpolation:0}
execute if entity @s[tag=aj.convict.bone.body] run data modify entity @s {} merge value {transformation:[-0.2666794701448392f,-0.24610798622666827f,-0.9318330962778272f,0.014063313187329937f,0.22426448994702727f,0.9244620202488328f,-0.30834300975739065f,0.8940574533429799f,0.9373299839181866f,-0.29120582451747196f,-0.19134175972597262f,0.11346370946591323f,0f,0f,0f,1f],start_interpolation:0}