execute if entity @s[tag=aj.convict.bone.left_leg_2] run data modify entity @s {} merge value {transformation:[-0.6043622670927694f,0.4849143618975593f,0.6321426355973555f,-0.14178442156601798f,-0.05954919354699086f,0.7637282225032096f,-0.6427854196386154f,0.6083830646337722f,-0.7944810530543766f,-0.42611883762346253f,-0.4326922608044174f,0.19775026336481236f,0f,0f,0f,1f],start_interpolation:0}
execute if entity @s[tag=aj.convict.bone.left_leg] run data modify entity @s {} merge value {transformation:[-0.6043622670927694f,0.6123808170695045f,0.5096429975971161f,0.04958458376820219f,-0.05954919354699086f,0.6031741931719288f,-0.7953834208979312f,0.796875f,-0.7944810530543766f,-0.5110485569656553f,-0.32806893903710255f,0.03804758931304505f,0f,0f,0f,1f],start_interpolation:0}
execute if entity @s[tag=aj.convict.bone.right_leg_2] run data modify entity @s {} merge value {transformation:[-0.6959174730363065f,0.3105472857983817f,0.6475023196916129f,-0.25453355383477166f,0.23104670647881365f,0.9505439569143619f,-0.2075659061572511f,0.5029420774918234f,-0.6799384458523098f,0.005154537500693737f,-0.7332510760954255f,-0.10575703943878803f,0f,0f,0f,1f],start_interpolation:0}
execute if entity @s[tag=aj.convict.bone.right_leg] run data modify entity @s {} merge value {transformation:[-0.6959174730363065f,0.33849536809652825f,0.6333401586035401f,-0.14875375130460658f,0.23104670647881365f,0.9405853520261651f,-0.2488304944718553f,0.796875f,-0.6799384458523098f,-0.026834331201110756f,-0.7327780213140502f,-0.11414276793913514f,0f,0f,0f,1f],start_interpolation:0}
execute if entity @s[tag=aj.convict.bone.head] run data modify entity @s {} merge value {transformation:[-0.9884793325220826f,-0.003337167187504795f,-0.15131910815181326f,-0.04958458376820219f,-0.007937315747805403f,0.9995241725225341f,0.029806502006492108f,1.697916875f,0.15114763708181866f,0.030664178748272694f,-0.9880354750444322f,-0.03804758931304505f,0f,0f,0f,1f],start_interpolation:0}
execute if entity @s[tag=aj.convict.bone.left_axe] run data modify entity @s {} merge value {transformation:[-0.9781987039715843f,-0.022808837908024626f,-0.20641475834251338f,0.48472157183937714f,-0.16326280937881424f,0.6987463981492084f,0.6964902914953266f,0.6002323041027674f,0.12834543475344073f,0.7150057538137672f,-0.6872366560298984f,0.2938012479387623f,0f,0f,0f,1f],start_interpolation:0}
execute if entity @s[tag=aj.convict.bone.left_arm_2] run data modify entity @s {} merge value {transformation:[-0.9781987039715843f,-0.18433781912113306f,-0.09563923875678415f,0.4213028410670596f,-0.16326280937881424f,0.9672354420635436f,-0.19442441896500157f,1.0856773553247028f,0.12834543475344073f,-0.1745713838457091f,-0.9762439660864206f,0.16114851728125937f,0f,0f,0f,1f],start_interpolation:0}
execute if entity @s[tag=aj.convict.bone.left_arm] run data modify entity @s {} merge value {transformation:[-0.9781987039715843f,-0.18433781912113306f,-0.09563923875678415f,0.27517494265096226f,-0.16326280937881424f,0.9672354420635436f,-0.19442441896500157f,1.5f,0.12834543475344073f,-0.1745713838457091f,-0.9762439660864206f,0.149452410686955f,0f,0f,0f,1f],start_interpolation:0}
execute if entity @s[tag=aj.convict.bone.right_axe] run data modify entity @s {} merge value {transformation:[0.0000020605701180441017f,-0.000006436468455423354f,0.000007370612227689354f,-0.33844384349038414f,8.433804217120488e-7f,0.0000076210421519559644f,0.0000064193789405504945f,0.5770926190139045f,-0.000009748987652720488f,-7.01135037243532e-7f,0.000002113208320694622f,-0.374845079465234f,0f,0f,0f,1f],start_interpolation:0}
execute if entity @s[tag=aj.convict.bone.right_arm_2] run data modify entity @s {} merge value {transformation:[0.13724331290434988f,-0.04692745881102903f,0.989425129392102f,-0.3785038706717917f,0.10994935777468923f,0.9934262369033465f,0.03186613495529947f,1.0812502955357302f,-0.9844162797251841f,0.10441324361207799f,0.14150075183698757f,-0.35890724175523636f,0f,0f,0f,1f],start_interpolation:0}
execute if entity @s[tag=aj.convict.bone.right_arm] run data modify entity @s {} merge value {transformation:[-0.7882456407440905f,-0.04692745881102903f,0.6135687601707548f,-0.37434411018736663f,0.027377796495631997f,0.9934262369033465f,0.11115200444031469f,1.5f,-0.614751385608021f,0.10441324361207799f,-0.7817791302224836f,-0.2255475893130451f,0f,0f,0f,1f],start_interpolation:0}
execute if entity @s[tag=aj.convict.bone.body] run data modify entity @s {} merge value {transformation:[-0.8660254037844385f,0f,0.5000000000000001f,-0.04958458376820219f,0f,1f,0f,0.875f,-0.5000000000000001f,0f,-0.8660254037844385f,-0.03804758931304505f,0f,0f,0f,1f],start_interpolation:0}