execute if entity @s[tag=aj.convict.bone.left_leg_2] run data modify entity @s {} merge value {transformation:[0.2828736112072311f,0.6956955813175374f,0.6602955233967844f,-0.13091184134141887f,-0.29348484482905546f,0.718173588680985f,-0.6309463862934317f,0.6300235841504626f,-0.9131534186204666f,-0.01530864645644961f,0.40732846623508395f,0.15167137491462032f,0f,0f,0f,1f],start_interpolation:0}
execute if entity @s[tag=aj.convict.bone.left_leg] run data modify entity @s {} merge value {transformation:[0.2828736112072311f,0.7277749476379115f,0.6247608707923495f,0.09651782979542847f,-0.29348484482905546f,0.6857975509187408f,-0.6659942680005002f,0.8443353188125691f,-0.9131534186204666f,0.005034356412859681f,0.4075849473634457f,0.15324461129363898f,0f,0f,0f,1f],start_interpolation:0}
execute if entity @s[tag=aj.convict.bone.right_leg_2] run data modify entity @s {} merge value {transformation:[-0.04510062758195671f,0.05750430949520733f,0.9973260188028752f,0.005919929348640197f,0.12999757576694193f,0.9901907569038644f,-0.0512142093258343f,0.44767413975050063f,-0.9904880431819617f,0.12734017171196046f,-0.05213364539274577f,-0.11214209933165797f,0f,0f,0f,1f],start_interpolation:0}
execute if entity @s[tag=aj.convict.bone.right_leg] run data modify entity @s {} merge value {transformation:[-0.04510062758195671f,0.1009523280781706f,0.9938684826712793f,0.03746753187306851f,0.12999757576694193f,0.9870143822764064f,-0.09435697893766065f,0.7561161342118776f,-0.9904880431819617f,0.12494493441160924f,-0.05763852599127428f,-0.07309680732803009f,0f,0f,0f,1f],start_interpolation:0}
execute if entity @s[tag=aj.convict.bone.head] run data modify entity @s {} merge value {transformation:[-0.55096831567876f,-0.2981985706163848f,0.7794302583300543f,-0.15750989757332723f,-0.44209915003556066f,0.8964490292985782f,0.030454546581287347f,1.6315032136262637f,-0.7078010007452272f,-0.32780596448506233f,-0.6257483463758197f,-0.22535554666453878f,0f,0f,0f,1f],start_interpolation:0}
execute if entity @s[tag=aj.convict.bone.left_axe] run data modify entity @s {} merge value {transformation:[0.14723718844472697f,0.9213366846158422f,-0.359805397291342f,-0.08127611097868034f,-0.5681547149779826f,0.37655003179009344f,0.731717358962576f,0.7847654113666587f,0.8096427793707417f,0.09668912627575159f,0.578903949436219f,-0.4833929834600671f,0f,0f,0f,1f],start_interpolation:0}
execute if entity @s[tag=aj.convict.bone.left_arm_2] run data modify entity @s {} merge value {transformation:[0.14723718844472697f,-0.33852865650711444f,-0.9293651376409491f,-0.29534310154824084f,-0.5681547149779826f,0.740180891010439f,-0.359628236421002f,1.1627484394995593f,0.8096427793707417f,0.5809738353028309f,-0.08335449901678915f,-0.22151565700451906f,0f,0f,0f,1f],start_interpolation:0}
execute if entity @s[tag=aj.convict.bone.left_arm] run data modify entity @s {} merge value {transformation:[0.14723718844472697f,-0.33852865650711444f,-0.9293651376409491f,-0.3786876533668458f,-0.5681547149779826f,0.740180891010439f,-0.359628236421002f,1.4587325188251765f,0.8096427793707417f,0.5809738353028309f,-0.08335449901678915f,0.09249154986122446f,0f,0f,0f,1f],start_interpolation:0}
execute if entity @s[tag=aj.convict.bone.right_axe] run data modify entity @s {} merge value {transformation:[0.000005348610946627902f,1.5094440023872927e-7f,-0.00000844805165287528f,0.8313730229078902f,0.0000067823305131347726f,0.000005886184903838865f,0.000004399184025296108f,0.8960937481920406f,0.000005039082630024357f,-0.000008082700233576403f,0.0000030459158199022487f,-0.062144546463871825f,0f,0f,0f,1f],start_interpolation:0}
execute if entity @s[tag=aj.convict.bone.right_arm_2] run data modify entity @s {} merge value {transformation:[0.631415683358795f,-0.6760830985852901f,-0.3797708238080676f,0.5200826469282559f,0.7660289801463626f,0.6199121217502136f,0.1700251830849535f,1.2313776641151306f,0.12047338454807915f,-0.39827202401682826f,0.9093214824807943f,-0.2782851969446808f,0f,0f,0f,1f],start_interpolation:0}
execute if entity @s[tag=aj.convict.bone.right_arm] run data modify entity @s {} merge value {transformation:[0.6445990227133283f,-0.6760830985852901f,0.3569366102325939f,0.16229334940032075f,0.23576836223851141f,0.6199121217502136f,0.7484131483843122f,1.4390881227890004f,-0.7272588117612545f,-0.39827202401682826f,0.5589937527389254f,-0.42659770291656585f,0f,0f,0f,1f],start_interpolation:0}
execute if entity @s[tag=aj.convict.bone.body] run data modify entity @s {} merge value {transformation:[0.7213080036895554f,-0.24915887334046014f,0.6462465625820386f,0.04752714385452504f,-0.026192528048234798f,0.9225736452193637f,0.3849309296758291f,0.8723017925449862f,-0.6921190037037204f,-0.2945805916593424f,0.6589336535113388f,0.017059793259418338f,0f,0f,0f,1f],start_interpolation:0}