execute if entity @s[tag=aj.red_knight.bone.head] run data modify entity @s {} merge value {transformation:[-0.9872533149299522f,-0.13253154985358856f,0.08812650255868834f,-0.03847182030036071f,-0.004516861056081206f,0.5768166413262013f,0.8168611633903039f,1.4453446986848077f,-0.15909270921704988f,0.8060508362271988f,-0.570062767852289f,-0.6180379349189533f,0f,0f,0f,1f],start_interpolation:0}
execute if entity @s[tag=aj.red_knight.bone.body] run data modify entity @s {} merge value {transformation:[-0.9872533149299522f,-0.0615549124805773f,0.14677153984791874f,0.4124723136296723f,-0.004516861056081206f,0.932646695737507f,0.36076271827353534f,0.33443392243057124f,-0.15909270921704988f,0.35550124286620804f,-0.9210365770123142f,-0.43844618183351214f,0f,0f,0f,1f],start_interpolation:0}
execute if entity @s[tag=aj.red_knight.bone.left_hand] run data modify entity @s {} merge value {transformation:[-0.2920859381889156f,0.49190042927877065f,0.8201949599867475f,0.40712062805388227f,-0.9143604847327508f,0.10781788789043963f,-0.3902822145706028f,1.3791260800360068f,-0.2804116771313036f,-0.8639498079901435f,0.41828222601755854f,-0.16994071228575197f,0f,0f,0f,1f],start_interpolation:0}
execute if entity @s[tag=aj.red_knight.bone.left_arm] run data modify entity @s {} merge value {transformation:[-0.2920859381889156f,-0.3357966626118897f,0.8955034372301527f,0.2839287998508595f,-0.9143604847327508f,0.37257761245797844f,-0.15852705338333234f,1.438409053633328f,-0.2804116771313036f,-0.8651164800614016f,-0.415863880680422f,-0.45781534212564645f,0f,0f,0f,1f],start_interpolation:0}
execute if entity @s[tag=aj.red_knight.bone.weapon] run data modify entity @s {} merge value {transformation:[0.00001289214057148776f,0.000006162975186851368f,-0.000008578358007744335f,-0.5442241793408982f,0.0000076974663344509f,0.0000037873703095127934f,0.000014289248263865867f,1.3340048100468473f,0.000007233222054711994f,-0.000015015037154887532f,8.32809843403991e-8f,-0.0330242192627227f,0f,0f,0f,1f],start_interpolation:0}
execute if entity @s[tag=aj.red_knight.bone.right_hand] run data modify entity @s {} merge value {transformation:[-0.29495985539750985f,-0.21191299447075423f,-0.9317143159135839f,-0.6104469901130088f,0.9373670013161587f,0.1249400375397435f,-0.3251662526510395f,1.3730485717780172f,0.18531537590667507f,-0.9692692452533535f,0.16178795276089641f,-0.3359208584043957f,0f,0f,0f,1f],start_interpolation:0}
execute if entity @s[tag=aj.red_knight.bone.right_arm] run data modify entity @s {} merge value {transformation:[-0.29495985539750985f,0.6306710789563394f,-0.7178110293607407f,-0.3949272869768084f,0.9373670013161587f,0.3366849482551668f,-0.0893663832879446f,1.4196771805254969f,0.18531537590667507f,-0.6992118675955535f,-0.6904788017499927f,-0.5660067780221734f,0f,0f,0f,1f],start_interpolation:0}
execute if entity @s[tag=aj.red_knight.bone.waist] run data modify entity @s {} merge value {transformation:[-1f,5.341834311772723e-18f,1.223481206754078e-16f,-0.2187499999999999f,0f,0.9990482215818578f,-0.043619387365336f,0.7531696146133503f,-1.2246467991473532e-16f,-0.043619387365336f,-0.9990482215818578f,-0.8354553412172498f,0f,0f,0f,1f],start_interpolation:0}
execute if entity @s[tag=aj.red_knight.bone.left_foot] run data modify entity @s {} merge value {transformation:[-0.9844288074807435f,-0.1726196641342912f,-0.033202026387038765f,0.21400678541078735f,-0.17356654457147053f,0.9246112610292007f,0.33907030330524557f,0.30754854702503703f,-0.027831234388019023f,0.339553335327686f,-0.9401749597071192f,-0.6945372740414556f,0f,0f,0f,1f],start_interpolation:0}
execute if entity @s[tag=aj.red_knight.bone.left_leg] run data modify entity @s {} merge value {transformation:[-0.9836306447266505f,-0.1764131312420132f,-0.03673093900272614f,0.1250000000000001f,-0.17620344015565811f,0.984313577717467f,-0.008895414456434048f,0.7674166372204001f,0.03772402990065042f,-0.0022776844444650085f,-0.9992855996769023f,-0.8673571510692661f,0f,0f,0f,1f],start_interpolation:0}
execute if entity @s[tag=aj.red_knight.bone.right_foot] run data modify entity @s {} merge value {transformation:[-0.9493144670999033f,0.24503335401873863f,-0.1968773678540891f,-0.18993575490095407f,0.2631291605462945f,0.9621211137525365f,-0.07131624879213022f,0.445476247132521f,0.17194501279487354f,-0.11950572325167574f,-0.9778309131363483f,-0.49131817557535895f,0f,0f,0f,1f],start_interpolation:0}
execute if entity @s[tag=aj.red_knight.bone.right_leg] run data modify entity @s {} merge value {transformation:[-0.9848077560158668f,0.16172030427706777f,-0.06324734678645147f,-0.1249999999999999f,0.1721625818598951f,0.8617740210624033f,-0.4771850605679848f,0.7674166372204001f,-0.022665592829836954f,-0.48082437522079624f,-0.8765239249987435f,-0.8673571510692663f,0f,0f,0f,1f],start_interpolation:0}
execute if entity @s[tag=aj.red_knight.bone.weapon_ground] run data modify entity @s {} merge value {transformation:[1.6666666666666667f,2.2112027495480826e-16f,1.855419411603985e-16f,-2.678914873134835e-17f,-2.041077998578922e-16f,0.14525957124609654f,1.660324496819576f,0.37500000000000006f,2.041077998578922e-16f,-1.660324496819576f,0.14525957124609654f,0.21875f,0f,0f,0f,1f],start_interpolation:0}