execute if entity @s[tag=aj.red_knight.bone.head] run data modify entity @s {} merge value {transformation:[-0.9876847779325015f,0.06264095927964503f,0.14336976550497205f,0.0070836242081341394f,0.08083471564632771f,0.9888816510865728f,0.12481517892736868f,1.5654016055834592f,-0.13395718788778052f,0.13486730650835865f,-0.9817669180861506f,-0.20106711946517247f,0f,0f,0f,1f],start_interpolation:0}
execute if entity @s[tag=aj.red_knight.bone.body] run data modify entity @s {} merge value {transformation:[-0.9308505638780735f,0.00923040673697325f,0.3652834889771809f,0.2515476748004174f,-0.002249201942332385f,0.9995172075620459f,-0.03098859270752391f,0.5824330077856436f,-0.36539317018589f,-0.029667345328496027f,-0.9303803952162066f,0.4650684719960628f,0f,0f,0f,1f],start_interpolation:0}
execute if entity @s[tag=aj.red_knight.bone.left_hand] run data modify entity @s {} merge value {transformation:[-0.8990764966651403f,-0.12981751907943254f,0.418101500696181f,0.4806153460492454f,-0.2632843453110874f,0.9233524354961297f,-0.2794666945764338f,1.224869921246043f,-0.3497753659971633f,-0.361341516578744f,-0.8643433934138234f,-0.08121569648835353f,0f,0f,0f,1f],start_interpolation:0}
execute if entity @s[tag=aj.red_knight.bone.left_arm] run data modify entity @s {} merge value {transformation:[-0.8990764966651403f,-0.31339667164004187f,0.3056860797440427f,0.32648660512016103f,-0.2632843453110874f,0.9449289395661061f,0.1943981807646002f,1.5037049432785081f,-0.3497753659971633f,0.09429647594379029f,-0.9320758380980232f,-0.07360900813074177f,0f,0f,0f,1f],start_interpolation:0}
execute if entity @s[tag=aj.red_knight.bone.weapon] run data modify entity @s {} merge value {transformation:[-1.2012967333851936f,0.07773935036903037f,1.1526580280117957f,-0.838281283213184f,0.4763307807426303f,1.548294700785141f,0.392008016009296f,1.195228345276983f,-1.0525079208504595f,0.6119786685029381f,-1.1381946070959008f,-0.41855880119083677f,0f,0f,0f,1f],start_interpolation:0}
execute if entity @s[tag=aj.red_knight.bone.right_hand] run data modify entity @s {} merge value {transformation:[-0.3951002096992633f,0.8858689024568609f,0.2431709521210842f,-0.5614472511954149f,0.681016632338948f,0.4601081493237544f,-0.5696637933058304f,1.3390121419406562f,-0.6165323760949755f,-0.059470821297055165f,-0.7850802829271268f,-0.4371434328461665f,0f,0f,0f,1f],start_interpolation:0}
execute if entity @s[tag=aj.red_knight.bone.right_arm] run data modify entity @s {} merge value {transformation:[-0.3951002096992633f,0.6962328832893698f,0.5992959173247958f,-0.3191807120612829f,0.681016632338948f,0.6598214761111604f,-0.31757198576103574f,1.5026428137042096f,-0.6165323760949755f,0.2826577292222163f,-0.7348417770769596f,-0.31027961895828793f,0f,0f,0f,1f],start_interpolation:0}
execute if entity @s[tag=aj.red_knight.bone.waist] run data modify entity @s {} merge value {transformation:[-0.8887838188145192f,0.02103391996041338f,0.45784374804574834f,-0.19540742536382041f,0.003848009565557836f,0.9992536137148884f,-0.038437069348740055f,0.8322517389495804f,-0.4583105019916772f,-0.03240045815780081f,-0.8882013814869358f,-0.27923665083453236f,0f,0f,0f,1f],start_interpolation:0}
execute if entity @s[tag=aj.red_knight.bone.left_foot] run data modify entity @s {} merge value {transformation:[-0.9567166075656095f,-0.13851647493357655f,0.2559424134060771f,0.09326366260843462f,-0.1583439393396878f,0.9856521514391264f,-0.05845539528401572f,0.4927143366229354f,-0.24417315512263157f,-0.0964521774528555f,-0.9649230268690152f,0.20208283960418374f,0f,0f,0f,1f],start_interpolation:0}
execute if entity @s[tag=aj.red_knight.bone.left_leg] run data modify entity @s {} merge value {transformation:[-0.9567166075656095f,-0.038597891269435025f,0.28845023071182363f,0.12474828447948164f,-0.1583439393396878f,0.900649503559525f,-0.4046698266641217f,0.8453411649585668f,-0.24417315512263157f,-0.43282868958461385f,-0.8677780798049265f,-0.14995496610507572f,0f,0f,0f,1f],start_interpolation:0}
execute if entity @s[tag=aj.red_knight.bone.right_foot] run data modify entity @s {} merge value {transformation:[-0.9040531415967824f,0.17954189242108562f,0.38788223217214174f,-0.2815121890982861f,0.1868103673468791f,0.9822076667044087f,-0.019235023233810433f,0.42067526637382346f,-0.3844343946900589f,0.05507093909619179f,-0.9215082136619029f,-0.07952253531609105f,0f,0f,0f,1f],start_interpolation:0}
execute if entity @s[tag=aj.red_knight.bone.right_leg] run data modify entity @s {} merge value {transformation:[-0.8707318638914522f,0.23410205332118386f,0.432460691664483f,-0.09744767022414816f,0.17714729237606489f,0.9696967506315342f,-0.16824698695213863f,0.8463031673499563f,-0.4587426925935131f,-0.06988877195551313f,-0.8858164039724055f,-0.264532591602995f,0f,0f,0f,1f],start_interpolation:0}