execute if entity @s[tag=aj.red_knight.bone.head] run data modify entity @s {} merge value {transformation:[-0.9884928499947385f,0.15009156695112624f,-0.01882570156554242f,0.027901681232363532f,0.1446658951297366f,0.9743679472732965f,0.17227559929582267f,1.559847598314203f,0.044200274836151576f,0.16756976116405486f,-0.9848688800281133f,-0.8906689970939743f,0f,0f,0f,1f],start_interpolation:0}
execute if entity @s[tag=aj.red_knight.bone.left_hand] run data modify entity @s {} merge value {transformation:[-0.4844728603419867f,-0.4526367986899258f,-0.7486026823781687f,0.22000855889369303f,-0.2862819897869467f,0.8906493175314384f,-0.35325120736440463f,1.2363809738862073f,0.8266369637970954f,0.04317084261997442f,-0.5610771858058399f,-1.3508864971101235f,0f,0f,0f,1f],start_interpolation:0}
execute if entity @s[tag=aj.red_knight.bone.left_arm] run data modify entity @s {} merge value {transformation:[-0.4844728603419867f,-0.016678032325641197f,-0.8746472951023164f,0.18451712002055598f,-0.2862819897869467f,0.9477880338247393f,0.1405007660557814f,1.5146721100947542f,0.8266369637970954f,0.3184645760149466f,-0.4639522000248946f,-1.1997015068681343f,0f,0f,0f,1f],start_interpolation:0}
execute if entity @s[tag=aj.red_knight.bone.weapon] run data modify entity @s {} merge value {transformation:[0.000016626451736235932f,-0.0000010975343200167633f,3.664680842589638e-7f,0.03236493241714321f,-2.82690227013088e-7f,0.0000012656979844803305f,0.000016616132902255317f,1.3934864028765475f,-0.000001122036842508473f,-0.000016582255721289716f,0.000001244028253531983f,0.028101498234408384f,0f,0f,0f,1f],start_interpolation:0}
execute if entity @s[tag=aj.red_knight.bone.left_foot] run data modify entity @s {} merge value {transformation:[-0.9707417518640452f,-0.13891001957599414f,-0.19586847027870852f,0.21844556026097955f,-0.1543693909650006f,0.9858109348777854f,0.06593096244164587f,0.41128560141642156f,0.1839308085151021f,0.09423803444885645f,-0.9784112890508762f,-0.7791515208640059f,0f,0f,0f,1f],start_interpolation:0}
execute if entity @s[tag=aj.red_knight.bone.left_leg] run data modify entity @s {} merge value {transformation:[-0.9707417518640452f,-0.1799273923553393f,-0.1590175608797097f,0.10677345181821417f,-0.1543693909650006f,0.9748597741842931f,-0.16068139845807852f,0.8406340052053267f,0.1839308085151021f,-0.13143269820541914f,-0.9741123669892627f,-1.0081861612240757f,0f,0f,0f,1f],start_interpolation:0}
execute if entity @s[tag=aj.red_knight.bone.right_foot] run data modify entity @s {} merge value {transformation:[-0.8413025836910991f,0.2334661203679535f,-0.48754849329581273f,-0.15699459290656748f,0.17213414026684093f,0.9706790038471939f,0.16778590299788218f,0.38305886759858826f,0.5124254096249292f,0.05723497296719405f,-0.8568222437823191f,-0.733994353912717f,0f,0f,0f,1f],start_interpolation:0}
execute if entity @s[tag=aj.red_knight.bone.right_leg] run data modify entity @s {} merge value {transformation:[-0.9307034525893637f,0.17858201871039403f,-0.31921708276901195f,-0.1281497077369942f,0.18686601949803666f,0.9823739069133788f,0.004753711466161922f,0.8443636806224811f,0.31443946014327967f,-0.05522652993865001f,-0.9476696978883192f,-0.9227625191460139f,0f,0f,0f,1f],start_interpolation:0}