execute if entity @s[tag=aj.red_knight.bone.head] run data modify entity @s {} merge value {transformation:[-0.984893089001082f,0.0898246871505316f,0.14804434746458944f,0.006196264164243518f,0.11408659395836303f,0.9797527848576413f,0.16452577197106805f,1.5454139846488921f,-0.13026838571536298f,0.17893017113389628f,-0.9751995393462346f,-0.2681589884818646f,0f,0f,0f,1f],start_interpolation:0}
execute if entity @s[tag=aj.red_knight.bone.body] run data modify entity @s {} merge value {transformation:[-0.9791825264705736f,0.0075665596640561135f,0.20284064442205574f,0.3562011915722409f,-0.0006014937817486431f,0.9991924186009508f,-0.0401764709203393f,0.5665917517183056f,-0.20298083175495935f,-0.03946210568675511f,-0.9783872056373348f,0.3556439849086952f,0f,0f,0f,1f],start_interpolation:0}
execute if entity @s[tag=aj.red_knight.bone.left_hand] run data modify entity @s {} merge value {transformation:[-0.9453736798091139f,-0.18058516165030675f,0.27139934582807623f,0.49274458171468716f,-0.2627846343880924f,0.9148266988791708f,-0.30665346394155635f,1.2041822414443613f,-0.19290630226535302f,-0.36122169149923905f,-0.9123080883872163f,-0.22907357893073754f,0f,0f,0f,1f],start_interpolation:0}
execute if entity @s[tag=aj.red_knight.bone.left_arm] run data modify entity @s {} merge value {transformation:[-0.9453736798091139f,-0.29229241301477715f,0.14433901350007233f,0.34231734765949967f,-0.2627846343880924f,0.94532166457185f,0.19316103753247776f,1.4831712219738087f,-0.19290630226535302f,0.14467928595727036f,-0.9704921755280682f,-0.19591794596067513f,0f,0f,0f,1f],start_interpolation:0}
execute if entity @s[tag=aj.red_knight.bone.weapon] run data modify entity @s {} merge value {transformation:[-0.5409258088847771f,1.4142785562541609f,0.6964145406148369f,-0.9104768397072835f,0.9947568970843224f,0.8773980207854634f,-1.0091626264397133f,1.3220443546832836f,-1.2229618811570941f,0.08812863450193859f,-1.128882349403738f,-0.31169003543336005f,0f,0f,0f,1f],start_interpolation:0}
execute if entity @s[tag=aj.red_knight.bone.right_hand] run data modify entity @s {} merge value {transformation:[-0.3396039054529548f,0.9256558682748127f,-0.16682446142428575f,-0.6212093808714045f,0.7999177005971709f,0.1909401609856376f,-0.5689231294244536f,1.3817131549912953f,-0.49477354382832084f,-0.3266543562409374f,-0.8052925380732046f,-0.413769521758653f,0f,0f,0f,1f],start_interpolation:0}
execute if entity @s[tag=aj.red_knight.bone.right_arm] run data modify entity @s {} merge value {transformation:[-0.3396039054529548f,0.851021159751938f,0.4005398520192051f,-0.3340400243581143f,0.7999177005971709f,0.48533489168964666f,-0.3529613508302767f,1.4833854523569867f,-0.49477354382832084f,0.20053186420882124f,-0.8455685139386989f,-0.3201799677041263f,0f,0f,0f,1f],start_interpolation:0}
execute if entity @s[tag=aj.red_knight.bone.waist] run data modify entity @s {} merge value {transformation:[-0.9312257863110938f,0.023474629987334687f,0.36368595883845045f,-0.20480601403620805f,0.005375710151145539f,0.9986995683727665f,-0.0506978685195013f,0.8128618943280895f,-0.3644031238198381f,-0.045256092175612085f,-0.9301409836531968f,-0.3182584706815247f,0f,0f,0f,1f],start_interpolation:0}
execute if entity @s[tag=aj.red_knight.bone.left_foot] run data modify entity @s {} merge value {transformation:[-0.9836283582574525f,-0.13900901106017077f,0.11468106938733308f,0.13541035901298432f,-0.1419223568267039f,0.9897212712317554f,-0.01760255390991944f,0.48268929965588303f,-0.11105538016909722f,-0.0335901788544094f,-0.9932463956239792f,0.1405453755410095f,0f,0f,0f,1f],start_interpolation:0}
execute if entity @s[tag=aj.red_knight.bone.left_leg] run data modify entity @s {} merge value {transformation:[-0.9836283582574525f,-0.07751863499305733f,0.16268409283197338f,0.1270348273154841f,-0.1419223568267039f,0.8895529343775451f,-0.4342276149360522f,0.8250343663282234f,-0.11105538016909722f,-0.45020710586252627f,-0.8859911198010879f,-0.22276892904786166f,0f,0f,0f,1f],start_interpolation:0}
execute if entity @s[tag=aj.red_knight.bone.right_foot] run data modify entity @s {} merge value {transformation:[-0.9451468638048823f,0.19900365089295804f,0.2590269344509743f,-0.2791766465378986f,0.20014236325549228f,0.97951418406414f,-0.02224854259650552f,0.41944560618268445f,-0.2581480975531336f,0.030814122548526973f,-0.9656138201068076f,-0.08234419880509053f,0f,0f,0f,1f],start_interpolation:0}
execute if entity @s[tag=aj.red_knight.bone.right_leg] run data modify entity @s {} merge value {transformation:[-0.9119770409135302f,0.25092922997465616f,0.3245495314908461f,-0.10577161926228933f,0.17844880039598346f,0.9549974522230202f,-0.2369301413597993f,0.8263782938660097f,-0.3693966736231338f,-0.15815937465691424f,-0.9157137706315758f,-0.31386971000282116f,0f,0f,0f,1f],start_interpolation:0}