execute if entity @s[tag=aj.red_knight.bone.head] run data modify entity @s {} merge value {transformation:[-1f,-7.44672263939633e-17f,9.722257978375598e-17f,6.881511192571006e-17f,0f,0.793882610491826f,0.6080710491042012f,1.1851577634984714f,-1.2246467991473532e-16f,0.6080710491042012f,-0.793882610491826f,-0.56191803198785f,0f,0f,0f,1f],start_interpolation:0}
execute if entity @s[tag=aj.red_knight.bone.body] run data modify entity @s {} merge value {transformation:[-1f,-2.5141152256250053e-17f,1.1985624843889715e-16f,0.46875000000000006f,0f,0.978700540615839f,0.2052930875559737f,0.10381067910464548f,-1.2246467991473532e-16f,0.2052930875559737f,-0.978700540615839f,-0.27786084923590404f,0f,0f,0f,1f],start_interpolation:0}
execute if entity @s[tag=aj.red_knight.bone.left_hand] run data modify entity @s {} merge value {transformation:[-0.8192506869438922f,0.5517942684270888f,-0.15604934243044616f,0.34282019796363167f,-0.531982304529627f,-0.8329307758142991f,-0.15238487578738708f,1.2598545537490353f,-0.21406340091035686f,-0.041825925362194996f,0.9759238968066558f,-0.02832375157579453f,0f,0f,0f,1f],start_interpolation:0}
execute if entity @s[tag=aj.red_knight.bone.left_arm] run data modify entity @s {} merge value {transformation:[-0.8192506869438922f,0.1668255039051574f,0.5486324481734115f,0.3437500000000001f,-0.531982304529627f,0.13604391453002881f,-0.8357552757755669f,1.2691193830065677f,-0.21406340091035686f,-0.9765558379151378f,-0.02270585441148046f,-0.3468764134811724f,0f,0f,0f,1f],start_interpolation:0}
execute if entity @s[tag=aj.red_knight.bone.weapon] run data modify entity @s {} merge value {transformation:[-0.000003819634411572683f,-0.000009343644279822145f,-0.000013262144710108333f,-0.17966237670781304f,0.000014070344397856314f,-0.000008690106830071017f,0.000002070079608479946f,1.5095483971643324f,-0.000008075492509155163f,-0.00001072175977309126f,0.000009879679442192387f,-0.006037941045626001f,0f,0f,0f,1f],start_interpolation:0}
execute if entity @s[tag=aj.red_knight.bone.right_hand] run data modify entity @s {} merge value {transformation:[-0.838833259642424f,-0.5219235799918935f,0.15477254009064798f,-0.3427634954552798f,0.49333243005800537f,-0.8490032172052954f,-0.1892528748212869f,1.2442348917876775f,0.23017792242247956f,-0.08239729257387027f,0.9696539641571975f,-0.03178709497496046f,0f,0f,0f,1f],start_interpolation:0}
execute if entity @s[tag=aj.red_knight.bone.right_arm] run data modify entity @s {} merge value {transformation:[-0.838833259642424f,-0.17092346647158907f,-0.5168596822417099f,-0.3437499999999999f,0.49333243005800537f,0.16276729798528264f,-0.854476401171872f,1.264266395529453f,0.23017792242247956f,-0.9717468679218403f,-0.05221253406381733f,-0.3498441113519405f,0f,0f,0f,1f],start_interpolation:0}
execute if entity @s[tag=aj.red_knight.bone.waist] run data modify entity @s {} merge value {transformation:[-1f,5.341834311772723e-18f,1.223481206754078e-16f,-0.21874999999999992f,0f,0.9990482215818578f,-0.043619387365336f,0.4641990263780562f,-1.2246467991473532e-16f,-0.043619387365336f,-0.9990482215818578f,-0.6854553412172499f,0f,0f,0f,1f],start_interpolation:0}
execute if entity @s[tag=aj.red_knight.bone.left_foot] run data modify entity @s {} merge value {transformation:[-0.9647011706749908f,-0.1744068651796417f,-0.19731674200764732f,0.22510166432227074f,-0.21766527958595458f,0.10631525011795678f,0.9702159005371558f,0.042139283325073384f,-0.14823453498112504f,0.978917418871769f,-0.14052476532043395f,-0.49626069889467156f,0f,0f,0f,1f],start_interpolation:0}
execute if entity @s[tag=aj.red_knight.bone.left_leg] run data modify entity @s {} merge value {transformation:[-0.9774960499979072f,-0.21082250946639833f,-0.007439202966670235f,0.12500000000000008f,-0.20870727131352093f,0.9716179061032869f,-0.1113549255324108f,0.478446048985106f,0.030704187651740246f,-0.10729638410382146f,-0.9937528560054013f,-0.7173571510692662f,0f,0f,0f,1f],start_interpolation:0}
execute if entity @s[tag=aj.red_knight.bone.right_foot] run data modify entity @s {} merge value {transformation:[-0.9548667458068711f,0.26146512573149217f,0.14094497429284636f,-0.19791889298723025f,0.2329881561843769f,0.3649630701480298f,0.9013980677291961f,0.10369008704132315f,0.18424444857308597f,0.8935535492931239f,-0.4094093766826308f,-0.39562996515221194f,0f,0f,0f,1f],start_interpolation:0}
execute if entity @s[tag=aj.red_knight.bone.right_leg] run data modify entity @s {} merge value {transformation:[-0.9848077560158668f,0.16945991935343113f,-0.037908039038199316f,-0.12499999999999992f,0.1721625818598951f,0.9243388248864758f,-0.34052574383565193f,0.478446048985106f,-0.022665592829836954f,-0.3418787395264844f,-0.9394707011724498f,-0.7173571510692663f,0f,0f,0f,1f],start_interpolation:0}