execute if entity @s[tag=aj.red_knight.bone.head] run data modify entity @s {} merge value {transformation:[-0.9977422739219189f,0.05328710696444797f,-0.04087589828343731f,-0.01768604289314889f,0.043421465080079505f,0.976158112992206f,0.21267325833257705f,1.5621263059320611f,0.05123408240046727f,0.210418208981198f,-0.9762680196184483f,-0.9314514678627241f,0f,0f,0f,1f],start_interpolation:0}
execute if entity @s[tag=aj.red_knight.bone.body] run data modify entity @s {} merge value {transformation:[-0.9948444326706114f,-0.028308971424597082f,0.09738150194554787f,0.4282655053730234f,-0.02679758713139658f,0.9994998079030053f,0.016793550124698138f,0.566791091934549f,-0.09780820061847882f,0.014097380562958714f,-0.9951054314760013f,-0.4021485386477702f,0f,0f,0f,1f],start_interpolation:0}
execute if entity @s[tag=aj.red_knight.bone.left_hand] run data modify entity @s {} merge value {transformation:[-0.851704966367023f,-0.424095946458001f,0.30780071225330286f,0.5421195887669974f,-0.5042383839621614f,0.8231422714190395f,-0.2611138700688499f,1.2642662035792938f,-0.14262644356842147f,-0.3775969136539607f,-0.9149198152811139f,-0.9224140738185098f,0f,0f,0f,1f],start_interpolation:0}
execute if entity @s[tag=aj.red_knight.bone.left_arm] run data modify entity @s {} merge value {transformation:[-0.851704966367023f,-0.5168766262921933f,0.08623922227471942f,0.3273640826527481f,-0.5042383839621614f,0.8531689307937976f,0.13359052237114744f,1.4993665954547204f,-0.14262644356842147f,0.07029458528911306f,-0.9872772502565101f,-0.9093611686386883f,0f,0f,0f,1f],start_interpolation:0}
execute if entity @s[tag=aj.red_knight.bone.weapon] run data modify entity @s {} merge value {transformation:[0.000003900544244486999f,0.000015896351294048953f,-0.000003141583662862649f,-0.8850127905944687f,8.909413612646633e-7f,0.0000030160374658386247f,0.000016367269756230687f,1.354888894914862f,0.000016179300227925964f,-0.000003998413600244961f,-1.4391175695163367e-7f,-0.617256894563234f,0f,0f,0f,1f],start_interpolation:0}
execute if entity @s[tag=aj.red_knight.bone.right_hand] run data modify entity @s {} merge value {transformation:[-0.283713256298808f,0.7004523826842839f,-0.6548841483745326f,-0.66612142100563f,0.945510041443962f,0.31811788897287874f,-0.0693669247125521f,1.4543007352188868f,0.15974213510831942f,-0.6388798543602303f,-0.752539023548737f,-0.8169068490508059f,0f,0f,0f,1f],start_interpolation:0}
execute if entity @s[tag=aj.red_knight.bone.right_arm] run data modify entity @s {} merge value {transformation:[-0.283713256298808f,0.9112502425638792f,-0.29854611641687523f,-0.36362364168574224f,0.945510041443962f,0.3177101864005181f,0.07121094709372794f,1.494490790878801f,0.15974213510831942f,-0.26207486122216983f,-0.951734846155386f,-0.908789126627004f,0f,0f,0f,1f],start_interpolation:0}
execute if entity @s[tag=aj.red_knight.bone.waist] run data modify entity @s {} merge value {transformation:[-0.9950303911398175f,0.00011302795558673443f,-0.09957162212610132f,-0.2176681962472531f,0.004513152409861212f,0.9990228158829269f,-0.0439664053644706f,0.8291580575951449f,0.09946935288553566f,-0.04419729143317316f,-0.9940585733579808f,-0.9136693310203591f,0f,0f,0f,1f],start_interpolation:0}
execute if entity @s[tag=aj.red_knight.bone.left_foot] run data modify entity @s {} merge value {transformation:[-0.9862652455305368f,-0.16425723926839605f,-0.01733276684533514f,0.19734867714500293f,-0.16440053630860496f,0.9863674983286378f,0.007184838366149374f,0.3978705937468233f,0.015916316157733458f,0.00993567254037267f,-0.9998239611507306f,-0.7642853581262721f,0f,0f,0f,1f],start_interpolation:0}
execute if entity @s[tag=aj.red_knight.bone.left_leg] run data modify entity @s {} merge value {transformation:[-0.9862928909881035f,-0.1648581680963597f,0.006936684960524936f,0.12126365357742455f,-0.1647707950063173f,0.9817935103816149f,-0.09450972481989275f,0.8418424427847863f,0.00877030782329348f,-0.09435723281475619f,-0.9954997711281639f,-0.9796168341708422f,0f,0f,0f,1f],start_interpolation:0}
execute if entity @s[tag=aj.red_knight.bone.right_foot] run data modify entity @s {} merge value {transformation:[-0.9421595596366008f,0.1886618937866676f,-0.2770235622076118f,-0.19496597176984953f,0.16922008437703281f,0.9812076901109763f,0.09271478798181101f,0.3866238923186097f,0.28930939706272296f,0.04047417324554559f,-0.9563795868123145f,-0.7637974953052242f,0f,0f,0f,1f],start_interpolation:0}
execute if entity @s[tag=aj.red_knight.bone.right_leg] run data modify entity @s {} merge value {transformation:[-0.9814010504025472f,0.1738174274661247f,-0.081483005454116f,-0.1274939442075298f,0.1765975225848249f,0.983879155655454f,-0.02819790920641314f,0.8429707308872515f,0.07526814256828233f,-0.042063154610292176f,-0.996275763902019f,-0.9547494959494582f,0f,0f,0f,1f],start_interpolation:0}