execute if entity @s[tag=aj.red_knight.bone.head] run data modify entity @s {} merge value {transformation:[-1f,-7.664535939778137e-17f,9.551485072701263e-17f,6.998960844646097e-17f,0f,0.779937944503785f,0.6258568548184248f,1.1576794696951769f,-1.2246467991473532e-16f,0.6258568548184248f,-0.779937944503785f,-0.5715085238877892f,0f,0f,0f,1f],start_interpolation:0}
execute if entity @s[tag=aj.red_knight.bone.body] run data modify entity @s {} merge value {transformation:[-1f,-2.326195782304859e-17f,1.2023509947123297e-16f,0.46875000000000006f,0f,0.9817940940599797f,0.18994830051607098f,0.08091122537716178f,-1.2246467991473532e-16f,0.18994830051607098f,-0.9817940940599797f,-0.27055977737387016f,0f,0f,0f,1f],start_interpolation:0}
execute if entity @s[tag=aj.red_knight.bone.left_hand] run data modify entity @s {} merge value {transformation:[-0.8354146655853376f,0.5370920103701868f,-0.11668122780228975f,0.3434154747667819f,-0.5103140765174874f,-0.836828897689447f,-0.19823455627102324f,1.2400761067658352f,-0.20411241959528725f,-0.10606398252176259f,0.9731847469923588f,-0.04262589526111066f,0f,0f,0f,1f],start_interpolation:0}
execute if entity @s[tag=aj.red_knight.bone.left_arm] run data modify entity @s {} merge value {transformation:[-0.8354146655853376f,0.1681534138633658f,0.5232654832215042f,0.3437500000000001f,-0.5103140765174874f,0.11625032831467275f,-0.8520947156712305f,1.2445097045818274f,-0.20411241959528725f,-0.9788821637831732f,-0.01130617504424164f,-0.3612835976680577f,0f,0f,0f,1f],start_interpolation:0}
execute if entity @s[tag=aj.red_knight.bone.weapon] run data modify entity @s {} merge value {transformation:[-0.0000036759504360035607f,-0.0000090975912961518f,-0.000013472156426422833f,-0.18021346025021437f,0.000014383799102211528f,-0.00000825591820655871f,0.0000016504289538205289f,1.4958496654060989f,-0.000007574396976462345f,-0.00001126283378873067f,0.00000967237629893309f,-0.004707417533639763f,0f,0f,0f,1f],start_interpolation:0}
execute if entity @s[tag=aj.red_knight.bone.right_hand] run data modify entity @s {} merge value {transformation:[-0.8448294398351697f,-0.5219704743569037f,0.11751613288149973f,-0.34332923348674677f,0.4910085971780607f,-0.8436293153798363f,-0.21725592219541784f,1.2322155043499f,0.21254123149409432f,-0.12584276749729223f,0.9690148723232249f,-0.04403328237654358f,0f,0f,0f,1f],start_interpolation:0}
execute if entity @s[tag=aj.red_knight.bone.right_arm] run data modify entity @s {} merge value {transformation:[-0.8448294398351697f,-0.17031234080944394f,-0.5072050119584793f,-0.3437499999999999f,0.4910085971780607f,0.129787072696919f,-0.8614324542632449f,1.2420859272440583f,0.21254123149409432f,-0.976805519194467f,-0.026023116381427597f,-0.3625688340931954f,0f,0f,0f,1f],start_interpolation:0}
execute if entity @s[tag=aj.red_knight.bone.waist] run data modify entity @s {} merge value {transformation:[-1f,5.341834311772723e-18f,1.223481206754078e-16f,-0.21874999999999992f,0f,0.9990482215818578f,-0.043619387365336f,0.43478726167217396f,-1.2246467991473532e-16f,-0.043619387365336f,-0.9990482215818578f,-0.6854553412172499f,0f,0f,0f,1f],start_interpolation:0}
execute if entity @s[tag=aj.red_knight.bone.left_foot] run data modify entity @s {} merge value {transformation:[-0.9639837785365702f,-0.16377937849537694f,-0.209550924354976f,0.22567397454976784f,-0.22195126555214728f,0.06128455013788134f,0.9731299191958892f,0.015131942367838935f,-0.14653637923108717f,0.9845915493716496f,-0.09542835253622198f,-0.49183312428460524f,0f,0f,0f,1f],start_interpolation:0}
execute if entity @s[tag=aj.red_knight.bone.left_leg] run data modify entity @s {} merge value {transformation:[-0.9769444679148583f,-0.21346379998373266f,-0.003565488333923431f,0.12500000000000008f,-0.21148497280971795f,0.9699036480291586f,-0.12066905077692094f,0.44903428427922376f,0.029216654261349277f,-0.11713291440169687f,-0.9926863892879451f,-0.7173571510692662f,0f,0f,0f,1f],start_interpolation:0}
execute if entity @s[tag=aj.red_knight.bone.right_foot] run data modify entity @s {} merge value {transformation:[-0.9589269597823917f,0.23172322480076177f,0.16359533272815283f,-0.20258344752612245f,0.21053271650121033f,0.19492335244478343f,0.9579566075529246f,0.04188516721850177f,0.1900922436216701f,0.953052587090357f,-0.23570257774419268f,-0.4390084789480653f,0f,0f,0f,1f],start_interpolation:0}
execute if entity @s[tag=aj.red_knight.bone.right_leg] run data modify entity @s {} merge value {transformation:[-0.9848077560158668f,0.17257596083139473f,-0.019267107569999924f,-0.12499999999999992f,0.17216258185989508f,0.9558714031245716f,-0.23805441835008562f,0.44903428427922376f,-0.022665592829836947f,-0.23775491252923373f,-0.9710606945345325f,-0.7173571510692663f,0f,0f,0f,1f],start_interpolation:0}
execute if entity @s[tag=aj.red_knight.bone.weapon_ground] run data modify entity @s {} merge value {transformation:[1.6666666666666667f,2.2112027495480826e-16f,1.855419411603985e-16f,-2.678914873134835e-17f,-2.041077998578922e-16f,0.14525957124609654f,1.660324496819576f,0.375f,2.041077998578922e-16f,-1.660324496819576f,0.14525957124609654f,0.21875f,0f,0f,0f,1f],start_interpolation:0}