execute if entity @s[tag=aj.red_knight.bone.head] run data modify entity @s {} merge value {transformation:[-0.9827735139621121f,0.10567542279614259f,-0.15162099218584113f,-0.019401609074710367f,0.09807607756570075f,0.9935581579812812f,0.056773847132019786f,1.5797785137738671f,0.15664387400689816f,0.04092544105687583f,-0.9868068732079296f,-0.962215456350771f,0f,0f,0f,1f],start_interpolation:0}
execute if entity @s[tag=aj.red_knight.bone.body] run data modify entity @s {} merge value {transformation:[-0.495224508073576f,-0.028061672902373203f,-0.8683117119544138f,0.6749524079643585f,0.05480685382845077f,0.9964782088015813f,-0.06346170622524164f,0.5893404453528204f,0.867034541051688f,-0.07901722532152247f,-0.4919424587548592f,-1.0436494427697975f,0f,0f,0f,1f],start_interpolation:0}
execute if entity @s[tag=aj.red_knight.bone.left_hand] run data modify entity @s {} merge value {transformation:[-0.4901740591626051f,-0.5018817876662817f,-0.7126317863616192f,0.17587429277128158f,-0.21711897848573658f,0.8621243868133105f,-0.4578218986058701f,1.2107185119084396f,0.8441497147457699f,-0.0696865329218696f,-0.5315590712460507f,-1.3898954393002032f,0f,0f,0f,1f],start_interpolation:0}
execute if entity @s[tag=aj.red_knight.bone.left_arm] run data modify entity @s {} merge value {transformation:[-0.4901740591626051f,0.023511219386754906f,-0.8713074166372067f,0.15258567013197968f,-0.21711897848573658f,0.9648326206949033f,0.14818017149509255f,1.4986587697202385f,0.8441497147457699f,0.26181145239647685f,-0.4678311901623086f,-1.2553200032546936f,0f,0f,0f,1f],start_interpolation:0}
execute if entity @s[tag=aj.red_knight.bone.weapon] run data modify entity @s {} merge value {transformation:[1.6087049025318625f,0.43456408389627466f,-0.031628647380514734f,-0.26491971906023615f,0.1498491666073695f,-0.4381967783181545f,1.60103297546192f,2.096221595370299f,0.40913511413077996f,-1.5481974739149915f,-0.4620290228180612f,-0.42728277511592605f,0f,0f,0f,1f],start_interpolation:0}
execute if entity @s[tag=aj.red_knight.bone.right_hand] run data modify entity @s {} merge value {transformation:[0.1922301201142158f,-0.060131330988194565f,-0.9795058978660938f,-0.28371075999404693f,0.4801851580142105f,-0.864707267479425f,0.147321266594931f,1.826000574282979f,-0.8558444922669902f,-0.4986637791156031f,-0.13734860921903422f,-0.583115206089552f,0f,0f,0f,1f],start_interpolation:0}
execute if entity @s[tag=aj.red_knight.bone.right_arm] run data modify entity @s {} merge value {transformation:[0.1922301201142158f,0.43176875999945574f,-0.8812623439188847f,-0.1607974050013555f,0.4801851580142105f,-0.8245474138826063f,-0.29923866107569475f,1.5383179350687763f,-0.8558444922669902f,-0.3656464141052651f,-0.3658317986564577f,-0.6438894297307605f,0f,0f,0f,1f],start_interpolation:0}
execute if entity @s[tag=aj.red_knight.bone.left_foot] run data modify entity @s {} merge value {transformation:[-0.9516000469365645f,-0.15093265989503857f,-0.26772501348834976f,0.2421175833731763f,-0.17330652739644764f,0.9829228471951139f,0.06186698654076345f,0.42445402834317664f,0.25381528368503103f,0.1052711196808473f,-0.9615070426830102f,-0.7652479047179284f,0f,0f,0f,1f],start_interpolation:0}
execute if entity @s[tag=aj.red_knight.bone.left_leg] run data modify entity @s {} merge value {transformation:[-0.9516000469365645f,-0.20160106372144332f,-0.2319792270370582f,0.10774565510675538f,-0.17330652739644764f,0.9753356156332639f,-0.1366941273027719f,0.8581482950411051f,0.25381528368503103f,-0.08987462369136576f,-0.9630681978885102f,-0.9729039810853437f,0f,0f,0f,1f],start_interpolation:0}
execute if entity @s[tag=aj.red_knight.bone.right_foot] run data modify entity @s {} merge value {transformation:[-0.8479739327100551f,0.2482293375479872f,-0.46831870069935344f,-0.16260728800615587f,0.1638146911830326f,0.9630363506775385f,0.2138357646098914f,0.3954376098894253f,0.5040882426687322f,0.10460967094000757f,-0.8572933338997641f,-0.7129933807712285f,0f,0f,0f,1f],start_interpolation:0}
execute if entity @s[tag=aj.red_knight.bone.right_leg] run data modify entity @s {} merge value {transformation:[-0.9341001128729044f,0.18707637952982994f,-0.3040713852910833f,-0.12717750444845302f,0.18514189197309536f,0.9820719396286628f,0.03545680795868256f,0.8618779704582595f,0.30525310640098335f,-0.02317614325135292f,-0.9519891845060754f,-0.887480339007282f,0f,0f,0f,1f],start_interpolation:0}