execute if entity @s[tag=aj.red_knight.bone.head] run data modify entity @s {} merge value {transformation:[-0.9992485273553384f,-0.02367679878155423f,0.030688593608134255f,-0.0077361687069015615f,-0.0010952390691848432f,0.8086793872641173f,0.5882486286133726f,1.3851141941601677f,-0.03874507748822756f,0.587772964514012f,-0.8080976185813453f,-0.5576027642648244f,0f,0f,0f,1f],start_interpolation:0}
execute if entity @s[tag=aj.red_knight.bone.body] run data modify entity @s {} merge value {transformation:[-0.9992485273553384f,-0.012377869931042644f,0.03673103475479035f,0.45467393104456083f,-0.0010952390691848432f,0.9562778884980824f,0.2924575190023853f,0.28312093947457284f,-0.03874507748822756f,0.29219751591281445f,-0.9555728285509231f,-0.35385211082957063f,0f,0f,0f,1f],start_interpolation:0}
execute if entity @s[tag=aj.red_knight.bone.left_hand] run data modify entity @s {} merge value {transformation:[-0.5529828619146822f,0.7608018960392313f,0.3396916681518074f,0.37252654056806f,-0.7893222635754047f,-0.3478019546275283f,-0.5059685410986237f,1.3658959964986113f,-0.26679639925015225f,-0.5479181283188035f,0.7928463949635969f,-0.04784595060001251f,0f,0f,0f,1f],start_interpolation:0}
execute if entity @s[tag=aj.red_knight.bone.left_arm] run data modify entity @s {} merge value {transformation:[-0.5529828619146822f,-0.0302694543921787f,0.83264260914239f,0.3285059072008365f,-0.7893222635754047f,0.33903016071071856f,-0.5118875993347204f,1.422510280247248f,-0.26679639925015225f,-0.9402884186563523f,-0.21137022280323498f,-0.3583608563832571f,0f,0f,0f,1f],start_interpolation:0}
execute if entity @s[tag=aj.red_knight.bone.weapon] run data modify entity @s {} merge value {transformation:[0.00000739015556774261f,-0.000004793736715280001f,-0.000014148620666585038f,-0.2315651133790957f,0.000014869745678705741f,8.461098748983472e-7f,0.0000074801430005040234f,1.4204722988510927f,-0.000001433192908492341f,-0.000015939948687557115f,0.000004652071764587391f,0.11371923877496865f,0f,0f,0f,1f],start_interpolation:0}
execute if entity @s[tag=aj.red_knight.bone.right_hand] run data modify entity @s {} merge value {transformation:[-0.6400633705996612f,-0.6624560306358817f,-0.38919261181419224f,-0.4385826229528087f,0.721359306791509f,-0.3437554593899721f,-0.6012261925805155f,1.3130487177917265f,0.2644988319858418f,-0.6655705759825483f,0.6978941010385346f,-0.09427156621957772f,0f,0f,0f,1f],start_interpolation:0}
execute if entity @s[tag=aj.red_knight.bone.right_arm] run data modify entity @s {} merge value {transformation:[-0.6400633705996612f,0.1288158527244791f,-0.7574466038629165f,-0.3583237083139302f,0.721359306791509f,0.4401350655790743f,-0.5347166301443951f,1.405505969110718f,0.2644988319858418f,-0.8886436857000499f,-0.37463684781873263f,-0.3885038949999584f,0f,0f,0f,1f],start_interpolation:0}
execute if entity @s[tag=aj.red_knight.bone.waist] run data modify entity @s {} merge value {transformation:[-1f,5.341834311772723e-18f,1.223481206754078e-16f,-0.21874999999999992f,0f,0.9990482215818578f,-0.043619387365336f,0.6781696146133503f,-1.2246467991473532e-16f,-0.043619387365336f,-0.9990482215818578f,-0.7354553412172499f,0f,0f,0f,1f],start_interpolation:0}
execute if entity @s[tag=aj.red_knight.bone.left_foot] run data modify entity @s {} merge value {transformation:[-0.9782284732152715f,-0.19841762953047157f,-0.060823502714225076f,0.21738462189344718f,-0.17805262532245758f,0.651861227789026f,0.7371392014546263f,0.2360953884801077f,-0.10661292982888776f,0.731920339925659f,-0.6729979934564505f,-0.5870696647849847f,0f,0f,0f,1f],start_interpolation:0}
execute if entity @s[tag=aj.red_knight.bone.left_leg] run data modify entity @s {} merge value {transformation:[-0.9823217080797054f,-0.1834919059768919f,-0.03707805653398691f,0.12500000000000008f,-0.1826266158086799f,0.9828505248060698f,-0.02554143861848906f,0.6924166372204001f,0.04112883457671652f,-0.018318469624962183f,-0.9989859121313777f,-0.7673571510692662f,0f,0f,0f,1f],start_interpolation:0}
execute if entity @s[tag=aj.red_knight.bone.right_foot] run data modify entity @s {} merge value {transformation:[-0.9377705153220396f,0.31006802037381076f,-0.15634667676066066f,-0.16608018558981302f,0.3232341392429557f,0.943966717569449f,-0.06668228662115372f,0.5188195891582813f,0.1269100146580323f,-0.11306926577380022f,-0.9854487248542523f,-0.30104817476597334f,0f,0f,0f,1f],start_interpolation:0}
execute if entity @s[tag=aj.red_knight.bone.right_leg] run data modify entity @s {} merge value {transformation:[-0.9848077560158668f,0.12989396234036873f,-0.11524427204209292f,-0.1249999999999999f,0.17216258185989514f,0.6437375296952393f,-0.745628619534689f,0.6924166372204001f,-0.02266559282983695f,-0.7541415990444964f,-0.6563205920068959f,-0.7673571510692663f,0f,0f,0f,1f],start_interpolation:0}
execute if entity @s[tag=aj.red_knight.bone.weapon_ground] run data modify entity @s {} merge value {transformation:[1.6666666666666667f,2.2112027495480826e-16f,1.855419411603985e-16f,-2.678914873134835e-17f,-2.041077998578922e-16f,0.14525957124609654f,1.660324496819576f,0.375f,2.041077998578922e-16f,-1.660324496819576f,0.14525957124609654f,0.21875f,0f,0f,0f,1f],start_interpolation:0}