execute if entity @s[tag=aj.red_knight.bone.head] run data modify entity @s {} merge value {transformation:[-0.9999268496211794f,0.006387672526429905f,-0.010270980788534605f,0.0021043612020616477f,0.00034168597152528735f,0.8637527550545268f,0.5039157284570623f,1.310793761100717f,0.012090436607509967f,0.5038753573805828f,-0.8636917537913801f,-0.5332842201947614f,0f,0f,0f,1f],start_interpolation:0}
execute if entity @s[tag=aj.red_knight.bone.body] run data modify entity @s {} merge value {transformation:[-0.9999268496211794f,0.0033669779232985008f,-0.011617179792332339f,0.4732616839348572f,0.00034168597152528735f,0.9679534308970794f,0.2511295260722443f,0.2171154018683631f,0.012090436607509967f,0.25110718642491536f,-0.9678837751860513f,-0.3061169111864214f,0f,0f,0f,1f],start_interpolation:0}
execute if entity @s[tag=aj.red_knight.bone.left_hand] run data modify entity @s {} merge value {transformation:[-0.7130491818255714f,0.6983139766058398f,-0.06259755885673093f,0.35771685800207137f,-0.6593618967718f,-0.6982586141868659f,-0.2787055736782676f,1.348786009739331f,-0.23833328215626443f,-0.15745633614045662f,0.9583343617056865f,0.002615997934995007f,0f,0f,0f,1f],start_interpolation:0}
execute if entity @s[tag=aj.red_knight.bone.left_arm] run data modify entity @s {} merge value {transformation:[-0.7130491818255714f,0.11326785263624754f,0.6919040813993342f,0.3485474880868005f,-0.6593618967718f,0.22713371375900168f,-0.7166953084536959f,1.3785551767407815f,-0.23833328215626443f,-0.967254190806748f,-0.08727300260335469f,-0.31454676682688026f,0f,0f,0f,1f],start_interpolation:0}
execute if entity @s[tag=aj.red_knight.bone.weapon] run data modify entity @s {} merge value {transformation:[-8.015011456737904e-7f,-0.000009299650203458364f,-0.000013807674669710981f,-0.15087032935580647f,0.000015101569596274401f,-0.000006223452300466358f,0.0000033149683211877883f,1.5328814223538707f,-0.000007005567030593755f,-0.000012351636544803068f,0.000008725645135044233f,0.07067677583333205f,0f,0f,0f,1f],start_interpolation:0}
execute if entity @s[tag=aj.red_knight.bone.right_hand] run data modify entity @s {} merge value {transformation:[-0.7819805150189005f,-0.6145452353328086f,0.10411833585165477f,-0.34291571539730914f,0.542780903479215f,-0.7535122795574727f,-0.370955705407517f,1.2974088349921604f,0.3064235058690215f,-0.233566689161456f,0.922795338504207f,-0.002312814529622953f,0f,0f,0f,1f],start_interpolation:0}
execute if entity @s[tag=aj.red_knight.bone.right_arm] run data modify entity @s {} merge value {transformation:[-0.7819805150189005f,-0.1438687366383832f,-0.6064719785355714f,-0.3390009134081226f,0.542780903479215f,0.3211607608017044f,-0.7760442362002039f,1.3638477662752422f,0.3064235058690215f,-0.9360328799456493f,-0.1730522542805837f,-0.3139745586294522f,0f,0f,0f,1f],start_interpolation:0}
execute if entity @s[tag=aj.red_knight.bone.waist] run data modify entity @s {} merge value {transformation:[-1f,5.341834311772723e-18f,1.223481206754078e-16f,-0.21874999999999992f,0f,0.9990482215818578f,-0.043619387365336f,0.5965519675545268f,-1.2246467991473532e-16f,-0.043619387365336f,-0.9990482215818578f,-0.6854553412172499f,0f,0f,0f,1f],start_interpolation:0}
execute if entity @s[tag=aj.red_knight.bone.left_foot] run data modify entity @s {} merge value {transformation:[-0.9707944029317995f,-0.20984150505959992f,-0.11629604460433277f,0.22100068829860892f,-0.19124784409471235f,0.3841986631598994f,0.903225137690084f,0.1610501973803209f,-0.14485333743278286f,0.8990872760641583f,-0.4131096472537483f,-0.5229928812998548f,0f,0f,0f,1f],start_interpolation:0}
execute if entity @s[tag=aj.red_knight.bone.left_leg] run data modify entity @s {} merge value {transformation:[-0.980558304520093f,-0.19400705992978493f,-0.029439295747037922f,0.12500000000000008f,-0.19219081051413997f,0.9797905689861987f,-0.055435848325963474f,0.6107989901615766f,0.03959929027897692f,-0.04870011933355108f,-0.9980281532032548f,-0.7173571510692662f,0f,0f,0f,1f],start_interpolation:0}
execute if entity @s[tag=aj.red_knight.bone.right_foot] run data modify entity @s {} merge value {transformation:[-0.9377003686966352f,0.3431440540342532f,-0.05449932776770782f,-0.16589632746978433f,0.3235856321524398f,0.9196213291024877f,0.2226857645299311f,0.4383098811124626f,0.1265320402534493f,0.19117732407561172f,-0.973365745004717f,-0.2506210631309893f,0f,0f,0f,1f],start_interpolation:0}
execute if entity @s[tag=aj.red_knight.bone.right_leg] run data modify entity @s {} merge value {transformation:[-0.9848077560158668f,0.1296162329612792f,-0.11555654825201576f,-0.12499999999999992f,0.17216258185989514f,0.6419411945685909f,-0.7471757143558574f,0.6107989901615766f,-0.022665592829836958f,-0.7557189523022286f,-0.6545037326348063f,-0.7173571510692663f,0f,0f,0f,1f],start_interpolation:0}
execute if entity @s[tag=aj.red_knight.bone.weapon_ground] run data modify entity @s {} merge value {transformation:[1.6666666666666667f,2.2112027495480826e-16f,1.855419411603985e-16f,-2.678914873134835e-17f,-2.041077998578922e-16f,0.14525957124609654f,1.660324496819576f,0.37499999999999994f,2.041077998578922e-16f,-1.660324496819576f,0.14525957124609654f,0.21875f,0f,0f,0f,1f],start_interpolation:0}