execute if entity @s[tag=aj.red_knight.bone.head] run data modify entity @s {} merge value {transformation:[-0.9885141944886602f,0.15000780673624117f,-0.01836695980880143f,0.027901681232363532f,0.14467952493317565f,0.9744424829766718f,0.17184202755836314f,1.559847598314203f,0.04367519157996008f,0.16721096043154932f,-0.9849532843500817f,-0.8906689970939743f,0f,0f,0f,1f],start_interpolation:0}
execute if entity @s[tag=aj.red_knight.bone.left_hand] run data modify entity @s {} merge value {transformation:[-0.4842151205950216f,-0.4572184106293766f,-0.7459805908793441f,0.22161668779092683f,-0.2958841819888374f,0.8879365586472685f,-0.3521664644261892f,1.2378886796465363f,0.82340042982497f,0.050199529870234766f,-0.565236003245425f,-1.3532497230758396f,0f,0f,0f,1f],start_interpolation:0}
execute if entity @s[tag=aj.red_knight.bone.left_arm] run data modify entity @s {} merge value {transformation:[-0.4842151205950216f,-0.021875592746182414f,-0.8746754686334537f,0.18451712002055598f,-0.2958841819888374f,0.9448838138320647f,0.1401682175351055f,1.5146721100947542f,0.82340042982497f,0.3266742058996628f,-0.46399967172820217f,-1.1997015068681343f,0f,0f,0f,1f],start_interpolation:0}
execute if entity @s[tag=aj.red_knight.bone.weapon] run data modify entity @s {} merge value {transformation:[0.00001661688575261906f,-0.000001216052189171597f,4.220221977506714e-7f,0.03236493241714321f,-3.276893259598189e-7f,0.0000012878826676593939f,0.00001661360152759696f,1.3934864028765475f,-0.0000012447912948905619f,-0.000016572276641588238f,0.000001260126709744367f,0.028101498234408384f,0f,0f,0f,1f],start_interpolation:0}
execute if entity @s[tag=aj.red_knight.bone.left_foot] run data modify entity @s {} merge value {transformation:[-0.9701966663705729f,-0.13909418447164057f,-0.19842186474679696f,0.2190482322634324f,-0.15444651239203538f,0.9859233896464011f,0.06404174074842015f,0.4108120122554113f,0.18672092376957597f,0.0927786483751526f,-0.9780221976173732f,-0.7803375137022153f,0f,0f,0f,1f],start_interpolation:0}
execute if entity @s[tag=aj.red_knight.bone.left_leg] run data modify entity @s {} merge value {transformation:[-0.9701966663705729f,-0.18005962948127735f,-0.16216336945960416f,0.10677345181821417f,-0.15444651239203538f,0.9751633192441026f,-0.15875382077531724f,0.8406340052053267f,0.18672092376957597f,-0.1289768608390273f,-0.9739097832934765f,-1.0081861612240757f,0f,0f,0f,1f],start_interpolation:0}
execute if entity @s[tag=aj.red_knight.bone.right_foot] run data modify entity @s {} merge value {transformation:[-0.8411706821264238f,0.23538381317834184f,-0.48685351392856363f,-0.15636416810638507f,0.17287906255886823f,0.9701033327928004f,0.17033013072580022f,0.38364763138749963f,0.5123911721133899f,0.05910993315784341f,-0.8567154151422405f,-0.7324673685814919f,0f,0f,0f,1f],start_interpolation:0}
execute if entity @s[tag=aj.red_knight.bone.right_leg] run data modify entity @s {} merge value {transformation:[-0.9307122951734136f,0.17745741275765797f,-0.3198179017353385f,-0.1281497077369942f,0.18686374439345382f,0.9823849837576998f,0.0012979671188928926f,0.8443636806224811f,0.3144146380884553f,-0.05855433668603857f,-0.9474781395952961f,-0.9227625191460139f,0f,0f,0f,1f],start_interpolation:0}