# This file was generated by Animated Java via MC-Build. It is not recommended to edit this file directly.
execute unless entity @s[type=item_display,tag=aj.illusion_of_loyalty.root] run return run function animated_java:global/errors/function_not_executed_as_root_entity {'export_namespace': 'illusion_of_loyalty', 'function_path': 'animated_java:illusion_of_loyalty/apply_default_pose'}
execute on passengers if entity @s[tag=aj.illusion_of_loyalty.bone.backhair] run data merge entity @s {transformation: [-1f,0f,1.2246467991473532e-16f,3.2529680602351567e-17f,0f,1f,0f,1.484375f,-1.2246467991473532e-16f,0f,-1f,-0.265625f,0f,0f,0f,1f], start_interpolation: 0}
execute on passengers if entity @s[tag=aj.illusion_of_loyalty.bone.head] run data merge entity @s {transformation: [-1f,0f,1.2246467991473532e-16f,0f,0f,1f,0f,1.5f,-1.2246467991473532e-16f,0f,-1f,0f,0f,0f,0f,1f], start_interpolation: 0}
execute on passengers if entity @s[tag=aj.illusion_of_loyalty.bone.ring] run data merge entity @s {transformation: [-0.984807753012208f,0.17364817766693033f,1.2246467991473532e-16f,0f,0.17364817766693033f,0.984807753012208f,0f,0.9375f,-1.2060416625018976e-16f,2.1265768495757713e-17f,-1f,0f,0f,0f,0f,1f], start_interpolation: 0}
execute on passengers if entity @s[tag=aj.illusion_of_loyalty.bone.bust] run data merge entity @s {transformation: [-1f,6.123233995736765e-17f,1.0605752387249069e-16f,0f,0f,0.8660254037844387f,-0.49999999999999994f,1.390625f,-1.2246467991473532e-16f,-0.49999999999999994f,-0.8660254037844387f,0.07187500000000008f,0f,0f,0f,1f], start_interpolation: 0}
execute on passengers if entity @s[tag=aj.illusion_of_loyalty.bone.left_wing] run data merge entity @s {transformation: [-1f,0f,1.2246467991473532e-16f,0.125f,0f,1f,0f,1.15625f,-1.2246467991473532e-16f,0f,-1f,-0.12499999999999989f,0f,0f,0f,1f], start_interpolation: 0}
execute on passengers if entity @s[tag=aj.illusion_of_loyalty.bone.right_wing] run data merge entity @s {transformation: [-1f,0f,1.2246467991473532e-16f,-0.12499999999999994f,0f,1f,0f,1.15625f,-1.2246467991473532e-16f,0f,-1f,-0.125f,0f,0f,0f,1f], start_interpolation: 0}
execute on passengers if entity @s[tag=aj.illusion_of_loyalty.bone.body] run data merge entity @s {transformation: [-1f,0f,1.2246467991473532e-16f,0.49999999999999994f,0f,1f,0f,0.21875f,-1.2246467991473532e-16f,0f,-1f,0.5000000000000001f,0f,0f,0f,1f], start_interpolation: 0}
execute on passengers if entity @s[tag=aj.illusion_of_loyalty.bone.sword] run data merge entity @s {transformation: [-1.15625f,0f,1.415997861514127e-16f,-0.328125f,0f,1.15625f,0f,0.671875f,-1.415997861514127e-16f,0f,-1.15625f,-0.046875000000000035f,0f,0f,0f,1f], start_interpolation: 0}
execute on passengers if entity @s[tag=aj.illusion_of_loyalty.bone.right_hand] run data merge entity @s {transformation: [-1f,0f,1.2246467991473532e-16f,-0.28125f,0f,1f,0f,0.96875f,-1.2246467991473532e-16f,0f,-1f,-0.06250000000000003f,0f,0f,0f,1f], start_interpolation: 0}
execute on passengers if entity @s[tag=aj.illusion_of_loyalty.bone.right_arm] run data merge entity @s {transformation: [-1f,0f,1.2246467991473532e-16f,-0.3125f,0f,1f,0f,1.40625f,-1.2246467991473532e-16f,0f,-1f,-3.827021247335479e-17f,0f,0f,0f,1f], start_interpolation: 0}
execute on passengers if entity @s[tag=aj.illusion_of_loyalty.bone.left_hand] run data merge entity @s {transformation: [-1f,0f,1.2246467991473532e-16f,0.34375f,0f,1f,0f,1.03125f,-1.2246467991473532e-16f,0f,-1f,-0.03124999999999996f,0f,0f,0f,1f], start_interpolation: 0}
execute on passengers if entity @s[tag=aj.illusion_of_loyalty.bone.left_arm] run data merge entity @s {transformation: [-1f,0f,1.2246467991473532e-16f,0.34375f,0f,1f,0f,1.40625f,-1.2246467991473532e-16f,0f,-1f,4.209723372069027e-17f,0f,0f,0f,1f], start_interpolation: 0}
execute on passengers if entity @s[tag=aj.illusion_of_loyalty.bone.skirt_right] run data merge entity @s {transformation: [-1f,0f,1.2246467991473532e-16f,-0.21875f,0f,1f,0f,0.684375f,-1.2246467991473532e-16f,0f,-1f,0.09374999999999997f,0f,0f,0f,1f], start_interpolation: 0}
execute on passengers if entity @s[tag=aj.illusion_of_loyalty.bone.skirt_left] run data merge entity @s {transformation: [-1f,0f,1.2246467991473532e-16f,0.21875f,0f,1f,0f,0.684375f,-1.2246467991473532e-16f,0f,-1f,0.09375000000000003f,0f,0f,0f,1f], start_interpolation: 0}
execute on passengers if entity @s[tag=aj.illusion_of_loyalty.bone.skirt_back_middle] run data merge entity @s {transformation: [-1f,0f,1.2246467991473532e-16f,2.2962127484012874e-17f,0f,1f,0f,0.746875f,-1.2246467991473532e-16f,0f,-1f,-0.1875f,0f,0f,0f,1f], start_interpolation: 0}
execute on passengers if entity @s[tag=aj.illusion_of_loyalty.bone.skirt_front_middle] run data merge entity @s {transformation: [-1f,0f,1.2246467991473532e-16f,-2.296212748401287e-17f,0f,1f,0f,0.746875f,-1.2246467991473532e-16f,0f,-1f,0.1875f,0f,0f,0f,1f], start_interpolation: 0}
execute on passengers if entity @s[tag=aj.illusion_of_loyalty.bone.skirt] run data merge entity @s {transformation: [-1f,0f,1.2246467991473532e-16f,-1.1481063742006436e-17f,0f,1f,0f,0.703125f,-1.2246467991473532e-16f,0f,-1f,0.09375f,0f,0f,0f,1f], start_interpolation: 0}
execute on passengers if entity @s[tag=aj.illusion_of_loyalty.bone.rightfoot] run data merge entity @s {transformation: [-1.0000000000000002f,1.5970595921345051e-18f,1.223481206754078e-16f,-0.14395230422793232f,0f,0.9990482215818578f,0.04361938736533601f,0.37390458182493574f,-1.223562596974868e-16f,0.043619387365336f,-0.9990482215818578f,0.12499999999999999f,0f,0f,0f,1f], start_interpolation: 0}
execute on passengers if entity @s[tag=aj.illusion_of_loyalty.bone.rightleg] run data merge entity @s {transformation: [-0.9990482215818578f,-0.043619387365336f,1.2246467991473532e-16f,-0.125f,-0.043619387365336f,0.9990482215818578f,0f,0.65625f,-1.223481206754078e-16f,-5.341834311772723e-18f,-1f,0.040624999999999994f,0f,0f,0f,1f], start_interpolation: 0}
execute on passengers if entity @s[tag=aj.illusion_of_loyalty.bone.leftfoot] run data merge entity @s {transformation: [-1.0000000000000002f,-1.2280728215679952e-17f,1.223481206754078e-16f,0.1439523042279323f,0f,0.9990482215818578f,0.04361938736533601f,0.37390458182493574f,-1.225731001319839e-16f,0.043619387365336f,-0.9990482215818578f,0.12500000000000003f,0f,0f,0f,1f], start_interpolation: 0}
execute on passengers if entity @s[tag=aj.illusion_of_loyalty.bone.leftleg] run data merge entity @s {transformation: [-0.9990482215818578f,0.043619387365336f,1.2246467991473532e-16f,0.125f,0.043619387365336f,0.9990482215818578f,0f,0.65625f,-1.223481206754078e-16f,5.341834311772723e-18f,-1f,0.040625000000000015f,0f,0f,0f,1f], start_interpolation: 0}
execute on passengers if entity @s[tag=aj.illusion_of_loyalty.bone.lower] run data merge entity @s {transformation: [-1f,0f,1.2246467991473532e-16f,0f,0f,1f,0f,0.9375f,-1.2246467991473532e-16f,0f,-1f,0f,0f,0f,0f,1f], start_interpolation: 0}