execute if entity @s[tag=aj.heiloang_aj.bone.head_lower] run data modify entity @s {} merge value {transformation:[-0.7849407690050517f,0.13717231493365933f,-0.07107562992685208f,0.2812108872749866f,0.04135478853399499f,0.5411734181908516f,0.5877253720139519f,1.9325690246073413f,0.14885486427747813f,0.5729878597835827f,-0.5380772638957744f,-0.7633283408915198f,0f,0f,0f,1f],start_interpolation:0}
execute if entity @s[tag=aj.heiloang_aj.bone.horne_right] run data modify entity @s {} merge value {transformation:[-0.6652425317104202f,-0.4358744747530333f,-0.08640495507942687f,-0.003314836397438292f,-0.378429626298453f,0.4741962982441888f,0.5214680130852913f,2.436981070999078f,-0.2329021080692995f,0.4745011201148799f,-0.600504200706873f,-0.5761103666480376f,0f,0f,0f,1f],start_interpolation:0}
execute if entity @s[tag=aj.heiloang_aj.bone.horne_left] run data modify entity @s {} merge value {transformation:[-0.4921955477410507f,0.6247221194432043f,-0.08640495507942687f,0.6640418054106567f,0.4394095230078324f,0.418318517901022f,0.5214680130852913f,2.4018212297874757f,0.4523967438807626f,0.2733713427912352f,-0.600504200706873f,-0.7026667722567496f,0f,0f,0f,1f],start_interpolation:0}
execute if entity @s[tag=aj.heiloang_aj.bone.head_upper] run data modify entity @s {} merge value {transformation:[-1.1497616149193748f,0.18759515242110633f,-0.12656381807646752f,0.27674916456686777f,0.06057546037488252f,0.8865953994160187f,0.7638333088670077f,2.178525923619576f,0.21803888382204306f,0.7429123561514186f,-0.87960354059041f,-0.85172910404157f,0f,0f,0f,1f],start_interpolation:0}
execute if entity @s[tag=aj.heiloang_aj.bone.neck_0] run data modify entity @s {} merge value {transformation:[-0.9654427501916047f,0.13646218125080994f,-0.22203236068362056f,0.1735207218956667f,-0.08846701247780685f,0.6297663954000937f,0.7717304418824128f,2.467337390916761f,0.24514053888682283f,0.7647040998406139f,-0.5959309992618561f,-1.157330287956541f,0f,0f,0f,1f],start_interpolation:0}
execute if entity @s[tag=aj.heiloang_aj.bone.neck_1] run data modify entity @s {} merge value {transformation:[-0.9584930437889493f,-0.03321311571977024f,-0.28317481164888264f,0.06992741986797482f,-0.21132226264775475f,0.7494920939394234f,0.6273790739510936f,2.705288991765942f,0.19140006875032306f,0.6611796201233697f,-0.7254016291792348f,-1.413385518263156f,0f,0f,0f,1f],start_interpolation:0}
execute if entity @s[tag=aj.heiloang_aj.bone.neck_2] run data modify entity @s {} merge value {transformation:[-0.9867278429128603f,-0.10498181559772815f,-0.12388293835043585f,0.02267877669579186f,-0.13786132378003385f,0.9447212103708521f,0.2974829240158985f,2.795533577236636f,0.08580454199021142f,0.3106133497923693f,-0.9466556541343918f,-1.8117363858055358f,0f,0f,0f,1f],start_interpolation:0}
execute if entity @s[tag=aj.heiloang_aj.bone.neck_3] run data modify entity @s {} merge value {transformation:[-0.9869626948596076f,-0.15311231344490617f,-0.04961107161722628f,0.0007128531943374774f,-0.1336424607596101f,0.9513801714841108f,-0.27751659768197673f,2.6288798778585107f,0.08969019811315401f,-0.267268383424626f,-0.9594390442253277f,-2.3017738532020364f,0f,0f,0f,1f],start_interpolation:0}
execute if entity @s[tag=aj.heiloang_aj.bone.wing_right_2] run data modify entity @s {} merge value {transformation:[-0.41694465726661084f,-2.216395719746285f,-0.6688222279411633f,-3.1765959023047388f,-1.9364241925339025f,0.7063369403812176f,-1.1335455348345427f,0.7330818074935588f,1.2688555889727f,0.3496486042647004f,-1.949699298402063f,-0.7689698492608736f,0f,0f,0f,1f],start_interpolation:0}
execute if entity @s[tag=aj.heiloang_aj.bone.wing_right_1] run data modify entity @s {} merge value {transformation:[-1.344617479355395f,-2.9111630504212234f,-0.9509743955407731f,-2.2817822641913814f,-2.4246352084508374f,1.6463996434475816f,-1.6117478378754655f,2.3450556745925466f,1.8709266990057378f,0.041432847088642706f,-2.7722076724209574f,-1.9517222593271237f,0f,0f,0f,1f],start_interpolation:0}
execute if entity @s[tag=aj.heiloang_aj.bone.wing_right_0] run data modify entity @s {} merge value {transformation:[-2.0736722644391548f,-0.4794594667203387f,-0.6311909057234864f,-0.3580651701673019f,-0.12324421162821314f,1.9413424322628283f,-1.0697665282649222f,2.4511130366341276f,0.783003323106567f,-0.964213762849345f,-1.8399993520477065f,-2.6947636288251293f,0f,0f,0f,1f],start_interpolation:0}
execute if entity @s[tag=aj.heiloang_aj.bone.wing_left_2] run data modify entity @s {} merge value {transformation:[0.21013164193341266f,2.340192565804415f,-0.11366377757721496f,2.7677056912182056f,1.7879166955569703f,-0.2339165118982082f,-1.5106994941188756f,0.4155161835947758f,-1.5141910675763541f,0.04855745808966941f,-1.7995676120826516f,-1.1694297681998118f,0f,0f,0f,1f],start_interpolation:0}
execute if entity @s[tag=aj.heiloang_aj.bone.wing_left_1] run data modify entity @s {} merge value {transformation:[-0.692446022964306f,3.268274475162206f,-0.16161445846246866f,2.316807642687086f,2.5276404112164723f,0.4293106834799458f,-2.148009558064256f,2.1030882235174135f,-2.078165351882842f,-0.5668271914377284f,-2.5587407993347973f,-2.491112793203699f,0f,0f,0f,1f],start_interpolation:0}
execute if entity @s[tag=aj.heiloang_aj.bone.wing_left_0] run data modify entity @s {} merge value {transformation:[-2.149284771818121f,0.545406676866618f,-0.10726847840832607f,0.31684185473759163f,0.48506648394046903f,1.6311009496034936f,-1.4256998977204882f,2.5428327553267036f,-0.2714506875812911f,-1.4037240644200315f,-1.698314833939735f,-2.7572099417125213f,0f,0f,0f,1f],start_interpolation:0}
execute if entity @s[tag=aj.heiloang_aj.bone.kazari_right] run data modify entity @s {} merge value {transformation:[-2.624217370736766f,-0.01748231671466794f,0.14159007126896742f,-2.6832725885957918f,-0.06078059805741146f,-2.2227297918713766f,-1.4009454592465267f,0.8318998784042997f,0.12907013046962745f,-1.4021543529461957f,2.219048052767411f,-6.1695620950652215f,0f,0f,0f,1f],start_interpolation:0}
execute if entity @s[tag=aj.heiloang_aj.bone.kazari_left] run data modify entity @s {} merge value {transformation:[-2.623186309472686f,0.0756044050923516f,0.14159007126896742f,2.477358595424738f,-0.13957811938481732f,-2.2191755129691266f,-1.4009454592465267f,1.0289454095347448f,0.07925732105185848f,-1.405849993820498f,2.219048052767411f,-6.374444587118204f,0f,0f,0f,1f],start_interpolation:0}
execute if entity @s[tag=aj.heiloang_aj.bone.ring] run data modify entity @s {} merge value {transformation:[-2.1996014849178125f,0.028328433366760764f,-0.11780107467407429f,-0.1170726350525825f,-0.08398616901998357f,1.1872711697571128f,1.8537151287781388f,3.511554634488987f,0.08732649509014205f,1.8554004837529252f,-1.1843941125861397f,-4.145150453039383f,0f,0f,0f,1f],start_interpolation:0}
execute if entity @s[tag=aj.heiloang_aj.bone.body_0] run data modify entity @s {} merge value {transformation:[-1.1136120913390894f,-0.1820492995113681f,0.019456066109916972f,3.898791012257874e-16f,-0.15133964232283065f,0.8478096915145816f,-0.729360963839731f,2.031746468449135f,0.10303785043687083f,-0.72230821361732f,-0.8609915341372287f,-3.1865341441928217f,0f,0f,0f,1f],start_interpolation:0}
execute if entity @s[tag=aj.heiloang_aj.bone.leg_right_3] run data modify entity @s {} merge value {transformation:[-0.9650490270119034f,0.14868561701085636f,0.21580769855934112f,-0.8320323002008764f,0.06350420803477724f,0.9316078777260809f,-0.35787424847365495f,0.6618104516536674f,-0.2542589054984195f,-0.33166149829729774f,-0.9084894383106152f,-2.016530468340836f,0f,0f,0f,1f],start_interpolation:0}
execute if entity @s[tag=aj.heiloang_aj.bone.leg_right_2] run data modify entity @s {} merge value {transformation:[-0.8970776866219954f,0.11348272037872269f,-0.42705186610103185f,-0.7428666434210618f,0.43625974915129734f,0.3810191125281871f,-0.815169839455975f,0.9319979975706116f,0.07020723207317063f,-0.9175762137630188f,-0.3913116871509802f,-2.556124877302598f,0f,0f,0f,1f],start_interpolation:0}
execute if entity @s[tag=aj.heiloang_aj.bone.leg_right_1] run data modify entity @s {} merge value {transformation:[-0.9011545939327518f,-0.055839052817974605f,-0.42988649433808546f,-0.4437183510720739f,0.4034417115494752f,0.25479204546653117f,-0.8788149969982371f,1.5712430012170175f,0.15860385624544987f,-0.9653823148097195f,-0.20707921922950184f,-2.4824774905152616f,0f,0f,0f,1f],start_interpolation:0}
execute if entity @s[tag=aj.heiloang_aj.bone.leg_right_0] run data modify entity @s {} merge value {transformation:[-0.921111643442158f,0.09782997761563886f,-0.376805833016171f,-0.3644043749999996f,0.33222943542458244f,-0.3069800831384628f,-0.8918446225625659f,1.274864922130164f,-0.20292102540828558f,-0.946674455151308f,0.2502609306528365f,-3.149864832277621f,0f,0f,0f,1f],start_interpolation:0}
execute if entity @s[tag=aj.heiloang_aj.bone.leg_left_3] run data modify entity @s {} merge value {transformation:[-0.992707623441141f,-0.09991757626460394f,-0.06743924907091209f,0.6333559618168227f,-0.08201260070162082f,0.9698136087902871f,-0.22964210748753439f,0.2841901585965867f,0.08834878430401834f,-0.22243660256029557f,-0.9709358630483453f,-2.216614777767824f,0f,0f,0f,1f],start_interpolation:0}
execute if entity @s[tag=aj.heiloang_aj.bone.leg_left_2] run data modify entity @s {} merge value {transformation:[-0.992707623441141f,-0.11964735904639567f,0.014699790306815242f,0.5598948081775902f,-0.08201260070162082f,0.5809642616784612f,-0.8097866755995414f,0.6757272558709353f,0.08834878430401834f,-0.8050869742615536f,-0.5865402425975379f,-2.6785845937345827f,0f,0f,0f,1f],start_interpolation:0}
execute if entity @s[tag=aj.heiloang_aj.bone.leg_left_1] run data modify entity @s {} merge value {transformation:[-0.9994864425945743f,-0.02181254833358881f,0.023474748237997566f,0.5416928283870739f,-0.030608066210739457f,0.4329735101330155f,-0.9008868329629057f,1.3439233095454701f,0.009486693443002486f,-0.9011426925067363f,-0.433418793304153f,-2.440402867172077f,0f,0f,0f,1f],start_interpolation:0}
execute if entity @s[tag=aj.heiloang_aj.bone.leg_left_0] run data modify entity @s {} merge value {transformation:[-0.9799101543014493f,-0.19708448013196742f,0.030558095294402853f,0.3644043750000004f,-0.03101677226926577f,-0.0007597441262963689f,-0.9995185754286204f,1.274864922130164f,0.19701281515400507f,-0.9803862149581535f,-0.0053684434540311465f,-3.149864832277621f,0f,0f,0f,1f],start_interpolation:0}
execute if entity @s[tag=aj.heiloang_aj.bone.tail_4] run data modify entity @s {} merge value {transformation:[-1.5693509056179835f,0.10318200709461163f,0.10651559573891799f,0.02750666643573961f,-0.12684067055888362f,-1.5205486212989192f,-0.3958506009163086f,-1.7619921452920946f,0.0768345170861498f,-0.4026657762531568f,1.5221074513010753f,-0.7897790033600898f,0f,0f,0f,1f],start_interpolation:0}
execute if entity @s[tag=aj.heiloang_aj.bone.tail_3] run data modify entity @s {} merge value {transformation:[-0.9996413392620946f,0.01884518710515695f,-0.019027657797469823f,0.05244184672020989f,-0.010066421801780783f,-0.9228144828461889f,-0.3851130968967812f,-1.2232723536447023f,-0.02481652655781264f,-0.38478343151998184f,0.9226732091251555f,-2.012722818615546f,0f,0f,0f,1f],start_interpolation:0}
execute if entity @s[tag=aj.heiloang_aj.bone.tail_2] run data modify entity @s {} merge value {transformation:[-0.9993142071538745f,0.010341031868098753f,0.03555528709385147f,0.02479098757795436f,-0.030585687324705294f,-0.7717605162075429f,-0.6351773148924182f,-0.7400285807150507f,0.020871777866262306f,-0.6358291977276365f,0.7715475359339381f,-2.6284611386943038f,0f,0f,0f,1f],start_interpolation:0}
execute if entity @s[tag=aj.heiloang_aj.bone.tail_1] run data modify entity @s {} merge value {transformation:[-0.9999160714659963f,0.0064029049850665275f,0.011262896242124064f,0.016097333130434422f,-0.012952211385414716f,-0.5141987286491686f,-0.8575732666517808f,-0.07853157422086565f,0.0003004067845032185f,-0.8576471711976499f,0.5142385044825337f,-3.0448157264314664f,0f,0f,0f,1f],start_interpolation:0}
execute if entity @s[tag=aj.heiloang_aj.bone.tail_ring] run data modify entity @s {} merge value {transformation:[-0.9999160714659963f,0.0016053890720095438f,0.01285584497168951f,0.017994605613771867f,-0.012952211385414716f,-0.14687859985544605f,-0.9890697230856536f,-0.22522375122571403f,0.0003004067845032185f,-0.9891532235353789f,0.1468870658885001f,-3.0543855406382443f,0f,0f,0f,1f],start_interpolation:0}
execute if entity @s[tag=aj.heiloang_aj.bone.tail_0] run data modify entity @s {} merge value {transformation:[-0.9999160714659963f,0.0016053890720095438f,0.01285584497168951f,3.963843142607004e-16f,-0.012952211385414716f,-0.14687859985544605f,-0.9890697230856536f,1.159726650514619f,0.0003004067845032185f,-0.9891532235353789f,0.1468870658885001f,-3.237220929450579f,0f,0f,0f,1f],start_interpolation:0}
execute if entity @s[tag=aj.heiloang_aj.bone.body_1] run data modify entity @s {} merge value {transformation:[-1f,1.2112504965009408e-16f,1.8064334304945245e-17f,0.0030493750000003986f,0f,0.14750648364509944f,-0.9890610887516796f,1.5178878125000002f,-1.2246467991473532e-16f,-0.9890610887516796f,-0.14750648364509944f,-3.25522111328125f,0f,0f,0f,1f],start_interpolation:0}