execute if entity @s[tag=aj.heiloang_aj.bone.head_lower] run data modify entity @s {} merge value {transformation:[-0.7934546005508565f,-0.05342484693521852f,0.08703782278199156f,-0.21780380813455452f,-0.05784852513159891f,0.7969929246643583f,-0.038155290262966296f,-1.5792042074154105f,-0.08416261049171217f,-0.04413687534138446f,-0.7943353141025015f,2.6691379462709497f,0f,0f,0f,1f],start_interpolation:0}
execute if entity @s[tag=aj.heiloang_aj.bone.horne_right] run data modify entity @s {} merge value {transformation:[-0.5508408287960829f,-0.5733240904376019f,0.08873482211139619f,-0.5595509625003288f,-0.5799631068480673f,0.547292020466667f,-0.06414233413784354f,-1.169232508797247f,-0.014736893376215511f,-0.1084939245184261f,-0.7924720135854693f,2.3766160519257853f,0f,0f,0f,1f],start_interpolation:0}
execute if entity @s[tag=aj.heiloang_aj.bone.horne_left] run data modify entity @s {} merge value {transformation:[-0.6191513607516699f,0.49877622620190565f,0.08873482211139619f,0.11504413888800935f,0.4946622937532297f,0.6254558146745003f,-0.06414233413784354f,-1.1200496927303616f,-0.10936547726841922f,0.005224946472717415f,-0.7924720135854693f,2.448171103365839f,0f,0f,0f,1f],start_interpolation:0}
execute if entity @s[tag=aj.heiloang_aj.bone.head_upper] run data modify entity @s {} merge value {transformation:[-1.162232462521881f,-0.07405344121133886f,0.12997654905822037f,-0.20141875870099663f,-0.0847350733996378f,1.1649698318756965f,-0.09395408748675978f,-1.468888615134279f,-0.12327928778299771f,-0.10258406827705015f,-1.1607931936996558f,2.4327243292319283f,0f,0f,0f,1f],start_interpolation:0}
execute if entity @s[tag=aj.heiloang_aj.bone.neck_0] run data modify entity @s {} merge value {transformation:[-0.9918182506885705f,-0.07998780496932564f,0.09949124914912377f,-0.15277548663564766f,-0.07231065641449863f,0.9942867777867238f,0.07851733876920752f,-1.5007521763630969f,-0.1052032631146402f,0.07068065205332574f,-0.9919357433096906f,2.0036802706814103f,0f,0f,0f,1f],start_interpolation:0}
execute if entity @s[tag=aj.heiloang_aj.bone.neck_1] run data modify entity @s {} merge value {transformation:[-0.9918182506885705f,-0.09476516836349481f,0.0855343233217074f,-0.12279302296345614f,-0.07231065641449863f,0.9692203803327226f,0.23533597964739025f,-1.402903559860396f,-0.1052032631146402f,0.22722547659259298f,-0.9681429936829066f,1.6537609690421389f,0f,0f,0f,1f],start_interpolation:0}
execute if entity @s[tag=aj.heiloang_aj.bone.neck_2] run data modify entity @s {} merge value {transformation:[-0.9959390811043599f,-0.028133332955862116f,0.08552112198631286f,-0.08680347231874888f,0.007201735564758329f,0.9219817144412872f,0.38716644126365074f,-1.2751444561267404f,-0.08974119307128967f,0.3862100902523123f,-0.9180350126511745f,1.2646050917670792f,0f,0f,0f,1f],start_interpolation:0}
execute if entity @s[tag=aj.heiloang_aj.bone.neck_3] run data modify entity @s {} merge value {transformation:[-0.9933922002652439f,-0.0776430923963275f,0.08451914963671298f,-0.04118458784550734f,-0.04324903500902666f,0.9353892775310858f,0.3509649846504084f,-1.1161716971621662f,-0.10630831304731395f,0.3449905066563553f,-0.9325664013323799f,0.7736476027207555f,0f,0f,0f,1f],start_interpolation:0}
execute if entity @s[tag=aj.heiloang_aj.bone.wing_right_2] run data modify entity @s {} merge value {transformation:[0.47033990659077096f,2.282912317002676f,0.3172817855891931f,-3.422187619376847f,1.9544256984804473f,-0.5666768995036336f,1.1801158786361492f,1.3241592752728208f,1.221710508962089f,0.02765231938609209f,-2.010033529035068f,1.181812895091949f,0f,0f,0f,1f],start_interpolation:0}
execute if entity @s[tag=aj.heiloang_aj.bone.wing_right_1] run data modify entity @s {} merge value {transformation:[-1.5687521896277776f,2.919369041952453f,0.4511316186299406f,-2.4019609146878866f,2.6488719052750476f,1.1641011095610814f,1.6779645434463735f,-0.43563383413532786f,1.3075599297479987f,1.1442778406087724f,-2.8579947562074235f,0.3692120448583581f,0f,0f,0f,1f],start_interpolation:0}
execute if entity @s[tag=aj.heiloang_aj.bone.wing_right_0] run data modify entity @s {} merge value {transformation:[-2.1844747493551244f,0.2584797866971955f,0.2994299071549776f,-0.3677236341518841f,0.37550876846588344f,1.8833556553063977f,1.1137165889177747f,-0.775976745422343f,-0.12435125345207289f,1.146542487435324f,-1.8969388736252195f,0.46966844277960107f,0f,0f,0f,1f],start_interpolation:0}
execute if entity @s[tag=aj.heiloang_aj.bone.wing_left_2] run data modify entity @s {} merge value {transformation:[-0.4395856324639706f,-2.3108359868082027f,-0.01942987710771562f,3.5966925010829742f,-2.0506816062101816f,0.3809511840301294f,1.087730275232918f,1.3020784975815651f,-1.0653851078382348f,0.22020273335999402f,-2.0856752706349817f,1.5427835196314086f,0f,0f,0f,1f],start_interpolation:0}
execute if entity @s[tag=aj.heiloang_aj.bone.wing_left_1] run data modify entity @s {} merge value {transformation:[-1.9595412332081272f,-2.7104711207886605f,-0.02762664706108845f,2.3141658647790986f,-2.410840949611753f,1.7271590564944652f,1.5466047595117014f,-0.2998729177529157f,-1.2390572399741149f,0.9260057612346768f,-2.9655470421370675f,0.7766689402373275f,0f,0f,0f,1f],start_interpolation:0}
execute if entity @s[tag=aj.heiloang_aj.bone.wing_left_0] run data modify entity @s {} merge value {transformation:[-2.1527129229777495f,-0.5421169969365521f,-0.018336653922922434f,0.311724345583034f,-0.48891390758331044f,1.906725272730283f,1.0265290669548743f,-0.7463958110698063f,-0.2349260781952757f,0.9994537988141926f,-1.9683246281596092f,0.5423798738837897f,0f,0f,0f,1f],start_interpolation:0}
execute if entity @s[tag=aj.heiloang_aj.bone.kazari_right] run data modify entity @s {} merge value {transformation:[-2.5234000681517257f,0.7259311989713364f,-0.11111336088947346f,-1.8029282196679968f,0.06630010507385461f,-0.1708204156005317f,-2.6216969447740355f,1.9623161954371653f,-0.7313867517772743f,-2.5200623937772564f,0.14570222836521135f,-2.944179016377421f,0f,0f,0f,1f],start_interpolation:0}
execute if entity @s[tag=aj.heiloang_aj.bone.kazari_left] run data modify entity @s {} merge value {transformation:[-2.6223964260210257f,0.13251790211231426f,-0.11111336088947346f,2.654588727737752f,0.10344079467131095f,-0.1512458935525531f,-2.6216969447740355f,1.7808856343767272f,-0.13858995398718812f,-2.620388115119494f,0.14570222836521135f,-2.809426501968126f,0f,0f,0f,1f],start_interpolation:0}
execute if entity @s[tag=aj.heiloang_aj.bone.ring] run data modify entity @s {} merge value {transformation:[-2.200109909966331f,-0.08008744985942809f,0.07764451189224188f,-0.04316154803841939f,0.08954922214981921f,-0.35381347215043224f,2.1724924049398298f,1.9984650529527588f,-0.06651019970149855f,2.172861779562588f,0.3566151511584972f,0.7008298071189905f,0f,0f,0f,1f],start_interpolation:0}
execute if entity @s[tag=aj.heiloang_aj.bone.body_0] run data modify entity @s {} merge value {transformation:[-1.1211047710984277f,-0.10170367991890406f,0.08020492284747444f,0.023595340757431568f,-0.0488092210519434f,0.9790489903054477f,0.559225455840361f,-0.48828470580629296f,-0.11997553124832881f,0.5520614205054634f,-0.9769782166603536f,-0.087125930935402f,0f,0f,0f,1f],start_interpolation:0}
execute if entity @s[tag=aj.heiloang_aj.bone.leg_right_3] run data modify entity @s {} merge value {transformation:[-0.9445278714650233f,0.19459532123953813f,0.26457467939588136f,-0.649655555973016f,0.3284311591421012f,0.5602979895748342f,0.7603940666410902f,-1.2020326334766818f,-0.00027153329125691227f,0.8051079578727811f,-0.593128234397581f,-1.4115766291031437f,0f,0f,0f,1f],start_interpolation:0}
execute if entity @s[tag=aj.heiloang_aj.bone.leg_right_2] run data modify entity @s {} merge value {transformation:[-0.9445278714650233f,0.25428726013339853f,0.20785833964409933f,-0.5048082544168822f,0.3284311591421012f,0.7318218209485153f,0.5971346549047166f,-0.7851213568735143f,-0.00027153329125691227f,0.6322774800018173f,-0.7747419664328397f,-0.9904849559802783f,0f,0f,0f,1f],start_interpolation:0}
execute if entity @s[tag=aj.heiloang_aj.bone.leg_right_1] run data modify entity @s {} merge value {transformation:[-0.9445278714650233f,0.31944720401037174f,0.07629275113474654f,-0.5346609128110859f,0.3284311591421012f,0.918882537956951f,0.21860433468339174f,-0.8703920509699644f,-0.00027153329125691227f,0.23153480362085616f,-0.972826583200687f,-0.28664865356477975f,0f,0f,0f,1f],start_interpolation:0}
execute if entity @s[tag=aj.heiloang_aj.bone.leg_right_0] run data modify entity @s {} merge value {transformation:[-0.9445278714650233f,0.2369114200314353f,-0.2274644567497113f,-0.3428291208532241f,0.3284311591421012f,0.6807552269026904f,-0.6547559047074277f,-0.4290692432279136f,-0.00027153329125691227f,-0.6931416161963985f,-0.7208013777500126f,-0.8416002545797798f,0f,0f,0f,1f],start_interpolation:0}
execute if entity @s[tag=aj.heiloang_aj.bone.leg_left_3] run data modify entity @s {} merge value {transformation:[-0.99190390299411f,-0.056996865228923346f,-0.1134812961642884f,0.5367361010928406f,-0.12678217554823704f,0.49565611354239547f,0.8592155125876768f,-1.5948147751532589f,0.007275107442984652f,0.8666466260605435f,-0.4988694201387464f,-1.9806139443206525f,0f,0f,0f,1f],start_interpolation:0}
execute if entity @s[tag=aj.heiloang_aj.bone.leg_left_2] run data modify entity @s {} merge value {transformation:[-0.9868824219265776f,-0.1202426827793474f,-0.10772549619452954f,0.46868859981507743f,-0.16123946096619554f,0.700820991512442f,0.6948753658627196f,-1.2013688810163723f,-0.008057389134393939f,0.7031298849384391f,-0.7110157827972555f,-1.5194373876126286f,0f,0f,0f,1f],start_interpolation:0}
execute if entity @s[tag=aj.heiloang_aj.bone.leg_left_1] run data modify entity @s {} merge value {transformation:[-0.9868824219265776f,-0.15217788133286156f,-0.05389784527579812f,0.495296095008371f,-0.16123946096619554f,0.9124375077116511f,0.376111194659613f,-1.3982647883673587f,-0.008057389134393939f,0.3798679862188864f,-0.9250056170242128f,-0.8382091909334374f,0f,0f,0f,1f],start_interpolation:0}
execute if entity @s[tag=aj.heiloang_aj.bone.leg_left_0] run data modify entity @s {} merge value {transformation:[-0.9868824219265776f,-0.16132089811143238f,-0.006217163730610757f,0.34140345041673786f,-0.16123946096619554f,0.9829993291585425f,0.0878302630144423f,-0.6800433105931674f,-0.008057389134393939f,0.08768059481080338f,-0.9961160533662533f,-0.8416002545797798f,0f,0f,0f,1f],start_interpolation:0}
execute if entity @s[tag=aj.heiloang_aj.bone.tail_4] run data modify entity @s {} merge value {transformation:[-1.479928166175578f,0.5280277656587254f,-0.12591133920866082f,-0.5555562943204132f,0.5428323743549792f,1.4395662451961444f,-0.343273073123546f,-2.067230357779972f,-1.8123892916749343e-16f,-0.3656365245335889f,-1.5333506760081568f,-4.544470981606345f,0f,0f,0f,1f],start_interpolation:0}
execute if entity @s[tag=aj.heiloang_aj.bone.tail_3] run data modify entity @s {} merge value {transformation:[-0.9388369325559853f,0.28745003097229727f,-0.18962514011304948f,-0.3096588728929198f,0.34436203923903735f,0.783677277372104f,-0.5169765090038211f,-1.396838286207398f,-1.149743644376007e-16f,-0.550656339856967f,-0.834732050046797f,-3.414629718017542f,0f,0f,0f,1f],start_interpolation:0}
execute if entity @s[tag=aj.heiloang_aj.bone.tail_2] run data modify entity @s {} merge value {transformation:[-0.9388369325559853f,0.23265781129231516f,-0.253880989665508f,-0.10661939977251653f,0.34436203923903735f,0.6342968184633315f,-0.6921577363711446f,-0.8432901757554668f,-1.149743644376007e-16f,-0.7372502213848191f,-0.6756197977176477f,-2.8990889779493245f,0f,0f,0f,1f],start_interpolation:0}
execute if entity @s[tag=aj.heiloang_aj.bone.tail_1] run data modify entity @s {} merge value {transformation:[-0.9388369325559853f,0.3054592409126486f,-0.15899643458246734f,0.022792853034898114f,0.34436203923903735f,0.8327759278956008f,-0.4334732285259985f,-0.49047253438781213f,-1.149743644376007e-16f,-0.46171301265904274f,-0.8870293647570584f,-2.213686036081347f,0f,0f,0f,1f],start_interpolation:0}
execute if entity @s[tag=aj.heiloang_aj.bone.tail_ring] run data modify entity @s {} merge value {transformation:[-0.9388369325559853f,0.34435881227168946f,-0.0014907983430522687f,0.03325890269462035f,0.34436203923903735f,0.9388281348495566f,-0.004064375232948725f,-0.46193886098924225f,-1.149743644376007e-16f,-0.004329159933965751f,-0.9999906291432266f,-2.357526458314299f,0f,0f,0f,1f],start_interpolation:0}
execute if entity @s[tag=aj.heiloang_aj.bone.tail_0] run data modify entity @s {} merge value {transformation:[-0.9388369325559853f,0.34435881227168946f,-0.0014907983430522687f,0.027560181088235904f,0.34436203923903735f,0.9388281348495566f,-0.004064375232948725f,-0.47747533046843044f,-1.149743644376007e-16f,-0.004329159933965751f,-0.9999906291432266f,-0.9605417256839679f,0f,0f,0f,1f],start_interpolation:0}
execute if entity @s[tag=aj.heiloang_aj.bone.body_1] run data modify entity @s {} merge value {transformation:[-0.9388369325559853f,0.3425310396048352f,0.03546408008251598f,0.042148763438974966f,0.34436203923903735f,0.9338450638706793f,0.0966860001008341f,-0.4465575065176965f,-1.149743644376007e-16f,0.1029848706927265f,-0.9946829225478853f,-0.6035487500000001f,0f,0f,0f,1f],start_interpolation:0}