execute if entity @s[tag=aj.heiloang_aj.bone.head_lower] run data modify entity @s {} merge value {transformation:[-0.7925608444367541f,0.10109931038611544f,-0.04032663270285629f,0.052446214930794974f,-0.029943144249768225f,0.08244413196281342f,0.7951769445961925f,2.3330819796763533f,0.10464566870222942f,0.7892920210824066f,-0.07789344951607385f,-0.26785496427096f,0f,0f,0f,1f],start_interpolation:0}
execute if entity @s[tag=aj.heiloang_aj.bone.horne_right] run data modify entity @s {} merge value {transformation:[-0.6182468020743959f,-0.4984404523866903f,-0.09658160875308693f,-0.2823764511889343f,-0.4152234084359597f,0.40881537563706455f,0.5481418700752118f,2.801215174771217f,-0.2921650437879371f,0.47373737879470446f,-0.5746411777110264f,-0.06991036656998506f,0f,0f,0f,1f],start_interpolation:0}
execute if entity @s[tag=aj.heiloang_aj.bone.horne_left] run data modify entity @s {} merge value {transformation:[-0.5504274952182306f,0.5724522384954489f,-0.09658160875308693f,0.39145877875119406f,0.3710706051395786f,0.4492739657177977f,0.5481418700752118f,2.82667283601237f,0.44647080364692565f,0.33234220070546694f,-0.5746411777110264f,-0.15888011410062053f,0f,0f,0f,1f],start_interpolation:0}
execute if entity @s[tag=aj.heiloang_aj.bone.head_upper] run data modify entity @s {} merge value {transformation:[-1.1609233109098467f,0.073520918509785f,-0.1414703259613029f,0.032498531046597105f,-0.04385996911845426f,0.8523982443439518f,0.8029045077394183f,2.582781346458871f,0.1532823593733081f,0.8007334262916884f,-0.8417200310816688f,-0.3425658349847713f,0f,0f,0f,1f],start_interpolation:0}
execute if entity @s[tag=aj.heiloang_aj.bone.neck_0] run data modify entity @s {} merge value {transformation:[-0.9913625931444071f,0.04191584675263547f,-0.12427095680409855f,-0.022644452022578018f,-0.02801567326943071f,0.8579969361757336f,0.5128902217476123f,2.7457409738238208f,0.1281223281292416f,0.511941714752826f,-0.8494117668896981f,-0.7398864484648872f,0f,0f,0f,1f],start_interpolation:0}
execute if entity @s[tag=aj.heiloang_aj.bone.neck_1] run data modify entity @s {} merge value {transformation:[-0.9933052978817529f,0.049160686702758215f,-0.10453617595337607f,-0.060119873930125994f,0.004127885749458837f,0.9194552522533261f,0.39317298948810303f,2.9004783574967994f,0.11544499018702097f,0.39010930005151856f,-0.9135027029265063f,-1.0678632043271816f,0f,0f,0f,1f],start_interpolation:0}
execute if entity @s[tag=aj.heiloang_aj.bone.neck_2] run data modify entity @s {} merge value {transformation:[-0.9989202274238752f,0.04644714203152858f,-0.0010209018250746035f,-0.062095003189683196f,0.04633188526531737f,0.9975806368970404f,0.05182884617524225f,2.888282065543144f,0.003425733672499015f,0.051725582502263556f,-0.9986554603383524f,-1.4788465160165316f,0f,0f,0f,1f],start_interpolation:0}
execute if entity @s[tag=aj.heiloang_aj.bone.neck_3] run data modify entity @s {} merge value {transformation:[-0.9897552222337704f,0.13383983569155042f,0.04971416742779362f,-0.039609020466865506f,0.09796519320392232f,0.8899246306469524f,-0.4454626501609353f,2.636204506747956f,-0.10386250999036215f,-0.4360287262898448f,-0.8939191959391841f,-1.930890719272043f,0f,0f,0f,1f],start_interpolation:0}
execute if entity @s[tag=aj.heiloang_aj.bone.wing_right_2] run data modify entity @s {} merge value {transformation:[0.1801963730192684f,2.1859147379856823f,0.8502246948475981f,-2.4581030858885957f,1.796947617161144f,0.4193569224510251f,-1.4590048111957337f,4.4866493878261915f,-1.5073435357112834f,0.7612440713532f,-1.637680962672528f,-5.307363911971182f,0f,0f,0f,1f],start_interpolation:0}
execute if entity @s[tag=aj.heiloang_aj.bone.wing_right_1] run data modify entity @s {} merge value {transformation:[-1.0792813935142476f,2.9259052256649185f,1.2089040726793263f,-1.7698706575623413f,2.0647646199915717f,1.6187611407303502f,-2.074506738044597f,3.1663728138488003f,-2.3998161409876806f,0.07687491520706438f,-2.328559964820941f,-3.7007337891713137f,0f,0f,0f,1f],start_interpolation:0}
execute if entity @s[tag=aj.heiloang_aj.bone.wing_right_0] run data modify entity @s {} merge value {transformation:[-1.5240315285559047f,1.400679620763992f,0.8023867520990048f,-0.34589714565700835f,0.7286797693107585f,1.581623889653013f,-1.3769138191898913f,2.4775713165343767f,-1.4404005324092222f,-0.68188156717667f,-1.5455367464346867f,-2.3733687175506453f,0f,0f,0f,1f],start_interpolation:0}
execute if entity @s[tag=aj.heiloang_aj.bone.wing_left_2] run data modify entity @s {} merge value {transformation:[-2.1036648824544546f,-0.7570104368274543f,-0.7315088975420598f,4.307217822787142f,-0.2927956762036042f,1.9908907153581101f,-1.2182778245615224f,1.329478187714145f,1.0111581284079f,-0.9984314520066904f,-1.8746386001892341f,-3.1798096580985895f,0f,0f,0f,1f],start_interpolation:0}
execute if entity @s[tag=aj.heiloang_aj.bone.wing_left_1] run data modify entity @s {} merge value {transformation:[-3.1775109649784f,-0.09392372721964942f,-1.0401063281257366f,2.2426685576924177f,0.4836581751921077f,2.820051035648897f,-1.7322256489284031f,1.6724923939266516f,0.925590411527623f,-1.7960259638158786f,-2.665481551293756f,-2.533255681222344f,0f,0f,0f,1f],start_interpolation:0}
execute if entity @s[tag=aj.heiloang_aj.bone.wing_left_0] run data modify entity @s {} merge value {transformation:[-2.0513588756088446f,0.49370329360617515f,-0.6903505061512095f,0.329112191118896f,0.8012996810029105f,1.7217539436418157f,-1.149731350698279f,2.4085858611976065f,0.2797241224589874f,-1.3115717347656854f,-1.7691619484598573f,-2.287258652670969f,0f,0f,0f,1f],start_interpolation:0}
execute if entity @s[tag=aj.heiloang_aj.bone.kazari_right] run data modify entity @s {} merge value {transformation:[-2.3788028251882434f,-0.4411524754116474f,-1.026426714807667f,-2.0657349604482835f,0.8327275875693176f,-2.3097999328586285f,-0.9371548557327726f,0.9962666859182148f,-0.7448033783044138f,-1.1734900733115319f,2.230484064964796f,-6.274118117166189f,0f,0f,0f,1f],start_interpolation:0}
execute if entity @s[tag=aj.heiloang_aj.bone.kazari_left] run data modify entity @s {} merge value {transformation:[-2.3788028251882434f,-0.4411524754116474f,-1.026426714807667f,2.5270427898560737f,0.8327275875693176f,-2.3097999328586285f,-0.9371548557327726f,-0.6114885663273497f,-0.7448033783044138f,-1.1734900733115319f,2.230484064964796f,-4.836118990879908f,0f,0f,0f,1f],start_interpolation:0}
execute if entity @s[tag=aj.heiloang_aj.bone.ring] run data modify entity @s {} merge value {transformation:[-1.9939747113321737f,0.09593538051191264f,0.9315511468072154f,0.7254154458287649f,0.6980140318735627f,1.6131390659811067f,1.327962744544155f,3.1727658051507053f,-0.6243136612788613f,1.4971656696423632f,-1.490521283232462f,-3.8031101083259164f,0f,0f,0f,1f],start_interpolation:0}
execute if entity @s[tag=aj.heiloang_aj.bone.body_0] run data modify entity @s {} merge value {transformation:[-1.113780908276002f,0.18188284857380568f,0.007943153796568264f,-0.013157203047865369f,0.11382758565950038f,0.7341379789040665f,-0.8495511077099808f,1.9142226011970074f,-0.14208358469748347f,-0.8376230854405843f,-0.7428675505325176f,-2.7166464184043457f,0f,0f,0f,1f],start_interpolation:0}
execute if entity @s[tag=aj.heiloang_aj.bone.leg_right_3] run data modify entity @s {} merge value {transformation:[-0.9854084193864793f,-0.03558282325796269f,0.16644551568376165f,-0.5628198646379003f,0.07840204879165998f,0.7730875559527473f,0.6294352624188428f,-0.30054790975570667f,-0.15107404061423307f,0.6333004764880572f,-0.7590172203135372f,-2.437292055205474f,0f,0f,0f,1f],start_interpolation:0}
execute if entity @s[tag=aj.heiloang_aj.bone.leg_right_2] run data modify entity @s {} merge value {transformation:[-0.9962291847469421f,0.057979041597118995f,-0.06454333578242331f,-0.5245129242371822f,0.07487551044509827f,0.9503632481288324f,-0.3019989313583758f,0.29169572291465695f,0.04383000563574099f,-0.3056928643941408f,-0.9511208142315447f,-2.578338176665576f,0f,0f,0f,1f],start_interpolation:0}
execute if entity @s[tag=aj.heiloang_aj.bone.leg_right_1] run data modify entity @s {} merge value {transformation:[-0.9965418812508512f,-0.020274136086671845f,-0.08058063240601655f,-0.4691749433996819f,0.04762440751337178f,0.6553180974293656f,-0.7538501886917299f,0.8728304571177325f,0.06808960803246525f,-0.7550808900955551f,-0.6520863859110155f,-2.174893085404867f,0f,0f,0f,1f],start_interpolation:0}
execute if entity @s[tag=aj.heiloang_aj.bone.leg_right_0] run data modify entity @s {} merge value {transformation:[-0.9908896421165152f,0.10654492880828985f,-0.08237654576055581f,-0.36112634797298193f,0.12371170975715523f,0.47834596665424145f,-0.8694139112382437f,1.1592032425203038f,-0.05322715486634508f,-0.87168418267791f,-0.48716891901472775f,-2.8426150824330416f,0f,0f,0f,1f],start_interpolation:0}
execute if entity @s[tag=aj.heiloang_aj.bone.leg_left_3] run data modify entity @s {} merge value {transformation:[-0.9995435430743133f,-0.022858487891436238f,-0.019753354898991365f,0.4715420172361856f,-0.03020826934912823f,0.747396588932239f,0.6636910420635374f,-0.30917588290365483f,-0.0004073835771899858f,0.663984810356209f,-0.7477459499421244f,-2.5712672132541012f,0f,0f,0f,1f],start_interpolation:0}
execute if entity @s[tag=aj.heiloang_aj.bone.leg_left_2] run data modify entity @s {} merge value {transformation:[-0.9995435430743133f,-0.02943345256814292f,0.006810093124717474f,0.4533197681135461f,-0.03020826934912823f,0.9767686657399846f,-0.21215662631994553f,0.2948885768272108f,-0.0004073835771899858f,-0.2122655070859354f,-0.9772119465807669f,-2.654261361405405f,0f,0f,0f,1f],start_interpolation:0}
execute if entity @s[tag=aj.heiloang_aj.bone.leg_left_1] run data modify entity @s {} merge value {transformation:[-0.9997591238482934f,0.01459079439698097f,0.016395212745119618f,0.4428462020505906f,-0.0007502229988457495f,0.7238626582397684f,-0.6899436855073813f,0.8360748566128824f,-0.021934708740822303f,-0.6897897945931943f,-0.7236773506387595f,-2.195398061425463f,0f,0f,0f,1f],start_interpolation:0}
execute if entity @s[tag=aj.heiloang_aj.bone.leg_left_0] run data modify entity @s {} merge value {transformation:[-0.9984094176513624f,-0.05495712613387775f,0.012583681185266746f,0.3675079557854418f,-0.040484777304053025f,0.5435132486838865f,-0.8384237182425894f,1.1751483189716614f,0.03923796059568614f,-0.8375995838061243f,-0.54487367311708f,-2.8426150824330416f,0f,0f,0f,1f],start_interpolation:0}
execute if entity @s[tag=aj.heiloang_aj.bone.tail_4] run data modify entity @s {} merge value {transformation:[-1.575917695148882f,0.035662549263617636f,0.00812184611583739f,0.1398997729782527f,-0.020326461155714744f,-0.5629250131065768f,-1.4722624182813064f,-2.98225952292452f,-0.030407511920486303f,-1.4719707795627792f,0.5632333184567699f,-2.7870390651695662f,0f,0f,0f,1f],start_interpolation:0}
execute if entity @s[tag=aj.heiloang_aj.bone.tail_3] run data modify entity @s {} merge value {transformation:[-0.9988887445122907f,0.03239550508011256f,0.03423167155228975f,0.09330978296690594f,-0.04150072069731142f,-0.26034180339374224f,-0.9646241939674217f,-1.6864179989733983f,-0.022337552870965713f,-0.9649728890783922f,0.2613969339442189f,-3.1111632235329587f,0f,0f,0f,1f],start_interpolation:0}
execute if entity @s[tag=aj.heiloang_aj.bone.tail_2] run data modify entity @s {} merge value {transformation:[-0.9992761064215572f,0.0324833481256235f,0.019801394635787027f,0.07839876173733984f,-0.02374147582166272f,-0.12578083283121755f,-0.9917739280794262f,-0.9121570291030341f,-0.02972550185921219f,-0.9915261036336034f,0.12646098351817092f,-3.2282973555410726f,0f,0f,0f,1f],start_interpolation:0}
execute if entity @s[tag=aj.heiloang_aj.bone.tail_1] run data modify entity @s {} merge value {transformation:[-0.9988982080496874f,0.025113262198536428f,0.039644596313632936f,0.04784121121626323f,-0.04094949255409698f,-0.053773990091809054f,-0.9977131336457229f,-0.1333667327603607f,-0.022923983394805388f,-0.9982372874479062f,0.054743117685797704f,-3.2879372950685926f,0f,0f,0f,1f],start_interpolation:0}
execute if entity @s[tag=aj.heiloang_aj.bone.tail_ring] run data modify entity @s {} merge value {transformation:[-0.9993985063407901f,-0.007101475145295586f,0.033943991729885645f,0.05249896515615443f,-0.03459044595338288f,0.27399494672353975f,-0.9611088753199144f,-0.2629873331877668f,-0.002475191415606925f,-0.9617049122369737f,-0.27407578369263264f,-3.3571513186066313f,0f,0f,0f,1f],start_interpolation:0}
execute if entity @s[tag=aj.heiloang_aj.bone.tail_0] run data modify entity @s {} merge value {transformation:[-0.9993985063407901f,-0.007101475145295586f,0.033943991729885645f,0.0052430698164290575f,-0.03459044595338288f,0.27399494672353975f,-0.9611088753199144f,1.0733943964317199f,-0.002475191415606925f,-0.9617049122369737f,-0.27407578369263264f,-2.952563931743258f,0f,0f,0f,1f],start_interpolation:0}
execute if entity @s[tag=aj.heiloang_aj.bone.body_1] run data modify entity @s {} merge value {transformation:[-0.9997606419495152f,-0.007778119897049546f,0.020448952529664555f,0.000552703408251934f,-0.021878272525346975f,0.3554329132899097f,-0.9344457102162512f,1.427106908342889f,-1.224353670076977e-16f,-0.9346694308690718f,-0.35551800938754896f,-2.8935878125f,0f,0f,0f,1f],start_interpolation:0}