execute if entity @s[tag=aj.heiloang_aj.bone.head_lower] run data modify entity @s {} merge value {transformation:[-0.6708499322205939f,-0.05520572640212995f,-0.4323340100108226f,0.5434468346329301f,-0.3587888133600064f,0.5204881218507353f,0.4902679904093398f,0.9892924562993332f,0.24744889542558762f,0.6050160682037358f,-0.4612207729146091f,1.4054391966883693f,0f,0f,0f,1f],start_interpolation:0}
execute if entity @s[tag=aj.heiloang_aj.bone.horne_right] run data modify entity @s {} merge value {transformation:[-0.33937373987801783f,-0.6226220575111349f,-0.37036095661099167f,0.026268576732109583f,-0.7219608406310323f,0.2568073819689537f,0.22983148862065256f,1.2845931119881966f,-0.05998340834381455f,0.43173109925838493f,-0.6708280321040603f,1.5309825842507965f,0f,0f,0f,1f],start_interpolation:0}
execute if entity @s[tag=aj.heiloang_aj.bone.horne_left] run data modify entity @s {} merge value {transformation:[-0.6498311629756857f,0.28381723246459023f,-0.37036095661099167f,0.5966251891060584f,0.19290711904837188f,0.7415957997850798f,0.22983148862065256f,1.589635361106874f,0.4248603335757829f,0.09738299798870789f,-0.6708280321040603f,1.3206015333599619f,0f,0f,0f,1f],start_interpolation:0}
execute if entity @s[tag=aj.heiloang_aj.bone.head_upper] run data modify entity @s {} merge value {transformation:[-0.9826442094684205f,-0.33655777333039116f,-0.5424954702198653f,0.4005973031616953f,-0.5255448840894035f,0.9917814827193008f,0.33665141874431637f,1.1637259358085468f,0.36245695579701515f,0.5256048593249447f,-0.982612130725225f,1.2731653494943473f,0f,0f,0f,1f],start_interpolation:0}
execute if entity @s[tag=aj.heiloang_aj.bone.neck_0] run data modify entity @s {} merge value {transformation:[-0.8520282024021288f,-0.31333494018668f,-0.41936756857154167f,0.2424740863106291f,-0.4218282247531485f,0.8853397183156336f,0.19553652337709593f,1.1893979255136362f,0.3100143401731673f,0.3435037094865268f,-0.8865079302837577f,0.8709238102841871f,0f,0f,0f,1f],start_interpolation:0}
execute if entity @s[tag=aj.heiloang_aj.bone.neck_1] run data modify entity @s {} merge value {transformation:[-0.8799677017797118f,-0.22434439070351145f,-0.41871999974255153f,0.08710675728650068f,-0.3600032295740374f,0.8900364321111772f,0.2797013124943617f,1.3024230494689117f,0.3099266340939337f,0.3968686733349913f,-0.863968018855171f,0.5610800884406337f,0f,0f,0f,1f],start_interpolation:0}
execute if entity @s[tag=aj.heiloang_aj.bone.neck_2] run data modify entity @s {} merge value {transformation:[-0.9080791398934236f,-0.23911401241877345f,-0.34382664928043993f,-0.04577926401529091f,-0.3282639471315876f,0.9162063459766114f,0.22980146345438268f,1.3658874592461276f,0.26006740800033024f,0.32154380830173124f,-0.9104803801503959f,0.1771875159748909f,0f,0f,0f,1f],start_interpolation:0}
execute if entity @s[tag=aj.heiloang_aj.bone.neck_3] run data modify entity @s {} merge value {transformation:[-0.9766257022157793f,-0.18535253625170653f,-0.10884243233498542f,-0.09761667939264047f,-0.1936475404879167f,0.9784787310124654f,0.07127413990512987f,1.3790767410771516f,0.09328916247087188f,0.09068522625706568f,-0.991500540546594f,-0.33811006986831926f,0f,0f,0f,1f],start_interpolation:0}
execute if entity @s[tag=aj.heiloang_aj.bone.wing_right_2] run data modify entity @s {} merge value {transformation:[-1.4113737119622374f,1.5612669736697415f,1.050735784310722f,-4.212077468265832f,1.6991405015391188f,1.6218035701802926f,-0.1274783985656224f,1.724354144023773f,-0.8090252205786501f,0.6824768296430215f,-2.100780706258767f,-2.7199711395947297f,0f,0f,0f,1f],start_interpolation:0}
execute if entity @s[tag=aj.heiloang_aj.bone.wing_right_1] run data modify entity @s {} merge value {transformation:[-2.963364122818281f,0.41670738210015457f,1.4940036165273072f,-2.294639698359683f,0.3752872591419342f,3.3186630072197563f,-0.18125697376061653f,1.4814044988757291f,-1.5049422984351166f,0.007040959761130377f,-2.9870249205800863f,-1.6892130073731f,0f,0f,0f,1f],start_interpolation:0}
execute if entity @s[tag=aj.heiloang_aj.bone.wing_right_0] run data modify entity @s {} merge value {transformation:[-1.9831201783393868f,0.11104918518378709f,0.9916160732527355f,-0.44213896789436247f,0.06392319218597114f,2.2158159525178123f,-0.12030581892965013f,1.4209834906234957f,-0.995765124797968f,-0.07891605057018056f,-1.9825801555544964f,-0.7789183056108755f,0f,0f,0f,1f],start_interpolation:0}
execute if entity @s[tag=aj.heiloang_aj.bone.wing_left_2] run data modify entity @s {} merge value {transformation:[-2.0206061689159136f,-0.44414850840352554f,-1.119579751041829f,3.8245161667575607f,-0.2872620654985028f,2.301186825131928f,-0.3944562179580618f,2.2441059780869224f,1.1697039036377943f,-0.2021071612862033f,-2.030891794136838f,-2.935389793721135f,0f,0f,0f,1f],start_interpolation:0}
execute if entity @s[tag=aj.heiloang_aj.bone.wing_left_1] run data modify entity @s {} merge value {transformation:[-2.826374709713257f,-0.8152973449669136f,-1.5918903895944592f,1.9982571061641388f,-0.6183911031529917f,3.238864570602694f,-0.5608631827244931f,1.8477672828905383f,1.6782184651393046f,-0.1796254588985743f,-2.887652377049729f,-1.7926965098642162f,0f,0f,0f,1f],start_interpolation:0}
execute if entity @s[tag=aj.heiloang_aj.bone.wing_left_0] run data modify entity @s {} merge value {transformation:[-1.8830262873301116f,-0.5159814973286638f,-1.0565865301234179f,0.2383355125369635f,-0.38163615842786436f,2.1550347468029014f,-0.37226211552154426f,1.4898134505373597f,1.1121896617952338f,-0.1341205968023685f,-1.916623547207218f,-0.7735835932266157f,0f,0f,0f,1f],start_interpolation:0}
execute if entity @s[tag=aj.heiloang_aj.bone.kazari_right] run data modify entity @s {} merge value {transformation:[-2.5458362489403314f,0.3584602937634383f,-0.5450634824795217f,-1.838485655344812f,0.2832545969548573f,-1.3706439761310751f,-2.2244037656315427f,1.919556641961194f,-0.5876689675672996f,-2.213529194984081f,1.2891097222764853f,-4.765984871103299f,0f,0f,0f,1f],start_interpolation:0}
execute if entity @s[tag=aj.heiloang_aj.bone.kazari_left] run data modify entity @s {} merge value {transformation:[-2.4177998890580117f,-0.8740821958457997f,-0.5450634824795217f,1.8387166956209289f,0.8915193308412032f,-1.0789306552030649f,-2.2244037656315427f,1.0492508159408795f,0.5160495787846088f,-2.2313133228492856f,1.2891097222764853f,-4.712927197759693f,0f,0f,0f,1f],start_interpolation:0}
execute if entity @s[tag=aj.heiloang_aj.bone.ring] run data modify entity @s {} merge value {transformation:[-2.1435019438959624f,0.09810411638017989f,0.498699593590695f,0.3245215928211973f,0.5073156306909762f,0.544503975943715f,2.073420496865537f,3.047918566102104f,-0.030928193527546916f,2.1323267311354464f,-0.5524060502152128f,-1.5763075560409132f,0f,0f,0f,1f],start_interpolation:0}
execute if entity @s[tag=aj.heiloang_aj.bone.body_0] run data modify entity @s {} merge value {transformation:[-1.1227985208226194f,-0.10845065918044212f,0.03484698121128033f,-0.07617924010402288f,-0.11357101464052034f,1.0924529800794454f,-0.2594233738249801f,1.2492389275360667f,-0.008802397953651748f,-0.2616052690152479f,-1.097787582800698f,-1.3973797086658533f,0f,0f,0f,1f],start_interpolation:0}
execute if entity @s[tag=aj.heiloang_aj.bone.leg_right_3] run data modify entity @s {} merge value {transformation:[-0.993017826430299f,-0.007456253390484016f,-0.11772850409744141f,-0.18997356344547714f,-0.11677363377339849f,-0.07931049103244076f,0.9899867496424128f,-0.558303986834652f,-0.01671869752703828f,0.99682207554687f,0.07788603761541196f,-2.8876529095326413f,0f,0f,0f,1f],start_interpolation:0}
execute if entity @s[tag=aj.heiloang_aj.bone.leg_right_2] run data modify entity @s {} merge value {transformation:[-0.980494256596697f,-0.1353584873415403f,-0.1425099739860356f,-0.26557321617251106f,-0.19292238900468617f,0.8014101946782437f,0.5661471996632184f,-0.09760823797774748f,0.037576117436678026f,0.5825974422964706f,-0.8118917758100493f,-2.4950232239596852f,0f,0f,0f,1f],start_interpolation:0}
execute if entity @s[tag=aj.heiloang_aj.bone.leg_right_1] run data modify entity @s {} merge value {transformation:[-0.9770220815214865f,-0.21128544142159664f,-0.028041299233498435f,-0.26164819554712443f,-0.21009722583155757f,0.9768558402614176f,-0.040147516050726056f,0.004056013656756563f,0.035874892575519256f,-0.03333361052212705f,-0.9988002114999045f,-1.7927435166951942f,0f,0f,0f,1f],start_interpolation:0}
execute if entity @s[tag=aj.heiloang_aj.bone.leg_right_0] run data modify entity @s {} merge value {transformation:[-0.9894080739467602f,-0.14515147540766066f,-0.0016469353179395935f,-0.33208488178541035f,-0.14255371084648194f,0.9737162483395263f,-0.17763757272462272f,0.708564587995591f,0.027388003447856617f,-0.17552127194895006f,-0.9840945992944798f,-1.9883013813364192f,0f,0f,0f,1f],start_interpolation:0}
execute if entity @s[tag=aj.heiloang_aj.bone.leg_left_3] run data modify entity @s {} merge value {transformation:[-0.9794612672975244f,0.010704091311083339f,-0.20134807745079475f,0.6801352213095876f,-0.20148873121935396f,-0.0896501071152086f,0.9753794899862547f,-0.3267228097919551f,-0.007610325587134313f,0.9959158000169668f,0.08996556130554745f,-2.923933691443471f,0f,0f,0f,1f],start_interpolation:0}
execute if entity @s[tag=aj.heiloang_aj.bone.leg_left_2] run data modify entity @s {} merge value {transformation:[-0.9794612672975244f,-0.16277854771187794f,-0.11899063101244202f,0.5867495325006209f,-0.20148873121935396f,0.7678852483916789f,0.6080744497954708f,0.11160556771763215f,-0.007610325587134313f,0.6195606424776039f,-0.7849119015769834f,-2.5100964080869828f,0f,0f,0f,1f],start_interpolation:0}
execute if entity @s[tag=aj.heiloang_aj.bone.leg_left_1] run data modify entity @s {} merge value {transformation:[-0.9828399644385729f,-0.18443315966653265f,0.0031644774930170774f,0.5706707278237544f,-0.1843886452964022f,0.9827917079498203f,0.011013004623297157f,0.17761510552661364f,-0.005141185480227844f,0.010240527354314855f,-0.9999343477505727f,-1.8037452022118738f,0f,0f,0f,1f],start_interpolation:0}
execute if entity @s[tag=aj.heiloang_aj.bone.leg_left_0] run data modify entity @s {} merge value {transformation:[-0.9758540635884377f,-0.2156387689699501f,0.03476733948776673f,0.3802578028571748f,-0.2184228632663763f,0.9630107055043862f,-0.15780314916522525f,0.8626103400069884f,0.0005471566969458426f,-0.1615868261990096f,-0.9868583475952767f,-1.9883013813364192f,0f,0f,0f,1f],start_interpolation:0}
execute if entity @s[tag=aj.heiloang_aj.bone.tail_4] run data modify entity @s {} merge value {transformation:[-1.542436409128188f,-0.26579207619589634f,0.18734689673141325f,0.5551504641500828f,-0.32482692820524184f,1.2168279446863042f,-0.9479829024992623f,-1.6292684082968196f,0.015223475167079935f,-0.9661980588624953f,-1.2454251966866006f,-5.443751469545289f,0f,0f,0f,1f],start_interpolation:0}
execute if entity @s[tag=aj.heiloang_aj.bone.tail_3] run data modify entity @s {} merge value {transformation:[-0.9773400140878362f,-0.15894915540350882f,0.1397914978076255f,0.37249286275582827f,-0.21154477835126106f,0.7566425927403061f,-0.6186604833052967f,-0.8222884029168076f,-0.007436640041309089f,-0.6342138068882911f,-0.7731219460972231f,-4.394060170176863f,0f,0f,0f,1f],start_interpolation:0}
execute if entity @s[tag=aj.heiloang_aj.bone.tail_2] run data modify entity @s {} merge value {transformation:[-0.9789425323791955f,-0.15901258684642527f,0.12800982588620202f,0.26935600912524793f,-0.20412764797063315f,0.768202199749771f,-0.6067926199564315f,-0.3331347273014934f,-0.0018497656567735415f,-0.6201454486844367f,-0.7844846721529962f,-3.791138729228532f,0f,0f,0f,1f],start_interpolation:0}
execute if entity @s[tag=aj.heiloang_aj.bone.tail_1] run data modify entity @s {} merge value {transformation:[-0.9777295572353146f,-0.14993438490067293f,0.14684887855510637f,0.15206351714407026f,-0.2098091724616207f,0.7149890843663336f,-0.666911328729661f,0.20012216114897818f,-0.005002405361966193f,-0.6828691598406308f,-0.7305235701051306f,-3.231777866990951f,0f,0f,0f,1f],start_interpolation:0}
execute if entity @s[tag=aj.heiloang_aj.bone.tail_ring] run data modify entity @s {} merge value {transformation:[-0.9772679805054882f,-0.18619567148567942f,0.1013827707192965f,0.16085812291608526f,-0.21200603029783335f,0.8602147799021792f,-0.46377146910434197f,0.16015428415133193f,-0.0008587176943897454f,-0.4747227657884572f,-0.8801349659262941f,-3.372983389187733f,0f,0f,0f,1f],start_interpolation:0}
execute if entity @s[tag=aj.heiloang_aj.bone.tail_0] run data modify entity @s {} merge value {transformation:[-0.9772679805054882f,-0.18619567148567942f,0.1013827707192965f,0.02344385444010827f,-0.21200603029783335f,0.8602147799021792f,-0.46377146910434197f,0.7885590211228226f,-0.0008587176943897454f,-0.4747227657884572f,-0.8801349659262941f,-2.1327959009888455f,0f,0f,0f,1f],start_interpolation:0}
execute if entity @s[tag=aj.heiloang_aj.bone.body_1] run data modify entity @s {} merge value {transformation:[-0.9774068775142795f,-0.1874843720512348f,0.0975981865832577f,-0.02113287032908579f,-0.21136649637013483f,0.8669704887780652f,-0.4513162702586032f,1.00911891669319f,-1.1969782040124715e-16f,-0.4617486132350339f,-0.8870108331782217f,-1.85354875f,0f,0f,0f,1f],start_interpolation:0}