execute if entity @s[tag=aj.heiloang_aj.bone.head_lower] run data modify entity @s {} merge value {transformation:[-0.7899701677980495f,-0.09417931464313564f,-0.0841272291381977f,0.29298066640302894f,-0.06656240411272929f,0.7634399659795578f,-0.22962766537128176f,5.578547688442789f,0.10731533137373839f,-0.2197491184020563f,-0.7617044995361809f,2.590183796726f,0f,0f,0f,1f],start_interpolation:0}
execute if entity @s[tag=aj.heiloang_aj.bone.horne_right] run data modify entity @s {} merge value {transformation:[-0.5169797145038941f,-0.6051193994456647f,-0.08100917976371785f,-0.12008182236136516f,-0.559510518751133f,0.5120737647905157f,-0.2544178429672448f,5.910113231466959f,0.24429481001099915f,-0.10775421953587665f,-0.7541280222706911f,2.2903827945410478f,0f,0f,0f,1f],start_interpolation:0}
execute if entity @s[tag=aj.heiloang_aj.bone.horne_left] run data modify entity @s {} merge value {transformation:[-0.6478744884432917f,0.46227281990005964f,-0.08100917976371785f,0.5515508143005365f,0.46136061467930845f,0.6020115816183481f,-0.2544178429672448f,5.966704587443602f,-0.08605248658274753f,-0.2527565935421312f,-0.7541280222706911f,2.1991432998070954f,0f,0f,0f,1f],start_interpolation:0}
execute if entity @s[tag=aj.heiloang_aj.bone.head_upper] run data modify entity @s {} merge value {transformation:[-1.1571285525363881f,-0.14189917966229315f,-0.11866022128839983f,0.2536813884966475f,-0.09749894548422305f,1.1066964097570744f,-0.37266489593234603f,5.628395659453475f,0.15719281451296765f,-0.35811980096326734f,-1.1046278738215516f,2.3366090649231155f,0f,0f,0f,1f],start_interpolation:0}
execute if entity @s[tag=aj.heiloang_aj.bone.neck_0] run data modify entity @s {} merge value {transformation:[-0.9874627097475618f,-0.11959573314740472f,-0.10302551854243296f,0.21826986557135664f,-0.08320300514091161f,0.9489852207491907f,-0.30414521323724786f,5.435776442365658f,0.13414416421717298f,-0.29176002367107184f,-0.9470382419912787f,1.950469038661276f,0f,0f,0f,1f],start_interpolation:0}
execute if entity @s[tag=aj.heiloang_aj.bone.neck_1] run data modify entity @s {} merge value {transformation:[-0.9874627097475618f,-0.12591578653695817f,-0.0951977497569224f,0.18201119788344888f,-0.08320300514091161f,0.9276830449361454f,-0.3639799830670952f,5.314737453626422f,0.13414416421717298f,-0.35149592151087733f,-0.9265289851740718f,1.6084870365594934f,0f,0f,0f,1f],start_interpolation:0}
execute if entity @s[tag=aj.heiloang_aj.bone.neck_2] run data modify entity @s {} merge value {transformation:[-0.995002847950963f,-0.026774141461266453f,-0.09618980153054008f,0.1434899426501972f,-0.003368585776819876f,0.971829571674641f,-0.2356606378853879f,5.185590886657969f,0.09978970487648915f,-0.23415898224859097f,-0.9670633825313454f,1.2200321353216874f,0f,0f,0f,1f],start_interpolation:0}
execute if entity @s[tag=aj.heiloang_aj.bone.neck_3] run data modify entity @s {} merge value {transformation:[-0.9916184654325603f,-0.09552256726448656f,-0.08699573642642476f,0.10078284741904103f,-0.0403131706159221f,0.8684755737823223f,-0.4940900990895868f,4.908868038765501f,0.1227504268345568f,-0.48644179187922165f,-0.8650472332914927f,0.7841499881359351f,0f,0f,0f,1f],start_interpolation:0}
execute if entity @s[tag=aj.heiloang_aj.bone.wing_right_2] run data modify entity @s {} merge value {transformation:[-2.227429962471402f,0.748202012311002f,0.11102034669115358f,-4.490049059267092f,0.6803858034276936f,2.132747955831117f,-0.7225215025957712f,5.252658773562096f,-0.33046471384961634f,-0.6520398085952779f,-2.2358920294209943f,0.007085912090052493f,0f,0f,0f,1f],start_interpolation:0}
execute if entity @s[tag=aj.heiloang_aj.bone.wing_right_1] run data modify entity @s {} merge value {transformation:[-3.2714414834531995f,0.6782115607433844f,0.15785585866717722f,-2.350579027384255f,0.5985442669093048f,3.1262696296129904f,-1.027327472819383f,4.876411055857056f,-0.35585692882327363f,-0.9765685100050487f,-3.179134876719606f,0.2884399528967422f,0f,0f,0f,1f],start_interpolation:0}
execute if entity @s[tag=aj.heiloang_aj.bone.wing_right_0] run data modify entity @s {} merge value {transformation:[-2.2155240941373364f,0.09420957093060102f,0.10477378031743471f,-0.28902231278665813f,0.057557342686676616f,2.111904853187786f,-0.6818687875132015f,4.817409575222527f,-0.12860847794676097f,-0.6777775799087393f,-2.110089432126816f,0.39114748158688445f,0f,0f,0f,1f],start_interpolation:0}
execute if entity @s[tag=aj.heiloang_aj.bone.wing_left_2] run data modify entity @s {} merge value {transformation:[-1.9575849042399731f,-1.1766550540029537f,-0.5629566883003412f,4.360655698859293f,-0.9803374048324272f,1.9968906760556948f,-0.7648151455673842f,5.528489685379306f,0.8604509990111021f,-0.4018538516577177f,-2.1521416232510493f,-1.010730075377046f,0f,0f,0f,1f],start_interpolation:0}
execute if entity @s[tag=aj.heiloang_aj.bone.wing_left_1] run data modify entity @s {} merge value {transformation:[-3.061161245525387f,-1.0843401887718478f,-0.800447972580164f,2.3686364736556667f,-0.7996647927146436f,3.0602579276929873f,-1.0874632904999f,5.021479655734218f,1.084917886794253f,-0.8038946099498725f,-3.0600531707647556f,-0.2538584251352864f,0f,0f,0f,1f],start_interpolation:0}
execute if entity @s[tag=aj.heiloang_aj.bone.wing_left_0] run data modify entity @s {} merge value {transformation:[-2.1235455573094337f,-0.36972126260586796f,-0.5312818969327759f,0.38921248996908653f,-0.1835356865281876f,2.0913498692967663f,-0.7217827761612381f,4.844982473745773f,0.6207003446124328f,-0.646499738723474f,-2.0310512475140765f,0.3071901790209198f,0f,0f,0f,1f],start_interpolation:0}
execute if entity @s[tag=aj.heiloang_aj.bone.kazari_right] run data modify entity @s {} merge value {transformation:[-2.6088379416530527f,-0.2994076715701973f,-0.10578198784589028f,-3.037645173290964f,0.22609927217169676f,-1.1367292778190072f,-2.358727592713656f,5.277506584043959f,0.2229661451232992f,-2.3505471243330223f,1.1541596522903002f,-4.540875340316012f,0f,0f,0f,1f],start_interpolation:0}
execute if entity @s[tag=aj.heiloang_aj.bone.kazari_left] run data modify entity @s {} merge value {transformation:[-2.6121237218965407f,-0.26923970938364455f,-0.10578198784589028f,2.035140890056023f,0.2129480272723695f,-1.1392661978696195f,-2.358727592713656f,4.85959311672494f,0.1957881195129663f,-2.3529667863867014f,1.1541596522903002f,-4.930019625634753f,0f,0f,0f,1f],start_interpolation:0}
execute if entity @s[tag=aj.heiloang_aj.bone.ring] run data modify entity @s {} merge value {transformation:[-2.1891095383732537f,0.20527903164347536f,0.13633133885789642f,-0.12001408757052234f,0.1803463316012754f,0.5040543263917857f,2.136897452501573f,6.5414935862865775f,0.16793128197340826f,2.1346465845655263f,-0.5176961747217456f,-1.4816670258635134f,0f,0f,0f,1f],start_interpolation:0}
execute if entity @s[tag=aj.heiloang_aj.bone.body_0] run data modify entity @s {} merge value {transformation:[-1.1191030012203733f,-0.11394608956173957f,-0.09097877373769707f,0.0033655422701188023f,-0.04549591581607716f,0.9418846889387603f,-0.6200288141082355f,4.424330680061103f,0.13853147743846334f,-0.6111643783418638f,-0.9385837780093973f,-0.16194884707311846f,0f,0f,0f,1f],start_interpolation:0}
execute if entity @s[tag=aj.heiloang_aj.bone.leg_right_3] run data modify entity @s {} merge value {transformation:[-0.9907148726276993f,-0.04756114175631088f,0.12736553281448523f,-0.4583906795151911f,0.11326539020412311f,0.2294322886251019f,0.9667118372701121f,2.753440315247182f,-0.07519968441549041f,0.9721619015015373f,-0.2219149493223173f,-1.7389036051065392f,0f,0f,0f,1f],start_interpolation:0}
execute if entity @s[tag=aj.heiloang_aj.bone.leg_right_2] run data modify entity @s {} merge value {transformation:[-0.9907148726276993f,0.05265218004199539f,0.1253466756284622f,-0.4322819890934244f,0.11326539020412311f,0.8295981710070855f,0.546752069994807f,3.2321945646000896f,-0.07519968441549041f,0.5558728475096837f,-0.8278589160390116f,-1.3617741107529615f,0f,0f,0f,1f],start_interpolation:0}
execute if entity @s[tag=aj.heiloang_aj.bone.leg_right_1] run data modify entity @s {} merge value {transformation:[-0.9907148726276993f,0.1002244589216549f,0.09186456873105717f,-0.4895801692040134f,0.11326539020412311f,0.9821848185963721f,0.14994643543852404f,3.2001231185887242f,-0.07519968441549041f,0.15895923990971159f,-0.9844170699003233f,-0.6552076567024119f,0f,0f,0f,1f],start_interpolation:0}
execute if entity @s[tag=aj.heiloang_aj.bone.leg_right_0] run data modify entity @s {} merge value {transformation:[-0.9907148726276993f,0.11415314271609528f,0.07384511603566209f,-0.36544789899596575f,0.11326539020412311f,0.9934340946216289f,-0.016113690614266096f,3.920691752428448f,-0.07519968441549041f,-0.007599977062026753f,-0.9971395327698465f,-0.7252687723626201f,0f,0f,0f,1f],start_interpolation:0}
execute if entity @s[tag=aj.heiloang_aj.bone.leg_left_3] run data modify entity @s {} merge value {transformation:[-0.9911557313201627f,0.1321784745113418f,-0.011796912606619664f,0.44635086288511905f,0.03241156329201042f,0.327325514634969f,0.9443555993554127f,2.7211447499899664f,0.12868491300910787f,0.9356211083258048f,-0.328714670830237f,-1.7991299950848771f,0f,0f,0f,1f],start_interpolation:0}
execute if entity @s[tag=aj.heiloang_aj.bone.leg_left_2] run data modify entity @s {} merge value {transformation:[-0.987493012576126f,-0.05269727032828791f,-0.1485952482863246f,0.4213115587923313f,-0.1249685905105492f,0.8362511664366413f,0.5339165084722176f,3.204550796913808f,0.09612700712668518f,0.545808560150264f,-0.8323776872114977f,-1.4279082587218186f,0f,0f,0f,1f],start_interpolation:0}
execute if entity @s[tag=aj.heiloang_aj.bone.leg_left_1] run data modify entity @s {} merge value {transformation:[-0.987493012576126f,-0.11132276025463443f,-0.11164583808909444f,0.49173479404662535f,-0.1249685905105492f,0.9844105026186686f,0.12376919535921364f,3.1911178517618204f,0.09612700712668518f,0.13617343861175618f,-0.9860103412832528f,-0.7219281336448623f,0f,0f,0f,1f],start_interpolation:0}
execute if entity @s[tag=aj.heiloang_aj.bone.leg_left_0] run data modify entity @s {} merge value {transformation:[-0.987493012576126f,-0.11724353818903663f,-0.10541111358031949f,0.3633331002000291f,-0.1249685905105492f,0.9896938794725008f,0.0699205000016298f,3.9143317770000485f,0.09612700712668518f,0.08221908347571849f,-0.9919675502824068f,-0.72526877236262f,0f,0f,0f,1f],start_interpolation:0}
execute if entity @s[tag=aj.heiloang_aj.bone.tail_4] run data modify entity @s {} merge value {transformation:[-1.5762820610569823f,0.009448220506615899f,-0.009997940132062386f,-0.028892693696862946f,0.013756005147786944f,1.082658833977328f,-1.1456504638068716f,0.7279029650513047f,-1.930388780626826e-16f,-1.1456940883271522f,-1.0827000598780299f,-3.4957578698534766f,0f,0f,0f,1f],start_interpolation:0}
execute if entity @s[tag=aj.heiloang_aj.bone.tail_3] run data modify entity @s {} merge value {transformation:[-0.9999619230641713f,0.005584418481103996f,-0.006705720843597735f,-0.020077458141503236f,0.008726535498372594f,0.6399109755069641f,-0.7683994996119669f,1.7380289079120366f,-1.2246001683497691e-16f,-0.7684287590245132f,-0.6399353422839268f,-2.6205434826420797f,0f,0f,0f,1f],start_interpolation:0}
execute if entity @s[tag=aj.heiloang_aj.bone.tail_2] run data modify entity @s {} merge value {transformation:[-0.9999619230641713f,0.004303310843374309f,-0.007591701890199198f,-0.014054534072368816f,0.008726535498372594f,0.4931105806291466f,-0.8699228717821951f,2.42818764682559f,-1.2246001683497691e-16f,-0.8699559970408682f,-0.4931293574840468f,-2.250317291798008f,0f,0f,0f,1f],start_interpolation:0}
execute if entity @s[tag=aj.heiloang_aj.bone.tail_1] run data modify entity @s {} merge value {transformation:[-0.9999619230641713f,0.005351009795932727f,-0.006893411054636811f,-0.008577060559263f,0.008726535498372594f,0.6131649893447269f,-0.7899066675374228f,3.055843942811536f,-1.2246001683497691e-16f,-0.7899367459082055f,-0.6131883376777115f,-1.7844604647026876f,0f,0f,0f,1f],start_interpolation:0}
execute if entity @s[tag=aj.heiloang_aj.bone.tail_ring] run data modify entity @s {} merge value {transformation:[-0.9999619230641713f,0.0064096258660256f,-0.0059219184443837615f,-0.009229290107874497f,0.008726535498372594f,0.7344703758218839f,-0.6785846407179109f,2.9811058392616823f,-1.2246001683497691e-16f,-0.6786104801256154f,-0.7344983432681669f,-1.9110604894089935f,0f,0f,0f,1f],start_interpolation:0}
execute if entity @s[tag=aj.heiloang_aj.bone.tail_0] run data modify entity @s {} merge value {transformation:[-0.9999619230641713f,0.0064096258660256f,-0.0059219184443837615f,-0.0011017957413900006f,0.008726535498372594f,0.7344703758218839f,-0.6785846407179109f,3.9124244476508667f,-1.2246001683497691e-16f,-0.6786104801256154f,-0.7344983432681669f,-0.8697057016361529f,0f,0f,0f,1f],start_interpolation:0}
execute if entity @s[tag=aj.heiloang_aj.bone.body_1] run data modify entity @s {} merge value {transformation:[-0.9999619230641713f,0.0075017690542029895f,-0.004458237640790293f,0.0040448093292216585f,0.008726535498372594f,0.8596175895030732f,-0.5108634332139281f,4.152729904959985f,-1.2246001683497691e-16f,-0.510882886068797f,-0.8596503223532326f,-0.6035487500000001f,0f,0f,0f,1f],start_interpolation:0}