execute if entity @s[tag=aj.heiloang_aj.bone.head_lower] run data modify entity @s {} merge value {transformation:[-0.46195259211930934f,0.6374773214739577f,0.14220572154677852f,-0.41967897796206444f,0.652605792187757f,0.45758073860561127f,0.06874261895020771f,0.2024239929790167f,-0.026560923124794317f,0.15570013572098168f,-0.7842525008562146f,2.8675811915161087f,0f,0f,0f,1f],start_interpolation:0}
execute if entity @s[tag=aj.heiloang_aj.bone.horne_right] run data modify entity @s {} merge value {transformation:[-0.7741250767846158f,0.16103294811560748f,0.12165013405010783f,-0.2179542192257541f,0.17068182479025978f,0.77971223535581f,0.05400504349329936f,0.7558745898025181f,-0.10769438323088235f,0.07821265663332373f,-0.7888502393755596f,2.7144912557112444f,0f,0f,0f,1f],start_interpolation:0}
execute if entity @s[tag=aj.heiloang_aj.bone.horne_left] run data modify entity @s {} merge value {transformation:[0.0929507230840999f,0.7852142433525606f,0.12165013405010783f,0.1747978745940827f,0.791621096111842f,-0.1020759299148083f,0.05400504349329936f,0.20102914528448712f,0.06852884990154876f,0.1141012557700105f,-0.7888502393755596f,2.7370733525519446f,0f,0f,0f,1f],start_interpolation:0}
execute if entity @s[tag=aj.heiloang_aj.bone.head_upper] run data modify entity @s {} merge value {transformation:[-0.6766566081215614f,0.9399714060651655f,0.17819007510324672f,-0.28176495693344494f,0.955920649251822f,0.6731420252227082f,0.07910523758289759f,0.29257714551103664f,-0.0389057761701206f,0.19103843084297942f,-1.1554881093813356f,2.6646488629949836f,0f,0f,0f,1f],start_interpolation:0}
execute if entity @s[tag=aj.heiloang_aj.bone.neck_0] run data modify entity @s {} merge value {transformation:[-0.5774826357791931f,0.8028631425713488f,0.14806950960266685f,-0.2708449360963818f,0.8157273400238421f,0.574812393591126f,0.06464997224800394f,0.2817074324682975f,-0.0332071093463902f,0.15811858358364714f,-0.9868615918224592f,2.231956291863709f,0f,0f,0f,1f],start_interpolation:0}
execute if entity @s[tag=aj.heiloang_aj.bone.neck_1] run data modify entity @s {} merge value {transformation:[-0.5775665634987758f,0.8034352247583068f,0.14459842442358806f,-0.2081276231482042f,0.8156685500631045f,0.5751656662242239f,0.0622034792820922f,0.31155306878537736f,-0.033191582760809656f,0.15387103695762272f,-0.9875333021318411f,1.8740560345454846f,0f,0f,0f,1f],start_interpolation:0}
execute if entity @s[tag=aj.heiloang_aj.bone.neck_2] run data modify entity @s {} merge value {transformation:[-0.43189264915982106f,0.8908291264765047f,0.14103973561666794f,-0.18018725982113115f,0.9018992932925941f,0.42774822368614696f,0.06007596767148731f,0.321835454139872f,-0.006812074576171717f,0.1531500067073255f,-0.9881794731148359f,1.4639663592197956f,0f,0f,0f,1f],start_interpolation:0}
execute if entity @s[tag=aj.heiloang_aj.bone.neck_3] run data modify entity @s {} merge value {transformation:[-0.35237981652666894f,0.9253343072930644f,0.13994600619916192f,-0.13017332853205058f,0.9358324416490214f,0.3473235135348296f,0.05986666938332422f,0.3444055825111045f,0.006790144465501269f,0.15206181865374926f,-0.9883476601104755f,0.9488140780966505f,0f,0f,0f,1f],start_interpolation:0}
execute if entity @s[tag=aj.heiloang_aj.bone.wing_right_2] run data modify entity @s {} merge value {transformation:[2.0589920006325544f,0.21749889856487986f,1.1166119186070076f,0.7136910064513813f,0.7747238616573403f,-1.9588665743661866f,-1.0470055818049049f,4.40161189342817f,0.8330251411757613f,1.2841775497472896f,-1.7862063546004863f,-1.148057286253405f,0f,0f,0f,1f],start_interpolation:0}
execute if entity @s[tag=aj.heiloang_aj.bone.wing_right_1] run data modify entity @s {} merge value {transformation:[1.3073137567621018f,2.6376981986324046f,1.5876705348440294f,-0.16638605542092186f,2.941955449595627f,-0.5620408217019469f,-1.4886997750504267f,2.4981100737681814f,-0.9072197346151307f,1.9783521174381389f,-2.53974290538489f,-0.5154439395726891f,0f,0f,0f,1f],start_interpolation:0}
execute if entity @s[tag=aj.heiloang_aj.bone.wing_right_0] run data modify entity @s {} merge value {transformation:[-0.13685884634275455f,1.9491550452887225f,1.0537856829560965f,-0.03064287097025395f,1.8731989855911841f,0.6657269317132198f,-0.9880957508115594f,0.7478781355641f,-1.1835519492434148f,0.8282525350502821f,-1.6857053484001567f,0.5718959562440313f,0f,0f,0f,1f],start_interpolation:0}
execute if entity @s[tag=aj.heiloang_aj.bone.wing_left_2] run data modify entity @s {} merge value {transformation:[1.6891475904964182f,1.6237767893536947f,0.2090582746445566f,0.1262749417717436f,1.1497380650290487f,-1.3903685695568813f,1.5094878697533873f,-3.018226076347291f,1.1655294100383788f,-0.9817332557602225f,-1.792014792123946f,-2.1162274380401334f,0f,0f,0f,1f],start_interpolation:0}
execute if entity @s[tag=aj.heiloang_aj.bone.wing_left_1] run data modify entity @s {} merge value {transformation:[0.8716826148588166f,3.215436075341269f,0.2972524806403317f,0.6924587882864306f,2.418900463986995f,-0.8541617654596596f,2.146286792730724f,-1.4671824625431404f,2.139230875145644f,-0.344379582322722f,-2.5480017148743896f,-0.6768685464830466f,0f,0f,0f,1f],start_interpolation:0}
execute if entity @s[tag=aj.heiloang_aj.bone.wing_left_0] run data modify entity @s {} merge value {transformation:[-0.5234017231310142f,2.148377313940369f,0.19729559845534209f,0.2072107019916078f,1.679740811099641f,0.2784057132884563f,1.4245564454715949f,0.10660766282549583f,1.3538542919198524f,0.4851444895644102f,-1.691186973842775f,0.5688300666286985f,0f,0f,0f,1f],start_interpolation:0}
execute if entity @s[tag=aj.heiloang_aj.bone.kazari_right] run data modify entity @s {} merge value {transformation:[-0.11311237246321107f,-0.3212266986915563f,-2.6059334580529327f,1.365111001441911f,2.576930722245633f,-0.513754448559103f,-0.04852430204118757f,3.001621824556149f,-0.5034916409421273f,-2.5572915287838627f,0.33708514186767063f,-2.903314800858918f,0f,0f,0f,1f],start_interpolation:0}
execute if entity @s[tag=aj.heiloang_aj.bone.kazari_left] run data modify entity @s {} merge value {transformation:[0.0019135033290716007f,-0.34055445858414735f,-2.6059334580529327f,1.369799483323495f,2.599151072593324f,0.3859135686972417f,-0.04852430204118757f,-1.1193975363297624f,0.388947591454472f,-2.5772007230307206f,0.33708514186767063f,-3.4603008351357474f,0f,0f,0f,1f],start_interpolation:0}
execute if entity @s[tag=aj.heiloang_aj.bone.ring] run data modify entity @s {} merge value {transformation:[-0.002483694727889652f,-0.19361677928892487f,2.194409410256507f,1.7418329780235264f,2.183084912915415f,-0.2941346354735724f,-0.02348116266187048f,0.8789451383059119f,0.29505996008544305f,2.174608848684434f,0.19220369653511965f,0.4148407614854077f,0f,0f,0f,1f],start_interpolation:0}
execute if entity @s[tag=aj.heiloang_aj.bone.body_0] run data modify entity @s {} merge value {transformation:[-0.39246385804898f,1.0470338444568885f,0.15278947812206198f,0.12274420973613212f,1.0581110077511442f,0.387567252091833f,0.06200884065613046f,0.44315061009835f,0.00505878827802497f,0.16481544104084284f,-1.1164509192048455f,-0.08349000872554013f,0f,0f,0f,1f],start_interpolation:0}
execute if entity @s[tag=aj.heiloang_aj.bone.leg_right_3] run data modify entity @s {} merge value {transformation:[-0.2512429744576489f,0.5472715789030346f,0.798355050532439f,-0.9513188550468683f,0.9678879302826807f,0.14917497053895984f,0.20233581634947595f,0.5745929268151617f,-0.008361949460594272f,0.8235536698295265f,-0.5671767191198331f,-1.3963728394445034f,0f,0f,0f,1f],start_interpolation:0}
execute if entity @s[tag=aj.heiloang_aj.bone.leg_right_2] run data modify entity @s {} merge value {transformation:[-0.24036501952024392f,0.7486903811357406f,0.6178085225908208f,-0.5251237251018446f,0.9705636461212482f,0.195334305524956f,0.14089257579060444f,0.6867452398425549f,-0.015194282439813233f,0.6334881390206948f,-0.7736032002914907f,-0.9745985865625373f,0f,0f,0f,1f],start_interpolation:0}
execute if entity @s[tag=aj.heiloang_aj.bone.leg_right_1] run data modify entity @s {} merge value {transformation:[-0.23811443866807283f,0.9527274025853483f,0.18871144761451147f,-0.5867603200621743f,0.971130069491538f,0.23643529004351432f,0.031697661607749686f,0.6821282468161471f,-0.0144188150396878f,0.1908110321365492f,-0.9815208850492363f,-0.2676845701362798f,0f,0f,0f,1f],start_interpolation:0}
execute if entity @s[tag=aj.heiloang_aj.bone.leg_right_0] run data modify entity @s {} merge value {transformation:[-0.24515066316996711f,0.695921547886931f,-0.6749772970507849f,-0.11501736426487115f,0.9694513324129265f,0.1701677581141163f,-0.17665516743423315f,0.7595402201467683f,-0.008078764145998483f,-0.697664771423263f,-0.7163788106056737f,-0.8253605572012477f,0f,0f,0f,1f],start_interpolation:0}
execute if entity @s[tag=aj.heiloang_aj.bone.leg_left_3] run data modify entity @s {} merge value {transformation:[-0.6773756718406689f,0.3309952585942252f,0.6569660097649989f,-0.6237458587562095f,0.7344456061295522f,0.25347537387138086f,0.6295553085136829f,-0.5464209199705746f,0.04185511719488146f,0.9089512493136833f,-0.414796064995435f,-1.8980592547590172f,0f,0f,0f,1f],start_interpolation:0}
execute if entity @s[tag=aj.heiloang_aj.bone.leg_left_2] run data modify entity @s {} merge value {transformation:[-0.67025113351823f,0.5329229388947062f,0.5164848102484305f,-0.3239969163768646f,0.7406832407514224f,0.43686287822335623f,0.510430369884449f,-0.3048085721928251f,0.046387012056159235f,0.7246681770508723f,-0.6875349287725442f,-1.4248912133147764f,0f,0f,0f,1f],start_interpolation:0}
execute if entity @s[tag=aj.heiloang_aj.bone.leg_left_1] run data modify entity @s {} merge value {transformation:[-0.6718541998149188f,0.6939314373460441f,0.2589808766181563f,-0.45464610078867757f,0.7393057839027779f,0.6069602759794018f,0.29159249179446906f,-0.4649985923686779f,0.04515409260470695f,0.3873737002506259f,-0.9208163357994817f,-0.7460556211929428f,0f,0f,0f,1f],start_interpolation:0}
execute if entity @s[tag=aj.heiloang_aj.bone.leg_left_0] run data modify entity @s {} merge value {transformation:[-0.6682279891504621f,0.7426550945184791f,-0.04398596482605521f,0.06080767624876844f,0.7425904859570693f,0.6694154711242724f,0.02103086269063283f,0.05225827551298956f,0.045063562686206496f,-0.01861014790960984f,-0.9988107617125522f,-0.8253605572012477f,0f,0f,0f,1f],start_interpolation:0}
execute if entity @s[tag=aj.heiloang_aj.bone.tail_4] run data modify entity @s {} merge value {transformation:[-0.38029237528424076f,1.4946995785725965f,-0.32573799717448865f,0.06261433129571209f,1.5297817076264f,0.37157121845422497f,-0.08097604779051938f,0.4282027687274786f,-4.657238401319895e-17f,-0.33565214600687365f,-1.5401921959835576f,-5.102682699065465f,0f,0f,0f,1f],start_interpolation:0}
execute if entity @s[tag=aj.heiloang_aj.bone.tail_3] run data modify entity @s {} merge value {transformation:[-0.24124990337127483f,0.9685242497859666f,-0.06131281839779747f,0.11926939385764307f,0.9704630256343364f,0.24076793808900968f,-0.015241911462026796f,0.44228679666829107f,-2.9544592195824e-17f,-0.0631789329199026f,-0.9980022156463894f,-3.7673834081036723f,0f,0f,0f,1f],start_interpolation:0}
execute if entity @s[tag=aj.heiloang_aj.bone.tail_2] run data modify entity @s {} merge value {transformation:[-0.24124990337127483f,0.9677847563063734f,0.07204963278438184f,0.08053595888518954f,0.9704630256343364f,0.24058410550004633f,0.017911003807493147f,0.43265795229450976f,-2.9544592195824e-17f,0.0742425325656143f,-0.9972402149724225f,-2.9851879087102917f,0f,0f,0f,1f],start_interpolation:0}
execute if entity @s[tag=aj.heiloang_aj.bone.tail_1] run data modify entity @s {} merge value {transformation:[-0.24124990337127483f,0.9657623686516437f,0.09540194662436192f,0.02229122820479885f,0.9704630256343364f,0.24008135494346133f,0.023716215658514905f,0.41817874466128185f,-2.9544592195824e-17f,0.09830559650843275f,-0.9951562740068121f,-2.2058273273023747f,0f,0f,0f,1f],start_interpolation:0}
execute if entity @s[tag=aj.heiloang_aj.bone.tail_ring] run data modify entity @s {} merge value {transformation:[-0.24124990337127483f,0.9704380705959713f,-0.006959544620120964f,0.051389226205836774f,0.9704630256343364f,0.2412436997340056f,-0.0017300911243010295f,0.4254122909382865f,-2.9544592195824e-17f,-0.007171365045640882f,-0.9999742854310716f,-2.349753551812851f,0f,0f,0f,1f],start_interpolation:0}
execute if entity @s[tag=aj.heiloang_aj.bone.tail_0] run data modify entity @s {} merge value {transformation:[-0.24124990337127483f,0.9704380705959713f,-0.006959544620120964f,0.03918275283297955f,0.9704630256343364f,0.2412436997340056f,-0.0017300911243010295f,0.4223778522797081f,-2.9544592195824e-17f,-0.007171365045640882f,-0.9999742854310716f,-0.9527274265367749f,0f,0f,0f,1f],start_interpolation:0}
execute if entity @s[tag=aj.heiloang_aj.bone.body_1] run data modify entity @s {} merge value {transformation:[-0.24124990337127483f,0.9704258806669371f,-0.008490833595722159f,0.11144911608541301f,0.9704630256343364f,0.2412406694081468f,-0.0021107581952137166f,0.43720054801532404f,-2.9544592195824e-17f,-0.008749260272097633f,-0.9999617244898382f,-0.601770757282658f,0f,0f,0f,1f],start_interpolation:0}