execute if entity @s[tag=aj.heiloang_aj.bone.head_lower] run data modify entity @s {} merge value {transformation:[-0.7784746358361306f,0.13378475105944407f,-0.12680253051010737f,0.1785652498507486f,-0.08862090222777463f,0.2109108307212051f,0.7665917800060382f,1.9613662004426335f,0.16162789687470216f,0.760012014292178f,-0.1904157584954751f,0.2898736404345891f,0f,0f,0f,1f],start_interpolation:0}
execute if entity @s[tag=aj.heiloang_aj.bone.horne_right] run data modify entity @s {} merge value {transformation:[-0.5948968243377923f,-0.5030722554595013f,-0.1817032585830549f,-0.18447962361263215f,-0.4899686465267055f,0.4035314211643949f,0.48692208571169965f,2.4142888757271663f,-0.21454252215725939f,0.4733716277090698f,-0.6081864913548047f,0.47289396695956676f,0f,0f,0f,1f],start_interpolation:0}
execute if entity @s[tag=aj.heiloang_aj.bone.horne_left] run data modify entity @s {} merge value {transformation:[-0.553006588229195f,0.5487874262366126f,-0.1817032585830549f,0.47737951177524607f,0.35929228096629734f,0.5232742486346936f,0.48692208571169965f,2.48963436680122f,0.452871692881263f,0.2549831788969448f,-0.6081864913548047f,0.33547792903669493f,0f,0f,0f,1f],start_interpolation:0}
execute if entity @s[tag=aj.heiloang_aj.bone.head_upper] run data modify entity @s {} merge value {transformation:[-1.1402901847068683f,0.045411974525597386f,-0.26615439059099427f,0.13135611487375748f,-0.1298096820606886f,0.9206588261979777f,0.713231298098355f,2.2011686837361317f,0.2367485026446419f,0.7235241466001311f,-0.8908563678742342f,0.197161911684955f,0f,0f,0f,1f],start_interpolation:0}
execute if entity @s[tag=aj.heiloang_aj.bone.neck_0] run data modify entity @s {} merge value {transformation:[-0.9755001363783263f,0.007590371097671562f,-0.2198678471092729f,0.03755433492933459f,-0.093656513341057f,0.8899911283015192f,0.44625581122645885f,2.333558451786473f,0.1990676805377091f,0.4559146606670903f,-0.8674755793416601f,-0.20425362616048154f,0f,0f,0f,1f],start_interpolation:0}
execute if entity @s[tag=aj.heiloang_aj.bone.neck_1] run data modify entity @s {} merge value {transformation:[-0.9806837594023952f,0.02861125115313084f,-0.19349615074165616f,-0.032591436694813666f,-0.04860057286480764f,0.9225785761584397f,0.38273588168693873f,2.4845319264208205f,0.18946595567963598f,0.384746887084117f,-0.9033673032147468f,-0.5286043595019484f,0f,0f,0f,1f],start_interpolation:0}
execute if entity @s[tag=aj.heiloang_aj.bone.neck_2] run data modify entity @s {} merge value {transformation:[-0.9953865104985955f,0.006704336486566731f,-0.09571178918871169f,-0.07203889613219415f,-0.005195028255817552f,0.9923263636713564f,0.12353703754018153f,2.501897802925058f,0.09580556559433673f,0.1234643261637054f,-0.9877134471931076f,-0.9375080858695765f,0f,0f,0f,1f],start_interpolation:0}
execute if entity @s[tag=aj.heiloang_aj.bone.neck_3] run data modify entity @s {} merge value {transformation:[-0.9972261017176541f,0.07266467993135832f,0.016122851592826153f,-0.06545498648829437f,0.06446282486953855f,0.951448520003959f,-0.30098215560414104f,2.3230990221773693f,-0.037210835288263105f,-0.29910793716106815f,-0.9534934691251957f,-1.4236976835585886f,0f,0f,0f,1f],start_interpolation:0}
execute if entity @s[tag=aj.heiloang_aj.bone.wing_right_2] run data modify entity @s {} merge value {transformation:[-0.14875658410879183f,2.1607162296301854f,0.9180157188294811f,-3.04886559788631f,1.9308303725646008f,0.6358480988370946f,-1.1837091171011165f,4.09243012096541f,-1.3354181208098597f,0.6786593965598482f,-1.813740850395859f,-4.492885591222729f,0f,0f,0f,1f],start_interpolation:0}
execute if entity @s[tag=aj.heiloang_aj.bone.wing_right_1] run data modify entity @s {} merge value {transformation:[-1.7014747965547719f,2.566789947689373f,1.3052937041255055f,-1.9547384314959693f,1.9404783213953825f,2.1422011523733775f,-1.6830736406541247f,2.8475706720381435f,-2.1276151376091157f,-0.09890581434353607f,-2.5788932197757988f,-3.060661741796811f,0f,0f,0f,1f],start_interpolation:0}
execute if entity @s[tag=aj.heiloang_aj.bone.wing_right_0] run data modify entity @s {} merge value {transformation:[-1.6899264633727975f,1.1497664183425245f,0.8663635101065323f,-0.3759488658073378f,0.6542922980525486f,1.8034334140631942f,-1.1171076536079614f,2.2300415237088713f,-1.2823611570464162f,-0.5950337001314917f,-1.711690614160866f,-1.8816251194200642f,0f,0f,0f,1f],start_interpolation:0}
execute if entity @s[tag=aj.heiloang_aj.bone.wing_left_2] run data modify entity @s {} merge value {transformation:[-2.078259358149605f,-0.6810307180118679f,-0.8663782128544323f,4.222053407806374f,-0.317446867179086f,2.140964724399739f,-0.9214518661954838f,1.4615565392356205f,1.0552921553308277f,-0.697167997200959f,-1.9834039570639732f,-3.2398271356967396f,0f,0f,0f,1f],start_interpolation:0}
execute if entity @s[tag=aj.heiloang_aj.bone.wing_left_1] run data modify entity @s {} merge value {transformation:[-3.095345890643719f,-0.2975626278312749f,-1.2318721819625564f,2.2142166677119626f,0.22637950714995653f,3.0691042551449534f,-1.3101794391203372f,1.6297046563745539f,1.246918164482973f,-1.2958681748037821f,-2.820131120624204f,-2.38054121441621f,0f,0f,0f,1f],start_interpolation:0}
execute if entity @s[tag=aj.heiloang_aj.bone.wing_left_0] run data modify entity @s {} merge value {transformation:[-2.0477982730533437f,0.2576841876784046f,-0.8176313914596619f,0.3029518210033888f,0.5931634476854737f,1.9545695097146605f,-0.86960632243773f,2.174450670719171f,0.6189340491600251f,-1.0206159371253773f,-1.8718076160962864f,-1.8198589833255077f,0f,0f,0f,1f],start_interpolation:0}
execute if entity @s[tag=aj.heiloang_aj.bone.kazari_right] run data modify entity @s {} merge value {transformation:[-2.425173454008923f,-0.253777211059535f,-0.9803066018718464f,-1.95789108406975f,0.7623637755588829f,-2.132130820870254f,-1.3340501583400057f,1.3343481028861315f,-0.666487344397692f,-1.515415942372995f,2.041122076191361f,-5.933414757335984f,0f,0f,0f,1f],start_interpolation:0}
execute if entity @s[tag=aj.heiloang_aj.bone.kazari_left] run data modify entity @s {} merge value {transformation:[-2.3751195503902967f,-0.5519748873241608f,-0.9803066018718464f,2.382997657809713f,1.0203832028897462f,-2.021385288075908f,-1.3340501583400057f,-0.2777839651512075f,-0.4738094861550471f,-1.5862520069238715f,2.041122076191361f,-4.902248186959782f,0f,0f,0f,1f],start_interpolation:0}
execute if entity @s[tag=aj.heiloang_aj.bone.ring] run data modify entity @s {} merge value {transformation:[-2.015743680320683f,0.0912872841115404f,0.8839515443681263f,0.6736910734671665f,0.7486128351176282f,1.355169783377026f,1.567169412381138f,3.197814471967959f,-0.4788345477598743f,1.7343897415994571f,-1.2710373660479828f,-3.185514178765931f,0f,0f,0f,1f],start_interpolation:0}
execute if entity @s[tag=aj.heiloang_aj.bone.body_0] run data modify entity @s {} merge value {transformation:[-1.1202017252041134f,0.13538425543261537f,0.02171575852596315f,-0.030909907752654456f,0.0917261841598225f,0.8727804557150061f,-0.7095723777029787f,1.747174107531057f,-0.10191554310741766f,-0.7025508917085914f,-0.8773185525054495f,-2.3217437400230816f,0f,0f,0f,1f],start_interpolation:0}
execute if entity @s[tag=aj.heiloang_aj.bone.leg_right_3] run data modify entity @s {} merge value {transformation:[-0.9927962255174718f,-0.05570125224711949f,0.10608027666048121f,-0.4662521946269645f,0.057718747322999926f,0.5535225828331684f,0.8308316896346467f,-0.5144795988196101f,-0.10499619424400652f,0.830969386194101f,-0.5463201244714255f,-2.5938234358602004f,0f,0f,0f,1f],start_interpolation:0}
execute if entity @s[tag=aj.heiloang_aj.bone.leg_right_2] run data modify entity @s {} merge value {transformation:[-0.9988414278409812f,0.008517450725009076f,-0.047363013647120665f,-0.4588375456048445f,0.009850237578767771f,0.9995600054417565f,-0.02797799744294538f,0.09475711033934564f,0.04710387296424924f,-0.028412119850913686f,-0.9984858419613898f,-2.56399717740502f,0f,0f,0f,1f],start_interpolation:0}
execute if entity @s[tag=aj.heiloang_aj.bone.leg_right_1] run data modify entity @s {} merge value {transformation:[-0.9980024633532092f,-0.04868366071821759f,-0.04026144955164851f,-0.4340827134037951f,-0.016507826859139554f,0.8161203184670116f,-0.5776461870710239f,0.5636290598726531f,0.0609801180165727f,-0.5758276886051741f,-0.8152937496646885f,-2.031931292099125f,0f,0f,0f,1f],start_interpolation:0}
execute if entity @s[tag=aj.heiloang_aj.bone.leg_right_0] run data modify entity @s {} merge value {transformation:[-0.9973954632103238f,0.061814977168286836f,-0.037164479885338594f,-0.35542827723360365f,0.06981561488915622f,0.6980120935179165f,-0.7126744679167233f,1.0229889363193576f,-0.01811269955342354f,-0.713412942061202f,-0.7005097459810732f,-2.599679933744194f,0f,0f,0f,1f],start_interpolation:0}
execute if entity @s[tag=aj.heiloang_aj.bone.leg_left_3] run data modify entity @s {} merge value {transformation:[-0.9983055492801756f,-0.0360857910735923f,-0.04564916164619177f,0.5155039368866692f,-0.05783680717641301f,0.5290822556187535f,0.8465972304023976f,-0.4502310662209815f,-0.006397969368910579f,0.8478029148758366f,-0.5302728387500055f,-2.7007189666228424f,0f,0f,0f,1f],start_interpolation:0}
execute if entity @s[tag=aj.heiloang_aj.bone.leg_left_2] run data modify entity @s {} merge value {transformation:[-0.9983055492801756f,-0.058088327317576544f,0.0034316913983034394f,0.48001362522129f,-0.05783680717641301f,0.997010131919105f,0.05124159039576531f,0.15371746759801075f,-0.006397969368910579f,0.0509562859723417f,-0.9986803907696693f,-2.6226129055508967f,0f,0f,0f,1f],start_interpolation:0}
execute if entity @s[tag=aj.heiloang_aj.bone.leg_left_1] run data modify entity @s {} merge value {transformation:[-0.9993699832238736f,-0.01691436439976394f,0.031201617074547914f,0.4567270635455968f,-0.030484281334379797f,0.8592948838341092f,-0.5105712596768948f,0.5785006425163796f,-0.01817540158128851f,-0.5112007500908784f,-0.8592691358846087f,-2.0546650175942576f,0f,0f,0f,1f],start_interpolation:0}
execute if entity @s[tag=aj.heiloang_aj.bone.leg_left_0] run data modify entity @s {} merge value {transformation:[-0.9969991188345487f,-0.0695228371133334f,0.034048967133328396f,0.3722459974825421f,-0.07412072133214231f,0.73040128802505f,-0.6789845926974714f,1.0636379706608243f,0.02233552579046366f,-0.6794707746261505f,-0.7333625233924915f,-2.599679933744194f,0f,0f,0f,1f],start_interpolation:0}
execute if entity @s[tag=aj.heiloang_aj.bone.tail_4] run data modify entity @s {} merge value {transformation:[-1.5748803495297907f,0.009008336760739873f,0.06726885030535135f,0.2670477525619788f,-0.06692995016790655f,0.05290976758229232f,-1.5740315441415347f,-2.9820104235847884f,-0.011253005070656038f,-1.5754281227815088f,-0.052478219421840805f,-3.757908983601238f,0f,0f,0f,1f],start_interpolation:0}
execute if entity @s[tag=aj.heiloang_aj.bone.tail_3] run data modify entity @s {} merge value {transformation:[-0.9976348898170408f,0.012714648442515618f,0.06754971750291823f,0.1764478617441295f,-0.06607128614127628f,0.09358952706188706f,-0.9934161190417489f,-1.6569312820432336f,-0.018952882825006283f,-0.9955296771765854f,-0.09252810434298343f,-3.6082785026313133f,0f,0f,0f,1f],start_interpolation:0}
execute if entity @s[tag=aj.heiloang_aj.bone.tail_2] run data modify entity @s {} merge value {transformation:[-0.9985613762192717f,0.010483529876840389f,0.0525858681053739f,0.1354646611084716f,-0.04965688126067602f,0.18925315769635914f,-0.9806719310989891f,-0.8856075048016127f,-0.020232945078201284f,-0.9818723633463154f,-0.18846031420483217f,-3.478652884687267f,0f,0f,0f,1f],start_interpolation:0}
execute if entity @s[tag=aj.heiloang_aj.bone.tail_1] run data modify entity @s {} merge value {transformation:[-0.9977629829077136f,0.00492983773456533f,0.0666687830923331f,0.08344722428260987f,-0.06422639344806017f,0.20599658392543746f,-0.9764427160851298f,-0.11905253373835656f,-0.01854724571888452f,-0.9785402925332004f,-0.20521914034826833f,-3.3348033988957577f,0f,0f,0f,1f],start_interpolation:0}
execute if entity @s[tag=aj.heiloang_aj.bone.tail_ring] run data modify entity @s {} merge value {transformation:[-0.997994803620598f,-0.02830131365426919f,0.056616319129088356f,0.09070564872086617f,-0.06321702910032048f,0.49031579632102923f,-0.8692491168300399f,-0.22876300677231276f,-0.0031589836994410396f,-0.8710852171421106f,-0.4911217418303419f,-3.432397984619504f,0f,0f,0f,1f],start_interpolation:0}
execute if entity @s[tag=aj.heiloang_aj.bone.tail_0] run data modify entity @s {} merge value {transformation:[-0.997994803620598f,-0.02830131365426919f,0.056616319129088356f,0.012257816088102929f,-0.06321702910032048f,0.49031579632102923f,-0.8692491168300399f,0.9744117862149508f,-0.0031589836994410396f,-0.8710852171421106f,-0.4911217418303419f,-2.726666764118852f,0f,0f,0f,1f],start_interpolation:0}
execute if entity @s[tag=aj.heiloang_aj.bone.body_1] run data modify entity @s {} merge value {transformation:[-0.9984433841061126f,-0.030191833981962877f,0.046896288718185346f,-0.0033183151607936432f,-0.05577462446967981f,0.5404758378912685f,-0.8395088206332305f,1.307919369139893f,-1.222740494475402e-16f,-0.8408176507522526f,-0.5413184628141398f,-2.59573625f,0f,0f,0f,1f],start_interpolation:0}