execute if entity @s[tag=aj.heiloang_aj.bone.head_lower] run data modify entity @s {} merge value {transformation:[0.7961940483024099f,-0.0756099039621247f,-0.01892564056136528f,0.029931270128680205f,-0.07786778827270861f,-0.7801301064388303f,-0.1591654000631296f,0.7884191188281255f,-0.003412476715868194f,0.16025030249761707f,-0.7837781545514557f,2.933682279665263f,0f,0f,0f,1f],start_interpolation:0}
execute if entity @s[tag=aj.heiloang_aj.bone.horne_right] run data modify entity @s {} merge value {transformation:[0.6383211014798169f,0.4819110207690919f,-0.017548204092872822f,0.3204189098023553f,0.4715055455351111f,-0.6298169162009284f,-0.1449592101137077f,0.27058047822503345f,-0.10113699587801984f,0.10532055890681837f,-0.7865614330338886f,2.7999024480335533f,0f,0f,0f,1f],start_interpolation:0}
execute if entity @s[tag=aj.heiloang_aj.bone.horne_left] run data modify entity @s {} merge value {transformation:[0.5357105535531275f,-0.593890784020864f,-0.017548204092872822f,-0.35650527006435356f,-0.5863258566571056f,-0.5246034857094655f,-0.1449592101137077f,0.3367836718144903f,0.09610511238801613f,0.10993143061273238f,-0.7865614330338886f,2.8028037357373843f,0f,0f,0f,1f],start_interpolation:0}
execute if entity @s[tag=aj.heiloang_aj.bone.head_upper] run data modify entity @s {} merge value {transformation:[1.1662451371021627f,-0.11123708103302045f,-0.02570417065013779f,0.013311842434121215f,-0.11405878956715677f,-1.1467639514896568f,-0.2123326269943062f,0.6206289318795003f,-0.004998510581485835f,0.21382437598899107f,-1.1521355230722143f,2.7339333225876334f,0f,0f,0f,1f],start_interpolation:0}
execute if entity @s[tag=aj.heiloang_aj.bone.neck_0] run data modify entity @s {} merge value {transformation:[0.9953736877994643f,-0.09392752149434393f,-0.02021985020775771f,0.010048261358548236f,-0.09597690171467647f,-0.9817564851475771f,-0.16414212807176115f,0.6151614240688714f,-0.004433505807591019f,0.1653233939181164f,-0.9862294456411493f,2.301013336879177f,0f,0f,0f,1f],start_interpolation:0}
execute if entity @s[tag=aj.heiloang_aj.bone.neck_1] run data modify entity @s {} merge value {transformation:[0.9956323078513233f,-0.09174661786887175f,-0.017287731842872238f,0.002603782031192027f,-0.09327579033963262f,-0.9854367691503151f,-0.14217595064955726f,0.551054483467542f,-0.0039918039987885436f,0.14316749671699816f,-0.9896904230033869f,1.942193469211089f,0f,0f,0f,1f],start_interpolation:0}
execute if entity @s[tag=aj.heiloang_aj.bone.neck_2] run data modify entity @s {} merge value {transformation:[0.9739692925543213f,-0.22622380219853452f,-0.01437388187209885f,0.004295671156642757f,-0.22625275599752528f,-0.9662859098444608f,-0.12288706538764221f,0.5330821713217885f,0.013910699650234516f,0.12294035852762382f,-0.9923165627360756f,1.531420944974768f,0f,0f,0f,1f],start_interpolation:0}
execute if entity @s[tag=aj.heiloang_aj.bone.neck_3] run data modify entity @s {} merge value {transformation:[0.9559426463202653f,-0.29351615605185427f,-0.004682209174281932f,0.008980488522942587f,-0.29196627836245376f,-0.9489965878282234f,-0.11900070835741786f,0.49448044336681996f,0.030485229954625513f,0.11512489924830582f,-0.9928831292391269f,1.014816032252098f,0f,0f,0f,1f],start_interpolation:0}
execute if entity @s[tag=aj.heiloang_aj.bone.wing_right_2] run data modify entity @s {} merge value {transformation:[-1.8585046033795176f,-0.24154773101073218f,-1.4216860902399366f,0.9070198117680182f,-0.44744591603811457f,2.3012510473463292f,0.19393755600513138f,-3.307270408734264f,1.3708861359569453f,0.4236440924313686f,-1.8640742719940229f,-0.2724735888146642f,0f,0f,0f,1f],start_interpolation:0}
execute if entity @s[tag=aj.heiloang_aj.bone.wing_right_1] run data modify entity @s {} merge value {transformation:[-0.7567036714089499f,-2.555069494258222f,-2.021444583976333f,1.4332020685182916f,-3.249224955234376f,0.7441211708202322f,0.2757528718241988f,-1.1841396507717914f,0.23907220009524777f,2.0261101489179114f,-2.650460511023218f,-0.3886737435311539f,0f,0f,0f,1f],start_interpolation:0}
execute if entity @s[tag=aj.heiloang_aj.bone.wing_right_0] run data modify entity @s {} merge value {transformation:[1.2443275440894912f,-1.256942291421246f,-1.3416948382761713f,0.26506542102013514f,-1.4715257019185206f,-1.6521240028483533f,0.1830256479445938f,0.18603199209925322f,-1.1021166324910536f,0.7867543169560879f,-1.759192022815457f,0.6223319639270045f,0f,0f,0f,1f],start_interpolation:0}
execute if entity @s[tag=aj.heiloang_aj.bone.wing_left_2] run data modify entity @s {} merge value {transformation:[-2.1541221357952196f,-0.0741465198121996f,0.9422505632780424f,-0.3753496826744591f,-0.4470857833821663f,2.1460885906515603f,-0.8532256850879252f,3.6161263784127695f,-0.8327353317204713f,-0.9604072370593341f,-1.9793296371826141f,-0.799240569678523f,0f,0f,0f,1f],start_interpolation:0}
execute if entity @s[tag=aj.heiloang_aj.bone.wing_left_1] run data modify entity @s {} merge value {transformation:[-1.6832149406721493f,-2.561068106090902f,1.3397523623274614f,-1.497764138323659f,-2.8580549888046454f,1.2437670202700473f,-1.2131710733270227f,1.7633637445036443f,0.43072951764062284f,-1.7553325975872862f,-2.814337990963513f,-0.47441620048637223f,0f,0f,0f,1f],start_interpolation:0}
execute if entity @s[tag=aj.heiloang_aj.bone.wing_left_0] run data modify entity @s {} merge value {transformation:[1.1944116638252742f,-1.646524304123779f,0.8892347795986415f,-0.3796824963983311f,-1.4434966516915777f,-1.4820053823835349f,-0.8052188914459434f,0.41427512307121495f,1.1908392812942237f,-0.14497504101029066f,-1.8679625380640588f,0.6182408510079435f,0f,0f,0f,1f],start_interpolation:0}
execute if entity @s[tag=aj.heiloang_aj.bone.kazari_right] run data modify entity @s {} merge value {transformation:[2.0307698337881166f,-0.17938748519285172f,1.6585126471898313f,0.8868861022685589f,-1.5646507455257908f,0.7013386466577122f,1.991698354617528f,-2.056658119128672f,-0.5785430971483668f,-2.526423246690223f,0.4351363601004423f,-2.9768708009948344f,0f,0f,0f,1f],start_interpolation:0}
execute if entity @s[tag=aj.heiloang_aj.bone.kazari_left] run data modify entity @s {} merge value {transformation:[1.8857587228186692f,0.7746741424501873f,1.6585126471898313f,-1.9700798762423704f,-1.7119089690378695f,-0.09682734375052962f,1.991698354617528f,0.4161682898379977f,0.6481912600438656f,-2.5094570383008223f,0.4351363601004423f,-3.4061846877937145f,0f,0f,0f,1f],start_interpolation:0}
execute if entity @s[tag=aj.heiloang_aj.bone.ring] run data modify entity @s {} merge value {transformation:[1.6550122554381017f,-0.12373232126529848f,-1.4486376471733773f,-0.9843252288652574f,-1.4324839858764784f,0.23668294685613067f,-1.656773098121455f,-1.124850687829713f,0.2486973066624476f,2.1866864844155933f,0.09735581295970769f,0.3776403235255349f,0f,0f,0f,1f],start_interpolation:0}
execute if entity @s[tag=aj.heiloang_aj.bone.body_0] run data modify entity @s {} merge value {transformation:[1.0638488713376182f,-0.376067392182728f,-0.021243150148509533f,-0.05024283947379625f,-0.37660640804751694f,-1.0608443735634085f,-0.08018231995945205f,0.30837492984888626f,0.006750430274958185f,0.08267349970465142f,-1.125509617939963f,-0.03457756624460395f,0f,0f,0f,1f],start_interpolation:0}
execute if entity @s[tag=aj.heiloang_aj.bone.leg_right_3] run data modify entity @s {} merge value {transformation:[0.9429046402401413f,-0.0896257914588764f,-0.3207772699537483f,0.6651549909486218f,-0.33254921742385124f,-0.30680589270418335f,-0.8917853789969721f,1.1541908826280163f,-0.01848938626331291f,0.9475428020450365f,-0.31909368669443616f,-1.5199434093768411f,0f,0f,0f,1f],start_interpolation:0}
execute if entity @s[tag=aj.heiloang_aj.bone.leg_right_2] run data modify entity @s {} merge value {transformation:[0.9328536575343198f,-0.22418540519068625f,-0.28200169808767084f,0.5421130655201336f,-0.35892507302983373f,-0.6455794455865176f,-0.6740919606305454f,0.793361524473781f,-0.030932920576152143f,0.7300466310693394f,-0.6826969099746514f,-1.0437325218687503f,0f,0f,0f,1f],start_interpolation:0}
execute if entity @s[tag=aj.heiloang_aj.bone.leg_right_1] run data modify entity @s {} merge value {transformation:[0.9309843060829212f,-0.3458013814858979f,-0.11700267684863612f,0.5987133439198906f,-0.3639227430554677f,-0.9043970884661168f,-0.22276926058366903f,0.8826585689339872f,-0.02878296222222377f,0.24997462058468062f,-0.9678244831317603f,-0.3420415219132468f,0f,0f,0f,1f],start_interpolation:0}
execute if entity @s[tag=aj.heiloang_aj.bone.leg_right_0] run data modify entity @s {} merge value {transformation:[0.9383198906816562f,-0.30575595650896903f,0.16145921407727168f,0.35236211928877914f,-0.34528453637326273f,-0.8038811938596295f,0.4843073560254041f,0.34050464850564915f,-0.018285833113802594f,-0.5101845952379412f,-0.8598705176299698f,-0.7720609833276555f,0f,0f,0f,1f],start_interpolation:0}
execute if entity @s[tag=aj.heiloang_aj.bone.leg_left_3] run data modify entity @s {} merge value {transformation:[0.9985081537478678f,-0.0356602541931375f,0.0413498871812839f,-0.3247766193883987f,0.03413749021065176f,-0.1833390423062165f,-0.9824568322976623f,1.457933791378732f,0.04261570908880598f,0.9824027391233804f,-0.18184817706465506f,-1.9311834101488117f,0f,0f,0f,1f],start_interpolation:0}
execute if entity @s[tag=aj.heiloang_aj.bone.leg_left_2] run data modify entity @s {} merge value {transformation:[0.9985231790386248f,-0.02348312064850842f,0.048989835345774106f,-0.34136990440008663f,0.02429260910266547f,-0.6135824720673444f,-0.7892568777747277f,1.1219976854447162f,0.04859351876108123f,0.7892813775937795f,-0.6121058543406381f,-1.4222771848746445f,0f,0f,0f,1f],start_interpolation:0}
execute if entity @s[tag=aj.heiloang_aj.bone.leg_left_1] run data modify entity @s {} merge value {transformation:[0.9985306043205079f,0.008618086567973901f,0.0535010356836972f,-0.37847479202940504f,0.029225785886993524f,-0.9170301917012188f,-0.39774549770891615f,1.3338145947446969f,0.04563425987795727f,0.39872466200666945f,-0.9159345818523605f,-0.746034153611895f,0f,0f,0f,1f],start_interpolation:0}
execute if entity @s[tag=aj.heiloang_aj.bone.leg_left_0] run data modify entity @s {} merge value {transformation:[0.9987718820468201f,0.015226852425335132f,0.04714732863980578f,-0.32812117584928113f,0.017740564253592037f,-0.9984174677150245f,-0.05336508729011962f,0.6014733805687262f,0.04626013416125115f,0.05413596888146533f,-0.9974614262519871f,-0.7720609833276555f,0f,0f,0f,1f],start_interpolation:0}
execute if entity @s[tag=aj.heiloang_aj.bone.tail_4] run data modify entity @s {} merge value {transformation:[1.4718188484035921f,-0.5583112410673674f,0.0830192704702586f,-0.022197133429802198f,-0.5644498570923709f,-1.4558122347864784f,0.21647507838565375f,0.3815048956973513f,1.8024582416222026e-16f,-0.2318483530920349f,-1.5591987380883123f,-5.052607196009556f,0f,0f,0f,1f],start_interpolation:0}
execute if entity @s[tag=aj.heiloang_aj.bone.tail_3] run data modify entity @s {} merge value {transformation:[0.933692542986154f,-0.35787985923895427f,0.011842361384247043f,-0.0286816534686625f,-0.35807573943517707f,-0.9331817798754769f,0.030879289764952703f,0.36459632765339967f,1.143443584155746e-16f,-0.03307222489556784f,-0.9994529643462253f,-3.716155025624634f,0f,0f,0f,1f],start_interpolation:0}
execute if entity @s[tag=aj.heiloang_aj.bone.tail_2] run data modify entity @s {} merge value {transformation:[0.933692542986154f,-0.3571448061903771f,-0.025803538193178936f,-0.015002518672501585f,-0.35807573943517707f,-0.9312651084158623f,-0.06728345023215741f,0.4002650556544211f,1.143443584155746e-16f,0.0720616767667118f,-0.9974001778331354f,-2.9338741195467612f,0f,0f,0f,1f],start_interpolation:0}
execute if entity @s[tag=aj.heiloang_aj.bone.tail_1] run data modify entity @s {} merge value {transformation:[0.933692542986154f,-0.35676044463821127f,-0.030663012141579418f,0.002934946575959607f,-0.35807573943517707f,-0.9302628748782485f,-0.07995466497464179f,0.44703749985569463f,1.143443584155746e-16f,0.08563275520968516f,-0.9963267693057325f,-2.1538128413370923f,0f,0f,0f,1f],start_interpolation:0}
execute if entity @s[tag=aj.heiloang_aj.bone.tail_ring] run data modify entity @s {} merge value {transformation:[0.933692542986154f,-0.3579674963834491f,0.008803789241808708f,-0.006902244781905806f,-0.35807573943517707f,-0.9334102961900211f,0.022956127600447178f,0.4213867472265025f,1.143443584155746e-16f,-0.024586388498968274f,-0.9996977090603829f,-2.2982394467011833f,0f,0f,0f,1f],start_interpolation:0}
execute if entity @s[tag=aj.heiloang_aj.bone.tail_0] run data modify entity @s {} merge value {transformation:[0.933692542986154f,-0.3579674963834491f,0.008803789241808708f,-0.011111534933633885f,-0.35807573943517707f,-0.9334102961900211f,0.022956127600447178f,0.41041090498672156f,1.143443584155746e-16f,-0.024586388498968274f,-0.9996977090603829f,-0.9012061567336143f,0f,0f,0f,1f],start_interpolation:0}
execute if entity @s[tag=aj.heiloang_aj.bone.body_1] run data modify entity @s {} merge value {transformation:[0.933692542986154f,-0.357850740270174f,0.012691842267271335f,-0.04369757803971905f,-0.35807573943517707f,-0.9331058513469135f,0.03309433501526814f,0.33395788837978957f,1.143443584155746e-16f,-0.03544457462348925f,-0.9993716436490281f,-0.5523425597405553f,0f,0f,0f,1f],start_interpolation:0}