execute if entity @s[tag=aj.heiloang_aj.bone.head_lower] run data modify entity @s {} merge value {transformation:[0.44777657172111435f,0.6592363015165676f,-0.07002599931770244f,-0.351681864290332f,0.6192991395977285f,-0.38580202795685214f,0.32806305936190644f,0.2729086947824788f,0.23656863171434822f,-0.23783249144542398f,-0.726271979702965f,2.88475213246849f,0f,0f,0f,1f],start_interpolation:0}
execute if entity @s[tag=aj.heiloang_aj.bone.horne_right] run data modify entity @s {} merge value {transformation:[-0.11476848881307378f,0.7880409921598738f,-0.07628622845078334f,0.1921495428893772f,0.7151217676159414f,0.136260215493338f,0.33171374881900956f,0.40943927022528437f,0.3397485120753515f,-0.020604571080000633f,-0.7239795578558792f,2.6480164731553146f,0f,0f,0f,1f],start_interpolation:0}
execute if entity @s[tag=aj.heiloang_aj.bone.horne_left] run data modify entity @s {} merge value {transformation:[0.7750395253820953f,0.18301405805088145f,-0.07628622845078334f,-0.18855009838791423f,0.1980686730468879f,-0.7005246531007202f,0.33171374881900956f,-0.11708885826070436f,0.009084869450987937f,-0.34025147311049897f,-0.7239795578558792f,2.446885822471776f,0f,0f,0f,1f],start_interpolation:0}
execute if entity @s[tag=aj.heiloang_aj.bone.head_upper] run data modify entity @s {} merge value {transformation:[0.6558919278427954f,0.9646147319043208f,-0.11174216027899618f,-0.26652064506499595f,0.907133897204263f,-0.5605220724485747f,0.48588600642636476f,0.30573385077810167f,0.34651981751938443f,-0.3584627424030436f,-1.0604671568583455f,2.639804232006642f,0f,0f,0f,1f],start_interpolation:0}
execute if entity @s[tag=aj.heiloang_aj.bone.neck_0] run data modify entity @s {} merge value {transformation:[0.5873494672346401f,0.8074712027454823f,-0.05487130466781709f,-0.34368405945277186f,0.7573574956360025f,-0.5244601334390596f,0.38903880556706205f,0.5061634781118676f,0.28535982047784275f,-0.27005892906891277f,-0.9195857478707495f,2.2638600465272356f,0f,0f,0f,1f],start_interpolation:0}
execute if entity @s[tag=aj.heiloang_aj.bone.neck_1] run data modify entity @s {} merge value {transformation:[0.6396543730948806f,0.756643839385361f,0.13539713180409388f,-0.2849035544346617f,0.7217140065998789f,-0.6518119997038125f,0.23295924476111077f,0.5829075093138916f,0.264520652611748f,-0.05129539318786064f,-0.9630148529381871f,1.912331920421029f,0f,0f,0f,1f],start_interpolation:0}
execute if entity @s[tag=aj.heiloang_aj.bone.neck_2] run data modify entity @s {} merge value {transformation:[0.630266982455463f,0.7207012712432568f,0.2887095572627247f,-0.19074585184552517f,0.7271748435799489f,-0.6782671773287335f,0.1056900327513872f,0.6489527469908105f,0.2719931574340828f,0.14332938912472232f,-0.9515652413377511f,1.5175759365734232f,0f,0f,0f,1f],start_interpolation:0}
execute if entity @s[tag=aj.heiloang_aj.bone.neck_3] run data modify entity @s {} merge value {transformation:[0.7627641887794747f,0.6055125271619956f,0.2270360582935744f,-0.0879179344144871f,0.6392609970909262f,-0.7590363179631343f,-0.123325770264298f,0.6035126741139111f,0.09765331491508347f,0.23920377811159527f,-0.9660462631899336f,1.0118543768809376f,0f,0f,0f,1f],start_interpolation:0}
execute if entity @s[tag=aj.heiloang_aj.bone.wing_right_2] run data modify entity @s {} merge value {transformation:[-0.4328969811362126f,-2.0023928149049577f,-1.156113845977618f,3.617451840950864f,-2.0282784386976607f,0.8935577632054048f,-0.7881732710835485f,-0.7185085543151281f,1.1100733242260805f,0.8517943090637309f,-1.8909679204601297f,-0.9247283110286519f,0f,0f,0f,1f],start_interpolation:0}
execute if entity @s[tag=aj.heiloang_aj.bone.wing_right_1] run data modify entity @s {} merge value {transformation:[2.454881789124943f,-1.5679841775583507f,-1.6438369119986869f,2.0352062159034405f,-2.1948381281008142f,-2.261413511886568f,-1.1206753734207655f,0.7355417328761126f,-0.5860544051175024f,1.901224163554503f,-2.688699627526074f,-0.5001214304689889f,0f,0f,0f,1f],start_interpolation:0}
execute if entity @s[tag=aj.heiloang_aj.bone.wing_right_0] run data modify entity @s {} merge value {transformation:[1.8604786348476208f,0.5259242769836497f,-1.0910650320465582f,0.29598040163088685f,0.15347469860832696f,-2.0860410886791683f,-0.7438266553635418f,0.58682835635079f,-1.2014427852222571f,0.5479381636840559f,-1.7845724985597893f,0.6030666755580611f,0f,0f,0f,1f],start_interpolation:0}
execute if entity @s[tag=aj.heiloang_aj.bone.wing_left_2] run data modify entity @s {} merge value {transformation:[-1.6503569566503684f,-1.401351993043498f,0.9198426569526765f,-2.7311822470125873f,-1.306113872719272f,1.8841201230866402f,0.5270046675232182f,2.2285898754285682f,-1.0506971368796094f,-0.14099631092340442f,-2.099936087879817f,0.015511726064512399f,0f,0f,0f,1f],start_interpolation:0}
execute if entity @s[tag=aj.heiloang_aj.bone.wing_left_1] run data modify entity @s {} merge value {transformation:[0.8598962035253759f,-2.9558784611467903f,1.3078913620752783f,-2.1880912713333975f,-3.2039235655945846f,-0.6004985326388609f,0.7493290805956088f,0.11952291835761228f,-0.42740037188838603f,-1.4454766715955873f,-2.985823987927388f,-0.21888797830504403f,0f,0f,0f,1f],start_interpolation:0}
execute if entity @s[tag=aj.heiloang_aj.bone.wing_left_0] run data modify entity @s {} merge value {transformation:[2.0143066988316387f,0.34262566380892323f,0.8680876554481581f,-0.3075733530149474f,0.1527569244230958f,-2.1581718178151035f,0.49735271873133297f,0.2655929276269976f,0.9206703237765309f,-0.3915380687597906f,-1.9817830596785992f,0.6215654766491407f,0f,0f,0f,1f],start_interpolation:0}
execute if entity @s[tag=aj.heiloang_aj.bone.kazari_right] run data modify entity @s {} merge value {transformation:[2.5107951704586884f,-0.709658102536521f,-0.3149018546497339f,1.9508755438131788f,0.462914030990316f,0.5126185531638524f,2.5357056231788317f,-0.47199215589973836f,-0.6232883766523122f,-2.4779987459667363f,0.6147389714941316f,-3.0948681583869146f,0f,0f,0f,1f],start_interpolation:0}
execute if entity @s[tag=aj.heiloang_aj.bone.kazari_left] run data modify entity @s {} merge value {transformation:[2.4162802506405128f,0.9845286998655896f,-0.3149018546497339f,-1.3334266603256317f,0.0497671731747374f,0.6889052254190704f,2.5357056231788317f,-0.81925041322131f,1.03246460830145f,-2.337302508895142f,0.6147389714941316f,-3.344873683747358f,0f,0f,0f,1f],start_interpolation:0}
execute if entity @s[tag=aj.heiloang_aj.bone.ring] run data modify entity @s {} merge value {transformation:[2.1844743507054925f,-0.15866493488643102f,0.23627004746969021f,0.10718176976992097f,0.2309704494408943f,-0.08018882409582999f,-2.1893260811855386f,-1.4444091445176093f,0.1662851417863793f,2.1957507774589633f,-0.06288132229423209f,0.28866369859144686f,0f,0f,0f,1f],start_interpolation:0}
execute if entity @s[tag=aj.heiloang_aj.bone.body_0] run data modify entity @s {} merge value {transformation:[0.9958775566774127f,0.5309213226727172f,-0.0016784443252087307f,-0.03407813961181932f,0.5300458350447934f,-0.9944305378638f,-0.06173891846521833f,0.4416769593611358f,-0.030523446652827177f,0.05369199598673641f,-1.126870828759475f,-0.041843904048050995f,0f,0f,0f,1f],start_interpolation:0}
execute if entity @s[tag=aj.heiloang_aj.bone.leg_right_3] run data modify entity @s {} merge value {transformation:[0.9042549037891727f,-0.3721304137701643f,0.20938487080130716f,0.4079568742672091f,0.42670592424720705f,0.8055211031052716f,-0.4111663977812432f,0.3920468150530434f,-0.015656410366701675f,0.46114499628567274f,0.8871866597368991f,-2.32860391982256f,0f,0f,0f,1f],start_interpolation:0}
execute if entity @s[tag=aj.heiloang_aj.bone.leg_right_2] run data modify entity @s {} merge value {transformation:[0.9116096394799748f,-0.04041077661105302f,0.4090658068586053f,0.3640809692476794f,0.41099314517348584f,0.10714744330381193f,-0.9053198661323315f,0.49992294387607816f,-0.007245676476088399f,0.9934215593227018f,0.11428519433966883f,-1.729812139410317f,0f,0f,0f,1f],start_interpolation:0}
execute if entity @s[tag=aj.heiloang_aj.bone.leg_right_1] run data modify entity @s {} merge value {transformation:[0.9123413053521984f,0.24650388826853792f,0.3269085126097801f,0.15191058728252083f,0.40940996523844736f,-0.5412628017251361f,-0.7344508559679874f,0.977538631626689f,-0.004101574295298228f,0.8039094554345959f,-0.5947375593916632f,-1.2497967262056133f,0f,0f,0f,1f],start_interpolation:0}
execute if entity @s[tag=aj.heiloang_aj.bone.leg_right_0] run data modify entity @s {} merge value {transformation:[0.9083173115888251f,0.30646967322554886f,0.2846682294550526f,0.3622039258245941f,0.41802845171724223f,-0.6414260508228264f,-0.6432921846880453f,0.4504938994800897f,-0.014555927415814036f,0.7033128469741317f,-0.7107314290631923f,-0.7833880013841843f,0f,0f,0f,1f],start_interpolation:0}
execute if entity @s[tag=aj.heiloang_aj.bone.leg_left_3] run data modify entity @s {} merge value {transformation:[0.9035339523069469f,-0.37832722234316274f,0.2012334710297844f,-0.30714831497637896f,0.42847683717816215f,0.8040249643771264f,-0.4122516909124319f,0.06193337036100799f,-0.00583069724703542f,0.4587072808365568f,0.8885683054651147f,-2.341329034443027f,0f,0f,0f,1f],start_interpolation:0}
execute if entity @s[tag=aj.heiloang_aj.bone.leg_left_2] run data modify entity @s {} merge value {transformation:[0.9035666931402069f,-0.04139227515090732f,0.42644332636999094f,-0.35244097999868174f,0.428411489446938f,0.10018440457413835f,-0.8980126284134213f,0.16522995061865153f,-0.005552184932714606f,0.994107521668535f,0.10825621739427238f,-1.7418356303903684f,0f,0f,0f,1f],start_interpolation:0}
execute if entity @s[tag=aj.heiloang_aj.bone.leg_left_1] run data modify entity @s {} merge value {transformation:[0.9027934265706631f,0.26320049438025844f,0.3401316343693838f,-0.5726885208798451f,0.4299866353432178f,-0.5364053709970135f,-0.7262098673192036f,0.6373952193185937f,-0.00869036058050638f,0.8018695515628111f,-0.5974359379125405f,-1.2600693044063656f,0f,0f,0f,1f],start_interpolation:0}
execute if entity @s[tag=aj.heiloang_aj.bone.leg_left_0] run data modify entity @s {} merge value {transformation:[0.9049658676291037f,0.29887409093420986f,0.3028383334298239f,-0.30126750909693933f,0.42546948581325744f,-0.6297428121881103f,-0.6499228470666444f,0.148885131172993f,-0.003534836361958898f,0.717006463196574f,-0.697057556207688f,-0.7833880013841845f,0f,0f,0f,1f],start_interpolation:0}
execute if entity @s[tag=aj.heiloang_aj.bone.tail_4] run data modify entity @s {} merge value {transformation:[1.4350238577080285f,0.4773826279222516f,0.4445972537639956f,0.8251554919723909f,0.6523502828208491f,-1.05013438081381f,-0.9780139336553583f,-1.4484437214128594f,1.757397374042224e-16f,1.07432675312426f,-1.1535494749724258f,-4.586853310180901f,0f,0f,0f,1f],start_interpolation:0}
execute if entity @s[tag=aj.heiloang_aj.bone.tail_3] run data modify entity @s {} merge value {transformation:[0.9103505342403386f,0.3483987151474413f,0.2233388459089506f,0.5176101189419937f,0.4138380175966558f,-0.7663987912590557f,-0.4912952146605216f,-0.7719130917058497f,1.1148578678595137e-16f,0.5396769663792129f,-0.8418721826736703f,-3.4759282438529193f,0f,0f,0f,1f],start_interpolation:0}
execute if entity @s[tag=aj.heiloang_aj.bone.tail_2] run data modify entity @s {} merge value {transformation:[0.9103505342403386f,0.3691370441424041f,0.18708219436958384f,0.3778688945470913f,0.4138380175966558f,-0.8120184493790515f,-0.4115387382248607f,-0.46451383674593894f,1.1148578678595137e-16f,0.45206623464913775f,-0.8919843717746128f,-2.7692452306463577f,0f,0f,0f,1f],start_interpolation:0}
execute if entity @s[tag=aj.heiloang_aj.bone.tail_1] run data modify entity @s {} merge value {transformation:[0.9103505342403386f,0.3946311333466545f,0.12461209171611298f,0.2871511627230757f,0.4138380175966558f,-0.868099710017798f,-0.27411856678941854f,-0.264955236231969f,1.1148578678595137e-16f,0.30111320472631203f,-0.9535884006946865f,-2.0189441777003987f,0f,0f,0f,1f],start_interpolation:0}
execute if entity @s[tag=aj.heiloang_aj.bone.tail_ring] run data modify entity @s {} merge value {transformation:[0.9103505342403386f,0.3773844642983609f,0.16983189015779437f,0.3232618582381407f,0.4138380175966558f,-0.8301609182336107f,-0.3735919498988145f,-0.3443906422510682f,1.1148578678595137e-16f,0.41038252392587027f,-0.9119134739964273f,-2.13726496928518f,0f,0f,0f,1f],start_interpolation:0}
execute if entity @s[tag=aj.heiloang_aj.bone.tail_0] run data modify entity @s {} merge value {transformation:[0.9103505342403386f,0.3773844642983609f,0.16983189015779437f,0.07749621717531585f,0.4138380175966558f,-0.8301609182336107f,-0.3735919498988145f,0.19623847621122192f,1.1148578678595137e-16f,0.41038252392587027f,-0.9119134739964273f,-0.8726861435658304f,0f,0f,0f,1f],start_interpolation:0}
execute if entity @s[tag=aj.heiloang_aj.bone.body_1] run data modify entity @s {} merge value {transformation:[0.9103505342403386f,0.3805603748477769f,0.16259060828980726f,0.04443593413088239f,0.4138380175966558f,-0.8371472069321474f,-0.35766275891875354f,0.26159513795223677f,1.1148578678595137e-16f,0.392884658674049f,-0.919587758171332f,-0.5216188455848886f,0f,0f,0f,1f],start_interpolation:0}