execute if entity @s[tag=aj.heiloang_aj.bone.head_lower] run data modify entity @s {} merge value {transformation:[-0.2642908204425884f,-0.7274294743280109f,-0.20247647297564586f,0.6072584270968726f,-0.7541777991666708f,0.2648074890168305f,0.03305814581488046f,0.255613671477844f,0.03696227095160962f,0.20180028156441f,-0.7732466856615838f,3.0162481610477867f,0f,0f,0f,1f],start_interpolation:0}
execute if entity @s[tag=aj.heiloang_aj.bone.horne_right] run data modify entity @s {} merge value {transformation:[0.2941821254555359f,-0.7122433525699224f,-0.21486340726708386f,0.024591009932606933f,-0.7345322695250471f,-0.3147230396375259f,0.03757330631844603f,0.09549176438905191f,-0.1179797528766987f,0.1834633888307791f,-0.7696895236846343f,2.9434702406211772f,0f,0f,0f,1f],start_interpolation:0}
execute if entity @s[tag=aj.heiloang_aj.bone.horne_left] run data modify entity @s {} merge value {transformation:[-0.6838933899340844f,-0.35513877206247957f,-0.21486340726708386f,0.2492910654728956f,-0.3775441289768004f,0.7043072321987397f,0.03757330631844603f,0.7366937292405554f,0.17248264225601262f,0.13352069221849064f,-0.7696895236846343f,2.9120449178581187f,0f,0f,0f,1f],start_interpolation:0}
execute if entity @s[tag=aj.heiloang_aj.bone.head_upper] run data modify entity @s {} merge value {transformation:[-0.38712658651379245f,-1.0603029372724897f,-0.3147265473796428f,0.42901139266935023f,-1.1047007857743605f,0.38700035737421284f,0.05503643976260179f,0.3083885191295562f,0.054141410433143994f,0.3148817508265014f,-1.1274219720551604f,2.832475997105904f,0f,0f,0f,1f],start_interpolation:0}
execute if entity @s[tag=aj.heiloang_aj.bone.neck_0] run data modify entity @s {} merge value {transformation:[-0.3275470434013998f,-0.9080087556881522f,-0.2612145362583314f,0.3773309561674256f,-0.9437371231593442f,0.32773781502792954f,0.04413804449274404f,0.306438169770363f,0.045532150508474624f,0.26097514095095764f,-0.9642711232198654f,2.4026090557749225f,0f,0f,0f,1f],start_interpolation:0}
execute if entity @s[tag=aj.heiloang_aj.bone.neck_1] run data modify entity @s {} merge value {transformation:[-0.3217502403719139f,-0.916270304724368f,-0.23859067773265905f,0.2789575273592287f,-0.9457095681625071f,0.3232263583107712f,0.03403136757524696f,0.3228734475612184f,0.04593686435206769f,0.23658708750367352f,-0.9705237526820395f,2.0519391715711057f,0f,0f,0f,1f],start_interpolation:0}
execute if entity @s[tag=aj.heiloang_aj.bone.neck_2] run data modify entity @s {} merge value {transformation:[-0.35599065992518053f,-0.9080123747433237f,-0.2208714045752062f,0.2188780249824065f,-0.9329037028540691f,0.35908095570148074f,0.02741438406527186f,0.32207260777802976f,0.05441811506476042f,0.21581101585762752f,-0.9749175730220976f,1.6451840299810438f,0f,0f,0f,1f],start_interpolation:0}
execute if entity @s[tag=aj.heiloang_aj.bone.neck_3] run data modify entity @s {} merge value {transformation:[-0.36102814180594367f,-0.905969032791095f,-0.221085486741476f,0.12640545818402005f,-0.9294991997597148f,0.36876273418569f,0.00672930322871839f,0.3166249716371673f,0.0754315482420808f,0.20792825084500188f,-0.9752312156767442f,1.1354666333638035f,0f,0f,0f,1f],start_interpolation:0}
execute if entity @s[tag=aj.heiloang_aj.bone.wing_right_2] run data modify entity @s {} merge value {transformation:[2.2134610367387832f,-0.3566497346342833f,0.7120163003369866f,-1.4147416146621585f,-0.6605044500902935f,-1.9971490518789516f,1.0529508736455517f,1.8637886964170285f,0.44485965941091243f,-1.1907025815397f,-1.9793694076812711f,1.2020806531953454f,0f,0f,0f,1f],start_interpolation:0}
execute if entity @s[tag=aj.heiloang_aj.bone.wing_right_1] run data modify entity @s {} merge value {transformation:[1.1446622315638229f,2.9752365655182285f,1.0123905016023318f,-2.179575347953481f,2.585254684937416f,-1.5040642819019743f,1.4971531727969054f,0.148397833727266f,1.7870157700872336f,0.2701421625921988f,-2.81439453921257f,0.07490808109230584f,0f,0f,0f,1f],start_interpolation:0}
execute if entity @s[tag=aj.heiloang_aj.bone.wing_right_0] run data modify entity @s {} merge value {transformation:[-2.094490865665756f,-0.2999749107747861f,0.6719546610809173f,-0.22604825252037083f,0.03452439090948423f,1.9848817087582804f,0.9937065304551129f,0.12425139430152482f,-0.735061956623413f,0.9479766110735368f,-1.868000070873256f,0.7436344343496568f,0f,0f,0f,1f],start_interpolation:0}
execute if entity @s[tag=aj.heiloang_aj.bone.wing_left_2] run data modify entity @s {} merge value {transformation:[1.7326054021194874f,-1.3401507915819295f,-0.8577006369880485f,0.7231117720262428f,-1.5833992703554307f,-1.3274965656947162f,-1.1243556488174153f,-0.8197984436897356f,0.1565288392126695f,1.4054624613315254f,-1.8798271193393477f,1.34518573924835f,0f,0f,0f,1f],start_interpolation:0}
execute if entity @s[tag=aj.heiloang_aj.bone.wing_left_1] run data modify entity @s {} merge value {transformation:[1.9820018587658086f,2.4024205710050452f,-1.219533847320635f,2.039318374377742f,1.8158245252946736f,-2.3095928017341567f,-1.5986810677605896f,0.393377298051701f,-1.9903941062229997f,0.285263497646572f,-2.67285892102879f,0.08270434997653586f,0f,0f,0f,1f],start_interpolation:0}
execute if entity @s[tag=aj.heiloang_aj.bone.wing_left_0] run data modify entity @s {} merge value {transformation:[-2.0662923817848307f,-0.06032698088128891f,-0.8094420599127014f,0.11091732002760837f,0.35971455146545045f,1.9165295657502852f,-1.061093711728154f,0.7194514229373798f,0.7276271259663001f,-1.1187828560461455f,-1.7740585352730753f,0.7452684127889344f,0f,0f,0f,1f],start_interpolation:0}
execute if entity @s[tag=aj.heiloang_aj.bone.kazari_right] run data modify entity @s {} merge value {transformation:[-1.857326816442667f,0.7414881763797563f,1.7051107206771707f,-2.293651467590697f,-1.7599134472037117f,0.07655208574989958f,-1.9503114174600775f,0.29574024593479353f,-0.5999266153712024f,-2.5201597669617315f,0.4424398193120613f,-2.9006805663469852f,0f,0f,0f,1f],start_interpolation:0}
execute if entity @s[tag=aj.heiloang_aj.bone.kazari_left] run data modify entity @s {} merge value {transformation:[-1.9195416556033238f,-0.5610948682635407f,1.7051107206771707f,0.2211563567517385f,-1.4329417185795341f,-1.0246138758749286f,-1.9503114174600775f,2.4143799658681555f,1.0811605117253558f,-2.3541896998179914f,0.4424398193120613f,-3.25331281066272f,0f,0f,0f,1f],start_interpolation:0}
execute if entity @s[tag=aj.heiloang_aj.bone.ring] run data modify entity @s {} merge value {transformation:[-1.6751462765370138f,0.21722236091687322f,-1.4140812154561375f,-1.1254499893429815f,-1.4112535374736968f,0.10660300181420908f,1.6881722479522656f,2.011506729482815f,0.234892935092108f,2.189606478732178f,0.05809529345751914f,0.4796723882232872f,0f,0f,0f,1f],start_interpolation:0}
execute if entity @s[tag=aj.heiloang_aj.bone.body_0] run data modify entity @s {} merge value {transformation:[-0.5560009336209059f,-0.9782239926567591f,-0.08713872813521822f,-0.05761543100779107f,-0.9820937169051749f,0.553531067418474f,0.05241817009031175f,0.4236777063353531f,-0.0026961019515588484f,0.1016540876251768f,-1.1239713312362702f,0.08950027939187227f,0f,0f,0f,1f],start_interpolation:0}
execute if entity @s[tag=aj.heiloang_aj.bone.leg_right_3] run data modify entity @s {} merge value {transformation:[-0.6172037014410405f,0.29403840601072784f,-0.7297951813475816f,0.22456274590157088f,-0.7861080894682224f,-0.26943915104814953f,0.5562702720396567f,-0.2717520782987143f,-0.03307056999962811f,0.917029966616753f,0.3974448109194241f,-1.9225714375706031f,0f,0f,0f,1f],start_interpolation:0}
execute if entity @s[tag=aj.heiloang_aj.bone.leg_right_2] run data modify entity @s {} merge value {transformation:[-0.6572258595126598f,-0.26357809898581486f,-0.7061025104918334f,0.09757081569492332f,-0.7529840626014183f,0.18898095475108645f,0.6303183324397532f,-0.18655365757519787f,-0.032698181235493326f,0.9459454447675044f,-0.32267327820490344f,-1.3320392798780696f,0f,0f,0f,1f],start_interpolation:0}
execute if entity @s[tag=aj.heiloang_aj.bone.leg_right_1] run data modify entity @s {} merge value {transformation:[-0.6630335262659368f,-0.6500177114486273f,-0.3712997681798984f,0.3107721523482677f,-0.7481147967629771f,0.5576972631406426f,0.35958032975918797f,-0.3984161484006356f,-0.026660718513325736f,0.516188664626148f,-0.8560598510617277f,-0.6892272637230499f,0f,0f,0f,1f],start_interpolation:0}
execute if entity @s[tag=aj.heiloang_aj.bone.leg_right_0] run data modify entity @s {} merge value {transformation:[-0.6343863215795936f,-0.7693425160221353f,-0.07527342182631795f,-0.2334394103618751f,-0.7722942162407167f,0.6265743051043163f,0.10472002551651818f,0.0942577182895935f,-0.03340117593513106f,0.12456618009625824f,-0.9916489440433933f,-0.6638743033182812f,0f,0f,0f,1f],start_interpolation:0}
execute if entity @s[tag=aj.heiloang_aj.bone.leg_left_3] run data modify entity @s {} merge value {transformation:[-0.5037642288771592f,0.38601962983150584f,-0.7727939227818426f,0.7006447713405213f,-0.8638291178224117f,-0.22984057175532197f,0.44829963950168483f,0.41134694508848973f,-0.004566936167178887f,0.8933992147746347f,0.4492404546944887f,-2.09019779447763f,0f,0f,0f,1f],start_interpolation:0}
execute if entity @s[tag=aj.heiloang_aj.bone.leg_left_2] run data modify entity @s {} merge value {transformation:[-0.5070587471330299f,-0.2631119556923895f,-0.8207700809164574f,0.5793460715051537f,-0.8619114746956655f,0.15499938564192836f,0.4827875311548217f,0.4828384408194534f,0.00019168678928122625f,0.952232791507597f,-0.3053730080308737f,-1.4966579542337004f,0f,0f,0f,1f],start_interpolation:0}
execute if entity @s[tag=aj.heiloang_aj.bone.leg_left_1] run data modify entity @s {} merge value {transformation:[-0.5007639597283241f,-0.720616114765599f,-0.47952880182252083f,0.8636169272484364f,-0.8655616276169605f,0.412912864277169f,0.2833831951818991f,0.3138735120356917f,-0.006206886037905467f,0.5569698211344642f,-0.8305095381217216f,-0.8688134300886755f,0f,0f,0f,1f],start_interpolation:0}
execute if entity @s[tag=aj.heiloang_aj.bone.leg_left_0] run data modify entity @s {} merge value {transformation:[-0.5162987450039532f,-0.7966983729153421f,-0.31417719284090195f,0.24178012383436848f,-0.8564080860490693f,0.48068350247414376f,0.18843715291566002f,0.6468231790224082f,0.0008922203275533759f,0.3663537539636194f,-0.9304752177783409f,-0.6638743033182812f,0f,0f,0f,1f],start_interpolation:0}
execute if entity @s[tag=aj.heiloang_aj.bone.tail_4] run data modify entity @s {} merge value {transformation:[-1.0278533985433118f,-1.1870064939412588f,-0.13923842189538865f,-0.448671161030751f,-1.1951450768800571f,1.0208540222376266f,0.11974837860403617f,0.7599950027871166f,-1.2587573745187957e-16f,0.1836491554846192f,-1.5656076620205521f,-4.905880281093851f,0f,0f,0f,1f],start_interpolation:0}
execute if entity @s[tag=aj.heiloang_aj.bone.tail_3] run data modify entity @s {} merge value {transformation:[-0.6520497101554332f,-0.7522437562784908f,-0.09465995260004036f,-0.3025416111333964f,-0.7581762166450591f,0.6469476521145644f,0.08140982703112032f,0.6343200890086997f,-7.985305904268108e-17f,0.12485217884954516f,-0.9921753541771339f,-3.5832751536678367f,0f,0f,0f,1f],start_interpolation:0}
execute if entity @s[tag=aj.heiloang_aj.bone.tail_2] run data modify entity @s {} merge value {transformation:[-0.6520497101554332f,-0.7508785643140894f,-0.10494073155751968f,-0.23409156969387693f,-0.7581762166450591f,0.6457735543188916f,0.09025154323406308f,0.5754514134938346f,-7.985305904268108e-17f,0.1384120594310964f,-0.9903747279712072f,-2.8052829533405754f,0f,0f,0f,1f],start_interpolation:0}
execute if entity @s[tag=aj.heiloang_aj.bone.tail_1] run data modify entity @s {} merge value {transformation:[-0.6520497101554332f,-0.749663562908548f,-0.11329482747891506f,-0.15821417113032155f,-0.7581762166450591f,0.6447286240019958f,0.09743626586788673f,0.5101950329130166f,-7.985305904268108e-17f,0.14943073258120176f,-0.9887721962920708f,-2.030047997253763f,0f,0f,0f,1f],start_interpolation:0}
execute if entity @s[tag=aj.heiloang_aj.bone.tail_ring] run data modify entity @s {} merge value {transformation:[-0.6520497101554332f,-0.7532816491601869f,-0.08601123487501237f,-0.1939376610148255f,-0.7581762166450591f,0.6478402648579145f,0.07397172258783526f,0.5409180900513761f,-7.985305904268108e-17f,0.11344491291960253f,-0.9935442877560435f,-2.1693092690122633f,0f,0f,0f,1f],start_interpolation:0}
execute if entity @s[tag=aj.heiloang_aj.bone.tail_0] run data modify entity @s {} merge value {transformation:[-0.6520497101554332f,-0.7532816491601869f,-0.08601123487501237f,-0.056767226553084874f,-0.7581762166450591f,0.6478402648579145f,0.07397172258783526f,0.4229482301836334f,-7.985305904268108e-17f,0.11344491291960253f,-0.9935442877560435f,-0.7839906830594054f,0f,0f,0f,1f],start_interpolation:0}
execute if entity @s[tag=aj.heiloang_aj.bone.body_1] run data modify entity @s {} merge value {transformation:[-0.6520497101554332f,-0.7551952523167746f,-0.0671662591218128f,-0.08450676801064004f,-0.7581762166450591f,0.6494860094173085f,0.05776459196570374f,0.4508268875500893f,-7.985305904268108e-17f,0.0885892456756617f,-0.996068243420408f,-0.42752747098315885f,0f,0f,0f,1f],start_interpolation:0}