execute if entity @s[tag=aj.heiloang_aj.bone.head_lower] run data modify entity @s {} merge value {transformation:[-0.7880632859461303f,-0.04682683939126785f,0.1294739528106412f,-0.3833931620860018f,-0.03183127931059537f,0.7938933741939628f,0.09338136895749374f,-2.0328230714722126f,-0.13395158454172387f,0.08683638363928498f,-0.7839109742025638f,2.4067244096579614f,0f,0f,0f,1f],start_interpolation:0}
execute if entity @s[tag=aj.heiloang_aj.bone.horne_right] run data modify entity @s {} merge value {transformation:[-0.5522566471297408f,-0.5637988408075283f,0.1309330470320784f,-0.7067610882281777f,-0.5615880969393244f,0.5657496110460732f,0.06742541788735869f,-1.5750970241394158f,-0.1401121160966643f,-0.045367881869272104f,-0.7863271267211954f,2.1693280748255708f,0f,0f,0f,1f],start_interpolation:0}
execute if entity @s[tag=aj.heiloang_aj.bone.horne_left] run data modify entity @s {} merge value {transformation:[-0.609785754270656f,0.5010168371257226f,0.1309330470320784f,-0.03674968251677779f,0.5146511352645745f,0.6087594122423076f,0.06742541788735869f,-1.5480340704695474f,-0.05740681892817244f,0.13562487575270765f,-0.7863271267211954f,2.2832137120029445f,0f,0f,0f,1f],start_interpolation:0}
execute if entity @s[tag=aj.heiloang_aj.bone.head_upper] run data modify entity @s {} merge value {transformation:[-1.1543353996717431f,-0.0623656152519851f,0.19178745396641264f,-0.353731548249798f,-0.046625662152177345f,1.1667193393130852f,0.09876306648595583f,-1.884934551950166f,-0.19620893224710362f,0.0896583833619568f,-1.151792317043039f,2.1932330221854004f,0f,0f,0f,1f],start_interpolation:0}
execute if entity @s[tag=aj.heiloang_aj.bone.neck_0] run data modify entity @s {} merge value {transformation:[-0.9850791074326628f,-0.07508650349450396f,0.15485854542981536f,-0.2817238032586285f,-0.039789099138244216f,0.9747909270946494f,0.21954379072003183f,-1.8551912411422427f,-0.16743948067715483f,0.21010631938836088f,-0.9632338007273423f,1.7673334110651546f,0f,0f,0f,1f],start_interpolation:0}
execute if entity @s[tag=aj.heiloang_aj.bone.neck_1] run data modify entity @s {} merge value {transformation:[-0.9850791074326628f,-0.10046373967470675f,0.13973614103101994f,-0.23206330869187597f,-0.039789099138244216f,0.9228847702105891f,0.38301504996946967f,-1.70411222487285f,-0.16743948067715483f,0.3717401483885229f,-0.9131118673999612f,1.439269722642433f,0f,0f,0f,1f],start_interpolation:0}
execute if entity @s[tag=aj.heiloang_aj.bone.neck_2] run data modify entity @s {} merge value {transformation:[-0.9897744130028902f,-0.04271990651539309f,0.1360941620794227f,-0.17485999824618914f,0.037348177492974304f,0.8431990404023901f,0.5363026122465208f,-1.51259647602238f,-0.137665264328869f,0.5359014721493165f,-0.832981324607856f,1.079951712550461f,0f,0f,0f,1f],start_interpolation:0}
execute if entity @s[tag=aj.heiloang_aj.bone.neck_3] run data modify entity @s {} merge value {transformation:[-0.9865545409270191f,-0.0940793384284536f,0.13363837718688046f,-0.10342388927276043f,-0.006021850053732344f,0.8380682852443554f,0.5455321132522962f,-1.2505784785268654f,-0.16332138591809953f,0.5373924332817221f,-0.8273666040839098f,0.6387758654245791f,0f,0f,0f,1f],start_interpolation:0}
execute if entity @s[tag=aj.heiloang_aj.bone.wing_right_2] run data modify entity @s {} merge value {transformation:[0.7965625551185268f,2.1792678342846803f,0.3871121395102579f,-3.2020653073006384f,1.621461900796816f,-0.8545930487081994f,1.4744856837843512f,1.3583302371891426f,1.5066271623624816f,-0.23246168259046412f,-1.7915390495548211f,1.5597297525882494f,0f,0f,0f,1f],start_interpolation:0}
execute if entity @s[tag=aj.heiloang_aj.bone.wing_right_1] run data modify entity @s {} merge value {transformation:[-1.2279995646090642f,3.0620699983308968f,0.5504209003496934f,-2.406446096485285f,2.5271605144219165f,0.6366230840070765f,2.096518436874827f,-0.3281442077633273f,1.8145786223161278f,1.1856041274941382f,-2.5473252735373553f,0.4104480305613735f,0f,0f,0f,1f],start_interpolation:0}
execute if entity @s[tag=aj.heiloang_aj.bone.wing_right_0] run data modify entity @s {} merge value {transformation:[-2.142968662707114f,0.4501315217883111f,0.3653312520820273f,-0.41028644323596125f,0.5795608821034384f,1.629776392270401f,1.3915236595665768f,-0.8560544064180451f,0.013946131749219689f,1.4386140984609503f,-1.6907379989574431f,0.3839233332960465f,0f,0f,0f,1f],start_interpolation:0}
execute if entity @s[tag=aj.heiloang_aj.bone.wing_left_2] run data modify entity @s {} merge value {transformation:[-0.37122357369294057f,-2.31781400647363f,0.15332089241295763f,3.2501150165079475f,-1.8555030164367514f,0.38929359284552645f,1.3925282980552118f,1.2055187937040484f,-1.3974539780077786f,0.09881668019664139f,-1.8896914164450653f,2.2128304257206883f,0f,0f,0f,1f],start_interpolation:0}
execute if entity @s[tag=aj.heiloang_aj.bone.wing_left_1] run data modify entity @s {} merge value {transformation:[-1.6340290087762341f,-2.910265163390903f,0.21800149112121134f,2.1769700553621716f,-2.2845295324954877f,1.4310130622194825f,1.9799861625307293f,-0.3203278262708643f,-1.8160651933600018f,0.8183990881046568f,-2.6868846121401946f,1.064698707075212f,0f,0f,0f,1f],start_interpolation:0}
execute if entity @s[tag=aj.heiloang_aj.bone.wing_left_0] run data modify entity @s {} merge value {transformation:[-2.0574039133978452f,-0.8213115739512404f,0.1446942833320146f,0.2644847997355397f,-0.5828697045263003f,1.6916264700899233f,1.3141776109934789f,-0.8519356566914189f,-0.5964495323836316f,1.179935245759207f,-1.783367817118641f,0.49562985331898424f,0f,0f,0f,1f],start_interpolation:0}
execute if entity @s[tag=aj.heiloang_aj.bone.kazari_right] run data modify entity @s {} merge value {transformation:[-2.4621830782505136f,0.9010176094101393f,-0.1808091404379621f,-1.5912531414215774f,0.13653284875742155f,-0.15268172860168103f,-2.620098711788859f,1.9277789122659763f,-0.9087813042439089f,-2.4640872033757844f,0.09623400528243578f,-2.6558763742526033f,0f,0f,0f,1f],start_interpolation:0}
execute if entity @s[tag=aj.heiloang_aj.bone.kazari_left] run data modify entity @s {} merge value {transformation:[-2.611313680060407f,0.23498746268622545f,-0.1808091404379621f,2.7680187114363033f,0.1713145670056911f,-0.11226864286285336f,-2.620098711788859f,1.6382125005696175f,-0.24199663637595734f,-2.61515713347521f,0.09623400528243578f,-2.3492943682237306f,0f,0f,0f,1f],start_interpolation:0}
execute if entity @s[tag=aj.heiloang_aj.bone.ring] run data modify entity @s {} merge value {transformation:[-2.1926995769046487f,-0.17769284691650833f,0.11584516986439537f,-0.06413328677985397f,0.14565096416185885f,-0.3866065574347032f,2.1638501454978893f,1.8666790945239464f,-0.1542097528203878f,2.161454812779398f,0.396558608823312f,1.0518633470904732f,0f,0f,0f,1f],start_interpolation:0}
execute if entity @s[tag=aj.heiloang_aj.bone.body_0] run data modify entity @s {} merge value {transformation:[-1.1133880480305571f,-0.12312975534925646f,0.13732623124520638f,0.012815848438251412f,-0.0067960316421611195f,0.8670793890191474f,0.7223430784812536f,-0.48104193524305355f,-0.18431832354461775f,0.71180388620988f,-0.8561625775049314f,-0.09175231420596586f,0f,0f,0f,1f],start_interpolation:0}
execute if entity @s[tag=aj.heiloang_aj.bone.leg_right_3] run data modify entity @s {} merge value {transformation:[-0.9155525011419627f,0.24302155894960464f,0.32047486568902717f,-0.664346902453512f,0.4021981059817003f,0.5542937120299014f,0.7286941500717881f,-1.0272985642186974f,-0.0005488145671518138f,0.7960521356606091f,-0.6052278051384903f,-1.4284306790792782f,0f,0f,0f,1f],start_interpolation:0}
execute if entity @s[tag=aj.heiloang_aj.bone.leg_right_2] run data modify entity @s {} merge value {transformation:[-0.9155525011419627f,0.298433443030452f,0.26963141088101383f,-0.49556488131177745f,0.4021981059817003f,0.6802590414407766f,0.6127677537883407f,-0.6424844949662889f,-0.0005488145671518138f,0.6694662923695753f,-0.7428422323639827f,-0.986226301053569f,0f,0f,0f,1f],start_interpolation:0}
execute if entity @s[tag=aj.heiloang_aj.bone.leg_right_1] run data modify entity @s {} merge value {transformation:[-0.9155525011419627f,0.3842427585264383f,0.11883231956285872f,-0.550570317935042f,0.4021981059817003f,0.8750809843635923f,0.2692024412036026f,-0.7667469598510998f,-0.0005488145671518138f,0.29426310221507457f,-0.9557242936523753f,-0.28974869563796923f,0f,0f,0f,1f],start_interpolation:0}
execute if entity @s[tag=aj.heiloang_aj.bone.leg_right_0] run data modify entity @s {} merge value {transformation:[-0.9155525011419627f,0.2875192019907151f,-0.2812406907602783f,-0.32643879308218016f,0.4021981059817003f,0.6535452742975206f,-0.6411827025022675f,-0.34704972054258315f,-0.0005488145671518138f,-0.7001509001136832f,-0.7139946889666409f,-0.8493519688522562f,0f,0f,0f,1f],start_interpolation:0}
execute if entity @s[tag=aj.heiloang_aj.bone.leg_left_3] run data modify entity @s {} merge value {transformation:[-0.9917543736206236f,-0.09363329485099475f,-0.08749896284934512f,0.5419857263439916f,-0.12193438601115125f,0.4793378003147779f,0.8691186792938428f,-1.4669013431429965f,-0.03943688517679796f,0.8726213836966961f,-0.48680247822172734f,-1.9924159237872263f,0f,0f,0f,1f],start_interpolation:0}
execute if entity @s[tag=aj.heiloang_aj.bone.leg_left_2] run data modify entity @s {} merge value {transformation:[-0.9896636683299499f,-0.12497037955801324f,-0.07034364094097682f,0.4692993312794815f,-0.13563739104062367f,0.6564230181197958f,0.7420992652160431f,-1.1026855082169247f,-0.04656524175176041f,0.7439699090122021f,-0.6665886683292597f,-1.5084970627557297f,0f,0f,0f,1f],start_interpolation:0}
execute if entity @s[tag=aj.heiloang_aj.bone.leg_left_1] run data modify entity @s {} merge value {transformation:[-0.9896636683299499f,-0.14165834082739898f,-0.02233244415050515f,0.4744231001380823f,-0.13563739104062367f,0.874054375732203f,0.4665098567180351f,-1.3662508281533952f,-0.04656524175176041f,0.46471697057178485f,-0.8842340275759483f,-0.8496686463965974f,0f,0f,0f,1f],start_interpolation:0}
execute if entity @s[tag=aj.heiloang_aj.bone.leg_left_0] run data modify entity @s {} merge value {transformation:[-0.9896636683299499f,-0.1395402140898035f,0.03308099514039391f,0.33899106012738855f,-0.13563739104062367f,0.9856965184109187f,0.10002435575541738f,-0.6443127430227671f,-0.04656524175176041f,0.09450345096537571f,-0.9944349028550008f,-0.8493519688522562f,0f,0f,0f,1f],start_interpolation:0}
execute if entity @s[tag=aj.heiloang_aj.bone.tail_4] run data modify entity @s {} merge value {transformation:[-1.4392597250246595f,0.6067795571568358f,-0.2126132089644714f,-0.5461589678943517f,0.6429508594049903f,1.3582894645981611f,-0.47593937265128544f,-1.7323194297549902f,-1.762584815393149e-16f,-0.5212702399579983f,-1.4876598067507922f,-4.647805818464222f,0f,0f,0f,1f],start_interpolation:0}
execute if entity @s[tag=aj.heiloang_aj.bone.tail_3] run data modify entity @s {} merge value {transformation:[-0.9130376840420326f,0.3477791054960179f,-0.21310063655360395f,-0.27046535990848564f,0.4078752107191138f,0.7785112227841834f,-0.47703049009462073f,-1.1151731881464138f,-1.1181486772629875e-16f,-0.5224652809321066f,-0.8526605597894947f,-3.4947421153739957f,0f,0f,0f,1f],start_interpolation:0}
execute if entity @s[tag=aj.heiloang_aj.bone.tail_2] run data modify entity @s {} merge value {transformation:[-0.9130376840420326f,0.30329735637229954f,-0.2727139547891452f,-0.05138909060766311f,0.4078752107191138f,0.6789378431457054f,-0.6104762219984462f,-0.6247661119273584f,-1.1181486772629875e-16f,-0.6686210576718563f,-0.7436033090551493f,-2.9247164311074787f,0f,0f,0f,1f],start_interpolation:0}
execute if entity @s[tag=aj.heiloang_aj.bone.tail_1] run data modify entity @s {} merge value {transformation:[-0.9130376840420326f,0.3753800303316617f,-0.15953689337379712f,0.07962639770838098f,0.4078752107191138f,0.840296503740395f,-0.35712686580892633f,-0.3314850424188328f,-1.1181486772629875e-16f,-0.3911414304696821f,-0.9203305826550211f,-2.21209720034855f,0f,0f,0f,1f],start_interpolation:0}
execute if entity @s[tag=aj.heiloang_aj.bone.tail_ring] run data modify entity @s {} merge value {transformation:[-0.9130376840420326f,0.4066320927381296f,0.03182025572761281f,0.09681090146462995f,0.4078752107191138f,0.9102549369357602f,0.07123034651687213f,-0.29301715052769683f,-1.1181486772629875e-16f,0.07801468412731256f,-0.9969522100183718f,-2.352947084641557f,0f,0f,0f,1f],start_interpolation:0}
execute if entity @s[tag=aj.heiloang_aj.bone.tail_0] run data modify entity @s {} merge value {transformation:[-0.9130376840420326f,0.4066320927381296f,0.03182025572761281f,0.043172825813193656f,0.4078752107191138f,0.9102549369357602f,0.07123034651687213f,-0.4130871696958502f,-1.1181486772629875e-16f,0.07801468412731256f,-0.9969522100183718f,-0.9620673817731054f,0f,0f,0f,1f],start_interpolation:0}
execute if entity @s[tag=aj.heiloang_aj.bone.body_1] run data modify entity @s {} merge value {transformation:[-0.9130376840420326f,0.40162449327682304f,0.07113335307221684f,0.04931587293664573f,0.4078752107191138f,0.8990453147410196f,0.1592335847836741f,-0.40681206777424705f,-1.1181486772629875e-16f,0.17439979484608403f,-0.9846749268452223f,-0.6035487500000001f,0f,0f,0f,1f],start_interpolation:0}