execute if entity @s[tag=aj.heiloang_aj.bone.head_lower] run data modify entity @s {} merge value {transformation:[0.7970279549680542f,-0.06814689418703666f,0.010121255460768712f,0.10261687261598768f,-0.06337318512268456f,-0.7712990704623376f,-0.20268592282479833f,1.1079774962076172f,0.027023663830932732f,0.20113116296734068f,-0.7738320081752615f,2.9887291735334878f,0f,0f,0f,1f],start_interpolation:0}
execute if entity @s[tag=aj.heiloang_aj.bone.horne_right] run data modify entity @s {} merge value {transformation:[0.6337863235778504f,0.4880942004439048f,0.00888524274839364f,0.40502804093766276f,0.47179272359146424f,-0.6086755895262068f,-0.21662329671822717f,0.585433678828204f,-0.1254054305515548f,0.17685609463049365f,-0.7700619454175289f,2.9117070075738107f,0f,0f,0f,1f],start_interpolation:0}
execute if entity @s[tag=aj.heiloang_aj.bone.horne_left] run data modify entity @s {} merge value {transformation:[0.541474972426283f,-0.5888343627008009f,0.00888524274839364f,-0.27260512637617684f,-0.56523994989632f,-0.5230469829376065f,-0.21662329671822717f,0.6393135608195104f,0.16525330035179914f,0.14034224931434233f,-0.7700619454175289f,2.8887314885847517f,0f,0f,0f,1f],start_interpolation:0}
execute if entity @s[tag=aj.heiloang_aj.bone.head_upper] run data modify entity @s {} merge value {transformation:[1.1674666227383317f,-0.10007202432688335f,0.013014881446778296f,0.0947362081361803f,-0.09282745723808028f,-1.1242166606211614f,-0.3173043894504412f,0.922338317343965f,0.039583587187954496f,0.3150945926684946f,-1.127967486098961f,2.8048667563163314f,0f,0f,0f,1f],start_interpolation:0}
execute if entity @s[tag=aj.heiloang_aj.bone.neck_0] run data modify entity @s {} merge value {transformation:[0.9963679588671166f,-0.08440501077216478f,0.011255429779740386f,0.10431327847190265f,-0.07826095750713324f,-0.9597897459862238f,-0.269590181627163f,0.8702854772843008f,0.033557608273573375f,0.26773015828675484f,-0.9629093671113116f,2.3751470334801392f,0f,0f,0f,1f],start_interpolation:0}
execute if entity @s[tag=aj.heiloang_aj.bone.neck_1] run data modify entity @s {} merge value {transformation:[0.9965173981188574f,-0.0824517151266061f,0.012441459685405132f,0.107817085714995f,-0.07629912974597962f,-0.9618177887378812f,-0.2628402253601587f,0.7625077320288358f,0.03363804462849663f,0.2609755849501134f,-0.9647591544077296f,2.026882050311412f,0f,0f,0f,1f],start_interpolation:0}
execute if entity @s[tag=aj.heiloang_aj.bone.neck_2] run data modify entity @s {} merge value {transformation:[0.9960839311182882f,-0.08746916020650652f,0.012882087591148204f,0.11602786617014874f,-0.08120671797076898f,-0.9627514793881896f,-0.25790513351282585f,0.6890864681152904f,0.03496099432730001f,0.25584904719115337f,-0.9660843617029651f,1.622404814549236f,0f,0f,0f,1f],start_interpolation:0}
execute if entity @s[tag=aj.heiloang_aj.bone.neck_3] run data modify entity @s {} merge value {transformation:[0.9960485376282338f,-0.08669654423640645f,0.019261877014508683f,0.12809535271452185f,-0.07889111700624468f,-0.9633418961367011f,-0.2564148646339609f,0.5797203038595361f,0.04078605578091912f,0.2538820599514867f,-0.9663748740983622f,1.1161577457690335f,0f,0f,0f,1f],start_interpolation:0}
execute if entity @s[tag=aj.heiloang_aj.bone.wing_right_2] run data modify entity @s {} merge value {transformation:[0.6528382180491096f,1.8505682400756174f,-1.2972183533233346f,-0.9717651470564758f,2.257849245889798f,-0.475862317018472f,0.4574361642870913f,-0.9019792824735898f,0.09744254825454218f,-1.372052568375662f,-1.9082852789151883f,1.3047225415841335f,0f,0f,0f,1f],start_interpolation:0}
execute if entity @s[tag=aj.heiloang_aj.bone.wing_right_1] run data modify entity @s {} merge value {transformation:[-2.467567764500997f,1.3024072178064308f,-1.844468362293392f,0.6718581022693405f,1.1380021581543471f,3.0771957918863007f,0.6504121149957871f,-1.6569453223473423f,1.9501997816971475f,-0.14771685856041392f,-2.713322559900581f,0.06917272405582264f,0f,0f,0f,1f],start_interpolation:0}
execute if entity @s[tag=aj.heiloang_aj.bone.wing_right_0] run data modify entity @s {} merge value {transformation:[0.3038067142681577f,-1.8268447354259238f,-1.224230285939771f,0.379466052161115f,-2.0827786589859123f,-0.6356645893527542f,0.43169849144494393f,0.283762038838987f,-0.7057864677354138f,1.0894809968464714f,-1.8009154948170072f,0.7112069333779165f,0f,0f,0f,1f],start_interpolation:0}
execute if entity @s[tag=aj.heiloang_aj.bone.wing_left_2] run data modify entity @s {} merge value {transformation:[1.4793731737451856f,1.3514603294172072f,1.232309213280352f,1.0125692576457586f,1.7931064175074467f,-1.3839537083775062f,-0.6348366048699202f,1.1519441646529198f,0.36027821835036916f,1.338582503023512f,-1.9005190065617863f,1.315760250871017f,0f,0f,0f,1f],start_interpolation:0}
execute if entity @s[tag=aj.heiloang_aj.bone.wing_left_1] run data modify entity @s {} merge value {transformation:[-1.9587114419664842f,2.0689480898788544f,1.752176378506518f,-0.29649243648463947f,1.9221240818588092f,2.5841590777766417f,-0.9026514540967648f,2.4241265851021856f,-1.9120949960574667f,0.47832461261283216f,-2.7022799751174515f,0.10499031866194952f,0f,0f,0f,1f],start_interpolation:0}
execute if entity @s[tag=aj.heiloang_aj.bone.wing_left_0] run data modify entity @s {} merge value {transformation:[0.008033302478557358f,-1.8909861598540103f,1.1629732625008506f,-0.2796980032925605f,-2.1040500743800488f,-0.37740101056605574f,-0.5991174857446843f,0.462292086141316f,0.7080316027922763f,-1.1000635529206046f,-1.7935861922369645f,0.7491715387932507f,0f,0f,0f,1f],start_interpolation:0}
execute if entity @s[tag=aj.heiloang_aj.bone.kazari_right] run data modify entity @s {} merge value {transformation:[2.1300145756257782f,-0.37309619067389255f,1.493555264689801f,0.5418273814870695f,-1.37354921625969f,0.6908067662379558f,2.131435842522243f,-1.78336915483751f,-0.6951767017747215f,-2.508078035624239f,0.3648891737022782f,-2.9326284774524334f,0f,0f,0f,1f],start_interpolation:0}
execute if entity @s[tag=aj.heiloang_aj.bone.kazari_left] run data modify entity @s {} merge value {transformation:[1.8931194008637358f,1.045113292397989f,1.493555264689801f,-2.113819359010002f,-1.5031156045582315f,-0.32325673558534335f,2.131435842522243f,0.1142057303840327f,1.031315956418364f,-2.389584373381278f,0.3648891737022782f,-3.1469509606657233f,0f,0f,0f,1f],start_interpolation:0}
execute if entity @s[tag=aj.heiloang_aj.bone.ring] run data modify entity @s {} merge value {transformation:[1.7885324297648544f,-0.04478302377123048f,-1.2853297297757345f,-1.2445733970924342f,-1.2779840663185498f,0.18520552140850066f,-1.7847638294350712f,-1.0611859303000053f,0.14434250828969605f,2.1946798585228184f,0.12438587009354474f,0.5421666894232403f,0f,0f,0f,1f],start_interpolation:0}
execute if entity @s[tag=aj.heiloang_aj.bone.body_0] run data modify entity @s {} merge value {transformation:[1.0876358301838158f,-0.2865375780710824f,-0.09271943265138367f,0.011026650632429691f,-0.2945786782575415f,-1.0844450424786771f,-0.10418602640053981f,0.3685869282501116f,-0.06264247084906469f,0.12460955875956108f,-1.1199110476503682f,0.07640431057238822f,0f,0f,0f,1f],start_interpolation:0}
execute if entity @s[tag=aj.heiloang_aj.bone.leg_right_3] run data modify entity @s {} merge value {transformation:[0.8830614706577605f,0.36282421984865854f,-0.29759204379647936f,0.3863202139443364f,-0.46790680659205963f,0.6327284346295929f,-0.6170234585135366f,0.3145586738748651f,-0.03557610693392729f,0.6841149855853161f,0.7285060240746322f,-2.139806333215407f,0f,0f,0f,1f],start_interpolation:0}
execute if entity @s[tag=aj.heiloang_aj.bone.leg_right_2] run data modify entity @s {} merge value {transformation:[0.8614955495111559f,-0.0040830000952528644f,-0.5077487048557525f,0.4077913116066123f,-0.5072814770573231f,-0.050555188643018945f,-0.8602962721852337f,0.3243984254480223f,-0.022156741795953065f,0.9987129227217855f,-0.04562430033980275f,-1.5302522980761535f,0f,0f,0f,1f],start_interpolation:0}
execute if entity @s[tag=aj.heiloang_aj.bone.leg_right_1] run data modify entity @s {} merge value {transformation:[0.8588978284031761f,-0.3523847913730211f,-0.3716442911889015f,0.6435798009925218f,-0.5119207222570644f,-0.6122743646070937f,-0.6025423442122433f,0.7036046593796113f,-0.015221513988895978f,0.7077747249329919f,-0.706274199060049f,-0.978750499798628f,0f,0f,0f,1f],start_interpolation:0}
execute if entity @s[tag=aj.heiloang_aj.bone.leg_right_0] run data modify entity @s {} merge value {transformation:[0.8730025267269935f,-0.4100622723365442f,-0.26403696925710085f,0.2947009544023137f,-0.48655691817833485f,-0.7695569672712133f,-0.41357519207168886f,0.13109340002651698f,-0.033599906266037656f,0.4895212017170686f,-0.8713438123774051f,-0.678665603770815f,0f,0f,0f,1f],start_interpolation:0}
execute if entity @s[tag=aj.heiloang_aj.bone.leg_left_3] run data modify entity @s {} merge value {transformation:[0.9084238762677204f,0.3243932388367985f,-0.2636950656036284f,-0.32446504985651325f,-0.4175269348071214f,0.6724711609970421f,-0.6111086616452598f,0.661689995102563f,-0.020912191116663877f,0.6652454916978111f,0.7463317734348698f,-2.212505062695703f,0f,0f,0f,1f],start_interpolation:0}
execute if entity @s[tag=aj.heiloang_aj.bone.leg_left_2] run data modify entity @s {} merge value {transformation:[0.9079789096083523f,-0.003350195282276397f,-0.41900247719792627f,-0.3067350969123874f,-0.4186195582504423f,-0.050734016753773925f,-0.9067434725401847f,0.6736122490076939f,-0.018219910994093327f,0.9987065814019644f,-0.04746787448126277f,-1.602867909029023f,0f,0f,0f,1f],start_interpolation:0}
execute if entity @s[tag=aj.heiloang_aj.bone.leg_left_1] run data modify entity @s {} merge value {transformation:[0.9100140049923364f,-0.2719457806002846f,-0.31292172045339073f,-0.10634418407512672f,-0.4138093154434582f,-0.6417534865982923f,-0.6456890218140247f,1.0810509477363965f,-0.02522620007105053f,0.7170759756487712f,-0.6965383578650483f,-1.0575377320597639f,0f,0f,0f,1f],start_interpolation:0}
execute if entity @s[tag=aj.heiloang_aj.bone.leg_left_0] run data modify entity @s {} merge value {transformation:[0.9042906571098787f,-0.33539796576329406f,-0.26413370104102296f,-0.33653178115660864f,-0.42665882120504234f,-0.7315329690129849f,-0.5318098960483635f,0.49538370683602073f,-0.014854553231517699f,0.5936056938817986f,-0.8046189299534285f,-0.678665603770815f,0f,0f,0f,1f],start_interpolation:0}
execute if entity @s[tag=aj.heiloang_aj.bone.tail_4] run data modify entity @s {} merge value {transformation:[1.3652947024019f,-0.7155817304238644f,-0.3297992212916367f,-0.7280529830705147f,-0.7879243233210801f,-1.2399413455918484f,-0.5714674828007014f,-0.9120709708417707f,1.672003787189325e-16f,0.6598049789620716f,-1.4316115930742301f,-4.719943351698414f,0f,0f,0f,1f],start_interpolation:0}
execute if entity @s[tag=aj.heiloang_aj.bone.tail_3] run data modify entity @s {} merge value {transformation:[0.866115747867904f,-0.46851769193883763f,-0.17416854950169988f,-0.4830797552407994f,-0.49984348679883944f,-0.8118352281466455f,-0.3017947167278827f,-0.4875877555293389f,1.0606858783175447e-16f,0.3484461718549782f,-0.9373287925373952f,-3.476466584740257f,0f,0f,0f,1f],start_interpolation:0}
execute if entity @s[tag=aj.heiloang_aj.bone.tail_2] run data modify entity @s {} merge value {transformation:[0.866115747867904f,-0.4737774911609049f,-0.15930599538153073f,-0.3669990756205706f,-0.49984348679883944f,-0.8209492709563886f,-0.276041270865342f,-0.28644618362214935f,1.0606858783175447e-16f,0.3187117559574064f,-0.9478516849246758f,-2.728475851662894f,0f,0f,0f,1f],start_interpolation:0}
execute if entity @s[tag=aj.heiloang_aj.bone.tail_1] run data modify entity @s {} merge value {transformation:[0.866115747867904f,-0.4764892208662402f,-0.15100176718669556f,-0.257040672543476f,-0.49984348679883944f,-0.8256480854128772f,-0.26165192099204865f,-0.09591313271574428f,1.0606858783175447e-16f,0.30209809905448637f,-0.9532768425529207f,-1.9784016432919915f,0f,0f,0f,1f],start_interpolation:0}
execute if entity @s[tag=aj.heiloang_aj.bone.tail_ring] run data modify entity @s {} merge value {transformation:[0.866115747867904f,-0.4764892208662402f,-0.15100176718669556f,-0.2935190721866245f,-0.49984348679883944f,-0.8256480854128772f,-0.26165192099204865f,-0.15912195152078948f,1.0606858783175447e-16f,0.30209809905448637f,-0.9532768425529207f,-2.1060251026009906f,0f,0f,0f,1f],start_interpolation:0}
execute if entity @s[tag=aj.heiloang_aj.bone.tail_0] run data modify entity @s {} merge value {transformation:[0.866115747867904f,-0.4764892208662402f,-0.15100176718669556f,-0.07181783404653069f,-0.49984348679883944f,-0.8256480854128772f,-0.26165192099204865f,0.225036167463014f,1.0606858783175447e-16f,0.30209809905448637f,-0.9532768425529207f,-0.7812189654095756f,0f,0f,0f,1f],start_interpolation:0}
execute if entity @s[tag=aj.heiloang_aj.bone.body_1] run data modify entity @s {} merge value {transformation:[0.866115747867904f,-0.4802543200339662f,-0.1385615364519837f,-0.059664818693562466f,-0.49984348679883944f,-0.8321721509805539f,-0.24009581386849924f,0.25219525493702877f,1.0606858783175447e-16f,0.27720984690503225f,-0.9608093987773478f,-0.4238292461310879f,0f,0f,0f,1f],start_interpolation:0}