execute if entity @s[tag=aj.red_knight.bone.head] run data modify entity @s {} merge value {transformation:[-0.5873828715695089f,-0.27683459090525114f,0.7604892974033757f,0f,-0.1293176321017623f,0.959708388818975f,0.2494729613767397f,1.5625f,-0.7989107035297192f,0.04819146925348114f,-0.5995158630735635f,0f,0f,0f,0f,1f],start_interpolation:0}
execute if entity @s[tag=aj.red_knight.bone.left_hand] run data modify entity @s {} merge value {transformation:[-0.019854772467301926f,0.40689623071766107f,0.913258586293078f,0.021605879512187922f,-0.47554106287401404f,0.7996564298406179f,-0.3666200918324171f,1.2548228179146539f,-0.879469434108386f,-0.4415711173099038f,0.17761886956840614f,0.5469097658185964f,0f,0f,0f,1f],start_interpolation:0}
execute if entity @s[tag=aj.red_knight.bone.left_arm] run data modify entity @s {} merge value {transformation:[-0.019854772467301926f,-0.017186533843671616f,0.9996551460702395f,0.014994164406834171f,-0.47554106287401404f,0.8796751952479103f,0.005678766257204166f,1.5f,-0.879469434108386f,-0.4752643200577877f,-0.02563865341791647f,0.3434228261687636f,0f,0f,0f,1f],start_interpolation:0}
execute if entity @s[tag=aj.red_knight.bone.weapon] run data modify entity @s {} merge value {transformation:[-0.7702413370425608f,-1.4742564092521102f,0.10523355105545742f,0.48676726404872495f,1.343512574780812f,-0.7478332969666345f,-0.643037401036381f,1.7162283007136414f,0.6160194979824074f,-0.21234683304647395f,1.5340164856931664f,-0.7199030069785115f,0f,0f,0f,1f],start_interpolation:0}
execute if entity @s[tag=aj.red_knight.bone.right_hand] run data modify entity @s {} merge value {transformation:[0.21755203002267107f,-0.787520412841286f,-0.5766131403213991f,0.24470296648248466f,-0.8947621326030097f,-0.39694172817199913f,0.20454337069565742f,1.5681216567660616f,-0.38996389614005167f,0.4714327775983733f,-0.7909989228267974f,-0.5151183126770085f,0f,0f,0f,1f],start_interpolation:0}
execute if entity @s[tag=aj.red_knight.bone.right_arm] run data modify entity @s {} merge value {transformation:[0.21755203002267107f,-0.787520412841286f,-0.5766131403213991f,-0.014994164406834171f,-0.8947621326030097f,-0.39694172817199913f,0.20454337069565742f,1.5f,-0.38996389614005167f,0.4714327775983733f,-0.7909989228267974f,-0.3434228261687636f,0f,0f,0f,1f],start_interpolation:0}
execute if entity @s[tag=aj.red_knight.bone.left_foot] run data modify entity @s {} merge value {transformation:[-0.9509066090979689f,-0.02064460953481803f,0.30878863462076667f,-0.039908397439934795f,-0.0072634217455097225f,0.998986473535967f,0.044421485755425816f,0.6552666929231992f,-0.30939273339616324f,0.03999782230731491f,-0.950092790590647f,0.5207355555080235f,0f,0f,0f,1f],start_interpolation:0}
execute if entity @s[tag=aj.red_knight.bone.left_leg] run data modify entity @s {} merge value {transformation:[-0.9509066090979689f,0.22327571843373722f,0.21430019676076123f,0.10158494189413536f,-0.0072634217455097225f,0.6761649597514023f,-0.7367144561557968f,0.8455962206548915f,-0.30939273339616324f,-0.7021031980857821f,-0.6413479833595547f,0.08139299676538972f,0f,0f,0f,1f],start_interpolation:0}
execute if entity @s[tag=aj.red_knight.bone.right_foot] run data modify entity @s {} merge value {transformation:[-0.9455243403295266f,-0.0018801747251244172f,0.32554598260064027f,-0.1844568250907693f,-0.033381291268623776f,0.9952724613926314f,-0.09120535612941122f,0.39473817496183805f,-0.3238354693940314f,-0.09710402945530333f,-0.9411171001665473f,0.19299415407241602f,0f,0f,0f,1f],start_interpolation:0}
execute if entity @s[tag=aj.red_knight.bone.right_leg] run data modify entity @s {} merge value {transformation:[-0.9455243403295266f,-0.0018801747251244172f,0.32554598260064027f,-0.12938494123368632f,-0.033381291268623776f,0.9952724613926314f,-0.09120535612941122f,0.8455962206548915f,-0.3238354693940314f,-0.09710402945530333f,-0.9411171001665473f,-0.014277861325882737f,0f,0f,0f,1f],start_interpolation:0}