execute if entity @s[tag=aj.red_knight.bone.head] run data modify entity @s {} merge value {transformation:[-0.5503235851183347f,-0.2694144006501892f,0.7902909795668948f,0f,-0.1178007994084995f,0.9620968021354174f,0.24595266816914604f,1.5625f,-0.8265996148808813f,0.042256644957958236f,-0.5612017931508021f,0f,0f,0f,0f,1f],start_interpolation:0}
execute if entity @s[tag=aj.red_knight.bone.left_hand] run data modify entity @s {} merge value {transformation:[-0.01852954457231778f,0.4056806330342053f,0.9138270514484175f,0.021942411956948106f,-0.5350238613019449f,0.7680910471538582f,-0.35183179378738183f,1.2694335418613054f,-0.8446337216897628f,-0.4954385605330452f,0.20281644144754224f,0.5633167329450994f,0f,0f,0f,1f],start_interpolation:0}
execute if entity @s[tag=aj.red_knight.bone.left_arm] run data modify entity @s {} merge value {transformation:[-0.01852954457231778f,-0.01852848324590103f,0.9996566166872245f,0.014994164406834171f,-0.5350238613019449f,0.844817438304212f,0.005741408770180164f,1.5f,-0.8446337216897628f,-0.5347337573463222f,-0.025567263028819575f,0.3434228261687636f,0f,0f,0f,1f],start_interpolation:0}
execute if entity @s[tag=aj.red_knight.bone.weapon] run data modify entity @s {} merge value {transformation:[-0.7710314988854534f,-1.4775561354372775f,0.01077367791831189f,0.5104081601568629f,1.3592667998687369f,-0.7140320255560838f,-0.6483284746427986f,1.7056368095909749f,0.5793806799323149f,-0.2911424237202697f,1.5353605096553813f,-0.6925967592481406f,0f,0f,0f,1f],start_interpolation:0}
execute if entity @s[tag=aj.red_knight.bone.right_hand] run data modify entity @s {} merge value {transformation:[0.21749610511720077f,-0.8196907675770383f,-0.5299080012679689f,0.2547527070308154f,-0.8986457055932113f,-0.38006319333712746f,0.21906132677692203f,1.5626043913182766f,-0.38096107422901804f,0.4285545643431551f,-0.8192738524467391f,-0.5011561946653131f,0f,0f,0f,1f],start_interpolation:0}
execute if entity @s[tag=aj.red_knight.bone.right_arm] run data modify entity @s {} merge value {transformation:[0.21749610511720077f,-0.8196907675770383f,-0.5299080012679689f,-0.014994164406834171f,-0.8986457055932113f,-0.38006319333712746f,0.21906132677692203f,1.5f,-0.38096107422901804f,0.4285545643431551f,-0.8192738524467391f,-0.3434228261687636f,0f,0f,0f,1f],start_interpolation:0}
execute if entity @s[tag=aj.red_knight.bone.left_foot] run data modify entity @s {} merge value {transformation:[-0.9509066090979689f,0.006768542599523253f,0.3094039553801485f,-0.04484777294270814f,-0.007263421745509736f,0.9989973074187756f,-0.04417717141899585f,0.6968674578395183f,-0.30939273339616324f,-0.04425569569123189f,-0.9499039793160864f,0.5349398998106207f,0f,0f,0f,1f],start_interpolation:0}
execute if entity @s[tag=aj.red_knight.bone.left_leg] run data modify entity @s {} merge value {transformation:[-0.9509066090979689f,0.24136791601660407f,0.19369602445998746f,0.10158494189413536f,-0.007263421745509736f,0.6083014146407674f,-0.7936728744581034f,0.8455962206548915f,-0.30939273339616324f,-0.7561156777000745f,-0.5766846785356864f,0.08139299676538972f,0f,0f,0f,1f],start_interpolation:0}
execute if entity @s[tag=aj.red_knight.bone.right_foot] run data modify entity @s {} merge value {transformation:[-0.9434255271545828f,0.019916737283729224f,0.33098579771505104f,-0.1956090958177088f,-0.03339192833207373f,0.9874134239835863f,-0.15459530801184146f,0.4093172467271206f,-0.3298988539467263f,-0.15690141399293167f,-0.9308859717772395f,0.219265702882517f,0f,0f,0f,1f],start_interpolation:0}
execute if entity @s[tag=aj.red_knight.bone.right_leg] run data modify entity @s {} merge value {transformation:[-0.9434255271545828f,0.019916737283729224f,0.33098579771505104f,-0.12938494123368632f,-0.03339192833207373f,0.9874134239835863f,-0.15459530801184146f,0.8455962206548915f,-0.3298988539467263f,-0.15690141399293167f,-0.9308859717772395f,-0.014277861325882737f,0f,0f,0f,1f],start_interpolation:0}