execute if entity @s[tag=aj.red_knight.bone.head] run data modify entity @s {} merge value {transformation:[-0.9483737951851053f,-0.05768232544835568f,0.31186518551622555f,0f,0.08961514104913886f,0.8945138718983867f,0.4379658199861029f,1.5625f,-0.30423062157012193f,0.44330314944992955f,-0.8431643058068994f,0f,0f,0f,0f,1f],start_interpolation:0}
execute if entity @s[tag=aj.red_knight.bone.body] run data modify entity @s {} merge value {transformation:[-0.984807753012208f,0f,0.17364817766693075f,0.37480454539100716f,0f,1f,0f,0.5625f,-0.17364817766693075f,0f,-0.984807753012208f,0.5738014597874778f,0f,0f,0f,1f],start_interpolation:0}
execute if entity @s[tag=aj.red_knight.bone.left_hand] run data modify entity @s {} merge value {transformation:[-0.9540974778180207f,-0.1300245301138226f,0.26979922978016646f,0.47061635922926415f,-0.23519330386525464f,0.8830124058992254f,-0.40616893141279004f,1.210969760465583f,-0.18542414254416129f,-0.450979725261282f,-0.8730608081714705f,0.08370400612470244f,0f,0f,0f,1f],start_interpolation:0}
execute if entity @s[tag=aj.red_knight.bone.left_arm] run data modify entity @s {} merge value {transformation:[-0.9540974778180207f,-0.23186432565661233f,0.1895704019859004f,0.3385276650979465f,-0.23519330386525464f,0.9719354272831857f,0.005063102684836967f,1.5f,-0.18542414254416129f,-0.039754995656591754f,-0.9818540765725358f,0.059691561073007444f,0f,0f,0f,1f],start_interpolation:0}
execute if entity @s[tag=aj.red_knight.bone.weapon] run data modify entity @s {} merge value {transformation:[1.1828904508870228f,1.170877497665637f,-0.0871426671517985f,-0.8003327725984768f,1.0914725006602357f,-1.0510084601338436f,0.6941518384383589f,1.4900754263947438f,0.43270745230532354f,-0.5497316435908697f,-1.5127250769826264f,0.47000672508761954f,0f,0f,0f,1f],start_interpolation:0}
execute if entity @s[tag=aj.red_knight.bone.right_hand] run data modify entity @s {} merge value {transformation:[-0.503806367407733f,0.6990932367910235f,0.5073931320312429f,-0.5884821995581246f,-0.7957279131890267f,-0.14701788796233295f,-0.5875396401868823f,1.4962100954139148f,-0.3361491221634544f,-0.6997530899482649f,0.6303565505145433f,0.13797195940060947f,0f,0f,0f,1f],start_interpolation:0}
execute if entity @s[tag=aj.red_knight.bone.right_arm] run data modify entity @s {} merge value {transformation:[-0.503806367407733f,0.6990932367910235f,0.5073931320312429f,-0.3385276650979465f,-0.7957279131890267f,-0.14701788796233295f,-0.5875396401868823f,1.5f,-0.3361491221634544f,-0.6997530899482649f,0.6303565505145433f,-0.059691561073007444f,0f,0f,0f,1f],start_interpolation:0}
execute if entity @s[tag=aj.red_knight.bone.waist] run data modify entity @s {} merge value {transformation:[-0.9636851896990772f,0.19417214784988646f,0.18332493598530253f,-0.22184480726448555f,0.12265449964846552f,0.9316534201490776f,-0.3420201433256687f,0.8347211196015413f,-0.2372060894467889f,-0.30711411840533837f,-0.9216366905703537f,-0.005986347703113508f,0f,0f,0f,1f],start_interpolation:0}
execute if entity @s[tag=aj.red_knight.bone.left_foot] run data modify entity @s {} merge value {transformation:[-0.9915917403251447f,-0.026896544248008053f,0.1265796050968144f,0.06719738771692141f,-0.03352162626341208f,0.9981611704304199f,-0.05050325155502805f,0.6930992588370873f,-0.1249884838359385f,-0.05432176131615479f,-0.9906699880161425f,0.5014301495618548f,0f,0f,0f,1f],start_interpolation:0}
execute if entity @s[tag=aj.red_knight.bone.left_leg] run data modify entity @s {} merge value {transformation:[-0.9915917403251447f,0.07967683771060402f,0.10196775005553771f,0.12207161243456259f,-0.03352162626341208f,0.6029178976097189f,-0.7970986822938129f,0.838715687322394f,-0.1249884838359385f,-0.7938145943948844f,-0.595177510188413f,0.027033423875619286f,0f,0f,0f,1f],start_interpolation:0}
execute if entity @s[tag=aj.red_knight.bone.right_foot] run data modify entity @s {} merge value {transformation:[-0.9829613836324099f,-0.027252472838279494f,0.1817806948266432f,-0.1415936679466308f,-0.041427303013468746f,0.996349521985817f,-0.07464186897220743f,0.3845059201211404f,-0.17908293289001212f,-0.08090075872841218f,-0.9805021011628067f,0.18470687266288777f,0f,0f,0f,1f],start_interpolation:0}
execute if entity @s[tag=aj.red_knight.bone.right_leg] run data modify entity @s {} merge value {transformation:[-0.9829613836324099f,-0.027252472838279494f,0.1817806948266432f,-0.12312470766624503f,-0.041427303013468746f,0.996349521985817f,-0.07464186897220743f,0.838715687322394f,-0.17908293289001212f,-0.08090075872841218f,-0.9805021011628067f,-0.021739156628412817f,0f,0f,0f,1f],start_interpolation:0}