execute if entity @s[tag=aj.red_knight.bone.head] run data modify entity @s {} merge value {transformation:[-0.5735774989629334f,-0.27414451379620636f,0.7719155641900658f,0f,-0.12511136947533785f,0.9605982039561768f,0.248189918780302f,1.5625f,-0.8095406091799419f,0.04578073952667205f,-0.5852761108886637f,0f,0f,0f,0f,1f],start_interpolation:0}
execute if entity @s[tag=aj.red_knight.bone.left_hand] run data modify entity @s {} merge value {transformation:[-0.019370106291874925f,0.40642156091246756f,0.9134803302795933f,0.021739309750864546f,-0.4985000136403104f,0.7880602486934924f,-0.36119078176188424f,1.2602590757306684f,-0.8666732575676094f,-0.46236626093890554f,0.18733634287698697f,0.5532829992478272f,0f,0f,0f,1f],start_interpolation:0}
execute if entity @s[tag=aj.red_knight.bone.left_arm] run data modify entity @s {} merge value {transformation:[-0.019370106291874925f,-0.017710443842522218f,0.9996555102439751f,0.014994164406834171f,-0.4985000136403104f,0.8668709603899231f,0.005698634333136221f,1.5f,-0.8666732575676094f,-0.49821790233948166f,-0.025620039141165778f,0.3434228261687636f,0f,0f,0f,1f],start_interpolation:0}
execute if entity @s[tag=aj.red_knight.bone.weapon] run data modify entity @s {} merge value {transformation:[-0.7707173367993133f,-1.4761696084164864f,0.06852628490053164f,0.4961606826742426f,1.3496525404270774f,-0.7346226945401979f,-0.6454032030932387f,1.7121620332848206f,0.6018393345848096f,-0.24296205800864104f,1.5351015052733472f,-0.7094344784365351f,0f,0f,0f,1f],start_interpolation:0}
execute if entity @s[tag=aj.red_knight.bone.right_hand] run data modify entity @s {} merge value {transformation:[0.21753026904485925f,-0.80035237310554f,-0.558674020260117f,0.24871159400395074f,-0.8962699443047468f,-0.3904433656695512f,0.21036673962534874f,1.5659966802526881f,-0.38649808406412206f,0.4549615995542521f,-0.8022650272483521f,-0.5097544562834749f,0f,0f,0f,1f],start_interpolation:0}
execute if entity @s[tag=aj.red_knight.bone.right_arm] run data modify entity @s {} merge value {transformation:[0.21753026904485925f,-0.80035237310554f,-0.558674020260117f,-0.014994164406834171f,-0.8962699443047468f,-0.3904433656695512f,0.21036673962534874f,1.5f,-0.38649808406412206f,0.4549615995542521f,-0.8022650272483521f,-0.3434228261687636f,0f,0f,0f,1f],start_interpolation:0}
execute if entity @s[tag=aj.red_knight.bone.left_foot] run data modify entity @s {} merge value {transformation:[-0.9509066090979689f,-0.009686755560602472f,0.30932634472432446f,-0.04201980698244151f,-0.0072634217455097225f,0.9999332547075299f,0.008984922623630043f,0.6717457578256205f,-0.30939273339616324f,0.006297054606313912f,-0.9509134995492154f,0.526838022328751f,0f,0f,0f,1f],start_interpolation:0}
execute if entity @s[tag=aj.red_knight.bone.left_leg] run data modify entity @s {} merge value {transformation:[-0.9509066090979689f,0.23073120103395672f,0.20625162700747435f,0.10158494189413536f,-0.0072634217455097225f,0.6496275566872205f,-0.7602179163221154f,0.8455962206548915f,-0.30939273339616324f,-0.7243943335380393f,-0.6160592390830858f,0.08139299676538972f,0f,0f,0f,1f],start_interpolation:0}
execute if entity @s[tag=aj.red_knight.bone.right_foot] run data modify entity @s {} merge value {transformation:[-0.9446894900917682f,0.006749306980573799f,0.3278966516532871f,-0.188905915883739f,-0.03338583311579456f,0.9926155272521393f,-0.11661818556778264f,0.4003514428999138f,-0.3262623996989531f,-0.12111507715078013f,-0.9374881250604944f,0.20362560258331794f,0f,0f,0f,1f],start_interpolation:0}
execute if entity @s[tag=aj.red_knight.bone.right_leg] run data modify entity @s {} merge value {transformation:[-0.9446894900917682f,0.006749306980573799f,0.3278966516532871f,-0.12938494123368632f,-0.03338583311579456f,0.9926155272521393f,-0.11661818556778264f,0.8455962206548915f,-0.3262623996989531f,-0.12111507715078013f,-0.9374881250604944f,-0.014277861325882737f,0f,0f,0f,1f],start_interpolation:0}