execute if entity @s[tag=aj.red_knight.bone.head] run data modify entity @s {} merge value {transformation:[-0.7904953849140948f,0.427933099025485f,-0.43816698778885826f,0f,0.1853921200317905f,0.8490357700033072f,0.4947403592643411f,1.5625f,0.5837352210203144f,0.3098572639350827f,-0.750494282274708f,0f,0f,0f,0f,1f],start_interpolation:0}
execute if entity @s[tag=aj.red_knight.bone.left_hand] run data modify entity @s {} merge value {transformation:[-0.3885005092442153f,-0.30366755834523257f,-0.869973199774355f,0.12693799649984386f,0.2189653346069994f,0.886667578882002f,-0.4072772849054727f,1.181403244884902f,0.8950539294128762f,-0.34872140537709106f,-0.27797813740363886f,-0.31147124489900363f,0f,0f,0f,1f],start_interpolation:0}
execute if entity @s[tag=aj.red_knight.bone.left_arm] run data modify entity @s {} merge value {transformation:[-0.3885005092442153f,0.09245028865094167f,-0.9167989411235937f,0.13154742987549967f,0.2189653346069994f,0.975716549446914f,0.005603336135972028f,1.5f,0.8950539294128762f,-0.1985702879681788f,-0.39930978472710177f,-0.31758358930075475f,0f,0f,0f,1f],start_interpolation:0}
execute if entity @s[tag=aj.red_knight.bone.weapon] run data modify entity @s {} merge value {transformation:[0.44984276575400295f,-1.5472830448995611f,0.4258338206893734f,0.1392376097211504f,1.3165265260295218f,0.6087015369323684f,0.8209860674667918f,0.906829254994642f,-0.9177021140529229f,0.11478412642997723f,1.3865154928670218f,-0.04333930530476787f,0f,0f,0f,1f],start_interpolation:0}
execute if entity @s[tag=aj.red_knight.bone.right_hand] run data modify entity @s {} merge value {transformation:[-0.5009031521019416f,-0.5601064529334413f,-0.6598308825726922f,0.012179389659829398f,-0.668512414275521f,0.7345874292968682f,-0.11607092951524439f,1.2286594024525086f,0.5497155484192287f,0.3829648418606301f,-0.7423952759310968f,0.23226429799550963f,0f,0f,0f,1f],start_interpolation:0}
execute if entity @s[tag=aj.red_knight.bone.right_arm] run data modify entity @s {} merge value {transformation:[-0.5009031521019416f,-0.5601064529334413f,-0.6598308825726922f,-0.13154742987549967f,-0.668512414275521f,0.7345874292968682f,-0.11607092951524439f,1.5f,0.5497155484192287f,0.3829648418606301f,-0.7423952759310968f,0.31758358930075475f,0f,0f,0f,1f],start_interpolation:0}
execute if entity @s[tag=aj.red_knight.bone.left_foot] run data modify entity @s {} merge value {transformation:[-0.9969226266401853f,-0.03697738459981241f,-0.0691227134955739f,0.163730378100923f,-0.05573662792743314f,0.9543921628287868f,0.2933070538501749f,0.5441182582489986f,0.05512444829757955f,0.2962571054998479f,-0.9535161365392508f,0.36622749027136214f,0f,0f,0f,1f],start_interpolation:0}
execute if entity @s[tag=aj.red_knight.bone.left_leg] run data modify entity @s {} merge value {transformation:[-0.9969226266401853f,-0.07671967522596286f,-0.016104903789107873f,0.125f,-0.05573662792743314f,0.8381576957778076f,-0.5425726728427401f,0.84375f,0.05512444829757955f,-0.5400053411232698f,-0.8398544676062802f,-0.031249999999999986f,0f,0f,0f,1f],start_interpolation:0}