execute if entity @s[tag=aj.red_knight.bone.head] run data modify entity @s {} merge value {transformation:[-0.38008685290053323f,-0.620513229259227f,0.685928069528033f,-0.39185461614321154f,-0.5035985632360959f,0.7608596608867568f,0.4092445033739967f,0.9806690137459191f,-0.7758366267189944f,-0.1898839349433622f,-0.6016823247293512f,-0.49536856062292856f,0f,0f,0f,1f],start_interpolation:0}
execute if entity @s[tag=aj.red_knight.bone.body] run data modify entity @s {} merge value {transformation:[0.40577215435550007f,-0.6269673858291386f,0.6650269587439835f,-0.2876064070402054f,0.11547570596306621f,0.7569584219934705f,0.6431790642624233f,-0.15200817754895046f,-0.9066500538146058f,-0.1841896969966857f,0.37955215114426816f,-0.0759627264727804f,0f,0f,0f,1f],start_interpolation:0}
execute if entity @s[tag=aj.red_knight.bone.left_hand] run data modify entity @s {} merge value {transformation:[0.67919308807492f,0.7255712650111706f,-0.11064849073233274f,-0.6527700256981193f,-0.7322040082894189f,0.6802455630542841f,-0.03381218995966545f,0.8488529980598402f,0.05073499143748983f,0.10398227413866967f,0.9932842731609054f,0.09938613902880122f,0f,0f,0f,1f],start_interpolation:0}
execute if entity @s[tag=aj.red_knight.bone.left_arm] run data modify entity @s {} merge value {transformation:[0.67919308807492f,0.3781348003354982f,0.6290554998459885f,-0.49215333258859356f,-0.7322040082894189f,0.28983709089526893f,0.6163373678321606f,0.893664338446523f,0.05073499143748983f,-0.8792090385776299f,0.4737271652831799f,-0.17219574856186498f,0f,0f,0f,1f],start_interpolation:0}
execute if entity @s[tag=aj.red_knight.bone.weapon] run data modify entity @s {} merge value {transformation:[1.1677381742226773f,-1.170448552723296f,-0.210274866945163f,0.12842391183715665f,-1.1648796792037728f,-1.0665646494897152f,-0.5322339327915608f,1.4294646326061027f,0.23920841795174755f,0.5198728802934424f,-1.5653399946638422f,-0.9918135615503922f,0f,0f,0f,1f],start_interpolation:0}
execute if entity @s[tag=aj.red_knight.bone.right_hand] run data modify entity @s {} merge value {transformation:[-0.7536123644588251f,-0.6527028218404722f,0.0777652267807632f,-0.07554571998799092f,0.5394765358104384f,-0.5465710665377288f,0.6404882017131761f,1.2586611743130625f,-0.3755442336726096f,0.5246323432512467f,0.7640205710384754f,-0.8278659542843776f,0f,0f,0f,1f],start_interpolation:0}
execute if entity @s[tag=aj.red_knight.bone.right_arm] run data modify entity @s {} merge value {transformation:[-0.7536123644588251f,-0.5911680936315934f,-0.2873824789488156f,-0.21318497646918727f,0.5394765358104384f,-0.8060480144920928f,0.24341665030010468f,0.9730538862961311f,-0.3755442336726096f,0.028405693185385494f,0.9263690653027603f,-0.7955176605594065f,0f,0f,0f,1f],start_interpolation:0}
execute if entity @s[tag=aj.red_knight.bone.waist] run data modify entity @s {} merge value {transformation:[0.16426832298043237f,0f,0.9864156923250949f,0.035933695651969626f,0f,1f,0f,0.39819499999999997f,-0.9864156923250949f,0f,0.16426832298043237f,-0.5960284326961145f,0f,0f,0f,1f],start_interpolation:0}
execute if entity @s[tag=aj.red_knight.bone.left_foot] run data modify entity @s {} merge value {transformation:[-0.4185158498130105f,-0.0901924230336113f,0.9037199844435331f,-0.38015101711569527f,-0.5083596653903213f,0.8478369113513475f,-0.15080789884634055f,0.3041546163653331f,-0.7526054305275337f,-0.5225302848424513f,-0.40068337545115607f,0.0393817943753475f,0f,0f,0f,1f],start_interpolation:0}
execute if entity @s[tag=aj.red_knight.bone.left_leg] run data modify entity @s {} merge value {transformation:[-0.4185158498130105f,0.5752508553551112f,0.7028022032325357f,0.010291950012605215f,-0.5083596653903213f,0.49287394142605323f,-0.7061485172875379f,0.41381999999999997f,-0.7526054305275337f,-0.6528106396776635f,0.08615877589720777f,-0.25181465336622466f,0f,0f,0f,1f],start_interpolation:0}
execute if entity @s[tag=aj.red_knight.bone.right_foot] run data modify entity @s {} merge value {transformation:[0.13488880350110188f,-0.8964777236229928f,0.4220576995361864f,-0.07122684226676537f,0.5707135676844318f,0.41849229189069154f,0.7065056442017881f,0.02802713443406135f,-0.8099944656298267f,0.1455743544578265f,0.5680819245260654f,-0.7906584552085052f,0f,0f,0f,1f],start_interpolation:0}
execute if entity @s[tag=aj.red_knight.bone.right_leg] run data modify entity @s {} merge value {transformation:[0.13488880350110188f,-0.09994610192255761f,0.9858071755675786f,0.05135903075771331f,0.5707135676844318f,0.821133000351332f,0.0051593986981919365f,0.41381999999999997f,-0.8099944656298267f,0.5619175850999015f,0.16780224433703575f,-0.4984185764474984f,0f,0f,0f,1f],start_interpolation:0}