execute if entity @s[tag=aj.red_knight.bone.head] run data modify entity @s {} merge value {transformation:[0.5583492137004029f,0.6265304874784132f,-0.5437882895210265f,0.39158155467400824f,-0.38255618215178533f,0.7760730254624624f,0.5013595781941242f,1.2350456409140391f,0.7361364839875767f,-0.07190415432784132f,0.6730028748324973f,-0.23244009645490082f,0f,0f,0f,1f],start_interpolation:0}
execute if entity @s[tag=aj.red_knight.bone.body] run data modify entity @s {} merge value {transformation:[-0.25687098715389617f,0.6265304874784132f,-0.7358511019347901f,0.25338489339137893f,0.2927108611035992f,0.7760730254624624f,0.5585973603066251f,0.042465719155951986f,0.921052467425484f,-0.07190415432784132f,-0.3827429226515176f,-0.4009078249069963f,0f,0f,0f,1f],start_interpolation:0}
execute if entity @s[tag=aj.red_knight.bone.left_hand] run data modify entity @s {} merge value {transformation:[-0.6716650824225924f,-0.24319002414600613f,-0.6998032789363859f,0.3728105252914359f,-0.673869832818516f,0.5930388186160631f,0.4406862920849811f,1.1043688319957337f,0.3078399997911212f,0.7675699132784772f,-0.5622018878999548f,-0.855379568640067f,0f,0f,0f,1f],start_interpolation:0}
execute if entity @s[tag=aj.red_knight.bone.left_arm] run data modify entity @s {} merge value {transformation:[-0.6716650824225924f,0.3516522988823533f,-0.65207873584791f,0.4407228010407592f,-0.673869832818516f,0.07574320279582869f,0.7349574243773411f,1.0859217183182728f,0.3078399997911212f,0.9330614277318434f,0.18609381130928687f,-0.5445578724869209f,0f,0f,0f,1f],start_interpolation:0}
execute if entity @s[tag=aj.red_knight.bone.weapon] run data modify entity @s {} merge value {transformation:[-0.199986320493981f,1.6526007501246187f,0.0818169302809929f,-0.20088657184883868f,-1.1064226149680247f,-0.07228686666950748f,-1.2443397380828918f,1.1384736038295677f,-1.2302894970210763f,-0.20362501656827695f,1.105758736761764f,0.3826395100633232f,0f,0f,0f,1f],start_interpolation:0}
execute if entity @s[tag=aj.red_knight.bone.right_hand] run data modify entity @s {} merge value {transformation:[0.11999179229638852f,0.5285234059622514f,-0.8403957276971139f,-0.035723007485635117f,0.663853568980815f,0.58670483811681f,0.4637627323122912f,1.3218188657410708f,0.7381736982126459f,-0.6135474246383803f,-0.28046238426333814f,0.1909059398638294f,0f,0f,0f,1f],start_interpolation:0}
execute if entity @s[tag=aj.red_knight.bone.right_arm] run data modify entity @s {} merge value {transformation:[0.11999179229638852f,0.983508774005168f,-0.13532354280150916f,0.2641239973724556f,0.663853568980815f,0.021863736471127437f,0.747542919155118f,1.2871604353269972f,0.7381736982126459f,-0.17953403154380687f,-0.65028234082181f,0.08866569886809939f,0f,0f,0f,1f],start_interpolation:0}
execute if entity @s[tag=aj.red_knight.bone.waist] run data modify entity @s {} merge value {transformation:[-0.15469619438841575f,0f,-0.9879620880589202f,-0.033839792522465925f,0f,1f,0f,0.640625f,0.9879620880589202f,0f,-0.15469619438841575f,0.0286167067628888f,0f,0f,0f,1f],start_interpolation:0}
execute if entity @s[tag=aj.red_knight.bone.left_foot] run data modify entity @s {} merge value {transformation:[0.5551362504855771f,-0.09921528561555226f,-0.8258208464897452f,0.3366869201787158f,-0.1280268659722057f,0.9708355854976758f,-0.20270024055417474f,0.42325046976228897f,0.8218472272789814f,0.218253506344365f,0.5262438046972531f,-0.5873420288369126f,0f,0f,0f,1f],start_interpolation:0}
execute if entity @s[tag=aj.red_knight.bone.left_leg] run data modify entity @s {} merge value {transformation:[0.5551362504855771f,-0.4988333810316696f,-0.6655741892271124f,-0.011536790953289263f,-0.1280268659722057f,0.7394181596618392f,-0.6609613504219698f,0.65625f,0.8218472272789814f,0.45213498330787477f,0.34661375027981545f,-0.315829517082003f,0f,0f,0f,1f],start_interpolation:0}
execute if entity @s[tag=aj.red_knight.bone.right_foot] run data modify entity @s {} merge value {transformation:[-0.1429206477528447f,0.7948756823562015f,-0.5897002103142497f,0.0918452987211199f,0.3826834323650897f,0.5938583163412473f,0.7077327819916304f,0.22318146913533432f,0.9127579520547499f,-0.12451887291130569f,-0.3890603696725188f,0.13497287720494f,0f,0f,0f,1f],start_interpolation:0}
execute if entity @s[tag=aj.red_knight.bone.right_leg] run data modify entity @s {} merge value {transformation:[-0.1429206477528447f,0.05919967064237607f,-0.9879620880589202f,-0.0502108395503932f,0.3826834323650897f,0.9238795325112867f,0f,0.65625f,0.9127579520547499f,-0.3780767229049686f,-0.15469619438841575f,-0.06883899506727298f,0f,0f,0f,1f],start_interpolation:0}