execute if entity @s[tag=aj.red_knight.bone.head] run data modify entity @s {} merge value {transformation:[0.3800868529005332f,0.6205132292592269f,-0.685928069528033f,0.3918546161432116f,-0.5035985632360959f,0.7608596608867568f,0.4092445033739967f,0.975599013745919f,0.7758366267189944f,0.18988393494336228f,0.6016823247293511f,-0.26888143937707143f,0f,0f,0f,1f],start_interpolation:0}
execute if entity @s[tag=aj.red_knight.bone.body] run data modify entity @s {} merge value {transformation:[-0.4057721543555002f,0.6269673858291385f,-0.6650269587439835f,0.2876064070402056f,0.11547570596306621f,0.7569584219934705f,0.6431790642624233f,-0.15707817754895048f,0.9066500538146058f,0.18418969699668578f,-0.3795521511442682f,-0.6882872735272196f,0f,0f,0f,1f],start_interpolation:0}
execute if entity @s[tag=aj.red_knight.bone.left_hand] run data modify entity @s {} merge value {transformation:[-0.67919308807492f,-0.7255712650111706f,0.11064849073233285f,0.6527700256981193f,-0.7322040082894189f,0.6802455630542841f,-0.03381218995966545f,0.8437829980598403f,-0.05073499143748991f,-0.10398227413866967f,-0.9932842731609055f,-0.8636361390288013f,0f,0f,0f,1f],start_interpolation:0}
execute if entity @s[tag=aj.red_knight.bone.left_arm] run data modify entity @s {} merge value {transformation:[-0.67919308807492f,-0.3781348003354983f,-0.6290554998459885f,0.4921533325885936f,-0.7322040082894189f,0.28983709089526893f,0.6163373678321606f,0.8885943384465231f,-0.05073499143748991f,0.87920903857763f,-0.47372716528317993f,-0.5920542514381351f,0f,0f,0f,1f],start_interpolation:0}
execute if entity @s[tag=aj.red_knight.bone.weapon] run data modify entity @s {} merge value {transformation:[-1.1677381742226771f,1.1704485527232962f,0.2102748669451629f,-0.12842391183715682f,-1.1648796792037728f,-1.0665646494897152f,-0.5322339327915608f,1.4243946326061028f,-0.23920841795174771f,-0.5198728802934424f,1.5653399946638422f,0.2275635615503921f,0f,0f,0f,1f],start_interpolation:0}
execute if entity @s[tag=aj.red_knight.bone.right_hand] run data modify entity @s {} merge value {transformation:[0.753612364458825f,0.6527028218404723f,-0.0777652267807632f,0.07554571998799078f,0.5394765358104384f,-0.5465710665377288f,0.6404882017131761f,1.2535911743130626f,0.3755442336726097f,-0.5246323432512467f,-0.7640205710384754f,0.06361595428437751f,0f,0f,0f,1f],start_interpolation:0}
execute if entity @s[tag=aj.red_knight.bone.right_arm] run data modify entity @s {} merge value {transformation:[0.753612364458825f,0.5911680936315935f,0.28738247894881563f,0.21318497646918722f,0.5394765358104384f,-0.8060480144920928f,0.24341665030010468f,0.9679838862961312f,0.3755442336726097f,-0.028405693185385494f,-0.9263690653027603f,0.03126766055940644f,0f,0f,0f,1f],start_interpolation:0}
execute if entity @s[tag=aj.red_knight.bone.waist] run data modify entity @s {} merge value {transformation:[-0.16426832298043248f,0f,-0.9864156923250949f,-0.035933695651969556f,0f,1f,0f,0.39312499999999995f,0.9864156923250949f,0f,-0.16426832298043248f,-0.16822156730388557f,0f,0f,0f,1f],start_interpolation:0}
execute if entity @s[tag=aj.red_knight.bone.left_foot] run data modify entity @s {} merge value {transformation:[0.4185158498130104f,0.09019242303361119f,-0.9037199844435331f,0.3801510171156954f,-0.5083596653903213f,0.8478369113513475f,-0.15080789884634055f,0.29908461636533307f,0.7526054305275337f,0.5225302848424515f,0.400683375451156f,-0.8036317943753476f,0f,0f,0f,1f],start_interpolation:0}
execute if entity @s[tag=aj.red_knight.bone.left_leg] run data modify entity @s {} merge value {transformation:[0.4185158498130104f,-0.5752508553551113f,-0.7028022032325357f,-0.010291950012605107f,-0.5083596653903213f,0.49287394142605323f,-0.7061485172875379f,0.40874999999999995f,0.7526054305275337f,0.6528106396776635f,-0.08615877589720784f,-0.5124353466337754f,0f,0f,0f,1f],start_interpolation:0}
execute if entity @s[tag=aj.red_knight.bone.right_foot] run data modify entity @s {} merge value {transformation:[-0.13488880350110197f,0.8964777236229928f,-0.4220576995361863f,0.07122684226676543f,0.5707135676844318f,0.41849229189069154f,0.7065056442017881f,0.022957134434061333f,0.8099944656298267f,-0.1455743544578264f,-0.5680819245260655f,0.026408455208505155f,0f,0f,0f,1f],start_interpolation:0}
execute if entity @s[tag=aj.red_knight.bone.right_leg] run data modify entity @s {} merge value {transformation:[-0.13488880350110197f,0.09994610192255766f,-0.9858071755675786f,-0.051359030757713225f,0.5707135676844318f,0.821133000351332f,0.0051593986981919365f,0.40874999999999995f,0.8099944656298267f,-0.5619175850999015f,-0.16780224433703586f,-0.2658314235525017f,0f,0f,0f,1f],start_interpolation:0}