execute if entity @s[tag=aj.red_knight.bone.head] run data modify entity @s {} merge value {transformation:[0.7206587736454259f,0.5684099994681759f,-0.3969395476296855f,0.35525624966760994f,-0.2679957439850099f,0.7564349706799536f,0.5966442963259926f,1.280771856674971f,0.6393975392303229f,-0.32359883750873697f,0.6974629590087218f,-0.34524927344296064f,0f,0f,0f,1f],start_interpolation:0}
execute if entity @s[tag=aj.red_knight.bone.body] run data modify entity @s {} merge value {transformation:[-0.005830178572006128f,0.5684099994681759f,-0.8227247908762728f,0.20094154184319832f,0.39700924943553867f,0.7564349706799536f,0.5197978366586841f,0.07833988199276676f,0.917796091122886f,-0.32359883750873697f,-0.23007417821768988f,-0.3368302645392315f,0f,0f,0f,1f],start_interpolation:0}
execute if entity @s[tag=aj.red_knight.bone.left_hand] run data modify entity @s {} merge value {transformation:[-0.5211655217896316f,0.12411825022560685f,-0.8443821166146728f,0.14703254533659083f,-0.5281543717138035f,0.7302600676410077f,0.43332804345962694f,1.0538870328474554f,0.6704024601217827f,0.6717997421627104f,-0.31503277272813546f,-0.9035394716271603f,0f,0f,0f,1f],start_interpolation:0}
execute if entity @s[tag=aj.red_knight.bone.left_arm] run data modify entity @s {} merge value {transformation:[-0.5211655217896316f,0.6632801547527591f,-0.5370716294954492f,0.3217347485849761f,-0.5281543717138035f,0.24366514207572693f,0.8134373105389334f,1.0970227415140075f,0.6704024601217827f,0.7075922094316554f,0.22332444249183675f,-0.6405167524221567f,0f,0f,0f,1f],start_interpolation:0}
execute if entity @s[tag=aj.red_knight.bone.weapon] run data modify entity @s {} merge value {transformation:[-0.9992976979186978f,1.1818836666726515f,0.6183307263629871f,-0.017414074580398897f,-0.8687189937328534f,0.009611179494195127f,-1.4223265141781924f,1.1644193891089625f,-1.0121804180283023f,-1.1750899546242908f,0.6102722160469969f,0.40301423173581197f,0f,0f,0f,1f],start_interpolation:0}
execute if entity @s[tag=aj.red_knight.bone.right_hand] run data modify entity @s {} merge value {transformation:[0.16758517602308365f,0.22572500009592122f,-0.9596683974733191f,0.053124987949576485f,0.7369657302276746f,0.6178908219526033f,0.27403000678160494f,1.3575102709691511f,0.6548257182237898f,-0.7531660882424491f,-0.06280224736635776f,0.1676498291600466f,0f,0f,0f,1f],start_interpolation:0}
execute if entity @s[tag=aj.red_knight.bone.right_arm] run data modify entity @s {} merge value {transformation:[0.16758517602308365f,0.8802418763794819f,-0.4439475733070753f,0.3177265008167218f,0.7369657302276746f,0.18725340054726053f,0.6494749236525437f,1.3699666005009403f,0.6548257182237898f,-0.4360165169479432f,-0.6173272031113499f,-0.009531939775172499f,0f,0f,0f,1f],start_interpolation:0}
execute if entity @s[tag=aj.red_knight.bone.waist] run data modify entity @s {} merge value {transformation:[-0.05904108952863164f,0f,-0.9982555533265378f,-0.012915238334388155f,0f,1f,0f,0.698625f,0.9982555533265378f,0f,-0.05904108952863164f,0.07536840229018013f,0f,0f,0f,1f],start_interpolation:0}
execute if entity @s[tag=aj.red_knight.bone.left_foot] run data modify entity @s {} merge value {transformation:[0.5100137589172368f,-0.07022530504916003f,-0.8572947989145059f,0.2994061614402343f,-0.14396086369159847f,0.9756352599047932f,-0.1655630072077568f,0.42222557552139045f,0.8480337466400023f,0.20785631133371715f,0.4874777106683557f,-0.5135883855548942f,0f,0f,0f,1f],start_interpolation:0}
execute if entity @s[tag=aj.red_knight.bone.left_leg] run data modify entity @s {} merge value {transformation:[0.5100137589172368f,-0.4128472170760555f,-0.7546145645743044f,-0.023815349850375336f,-0.14396086369159847f,0.8239466182327646f,-0.5480759436683569f,0.71425f,0.8480337466400023f,0.3881612366727868f,0.3607902699690959f,-0.26962697821358694f,0f,0f,0f,1f],start_interpolation:0}
execute if entity @s[tag=aj.red_knight.bone.right_foot] run data modify entity @s {} merge value {transformation:[-0.05560625806212089f,0.7774637584174364f,-0.6264647224000429f,0.123697558111201f,0.3361091681210844f,0.6053921766811259f,0.7214783014881605f,0.2727704528791956f,0.940180073799313f,-0.17044182808431318f,-0.294976290691296f,0.14736093031867264f,0f,0f,0f,1f],start_interpolation:0}
execute if entity @s[tag=aj.red_knight.bone.right_leg] run data modify entity @s {} merge value {transformation:[-0.05560625806212089f,0.019844251486430847f,-0.9982555533265378f,-0.03857562223253324f,0.3361091681210844f,0.9418230338577162f,0f,0.71425f,0.940180073799313f,-0.3355228436008354f,-0.05904108952863164f,-0.02006308988195253f,0f,0f,0f,1f],start_interpolation:0}