execute if entity @s[tag=aj.red_knight.bone.head] run data modify entity @s {} merge value {transformation:[-0.9010438527458178f,-0.3287081103845787f,0.28296811409834316f,-0.20544256899036167f,-0.080778400264849f,0.7681739012241431f,0.6351249542639088f,1.3744836882650895f,-0.42613944370314405f,0.5494177241821383f,-0.7187108868487349f,0.26526107761383644f,0f,0f,0f,1f],start_interpolation:0}
execute if entity @s[tag=aj.red_knight.bone.body] run data modify entity @s {} merge value {transformation:[-0.34570013055643384f,-0.3287081103845787f,0.8788870222620564f,-0.15413103353848284f,0.44350542656865727f,0.7681739012241431f,0.46174862650822657f,0.167542305082775f,-0.8269185911185079f,0.5494177241821383f,-0.1197739872305416f,0.1633484366337695f,0f,0f,0f,1f],start_interpolation:0}
execute if entity @s[tag=aj.red_knight.bone.left_hand] run data modify entity @s {} merge value {transformation:[-0.012015172689577414f,-0.36316781982975505f,0.931646268851726f,0.19416948858030053f,-0.22957528006638672f,0.9078265613028209f,0.35092182231308416f,1.018188344271197f,-0.973216741742393f,-0.20966656679880624f,-0.09428204685475385f,0.6129420855526416f,0f,0f,0f,1f],start_interpolation:0}
execute if entity @s[tag=aj.red_knight.bone.left_arm] run data modify entity @s {} merge value {transformation:[-0.012015172689577414f,-0.8303437839992106f,0.557121922023458f,-0.06606389221255136f,-0.22957528006638672f,0.5445694073233823f,0.8066841707817876f,1.1740178290556047f,-0.973216741742393f,-0.11820897166176718f,-0.19716950223345342f,0.5151757355494399f,0f,0f,0f,1f],start_interpolation:0}
execute if entity @s[tag=aj.red_knight.bone.weapon] run data modify entity @s {} merge value {transformation:[1.5079032761306115f,0.6830824021725567f,0.19340092930106711f,-0.28795079967440784f,-0.08273507190383855f,0.6200249995084405f,-1.544830633318553f,1.2103128270426438f,-0.7050960186310894f,1.3880724799535886f,0.5948715598209913f,-0.5556853784419271f,0f,0f,0f,1f],start_interpolation:0}
execute if entity @s[tag=aj.red_knight.bone.right_hand] run data modify entity @s {} merge value {transformation:[-0.20429682853769557f,0.36747528381504174f,0.9073173213570288f,-0.17311477348220727f,0.8028290568140308f,0.5932331384164201f,-0.05949747070000416f,1.395698182797775f,-0.5601145520199712f,0.7162655647660712f,-0.4162154842696367f,-0.3318523894525299f,0f,0f,0f,1f],start_interpolation:0}
execute if entity @s[tag=aj.red_knight.bone.right_arm] run data modify entity @s {} merge value {transformation:[-0.20429682853769557f,-0.4588368328687947f,0.8647147313723603f,-0.30373273197009965f,0.8028290568140308f,0.42690061783890704f,0.4161987121842796f,1.4789278098215566f,-0.5601145520199712f,0.7792461891415917f,0.28115309943832006f,-0.05333079584453426f,0f,0f,0f,1f],start_interpolation:0}
execute if entity @s[tag=aj.red_knight.bone.waist] run data modify entity @s {} merge value {transformation:[-0.13503107254780855f,0f,0.9908413644204549f,-0.02953804711983311f,0f,1f,0f,0.785f,-0.9908413644204549f,0f,-0.13503107254780855f,-0.2948715484669745f,0f,0f,0f,1f],start_interpolation:0}
execute if entity @s[tag=aj.red_knight.bone.left_foot] run data modify entity @s {} merge value {transformation:[-0.48305667796228235f,0.014753379701427372f,0.8754647815094733f,-0.20973701598895556f,-0.16184146807219657f,0.9811251737378615f,-0.1058335139267679f,0.4304484500180776f,-0.8605019378759586f,-0.1928100911395374f,-0.47155135846107293f,0.2557290338817466f,0f,0f,0f,1f],start_interpolation:0}
execute if entity @s[tag=aj.red_knight.bone.left_leg] run data modify entity @s {} merge value {transformation:[-0.48305667796228235f,0.2408376292498264f,0.8418155868201582f,0.04784267670661529f,-0.16184146807219657f,0.9203024151213791f,-0.356161204981667f,0.800625f,-0.8605019378759586f,-0.3082867189145196f,-0.40558071188437944f,0.04151044953543784f,0f,0f,0f,1f],start_interpolation:0}
execute if entity @s[tag=aj.red_knight.bone.right_foot] run data modify entity @s {} merge value {transformation:[-0.13023744615713684f,-0.7361070523971759f,0.6642172950395137f,-0.17293132994233065f,0.2640834774686983f,0.6199685385553428f,0.7388497331187119f,0.34851570593701164f,-0.9556663248992855f,0.2716347154041503f,0.11365059102705924f,-0.30564681650801356f,0f,0f,0f,1f],start_interpolation:0}
execute if entity @s[tag=aj.red_knight.bone.right_leg] run data modify entity @s {} merge value {transformation:[-0.13023744615713684f,0.03565947520475337f,0.9908413644204549f,0.014084908569663157f,0.2640834774686983f,0.9644998273343752f,0f,0.800625f,-0.9556663248992855f,0.2616648331359835f,-0.13503107254780855f,-0.20619989156967589f,0f,0f,0f,1f],start_interpolation:0}