execute if entity @s[tag=aj.red_knight.bone.head] run data modify entity @s {} merge value {transformation:[0.64171610787457f,0.628546173348715f,-0.439465749362792f,0.3766513693652162f,-0.4117690671164598f,0.7657822387617165f,0.49398764980830645f,0.9983348703449973f,0.6470291123746702f,-0.13604143032833965f,0.7502306691770642f,-0.44532762789289737f,0f,0f,0f,1f],start_interpolation:0}
execute if entity @s[tag=aj.red_knight.bone.body] run data modify entity @s {} merge value {transformation:[0.3692614568111271f,0.6026421909843458f,-0.7074378885522823f,-0.04536318522320432f,-0.1732726757581829f,0.7925357925519956f,0.5846910272610483f,-0.00532486907587415f,0.9130293294025792f,-0.09332420462863596f,0.3970743462893425f,-0.9785230945663916f,0f,0f,0f,1f],start_interpolation:0}
execute if entity @s[tag=aj.red_knight.bone.left_hand] run data modify entity @s {} merge value {transformation:[-0.41065393577872267f,-0.6638454150833546f,-0.6250380867613217f,0.16842280665320725f,-0.7972884423844243f,0.5940240163387418f,-0.10708224714213371f,0.9384210145810026f,0.4423736934647711f,0.4543618963839277f,-0.7732145772324379f,-1.0611910888112075f,0f,0f,0f,1f],start_interpolation:0}
execute if entity @s[tag=aj.red_knight.bone.left_arm] run data modify entity @s {} merge value {transformation:[-0.41065393577872267f,0.22174614714506413f,-0.884416186676705f,0.21205260664986963f,-0.7972884423844243f,0.38327481174527017f,0.46629556969999875f,1.008363865602373f,0.4423736934647711f,0.8966209148285285f,0.019402330333991358f,-0.7533486970857443f,0f,0f,0f,1f],start_interpolation:0}
execute if entity @s[tag=aj.red_knight.bone.weapon] run data modify entity @s {} merge value {transformation:[-0.9372124994438558f,-0.5570918080290246f,1.2605789249749226f,0.5015929539391322f,-1.3598905951970397f,0.12620737685934183f,-0.9552732828351816f,1.054518851453787f,0.22384833651073133f,-1.5657260913809332f,-0.5255202249087485f,0.4737342827096672f,0f,0f,0f,1f],start_interpolation:0}
execute if entity @s[tag=aj.red_knight.bone.right_hand] run data modify entity @s {} merge value {transformation:[0.6840912882271342f,-0.08411386029362271f,-0.7245301704402963f,0.4753073725973751f,0.7169552126812718f,-0.10513888763238846f,0.6891451496720966f,1.0216629490686657f,-0.13414295501774395f,-0.9908938756566865f,-0.011618726486951614f,0.16407994656695268f,0f,0f,0f,1f],start_interpolation:0}
execute if entity @s[tag=aj.red_knight.bone.right_arm] run data modify entity @s {} merge value {transformation:[0.6840912882271342f,0.10677821159788892f,-0.7215383031410713f,0.4659198582075195f,0.7169552126812718f,-0.2803659112238849f,0.6382555748544256f,0.8892389010186222f,-0.13414295501774395f,-0.9539357260065047f,-0.2683510727900122f,-0.125641033121471f,0f,0f,0f,1f],start_interpolation:0}
execute if entity @s[tag=aj.red_knight.bone.waist] run data modify entity @s {} merge value {transformation:[0.3479176161606271f,0f,-0.9375251102584433f,0.07610697853513722f,0f,1f,0f,0.3936250000000001f,0.9375251102584433f,0f,0.3479176161606271f,-0.18191638213096542f,0f,0f,0f,1f],start_interpolation:0}
execute if entity @s[tag=aj.red_knight.bone.left_foot] run data modify entity @s {} merge value {transformation:[0.563788123495691f,0.5541215847532582f,-0.6124477292926678f,0.15178844034629962f,-0.6509107749327339f,0.754548764571702f,0.08349446065330479f,0.2723221140466604f,0.5083877603578545f,0.35157564078567205f,0.7860893422025698f,-0.9176813140548852f,0f,0f,0f,1f],start_interpolation:0}
execute if entity @s[tag=aj.red_knight.bone.left_leg] run data modify entity @s {} merge value {transformation:[0.563788123495691f,-0.18385672558227173f,-0.8051954149542659f,-0.0727873617156547f,-0.6509107749327339f,0.5011860495670828f,-0.5701997078180675f,0.4092500000000001f,0.5083877603578545f,0.845582194808705f,0.1628884186822926f,-0.4933182132772857f,0f,0f,0f,1f],start_interpolation:0}
execute if entity @s[tag=aj.red_knight.bone.right_foot] run data modify entity @s {} merge value {transformation:[0.290056519063147f,0.6171802628051228f,-0.7314066850615799f,0.27075904481174146f,0.5522280327438386f,0.5162486204784317f,0.6546232211784013f,0.02039136228726962f,0.7816082238569654f,-0.5937810076601604f,-0.1910829645500728f,-0.079410026209079f,0f,0f,0f,1f],start_interpolation:0}
execute if entity @s[tag=aj.red_knight.bone.right_leg] run data modify entity @s {} merge value {transformation:[0.290056519063147f,-0.20454839796371932f,-0.9348942018428854f,0.014192042324502082f,0.5522280327438386f,0.8336197670803235f,-0.011058199890450288f,0.4092500000000001f,0.7816082238569654f,-0.5130672829399894f,0.35475420726995854f,-0.2589369357126749f,0f,0f,0f,1f],start_interpolation:0}