execute if entity @s[tag=aj.red_knight.bone.head] run data modify entity @s {} merge value {transformation:[-0.6380019342775459f,-0.6067040869602155f,0.47419793622904083f,-0.3791900543501347f,-0.3278874964799818f,0.771240378468079f,0.5455988162308494f,1.2722802365425494f,-0.6967376274539794f,0.1926095259487069f,-0.6909835374331392f,-0.035744046282058184f,0f,0f,0f,1f],start_interpolation:0}
execute if entity @s[tag=aj.red_knight.bone.body] run data modify entity @s {} merge value {transformation:[0.14364296754808736f,-0.6067040869602155f,0.7818419589276023f,-0.23073958789188628f,0.3446737852801418f,0.771240378468079f,0.5351525580253474f,0.07189774221173018f,-0.9276673324067405f,0.1926095259487069f,0.3198982508535747f,0.046541364408107216f,0f,0f,0f,1f],start_interpolation:0}
execute if entity @s[tag=aj.red_knight.bone.left_hand] run data modify entity @s {} merge value {transformation:[0.6205854575477076f,0.06385608570891432f,0.7815344459447955f,-0.2703644508297418f,-0.6186161390919858f,0.6523352046166316f,0.43791877474333296f,1.0975054384069798f,-0.4818586538967908f,-0.7552358447105866f,0.4443321466302651f,0.5661099991515071f,0f,0f,0f,1f],start_interpolation:0}
execute if entity @s[tag=aj.red_knight.bone.left_arm] run data modify entity @s {} merge value {transformation:[0.6205854575477076f,-0.5090254696856518f,0.596461868933467f,-0.39064831900977626f,-0.6186161390919858f,0.14961334235044854f,0.7713170037317031f,1.1055960991982459f,-0.4818586538967908f,-0.8476490541503772f,-0.22204350623862773f,0.2711035038609647f,0f,0f,0f,1f],start_interpolation:0}
execute if entity @s[tag=aj.red_knight.bone.weapon] run data modify entity @s {} merge value {transformation:[0.530278036249637f,-1.5384263938746578f,-0.3603154349716678f,0.12019640987382241f,-1.009733628385545f,-0.037610974876401235f,-1.3254437717436323f,1.1588732452124586f,1.2153275203649296f,0.6400057991740704f,-0.9440070831540242f,-0.714811873591595f,0f,0f,0f,1f],start_interpolation:0}
execute if entity @s[tag=aj.red_knight.bone.right_hand] run data modify entity @s {} merge value {transformation:[-0.13240736082158872f,-0.39489785493952834f,0.9091336397716349f,-0.003209169794780198f,0.6974889655344287f,0.6145679689733637f,0.3685313480148831f,1.3509257355166349f,-0.7042566533288656f,0.6829069451075409f,0.19406357351628956f,-0.5014034532454885f,0f,0f,0f,1f],start_interpolation:0}
execute if entity @s[tag=aj.red_knight.bone.right_arm] run data modify entity @s {} merge value {transformation:[-0.13240736082158872f,-0.9502722210465129f,0.28187053181840244f,-0.2918937788204662f,0.6974889655344287f,0.11272528450435232f,0.7076737618360067f,1.342559326578343f,-0.7042566533288656f,0.290302800780048f,0.6478787310147525f,-0.3666677871686694f,0f,0f,0f,1f],start_interpolation:0}
execute if entity @s[tag=aj.red_knight.bone.waist] run data modify entity @s {} merge value {transformation:[0.11127621319829974f,0f,0.9937895171394427f,0.02434167163712809f,0f,1f,0f,0.68088f,-0.9937895171394427f,0f,0.11127621319829974f,-0.37351645687425306f,0f,0f,0f,1f],start_interpolation:0}
execute if entity @s[tag=aj.red_knight.bone.left_foot] run data modify entity @s {} merge value {transformation:[-0.5291895890387216f,0.08581890685702476f,0.844152530102762f,-0.3209176967971249f,-0.1363688539384281f,0.9733372106834173f,-0.18444026126240626f,0.4334266592759872f,-0.8374735306435356f,-0.21271997913898524f,-0.503376892543312f,0.22803276178082f,0f,0f,0f,1f],start_interpolation:0}
execute if entity @s[tag=aj.red_knight.bone.left_leg] run data modify entity @s {} merge value {transformation:[-0.5291895890387216f,0.45970243490607865f,0.7131844433205563f,0.017146395760820138f,-0.1363688539384281f,0.7835156785716204f,-0.6062233228010722f,0.696505f,-0.8374735306435356f,-0.4180632162411277f,-0.3519392457478641f,-0.02842392869512278f,0f,0f,0f,1f],start_interpolation:0}
execute if entity @s[tag=aj.red_knight.bone.right_foot] run data modify entity @s {} merge value {transformation:[0.10382077927742348f,-0.7870276831912435f,0.6081189617836729f,-0.10707079991389842f,0.3598746817040448f,0.5997212578451447f,0.7147199635920699f,0.2591609451698178f,-0.9272062657567847f,0.144643834224833f,0.34549486531944007f,-0.463640510011585f,0f,0f,0f,1f],start_interpolation:0}
execute if entity @s[tag=aj.red_knight.bone.right_leg] run data modify entity @s {} merge value {transformation:[0.10382077927742348f,-0.040045491805969544f,0.9937895171394427f,0.044965449060395075f,0.3598746817040448f,0.9330006503043888f,0f,0.696505f,-0.9272062657567847f,0.3576396861613733f,0.11127621319829974f,-0.2768713079799835f,0f,0f,0f,1f],start_interpolation:0}