# This file was generated by Animated Java via MC-Build. It is not recommended to edit this file directly.
$data merge entity $(bone_body) { transformation: [-0.38268343236508956f,-0.3535533905932738f,0.8535533905932737f,-0.020756673824159223f,0f,0.9238795325112867f,0.3826834323650897f,0.9904849415639109f,-0.9238795325112867f,0.14644660940672616f,-0.35355339059327356f,0.018305826175840773f,0f,0f,0f,1f], start_interpolation: 0, interpolation_duration: 1 }
$data merge entity $(bone_left_hand) { transformation: [0.07011578328322987f,0.6255045163343445f,0.7770636247952395f,0.015977237903329077f,-0.7567978077333785f,0.5408465829690123f,-0.36707227067798975f,1.1856562879088572f,-0.6498775693502056f,-0.5623424879342488f,0.5113023284900899f,1.0023893162553914f,0f,0f,0f,1f], start_interpolation: 0, interpolation_duration: 1 }
$data merge entity $(bone_left_arm) { transformation: [0.07011578328322987f,-0.15032667376620268f,0.9861468795716837f,-0.04134168105897283f,-0.7567978077333785f,0.6360247214185688f,0.15076349675695427f,1.341893287123803f,-0.6498775693502056f,-0.7568846972285947f,-0.06917152562035189f,0.5257475701763241f,0f,0f,0f,1f], start_interpolation: 0, interpolation_duration: 1 }
$data merge entity $(bone_right_hand) { transformation: [-0.44055211148739726f,0.6001301899059787f,-0.6676508011134338f,-0.558830453307187f,0.8923991008325228f,0.2118547648384246f,-0.3984236482044716f,1.4499206848213526f,-0.09766105619591009f,-0.7713373540667336f,-0.6288887058327806f,-0.7834295247720415f,0f,0f,0f,1f], start_interpolation: 0, interpolation_duration: 1 }
$data merge entity $(bone_right_arm) { transformation: [-0.44055211148739726f,0.2781374596682763f,0.8535533905932737f,-0.34584999818379547f,0.8923991008325228f,0.23911761839433449f,0.3826834323650897f,1.3946822370375989f,-0.09766105619591009f,0.9303022724376735f,-0.35355339059327356f,-0.3290388865301489f,0f,0f,0f,1f], start_interpolation: 0, interpolation_duration: 1 }
$data merge entity $(bone_head) { transformation: [-0.8741514406663721f,-0.4461089454800946f,0.19195329521408055f,-0.2536864002063644f,-0.27059805007309845f,0.7756127953263433f,0.5702644009779085f,1.567909649383465f,-0.40328148243818834f,0.44655526028554837f,-0.7987192532008747f,0.0809637216640669f,0f,0f,0f,1f], start_interpolation: 0, interpolation_duration: 1 }
$data merge entity $(bone_bottom) { transformation: [-0.7071067811865474f,0.18301270189221935f,0.6830127018922195f,0.012388956543960198f,0f,0.9659258262890683f,-0.25881904510252074f,0.875f,-0.7071067811865477f,-0.18301270189221927f,-0.6830127018922192f,-0.011048543456039804f,0f,0f,0f,1f], start_interpolation: 0, interpolation_duration: 1 }
data modify entity @s data merge value {"locators":{"locator_left_hand":{"posx":-0.395605660054885,"posy":0.8425506835812769,"posz":1.381580910983339,"roty":123.34463151274224,"rotx":-21.535169549291624},"locator_right_hand":{"posx":-0.9595495171749759,"posy":1.3248347313466446,"posz":-0.2787653401688087,"roty":313.2875622980109,"rotx":-23.479670038446194}},"cameras":{}}