# This file was generated by Animated Java via MC-Build. It is not recommended to edit this file directly.
$data merge entity $(bone_body) { transformation: [-0.291370104596417f,-0.27681047490473853f,0.9156852205482439f,-0.011163809363092317f,0f,0.9572185480808849f,0.2893659468733709f,0.9946523185101106f,-0.9566104024875921f,0.08431258620713532f,-0.27890486847595775f,0.010539073275891918f,0f,0f,0f,1f], start_interpolation: 0, interpolation_duration: 1 }
$data merge entity $(bone_left_hand) { transformation: [-0.29122897909271295f,0.8135240176451976f,0.5033531110970034f,0.001479835157533485f,-0.7062018382674322f,0.17211771728454728f,-0.6867710353709277f,1.2053237570739397f,-0.6453407203674006f,-0.5554765198558556f,0.5243864896471987f,0.943903168781946f,0f,0f,0f,1f], start_interpolation: 0, interpolation_duration: 1 }
$data merge entity $(bone_left_arm) { transformation: [-0.29122897909271295f,0.039953838708991996f,0.9558186922785261f,-0.03439723652751019f,-0.7062018382674322f,0.6650142935731915f,-0.24297109492910524f,1.3846363625112297f,-0.6453407203674006f,-0.7457611414627103f,-0.16545595945725153f,0.4733262486524129f,0f,0f,0f,1f], start_interpolation: 0, interpolation_duration: 1 }
$data merge entity $(bone_right_hand) { transformation: [-0.5213060936945345f,0.6153389061491998f,-0.5912681179093385f,-0.5161192755631367f,0.751484500709479f,0.0027093324767592797f,-0.6597451816504274f,1.2649049975750903f,-0.40436493649965494f,-0.788258009852508f,-0.46383004218462764f,-0.7819875229737795f,0f,0f,0f,1f], start_interpolation: 0, interpolation_duration: 1 }
$data merge entity $(bone_right_arm) { transformation: [-0.5213060936945345f,0.32157099757832047f,0.790463187120962f,-0.2676379778805738f,0.751484500709479f,0.6119029036406921f,0.24666958002460448f,1.4108311397736375f,-0.40436493649965494f,0.7226111886987177f,-0.5606443329750656f,-0.3674451026775703f,0f,0f,0f,1f], start_interpolation: 0, interpolation_duration: 1 }
$data merge entity $(bone_head) { transformation: [-0.8978854426799342f,-0.35103025473306004f,0.2656680110316287f,-0.19327567194719192f,-0.22639725772751867f,0.8857540803485867f,0.4051962374446346f,1.5929139110606636f,-0.37755266323642606f,0.30367329386673453f,-0.8747779815903061f,0.03334036457761423f,0f,0f,0f,1f], start_interpolation: 0, interpolation_duration: 1 }
$data merge entity $(bone_bottom) { transformation: [-0.8012466046792166f,0.1470844251998937f,0.5799741807646648f,0.010913015861392556f,0.028270566770273252f,0.9775384689550018f,-0.20885238032543102f,0.875f,-0.5976660050099175f,-0.15094606181258205f,-0.7874075392569958f,-0.009342265360273732f,0f,0f,0f,1f], start_interpolation: 0, interpolation_duration: 1 }
data modify entity @s data merge value {"locators":{"locator_left_hand":{"posx":-0.5278448486238038,"posy":1.1034059088288841,"posz":1.3185180836930919,"roty":136.17243279175113,"rotx":-43.37504871135128},"locator_right_hand":{"posx":-0.9280808404375263,"posy":1.2748689434608027,"posz":-0.27101140614087815,"roty":308.11299667005824,"rotx":-41.280441791984465}},"cameras":{}}