execute if entity @s[tag=aj.red_knight.bone.head] run data modify entity @s {} merge value {transformation:[-0.9938803501246051f,0.05618917956784289f,-0.09510323725134334f,0.07946757463357496f,0.011091533769794347f,0.9073714305524988f,0.42018337056069366f,1.614856648628486f,0.10990371929478138f,0.416557154681809f,-0.902441859273255f,-0.5825852267956624f,0f,0f,0f,1f],start_interpolation:0}
execute if entity @s[tag=aj.red_knight.bone.body] run data modify entity @s {} merge value {transformation:[-0.9873879149797652f,0.028407382723904997f,0.1557502037195766f,0.43602317519664663f,0f,0.9837706378055779f,-0.1794305776382785f,0.7208012996420475f,-0.1583196303428985f,-0.17716758393787468f,-0.9713632388811634f,0.15447630330602757f,0f,0f,0f,1f],start_interpolation:0}
execute if entity @s[tag=aj.red_knight.bone.left_hand] run data modify entity @s {} merge value {transformation:[-0.300399183974028f,-0.885756311594795f,-0.35383059044933174f,0.6585281062772946f,-0.9335740393168928f,0.34906032153457195f,-0.08121825560624873f,1.5005115701541902f,0.1954478021909653f,0.30592915585175257f,-0.9317765334126823f,-0.7182964685370342f,0f,0f,0f,1f],start_interpolation:0}
execute if entity @s[tag=aj.red_knight.bone.left_arm] run data modify entity @s {} merge value {transformation:[-0.300399183974028f,-0.7124686345321365f,-0.6341520125929201f,0.4171067089876252f,-0.9335740393168928f,0.35586493142000997f,0.04242244334043341f,1.5533709837656375f,0.1954478021909653f,0.60477152329896f,-0.7720437560303022f,-0.5170898798691739f,0f,0f,0f,1f],start_interpolation:0}
execute if entity @s[tag=aj.red_knight.bone.weapon] run data modify entity @s {} merge value {transformation:[0.26616955411345483f,0.6984402593558f,-1.4896686713332685f,-0.5597609484450975f,-0.5841697213325101f,1.450832722297962f,0.5758540842657627f,1.0010102334496207f,1.538075837830866f,0.43016670466025775f,0.4765050902775255f,-0.6014004788370901f,0f,0f,0f,1f],start_interpolation:0}
execute if entity @s[tag=aj.red_knight.bone.right_hand] run data modify entity @s {} merge value {transformation:[-0.7275954956351824f,0.40410199585109646f,0.5543522090517485f,-0.4334790747416299f,0.2510835644852104f,0.9088855569541477f,-0.33299262455128f,1.285036969997792f,-0.6384057004576278f,-0.10309520507428521f,-0.7627644068215931f,-0.6336177304228042f,0f,0f,0f,1f],start_interpolation:0}
execute if entity @s[tag=aj.red_knight.bone.right_arm] run data modify entity @s {} merge value {transformation:[-0.7275954956351824f,0.40410199585109646f,0.5543522090517485f,-0.26172248256096337f,0.2510835644852104f,0.9088855569541477f,-0.33299262455128f,1.5533709837656375f,-0.6384057004576278f,-0.10309520507428521f,-0.7627644068215931f,-0.6259346257299166f,0f,0f,0f,1f],start_interpolation:0}
execute if entity @s[tag=aj.red_knight.bone.waist] run data modify entity @s {} merge value {transformation:[-0.995614707636993f,-0.05298201884044307f,0.07709902474412941f,-0.15028284855378443f,-0.07193202657047101f,0.9604936967170778f,-0.26884501505556524f,0.8792108711092791f,-0.05980917563693717f,-0.2732119401606617f,-0.9600927550311361f,-0.45505618804999837f,0f,0f,0f,1f],start_interpolation:0}
execute if entity @s[tag=aj.red_knight.bone.left_foot] run data modify entity @s {} merge value {transformation:[-0.9712888520731355f,-0.23783126830735418f,0.005852662109310361f,0.20586201139656166f,-0.23762719755197384f,0.971052932290193f,0.024279985053803632f,0.8363842311755327f,-0.011457784342779276f,0.02219212711600771f,-0.9996880656845022f,0.02480623077459171f,0f,0f,0f,1f],start_interpolation:0}
execute if entity @s[tag=aj.red_knight.bone.left_leg] run data modify entity @s {} merge value {transformation:[-0.9712888520731355f,-0.10462688363096007f,0.2136613700698467f,0.19354120767530403f,-0.23762719755197384f,0.46991895463493905f,-0.8501232211029183f,0.9105438125335964f,-0.011457784342779276f,-0.8764869601405829f,-0.48128923516059935f,-0.46876861908453454f,0f,0f,0f,1f],start_interpolation:0}
execute if entity @s[tag=aj.red_knight.bone.right_foot] run data modify entity @s {} merge value {transformation:[-0.9923560598422803f,-0.09635969529740487f,0.07709902474412941f,-0.023445256941182914f,-0.11375970983907377f,0.9564418886148299f,-0.26884501505556524f,0.49043640756545237f,-0.04783491310365616f,-0.27556074253254703f,-0.9600927550311361f,-0.1895358726606609f,0f,0f,0f,1f],start_interpolation:0}
execute if entity @s[tag=aj.red_knight.bone.right_leg] run data modify entity @s {} merge value {transformation:[-0.9923560598422803f,-0.09635969529740487f,0.07709902474412941f,-0.05536246923394421f,-0.11375970983907377f,0.9564418886148299f,-0.26884501505556524f,0.8925608058909786f,-0.04783491310365616f,-0.27556074253254703f,-0.9600927550311361f,-0.48372091299376885f,0f,0f,0f,1f],start_interpolation:0}