execute if entity @s[tag=aj.red_knight.bone.head] run data modify entity @s {} merge value {transformation:[-0.8350087230597181f,-0.550031875193424f,-0.01501228448254388f,-0.1855229808213576f,-0.3629759218904517f,0.5301222146846012f,0.7663021059775775f,1.5733752661638332f,-0.41353223881815543f,0.6453180407900427f,-0.6423050005168455f,0.16908323578616f,0f,0f,0f,1f],start_interpolation:0}
execute if entity @s[tag=aj.red_knight.bone.body] run data modify entity @s {} merge value {transformation:[-0.6678325554710465f,-0.2962102413141722f,0.6828317294865636f,0.08231790612658585f,0f,0.917400425862133f,0.3979653987823277f,0.4569921409105363f,-0.7443115462311543f,0.265774249257856f,-0.6126698707937346f,0.558539959221025f,0f,0f,0f,1f],start_interpolation:0}
execute if entity @s[tag=aj.red_knight.bone.left_hand] run data modify entity @s {} merge value {transformation:[0.9167647455230523f,0.39735179841277674f,-0.04066877996921209f,-0.11593945700820454f,-0.3126970239317645f,0.65062086336681f,-0.6920354495082202f,1.2713090141097796f,-0.24852157369184222f,0.6471507092246434f,0.7207169950540718f,0.30928827852727536f,0f,0f,0f,1f],start_interpolation:0}
execute if entity @s[tag=aj.red_knight.bone.left_arm] run data modify entity @s {} merge value {transformation:[0.9167647455230523f,0.38783763397428533f,0.09552157368511277f,0.06255760020395038f,-0.3126970239317645f,0.8456713261868974f,-0.43250500493001404f,1.5160377395474498f,-0.24852157369184222f,0.3666360289694977f,0.8965573320603695f,0.40832943922450327f,0f,0f,0f,1f],start_interpolation:0}
execute if entity @s[tag=aj.red_knight.bone.weapon] run data modify entity @s {} merge value {transformation:[-0.333448228873415f,-0.3011379814015757f,-1.6049629193836055f,-0.40605177625925615f,-1.3066327849839503f,1.0317082702305411f,0.07788830541724237f,1.0172559643417283f,0.9794390341639686f,1.2738413319849016f,-0.4424988328353685f,-0.4850367168053137f,0f,0f,0f,1f],start_interpolation:0}
execute if entity @s[tag=aj.red_knight.bone.right_hand] run data modify entity @s {} merge value {transformation:[-0.33253316020562873f,-0.01809412469758359f,0.9429179709895692f,-0.411706190227251f,0.4951663624200864f,0.8475674765711628f,0.19089171324719942f,1.2821208007702167f,-0.8026406237484603f,0.5303790864185914f,-0.2728846895640411f,-0.31929325229950384f,0f,0f,0f,1f],start_interpolation:0}
execute if entity @s[tag=aj.red_knight.bone.right_arm] run data modify entity @s {} merge value {transformation:[-0.33253316020562873f,-0.01809412469758359f,0.9429179709895692f,-0.3965772816823941f,0.4951663624200864f,0.8475674765711628f,0.19089171324719942f,1.5160377395474498f,-0.8026406237484603f,0.5303790864185914f,-0.2728846895640411f,-0.10338474880941527f,0f,0f,0f,1f],start_interpolation:0}
execute if entity @s[tag=aj.red_knight.bone.waist] run data modify entity @s {} merge value {transformation:[-0.6975665024431298f,-0.023081125520893125f,0.7161481943801491f,-0.15045975430558695f,0.0038165852809756286f,0.9993471630296653f,0.03592605490939072f,0.8915312820738438f,-0.7165098801454535f,0.027794053127392065f,-0.6970230141571365f,-0.15680218084262645f,0f,0f,0f,1f],start_interpolation:0}
execute if entity @s[tag=aj.red_knight.bone.left_foot] run data modify entity @s {} merge value {transformation:[-0.6829609044623988f,-0.35255318406940384f,0.6397426477720765f,-0.18286068637260433f,-0.16977621094198103f,0.9284435808575712f,0.33040665151076304f,0.6839453704073857f,-0.71045087175264f,0.11704174283944974f,-0.6939458114716293f,0.4042677722256577f,0f,0f,0f,1f],start_interpolation:0}
execute if entity @s[tag=aj.red_knight.bone.left_leg] run data modify entity @s {} merge value {transformation:[-0.6829609044623988f,0.40466771518430833f,0.6081187739771019f,0.1113477193973546f,-0.16977621094198103f,0.7217818151721408f,-0.6709747010767199f,0.9069568195217654f,-0.71045087175264f,-0.5614935899672596f,-0.42424580993993655f,0.06815040334507817f,0f,0f,0f,1f],start_interpolation:0}
execute if entity @s[tag=aj.red_knight.bone.right_foot] run data modify entity @s {} merge value {transformation:[-0.6958957891459617f,-0.05348658088690539f,0.7161481943801491f,-0.16106004233177906f,-0.039777958279166366f,0.9985624830794457f,0.03592605490939072f,0.43366001121096753f,-0.7170402810749619f,-0.0034861226656822883f,-0.6970230141571365f,0.010457883866511211f,0f,0f,0f,1f],start_interpolation:0}
execute if entity @s[tag=aj.red_knight.bone.right_leg] run data modify entity @s {} merge value {transformation:[-0.6958957891459617f,-0.05348658088690539f,0.7161481943801491f,-0.06304390621342784f,-0.039777958279166366f,0.9985624830794457f,0.03592605490939072f,0.9079109658420093f,-0.7170402810749619f,-0.0034861226656822883f,-0.6970230141571365f,-0.1109770666912852f,0f,0f,0f,1f],start_interpolation:0}