execute if entity @s[tag=aj.red_knight.bone.head] run data modify entity @s {} merge value {transformation:[-0.991241621029986f,0.07186661703462689f,-0.11079367352806707f,0.08799808284404968f,0.01840424451051038f,0.9059483739372458f,0.4229879756499676f,1.6159773149321397f,0.13077206323157475f,0.417244212801638f,-0.8993363855430839f,-0.6697826985224093f,0f,0f,0f,1f],start_interpolation:0}
execute if entity @s[tag=aj.red_knight.bone.body] run data modify entity @s {} merge value {transformation:[-0.9915636925368569f,0.021945379888442338f,0.12774914459293085f,0.46697361153579364f,4.336808689942018e-19f,0.9855637038914234f,-0.16930500752139224f,0.7150661148014124f,-0.1296203828210425f,-0.16787669842289202f,-0.9772491854608811f,0.0474781470782869f,0f,0f,0f,1f],start_interpolation:0}
execute if entity @s[tag=aj.red_knight.bone.left_hand] run data modify entity @s {} merge value {transformation:[0.47159714973021843f,-0.8075729668186395f,-0.35414973052379284f,0.5972966990752917f,-0.7630901722840059f,-0.5750112877602204f,0.29505153433239445f,1.802462541718459f,-0.4419157355536243f,0.13110271626505066f,-0.8874246787519632f,-0.7204615931968746f,0f,0f,0f,1f],start_interpolation:0}
execute if entity @s[tag=aj.red_knight.bone.left_arm] run data modify entity @s {} merge value {transformation:[0.47159714973021843f,-0.6377440160731643f,-0.6089981102837727f,0.42747651591056657f,-0.7630901722840059f,-0.6412474320377056f,0.08059230651008331f,1.5543795834389256f,-0.4419157355536243f,0.42671337085673866f,-0.7890666523191681f,-0.6147333982762453f,0f,0f,0f,1f],start_interpolation:0}
execute if entity @s[tag=aj.red_knight.bone.weapon] run data modify entity @s {} merge value {transformation:[-1.2435674149634175f,0.03674256634635442f,1.109039154420287f,-0.550688478632603f,0.42727946432874414f,1.5531655579448527f,0.42765264731388525f,1.0013137295941907f,-1.0240850167744489f,0.6034107317656163f,-1.1682992531821363f,-0.6763166791847248f,0f,0f,0f,1f],start_interpolation:0}
execute if entity @s[tag=aj.red_knight.bone.right_hand] run data modify entity @s {} merge value {transformation:[-0.7461404489780504f,0.3997298845807236f,0.5324382121635476f,-0.4257728897011268f,0.25636767859724646f,0.9105421340113006f,-0.32432797529785456f,1.2858581464727221f,-0.6144510100646693f,-0.1054942726560463f,-0.7818701392605292f,-0.7092836393897393f,0f,0f,0f,1f],start_interpolation:0}
execute if entity @s[tag=aj.red_knight.bone.right_arm] run data modify entity @s {} merge value {transformation:[-0.7461404489780504f,0.3997298845807236f,0.5324382121635476f,-0.25422352270852255f,0.25636767859724646f,0.9105421340113006f,-0.32432797529785456f,1.5543795834389256f,-0.6144510100646693f,-0.1054942726560463f,-0.7818701392605292f,-0.703847411465712f,0f,0f,0f,1f],start_interpolation:0}
execute if entity @s[tag=aj.red_knight.bone.waist] run data modify entity @s {} merge value {transformation:[-0.9970520639516773f,-0.017766702602448614f,0.07464265568920045f,-0.14187968547851337f,-0.06929667809717871f,0.6261733178575626f,-0.7765983172837473f,0.9163536450255713f,-0.03294164802186396f,-0.7794814431927729f,-0.6255585724324426f,-0.48680996466367504f,0f,0f,0f,1f],start_interpolation:0}
execute if entity @s[tag=aj.red_knight.bone.left_foot] run data modify entity @s {} merge value {transformation:[-0.9788194472063702f,-0.20425546054466398f,0.013863499136332544f,0.2091176775300956f,-0.17697776139771412f,0.8101707285016997f,-0.5588401047255636f,1.1505564030979625f,0.10291434176668299f,-0.5494570934265135f,-0.8291595387752696f,-0.061496970940769446f,0f,0f,0f,1f],start_interpolation:0}
execute if entity @s[tag=aj.red_knight.bone.left_leg] run data modify entity @s {} merge value {transformation:[-0.9788194472063702f,-0.08201760173249789f,0.18757825773971043f,0.20291193976699995f,-0.17697776139771412f,-0.12160201653674974f,-0.9766738562820496f,0.9256896387978837f,0.10291434176668299f,-0.989184544248567f,0.10451112705585464f,-0.5072143760945602f,0f,0f,0f,1f],start_interpolation:0}
execute if entity @s[tag=aj.red_knight.bone.right_foot] run data modify entity @s {} merge value {transformation:[-0.995328118632423f,-0.06124059283926603f,0.07464265568920045f,-0.03047375477409475f,-0.09654401952398356f,0.6225546609625575f,-0.7765983172837473f,0.7500208077305343f,0.0010902081424979948f,-0.7801764440833179f,-0.6255585724324426f,-0.042224200299144865f,0f,0f,0f,1f],start_interpolation:0}
execute if entity @s[tag=aj.red_knight.bone.right_leg] run data modify entity @s {} merge value {transformation:[-0.995328118632423f,-0.06124059283926603f,0.07464265568920045f,-0.04635107622091937f,-0.09654401952398356f,0.6225546609625575f,-0.7765983172837473f,0.9083654692735891f,0.0010902081424979948f,-0.7801764440833179f,-0.6255585724324426f,-0.5154497881000262f,0f,0f,0f,1f],start_interpolation:0}