execute if entity @s[tag=aj.red_knight.bone.head] run data modify entity @s {} merge value {transformation:[-0.9908518858081042f,0.08385515131955214f,-0.10573955734586012f,0.0726653894694009f,0.045185312019322285f,0.9444417854448923f,0.32555798482510045f,1.6000006252421293f,0.127164570412674f,0.3178018683123794f,-0.939590945320846f,-0.5637207925645108f,0f,0f,0f,1f],start_interpolation:0}
execute if entity @s[tag=aj.red_knight.bone.body] run data modify entity @s {} merge value {transformation:[-0.992546151641322f,0.03412299815104136f,0.11699469158549808f,0.4453010541074801f,0f,0.9600010003874067f,-0.27999657007752504f,0.779997909893485f,-0.12186934340514759f,-0.2779095181032171f,-0.9528452985063398f,0.24773762951303918f,0f,0f,0f,1f],start_interpolation:0}
execute if entity @s[tag=aj.red_knight.bone.left_hand] run data modify entity @s {} merge value {transformation:[0.5023169593329702f,-0.7689661786788262f,-0.3954348093106651f,0.5643385607051041f,-0.737573394431392f,-0.619725069192711f,0.26819083959196477f,1.7967180608574802f,-0.4512905496389579f,0.15694538751480513f,-0.878467406990376f,-0.6156628891593051f,0f,0f,0f,1f],start_interpolation:0}
execute if entity @s[tag=aj.red_knight.bone.left_arm] run data modify entity @s {} merge value {transformation:[0.5023169593329702f,-0.5888413726455988f,-0.6332010030214147f,0.4117204417116652f,-0.737573394431392f,-0.6739813151603257f,0.04164942546675937f,1.5400005627179163f,-0.4512905496389579f,0.4461110003974392f,-0.7728659748824263f,-0.5044588608875402f,0f,0f,0f,1f],start_interpolation:0}
execute if entity @s[tag=aj.red_knight.bone.weapon] run data modify entity @s {} merge value {transformation:[0.31621529144788935f,0.8723570949579667f,-1.3844777954553127f,-0.5744889670587962f,-0.4286736736325999f,1.4050068881937745f,0.7873831998716737f,0.9979584460508774f,1.5792480960148843f,0.20670394476719964f,0.49094470995094835f,-0.4965568650744431f,0f,0f,0f,1f],start_interpolation:0}
execute if entity @s[tag=aj.red_knight.bone.right_hand] run data modify entity @s {} merge value {transformation:[-0.7477777955675439f,0.4113565076705295f,0.521166184679369f,-0.44594005841175566f,0.1965788878102235f,0.8869252754482848f,-0.41799557011800914f,1.2751225946284663f,-0.6341806598465773f,-0.21011753703127556f,-0.7440870320792254f,-0.5622185953967167f,0f,0f,0f,1f],start_interpolation:0}
execute if entity @s[tag=aj.red_knight.bone.right_arm] run data modify entity @s {} merge value {transformation:[-0.7477777955675439f,0.4113565076705295f,0.521166184679369f,-0.2706550375417437f,0.1965788878102235f,0.8869252754482848f,-0.41799557011800914f,1.5400005627179163f,-0.6341806598465773f,-0.21011753703127556f,-0.7440870320792254f,-0.5882440344785792f,0f,0f,0f,1f],start_interpolation:0}
execute if entity @s[tag=aj.red_knight.bone.waist] run data modify entity @s {} merge value {transformation:[-0.9970549645537962f,-0.03885854042842981f,0.06611665065927383f,-0.16251710501178335f,-0.07350215373489515f,0.7301926235604455f,-0.6792762073665215f,0.904056585668568f,-0.02188220863990216f,-0.6821354310792583f,-0.7308983668139873f,-0.3202055141156848f,0f,0f,0f,1f],start_interpolation:0}
execute if entity @s[tag=aj.red_knight.bone.left_foot] run data modify entity @s {} merge value {transformation:[-0.9751597445396971f,-0.2215021631941817f,-0.0005141299161914581f,0.19610794234273926f,-0.1991821092883262f,0.8779067602889402f,-0.4354379491712117f,1.07893468718726f,0.09690180580735279f,-0.4245191537955332f,-0.9002186001699799f,0.12672507151975476f,0f,0f,0f,1f],start_interpolation:0}
execute if entity @s[tag=aj.red_knight.bone.left_leg] run data modify entity @s {} merge value {transformation:[-0.9751597445396971f,-0.10273435548879642f,0.19623741954982551f,0.1816795196924922f,-0.1991821092883262f,0.01913405102130683f,-0.9797756760764004f,0.9195048292778664f,0.09690180580735279f,-0.9945247811361039f,-0.03912160192858216f,-0.346182444969269f,0f,0f,0f,1f],start_interpolation:0}
execute if entity @s[tag=aj.red_knight.bone.right_foot] run data modify entity @s {} merge value {transformation:[-0.9944110034294331f,-0.08231248243169292f,0.06611665065927383f,-0.04036404463816352f,-0.10528275086967734f,0.7262915230643051f,-0.6792762073665215f,0.6774307375488704f,0.007892947977889211f,-0.68244067783278f,-0.7308983668139873f,0.09386422740102518f,0f,0f,0f,1f],start_interpolation:0}
execute if entity @s[tag=aj.red_knight.bone.right_leg] run data modify entity @s {} merge value {transformation:[-0.9944110034294331f,-0.08231248243169292f,0.06611665065927383f,-0.06758422144595688f,-0.10528275086967734f,0.7262915230643051f,-0.6792762073665215f,0.9011292908441426f,0.007892947977889211f,-0.68244067783278f,-0.7308983668139873f,-0.35165299712924447f,0f,0f,0f,1f],start_interpolation:0}