execute if entity @s[tag=aj.red_knight.bone.head] run data modify entity @s {} merge value {transformation:[-0.9930549787155405f,-0.02789504919336877f,0.11429643685949498f,0.0384262048905146f,0.01641586650724607f,0.9291294279492366f,0.36939007220760656f,1.6240274485054584f,-0.11650033723167186f,0.36870092534359605f,-0.9222186828923401f,-0.16752272864836595f,0f,0f,0f,1f],start_interpolation:0}
execute if entity @s[tag=aj.red_knight.bone.body] run data modify entity @s {} merge value {transformation:[-0.813870988938695f,0.03240205157813085f,0.580141465866282f,0.09745544644425598f,0f,0.9984439176087337f,-0.05576507321006771f,0.6534660675017587f,-0.5810456207252149f,-0.045385575281716536f,-0.8126045386240451f,0.5565302506603176f,0f,0f,0f,1f],start_interpolation:0}
execute if entity @s[tag=aj.red_knight.bone.left_hand] run data modify entity @s {} merge value {transformation:[-0.725604464827284f,-0.44114203295207816f,0.5281021372666638f,0.5535858083051111f,-0.5500748414486392f,0.8329574431800217f,-0.0599963886934512f,1.3496723477683628f,-0.4134196771175329f,-0.3340293469351289f,-0.8470587736149872f,0.051542748256903664f,0f,0f,0f,1f],start_interpolation:0}
execute if entity @s[tag=aj.red_knight.bone.left_arm] run data modify entity @s {} merge value {transformation:[-0.725604464827284f,-0.6146121604443138f,0.3094350543436921f,0.3161692291145578f,-0.5500748414486392f,0.7882625071266878f,0.2757895731596886f,1.5616247036549127f,-0.4134196771175329f,0.02990170718072349f,-0.9100494813358848f,0.03504830193103395f,0f,0f,0f,1f],start_interpolation:0}
execute if entity @s[tag=aj.red_knight.bone.weapon] run data modify entity @s {} merge value {transformation:[-0.39701565721063775f,0.13120790424410927f,-1.6133632051002187f,-0.4809912772366794f,-0.7631607559793753f,1.4497960363107674f,0.3057039276953349f,1.0046714351047175f,1.427495010933618f,0.811574837423657f,-0.2852754016703358f,-0.5313608077160391f,0f,0f,0f,1f],start_interpolation:0}
execute if entity @s[tag=aj.red_knight.bone.right_hand] run data modify entity @s {} merge value {transformation:[-0.38808186515575244f,0.3413905358138399f,0.8560636471629732f,-0.37430673479485443f,0.3131667015878222f,0.9224418998390946f,-0.22589280297930175f,1.2929345288044345f,-0.8667866421177914f,0.1804257284258013f,-0.46489512104149117f,-0.47497776758297616f,0f,0f,0f,1f],start_interpolation:0}
execute if entity @s[tag=aj.red_knight.bone.right_arm] run data modify entity @s {} merge value {transformation:[-0.38808186515575244f,0.3413905358138399f,0.8560636471629732f,-0.24336707578079494f,0.3131667015878222f,0.9224418998390946f,-0.22589280297930175f,1.5616247036549127f,-0.8667866421177914f,0.1804257284258013f,-0.46489512104149117f,-0.36442056231755127f,0f,0f,0f,1f],start_interpolation:0}
execute if entity @s[tag=aj.red_knight.bone.waist] run data modify entity @s {} merge value {transformation:[-0.865111181599695f,0.05607331709940952f,0.49843598042341236f,-0.17720116737849836f,-0.07208330497180947f,0.969517082505986f,-0.23418075043312636f,0.8781908461383244f,-0.4963734890337319f,-0.23852129850088896f,-0.8346981188105849f,-0.22165017779988724f,0f,0f,0f,1f],start_interpolation:0}
execute if entity @s[tag=aj.red_knight.bone.left_foot] run data modify entity @s {} merge value {transformation:[-0.8617052281869843f,-0.24048907909430609f,0.44679872711500596f,-0.06921021927599208f,-0.2393430721931048f,0.9690791486931627f,0.06000414453436609f,0.8190779635047335f,-0.4474136715707101f,-0.055232294941523485f,-0.8926199639752121f,0.3646815078456368f,0f,0f,0f,1f],start_interpolation:0}
execute if entity @s[tag=aj.red_knight.bone.left_leg] run data modify entity @s {} merge value {transformation:[-0.8617052281869843f,0.28526981243128413f,0.4196251110582361f,0.13663307126430668f,-0.2393430721931048f,0.5006952792616296f,-0.831876872570866f,0.9108000381855048f,-0.4474136715707101f,-0.817267013552204f,-0.36317438655703405f,-0.08083300244644906f,0f,0f,0f,1f],start_interpolation:0}
execute if entity @s[tag=aj.red_knight.bone.right_foot] run data modify entity @s {} merge value {transformation:[-0.8667336711871734f,0.018284327982080024f,0.49843598042341236f,-0.1738841870124911f,-0.11430443881696796f,0.9654500874686976f,-0.23418075043312636f,0.48047429992229396f,-0.48549689854533845f,-0.25994578657275424f,-0.8346981188105849f,0.060386951921665794f,0f,0f,0f,1f],start_interpolation:0}
execute if entity @s[tag=aj.red_knight.bone.right_leg] run data modify entity @s {} merge value {transformation:[-0.8667336711871734f,0.018284327982080024f,0.49843598042341236f,-0.07964472413561707f,-0.11430443881696796f,0.9654500874686976f,-0.23418075043312636f,0.8927792119425524f,-0.48549689854533845f,-0.25994578657275424f,-0.8346981188105849f,-0.20492637470488204f,0f,0f,0f,1f],start_interpolation:0}