execute if entity @s[tag=aj.red_knight.bone.head] run data modify entity @s {} merge value {transformation:[-0.9786006768139959f,-0.0688870194457786f,0.1938950589650651f,0.0047085926295650105f,0.0023238322714000037f,0.9385366600300733f,0.34517175084755813f,1.6249887137027115f,-0.20575547415017553f,0.33823588859178044f,-0.9182925288413084f,-0.017881146447661558f,0f,0f,0f,1f],start_interpolation:0}
execute if entity @s[tag=aj.red_knight.bone.body] run data modify entity @s {} merge value {transformation:[-0.6920165000002092f,0.004338252176365676f,0.7218686468433955f,-0.036181248593400356f,0f,0.9999819419243384f,-0.00600964435129536f,0.6280115939540207f,-0.7218816826374392f,-0.004158773050229443f,-0.6920040035138931f,0.6706616670958141f,0f,0f,0f,1f],start_interpolation:0}
execute if entity @s[tag=aj.red_knight.bone.left_hand] run data modify entity @s {} merge value {transformation:[-0.6357924713766886f,-0.10501456679983034f,0.7646828585110083f,0.4121787203246119f,-0.36682605714106276f,0.9127798021438991f,-0.17964319246908908f,1.3029648734010548f,-0.6791219162588295f,-0.39472138725687056f,-0.618860605709353f,0.30371486835539935f,0f,0f,0f,1f],start_interpolation:0}
execute if entity @s[tag=aj.red_knight.bone.left_arm] run data modify entity @s {} merge value {transformation:[-0.6357924713766886f,-0.4163954147838552f,0.6499098336597962f,0.24231812374361408f,-0.36682605714106276f,0.9038451120086467f,0.22023318846263532f,1.5624898423324405f,-0.6791219162588295f,-0.0983812586068f,-0.7274026057224964f,0.2305256052745975f,0f,0f,0f,1f],start_interpolation:0}
execute if entity @s[tag=aj.red_knight.bone.weapon] run data modify entity @s {} merge value {transformation:[-0.6261637011736575f,-0.1259798302786337f,-1.5394238790772508f,-0.41598194981568537f,-0.8315103200737336f,1.4273563267495586f,0.22140976012060024f,1.00611701641249f,1.301647949608941f,0.8512113583762565f,-0.5991073496693768f,-0.49305672415016566f,0f,0f,0f,1f],start_interpolation:0}
execute if entity @s[tag=aj.red_knight.bone.right_hand] run data modify entity @s {} merge value {transformation:[-0.232306958286761f,0.26883127186597294f,0.934753028558066f,-0.33197217735756884f,0.33666327552865494f,0.9238628490247864f,-0.1820309729197795f,1.2948241567327357f,-0.9125192140672272f,0.27240995477171515f,-0.305125384882022f,-0.40792861328400465f,0f,0f,0f,1f],start_interpolation:0}
execute if entity @s[tag=aj.red_knight.bone.right_arm] run data modify entity @s {} merge value {transformation:[-0.232306958286761f,0.26883127186597294f,0.934753028558066f,-0.23344322000652976f,0.33666327552865494f,0.9238628490247864f,-0.1820309729197795f,1.5624898423324405f,-0.9125192140672272f,0.27240995477171515f,-0.305125384882022f,-0.26576805153864197f,0f,0f,0f,1f],start_interpolation:0}
execute if entity @s[tag=aj.red_knight.bone.waist] run data modify entity @s {} merge value {transformation:[-0.758068466915775f,0.09932882059670292f,0.6445665092655951f,-0.1746943818712537f,-0.07208330497180947f,0.969517082505986f,-0.23418075043312636f,0.8781908461383244f,-0.6481791392912207f,-0.22398752672403238f,-0.7278003787164056f,-0.13257246427578162f,0f,0f,0f,1f],start_interpolation:0}
execute if entity @s[tag=aj.red_knight.bone.left_foot] run data modify entity @s {} merge value {transformation:[-0.7637999722191566f,-0.22607712961436185f,0.6045649128946754f,-0.17729696428975547f,-0.2393430721931048f,0.9690791486931627f,0.06000414453436609f,0.8190779635047335f,-0.599436815879023f,-0.09886725966398535f,-0.7942926216045019f,0.4636155237185714f,0f,0f,0f,1f],start_interpolation:0}
execute if entity @s[tag=aj.red_knight.bone.left_leg] run data modify entity @s {} merge value {transformation:[-0.7637999722191566f,0.4318648260134364f,0.47968987324145135f,0.10758636986741729f,-0.2393430721931048f,0.5006952792616296f,-0.831876872570866f,0.9108000381855048f,-0.599436815879023f,-0.7501979801209164f,-0.279067186160099f,0.0639955479156248f,0f,0f,0f,1f],start_interpolation:0}
execute if entity @s[tag=aj.red_knight.bone.right_foot] run data modify entity @s {} merge value {transformation:[-0.76167961601164f,0.06616779946111387f,0.6445665092655951f,-0.22373177163894775f,-0.11430443881696796f,0.9654500874686976f,-0.23418075043312636f,0.48047429992229396f,-0.6377920176821743f,-0.25204751718903723f,-0.7278003787164056f,0.14518872686706302f,0f,0f,0f,1f],start_interpolation:0}
execute if entity @s[tag=aj.red_knight.bone.right_leg] run data modify entity @s {} merge value {transformation:[-0.76167961601164f,0.06616779946111387f,0.6445665092655951f,-0.08193074686152646f,-0.11430443881696796f,0.9654500874686976f,-0.23418075043312636f,0.8927792119425524f,-0.6377920176821743f,-0.25204751718903723f,-0.7278003787164056f,-0.09804923690718038f,0f,0f,0f,1f],start_interpolation:0}