execute if entity @s[tag=aj.red_knight.bone.head] run data modify entity @s {} merge value {transformation:[-0.9969688968873286f,0.045140296579064806f,-0.06336696508447628f,0.0759222551096479f,0.01484838032883045f,0.9098986042082113f,0.41456489921550166f,1.6169083619552116f,0.07637109558513325f,0.41236741346122735f,-0.9078108680085426f,-0.5071012082642701f,0f,0f,0f,1f],start_interpolation:0}
execute if entity @s[tag=aj.red_knight.bone.body] run data modify entity @s {} merge value {transformation:[-0.9746700664376676f,0.035871313447164606f,0.22075214712878316f,0.3865514617407484f,4.336808689942018e-19f,0.9870533791283387f,-0.16039210314516145f,0.7100510343994537f,-0.22364762817967165f,-0.15632938182857173f,-0.9620513826125421f,0.23508869057979387f,0f,0f,0f,1f],start_interpolation:0}
execute if entity @s[tag=aj.red_knight.bone.left_hand] run data modify entity @s {} merge value {transformation:[-0.4908959768197362f,-0.8333875662745575f,-0.25394153721116075f,0.6558717803500993f,-0.8545829141147994f,0.5173015600424037f,-0.04568521512210294f,1.4521269151556662f,0.16943784360423858f,0.19458741058112117f,-0.9661400296013407f,-0.593230140418898f,0f,0f,0f,1f],start_interpolation:0}
execute if entity @s[tag=aj.red_knight.bone.left_arm] run data modify entity @s {} merge value {transformation:[-0.4908959768197362f,-0.6926964750134958f,-0.5283869164221182f,0.4087231333571484f,-0.8545829141147994f,0.5008065367558376f,0.13740762586436472f,1.5552175257596905f,0.16943784360423858f,0.5190032815373149f,-0.8378104862725484f,-0.4204517497132222f,0f,0f,0f,1f],start_interpolation:0}
execute if entity @s[tag=aj.red_knight.bone.weapon] run data modify entity @s {} merge value {transformation:[0.16585655873555843f,0.612050845955755f,-1.5413186372930876f,-0.5579833980923451f,-0.6125852199632569f,1.4620670847979065f,0.514661991612842f,1.001580320568934f,1.5411063324718197f,0.5152973697712553f,0.3704560304541684f,-0.5799679645866795f,0f,0f,0f,1f],start_interpolation:0}
execute if entity @s[tag=aj.red_knight.bone.right_hand] run data modify entity @s {} merge value {transformation:[-0.6846251849174608f,0.40613085874600896f,0.6052652986508992f,-0.4310675047342173f,0.2609888616756499f,0.9119184144727754f,-0.31668536345513004f,1.2865548250916763f,-0.6805682700934427f,-0.05884327420945119f,-0.7303179436535364f,-0.598356487777133f,0f,0f,0f,1f],start_interpolation:0}
execute if entity @s[tag=aj.red_knight.bone.right_arm] run data modify entity @s {} merge value {transformation:[-0.6846251849174608f,0.40613085874600896f,0.6052652986508992f,-0.26136253731874814f,0.2609888616756499f,0.9119184144727754f,-0.31668536345513004f,1.5552175257596905f,-0.6805682700934427f,-0.05884327420945119f,-0.7303179436535364f,-0.5742094940867464f,0f,0f,0f,1f],start_interpolation:0}
execute if entity @s[tag=aj.red_knight.bone.waist] run data modify entity @s {} merge value {transformation:[-0.9894351453529169f,-0.039898337761300404f,0.13937796018143378f,-0.15857237314813832f,-0.07208330497180947f,0.969517082505986f,-0.23418075043312636f,0.8781908461383244f,-0.1257858906427635f,-0.24175348885376258f,-0.9621502795001622f,-0.4104692203561369f,0f,0f,0f,1f],start_interpolation:0}
execute if entity @s[tag=aj.red_knight.bone.left_foot] run data modify entity @s {} merge value {transformation:[-0.967475128602124f,-0.24324694297562238f,0.06944638413422058f,0.16645706732384305f,-0.2393430721931048f,0.9690791486931627f,0.06000414453436609f,0.8190779635047335f,-0.08189486754046083f,0.04143100651865933f,-0.9957794446409208f,0.08933349401271334f,0f,0f,0f,1f],start_interpolation:0}
execute if entity @s[tag=aj.red_knight.bone.left_leg] run data modify entity @s {} merge value {transformation:[-0.967475128602124f,-0.05071924354054519f,0.24782944512502603f,0.18527810779507634f,-0.2393430721931048f,0.5006952792616296f,-0.831876872570866f,0.9108000381855048f,-0.08189486754046083f,-0.8641364450477675f,-0.4965495292624258f,-0.4010749149454071f,0f,0f,0f,1f],start_interpolation:0}
execute if entity @s[tag=aj.red_knight.bone.right_foot] run data modify entity @s {} merge value {transformation:[-0.9867530812853754f,-0.08301891826252586f,0.13937796018143378f,-0.047121147513777814f,-0.11430443881696796f,0.9654500874686976f,-0.23418075043312636f,0.48047429992229396f,-0.11512103126950919f,-0.24701009658960146f,-0.9621502795001622f,-0.15136582554063188f,0f,0f,0f,1f],start_interpolation:0}
execute if entity @s[tag=aj.red_knight.bone.right_leg] run data modify entity @s {} merge value {transformation:[-0.9867530812853754f,-0.08301891826252586f,0.13937796018143378f,-0.062080678543152884f,-0.11430443881696796f,0.9654500874686976f,-0.23418075043312636f,0.8927792119425524f,-0.11512103126950919f,-0.24701009658960146f,-0.9621502795001622f,-0.43252138760609793f,0f,0f,0f,1f],start_interpolation:0}