execute if entity @s[tag=aj.red_knight.bone.head] run data modify entity @s {} merge value {transformation:[-0.9729292884778267f,-0.17042529255317312f,0.1560891388924786f,-0.0014184071107745042f,-0.0455848245987629f,0.8036620580966338f,0.5933374420531566f,1.6246111786546376f,-0.22656262575352126f,0.5701600793058457f,-0.7896751614288129f,-0.05040241141082442f,0f,0f,0f,1f],start_interpolation:0}
execute if entity @s[tag=aj.red_knight.bone.body] run data modify entity @s {} merge value {transformation:[-0.8767267557075079f,-0.016963576377239234f,0.4806895389990107f,0.18616606650485368f,0f,0.9993778858474202f,0.03526813404676875f,0.6075992257838331f,-0.4809887689193874f,0.030920516742681068f,-0.8761813315848369f,0.5822312230698757f,0f,0f,0f,1f],start_interpolation:0}
execute if entity @s[tag=aj.red_knight.bone.left_hand] run data modify entity @s {} merge value {transformation:[0.6994717036813598f,-0.6833007430213403f,0.20937867688850373f,0.4803322794176196f,-0.6010262435396009f,-0.4039274320210194f,0.6896448972025975f,1.792039224069212f,-0.3866610794038785f,-0.6082291708290464f,-0.6932174878253133f,0.24168817526932512f,0f,0f,0f,1f],start_interpolation:0}
execute if entity @s[tag=aj.red_knight.bone.left_arm] run data modify entity @s {} merge value {transformation:[0.6994717036813598f,-0.7137043910734266f,-0.036951020440650684f,0.30101663868725875f,-0.6010262435396009f,-0.615440073788202f,0.5099029026709389f,1.5621500607891738f,-0.3866610794038785f,-0.33445411903291294f,-0.8594379860909953f,0.11300494560879744f,0f,0f,0f,1f],start_interpolation:0}
execute if entity @s[tag=aj.red_knight.bone.weapon] run data modify entity @s {} merge value {transformation:[-0.8371171380184099f,-0.3313476542484511f,1.402576702728836f,-0.5330227129794279f,0.5925303150647981f,1.399456021745425f,0.684257587979452f,1.0073044638673334f,-1.3137429355634442f,0.8423237815723214f,-0.5851050538430059f,-0.3998359840896392f,0f,0f,0f,1f],start_interpolation:0}
execute if entity @s[tag=aj.red_knight.bone.right_hand] run data modify entity @s {} merge value {transformation:[-0.5022702828110459f,0.31983650310733536f,0.8033860680177268f,-0.4330738057583856f,0.3555181890388789f,0.9233047739788326f,-0.14531039746147806f,1.2958372057357186f,-0.7882457613380666f,0.21263326557236578f,-0.5774562443203848f,-0.3333880885982749f,0f,0f,0f,1f],start_interpolation:0}
execute if entity @s[tag=aj.red_knight.bone.right_arm] run data modify entity @s {} merge value {transformation:[-0.5022702828110459f,0.31983650310733536f,0.8033860680177268f,-0.3017330058616529f,0.3555181890388789f,0.9233047739788326f,-0.14531039746147806f,1.5621500607891738f,-0.7882457613380666f,0.21263326557236578f,-0.5774562443203848f,-0.21767483302328144f,0f,0f,0f,1f],start_interpolation:0}
execute if entity @s[tag=aj.red_knight.bone.waist] run data modify entity @s {} merge value {transformation:[-0.9059457751621016f,0.0816999819657788f,0.41543635542972196f,-0.19792774571921676f,-0.028476421788473767f,0.9672262776409929f,-0.2523141320712612f,0.8879804086167877f,-0.42243501969896363f,-0.24041306284713473f,-0.8739280367080553f,-0.13584021618524303f,0f,0f,0f,1f],start_interpolation:0}
execute if entity @s[tag=aj.red_knight.bone.left_foot] run data modify entity @s {} merge value {transformation:[-0.9063694761720709f,-0.19822399969717122f,0.37309733127914707f,-0.04430455665139868f,-0.19600088145926156f,0.9796021627049483f,0.04430865932276079f,0.8203734432641206f,-0.37426999229267405f,-0.03296738946055361f,-0.9267335777349378f,0.43928623719148124f,0f,0f,0f,1f],start_interpolation:0}
execute if entity @s[tag=aj.red_knight.bone.left_leg] run data modify entity @s {} merge value {transformation:[-0.9063694761720709f,0.23941171770441666f,0.3481040104471456f,0.12775006281814977f,-0.19600088145926156f,0.49163220097394195f,-0.8484582685275157f,0.9049972725674892f,-0.37426999229267405f,-0.8372453692862913f,-0.39867551276433244f,-0.021694883417837478f,0f,0f,0f,1f],start_interpolation:0}
execute if entity @s[tag=aj.red_knight.bone.right_foot] run data modify entity @s {} merge value {transformation:[-0.9086472186864015f,0.04210542198739586f,0.41543635542972196f,-0.1898764211184509f,-0.07063913621914408f,0.965063568471704f,-0.2523141320712612f,0.4888711108490076f,-0.41154628464813064f,-0.2586105996434098f,-0.8739280367080553f,0.14412646154946698f,0f,0f,0f,1f],start_interpolation:0}
execute if entity @s[tag=aj.red_knight.bone.right_leg] run data modify entity @s {} merge value {transformation:[-0.9086472186864015f,0.04210542198739586f,0.41543635542972196f,-0.09873638097237564f,-0.07063913621914408f,0.965063568471704f,-0.2523141320712612f,0.8978781671203708f,-0.41154628464813064f,-0.2586105996434098f,-0.8739280367080553f,-0.12730363834257838f,0f,0f,0f,1f],start_interpolation:0}