execute if entity @s[tag=aj.red_knight.bone.head] run data modify entity @s {} merge value {transformation:[-0.9980790597535579f,0.039687152211597326f,-0.047572265352698234f,0.07454804374970456f,0.016667276386870118f,0.9115745347562751f,0.4107968713144299f,1.617785262109878f,0.05966902361609172f,0.40921485497622645f,-0.9104849312797485f,-0.47626329362317543f,0f,0f,0f,1f],start_interpolation:0}
execute if entity @s[tag=aj.red_knight.bone.body] run data modify entity @s {} merge value {transformation:[-0.9665801144660074f,0.03884066075873747f,0.25340537758837084f,0.3620891228527227f,4.336808689942018e-19f,0.9884564193758049f,-0.15150546853088506f,0.7050815769995158f,-0.2563647446878765f,-0.14644217311480898f,-0.9554223189849254f,0.26806101305653834f,0f,0f,0f,1f],start_interpolation:0}
execute if entity @s[tag=aj.red_knight.bone.left_hand] run data modify entity @s {} merge value {transformation:[-0.5435340651953483f,-0.8176483266186568f,-0.1897944518418003f,0.6565426176775426f,-0.8287754007153766f,0.5586041185406008f,-0.03305713112999392f,1.4408111961174253f,0.13304907042623862f,0.1393292960119621f,-0.9812671869228712f,-0.5361721741966933f,0f,0f,0f,1f],start_interpolation:0}
execute if entity @s[tag=aj.red_knight.bone.left_arm] run data modify entity @s {} merge value {transformation:[-0.5435340651953483f,-0.6982058297691516f,-0.4659177387142389f,0.4043824167999735f,-0.8287754007153766f,0.5343808074437636f,0.16603760960944508f,1.5560067358988903f,0.13304907042623862f,0.47638825752963543f,-0.8691099889810218f,-0.3789852768170423f,0f,0f,0f,1f],start_interpolation:0}
execute if entity @s[tag=aj.red_knight.bone.weapon] run data modify entity @s {} merge value {transformation:[0.11525871223149706f,0.5738227149302366f,-1.5605193683074263f,-0.55512221829724f,-0.6257402668194106f,1.4642291887919172f,0.4921989221324184f,1.001845608434091f,1.540435758320771f,0.5518497551849001f,0.31669748967564676f,-0.5758034562619376f,0f,0f,0f,1f],start_interpolation:0}
execute if entity @s[tag=aj.red_knight.bone.right_hand] run data modify entity @s {} merge value {transformation:[-0.6619100287902862f,0.40577828736390487f,0.6302531993499588f,-0.42831650349601974f,0.26556850697020395f,0.913214654640699f,-0.3090507444661565f,1.2872251880093095f,-0.700962539578585f,-0.03718838600269016f,-0.712227872281095f,-0.5874248268877783f,0f,0f,0f,1f],start_interpolation:0}
execute if entity @s[tag=aj.red_knight.bone.right_arm] run data modify entity @s {} merge value {transformation:[-0.6619100287902862f,0.40577828736390487f,0.6302531993499588f,-0.26014141189540657f,0.26556850697020395f,0.913214654640699f,-0.3090507444661565f,1.5560067358988903f,-0.700962539578585f,-0.03718838600269016f,-0.712227872281095f,-0.5552360387899574f,0f,0f,0f,1f],start_interpolation:0}
execute if entity @s[tag=aj.red_knight.bone.waist] run data modify entity @s {} merge value {transformation:[-0.9846345226296243f,-0.03172914358304295f,0.17172104790449685f,-0.16164579597034132f,-0.07208330497180947f,0.969517082505986f,-0.23418075043312636f,0.8781908461383244f,-0.15905613471436103f,-0.24296067207794714f,-0.9569071312479385f,-0.3929566413866608f,0f,0f,0f,1f],start_interpolation:0}
execute if entity @s[tag=aj.red_knight.bone.left_foot] run data modify entity @s {} merge value {transformation:[-0.9641660038070006f,-0.2445049254254041f,0.10296241326598919f,0.14635685273823096f,-0.2393430721931048f,0.9690791486931627f,0.06000414453436609f,0.8190779635047335f,-0.11445003667978877f,0.03321061593605945f,-0.9928737301858391f,0.11751496296808073f,0f,0f,0f,1f],start_interpolation:0}
execute if entity @s[tag=aj.red_knight.bone.left_leg] run data modify entity @s {} merge value {transformation:[-0.9641660038070006f,-0.021571034267210284f,0.26442126915866965f,0.1816928360621225f,-0.2393430721931048f,0.5006952792616296f,-0.831876872570866f,0.9108000381855048f,-0.11445003667978877f,-0.8653547987997533f,-0.4879162441426125f,-0.3719807034313152f,0f,0f,0f,1f],start_interpolation:0}
execute if entity @s[tag=aj.red_knight.bone.right_foot] run data modify entity @s {} merge value {transformation:[-0.9823133629365085f,-0.07464809912481875f,0.17172104790449685f,-0.058989053239110176f,-0.11430443881696796f,0.9654500874686976f,-0.23418075043312636f,0.48047429992229396f,-0.14830695284815645f,-0.2496673585067448f,-0.9569071312479385f,-0.1302447496266294f,0f,0f,0f,1f],start_interpolation:0}
execute if entity @s[tag=aj.red_knight.bone.right_leg] run data modify entity @s {} merge value {transformation:[-0.9823133629365085f,-0.07464809912481875f,0.17172104790449685f,-0.06446579459528357f,-0.11430443881696796f,0.9654500874686976f,-0.23418075043312636f,0.8927792119425524f,-0.14830695284815645f,-0.2496673585067448f,-0.9569071312479385f,-0.41174473710990545f,0f,0f,0f,1f],start_interpolation:0}