execute if entity @s[tag=aj.red_knight.bone.head] run data modify entity @s {} merge value {transformation:[-0.9903473497038766f,-0.03736741952279421f,0.13347585134665846f,0.031244297647161086f,0.01390143529240823f,0.9313423377425214f,0.3638793756522983f,1.624397380062795f,-0.13790894471106208f,0.3622224811997495f,-0.9218329550857782f,-0.13126322820377323f,0f,0f,0f,1f],start_interpolation:0}
execute if entity @s[tag=aj.red_knight.bone.body] run data modify entity @s {} merge value {transformation:[-0.7872205555533444f,0.027073595551557875f,0.6160769573179917f,0.06514185885223751f,0f,0.9990358081004721f,-0.043902780470452235f,0.6473129621975491f,-0.6166715470283058f,-0.03456117123228593f,-0.7864615238705379f,0.5855934926333f,0f,0f,0f,1f],start_interpolation:0}
execute if entity @s[tag=aj.red_knight.bone.left_hand] run data modify entity @s {} merge value {transformation:[-0.7127066549159033f,-0.36661666861708625f,0.5980313054771406f,0.5248208184682732f,-0.5098259287451462f,0.8562988449558694f,-0.08264266759001015f,1.3384791074183284f,-0.4817953366500475f,-0.3637918449049586f,-0.797200568968007f,0.11674552732814408f,0f,0f,0f,1f],start_interpolation:0}
execute if entity @s[tag=aj.red_knight.bone.left_arm] run data modify entity @s {} merge value {transformation:[-0.7127066549159033f,-0.5763756436460112f,0.39980037700111015f,0.3001592638966508f,-0.5098259287451462f,0.8170964965912282f,0.26912977842945945f,1.5619576420565155f,-0.4817953366500475f,-0.012018014394532317f,-0.8762013586569473f,0.08287768928922476f,0f,0f,0f,1f],start_interpolation:0}
execute if entity @s[tag=aj.red_knight.bone.weapon] run data modify entity @s {} merge value {transformation:[-0.4544676955125952f,0.07115949530390214f,-1.6019279689615704f,-0.4669390975456251f,-0.7796452036517276f,1.44516040342666f,0.28538139842730975f,1.0050174957561704f,1.4012102796996977f,0.8271792504491181f,-0.3607797353900413f,-0.5236360146265424f,0f,0f,0f,1f],start_interpolation:0}
execute if entity @s[tag=aj.red_knight.bone.right_hand] run data modify entity @s {} merge value {transformation:[-0.35145762169883227f,0.3262690050290796f,0.8775112970823424f,-0.3649800334740378f,0.31884501269347687f,0.9229887353498998f,-0.21547540996060144f,1.2934514755530142f,-0.88023598996536f,0.20405962553755508f,-0.42842067083087354f,-0.45986738164605645f,0f,0f,0f,1f],start_interpolation:0}
execute if entity @s[tag=aj.red_knight.bone.right_arm] run data modify entity @s {} merge value {transformation:[-0.35145762169883227f,0.3262690050290796f,0.8775112970823424f,-0.2410548680462734f,0.31884501269347687f,0.9229887353498998f,-0.21547540996060144f,1.5619576420565155f,-0.88023598996536f,0.20405962553755508f,-0.42842067083087354f,-0.3410839992927355f,0f,0f,0f,1f],start_interpolation:0}
execute if entity @s[tag=aj.red_knight.bone.waist] run data modify entity @s {} merge value {transformation:[-0.8421762530328485f,0.06662725330838784f,0.5350700589120376f,-0.17719011075410313f,-0.07208330497180947f,0.969517082505986f,-0.23418075043312636f,0.8781908461383244f,-0.534362382631761f,-0.23579108517003147f,-0.8117015511765678f,-0.20076461744382004f,0f,0f,0f,1f],start_interpolation:0}
execute if entity @s[tag=aj.red_knight.bone.left_foot] run data modify entity @s {} merge value {transformation:[-0.8409514045094747f,-0.23779432688662502f,0.4860602774904348f,-0.09538609243073803f,-0.2393430721931048f,0.9690791486931627f,0.06000414453436609f,0.8190779635047335f,-0.48529952508395025f,-0.06587459046302901f,-0.8718628959214977f,0.38979020054528957f,0f,0f,0f,1f],start_interpolation:0}
execute if entity @s[tag=aj.red_knight.bone.left_leg] run data modify entity @s {} merge value {transformation:[-0.8409514045094747f,0.32133953103657076f,0.4353638030966037f,0.13006996639988327f,-0.2393430721931048f,0.5006952792616296f,-0.831876872570866f,0.9108000381855048f,-0.48529952508395025f,-0.8037693345222343f,-0.34415000775094673f,-0.0461274575942017f,0f,0f,0f,1f],start_interpolation:0}
execute if entity @s[tag=aj.red_knight.bone.right_foot] run data modify entity @s {} merge value {transformation:[-0.8442809278220869f,0.029828626715701786f,0.5350700589120376f,-0.18642143200682051f,-0.11430443881696796f,0.9654500874686976f,-0.23418075043312636f,0.48047429992229396f,-0.5235687253671805f,-0.258875224065455f,-0.8117015511765678f,0.08114091213701272f,0f,0f,0f,1f],start_interpolation:0}
execute if entity @s[tag=aj.red_knight.bone.right_leg] run data modify entity @s {} merge value {transformation:[-0.8442809278220869f,0.029828626715701786f,0.5350700589120376f,-0.08047409685832883f,-0.11430443881696796f,0.9654500874686976f,-0.23418075043312636f,0.8927792119425524f,-0.5235687253671805f,-0.258875224065455f,-0.8117015511765678f,-0.17971805325214193f,0f,0f,0f,1f],start_interpolation:0}