execute if entity @s[tag=aj.red_knight.bone.head] run data modify entity @s {} merge value {transformation:[-0.9932859435177499f,0.08196934852507086f,-0.08163369593757662f,0.061725606127826946f,0.05590534688289085f,0.9579003616465593f,0.2816052012078156f,1.59167624509133f,0.1012799417454261f,0.2751507278924883f,-0.9560514893771555f,-0.4255480061130512f,0f,0f,0f,1f],start_interpolation:0}
execute if entity @s[tag=aj.red_knight.bone.body] run data modify entity @s {} merge value {transformation:[-0.9873879149797652f,0.05100576082014807f,0.14987834304885364f,0.398618758930017f,0f,0.9466819921461278f,-0.32216952951239625f,0.8060790177014002f,-0.15831963034289842f,-0.31810630001525686f,-0.9347423583740556f,0.43414179981246714f,0f,0f,0f,1f],start_interpolation:0}
execute if entity @s[tag=aj.red_knight.bone.left_hand] run data modify entity @s {} merge value {transformation:[0.49585025232431257f,-0.8373185090462096f,-0.2302829600264597f,0.5883406837657223f,-0.7901472752950225f,-0.545027178556086f,0.28037948922673417f,1.771892607740775f,-0.36027740785923207f,0.042931212932141694f,-0.9318568024875965f,-0.4407430729743633f,0f,0f,0f,1f],start_interpolation:0}
execute if entity @s[tag=aj.red_knight.bone.left_arm] run data modify entity @s {} merge value {transformation:[0.49585025232431257f,-0.7084127445924158f,-0.5022787180131726f,0.397952341850862f,-0.7901472752950225f,-0.6079993038484455f,0.07748632049373383f,1.532508620582197f,-0.36027740785923207f,0.3584525489082848f,-0.861227008150224f,-0.3512439894317263f,0f,0f,0f,1f],start_interpolation:0}
execute if entity @s[tag=aj.red_knight.bone.weapon] run data modify entity @s {} merge value {transformation:[0.25510922859374935f,0.856901286735091f,-1.4065622076736688f,-0.5916542044358851f,-0.36065182279358143f,1.4178554224675053f,0.7983696145726847f,0.9966575803802842f,1.6070554819233054f,0.1821646605382477f,0.40245060845899544f,-0.35610629207977723f,0f,0f,0f,1f],start_interpolation:0}
execute if entity @s[tag=aj.red_knight.bone.right_hand] run data modify entity @s {} merge value {transformation:[-0.7226359273888691f,0.4249801748421668f,0.5451505915230676f,-0.458847899797708f,0.17258452017757603f,0.8746201163408182f,-0.4530499260424279f,1.2699763667367898f,-0.669336910562913f,-0.23330560019659807f,-0.7053769184450255f,-0.4290142921412141f,0f,0f,0f,1f],start_interpolation:0}
execute if entity @s[tag=aj.red_knight.bone.right_arm] run data modify entity @s {} merge value {transformation:[-0.7226359273888691f,0.4249801748421668f,0.5451505915230676f,-0.2808768496977266f,0.17258452017757603f,0.8746201163408182f,-0.4530499260424279f,1.532508620582197f,-0.669336910562913f,-0.23330560019659807f,-0.7053769184450255f,-0.46008873529246896f,0f,0f,0f,1f],start_interpolation:0}
execute if entity @s[tag=aj.red_knight.bone.waist] run data modify entity @s {} merge value {transformation:[-0.9958108732348152f,-0.011976304089025856f,0.09064917477661966f,-0.18667671464514424f,-0.05246267010017752f,0.8868043493808051f,-0.4591576136418158f,0.8915295652020606f,-0.07488907125392125f,-0.4619898419442296f,-0.8837177224357736f,-0.19258341397766082f,0f,0f,0f,1f],start_interpolation:0}
execute if entity @s[tag=aj.red_knight.bone.left_foot] run data modify entity @s {} merge value {transformation:[-0.9786026051152588f,-0.2034246550364043f,0.03090875256216216f,0.15599155826640113f,-0.2056576034754612f,0.9622942910308323f,-0.17802990642641386f,0.935645747339531f,0.006472356167503309f,-0.18057715019566467f,-0.9835395271329228f,0.2968789855697251f,0f,0f,0f,1f],start_interpolation:0}
execute if entity @s[tag=aj.red_knight.bone.left_leg] run data modify entity @s {} merge value {transformation:[-0.9786026051152588f,-0.06651465399821188f,0.19471194638523648f,0.15827892998970183f,-0.2056576034754612f,0.28642359877754275f,-0.9357705232566642f,0.909071250581765f,0.006472356167503309f,-0.9557914641106706f,-0.29397412426746267f,-0.2016750658406219f,0f,0f,0f,1f],start_interpolation:0}
execute if entity @s[tag=aj.red_knight.bone.right_foot] run data modify entity @s {} merge value {transformation:[-0.9943406828898547f,-0.05540156552350772f,0.09064917477661966f,-0.08028463139458922f,-0.09109459969592416f,0.8836719186106304f,-0.4591576136418158f,0.5606520860526746f,-0.05466607957753135f,-0.4648167453917212f,-0.8837177224357736f,0.14937449929191568f,0f,0f,0f,1f],start_interpolation:0}
execute if entity @s[tag=aj.red_knight.bone.right_leg] run data modify entity @s {} merge value {transformation:[-0.9943406828898547f,-0.05540156552350772f,0.09064917477661966f,-0.09067378831900196f,-0.09109459969592416f,0.8836719186106304f,-0.4591576136418158f,0.8959555830567205f,-0.05466607957753135f,-0.4648167453917212f,-0.8837177224357736f,-0.22039733365410222f,0f,0f,0f,1f],start_interpolation:0}