execute if entity @s[tag=aj.red_knight.bone.head] run data modify entity @s {} merge value {transformation:[-0.9932220920454325f,0.06092495009405009f,-0.09898498031990532f,0.08497190623898217f,0.012920669503024708f,0.9042103900691697f,0.42689182094595496f,1.6163540751206293f,0.1155116105527412f,0.4227194352605486f,-0.8988689264183708f,-0.6289898247852765f,0f,0f,0f,1f],start_interpolation:0}
execute if entity @s[tag=aj.red_knight.bone.body] run data modify entity @s {} merge value {transformation:[-0.9881782640338881f,0.02541217498237136f,0.15118842499886248f,0.4471740800230647f,-4.336808689942018e-19f,0.986166520193007f,-0.16575763768350327f,0.713066373769374f,-0.15330922506806732f,-0.16379809465644243f,-0.9745083199726658f,0.09392612910815534f,0f,0f,0f,1f],start_interpolation:0}
execute if entity @s[tag=aj.red_knight.bone.left_hand] run data modify entity @s {} merge value {transformation:[0.1390734994761454f,-0.9629378260777873f,-0.23110453230528344f,0.6724475686528041f,-0.9833252724926277f,-0.1618970533699987f,0.08282966007060166f,1.6725711466980224f,-0.11717495560382446f,0.21573151651693612f,-0.9693966899884405f,-0.7256897470866097f,0f,0f,0f,1f],start_interpolation:0}
execute if entity @s[tag=aj.red_knight.bone.left_arm] run data modify entity @s {} merge value {transformation:[0.1390734994761454f,-0.8258231641786565f,-0.546511356926286f,0.423069923564233f,-0.9833252724926277f,-0.18046287858773377f,0.022462366952939197f,1.5547186676085665f,-0.11717495560382446f,0.5342745089911933f,-0.8371503919974361f,-0.5660523977521008f,0f,0f,0f,1f],start_interpolation:0}
execute if entity @s[tag=aj.red_knight.bone.weapon] run data modify entity @s {} merge value {transformation:[-1.218943801728653f,0.021437545948838437f,1.1364392714213851f,-0.5530362994063098f,0.4303504904804932f,1.5510197533001464f,0.43233546927557276f,1.0014198962177114f,-1.0520229281476121f,0.609635903039037f,-1.139898943834619f,-0.6529903456324616f,0f,0f,0f,1f],start_interpolation:0}
execute if entity @s[tag=aj.red_knight.bone.right_hand] run data modify entity @s {} merge value {transformation:[-0.7313662810371917f,0.40163723821187247f,0.551172288711404f,-0.4275246624650997f,0.2582102942882959f,0.9110990636541977f,-0.3212879395993503f,1.2861383536096482f,-0.6312137568885672f,-0.09266080665515349f,-0.7700540033170641f,-0.681946847712197f,0f,0f,0f,1f],start_interpolation:0}
execute if entity @s[tag=aj.red_knight.bone.right_arm] run data modify entity @s {} merge value {transformation:[-0.7313662810371917f,0.40163723821187247f,0.551172288711404f,-0.2563026329590651f,0.2582102942882959f,0.9110990636541977f,-0.3212879395993503f,1.5547186676085665f,-0.6312137568885672f,-0.09266080665515349f,-0.7700540033170641f,-0.6714524899863971f,0f,0f,0f,1f],start_interpolation:0}
execute if entity @s[tag=aj.red_knight.bone.waist] run data modify entity @s {} merge value {transformation:[-0.9959431947808187f,-0.02713933094225386f,0.08579399446221798f,-0.145804912661495f,-0.07061452247968725f,0.8266773497649802f,-0.558227685268757f,0.8941352380770237f,-0.055774026076140626f,-0.5620213662322415f,-0.82524011167278f,-0.4773454968975044f,0f,0f,0f,1f],start_interpolation:0}
execute if entity @s[tag=aj.red_knight.bone.left_foot] run data modify entity @s {} merge value {transformation:[-0.9760998844186758f,-0.21622812515918033f,0.021781035971542143f,0.20185907212860504f,-0.21309274451846721f,0.9326061334684964f,-0.2912684020805009f,0.9984254008219393f,0.04266729275961884f,-0.2889484343392207f,-0.9563933837189996f,-0.0006962138897979031f,0f,0f,0f,1f],start_interpolation:0}
execute if entity @s[tag=aj.red_knight.bone.left_leg] run data modify entity @s {} merge value {transformation:[-0.9760998844186758f,-0.08052302207006046f,0.20185405260869133f,0.19880757082538303f,-0.21309274451846721f,0.17227136081565075f,-0.9617245242148664f,0.9138811986048454f,0.04266729275961884f,-0.981752830991298f,-0.18531292715063485f,-0.4927435127709842f,0f,0f,0f,1f],start_interpolation:0}
execute if entity @s[tag=aj.red_knight.bone.right_foot] run data modify entity @s {} merge value {transformation:[-0.9938114765531245f,-0.07055593231979503f,0.08579399446221798f,-0.03185097739311145f,-0.10660647264673168f,0.8228103738950472f,-0.558227685268757f,0.6064805886271878f,-0.03120591388054894f,-0.5639192752736664f,-0.82524011167278f,-0.10051171481172916f,0f,0f,0f,1f],start_interpolation:0}
execute if entity @s[tag=aj.red_knight.bone.right_leg] run data modify entity @s {} merge value {transformation:[-0.9938114765531245f,-0.07055593231979503f,0.08579399446221798f,-0.05017822786982165f,-0.10660647264673168f,0.8228103738950472f,-0.558227685268757f,0.8962275679849235f,-0.03120591388054894f,-0.5639192752736664f,-0.82524011167278f,-0.5066870192900194f,0f,0f,0f,1f],start_interpolation:0}