execute if entity @s[tag=aj.red_knight.bone.head] run data modify entity @s {} merge value {transformation:[-0.9889437441139239f,0.07596600952145238f,-0.12735555101887297f,0.08438463878012448f,0.012996292533211391f,0.8999159560209137f,0.43586966914360525f,1.6159183786770748f,0.14772057188599474f,0.42939543255180473f,-0.8909535314175051f,-0.6719841283587877f,0f,0f,0f,1f],start_interpolation:0}
execute if entity @s[tag=aj.red_knight.bone.body] run data modify entity @s {} merge value {transformation:[-0.9956284409035034f,0.015864679571347195f,0.09204520414534179f,0.4891981888096236f,0f,0.9854694058833197f,-0.16985302490087387f,0.715375485244192f,-0.09340239645779527f,-0.16911050236480102f,-0.9811613681377114f,0.03148943141446048f,0f,0f,0f,1f],start_interpolation:0}
execute if entity @s[tag=aj.red_knight.bone.left_hand] run data modify entity @s {} merge value {transformation:[0.45710622886136604f,-0.7977376917127192f,-0.39327912575803337f,0.5903879342468057f,-0.7623945399063957f,-0.5791625082735397f,0.28866131457335426f,1.8027743527997937f,-0.45804853570015414f,0.16788497321429485f,-0.8729296504941164f,-0.7419771903661155f,0f,0f,0f,1f],start_interpolation:0}
execute if entity @s[tag=aj.red_knight.bone.left_arm] run data modify entity @s {} merge value {transformation:[0.45710622886136604f,-0.6186134421860687f,-0.6390393608243892f,0.42564037286749457f,-0.7623945399063957f,-0.6425540903880862f,0.07667337508192755f,1.5543265408093672f,-0.45804853570015414f,0.4521522421400145f,-0.7653429877321033f,-0.6293076481786206f,0f,0f,0f,1f],start_interpolation:0}
execute if entity @s[tag=aj.red_knight.bone.weapon] run data modify entity @s {} merge value {transformation:[0.3667318905843379f,0.8442718992940395f,-1.389420907525381f,-0.5541477675895731f,-0.5985042580338817f,1.3944139363249723f,0.6893331597100104f,1.0012973210149663f,1.511647495721648f,0.34726432587138806f,0.6100058314748644f,-0.6549001783265989f,0f,0f,0f,1f],start_interpolation:0}
execute if entity @s[tag=aj.red_knight.bone.right_hand] run data modify entity @s {} merge value {transformation:[-0.7680217786638132f,0.3956675618710732f,0.5035769335276126f,-0.4305016545048627f,0.25608262340615756f,0.9104550140116568f,-0.32479740985798156f,1.2858145128936092f,-0.586995943331377f,-0.12049418219994723f,-0.8005728664952821f,-0.6925546102640824f,0f,0f,0f,1f],start_interpolation:0}
execute if entity @s[tag=aj.red_knight.bone.right_arm] run data modify entity @s {} merge value {transformation:[-0.7680217786638132f,0.3956675618710732f,0.5035769335276126f,-0.258854180253664f,0.25608262340615756f,0.9104550140116568f,-0.32479740985798156f,1.5543265408093672f,-0.586995943331377f,-0.12049418219994723f,-0.8005728664952821f,-0.6935217957433548f,0f,0f,0f,1f],start_interpolation:0}
execute if entity @s[tag=aj.red_knight.bone.waist] run data modify entity @s {} merge value {transformation:[-0.9975902604871847f,-0.046158672642236165f,0.05179815750601659f,-0.1387050506132946f,-0.06929667809717871f,0.6261733178575626f,-0.7765983172837473f,0.9163536450255713f,0.0034121233575609353f,-0.7783163578797242f,-0.6278630459511325f,-0.4804153107532258f,0f,0f,0f,1f],start_interpolation:0}
execute if entity @s[tag=aj.red_knight.bone.left_foot] run data modify entity @s {} merge value {transformation:[-0.9744192534693988f,-0.2241416477343469f,-0.016359713294289854f,0.22755731764270035f,-0.17697776139771412f,0.8101707285016997f,-0.5588401047255636f,1.1505564030979625f,0.13851350273093652f,-0.5416492522195127f,-0.8291140435014049f,-0.06817488446287812f,0f,0f,0f,1f],start_interpolation:0}
execute if entity @s[tag=aj.red_knight.bone.left_leg] run data modify entity @s {} merge value {transformation:[-0.9744192534693988f,-0.11800833792927504f,0.1912619947802214f,0.20511406459120324f,-0.17697776139771412f,-0.12160201653674974f,-0.9766738562820496f,0.9256896387978837f,0.13851350273093652f,-0.9855389295980986f,0.09760649470112537f,-0.513370141435231f,0f,0f,0f,1f],start_interpolation:0}
execute if entity @s[tag=aj.red_knight.bone.right_foot] run data modify entity @s {} merge value {transformation:[-0.9946273625848527f,-0.08962901581788214f,0.05179815750601659f,-0.011172707687307305f,-0.09654401952398356f,0.6225546609625575f,-0.7765983172837473f,0.7500208077305343f,0.037358558479322346f,-0.7774267384373355f,-0.6278630459511325f,-0.0401843659304888f,0f,0f,0f,1f],start_interpolation:0}
execute if entity @s[tag=aj.red_knight.bone.right_leg] run data modify entity @s {} merge value {transformation:[-0.9946273625848527f,-0.08962901581788214f,0.05179815750601659f,-0.04428350053059296f,-0.09654401952398356f,0.6225546609625575f,-0.7765983172837473f,0.9083654692735891f,0.037358558479322346f,-0.7774267384373355f,-0.6278630459511325f,-0.5125171105958407f,0f,0f,0f,1f],start_interpolation:0}