execute if entity @s[tag=aj.red_knight.bone.head] run data modify entity @s {} merge value {transformation:[-0.8512087533577718f,-0.5247717915268498f,-0.007630532406626422f,-0.17626558344194934f,-0.3455561029633773f,0.5494496463165424f,0.7607207541978793f,1.5774664433114585f,-0.3950121997000496f,0.6501689418761303f,-0.6490344436991008f,0.16151764901422744f,0f,0f,0f,1f],start_interpolation:0}
execute if entity @s[tag=aj.red_knight.bone.body] run data modify entity @s {} merge value {transformation:[-0.67559020761566f,-0.28202493350711894f,0.6812046742750189f,0.08183992274750085f,0f,0.9239463092983338f,0.3825221791399654f,0.46225904444314214f,-0.7372773368101242f,0.2584282384227639f,-0.6242090789245842f,0.5607927016835014f,0f,0f,0f,1f],start_interpolation:0}
execute if entity @s[tag=aj.red_knight.bone.left_hand] run data modify entity @s {} merge value {transformation:[0.9101569207412625f,0.41369270327075025f,-0.021742283397175127f,-0.1070960360950213f,-0.32688065749110146f,0.6849409191283526f,-0.65115664249226f,1.2694177727072895f,-0.254486572111318f,0.5997618565432006f,0.7586318606879657f,0.3196715003049343f,0f,0f,0f,1f],start_interpolation:0}
execute if entity @s[tag=aj.red_knight.bone.left_arm] run data modify entity @s {} merge value {transformation:[0.9101569207412625f,0.39618027942022754f,0.12106017439808386f,0.07359510877012873f,-0.32688065749110146f,0.8663426155718946f,-0.3776235005958102f,1.5197197989803128f,-0.254486572111318f,0.3041244130985854f,0.9180113975177392f,0.3988049686412849f,0f,0f,0f,1f],start_interpolation:0}
execute if entity @s[tag=aj.red_knight.bone.weapon] run data modify entity @s {} merge value {transformation:[-0.5580444256832128f,-0.9035380109514465f,1.284516741622146f,-0.41053739730220845f,0.8170957338595564f,0.9971167024480454f,1.0563572412708813f,1.0168514613125004f,-1.3411632109665788f,0.9834404518031672f,0.10910498194297065f,-0.48392955955019035f,0f,0f,0f,1f],start_interpolation:0}
execute if entity @s[tag=aj.red_knight.bone.right_hand] run data modify entity @s {} merge value {transformation:[-0.3348266554099276f,-0.002019884202479394f,0.9422775763514752f,-0.41116861111548325f,0.4902574403157338f,0.8536150843000734f,0.17603672932215958f,1.2836061751562733f,-0.8046979265799472f,0.5209003819572291f,-0.2848228204248152f,-0.3211481901885563f,0f,0f,0f,1f],start_interpolation:0}
execute if entity @s[tag=aj.red_knight.bone.right_arm] run data modify entity @s {} merge value {transformation:[-0.3348266554099276f,-0.002019884202479394f,0.9422775763514752f,-0.39087315896563757f,0.4902574403157338f,0.8536150843000734f,0.17603672932215958f,1.5197197989803128f,-0.8046979265799472f,0.5209003819572291f,-0.2848228204248152f,-0.10807320041567547f,0f,0f,0f,1f],start_interpolation:0}
execute if entity @s[tag=aj.red_knight.bone.waist] run data modify entity @s {} merge value {transformation:[-0.716031503982319f,0.09278616867355681f,0.6918739857862127f,-0.16678037869480256f,-0.01676680671377837f,0.9885550628559759f,-0.1499258546563607f,0.8882090510314886f,-0.6978665771459764f,-0.11895215258539739f,-0.7062808406702388f,-0.1396479220616545f,0f,0f,0f,1f],start_interpolation:0}
execute if entity @s[tag=aj.red_knight.bone.left_foot] run data modify entity @s {} merge value {transformation:[-0.721265525625639f,-0.2394860107278085f,0.649940375888166f,-0.20406663942330872f,-0.18817286643334405f,0.9707852464346134f,0.14888578724359702f,0.7688926939401811f,-0.6666085912154369f,-0.014914957947201324f,-0.7452587001486153f,0.4462825900714807f,0f,0f,0f,1f],start_interpolation:0}
execute if entity @s[tag=aj.red_knight.bone.left_leg] run data modify entity @s {} merge value {transformation:[-0.721265525625639f,0.4659218209899727f,0.5125357531620193f,0.10242629674046307f,-0.18817286643334405f,0.5803220474815518f,-0.7923492244869546f,0.9047336307384632f,-0.6666085912154369f,-0.6679395017007208f,-0.3308924420194019f,0.0763138101771831f,0f,0f,0f,1f],start_interpolation:0}
execute if entity @s[tag=aj.red_knight.bone.right_foot] run data modify entity @s {} merge value {transformation:[-0.7193972764836359f,0.06146500126272232f,0.6918739857862127f,-0.22430913990402307f,-0.05987101464768592f,0.9868828196450764f,-0.1499258546563607f,0.4637091136204512f,-0.6920137427775431f,-0.14927944905162654f,-0.7062808406702388f,0.09321392712383621f,0f,0f,0f,1f],start_interpolation:0}
execute if entity @s[tag=aj.red_knight.bone.right_leg] run data modify entity @s {} merge value {transformation:[-0.7193972764836359f,0.06146500126272232f,0.6918739857862127f,-0.07658157925511667f,-0.05987101464768592f,0.9868828196450764f,-0.1499258546563607f,0.9005419290600187f,-0.6920137427775431f,-0.14927944905162654f,-0.7062808406702388f,-0.09815283410931101f,0f,0f,0f,1f],start_interpolation:0}