execute if entity @s[tag=aj.grey_guardian.bone.head] run data modify entity @s {} merge value {transformation:[-0.9829307927323967f,0.10112926214760969f,-0.15368776475680296f,0.10878184968599355f,0.07615783078919089f,0.9840973127434967f,0.16047574228061298f,1.1992690232655452f,0.1674725097081528f,0.1460320217914851f,-0.9750013369752596f,0.19135653964747237f,0f,0f,0f,1f],start_interpolation:0}
execute if entity @s[tag=aj.grey_guardian.bone.sword] run data modify entity @s {} merge value {transformation:[-0.4527995599400084f,-0.36822428809137475f,-0.8120242805346002f,0.15026330061447624f,0.7200100372244663f,0.386158227157977f,-0.5765998351493268f,0.7731057244018461f,0.5258879203919378f,-0.8457497840719846f,0.0902729080512775f,1.3174938853277784f,0f,0f,0f,1f],start_interpolation:0}
execute if entity @s[tag=aj.grey_guardian.bone.axe] run data modify entity @s {} merge value {transformation:[-0.000006274990113189595f,-0.000004148177716562857f,-0.000006589166920877342f,0.15736134776471133f,0.000003196886169009542f,0.000006343816924434032f,-0.0000070381748807243954f,0.7288744237264508f,0.000007099606883607594f,-0.000006522929438609292f,-0.0000026546136512034993f,1.3614644690762865f,0f,0f,0f,1f],start_interpolation:0}
execute if entity @s[tag=aj.grey_guardian.bone.left_arm_2] run data modify entity @s {} merge value {transformation:[-0.6274990113189595f,-0.4148177716562857f,-0.6589166920877342f,-0.35922155060705485f,0.3196886169009542f,0.6343816924434031f,-0.7038174880724395f,0.7497458977094779f,0.7099606883607593f,-0.6522929438609292f,-0.2654613651203499f,0.960531874765876f,0f,0f,0f,1f],start_interpolation:0}
execute if entity @s[tag=aj.grey_guardian.bone.left_arm] run data modify entity @s {} merge value {transformation:[-0.9206372813233621f,-0.3519373599904838f,-0.1690180193957352f,-0.3336780012057895f,-0.1371787280542805f,0.6969056852873836f,-0.7039207784854287f,0.9837369263466594f,0.3655256390555091f,-0.6248700348528891f,-0.6898756748400475f,0.5569758757381094f,0f,0f,0f,1f],start_interpolation:0}
execute if entity @s[tag=aj.grey_guardian.bone.left_shoulder] run data modify entity @s {} merge value {transformation:[-0.9218509077065818f,-0.07484317882784014f,-0.38024913220610385f,-0.22354603713964555f,-0.05934420396689569f,0.9968645121724165f,-0.05233937166976391f,1.2121848804650885f,0.3829741106342394f,-0.025683515222689912f,-0.9234019642765111f,0.4637363825672621f,0f,0f,0f,1f],start_interpolation:0}
execute if entity @s[tag=aj.grey_guardian.bone.right_arm_2] run data modify entity @s {} merge value {transformation:[-0.22532743822616164f,0.09163889649169238f,-0.9699638437757463f,0.36924619867096864f,-0.036165457675047724f,0.9940938937011522f,0.10232003800447245f,0.6566127194426652f,0.9736116295800854f,0.05813469838114961f,-0.22068246779149242f,-0.629921807985766f,0f,0f,0f,1f],start_interpolation:0}
execute if entity @s[tag=aj.grey_guardian.bone.right_arm] run data modify entity @s {} merge value {transformation:[-0.06375374851778054f,0.10143341692009196f,-0.9927974221772771f,0.33844216220277296f,-0.1408851069781654f,0.9839433442920749f,0.10957591822603352f,1.0411748999851094f,0.9879710755794839f,0.1468562465652799f,-0.04843961873379282f,-0.41891845343018874f,0f,0f,0f,1f],start_interpolation:0}
execute if entity @s[tag=aj.grey_guardian.bone.right_shoulder] run data modify entity @s {} merge value {transformation:[-0.06375374851778054f,0.10143341692009196f,-0.9927974221772771f,0.31031014027179055f,-0.1408851069781654f,0.9839433442920749f,0.10957591822603352f,1.2363076463636826f,0.9879710755794839f,0.1468562465652799f,-0.04843961873379282f,-0.19599919856452797f,0f,0f,0f,1f],start_interpolation:0}
execute if entity @s[tag=aj.grey_guardian.bone.upper_body] run data modify entity @s {} merge value {transformation:[-0.5871990322419893f,0.10143341692009196f,-0.8030619891801541f,-0.0010004028186490056f,-0.059946196120726575f,0.9839433442920749f,0.1681129049001976f,0.61783125f,0.8072197656801563f,0.1468562465652799f,-0.5716900320453655f,0.07095761689022717f,0f,0f,0f,1f],start_interpolation:0}
execute if entity @s[tag=aj.grey_guardian.bone.body] run data modify entity @s {} merge value {transformation:[-0.99780146829205f,0f,-0.06627390040000002f,-6.5972488474317385e-18f,0f,1f,0f,0.385416875f,0.06627390040000002f,0f,-0.99780146829205f,0.053870625f,0f,0f,0f,1f],start_interpolation:0}