execute if entity @s[tag=aj.grey_guardian.bone.head] run data modify entity @s {} merge value {transformation:[-0.9175677505845126f,0.31271975564005206f,-0.24551125741950025f,0.16503028808783787f,0.16732493721387873f,0.8639068642870601f,0.4750445192022223f,1.2002575113465392f,0.36065466650751854f,0.39480537517886605f,-0.8450188916564089f,0.09933757199823189f,0f,0f,0f,1f],start_interpolation:0}
execute if entity @s[tag=aj.grey_guardian.bone.sword] run data modify entity @s {} merge value {transformation:[-0.9877679324189754f,0.09487718551521317f,-0.12374502557054218f,0.028636846001377392f,-0.07961304954953813f,0.3755010391242415f,0.9233963027638984f,0.2502130368173202f,0.13407562800958667f,0.9219529756366788f,-0.36335442296538567f,1.1483153967849828f,0f,0f,0f,1f],start_interpolation:0}
execute if entity @s[tag=aj.grey_guardian.bone.axe] run data modify entity @s {} merge value {transformation:[-0.000009796030994046389f,-0.0000016099737327186262f,-0.0000012023981635209559f,0.02410312768884021f,-0.0000018065216789118687f,0.000009676466513757942f,0.0000017613844644888383f,0.19278159316555998f,8.799182844468874e-7f,0.000001942673515564887f,-0.00000976994183322597f,1.123389965067438f,0f,0f,0f,1f],start_interpolation:0}
execute if entity @s[tag=aj.grey_guardian.bone.left_arm_2] run data modify entity @s {} merge value {transformation:[-0.9796030994046389f,-0.16099737327186261f,-0.12023981635209557f,-0.15183146832498456f,-0.18065216789118685f,0.9676466513757942f,0.17613844644888382f,0.73378434028525f,0.08799182844468872f,0.19426735155648867f,-0.9769941833225968f,0.8002746605223328f,0f,0f,0f,1f],start_interpolation:0}
execute if entity @s[tag=aj.grey_guardian.bone.left_arm] run data modify entity @s {} merge value {transformation:[-0.4860827772125419f,-0.37744326126555694f,0.7882005571062247f,-0.12022279315932619f,-0.7583622541410251f,0.6303924245859814f,-0.16580736569510657f,1.1257884150227984f,-0.43429278740440247f,-0.6783376560016614f,-0.5926616229001892f,0.5480933452084689f,0f,0f,0f,1f],start_interpolation:0}