execute if entity @s[tag=aj.grey_guardian.bone.head] run data modify entity @s {} merge value {transformation:[-0.9849027261809898f,0.12581652157828288f,-0.1188983719787432f,0.12662429921497298f,0.10919757120624995f,0.9845006018803418f,0.1372386801885689f,1.198169015175702f,0.13432241214298568f,0.12218333681474648f,-0.9833761852927415f,0.18225906838806188f,0f,0f,0f,1f],start_interpolation:0}
execute if entity @s[tag=aj.grey_guardian.bone.sword] run data modify entity @s {} merge value {transformation:[-0.9555848236260176f,-0.18048650079597778f,-0.23298555295566392f,-0.19703603956857038f,0.29428419452391047f,-0.6271384088580001f,-0.7211755881811788f,1.6708918608175334f,-0.01595173059721429f,-0.7577084130227665f,0.6523982703268567f,1.1512034867997607f,0f,0f,0f,1f],start_interpolation:0}
execute if entity @s[tag=aj.grey_guardian.bone.axe] run data modify entity @s {} merge value {transformation:[-0.00000909768407513346f,-0.000004090194115428746f,7.088417081232873e-7f,-0.18305982403277382f,8.42490616554168e-7f,-0.0000034913211261673654f,-0.000009332785562467169f,1.6789984919435208f,0.000004064769861884096f,-0.00000843095421005769f,0.0000035208886772843637f,1.2118594873195188f,0f,0f,0f,1f],start_interpolation:0}
execute if entity @s[tag=aj.grey_guardian.bone.left_arm_2] run data modify entity @s {} merge value {transformation:[-0.9097684075133459f,-0.4090194115428746f,0.07088417081232873f,-0.394475543817381f,0.08424906165541679f,-0.3491321126167365f,-0.9332785562467169f,1.1088495206869546f,0.40647698618840955f,-0.843095421005769f,0.35208886772843634f,0.970459407576552f,0f,0f,0f,1f],start_interpolation:0}
execute if entity @s[tag=aj.grey_guardian.bone.left_arm] run data modify entity @s {} merge value {transformation:[-0.774343602014391f,-0.4060326323010571f,0.4853138031480795f,-0.34905655931119106f,-0.5395945249668576f,0.023120887062650253f,-0.841607493554583f,1.1357966993325168f,0.3304992203397302f,-0.9135660491109061f,-0.23699649631739217f,0.506269054209024f,0f,0f,0f,1f],start_interpolation:0}
execute if entity @s[tag=aj.grey_guardian.bone.left_shoulder] run data modify entity @s {} merge value {transformation:[-0.9355753416208497f,-0.35228111377129634f,0.024429429610316578f,-0.2853578536501502f,-0.28256354317420906f,0.7053385030651016f,-0.6501195583603976f,1.3139328961131151f,0.21179382479162928f,-0.6151386940958409f,-0.7594391106640452f,0.31334137182422284f,0f,0f,0f,1f],start_interpolation:0}
execute if entity @s[tag=aj.grey_guardian.bone.right_arm_2] run data modify entity @s {} merge value {transformation:[-0.2600250477028036f,0.12178146545286196f,-0.9578915644473064f,0.399784410641289f,-0.006360544329999766f,0.9917774821852924f,0.12781615432341947f,0.6282914291342105f,0.9655809225761356f,0.039328113384135915f,-0.25711239070621167f,-0.6161385492907137f,0f,0f,0f,1f],start_interpolation:0}
execute if entity @s[tag=aj.grey_guardian.bone.right_arm] run data modify entity @s {} merge value {transformation:[-0.1052224047739665f,0.12791026731518995f,-0.986188221917571f,0.37367019212230446f,-0.11544153495904984f,0.9834175993984702f,0.13986807069395224f,1.0185088434708596f,0.9877254160645469f,0.12856433684621324f,-0.0887114071098602f,-0.4151216541312203f,0f,0f,0f,1f],start_interpolation:0}
execute if entity @s[tag=aj.grey_guardian.bone.right_shoulder] run data modify entity @s {} merge value {transformation:[-0.1052224047739665f,0.12791026731518995f,-0.986188221917571f,0.34360016506481755f,-0.11544153495904984f,0.9834175993984702f,0.13986807069395224f,1.2196413738846017f,0.9877254160645469f,0.12856433684621324f,-0.0887114071098602f,-0.19785984837798085f,0f,0f,0f,1f],start_interpolation:0}
execute if entity @s[tag=aj.grey_guardian.bone.upper_body] run data modify entity @s {} merge value {transformation:[-0.6186222214867858f,0.12791026731518995f,-0.775206753452336f,0.0025149606846033637f,-0.02221134347188542f,0.9834175993984702f,0.17999022588608493f,0.61783125f,0.7853745624247886f,0.12856433684621324f,-0.6055229211081652f,0.07080110256004388f,0f,0f,0f,1f],start_interpolation:0}
execute if entity @s[tag=aj.grey_guardian.bone.body] run data modify entity @s {} merge value {transformation:[-0.9631625667976582f,0f,-0.2689198206152656f,-6.5972488474317385e-18f,0f,1f,0f,0.385416875f,0.2689198206152656f,0f,-0.9631625667976582f,0.053870625f,0f,0f,0f,1f],start_interpolation:0}