execute if entity @s[tag=aj.grey_guardian.bone.head] run data modify entity @s {} merge value {transformation:[-0.9105665613021044f,0.2933501158071603f,-0.29122885673364607f,0.16094012827199872f,0.15572120820099916f,0.8960669200397472f,0.4157102117183341f,1.2002575113465392f,0.3829091834298074f,0.33318130854897426f,-0.8616094085365547f,0.11218455444646575f,0f,0f,0f,1f],start_interpolation:0}
execute if entity @s[tag=aj.grey_guardian.bone.sword] run data modify entity @s {} merge value {transformation:[-0.9671153622713141f,0.18367389949148988f,-0.17593116467645734f,0.012012412695236813f,0.005308837030915639f,0.7061490310712665f,0.708043333537214f,0.39563681952910834f,0.2542827015512533f,0.6838255951357053f,-0.6839026708012585f,1.2934341344789404f,0f,0f,0f,1f],start_interpolation:0}
execute if entity @s[tag=aj.grey_guardian.bone.axe] run data modify entity @s {} merge value {transformation:[-0.000009707895197824111f,-0.0000014694832777749124f,-0.000001896678603349405f,0.005725189963862065f,-0.0000013381185421171424f,0.00000987742262808386f,-8.037169859218022e-7f,0.33380568730246374f,0.000001991534482580163f,-5.264419460461254e-7f,-0.000009785532651937621f,1.2846259345569349f,0f,0f,0f,1f],start_interpolation:0}
execute if entity @s[tag=aj.grey_guardian.bone.left_arm_2] run data modify entity @s {} merge value {transformation:[-0.970789519782411f,-0.14694832777749123f,-0.18966786033494049f,-0.1929334126192876f,-0.13381185421171424f,0.987742262808386f,-0.08037169859218021f,0.7759543250866833f,0.19915344825801629f,-0.05264419460461253f,-0.9785532651937621f,0.8452174728471674f,0f,0f,0f,1f],start_interpolation:0}
execute if entity @s[tag=aj.grey_guardian.bone.left_arm] run data modify entity @s {} merge value {transformation:[-0.5708452795256012f,-0.41082166157017774f,0.7108876347412834f,-0.16612343017870673f,-0.7781204689611207f,0.5470135729879154f,-0.308714571652716f,1.1224686530962358f,-0.26203855179546326f,-0.7293844756722705f,-0.631928859936958f,0.5330143913831562f,0f,0f,0f,1f],start_interpolation:0}
execute if entity @s[tag=aj.grey_guardian.bone.left_shoulder] run data modify entity @s {} merge value {transformation:[-0.6621612865572213f,-0.5516567146300743f,-0.5071659489638849f,-0.2050421348899055f,-0.4422193695303061f,0.8340506463174594f,-0.3298507974670468f,1.3635714557996292f,0.604966494772317f,0.0058641777753431455f,-0.7962293335603225f,0.4174034347705157f,0f,0f,0f,1f],start_interpolation:0}
execute if entity @s[tag=aj.grey_guardian.bone.right_arm_2] run data modify entity @s {} merge value {transformation:[0.2059497715165492f,0.10053810850433843f,-0.9733841894907946f,-0.07348525431305321f,-0.024485979952748427f,0.9949261892468724f,0.0975823484880848f,0.6608555835715564f,0.9782561670636353f,0.00373720337502452f,0.20736659546054892f,-0.7190229802730792f,0f,0f,0f,1f],start_interpolation:0}
execute if entity @s[tag=aj.grey_guardian.bone.right_arm] run data modify entity @s {} merge value {transformation:[0.4960064294244521f,0.15799558544318487f,-0.8538237622308665f,0.014837471731382126f,-0.14224426995919331f,0.984807759826892f,0.09960042092538936f,1.044933095127944f,0.8565886933840432f,0.07204908857996661f,0.5109449473293713f,-0.5239769954881253f,0f,0f,0f,1f],start_interpolation:0}
execute if entity @s[tag=aj.grey_guardian.bone.right_shoulder] run data modify entity @s {} merge value {transformation:[0.4960064294244521f,0.15799558544318487f,-0.8538237622308665f,0.1135036954631858f,-0.14224426995919331f,0.984807759826892f,0.09960042092538936f,1.239609041585875f,0.8565886933840432f,0.07204908857996661f,0.5109449473293713f,-0.32167166752505416f,0f,0f,0f,1f],start_interpolation:0}
execute if entity @s[tag=aj.grey_guardian.bone.upper_body] run data modify entity @s {} merge value {transformation:[-0.04043159339908048f,0.15799558544318487f,-0.9866117175645527f,0.007459046158840588f,-0.06645233334509197f,0.984807759826892f,0.16042993354649057f,0.61783125f,0.9969700966669985f,0.07204908857996661f,-0.029318171610656862f,0.06927610220963344f,0f,0f,0f,1f],start_interpolation:0}
execute if entity @s[tag=aj.grey_guardian.bone.body] run data modify entity @s {} merge value {transformation:[-0.8388025675312595f,0f,-0.5444357195325882f,-6.5972488474317385e-18f,0f,1f,0f,0.385416875f,0.5444357195325882f,0f,-0.8388025675312595f,0.053870625f,0f,0f,0f,1f],start_interpolation:0}