execute if entity @s[tag=aj.grey_guardian.bone.head] run data modify entity @s {} merge value {transformation:[-0.9459810134180434f,0.20927668369534247f,-0.24763519926305144f,0.1416572809375521f,0.125698337376363f,0.9407734756977764f,0.3148733005580868f,1.2002575113465392f,0.29886426724081533f,0.2667368311369933f,-0.9162595771295412f,0.1499718945705641f,0f,0f,0f,1f],start_interpolation:0}
execute if entity @s[tag=aj.grey_guardian.bone.sword] run data modify entity @s {} merge value {transformation:[-0.7756855319692811f,0.29993249450480486f,-0.555294925452825f,-0.021355189559096488f,0.3996695377414309f,0.91439423757007f,-0.0644006125762922f,0.7028834663178128f,0.4884426436083196f,-0.2718890895912817f,-0.8291562620315547f,1.359368301697068f,0f,0f,0f,1f],start_interpolation:0}
execute if entity @s[tag=aj.grey_guardian.bone.axe] run data modify entity @s {} merge value {transformation:[-0.000008705025580767436f,-0.000001436450957054431f,-0.00000470734939070407f,-0.030728155665289303f,0.0000012842987470828916f,0.00000857021696149548f,-0.000004990186164977869f,0.6459766581816361f,0.000004751116328445965f,-0.000004948534114348675f,-0.000007275912571815409f,1.3841466221020768f,0f,0f,0f,1f],start_interpolation:0}
execute if entity @s[tag=aj.grey_guardian.bone.left_arm_2] run data modify entity @s {} merge value {transformation:[-0.8705025580767435f,-0.1436450957054431f,-0.47073493907040703f,-0.344596737032474f,0.12842987470828915f,0.8570216961495479f,-0.4990186164977869f,0.8553977174656578f,0.47511163284459645f,-0.4948534114348675f,-0.7275912571815408f,0.8496657636461502f,0f,0f,0f,1f],start_interpolation:0}
execute if entity @s[tag=aj.grey_guardian.bone.left_arm] run data modify entity @s {} merge value {transformation:[-0.8292805613266208f,-0.4427735240690137f,0.3409477335154338f,-0.3187347088127904f,-0.5504477978228519f,0.5419058435202013f,-0.6350947005216089f,1.1178931924589555f,0.09644154954052547f,-0.714345618830385f,-0.6931156933586604f,0.4640636372847836f,0f,0f,0f,1f],start_interpolation:0}
execute if entity @s[tag=aj.grey_guardian.bone.left_shoulder] run data modify entity @s {} merge value {transformation:[-0.7746509822899992f,-0.3082971453790955f,-0.5521491879811471f,-0.2881447880379107f,-0.2641570046942582f,0.95104517860561f,-0.16041865577912418f,1.3635714557996292f,0.5745754367427282f,0.021585606364526957f,-0.8181669322881358f,0.35581592134760615f,0f,0f,0f,1f],start_interpolation:0}
execute if entity @s[tag=aj.grey_guardian.bone.right_arm_2] run data modify entity @s {} merge value {transformation:[0.024986332066116945f,0.09649814797497366f,-0.9950194925966435f,0.11884014794313645f,-0.030912017914571797f,0.9949288651986519f,0.09571311479087917f,0.6608555835715564f,0.9992097529339529f,0.028366540711248278f,0.02784257548694366f,-0.7133592146897281f,0f,0f,0f,1f],start_interpolation:0}
execute if entity @s[tag=aj.grey_guardian.bone.right_arm] run data modify entity @s {} merge value {transformation:[0.2701234775332927f,0.1354254358973885f,-0.9532540365491893f,0.15648514735670319f,-0.14224426995919331f,0.984807759826892f,0.09960042092538936f,1.044933095127944f,0.9522604026993335f,0.1086905124504477f,0.28528318904934125f,-0.5025828067693789f,0f,0f,0f,1f],start_interpolation:0}
execute if entity @s[tag=aj.grey_guardian.bone.right_shoulder] run data modify entity @s {} merge value {transformation:[0.2701234775332927f,0.1354254358973885f,-0.9532540365491893f,0.2023707957310562f,-0.14224426995919331f,0.984807759826892f,0.09960042092538936f,1.239609041585875f,0.9522604026993335f,0.1086905124504477f,0.28528318904934125f,-0.2822263303476379f,0f,0f,0f,1f],start_interpolation:0}
execute if entity @s[tag=aj.grey_guardian.bone.upper_body] run data modify entity @s {} merge value {transformation:[-0.28436319022809997f,0.1354254358973885f,-0.9491035387961103f,0.003441493612021242f,-0.06645233334509197f,0.984807759826892f,0.16042993354649057f,0.61783125f,0.9564108235670956f,0.1086905124504477f,-0.27104374013610594f,0.07063732471624311f,0f,0f,0f,1f],start_interpolation:0}
execute if entity @s[tag=aj.grey_guardian.bone.body] run data modify entity @s {} merge value {transformation:[-0.9469301294951056f,0f,-0.3214394653031618f,-6.5972488474317385e-18f,0f,1f,0f,0.385416875f,0.3214394653031618f,0f,-0.9469301294951056f,0.053870625f,0f,0f,0f,1f],start_interpolation:0}