execute if entity @s[tag=aj.grey_guardian.bone.head] run data modify entity @s {} merge value {transformation:[-0.9168383754324577f,0.3130648295324058f,-0.24778580638167627f,0.16503028808783787f,0.16715256618661245f,0.8645836891756563f,0.4738724132386716f,1.2002575113465392f,0.3625843528775089f,0.3930463801146855f,-0.8450130946483257f,0.09933757199823189f,0f,0f,0f,1f],start_interpolation:0}
execute if entity @s[tag=aj.grey_guardian.bone.sword] run data modify entity @s {} merge value {transformation:[-0.9890699686146174f,0.08663922447205526f,-0.1193073424712841f,0.022028728882504844f,-0.08031708169262847f,0.36199621251106767f,0.9287130388424731f,0.24143086584462548f,0.1236517835417634f,0.9281445937517075f,-0.35108097287722423f,1.136934729604809f,0f,0f,0f,1f],start_interpolation:0}
execute if entity @s[tag=aj.grey_guardian.bone.axe] run data modify entity @s {} merge value {transformation:[-0.000009805850951197217f,-0.0000016174062420137873f,-0.0000011087308831269344f,0.01766542806039917f,-0.0000018068853025183192f,0.000009649323218427929f,0.0000019041341680278007f,0.18437197154641816f,7.618744164544945e-7f,0.0000020675005379932743f,-0.000009754229282672702f,1.1111384768658825f,0f,0f,0f,1f],start_interpolation:0}
execute if entity @s[tag=aj.grey_guardian.bone.left_arm_2] run data modify entity @s {} merge value {transformation:[-0.9805850951197217f,-0.16174062420137872f,-0.11087308831269344f,-0.1546303866264669f,-0.1806885302518319f,0.9649323218427929f,0.19041341680278004f,0.7302141936215939f,0.07618744164544944f,0.20675005379932743f,-0.9754229282672702f,0.7942617258438194f,0f,0f,0f,1f],start_interpolation:0}
execute if entity @s[tag=aj.grey_guardian.bone.left_arm] run data modify entity @s {} merge value {transformation:[-0.48282682763442886f,-0.3703637315532867f,0.7935420347192694f,-0.12022279315932619f,-0.7513903167638496f,0.6406156770359474f,-0.15819022159822743f,1.1257884150227984f,-0.44976754706180727f,-0.6726382836902012f,-0.5875941566458138f,0.5480933452084689f,0f,0f,0f,1f],start_interpolation:0}