execute if entity @s[tag=aj.grey_guardian.bone.head] run data modify entity @s {} merge value {transformation:[-0.9146287693589897f,0.31404443746849886f,-0.2546179600027338f,0.16503028808783787f,0.1666192458884466f,0.8666089580894324f,0.4703476806137282f,1.2002575113465392f,0.3683642778017774f,0.38776926780527926f,-0.8449513321992767f,0.09933757199823189f,0f,0f,0f,1f],start_interpolation:0}
execute if entity @s[tag=aj.grey_guardian.bone.sword] run data modify entity @s {} merge value {transformation:[-0.989758171506746f,0.08157782225285605f,-0.11714871254992018f,0.018562500297980372f,-0.08081292595651948f,0.3562907403656942f,0.9308738793886157f,0.2378091791704503f,0.11767766539989008f,0.930807159000266f,-0.34604912919972036f,1.13229319569158f,0f,0f,0f,1f],start_interpolation:0}
execute if entity @s[tag=aj.grey_guardian.bone.axe] run data modify entity @s {} merge value {transformation:[-0.00000981033310474547f,-0.0000016266384516822175f,-0.0000010542351357472197f,0.01432919614443856f,-0.0000018089444906935804f,0.000009636922034853608f,0.0000019640401023763005f,0.18091025123171578f,6.964798658428101e-7f,0.0000021174940476095437f,-0.000009748391393189633f,1.1061246343376379f,0f,0f,0f,1f],start_interpolation:0}
execute if entity @s[tag=aj.grey_guardian.bone.left_arm_2] run data modify entity @s {} merge value {transformation:[-0.981033310474547f,-0.16266384516822174f,-0.10542351357472196f,-0.15608391125611296f,-0.18089444906935803f,0.9636922034853608f,0.19640401023763004f,0.7287251793498717f,0.06964798658428101f,0.21174940476095436f,-0.9748391393189633f,0.7916431057006403f,0f,0f,0f,1f],start_interpolation:0}
execute if entity @s[tag=aj.grey_guardian.bone.left_arm] run data modify entity @s {} merge value {transformation:[-0.4804985698786527f,-0.3664852328663283f,0.7967494577566292f,-0.12022279315932619f,-0.7484993572297474f,0.6448140815680691f,-0.15480152595560007f,1.1257884150227984f,-0.457022796555297f,-0.6707483688406857f,-0.5841462052657151f,0.5480933452084689f,0f,0f,0f,1f],start_interpolation:0}