execute if entity @s[tag=aj.red_knight.bone.head] run data modify entity @s {} merge value {transformation:[-0.9634813126979185f,0.2668775021199656f,0.02191252938624838f,0.15611563277236656f,0.24888951574356033f,0.8623366501406601f,0.4409416183318614f,1.4671837872337625f,0.09878142049409627f,0.43029280808118636f,-0.8972682599305382f,0.29929546764592113f,0f,0f,0f,1f],start_interpolation:0}
execute if entity @s[tag=aj.red_knight.bone.body] run data modify entity @s {} merge value {transformation:[-0.8039319525735783f,0.24895336449563726f,-0.5401070615512594f,0.5540589018212237f,0.0281281338479709f,0.9230686665073421f,0.38360532451803625f,0.339127395726166f,0.594055741254526f,0.29320037383785796f,-0.7490869889831727f,0.10217495958659047f,0f,0f,0f,1f],start_interpolation:0}
execute if entity @s[tag=aj.red_knight.bone.left_hand] run data modify entity @s {} merge value {transformation:[-0.781489264452787f,-0.6237652724512673f,0.013835260345873845f,0.5772646426753787f,-0.5962218540817259f,0.7400803862363072f,-0.31112782360899116f,1.2280818699464355f,0.18383152684017795f,-0.25139193859810716f,-0.9502673639284338f,-0.13853400695356455f,0f,0f,0f,1f],start_interpolation:0}
execute if entity @s[tag=aj.red_knight.bone.left_arm] run data modify entity @s {} merge value {transformation:[-0.781489264452787f,-0.35684450386727273f,-0.5117973520884627f,0.4169076561885568f,-0.5962218540817259f,0.6688158256015553f,0.44407757446223195f,1.3998229495668137f,0.18383152684017795f,0.6521866232027685f,-0.7354308793183617f,0.07676378322481174f,0f,0f,0f,1f],start_interpolation:0}
execute if entity @s[tag=aj.red_knight.bone.weapon] run data modify entity @s {} merge value {transformation:[1.6542644129214021f,0.20285745210344894f,0.0059903293467784835f,-0.12017446056876312f,0.14565727217658944f,-1.2210289847927007f,1.125011091116864f,1.7028270349986112f,0.1413187495757758f,-1.1161159662866482f,-1.2296714758813165f,1.0368238764415687f,0f,0f,0f,1f],start_interpolation:0}
execute if entity @s[tag=aj.red_knight.bone.right_hand] run data modify entity @s {} merge value {transformation:[-0.03721432332470276f,-0.18454463937585125f,-0.9821193258546138f,-0.17784466037371663f,0.9305876060615335f,-0.3645569860774996f,0.0332402067796366f,1.5889029768493925f,-0.36417276337495064f,-0.9127110605113349f,0.1853016957184294f,0.7516016700317767f,0f,0f,0f,1f],start_interpolation:0}
execute if entity @s[tag=aj.red_knight.bone.right_arm] run data modify entity @s {} merge value {transformation:[-0.03721432332470276f,0.12711425267246224f,-0.9911897199361006f,-0.13579556120577826f,0.9305876060615335f,-0.3570566716264093f,-0.08072942890751636f,1.4191610415872937f,-0.36417276337495064f,-0.9253931596973206f,-0.10500332566762033f,0.48517710533729835f,0f,0f,0f,1f],start_interpolation:0}
execute if entity @s[tag=aj.red_knight.bone.waist] run data modify entity @s {} merge value {transformation:[-0.9993852152164701f,0.026026813847773157f,0.023490350522357734f,-0.22094241863060973f,0.011899355133221549f,0.8820381922780653f,-0.4710276347628196f,0.7963959273216527f,-0.032978734877847304f,-0.47045853411727595f,-0.8818056309199214f,0.1602875379118079f,0f,0f,0f,1f],start_interpolation:0}
execute if entity @s[tag=aj.red_knight.bone.left_foot] run data modify entity @s {} merge value {transformation:[-0.987553542561868f,-0.1313548332364724f,-0.08650958535863723f,0.2022400950268789f,-0.15419573863089725f,0.9170102077815359f,0.3678531677348134f,0.30574318414489915f,0.03101088134150396f,0.3766141083521477f,-0.9258510347936866f,0.2220021282946765f,0f,0f,0f,1f],start_interpolation:0}
execute if entity @s[tag=aj.red_knight.bone.left_leg] run data modify entity @s {} merge value {transformation:[-0.987553542561868f,-0.1463095318860071f,-0.057719333440384504f,0.12373699152024698f,-0.15419573863089725f,0.9729742617714763f,0.1718858927263172f,0.7913677571626144f,0.03101088134150396f,0.17864659753140688f,-0.9834244853718433f,0.1367166374642379f,0f,0f,0f,1f],start_interpolation:0}
execute if entity @s[tag=aj.red_knight.bone.right_foot] run data modify entity @s {} merge value {transformation:[-0.9340208387908843f,0.346901748608435f,-0.08523056679843885f,-0.23843347126138253f,0.35312418651244437f,0.860628449046278f,-0.3669086829064184f,0.6755164725741667f,-0.053929413164778756f,-0.3727973303346049f,-0.9263443036426003f,0.6002040957909118f,0f,0f,0f,1f],start_interpolation:0}
execute if entity @s[tag=aj.red_knight.bone.right_leg] run data modify entity @s {} merge value {transformation:[-0.9627254638586032f,0.2629158946584082f,-0.06352096956286175f,-0.12610931228387054f,0.20372850504416848f,0.5503777828930626f,-0.8096783264545157f,0.7943425959459198f,-0.17791677119008611f,-0.7924389745801791f,-0.5834261685043007f,0.1284719537447761f,0f,0f,0f,1f],start_interpolation:0}