execute if entity @s[tag=aj.red_knight.bone.head] run data modify entity @s {} merge value {transformation:[-0.9927115216780745f,-0.014034948586471238f,-0.11969484093216849f,-0.034641646920808865f,-0.0504763900669134f,0.9503032582225479f,0.307206528995434f,1.5476589222643486f,0.10943476949039009f,0.31100922434838596f,-0.9440854270651573f,-0.005331995705432385f,0f,0f,0f,1f],start_interpolation:0}
execute if entity @s[tag=aj.red_knight.bone.body] run data modify entity @s {} merge value {transformation:[-0.9772607822847871f,-0.07112222747003782f,-0.19975733320162847f,0.5944502388460371f,-0.09932159346558808f,0.9858697304104432f,0.13489290467588264f,0.5408997364529586f,0.18734082438054622f,0.1516657621882424f,-0.9705157969349477f,0.240444129145418f,0f,0f,0f,1f],start_interpolation:0}
execute if entity @s[tag=aj.red_knight.bone.left_hand] run data modify entity @s {} merge value {transformation:[-0.876510099720968f,-0.47983464354903205f,0.038584452015187204f,0.49825659545063666f,-0.4750869957537505f,0.8493406021681078f,-0.23002801562938385f,1.282107016912814f,0.07760406917691096f,-0.2199528503086276f,-0.9724188151657165f,-0.16762940705808152f,0f,0f,0f,1f],start_interpolation:0}
execute if entity @s[tag=aj.red_knight.bone.left_arm] run data modify entity @s {} merge value {transformation:[-0.876510099720968f,-0.44076104963715873f,-0.1935451942309315f,0.30573688620646405f,-0.4750869957537505f,0.8568633030057197f,0.20019397200666245f,1.5201838618674919f,0.07760406917691096f,0.26742284323684573f,-0.9604491820821687f,-0.0792095142230103f,0f,0f,0f,1f],start_interpolation:0}
execute if entity @s[tag=aj.red_knight.bone.weapon] run data modify entity @s {} merge value {transformation:[0.000005250150232022282f,0.000010215128184221983f,-0.000012077452401019346f,-0.6446136231221944f,0.0000032904642366440935f,0.000011741667657488398f,0.000011361507976771172f,1.0815442892009168f,0.00001547212155544094f,-0.000005963402936141622f,0.0000016819803128024215f,0.3842190950230244f,0f,0f,0f,1f],start_interpolation:0}
execute if entity @s[tag=aj.red_knight.bone.right_hand] run data modify entity @s {} merge value {transformation:[-0.6763242861616185f,0.12455066944823773f,-0.7259976519851652f,-0.6056915389196201f,0.6510746231229041f,0.5620459397169136f,-0.5101041038583204f,1.2571836453624523f,0.3445102249184277f,-0.8176744415644452f,-0.46121709913979436f,0.12869583203413526f,0f,0f,0f,1f],start_interpolation:0}
execute if entity @s[tag=aj.red_knight.bone.right_arm] run data modify entity @s {} merge value {transformation:[-0.6763242861616185f,0.6313323821446141f,-0.37947975335132733f,-0.36612990161432707f,0.6510746231229041f,0.7533081118164133f,0.09289092419046527f,1.4519002663599f,0.3445102249184277f,-0.1842452494019785f,-0.9205250637540822f,0.049587302538615236f,0f,0f,0f,1f],start_interpolation:0}
execute if entity @s[tag=aj.red_knight.bone.waist] run data modify entity @s {} merge value {transformation:[-0.984741100027791f,0.13084809792337718f,-0.11473334818565507f,-0.2199138810934839f,0.15279582896359217f,0.9656580977150933f,-0.21013774760522258f,0.8592955739060193f,0.08329706217739703f,-0.22446205377992462f,-0.9709162609852164f,-0.057351327589599044f,0f,0f,0f,1f],start_interpolation:0}
execute if entity @s[tag=aj.red_knight.bone.left_foot] run data modify entity @s {} merge value {transformation:[-0.9869842443532404f,-0.16044716175420637f,-0.010899985480871018f,0.18087835199625552f,-0.15255228553272135f,0.9126593266139319f,0.37918432684295855f,0.34784282277003636f,-0.05089107561455866f,0.3759117739970699f,-0.9252569570628307f,0.04351711449226636f,0f,0f,0f,1f],start_interpolation:0}
execute if entity @s[tag=aj.red_knight.bone.left_leg] run data modify entity @s {} merge value {transformation:[-0.9869842443532404f,-0.15361538988635454f,0.04758585281916203f,0.1170499564403203f,-0.15255228553272135f,0.9879730000295996f,0.025241857920048155f,0.8152936108639195f,-0.05089107561455866f,0.017653985458703864f,-0.9985481636957814f,-0.11983304545917861f,0f,0f,0f,1f],start_interpolation:0}
execute if entity @s[tag=aj.red_knight.bone.right_foot] run data modify entity @s {} merge value {transformation:[-0.9815011697834362f,0.09392566661756122f,-0.16683351840740335f,-0.1677085063535146f,0.12658187004389226f,0.9721155113343602f,-0.1974043130210852f,0.4951056858986408f,0.14364011936063614f,-0.21487066289650184f,-0.9660217980648675f,0.24644531250772908f,0f,0f,0f,1f],start_interpolation:0}
execute if entity @s[tag=aj.red_knight.bone.right_leg] run data modify entity @s {} merge value {transformation:[-0.9969452514151055f,0.06859533545088563f,0.03734763225765547f,-0.12913531856662744f,0.04765110508939286f,0.9130656742248744f,-0.40501906959553813f,0.8534925681048176f,-0.06188325997095037f,-0.4020021822162861f,-0.9135451316868322f,-0.09900877991482934f,0f,0f,0f,1f],start_interpolation:0}