execute if entity @s[tag=aj.red_knight.bone.head] run data modify entity @s {} merge value {transformation:[-0.7439455634104413f,-0.5909361936351735f,0.3119926501280015f,-0.3988654010170573f,-0.04470122334240606f,0.5098496154589505f,0.8591013736737083f,0.9787723181391645f,-0.6667434283992705f,0.62517820232981f,-0.40571593020000285f,-0.2644535718793512f,0f,0f,0f,1f],start_interpolation:0}
execute if entity @s[tag=aj.red_knight.bone.body] run data modify entity @s {} merge value {transformation:[0.031521735402796625f,-0.6381846416272918f,0.7692377677859044f,-0.16007545675277862f,0.12576707149272293f,0.7660357090226632f,0.6303744412888979f,-0.16140392629016143f,-0.9915588857578455f,0.07687428499303806f,0.10440938837800351f,0.07126067663759905f,0f,0f,0f,1f],start_interpolation:0}
execute if entity @s[tag=aj.red_knight.bone.left_hand] run data modify entity @s {} merge value {transformation:[0.5023858563036808f,0.3403949131125111f,0.7948205800764996f,-0.2467868574993576f,-0.39267316969488936f,0.9088034010358099f,-0.14101120546791118f,0.7244906633237452f,-0.7703351434199182f,-0.24126268130995882f,0.590233924320979f,0.3161338306303092f,0f,0f,0f,1f],start_interpolation:0}
execute if entity @s[tag=aj.red_knight.bone.left_arm] run data modify entity @s {} merge value {transformation:[0.5023858563036808f,-0.49416549113499314f,0.7095131561552105f,-0.3698144574600629f,-0.39267316969488936f,0.6006850089017918f,0.6964088611458237f,0.8876626554996245f,-0.7703351434199182f,-0.6284727420119073f,0.1077301228081013f,0.07159015228784327f,0f,0f,0f,1f],start_interpolation:0}
execute if entity @s[tag=aj.red_knight.bone.weapon] run data modify entity @s {} merge value {transformation:[0.6173199953878716f,-0.41678209456080606f,1.490968305070769f,-0.3059691197045412f,-0.24980543711295516f,1.5572813260298304f,0.5387484505456672f,0.6986417692539837f,-1.5278386841093206f,-0.42301930810550376f,0.5143358806138432f,-0.9277381914283178f,0f,0f,0f,1f],start_interpolation:0}
execute if entity @s[tag=aj.red_knight.bone.right_hand] run data modify entity @s {} merge value {transformation:[0.09621818189516201f,0.6794533507632105f,0.7273824342183653f,-0.09363994759103794f,0.653502518307236f,0.5080876642421687f,-0.561053815610444f,0.8574191643296614f,-0.7507839369877928f,0.5293298306175297f,-0.39513720449930684f,-0.7623226193603397f,0f,0f,0f,1f],start_interpolation:0}
execute if entity @s[tag=aj.red_knight.bone.right_arm] run data modify entity @s {} merge value {transformation:[0.09621818189516201f,-0.7951669773156949f,0.5987082258157226f,-0.34814326437064025f,0.653502518307236f,0.5041672326893198f,0.5645793655886602f,0.9741275171508715f,-0.7507839369877928f,0.33693453320936717f,0.5681536766510409f,-0.6101065816706754f,0f,0f,0f,1f],start_interpolation:0}
execute if entity @s[tag=aj.red_knight.bone.waist] run data modify entity @s {} merge value {transformation:[-0.3826834323650897f,0.4434453210494818f,0.8104996223519142f,-0.13221383281965043f,0f,0.8772784695736429f,-0.47998175676011573f,0.4040476673903828f,-0.9238795325112866f,-0.1836810661495867f,-0.33571993587643456f,-0.4945085311267329f,0f,0f,0f,1f],start_interpolation:0}
execute if entity @s[tag=aj.red_knight.bone.left_foot] run data modify entity @s {} merge value {transformation:[-0.9511320277496069f,0.18525458218577934f,0.2470396841968767f,-0.0915278478355584f,0.1648985954708414f,0.9811384910157709f,-0.10087474738030056f,0.4542843323816769f,-0.26106765215297f,-0.0552087060749295f,-0.9637404628699924f,0.29081070819436944f,0f,0f,0f,1f],start_interpolation:0}
execute if entity @s[tag=aj.red_knight.bone.left_leg] run data modify entity @s {} merge value {transformation:[-0.9511320277496069f,0.2955021670320034f,-0.0895898156506097f,0.03159054339574466f,0.1648985954708414f,0.2407778715826334f,-0.9564697955334922f,0.40275571357871737f,-0.26106765215297f,-0.9245022908762996f,-0.27773943753779184f,-0.190286206480704f,0f,0f,0f,1f],start_interpolation:0}
execute if entity @s[tag=aj.red_knight.bone.right_foot] run data modify entity @s {} merge value {transformation:[-0.042000898250877466f,-0.9686818807950865f,0.24472706913092518f,-0.3629921790934633f,0.25208822395406005f,0.22674391440449415f,0.9407649677917513f,0.01281550318778285f,-0.9667923520021282f,0.10120578590090867f,0.23466984682820305f,-0.5099460426326645f,0f,0f,0f,1f],start_interpolation:0}
execute if entity @s[tag=aj.red_knight.bone.right_leg] run data modify entity @s {} merge value {transformation:[-0.042000898250877466f,0.2867474533803742f,0.9570850654596953f,-0.06408031469552779f,0.25208822395406005f,0.9299791373637207f,-0.26756369599016505f,0.40275571357871737f,-0.9667923520021282f,0.23003195875377824f,-0.11134561536986051f,-0.4212560896085257f,0f,0f,0f,1f],start_interpolation:0}