execute if entity @s[tag=aj.red_knight.bone.head] run data modify entity @s {} merge value {transformation:[-0.7308198503857658f,-0.602687801675607f,0.3204212227577177f,-0.38654793516095026f,0.02783245943186413f,0.44273046763271634f,0.8962226772581074f,0.9861448985081692f,-0.6820027129594868f,0.6638954335896131f,-0.3067819303263461f,-0.24272298747232332f,0f,0f,0f,1f],start_interpolation:0}
execute if entity @s[tag=aj.red_knight.bone.body] run data modify entity @s {} merge value {transformation:[0.00959851346782531f,-0.6184766962575206f,0.7857445161918666f,-0.16544280018740617f,0.1495427053142053f,0.7778318376130707f,0.6104216671144483f,-0.16699591577815942f,-0.9887086769248646f,0.11164322004428269f,0.09995470770117398f,0.05911363094133726f,0f,0f,0f,1f],start_interpolation:0}
execute if entity @s[tag=aj.red_knight.bone.left_hand] run data modify entity @s {} merge value {transformation:[0.32785167259499953f,0.16419140036416618f,0.9303517962701611f,-0.17226326215527948f,-0.19386766261968608f,0.9755161388143251f,-0.1038440768805336f,0.6869163188854779f,-0.9246234964389779f,-0.1463196738625559f,0.3516560007645462f,0.2629760239304765f,0f,0f,0f,1f],start_interpolation:0}
execute if entity @s[tag=aj.red_knight.bone.left_arm] run data modify entity @s {} merge value {transformation:[0.32785167259499953f,-0.6381443137002502f,0.6966240849042601f,-0.3511926306494202f,-0.19386766261968608f,0.6762416439483092f,0.7107127186004679f,0.8861251037055942f,-0.9246234964389779f,-0.3680612365926693f,0.09799140753573404f,0.09016791896783122f,0f,0f,0f,1f],start_interpolation:0}
execute if entity @s[tag=aj.red_knight.bone.weapon] run data modify entity @s {} merge value {transformation:[0.6884457601214365f,-0.3526013821335544f,1.4763104275409364f,-0.2829624441056253f,0.20545391339012548f,1.6277999498184037f,0.29297404427980167f,0.6992699977728928f,-1.5038646556859023f,0.06097020966412547f,0.7158571845626838f,-0.9597145572570884f,0f,0f,0f,1f],start_interpolation:0}
execute if entity @s[tag=aj.red_knight.bone.right_hand] run data modify entity @s {} merge value {transformation:[0.09821090814128264f,0.5627329365265366f,0.8207839299537275f,-0.10710840144108266f,0.7039692508695683f,0.5436835660665943f,-0.45698520087553174f,0.8691711121687035f,-0.7034073580452531f,0.6226875798804181f,-0.342751027001327f,-0.7651246885444578f,0f,0f,0f,1f],start_interpolation:0}
execute if entity @s[tag=aj.red_knight.bone.right_arm] run data modify entity @s {} merge value {transformation:[0.09821090814128264f,-0.740310622209208f,0.6650524792572986f,-0.3445936526402903f,0.7039692508695683f,0.5240405747832158f,0.479383739618915f,0.9889357136091104f,-0.7034073580452531f,0.4210957831955718f,0.5726224148797394f,-0.5895692964180133f,0f,0f,0f,1f],start_interpolation:0}
execute if entity @s[tag=aj.red_knight.bone.waist] run data modify entity @s {} merge value {transformation:[-0.3826834323650897f,0.3338601553533831f,0.8614469149406064f,-0.12022795532163962f,0f,0.9324234216976579f,-0.36136762814290885f,0.39801618825181867f,-0.9238795325112866f,-0.13828940428335976f,-0.3568229954328612f,-0.4994732441433515f,0f,0f,0f,1f],start_interpolation:0}
execute if entity @s[tag=aj.red_knight.bone.left_foot] run data modify entity @s {} merge value {transformation:[-0.9648614584115868f,0.06541885490339519f,0.2544852441596442f,-0.08352177996022069f,0.06183078416039803f,0.9978423402604002f,-0.022082076753733193f,0.41350255206010245f,-0.2553807357691169f,-0.00557112257772252f,-0.9668245147860328f,0.2874944862991251f,0f,0f,0f,1f],start_interpolation:0}
execute if entity @s[tag=aj.red_knight.bone.left_leg] run data modify entity @s {} merge value {transformation:[-0.9648614584115868f,0.26151247216597817f,0.025565464468764842f,0.04345625557315054f,0.06183078416039803f,0.3205318156551718f,-0.9452175989066798f,0.4012925658363787f,-0.2553807357691169f,-0.910423298281869f,-0.3254383163421096f,-0.1952011453918011f,0f,0f,0f,1f],start_interpolation:0}
execute if entity @s[tag=aj.red_knight.bone.right_foot] run data modify entity @s {} merge value {transformation:[-0.07501789089190802f,-0.9886453464315661f,0.13020251543398872f,-0.3021889166987962f,0.29315814809838253f,0.10293502789738929f,0.950506538765142f,-0.016927494552062217f,-0.9531162658614407f,0.10947492411950777f,0.28210747019419985f,-0.5351315785530655f,0f,0f,0f,1f],start_interpolation:0}
execute if entity @s[tag=aj.red_knight.bone.right_leg] run data modify entity @s {} merge value {transformation:[-0.07501789089190802f,0.173202695822746f,0.9820250211709796f,-0.05221460251812189f,0.29315814809838253f,0.9451119042999245f,-0.14429756946704705f,0.4012925658363787f,-0.9531162658614407f,0.2770637372705128f,-0.12167608327045881f,-0.42617102851962274f,0f,0f,0f,1f],start_interpolation:0}