execute if entity @s[tag=aj.red_knight.bone.head] run data modify entity @s {} merge value {transformation:[-0.9758952929262303f,0.022293712289352695f,0.21709759933446227f,-0.004469203162161243f,0.05603807919706458f,0.9870135447177655f,0.15054566159001487f,1.5988586553571218f,-0.2109220494029268f,0.15908253498115787f,-0.9644711691593679f,-0.02501127690759416f,0f,0f,0f,1f],start_interpolation:0}
execute if entity @s[tag=aj.red_knight.bone.body] run data modify entity @s {} merge value {transformation:[-0.5940564359474244f,-0.007150725059458001f,0.8043915825271717f,-0.12105031501593387f,0.0440110548117774f,0.9981738485713951f,0.041376262307322276f,0.559366493689045f,-0.8032185119653297f,0.059981956947849344f,-0.5926568879857114f,0.5878438876211605f,0f,0f,0f,1f],start_interpolation:0}
execute if entity @s[tag=aj.red_knight.bone.left_hand] run data modify entity @s {} merge value {transformation:[-0.5325645808299707f,0.08558554896451137f,0.8420511154638065f,0.35525852079255704f,-0.318076279439294f,0.9017115758321694f,-0.29282027673698063f,1.2553578803060546f,-0.7843484223885797f,-0.4237821938433812f,-0.4529969144241905f,0.32960175487204535f,0f,0f,0f,1f],start_interpolation:0}
execute if entity @s[tag=aj.red_knight.bone.left_arm] run data modify entity @s {} merge value {transformation:[-0.5325645808299707f,-0.389723575935046f,0.7513258291885072f,0.200184617010982f,-0.318076279439294f,0.9147708060440403f,0.24904186970787257f,1.5213439897298613f,-0.7843484223885797f,-0.10634804544483759f,-0.6111363559195355f,0.24734621427124737f,0f,0f,0f,1f],start_interpolation:0}
execute if entity @s[tag=aj.red_knight.bone.weapon] run data modify entity @s {} merge value {transformation:[-0.07214002309426912f,-0.465207738116076f,1.5987980970850137f,-0.3802850274745616f,0.5685976589378801f,1.4972207582331902f,0.4613073608168097f,1.0213310131713493f,-1.5650144718487746f,0.5654109472678545f,0.09390389444185535f,-0.5923925278950865f,0f,0f,0f,1f],start_interpolation:0}
execute if entity @s[tag=aj.red_knight.bone.right_hand] run data modify entity @s {} merge value {transformation:[-0.11884225707242202f,0.31350306755171786f,0.9421211942046498f,-0.2823153188646498f,0.41083114187787284f,0.8793399840629236f,-0.24078821667918138f,1.296124758191013f,-0.9039326804564904f,0.35843691085584417f,-0.2332995716645537f,-0.48038099325263517f,0f,0f,0f,1f],start_interpolation:0}
execute if entity @s[tag=aj.red_knight.bone.right_arm] run data modify entity @s {} merge value {transformation:[-0.11884225707242202f,0.21330718430320372f,0.9697301496079058f,-0.20822918270287227f,0.41083114187787284f,0.8996920898857997f,-0.14755309641022565f,1.5516015899129583f,-0.9039326804564904f,0.3808598016614006f,-0.194554672730272f,-0.3048665127049168f,0f,0f,0f,1f],start_interpolation:0}
execute if entity @s[tag=aj.red_knight.bone.waist] run data modify entity @s {} merge value {transformation:[-0.6494480483301835f,0.03316844236842011f,0.7596822276129463f,-0.1456945589562736f,0f,0.9990482215818578f,-0.043619387365336f,0.8657291007644843f,-0.760405965600031f,-0.028328525993775732f,-0.6488299176940783f,-0.2257403724444376f,0f,0f,0f,1f],start_interpolation:0}
execute if entity @s[tag=aj.red_knight.bone.left_foot] run data modify entity @s {} merge value {transformation:[-0.7633297627980555f,-0.1271898116054125f,0.6333643698933844f,0.03320485834984875f,-0.1995585772899602f,0.9789007373448616f,-0.0439285858603853f,0.441036823248185f,-0.614413580136923f,-0.15992528958693783f,-0.772605885490049f,0.24273094582444335f,0f,0f,0f,1f],start_interpolation:0}
execute if entity @s[tag=aj.red_knight.bone.left_leg] run data modify entity @s {} merge value {transformation:[-0.7633297627980555f,-0.08828660719267767f,0.6399477699133501f,0.10181153418213815f,-0.1995585772899602f,0.9743931141341223f,-0.10360711055721168f,0.8799761233715341f,-0.614413580136923f,-0.20679345762961926f,-0.7614016144091865f,0.014930610083980417f,0f,0f,0f,1f],start_interpolation:0}
execute if entity @s[tag=aj.red_knight.bone.right_foot] run data modify entity @s {} merge value {transformation:[-0.6005199237985058f,0.06390725344604109f,0.7970518703811064f,-0.2734052502110512f,0.21525728491463678f,0.9729231094262207f,0.08417199317821138f,0.43015350824907234f,-0.7700909832040729f,0.22211818048371784f,-0.5980162133975859f,-0.1349211738143109f,0f,0f,0f,1f],start_interpolation:0}
execute if entity @s[tag=aj.red_knight.bone.right_leg] run data modify entity @s {} merge value {transformation:[-0.6005199237985058f,0.16739666367630712f,0.7818914106901789f,-0.06055047790040775f,0.21525728491463678f,0.9755862671135801f,-0.04354005868816807f,0.8799761233715341f,-0.7700909832040729f,0.142161149437642f,-0.6218923421126464f,-0.17517088131602734f,0f,0f,0f,1f],start_interpolation:0}