execute if entity @s[tag=aj.red_knight.bone.head] run data modify entity @s {} merge value {transformation:[-0.9806824599940176f,0.030772019994644885f,0.19317089699416712f,-0.021018321754053087f,0.09234542131577377f,0.9434032494156479f,0.31853199549497246f,1.5700457066150073f,-0.1724361789825271f,0.33021718879768525f,-0.9280206745544302f,-0.049326015970221015f,0f,0f,0f,1f],start_interpolation:0}
execute if entity @s[tag=aj.red_knight.bone.body] run data modify entity @s {} merge value {transformation:[-0.4937896337300914f,-0.03362931480648496f,0.8689308757354341f,-0.19039055400430485f,0.08883502923644576f,0.9920731305840119f,0.08887767522723558f,0.4918923184627938f,-0.8650318694714444f,0.12107837444764638f,-0.48688796662050865f,0.47852328170712644f,0f,0f,0f,1f],start_interpolation:0}
execute if entity @s[tag=aj.red_knight.bone.left_hand] run data modify entity @s {} merge value {transformation:[-0.3712385678351289f,0.24118010787899263f,0.8966683229127702f,0.31339491500348016f,-0.3935071493761894f,0.833807244675019f,-0.3871919447990603f,1.2302205544394642f,-0.8410315387317814f,-0.496585978749834f,-0.21463531062600474f,0.35871504258525555f,0f,0f,0f,1f],start_interpolation:0}
execute if entity @s[tag=aj.red_knight.bone.left_arm] run data modify entity @s {} merge value {transformation:[-0.3712385678351289f,-0.4459801839926829f,0.8144222499647067f,0.15082369701607115f,-0.3935071493761894f,0.8700087585600836f,0.2970469380730387f,1.4775040946534785f,-0.8410315387317814f,-0.21020569810210893f,-0.4984771964130929f,0.24046129075761014f,0f,0f,0f,1f],start_interpolation:0}
execute if entity @s[tag=aj.red_knight.bone.weapon] run data modify entity @s {} merge value {transformation:[0.26952564418031744f,-0.3690351975835693f,1.602793413965574f,-0.33806458175168935f,0.5110033591018559f,1.5625816841738485f,0.2738463529952817f,1.0419752116236949f,-1.563332745097339f,0.44713452227115336f,0.3658404363620055f,-0.7025669038764107f,0f,0f,0f,1f],start_interpolation:0}
execute if entity @s[tag=aj.red_knight.bone.right_hand] run data modify entity @s {} merge value {transformation:[-0.02005871985472857f,0.3385409400815979f,0.9407378378945207f,-0.23227053797619002f,0.4910370437872687f,0.8229614569382062f,-0.2856870000941675f,1.2991506669168842f,-0.8709077272515438f,0.45620661139752544f,-0.18274369573459348f,-0.560002337814684f,0f,0f,0f,1f],start_interpolation:0}
execute if entity @s[tag=aj.red_knight.bone.right_arm] run data modify entity @s {} merge value {transformation:[-0.02005871985472857f,0.1355526137980891f,0.9905670783194319f,-0.18865667617336665f,0.4910370437872687f,0.8643754418347352f,-0.1083407457130794f,1.5385781772535347f,-0.8709077272515438f,0.48423195314385464f,-0.08389961959412123f,-0.3542481195040079f,0f,0f,0f,1f],start_interpolation:0}
execute if entity @s[tag=aj.red_knight.bone.waist] run data modify entity @s {} merge value {transformation:[-0.587785252292473f,0.07051047704022655f,0.8059384404624422f,-0.1362901073652532f,0f,0.9961946980917455f,-0.08715574274765818f,0.8410412048962153f,-0.8090169943749475f,-0.05122886023967014f,-0.5855485519502807f,-0.2963693109308059f,0f,0f,0f,1f],start_interpolation:0}
execute if entity @s[tag=aj.red_knight.bone.left_foot] run data modify entity @s {} merge value {transformation:[-0.825979736876072f,-0.11690834923089793f,0.5514434804676188f,0.018417112882081352f,-0.20172255993324156f,0.9747763882064886f,-0.09549346474546122f,0.44252629436488283f,-0.52637010086451f,-0.19011425742226515f,-0.8287285961282296f,0.23581922837925073f,0f,0f,0f,1f],start_interpolation:0}
execute if entity @s[tag=aj.red_knight.bone.left_leg] run data modify entity @s {} merge value {transformation:[-0.825979736876072f,-0.048832877234229494f,0.5615806481451808f,0.09204837557848923f,-0.20172255993324156f,0.9558728269771658f,-0.21357702933756972f,0.8538831300930345f,-0.52637010086451f,-0.2896937844478339f,-0.799382279118181f,-0.037368562304108774f,0f,0f,0f,1f],start_interpolation:0}
execute if entity @s[tag=aj.red_knight.bone.right_foot] run data modify entity @s {} merge value {transformation:[-0.4930697611203704f,-0.017635310235955687f,0.8698110176938336f,-0.29762899599043996f,0.25255210156604335f,0.9538396877539608f,0.16250318784565876f,0.41774320992926794f,-0.8325260636540311f,0.29979800849623417f,-0.46585567232611425f,-0.22816936573726143f,0f,0f,0f,1f],start_interpolation:0}
execute if entity @s[tag=aj.red_knight.bone.right_leg] run data modify entity @s {} merge value {transformation:[-0.4930697611203704f,0.20808925540764023f,0.8447372801366084f,-0.054897937494629026f,0.25255210156604335f,0.9633973084453804f,-0.08990585117094106f,0.8538831300930345f,-0.8325260636540311f,0.16901031880950446f,-0.5275754595056841f,-0.23962281089784565f,0f,0f,0f,1f],start_interpolation:0}