execute if entity @s[tag=aj.red_knight.bone.head] run data modify entity @s {} merge value {transformation:[-0.9148232871050932f,-0.12758131977442477f,0.38317275505292353f,-0.2105214978036958f,-0.08332261799270074f,0.9880023836413989f,0.13003319287688128f,1.3133203552025159f,-0.39516540170044523f,0.0870304358459137f,-0.9144779978410612f,-0.32609627216828363f,0f,0f,0f,1f],start_interpolation:0}
execute if entity @s[tag=aj.red_knight.bone.body] run data modify entity @s {} merge value {transformation:[-0.06785019443134782f,-0.33683439648591335f,0.9391160420627466f,-0.31144034370946144f,-0.04731028664742896f,0.9413125683240253f,0.33420410753395174f,0.22708242997749706f,-0.9965731723726894f,-0.02175403546925382f,-0.0798039726319188f,0.20270342416662768f,0f,0f,0f,1f],start_interpolation:0}
execute if entity @s[tag=aj.red_knight.bone.left_hand] run data modify entity @s {} merge value {transformation:[0.13576746747361357f,0.31656229778875733f,0.9388053612940772f,-0.013003781035864886f,-0.45337404077889853f,0.862393790832574f,-0.2252308342151142f,1.0722302373835657f,-0.8809195047923587f,-0.39505096019643415f,0.2606061490530497f,0.21455707441427035f,0f,0f,0f,1f],start_interpolation:0}
execute if entity @s[tag=aj.red_knight.bone.left_arm] run data modify entity @s {} merge value {transformation:[0.13576746747361357f,-0.5172080939801165f,0.8450224744332282f,-0.16614584368755042f,-0.45337404077889853f,0.7259419868237874f,0.5171655546477798f,1.270751230717318f,-0.8809195047923587f,-0.4533255114018919f,-0.13592941840748876f,0.017835383051656717f,0f,0f,0f,1f],start_interpolation:0}
execute if entity @s[tag=aj.red_knight.bone.weapon] run data modify entity @s {} merge value {transformation:[0.9378285638431527f,0.04042022068605119f,1.377178844005875f,-0.22166617030088276f,-0.18350921704127135f,1.6547705154560883f,0.0763982081980357f,0.8015446325646204f,-1.3654961478812624f,-0.19462405995832502f,0.9355851234305457f,-1.0260513327096532f,0f,0f,0f,1f],start_interpolation:0}
execute if entity @s[tag=aj.red_knight.bone.right_hand] run data modify entity @s {} merge value {transformation:[0.20010151156675052f,0.4633884565826423f,0.8632673533585398f,-0.07685727761880704f,0.529858739053955f,0.6899493824336314f,-0.4931729578227133f,1.0171538145751302f,-0.8241414330786034f,0.5560944056411712f,-0.10747050896752156f,-0.8522718309467872f,0f,0f,0f,1f],start_interpolation:0}
execute if entity @s[tag=aj.red_knight.bone.right_arm] run data modify entity @s {} merge value {transformation:[0.20010151156675052f,-0.394973536855594f,0.8966355392535387f,-0.21279285235910206f,0.529858739053955f,0.8134008488414486f,0.2400599419981679f,1.2382254086472106f,-0.8241414330786034f,0.4270538189593831f,0.3720429195608377f,-0.6673086729545672f,0f,0f,0f,1f],start_interpolation:0}
execute if entity @s[tag=aj.red_knight.bone.waist] run data modify entity @s {} merge value {transformation:[-0.3826834323650897f,0.21237305841924986f,0.8991390741431091f,-0.1069403040944688f,0f,0.973221120830626f,-0.229870941985237f,0.6185539399091504f,-0.9238795325112866f,-0.08796780107990691f,-0.37243559896966366f,-0.5049771694937291f,0f,0f,0f,1f],start_interpolation:0}
execute if entity @s[tag=aj.red_knight.bone.left_foot] run data modify entity @s {} merge value {transformation:[-0.9657577985475656f,-0.014797992322873973f,0.25902296031003047f,-0.05055639548369903f,-0.04777080798611405f,0.9914448437313698f,-0.12147045625514735f,0.4207318829334055f,-0.2550094595282951f,-0.12968477652250482f,-0.9582025017131788f,0.2417879046287657f,0f,0f,0f,1f],start_interpolation:0}
execute if entity @s[tag=aj.red_knight.bone.left_leg] run data modify entity @s {} merge value {transformation:[-0.9657577985475656f,0.14966455452127858f,0.2119254483645291f,0.05602355088580374f,-0.04777080798611405f,0.7002956848355579f,-0.7122526965235377f,0.6265770529850903f,-0.2550094595282951f,-0.6979874461053321f,-0.6691664222227849f,-0.2004066895526499f,0f,0f,0f,1f],start_interpolation:0}
execute if entity @s[tag=aj.red_knight.bone.right_foot] run data modify entity @s {} merge value {transformation:[-0.1148060712015952f,-0.7318561459691035f,0.6717188010041882f,-0.3038106090670356f,0.3309585735761449f,0.6093798956461487f,0.7205016067704029f,0.21799086587007627f,-0.9366354619550221f,0.30502905499237104f,0.17225355444449694f,-0.5433705715081292f,0f,0f,0f,1f],start_interpolation:0}
execute if entity @s[tag=aj.red_knight.bone.right_leg] run data modify entity @s {} merge value {transformation:[-0.1148060712015952f,0.20732743631413802f,0.9715116572469221f,-0.03964730720546868f,0.3309585735761449f,0.9300888691957636f,-0.15937728186472835f,0.6265770529850903f,-0.9366354619550221f,0.30323263272535916f,-0.17539664152642614f,-0.4313765726804715f,0f,0f,0f,1f],start_interpolation:0}