execute if entity @s[tag=aj.red_knight.bone.head] run data modify entity @s {} merge value {transformation:[-0.9955119669292001f,-0.01857533408244978f,-0.09279483102242758f,-0.026151904805692672f,-0.041006923244109f,0.968381911120756f,0.24607906546507383f,1.5528495198710486f,0.08528983495591527f,0.24877988499442166f,-0.9647974983774341f,-0.042885643708520806f,0f,0f,0f,1f],start_interpolation:0}
execute if entity @s[tag=aj.red_knight.bone.body] run data modify entity @s {} merge value {transformation:[-0.9924586769487993f,-0.057579481369750156f,-0.10821449937152335f,0.5507498310695688f,-0.06695703803080238f,0.9941183281179169f,0.08512053076772563f,0.5475570379462076f,0.10267682117781268f,0.09172433169681976f,-0.9904767121783284f,0.31249862075672397f,0f,0f,0f,1f],start_interpolation:0}
execute if entity @s[tag=aj.red_knight.bone.left_hand] run data modify entity @s {} merge value {transformation:[-0.9016069124981229f,-0.4246297144094495f,0.08242924830514745f,0.5063820123033898f,-0.4317413892889794f,0.8717254050080541f,-0.23172007042629286f,1.2628080294856328f,0.026539557464740217f,-0.2445085354422082f,-0.9692838737880055f,-0.1416929316917322f,0f,0f,0f,1f],start_interpolation:0}
execute if entity @s[tag=aj.red_knight.bone.left_arm] run data modify entity @s {} merge value {transformation:[-0.9016069124981229f,-0.4205667113318102f,-0.10113662370846746f,0.3186044829810664f,-0.4317413892889794f,0.8893101233014258f,0.15075436102622283f,1.5137336061867672f,0.026539557464740217f,0.17958604041837045f,-0.9833842107622164f,-0.08391357171944516f,0f,0f,0f,1f],start_interpolation:0}
execute if entity @s[tag=aj.red_knight.bone.weapon] run data modify entity @s {} merge value {transformation:[0.000003324000757368699f,0.000009527206859020136f,-0.000013265033969358308f,-0.6332658718946982f,0.000003661126766037843f,0.0000127577903875336f,0.00001008031314040067f,1.0679606998263211f,0.000015916185081412925f,-0.000004924316365849466f,4.5159557240249335e-7f,0.2994142695291946f,0f,0f,0f,1f],start_interpolation:0}
execute if entity @s[tag=aj.red_knight.bone.right_hand] run data modify entity @s {} merge value {transformation:[-0.7692778743153679f,0.1483575152373291f,-0.6214512046504012f,-0.5869041483830328f,0.5770195181998694f,0.5789654099964894f,-0.5760620883585275f,1.248887390450224f,0.27433561144193386f,-0.8017412934982224f,-0.530990461867798f,0.04887011531100006f,0f,0f,0f,1f],start_interpolation:0}
execute if entity @s[tag=aj.red_knight.bone.right_arm] run data modify entity @s {} merge value {transformation:[-0.7692778743153679f,0.5603629562146857f,-0.30692818279064465f,-0.36371085742123305f,0.5770195181998694f,0.815606310329147f,0.04283482423993458f,1.4677006425405905f,0.27433561144193386f,-0.14415166961785003f,-0.9507682517002587f,-0.01332325715969894f,0f,0f,0f,1f],start_interpolation:0}
execute if entity @s[tag=aj.red_knight.bone.waist] run data modify entity @s {} merge value {transformation:[-0.9841936370891181f,0.1527749679017894f,-0.08956949199309011f,-0.22216684917710167f,0.16875320368371244f,0.9624411954752952f,-0.21267181641808608f,0.8631733223480522f,0.0537144390250562f,-0.22442538723302197f,-0.9730097659353331f,-0.06391679075369033f,0f,0f,0f,1f],start_interpolation:0}
execute if entity @s[tag=aj.red_knight.bone.left_foot] run data modify entity @s {} merge value {transformation:[-0.9861298372511454f,-0.1648814522996776f,0.01902763176483794f,0.17183316805230978f,-0.14689535704909495f,0.9203782141595883f,0.3623888753505357f,0.34751837387534135f,-0.07726382180845093f,0.35456741190915475f,-0.9318327383450292f,0.05379181195410218f,0f,0f,0f,1f],start_interpolation:0}
execute if entity @s[tag=aj.red_knight.bone.left_leg] run data modify entity @s {} merge value {transformation:[-0.9861298372511454f,-0.14754363687514474f,0.07601854576802f,0.11573777582096412f,-0.14689535704909495f,0.9890518102807245f,0.014080861402655631f,0.8135565579980124f,-0.07726382180845093f,0.002718786140410434f,-0.9970069759241781f,-0.11629433102954853f,0f,0f,0f,1f],start_interpolation:0}
execute if entity @s[tag=aj.red_knight.bone.right_foot] run data modify entity @s {} merge value {transformation:[-0.9880464280129403f,0.08818272799977972f,-0.12644391078017964f,-0.17705389381967146f,0.1119845756843178f,0.9742693148911985f,-0.19559845825117825f,0.4936684592603564f,0.10594201668682963f,-0.207420125696499f,-0.9724984218786044f,0.2376975276914466f,0f,0f,0f,1f],start_interpolation:0}
execute if entity @s[tag=aj.red_knight.bone.right_leg] run data modify entity @s {} merge value {transformation:[-0.9944801599203739f,0.07159421063560262f,0.07670384950060993f,-0.1303106334513154f,0.03552252790836561f,0.9175991071027938f,-0.3959166940849488f,0.8557448589189405f,-0.09872872700357599f,-0.3910065826141811f,-0.9150773141197595f,-0.10286572127328447f,0f,0f,0f,1f],start_interpolation:0}