execute if entity @s[tag=aj.red_knight.bone.head] run data modify entity @s {} merge value {transformation:[-0.9822161869801839f,0.02921451023139155f,0.18546663965804844f,-0.033712119207061596f,0.09047719263353332f,0.9392066817069724f,0.3312169782033105f,1.5567949509874497f,-0.16451516540204725f,0.34210717827738957f,-0.9251472525624338f,-0.07903434938420059f,0f,0f,0f,1f],start_interpolation:0}
execute if entity @s[tag=aj.red_knight.bone.body] run data modify entity @s {} merge value {transformation:[-0.4397021757145536f,-0.05393939073129859f,0.8965224697682842f,-0.2219235684937081f,0.08751475137010381f,0.9908719215799194f,0.10253781408410702f,0.4736315826607405f,-0.893869769577491f,0.12354504098527905f,-0.4309680474042466f,0.4319060878220926f,0f,0f,0f,1f],start_interpolation:0}
execute if entity @s[tag=aj.red_knight.bone.left_hand] run data modify entity @s {} merge value {transformation:[-0.2950134128091318f,0.31128371228063684f,0.9033656716587664f,0.2816609316533479f,-0.42664725417756044f,0.8030432792304782f,-0.4160452044976701f,1.2260511897087212f,-0.8549498270456909f,-0.5081573989932111f,-0.10410019732448844f,0.3572447600501033f,0f,0f,0f,1f],start_interpolation:0}
execute if entity @s[tag=aj.red_knight.bone.left_arm] run data modify entity @s {} merge value {transformation:[-0.2950134128091318f,-0.45573080875921534f,0.8398074280514433f,0.12080671561552236f,-0.42664725417756044f,0.8492688761043451f,0.31098954417023505f,1.4647822601052316f,-0.8549498270456909f,-0.2665554464424502f,-0.4449820077333567f,0.22051181884648197f,0f,0f,0f,1f],start_interpolation:0}
execute if entity @s[tag=aj.red_knight.bone.weapon] run data modify entity @s {} merge value {transformation:[0.43983295400477324f,-0.31620417907744663f,1.5761788183715615f,-0.31287847286436904f,0.42567042657189924f,1.598688249210649f,0.20193649386791307f,1.0375506772081344f,-1.550203031312773f,0.3492686312103142f,0.5026527257848514f,-0.7587921159462934f,0f,0f,0f,1f],start_interpolation:0}
execute if entity @s[tag=aj.red_knight.bone.right_hand] run data modify entity @s {} merge value {transformation:[0.026124038912149428f,0.34027380673155305f,0.9399634413334034f,-0.20654290826075872f,0.5087409294471956f,0.8048873049726273f,-0.3055144726508129f,1.2890779600120805f,-0.8605232136881142f,0.4861791467620948f,-0.15208430542814574f,-0.6068611325831388f,0f,0f,0f,1f],start_interpolation:0}
execute if entity @s[tag=aj.red_knight.bone.right_arm] run data modify entity @s {} merge value {transformation:[0.026124038912149428f,0.08539881761451143f,0.996004305483144f,-0.18148853018823324f,0.5087409294471956f,0.8565343992017499f,-0.0867841557503486f,1.5249486516721777f,-0.8605232136881142f,0.5089753087666834f,-0.02106973587255706f,-0.3940236477380431f,0f,0f,0f,1f],start_interpolation:0}
execute if entity @s[tag=aj.red_knight.bone.waist] run data modify entity @s {} merge value {transformation:[-0.5555702330196021f,0.09051949822575271f,0.8265276381486f,-0.13143155859147962f,0f,0.9940563382223196f,-0.10886687485196457f,0.8287750880069338f,-0.8314696123025453f,-0.060483195029621815f,-0.5522681114607865f,-0.3315186282348169f,0f,0f,0f,1f],start_interpolation:0}
execute if entity @s[tag=aj.red_knight.bone.left_foot] run data modify entity @s {} merge value {transformation:[-0.8551054724522791f,-0.10615147487453891f,0.5074706842410946f,0.010799962410580635f,-0.1933741958451102f,0.9734838731097316f,-0.1222111663332488f,0.4448235471049321f,-0.48104163163225433f,-0.20263517260642627f,-0.8529583433318079f,0.23039583555323587f,0f,0f,0f,1f],start_interpolation:0}
execute if entity @s[tag=aj.red_knight.bone.left_leg] run data modify entity @s {} merge value {transformation:[-0.8551054724522791f,-0.027717873166510518f,0.517712613801605f,0.0867890648609297f,-0.1933741958451102f,0.9435628147899073f,-0.2688784761318841f,0.8409051284525336f,-0.48104163163225433f,-0.33003171673775905f,-0.8122056479634366f,-0.06390437741130436f,0f,0f,0f,1f],start_interpolation:0}
execute if entity @s[tag=aj.red_knight.bone.right_foot] run data modify entity @s {} merge value {transformation:[-0.43549290801942064f,-0.06544362106092708f,0.8978101467054281f,-0.308069561511488f,0.26944393015674156f,0.9421520714457814f,0.19937262292529634f,0.41227121734262884f,-0.8589213558682061f,0.3287348578001079f,-0.39266715892809967f,-0.2764536971975208f,0f,0f,0f,1f],start_interpolation:0}
execute if entity @s[tag=aj.red_knight.bone.right_leg] run data modify entity @s {} merge value {transformation:[-0.43549290801942064f,0.22662107693489353f,0.871199641043118f,-0.0521034933939708f,0.26944393015674156f,0.9562384123274319f,-0.11405291443536834f,0.8409051284525336f,-0.8589213558682061f,0.18507021985825142f,-0.4774967205700382f,-0.27177178048694073f,0f,0f,0f,1f],start_interpolation:0}