execute if entity @s[tag=aj.red_knight.bone.head] run data modify entity @s {} merge value {transformation:[-0.7368239469305555f,-0.6165504519828664f,0.2774094652123486f,-0.4054765313969619f,-0.054439998973030757f,0.4630916141671887f,0.8846368991851086f,0.9743501180864389f,-0.6738892770637432f,0.6367194806567102f,-0.3747819969138789f,-0.2777761183380951f,0f,0f,0f,1f],start_interpolation:0}
execute if entity @s[tag=aj.red_knight.bone.body] run data modify entity @s {} merge value {transformation:[0.06135245059166444f,-0.6487624502351391f,0.7585137836396223f,-0.16472993419647664f,0.12493485957114711f,0.7589601889383022f,0.639038897462959f,-0.16269273500731796f,-0.9902662054570653f,0.05555821065904776f,0.127617113108038f,0.06704439825683745f,0f,0f,0f,1f],start_interpolation:0}
execute if entity @s[tag=aj.red_knight.bone.left_hand] run data modify entity @s {} merge value {transformation:[0.4812767083798271f,0.2725305052402586f,0.8331265532225989f,-0.2470765206561356f,-0.3237226720560736f,0.938511742598743f,-0.11999725247332321f,0.7099397183689395f,-0.8146019651142234f,-0.21195007128510224f,0.539908145626907f,0.28712796582456257f,0f,0f,0f,1f],start_interpolation:0}
execute if entity @s[tag=aj.red_knight.bone.left_arm] run data modify entity @s {} merge value {transformation:[0.4812767083798271f,-0.5408705816504126f,0.6898055841149904f,-0.38601878314815036f,-0.3237226720560736f,0.6216374301912906f,0.713281527156034f,0.8839687483002132f,-0.8146019651142234f,-0.5665914924266977f,0.12408754627976476f,0.059155501621580564f,0f,0f,0f,1f],start_interpolation:0}
execute if entity @s[tag=aj.red_knight.bone.weapon] run data modify entity @s {} merge value {transformation:[0.8355839430981997f,-0.044310951990476265f,1.4413930037806963f,-0.24981629852469825f,-0.3316531686945277f,1.6153201304035418f,0.24191905626829352f,0.6695745489267846f,-1.403418479110604f,-0.40811174159114866f,0.8010238177757865f,-0.928442369708772f,0f,0f,0f,1f],start_interpolation:0}
execute if entity @s[tag=aj.red_knight.bone.right_hand] run data modify entity @s {} merge value {transformation:[0.11192270767172821f,0.5596738091034873f,0.8211202925948314f,-0.07491823317985846f,0.6201680266009523f,0.6063012295156893f,-0.49778553401002296f,0.8590436831504376f,-0.7764437689165321f,0.5649460562667521f,-0.2792329264598539f,-0.751896727125412f,0f,0f,0f,1f],start_interpolation:0}
execute if entity @s[tag=aj.red_knight.bone.right_arm] run data modify entity @s {} merge value {transformation:[0.11192270767172821f,-0.8381618270625268f,0.5338146299630945f,-0.3438389733663811f,0.6201680266009523f,0.47865050485599636f,0.6215185540134585f,0.9698614642553769f,-0.7764437689165321f,0.2614927262015263f,0.5733730267935387f,-0.6216525146301518f,0f,0f,0f,1f],start_interpolation:0}
execute if entity @s[tag=aj.red_knight.bone.waist] run data modify entity @s {} merge value {transformation:[-0.3826834323650897f,0.40957263558091905f,0.828132626320551f,-0.12850900784652639f,0f,0.8963642955370201f,-0.4433182262059859f,0.40196015517563843f,-0.9238795325112866f,-0.16965054043450994f,-0.34302376526562256f,-0.4960431198768194f,0f,0f,0f,1f],start_interpolation:0}
execute if entity @s[tag=aj.red_knight.bone.left_foot] run data modify entity @s {} merge value {transformation:[-0.956813078813577f,0.14764365265260376f,0.2504198155950928f,-0.08953350714156037f,0.13257280304541783f,0.9882463431898267f,-0.0761158134990097f,0.4412879290394534f,-0.2587144837537394f,-0.03962974896882937f,-0.9651405591377367f,0.28998462523092283f,0f,0f,0f,1f],start_interpolation:0}
execute if entity @s[tag=aj.red_knight.bone.left_leg] run data modify entity @s {} merge value {transformation:[-0.956813078813577f,0.28581475605464546f,-0.053091029682108326f,0.03531713903244231f,0.13257280304541783f,0.26647468766871685f,-0.9546809376564196f,0.4021121527244673f,-0.2587144837537394f,-0.920489633865196f,-0.29285772969609797f,-0.1918298129349046f,0f,0f,0f,1f],start_interpolation:0}
execute if entity @s[tag=aj.red_knight.bone.right_foot] run data modify entity @s {} merge value {transformation:[-0.05188681572228293f,-0.976601932568919f,0.2087017576755259f,-0.34418677730282443f,0.2655585394214858f,0.18796611917099731f,0.9455936760491377f,0.0024953772583047318f,-0.962697470908971f,0.10448637876032722f,0.24959201942174422f,-0.5177354951002223f,0f,0f,0f,1f],start_interpolation:0}
execute if entity @s[tag=aj.red_knight.bone.right_leg] run data modify entity @s {} merge value {transformation:[-0.05188681572228293f,0.2511018978452013f,0.9665689811145088f,-0.06035371905883012f,0.2655585394214858f,0.9364947134322638f,-0.22903343392122769f,0.4021121527244673f,-0.962697470908971f,0.24479683129477017f,-0.11527398185848681f,-0.4227996960627262f,0f,0f,0f,1f],start_interpolation:0}