execute if entity @s[tag=aj.red_knight.bone.head] run data modify entity @s {} merge value {transformation:[-0.907662078252125f,0.11726044683395345f,-0.402988262001929f,-0.01168151724124272f,0.0751376314041731f,0.9900649407755565f,0.11885179592275616f,1.5558687027102573f,0.4129211644491045f,0.0775976846007368f,-0.9074550739814067f,-0.08008791384910349f,0f,0f,0f,1f],start_interpolation:0}
execute if entity @s[tag=aj.red_knight.bone.body] run data modify entity @s {} merge value {transformation:[-0.40601300566356574f,-0.03448316695177594f,-0.9132164860694388f,0.669728489150049f,-0.04360633259421309f,0.9988806114615139f,-0.01833062475626951f,0.5865938720304157f,0.9128263399955768f,0.032379549769078364f,-0.40706220380555064f,-0.33682370858833316f,0f,0f,0f,1f],start_interpolation:0}
execute if entity @s[tag=aj.red_knight.bone.left_hand] run data modify entity @s {} merge value {transformation:[-0.4165377850862838f,0.03996358546544004f,-0.9082396079406357f,0.15597779617424334f,-0.10303360768614256f,0.9905213939817628f,0.09083745786625541f,1.2043864070041157f,0.9032609530377095f,0.13141643695204985f,-0.40847199514316407f,-0.4878101432228599f,0f,0f,0f,1f],start_interpolation:0}
execute if entity @s[tag=aj.red_knight.bone.left_arm] run data modify entity @s {} merge value {transformation:[-0.4165377850862838f,0.00030869370797895895f,-0.9091183521982206f,0.13004065139009402f,-0.10303360768614256f,0.9935409113582133f,0.047545064356556296f,1.5084283413231736f,0.9032609530377095f,0.11347405943952843f,-0.41381552478335504f,-0.39589569008315045f,0f,0f,0f,1f],start_interpolation:0}
execute if entity @s[tag=aj.red_knight.bone.weapon] run data modify entity @s {} merge value {transformation:[5.446494064916152e-7f,1.912630526014534e-7f,-0.000016656666930886735f,-0.11628701005072367f,0.000013311745572815876f,0.000010013611908128623f,5.502582446264066e-7f,1.312978577966662f,0.000010013918544026755f,-0.000013321740606087184f,1.7447176133334024e-7f,0.8023858894927915f,0f,0f,0f,1f],start_interpolation:0}
execute if entity @s[tag=aj.red_knight.bone.right_hand] run data modify entity @s {} merge value {transformation:[-0.9613323440214654f,-0.22136096404537664f,-0.1638274944418569f,-0.18546231131490387f,0.17239510390062973f,-0.019818330563648845f,-0.9848284936600693f,1.3067853496655217f,0.21475579733568584f,-0.9749905421954468f,0.05721354857149136f,0.4977013450567144f,0f,0f,0f,1f],start_interpolation:0}
execute if entity @s[tag=aj.red_knight.bone.right_arm] run data modify entity @s {} merge value {transformation:[-0.9613323440214654f,-0.07588560060814453f,-0.2647291067460025f,-0.14909329000360744f,0.17239510390062973f,0.5838026623773429f,-0.7933816102936956f,1.478448987664652f,0.21475579733568584f,-0.8083414049901612f,-0.5481460758677801f,0.23167241866380867f,0f,0f,0f,1f],start_interpolation:0}
execute if entity @s[tag=aj.red_knight.bone.waist] run data modify entity @s {} merge value {transformation:[-0.979292124385811f,0.19309539757870361f,-0.06083668753184631f,-0.2254694992159496f,0.2014123106462134f,0.9596528483651975f,-0.19621287354482303f,0.8706652332107269f,0.020494297647842306f,-0.20440297957340525f,-0.9786722667499247f,-0.07348542895347077f,0f,0f,0f,1f],start_interpolation:0}
execute if entity @s[tag=aj.red_knight.bone.left_foot] run data modify entity @s {} merge value {transformation:[-0.9861635033515042f,-0.14940104319103986f,0.07183921596813878f,0.14944493037494158f,-0.1194472068315584f,0.940873700752828f,0.31700006941926273f,0.3416527926944355f,-0.11495177004999418f,0.30403290533280664f,-0.945700842252594f,0.0538079914937008f,0f,0f,0f,1f],start_interpolation:0}
execute if entity @s[tag=aj.red_knight.bone.left_leg] run data modify entity @s {} merge value {transformation:[-0.9861635033515042f,-0.12088383847730337f,0.11344003813681072f,0.11227813764346997f,-0.1194472068315584f,0.9926509562388163f,0.019402161176092253f,0.8102926748835215f,-0.11495177004999418f,0.005583607539698027f,-0.9933553814668825f,-0.11430764866168616f,0f,0f,0f,1f],start_interpolation:0}
execute if entity @s[tag=aj.red_knight.bone.right_foot] run data modify entity @s {} merge value {transformation:[-0.9925299070327263f,0.07631901816382984f,-0.0951829349837276f,-0.18267753807820442f,0.06916687858685008f,0.994682554029316f,0.07630569845213872f,0.41712803459335f,0.10050038085579303f,0.06915218128320878f,-0.9925309311409971f,0.11452629638779217f,0f,0f,0f,1f],start_interpolation:0}
execute if entity @s[tag=aj.red_knight.bone.right_leg] run data modify entity @s {} merge value {transformation:[-0.9917409415712427f,0.06680511467340182f,0.10948507416473886f,-0.13254489345298281f,0.05324600706179652f,0.9910514174040027f,-0.12240077938269953f,0.8606457525450748f,-0.1166823360383218f,-0.11556022116191556f,-0.9864233714494245f,-0.10918407424972558f,0f,0f,0f,1f],start_interpolation:0}