execute if entity @s[tag=aj.red_knight.bone.head] run data modify entity @s {} merge value {transformation:[-0.9097366755079286f,0.14725326118198787f,-0.3881953867668333f,-0.03662353598047759f,0.0005219117250986859f,0.9353970034839862f,0.3535988878394987f,1.5499904428271212f,0.41518539093269313f,0.32147927296242357f,-0.8510418134331701f,-0.022753315301422758f,0f,0f,0f,1f],start_interpolation:0}
execute if entity @s[tag=aj.red_knight.bone.body] run data modify entity @s {} merge value {transformation:[-0.40349259556020556f,-0.07439039693455173f,-0.9119538333556192f,0.6828809318007301f,-0.1436822614543009f,0.989475395648496f,-0.017142028748962174f,0.6364371216098098f,0.9036310823956127f,0.12411490744536752f,-0.40993457609521244f,-0.36547800457212753f,0f,0f,0f,1f],start_interpolation:0}
execute if entity @s[tag=aj.red_knight.bone.left_hand] run data modify entity @s {} merge value {transformation:[-0.4116368527419564f,0.00038008795018759645f,-0.9113478792414275f,0.14475771871641535f,-0.20234755416789543f,0.9750013904146971f,0.09180281047809853f,1.244536421520402f,0.8886003425539335f,0.222198434338672f,-0.40126959390224837f,-0.46057239575298664f,0f,0f,0f,1f],start_interpolation:0}
execute if entity @s[tag=aj.red_knight.bone.left_arm] run data modify entity @s {} merge value {transformation:[-0.4116368527419564f,-0.039372709978529666f,-0.9104970572020779f,0.10672644355175256f,-0.20234755416789543f,0.9780777874851124f,0.0491864712141208f,1.5375390079740061f,0.8886003425539335f,0.20448381680997021f,-0.41057983374230517f,-0.3411336815902501f,0f,0f,0f,1f],start_interpolation:0}
execute if entity @s[tag=aj.red_knight.bone.weapon] run data modify entity @s {} merge value {transformation:[1.5167487258280766e-7f,3.0735296443441627e-7f,-0.0000166631421606508f,-0.14671745480749823f,0.000010873364976939527f,0.000012626859043593129f,3.3187731057270853e-7f,1.155666044169076f,0.000012630309045667471f,-0.000010874085829450753f,-8.560702334889795e-8f,0.8030427766087729f,0f,0f,0f,1f],start_interpolation:0}
execute if entity @s[tag=aj.red_knight.bone.right_hand] run data modify entity @s {} merge value {transformation:[-0.9678079805121163f,-0.20175883842613046f,-0.15046954500495374f,-0.209767091815664f,0.1128719171063556f,0.18643202503275108f,-0.9759626173019761f,1.2139260519918107f,0.22496142599520302f,-0.9615281957171753f,-0.15765749476342222f,0.5025652154471556f,0f,0f,0f,1f],start_interpolation:0}
execute if entity @s[tag=aj.red_knight.bone.right_arm] run data modify entity @s {} merge value {transformation:[-0.9678079805121163f,-0.06846599315914254f,-0.24219851493721314f,-0.17067471589588876f,0.1128719171063556f,0.7420348673648344f,-0.660790576463972f,1.4387574532241743f,0.22496142599520302f,-0.6668558040503098f,-0.7104193785494735f,0.28011268755673363f,0f,0f,0f,1f],start_interpolation:0}