execute if entity @s[tag=aj.red_knight.bone.head] run data modify entity @s {} merge value {transformation:[-0.9291645090264653f,0.12813953948474216f,-0.346747132051941f,-0.013197083431763491f,0.07316478125782089f,0.9831910470904152f,0.1672790474170284f,1.5556821808604102f,0.36235373593921066f,0.13006007589530078f,-0.9229215279258609f,-0.07635061040676835f,0f,0f,0f,1f],start_interpolation:0}
execute if entity @s[tag=aj.red_knight.bone.body] run data modify entity @s {} merge value {transformation:[-0.406538920077589f,-0.03690807285660917f,-0.9128876714142652f,0.6707199439183481f,-0.050069171739394625f,0.9985821765017586f,-0.018075254198539392f,0.5896075557107626f,0.9122604806213406f,0.03835923527681456f,-0.407810476282181f,-0.33842670783374584f,0f,0f,0f,1f],start_interpolation:0}
execute if entity @s[tag=aj.red_knight.bone.left_hand] run data modify entity @s {} merge value {transformation:[-0.4169141035605007f,0.03748997616793253f,-0.9081724131128805f,0.1555894408285907f,-0.10946295469692031f,0.98980637157536f,0.09111096716554137f,1.2070614760946563f,0.9023305889757727f,0.1373966829139197f,-0.4085604725409541f,-0.48605975032441257f,0f,0f,0f,1f],start_interpolation:0}
execute if entity @s[tag=aj.red_knight.bone.left_arm] run data modify entity @s {} merge value {transformation:[-0.4169141035605007f,-0.0021596302643634574f,-0.9089433240029138f,0.12885742489844582f,-0.10946295469692031f,0.992838499802779f,0.04784950217491382f,1.5104820726144672f,0.9023305889757727f,0.1194447542024693f,-0.4141647726354181f,-0.3923376028251551f,0f,0f,0f,1f],start_interpolation:0}
execute if entity @s[tag=aj.red_knight.bone.weapon] run data modify entity @s {} merge value {transformation:[-1.8452333114678242e-7f,5.493595024914834e-7f,-0.00001665658827776753f,-0.1390281534713637f,0.00001335233266188442f,0.00000997297484842082f,1.8100535052317892e-7f,1.3131737261157181f,0.000009972910377839298f,-0.000013342254479193762f,-5.505286421224373e-7f,0.8071211320837854f,0f,0f,0f,1f],start_interpolation:0}
execute if entity @s[tag=aj.red_knight.bone.right_hand] run data modify entity @s {} merge value {transformation:[-0.973322410971137f,-0.17828786106715017f,-0.14441926082567424f,-0.19474311005484812f,0.15169940915771327f,-0.027826710806822752f,-0.9880348999032749f,1.304477878988586f,0.17213591595751943f,-0.98358482743573f,0.05413052443577249f,0.4997508735101199f,0f,0f,0f,1f],start_interpolation:0}
execute if entity @s[tag=aj.red_knight.bone.right_arm] run data modify entity @s {} merge value {transformation:[-0.973322410971137f,-0.05352839451438263f,-0.22311027605658637f,-0.15063808265489664f,0.15169940915771327f,0.5794011236076948f,-0.8008006163979531f,1.4760595170436335f,0.17213591595751943f,-0.8132828837144268f,-0.5558238727282344f,0.2348414776020165f,0f,0f,0f,1f],start_interpolation:0}