execute if entity @s[tag=aj.red_knight.bone.head] run data modify entity @s {} merge value {transformation:[-0.9533925016309757f,0.22824003132046686f,0.1973555824816266f,0.19204818046667033f,0.27649081291831584f,0.9227313956461477f,0.2685509297334143f,1.4898561877832308f,-0.12081211944833482f,0.3106014481481769f,-0.9428314654288202f,0.10885631607238667f,0f,0f,0f,1f],start_interpolation:0}
execute if entity @s[tag=aj.red_knight.bone.body] run data modify entity @s {} merge value {transformation:[-0.9164303661088212f,0.2973195026595793f,0.26787403273164057f,0.1903683955547807f,0.35641160097374797f,0.9107846324399196f,0.2084277428813412f,0.30778974594619635f,-0.1820059195877473f,0.28648292558116095f,-0.9406388140968229f,0.3780080723463937f,0f,0f,0f,1f],start_interpolation:0}
execute if entity @s[tag=aj.red_knight.bone.left_hand] run data modify entity @s {} merge value {transformation:[-0.7999682170127296f,-0.026484329906450388f,0.5994576148810529f,0.7014364503408663f,-0.4517986887840812f,0.68402791909099f,-0.5726986561159675f,1.0733243705625606f,-0.3948782047447785f,-0.7289748872035693f,-0.5591661803472061f,0.15165702319797095f,0f,0f,0f,1f],start_interpolation:0}
execute if entity @s[tag=aj.red_knight.bone.left_arm] run data modify entity @s {} merge value {transformation:[-0.7999682170127296f,-0.5214393180070935f,0.29690383865112213f,0.48848864990035396f,-0.4517986887840812f,0.849051865303855f,0.27384096632357524f,1.3104156604210102f,-0.3948782047447785f,0.08492330457737587f,-0.9148001069945275f,0.15351566808185224f,0f,0f,0f,1f],start_interpolation:0}
execute if entity @s[tag=aj.red_knight.bone.weapon] run data modify entity @s {} merge value {transformation:[1.5941800346585682f,-0.38273589247156303f,-0.29980165357745886f,-0.3729060349748264f,-0.43117192796361503f,-1.587865121391421f,-0.2656179635915559f,2.0785370266200767f,-0.2246298364196564f,0.3316253468303986f,-1.617820708146448f,0.19063265682078895f,0f,0f,0f,1f],start_interpolation:0}
execute if entity @s[tag=aj.red_knight.bone.right_hand] run data modify entity @s {} merge value {transformation:[0.3030182663324781f,0.12363517797864193f,-0.9449308297621835f,-0.3342700418565008f,0.5043069828667308f,-0.8621377752526165f,0.04891751745871725f,1.8091189718536338f,-0.808612637361496f,-0.49135811710875255f,-0.32359357757938756f,0.03708324522430378f,0f,0f,0f,1f],start_interpolation:0}
execute if entity @s[tag=aj.red_knight.bone.right_arm] run data modify entity @s {} merge value {transformation:[0.3030182663324781f,0.677284661449024f,-0.6704218206731789f,-0.14155722679946067f,0.5043069828667308f,-0.7108836778688041f,-0.4902232793040099f,1.5554486360904618f,-0.808612637361496f,-0.18955179742118816f,-0.5569701237891334f,0.028386598365275975f,0f,0f,0f,1f],start_interpolation:0}
execute if entity @s[tag=aj.red_knight.bone.waist] run data modify entity @s {} merge value {transformation:[-0.8818252980636007f,0.3347117074030462f,0.33219304120101495f,-0.22328488564418753f,0.006299573913603584f,0.7127294562074384f,-0.7014107481517203f,0.8440390400291934f,-0.471534154715805f,-0.6164290674372734f,-0.6306114062993664f,-0.10592167950896948f,0f,0f,0f,1f],start_interpolation:0}
execute if entity @s[tag=aj.red_knight.bone.left_foot] run data modify entity @s {} merge value {transformation:[-0.9880236437447684f,0.001714600887641471f,0.15429303142108172f,0.054154602713732444f,0.017057397327800206f,0.995023403201455f,0.09817062838647807f,0.38297718489927196f,-0.15335685376830216f,0.0996267395089819f,-0.9831358950710208f,0.2430614745938045f,0f,0f,0f,1f],start_interpolation:0}
execute if entity @s[tag=aj.red_knight.bone.left_leg] run data modify entity @s {} merge value {transformation:[-0.9880236437447684f,0.03282136236464461f,0.15077147466891574f,0.0954534635308795f,0.017057397327800206f,0.9943594127959157f,-0.10468239288707115f,0.8310908733698921f,-0.15335685376830216f,-0.10085691030707938f,-0.9830104572412226f,0.026829875549025897f,0f,0f,0f,1f],start_interpolation:0}
execute if entity @s[tag=aj.red_knight.bone.right_foot] run data modify entity @s {} merge value {transformation:[-0.7288422490308376f,0.4304087496354854f,0.5324821915002306f,-0.47453830190986246f,0.27389520147238167f,0.8960524775812292f,-0.34938714348261923f,0.8220151979982381f,-0.6275112705267322f,-0.10880379431692117f,-0.7709677942068446f,0.2652876326044402f,0f,0f,0f,1f],start_interpolation:0}
execute if entity @s[tag=aj.red_knight.bone.right_leg] run data modify entity @s {} merge value {transformation:[-0.7087330678088641f,0.6872397539442462f,0.15937050916931744f,-0.12500286098502064f,0.14248500239766632f,0.36069155247518164f,-0.9217372879865391f,0.8326657668482931f,-0.6909381033681473f,-0.6305577884474151f,-0.35355538850699497f,-0.09105366312992536f,0f,0f,0f,1f],start_interpolation:0}