execute if entity @s[tag=aj.red_knight.bone.head] run data modify entity @s {} merge value {transformation:[-0.9092475394670677f,0.175656506407962f,-0.3773774022508937f,-0.017795964879911193f,0.05647264078419671f,0.95027274344505f,0.3062557002053634f,1.5549696162863325f,0.4124072657167212f,0.2571507433821024f,-0.8739529405878157f,-0.06524817009697281f,0f,0f,0f,1f],start_interpolation:0}
execute if entity @s[tag=aj.red_knight.bone.body] run data modify entity @s {} merge value {transformation:[-0.40755794350801344f,-0.0442662831736455f,-0.9121058156033814f,0.6735660121148063f,-0.06932100453660622f,0.9974420731832343f,-0.017432985228220982f,0.5987382565937429f,0.910544409138596f,0.05612313977248745f,-0.4095840233316274f,-0.3433969899873634f,0f,0f,0f,1f],start_interpolation:0}
execute if entity @s[tag=aj.red_knight.bone.left_hand] run data modify entity @s {} merge value {transformation:[-0.41748341637447545f,0.030042250821878246f,-0.9081877890710994f,0.15416172745899062f,-0.12860185529292512f,0.9874400616969227f,0.09178064813017497f,1.2149638063525146f,0.8995383037244797f,0.15511153316737206f,-0.40837636122938525f,-0.48083626804017177f,0f,0f,0f,1f],start_interpolation:0}
execute if entity @s[tag=aj.red_knight.bone.left_arm] run data modify entity @s {} merge value {transformation:[-0.41748341637447545f,-0.009600937716046781f,-0.9086338201097673f,0.12506872089932128f,-0.12860185529292512f,0.9905036532004222f,0.04862176273887222f,1.5164585820218388f,0.8995383037244797f,0.13715077466638745f,-0.4147535474723464f,-0.3817555069741457f,0f,0f,0f,1f],start_interpolation:0}
execute if entity @s[tag=aj.red_knight.bone.weapon] run data modify entity @s {} merge value {transformation:[-6.657696760132222e-7f,8.526823315888119e-7f,-0.00001663152011566217f,-0.15978664393993966f,0.000012812286996755727f,0.000010659359733893563f,3.361181325784483e-8f,1.2764711922141887f,0.00001063860096201766f,-0.000012783925871289411f,-0.0000010812893535552826f,0.8074119059862562f,0f,0f,0f,1f],start_interpolation:0}
execute if entity @s[tag=aj.red_knight.bone.right_hand] run data modify entity @s {} merge value {transformation:[-0.9800996804451246f,-0.1464703282103178f,-0.13398156345306028f,-0.20555862150566398f,0.13224997383213447f,0.02154156370973409f,-0.990982293209288f,1.2832029308734807f,0.1480356741220316f,-0.9889804871618556f,-0.0017421826351998182f,0.49835550374817633f,0f,0f,0f,1f],start_interpolation:0}
execute if entity @s[tag=aj.red_knight.bone.right_arm] run data modify entity @s {} merge value {transformation:[-0.9800996804451246f,-0.03463991611070161f,-0.19546020721161683f,-0.15512736526243795f,0.13224997383213447f,0.6203618684606391f,-0.7730854393800367f,1.468800391402922f,0.1480356741220316f,-0.7835503993821128f,-0.6034353410394251f,0.24424377430863914f,0f,0f,0f,1f],start_interpolation:0}