execute if entity @s[tag=aj.red_knight.bone.head] run data modify entity @s {} merge value {transformation:[-0.9482515021849213f,0.3139690783153657f,-0.04735511023997491f,0.13247969126908452f,0.22061251956941638f,0.7587375793380661f,0.6129008091930095f,1.3327449401276221f,0.22836200387383676f,0.5707369828230966f,-0.7887395588055122f,0.588888397149284f,0f,0f,0f,1f],start_interpolation:0}
execute if entity @s[tag=aj.red_knight.bone.body] run data modify entity @s {} merge value {transformation:[-0.5035363077127366f,0.19617477561864044f,-0.8414075375381422f,0.5930413286598605f,-0.353450895589956f,0.8418825922430369f,0.40780652923267735f,0.45263919057603846f,0.7883677132034785f,0.5027416416899645f,-0.354580301891119f,-0.10611045915925155f,0f,0f,0f,1f],start_interpolation:0}
execute if entity @s[tag=aj.red_knight.bone.left_hand] run data modify entity @s {} merge value {transformation:[-0.5659420169640451f,-0.7138993608286526f,-0.4123800868653937f,0.35107883091615333f,-0.7378536074567386f,0.6617353504052467f,-0.13296006914529773f,1.2950949000181107f,0.3678065896605789f,0.22902844502918518f,-0.9012570576532357f,-0.008282231389255545f,0f,0f,0f,1f],start_interpolation:0}
execute if entity @s[tag=aj.red_knight.bone.left_arm] run data modify entity @s {} merge value {transformation:[-0.5659420169640451f,-0.07167386011752903f,-0.8213236214857826f,0.2933093735691727f,-0.7378536074567386f,0.4884703165421286f,0.46579910242540146f,1.4016260234714797f,0.3678065896605789f,0.8696318805293912f,-0.3293306924189864f,0.2864656431299654f,0f,0f,0f,1f],start_interpolation:0}
execute if entity @s[tag=aj.red_knight.bone.weapon] run data modify entity @s {} merge value {transformation:[0.000016579432475593757f,-0.0000014701879425330628f,8.595021690695468e-7f,0.11426641721954138f,-9.270863734218155e-7f,-7.357533608842767e-7f,0.000016624588885922595f,1.1668518650392516f,-0.0000014285333112043427f,-0.000016585384897051864f,-8.136818624018051e-7f,1.3606738369284264f,0f,0f,0f,1f],start_interpolation:0}
execute if entity @s[tag=aj.red_knight.bone.right_hand] run data modify entity @s {} merge value {transformation:[0.291012730636638f,-0.662305734480669f,-0.6904076366042232f,-0.09270412480566768f,0.9566528916359868f,0.2099396161173554f,0.20184301451623998f,1.2324579950759251f,0.01126212821421059f,-0.719219348779299f,0.6946917969931475f,1.1359177904348954f,0f,0f,0f,1f],start_interpolation:0}
execute if entity @s[tag=aj.red_knight.bone.right_arm] run data modify entity @s {} merge value {transformation:[0.291012730636638f,0.1856658639587963f,-0.9385306481771607f,-0.05287183798333372f,0.9566528916359868f,-0.0449237011049312f,0.28774486268835525f,1.158628532753385f,0.01126212821421059f,-0.9815854766852805f,-0.19069115456312613f,0.828468445957357f,0f,0f,0f,1f],start_interpolation:0}
execute if entity @s[tag=aj.red_knight.bone.waist] run data modify entity @s {} merge value {transformation:[-0.9396926382208334f,-0.04464258143531338f,-0.33909406599992453f,-0.19080452575888565f,0.01491870166861789f,0.9851511135595861f,-0.17104009995562558f,0.7020808829201546f,0.3416945683122466f,-0.16578396597710837f,-0.9250732395928488f,0.3675531791901063f,0f,0f,0f,1f],start_interpolation:0}
execute if entity @s[tag=aj.red_knight.bone.left_foot] run data modify entity @s {} merge value {transformation:[-0.9604598489208095f,-0.014978544633004673f,-0.2780153265769581f,0.22043986727866788f,-0.17237939023736143f,0.8161369912148817f,0.5515485086482561f,0.22071795044789655f,0.21863719819008628f,0.5776643097607789f,-0.7864488036714099f,0.27238070353927857f,0f,0f,0f,1f],start_interpolation:0}
execute if entity @s[tag=aj.red_knight.bone.left_leg] run data modify entity @s {} merge value {transformation:[-0.9604598489208095f,-0.12023023023781149f,-0.25112062907690086f,0.12092058873210142f,-0.17237939023736143f,0.9650807383141342f,0.19724227324902027f,0.7070005622473223f,0.21863719819008628f,0.2327313048818498f,-0.9476465138940682f,0.21859675812710272f,0f,0f,0f,1f],start_interpolation:0}
execute if entity @s[tag=aj.red_knight.bone.right_foot] run data modify entity @s {} merge value {transformation:[-0.8412234459872123f,0.20558319709699635f,-0.5000786568058844f,-0.05491424297001717f,0.2768860567603037f,0.9582127656039714f,-0.07184989495690774f,0.3968007279323829f,0.4644106216411612f,-0.19890662358243982f,-0.8629941654506732f,0.6877187329561589f,0f,0f,0f,1f],start_interpolation:0}
execute if entity @s[tag=aj.red_knight.bone.right_leg] run data modify entity @s {} merge value {transformation:[-0.9382711847626597f,0.0007747805622246584f,-0.34589967267858945f,-0.11400257082310693f,0.18252217540925306f,0.8505547884127795f,-0.4931959117753977f,0.7107302376644768f,0.2938245043013751f,-0.5258858731922473f,-0.7981924636632939f,0.30402040020516435f,0f,0f,0f,1f],start_interpolation:0}
execute if entity @s[tag=aj.red_knight.bone.weapon_ground] run data modify entity @s {} merge value {transformation:[1.6666666666666667f,1.9501047727272508e-16f,2.1281659164530086e-16f,0.1031249999999998f,-2.0410779985789226e-16f,-0.07269897894222685f,1.6650803693030964f,0.2265625f,2.041077998578922e-16f,-1.6650803693030964f,-0.07269897894222647f,1.540625f,0f,0f,0f,1f],start_interpolation:0}