execute if entity @s[tag=aj.red_knight.bone.head] run data modify entity @s {} merge value {transformation:[-0.9463419892325198f,0.12497669272358258f,-0.2980229281302239f,0.016272925614185137f,0.11302268942080113f,0.9919511910398924f,0.05708507922940903f,1.5538374374798636f,0.30275850292192685f,0.020338654587114938f,-0.9528502652767954f,-0.1583350848108609f,0f,0f,0f,1f],start_interpolation:0}
execute if entity @s[tag=aj.red_knight.bone.body] run data modify entity @s {} merge value {transformation:[-0.8170523541587181f,0.010243941616908631f,-0.576472473084228f,0.6772585115512896f,0.06184558043150129f,0.9956305870928837f,-0.06996326340423459f,0.5641983662618308f,0.573236927234095f,-0.09281592376973347f,-0.8141158575718714f,0.07283395810382627f,0f,0f,0f,1f],start_interpolation:0}
execute if entity @s[tag=aj.red_knight.bone.left_hand] run data modify entity @s {} merge value {transformation:[-0.8245478120499967f,-0.06942742968897199f,-0.5615164624927269f,0.3485405286005036f,0.0016606346270864577f,0.9921415353306066f,-0.12510961659465647f,1.1577521628365406f,0.5657898443204847f,-0.1040913343108325f,-0.8179528386069652f,-0.3832829923622927f,0f,0f,0f,1f],start_interpolation:0}
execute if entity @s[tag=aj.red_knight.bone.left_arm] run data modify entity @s {} merge value {transformation:[-0.8245478120499967f,-0.0016379658950114867f,-0.5657899104007511f,0.2964944260051877f,0.0016606346270864577f,0.9999844960399877f,-0.005315070299331065f,1.4703511075132296f,0.5657898443204847f,-0.005322099903072995f,-0.8245323082308075f,-0.3495842833119727f,0f,0f,0f,1f],start_interpolation:0}
execute if entity @s[tag=aj.red_knight.bone.weapon] run data modify entity @s {} merge value {transformation:[0.000003191402867756103f,0.000003656059687869662f,-0.000015944464653044653f,-0.32345864787237016f,0.000010640884083151969f,0.00001187439240238111f,0.000004852645544543149f,1.2324762999433991f,0.000012424343501464328f,-0.000011108996822881257f,-6.046424243313062e-8f,0.5589410643670268f,0f,0f,0f,1f],start_interpolation:0}
execute if entity @s[tag=aj.red_knight.bone.right_hand] run data modify entity @s {} merge value {transformation:[-0.8990153124638562f,-0.15005699319981403f,-0.41140535575919024f,-0.370351458247312f,0.3759160849401226f,0.2174541975419368f,-0.9007778688748311f,1.3004307366752543f,0.22462984004536313f,-0.9644669879074261f,-0.13908581594818098f,0.2575451306459562f,0f,0f,0f,1f],start_interpolation:0}
execute if entity @s[tag=aj.red_knight.bone.right_arm] run data modify entity @s {} merge value {transformation:[-0.8990153124638562f,0.1565885879660479f,-0.4089639129242508f,-0.26522906747893105f,0.3759160849401226f,0.7549886806188479f,-0.5372887391530753f,1.5128699440598867f,0.22462984004536313f,-0.6367669167412908f,-0.7376105535477271f,0.04451610416146763f,0f,0f,0f,1f],start_interpolation:0}
execute if entity @s[tag=aj.red_knight.bone.waist] run data modify entity @s {} merge value {transformation:[-0.9806356527944051f,0.18573283393082102f,-0.06210499874017584f,-0.22495811565634244f,0.19460772168731072f,0.9596975451149135f,-0.2027522048217556f,0.8691718406689667f,0.02194427324304463f,-0.210912153041106f,-0.9772586722927559f,-0.07245630594399048f,0f,0f,0f,1f],start_interpolation:0}
execute if entity @s[tag=aj.red_knight.bone.left_foot] run data modify entity @s {} merge value {transformation:[-0.9856010536880138f,-0.15645279275538676f,0.06413335020188252f,0.15404082259006247f,-0.12713279841572894f,0.9357449561777205f,0.3289659990864437f,0.3436294030307176f,-0.11148010825283106f,0.3160757830441878f,-0.9421614961549537f,0.05709506485134776f,0f,0f,0f,1f],start_interpolation:0}
execute if entity @s[tag=aj.red_knight.bone.left_leg] run data modify entity @s {} merge value {transformation:[-0.9856010536880138f,-0.12790034068702893f,0.11059867006984864f,0.1130966843112729f,-0.12713279841572894f,0.9917869885718787f,0.013993600912922566f,0.8109347040806943f,-0.11148010825283106f,-0.00026861062237160116f,-0.9937666292003726f,-0.11383448577170298f,0f,0f,0f,1f],start_interpolation:0}
execute if entity @s[tag=aj.red_knight.bone.right_foot] run data modify entity @s {} merge value {transformation:[-0.9899076914600733f,-0.07330272862074967f,-0.12128261361358239f,-0.11126713923059181f,-0.04495913822621164f,0.9740633686725451f,-0.22176390531430032f,0.49503003770419407f,0.13439285054698846f,-0.21407303376895978f,-0.96752844812688f,0.2321418615515281f,0f,0f,0f,1f],start_interpolation:0}
execute if entity @s[tag=aj.red_knight.bone.right_leg] run data modify entity @s {} merge value {transformation:[-0.9901657454797688f,-0.08508233171336194f,0.11105311030633806f,-0.13206222888732835f,-0.12140653980230809f,0.9170213791784156f,-0.37991083456904357f,0.859586634502522f,-0.06951437672686739f,-0.3896572685834744f,-0.918332709026713f,-0.10834841746094181f,0f,0f,0f,1f],start_interpolation:0}