# This file was generated by Animated Java via MC-Build. It is not recommended to edit this file directly.
$data merge entity $(bone_head) { transformation: [-0.5481580747043209f,0.2553669554833776f,-0.7964360885743457f,0f,1.3877787807814457e-17f,0.9522478853384153f,0.30532599769511315f,1.6183587342500756f,0.8363747516134453f,0.16736691105372908f,-0.5219823674683667f,0f,0f,0f,0f,1f], start_interpolation: 0, interpolation_duration: 1 }
$data merge entity $(bone_bust) { transformation: [-0.10645689679246863f,-0.49715865906300916f,-0.8611040569199453f,0.07146655724030765f,0f,0.8660254037844387f,-0.49999999999999994f,1.5089837342500756f,0.9943173181260184f,-0.05322844839623431f,-0.09219437703033596f,0.007651589456958707f,0f,0f,0f,1f], start_interpolation: 0, interpolation_duration: 1 }
$data merge entity $(bone_left_wing) { transformation: [0.29088773865718653f,0f,-0.9567571915062402f,-0.11763610871622288f,0f,1f,0f,1.3996087342500756f,0.9567571915062402f,0f,0.29088773865718653f,-0.07545194448193476f,0f,0f,0f,1f], start_interpolation: 0, interpolation_duration: 1 }
$data merge entity $(bone_right_wing) { transformation: [-0.4868436381648382f,0f,-0.8734891367260523f,-0.13094322081528154f,0f,1f,0f,1.3996087342500756f,0.8734891367260523f,0f,-0.4868436381648382f,0.0488377202838175f,0f,0f,0f,1f], start_interpolation: 0, interpolation_duration: 1 }
$data merge entity $(bone_body) { transformation: [-0.10645689679246863f,0f,-0.9943173181260184f,0.5503871074592436f,0f,1f,0f,0.3371087342500756f,0.9943173181260184f,0f,-0.10645689679246863f,-0.4439302106667749f,0f,0f,0f,1f], start_interpolation: 0, interpolation_duration: 1 }
$data merge entity $(bone_right_ring) { transformation: [-0.18978815204832894f,-0.7429763019791191f,-0.6418462993891241f,-0.042776807783180104f,-0.2072284826715083f,0.6693134054116996f,-0.7134955650218564f,1.1623759455843667f,0.9597066287734731f,-0.0024041700494456253f,-0.2809936060742818f,0.4030604576829601f,0f,0f,0f,1f], start_interpolation: 0, interpolation_duration: 1 }
$data merge entity $(bone_sword) { transformation: [0.0000015625889927119464f,-0.000007429763019791192f,-0.000006508220733011346f,0.11446325398164686f,0.000001769468225046612f,0.000006693134054116997f,-0.00000721601959075568f,1.0102181957432723f,0.000009717370932531386f,-2.4041700494456255e-8f,0.0000023605347182855577f,0.4376414895427581f,0f,0f,0f,1f], start_interpolation: 0, interpolation_duration: 1 }
$data merge entity $(bone_right_hand) { transformation: [0.15625889927119463f,-0.7429763019791191f,-0.6508220733011346f,-0.21988142433939883f,0.17694682250466118f,0.6693134054116996f,-0.7216019590755679f,1.1993059815166103f,0.9717370932531385f,-0.0024041700494456253f,0.23605347182855574f,0.42481481909666136f,0f,0f,0f,1f], start_interpolation: 0, interpolation_duration: 1 }
$data merge entity $(bone_right_arm) { transformation: [0.15625889927119463f,0.27442712203426295f,-0.9488271239222383f,-0.03659455827241109f,0.17694682250466118f,0.9373088581731283f,0.3002364508111738f,1.4933587342500756f,0.9717370932531385f,-0.21480656200912066f,0.09790384320221153f,0.3417965781058188f,0f,0f,0f,1f], start_interpolation: 0, interpolation_duration: 1 }
$data merge entity $(bone_left_ring) { transformation: [-0.35912625169290374f,-0.8559782031434422f,-0.37192694321375697f,0.04881276702480672f,-0.5046400626652578f,0.513329710832986f,-0.6941404865942684f,1.1805866030158576f,0.7850902766549908f,-0.06159483516859976f,-0.6163110690084539f,-0.37171005694197684f,0f,0f,0f,1f], start_interpolation: 0, interpolation_duration: 1 }
$data merge entity $(bone_left_hand) { transformation: [-0.1252824557471039f,-0.8559782031434422f,-0.5016030522487867f,-0.13195911336467986f,-0.09035808084963076f,0.513329710832986f,-0.8534213643923467f,1.1807861174217291f,0.9879978357805985f,-0.06159483516859976f,-0.14165575446626402f,-0.39461447691828283f,0f,0f,0f,1f], start_interpolation: 0, interpolation_duration: 1 }
$data merge entity $(bone_left_arm) { transformation: [-0.1252824557471039f,0.20689955216209016f,-0.9703076221472763f,0.03659455827241109f,-0.09035808084963076f,0.9715691207368367f,0.2188352367783163f,1.5246087342500756f,0.9879978357805985f,0.11509135043858298f,-0.10302551891195083f,-0.3417965781058188f,0f,0f,0f,1f], start_interpolation: 0, interpolation_duration: 1 }
$data merge entity $(bone_leftfoot) { transformation: [-0.08637101198870462f,0.2586888252575747f,-0.9620915444877911f,0.2932615938314025f,0.0040814374224891065f,0.9657841002936205f,0.259315278162719f,0.5312614023973465f,0.9962546813724961f,0.01847060656551365f,-0.0844715723571466f,-0.08142187999675048f,0f,0f,0f,1f], start_interpolation: 0, interpolation_duration: 1 }
$data merge entity $(bone_leftleg) { transformation: [-0.10462000120684925f,-0.41608594836233653f,-0.9032868530665626f,-0.008443579234948073f,0.043619320929226706f,0.9054773568381341f,-0.4221470254485983f,0.8371087342500756f,0.9935552376134666f,-0.0835657814469618f,-0.07658165564942185f,-0.12661840938308755f,0f,0f,0f,1f], start_interpolation: 0, interpolation_duration: 1 }
$data merge entity $(bone_rightfoot) { transformation: [-0.11149065246836723f,0.17264208018142874f,-0.9786544571823127f,0.1707834606759689f,-0.0002946579765974733f,0.984788387344675f,0.17375772019611507f,0.45147373423983683f,0.9937654389184878f,0.019660729938222283f,-0.10974382948230711f,0.15852450527211667f,0f,0f,0f,1f], start_interpolation: 0, interpolation_duration: 1 }
$data merge entity $(bone_rightleg) { transformation: [-0.10635557341563917f,-0.12004538138734737f,-0.9870550128594643f,-0.03505780343306523f,-0.043619387365336f,0.9922930149089731f,-0.11598241939506662f,0.8371087342500756f,0.993370948361841f,0.030719358235918214f,-0.11077219858913143f,0.12196092014841706f,0f,0f,0f,1f], start_interpolation: 0, interpolation_duration: 1 }
$data merge entity $(bone_skirt_right_back) { transformation: [-0.11546341852153054f,0.017118068991501298f,-0.9931642214142252f,-0.20691504672694105f,0.08664023016558374f,0.9962143789238602f,0.0070980097352837945f,0.8939863176032261f,0.9895259822259225f,-0.08522841626681626f,-0.11650943120826629f,0.14534509794223394f,0f,0f,0f,1f], start_interpolation: 0, interpolation_duration: 1 }
$data merge entity $(bone_skirt_right) { transformation: [-0.11546341852153054f,-0.09829700593606074f,-0.9884360867589406f,0.073617933716217f,0.08664023016558374f,0.990302362315903f,-0.10860341481001765f,0.8653446375664742f,0.9895259822259225f,-0.09817805159783996f,-0.10582722090405342f,0.21216781899092405f,0f,0f,0f,1f], start_interpolation: 0, interpolation_duration: 1 }
$data merge entity $(bone_skirt_left_back) { transformation: [-0.09664017379838427f,-0.1264321692185022f,-0.9872565945056645f,-0.1710567887459341f,-0.08664023016558371f,0.9892027777689495f,-0.1182004017381042f,0.8324131573524558f,0.9915412988499636f,0.07411323121345191f,-0.10655084060686082f,-0.1911968167452831f,0f,0f,0f,1f], start_interpolation: 0, interpolation_duration: 1 }
$data merge entity $(bone_skirt_left) { transformation: [-0.09664017379838427f,-0.324981541500287f,-0.9407697244768856f,0.11686604803815737f,-0.08664023016558371f,0.9443526962550902f,-0.3173191699103537f,0.8653446375664742f,0.9915412988499636f,0.05084272573179455f,-0.11941888424821578f,-0.19177359149777093f,0f,0f,0f,1f], start_interpolation: 0, interpolation_duration: 1 }
$data merge entity $(bone_skirt_back_middle) { transformation: [-0.10645689679246863f,-0.01818599141358064f,-0.9941509939851304f,-0.1277275441109076f,0f,0.9998327252901504f,-0.01828992725165003f,0.9037179628554541f,0.9943173181260184f,-0.0019470888977706682f,-0.10643908924594618f,-0.013675189733793862f,0f,0f,0f,1f], start_interpolation: 0, interpolation_duration: 1 }
$data merge entity $(bone_skirt_front_middle) { transformation: [-0.10645689679246863f,-0.19372321714668328f,-0.975263166670236f,0.18115873300126134f,0f,0.9808369510332039f,-0.19483037619398186f,0.9376565299835847f,0.9943173181260184f,-0.020741037250520566f,-0.10441685806638139f,0.01939581679872283f,0f,0f,0f,1f], start_interpolation: 0, interpolation_duration: 1 }
$data merge entity $(bone_lower) { transformation: [-0.10645689679246863f,0f,-0.9943173181260184f,0f,0f,1f,0f,0.9308587342500756f,0.9943173181260184f,0f,-0.10645689679246863f,0f,0f,0f,0f,1f], start_interpolation: 0, interpolation_duration: 1 }
data modify entity @s data merge value {"locators":{"locator_right_hand":{"posx":0.1661852771484471,"posy":0.9741315503123262,"posz":0.4037366305093667,"roty":250.06426795436494,"rotx":-46.18690001351776},"locator_left_hand":{"posx":0.28955663665889986,"posy":1.0362126218440804,"posz":-0.3543865095508082,"roty":285.7700026206562,"rotx":-58.58576907401336}},"cameras":{}}