# This file was generated by Animated Java via MC-Build. It is not recommended to edit this file directly.
$data merge entity $(bone_head) { transformation: [-0.7509205222236247f,0.18088705465598282f,0.635136396974132f,0f,1.3877787807814457e-17f,0.9617557937963264f,-0.27390836624535253f,1.5556518383417877f,-0.6603925872565491f,-0.20568341342238f,-0.7222021629291342f,0f,0f,0f,0f,1f], start_interpolation: 0, interpolation_duration: 1 }
$data merge entity $(bone_bust) { transformation: [-0.20689358755658738f,0.4891817258003319f,0.8472876032204022f,-0.07031987308379772f,0f,0.8660254037844387f,-0.49999999999999994f,1.4462768383417877f,-0.978363451600664f,-0.10344679377829367f,-0.1791751027041047f,0.014870476605629679f,0f,0f,0f,1f], start_interpolation: 0, interpolation_duration: 1 }
$data merge entity $(bone_left_wing) { transformation: [-0.696696895967368f,0f,0.7173656216668279f,0.1352262806723697f,0f,1f,0f,1.3369018383417877f,-0.7173656216668279f,0f,-0.696696895967368f,0.035286017280468096f,0f,0f,0f,1f], start_interpolation: 0, interpolation_duration: 1 }
$data merge entity $(bone_right_wing) { transformation: [0.34663856260190584f,0f,0.9379987776736624f,0.10936458222779627f,0f,1f,0f,1.3369018383417877f,-0.9379987776736624f,0f,0.34663856260190584f,-0.08700941416961494f,0f,0f,0f,1f], start_interpolation: 0, interpolation_duration: 1 }
$data merge entity $(bone_body) { transformation: [-0.20689358755658738f,0f,0.978363451600664f,-0.3857349320220383f,0f,1f,0f,0.27440183834178766f,-0.978363451600664f,0f,-0.20689358755658738f,0.5926285195786256f,0f,0f,0f,1f], start_interpolation: 0, interpolation_duration: 1 }
$data merge entity $(bone_right_ring) { transformation: [0.4065657299318834f,-0.060159446100604586f,0.9116387158791708f,-0.04103994767227462f,0.910144501271049f,0.11364126041055123f,-0.3984001138784665f,1.373831208136512f,-0.0796322425342191f,0.9916987975071716f,0.10095643105717232f,-0.832161835241314f,0f,0f,0f,1f], start_interpolation: 0, interpolation_duration: 1 }
$data merge entity $(bone_sword) { transformation: [-0.000003074589261532643f,-6.015944610060459e-7f,0.000009496577540217057f,-0.022649757873467742f,0.000009430856573655184f,0.0000011364126041055124f,0.0000031253016942968846f,1.3833268931117153f,-0.0000012672194600829806f,0.000009916987975071718f,2.1795490880002546e-7f,-1.052715453463767f,0f,0f,0f,1f], start_interpolation: 0, interpolation_duration: 1 }
$data merge entity $(bone_right_hand) { transformation: [-0.3074589261532643f,-0.060159446100604586f,0.9496577540217055f,0.03859055331404079f,0.9430856573655183f,0.11364126041055123f,0.3125301694296884f,1.420887358459694f,-0.12672194600829806f,0.9916987975071716f,0.021795490880002544f,-0.6751655708608182f,0f,0f,0f,1f], start_interpolation: 0, interpolation_duration: 1 }
$data merge entity $(bone_right_arm) { transformation: [-0.3074589261532643f,-0.060159446100604586f,0.9496577540217055f,-0.07111967072257691f,0.9430856573655183f,0.11364126041055123f,0.3125301694296884f,1.4306518383417877f,-0.12672194600829806f,0.9916987975071716f,0.021795490880002544f,-0.33631243648772824f,0f,0f,0f,1f], start_interpolation: 0, interpolation_duration: 1 }
$data merge entity $(bone_left_ring) { transformation: [-0.9323154970535514f,0.11390167089127168f,-0.3432407658218437f,-0.09199003716161715f,-0.007507338775799038f,-0.9549981123184216f,-0.29651685505676895f,1.888191585585525f,-0.36156804866898123f,-0.27387043439631814f,0.8912146382018629f,0.5187354890042563f,0f,0f,0f,1f], start_interpolation: 0, interpolation_duration: 1 }
$data merge entity $(bone_left_hand) { transformation: [-0.4635512585042639f,0.11390167089127168f,-0.8787187491497434f,-0.1565727838176444f,0.1927323193655408f,-0.9549981123184216f,-0.22546143470720376f,1.7178361210319713f,-0.8648551808315035f,-0.27387043439631814f,0.4207380436239153f,0.5153874252195736f,0f,0f,0f,1f], start_interpolation: 0, interpolation_duration: 1 }
$data merge entity $(bone_left_arm) { transformation: [-0.4635512585042639f,0.4109240407248558f,-0.7850233521962708f,0.07111967072257691f,0.1927323193655408f,-0.8179881199054868f,-0.5419867975933235f,1.4619018383417877f,-0.8648551808315035f,-0.4025380335419799f,0.2999810789717636f,0.33631243648772824f,0f,0f,0f,1f], start_interpolation: 0, interpolation_duration: 1 }
$data merge entity $(bone_leftfoot) { transformation: [-0.22765558779413878f,-0.20927961564333225f,0.9509863173685963f,-0.2617367272347897f,0.004609295145215034f,0.976388419799314f,0.21597316518508286f,0.47714856862494104f,-0.9737308086655005f,0.05355087448378368f,-0.22131564810842586f,0.17040748929308527f,0f,0f,0f,1f], start_interpolation: 0, interpolation_duration: 1 }
$data merge entity $(bone_leftleg) { transformation: [-0.2084039213723832f,0.44590311673727906f,0.8704816000586079f,0.04726339894833795f,0.043619320929226706f,0.8933759094174073f,-0.4471877003164261f,0.7744018383417877f,-0.9770696804211493f,-0.05522585405949812f,-0.2056330339345125f,0.11776963422228265f,0f,0f,0f,1f], start_interpolation: 0, interpolation_duration: 1 }
$data merge entity $(bone_rightfoot) { transformation: [-0.19033469818060783f,-0.09914456286769341f,0.9767000861688663f,-0.30861864386739274f,-0.0034010474408132383f,0.99494798697044f,0.10033412231028277f,0.4617270876229828f,-0.9817133673047355f,0.01577526155863719f,-0.18971032016723371f,-0.08051903249843316f,0f,0f,0f,1f], start_interpolation: 0, interpolation_duration: 1 }
$data merge entity $(bone_rightleg) { transformation: [-0.206696670705099f,0.37059766472232963f,0.9055019918375572f,-0.0044599979408089f,-0.043619387365336f,0.9210772172592244f,-0.38692907475644206f,0.7744018383417877f,-0.9774322663823314f,-0.11947439369320667f,-0.17421835117558662f,-0.12682122867788334f,0f,0f,0f,1f], start_interpolation: 0, interpolation_duration: 1 }
$data merge entity $(bone_skirt_right_back) { transformation: [-0.17244790056334564f,0.195540510733222f,0.9654147452020221f,0.1493438281370953f,0.11178306122184073f,0.977651347214338f,-0.17805165125284406f,0.7841259982191878f,-0.9786553370902182f,0.07721238211699542f,-0.19045203919268078f,-0.19929158087325755f,0f,0f,0f,1f], start_interpolation: 0, interpolation_duration: 1 }
$data merge entity $(bone_skirt_right) { transformation: [-0.17244790056334564f,0.28474107507310326f,0.9429656630850923f,-0.13905057869026044f,0.11178306122184073f,0.9567802603516355f,-0.26846988774410246f,0.8033276085384219f,-0.9786553370902182f,0.05911051994078694f,-0.19682397622536021f,-0.17821222434024347f,0f,0f,0f,1f], start_interpolation: 0, interpolation_duration: 1 }
$data merge entity $(bone_skirt_left_back) { transformation: [-0.23850854752107015f,0.07741012031578462f,0.9680502807355025f,0.21718603637031153f,-0.11178306122184073f,0.9880042049296943f,-0.10654688294416209f,0.7823577732912169f,-0.9646855549780269f,-0.13362396609118632f,-0.22699430764404166f,0.12198863199101356f,0f,0f,0f,1f], start_interpolation: 0, interpolation_duration: 1 }
$data merge entity $(bone_skirt_left) { transformation: [-0.23850854752107015f,0.24225700607904632f,0.940438842118405f,-0.055000058745396804f,-0.11178306122184073f,0.9551010934176157f,-0.2743837615026611f,0.8033276085384219f,-0.9646855549780269f,-0.17056800508328607f,-0.20071954478486753f,0.21924792787252628f,0f,0f,0f,1f], start_interpolation: 0, interpolation_duration: 1 }
$data merge entity $(bone_skirt_back_middle) { transformation: [-0.20689358755658738f,0.14468999949192432f,0.967605212612557f,0.12553065332966007f,0f,0.9890038421094883f,-0.14788982484495147f,0.7999129350163678f,-0.978363451600664f,-0.03059745642528734f,-0.20461855300128073f,-0.026545847735015712f,0f,0f,0f,1f], start_interpolation: 0, interpolation_duration: 1 }
$data merge entity $(bone_skirt_front_middle) { transformation: [-0.20689358755658738f,0.3634183191413264f,0.9083623554179565f,-0.16715052040357922f,0f,0.9284508266655083f,-0.3714553303751803f,0.8902635629210436f,-0.978363451600664f,-0.07685172591833847f,-0.19209052239870625f,0.03534716139658338f,0f,0f,0f,1f], start_interpolation: 0, interpolation_duration: 1 }
$data merge entity $(bone_lower) { transformation: [-0.20689358755658738f,0f,0.978363451600664f,0f,0f,1f,0f,0.8681518383417877f,-0.978363451600664f,0f,-0.20689358755658738f,0f,0f,0f,0f,1f], start_interpolation: 0, interpolation_duration: 1 }
data modify entity @s data merge value {"locators":{"locator_right_hand":{"posx":-0.02412010345647958,"posy":1.3418696036460445,"posz":-1.111077122040206,"roty":91.31475833260882,"rotx":18.211776590259},"locator_left_hand":{"posx":-0.1240248820997873,"posy":2.1567848046750813,"posz":0.5957615486782207,"roty":244.41450230717675,"rotx":-13.030013658599135}},"cameras":{}}