# This file was generated by Animated Java via MC-Build. It is not recommended to edit this file directly.
$data merge entity $(bone_head) { transformation: [-0.7364037638407617f,0.1740141444202362f,0.6537802185313142f,0f,0f,0.9663552586583668f,-0.25721103021317154f,1.5528362132394031f,-0.6765423095425442f,-0.1894111707503394f,-0.7116276496833341f,0f,0f,0f,0f,1f], start_interpolation: 0, interpolation_duration: 1 }
$data merge entity $(bone_bust) { transformation: [-0.20239487748185703f,0.4896519972309681f,0.8481021372316121f,-0.07038747460195172f,0f,0.8660254037844387f,-0.49999999999999994f,1.4434612132394031f,-0.9793039944619363f,-0.1011974387409285f,-0.17527910549512724f,0.014547131819008463f,0f,0f,0f,1f], start_interpolation: 0, interpolation_duration: 1 }
$data merge entity $(bone_left_wing) { transformation: [-0.6992990038067515f,0f,0.7148292826087114f,0.13506267915035808f,0f,1f,0f,1.3340862132394031f,-0.7148292826087114f,0f,-0.6992990038067515f,0.035907139968638924f,0f,0f,0f,1f], start_interpolation: 0, interpolation_duration: 1 }
$data merge entity $(bone_right_wing) { transformation: [0.3586402079141824f,0f,0.9334758707472154f,0.10976331946512596f,0f,1f,0f,1.3340862132394031f,-0.9334758707472154f,0f,0.3586402079141824f,-0.08650585933910315f,0f,0f,0f,1f], start_interpolation: 0, interpolation_duration: 1 }
$data merge entity $(bone_body) { transformation: [-0.20239487748185703f,0f,0.9793039944619363f,-0.3884545584900396f,0f,1f,0f,0.27158621323940313f,-0.9793039944619363f,0f,-0.20239487748185703f,0.5908494359718967f,0f,0f,0f,1f], start_interpolation: 0, interpolation_duration: 1 }
$data merge entity $(bone_right_ring) { transformation: [0.5409415657225299f,-0.06832690183056692f,0.8382801780788411f,-0.03597521740275558f,0.8396220430687258f,0.10213137687470623f,-0.5334829019291769f,1.376563453094887f,-0.04916347492556519f,0.9924215920383399f,0.11261587982753829f,-0.8330305572548393f,0f,0f,0f,1f], start_interpolation: 0, interpolation_duration: 1 }
$data merge entity $(bone_sword) { transformation: [-0.0000030728795739453453f,-6.832690183056692e-7f,0.000009491604425630742f,-0.01580082438085024f,0.000009442311687081136f,0.0000010213137687470623f,0.0000031304421716075046f,1.3886207543188103f,-0.0000011832840436854163f,0.0000099242159203834f,3.313264818396087e-7f,-1.0533028455218687f,0f,0f,0f,1f], start_interpolation: 0, interpolation_duration: 1 }
$data merge entity $(bone_right_hand) { transformation: [-0.3072879573945345f,-0.06832690183056692f,0.9491604425630741f,0.04233249567650653f,0.9442311687081135f,0.10213137687470623f,0.3130442171607504f,1.4218693760903802f,-0.11832840436854161f,0.9924215920383399f,0.03313264818396087f,-0.6748584977316023f,0f,0f,0f,1f], start_interpolation: 0, interpolation_duration: 1 }
$data merge entity $(bone_right_arm) { transformation: [-0.3072879573945345f,-0.06664949106399154f,0.9492797040815766f,-0.06957323913438836f,0.9442311687081135f,0.10268441191341093f,0.31286324742626337f,1.4278362132394031f,-0.11832840436854161f,0.9924785926612766f,0.03137884364802265f,-0.3366357480962906f,0f,0f,0f,1f], start_interpolation: 0, interpolation_duration: 1 }
$data merge entity $(bone_left_ring) { transformation: [-0.9720774205742784f,0.1264730813496669f,-0.1976614481976165f,-0.12028479539288289f,-0.06183788349339063f,-0.9506186593312536f,-0.3041385222169477f,1.8561792414684037f,-0.22636599694900328f,-0.2834232245691443f,0.9318957619820536f,0.5281494583753636f,0f,0f,0f,1f], start_interpolation: 0, interpolation_duration: 1 }
$data merge entity $(bone_left_hand) { transformation: [-0.4616134629868138f,0.1264730813496669f,-0.8780191173791394f,-0.18283766868629175f,0.19649532718445578f,-0.9506186593312536f,-0.24023686421097956f,1.685122869928116f,-0.8650448527007113f,-0.2834232245691443f,0.413967001813953f,0.522673985956493f,0f,0f,0f,1f], start_interpolation: 0, interpolation_duration: 1 }
$data merge entity $(bone_left_arm) { transformation: [-0.4616134629868138f,0.4878783626511757f,-0.7408695661492178f,0.06957323913438836f,0.19649532718445578f,-0.7581936555653379f,-0.6217169509150803f,1.4590862132394031f,-0.8650448527007113f,-0.43257032251100946f,0.25412658046478775f,0.3366357480962906f,0f,0f,0f,1f], start_interpolation: 0, interpolation_duration: 1 }
$data merge entity $(bone_leftfoot) { transformation: [-0.2232130341957115f,-0.23092237114780673f,0.9470220693672451f,-0.2627833556018696f,0.004627320307861441f,0.9712722131592023f,0.23792619832963685f,0.4746219343464929f,-0.9747587031013946f,0.05749040309738487f,-0.21573206595169767f,0.1692711478130289f,0f,0f,0f,1f], start_interpolation: 0, interpolation_duration: 1 }
$data merge entity $(bone_leftleg) { transformation: [-0.2039111414743506f,0.4469565512634469f,0.8710052167842127f,0.04672163456408698f,0.04361932092922671f,0.8929626720077338f,-0.44801230032498174f,0.7715862132394031f,-0.9780171783891634f,-0.053362043471875356f,-0.2015809789940638f,0.11798561136282641f,0f,0f,0f,1f], start_interpolation: 0, interpolation_duration: 1 }
$data merge entity $(bone_rightfoot) { transformation: [-0.1856278072818368f,-0.1358875300951018f,0.9731787586709802f,-0.30974601904646837f,-0.0034839909007612297f,0.9904764308665903f,0.13763830028441904f,0.46041451880424883f,-0.9826139521557492f,0.022158949939771938f,-0.18433339894448325f,-0.08169344218230098f,0f,0f,0f,1f], start_interpolation: 0, interpolation_duration: 1 }
$data merge entity $(bone_rightleg) { transformation: [-0.20220224240552725f,0.37556656300697f,0.9044689104205341f,-0.0038770848063772734f,-0.04361938736533599f,0.9191756898660655f,-0.3914248334037016f,0.7715862132394031f,-0.978371914055207f,-0.11859935881097504f,-0.16947740226229702f,-0.12684038725265764f,0f,0f,0f,1f], start_interpolation: 0, interpolation_duration: 1 }
$data merge entity $(bone_skirt_right_back) { transformation: [-0.1733931146777269f,0.17347705124460494f,0.9694537330238268f,0.1505572975120575f,0.09775167880558587f,0.9825349125840686f,-0.15833431353975713f,0.7846706914329207f,-0.9799895086545806f,0.06731165014240303f,-0.18732246176596257f,-0.19963756452435522f,0f,0f,0f,1f], start_interpolation: 0, interpolation_duration: 1 }
$data merge entity $(bone_skirt_right) { transformation: [-0.1733931146777269f,0.27254786432456285f,0.946389184973326f,-0.1380674371156546f,0.09775167880558587f,0.9609625172738611f,-0.25883517860865407f,0.8004626680496629f,-0.9799895086545806f,0.04763089382747248f,-0.19326629525126676f,-0.17888302199460912f,0f,0f,0f,1f], start_interpolation: 0, interpolation_duration: 1 }
$data merge entity $(bone_skirt_left_back) { transformation: [-0.2292923482567416f,0.0741937003707086f,0.9705257924734463f,0.2172966426574212f,-0.09775167880558587f,0.9902945497992683f,-0.09879936198454797f,0.7821080363261567f,-0.9684366929859684f,-0.11752446325410584f,-0.2198144040212916f,0.12387300817766622f,0f,0f,0f,1f], start_interpolation: 0, interpolation_duration: 1 }
$data merge entity $(bone_skirt_left) { transformation: [-0.2292923482567416f,0.2397881398167245f,0.943359246010842f,-0.05584451813865021f,-0.09775167880558587f,0.9586079615371917f,-0.2674236066023331f,0.8004626680496629f,-0.9684366929859684f,-0.1535331367514675f,-0.19636177733371754f,0.21895922575555252f,0f,0f,0f,1f], start_interpolation: 0, interpolation_duration: 1 }
$data merge entity $(bone_skirt_back_middle) { transformation: [-0.20239487748185703f,0.13281221227716333f,0.9702562701880106f,0.12583533351352258f,0f,0.9907610667115713f,-0.13561898351097298f,0.7991496562386358f,-0.9793039944619363f,-0.02744858755191737f,-0.20052496471088244f,-0.02600666090752674f,0f,0f,0f,1f], start_interpolation: 0, interpolation_duration: 1 }
$data merge entity $(bone_skirt_front_middle) { transformation: [-0.20239487748185703f,0.35535234292684664f,0.9125574096710327f,-0.1679321198000804f,0f,0.9318428341267244f,-0.36286213978131443f,0.8867327454436276f,-0.9793039944619363f,-0.0734414383238436f,-0.18860021624542478f,0.034706894901291946f,0f,0f,0f,1f], start_interpolation: 0, interpolation_duration: 1 }
$data merge entity $(bone_lower) { transformation: [-0.20239487748185703f,0f,0.9793039944619363f,0f,0f,1f,0f,0.8653362132394031f,-0.9793039944619363f,0f,-0.20239487748185703f,0f,0f,0f,0f,1f], start_interpolation: 0, interpolation_duration: 1 }
data modify entity @s data merge value {"locators":{"locator_right_hand":{"posx":-0.016758276262908635,"posy":1.3478390033488759,"posz":-1.1121491300156223,"roty":91.99923039239727,"rotx":18.24278527160912},"locator_left_hand":{"posx":-0.1558553495224767,"posy":2.123540739405319,"posz":0.6078622402854355,"roty":244.7571374409681,"rotx":-13.90052069650396}},"cameras":{}}