# This file was generated by Animated Java via MC-Build. It is not recommended to edit this file directly.
$data merge entity $(bone_head) { transformation: [-0.72411668905903f,0.16582267860505626f,0.669445934998811f,0f,0f,0.970665214522263f,-0.24043510832748444f,1.5501076381833216f,-0.6896774758002381f,-0.17410307457564725f,-0.702874881324634f,0f,0f,0f,0f,1f], start_interpolation: 0, interpolation_duration: 1 }
$data merge entity $(bone_bust) { transformation: [-0.2016833885011532f,0.48972538498700796f,0.8482292485537266f,-0.07039802409188245f,0f,0.8660254037844387f,-0.49999999999999994f,1.4407326381833216f,-0.979450769974016f,-0.10084169425057658f,-0.17466293796332502f,0.01449599354852038f,0f,0f,0f,1f], start_interpolation: 0, interpolation_duration: 1 }
$data merge entity $(bone_left_wing) { transformation: [-0.7042470897860508f,0f,0.7099549538723411f,0.13503655802807407f,0f,1f,0f,1.3313576381833216f,-0.7099549538723411f,0f,-0.7042470897860508f,0.03600524956073181f,0f,0f,0f,1f], start_interpolation: 0, interpolation_duration: 1 }
$data merge entity $(bone_right_wing) { transformation: [0.3664674015590422f,0f,0.93043089135871f,0.10982613446542994f,0f,1f,0f,1.3313576381833216f,-0.93043089135871f,0f,0.3664674015590422f,-0.08642609668602019f,0f,0f,0f,1f], start_interpolation: 0, interpolation_duration: 1 }
$data merge entity $(bone_body) { transformation: [-0.2016833885011532f,0f,0.979450769974016f,-0.3888836907364314f,0f,1f,0f,0.26885763818332165f,-0.979450769974016f,0f,-0.2016833885011532f,0.5905670792375846f,0f,0f,0f,1f], start_interpolation: 0, interpolation_duration: 1 }
$data merge entity $(bone_right_ring) { transformation: [0.6638525388965795f,-0.07364025477094974f,0.7442290772859086f,-0.03451659668234425f,0.7474356984745696f,0.098985114814851f,-0.6569184300131359f,1.374879678766965f,-0.025291960113796662f,0.9923603478184528f,0.12075287504337819f,-0.8335287761539625f,0f,0f,0f,1f], start_interpolation: 0, interpolation_duration: 1 }
$data merge entity $(bone_sword) { transformation: [-0.0000030726826013674993f,-7.364025477094974e-7f,0.00000948769376186755f,-0.013185402577554378f,0.000009444027303862203f,9.898511481485101e-7f,0.0000031353696733263106f,1.3876382853403582f,-0.0000011700298778914629f,0.00000992360347818453f,3.9131073663426033e-7f,-1.0536525225816689f,0f,0f,0f,1f], start_interpolation: 0, interpolation_duration: 1 }
$data merge entity $(bone_right_hand) { transformation: [-0.3072682601367499f,-0.07364025477094974f,0.9487693761867549f,0.04292424252720313f,0.9444027303862201f,0.098985114814851f,0.31353696733263103f,1.4197401936442198f,-0.11700298778914628f,0.9923603478184528f,0.03913107366342603f,-0.674803933651383f,0f,0f,0f,1f], start_interpolation: 0, interpolation_duration: 1 }
$data merge entity $(bone_right_arm) { transformation: [-0.3072682601367499f,-0.06767754659467176f,0.949213340613932f,-0.06932866479727141f,0.9444027303862201f,0.10095315883770506f,0.3129088406544974f,1.4251076381833216f,-0.11700298778914628f,0.9925866256441376f,0.032895158318477974f,-0.33668620217856804f,0f,0f,0f,1f], start_interpolation: 0, interpolation_duration: 1 }
$data merge entity $(bone_left_ring) { transformation: [-0.9872433452029391f,0.1533042781826648f,-0.042992739426581605f,-0.14916904816708632f,-0.13304695548979778f,-0.9426443404660112f,-0.3061374773239865f,1.8199793864126979f,-0.08745904748741284f,-0.29651213411644856f,0.951016019494048f,0.536045259619354f,0f,0f,0f,1f], start_interpolation: 0, interpolation_duration: 1 }
$data merge entity $(bone_left_hand) { transformation: [-0.46130700832237237f,0.1533042781826648f,-0.8738956701824048f,-0.2071429737806454f,0.19708855892027058f,-0.9426443404660112f,-0.26940257483945773f,1.6474347168236845f,-0.8650733749315105f,-0.29651213411644856f,0.40463392134905785f,0.5276496687901331f,0f,0f,0f,1f], start_interpolation: 0, interpolation_duration: 1 }
$data merge entity $(bone_left_arm) { transformation: [-0.46130700832237237f,0.5665594645203466f,-0.6827929534163929f,0.06932866479727141f,0.19708855892027058f,-0.6849062610198244f,-0.7014695385820934f,1.4563576381833216f,-0.8650733749315105f,-0.4581634935023329f,0.20428966984736183f,0.33668620217856804f,0f,0f,0f,1f], start_interpolation: 0, interpolation_duration: 1 }
$data merge entity $(bone_leftfoot) { transformation: [-0.22251725428631886f,-0.25185082598425085f,0.9418371584281056f,-0.26300040700994365f,0.004633706395300198f,0.9657733063443169f,0.25934619626631983f,0.47199567822320054f,-0.9749177402785939f,0.062073200367121883f,-0.2137342216077324f,0.16910431991017671f,0f,0f,0f,1f], start_interpolation: 0, interpolation_duration: 1 }
$data merge entity $(bone_leftleg) { transformation: [-0.20320058692759602f,0.44727976412201664f,0.871005358237958f,0.046635909155825744f,0.043619320929226706f,0.892816267213341f,-0.448303990436076f,0.7688576381833216f,-0.9781650557620394f,-0.05310297172653647f,-0.20093082909264331f,0.11801952212328928f,0f,0f,0f,1f], start_interpolation: 0, interpolation_duration: 1 }
$data merge entity $(bone_rightfoot) { transformation: [-0.18473027262097588f,-0.171702516750522f,0.9676740009522405f,-0.31111099426255845f,-0.0035639679748224124f,0.9847306061078739f,0.17404864701195993f,0.4591259790349635f,-0.9827827962015079f,0.02870329486236929f,-0.18252149559542163f,-0.08168932840147294f,0f,0f,0f,1f], start_interpolation: 0, interpolation_duration: 1 }
$data merge entity $(bone_rightleg) { transformation: [-0.20149143060468f,0.3798628038912245f,0.9028319077285519f,-0.0037849379694625505f,-0.043619387365336f,0.9173421686065547f,-0.395702785865978f,0.7688576381833216f,-0.978518549869522f,-0.11911169512739024f,-0.1682672031179203f,-0.12684317037021473f,0f,0f,0f,1f], start_interpolation: 0, interpolation_duration: 1 }
$data merge entity $(bone_skirt_right_back) { transformation: [-0.1777651871070379f,0.15201308659624516f,0.9722610553530785f,0.15095829011108158f,0.08388946248190463f,0.986741361113558f,-0.1389389950743128f,0.7852067200181617f,-0.980490742606628f,0.056863940869810045f,-0.18816055880937915f,-0.2005606825964453f,0f,0f,0f,1f], start_interpolation: 0, interpolation_duration: 1 }
$data merge entity $(bone_skirt_right) { transformation: [-0.1777651871070379f,0.26079232525626356f,0.9488871910507755f,-0.13777091479756043f,0.08388946248190463f,0.9647507749721388f,-0.24943636518189286f,0.7976853199923699f,-0.980490742606628f,0.03526053428535527f,-0.19337683000973607f,-0.17901756825549886f,0f,0f,0f,1f], start_interpolation: 0, interpolation_duration: 1 }
$data merge entity $(bone_skirt_left_back) { transformation: [-0.22406665752901514f,0.07015557273627762f,0.9720454354595878f,0.21784901308361543f,-0.08388946248190464f,0.9923152626753375f,-0.09095590990184721f,0.7819616222392819f,-0.9709565855733573f,-0.1019245558029109f,-0.21645945083573306f,0.12489981017930349f,0f,0f,0f,1f], start_interpolation: 0, interpolation_duration: 1 }
$data merge entity $(bone_skirt_left) { transformation: [-0.22406665752901514f,0.23635604304290242f,0.9454786903473162f,-0.05583703821896695f,-0.08388946248190464f,0.9618674031353727f,-0.2603337413208507f,0.7976853199923699f,-0.9709565855733573f,-0.1376478103811178f,-0.19569463260143768f,0.21888430704644513f,0f,0f,0f,1f], start_interpolation: 0, interpolation_duration: 1 }
$data merge entity $(bone_skirt_back_middle) { transformation: [-0.2016833885011532f,0.12070408723638268f,0.9719847396575341f,0.12602294271349446f,0f,0.9923773296776519f,-0.12323650247330434f,0.7985185278281631f,-0.979450769974016f,-0.02485475540584677f,-0.20014602252111488f,-0.025949986354105944f,0f,0f,0f,1f], start_interpolation: 0, interpolation_duration: 1 }
$data merge entity $(bone_skirt_front_middle) { transformation: [-0.2016833885011532f,0.34677971292958654f,0.9160063545102546f,-0.1685847189213997f,0f,0.9352244978423524f,-0.35405527624301764f,0.8832678413529902f,-0.979450769974016f,-0.07140706782940365f,-0.1886192457341351f,0.03471408508105453f,0f,0f,0f,1f], start_interpolation: 0, interpolation_duration: 1 }
$data merge entity $(bone_lower) { transformation: [-0.2016833885011532f,0f,0.979450769974016f,0f,0f,1f,0f,0.8626076381833216f,-0.979450769974016f,0f,-0.2016833885011532f,0f,0f,0f,0f,1f], start_interpolation: 0, interpolation_duration: 1 }
data modify entity @s data merge value {"locators":{"locator_right_hand":{"posx":-0.013805275028014631,"posy":1.3470401152252882,"posz":-1.1126301239779024,"roty":92.36177034041823,"rotx":18.272514422694858},"locator_left_hand":{"posx":-0.1922858764059608,"posy":2.0850981071687635,"posz":0.6194392973396051,"roty":245.1547714133846,"rotx":-15.628719675536557}},"cameras":{}}