# This file was generated by Animated Java via MC-Build. It is not recommended to edit this file directly.
$data merge entity $(bone_head) { transformation: [-0.7151769754045691f,0.1237930565089464f,0.6878932860635761f,0f,0f,0.9841902416983758f,-0.1771145622067612f,1.540161858482354f,-0.6989434124814199f,-0.12666825689913594f,-0.7038702002805364f,0f,0f,0f,0f,1f], start_interpolation: 0, interpolation_duration: 1 }
$data merge entity $(bone_bust) { transformation: [-0.2519062626080628f,0.4838758195185097f,0.8380975039600872f,-0.0695571490557858f,0f,0.8660254037844387f,-0.49999999999999994f,1.430786858482354f,-0.9677516390370196f,-0.12595313130403138f,-0.21815722279097646f,0.018105762624954558f,0f,0f,0f,1f], start_interpolation: 0, interpolation_duration: 1 }
$data merge entity $(bone_left_wing) { transformation: [-0.7556161024047088f,0f,0.6550147370759813f,0.1367130962926314f,0f,1f,0f,1.321411858482354f,-0.6550147370759813f,0f,-0.7556161024047088f,0.02899619461380587f,0f,0f,0f,1f], start_interpolation: 0, interpolation_duration: 1 }
$data merge entity $(bone_right_wing) { transformation: [0.3403556749573928f,0f,0.9402967693894826f,0.10522481346662349f,0f,1f,0f,1.321411858482354f,-0.9402967693894826f,0f,0.3403556749573928f,-0.09197276026582157f,0f,0f,0f,1f], start_interpolation: 0, interpolation_duration: 1 }
$data merge entity $(bone_body) { transformation: [-0.2519062626080628f,0f,0.9677516390370196f,-0.35792268821447837f,0f,1f,0f,0.258911858482354f,-0.9677516390370196f,0f,-0.2519062626080628f,0.6098289508225412f,0f,0f,0f,1f], start_interpolation: 0, interpolation_duration: 1 }
$data merge entity $(bone_right_ring) { transformation: [0.9784675367529578f,-0.001782945931996325f,0.2063930731017951f,-0.09497284594287873f,0.19407812229114643f,0.3482887315851289f,-0.9170761374601156f,1.237304946054858f,-0.0702492844699656f,0.937385609317012f,0.34113524807154166f,-0.8026764863378031f,0f,0f,0f,1f], start_interpolation: 0, interpolation_duration: 1 }
$data merge entity $(bone_sword) { transformation: [-0.0000030963889023728176f,-1.782945931996325e-8f,0.000009508525536361715f,-0.08940197068960441f,0.000008911260536071206f,0.0000034828873158512893f,0.000002908424247482158f,1.1935088880825244f,-0.0000033168978614847973f,0.00000937385609317012f,-0.000001062549067579951f,-1.0197551271111331f,0f,0f,0f,1f], start_interpolation: 0, interpolation_duration: 1 }
$data merge entity $(bone_right_hand) { transformation: [-0.30963889023728175f,-0.001782945931996325f,0.9508525536361715f,-0.006109004341362079f,0.8911260536071205f,0.3482887315851289f,0.2908424247482158f,1.3189915376851795f,-0.3316897861484797f,0.937385609317012f,-0.10625490675799508f,-0.6661713823905819f,0f,0f,0f,1f], start_interpolation: 0, interpolation_duration: 1 }
$data merge entity $(bone_right_arm) { transformation: [-0.30963889023728175f,0.02509890730410891f,0.9505229100367674f,-0.08659277777152159f,0.8911260536071205f,0.3563718034320851f,0.280879857414452f,1.415161858482354f,-0.3316897861484797f,0.9340070570240373f,-0.13271285994233106f,-0.3326646259189755f,0f,0f,0f,1f], start_interpolation: 0, interpolation_duration: 1 }
$data merge entity $(bone_left_ring) { transformation: [-0.580121101237854f,0.6219123889311419f,0.5260080687523143f,-0.2912597325038614f,-0.7419606555568613f,-0.6699307497110538f,-0.026214045800249636f,1.5485401831853194f,0.3360861400061179f,-0.40548461263720614f,0.8500754880657617f,0.5426021846331502f,0f,0f,0f,1f], start_interpolation: 0, interpolation_duration: 1 }
$data merge entity $(bone_left_hand) { transformation: [-0.46109194235598117f,0.6219123889311419f,-0.6329448642562386f,-0.25342450275739287f,0.1052482743791555f,-0.6699307497110538f,-0.7349255685658208f,1.3749642314899215f,-0.8810885434702908f,-0.40548461263720614f,0.2434444648782476f,0.5020681324909225f,0f,0f,0f,1f], start_interpolation: 0, interpolation_duration: 1 }
$data merge entity $(bone_left_arm) { transformation: [-0.46109194235598117f,0.8816887096322216f,-0.10009615377953404f,0.08659277777152159f,0.1052482743791555f,-0.05766614235193357f,-0.9927725906603466f,1.446411858482354f,-0.8810885434702908f,-0.46829438960264524f,-0.06620682164314605f,0.3326646259189755f,0f,0f,0f,1f], start_interpolation: 0, interpolation_duration: 1 }
$data merge entity $(bone_leftfoot) { transformation: [-0.2722397998038855f,-0.321027227842271f,0.9070981261068987f,-0.2521202330575411f,0.00451006530024501f,0.942268538731223f,0.3348278068325769f,0.46006261848362906f,-0.9622188684045476f,0.09524452688334677f,-0.2550751445849626f,0.18187220884798355f,0f,0f,0f,1f], start_interpolation: 0, interpolation_duration: 1 }
$data merge entity $(bone_leftleg) { transformation: [-0.2533551647407658f,0.43846954751693645f,0.8622967101870868f,0.05265784992994266f,0.043619320929226706f,0.8956508117249278f,-0.4426138026520989f,0.758911858482354f,-0.9663894222004155f,-0.07452569594959241f,-0.24604350286560378f,0.11545850538507607f,0f,0f,0f,1f], start_interpolation: 0, interpolation_duration: 1 }
$data merge entity $(bone_rightfoot) { transformation: [-0.2345123404679947f,-0.2944183126731523f,0.9264565933333936f,-0.3198118751965176f,-0.003851732930280384f,0.9533076461666288f,0.3019763168092417f,0.4542907084855706f,-0.9721055119284414f,0.06724870945182235f,-0.22469642799877187f,-0.064497034193915f,0f,0f,0f,1f], start_interpolation: 0, interpolation_duration: 1 }
$data merge entity $(bone_rightleg) { transformation: [-0.2516665036639176f,0.38777785454658037f,0.8867312481563004f,-0.01031871572207305f,-0.043619387365336f,0.9107449884800256f,-0.4106591226362696f,0.758911858482354f,-0.9668305539128623f,-0.14202781939383946f,-0.21228937453103677f,-0.12647940437417882f,0f,0f,0f,1f], start_interpolation: 0, interpolation_duration: 1 }
$data merge entity $(bone_skirt_right_back) { transformation: [-0.24391391229889706f,0.07631541074320972f,0.9667895124949077f,0.14086698664190106f,0.033571975642852886f,0.996965908915203f,-0.07022747975200783f,0.7863282366356732f,-0.9692156240169066f,0.015327574628040862f,-0.24573591438277842f,-0.2118819152252174f,0f,0f,0f,1f], start_interpolation: 0, interpolation_duration: 1 }
$data merge entity $(bone_skirt_right) { transformation: [-0.24391391229889706f,0.2189694043486268f,0.9447530912075671f,-0.1461527177913569f,0.033571975642852886f,0.9754988507738317f,-0.21742795264263765f,0.7875602943818897f,-0.9692156240169066f,-0.021316474805674644f,-0.2452889766446454f,-0.17185009911908455f,0f,0f,0f,1f], start_interpolation: 0, interpolation_duration: 1 }
$data merge entity $(bone_skirt_left_back) { transformation: [-0.2595980639422263f,0.04863889402853355f,0.9644911109933202f,0.22630056048411185f,-0.03357197564285289f,0.9976726422031422f,-0.059348306217082814f,0.7822566867669926f,-0.9651330310630154f,-0.047786577478220967f,-0.2573609825984399f,0.11644959175818495f,0f,0f,0f,1f], start_interpolation: 0, interpolation_duration: 1 }
$data merge entity $(bone_skirt_left) { transformation: [-0.2595980639422263f,0.21490663978040975f,0.9415009194768432f,-0.04381579860683139f,-0.03357197564285289f,0.9723269109162753f,-0.23119969887404515f,0.7875602943818897f,-0.9651330310630154f,-0.09162704014812803f,-0.24519934311659533f,0.2212990042397046f,0f,0f,0f,1f], start_interpolation: 0, interpolation_duration: 1 }
$data merge entity $(bone_skirt_back_middle) { transformation: [-0.2519062626080628f,0.07245138750608104f,0.9650357668538931f,0.12499340022492308f,0f,0.9971936268836197f,-0.07486568307771119f,0.7969889881155907f,-0.9677516390370196f,-0.018859134421705927f,-0.2511993196448317f,-0.03253584807426992f,0f,0f,0f,1f], start_interpolation: 0, interpolation_duration: 1 }
$data merge entity $(bone_skirt_front_middle) { transformation: [-0.2519062626080628f,0.30819532870816074f,0.9173651804059857f,-0.16898638781237035f,0f,0.9479345148088077f,-0.31846531307850495f,0.8703125880220381f,-0.9677516390370196f,-0.0802234067879128f,-0.23879064082267415f,0.043987245971300826f,0f,0f,0f,1f], start_interpolation: 0, interpolation_duration: 1 }
$data merge entity $(bone_lower) { transformation: [-0.2519062626080628f,0f,0.9677516390370196f,0f,0f,1f,0f,0.852661858482354f,-0.9677516390370196f,0f,-0.2519062626080628f,0f,0f,0f,0f,1f], start_interpolation: 0, interpolation_duration: 1 }
data modify entity @s data merge value {"locators":{"locator_right_hand":{"posx":-0.09447139239950476,"posy":1.1393487402965403,"posz":-1.0663161889582127,"roty":83.6238221414985,"rotx":16.90839748944343},"locator_left_hand":{"posx":-0.4661725918907451,"posy":1.7369582065415532,"posz":0.6566447319373645,"roty":248.96216309983902,"rotx":-47.30092712078918}},"cameras":{}}