# This file was generated by Animated Java via MC-Build. It is not recommended to edit this file directly.
$data merge entity $(bone_head) { transformation: [-0.9592234541836784f,0.01703063795333323f,0.2821352908000615f,0f,-1.734723475976807e-18f,0.9981830953032041f,-0.06025369906416074f,1.524599914152981f,-0.2826488367991858f,-0.057796761343668124f,-0.9574806365844951f,0f,0f,0f,0f,1f], start_interpolation: 0, interpolation_duration: 1 }
$data merge entity $(bone_bust) { transformation: [-0.7164741366174024f,0.3488068274698574f,0.6041511472047048f,-0.05014098144879203f,0f,0.8660254037844387f,-0.49999999999999994f,1.415224914152981f,-0.6976136549397149f,-0.35823706830870117f,-0.6204848034651931f,0.05149657856937595f,0f,0f,0f,1f], start_interpolation: 0, interpolation_duration: 1 }
$data merge entity $(bone_left_wing) { transformation: [-0.9847558551670476f,0f,0.17394224821536797f,0.13198134040605203f,0f,1f,0f,1.305849914152981f,-0.17394224821536797f,0f,-0.9847558551670476f,-0.045958413643443f,0f,0f,0f,1f], start_interpolation: 0, interpolation_duration: 1 }
$data merge entity $(bone_right_wing) { transformation: [-0.20014418366222408f,0f,0.9797664546952921f,0.04242207332887671f,0f,1f,0f,1.305849914152981f,-0.9797664546952921f,0f,-0.20014418366222408f,-0.13316012051090742f,0f,0f,0f,1f], start_interpolation: 0, interpolation_duration: 1 }
$data merge entity $(bone_body) { transformation: [-0.7164741366174024f,0f,0.6976136549397149f,0.00943024083884375f,0f,1f,0f,0.2433499141529809f,-0.6976136549397149f,0f,-0.7164741366174024f,0.7070438957785588f,0f,0f,0f,1f], start_interpolation: 0, interpolation_duration: 1 }
$data merge entity $(bone_right_ring) { transformation: [0.851036725672709f,0.24842521807853127f,-0.4626244725248631f,-0.29707617332117037f,-0.25025479885871044f,0.9664057938916666f,0.05858649316014589f,0.9689327982200331f,0.4616373329838696f,0.06591473701116957f,0.8846164254863731f,-0.3784801246267344f,0f,0f,0f,1f], start_interpolation: 0, interpolation_duration: 1 }
$data merge entity $(bone_sword) { transformation: [-0.000008490351700632742f,0.000002484252180785313f,0.000004662876698115245f,-0.3706657939995214f,0.0000024999999999999998f,0.000009664057938916666f,-5.966440758624442e-7f,0.7644117744376959f,-0.0000046544524919224085f,6.591473701116958e-7f,-0.000008826188120865775f,-0.42123505632403807f,0f,0f,0f,1f], start_interpolation: 0, interpolation_duration: 1 }
$data merge entity $(bone_right_hand) { transformation: [-0.8490351700632741f,0.24842521807853127f,0.4662876698115244f,-0.21454526395156945f,0.24999999999999994f,0.9664057938916666f,-0.05966440758624442f,1.1143401653043956f,-0.46544524919224084f,0.06591473701116957f,-0.8826188120865774f,-0.4509264606018558f,0f,0f,0f,1f], start_interpolation: 0, interpolation_duration: 1 }
$data merge entity $(bone_right_arm) { transformation: [-0.8490351700632741f,0.05107440838941413f,0.5258618495415868f,-0.2462879844622321f,0.24999999999999994f,0.9156751133619656f,0.31470476127563013f,1.399599914152981f,-0.46544524919224084f,0.39866087289477337f,-0.7902089776933379f,-0.239804693885527f,0f,0f,0f,1f], start_interpolation: 0, interpolation_duration: 1 }
$data merge entity $(bone_left_ring) { transformation: [0.491009410690573f,-0.4977358543880264f,-0.7149606827441052f,0.5764319776365112f,0.2518573405512208f,0.8667641716677739f,-0.43045063680234474f,1.085067926746375f,0.8339530194344055f,0.031287217353085844f,0.5509477937214544f,0.1505569838640397f,0f,0f,0f,1f], start_interpolation: 0, interpolation_duration: 1 }
$data merge entity $(bone_left_hand) { transformation: [-0.4879237700193213f,-0.4977358543880264f,0.7170700202258867f,0.5658860647845589f,-0.24999999999999994f,0.8667641716677739f,0.4315320042743966f,1.2609559539701893f,-0.8363195529521789f,0.031287217353085844f,-0.547348805954821f,0.1041316610171949f,0f,0f,0f,1f], start_interpolation: 0, interpolation_duration: 1 }
$data merge entity $(bone_left_arm) { transformation: [-0.4879237700193213f,-0.7342587850522624f,0.47201104989577075f,0.2462879844622321f,-0.24999999999999994f,0.6356455291468429f,0.7303798746375957f,1.430849914152981f,-0.8363195529521789f,0.23836693950547239f,-0.4937112592403196f,0.239804693885527f,0f,0f,0f,1f], start_interpolation: 0, interpolation_duration: 1 }
$data merge entity $(bone_leftfoot) { transformation: [-0.72910944529771f,-0.2743256568438838f,0.6270126400439127f,-0.10713036665474372f,0.003255470645393846f,0.9147527443422645f,0.4040010131536462f,0.42345656669588183f,-0.6843893765164262f,0.29660217584412163f,-0.6660618068888128f,0.26991431977698166f,0f,0f,0f,1f], start_interpolation: 0, interpolation_duration: 1 }
$data merge entity $(bone_leftleg) { transformation: [-0.7170086866838103f,0.29306216294235565f,0.6324658977933162f,0.10481956577898156f,0.04361932092922671f,0.924413128910707f,-0.3788901185557492f,0.7433499141529809f,-0.6956981371698724f,-0.2440797733304928f,-0.6755954160511338f,0.07152883512895869f,0f,0f,0f,1f], start_interpolation: 0, interpolation_duration: 1 }
$data merge entity $(bone_rightfoot) { transformation: [-0.7032734198722145f,-0.2997188735239319f,0.6446511411257916f,-0.3114726702246133f,-0.004223550281475509f,0.908530504755267f,0.4177971799236558f,0.4451822871330182f,-0.7109069267662679f,0.29110293502932094f,-0.6402112328701014f,0.11453419846710539f,0f,0f,0f,1f], start_interpolation: 0, interpolation_duration: 1 }
$data merge entity $(bone_rightleg) { transformation: [-0.7157922119970129f,0.2713819991647244f,0.643423126545651f,-0.07429896837536905f,-0.043619387365336f,0.9022208579579494f,-0.42906278388074454f,0.7433499141529809f,-0.696949681318742f,-0.33518552175620475f,-0.633965147082018f,-0.10287457860597005f,0f,0f,0f,1f], start_interpolation: 0, interpolation_duration: 1 }
$data merge entity $(bone_skirt_right_back) { transformation: [-0.7181860554016867f,0.0014425822371562647f,0.6958496308708187f,0.009698413049100907f,-0.014929955510564672f,0.9997357070565632f,-0.01748177521209912f,0.7754685456557993f,-0.6956909416220811f,-0.022944171211940617f,-0.7179747062065481f,-0.25747325363411727f,0f,0f,0f,1f], start_interpolation: 0, interpolation_duration: 1 }
$data merge entity $(bone_skirt_right) { transformation: [-0.7181860554016867f,0.13275570687359745f,0.6830700638434223f,-0.21315558831776416f,-0.014929955510564672f,0.9784667165781984f,-0.2058639865958399f,0.7717470609900366f,-0.6956909416220811f,-0.1580468501463128f,-0.7007391147237401f,-0.07225279140961084f,0f,0f,0f,1f], start_interpolation: 0, interpolation_duration: 1 }
$data merge entity $(bone_skirt_left_back) { transformation: [-0.7145977647622311f,0.00792257810309377f,0.6994907199906395f,0.2570161088134163f,0.014929955510564672f,0.9998808283218948f,0.003927541568699511f,0.7860545068339915f,-0.6993762442528881f,0.01324997775551652f,-0.7146308886860425f,-0.01622666451420568f,0f,0f,0f,1f], start_interpolation: 0, interpolation_duration: 1 }
$data merge entity $(bone_skirt_left) { transformation: [-0.7145977647622311f,0.12926750516107507f,0.6874881429568471f,0.07791202968305559f,0.014929955510564672f,0.9853724022557865f,-0.16975961033506487f,0.7717470609900366f,-0.6993762442528881f,-0.11104567070395825f,-0.7060748742113917f,0.21115275590964838f,0f,0f,0f,1f], start_interpolation: 0, interpolation_duration: 1 }
$data merge entity $(bone_skirt_back_middle) { transformation: [-0.7164741366174024f,-0.0027536074598944887f,0.6976082204248345f,0.09016791584364268f,0f,0.9999922098501914f,0.003947181137290756f,0.7962049901057219f,-0.6976136549397149f,0.0028280531974128886f,-0.7164685551765443f,-0.0926056696241808f,0f,0f,0f,1f], start_interpolation: 0, interpolation_duration: 1 }
$data merge entity $(bone_skirt_front_middle) { transformation: [-0.7164741366174024f,0.17789451290505015f,0.6745504827932619f,-0.12467212883037204f,0f,0.9669399072349779f,-0.25500434466183597f,0.8492548683354297f,-0.6976136549397149f,-0.18270401767527542f,-0.6927874351970921f,0.1280427285668791f,0f,0f,0f,1f], start_interpolation: 0, interpolation_duration: 1 }
$data merge entity $(bone_lower) { transformation: [-0.7164741366174024f,0f,0.6976136549397149f,0f,0f,1f,0f,0.8370999141529809f,-0.6976136549397149f,0f,-0.7164741366174024f,0f,0f,0f,0f,1f], start_interpolation: 0, interpolation_duration: 1 }
data modify entity @s data merge value {"locators":{"locator_right_hand":{"posx":-0.3669457659057573,"posy":0.697131168688002,"posz":-0.3970186444111259,"roty":27.847501426265495,"rotx":-3.4205502286555425},"locator_left_hand":{"posx":0.7164201866831437,"posy":0.8412905034648136,"posz":0.14175745398348433,"roty":52.64503848597505,"rotx":25.56482433280869}},"cameras":{}}