# This file was generated by Animated Java via MC-Build. It is not recommended to edit this file directly.
$data merge entity $(bone_head) { transformation: [-0.9734844761284968f,0.021808269277271378f,-0.22771116381933507f,0f,2.168404344971009e-19f,0.9954452067480228f,0.09533540980341978f,1.5237138004530046f,0.22875308683562287f,0.09280754146897766f,-0.9690504556057222f,0f,0f,0f,0f,1f], start_interpolation: 0, interpolation_duration: 1 }
$data merge entity $(bone_bust) { transformation: [-0.9665724890356667f,-0.12819674668200023f,-0.22204327861826137f,0.018428282335537505f,0f,0.8660254037844387f,-0.49999999999999994f,1.4143388004530046f,0.2563934933640005f,-0.4832862445178333f,-0.8370763301040433f,0.06947239764943858f,0f,0f,0f,1f], start_interpolation: 0, interpolation_duration: 1 }
$data merge entity $(bone_left_wing) { transformation: [-0.7146262592949063f,0f,-0.6995064756856575f,0.028361593894229098f,0f,1f,0f,1.3049638004530046f,0.6995064756856575f,0f,-0.7146262592949063f,-0.13684615446470838f,0f,0f,0f,1f], start_interpolation: 0, interpolation_duration: 1 }
$data merge entity $(bone_right_wing) { transformation: [-0.9673780380520963f,0f,0.25333718932378824f,-0.09245996723522931f,0f,1f,0f,1.3049638004530046f,-0.25333718932378824f,0f,-0.9673780380520963f,-0.10479696779420833f,0f,0f,0f,1f], start_interpolation: 0, interpolation_duration: 1 }
$data merge entity $(bone_body) { transformation: [-0.9665724890356667f,0f,-0.2563934933640005f,0.6114829911998336f,0f,1f,0f,0.24246380045300464f,0.2563934933640005f,0f,-0.9665724890356667f,0.3550894978358331f,0f,0f,0f,1f], start_interpolation: 0, interpolation_duration: 1 }
$data merge entity $(bone_right_ring) { transformation: [0.5821145678858656f,0.1770823896320327f,-0.7935896024629232f,-0.4794739494099283f,0.04954708840781643f,0.9664579495916737f,0.252000233534348f,0.9730345012421404f,0.811595783555681f,-0.18601306124373856f,0.5538153348918512f,0.05699022775362829f,0f,0f,0f,1f], start_interpolation: 0, interpolation_duration: 1 }
$data merge entity $(bone_sword) { transformation: [-0.000008260939264140088f,0.0000017708238963203272f,-0.000005349865905086733f,-0.5523853228190713f,0.0000024869298204511967f,0.000009664579495916738f,-6.411577304036592e-7f,0.7683916715041161f,0.000005056882690189598f,-0.0000018601306124373859f,-0.000008424241898374842f,0.1003204653413279f,0f,0f,0f,1f], start_interpolation: 0, interpolation_duration: 1 }
$data merge entity $(bone_right_hand) { transformation: [-0.8260939264140088f,0.1770823896320327f,-0.5349865905086733f,-0.5019598188901113f,0.24869298204511964f,0.9664579495916737f,-0.06411577304036592f,1.1180327021433052f,0.5056882690189597f,-0.18601306124373856f,-0.842424189837484f,-0.05105158086297f,0f,0f,0f,1f], start_interpolation: 0, interpolation_duration: 1 }
$data merge entity $(bone_right_arm) { transformation: [-0.8260939264140088f,0.38024338250218886f,-0.4159132058557169f,-0.33225929310601043f,0.24869298204511964f,0.9082788915005104f,0.3364242201984122f,1.3987138004530046f,0.5056882690189597f,0.17448330956827351f,-0.8448875364560127f,0.08813526334387518f,0f,0f,0f,1f], start_interpolation: 0, interpolation_duration: 1 }
$data merge entity $(bone_left_ring) { transformation: [0.11219936396508112f,-0.24412524147473336f,-0.9632311089249216f,0.4401897476595468f,-0.3156960872111877f,0.9103729176104436f,-0.2675016474734213f,1.0432586993192554f,0.9422034192494618f,0.3341018068738205f,0.025073878803867293f,-0.3677512275231783f,0f,0f,0f,1f], start_interpolation: 0, interpolation_duration: 1 }
$data merge entity $(bone_left_hand) { transformation: [-0.9681252871620437f,-0.24412524147473336f,-0.0560026323694989f,0.39679493189447923f,-0.24869298204511964f,0.9103729176104436f,0.3307158169228594f,1.2165090755324053f,-0.029752798841720968f,0.3341018068738205f,-0.9420672765809947f,-0.40386662737861206f,0f,0f,0f,1f], start_interpolation: 0, interpolation_duration: 1 }
$data merge entity $(bone_left_arm) { transformation: [-0.9681252871620437f,-0.20725449669551033f,-0.14063783970504107f,0.33225929310601043f,-0.24869298204511964f,0.7287256677857794f,0.6380522719900585f,1.4299638004530046f,-0.029752798841720968f,0.6526901827894002f,-0.7570404852129266f,-0.08813526334387518f,0f,0f,0f,1f], start_interpolation: 0, interpolation_duration: 1 }
$data merge entity $(bone_leftfoot) { transformation: [-0.9633955677181597f,0.10981228149125181f,-0.2445613275534192f,0.1617866565337973f,0.0012479959270523117f,0.9140838508623609f,0.40552331141230735f,0.38309034014593046f,0.2680810000861136f,0.3903741492803068f,-0.8807613757235871f,0.18195153684420898f,0f,0f,0f,1f], start_interpolation: 0, interpolation_duration: 1 }
$data merge entity $(bone_leftleg) { transformation: [-0.9652035645917013f,-0.020388570435448512f,-0.260703634602727f,0.11521295346212083f,0.0436193209292267f,0.970435662458183f,-0.23738571960212884f,0.7424638004530046f,0.2578360598154312f,-0.24049725824829307f,-0.9357786250144353f,-0.053192959868155275f,0f,0f,0f,1f], start_interpolation: 0, interpolation_duration: 1 }
$data merge entity $(bone_rightfoot) { transformation: [-0.97120298240944f,0.09645163843928703f,-0.2178574038250383f,-0.06168370375730346f,-0.004234899393610027f,0.9072600461373569f,0.4205487775632776f,0.4444907095040955f,0.23821593688528642f,0.4093608312054516f,-0.8807251996443879f,0.3262493643189693f,0f,0f,0f,1f], start_interpolation: 0, interpolation_duration: 1 }
$data merge entity $(bone_rightleg) { transformation: [-0.9656525262010326f,-0.14831807214723644f,-0.21334701337513765f,-0.12643016879679586f,-0.043619387365336f,0.90196067291593f,-0.4296094663283336f,0.7424638004530046f,0.2561494635704646f,-0.4055474004201851f,-0.8774501457775212f,0.010905413472844856f,0f,0f,0f,1f], start_interpolation: 0, interpolation_duration: 1 }
$data merge entity $(bone_skirt_right_back) { transformation: [-0.9660549652635474f,-0.02555783232151379f,-0.25706925389215934f,-0.2158077586412784f,-0.016291549288891843f,0.9991406739202895f,-0.03811166671607971f,0.7634834349290831f,0.25782239916542105f,-0.03262990844509553f,-0.9656411857224457f,-0.14198482169520757f,0f,0f,0f,1f], start_interpolation: 0, interpolation_duration: 1 }
$data merge entity $(bone_skirt_right) { transformation: [-0.9660549652635474f,-0.0779098597351591f,-0.24630846076757884f,-0.17185335548143527f,-0.016291549288891843f,0.9699154175025713f,-0.24289641477918245f,0.7706692270765396f,0.25782239916542105f,-0.2306385411132772f,-0.9382608772839914f,0.14437290883441425f,0f,0f,0f,1f], start_interpolation: 0, interpolation_duration: 1 }
$data merge entity $(bone_skirt_left_back) { transformation: [-0.9668312379799012f,0.036547141002019425f,-0.25278778402215135f,0.11830787054940355f,0.016291549288891847f,0.9965186255856846f,0.08176315969057103f,0.8073799235051391f,0.2548959448245871f,0.0749328722617565f,-0.9640607459940396f,-0.22835469706875094f,0f,0f,0f,1f], start_interpolation: 0, interpolation_duration: 1 }
$data merge entity $(bone_skirt_left) { transformation: [-0.9668312379799012f,-0.007904230222689063f,-0.25529371400572726f,0.22081671818930432f,0.016291549288891847f,0.9955772921784098f,-0.0925226497700586f,0.7706692270765396f,0.2548959448245871f,-0.09361291814323515f,-0.9624264537452661f,0.040213052155289045f,0f,0f,0f,1f], start_interpolation: 0, interpolation_duration: 1 }
$data merge entity $(bone_skirt_back_middle) { transformation: [-0.9665724890356667f,0.012665150376360231f,-0.256080490091182f,-0.032846456421683254f,0f,0.9987792074256184f,0.04939731586081858f,0.8126618086942224f,0.2563934933640005f,0.04774608654327245f,-0.9653925045184504f,-0.12382717175445163f,0f,0f,0f,1f], start_interpolation: 0, interpolation_duration: 1 }
$data merge entity $(bone_skirt_front_middle) { transformation: [-0.9665724890356667f,-0.04588224849937869f,-0.25225471791829196f,0.04693282920510651f,0f,0.9838577204459992f,-0.17895246832274286f,0.8415751367473658f,0.2563934933640005f,-0.17297053272578988f,-0.9509698057084465f,0.17693109504094406f,0f,0f,0f,1f], start_interpolation: 0, interpolation_duration: 1 }
$data merge entity $(bone_lower) { transformation: [-0.9665724890356667f,0f,-0.2563934933640005f,0f,0f,1f,0f,0.8362138004530046f,0.2563934933640005f,0f,-0.9665724890356667f,0f,0f,0f,0f,1f], start_interpolation: 0, interpolation_duration: 1 }
data modify entity @s data merge value {"locators":{"locator_right_hand":{"posx":-0.5292783714939375,"posy":0.7012182029194822,"posz":0.10930640122842976,"roty":327.58216353692904,"rotx":-3.676084763211879},"locator_left_hand":{"posx":0.5088499718243156,"posy":0.7872163162413182,"posz":-0.4617173607064403,"roty":356.5979683170608,"rotx":19.3122284137039}},"cameras":{}}