# This file was generated by Animated Java via MC-Build. It is not recommended to edit this file directly.
$data merge entity $(bone_head) { transformation: [-0.4226182617406997f,0.3468289747223939f,-0.8373192145987589f,0f,0f,0.9238795325112867f,0.3826834323650897f,1.625f,0.9063077870366498f,0.16172900698309883f,-0.3904483620877303f,0f,0f,0f,0f,1f], start_interpolation: 0, interpolation_duration: 1 }
$data merge entity $(bone_bust) { transformation: [-3.4450928483976665e-16f,-0.49999999999999994f,-0.8660254037844387f,0.07187500000000008f,0f,0.8660254037844387f,-0.49999999999999994f,1.515625f,1f,-1.722546424198833e-16f,-2.9835379251084715e-16f,0f,0f,0f,0f,1f], start_interpolation: 0, interpolation_duration: 1 }
$data merge entity $(bone_left_wing) { transformation: [0.3826834323650894f,0f,-0.9238795325112868f,-0.12499999999999989f,0f,1f,0f,1.40625f,0.9238795325112868f,0f,0.3826834323650894f,-0.06250000000000006f,0f,0f,0f,1f], start_interpolation: 0, interpolation_duration: 1 }
$data merge entity $(bone_right_wing) { transformation: [-0.38268343236509006f,0f,-0.9238795325112866f,-0.125f,0f,1f,0f,1.40625f,0.9238795325112866f,0f,-0.38268343236509006f,0.062499999999999944f,0f,0f,0f,1f], start_interpolation: 0, interpolation_duration: 1 }
$data merge entity $(bone_body) { transformation: [-3.4450928483976665e-16f,0f,-1f,0.5000000000000002f,0f,1f,0f,0.34375f,1f,0f,-3.4450928483976665e-16f,-0.49999999999999983f,0f,0f,0f,1f], start_interpolation: 0, interpolation_duration: 1 }
$data merge entity $(bone_right_ring) { transformation: [-3.824821402262553e-32f,-0.8660254037844386f,0.49999999999999967f,0.3962141866498242f,1f,-1.1775693440128314e-16f,-1.1775693440128312e-16f,1.5f,1.1102230246251565e-16f,0.4999999999999998f,0.8660254037844387f,0.3639597113638007f,0f,0f,0f,1f], start_interpolation: 0, interpolation_duration: 1 }
$data merge entity $(bone_sword) { transformation: [-3.824821402262554e-37f,-0.000008660254037844387f,0.000004999999999999997f,0.5934697437276701f,0.00001f,-1.1775693440128316e-21f,-1.1775693440128312e-21f,1.53125f,1.1102230246251566e-21f,0.000004999999999999998f,0.000008660254037844388f,0.2681163582979326f,0f,0f,0f,1f], start_interpolation: 0, interpolation_duration: 1 }
$data merge entity $(bone_right_hand) { transformation: [-3.824821402262553e-32f,-0.8660254037844386f,0.49999999999999967f,0.3077727173085057f,1f,-1.1775693440128314e-16f,-1.1775693440128312e-16f,1.5f,1.1102230246251565e-16f,0.4999999999999998f,0.8660254037844387f,0.5232745929685918f,0f,0f,0f,1f], start_interpolation: 0, interpolation_duration: 1 }
$data merge entity $(bone_right_arm) { transformation: [-3.824821402262553e-32f,-0.9659258262890681f,-0.2588190451025211f,-1.184250666636698e-16f,1f,0f,-1.6653345369377348e-16f,1.5f,1.1102230246251565e-16f,-0.2588190451025211f,0.9659258262890682f,0.34375f,0f,0f,0f,1f], start_interpolation: 0, interpolation_duration: 1 }
$data merge entity $(bone_left_ring) { transformation: [-0.258819045102521f,-0.12122986185747114f,-0.9582880686339768f,-0.07243826845273021f,-0.24999999999999994f,0.9666954024838342f,-0.054772244947761506f,1.0714641451846068f,0.9330127018922192f,0.22539591702299322f,-0.280506646440231f,-0.487043726765478f,0f,0f,0f,1f], start_interpolation: 0, interpolation_duration: 1 }
$data merge entity $(bone_left_hand) { transformation: [-0.258819045102521f,-0.12122986185747114f,-0.9582880686339768f,-0.1812199408023954f,-0.24999999999999994f,0.9666954024838342f,-0.054772244947761506f,1.2173754038588531f,0.9330127018922192f,0.22539591702299322f,-0.280506646440231f,-0.478123112834407f,0f,0f,0f,1f], start_interpolation: 0, interpolation_duration: 1 }
$data merge entity $(bone_left_arm) { transformation: [-0.258819045102521f,0.24999999999999983f,-0.9330127018922192f,1.184250666636698e-16f,-0.24999999999999994f,0.9156751133619656f,0.31470476127563013f,1.53125f,0.9330127018922192f,0.31470476127563024f,-0.17449415846448668f,-0.34375f,0f,0f,0f,1f], start_interpolation: 0, interpolation_duration: 1 }
$data merge entity $(bone_leftfoot) { transformation: [0.003646315256251579f,0.3827894730655837f,-0.9238284059798252f,0.14258033318188892f,0.00004126525549508209f,0.9238344890902589f,0.3827921564824954f,0.44466093177922317f,0.999993351319013f,-0.0014339028953619297f,0.003352795886414317f,-0.10786269742036206f,0f,0f,0f,1f], start_interpolation: 0, interpolation_duration: 1 }
$data merge entity $(bone_leftleg) { transformation: [0.001745328365897965f,-0.0436193209292267f,-0.9990466999447866f,-0.021874999999999957f,0.04361932092922671f,0.9981006697965534f,-0.04350181367879488f,0.84375f,0.9990466999447866f,-0.043501813678794896f,0.003644658569344557f,-0.125f,0f,0f,0f,1f], start_interpolation: 0, interpolation_duration: 1 }
$data merge entity $(bone_rightfoot) { transformation: [-0.018434349666532873f,0.38295518105450616f,-0.9235829708563722f,0.2970886842256147f,-0.004082907205246254f,0.9237034039843064f,0.3830866107508311f,0.5431598923191618f,0.9998217364216111f,0.010832856101500019f,-0.015464301069199542f,0.14315572388103728f,0f,0f,0f,1f], start_interpolation: 0, interpolation_duration: 1 }
$data merge entity $(bone_rightleg) { transformation: [-3.4418138833760654e-16f,-0.42261826174069944f,-0.9063077870366499f,-0.02187500000000004f,-0.04361938736533599f,0.9054451828447543f,-0.4222160228000618f,0.84375f,0.9990482215818578f,0.03953259043497193f,-0.01843434966653284f,0.12499999999999999f,0f,0f,0f,1f], start_interpolation: 0, interpolation_duration: 1 }
$data merge entity $(bone_skirt_right_back) { transformation: [-3.4450928483976665e-16f,-0.08715574274765811f,-0.9961946980917455f,-0.19327700486695598f,0f,0.9961946980917455f,-0.08715574274765811f,0.8469088033111873f,1f,-3.002596260367437e-17f,-3.4319832300075455e-16f,0.17187499999999994f,0f,0f,0f,1f], start_interpolation: 0, interpolation_duration: 1 }
$data merge entity $(bone_skirt_right) { transformation: [-3.4450928483976665e-16f,-0.30070579950427306f,-0.9537169507482269f,0.09374999999999993f,0f,0.9537169507482269f,-0.30070579950427306f,0.871875f,1f,-1.0359593993438737e-16f,-3.2856434464183463e-16f,0.20312500000000003f,0f,0f,0f,1f], start_interpolation: 0, interpolation_duration: 1 }
$data merge entity $(bone_skirt_left_back) { transformation: [-3.4450928483976665e-16f,0.17364817766693033f,-0.984807753012208f,-0.18749999999999994f,0f,0.984807753012208f,0.17364817766693033f,0.934375f,1f,5.98234095017629e-17f,-3.3927541469489335e-16f,-0.17187500000000006f,0f,0f,0f,1f], start_interpolation: 0, interpolation_duration: 1 }
$data merge entity $(bone_skirt_left) { transformation: [-3.4450928483976665e-16f,0f,-1f,0.09375000000000007f,0f,1f,0f,0.871875f,1f,0f,-3.4450928483976665e-16f,-0.20312499999999997f,0f,0f,0f,1f], start_interpolation: 0, interpolation_duration: 1 }
$data merge entity $(bone_skirt_back_middle) { transformation: [-3.4450928483976665e-16f,0.08715574274765818f,-0.9961946980917455f,-0.125f,0f,0.9961946980917455f,0.08715574274765818f,0.934375f,1f,3.0025962603674397e-17f,-3.431983230007545e-16f,-4.306366060497084e-17f,0f,0f,0f,1f], start_interpolation: 0, interpolation_duration: 1 }
$data merge entity $(bone_skirt_front_middle) { transformation: [-3.4450928483976665e-16f,-0.08715574274765818f,-0.9961946980917455f,0.1875f,0f,0.9961946980917455f,-0.08715574274765818f,0.934375f,1f,-3.0025962603674397e-17f,-3.431983230007545e-16f,6.459549090745625e-17f,0f,0f,0f,1f], start_interpolation: 0, interpolation_duration: 1 }
$data merge entity $(bone_lower) { transformation: [-3.4450928483976665e-16f,0f,-1f,0f,0f,1f,0f,0.9375f,1f,0f,-3.4450928483976665e-16f,0f,0f,0f,0f,1f], start_interpolation: 0, interpolation_duration: 1 }
data modify entity @s data merge value {"locators":{"locator_right_hand":{"posx":0.6397838314641977,"posy":1.5,"posz":0.2233347113638008,"roty":150.00000000000003,"rotx":-1.113194138512231e-14},"locator_left_hand":{"posx":-0.03834236980531647,"posy":0.7995810632360283,"posz":-0.5504363284281949,"roty":286.3156196601752,"rotx":-3.1397897006657174}},"cameras":{}}