# This file was generated by Animated Java via MC-Build. It is not recommended to edit this file directly.
$data merge entity $(bone_head) { transformation: [-0.3326069498259092f,0.3630944472115262f,-0.8703648886137706f,0f,0f,0.9229102852836293f,0.38501507154615405f,1.6375393566554066f,0.9430655422225462f,0.12805868858397051f,-0.3069663749511476f,0f,0f,0f,0f,1f], start_interpolation: 0, interpolation_duration: 1 }
$data merge entity $(bone_bust) { transformation: [-3.4450928483976665e-16f,-0.49999999999999994f,-0.8660254037844387f,0.07187500000000008f,0f,0.8660254037844387f,-0.49999999999999994f,1.5281643566554066f,1f,-1.722546424198833e-16f,-2.9835379251084715e-16f,0f,0f,0f,0f,1f], start_interpolation: 0, interpolation_duration: 1 }
$data merge entity $(bone_left_wing) { transformation: [0.3826834323650894f,0f,-0.9238795325112868f,-0.12499999999999989f,0f,1f,0f,1.4187893566554066f,0.9238795325112868f,0f,0.3826834323650894f,-0.06250000000000006f,0f,0f,0f,1f], start_interpolation: 0, interpolation_duration: 1 }
$data merge entity $(bone_right_wing) { transformation: [-0.38268343236509006f,0f,-0.9238795325112866f,-0.125f,0f,1f,0f,1.4187893566554066f,0.9238795325112866f,0f,-0.38268343236509006f,0.062499999999999944f,0f,0f,0f,1f], start_interpolation: 0, interpolation_duration: 1 }
$data merge entity $(bone_body) { transformation: [-3.4450928483976665e-16f,0f,-1f,0.5000000000000002f,0f,1f,0f,0.3562893566554066f,1f,0f,-3.4450928483976665e-16f,-0.49999999999999983f,0f,0f,0f,1f], start_interpolation: 0, interpolation_duration: 1 }
$data merge entity $(bone_right_ring) { transformation: [0.12804526529919688f,-0.8154027205014089f,0.5645554121903f,0.3918572684943113f,0.9750082225109066f,-0.0007122310664629339f,-0.22216763662385797f,1.515504989887087f,0.18155818921376393f,0.5788936829209741f,0.7949331593307766f,0.3360962817854295f,0f,0f,0f,1f], start_interpolation: 0, interpolation_duration: 1 }
$data merge entity $(bone_sword) { transformation: [-7.756941106280166e-8f,-0.00000815402720501409f,0.000005788421488312466f,0.5790286177699115f,0.000009999229074012689f,-7.12231066462934e-9f,1.2396450342811e-7f,1.5471020758257716f,-9.695829973112917e-8f,0.000005788936829209742f,0.000008153453837211094f,0.221900065580449f,0f,0f,0f,1f], start_interpolation: 0, interpolation_duration: 1 }
$data merge entity $(bone_right_hand) { transformation: [-0.007756941106280165f,-0.8154027205014089f,0.5788421488312465f,0.3187170448688955f,0.9999229074012688f,-0.0007122310664629339f,0.012396450342810998f,1.5165558710025906f,-0.009695829973112916f,0.5788936829209741f,0.8153453837211094f,0.5029870494656857f,0f,0f,0f,1f], start_interpolation: 0, interpolation_duration: 1 }
$data merge entity $(bone_right_arm) { transformation: [-0.007756941106280165f,-0.9805978201308605f,-0.19587686187826858f,-1.184250666636698e-16f,0.9999229074012688f,-0.009505613842020422f,0.007988902282554444f,1.5125393566554066f,-0.009695829973112916f,-0.1957997917774454f,0.980595957783348f,0.34375f,0f,0f,0f,1f], start_interpolation: 0, interpolation_duration: 1 }
$data merge entity $(bone_left_ring) { transformation: [-0.47608533951508203f,-0.12122986185747114f,-0.8710029104961861f,-0.07243826845273021f,-0.2558745659920944f,0.9666954024838342f,0.005310865746266762f,1.0840035018400134f,0.8413506736059384f,0.22539591702299322f,-0.4912491471872472f,-0.487043726765478f,0f,0f,0f,1f], start_interpolation: 0, interpolation_duration: 1 }
$data merge entity $(bone_left_hand) { transformation: [-0.258819045102521f,-0.12122986185747114f,-0.9582880686339768f,-0.1812199408023954f,-0.24999999999999994f,0.9666954024838342f,-0.054772244947761506f,1.2299147605142597f,0.9330127018922192f,0.22539591702299322f,-0.280506646440231f,-0.478123112834407f,0f,0f,0f,1f], start_interpolation: 0, interpolation_duration: 1 }
$data merge entity $(bone_left_arm) { transformation: [-0.258819045102521f,0.24999999999999983f,-0.9330127018922192f,1.184250666636698e-16f,-0.24999999999999994f,0.9156751133619656f,0.31470476127563013f,1.5437893566554066f,0.9330127018922192f,0.31470476127563024f,-0.17449415846448668f,-0.34375f,0f,0f,0f,1f], start_interpolation: 0, interpolation_duration: 1 }
$data merge entity $(bone_leftfoot) { transformation: [0.004122819689094609f,0.35739781178542607f,-0.933943149495086f,0.14693941973338326f,0.00006462283666182335f,0.9339509898393293f,0.35740109737104353f,0.45902079457465994f,0.9999914990547172f,-0.001533854336746603f,0.003827415469144685f,-0.10794979773207736f,0f,0f,0f,1f], start_interpolation: 0, interpolation_duration: 1 }
$data merge entity $(bone_leftleg) { transformation: [0.0017453283658979647f,-0.054543464105563606f,-0.9985098719353055f,-0.021874999999999957f,0.0436193209292267f,0.9975651835694973f,-0.05441561698288772f,0.8562893566554066f,0.9990466999447866f,-0.04345934943507907f,0.004120227677128389f,-0.125f,0f,0f,0f,1f], start_interpolation: 0, interpolation_duration: 1 }
$data merge entity $(bone_rightfoot) { transformation: [-0.01843434966653287f,0.367751933906953f,-0.9297411950968226f,0.2970886842256147f,0.04770462040586154f,0.9291636595532424f,0.3665776356483836f,0.5570429698129601f,0.9986913657103003f,-0.037595330472312796f,-0.03467199420819245f,0.1586993042504315f,0f,0f,0f,1f], start_interpolation: 0, interpolation_duration: 1 }
$data merge entity $(bone_rightleg) { transformation: [-3.44280915029087e-16f,-0.42261826174069944f,-0.9063077870366499f,-0.02187500000000004f,0.008181139603937139f,0.906277456465389f,-0.4226041183630442f,0.8562893566554066f,0.9999665339174011f,-0.007414630529882309f,0.003457498998473596f,0.12499999999999999f,0f,0f,0f,1f], start_interpolation: 0, interpolation_duration: 1 }
$data merge entity $(bone_skirt_right_back) { transformation: [-0.0014674783341437577f,-0.09643673827724752f,-0.9953380340456123f,-0.1928550201932418f,0.05375379745272937f,0.9938924536012159f,-0.096375930262518f,0.8594010422335647f,0.998553141183157f,-0.05364462866867888f,0.00372532525422827f,0.17675465686803504f,0f,0f,0f,1f], start_interpolation: 0, interpolation_duration: 1 }
$data merge entity $(bone_skirt_right) { transformation: [-0.0014674783341437577f,-0.29533715039841596f,-0.9553919688284397f,0.09426168424171587f,0.05375379745272937f,0.953988408999283f,-0.29498583822690116f,0.8844213398428233f,0.998553141183157f,-0.051788831706845485f,0.014475536041551999f,0.20712500000000003f,0f,0f,0f,1f], start_interpolation: 0, interpolation_duration: 1 }
$data merge entity $(bone_skirt_left_back) { transformation: [0.0005585813023791423f,0.13320172581276768f,-0.9910887892754255f,-0.18857136909198674f,-0.02046085825622438f,0.9908829864115479f,0.1331625342187162f,0.9385703081497971f,0.9997904986877737f,0.020204145134905517f,0.0032789103403946f,-0.17060226682418567f,0f,0f,0f,1f], start_interpolation: 0, interpolation_duration: 1 }
$data merge entity $(bone_skirt_left) { transformation: [0.0005585813023791423f,-0.027284108970445302f,-0.999627563337775f,0.094261684241716f,-0.02046085825622438f,0.9994181400515182f,-0.02728982622484983f,0.8844213398428233f,0.9997904986877737f,0.02046848146914355f,-3.443809769516154e-16f,-0.20312499999999997f,0f,0f,0f,1f], start_interpolation: 0, interpolation_duration: 1 }
$data merge entity $(bone_skirt_back_middle) { transformation: [-3.4450928483976665e-16f,0.05993730255669502f,-0.9982021437375433f,-0.12611245937747548f,0f,0.9982021437375433f,0.05993730255669502f,0.9409284130647483f,1f,2.064895723903172e-17f,-3.43889906664543e-16f,-4.344691318951819e-17f,0f,0f,0f,1f], start_interpolation: 0, interpolation_duration: 1 }
$data merge entity $(bone_skirt_front_middle) { transformation: [-3.4450928483976665e-16f,-0.11430926295077598f,-0.9934452135893806f,0.18627115416557924f,0f,0.9934452135893806f,-0.11430926295077598f,0.9494564837600139f,1f,-3.9380602429732666e-17f,-3.422511000611668e-16f,6.417214210786163e-17f,0f,0f,0f,1f], start_interpolation: 0, interpolation_duration: 1 }
$data merge entity $(bone_lower) { transformation: [-3.4450928483976665e-16f,0f,-1f,0f,0f,1f,0f,0.9500393566554066f,1f,0f,-3.4450928483976665e-16f,0f,0f,0f,0f,1f], start_interpolation: 0, interpolation_duration: 1 }
data modify entity @s data merge value {"locators":{"locator_right_hand":{"posx":0.6211892836353325,"posy":1.5157053048745297,"posz":0.17328243346390554,"roty":144.62772783980424,"rotx":0.7102824781313045},"locator_left_hand":{"posx":-0.03834236980531647,"posy":0.8121204198914349,"posz":-0.5504363284281949,"roty":286.3156196601752,"rotx":-3.1397897006657174}},"cameras":{}}