# This file was generated by Animated Java via MC-Build. It is not recommended to edit this file directly.
$data merge entity $(bone_head) { transformation: [-0.8596521807255816f,-0.16674894454745703f,0.48290052564276764f,0f,-1.3877787807814457e-17f,0.9452332317324217f,0.32639567648589035f,1.7275229683628401f,-0.510879759017474f,0.280586755070497f,-0.8125718089530654f,0f,0f,0f,0f,1f], start_interpolation: 0, interpolation_duration: 1 }
$data merge entity $(bone_bust) { transformation: [-0.46591845830591383f,0.44241383065232043f,0.7662832326609923f,-0.06359698815627107f,0f,0.8660254037844387f,-0.49999999999999994f,1.6181479683628401f,-0.884827661304641f,-0.2329592291529569f,-0.4034972209850022f,0.03348788919073753f,0f,0f,0f,1f], start_interpolation: 0, interpolation_duration: 1 }
$data merge entity $(bone_left_wing) { transformation: [-0.7690614139276822f,0f,0.6391748912524289f,0.13972336130719976f,0f,1f,0f,1.5087729683628401f,-0.6391748912524289f,0f,-0.7690614139276822f,-0.0029380784566992446f,0f,0f,0f,1f], start_interpolation: 0, interpolation_duration: 1 }
$data merge entity $(bone_right_wing) { transformation: [-0.09184364096841202f,0f,0.9957734409059449f,0.08148355401896057f,0f,1f,0f,1.5087729683628401f,-0.9957734409059449f,0f,-0.09184364096841202f,-0.11354153611977935f,0f,0f,0f,1f], start_interpolation: 0, interpolation_duration: 1 }
$data merge entity $(bone_body) { transformation: [-0.46591845830591383f,0f,0.884827661304641f,-0.20945460149936357f,0f,1f,0f,0.44627296836284014f,-0.884827661304641f,0f,-0.46591845830591383f,0.6753730598052774f,0f,0f,0f,1f], start_interpolation: 0, interpolation_duration: 1 }
$data merge entity $(bone_right_ring) { transformation: [-0.9951367380282735f,-0.07349084162725963f,-0.06558939566243868f,-0.14236824144281446f,-0.06933041128342149f,0.04956364821981945f,0.9963617509952967f,1.5718792868914238f,-0.06997261391229075f,0.9960635225587066f,-0.054417757489834816f,-0.8081868027509067f,0f,0f,0f,1f], start_interpolation: 0, interpolation_duration: 1 }
$data merge entity $(bone_sword) { transformation: [-0.000002750744894316382f,-7.349084162725964e-7f,0.000009586099944507363f,-0.11990991646829738f,0.000009590140386643879f,4.956364821981945e-7f,0.0000027899017620655095f,1.5953656490548276f,-6.801543140011638e-7f,0.000009960635225587066f,5.684505360536695e-7f,-1.0273129765792934f,0f,0f,0f,1f], start_interpolation: 0, interpolation_duration: 1 }
$data merge entity $(bone_right_hand) { transformation: [-0.27507448943163815f,-0.07349084162725963f,0.9586099944507361f,-0.06398149846731728f,0.9590140386643877f,0.04956364821981945f,0.2789901762065509f,1.6057789359451347f,-0.06801543140011637f,0.9960635225587066f,0.056845053605366944f,-0.6472226535756056f,0f,0f,0f,1f], start_interpolation: 0, interpolation_duration: 1 }
$data merge entity $(bone_right_arm) { transformation: [-0.27507448943163815f,-0.01762829263550475f,0.961261290473449f,-0.16015947004265788f,0.9590140386643877f,0.0657016304347664f,0.27563629913861803f,1.6025229683628401f,-0.06801543140011637f,0.9976835866430651f,-0.001167062331536517f,-0.30415950857347035f,0f,0f,0f,1f], start_interpolation: 0, interpolation_duration: 1 }
$data merge entity $(bone_left_ring) { transformation: [-0.9999766561690189f,0.0022514169798301675f,0.006451219931946778f,0.29101804596612535f,0.0005253915632027623f,0.9666954024838342f,-0.2559291362473661f,1.173987113547447f,-0.0068125678516056665f,-0.25591977246434183f,-0.9666740189852351f,0.3971994353471484f,0f,0f,0f,1f], start_interpolation: 0, interpolation_duration: 1 }
$data merge entity $(bone_left_hand) { transformation: [-0.20569758926629425f,0.0022514169798301675f,0.9786130148795373f,0.3831148000141804f,-0.24999999999999994f,0.9666954024838342f,-0.054772244947761506f,1.3198983722216933f,-0.9461440174571918f,-0.25591977246434183f,-0.1982840596007772f,0.33862284031202217f,0f,0f,0f,1f], start_interpolation: 0, interpolation_duration: 1 }
$data merge entity $(bone_left_arm) { transformation: [-0.20569758926629425f,-0.36783367252123245f,0.9068554962779779f,0.16015947004265788f,-0.24999999999999994f,0.9156751133619656f,0.31470476127563013f,1.6337729683628401f,-0.9461440174571918f,-0.16197986334447273f,-0.2803105815000051f,0.30415950857347035f,0f,0f,0f,1f], start_interpolation: 0, interpolation_duration: 1 }
$data merge entity $(bone_leftfoot) { transformation: [-0.47817049368764647f,0.17860652446976788f,0.8599143494461192f,-0.15427264007821517f,0.00172508360204629f,0.9792926411293935f,-0.20244245383906748f,0.597354735839747f,-0.8782653374994817f,-0.09531858395217165f,-0.4685769568601026f,0.2057898638723648f,0f,0f,0f,1f], start_interpolation: 0, interpolation_duration: 1 }
$data merge entity $(bone_leftleg) { transformation: [-0.4670186130300923f,0.2658537772935916f,0.8433358667708721f,0.07759541237927825f,0.04361932092922671f,0.959498148113974f,-0.27831754994525143f,0.9462729683628401f,-0.883170974344788f,-0.09319373833355848f,-0.45969985556914655f,0.10041149138763826f,0f,0f,0f,1f], start_interpolation: 0, interpolation_duration: 1 }
$data merge entity $(bone_rightfoot) { transformation: [-0.42282833402024605f,0.12420392046685386f,0.8976578335258523f,-0.37634622079401414f,0.333628181708504f,0.9423246778951344f,0.02676635574202646f,0.6694513690781764f,-0.8425606425175227f,0.3108015244018193f,-0.43987950180698876f,-0.07707971538833734f,0f,0f,0f,1f], start_interpolation: 0, interpolation_duration: 1 }
$data merge entity $(bone_rightleg) { transformation: [-0.44501790662214136f,0.49899862142453755f,0.7436124249917144f,-0.03888420219720021f,0.29615084656772805f,0.8656518902661302f,-0.403660105727447f,0.9462729683628401f,-0.8451353376015377f,0.04058547394187664f,-0.5330094562407389f,-0.12079542393852198f,0f,0f,0f,1f], start_interpolation: 0, interpolation_duration: 1 }
$data merge entity $(bone_skirt_right_back) { transformation: [-0.12450600978054152f,0.3874862654396196f,0.9134290599845092f,0.0717772604849764f,0.6606997393103757f,0.7191921335956245f,-0.21503146153383004f,0.938802987071885f,-0.7402527325202719f,0.5767296325574316f,-0.345555817381853f,-0.22847033101174075f,0f,0f,0f,1f], start_interpolation: 0, interpolation_duration: 1 }
$data merge entity $(bone_skirt_right) { transformation: [-0.12450600978054152f,0.3896108602649759f,0.9125248660130381f,-0.21311184965339347f,0.6606997393103757f,0.718689785750913f,-0.21670451387201983f,0.9754798868424078f,-0.7402527325202719f,0.5759239267654126f,-0.3468969913034392f,-0.19003369552174523f,0f,0f,0f,1f], start_interpolation: 0, interpolation_duration: 1 }
$data merge entity $(bone_skirt_left_back) { transformation: [-0.5257453209342506f,0.16536496917828683f,0.8344137369940683f,0.23473751756629194f,-0.23862545235905935f,0.9128644136282013f,-0.33126493297310344f,0.9308409569339797f,-0.8164862221753507f,-0.37327334394503f,-0.4404739035379046f,0.05390622027499878f,0f,0f,0f,1f], start_interpolation: 0, interpolation_duration: 1 }
$data merge entity $(bone_skirt_left) { transformation: [-0.5257453209342506f,0.16857546680634117f,0.8337710534114062f,0.006132983398132924f,-0.23862545235905935f,0.9115825871930113f,-0.3347761643440738f,0.9754798868424078f,-0.8164862221753507f,-0.37496599674839876f,-0.4390338828385615f,0.22633506906309883f,0f,0f,0f,1f], start_interpolation: 0, interpolation_duration: 1 }
$data merge entity $(bone_skirt_back_middle) { transformation: [-0.46591845830591383f,0.2224240715883419f,0.8564155081430419f,0.11239441514830835f,0f,0.9678896191833486f,-0.2513755856822864f,0.9611412059602493f,-0.884827661304641f,-0.11712052533683703f,-0.4509576391802038f,-0.05918286115838907f,0f,0f,0f,1f], start_interpolation: 0, interpolation_duration: 1 }
$data merge entity $(bone_skirt_front_middle) { transformation: [-0.46591845830591383f,0.3677599424714789f,0.8047810975185831f,-0.1481590390427561f,0f,0.9095342886681088f,-0.415628894251828f,1.0657587573177725f,-0.884827661304641f,-0.19364917363720335f,-0.4237688135526113f,0.07801522722866139f,0f,0f,0f,1f], start_interpolation: 0, interpolation_duration: 1 }
$data merge entity $(bone_lower) { transformation: [-0.46591845830591383f,0f,0.884827661304641f,0f,0f,1f,0f,1.0400229683628401f,-0.884827661304641f,0f,-0.46591845830591383f,0f,0f,0f,0f,1f], start_interpolation: 0, interpolation_duration: 1 }
data modify entity @s data merge value {"locators":{"locator_right_hand":{"posx":-0.12169894223514771,"posy":1.5579395108295995,"posz":-1.0883296684705428,"roty":93.39363460256058,"rotx":16.199944521679758},"locator_left_hand":{"posx":0.2903848349405481,"posy":0.9021040315988684,"posz":0.46917687135274455,"roty":78.54594035988357,"rotx":-3.1397897006657187}},"cameras":{}}