# This file was generated by Animated Java via MC-Build. It is not recommended to edit this file directly.
$data merge entity $(bone_head) { transformation: [-0.8630401379127111f,-0.1584198879086987f,0.47965076823310077f,0f,0f,0.9495490062472974f,0.31361869321641184f,1.7311582512697463f,-0.5051353485469102f,0.2706655202454963f,-0.8194989053065453f,0f,0f,0f,0f,1f], start_interpolation: 0, interpolation_duration: 1 }
$data merge entity $(bone_bust) { transformation: [-0.45204554617671955f,0.44599742829465705f,0.7724902058514034f,-0.06411213031735696f,0f,0.8660254037844387f,-0.49999999999999994f,1.6217832512697463f,-0.8919948565893142f,-0.22602277308835975f,-0.3914829266566507f,0.0324907736314517f,0f,0f,0f,1f], start_interpolation: 0, interpolation_duration: 1 }
$data merge entity $(bone_left_wing) { transformation: [-0.7589872812471616f,0f,0.6511054499119492f,0.1397522037097092f,0f,1f,0f,1.5124082512697463f,-0.6511054499119492f,0f,-0.7589872812471616f,-0.0007560147352577706f,0f,0f,0f,1f], start_interpolation: 0, interpolation_duration: 1 }
$data merge entity $(bone_right_wing) { transformation: [-0.07628397450395219f,0f,0.9970861323044665f,0.08324651043761927f,0f,1f,0f,1.5124082512697463f,-0.9970861323044665f,0f,-0.07628397450395219f,-0.11225537180892209f,0f,0f,0f,1f], start_interpolation: 0, interpolation_duration: 1 }
$data merge entity $(bone_body) { transformation: [-0.45204554617671955f,0f,0.8919948565893142f,-0.21997465520629733f,0f,1f,0f,0.4499082512697463f,-0.8919948565893142f,0f,-0.45204554617671955f,0.6720202013830169f,0f,0f,0f,1f], start_interpolation: 0, interpolation_duration: 1 }
$data merge entity $(bone_right_ring) { transformation: [-0.9168024192056202f,-0.04253930664088682f,0.39706892541375594f,-0.14774828751779628f,0.39391761991930263f,0.06697965369094032f,0.9167020424917541f,1.5684920188102494f,-0.0655914083995311f,0.9968470962900751f,-0.044650126116413225f,-0.8089508824262954f,0f,0f,0f,1f], start_interpolation: 0, interpolation_duration: 1 }
$data merge entity $(bone_sword) { transformation: [-0.0000027218705878264618f,-4.2539306640886823e-7f,0.000009613036005455119f,-0.13192829101853637f,0.000009592329899023229f,6.697965369094032e-7f,0.0000027456474113493187f,1.5881063245800369f,-7.606757597230696e-7f,0.000009968470962900752f,2.257411136109229e-7f,-1.0290355759988667f,0f,0f,0f,1f], start_interpolation: 0, interpolation_duration: 1 }
$data merge entity $(bone_right_hand) { transformation: [-0.27218705878264615f,-0.04253930664088682f,0.9613036005455118f,-0.06427284162929314f,0.9592329899023229f,0.06697965369094032f,0.27456474113493184f,1.6046980341808585f,-0.07606757597230696f,0.9968470962900751f,0.02257411136109229f,-0.6510772006908688f,0f,0f,0f,1f], start_interpolation: 0, interpolation_duration: 1 }
$data merge entity $(bone_right_arm) { transformation: [-0.27218705878264615f,-0.0026407155903511725f,0.9622407347708904f,-0.15539065649824735f,0.9592329899023229f,0.07830731318236228f,0.2715511660538578f,1.6061582512697463f,-0.07606757597230696f,0.9969257702172867f,-0.01878117574506455f,-0.30662323195257674f,0f,0f,0f,1f], start_interpolation: 0, interpolation_duration: 1 }
$data merge entity $(bone_left_ring) { transformation: [-0.8811113740200414f,0.006247192825235837f,0.47286754927180075f,0.28478051035771684f,-0.11566814446781103f,0.9666954024838342f,-0.22829997628556853f,1.177622396454353f,-0.4585451198387005f,-0.2558534177970306f,-0.8510437131391606f,0.4016951025820873f,0f,0f,0f,1f], start_interpolation: 0, interpolation_duration: 1 }
$data merge entity $(bone_left_hand) { transformation: [-0.1908989793978789f,0.006247192825235837f,0.9815898085486893f,0.37778067878809957f,-0.24999999999999994f,0.9666954024838342f,-0.054772244947761506f,1.3235336551285994f,-0.9492405278246647f,-0.2558534177970306f,-0.1829793675164768f,0.3445636903466316f,0f,0f,0f,1f], start_interpolation: 0, interpolation_duration: 1 }
$data merge entity $(bone_left_arm) { transformation: [-0.1908989793978789f,-0.3652595998425848f,0.9111218383880846f,0.15539065649824735f,-0.24999999999999994f,0.9156751133619656f,0.31470476127563013f,1.6374082512697463f,-0.9492405278246647f,-0.1677036418578502f,-0.26611634456148253f,0.30662323195257674f,0f,0f,0f,1f], start_interpolation: 0, interpolation_duration: 1 }
$data merge entity $(bone_leftfoot) { transformation: [-0.464855166539315f,0.20672362830874735f,0.860915219775195f,-0.16122612979947498f,0.0018779942051059956f,0.9725886751071056f,-0.2325247130762035f,0.6041491383539899f,-0.8853847453392629f,-0.10647352042771965f,-0.4525010963171876f,0.2054239067362697f,0f,0f,0f,1f], start_interpolation: 0, interpolation_duration: 1 }
$data merge entity $(bone_leftleg) { transformation: [-0.453171435058031f,0.2777446223950992f,0.8470499248438951f,0.07601808075998119f,0.043619320929226706f,0.9559925829903971f,-0.29013020544062934f,0.9499082512697463f,-0.8903555499288573f,-0.09453097903836813f,-0.4453435625592108f,0.10161086075104854f,0f,0f,0f,1f], start_interpolation: 0, interpolation_duration: 1 }
$data merge entity $(bone_rightfoot) { transformation: [-0.4119261243123341f,0.12936699625864678f,0.9019872772872324f,-0.3731341162863044f,0.31885394173121784f,0.9477543755380617f,0.009685426729052204f,0.6712673275755778f,-0.8536094141652167f,0.2915918790492526f,-0.43165396340244744f,-0.0790739531051455f,0f,0f,0f,1f], start_interpolation: 0, interpolation_duration: 1 }
$data merge entity $(bone_rightleg) { transformation: [-0.43380726463347935f,0.492172247840749f,0.7547037402892626f,-0.036993305784198696f,0.2811839625590729f,0.8697417889317964f,-0.40556725679632505f,0.9499082512697463f,-0.8560063296207547f,0.03627256595697065f,-0.5156912493033995f,-0.12138785339628001f,0f,0f,0f,1f], start_interpolation: 0, interpolation_duration: 1 }
$data merge entity $(bone_skirt_right_back) { transformation: [-0.12159872827399987f,0.37667818553667126f,0.9183285326194254f,0.07501722221169341f,0.6552093798500556f,0.7254401916324266f,-0.21080132096553325f,0.9435430846140633f,-0.7455966857749916f,0.576064295808297f,-0.33501568508987645f,-0.22987931058257868f,0f,0f,0f,1f], start_interpolation: 0, interpolation_duration: 1 }
$data merge entity $(bone_skirt_right) { transformation: [-0.12159872827399987f,0.38138139724964054f,0.9163852787523694f,-0.2103524350240755f,0.6552093798500556f,0.7243499039567253f,-0.2145177969176184f,0.9790796391201624f,-0.7455966857749916f,0.5743391388977377f,-0.3379646959248164f,-0.19402283246530116f,0f,0f,0f,1f], start_interpolation: 0, interpolation_duration: 1 }
$data merge entity $(bone_skirt_left_back) { transformation: [-0.5109851868643835f,0.16630512211794826f,0.8433485312505768f,0.23433993560406394f,-0.23519401381087082f,0.9166178280024253f,-0.32325768862572807f,0.9362397532704458f,-0.8267877083464067f,-0.3635304165340922f,-0.42926416293681746f,0.0575779641411126f,0f,0f,0f,1f], start_interpolation: 0, interpolation_duration: 1 }
$data merge entity $(bone_skirt_left) { transformation: [-0.5109851868643835f,0.1719536472214419f,0.8422149856256506f,0.0026881550350215944f,-0.23519401381087082f,0.9144307149056612f,-0.32939375146570904f,0.9790796391201624f,-0.8267877083464067f,-0.3663992506056273f,-0.42681808125117177f,0.22635761854168157f,0f,0f,0f,1f], start_interpolation: 0, interpolation_duration: 1 }
$data merge entity $(bone_skirt_back_middle) { transformation: [-0.45204554617671955f,0.21929559505908053f,0.8646179885761544f,0.11346452732974094f,0f,0.9693082669581307f,-0.24584849726330538f,0.9660367964856515f,-0.8919948565893142f,-0.11113471822211662f,-0.43817148495069763f,-0.05750160311974889f,0f,0f,0f,1f], start_interpolation: 0, interpolation_duration: 1 }
$data merge entity $(bone_skirt_front_middle) { transformation: [-0.45204554617671955f,0.36610334030990416f,0.8134022180912232f,-0.14972765567827484f,0f,0.9118911528272678f,-0.41043212032607357f,1.0689723438186856f,-0.8919948565893142f,-0.185534012001269f,-0.4122163342335207f,0.07587904727124228f,0f,0f,0f,1f], start_interpolation: 0, interpolation_duration: 1 }
$data merge entity $(bone_lower) { transformation: [-0.45204554617671955f,0f,0.8919948565893142f,0f,0f,1f,0f,1.0436582512697463f,-0.8919948565893142f,0f,-0.45204554617671955f,0f,0f,0f,0f,1f], start_interpolation: 0, interpolation_duration: 1 }
data modify entity @s data merge value {"locators":{"locator_right_hand":{"posx":-0.13578410752504688,"posy":1.5496539912096723,"posz":-1.089314128257879,"roty":91.34521876302928,"rotx":15.93607726321358},"locator_left_hand":{"posx":0.2830234873756193,"posy":0.9057393145057746,"posz":0.47365387633750217,"roty":79.44061966017517,"rotx":-3.1397897006657187}},"cameras":{}}