# This file was generated by Animated Java via MC-Build. It is not recommended to edit this file directly.
$data merge entity $(bone_head) { transformation: [-0.9395730067506618f,-0.07962827298086107f,0.33295931151960023f,0f,0f,0.9725738910831591f,0.23259412370772276f,1.7371390522732484f,-0.3423486015533301f,0.21853916016460045f,-0.9138041751321945f,0f,0f,0f,0f,1f], start_interpolation: 0, interpolation_duration: 1 }
$data merge entity $(bone_bust) { transformation: [-0.5354475926655339f,0.4222842275969718f,0.7314177374329348f,-0.0607033577170647f,0f,0.8660254037844387f,-0.49999999999999994f,1.6277640522732484f,-0.8445684551939437f,-0.2677237963327669f,-0.46371121764357465f,0.03848529572283521f,0f,0f,0f,1f], start_interpolation: 0, interpolation_duration: 1 }
$data merge entity $(bone_left_wing) { transformation: [-0.8178914268970272f,0f,0.5753725869454894f,0.13903653144083888f,0f,1f,0f,1.5183890522732484f,-0.5753725869454894f,0f,-0.8178914268970272f,-0.014145420633570271f,0f,0f,0f,1f], start_interpolation: 0, interpolation_duration: 1 }
$data merge entity $(bone_right_wing) { transformation: [-0.1714867162952275f,0f,0.9851864321712313f,0.07210558235764714f,0f,1f,0f,1.5183890522732484f,-0.9851864321712313f,0f,-0.1714867162952275f,-0.11971647753281323f,0f,0f,0f,1f], start_interpolation: 0, interpolation_duration: 1 }
$data merge entity $(bone_body) { transformation: [-0.5354475926655339f,0f,0.8445684551939437f,-0.15456043126420493f,0f,1f,0f,0.4558890522732484f,-0.8445684551939437f,0f,-0.5354475926655339f,0.6900080239297388f,0f,0f,0f,1f], start_interpolation: 0, interpolation_duration: 1 }
$data merge entity $(bone_right_ring) { transformation: [0.18557892758418798f,0.1790234102628488f,0.9661837714506295f,-0.2588144382424104f,0.9335007438725982f,0.2748954472589842f,-0.23023651809734402f,1.480848834455727f,-0.3068172466241235f,0.9446603154860177f,-0.11610368435088071f,-0.7624193612702661f,0f,0f,0f,1f], start_interpolation: 0, interpolation_duration: 1 }
$data merge entity $(bone_sword) { transformation: [-0.0000037528207655754616f,0.0000017902341026284881f,0.000009094580702773031f,-0.2954930917817491f,0.000009066553423937922f,0.000002748954472589842f,0.000003200134109456638f,1.454048644363656f,-0.000001927159908348326f,0.000009446603154860178f,-0.000002654758656119345f,-0.9792342403966074f,0f,0f,0f,1f], start_interpolation: 0, interpolation_duration: 1 }
$data merge entity $(bone_right_hand) { transformation: [-0.37528207655754614f,0.1790234102628488f,0.909458070277303f,-0.14558033630034314f,0.9066553423937922f,0.2748954472589842f,0.32001341094566377f,1.553802505366099f,-0.1927159908348326f,0.9446603154860177f,-0.2654758656119345f,-0.6397045493766946f,0f,0f,0f,1f], start_interpolation: 0, interpolation_duration: 1 }
$data merge entity $(bone_right_arm) { transformation: [-0.37528207655754614f,0.13803388184336285f,0.9165751526622946f,-0.18406010997877728f,0.9066553423937922f,0.2602589142421865f,0.3320261852117592f,1.6121390522732484f,-0.1927159908348326f,0.9556212351244244f,-0.22281966218405846f,-0.2903204064729182f,0f,0f,0f,1f], start_interpolation: 0, interpolation_duration: 1 }
$data merge entity $(bone_left_ring) { transformation: [0.29188468856517347f,-0.01830078401426266f,0.956278416511465f,0.3219654675034719f,-0.2390297536171144f,0.9666954024838342f,0.09145914772377414f,1.1836031974578551f,-0.9261037228447756f,-0.2552745191378898f,0.2777891545974498f,0.3725548714663468f,0f,0f,0f,1f], start_interpolation: 0, interpolation_duration: 1 }
$data merge entity $(bone_left_hand) { transformation: [-0.2809890040575467f,-0.01830078401426266f,0.9595364823200894f,0.4090625152187517f,-0.24999999999999994f,0.9666954024838342f,-0.054772244947761506f,1.3295144561321015f,-0.926577130949576f,-0.2552745191378898f,-0.27620597437450745f,0.3067739177534414f,0f,0f,0f,1f], start_interpolation: 0, interpolation_duration: 1 }
$data merge entity $(bone_left_arm) { transformation: [-0.2809890040575467f,-0.3796500206239036f,0.8814255733974465f,0.18406010997877728f,-0.24999999999999994f,0.9156751133619656f,0.31470476127563013f,1.6433890522732484f,-0.926577130949576f,-0.13192781590635433f,-0.35220714329983577f,0.2903204064729182f,0f,0f,0f,1f], start_interpolation: 0, interpolation_duration: 1 }
$data merge entity $(bone_leftfoot) { transformation: [-0.5474095770312369f,0.18651793168592443f,0.8158148173048142f,-0.13952540241838074f,0.0018221911938025859f,0.9751099150153084f,-0.22171453100347605f,0.608986094013401f,-0.8368628529178097f,-0.1198820870624254f,-0.5341243774700996f,0.2190603055173797f,0f,0f,0f,1f], start_interpolation: 0, interpolation_duration: 1 }
$data merge entity $(bone_leftleg) { transformation: [-0.5364111997276749f,0.26384877463590145f,0.8016525737062471f,0.08540588404055925f,0.0436193209292267f,0.9572718997042249f,-0.2858808578382568f,0.9558890522732484f,-0.8428287961670446f,-0.11838215304596283f,-0.5250002725635602f,0.09385814080968441f,0f,0f,0f,1f], start_interpolation: 0, interpolation_duration: 1 }
$data merge entity $(bone_rightfoot) { transformation: [-0.5084710977081612f,0.08976737109448851f,0.8563871565374168f,-0.3609114585173106f,0.20448771454487516f,0.9786880906090827f,0.01882540571041308f,0.6656921561322828f,-0.8364460038733352f,0.1846928271122958f,-0.5159909323017183f,-0.014428580615487352f,0f,0f,0f,1f], start_interpolation: 0, interpolation_duration: 1 }
$data merge entity $(bone_rightleg) { transformation: [-0.5280493626706706f,0.43732111172576704f,0.7279520010426772f,-0.04845601412582422f,0.16565901293849813f,0.8937854159465981f,-0.41677898420314957f,0.9558890522732484f,-0.8328991307567449f,-0.09948806702366816f,-0.5444090029605986f,-0.11728397298880153f,0f,0f,0f,1f], start_interpolation: 0, interpolation_duration: 1 }
$data merge entity $(bone_skirt_right_back) { transformation: [-0.29186661339350595f,0.3980848752929003f,0.8696794306232855f,0.04788297553107135f,0.5750003566400069f,0.799641650567586f,-0.17305438607966986f,0.9585737066891523f,-0.764322229069697f,0.4495571851729018f,-0.4622876457459649f,-0.25948982346953864f,0f,0f,0f,1f], start_interpolation: 0, interpolation_duration: 1 }
$data merge entity $(bone_skirt_right) { transformation: [-0.29186661339350595f,0.4327590162656205f,0.8529557513886744f,-0.22817909973214168f,0.5750003566400069f,0.792030105227564f,-0.20509242374373227f,0.9847228304353545f,-0.764322229069697f,0.4305902300958839f,-0.4800037332103816f,-0.17528573254353957f,0f,0f,0f,1f], start_interpolation: 0, interpolation_duration: 1 }
$data merge entity $(bone_skirt_left_back) { transformation: [-0.5712767520096531f,0.08530420368709558f,0.8163124802712572f,0.24317063484394189f,-0.19763821378379756f,0.9510209863958395f,-0.2376935419548339f,0.9608035707320018f,-0.7966065585128278f,-0.29712333511186045f,-0.5264368097562648f,0.03492733392342273f,0f,0f,0f,1f], start_interpolation: 0, interpolation_duration: 1 }
$data merge entity $(bone_skirt_left) { transformation: [-0.5712767520096531f,0.11513054038383669f,0.8126424990635347f,0.02527167170863462f,-0.19763821378379756f,0.9416820514622924f,-0.2723491332942302f,0.9847228304353545f,-0.7966065585128278f,-0.3161959402406903f,-0.5152068694317405f,0.22448546716966877f,0f,0f,0f,1f], start_interpolation: 0, interpolation_duration: 1 }
$data merge entity $(bone_skirt_back_middle) { transformation: [-0.5354475926655339f,0.15831574020414724f,0.8295974939163555f,0.1086505190423286f,0f,0.9822738332393075f,-0.18745163785189228f,0.9852838636535546f,-0.8445684551939437f,-0.10037052822900716f,-0.5259561593463332f,-0.06888329596647808f,0f,0f,0f,1f], start_interpolation: 0, interpolation_duration: 1 }
$data merge entity $(bone_skirt_front_middle) { transformation: [-0.5354475926655339f,0.2999686613925382f,0.7895028041058836f,-0.14530026191502599f,0f,0.9348002512414284f,-0.3551738873832962f,1.0703929678080015f,-0.8445684551939437f,-0.19017700297704537f,-0.500536544150359f,0.09211885073094085f,0f,0f,0f,1f], start_interpolation: 0, interpolation_duration: 1 }
$data merge entity $(bone_lower) { transformation: [-0.5354475926655339f,0f,0.8445684551939437f,0f,0f,1f,0f,1.0496390522732484f,-0.8445684551939437f,0f,-0.5354475926655339f,0f,0f,0f,0f,1f], start_interpolation: 0, interpolation_duration: 1 }
data modify entity @s data merge value {"locators":{"locator_right_hand":{"posx":-0.30916477237883666,"posy":1.4035344899141375,"posz":-1.0281050750007086,"roty":73.7271817264162,"rotx":18.663735923780347},"locator_left_hand":{"posx":0.32711256300748326,"posy":0.9117201155092767,"posz":0.4443508299738783,"roty":73.94134852314892,"rotx":-3.1397897006657156}},"cameras":{}}