# This file was generated by Animated Java via MC-Build. It is not recommended to edit this file directly.
$data merge entity $(bone_head) { transformation: [-0.955189755493823f,-0.0651508494309401f,0.2887349958319528f,0f,1.3877787807814457e-17f,0.975475378300994f,0.22010857849827822f,1.7356036766335838f,-0.2959941401441097f,0.2102454592778633f,-0.9317640880895708f,0f,0f,0f,0f,1f], start_interpolation: 0, interpolation_duration: 1 }
$data merge entity $(bone_bust) { transformation: [-0.5735764363510462f,0.40957602214449584f,0.7094064799162225f,-0.058876553183271285f,0f,0.8660254037844387f,-0.49999999999999994f,1.6262286766335838f,-0.8191520442889918f,-0.286788218175523f,-0.49673176489215415f,0.04122580636273143f,0f,0f,0f,1f], start_interpolation: 0, interpolation_duration: 1 }
$data merge entity $(bone_left_wing) { transformation: [-0.8433914458128857f,0f,0.5372996083468238f,0.1382425328080643f,0f,1f,0f,1.5168536766335838f,-0.5372996083468238f,0f,-0.8433914458128857f,-0.020500051775818706f,0f,0f,0f,1f], start_interpolation: 0, interpolation_duration: 1 }
$data merge entity $(bone_right_wing) { transformation: [-0.2164396139381029f,0f,0.9762960071199334f,0.06654547826418356f,0f,1f,0f,1.5168536766335838f,-0.9762960071199334f,0f,-0.2164396139381029f,-0.1228940573119428f,0f,0f,0f,1f], start_interpolation: 0, interpolation_duration: 1 }
$data merge entity $(bone_body) { transformation: [-0.5735764363510462f,0f,0.8191520442889918f,-0.12278780396897282f,0f,1f,0f,0.45435367663358384f,-0.8191520442889918f,0f,-0.5735764363510462f,0.696364240320019f,0f,0f,0f,1f], start_interpolation: 0, interpolation_duration: 1 }
$data merge entity $(bone_right_ring) { transformation: [0.28933513024436547f,0.23472178556097564f,0.9280036992326829f,-0.29510318606714103f,0.8799734539419328f,0.3163347713981539f,-0.3543713204563582f,1.4610111024709849f,-0.3767385071425289f,0.9191506926437827f,-0.11502217807220289f,-0.742319774125999f,0f,0f,0f,1f], start_interpolation: 0, interpolation_duration: 1 }
$data merge entity $(bone_sword) { transformation: [-0.000004055571053367526f,0.000002347217855609757f,0.000008834189932834487f,-0.3453188144303241f,0.000008912085915912064f,0.0000031633477139815393f,0.000003250839255922942f,1.4247425760522436f,-0.0000020315186581691238f,0.000009191506926437827f,-0.000003374778861311687f,-0.9550055759194045f,0f,0f,0f,1f], start_interpolation: 0, interpolation_duration: 1 }
$data merge entity $(bone_right_hand) { transformation: [-0.4055571053367525f,0.23472178556097564f,0.8834189932834486f,-0.17560737645291527f,0.8912085915912064f,0.3163347713981539f,0.32508392559229415f,1.540915028526224f,-0.20315186581691236f,0.9191506926437827f,-0.3374778861311687f,-0.630341030225205f,0f,0f,0f,1f], start_interpolation: 0, interpolation_duration: 1 }
$data merge entity $(bone_right_arm) { transformation: [-0.4055571053367525f,0.18160355912610143f,0.8958479679184449f,-0.1971668999956721f,0.8912085915912064f,0.2963785763020381f,0.34337586662896896f,1.6106036766335838f,-0.20315186581691236f,0.9376459282809849f,-0.2820450896456055f,-0.28158351522434094f,0f,0f,0f,1f], start_interpolation: 0, interpolation_duration: 1 }
$data merge entity $(bone_left_ring) { transformation: [0.3923769287143972f,-0.02997609768470505f,0.9193159301242712f,0.33869476083308425f,-0.22249051981082688f,0.9666954024838342f,0.12648307163777145f,1.1820678218181906f,-0.8924899519921582f,-0.25416811834731473f,0.37263957547316484f,0.357413980563513f,0f,0f,0f,1f], start_interpolation: 0, interpolation_duration: 1 }
$data merge entity $(bone_left_hand) { transformation: [-0.32314195072494556f,-0.02997609768470505f,0.9458756330772422f,0.4226868361708406f,-0.24999999999999994f,0.9666954024838342f,-0.054772244947761506f,1.327979080492437f,-0.9127317676522916f,-0.25416811834731473f,-0.3198738625366389f,0.28771203745893514f,0f,0f,0f,1f], start_interpolation: 0, interpolation_duration: 1 }
$data merge entity $(bone_left_arm) { transformation: [-0.32314195072494556f,-0.3852952465474305f,0.8643649996787419f,0.1971668999956721f,-0.24999999999999994f,0.9156751133619656f,0.31470476127563013f,1.6418536766335838f,-0.9127317676522916f,-0.11439693945865004f,-0.3922168539989289f,0.28158351522434094f,0f,0f,0f,1f], start_interpolation: 0, interpolation_duration: 1 }
$data merge entity $(bone_leftfoot) { transformation: [-0.5849051239266658f,0.1651896585002184f,0.7941022432463676f,-0.12714555063245073f,0.00172508360204629f,0.9792926411293935f,-0.20244245383906756f,0.6054354441104907f,-0.8110998829311332f,-0.11703973579258561f,-0.573078249591366f,0.22356995438493044f,0f,0f,0f,1f], start_interpolation: 0, interpolation_duration: 1 }
$data merge entity $(bone_leftleg) { transformation: [-0.5744593352014848f,0.2520105711356639f,0.7787728450811217f,0.08961600551270246f,0.04361932092922671f,0.959498148113974f,-0.2783175499452515f,0.9543536766335838f,-0.8173700673755686f,-0.12591257205589476f,-0.5621851982725334f,0.08984702099094484f,0f,0f,0f,1f], start_interpolation: 0, interpolation_duration: 1 }
$data merge entity $(bone_rightfoot) { transformation: [-0.5486784412692491f,0.07602545569731156f,0.8325695755745361f,-0.3575559056135581f,0.1831149973540765f,0.9826041794645868f,0.030950351253944353f,0.6624731226437209f,-0.8157333300965235f,0.16943776611116562f,-0.5530551306921347f,0.00731556062756171f,0f,0f,0f,1f], start_interpolation: 0, interpolation_duration: 1 }
$data merge entity $(bone_rightleg) { transformation: [-0.5675873900158228f,0.4211139226807297f,0.7074656308397425f,-0.05377810357505908f,0.14413237184959707f,0.8968444984729368f,-0.4182054578121094f,0.9543536766335838f,-0.8105987997030564f,-0.135399444914944f,-0.5697337766331652f,-0.11494099008130311f,0f,0f,0f,1f], start_interpolation: 0, interpolation_duration: 1 }
$data merge entity $(bone_skirt_right_back) { transformation: [-0.34788621934251385f,0.40792666184939913f,0.844139216565596f,0.03467483127254706f,0.5539160160635617f,0.8158598472027437f,-0.16598119432811445f,0.9584925136906514f,-0.7564074467770953f,0.4098396616662684f,-0.5097835091344504f,-0.2659309796821073f,0f,0f,0f,1f], start_interpolation: 0, interpolation_duration: 1 }
$data merge entity $(bone_skirt_right) { transformation: [-0.34788621934251385f,0.4483563455380876f,0.823378264109093f,-0.23579402145871936f,0.5539160160635617f,0.8068573755180656f,-0.2053246763552083f,0.9831213684476608f,-0.7564074467770953f,0.3846527823737014f,-0.5290463226148779f,-0.16481523305681345f,0f,0f,0f,1f], start_interpolation: 0, interpolation_duration: 1 }
$data merge entity $(bone_skirt_left_back) { transformation: [-0.6040941502684427f,0.06200462233091039f,0.7944971267544327f,0.2453552485705185f,-0.18895879764395543f,0.9573920851647012f,-0.2183917765323043f,0.9634021162679601f,-0.7741865604648526f,-0.28205641647299284f,-0.5666386392772864f,0.023829461214517844f,0f,0f,0f,1f], start_interpolation: 0, interpolation_duration: 1 }
$data merge entity $(bone_skirt_left) { transformation: [-0.6040941502684427f,0.09629173543907939f,0.7910740542437089f,0.03572537954542175f,-0.18895879764395543f,0.9470563261719216f,-0.25957443605003433f,0.9831213684476608f,-0.7741865604648526f,-0.3062878005142761f,-0.5539160160635619f,0.22295465827906352f,0f,0f,0f,1f], start_interpolation: 0, interpolation_duration: 1 }
$data merge entity $(bone_skirt_back_middle) { transformation: [-0.5735764363510462f,0.14287515828609848f,0.8065957852651827f,0.10555454839839855f,0f,0.9846716380538271f,-0.17441836260093974f,0.9866971545147922f,-0.8191520442889918f,-0.10004226285483159f,-0.5647844491308613f,-0.0739100904808803f,0f,0f,0f,1f], start_interpolation: 0, interpolation_duration: 1 }
$data merge entity $(bone_skirt_front_middle) { transformation: [-0.5735764363510462f,0.2807684518181218f,0.7695317720058669f,-0.1416560935527605f,0f,0.9394248325093365f,-0.34275499130545833f,1.0678141657804279f,-0.8191520442889918f,-0.1965961864545186f,-0.5388319476503838f,0.09918866453898277f,0f,0f,0f,1f], start_interpolation: 0, interpolation_duration: 1 }
$data merge entity $(bone_lower) { transformation: [-0.5735764363510462f,0f,0.8191520442889918f,0f,0f,1f,0f,1.0481036766335838f,-0.8191520442889918f,0f,-0.5735764363510462f,0f,0f,0f,0f,1f], start_interpolation: 0, interpolation_duration: 1 }
data modify entity @s data merge value {"locators":{"locator_right_hand":{"posx":-0.36111868825616544,"posy":1.3720419480152541,"posz":-1.0008309064320629,"roty":69.09247351858139,"rotx":18.970659671408814},"locator_left_hand":{"posx":0.34712553830690757,"posy":0.9101847398696121,"posz":0.42889876384869524,"roty":71.31561966017519,"rotx":-3.139789700665714}},"cameras":{}}