# This file was generated by Animated Java via MC-Build. It is not recommended to edit this file directly.
$data merge entity $(bone_head) { transformation: [-0.9987565903533224f,0.00811995410854989f,-0.04918678248351421f,0f,-6.938893903907228e-18f,0.9866459644211792f,0.1628795287671262f,1.7075983380038355f,0.049852514739032905f,0.16267700278981084f,-0.9854191593111624f,0f,0f,0f,0f,1f], start_interpolation: 0, interpolation_duration: 1 }
$data merge entity $(bone_bust) { transformation: [-0.8885321648374416f,0.22940716643627837f,0.39734486788804385f,-0.032977280175215035f,0f,0.8660254037844387f,-0.49999999999999994f,1.5982233380038355f,-0.4588143328725568f,-0.44426608241872073f,-0.7694914268288068f,0.06386324934769116f,0f,0f,0f,1f], start_interpolation: 0, interpolation_duration: 1 }
$data merge entity $(bone_left_wing) { transformation: [-0.9964773247932259f,0f,0.08386263275699984f,0.11288505191140968f,0f,1f,0f,1.4888483380038355f,-0.08386263275699984f,0f,-0.9964773247932259f,-0.08239062480014525f,0f,0f,0f,1f], start_interpolation: 0, interpolation_duration: 1 }
$data merge entity $(bone_right_wing) { transformation: [-0.6453160373492883f,0f,0.7639157099705516f,0.0018185313067295428f,0f,1f,0f,1.4888483380038355f,-0.7639157099705516f,0f,-0.6453160373492883f,-0.13974241640921492f,0f,0f,0f,1f], start_interpolation: 0, interpolation_duration: 1 }
$data merge entity $(bone_body) { transformation: [-0.8885321648374416f,0f,0.4588143328725568f,0.2148589159824424f,0f,1f,0f,0.42634833800383554f,-0.4588143328725568f,0f,-0.8885321648374416f,0.6736732488549992f,0f,0f,0f,1f], start_interpolation: 0, interpolation_duration: 1 }
$data merge entity $(bone_right_ring) { transformation: [0.5786340180569857f,0.5850127825793187f,0.5682804918049105f,-0.5589881604913409f,0.08316534187362398f,0.6508201630999135f,-0.7546632634583753f,1.2898054658856688f,-0.8113360580291445f,0.48393507779598366f,0.3279338979433566f,-0.44238758070377054f,0f,0f,0f,1f], start_interpolation: 0, interpolation_duration: 1 }
$data merge entity $(bone_sword) { transformation: [-0.000007014416936430146f,0.000005850127825793187f,0.000004071112804111699f,-0.7025186458504866f,0.000007055475946850385f,0.0000065082016309991355f,0.000002804205893595523f,1.1738684892502131f,-0.0000010090660064324806f,0.000004839350777959837f,-0.000008692667590706661f,-0.5649840033522227f,0f,0f,0f,1f], start_interpolation: 0, interpolation_duration: 1 }
$data merge entity $(bone_right_hand) { transformation: [-0.7014416936430146f,0.5850127825793187f,0.4071112804111699f,-0.4294132306747752f,0.7055475946850385f,0.6508201630999135f,0.2804205893595523f,1.4177855466224882f,-0.10090660064324805f,0.48393507779598366f,-0.869266759070666f,-0.44826648346102305f,0f,0f,0f,1f], start_interpolation: 0, interpolation_duration: 1 }
$data merge entity $(bone_right_arm) { transformation: [-0.7014416936430146f,0.4993634335075742f,0.5085427334007889f,-0.30543293166287055f,0.7055475946850385f,0.5875246967492662f,0.39625411334627103f,1.5825983380038355f,-0.10090660064324805f,0.6367502587241007f,-0.764438987729835f,-0.1577174269249414f,0f,0f,0f,1f], start_interpolation: 0, interpolation_duration: 1 }
$data merge entity $(bone_left_ring) { transformation: [0.8526778410825802f,-0.1446495239055927f,0.5020129625424379f,0.46598973272800814f,0.01352388577413071f,0.9666954024838342f,0.2555721098441413f,1.1540624831884423f,-0.5222620068895669f,-0.21113150890026555f,0.8262359724129533f,0.15909891109028634f,0f,0f,0f,1f], start_interpolation: 0, interpolation_duration: 1 }
$data merge entity $(bone_left_hand) { transformation: [-0.7102619083196989f,-0.1446495239055927f,0.6889154787228581f,0.5079740707480273f,-0.24999999999999994f,0.9666954024838342f,-0.054772244947761506f,1.2999737418626887f,-0.6580486468264024f,-0.21113150890026555f,-0.7227693023084457f,0.058349990733203086f,0f,0f,0f,1f], start_interpolation: 0, interpolation_duration: 1 }
$data merge entity $(bone_left_arm) { transformation: [-0.7102619083196989f,-0.39432888603902505f,0.583123272752238f,0.30543293166287055f,-0.24999999999999994f,0.9156751133619656f,0.31470476127563013f,1.6138483380038355f,-0.6580486468264024f,0.07774198611286484f,-0.7489513749270826f,0.1577174269249414f,0f,0f,0f,1f], start_interpolation: 0, interpolation_duration: 1 }
$data merge entity $(bone_leftfoot) { transformation: [-0.8932225363820048f,-0.002335375659986441f,0.44960877051034587f,0.004384992347938446f,0.0008512685405724432f,0.999975933696659f,0.006885300964137753f,0.5572764961377696f,-0.4496140298535734f,0.006532843792841525f,-0.8931990517856635f,0.22968112953989006f,0f,0f,0f,1f], start_interpolation: 0, interpolation_duration: 1 }
$data merge entity $(bone_leftleg) { transformation: [-0.8884859087454864f,0.1279767939547459f,0.44069800336485726f,0.12110308413626737f,0.0436193209292267f,0.9795308701271275f,-0.19651114296564867f,0.9263483380038355f,-0.45682616475239285f,-0.15537443379480737f,-0.8758816361361634f,0.03791515050325057f,0f,0f,0f,1f], start_interpolation: 0, interpolation_duration: 1 }
$data merge entity $(bone_rightfoot) { transformation: [-0.8790228712535886f,-0.03688222844012953f,0.47535091568060245f,-0.2765986187711782f,0.045002903322077514f,0.986133862408105f,0.15973335313783577f,0.6270118866283476f,-0.47465095649927946f,0.16180144201261887f,-0.8651744118135696f,0.19153079676274956f,0f,0f,0f,1f], start_interpolation: 0, interpolation_duration: 1 }
$data merge entity $(bone_rightleg) { transformation: [-0.8885188421462719f,0.1983131436983492f,0.4137706661757527f,-0.10102995707309302f,0.005476117691174872f,0.9062941978170029f,-0.42261192498350963f,0.9263483380038355f,-0.45880745338985146f,-0.3732328013984208f,-0.8063454574028467f,-0.07678843271488864f,0f,0f,0f,1f], start_interpolation: 0, interpolation_duration: 1 }
$data merge entity $(bone_skirt_right_back) { transformation: [-0.8026878900788872f,0.37127252677446887f,0.4667428221014281f,-0.1134825530068724f,0.3564739601778772f,0.9260919538804837f,-0.1236123322040693f,0.9355942410822642f,-0.47814063499749243f,0.06715954005447969f,-0.8757117844039016f,-0.27151767932276294f,0f,0f,0f,1f], start_interpolation: 0, interpolation_duration: 1 }
$data merge entity $(bone_skirt_right) { transformation: [-0.8026878900788872f,0.42262645145560856f,0.4208075969498937f,-0.2833328394299708f,0.3564739601778772f,0.9056551161345426f,-0.22959774897509172f,0.9547049744786584f,-0.47814063499749243f,-0.03428838213401372f,-0.8776137191354899f,-0.03748769177620216f,0f,0f,0f,1f], start_interpolation: 0, interpolation_duration: 1 }
$data merge entity $(bone_skirt_left_back) { transformation: [-0.8908171139975211f,-0.0764365204738443f,0.4478865121288863f,0.23365440004184523f,-0.11628401573011987f,0.9912720756475761f,-0.06211038340747452f,0.9682974204280597f,-0.43922989093959064f,-0.10741103471802992f,-0.8919304751638422f,-0.09344902918442957f,0f,0f,0f,1f], start_interpolation: 0, interpolation_duration: 1 }
$data merge entity $(bone_skirt_left) { transformation: [-0.8908171139975211f,-0.033217795369158504f,0.45314616569043165f,0.13612118796440628f,-0.11628401573011987f,0.980776609123077f,-0.1567012146816882f,0.9547049744786584f,-0.43922989093959064f,-0.19228577968183713f,-0.8775552870545212f,0.17910719062163158f,0f,0f,0f,1f], start_interpolation: 0, interpolation_duration: 1 }
$data merge entity $(bone_skirt_back_middle) { transformation: [-0.8885321648374416f,0.03212888374000937f,0.4576880235257531f,0.059257363431239024f,0f,0.9975451740146127f,-0.07002589378334369f,0.9821544621842959f,-0.4588143328725568f,-0.06222025899799112f,-0.8863509729903462f,-0.1147568191308941f,0f,0f,0f,1f], start_interpolation: 0, interpolation_duration: 1 }
$data merge entity $(bone_skirt_front_middle) { transformation: [-0.8885321648374416f,0.11111746502801527f,0.4451555919170702f,-0.08235081334702088f,0f,0.9702303525045272f,-0.2421839447175247f,1.0311235917723236f,-0.4588143328725568f,-0.2151882246887335f,-0.8620808755018415f,0.15947920807364377f,0f,0f,0f,1f], start_interpolation: 0, interpolation_duration: 1 }
$data merge entity $(bone_lower) { transformation: [-0.8885321648374416f,0f,0.4588143328725568f,0f,0f,1f,0f,1.0200983380038355f,-0.4588143328725568f,0f,-0.8885321648374416f,0f,0f,0f,0f,1f], start_interpolation: 0, interpolation_duration: 1 }
data modify entity @s data merge value {"locators":{"locator_right_hand":{"posx":-0.7235230055917743,"posy":1.106762295013818,"posz":-0.5784943213338909,"roty":25.09551220302069,"rotx":16.285308391476686},"locator_left_hand":{"posx":0.5066724113264561,"posy":0.8821794012398638,"posz":0.21847964796848607,"roty":43.62624466017516,"rotx":-3.1397897006657156}},"cameras":{}}