# This file was generated by Animated Java via MC-Build. It is not recommended to edit this file directly.
$data merge entity $(bone_head) { transformation: [-0.9773489946994411f,0.03674985539810731f,-0.20841878679286568f,0f,-6.938893903907228e-18f,0.984807753012208f,0.17364817766693033f,1.587213787323946f,0.21163398252641696f,0.16971487187416434f,-0.9625008673786971f,0f,0f,0f,0f,1f], start_interpolation: 0, interpolation_duration: 1 }
$data merge entity $(bone_bust) { transformation: [-0.7471676727425576f,-0.33231779549418894f,-0.5755913060552191f,0.04777068310228971f,0f,0.8660254037844387f,-0.49999999999999994f,1.477838787323946f,0.664635590988378f,-0.37358383637127873f,-0.6470661854815528f,0.05370267647837135f,0f,0f,0f,1f], start_interpolation: 0, interpolation_duration: 1 }
$data merge entity $(bone_left_wing) { transformation: [-0.43594789096950776f,0f,-0.8999719086500635f,-0.03638146932713737f,0f,1f,0f,1.368463787323946f,0.8999719086500635f,0f,-0.43594789096950776f,-0.13493568352959334f,0f,0f,0f,1f], start_interpolation: 0, interpolation_duration: 1 }
$data merge entity $(bone_right_wing) { transformation: [-0.9446379494323724f,0f,-0.3281145295353474f,-0.1297774284199571f,0f,1f,0f,1.368463787323946f,0.3281145295353474f,0f,-0.9446379494323724f,-0.05185623465604611f,0f,0f,0f,1f], start_interpolation: 0, interpolation_duration: 1 }
$data merge entity $(bone_body) { transformation: [-0.7471676727425576f,0f,-0.664635590988378f,0.7059016318654678f,0f,1f,0f,0.305963787323946f,0.664635590988378f,0f,-0.7471676727425576f,0.041266040877089794f,0f,0f,0f,1f], start_interpolation: 0, interpolation_duration: 1 }
$data merge entity $(bone_right_ring) { transformation: [0.7121423330957781f,-0.00852322191096494f,-0.7019833702454485f,-0.3651605829141154f,0.1565283561313439f,0.9766826273731706f,0.1469350846947717f,1.024652451045902f,0.6843626020902379f,-0.21451899700422103f,0.6968711708663102f,0.2521004940804051f,0f,0f,0f,1f], start_interpolation: 0, interpolation_duration: 1 }
$data merge entity $(bone_sword) { transformation: [-0.000005342310032138072f,-8.52322191096494e-8f,-0.000008452955636305125f,-0.39319859015325004f,0.0000017689761048291015f,0.000009766826273731706f,-0.0000012164818450300502f,0.8146304237527524f,0.000008266223264651192f,-0.0000021451899700422107f,-0.000005202664022534006f,0.31672930984190406f,0f,0f,0f,1f], start_interpolation: 0, interpolation_duration: 1 }
$data merge entity $(bone_right_hand) { transformation: [-0.5342310032138071f,-0.00852322191096494f,-0.8452955636305124f,-0.4457387954280642f,0.17689761048291014f,0.9766826273731706f,-0.12164818450300502f,1.1658545942758032f,0.8266223264651191f,-0.21451899700422103f,-0.5202664022534006f,0.16980692558723925f,0f,0f,0f,1f], start_interpolation: 0, interpolation_duration: 1 }
$data merge entity $(bone_right_arm) { transformation: [-0.5342310032138071f,0.3382397240653055f,-0.7747200296038532f,-0.2568388875052542f,0.17689761048291014f,0.940901966238933f,0.28880915036256455f,1.462213787323946f,0.8266223264651191f,0.017244680105349103f,-0.5624928003072203f,0.22846848440225492f,0f,0f,0f,1f], start_interpolation: 0, interpolation_duration: 1 }
$data merge entity $(bone_left_ring) { transformation: [0.23244215010102195f,-0.24898222364882416f,-0.9402013077864234f,0.31575827648796906f,0.0002783383785685198f,0.9666954024838342f,-0.25592952417484893f,1.0336779325085528f,0.9726101836728633f,0.05922711476599607f,0.22477005915453802f,-0.37783012763328266f,0f,0f,0f,1f], start_interpolation: 0, interpolation_duration: 1 }
$data merge entity $(bone_left_hand) { transformation: [-0.8691372781128166f,-0.24898222364882416f,-0.42732685862408804f,0.23679291104683203f,-0.24999999999999994f,0.9666954024838342f,-0.054772244947761506f,1.1795891911827991f,0.4267322249310971f,0.05922711476599607f,-0.9024365667911796f,-0.4531793190877689f,0f,0f,0f,1f], start_interpolation: 0, interpolation_duration: 1 }
$data merge entity $(bone_left_arm) { transformation: [-0.8691372781128166f,-0.06897832633622025f,-0.4897370542347172f,0.2568388875052542f,-0.24999999999999994f,0.9156751133619656f,0.31470476127563013f,1.493463787323946f,0.4267322249310971f,0.3959559031829242f,-0.8130919572471187f,-0.22846848440225492f,0f,0f,0f,1f], start_interpolation: 0, interpolation_duration: 1 }
$data merge entity $(bone_leftfoot) { transformation: [-0.745302107318771f,0.28471167257244373f,-0.6028797826492449f,0.17008482507819914f,0.000012693599451579773f,0.9042440254572209f,0.42701609134058827f,0.403769967671108f,0.6667269071104538f,0.3182483400206868f,-0.6739385917196059f,0.02914123649909274f,0f,0f,0f,1f], start_interpolation: 0, interpolation_duration: 1 }
$data merge entity $(bone_leftleg) { transformation: [-0.7452953904089408f,0.01641639236160965f,-0.6665322821116877f,0.07885705553994893f,0.043619320929226706f,0.9987556917436565f,-0.024174843356748535f,0.805963787323946f,0.6653060467761117f,-0.047091084840762465f,-0.7450840850881613f,-0.0994237417147907f,0f,0f,0f,1f], start_interpolation: 0, interpolation_duration: 1 }
$data merge entity $(bone_rightfoot) { transformation: [-0.7592866048446602f,0.26381300991248424f,-0.5948836419875609f,0.09049438416428035f,-0.004082907205246261f,0.9121926417737307f,0.4097412771037544f,0.5053736796431079f,0.6507435605307381f,0.3135399178649788f,-0.691538529897648f,0.31712144993604335f,0f,0f,0f,1f], start_interpolation: 0, interpolation_duration: 1 }
$data merge entity $(bone_rightleg) { transformation: [-0.7464565346769076f,-0.3104246117472936f,-0.5885908615156072f,-0.10793486264569047f,-0.04361938736533599f,0.9054451828447543f,-0.4222160228000618f,0.805963787323946f,0.6640030051769461f,-0.28949193647625426f,-0.6894160049137336f,0.0667351560323038f,0f,0f,0f,1f], start_interpolation: 0, interpolation_duration: 1 }
$data merge entity $(bone_skirt_right_back) { transformation: [-0.7469036857710454f,-0.0967999622014917f,-0.6578485019359832f,-0.3022119414402096f,-0.05801841641226356f,0.9950608294727461f,-0.08054693666443019f,0.8082243650276293f,0.6623962164283856f,-0.0219934755507242f,-0.7488307816152854f,0.009908546714965105f,0f,0f,0f,1f], start_interpolation: 0, interpolation_duration: 1 }
$data merge entity $(bone_skirt_right) { transformation: [-0.7469036857710454f,-0.24688067521669732f,-0.6174016653574682f,-0.13647842103772323f,-0.05801841641226356f,0.9491739084190636f,-0.3093586186507373f,0.8340950317340745f,0.6623962164283856f,-0.1952404255809404f,-0.7232651164547705f,0.24622926908006515f,0f,0f,0f,1f], start_interpolation: 0, interpolation_duration: 1 }
$data merge entity $(bone_skirt_left_back) { transformation: [-0.746695719287186f,0.15486488641830995f,-0.6468866745828329f,0.005531326113597829f,0.01934913738270742f,0.9771650003536944f,0.21159908545716694f,0.9044251641816011f,0.6648842859330765f,0.14548343217840407f,-0.7326414247644306f,-0.2542111082751741f,0f,0f,0f,1f], start_interpolation: 0, interpolation_duration: 1 }
$data merge entity $(bone_skirt_left) { transformation: [-0.746695719287186f,0.03161036621136984f,-0.6644142439368492f,0.21375642556035063f,0.01934913738270742f,0.9994796903295643f,0.02580619114211289f,0.8340950317340745f,0.6648842859330765f,0.006413529971960817f,-0.7469188396021096f,-0.06531866419573704f,0f,0f,0f,1f], start_interpolation: 0, interpolation_duration: 1 }
$data merge entity $(bone_skirt_back_middle) { transformation: [-0.7471676727425576f,0.0749939625767444f,-0.6603910768518215f,-0.08228064175786108f,0f,0.9936137724279186f,0.11283470761055854f,0.9022193213459833f,0.664635590988378f,0.08430644588996798f,-0.7423960899499212f,-0.09249795895305912f,0f,0f,0f,1f], start_interpolation: 0, interpolation_duration: 1 }
$data merge entity $(bone_skirt_front_middle) { transformation: [-0.7471676727425576f,-0.04082107126813527f,-0.6633808174412283f,0.1253488094724043f,0f,0.9981120879408765f,-0.06141872602312849f,0.8941548866140729f,0.664635590988378f,-0.045890086585513676f,-0.7457570858829997f,0.14091417842260012f,0f,0f,0f,1f], start_interpolation: 0, interpolation_duration: 1 }
$data merge entity $(bone_lower) { transformation: [-0.7471676727425576f,0f,-0.664635590988378f,0f,0f,1f,0f,0.899713787323946f,0.664635590988378f,0f,-0.7471676727425576f,0f,0f,0f,0f,1f], start_interpolation: 0, interpolation_duration: 1 }
data modify entity @s data merge value {"locators":{"locator_right_hand":{"posx":-0.3627634267516565,"posy":0.7499604620971978,"posz":0.31243396198784223,"roty":301.6116572289567,"rotx":-6.987233542294387},"locator_left_hand":{"posx":0.38578452688920084,"posy":0.7617948505599743,"posz":-0.3944877536612191,"roty":334.66124466017516,"rotx":-3.1397897006657156}},"cameras":{}}