# This file was generated by Animated Java via MC-Build. It is not recommended to edit this file directly.
$data merge entity $(bone_head) { transformation: [-0.9929659864639642f,0.04668710756324279f,-0.10880654260210904f,0f,6.938893903907228e-18f,0.9189745141458997f,0.3943169313513023f,1.680657510199117f,0.11839995661167438f,0.3915433007186891f,-0.9125104349741255f,0f,0f,0f,0f,1f], start_interpolation: 0, interpolation_duration: 1 }
$data merge entity $(bone_bust) { transformation: [-0.9869703769404825f,0.08045103330902875f,0.13934527721265394f,-0.011564836038172877f,0f,0.8660254037844387f,-0.49999999999999994f,1.571282510199117f,-0.16090206661805753f,-0.4934851884702412f,-0.854741419213161f,0.07093849584259726f,0f,0f,0f,1f], start_interpolation: 0, interpolation_duration: 1 }
$data merge entity $(bone_left_wing) { transformation: [-0.973416285578296f,0f,-0.22904308540305934f,0.0817984068860374f,0f,1f,0f,1.461907510199117f,0.22904308540305934f,0f,-0.973416285578296f,-0.11331491795393167f,0f,0f,0f,1f], start_interpolation: 0, interpolation_duration: 1 }
$data merge entity $(bone_right_wing) { transformation: [-0.8502671753222268f,0f,0.5263513375774411f,-0.04157289023152294f,0f,1f,0f,1.461907510199117f,-0.5263513375774411f,0f,-0.8502671753222268f,-0.1334276762811889f,0f,0f,0f,1f], start_interpolation: 0, interpolation_duration: 1 }
$data merge entity $(bone_body) { transformation: [-0.9869703769404825f,0f,0.16090206661805753f,0.4130341551612125f,0f,1f,0f,0.399407510199117f,-0.16090206661805753f,0f,-0.9869703769404825f,0.5739362217792701f,0f,0f,0f,1f], start_interpolation: 0, interpolation_duration: 1 }
$data merge entity $(bone_right_ring) { transformation: [-0.16102441009818158f,0.9638701463210319f,0.2121920836968369f,-0.8047201407228166f,0.024154617512737724f,0.2187820640762687f,-0.9754747371876635f,1.459227464765852f,-0.9866547997173812f,-0.15194982550039415f,-0.058511167524274814f,-0.059362046109202676f,0f,0f,0f,1f], start_interpolation: 0, interpolation_duration: 1 }
$data merge entity $(bone_sword) { transformation: [-0.0000020247035149956297f,0.000009638701463210319f,-0.0000017308985468454306f,-1.0245984626943496f,0.000009724199222192896f,0.0000021878206407626875f,8.083256342315638e-7f,1.443020019622008f,0.0000011578105041272753f,-0.0000015194982550039416f,-0.000009815834141303147f,-0.03784210480137987f,0f,0f,0f,1f], start_interpolation: 0, interpolation_duration: 1 }
$data merge entity $(bone_right_hand) { transformation: [-0.20247035149956297f,0.9638701463210319f,-0.17308985468454305f,-0.6703426042368312f,0.9724199222192896f,0.2187820640762687f,0.08083256342315637f,1.50099021509869f,0.11578105041272753f,-0.15194982550039415f,-0.9815834141303147f,-0.17512765141835626f,0f,0f,0f,1f], start_interpolation: 0, interpolation_duration: 1 }
$data merge entity $(bone_right_arm) { transformation: [-0.20247035149956297f,0.9778061693374627f,0.053859557826266224f,-0.33927106707329086f,0.9724199222192896f,0.1942434932261049f,0.12910832742449763f,1.555657510199117f,0.11578105041272753f,0.07851471546734189f,-0.990166747482669f,-0.05531008539995728f,0f,0f,0f,1f], start_interpolation: 0, interpolation_duration: 1 }
$data merge entity $(bone_left_ring) { transformation: [0.4814346211106051f,-0.20295295787634066f,0.8526610126453139f,0.49235319768849917f,-0.04014337175056357f,0.9666954024838342f,0.2527617623793473f,1.1271216553837238f,-0.8755622281143607f,-0.15591695131018266f,0.45725341878826226f,0.006871917050218793f,0f,0f,0f,1f], start_interpolation: 0, interpolation_duration: 1 }
$data merge entity $(bone_left_hand) { transformation: [-0.8792113788397139f,-0.20295295787634066f,0.431042281230059f,0.501052011885639f,-0.24999999999999994f,0.9666954024838342f,-0.054772244947761506f,1.2730329140579701f,-0.4055704024195663f,-0.15591695131018266f,-0.9006678372049092f,-0.10192771632995748f,0f,0f,0f,1f], start_interpolation: 0, interpolation_duration: 1 }
$data merge entity $(bone_left_arm) { transformation: [-0.8792113788397139f,-0.35082979351568766f,0.3223442372689621f,0.33927106707329086f,-0.24999999999999994f,0.9156751133619656f,0.31470476127563013f,1.586907510199117f,-0.4055704024195663f,0.19610594777132923f,-0.892779427367107f,0.05531008539995728f,0f,0f,0f,1f], start_interpolation: 0, interpolation_duration: 1 }
$data merge entity $(bone_leftfoot) { transformation: [-0.9881396627945449f,-0.026333123014579567f,0.15128309041192337f,0.07875605993263478f,0.00037231491281888157f,0.9847726881521119f,0.17384652441527032f,0.5161540523702025f,-0.15355737752999316f,0.1718409709643266f,-0.9730831477855058f,0.19194237666953473f,0f,0f,0f,1f], start_interpolation: 0, interpolation_duration: 1 }
$data merge entity $(bone_leftleg) { transformation: [-0.9863103249666513f,0.06346000886265324f,0.1521997704969714f,0.12689102982483033f,0.043619320929226706f,0.9905111625311009f,-0.13032648135724417f,0.899407510199117f,-0.159026091273891f,-0.12190350354456166f,-0.9797194690918972f,-0.0014772186683158633f,0f,0f,0f,1f], start_interpolation: 0, interpolation_duration: 1 }
$data merge entity $(bone_rightfoot) { transformation: [-0.9191562498994141f,0.293333723437667f,0.2628823215148557f,-0.294663260747662f,0.3560215573371257f,0.9042269088762753f,0.23584390595328925f,0.6254932592414213f,-0.16852429789823584f,0.3103691736597733f,-0.9355589436586325f,0.2529728981216998f,0f,0f,0f,1f], start_interpolation: 0, interpolation_duration: 1 }
$data merge entity $(bone_rightleg) { transformation: [-0.9354536790368366f,0.3532164352860082f,0.012828258661721437f,-0.11985156441029031f,0.31885592190497614f,0.8590014184126762f,-0.4005589397718371f,0.899407510199117f,-0.15250349321433457f,-0.37061396763864096f,-0.9161811892571086f,-0.041702735322830246f,0f,0f,0f,1f], start_interpolation: 0, interpolation_duration: 1 }
$data merge entity $(bone_skirt_right_back) { transformation: [-0.8770194504897902f,0.4438768034645009f,0.18387568302721025f,-0.15137181293121416f,0.41700071329993266f,0.893327926052989f,-0.16755781581654888f,0.8986890782911438f,-0.23863631025041787f,-0.07027517257184017f,-0.9685629104761675f,-0.21306527166327116f,0f,0f,0f,1f], start_interpolation: 0, interpolation_duration: 1 }
$data merge entity $(bone_skirt_right) { transformation: [-0.8770194504897902f,0.45938029466003255f,0.1407360236067795f,-0.24707194581467887f,0.41700071329993266f,0.8732930539244406f,-0.2519318302133962f,0.9279953619590068f,-0.23863631025041787f,-0.16226209306361666f,-0.9574569048185305f,0.05890347893809105f,0f,0f,0f,1f], start_interpolation: 0, interpolation_duration: 1 }
$data merge entity $(bone_skirt_left_back) { transformation: [-0.9791466717239173f,-0.13866905855366268f,0.14846779937688911f,0.19020245637340888f,-0.16211321557775807f,0.9737745790236685f,-0.15963199736367656f,0.9209328962358092f,-0.12243815004733882f,-0.18037173128602604f,-0.9759482250436583f,-0.1603646406050873f,0f,0f,0f,1f], start_interpolation: 0, interpolation_duration: 1 }
$data merge entity $(bone_skirt_left) { transformation: [-0.9791466717239173f,-0.12901445436429673f,0.15693013036717365f,0.18472759409678224f,-0.16211321557775807f,0.9617472751521321f,-0.22082002642987f,0.9279953619590068f,-0.12243815004733882f,-0.241655641983654f,-0.9626065915577627f,0.12929813308349122f,0f,0f,0f,1f], start_interpolation: 0, interpolation_duration: 1 }
$data merge entity $(bone_skirt_back_middle) { transformation: [-0.9869703769404825f,0.021717832637976442f,0.15942964212300884f,0.020798352211267218f,0f,0.9908489398178839f,-0.13497547355640444f,0.9406481419778401f,-0.16090206661805753f,-0.13321679401368464f,-0.9779385516231343f,-0.12757671764665582f,0f,0f,0f,1f], start_interpolation: 0, interpolation_duration: 1 }
$data merge entity $(bone_skirt_front_middle) { transformation: [-0.9869703769404825f,0.049072556781252136f,0.1532362855622408f,-0.028242313528474547f,0f,0.9523574729837783f,-0.30498400556742683f,1.0096544002371743f,-0.16090206661805753f,-0.3010101789357015f,-0.939948614092885f,0.17323784221514504f,0f,0f,0f,1f], start_interpolation: 0, interpolation_duration: 1 }
$data merge entity $(bone_lower) { transformation: [-0.9869703769404825f,0f,0.16090206661805753f,0f,0f,1f,0f,0.993157510199117f,-0.16090206661805753f,0f,-0.9869703769404825f,0f,0f,0f,0f,1f], start_interpolation: 0, interpolation_duration: 1 }
data modify entity @s data merge value {"locators":{"locator_right_hand":{"posx":-1.0758086193756067,"posy":1.3976950092444016,"posz":-0.016626157687216814,"roty":349.999421725386,"rotx":4.636423099989038},"locator_left_hand":{"posx":0.54943371709122,"posy":0.8552385734351453,"posz":0.05072355960620767,"roty":25.57487891943444,"rotx":-3.1397897006657143}},"cameras":{}}