# This file was generated by Animated Java via MC-Build. It is not recommended to edit this file directly.
$data merge entity $(bone_head) { transformation: [-0.9818098946373457f,0.032969991374731035f,-0.18698211267646475f,0f,0f,0.984807753012208f,0.17364817766693033f,1.5901322573654109f,0.18986661315830128f,0.170489499019136f,-0.9668939962229572f,0f,0f,0f,0f,1f], start_interpolation: 0, interpolation_duration: 1 }
$data merge entity $(bone_bust) { transformation: [-0.7897804613599814f,-0.30669480874886634f,-0.5312109911706565f,0.044087378757649565f,0f,0.8660254037844387f,-0.49999999999999994f,1.4807572573654109f,0.6133896174977328f,-0.39489023067999063f,-0.6839699429503382f,0.056765470660248674f,0f,0f,0f,1f], start_interpolation: 0, interpolation_duration: 1 }
$data merge entity $(bone_left_wing) { transformation: [-0.4949279592266661f,0f,-0.8689340108292042f,-0.02731242335221773f,0f,1f,0f,1.3713822573654109f,0.8689340108292042f,0f,-0.4949279592266661f,-0.13705940876360595f,0f,0f,0f,1f], start_interpolation: 0, interpolation_duration: 1 }
$data merge entity $(bone_right_wing) { transformation: [-0.9643960476289498f,0f,-0.26446221529296066f,-0.12603498102221544f,0f,1f,0f,1.3713822573654109f,0.26446221529296066f,0f,-0.9643960476289498f,-0.060385706576389364f,0f,0f,0f,1f], start_interpolation: 0, interpolation_duration: 1 }
$data merge entity $(bone_body) { transformation: [-0.7897804613599814f,0f,-0.6133896174977328f,0.7015850394288571f,0f,1f,0f,0.30888225736541086f,0.6133896174977328f,0f,-0.7897804613599814f,0.08819542193112428f,0f,0f,0f,1f], start_interpolation: 0, interpolation_duration: 1 }
$data merge entity $(bone_right_ring) { transformation: [-0.10012239103771642f,0.059691473654906235f,-0.9931829815224364f,-0.40109145892145864f,0.23264274967926982f,0.9719336540412885f,0.034961738566862965f,1.031120744343271f,0.9673948820593166f,-0.22755636689588515f,-0.11119910993612347f,0.2357704669378306f,0f,0f,0f,1f], start_interpolation: 0, interpolation_duration: 1 }
$data merge entity $(bone_sword) { transformation: [-0.000005829229424497788f,5.969147365490624e-7f,-0.000008103318894987397f,-0.44502674650844276f,0.000002189954233154702f,0.000009719336540412886f,-8.594170529392049e-7f,0.8240110253551303f,0.00000782458847309282f,-0.0000022755636689588517f,-0.000005796345850210935f,0.30094347078376593f,0f,0f,0f,1f], start_interpolation: 0, interpolation_duration: 1 }
$data merge entity $(bone_right_hand) { transformation: [-0.5829229424497787f,0.059691473654906235f,-0.8103318894987397f,-0.4677332808033864f,0.2189954233154702f,0.9719336540412885f,-0.08594170529392048f,1.1749283429159174f,0.7824588473092818f,-0.22755636689588515f,-0.5796345850210934f,0.14587404226462103f,0f,0f,0f,1f], start_interpolation: 0, interpolation_duration: 1 }
$data merge entity $(bone_right_arm) { transformation: [-0.5829229424497787f,0.37419838317886767f,-0.721232565260342f,-0.2714870335924936f,0.2189954233154702f,0.9271481880562801f,0.30403493541176274f,1.4651322573654109f,0.7824588473092818f,0.019282308219662064f,-0.6224036831969681f,0.21085268101484564f,0f,0f,0f,1f], start_interpolation: 0, interpolation_duration: 1 }
$data merge entity $(bone_left_ring) { transformation: [-0.5928635124983901f,-0.25237442992913284f,-0.7647352500480256f,0.3402247374489056f,-0.18920046248621106f,0.9666954024838342f,-0.17234611632300104f,1.0365964025500176f,0.7827618031962691f,0.042510539099884226f,-0.6208677906948967f,-0.35595789434406233f,0f,0f,0f,1f], start_interpolation: 0, interpolation_duration: 1 }
$data merge entity $(bone_left_hand) { transformation: [-0.8956321172317233f,-0.25237442992913284f,-0.3662652832319296f,0.26645386246948516f,-0.24999999999999994f,0.9666954024838342f,-0.054772244947761506f,1.182507661224264f,0.3678900794843759f,0.042510539099884226f,-0.9288970575270525f,-0.4363997217528666f,0f,0f,0f,1f], start_interpolation: 0, interpolation_duration: 1 }
$data merge entity $(bone_left_arm) { transformation: [-0.8956321172317233f,-0.0952002671780168f,-0.4344882273574908f,0.2714870335924936f,-0.24999999999999994f,0.9156751133619656f,0.31470476127563013f,1.4963822573654109f,0.3678900794843759f,0.39048174848356937f,-0.8439081072712797f,-0.21085268101484564f,0f,0f,0f,1f], start_interpolation: 0, interpolation_duration: 1 }
$data merge entity $(bone_leftfoot) { transformation: [-0.7877600552930524f,0.2474895910379252f,-0.5640771202704181f,0.17057032267257138f,0.000027097573476457465f,0.9157499648894228f,0.40174867899066247f,0.40845210390667847f,0.615982219345988f,0.3164662764543821f,-0.7213979493432803f,0.04387868268580619f,0f,0f,0f,1f], start_interpolation: 0, interpolation_duration: 1 }
$data merge entity $(bone_leftleg) { transformation: [-0.7879569973037941f,0.012678271913456666f,-0.6155997334480231f,0.08530465978723477f,0.043619320929226706f,0.9984254722037939f,-0.035269410206357966f,0.8088822573654109f,0.6141832993835488f,-0.054642820900093356f,-0.7872693547207452f,-0.0939501497794662f,0f,0f,0f,1f], start_interpolation: 0, interpolation_duration: 1 }
$data merge entity $(bone_rightfoot) { transformation: [-0.8009471109595715f,0.2331843992623052f,-0.5514605710168168f,0.06916952072696687f,-0.004082907205246268f,0.9188940649329735f,0.39448324083503206f,0.5082921496845727f,0.5987211832850657f,0.3182117744076014f,-0.735033476322063f,0.32244507280653634f,0f,0f,0f,1f], start_interpolation: 0, interpolation_duration: 1 }
$data merge entity $(bone_rightleg) { transformation: [-0.7890287653617886f,-0.29045172142917175f,-0.541360697641122f,-0.11214045555276057f,-0.04361938736533599f,0.9054451828447543f,-0.4222160228000618f,0.8088822573654109f,0.612805806497886f,-0.30952676521112094f,-0.727091620870723f,0.05939725459496701f,0f,0f,0f,1f], start_interpolation: 0, interpolation_duration: 1 }
$data merge entity $(bone_skirt_right_back) { transformation: [-0.7897056139388174f,-0.0712307156895326f,-0.609336711889143f,-0.3031505057728857f,-0.024736023051869387f,0.9961259098131828f,-0.08438780102856092f,0.8116408670574147f,0.612987089975876f,-0.05156895326856634f,-0.7884081877946801f,-0.009394778609783244f,0f,0f,0f,1f], start_interpolation: 0, interpolation_duration: 1 }
$data merge entity $(bone_skirt_right) { transformation: [-0.7897056139388174f,-0.205404371810272f,-0.5780779249848095f,-0.15240661656835414f,-0.024736023051869387f,0.9521785207955626f,-0.30453931388106786f,0.8370083908163715f,0.612987089975876f,-0.2261970569587539f,-0.7570216106202686f,0.23681071199883555f,0f,0f,0f,1f], start_interpolation: 0, interpolation_duration: 1 }
$data merge entity $(bone_skirt_left_back) { transformation: [-0.7896979873456366f,0.12286971533135627f,-0.6010658215508867f,0.021448086333049787f,0.008246088730848455f,0.9817764425418298f,0.18986052483481689f,0.9028526207712997f,0.6134403726548276f,0.14497603224085218f,-0.7763200752735985f,-0.25343140862473884f,0f,0f,0f,1f], start_interpolation: 0, interpolation_duration: 1 }
$data merge entity $(bone_skirt_left) { transformation: [-0.7896979873456366f,0.01325719934293606f,-0.6133525376550035f,0.21780297469413717f,0.008246088730848455f,0.9999055476589452f,0.010995352723218188f,0.8370083908163715f,0.6134403726548276f,0.003625248466886541f,-0.7897327185641099f,-0.0507156712032267f,0f,0f,0f,1f], start_interpolation: 0, interpolation_duration: 1 }
$data merge entity $(bone_skirt_back_middle) { transformation: [-0.7897804613599814f,0.060175966574489245f,-0.6104307298136628f,-0.07637052193156936f,0f,0.9951761692737144f,0.09810398620695869f,0.9019098460547067f,0.6133896174977328f,0.0774806114877851f,-0.7859706941034532f,-0.09833219266323881f,0f,0f,0f,1f], start_interpolation: 0, interpolation_duration: 1 }
$data merge entity $(bone_skirt_front_middle) { transformation: [-0.7897804613599814f,-0.04673842539647638f,-0.6116063623324016f,0.11530214608561923f,0f,0.9970927855404437f,-0.0761969620339215f,0.898473798328701f,0.6133896174977328f,-0.06017887182937951f,-0.7874844001828405f,0.14845928188804552f,0f,0f,0f,1f], start_interpolation: 0, interpolation_duration: 1 }
$data merge entity $(bone_lower) { transformation: [-0.7897804613599814f,0f,-0.6133896174977328f,0f,0f,1f,0f,0.9026322573654109f,0.6133896174977328f,0f,-0.7897804613599814f,0f,0f,0f,0f,1f], start_interpolation: 0, interpolation_duration: 1 }
data modify entity @s data merge value {"locators":{"locator_right_hand":{"posx":-0.417879685886901,"posy":0.7577644041441587,"posz":0.2997706951272983,"roty":305.57633614370167,"rotx":-4.930178777500109},"locator_left_hand":{"posx":0.41120504586647416,"posy":0.7647133206014392,"posz":-0.36791398346590476,"roty":338.4806196601752,"rotx":-3.1397897006657147}},"cameras":{}}