# This file was generated by Animated Java via MC-Build. It is not recommended to edit this file directly.
$data merge entity $(bone_head) { transformation: [-0.9826026685391248f,0.03224997573132953f,-0.1828987010482015f,0f,0f,0.984807753012208f,0.17364817766693036f,1.5938196900682295f,0.18572020832367903f,0.17062716276248183f,-0.9676747261078151f,0f,0f,0f,0f,1f], start_interpolation: 0, interpolation_duration: 1 }
$data merge entity $(bone_bust) { transformation: [-0.7974852184726137f,-0.30166924201751477f,-0.5225064542551277f,0.04336495354001779f,0f,0.8660254037844387f,-0.49999999999999994f,1.4844446900682295f,0.6033384840350297f,-0.3987426092363068f,-0.6906424583398666f,0.05731925007771915f,0f,0f,0f,1f], start_interpolation: 0, interpolation_duration: 1 }
$data merge entity $(bone_left_wing) { transformation: [-0.5058926288786647f,0f,-0.862596457241875f,-0.025574484349840332f,0f,1f,0f,1.3750696900682295f,0.862596457241875f,0f,-0.5058926288786647f,-0.13739430756126608f,0f,0f,0f,1f], start_interpolation: 0, interpolation_duration: 1 }
$data merge entity $(bone_right_wing) { transformation: [-0.9676679127756147f,0f,-0.25222769591082833f,-0.1252601366589171f,0f,1f,0f,1.3750696900682295f,0.25222769591082833f,0f,-0.9676679127756147f,-0.06197699705688736f,0f,0f,0f,1f], start_interpolation: 0, interpolation_duration: 1 }
$data merge entity $(bone_body) { transformation: [-0.7974852184726137f,0f,-0.6033384840350297f,0.7004118512538217f,0f,1f,0f,0.31256969006822954f,0.6033384840350297f,0f,-0.7974852184726137f,0.097073367218792f,0f,0f,0f,1f], start_interpolation: 0, interpolation_duration: 1 }
$data merge entity $(bone_right_ring) { transformation: [-0.21052859030297694f,0.07281711931768109f,-0.97487198123616f,-0.4078464605617697f,0.23947216365358837f,0.9706806416631267f,0.020788812749398186f,1.0356067554262651f,0.9478031417441652f,-0.22907806318968027f,-0.2217937002377537f,0.23223337759620347f,0f,0f,0f,1f], start_interpolation: 0, interpolation_duration: 1 }
$data merge entity $(bone_sword) { transformation: [-0.000005916152412445753f,7.281711931768109e-7f,-0.000008029253224686578f,-0.4548088898649782f,0.0000022695260394206486f,0.000009706806416631268f,-7.919348119875025e-7f,0.8291252357919152f,0.000007736174260518177f,-0.000002290780631896803f,-0.000005907954968296775f,0.2972885688451016f,0f,0f,0f,1f], start_interpolation: 0, interpolation_duration: 1 }
$data merge entity $(bone_right_hand) { transformation: [-0.5916152412445752f,0.07281711931768109f,-0.8029253224686577f,-0.4717430346498187f,0.22695260394206485f,0.9706806416631267f,-0.07919348119875025f,1.1798512168237458f,0.7736174260518176f,-0.22907806318968027f,-0.5907954968296775f,0.14105285239503365f,0f,0f,0f,1f], start_interpolation: 0, interpolation_duration: 1 }
$data merge entity $(bone_right_arm) { transformation: [-0.5916152412445752f,0.3810955327214458f,-0.7104629485531815f,-0.27413554384996097f,0.22695260394206485f,0.924313279845051f,0.3068183114906945f,1.4688196900682295f,0.7736174260518176f,0.020276973192318665f,-0.6333284475429148f,0.20739760388704145f,0f,0f,0f,1f], start_interpolation: 0, interpolation_duration: 1 }
$data merge entity $(bone_left_ring) { transformation: [-0.6758316883678523f,-0.2528925532027795f,-0.6923127079091047f,0.34470537777089033f,-0.2055841933498228f,0.9666954024838342f,-0.1524307654685242f,1.0402838352528363f,0.7078041172828542f,0.039311008015528004f,-0.7053140975524608f,-0.3516206721082582f,0f,0f,0f,1f], start_interpolation: 0, interpolation_duration: 1 }
$data merge entity $(bone_left_hand) { transformation: [-0.9002193287177889f,-0.2528925532027795f,-0.35447216637907253f,0.271959150734918f,-0.24999999999999994f,0.9666954024838342f,-0.054772244947761506f,1.1861950939270827f,0.3565181064166216f,0.039311008015528004f,-0.9334610245992648f,-0.432990298162013f,0f,0f,0f,1f], start_interpolation: 0, interpolation_duration: 1 }
$data merge entity $(bone_left_arm) { transformation: [-0.9002193287177889f,-0.10013777429151022f,-0.42376595705983283f,0.27413554384996097f,-0.24999999999999994f,0.9156751133619656f,0.31470476127563013f,1.5000696900682295f,0.3565181064166216f,0.38924479820479796f,-0.8493428794471715f,-0.20739760388704145f,0f,0f,0f,1f], start_interpolation: 0, interpolation_duration: 1 }
$data merge entity $(bone_leftfoot) { transformation: [-0.7954420506770511f,0.2405630555827994f,-0.5562385821779671f,0.17052419564499596f,0.000030441839606584753f,0.9178563919065766f,0.39691263888862904f,0.41248020111272116f,0.6060296552875792f,0.31570407049150934f,-0.7301088937871596f,0.046699813414875446f,0f,0f,0f,1f], start_interpolation: 0, interpolation_duration: 1 }
$data merge entity $(bone_leftleg) { transformation: [-0.7956719519993875f,0.012091001303629261f,-0.6056070941534292f,0.08648762297081043f,0.0436193209292267f,0.998348802944271f,-0.037376764191330555f,0.8125696900682295f,0.6041551949980715f,-0.056155813120431615f,-0.7948855420811385f,-0.09286229965846712f,0f,0f,0f,1f], start_interpolation: 0, interpolation_duration: 1 }
$data merge entity $(bone_rightfoot) { transformation: [-0.8084652084858338f,0.22741826687714325f,-0.542830487867579f,0.06508046262976995f,-0.004082907205246261f,0.920138444887137f,0.3915719245674215f,0.5119795823873914f,0.5885298093866705f,0.3187886041427414f,-0.7429713920010729f,0.323295191672728f,0f,0f,0f,1f], start_interpolation: 0, interpolation_duration: 1 }
$data merge entity $(bone_rightleg) { transformation: [-0.796726189252884f,-0.286508517883975f,-0.5321092449286197f,-0.11288368164734298f,-0.04361938736533599f,0.9054451828447543f,-0.4222160228000618f,0.8125696900682295f,0.6027642394870905f,-0.3131802836117842f,-0.7338892161303312f,0.05797232135029028f,0f,0f,0f,1f], start_interpolation: 0, interpolation_duration: 1 }
$data merge entity $(bone_skirt_right_back) { transformation: [-0.7974409655109735f,-0.06597093141302163f,-0.5997797451843675f,-0.30315508145287967f,-0.01840611390466142f,0.9962022005053852f,-0.08510223662840377f,0.8154286192933541f,0.6031161757869332f,-0.056824395436525454f,-0.7956267130931555f,-0.013094390658049626f,0f,0f,0f,1f], start_interpolation: 0, interpolation_duration: 1 }
$data merge entity $(bone_skirt_right) { transformation: [-0.7974409655109735f,-0.19714182981705525f,-0.5702832677374549f,-0.15536157821037244f,-0.01840611390466142f,0.9526289216597873f,-0.30357758907442334f,0.8406953175572782f,0.6031161757869332f,-0.23158850695510363f,-0.7632939420370444f,0.23490369271790476f,0f,0f,0f,1f], start_interpolation: 0, interpolation_duration: 1 }
$data merge entity $(bone_skirt_left_back) { transformation: [-0.7974399193344137f,0.11686747879714839f,-0.5919726070111031f,0.024470674456329777f,0.006135679305131989f,0.9825841439582382f,0.18571686375049665f,0.9056847349135454f,0.6033671589433652f,0.1444658867741933f,-0.7842688818684301f,-0.25316482196939427f,0f,0f,0f,1f], start_interpolation: 0, interpolation_duration: 1 }
$data merge entity $(bone_skirt_left) { transformation: [-0.7974399193344137f,0.009829180757535406f,-0.6033182926594879f,0.2184596179486652f,0.006135679305131989f,0.9999477098299917f,0.008181139603937128f,0.8406953175572782f,0.6033671589433652f,0.0028221997431488173f,-0.7974585297664208f,-0.047911221673515386f,0f,0f,0f,1f], start_interpolation: 0, interpolation_duration: 1 }
$data merge entity $(bone_skirt_back_middle) { transformation: [-0.7974852184726137f,0.057499867319913155f,-0.6005922839796397f,-0.07519694379995252f,0f,0.9954483260589911f,0.09530283388416298f,0.9049828502154771f,0.6033384840350297f,0.07600260130117092f,-0.7938553257853521f,-0.09939437437127951f,0f,0f,0f,1f], start_interpolation: 0, interpolation_duration: 1 }
$data merge entity $(bone_skirt_front_middle) { transformation: [-0.7974852184726137f,-0.0476654405000602f,-0.6014526848386522f,0.11334002265613743f,0f,0.996874392656398f,-0.07900281808858185f,0.9024262440892467f,0.6033384840350297f,-0.06300357964332484f,-0.7949925928173417f,0.14981141618072702f,0f,0f,0f,1f], start_interpolation: 0, interpolation_duration: 1 }
$data merge entity $(bone_lower) { transformation: [-0.7974852184726137f,0f,-0.6033384840350297f,0f,0f,1f,0f,0.9063196900682295f,0.6033384840350297f,0f,-0.7974852184726137f,0f,0f,0f,0f,1f], start_interpolation: 0, interpolation_duration: 1 }
data modify entity @s data merge value {"locators":{"locator_right_hand":{"posx":-0.4283262753698675,"posy":0.7626028249585107,"posz":0.296661582868301,"roty":306.34577570450836,"rotx":-4.5422085264319065},"locator_left_hand":{"posx":0.4158314083591721,"posy":0.7684007533042578,"posz":-0.3626768931126254,"roty":339.20624466017523,"rotx":-3.1397897006657143}},"cameras":{}}