execute if entity @s[tag=aj.red_knight.bone.left_foot] run data modify entity @s {} merge value {transformation:[-0.984807753012208f,0.11731500840208255f,-0.12802686597220558f,0.14396592914497475f,0.1503837331804353f,0.9448282969756765f,-0.29100553607922763f,0.5421566916859817f,0.08682408883346511f,-0.3058376661525887f,-0.9481165010485666f,0.4637126069432793f,0f,0f,0f,1f],start_interpolation:0}
execute if entity @s[tag=aj.red_knight.bone.left_leg] run data modify entity @s {} merge value {transformation:[-0.984807753012208f,0.02266563541681549f,-0.1721625934348045f,0.12499999999999999f,0.1503837331804353f,0.607044112626963f,-0.7803090273216496f,0.6925930054089621f,0.08682408883346511f,-0.794344833366527f,-0.6012302914043366f,-0.011972990032400557f,0f,0f,0f,1f],start_interpolation:0}
execute if entity @s[tag=aj.red_knight.bone.right_foot] run data modify entity @s {} merge value {transformation:[-0.984807753012208f,0.11161889704894952f,0.133022221559489f,-0.20018455232223226f,0.15038373318043527f,0.1651911034710895f,0.9747290044564796f,0.44762812801593144f,0.08682408883346508f,0.979925058948683f,-0.17946714585867457f,-0.440466945720136f,0f,0f,0f,1f],start_interpolation:0}
execute if entity @s[tag=aj.red_knight.bone.right_leg] run data modify entity @s {} merge value {transformation:[-0.984807753012208f,0.11161889704894952f,0.133022221559489f,-0.125f,0.15038373318043527f,0.1651911034710895f,0.9747290044564796f,0.6925930054089621f,0.08682408883346508f,0.979925058948683f,-0.17946714585867457f,-0.011972990032400585f,0f,0f,0f,1f],start_interpolation:0}