execute if entity @s[tag=aj.heiloang_aj.bone.head_lower] run data modify entity @s {} merge value {transformation:[-0.7963967703357522f,-0.06689030035980298f,0.03574733439794582f,-0.16056856935244276f,0.018465238906978883f,0.19471240831477965f,0.7757229615013127f,1.2964066876289109f,-0.07356098932784559f,0.7730541803560952f,-0.19229148468685414f,2.6432241743160567f,0f,0f,0f,1f],start_interpolation:0}
execute if entity @s[tag=aj.heiloang_aj.bone.horne_right] run data modify entity @s {} merge value {transformation:[-0.5916733560019537f,-0.5347673876261373f,0.0628210229851597f,-0.4746426839587603f,-0.5200872411601213f,0.5917622765011386f,0.13902039308189398f,1.7875226679397984f,-0.1393983550112396f,0.061977812495333476f,-0.7853195842320845f,2.4682970058321883f,0f,0f,0f,1f],start_interpolation:0}
execute if entity @s[tag=aj.heiloang_aj.bone.horne_left] run data modify entity @s {} merge value {transformation:[-0.5826572237527013f,0.542957550300759f,0.07554904486618891f,0.20245385018069617f,0.5473152454899213f,0.569957769284997f,0.12487659222599612f,1.771823521821085f,0.03092865440173565f,0.14263674071945542f,-0.7865736955516813f,2.5308385589587226f,0f,0f,0f,1f],start_interpolation:0}
execute if entity @s[tag=aj.heiloang_aj.bone.head_upper] run data modify entity @s {} merge value {transformation:[-1.1665420792685515f,0.00977412414102952f,0.11066235219387187f,-0.13867812694130072f,0.027047420319969998f,1.1571396830194185f,0.18291611037783348f,1.4595917450071738f,-0.10775029814269503f,0.1846465078981909f,-1.152153484901714f,2.440195004869281f,0f,0f,0f,1f],start_interpolation:0}
execute if entity @s[tag=aj.heiloang_aj.bone.neck_0] run data modify entity @s {} merge value {transformation:[-0.9908026980154369f,-0.11558334048968787f,0.07035982523127983f,-0.10015598850352377f,-0.04005859448947823f,0.747212104475084f,0.6633772531022177f,1.6942581954643199f,-0.1292490719999912f,0.6544574564684563f,-0.7449698752701213f,2.0783829535098346f,0f,0f,0f,1f],start_interpolation:0}
execute if entity @s[tag=aj.heiloang_aj.bone.neck_1] run data modify entity @s {} merge value {transformation:[-0.995697119671317f,-0.07535801979521595f,0.05392972029212839f,-0.08144679825857605f,-0.019430319454904664f,0.7388124305268601f,0.6736309488027358f,1.9489289672812706f,-0.09060744210120775f,0.6696845237509508f,-0.7370976394510694f,1.818172304762326f,0f,0f,0f,1f],start_interpolation:0}
execute if entity @s[tag=aj.heiloang_aj.bone.neck_2] run data modify entity @s {} merge value {transformation:[-0.9976570878546418f,-0.03339219833105077f,0.059710100854173956f,-0.0558583594722855f,-0.017069069051023796f,0.9666821209487722f,0.25541010927470154f,2.0211960258807866f,-0.06624939196043414f,0.2537925099931111f,-0.9649872434059786f,1.4142135974641534f,0f,0f,0f,1f],start_interpolation:0}
execute if entity @s[tag=aj.heiloang_aj.bone.neck_3] run data modify entity @s {} merge value {transformation:[-0.999424883392109f,-0.010518057882573168f,0.03223775604859055f,-0.038920612797941026f,-0.016057139523602215f,0.984131893046404f,-0.17671045628151433f,1.9059163808001178f,-0.02986755308004268f,-0.17712647331011877f,-0.9837347923732954f,0.9094201813702691f,0f,0f,0f,1f],start_interpolation:0}
execute if entity @s[tag=aj.heiloang_aj.bone.wing_right_2] run data modify entity @s {} merge value {transformation:[-0.7137754514706268f,2.228256868748136f,-0.2428413846025008f,-3.6395582515003837f,2.0606726516048153f,0.5520729039805917f,-0.991170892399199f,4.507592093208066f,-0.8818893548098253f,-0.513481101782913f,-2.119477371973082f,-0.40823096496793965f,0f,0f,0f,1f],start_interpolation:0}
execute if entity @s[tag=aj.heiloang_aj.bone.wing_right_1] run data modify entity @s {} merge value {transformation:[-2.4695707163182736f,2.2291737951461017f,-0.345287475934432f,-2.0174325201514356f,2.138703276987924f,2.151048856626651f,-1.4093104279420812f,3.128786096841696f,-0.7172081587686786f,-1.261345226470178f,-3.013609040595102f,0.10718788874332208f,0f,0f,0f,1f],start_interpolation:0}
execute if entity @s[tag=aj.heiloang_aj.bone.wing_right_0] run data modify entity @s {} merge value {transformation:[-1.775272002829381f,1.3131210173643793f,-0.22917789973314406f,-0.36804275022332994f,1.2739213116484747f,1.5590209944315132f,-0.9354026035080321f,1.9363803707368508f,-0.39234399154056926f,-0.879526425229915f,-2.000224852266439f,0.45608338868281606f,0f,0f,0f,1f],start_interpolation:0}
execute if entity @s[tag=aj.heiloang_aj.bone.wing_left_2] run data modify entity @s {} merge value {transformation:[-0.593791459507515f,-2.2491205829435685f,0.34992043712324916f,3.5401211430590753f,-2.1166620418956463f,0.41261930726556306f,-0.9397143789422655f,4.592912945920142f,0.8370958782213034f,-0.552066949719215f,-2.127925886870507f,-0.19811476485190688f,0f,0f,0f,1f],start_interpolation:0}
execute if entity @s[tag=aj.heiloang_aj.bone.wing_left_1] run data modify entity @s {} merge value {transformation:[-2.290648036996409f,-2.385918049569942f,0.4975393494396818f,2.032822918478501f,-2.3463234106303354f,1.974005678154244f,-1.3361462525647525f,3.077061170153936f,0.6594822182838017f,-1.2640867914234246f,-3.0256216816410317f,0.2796926385691116f,0f,0f,0f,1f],start_interpolation:0}
execute if entity @s[tag=aj.heiloang_aj.bone.wing_left_0] run data modify entity @s {} merge value {transformation:[-1.8491456566340205f,-1.1832189451920878f,0.33023214302980913f,0.3155313887081623f,-1.2069215610133908f,1.638674118038305f,-0.886841293824539f,1.94736293231396f,0.22891196148855195f,-0.9182265856584125f,-2.008198010973409f,0.4765118242940901f,0f,0f,0f,1f],start_interpolation:0}
execute if entity @s[tag=aj.heiloang_aj.bone.kazari_right] run data modify entity @s {} merge value {transformation:[-2.6254556681176915f,0.11695287096076998f,0.01321927679463667f,-2.214156620864468f,-0.030840584308721924f,-0.3987394189378815f,-2.5974845375287288f,3.532690622823782f,-0.11358512959202156f,-2.5950335431965756f,0.3997117918906691f,-3.4144296641887335f,0f,0f,0f,1f],start_interpolation:0}
execute if entity @s[tag=aj.heiloang_aj.bone.kazari_left] run data modify entity @s {} merge value {transformation:[-2.6254556681176915f,0.11695287096076998f,0.01321927679463667f,2.8548361721751117f,-0.030840584308721924f,-0.3987394189378815f,-2.5974845375287288f,3.592234838897376f,-0.11358512959202156f,-2.5950335431965756f,0.3997117918906691f,-3.1951297497814135f,0f,0f,0f,1f],start_interpolation:0}
execute if entity @s[tag=aj.heiloang_aj.bone.ring] run data modify entity @s {} merge value {transformation:[-2.201676097188822f,-0.06948829111123744f,-0.026833304862942126f,0.191947557396445f,-0.024857608967819682f,-0.0626860046513519f,2.2019034606179453f,4.421404530173241f,-0.07021928601054443f,2.2009470979565413f,0.06186606220601694f,-0.15987141273929684f,0f,0f,0f,1f],start_interpolation:0}
execute if entity @s[tag=aj.heiloang_aj.bone.body_0] run data modify entity @s {} merge value {transformation:[-1.1279130285361723f,-0.0063798118469693575f,0.03773425495264307f,-0.004114862361831097f,-0.018121478833130526f,1.0691450120309245f,-0.36090570955856116f,1.6782483153292738f,-0.03370738792808189f,-0.361304050887705f,-1.0686325705072226f,-0.13284917009699115f,0f,0f,0f,1f],start_interpolation:0}
execute if entity @s[tag=aj.heiloang_aj.bone.leg_right_3] run data modify entity @s {} merge value {transformation:[-0.967388694110641f,0.15564423472400324f,0.1998348986140513f,-0.7773768755083235f,0.21108295564943375f,0.9314582531629746f,0.2963604367132678f,-0.26097980821429234f,-0.1400110722093364f,0.3288774768994663f,-0.9339360282412456f,-0.7584193627119514f,0f,0f,0f,1f],start_interpolation:0}
execute if entity @s[tag=aj.heiloang_aj.bone.leg_right_2] run data modify entity @s {} merge value {transformation:[-0.967388694110641f,0.21759425989117678f,0.12966052818541118f,-0.6511565061212877f,0.21108295564943375f,0.9754887977048102f,-0.0621738802611107f,0.33523044477332764f,-0.1400110722093364f,-0.03277718131314383f,-0.9896072736413961f,-0.7316667350909306f,0f,0f,0f,1f],start_interpolation:0}
execute if entity @s[tag=aj.heiloang_aj.bone.leg_right_1] run data modify entity @s {} merge value {transformation:[-0.9906032434203921f,0.12203062246558118f,0.06175549615752486f,-0.6855718157755044f,0.08707466616229365f,0.9109264275385328f,-0.4032753973708428f,0.6881786835572552f,-0.10546666126186224f,-0.3941085774156009f,-0.9129924493497887f,-0.1170197304748335f,0f,0f,0f,1f],start_interpolation:0}
execute if entity @s[tag=aj.heiloang_aj.bone.leg_right_0] run data modify entity @s {} merge value {transformation:[-0.9215956784661689f,0.38795512963024037f,0.01233786148670877f,-0.36805773100943995f,0.2646793663533785f,0.6513661674993121f,-0.7111026289249901f,1.1065340838018092f,-0.28391237813673403f,-0.6520835324027446f,-0.7029799629505116f,-0.6305371124295152f,0f,0f,0f,1f],start_interpolation:0}
execute if entity @s[tag=aj.heiloang_aj.bone.leg_left_3] run data modify entity @s {} merge value {transformation:[-0.96823046076719f,-0.23170386807453655f,-0.09403771776182625f,0.7906851079893662f,-0.23819259360401634f,0.7401073639982698f,0.6288921832140423f,0.044440751774603715f,-0.07611874404341527f,0.6313116562165082f,-0.7717846393459915f,-0.8446493896827652f,0f,0f,0f,1f],start_interpolation:0}
execute if entity @s[tag=aj.heiloang_aj.bone.leg_left_2] run data modify entity @s {} merge value {transformation:[-0.96823046076719f,-0.24947195499496522f,0.017132382016087813f,0.6381519000081611f,-0.23819259360401634f,0.940970060472876f,0.24049871859505617f,0.6053779116004937f,-0.07611874404341527f,0.22877737861218342f,-0.9704982472114982f,-0.6597248815995557f,0f,0f,0f,1f],start_interpolation:0}
execute if entity @s[tag=aj.heiloang_aj.bone.leg_left_1] run data modify entity @s {} merge value {transformation:[-0.991737643300971f,-0.10671377362911158f,0.07119422292342827f,0.5799039397087096f,-0.10990121701178172f,0.993035350674904f,-0.04245603383854479f,0.7098857560514855f,-0.06616773654255755f,-0.04992957868643738f,-0.9965585119866416f,0.03972711721950073f,0f,0f,0f,1f],start_interpolation:0}
execute if entity @s[tag=aj.heiloang_aj.bone.leg_left_0] run data modify entity @s {} merge value {transformation:[-0.9542003042502641f,-0.27065599421018816f,0.12746416032280627f,0.35632960903965766f,-0.26360415727693626f,0.5591584126347855f,-0.7860373514318917f,1.0558666954147222f,0.14147306328421544f,-0.7836371624532883f,-0.6048951727259351f,-0.568424380987501f,0f,0f,0f,1f],start_interpolation:0}
execute if entity @s[tag=aj.heiloang_aj.bone.tail_4] run data modify entity @s {} merge value {transformation:[-0.6569387367860965f,-0.6090323889636621f,-1.2970602950482975f,-1.4610872449374241f,-1.1434759552835692f,1.0827330045565224f,0.07075552430735964f,1.7987974558956488f,0.863567368238223f,0.9703726880559315f,-0.8930188186577526f,-3.3074112156609665f,0f,0f,0f,1f],start_interpolation:0}
execute if entity @s[tag=aj.heiloang_aj.bone.tail_3] run data modify entity @s {} merge value {transformation:[-0.7254454168001526f,0.040238741314361934f,-0.6871024602932874f,-0.5439487163466032f,-0.6384645208405323f,0.33353542046527807f,0.6936261088820979f,0.8631857396001799f,0.2570836495608426f,0.941878424740946f,-0.21627073342454756f,-3.0429873360568136f,0f,0f,0f,1f],start_interpolation:0}
execute if entity @s[tag=aj.heiloang_aj.bone.tail_2] run data modify entity @s {} merge value {transformation:[-0.9533609119467952f,-0.0738275723607151f,-0.2926644172619867f,-0.3161413073774979f,-0.2656062589394391f,0.665786968017245f,0.6972668272839313f,0.32938974174253677f,0.1433746378693613f,0.7424804393233045f,-0.6543443362925226f,-2.5170706031133316f,0f,0f,0f,1f],start_interpolation:0}
execute if entity @s[tag=aj.heiloang_aj.bone.tail_1] run data modify entity @s {} merge value {transformation:[-0.969014630844966f,0.14823213082009867f,-0.19758006124335392f,-0.15923187432980923f,0.14662442530701247f,0.988928857359436f,0.022825270757407146f,0.3282538929986194f,0.1987760627233135f,-0.006852041615005744f,-0.9800209826396186f,-1.7513140153999203f,0f,0f,0f,1f],start_interpolation:0}
execute if entity @s[tag=aj.heiloang_aj.bone.tail_ring] run data modify entity @s {} merge value {transformation:[-0.9864407317155928f,0.10063040547758752f,-0.12964645890197835f,-0.17474199079657796f,0.15724813777927252f,0.8056891363583565f,-0.5710849662870463f,0.2711731487700779f,0.04698623178503425f,-0.5837281362479814f,-0.8105885250699648f,-1.8859059940121434f,0f,0f,0f,1f],start_interpolation:0}
execute if entity @s[tag=aj.heiloang_aj.bone.tail_0] run data modify entity @s {} merge value {transformation:[-0.9864407317155928f,0.10063040547758752f,-0.12964645890197835f,0.004087277843822692f,0.15724813777927252f,0.8056891363583565f,-0.5710849662870463f,1.0507161850290154f,0.04698623178503425f,-0.5837281362479814f,-0.8105885250699648f,-0.7404048164432159f,0f,0f,0f,1f],start_interpolation:0}
execute if entity @s[tag=aj.heiloang_aj.bone.body_1] run data modify entity @s {} merge value {transformation:[-0.993933374220737f,0.10829506131042536f,0.019199669422980167f,0.008017131625040202f,0.06952082886914672f,0.7538891178427979f,-0.6533131349908364f,1.33345181677891f,-0.08522500785290267f,-0.6480149517518705f,-0.7568443171105227f,-0.5198195901727489f,0f,0f,0f,1f],start_interpolation:0}