execute if entity @s[tag=aj.heiloang_aj.bone.head_lower] run data modify entity @s {} merge value {transformation:[-0.8f,-9.797174393178826e-17f,-9.244463733058732e-33f,-0.0001608750000003465f,0f,1.3877787807814457e-17f,0.8000000000000002f,-0.1043302412876432f,-9.797174393178826e-17f,0.8000000000000002f,-1.3877787807814457e-17f,2.8266827189672976f,0f,0f,0f,1f],start_interpolation:0}
execute if entity @s[tag=aj.heiloang_aj.bone.horne_right] run data modify entity @s {} merge value {transformation:[-0.5898218694480993f,-0.5403288611737549f,-0.012445244209031696f,-0.3402408750000003f,-0.5384155063275378f,0.5890271457481439f,-0.05617618817485036f,0.3296327295168544f,0.04710525307023f,-0.0330415398319785f,-0.7979281620413717f,2.568886862858661f,0f,0f,0f,1f],start_interpolation:0}
execute if entity @s[tag=aj.heiloang_aj.bone.horne_left] run data modify entity @s {} merge value {transformation:[-0.5898218694480993f,0.5404721660925281f,9.759893186764961e-17f,0.3399191249999997f,0.5384155063275379f,0.5875774191627583f,-0.06972459419812671f,0.3296327295168544f,-0.04710525307023015f,-0.051406363120561425f,-0.7969557584733965f,2.5688868628586614f,0f,0f,0f,1f],start_interpolation:0}
execute if entity @s[tag=aj.heiloang_aj.bone.head_upper] run data modify entity @s {} merge value {transformation:[-1.17182f,1.2507420932089642e-17f,1.4296047542643646e-16f,-0.0008043750000003173f,0f,1.1673608711178696f,-0.10213084246656107f,0.0047106840524371585f,-1.4350656121768517e-16f,-0.10213084246656107f,-1.1673608711178696f,2.589113654113561f,0f,0f,0f,1f],start_interpolation:0}
execute if entity @s[tag=aj.heiloang_aj.bone.neck_0] run data modify entity @s {} merge value {transformation:[-1f,-7.871877887341985e-17f,9.381338752702731e-17f,-2.719723823753601e-16f,0f,0.7660444431189781f,0.6427876096865393f,0.2292931495258363f,-1.2246467991473532e-16f,0.6427876096865393f,-0.7660444431189781f,2.2189483831714383f,0f,0f,0f,1f],start_interpolation:0}
execute if entity @s[tag=aj.heiloang_aj.bone.neck_1] run data modify entity @s {} merge value {transformation:[-1f,-1.0031719290535246e-16f,7.024285468436542e-17f,-2.47630892585283e-16f,0f,0.5735764363510462f,0.8191520442889917f,0.5349235620109821f,-1.2246467991473532e-16f,0.8191520442889917f,-0.5735764363510462f,2.020185035183883f,0f,0f,0f,1f],start_interpolation:0}
execute if entity @s[tag=aj.heiloang_aj.bone.neck_2] run data modify entity @s {} merge value {transformation:[-1f,-7.455177354798983e-17f,9.71577628780522e-17f,-2.0531683815921911e-16f,0f,0.7933533402912352f,0.6087614290087205f,0.7578036513572751f,-1.2246467991473532e-16f,0.6087614290087205f,-0.7933533402912352f,1.6746645597657905f,0f,0f,0f,1f],start_interpolation:0}
execute if entity @s[tag=aj.heiloang_aj.bone.neck_3] run data modify entity @s {} merge value {transformation:[-1f,-2.6506208041798646e-17f,1.195617780139768e-16f,-1.4280173707649392e-16f,0f,0.9762960071199334f,0.2164396139381028f,0.8461689233878252f,-1.2246467991473532e-16f,0.2164396139381028f,-0.9762960071199334f,1.1641900202801962f,0f,0f,0f,1f],start_interpolation:0}
execute if entity @s[tag=aj.heiloang_aj.bone.wing_right_2] run data modify entity @s {} merge value {transformation:[-0.9529544392084496f,2.149719380196207f,-0.06450139163421767f,-3.682307945414938f,2.1267089164462507f,0.952411512225438f,0.321865658947135f,3.543904964812868f,0.32025462966509743f,0.07207568321074333f,-2.329338548684751f,1.1993254541688037f,0f,0f,0f,1f],start_interpolation:0}
execute if entity @s[tag=aj.heiloang_aj.bone.wing_right_1] run data modify entity @s {} merge value {transformation:[-2.211399667201503f,2.5076919973027323f,-0.09171222091363398f,-2.2330694048268214f,2.476720655068744f,2.2008250091003023f,0.45764926414723f,1.9153885413542162f,0.4034663326188812f,0.23466763492753448f,-3.312003138956934f,0.9855583620317854f,0f,0f,0f,1f],start_interpolation:0}
execute if entity @s[tag=aj.heiloang_aj.bone.wing_right_0] run data modify entity @s {} merge value {transformation:[-2.0336743117578373f,0.888179805496353f,-0.060872217018494004f,-0.34198375000000003f,0.8725154123954365f,2.0186255788082774f,0.30375586860728687f,1.106274082247097f,0.17687749667130465f,0.25433718896261825f,-2.198278177456594f,0.8034184794109094f,0f,0f,0f,1f],start_interpolation:0}
execute if entity @s[tag=aj.heiloang_aj.bone.wing_left_2] run data modify entity @s {} merge value {transformation:[-0.9529544392084496f,-2.149719380196207f,0.06450139163421824f,3.682307945414938f,-2.1267089164462507f,0.952411512225438f,0.321865658947135f,3.543904964812868f,-0.32025462966509766f,0.07207568321074281f,-2.329338548684751f,1.1993254541688048f,0f,0f,0f,1f],start_interpolation:0}
execute if entity @s[tag=aj.heiloang_aj.bone.wing_left_1] run data modify entity @s {} merge value {transformation:[-2.211399667201503f,-2.5076919973027323f,0.0917122209136348f,2.2330694048268214f,-2.476720655068744f,2.2008250091003023f,0.45764926414723f,1.9153885413542162f,-0.40346633261888176f,0.23466763492753387f,-3.312003138956934f,0.985558362031786f,0f,0f,0f,1f],start_interpolation:0}
execute if entity @s[tag=aj.heiloang_aj.bone.wing_left_0] run data modify entity @s {} merge value {transformation:[-2.0336743117578373f,-0.888179805496353f,0.060872217018494545f,0.3419837499999999f,-0.8725154123954365f,2.0186255788082774f,0.30375586860728687f,1.106274082247097f,-0.17687749667130515f,0.254337188962618f,-2.198278177456594f,0.8034184794109096f,0f,0f,0f,1f],start_interpolation:0}
execute if entity @s[tag=aj.heiloang_aj.bone.kazari_right] run data modify entity @s {} merge value {transformation:[-2.627978400099999f,0.013562284837030234f,-0.02039072323631229f,-2.3486568093025393f,0.019524199314938723f,-0.16058624786860182f,-2.62310904294748f,3.7890855801175403f,-0.01478251687674235f,-2.6231466428664896f,0.16047852120862016f,-3.201365530772911f,0f,0f,0f,1f],start_interpolation:0}
execute if entity @s[tag=aj.heiloang_aj.bone.kazari_left] run data modify entity @s {} merge value {transformation:[-2.627978400099999f,0.013562284837030234f,-0.02039072323631229f,2.725206646910818f,0.019524199314938723f,-0.16058624786860182f,-2.62310904294748f,3.751390018612117f,-0.01478251687674235f,-2.6231466428664896f,0.16047852120862016f,-3.1728247816674746f,0f,0f,0f,1f],start_interpolation:0}
execute if entity @s[tag=aj.heiloang_aj.bone.ring] run data modify entity @s {} merge value {transformation:[-2.202840191814516f,-0.015404642310869176f,0.013567317564214022f,0.17062499999999994f,0.016365694239460993f,-0.43905964498480177f,2.158676696029748f,4.046393573204785f,-0.01239109206948784f,2.1586837681617754f,0.43915502467378364f,0.3153751053006088f,0f,0f,0f,1f],start_interpolation:0}
execute if entity @s[tag=aj.heiloang_aj.bone.body_0] run data modify entity @s {} merge value {transformation:[-1.1285620833333334f,-2.9913901368919033e-17f,1.349328892824912e-16f,-1.9081958235744878e-17f,0f,1.101810655745287f,0.2442655416218477f,1.1907951459713777f,-1.3820899429932353e-16f,0.2442655416218477f,-1.101810655745287f,0.1539413597938621f,0f,0f,0f,1f],start_interpolation:0}
execute if entity @s[tag=aj.heiloang_aj.bone.leg_right_3] run data modify entity @s {} merge value {transformation:[-0.9839620886259433f,0.10760368903754347f,0.1422675446206308f,-0.7281366296063225f,0.17209365113517663f,0.7824816196898466f,0.5984198276181347f,-0.8024160992982086f,-0.04692955769912661f,0.6133057646501178f,-0.7884501605435176f,-0.7120225473406234f,0f,0f,0f,1f],start_interpolation:0}
execute if entity @s[tag=aj.heiloang_aj.bone.leg_right_2] run data modify entity @s {} merge value {transformation:[-0.9839620886259433f,0.1611374793031713f,0.07650699909610606f,-0.6337447414171044f,0.17209365113517663f,0.9703891989627571f,0.1694950671122396f,-0.22023690434898108f,-0.04692955769912661f,0.17994308905939826f,-0.9825569201394522f,-0.556229393085585f,0f,0f,0f,1f],start_interpolation:0}
execute if entity @s[tag=aj.heiloang_aj.bone.leg_right_1] run data modify entity @s {} merge value {transformation:[-0.9987520610689247f,0.04557124867395515f,-0.020434818444795003f,-0.6159041984553512f,0.04986773926453103f,0.8874672147126041f,-0.45816498272008677f,0.16968186217807735f,-0.002743918952875485f,-0.45861225899941793f,-0.8886322449721431f,0.03638589833006828f,0f,0f,0f,1f],start_interpolation:0}
execute if entity @s[tag=aj.heiloang_aj.bone.leg_right_0] run data modify entity @s {} merge value {transformation:[-0.9537169507482269f,0.2995615231515964f,-0.026208237304323204f,-0.364404375f,0.2604188614360106f,0.7792222731113915f,-0.5700830340358218f,0.6911020596682347f,-0.15035289975213664f,-0.5505229722129783f,-0.8211689610560743f,-0.41572620387408177f,0f,0f,0f,1f],start_interpolation:0}
execute if entity @s[tag=aj.heiloang_aj.bone.leg_left_3] run data modify entity @s {} merge value {transformation:[-0.9748593088115625f,-0.20725907297838342f,-0.08181078591227513f,0.7694775187308256f,-0.21358221504872402f,0.7645451118881443f,0.6081557442816976f,-0.3250554363038261f,-0.06349775931734597f,0.6103396173902578f,-0.7895907712262032f,-0.714590104552191f,0f,0f,0f,1f],start_interpolation:0}
execute if entity @s[tag=aj.heiloang_aj.bone.leg_left_2] run data modify entity @s {} merge value {transformation:[-0.9748593088115625f,-0.22161705994896302f,0.023134536153134953f,0.6336020560570634f,-0.21358221504872402f,0.9589748682512335f,0.18641308826745573f,0.2493835911125198f,-0.06349775931734597f,0.17678540890612932f,-0.9821990397875419f,-0.5607342859279206f,0f,0f,0f,1f],start_interpolation:0}
execute if entity @s[tag=aj.heiloang_aj.bone.leg_left_1] run data modify entity @s {} merge value {transformation:[-0.995446086472214f,-0.08866556788858045f,0.035007227798684634f,0.6022436038191968f,-0.0865836099743446f,0.9946080989966365f,0.057078961922127414f,0.2837747510720364f,-0.03987941086530792f,0.0537879771072739f,-0.9977557246679888f,0.1473488367862823f,0f,0f,0f,1f],start_interpolation:0}
execute if entity @s[tag=aj.heiloang_aj.bone.leg_left_0] run data modify entity @s {} merge value {transformation:[-0.9537169507482269f,-0.28678821817552286f,0.09042397785550416f,0.364404375f,-0.26041886143601056f,0.6373630420981942f,-0.7252243578201905f,0.6911020596682347f,0.1503528997521364f,-0.7152068725082585f,-0.6825489982800355f,-0.41572620387408166f,0f,0f,0f,1f],start_interpolation:0}
execute if entity @s[tag=aj.heiloang_aj.bone.tail_4] run data modify entity @s {} merge value {transformation:[-0.29485753666071357f,-0.53703335275239f,-1.4524147392510094f,-2.0480236018477385f,-1.207693430835127f,1.0051534233112054f,-0.1264813678417512f,1.4020887291820978f,0.9692213234755676f,1.0890895910461023f,-0.5994566310276137f,-2.906687973718543f,0f,0f,0f,1f],start_interpolation:0}
execute if entity @s[tag=aj.heiloang_aj.bone.tail_3] run data modify entity @s {} merge value {transformation:[-0.5835197938456066f,0.1614811997744816f,-0.7958821975077561f,-0.9886849629882877f,-0.7202187009207957f,0.34990826727432456f,0.5990402551891164f,0.5924466495919177f,0.37521949980557073f,0.9227610885881967f,-0.08787662006007857f,-2.8133407532120107f,0f,0f,0f,1f],start_interpolation:0}
execute if entity @s[tag=aj.heiloang_aj.bone.tail_2] run data modify entity @s {} merge value {transformation:[-0.8873472775603561f,0.009329252504225671f,-0.46100734707153723f,-0.6275457647880218f,-0.331041978828694f,0.6830763080157731f,0.6510130303463392f,0.09518325097818234f,0.32097666154941384f,0.7302874245632696f,-0.603037528073784f,-2.327820017483467f,0f,0f,0f,1f],start_interpolation:0}
execute if entity @s[tag=aj.heiloang_aj.bone.tail_1] run data modify entity @s {} merge value {transformation:[-0.9173945454789902f,0.08640938350475007f,-0.38848509156430433f,-0.32249090372804323f,0.07708338019173995f,0.9962394987691122f,0.03956025265950469f,0.08109272203824824f,0.3904425699428951f,0.006346615995726113f,-0.9206054095223372f,-1.6082729372336244f,0f,0f,0f,1f],start_interpolation:0}
execute if entity @s[tag=aj.heiloang_aj.bone.tail_ring] run data modify entity @s {} merge value {transformation:[-0.9658718380286606f,-0.027817709903842424f,-0.25752236314316934f,-0.3603615650021079f,0.1024048761361221f,0.8722058587795855f,-0.47829925909843446f,0.03940899597140868f,0.23791770393705924f,-0.48834733021310917f,-0.839590406821711f,-1.744074468068515f,0f,0f,0f,1f],start_interpolation:0}
execute if entity @s[tag=aj.heiloang_aj.bone.tail_0] run data modify entity @s {} merge value {transformation:[-0.9658718380286606f,-0.027817709903842424f,-0.25752236314316934f,6.852157730108388e-17f,0.1024048761361221f,0.8722058587795855f,-0.47829925909843446f,0.6878366493695636f,0.23791770393705924f,-0.48834733021310917f,-0.839590406821711f,-0.5602158104189388f,0f,0f,0f,1f],start_interpolation:0}
execute if entity @s[tag=aj.heiloang_aj.bone.body_1] run data modify entity @s {} merge value {transformation:[-1f,6.123233995736765e-17f,1.0605752387249069e-16f,0.0030493750000000356f,0f,0.8660254037844387f,-0.49999999999999994f,0.924801875f,-1.2246467991473532e-16f,-0.49999999999999994f,-0.8660254037844387f,-0.29104875f,0f,0f,0f,1f],start_interpolation:0}