execute if entity @s[tag=aj.heiloang_aj.bone.head_lower] run data modify entity @s {} merge value {transformation:[-0.7993833980862142f,-0.02901905780793138f,-0.012003214072797246f,0.0462773001783804f,-0.02825332438148934f,0.5311004330578074f,0.5976069608590614f,3.96295561957681f,-0.013708848439304058f,0.5975702672403886f,-0.5317159421953781f,0.4984006482851161f,0f,0f,0f,1f],start_interpolation:0}
execute if entity @s[tag=aj.heiloang_aj.bone.horne_right] run data modify entity @s {} merge value {transformation:[-0.56963631201354f,-0.561102020714924f,-0.02605752070405294f,-0.3133027389593859f,-0.38598536952859525f,0.36405102245244897f,0.5987337868879627f,4.419470956632104f,-0.40808058829781035f,0.4388979099983909f,-0.5299423157793284f,0.6793230414353937f,0f,0f,0f,1f],start_interpolation:0}
execute if entity @s[tag=aj.heiloang_aj.bone.horne_left] run data modify entity @s {} merge value {transformation:[-0.6090982136489226f,0.5185230415160512f,-0.011542163862778496f,0.36633302609351337f,0.3443242980165612f,0.4175842435872745f,0.5891215301642321f,4.443491933021247f,0.3878661417616829f,0.44357328021938797f,-0.5411123738654646f,0.6909783043784901f,0f,0f,0f,1f],start_interpolation:0}
execute if entity @s[tag=aj.heiloang_aj.bone.head_upper] run data modify entity @s {} merge value {transformation:[-1.1709168169317345f,-0.04277948845052767f,-0.016906673072101374f,0.03763538794160074f,-0.04138476322089605f,0.7917072592377079f,0.8629304893463131f,4.217594250645243f,-0.0200803784726816f,0.8628624707554666f,-0.792607877428786f,0.4399722049784856f,0f,0f,0f,1f],start_interpolation:0}
execute if entity @s[tag=aj.heiloang_aj.bone.neck_0] run data modify entity @s {} merge value {transformation:[-0.9666780374285765f,-0.24948084438825302f,-0.057383623417837495f,0.03029741580377734f,-0.21308143190336215f,0.659917825352573f,0.7204892554090891f,4.48259182621787f,-0.14187979183537316f,0.7087085240529107f,-0.6910878038306679f,0.09765262076741482f,0f,0f,0f,1f],start_interpolation:0}
execute if entity @s[tag=aj.heiloang_aj.bone.neck_1] run data modify entity @s {} merge value {transformation:[-0.9927566287769403f,-0.10359799464367163f,0.060841856688092714f,0.05117256190048713f,-0.08734499377824256f,0.9700702737793891f,0.2265712161583195f,4.577257491547512f,-0.08249320021264439f,0.21961584513734655f,-0.9720924608715394f,-0.25380072979592766f,0f,0f,0f,1f],start_interpolation:0}
execute if entity @s[tag=aj.heiloang_aj.bone.neck_2] run data modify entity @s {} merge value {transformation:[-0.998105519671625f,-0.027949044653929472f,0.05481078820787409f,0.07457082180085173f,-0.053854760396540045f,0.8276425072918348f,-0.5586658615901965f,4.320575881840099f,-0.029749561066796434f,-0.5605593019713596f,-0.8275797439459929f,-0.5741552300480741f,0f,0f,0f,1f],start_interpolation:0}
execute if entity @s[tag=aj.heiloang_aj.bone.neck_3] run data modify entity @s {} merge value {transformation:[-0.9995021703344754f,0.007426677235315288f,-0.030663593427974187f,0.05852256592927538f,0.030104328595341942f,0.5153371072143849f,-0.8564586360868418f,3.864879005442578f,0.009441445678354723f,-0.8569553724629726f,-0.5153041322465314f,-0.8200728729472476f,0f,0f,0f,1f],start_interpolation:0}
execute if entity @s[tag=aj.heiloang_aj.bone.wing_right_2] run data modify entity @s {} merge value {transformation:[-1.9828045807441215f,0.968954607623462f,-0.8143641502831528f,-3.773911453293645f,0.6619880926015153f,-0.49611536003462053f,-2.202093849297194f,4.6428636754997f,-1.0788112745772296f,-2.085323122258033f,0.14549816473781535f,-2.1001540311411375f,0f,0f,0f,1f],start_interpolation:0}
execute if entity @s[tag=aj.heiloang_aj.bone.wing_right_1] run data modify entity @s {} merge value {transformation:[-3.0966479081708695f,-0.5071713570846591f,-1.157915247448571f,-1.7288634771933138f,1.1758458430509928f,-0.030871395839687003f,-3.131078453695884f,3.9206531700711653f,0.46408733994872f,-3.305910304949579f,0.20687863453606364f,-2.407147874691546f,0f,0f,0f,1f],start_interpolation:0}
execute if entity @s[tag=aj.heiloang_aj.bone.wing_right_0] run data modify entity @s {} merge value {transformation:[-1.5457758891288818f,1.395821324327903f,-0.7685439031957221f,-0.29725762185676513f,0.47107366526350114f,-0.6225783778056154f,-2.0781929086069315f,3.465836354031288f,-1.522191348839898f,-1.6101176957106045f,0.13731170189224878f,-0.9902172350755484f,0f,0f,0f,1f],start_interpolation:0}
execute if entity @s[tag=aj.heiloang_aj.bone.wing_left_2] run data modify entity @s {} merge value {transformation:[-1.7776694133980215f,-1.4289146085910167f,0.575908416630044f,4.206920614432516f,-0.45698978288597114f,-0.3506977439506563f,-2.2807339689334136f,4.382499813532252f,1.4712674132624481f,-1.8354264191364658f,-0.012572387558567436f,-2.204314495986575f,0f,0f,0f,1f],start_interpolation:0}
execute if entity @s[tag=aj.heiloang_aj.bone.wing_left_1] run data modify entity @s {} merge value {transformation:[-3.2389401504404156f,-0.1610835986024653f,0.8188635716810823f,2.073869754379053f,-0.8187561452527881f,-0.02225945115490805f,-3.2428940260737904f,3.8957835558042104f,0.16162873932507935f,-3.3407746652528902f,-0.01787622803120231f,-2.098221274857019f,0f,0f,0f,1f],start_interpolation:0}
execute if entity @s[tag=aj.heiloang_aj.bone.wing_left_0] run data modify entity @s {} merge value {transformation:[-1.818954536351569f,-1.1508287549638043f,0.5435048955018799f,0.3863693788314801f,-0.46583335844081997f,-0.28024566340474116f,-2.152408337260052f,3.4452459716627537f,1.1844001337596157f,-1.8776196486219716f,-0.011865001428895345f,-0.9966748770725585f,0f,0f,0f,1f],start_interpolation:0}
execute if entity @s[tag=aj.heiloang_aj.bone.kazari_right] run data modify entity @s {} merge value {transformation:[-2.627634461643241f,-0.004810437584620664f,0.048828109028848585f,-2.1621755380938534f,-0.042349300116618825f,-1.0983585958438369f,-2.3871918901235896f,4.590158202932398f,0.024776224908593106f,-2.387562657435915f,1.0980896521018124f,-4.761161779123504f,0f,0f,0f,1f],start_interpolation:0}
execute if entity @s[tag=aj.heiloang_aj.bone.kazari_left] run data modify entity @s {} merge value {transformation:[-2.627634461643241f,-0.004810437584620664f,0.048828109028848585f,2.9110238727959707f,-0.042349300116618825f,-1.0983585958438369f,-2.3871918901235896f,4.671922408547538f,0.024776224908593106f,-2.387562657435915f,1.0980896521018124f,-4.8089974775226425f,0f,0f,0f,1f],start_interpolation:0}
execute if entity @s[tag=aj.heiloang_aj.bone.ring] run data modify entity @s {} merge value {transformation:[-2.202236732040678f,-0.034231741272312696f,-0.04367893913880476f,0.3476656792054871f,-0.05404665796597018f,0.9294914449201599f,1.9965096790065835f,6.470047560922005f,-0.0125944669412969f,1.9969477027437967f,-0.9300363098786875f,-2.892056745556591f,0f,0f,0f,1f],start_interpolation:0}
execute if entity @s[tag=aj.heiloang_aj.bone.body_0] run data modify entity @s {} merge value {transformation:[-1.1280002516488639f,-0.010855682304497584f,-0.033911095226752716f,0.025511693303216655f,0.03397460379691034f,-0.006500398603207626f,-1.1280318466481858f,2.8038064366867586f,0.010655257604442503f,-1.1284911496850019f,0.006823965539166437f,-0.9314500493750675f,0f,0f,0f,1f],start_interpolation:0}
execute if entity @s[tag=aj.heiloang_aj.bone.leg_right_3] run data modify entity @s {} merge value {transformation:[-0.9279524118435363f,0.3278685947687155f,0.17721880802598888f,-0.8856783699502431f,0.26833135545386644f,0.9177357471487118f,-0.29284702847337696f,1.18704369489947f,-0.25865537890029533f,-0.22419474340355053f,-0.9395925244467205f,-1.1190415958596587f,0f,0f,0f,1f],start_interpolation:0}
execute if entity @s[tag=aj.heiloang_aj.bone.leg_right_2] run data modify entity @s {} merge value {transformation:[-0.9279524118435363f,0.354332654394556f,0.11555384625131515f,-0.6756303275767204f,0.26833135545386644f,0.8503479454981003f,-0.4526661631571889f,1.7255676865771146f,-0.25865537890029533f,-0.38904593766914985f,-0.8841609883664155f,-1.313940751278603f,0f,0f,0f,1f],start_interpolation:0}
execute if entity @s[tag=aj.heiloang_aj.bone.leg_right_1] run data modify entity @s {} merge value {transformation:[-0.9568975951983343f,0.1893976536355229f,0.2201715719637838f,-0.8167711633345074f,0.1408533894446677f,0.96562139784999f,-0.21848487063451405f,1.9522285051269517f,-0.2539829029395365f,-0.17805573512692607f,-0.9506780949421397f,-0.6564820446675156f,0f,0f,0f,1f],start_interpolation:0}
execute if entity @s[tag=aj.heiloang_aj.bone.leg_right_0] run data modify entity @s {} merge value {transformation:[-0.8492691663999423f,0.5276527229576417f,-0.018013521525055694f,-0.4018592458211104f,0.24189802600013263f,0.35856001694328615f,-0.901620795715621f,2.1446555865007957f,-0.4692837393513509f,-0.7700761768844798f,-0.43215211879082216f,-1.2312484803329111f,0f,0f,0f,1f],start_interpolation:0}
execute if entity @s[tag=aj.heiloang_aj.bone.leg_left_3] run data modify entity @s {} merge value {transformation:[-0.978785637944881f,-0.1304788694090108f,-0.15796816005315395f,0.6538632071304241f,-0.20382040818095631f,0.6986459468711155f,0.6858214652003178f,0.9942658606856035f,0.020878605360054658f,0.7034693351940144f,-0.7104188752277842f,-1.2991582845824343f,0f,0f,0f,1f],start_interpolation:0}
execute if entity @s[tag=aj.heiloang_aj.bone.leg_left_2] run data modify entity @s {} merge value {transformation:[-0.978785637944881f,-0.18567128759034304f,-0.08663052532090919f,0.5450278427401732f,-0.20382040818095631f,0.9254578529846766f,0.3193509097496683f,1.542048689047216f,0.020878605360054658f,0.33023315295944555f,-0.9436684526488538f,-1.0537957224206733f,0f,0f,0f,1f],start_interpolation:0}
execute if entity @s[tag=aj.heiloang_aj.bone.leg_left_1] run data modify entity @s {} merge value {transformation:[-0.9971532213521426f,-0.07503580385472766f,0.007421676826696116f,0.5341577688131637f,-0.07483539993469548f,0.9728120969455358f,-0.21917182061807922f,1.7697340630131193f,0.009225836745751143f,-0.21910329111244337f,-0.9756580506304635f,-0.38179198354890154f,0f,0f,0f,1f],start_interpolation:0}
execute if entity @s[tag=aj.heiloang_aj.bone.leg_left_0] run data modify entity @s {} merge value {transformation:[-0.952201148149705f,-0.2990411331653792f,0.06234881023363243f,0.2855292868002594f,-0.1901467891338547f,0.420495695873257f,-0.887145742442667f,2.0102514823218884f,0.23907566175683553f,-0.8565966206022712f,-0.4572581956928708f,-1.0297671261656627f,0f,0f,0f,1f],start_interpolation:0}
execute if entity @s[tag=aj.heiloang_aj.bone.tail_4] run data modify entity @s {} merge value {transformation:[-1.041625691550069f,-0.3932943118290324f,-1.115880758268303f,-0.4619007788230566f,-0.5875082012222631f,1.4623953634516103f,0.03298906090641372f,1.7846868576626331f,1.0269880212967897f,0.4376913854827783f,-1.11291339235124f,-4.475747875339438f,0f,0f,0f,1f],start_interpolation:0}
execute if entity @s[tag=aj.heiloang_aj.bone.tail_3] run data modify entity @s {} merge value {transformation:[-0.9100981524804975f,-0.08611893245448665f,-0.4053453864600965f,0.08201807214836176f,-0.31036918021414345f,0.7897915640675424f,0.5290560058263639f,1.0570851761345834f,0.27457662832948065f,0.6072996087604903f,-0.7455165057693691f,-3.4953497781383636f,0f,0f,0f,1f],start_interpolation:0}
execute if entity @s[tag=aj.heiloang_aj.bone.tail_2] run data modify entity @s {} merge value {transformation:[-0.9940363828676619f,-0.10833748360805033f,-0.012436204439092616f,0.0897762943986522f,-0.10500177722209847f,0.9201193055215773f,0.377299735471271f,0.7784700629724575f,-0.02943291211511849f,0.37635548787278983f,-0.926007694585989f,-2.763409738514098f,0f,0f,0f,1f],start_interpolation:0}
execute if entity @s[tag=aj.heiloang_aj.bone.tail_1] run data modify entity @s {} merge value {transformation:[-0.9621089006563867f,0.24920000937052453f,0.11066082688779172f,0.0075051255934859215f,0.21157661672582623f,0.9383101978301545f,-0.27351290262579814f,1.0080633509801475f,-0.17199360026644075f,-0.23973595470364256f,-0.9554814877797062f,-2.0207635314656454f,0f,0f,0f,1f],start_interpolation:0}
execute if entity @s[tag=aj.heiloang_aj.bone.tail_ring] run data modify entity @s {} merge value {transformation:[-0.9431687605302181f,0.3297550308293309f,0.04116198249160617f,0.023647763473570088f,0.17562336623623204f,0.5997668810585108f,-0.7806638979850423f,0.9144778636764916f,-0.2821154416045791f,-0.7290687951271081f,-0.6235940743626098f,-2.132990745587977f,0f,0f,0f,1f],start_interpolation:0}
execute if entity @s[tag=aj.heiloang_aj.bone.tail_0] run data modify entity @s {} merge value {transformation:[-0.9431687605302181f,0.3297550308293309f,0.04116198249160617f,-0.04130263698433184f,0.17562336623623204f,0.5997668810585108f,-0.7806638979850423f,1.991434780385679f,-0.2821154416045791f,-0.7290687951271081f,-0.6235940743626098f,-1.2454179623489565f,0f,0f,0f,1f],start_interpolation:0}
execute if entity @s[tag=aj.heiloang_aj.bone.body_1] run data modify entity @s {} merge value {transformation:[-0.9431672336828691f,0.32896094587749053f,-0.047119692214519115f,0.0013761086466251094f,0.18441615057298213f,0.40015668739379495f,-0.8977000105502216f,2.334757907424489f,-0.2764529846372571f,-0.8553708678821201f,-0.43808038721648007f,-1.1509696782342733f,0f,0f,0f,1f],start_interpolation:0}