execute if entity @s[tag=aj.heiloang_aj.bone.head_lower] run data modify entity @s {} merge value {transformation:[-0.7940129421754727f,0.088725578847384f,-0.04088054936086326f,0.5376007981898302f,-0.0045544228536337494f,0.3007912635739681f,0.7412852844823281f,0.20874854991273914f,0.09758434756824286f,0.7359703712893423f,-0.2980350779588f,2.870633257707904f,0f,0f,0f,1f],start_interpolation:0}
execute if entity @s[tag=aj.heiloang_aj.bone.horne_right] run data modify entity @s {} merge value {transformation:[-0.5992128771948707f,-0.5205324629265909f,-0.099949401416026f,0.185531900528014f,-0.526068310836763f,0.5656157117269853f,0.20816099293799262f,0.7023133222033188f,-0.06477700315080805f,0.22164120033773765f,-0.7659498143975538f,2.8169836844645704f,0f,0f,0f,1f],start_interpolation:0}
execute if entity @s[tag=aj.heiloang_aj.bone.horne_left] run data modify entity @s {} merge value {transformation:[-0.5716026176049366f,0.551493023957461f,-0.09552953508439116f,0.8606017039656009f,0.5193525653322945f,0.5735152681605452f,0.20335473948128893f,0.7061854925134783f,0.20867045892974323f,0.08328074034849352f,-0.7678026815901708f,2.73401747216205f,0f,0f,0f,1f],start_interpolation:0}
execute if entity @s[tag=aj.heiloang_aj.bone.head_upper] run data modify entity @s {} merge value {transformation:[-1.1630503073750782f,0.029931471426724327f,-0.13992927475323907f,0.5131398018569221f,-0.006671204735431376f,1.1333100647616872f,0.29786893852370505f,0.3915690791740007f,0.14293911270927295f,0.29643636168340093f,-1.1246581729262426f,2.685409847184872f,0f,0f,0f,1f],start_interpolation:0}
execute if entity @s[tag=aj.heiloang_aj.bone.neck_0] run data modify entity @s {} merge value {transformation:[-0.8632590835777093f,-0.16804072074031615f,-0.4759685607197686f,0.3212302903330052f,-0.41036858110461505f,0.7827018025856614f,0.46794819785029773f,0.5405663475925084f,0.2939070980135696f,0.5992830753510661f,-0.7446330729527199f,2.3270373984400208f,0f,0f,0f,1f],start_interpolation:0}
execute if entity @s[tag=aj.heiloang_aj.bone.neck_1] run data modify entity @s {} merge value {transformation:[-0.964789467001221f,0.012121339939377834f,-0.2627439009407708f,0.2256472722257406f,-0.14881364794552998f,0.7985236570919504f,0.5832790646419955f,0.7630616627407513f,0.21687734447987744f,0.6018413762633568f,-0.768603392699242f,2.0545001735960504f,0f,0f,0f,1f],start_interpolation:0}
execute if entity @s[tag=aj.heiloang_aj.bone.neck_2] run data modify entity @s {} merge value {transformation:[-0.9740657668374063f,-0.013737081100542128f,-0.22584767981604922f,0.1335551759124355f,-0.12014688123258938f,0.8772105296776879f,0.4648294456600962f,0.9241477044187714f,0.1917305630449606f,0.4799093447990228f,-0.8561112147198138f,1.6875802012134007f,0f,0f,0f,1f],start_interpolation:0}
execute if entity @s[tag=aj.heiloang_aj.bone.neck_3] run data modify entity @s {} merge value {transformation:[-0.9935241174912841f,-0.08522428513730652f,-0.07514418930296803f,0.09673187054310585f,-0.07849156528905994f,0.9929869659446577f,-0.08840791617551202f,0.8543501871838866f,0.08215170200086218f,-0.08193721185675171f,-0.9932458865615822f,1.1755596669244077f,0f,0f,0f,1f],start_interpolation:0}
execute if entity @s[tag=aj.heiloang_aj.bone.wing_right_2] run data modify entity @s {} merge value {transformation:[-1.7487685649446554f,1.569316205601742f,-0.11238843098010336f,-4.110129330538536f,1.5585857195271073f,1.750903730498727f,0.19678081139383918f,2.8302867080081504f,0.2149303781892822f,0.07182464536911563f,-2.3414145637135726f,1.1294938943675406f,0f,0f,0f,1f],start_interpolation:0}
execute if entity @s[tag=aj.heiloang_aj.bone.wing_right_1] run data modify entity @s {} merge value {transformation:[-2.8194395769447733f,1.7923288919409053f,-0.15980108876776425f,-2.261760184845141f,1.7767801079228867f,2.819926532030088f,0.2797955949301095f,1.6627398801408848f,0.28466066280224206f,0.15096446590719592f,-3.3291735926482326f,0.993772250305115f,0f,0f,0f,1f],start_interpolation:0}
execute if entity @s[tag=aj.heiloang_aj.bone.wing_right_0] run data modify entity @s {} merge value {transformation:[-2.1203851245276844f,0.6489354073768482f,-0.10606488926294098f,-0.29038480424165675f,0.638901093255091f,2.1179512712338644f,0.18570892740067002f,1.0699699328393542f,0.15547448896576407f,0.14685111416499955f,-2.2096747347854913f,0.8314485089862662f,0f,0f,0f,1f],start_interpolation:0}
execute if entity @s[tag=aj.heiloang_aj.bone.wing_left_2] run data modify entity @s {} merge value {transformation:[-1.5026499680196634f,-1.79864274034621f,-0.20125449692215322f,4.198498622987837f,-1.8097396934790775f,1.4901214450687394f,0.19482383610203277f,2.9936127166500226f,-0.02147840258879511f,0.27928189677659787f,-2.3356190414269418f,0.5710155676090262f,0f,0f,0f,1f],start_interpolation:0}
execute if entity @s[tag=aj.heiloang_aj.bone.wing_left_1] run data modify entity @s {} merge value {transformation:[-2.9340669922441682f,-1.5800582509304733f,-0.2861565683149567f,2.2818657465132857f,-1.6013274560559578f,2.923394076422726f,0.27701304178300096f,1.9409802358682697f,0.11924779412891963f,0.38000232960213515f,-3.3209331468718752f,0.6996146963051028f,0f,0f,0f,1f],start_interpolation:0}
execute if entity @s[tag=aj.heiloang_aj.bone.wing_left_0] run data modify entity @s {} merge value {transformation:[-2.0327138987339084f,-0.8720094373543255f,-0.1899309007481034f,0.38966294727756573f,-0.8866987438165089f,2.026908996496259f,0.18386206143941727f,1.1177124152219948f,0.10119063004161097f,0.2442119183977713f,-2.204205297903138f,0.7760657311050234f,0f,0f,0f,1f],start_interpolation:0}
execute if entity @s[tag=aj.heiloang_aj.bone.kazari_right] run data modify entity @s {} merge value {transformation:[-2.6130311680153406f,-0.1700268984711665f,0.22367198602621693f,-2.8819769504705564f,-0.18344681564723436f,-0.5522031398574837f,-2.56286736814777f,1.9179072917465052f,0.2128040633200555f,-2.563792646585145f,0.53717025653573f,-3.151294282295774f,0f,0f,0f,1f],start_interpolation:0}
execute if entity @s[tag=aj.heiloang_aj.bone.kazari_left] run data modify entity @s {} merge value {transformation:[-2.6130311680153406f,-0.1700268984711665f,0.22367198602621693f,2.163027739383457f,-0.18344681564723436f,-0.5522031398574837f,-2.56286736814777f,2.272089842880028f,0.2128040633200555f,-2.563792646585145f,0.53717025653573f,-3.5621571570333503f,0f,0f,0f,1f],start_interpolation:0}
execute if entity @s[tag=aj.heiloang_aj.bone.ring] run data modify entity @s {} merge value {transformation:[-2.190311031152004f,0.18715738474079072f,-0.14295448903361596f,-0.13941753302685417f,-0.153769916279654f,-0.12369575044381005f,2.194078499040889f,2.9157441996164875f,0.1783779286941711f,2.1914830048264484f,0.1360508724545597f,0.05288568817530531f,0f,0f,0f,1f],start_interpolation:0}
execute if entity @s[tag=aj.heiloang_aj.bone.body_0] run data modify entity @s {} merge value {transformation:[-1.122094408317183f,-0.06253826070756097f,-0.10317693884128445f,-0.0067862347874886025f,-0.0787761924086419f,1.1107598060262234f,0.18346482159764918f,1.1427554676540965f,0.09138285545211229f,0.18961538756634103f,-1.108759466460223f,0.15307446636045613f,0f,0f,0f,1f],start_interpolation:0}
execute if entity @s[tag=aj.heiloang_aj.bone.leg_right_3] run data modify entity @s {} merge value {transformation:[-0.994296411021392f,0.08123214944209896f,0.06910850111958669f,-0.6281678756055874f,0.10662997014196625f,0.7703224749402119f,0.628675857711675f,-0.8569441848036343f,-0.002167140397573916f,0.6324591864294511f,-0.7745906538317474f,-0.7148394695651361f,0f,0f,0f,1f],start_interpolation:0}
execute if entity @s[tag=aj.heiloang_aj.bone.leg_right_2] run data modify entity @s {} merge value {transformation:[-0.994296411021392f,0.10396455111221496f,0.023791156802792424f,-0.5660606673653131f,0.10662997014196625f,0.9735745857853386f,0.20194696180044397f,-0.2743586866222347f,-0.002167140397573916f,0.20333198967438004f,-0.9791074534889186f,-0.5449842886205435f,0f,0f,0f,1f],start_interpolation:0}
execute if entity @s[tag=aj.heiloang_aj.bone.leg_right_1] run data modify entity @s {} merge value {transformation:[-0.9991487735071616f,-0.03198618392117922f,-0.026050190734335295f,-0.5500801866326053f,-0.018051189571696533f,0.9068275553144999f,-0.4211151142827513f,0.09087005672155801f,0.03709289627653017f,-0.42028641300961467f,-0.9066330283446163f,0.06321009013831846f,0f,0f,0f,1f],start_interpolation:0}
execute if entity @s[tag=aj.heiloang_aj.bone.leg_right_0] run data modify entity @s {} merge value {transformation:[-0.9735962853545275f,0.2274090820427551f,-0.019884228633189466f,-0.35014670954813315f,0.19552089559963468f,0.7857653665310268f,-0.5868086299163282f,0.6182852013633091f,-0.11782127366389414f,-0.5752024844911858f,-0.8094814694033364f,-0.40731770548234086f,0f,0f,0f,1f],start_interpolation:0}
execute if entity @s[tag=aj.heiloang_aj.bone.leg_left_3] run data modify entity @s {} merge value {transformation:[-0.9620472298607228f,-0.2233330198249113f,-0.15680398519551655f,0.835551712072268f,-0.2719105519801334f,0.7360856915900025f,0.6198729759864734f,-0.3626415115880667f,-0.02301693374820348f,0.6389837375805063f,-0.7688758052302577f,-0.7761612158450104f,0f,0f,0f,1f],start_interpolation:0}
execute if entity @s[tag=aj.heiloang_aj.bone.leg_left_2] run data modify entity @s {} merge value {transformation:[-0.9620472298607228f,-0.27108359134841525f,-0.03128600356318129f,0.6721589029283785f,-0.2719105519801334f,0.9426273234342538f,0.1936966206133545f,0.20151157565373132f,-0.02301693374820348f,0.194852291792578f,-0.9805624942572556f,-0.6113946094710022f,0f,0f,0f,1f],start_interpolation:0}
execute if entity @s[tag=aj.heiloang_aj.bone.leg_left_1] run data modify entity @s {} merge value {transformation:[-0.989284948090721f,-0.14587228566502497f,-0.0060471279133908346f,0.665474933073407f,-0.1459971762438286f,0.9883366744028057f,0.04330638012153459f,0.24515025377065264f,-0.000340602360597575f,0.0437252136102696f,-0.9990435374320621f,0.09684179414151906f,0f,0f,0f,1f],start_interpolation:0}
execute if entity @s[tag=aj.heiloang_aj.bone.leg_left_0] run data modify entity @s {} merge value {transformation:[-0.9280090719515323f,-0.3589265172715105f,0.09985448199755485f,0.3764995024100848f,-0.3282286216101089f,0.660876119950463f,-0.6749138656414974f,0.670598915304805f,0.1762530406307474f,-0.6591012890888359f,-0.7311089907735034f,-0.4275847244289561f,0f,0f,0f,1f],start_interpolation:0}
execute if entity @s[tag=aj.heiloang_aj.bone.tail_4] run data modify entity @s {} merge value {transformation:[-1.4171110293102507f,0.3903653256478713f,-0.5694432428493184f,-1.2403732209155716f,0.4989786483583033f,1.4776798132353832f,-0.2287729042671753f,-0.9274394683376421f,0.47714882665415503f,-0.385916630603229f,-1.4519819954579631f,-4.067596883225742f,0f,0f,0f,1f],start_interpolation:0}
execute if entity @s[tag=aj.heiloang_aj.bone.tail_3] run data modify entity @s {} merge value {transformation:[-0.8709501121416832f,-0.13972350155000418f,-0.4710873011183761f,-0.6072030552946082f,-0.02269867172665062f,0.9691363047454387f,-0.24547829461319376f,-0.624696371233995f,0.4908468930962437f,-0.20310629221903054f,-0.8472409111927979f,-2.930110834553666f,0f,0f,0f,1f],start_interpolation:0}
execute if entity @s[tag=aj.heiloang_aj.bone.tail_2] run data modify entity @s {} merge value {transformation:[-0.9716773979361661f,-0.11742096007359416f,-0.20507401706553852f,-0.448775380872836f,-0.007533857787907487f,0.8827645768328259f,-0.46975519462374593f,-0.24074994502486632f,0.23619118384654608f,-0.4549055066984322f,-0.858647019821655f,-2.2661013416406908f,0f,0f,0f,1f],start_interpolation:0}
execute if entity @s[tag=aj.heiloang_aj.bone.tail_1] run data modify entity @s {} merge value {transformation:[-0.9375656396485381f,0.009342656037467964f,-0.34768288155817106f,-0.17690842109439486f,0.06189678469064032f,0.9881641062912441f,-0.14035842362532946f,-0.11437299806388468f,0.3422564234538018f,-0.15311568768677009f,-0.9270469927618661f,-1.544213375668233f,0f,0f,0f,1f],start_interpolation:0}
execute if entity @s[tag=aj.heiloang_aj.bone.tail_ring] run data modify entity @s {} merge value {transformation:[-0.9863717837727475f,-0.0695293554092188f,-0.14911865380745254f,-0.2004943429944463f,0.03386490728956598f,0.8011212827095934f,-0.5975431854217778f,-0.17539765879964697f,0.16100891972570164f,-0.5944496270720627f,-0.7878488234697365f,-1.67587001565065f,0f,0f,0f,1f],start_interpolation:0}
execute if entity @s[tag=aj.heiloang_aj.bone.tail_0] run data modify entity @s {} merge value {transformation:[-0.9863717837727475f,-0.0695293554092188f,-0.14911865380745254f,0.009380607206349732f,0.03386490728956598f,0.8011212827095934f,-0.5975431854217778f,0.6412080801316078f,0.16100891972570164f,-0.5944496270720627f,-0.7878488234697365f,-0.561891661760048f,0f,0f,0f,1f],start_interpolation:0}
execute if entity @s[tag=aj.heiloang_aj.bone.body_1] run data modify entity @s {} merge value {transformation:[-0.9970327770601244f,-0.07608096691185119f,0.011718700505351046f,0.0029268465455702317f,-0.07177975558264899f,0.8638711073036038f,-0.4985723384370022f,0.8777380729166666f,0.02780841880207293f,-0.4979341286152249f,-0.866768882346341f,-0.29240207987054295f,0f,0f,0f,1f],start_interpolation:0}