execute if entity @s[tag=aj.heiloang_aj.bone.head_lower] run data modify entity @s {} merge value {transformation:[-0.7384746443527729f,0.22290054097472847f,-0.21206260509863326f,0.18793634998512135f,-0.1135955827003611f,0.31491231565254285f,0.7265853542711406f,1.5793334524895764f,0.2859217432078416f,0.700817795353062f,-0.25904280433446203f,0.7809656654335676f,0f,0f,0f,1f],start_interpolation:0}
execute if entity @s[tag=aj.heiloang_aj.bone.horne_right] run data modify entity @s {} merge value {transformation:[-0.6730645190656325f,-0.35056182447918927f,-0.25316113523361145f,-0.08393876340701326f,-0.3643738918268931f,0.2075944057360779f,0.6812754433135018f,1.951732550813072f,-0.23284290869569657f,0.6884845458867661f,-0.33432500646110913f,1.1782562444083415f,0f,0f,0f,1f],start_interpolation:0}
execute if entity @s[tag=aj.heiloang_aj.bone.horne_left] run data modify entity @s {} merge value {transformation:[-0.4158567191147996f,0.6392527676110249f,-0.24170041015422306f,0.5439123792217142f,0.19687099445346018f,0.382989721090462f,0.6742111576368014f,2.048311515224919f,0.6544501514324679f,0.29098929987320005f,-0.3563989711676009f,0.9351655783330347f,0f,0f,0f,1f],start_interpolation:0}
execute if entity @s[tag=aj.heiloang_aj.bone.head_upper] run data modify entity @s {} merge value {transformation:[-1.081699197181833f,0.2788314209753268f,-0.35403671828365213f,0.14948513777513356f,-0.16639196964992145f,0.6084290957995884f,0.9875676484274458f,1.837836740314657f,0.4188110214072662f,0.9618883440718965f,-0.5220443029920226f,0.786157248039674f,0f,0f,0f,1f],start_interpolation:0}
execute if entity @s[tag=aj.heiloang_aj.bone.neck_0] run data modify entity @s {} merge value {transformation:[-0.9252857177262407f,0.23572505422869025f,-0.2971195708476915f,0.007551758856954957f,-0.2165634691254374f,0.31475654978246265f,0.9241366664132507f,2.2127275638636528f,0.3113624967978499f,0.9194357036671572f,-0.24019030457095392f,0.622535596060082f,0f,0f,0f,1f],start_interpolation:0}
execute if entity @s[tag=aj.heiloang_aj.bone.neck_1] run data modify entity @s {} merge value {transformation:[-0.963586449828235f,0.14302439576794634f,-0.2259317948466572f,-0.0729839375764409f,-0.04601359249882539f,0.7436365472737054f,0.6669988267337463f,2.4650420599106733f,0.2634082440106425f,0.6531069650325709f,-0.709977034285739f,0.37199974189228335f,0f,0f,0f,1f],start_interpolation:0}
execute if entity @s[tag=aj.heiloang_aj.bone.neck_2] run data modify entity @s {} merge value {transformation:[-0.9878367166025162f,-0.02743222329743232f,-0.15305585404328653f,-0.13478687982405635f,-0.09119874202181144f,0.8994528119704687f,0.4273961025700352f,2.610042402399225f,0.1259420929856222f,0.4361560639993174f,-0.8910142967713951f,-0.00775706208612692f,0f,0f,0f,1f],start_interpolation:0}
execute if entity @s[tag=aj.heiloang_aj.bone.neck_3] run data modify entity @s {} merge value {transformation:[-0.9946132568006796f,0.07753207823960827f,-0.06879859184745404f,-0.17226768729478376f,0.07747325237645364f,0.9969881927362357f,0.0035268556461725f,2.5877242348737703f,0.06886482819668999f,-0.0018221932888369263f,-0.9976243356339389f,-0.5239835290884596f,0f,0f,0f,1f],start_interpolation:0}
execute if entity @s[tag=aj.heiloang_aj.bone.wing_right_2] run data modify entity @s {} merge value {transformation:[-0.48234851343038504f,-1.8894212659822227f,-1.315675947019873f,-3.348284169640165f,-1.7372463220785381f,1.1808282110342372f,-1.0588654110751197f,1.3148860276998464f,1.5109239340010128f,0.7545250307318011f,-1.637491022870991f,2.0423651102136513f,0f,0f,0f,1f],start_interpolation:0}
execute if entity @s[tag=aj.heiloang_aj.bone.wing_right_1] run data modify entity @s {} merge value {transformation:[-2.161268733375567f,-1.7368277905399672f,-1.8707125543602963f,-1.9048011299819079f,-0.9675759221481364f,2.8256496840069683f,-1.5055628419466593f,1.9712814019498661f,2.362188195278343f,-0.43168491076174f,-2.3282898962131564f,0.5312210781758756f,0f,0f,0f,1f],start_interpolation:0}
execute if entity @s[tag=aj.heiloang_aj.bone.wing_right_0] run data modify entity @s {} merge value {transformation:[-1.4669300806183103f,-1.1112258997768354f,-1.241649362035159f,-0.5503242568112459f,-0.5882289875413764f,1.8930952378331787f,-0.9992882860863459f,2.5103982092419166f,1.5590069906171695f,-0.3313116661974046f,-1.5453574936073187f,-0.9312397133704114f,0f,0f,0f,1f],start_interpolation:0}
execute if entity @s[tag=aj.heiloang_aj.bone.wing_left_2] run data modify entity @s {} merge value {transformation:[-1.0812862016550429f,1.66306490803777f,1.2643620004115672f,3.28931118788924f,1.4777356031723226f,1.6152134915805298f,-0.8607896781759038f,1.4659242557275984f,-1.4767171846864755f,0.3985931441840982f,-1.7871781859070714f,1.690772244739109f,0f,0f,0f,1f],start_interpolation:0}
execute if entity @s[tag=aj.heiloang_aj.bone.wing_left_1] run data modify entity @s {} merge value {transformation:[-2.4314853324559316f,1.4294015777560982f,1.797751089684009f,1.6700225244450815f,0.8546479784018384f,2.9931255642899f,-1.223926044460171f,2.044098782619343f,-2.1318242619797054f,-0.43038268878132835f,-2.541124717547731f,0.3336897492451951f,0f,0f,0f,1f],start_interpolation:0}
execute if entity @s[tag=aj.heiloang_aj.bone.wing_left_0] run data modify entity @s {} merge value {transformation:[-1.6660413290062652f,0.8537717039450151f,1.1932225976681226f,0.12995888590957294f,0.45136043660385994f,2.016122362328072f,-0.8123572960153972f,2.4574090224971243f,-1.3960587546059118f,-0.36704835875331193f,-1.6866224995607904f,-0.9783410177500309f,0f,0f,0f,1f],start_interpolation:0}
execute if entity @s[tag=aj.heiloang_aj.bone.kazari_right] run data modify entity @s {} merge value {transformation:[-2.532667036357322f,0.651663316434106f,0.26038969549383373f,-1.9289312423938014f,-0.36662368851057464f,-0.3971964031521494f,-2.571904406641535f,4.22020665785714f,-0.5983769234589271f,-2.514843956966981f,0.47368250773564735f,-4.580944761765934f,0f,0f,0f,1f],start_interpolation:0}
execute if entity @s[tag=aj.heiloang_aj.bone.kazari_left] run data modify entity @s {} merge value {transformation:[-2.532667036357322f,0.651663316434106f,0.26038969549383373f,2.960913636864195f,-0.36662368851057464f,-0.3971964031521494f,-2.571904406641535f,4.928050578965918f,-0.5983769234589271f,-2.514843956966981f,0.47368250773564735f,-3.425652615961349f,0f,0f,0f,1f],start_interpolation:0}
execute if entity @s[tag=aj.heiloang_aj.bone.ring] run data modify entity @s {} merge value {transformation:[-2.0463776427908678f,-0.7625050542783576f,-0.2895701487889931f,-0.4677447823181784f,-0.31168358569238724f,0.008314131971363948f,2.18075915758791f,5.325588607234701f,-0.7537361416833193f,2.066747009963617f,-0.1156067096271716f,-1.538793587488575f,0f,0f,0f,1f],start_interpolation:0}
execute if entity @s[tag=aj.heiloang_aj.bone.body_0] run data modify entity @s {} merge value {transformation:[-1.1224828092059267f,0.02308585568664235f,-0.1146811328949115f,-0.2776627348203673f,0.08743337510457964f,0.9005934211659782f,-0.6744918610391493f,2.0476794969317846f,0.07771823397804853f,-0.6797432669452846f,-0.8975306920030971f,-1.438649126060868f,0f,0f,0f,1f],start_interpolation:0}
execute if entity @s[tag=aj.heiloang_aj.bone.leg_right_3] run data modify entity @s {} merge value {transformation:[-0.9978177441502164f,-0.054124503930749523f,0.037819142417876955f,-0.4835886004879168f,-0.013351717964979243f,0.7263328410075637f,0.6872134571596111f,0.09165737468150492f,-0.0646643726201455f,0.6852088310494335f,-0.725470452027863f,-2.215536173793554f,0f,0f,0f,1f],start_interpolation:0}
execute if entity @s[tag=aj.heiloang_aj.bone.leg_right_2] run data modify entity @s {} merge value {transformation:[-0.9978177441502164f,-0.02637746836764153f,0.060530807209944346f,-0.5024866567583203f,-0.013351717964979243f,0.9784054506141705f,0.20626319554361985f,0.6769773002521184f,-0.0646643726201455f,0.20500488621248986f,-0.9766225041143825f,-2.0447807970126086f,0f,0f,0f,1f],start_interpolation:0}
execute if entity @s[tag=aj.heiloang_aj.bone.leg_right_1] run data modify entity @s {} merge value {transformation:[-0.986553098442251f,-0.14149715549748665f,0.08180182724190362f,-0.5708309230688258f,-0.1428305064607036f,0.9896898103561915f,-0.010654844030042299f,0.7587941528144473f,-0.07945080476730908f,-0.022195365805629363f,-0.9965916592860795f,-1.3432233318095894f,0f,0f,0f,1f],start_interpolation:0}
execute if entity @s[tag=aj.heiloang_aj.bone.leg_right_0] run data modify entity @s {} merge value {transformation:[-0.9696629934428227f,0.19291690941554582f,0.15012243406319523f,-0.38477612073129047f,0.06582734033631016f,0.7975256785516027f,-0.5996828772902001f,1.298614112255893f,-0.23541546340831537f,-0.5716081333504271f,-0.7860303438645917f,-1.805299687430584f,0f,0f,0f,1f],start_interpolation:0}
execute if entity @s[tag=aj.heiloang_aj.bone.leg_left_3] run data modify entity @s {} merge value {transformation:[-0.9284209917546812f,-0.29035625215922256f,-0.23179238318224366f,0.8360425718196048f,-0.36495592772841196f,0.8295808545100478f,0.42261421727891935f,0.516204133656644f,0.06958184307093565f,0.4769579149803779f,-0.8761675150634278f,-1.5609861725724274f,0f,0f,0f,1f],start_interpolation:0}
execute if entity @s[tag=aj.heiloang_aj.bone.leg_left_2] run data modify entity @s {} merge value {transformation:[-0.9284209917546812f,-0.37142997710212233f,0.008615925903289856f,0.6097381854951838f,-0.36495592772841196f,0.9074047495127335f,-0.20838375987016822f,1.0779045489423522f,0.06958184307093565f,-0.19661229023550508f,-0.9780091893449677f,-1.6344226668963047f,0f,0f,0f,1f],start_interpolation:0}
execute if entity @s[tag=aj.heiloang_aj.bone.leg_left_1] run data modify entity @s {} merge value {transformation:[-0.9681575755816809f,-0.2477692284506434f,-0.035795506376842465f,0.6163958685126312f,-0.24033232366719925f,0.9599255026403819f,-0.14416450180725848f,1.2516951734439508f,0.07008054683381326f,-0.13097113733026539f,-0.9889061017821106f,-0.9464544211356474f,0f,0f,0f,1f],start_interpolation:0}
execute if entity @s[tag=aj.heiloang_aj.bone.leg_left_0] run data modify entity @s {} merge value {transformation:[-0.8905005692492649f,-0.4172802560797608f,0.18134476571642275f,0.29163835968794444f,-0.3454976832510064f,0.36084211450124976f,-0.866270349989225f,1.4444331184762356f,0.29604068476296f,-0.8340684362138853f,-0.46549947011441534f,-1.5764712316374931f,0f,0f,0f,1f],start_interpolation:0}
execute if entity @s[tag=aj.heiloang_aj.bone.tail_4] run data modify entity @s {} merge value {transformation:[-1.5655453826820516f,-0.08415925333501162f,-0.16382685533414898f,0.6275899138131468f,0.08965154516472527f,0.8766151273010604f,-1.3070435657330617f,-1.1072243748991657f,0.16088697554544315f,-1.3074086975206767f,-0.8658246025811467f,-4.9647517155778f,0f,0f,0f,1f],start_interpolation:0}
execute if entity @s[tag=aj.heiloang_aj.bone.tail_3] run data modify entity @s {} merge value {transformation:[-0.9672812361434435f,0.23037029646208124f,-0.1062851669462151f,0.7636082433690526f,0.2375380680037142f,0.6751746576494715f,-0.6983658410296008f,-0.19160619277914082f,-0.08912169463085218f,-0.7007629472053238f,-0.7078054926109525f,-4.000607166769873f,0f,0f,0f,1f],start_interpolation:0}
execute if entity @s[tag=aj.heiloang_aj.bone.tail_2] run data modify entity @s {} merge value {transformation:[-0.9894704296648389f,0.14438709311774997f,-0.010031757567120103f,0.774101061735369f,0.11610481569899894f,0.7504487360998674f,-0.6506507252417483f,0.33156402349369263f,-0.08641724706550635f,-0.644964388030159f,-0.7593108701859215f,-3.4178502547836076f,0f,0f,0f,1f],start_interpolation:0}
execute if entity @s[tag=aj.heiloang_aj.bone.tail_1] run data modify entity @s {} merge value {transformation:[-0.9172444653279117f,0.11565040379027745f,0.38116607263561536f,0.47817844598994264f,-0.1072561816440335f,0.8498691603219712f,-0.5159636826684313f,0.7491354523025211f,-0.38361269833577655f,-0.5141472497609739f,-0.7671335628420717f,-2.827029707331895f,0f,0f,0f,1f],start_interpolation:0}
execute if entity @s[tag=aj.heiloang_aj.bone.tail_ring] run data modify entity @s {} merge value {transformation:[-0.9263333362840737f,-0.026459038794411582f,0.37577449268795915f,0.5313594318096889f,-0.20420077634870398f,0.8735265433412582f,-0.44187489294692844f,0.7127271418660793f,-0.31655740873876864f,-0.4860568869426177f,-0.8145797134892614f,-2.959165975856678f,0f,0f,0f,1f],start_interpolation:0}
execute if entity @s[tag=aj.heiloang_aj.bone.tail_0] run data modify entity @s {} merge value {transformation:[-0.9263333362840737f,-0.026459038794411582f,0.37577449268795915f,0.007037918029237006f,-0.20420077634870398f,0.8735265433412582f,-0.44187489294692844f,1.3102437556686688f,-0.31655740873876864f,-0.4860568869426177f,-0.8145797134892614f,-1.8102965111519518f,0f,0f,0f,1f],start_interpolation:0}
execute if entity @s[tag=aj.heiloang_aj.bone.body_1] run data modify entity @s {} merge value {transformation:[-0.9281097138573527f,0.14992461307546667f,0.34078581167324773f,-0.09935834062316708f,-0.2000785613788837f,0.5710770448235796f,-0.796140426151143f,1.6311050600369152f,-0.31397599959261047f,-0.8070895980433267f,-0.5000254517622899f,-1.6905443388776042f,0f,0f,0f,1f],start_interpolation:0}