execute if entity @s[tag=aj.heiloang_aj.bone.head_lower] run data modify entity @s {} merge value {transformation:[-0.7152934161207349f,0.08403522923645905f,-0.3482720331888633f,0.0670641752173264f,-0.21397433448825354f,0.5235384623770863f,0.5657936572569058f,0.9030886843837183f,0.28735050554094727f,0.5990371930514929f,-0.44562779121857987f,0.7013750452525795f,0f,0f,0f,1f],start_interpolation:0}
execute if entity @s[tag=aj.heiloang_aj.bone.horne_right] run data modify entity @s {} merge value {transformation:[-0.535124446359162f,-0.4623590221381478f,-0.37398657937987f,-0.32850368200299085f,-0.5817780816686593f,0.30280864419025966f,0.4580842593820391f,1.2914308327231407f,-0.12319127647173223f,0.5783866005113814f,-0.5387883162710126f,0.9526784793984313f,0f,0f,0f,1f],start_interpolation:0}
execute if entity @s[tag=aj.heiloang_aj.bone.horne_left] run data modify entity @s {} merge value {transformation:[-0.5196148033914607f,0.49170813011272296f,-0.358083189884003f,0.27963878038285794f,0.2662612267142228f,0.6072952183009145f,0.4475460612914404f,1.473351811905054f,0.5469053073842771f,0.17150986155289719f,-0.5581029942089678f,0.7083730795875179f,0f,0f,0f,1f],start_interpolation:0}
execute if entity @s[tag=aj.heiloang_aj.bone.head_upper] run data modify entity @s {} merge value {transformation:[-1.0477439135982496f,0.016813548377346346f,-0.5245113044623405f,-0.03333390338267847f,-0.3134242558000316f,0.9193345048032506f,0.6555542819281697f,1.1314632777628892f,0.4209038367537411f,0.7264320238460886f,-0.8174953133424409f,0.6233066843175916f,0f,0f,0f,1f],start_interpolation:0}
execute if entity @s[tag=aj.heiloang_aj.bone.neck_0] run data modify entity @s {} merge value {transformation:[-0.8577077351115227f,0.008247182207721436f,-0.514071420247707f,-0.2531698594490932f,-0.4925522240050393f,0.27349581670232265f,0.8261914698627788f,1.4673821867696182f,0.14741013451439317f,0.961837835724901f,-0.2305173095680374f,0.4611620031806498f,0f,0f,0f,1f],start_interpolation:0}
execute if entity @s[tag=aj.heiloang_aj.bone.neck_1] run data modify entity @s {} merge value {transformation:[-0.9746067503780454f,-0.08097090869667742f,-0.20877115237115595f,-0.33024942121394696f,-0.21992449199176228f,0.5215368131471441f,0.8243983080735222f,1.774274432905084f,0.042129561351993056f,0.8493780456764555f,-0.5261007846250881f,0.280074433316981f,0f,0f,0f,1f],start_interpolation:0}
execute if entity @s[tag=aj.heiloang_aj.bone.neck_2] run data modify entity @s {} merge value {transformation:[-0.9927694619450809f,-0.014335307752632646f,0.11917757499173949f,-0.2809299017783162f,0.05180645171294685f,0.8444451253111275f,0.5331308675167741f,1.9644486339108378f,-0.10828151730645667f,0.5354502117750176f,-0.8375966712683975f,-0.08111982388351457f,0f,0f,0f,1f],start_interpolation:0}
execute if entity @s[tag=aj.heiloang_aj.bone.neck_3] run data modify entity @s {} merge value {transformation:[-0.9879207858731112f,0.15404519417621354f,0.016810680862674274f,-0.275960771365352f,0.1549591821704665f,0.9817957845142917f,0.10983937987364281f,1.9975151008287038f,0.0004155729950415521f,0.11111757584279308f,-0.9938071803111037f,-0.5981058906905139f,0f,0f,0f,1f],start_interpolation:0}
execute if entity @s[tag=aj.heiloang_aj.bone.wing_right_2] run data modify entity @s {} merge value {transformation:[-2.0902510608121307f,0.6707608451599665f,-0.8452848027115208f,-4.25140384862821f,0.8548398822474583f,2.1538360760199264f,-0.4047405831829134f,3.467580831292929f,0.6585402681794937f,-0.6668178556070472f,-2.157603918459249f,0.09866899549459957f,0f,0f,0f,1f],start_interpolation:0}
execute if entity @s[tag=aj.heiloang_aj.bone.wing_right_1] run data modify entity @s {} merge value {transformation:[-2.6101068668166065f,1.7117373808976288f,-1.2018802167997098f,-2.5242341660633767f,1.9881041302761349f,2.6274467505583052f,-0.5754861536645143f,2.1746888135332765f,0.6496174904324603f,-1.1634850599463356f,-3.067819812881112f,-0.27997275698855684f,0f,0f,0f,1f],start_interpolation:0}
execute if entity @s[tag=aj.heiloang_aj.bone.wing_right_0] run data modify entity @s {} merge value {transformation:[-2.0703662121338082f,-0.07495922809596421f,-0.7977248032861712f,-0.6049270612623052f,0.06803470565248321f,2.1858343613871534f,-0.38196783032867276f,2.10834608412864f,0.7983451800327248f,-0.38066948748549717f,-2.036206206359278f,-1.0388567918610863f,0f,0f,0f,1f],start_interpolation:0}
execute if entity @s[tag=aj.heiloang_aj.bone.wing_left_2] run data modify entity @s {} merge value {transformation:[-2.142891239562779f,-0.4481910362184286f,0.8606497178176222f,3.9056749926573726f,-0.5921399627719144f,2.256881770416913f,-0.29905007134141315f,2.50192158070877f,-0.768741443018768f,-0.48906592166524887f,-2.1687386021307753f,0.37793357160984764f,0f,0f,0f,1f],start_interpolation:0}
execute if entity @s[tag=aj.heiloang_aj.bone.wing_left_1] run data modify entity @s {} merge value {transformation:[-2.955445189153653f,-0.9772689695198716f,1.2237270398344928f,1.9520737051293355f,-1.1989387059730612f,3.0933739511588727f,-0.42520859646928977f,1.7234240285847398f,-1.007525923303299f,-0.8143719865057424f,-3.0836518211961805f,-0.2347964092030208f,0f,0f,0f,1f],start_interpolation:0}
execute if entity @s[tag=aj.heiloang_aj.bone.wing_left_0] run data modify entity @s {} merge value {transformation:[-2.0296235520726467f,0.3864174481612595f,0.8122252105349532f,0.07077864884936186f,0.30232172192327833f,2.1811352983008643f,-0.28222400138780207f,2.0023590396974615f,-0.84713034022242f,-0.14741223240470383f,-2.04671439639538f,-1.0391410302835724f,0f,0f,0f,1f],start_interpolation:0}
execute if entity @s[tag=aj.heiloang_aj.bone.kazari_right] run data modify entity @s {} merge value {transformation:[-2.126855933174183f,1.5301510062557695f,-0.20491931615267284f,-0.6978782638232108f,0.1986192526540503f,-0.07473365166374937f,-2.619510538696188f,4.6885765092554506f,-1.5309815219502718f,-2.135397613541728f,-0.055161581588755185f,-4.780909237336073f,0f,0f,0f,1f],start_interpolation:0}
execute if entity @s[tag=aj.heiloang_aj.bone.kazari_left] run data modify entity @s {} merge value {transformation:[-2.126855933174183f,1.5301510062557695f,-0.20491931615267284f,3.4084631716895073f,0.1986192526540503f,-0.07473365166374937f,-2.619510538696188f,4.305100386429081f,-1.5309815219502718f,-2.135397613541728f,-0.055161581588755185f,-1.8250283229169106f,0f,0f,0f,1f],start_interpolation:0}
execute if entity @s[tag=aj.heiloang_aj.bone.ring] run data modify entity @s {} merge value {transformation:[-1.9014969061921643f,-1.1123097207156176f,0.0016990371393515277f,-0.40080933663033846f,0.18478956482046868f,-0.31257940679736457f,2.1728030782755483f,4.932026920354049f,-1.096853963961984f,1.8756298903119941f,0.3631118038471478f,-1.1167888296729092f,0f,0f,0f,1f],start_interpolation:0}
execute if entity @s[tag=aj.heiloang_aj.bone.body_0] run data modify entity @s {} merge value {transformation:[-1.1149299402732624f,0.16820593746407914f,-0.047857777024881434f,-0.3033916082373257f,0.17488105746193122f,1.0731941765985151f,-0.302197370924543f,1.8254578219742728f,0.00046899992506116704f,-0.30596306616083485f,-1.0862958888453018f,-1.6512029571038394f,0f,0f,0f,1f],start_interpolation:0}
execute if entity @s[tag=aj.heiloang_aj.bone.leg_right_3] run data modify entity @s {} merge value {transformation:[-0.9790799167756221f,-0.19573011870930507f,0.05560788789984843f,-0.24684466624929113f,-0.07659698180587395f,0.6077227131465154f,0.7904467131338262f,-0.18901562605036903f,-0.18850840550190698f,0.7696511057329025f,-0.6100014397517833f,-2.4574229442228472f,0f,0f,0f,1f],start_interpolation:0}
execute if entity @s[tag=aj.heiloang_aj.bone.leg_right_2] run data modify entity @s {} merge value {transformation:[-0.9790799167756221f,-0.12529631854662795f,0.16032264071335248f,-0.33061155081662713f,-0.07659698180587395f,0.9569154668509345f,0.2800815804005849f,0.3797518603248513f,-0.18850840550190698f,0.26194202003519906f,-0.9464940354777771f,-2.2534606781227495f,0f,0f,0f,1f],start_interpolation:0}
execute if entity @s[tag=aj.heiloang_aj.bone.leg_right_1] run data modify entity @s {} merge value {transformation:[-0.9592728621553661f,-0.18881250201943756f,0.21010810315980621f,-0.49304449557200647f,-0.20579854815267107f,0.9766313679464126f,-0.061952632884907155f,0.4967855775967943f,-0.1935007325838965f,-0.10266942205096519f,-0.9757133063893388f,-1.5726769675637944f,0f,0f,0f,1f],start_interpolation:0}
execute if entity @s[tag=aj.heiloang_aj.bone.leg_right_0] run data modify entity @s {} merge value {transformation:[-0.9395431787975844f,0.1999228488790511f,0.2780098373637422f,-0.2943370786005455f,0.007755140754559686f,0.8240871100097027f,-0.5664100042440401f,1.0603490098421666f,-0.3423426251094176f,-0.5300106504702905f,-0.7758158527777401f,-1.9998164726257226f,0f,0f,0f,1f],start_interpolation:0}
execute if entity @s[tag=aj.heiloang_aj.bone.leg_left_3] run data modify entity @s {} merge value {transformation:[-0.9171417234816372f,-0.3886202578476067f,-0.08846103232266553f,0.8769094766067245f,-0.3931884865621817f,0.8458904996264327f,0.3603776861525777f,0.3784153765747894f,-0.06522172248624897f,0.3652992716009767f,-0.9286024817346348f,-1.5076357669738925f,0f,0f,0f,1f],start_interpolation:0}
execute if entity @s[tag=aj.heiloang_aj.bone.leg_left_2] run data modify entity @s {} merge value {transformation:[-0.9171417234816372f,-0.34262558974420826f,0.2036142536797596f,0.65892393499616f,-0.3931884865621817f,0.8613989636577424f,-0.3215503684406364f,0.9174747094197293f,-0.06522172248624897f,-0.37496603934463346f,-0.9247413672233581f,-1.692057267406754f,0f,0f,0f,1f],start_interpolation:0}
execute if entity @s[tag=aj.heiloang_aj.bone.leg_left_1] run data modify entity @s {} merge value {transformation:[-0.9603983008757869f,-0.25641736366240764f,0.10901944453776083f,0.5627467880877394f,-0.2698166290656728f,0.9535076014969877f,-0.1342469387624889f,1.0837854084234135f,-0.069527622960508f,-0.15834579091306084f,-0.9849327490471513f,-1.0089478172508697f,0f,0f,0f,1f],start_interpolation:0}
execute if entity @s[tag=aj.heiloang_aj.bone.leg_left_0] run data modify entity @s {} merge value {transformation:[-0.912834025316783f,-0.30395112800039786f,0.27266784557634305f,0.32613126001758974f,-0.3733561048232366f,0.35089255100916644f,-0.858766345776021f,1.268755124028067f,0.1653458835749448f,-0.8857133449562365f,-0.4337886689982295f,-1.6792729866227358f,0f,0f,0f,1f],start_interpolation:0}
execute if entity @s[tag=aj.heiloang_aj.bone.tail_4] run data modify entity @s {} merge value {transformation:[-0.9941487783181232f,0.5023969659460601f,1.1154012098184445f,2.241731219937197f,-0.8359381118062784f,0.7703739066140446f,-1.0920558048587274f,-0.9949016482774153f,-0.8931573453126893f,-1.2802248616177088f,-0.21942794693835327f,-4.791099914623146f,0f,0f,0f,1f],start_interpolation:0}
execute if entity @s[tag=aj.heiloang_aj.bone.tail_3] run data modify entity @s {} merge value {transformation:[-0.8419672802235972f,0.2363560772677789f,0.48500196264702455f,1.587444503596036f,-0.06677843658679358f,0.8463713516508716f,-0.5283901735570982f,-0.3108935838276816f,-0.5353799953676843f,-0.47727491013383905f,-0.6968334956909246f,-3.8474505025069563f,0f,0f,0f,1f],start_interpolation:0}
execute if entity @s[tag=aj.heiloang_aj.bone.tail_2] run data modify entity @s {} merge value {transformation:[-0.8823222309150172f,0.21690822908722607f,0.4176820572964442f,1.264362366078344f,-0.07179035128074547f,0.815053589543457f,-0.5749206829079239f,0.1541603399701817f,-0.465138287282539f,-0.5372508411594807f,-0.7035679834794193f,-3.306372344310555f,0f,0f,0f,1f],start_interpolation:0}
execute if entity @s[tag=aj.heiloang_aj.bone.tail_1] run data modify entity @s {} merge value {transformation:[-0.7749774288480581f,0.14014428191383124f,0.6162544645054584f,0.7851352224664276f,-0.22990206979013994f,0.8457801044715302f,-0.48145721843829226f,0.5446964039715857f,-0.5886892415207383f,-0.5147966541528648f,-0.6232410302529456f,-2.828012710250512f,0f,0f,0f,1f],start_interpolation:0}
execute if entity @s[tag=aj.heiloang_aj.bone.tail_ring] run data modify entity @s {} merge value {transformation:[-0.8327162403352577f,-0.02145841783177943f,0.5532840133114908f,0.8639807519803362f,-0.31485564442411884f,0.8403198187518466f,-0.44128055178892356f,0.5073435982539675f,-0.4554663393228812f,-0.5416660765794924f,-0.7065042641249897f,-2.946342445152367f,0f,0f,0f,1f],start_interpolation:0}
execute if entity @s[tag=aj.heiloang_aj.bone.tail_0] run data modify entity @s {} merge value {transformation:[-0.8327162403352577f,-0.02145841783177943f,0.5532840133114908f,0.09158319355944598f,-0.31485564442411884f,0.8403198187518466f,-0.44128055178892356f,1.1047803243434433f,-0.4554663393228812f,-0.5416660765794924f,-0.7065042641249897f,-1.9471870165132596f,0f,0f,0f,1f],start_interpolation:0}
execute if entity @s[tag=aj.heiloang_aj.bone.body_1] run data modify entity @s {} merge value {transformation:[-0.8513458964620488f,0.22426643193214882f,0.4742517602346386f,-0.056721101453368825f,-0.2859544622452738f,0.5595281750370261f,-0.777919190444452f,1.4186813792402662f,-0.43981838308470755f,-0.7978927176307338f,-0.41222202882984715f,-1.8572721285582572f,0f,0f,0f,1f],start_interpolation:0}