execute if entity @s[tag=aj.heiloang_aj.bone.head_lower] run data modify entity @s {} merge value {transformation:[-0.7545472163952403f,0.12488093804238534f,-0.2346555977253657f,-0.4311149635033175f,0.03877391879057279f,0.7503723138079419f,0.27465974203027554f,0.4875771902379879f,0.26297353755048586f,0.24768153339352797f,-0.7137918299924804f,2.7551809321234133f,0f,0f,0f,1f],start_interpolation:0}
execute if entity @s[tag=aj.heiloang_aj.bone.horne_right] run data modify entity @s {} merge value {transformation:[-0.6341202375032197f,-0.42455967164119063f,-0.24008458843662817f,-0.7519800730702206f,-0.48552638765584205f,0.5869559054360444f,0.24443177363759883f,1.0033766299499027f,0.04642899179101065f,0.33945817163485364f,-0.7229194273441493f,2.793042381009369f,0f,0f,0f,1f],start_interpolation:0}
execute if entity @s[tag=aj.heiloang_aj.bone.horne_left] run data modify entity @s {} merge value {transformation:[-0.4785008868995308f,0.5946790707026214f,-0.23956983137413065f,-0.1104640296909874f,0.542700650823053f,0.5348611742148538f,0.24372018364046605f,0.9704110441941578f,0.3413398670425081f,-0.016742974221287982f,-0.7233303311638661f,2.5694622793839463f,0f,0f,0f,1f],start_interpolation:0}
execute if entity @s[tag=aj.heiloang_aj.bone.head_upper] run data modify entity @s {} merge value {transformation:[-1.105241898895338f,0.16870236699034305f,-0.35091589975104226f,-0.48112885228045393f,0.056795066896461265f,1.1146707303554853f,0.3569952319919637f,0.6798372281112626f,0.38519706346551297f,0.3197042174583016f,-1.0595161858305522f,2.585286591920141f,0f,0f,0f,1f],start_interpolation:0}
execute if entity @s[tag=aj.heiloang_aj.bone.neck_0] run data modify entity @s {} merge value {transformation:[-0.9783962265651006f,-0.026604120815947832f,-0.20501962003374902f,-0.5663210899808712f,-0.18998115392749834f,0.5068082213044892f,0.8408641911572619f,1.0064168307389143f,0.08153517643047456f,0.8616482156737691f,-0.5009135328883232f,2.314088685563792f,0f,0f,0f,1f],start_interpolation:0}
execute if entity @s[tag=aj.heiloang_aj.bone.neck_1] run data modify entity @s {} merge value {transformation:[-0.9859047276878137f,-0.08077512898393693f,-0.14651705177366284f,-0.6207150698894316f,-0.15240764239624655f,0.7948683448966327f,0.5873297411339782f,1.2303424289910543f,0.06902013084626629f,0.6013814869273213f,-0.7959752060956726f,2.0315724224280376f,0f,0f,0f,1f],start_interpolation:0}
execute if entity @s[tag=aj.heiloang_aj.bone.neck_2] run data modify entity @s {} merge value {transformation:[-0.9814000800195438f,-0.03891055168794738f,0.18798896750866106f,-0.5423729134141716f,0.024734469295664127f,0.9454525235350862f,0.32481953723536894f,1.3317650643125591f,-0.19037355112067092f,0.3234277271794686f,-0.9269047504060104f,1.6408859896927774f,0f,0f,0f,1f],start_interpolation:0}
execute if entity @s[tag=aj.heiloang_aj.bone.neck_3] run data modify entity @s {} merge value {transformation:[-0.9737573149313957f,0.054750906994548404f,0.22090502439028611f,-0.4293804249437052f,0.02500970176501378f,0.9904959551752206f,-0.1352489467580158f,1.237787636690774f,-0.2262105356415206f,-0.12617488246399075f,-0.9658719856171284f,1.144102719633382f,0f,0f,0f,1f],start_interpolation:0}
execute if entity @s[tag=aj.heiloang_aj.bone.wing_right_2] run data modify entity @s {} merge value {transformation:[-2.2937713147889944f,-0.004449354800678927f,-0.5216985384434534f,-4.431319192628953f,0.046161391750370345f,2.341313394504943f,-0.2229276136875319f,2.852342902627191f,0.5196713265938832f,-0.22761326471584742f,-2.2829169762307506f,1.3475897694078542f,0f,0f,0f,1f],start_interpolation:0}
execute if entity @s[tag=aj.heiloang_aj.bone.wing_right_1] run data modify entity @s {} merge value {transformation:[-2.646455265851957f,1.9061083588824648f,-0.7417844855096712f,-2.687351561696528f,2.004032469458057f,2.659060149724069f,-0.316972797582465f,1.5450892318770573f,0.40908087232513246f,-0.6952473065376165f,-3.2459979660421685f,1.129142518906743f,0f,0f,0f,1f],start_interpolation:0}
execute if entity @s[tag=aj.heiloang_aj.bone.wing_right_0] run data modify entity @s {} merge value {transformation:[-2.161840550558338f,0.11154235855249005f,-0.4923451393181124f,-0.6805138470266978f,0.161635975709064f,2.2040898667166684f,-0.21038457831665705f,1.3930609352177608f,0.4782460092025886f,-0.24072008990827223f,-2.154468517522674f,0.6670430894948597f,0f,0f,0f,1f],start_interpolation:0}
execute if entity @s[tag=aj.heiloang_aj.bone.wing_left_2] run data modify entity @s {} merge value {transformation:[-2.2174411098676865f,-0.055160832562336025f,0.7832548838920824f,3.647573423353413f,-0.14496417924675067f,2.334965549987046f,-0.24596193492086488f,2.8675231171047533f,-0.7716970372659764f,-0.2801234892787998f,-2.2044478945418944f,1.9127662710449247f,0f,0f,0f,1f],start_interpolation:0}
execute if entity @s[tag=aj.heiloang_aj.bone.wing_left_1] run data modify entity @s {} merge value {transformation:[-2.6015624549682625f,-1.7829200088198127f,1.1136820946524477f,1.9273397879280867f,-1.9810181963438886f,2.6721673732000375f,-0.349724474779246f,1.5758355972916989f,-0.7033196083957234f,-0.931631120484481f,-3.1344255864019033f,1.499978129994559f,0f,0f,0f,1f],start_interpolation:0}
execute if entity @s[tag=aj.heiloang_aj.bone.wing_left_0] run data modify entity @s {} merge value {transformation:[-2.0913586051709845f,-0.09069023159969702f,0.739185001518339f,-0.011962147906515869f,-0.17747435973964226f,2.200686670991929f,-0.23212287210325677f,1.4089013506587866f,-0.7232717582017685f,-0.2777651130197136f,-2.0804145033566908f,0.8105674703450252f,0f,0f,0f,1f],start_interpolation:0}
execute if entity @s[tag=aj.heiloang_aj.bone.kazari_right] run data modify entity @s {} merge value {transformation:[-2.568858471082335f,0.525220551238092f,-0.1788287355598472f,-2.030492599497517f,-0.06086557770280659f,-1.1087230900337801f,-2.381994685055595f,1.983824763913505f,-0.5514813918489749f,-2.324165801043323f,1.0958977106743206f,-3.5703956664988947f,0f,0f,0f,1f],start_interpolation:0}
execute if entity @s[tag=aj.heiloang_aj.bone.kazari_left] run data modify entity @s {} merge value {transformation:[-2.568858471082335f,0.525220551238092f,-0.1788287355598472f,2.929227434774001f,-0.06086557770280659f,-1.1087230900337801f,-2.381994685055595f,2.101338526749544f,-0.5514813918489749f,-2.324165801043323f,1.0958977106743206f,-2.5056451796692776f,0f,0f,0f,1f],start_interpolation:0}
execute if entity @s[tag=aj.heiloang_aj.bone.ring] run data modify entity @s {} merge value {transformation:[-2.153284321883327f,-0.4582948087170803f,-0.0791124719526948f,-0.21717635456543222f,-0.05101911829132612f,-0.13969918137586732f,2.197909796619442f,3.0347616103871102f,-0.46226611868518636f,2.1502037793683453f,0.1259366050433541f,-0.0426935938758686f,0f,0f,0f,1f],start_interpolation:0}
execute if entity @s[tag=aj.heiloang_aj.bone.body_0] run data modify entity @s {} merge value {transformation:[-1.103125657834784f,-0.01827465733746595f,0.23755461659047494f,-0.20797730361031136f,-0.02613704927644909f,1.1277281776897758f,-0.034617738766299f,1.32295794012124f,-0.23681852465415335f,-0.039339167268378473f,-1.1027337812169058f,0.1033836093139674f,0f,0f,0f,1f],start_interpolation:0}
execute if entity @s[tag=aj.heiloang_aj.bone.leg_right_3] run data modify entity @s {} merge value {transformation:[-0.9917505873454043f,-0.0065394286037180754f,0.1280156567517528f,-0.6045984243553902f,0.10570030814069536f,0.5232471209084518f,0.8456003165325672f,-0.07911788989923652f,-0.07251356672380563f,0.8521559049461269f,-0.5182394198692721f,-1.3594051460898542f,0f,0f,0f,1f],start_interpolation:0}
execute if entity @s[tag=aj.heiloang_aj.bone.leg_right_2] run data modify entity @s {} merge value {transformation:[-0.9917505873454043f,0.053310507963200505f,0.11657084644434584f,-0.5776753274969867f,0.10570030814069536f,0.8545806381851302f,0.5084480088446186f,0.41663739548522105f,-0.07251356672380563f,0.5165751857956407f,-0.8531657869729607f,-1.0049819606613069f,0f,0f,0f,1f],start_interpolation:0}
execute if entity @s[tag=aj.heiloang_aj.bone.leg_right_1] run data modify entity @s {} merge value {transformation:[-0.9909610065755262f,-0.05553620329885982f,0.12211475574216213f,-0.6680122515700375f,-0.009864496679351409f,0.9379857773081863f,0.3465333653096339f,0.2425304273554595f,-0.1337870515112853f,0.34219645189672077f,-0.9300551667278731f,-0.3230187527970596f,0f,0f,0f,1f],start_interpolation:0}
execute if entity @s[tag=aj.heiloang_aj.bone.leg_right_0] run data modify entity @s {} merge value {transformation:[-0.8633571285922932f,0.49342812365429256f,0.10556114482078616f,-0.26926331843136214f,0.43335913207415727f,0.8322345627561529f,-0.3458113578267896f,0.811555391157575f,-0.25848468263478197f,-0.2528128148276489f,-0.9323472258242189f,-0.5612338140315931f,0f,0f,0f,1f],start_interpolation:0}
execute if entity @s[tag=aj.heiloang_aj.bone.leg_left_3] run data modify entity @s {} merge value {transformation:[-0.8811657211730819f,-0.42980190469990176f,0.197021051022116f,0.9476030501817051f,-0.19330864236681766f,0.7077825444670984f,0.6794671725212171f,-0.2965320890374728f,-0.4314843457366912f,0.5606373091973245f,-0.70675813891328f,-0.562890084665323f,0f,0f,0f,1f],start_interpolation:0}
execute if entity @s[tag=aj.heiloang_aj.bone.leg_left_2] run data modify entity @s {} merge value {transformation:[-0.8811657211730819f,-0.28267403086243004f,0.3790017996072164f,0.757804763991938f,-0.19330864236681766f,0.9469292912191762f,0.25682033840302876f,0.267259368596846f,-0.4314843457366912f,0.15303695536416817f,-0.889044964935433f,-0.42787248078202217f,0f,0f,0f,1f],start_interpolation:0}
execute if entity @s[tag=aj.heiloang_aj.bone.leg_left_1] run data modify entity @s {} merge value {transformation:[-0.9091792358000239f,-0.1032583104605577f,0.4033991057388646f,0.4654028977462549f,-0.06719857328866782f,0.9924516836465554f,0.10258658477152227f,0.26937715403830376f,-0.41094703909147723f,0.06616174837433092f,-0.9092552744493703f,0.21869110981342593f,0f,0f,0f,1f],start_interpolation:0}
execute if entity @s[tag=aj.heiloang_aj.bone.leg_left_0] run data modify entity @s {} merge value {transformation:[-0.9141660026978863f,-0.10108484971934807f,0.39253327587426917f,0.3850220998708091f,-0.29301950534272375f,0.8339283318305334f,-0.46765703978348194f,0.836490751482942f,-0.28007157835109536f,-0.5425360730196294f,-0.7919687623084422f,-0.2411541157076299f,0f,0f,0f,1f],start_interpolation:0}
execute if entity @s[tag=aj.heiloang_aj.bone.tail_4] run data modify entity @s {} merge value {transformation:[-0.5559845693839162f,0.5277334426448635f,-1.3774007898243912f,-0.5924536088009668f,-0.7046162728468822f,1.198168712275615f,0.743479662567065f,0.17845084620157045f,1.2958593404895544f,0.8779199930094249f,-0.1867067733853845f,-3.797401114269081f,0f,0f,0f,1f],start_interpolation:0}
execute if entity @s[tag=aj.heiloang_aj.bone.tail_3] run data modify entity @s {} merge value {transformation:[-0.726091287732694f,0.08402044774333564f,-0.6824456067993168f,0.31731917079099525f,-0.16778397579526808f,0.9408543667608372f,0.29434944880770025f,-0.2394505082015935f,0.6668133017157133f,0.3282280075009952f,-0.669048873959829f,-2.9119044740148583f,0f,0f,0f,1f],start_interpolation:0}
execute if entity @s[tag=aj.heiloang_aj.bone.tail_2] run data modify entity @s {} merge value {transformation:[-0.9663792902515959f,0.03835983434407141f,-0.2542431719474829f,0.5170924085993406f,0.03321668500318633f,0.9991480039131765f,0.024493225873988833f,-0.240374270029433f,0.2549661138469602f,0.01522463087928666f,-0.9668301254120953f,-2.154598331811023f,0f,0f,0f,1f],start_interpolation:0}
execute if entity @s[tag=aj.heiloang_aj.bone.tail_1] run data modify entity @s {} merge value {transformation:[-0.9984252895809207f,0.05589460139919451f,-0.0047680876334169064f,0.5217625904929768f,0.05423636017910405f,0.9400931191675731f,-0.3365759119846605f,0.03853196457418584f,-0.01433033006518969f,-0.33630450610749874f,-0.941644264471469f,-1.424396637990395f,0f,0f,0f,1f],start_interpolation:0}
execute if entity @s[tag=aj.heiloang_aj.bone.tail_ring] run data modify entity @s {} merge value {transformation:[-0.9127820886212872f,0.2524193416588811f,0.32111265102555153f,0.5757376726717814f,-0.0005741152747390753f,0.7853860264925174f,-0.6190060256426799f,-0.026065096244194286f,-0.408446482521042f,-0.5652019686331532f,-0.7167413798361276f,-1.5449274888903524f,0f,0f,0f,1f],start_interpolation:0}
execute if entity @s[tag=aj.heiloang_aj.bone.tail_0] run data modify entity @s {} merge value {transformation:[-0.9127820886212872f,0.2524193416588811f,0.32111265102555153f,0.121471679905229f,-0.0005741152747390753f,0.7853860264925174f,-0.6190060256426799f,0.8208776419749337f,-0.408446482521042f,-0.5652019686331532f,-0.7167413798361276f,-0.5309400104135389f,0f,0f,0f,1f],start_interpolation:0}
execute if entity @s[tag=aj.heiloang_aj.bone.body_1] run data modify entity @s {} merge value {transformation:[-0.8977463817526495f,0.19277998975431093f,0.39609002714074215f,-0.0014344106067245054f,-0.034213859706496486f,0.8659266559520284f,-0.49899943718978435f,1.0575884374999993f,-0.43918201904678456f,-0.46152670785347316f,-0.7707867747204311f,-0.29120095340049196f,0f,0f,0f,1f],start_interpolation:0}