execute if entity @s[tag=aj.heiloang_aj.bone.head_lower] run data modify entity @s {} merge value {transformation:[-0.7999503739815764f,-0.008673669281361911f,-0.002041231964609918f,-0.03852164405373432f,-0.0019410309769109422f,-0.00923984810209507f,0.7999442840634572f,-0.2850675153971598f,-0.00869664104597049f,0.7998996141193265f,0.00921823010505668f,2.8411762379975682f,0f,0f,0f,1f],start_interpolation:0}
execute if entity @s[tag=aj.heiloang_aj.bone.horne_right] run data modify entity @s {} merge value {transformation:[-0.5889222118653853f,-0.5414428027454922f,-0.003212433141445205f,-0.37689277689514156f,-0.540353143300605f,0.5880185945158536f,-0.04746170065174857f,0.1510175930121155f,0.034483458305948775f,-0.032769251726371976f,-0.7985844146015844f,2.5847162517627886f,0f,0f,0f,1f],start_interpolation:0}
execute if entity @s[tag=aj.heiloang_aj.bone.horne_left] run data modify entity @s {} merge value {transformation:[-0.5906483507534138f,0.5394967642191724f,0.008818568439089815f,0.3032250310639947f,0.5374909870019593f,0.5894415726340818f,-0.06051505054381423f,0.1526678575486852f,-0.047307131005082236f,-0.038754017181490755f,-0.7976591762829313f,2.592110135980073f,0f,0f,0f,1f],start_interpolation:0}
execute if entity @s[tag=aj.heiloang_aj.bone.head_upper] run data modify entity @s {} merge value {transformation:[-1.1717473090488637f,-0.001871256466723564f,0.012917218585367787f,-0.03686758203859461f,-0.0028431736492047256f,1.1684591622012597f,-0.0886409331603155f,-0.1732918679292109f,-0.012738622388111425f,-0.08866677544134995f,-1.1683912199398307f,2.6048864439337516f,0f,0f,0f,1f],start_interpolation:0}
execute if entity @s[tag=aj.heiloang_aj.bone.neck_0] run data modify entity @s {} merge value {transformation:[-0.99995951342631f,-0.0017960563853326728f,0.008817351624940595f,-0.03217174633945098f,0.004486709653219054f,0.7498664740860135f,0.6615739871535897f,0.060392178131618734f,-0.007800060557767984f,0.6615867631862589f,-0.7498280561782307f,2.2404279766530024f,0f,0f,0f,1f],start_interpolation:0}
execute if entity @s[tag=aj.heiloang_aj.bone.neck_1] run data modify entity @s {} merge value {transformation:[-0.99995951342631f,-0.004016955775964504f,0.008052054055399917f,-0.029288021421485677f,0.004486709653219054f,0.5530874459682433f,0.8331111249700207f,0.37085296855532757f,-0.007800060557767984f,0.8331135223837262f,-0.5530470304383484f,2.0493191090430827f,0f,0f,0f,1f],start_interpolation:0}
execute if entity @s[tag=aj.heiloang_aj.bone.neck_2] run data modify entity @s {} merge value {transformation:[-0.9999421916861527f,-0.0017874935067470985f,0.010602742704445303f,-0.02488309963806085f,0.00541241451582541f,0.7683711804036273f,0.6399815894963272f,0.607364423112225f,-0.009290804862992955f,0.6400019796782662f,-0.7683170875054762f,1.71301142003253f,0f,0f,0f,1f],start_interpolation:0}
execute if entity @s[tag=aj.heiloang_aj.bone.neck_3] run data modify entity @s {} merge value {transformation:[-0.999911405322892f,0.002663236740038004f,0.013041804908281461f,-0.01819845920473114f,0.00590873743746793f,0.9667644440678352f,0.2556004626523679f,0.7162262530661677f,-0.011927628728889392f,0.2556548784128243f,-0.9666945302507042f,1.206555998178426f,0f,0f,0f,1f],start_interpolation:0}
execute if entity @s[tag=aj.heiloang_aj.bone.wing_right_2] run data modify entity @s {} merge value {transformation:[-2.0201508431164448f,1.2044736736207111f,0.04254112047835161f,-4.431753673113249f,1.1873462662083956f,1.9746949140006254f,0.47367166588476917f,2.0352001567672944f,0.2068221977881167f,0.4282512959649965f,-2.303779809861915f,0.9608696832094338f,0f,0f,0f,1f],start_interpolation:0}
execute if entity @s[tag=aj.heiloang_aj.bone.wing_right_1] run data modify entity @s {} merge value {transformation:[-3.090053982321024f,1.278720609727713f,0.06048769709263689f,-2.409559924807765f,1.2639811367165898f,3.0225771334488067f,0.6734967938134762f,1.1974021939303265f,0.20282220111866894f,0.6450735210113501f,-3.2756620827129583f,0.8779150181104073f,0f,0f,0f,1f],start_interpolation:0}
execute if entity @s[tag=aj.heiloang_aj.bone.wing_right_0] run data modify entity @s {} merge value {transformation:[-2.209231167644979f,0.21467608807679664f,0.040147541818219674f,-0.3543744725349571f,0.21835940738710685f,2.1635368821372967f,0.44702050158485646f,0.997883741717726f,0.004100867170944464f,0.44880099915181626f,-2.1741575025854902f,0.8566725450424397f,0f,0f,0f,1f],start_interpolation:0}
execute if entity @s[tag=aj.heiloang_aj.bone.wing_left_2] run data modify entity @s {} merge value {transformation:[-2.0322661027844062f,-1.18431384816966f,0.029516145210053295f,4.443820425123823f,-1.1567855461430179f,1.9964394305877522f,0.45787859367965517f,1.915147351919599f,-0.25557326548191406f,0.38105946432155535f,-2.307174028317519f,1.066566588670216f,0f,0f,0f,1f],start_interpolation:0}
execute if entity @s[tag=aj.heiloang_aj.bone.wing_left_1] run data modify entity @s {} merge value {transformation:[-3.144130041710908f,-1.1401332136278683f,0.04196795079049522f,2.384663322282429f,-1.1107306954054033f,3.087011737058008f,0.6510411895190099f,1.1780268592285155f,-0.26065758380525494f,0.5980581605067246f,-3.280488200490305f,0.9458194820632834f,0f,0f,0f,1f],start_interpolation:0}
execute if entity @s[tag=aj.heiloang_aj.bone.wing_left_0] run data modify entity @s {} merge value {transformation:[-2.2097585728530436f,-0.21116610858606463f,0.027855417553853193f,0.329532431585228f,-0.20174507427301172f,2.1681731166504115f,0.43211602752156436f,0.9938423573444646f,-0.06830794030753784f,0.42759117252237405f,-2.177360745138913f,0.8648306554450664f,0f,0f,0f,1f],start_interpolation:0}
execute if entity @s[tag=aj.heiloang_aj.bone.kazari_right] run data modify entity @s {} merge value {transformation:[-2.627637889358102f,0.035228011689111924f,-0.03388654833977499f,-2.3350428779630623f,0.03052515215318577f,-0.24039276427288728f,-2.6168969644461573f,3.604705622968667f,-0.038177559534063606f,-2.6168378808466377f,0.2399420093905007f,-3.2652610835764984f,0f,0f,0f,1f],start_interpolation:0}
execute if entity @s[tag=aj.heiloang_aj.bone.kazari_left] run data modify entity @s {} merge value {transformation:[-2.627637889358102f,0.035228011689111924f,-0.03388654833977499f,2.738163150849181f,0.03052515215318577f,-0.24039276427288728f,-2.6168969644461573f,3.5457704148255904f,-0.038177559534063606f,-2.6168378808466377f,0.2399420093905007f,-3.1915512980775294f,0f,0f,0f,1f],start_interpolation:0}
execute if entity @s[tag=aj.heiloang_aj.bone.ring] run data modify entity @s {} merge value {transformation:[-2.2025547668095133f,-0.035997455446212336f,0.019569573069365923f,0.15463245862849392f,0.025586980479646394f,-0.38664910197584124f,2.1685880346795323f,3.933351521449193f,-0.032001428384581344f,2.168440209211843f,0.3870003274400076f,0.2878063454635561f,0f,0f,0f,1f],start_interpolation:0}
execute if entity @s[tag=aj.heiloang_aj.bone.body_0] run data modify entity @s {} merge value {transformation:[-1.1284620987399643f,0.002784899062280515f,0.014761842103275457f,-0.004031062320991052f,0.006668377032298469f,1.0866120098052636f,0.3047658918455191f,1.116138735686738f,-0.013461069527501932f,0.30482611505881907f,-1.086532197002462f,0.2169910026291537f,0f,0f,0f,1f],start_interpolation:0}
execute if entity @s[tag=aj.heiloang_aj.bone.leg_right_3] run data modify entity @s {} merge value {transformation:[-0.9837328810048755f,0.09877039111445887f,0.15004675494306438f,-0.7228952346356964f,0.17150492475618626f,0.7648783334824538f,0.6209244686380775f,-0.8735687990170935f,-0.05343855924538078f,0.6365575738361776f,-0.7693755751111266f,-0.6849184023245094f,0f,0f,0f,1f],start_interpolation:0}
execute if entity @s[tag=aj.heiloang_aj.bone.leg_right_2] run data modify entity @s {} merge value {transformation:[-0.9837328810048755f,0.15756825976355843f,0.0862662294581777f,-0.6311345060918221f,0.17150492475618626f,0.9666701500298409f,0.19009177211457529f,-0.29462317256897386f,-0.05343855924538078f,0.20179460982981806f,-0.977968944204983f,-0.5160519438015622f,0f,0f,0f,1f],start_interpolation:0}
execute if entity @s[tag=aj.heiloang_aj.bone.leg_right_1] run data modify entity @s {} merge value {transformation:[-0.998738667876202f,0.04798325723209548f,-0.014787843462379553f,-0.617097555515711f,0.04939712647605254f,0.8861928386638189f,-0.4606757825161545f,0.09697161588376169f,-0.008999843597427212f,-0.46082519432683033f,-0.8874452901947594f,0.0755596676108522f,0f,0f,0f,1f],start_interpolation:0}
execute if entity @s[tag=aj.heiloang_aj.bone.leg_right_0] run data modify entity @s {} merge value {transformation:[-0.9528147526678323f,0.30289675209309974f,-0.019940026830186138f,-0.3627712000686425f,0.2625568367164283f,0.7893878144436254f,-0.5549151159424107f,0.6267635405429528f,-0.1523415721068942f,-0.533966699316884f,-0.8316679682593482f,-0.36509343631458757f,0f,0f,0f,1f],start_interpolation:0}
execute if entity @s[tag=aj.heiloang_aj.bone.leg_left_3] run data modify entity @s {} merge value {transformation:[-0.9750384103645965f,-0.21126812674855655f,-0.06830722460938318f,0.7696576587587389f,-0.20837266193100132f,0.7644069565608378f,0.6101334595981324f,-0.3866882599097876f,-0.07668723540113735f,0.6091369167777907f,-0.7893486457484913f,-0.6595557018117456f,0f,0f,0f,1f],start_interpolation:0}
execute if entity @s[tag=aj.heiloang_aj.bone.leg_left_2] run data modify entity @s {} merge value {transformation:[-0.9750384103645965f,-0.2189042764373552f,0.03716202458315283f,0.6347702867940872f,-0.20837266193100132f,0.9599358156092864f,0.18736078477184698f,0.1882904907230878f,-0.07668723540113735f,0.17494041176346814f,-0.9815879584930525f,-0.5068508109093323f,0f,0f,0f,1f],start_interpolation:0}
execute if entity @s[tag=aj.heiloang_aj.bone.leg_left_1] run data modify entity @s {} merge value {transformation:[-0.9953227848141738f,-0.08487028906255115f,0.046147459997240764f,0.5958358875049108f,-0.08157886313534227f,0.9942715867159551f,0.06905722944690224f,0.21420417792374052f,-0.05174401529938513f,0.06496957660148356f,-0.9965447862474223f,0.20121726946886842f,0f,0f,0f,1f],start_interpolation:0}
execute if entity @s[tag=aj.heiloang_aj.bone.leg_left_0] run data modify entity @s {} merge value {transformation:[-0.9564610384273422f,-0.2760707425129395f,0.094695443918091f,0.366015120020367f,-0.2577289107408323f,0.6466608663372573f,-0.7179174970122207f,0.6289136156460509f,0.1369601786609309f,-0.7110658683105961f,-0.6896573354825306f,-0.3597952380611007f,0f,0f,0f,1f],start_interpolation:0}
execute if entity @s[tag=aj.heiloang_aj.bone.tail_4] run data modify entity @s {} merge value {transformation:[-0.0017835548178711579f,-0.5202751362297082f,-1.4880070447551799f,-2.356640157233183f,-1.0053227671015077f,1.146495015542788f,-0.3996619533688242f,0.8794103412600931f,1.2141570394999375f,0.9485343038838268f,-0.33310617147697236f,-2.935873564948857f,0f,0f,0f,1f],start_interpolation:0}
execute if entity @s[tag=aj.heiloang_aj.bone.tail_3] run data modify entity @s {} merge value {transformation:[-0.4719404354099844f,0.1568500540841718f,-0.8675657242876913f,-1.2013885149646522f,-0.6777514425835441f,0.5648032741371902f,0.4707974549632091f,0.23553292078867666f,0.5638485678805605f,0.81018227705727f,-0.1602481526924358f,-2.742876510974096f,0f,0f,0f,1f],start_interpolation:0}
execute if entity @s[tag=aj.heiloang_aj.bone.tail_2] run data modify entity @s {} merge value {transformation:[-0.8397231761500422f,0.009821844417983228f,-0.5429258870312907f,-0.7760981003216351f,-0.2881845492319696f,0.8393526579210278f,0.46090864737480536f,-0.11002357704557869f,0.4602332593592639f,0.5434985253090716f,-0.7019933760132022f,-2.1832859794983617f,0f,0f,0f,1f],start_interpolation:0}
execute if entity @s[tag=aj.heiloang_aj.bone.tail_1] run data modify entity @s {} merge value {transformation:[-0.8815512717742751f,0.05302611389878964f,-0.46910082762445715f,-0.4086070020764106f,0.11105588076065423f,0.9890791559653848f,-0.09689692762558239f,-0.017595710404210263f,0.4588397831287446f,-0.13751601535673774f,-0.8778128496090565f,-1.499610329692953f,0f,0f,0f,1f],start_interpolation:0}
execute if entity @s[tag=aj.heiloang_aj.bone.tail_ring] run data modify entity @s {} merge value {transformation:[-0.9427697935132611f,-0.056816327409583145f,-0.3285681381063143f,-0.457586866177932f,0.12607555191652112f,0.8514880044489291f,-0.5089922725233901f,-0.0643328169498818f,0.30869089984628245f,-0.5212869490206592f,-0.7955940202973028f,-1.6301108720887032f,0f,0f,0f,1f],start_interpolation:0}
execute if entity @s[tag=aj.heiloang_aj.bone.tail_0] run data modify entity @s {} merge value {transformation:[-0.9427697935132611f,-0.056816327409583145f,-0.3285681381063143f,0.0026738018810072584f,0.12607555191652112f,0.8514880044489291f,-0.5089922725233901f,0.6274380527175126f,0.30869089984628245f,-0.5212869490206592f,-0.7955940202973028f,-0.506966454913593f,0f,0f,0f,1f],start_interpolation:0}
execute if entity @s[tag=aj.heiloang_aj.bone.body_1] run data modify entity @s {} merge value {transformation:[-0.9999692238725311f,0.0009257832569647754f,0.0077906503662337895f,0.003049375000000028f,-0.002950122515814959f,0.8757630035456329f,-0.4827322843956819f,0.8590289598985724f,-0.007269668830796668f,-0.4827404111384222f,-0.875733319777772f,-0.23314491829451536f,0f,0f,0f,1f],start_interpolation:0}