execute if entity @s[tag=aj.heiloang_aj.bone.head_lower] run data modify entity @s {} merge value {transformation:[-0.7992260180567073f,-0.028001579529309414f,-0.02129984988406212f,-0.13309610390411472f,-0.014969832089071447f,-0.16764135082637568f,0.7820948034735516f,-0.041923598393379835f,-0.03183828180735934f,0.7817367133741205f,0.16695518792353642f,2.7526364973787247f,0f,0f,0f,1f],start_interpolation:0}
execute if entity @s[tag=aj.heiloang_aj.bone.horne_right] run data modify entity @s {} merge value {transformation:[-0.5765647951397924f,-0.5541769331820766f,0.02147006600635953f,-0.4753779028878023f,-0.5472728652652004f,0.5735436865934593f,0.10742462712619344f,0.4299845133876008f,-0.0898078390221429f,0.06273409198906114f,-0.7924638703136446f,2.577756898865776f,0f,0f,0f,1f],start_interpolation:0}
execute if entity @s[tag=aj.heiloang_aj.bone.horne_left] run data modify entity @s {} merge value {transformation:[-0.6019376650646263f,0.5261044571480201f,0.029751429302351452f,0.20412405766401026f,0.5251990293949499f,0.5953123198692727f,0.09883937137835241f,0.44271186462972933f,0.042860551783062674f,0.09390070277081043f,-0.7933130725760161f,2.604825806058393f,0f,0f,0f,1f],start_interpolation:0}
execute if entity @s[tag=aj.heiloang_aj.bone.head_upper] run data modify entity @s {} merge value {transformation:[-1.1706862905990136f,-0.02750598300951978f,0.043579149856351855f,-0.1283267891795858f,-0.02192743579826963f,1.1626352793397177f,0.14477744021072617f,0.11444778527426311f,-0.04663591923437479f,0.14382190561015948f,-1.162025155882534f,2.5432214977400283f,0f,0f,0f,1f],start_interpolation:0}
execute if entity @s[tag=aj.heiloang_aj.bone.neck_0] run data modify entity @s {} merge value {transformation:[-0.9987187385162799f,-0.010679133550271289f,0.049465517717557306f,-0.10565233950161991f,0.026514046145692617f,0.7221491704581767f,0.6912290365454505f,0.36263065845109965f,-0.04310320978111247f,0.6916549224238797f,-0.7209407615008201f,2.1891715162086096f,0f,0f,0f,1f],start_interpolation:0}
execute if entity @s[tag=aj.heiloang_aj.bone.neck_1] run data modify entity @s {} merge value {transformation:[-0.9987187385162799f,-0.023117868959757107f,0.045016057926144576f,-0.08953874641939523f,0.026514046145692617f,0.5186392949929507f,0.8545819369997237f,0.6804845492965697f,-0.04310320978111247f,0.8546805519163139f,-0.5173618341959432f,2.0113343048847727f,0f,0f,0f,1f],start_interpolation:0}
execute if entity @s[tag=aj.heiloang_aj.bone.neck_2] run data modify entity @s {} merge value {transformation:[-0.9988945137577551f,-0.010927511192712938f,0.04572023494899474f,-0.07043630953544308f,0.02213762942567387f,0.748649914780218f,0.6625958273812056f,0.9269243278673306f,-0.041468973318249475f,0.6628754744284222f,-0.7475803834058412f,1.6827578821103364f,0f,0f,0f,1f],start_interpolation:0}
execute if entity @s[tag=aj.heiloang_aj.bone.neck_3] run data modify entity @s {} merge value {transformation:[-0.9991269386364947f,0.004989638727226014f,0.041478476300821944f,-0.04909202838859591f,0.01708835336332453f,0.9547977987396912f,0.29676447176367093f,1.0573783198113003f,-0.03812281036592446f,0.2972141770293138f,-0.9540494663813777f,1.1818398704434872f,0f,0f,0f,1f],start_interpolation:0}
execute if entity @s[tag=aj.heiloang_aj.bone.wing_right_2] run data modify entity @s {} merge value {transformation:[-2.344282272910287f,0.13922749860158715f,0.13613351854974254f,-4.618565720155226f,0.16598297107090718f,2.2886947440853804f,0.51759253088838f,1.4021107737397696f,-0.10181495250729361f,0.5254218099299927f,-2.2906640180124267f,0.5551734660148808f,0f,0f,0f,1f],start_interpolation:0}
execute if entity @s[tag=aj.heiloang_aj.bone.wing_right_1] run data modify entity @s {} merge value {transformation:[-3.339051682083268f,-0.022042130446097423f,0.1935633791870157f,-2.4353733354754232f,0.021124435526612938f,3.2626914616967064f,0.7359463002795068f,1.3770833670087017f,-0.1936656797178612f,0.7359193863167415f,-3.257013207563428f,0.7315228325283039f,0f,0f,0f,1f],start_interpolation:0}
execute if entity @s[tag=aj.heiloang_aj.bone.wing_right_0] run data modify entity @s {} merge value {transformation:[-2.216274943543852f,0.0044515970178389585f,0.128473958075891f,-0.3729282544821736f,0.03266514797542181f,2.165347522753816f,0.4884701565210062f,1.3506162593409765f,-0.12433166421889005f,0.4895408961342283f,-2.1617796715402466f,0.8298380336296318f,0f,0f,0f,1f],start_interpolation:0}
execute if entity @s[tag=aj.heiloang_aj.bone.wing_left_2] run data modify entity @s {} merge value {transformation:[-2.340508433581905f,-0.2100792025185103f,0.10706543476852845f,4.5241908780785245f,-0.18230008266825204f,2.2896979860566145f,0.5075685360898963f,0.8390877123134624f,-0.1495424973448543f,0.4967150769188296f,-2.294447031458864f,0.9080384705247639f,0f,0f,0f,1f],start_interpolation:0}
execute if entity @s[tag=aj.heiloang_aj.bone.wing_left_1] run data modify entity @s {} merge value {transformation:[-3.285332411263993f,0.6087979821091473f,0.1522325109106097f,2.3709084488936645f,0.6273746561225829f,3.2051175090813353f,0.7216935407327196f,1.2388611910484522f,-0.014517618723103252f,0.7374317208122319f,-3.2623921390272077f,0.9481683165888307f,0f,0f,0f,1f],start_interpolation:0}
execute if entity @s[tag=aj.heiloang_aj.bone.wing_left_0] run data modify entity @s {} merge value {transformation:[-2.2161255808760147f,0.08353470500670195f,0.10104139174807937f,0.3104420999196831f,0.1034563153781359f,2.1652357966610425f,0.4790101623828044f,1.338928381011947f,-0.08052453412051044f,0.482882902904073f,-2.1653498335113452f,0.8559127969285873f,0f,0f,0f,1f],start_interpolation:0}
execute if entity @s[tag=aj.heiloang_aj.bone.kazari_right] run data modify entity @s {} merge value {transformation:[-2.6258600944548607f,0.0973585747624278f,-0.047436914170176786f,-2.3997513342734593f,0.043399904421727316f,-0.10869947177774256f,-2.6254849193411256f,3.0373771356326578f,-0.09922399509163549f,-2.624038094485619f,0.1069993740289472f,-3.2331154771703474f,0f,0f,0f,1f],start_interpolation:0}
execute if entity @s[tag=aj.heiloang_aj.bone.kazari_left] run data modify entity @s {} merge value {transformation:[-2.6258600944548607f,0.0973585747624278f,-0.047436914170176786f,2.6700222886286533f,0.043399904421727316f,-0.10869947177774256f,-2.6254849193411256f,2.9535845180676974f,-0.09922399509163549f,-2.624038094485619f,0.1069993740289472f,-3.0415427448161605f,0f,0f,0f,1f],start_interpolation:0}
execute if entity @s[tag=aj.heiloang_aj.bone.ring] run data modify entity @s {} merge value {transformation:[-2.201064572649046f,-0.08903904839694407f,0.017694085844292367f,0.0036130033834977067f,0.03637893438448794f,-0.4717378488756028f,2.151526495503901f,3.161305507477084f,-0.08317214645749896f,2.1499911012799133f,0.4728075129001938f,0.41580730952969197f,0f,0f,0f,1f],start_interpolation:0}
execute if entity @s[tag=aj.heiloang_aj.bone.body_0] run data modify entity @s {} merge value {transformation:[-1.1275767793820581f,0.005872233940679352f,0.046781400199280725f,-0.004502738315735884f,0.01928526767244971f,1.0792599339771696f,0.329360667506112f,1.4796434434363377f,-0.0430239582890893f,0.3298725325300905f,-1.078418020636245f,0.20251686454228263f,0f,0f,0f,1f],start_interpolation:0}
execute if entity @s[tag=aj.heiloang_aj.bone.leg_right_3] run data modify entity @s {} merge value {transformation:[-0.9807326986452257f,0.08615505647924598f,0.17533020290614754f,-0.7302713725171178f,0.17837916100427326f,0.7608696076465262f,0.6239056940589921f,-0.5462457267741254f,-0.07965079238441064f,0.6431599695277056f,-0.7615779703153553f,-0.690725085766983f,0f,0f,0f,1f],start_interpolation:0}
execute if entity @s[tag=aj.heiloang_aj.bone.leg_right_2] run data modify entity @s {} merge value {transformation:[-0.9807326986452257f,0.15921375850153544f,0.1132004987262321f,-0.6387805688401174f,0.17837916100427326f,0.9661023913323651f,0.1866200535347074f,0.032518384708720816f,-0.07965079238441064f,0.2032169987124608f,-0.9758886220808372f,-0.5210916969474506f,0f,0f,0f,1f],start_interpolation:0}
execute if entity @s[tag=aj.heiloang_aj.bone.leg_right_1] run data modify entity @s {} merge value {transformation:[-0.9978400624531855f,0.06534944066057291f,-0.006682841369753098f,-0.6291590179539394f,0.05945212486138203f,0.8551267941726555f,-0.5149986511996546f,0.4601127454619458f,-0.027940197080365537f,-0.5142835953959131f,-0.8571649368084088f,0.04513997074113618f,0f,0f,0f,1f],start_interpolation:0}
execute if entity @s[tag=aj.heiloang_aj.bone.leg_right_0] run data modify entity @s {} merge value {transformation:[-0.94854655268747f,0.31652997469626615f,-0.00825908611758566f,-0.364239626192954f,0.2702108624615184f,0.7955936288436071f,-0.5422332224709799f,0.9950169546306079f,-0.16506219189299232f,-0.5165651487104429f,-0.8401874314373188f,-0.3829157959421794f,0f,0f,0f,1f],start_interpolation:0}
execute if entity @s[tag=aj.heiloang_aj.bone.leg_left_3] run data modify entity @s {} merge value {transformation:[-0.9759785787786994f,-0.21383001714684094f,-0.0417437124857359f,0.7578741190164289f,-0.19715598836691003f,0.7853036124869366f,0.586879674606332f,-0.010811114998420246f,-0.09271100267053989f,0.5810120136296226f,-0.8085973719978777f,-0.6349288968947002f,0f,0f,0f,1f],start_interpolation:0}
execute if entity @s[tag=aj.heiloang_aj.bone.leg_left_2] run data modify entity @s {} merge value {transformation:[-0.9759785787786994f,-0.20936360906950105f,0.06027182561116946f,0.6276989692339792f,-0.19715598836691003f,0.9664558103615153f,0.16459855063011208f,0.5692068598690644f,-0.09271100267053989f,0.14876170816396217f,-0.9845174575232087f,-0.4980072780387674f,0f,0f,0f,1f],start_interpolation:0}
execute if entity @s[tag=aj.heiloang_aj.bone.leg_left_1] run data modify entity @s {} merge value {transformation:[-0.9952156983103007f,-0.07454560563013052f,0.06315589060394709f,0.5775380321133112f,-0.07015336310444151f,0.9951384969039005f,0.0691221934329474f,0.5951397877285336f,-0.06800161381818114f,0.06436089388038707f,-0.9956070790512894f,0.20935343384918065f,0f,0f,0f,1f],start_interpolation:0}
execute if entity @s[tag=aj.heiloang_aj.bone.leg_left_0] run data modify entity @s {} merge value {transformation:[-0.9625048309592646f,-0.2531012512344474f,0.09759204375170352f,0.3644745202170797f,-0.23892141630587618f,0.6206150837753865f,-0.7468289460250348f,0.9895515062498985f,0.12845624628826524f,-0.7421432977626541f,-0.6578163257137217f,-0.3725227322718175f,0f,0f,0f,1f],start_interpolation:0}
execute if entity @s[tag=aj.heiloang_aj.bone.tail_4] run data modify entity @s {} merge value {transformation:[-1.5228038633129486f,-0.17175629919452068f,0.3693542083878787f,0.669173325505524f,-0.04116583101678953f,1.486929920573958f,0.5217270832018355f,-0.04402276151836418f,-0.4052507025577269f,0.4943617589140569f,-1.4409138361080247f,-4.175024159099075f,0f,0f,0f,1f],start_interpolation:0}
execute if entity @s[tag=aj.heiloang_aj.bone.tail_3] run data modify entity @s {} merge value {transformation:[-0.8523720514977933f,-0.447689769486387f,0.270251283295139f,0.3197158335961585f,-0.45129277318526007f,0.8908385989536214f,0.05235860469021836f,-0.13724149957068632f,-0.2641906862404525f,-0.07733343980177515f,-0.9613650817416993f,-2.8883143702871807f,0f,0f,0f,1f],start_interpolation:0}
execute if entity @s[tag=aj.heiloang_aj.bone.tail_2] run data modify entity @s {} merge value {transformation:[-0.8028701273603004f,-0.20421366257716334f,0.5600860100103162f,-0.12256249585720383f,-0.41079348161542983f,0.8703594898876954f,-0.2715199326471346f,0.09126007557226826f,-0.43202809405723724f,-0.44807492496149726f,-0.7826752759388914f,-2.2836659581060754f,0f,0f,0f,1f],start_interpolation:0}
execute if entity @s[tag=aj.heiloang_aj.bone.tail_1] run data modify entity @s {} merge value {transformation:[-0.9972590211120104f,0.027966305332009014f,0.06850058814924068f,-0.17562240486070482f,0.014394029390064247f,0.9814573583614371f,-0.1911393879767012f,0.25720834760838485f,-0.07257586877628822f,-0.18962947947053693f,-0.9791697522835866f,-1.5216614771330492f,0f,0f,0f,1f],start_interpolation:0}
execute if entity @s[tag=aj.heiloang_aj.bone.tail_ring] run data modify entity @s {} merge value {transformation:[-0.9891923386728716f,-0.03606286532538218f,-0.14211962164113132f,-0.19716455015576445f,0.05386156993114785f,0.8121394094148552f,-0.5809720397401603f,0.19890681199042737f,0.13637246201285308f,-0.5823478766337298f,-0.8014196791848447f,-1.6548930150733003f,0f,0f,0f,1f],start_interpolation:0}
execute if entity @s[tag=aj.heiloang_aj.bone.tail_0] run data modify entity @s {} merge value {transformation:[-0.9891923386728716f,-0.03606286532538218f,-0.14211962164113132f,0.0021772348353405377f,0.05386156993114785f,0.8121394094148552f,-0.5809720397401603f,0.9921153491734669f,0.13637246201285308f,-0.5823478766337298f,-0.8014196791848447f,-0.5222309870126058f,0f,0f,0f,1f],start_interpolation:0}
execute if entity @s[tag=aj.heiloang_aj.bone.body_1] run data modify entity @s {} merge value {transformation:[-0.9998701942176651f,0.01343676090757584f,0.008890903859634203f,0.0030493750000000304f,0.00749915307782658f,0.8765147502292868f,-0.4813165853506467f,1.2232297487791133f,-0.014260344254047335f,-0.4811874334256909f,-0.8765017378733213f,-0.24800827291510147f,0f,0f,0f,1f],start_interpolation:0}