execute if entity @s[tag=aj.heiloang_aj.bone.head_lower] run data modify entity @s {} merge value {transformation:[-0.08822850137869276f,0.17381961074559282f,-0.7758881842538399f,4.955866252636466f,-0.34762359799869813f,0.6936578774339998f,0.19492712276181012f,-1.1361920441726465f,0.7151038845223185f,0.35864396271791443f,-0.0009707456317634214f,0.8237407140449199f,0f,0f,0f,1f],start_interpolation:0}
execute if entity @s[tag=aj.heiloang_aj.bone.horne_right] run data modify entity @s {} merge value {transformation:[-0.10447720762703609f,0.010337709968668694f,-0.7930811086131485f,4.73446773498359f,-0.7391534074521994f,0.2888310425147283f,0.1011378718960325f,-0.8526790015020784f,0.2876399717324772f,0.7459690078230186f,-0.028168884061688326f,1.3146989819995758f,0f,0f,0f,1f],start_interpolation:0}
execute if entity @s[tag=aj.heiloang_aj.bone.horne_left] run data modify entity @s {} merge value {transformation:[-0.02562054142742585f,0.10263478665885789f,-0.7929752129949941f,4.809479606855755f,0.22656340636253264f,0.7617985830148175f,0.09127947093417271f,-0.5571294184835853f,0.766819803313902f,-0.22165066993832283f,-0.05346372379026028f,0.7067176593787007f,0f,0f,0f,1f],start_interpolation:0}
execute if entity @s[tag=aj.heiloang_aj.bone.head_upper] run data modify entity @s {} merge value {transformation:[-0.1292349031069747f,0.08548619557423014f,-1.1615302676147425f,4.740063430834477f,-0.5091903557585431f,1.046905231906654f,0.13370388703760286f,-0.9950077875959562f,1.0474662924511793f,0.5194647804930764f,-0.0783123260148785f,0.8664671211479765f,0f,0f,0f,1f],start_interpolation:0}
execute if entity @s[tag=aj.heiloang_aj.bone.neck_0] run data modify entity @s {} merge value {transformation:[-0.6108531919493005f,0.4696058972080932f,-0.6374391572477586f,4.4368347718916f,-0.3491783334937361f,0.562790811329953f,0.7492269309769308f,-0.711202831659424f,0.710586285614835f,0.6802476049130604f,-0.17980635891468577f,0.7441258525160314f,0f,0f,0f,1f],start_interpolation:0}
execute if entity @s[tag=aj.heiloang_aj.bone.neck_1] run data modify entity @s {} merge value {transformation:[-0.5097950009668306f,0.7691203193453247f,-0.38543869987246315f,4.305997348997971f,-0.4077085676362789f,0.17852683400915176f,0.8954897505916205f,-0.38268992052469225f,0.7575505137383265f,0.6136628585052338f,0.22256485622393876f,0.8328819989364344f,0f,0f,0f,1f],start_interpolation:0}
execute if entity @s[tag=aj.heiloang_aj.bone.neck_2] run data modify entity @s {} merge value {transformation:[-0.49371725839943614f,0.8438893176692952f,-0.2099859240096713f,4.191660453323448f,-0.3026007190616198f,0.05966366008193669f,0.9512481550515711f,0.005132428508529685f,0.8152766852927504f,0.5331895227677288f,0.22590453565341861f,0.9075869722516245f,0f,0f,0f,1f],start_interpolation:0}
execute if entity @s[tag=aj.heiloang_aj.bone.neck_3] run data modify entity @s {} merge value {transformation:[-0.5215711904048965f,0.609552054052029f,-0.5970006589113377f,3.8679515474078934f,-0.2063001867519507f,0.5888531657612938f,0.7814679661502528f,0.3952822855159186f,0.8278911319042673f,0.5307525247927273f,-0.18137814405384128f,0.8008709468752497f,0f,0f,0f,1f],start_interpolation:0}
execute if entity @s[tag=aj.heiloang_aj.bone.wing_right_2] run data modify entity @s {} merge value {transformation:[0.8527728422765761f,0.011083412611148834f,-2.1923119403409332f,4.3514245301756205f,2.0901983677996565f,0.70553510523205f,0.8166192532960879f,2.271819399765227f,0.6613813340609102f,-2.244030610212592f,0.24592144620939207f,4.209462721439747f,0f,0f,0f,1f],start_interpolation:0}
execute if entity @s[tag=aj.heiloang_aj.bone.wing_right_1] run data modify entity @s {} merge value {transformation:[1.166547398174158f,0.33111585502270785f,-3.1171699073463546f,3.63509027629905f,2.607984131672864f,1.7428235552948668f,1.1611216977353827f,0.5466596197357507f,1.7391965701598073f,-2.8355153179910597f,0.3496669053290834f,3.065459474603011f,0f,0f,0f,1f],start_interpolation:0}
execute if entity @s[tag=aj.heiloang_aj.bone.wing_right_0] run data modify entity @s {} merge value {transformation:[0.19489748284519637f,0.7809057446284426f,-2.0689613793367196f,3.4372261433154696f,-0.14137446474380294f,2.077132094982152f,0.7706721227042391f,0.6843334471473645f,2.2069046721367482f,0.06409741025464323f,0.23208466149153f,1.0146201828023023f,0f,0f,0f,1f],start_interpolation:0}
execute if entity @s[tag=aj.heiloang_aj.bone.wing_left_2] run data modify entity @s {} merge value {transformation:[-1.6434408075738436f,-0.33122173522099785f,-1.6501425636711606f,6.153111493519717f,-1.4868040500250026f,1.3665353132469704f,1.2064704558335695f,1.0292717173592605f,0.7887281123120237f,1.885855086184302f,-1.1640595195618284f,-2.7515115360237172f,0f,0f,0f,1f],start_interpolation:0}
execute if entity @s[tag=aj.heiloang_aj.bone.wing_left_1] run data modify entity @s {} merge value {transformation:[-2.3242115869424738f,0.5293729096869298f,-2.3462786694065003f,4.667105116641916f,-1.130567909259771f,2.6393768730888802f,1.7154371738001812f,0.2629694752907489f,2.122987393880221f,1.9851127970957108f,-1.6551345809729507f,-1.3363718325454594f,0f,0f,0f,1f],start_interpolation:0}
execute if entity @s[tag=aj.heiloang_aj.bone.wing_left_0] run data modify entity @s {} merge value {transformation:[-0.9253130710013915f,1.2833632252654208f,-1.5572971947159953f,3.7939638864887306f,0.5949081543209399f,1.8105526547874646f,1.1385883242702408f,0.8254360701296293f,1.9282842136356413f,0.057253089684304f,-1.098563641836546f,0.4483695550415704f,0f,0f,0f,1f],start_interpolation:0}
execute if entity @s[tag=aj.heiloang_aj.bone.kazari_right] run data modify entity @s {} merge value {transformation:[-1.4338720066894857f,-1.984873973841906f,-0.9545452136769397f,0.28024321206298475f,-0.07709668236017625f,1.1835434133196105f,-2.345240132462574f,3.8389121430618864f,2.201121840916029f,-1.2515472365472478f,-0.7039618915038125f,1.9186827830945554f,0f,0f,0f,1f],start_interpolation:0}
execute if entity @s[tag=aj.heiloang_aj.bone.kazari_left] run data modify entity @s {} merge value {transformation:[-1.4338720066894857f,-1.984873973841906f,-0.9545452136769397f,3.0486338409023466f,-0.07709668236017625f,1.1835434133196105f,-2.345240132462574f,3.9877634575200656f,2.201121840916029f,-1.2515472365472478f,-0.7039618915038125f,-2.3310445627892395f,0f,0f,0f,1f],start_interpolation:0}
execute if entity @s[tag=aj.heiloang_aj.bone.ring] run data modify entity @s {} merge value {transformation:[-0.9868600378790576f,1.4390764584326174f,1.3446533003738945f,4.06234695898392f,-0.24328037634969402f,-1.5815591420543589f,1.5140712085141375f,2.5654979208067967f,1.9544431968989333f,0.529769678967514f,0.8674227130564204f,1.205708746993424f,0f,0f,0f,1f],start_interpolation:0}
execute if entity @s[tag=aj.heiloang_aj.bone.body_0] run data modify entity @s {} merge value {transformation:[-0.5886254692499967f,0.4073295495256326f,-0.8724993243385005f,3.090285138041729f,-0.23282256855283723f,0.9320600615034071f,0.592207792299627f,1.0492692561040482f,0.9343265405950715f,0.4888752967487555f,-0.4021035136704673f,0.47390674799234683f,0f,0f,0f,1f],start_interpolation:0}
execute if entity @s[tag=aj.heiloang_aj.bone.leg_right_3] run data modify entity @s {} merge value {transformation:[-0.27211454874201185f,0.9568161279104759f,-0.10225737006854424f,1.1725815903822145f,0.363824370085279f,0.2006806415920092f,0.9095928252917728f,0.19832141546574267f,0.8908341597036908f,0.21030971794147704f,-0.40272114725253166f,0.6362456440187058f,0f,0f,0f,1f],start_interpolation:0}
execute if entity @s[tag=aj.heiloang_aj.bone.leg_right_2] run data modify entity @s {} merge value {transformation:[-0.13183836222702788f,0.6743515005672702f,-0.7265457314773557f,1.6169882475318047f,0.09795429318304277f,0.7382188491035686f,0.6674113328939006f,0.615807786663414f,0.9864195875449278f,0.016822143468468456f,-0.16338118862592724f,0.6541845248566363f,0f,0f,0f,1f],start_interpolation:0}
execute if entity @s[tag=aj.heiloang_aj.bone.leg_right_1] run data modify entity @s {} merge value {transformation:[-0.2034379763033221f,0.42362054105724045f,-0.8826996244430942f,2.2716487332215745f,-0.011266004795508662f,0.9004805361778887f,0.43475036641816617f,0.37663675409793596f,0.9790230165494356f,0.09838923294320909f,-0.1784194269335334f,0.7874687277495909f,0f,0f,0f,1f],start_interpolation:0}
execute if entity @s[tag=aj.heiloang_aj.bone.leg_right_0] run data modify entity @s {} merge value {transformation:[-0.18570589392541184f,0.051079244294219756f,-0.9812768374743669f,2.249513330061314f,0.35660721931025374f,0.9340638974819477f,-0.01886601591863038f,1.0448639572582081f,0.9156116054841005f,-0.35343393473627405f,-0.1916763983375703f,0.4832994239207259f,0f,0f,0f,1f],start_interpolation:0}
execute if entity @s[tag=aj.heiloang_aj.bone.leg_left_3] run data modify entity @s {} merge value {transformation:[-0.649191879698747f,0.7164389512423175f,0.2554704140913694f,1.7283806838566311f,0.0027838890720592244f,-0.33362894848910274f,0.942700363154534f,0.8261027248948895f,0.7606195851375654f,0.6127046220430068f,0.21459471762439594f,-1.071809791961147f,0f,0f,0f,1f],start_interpolation:0}
execute if entity @s[tag=aj.heiloang_aj.bone.leg_left_2] run data modify entity @s {} merge value {transformation:[-0.649191879698747f,0.6907583511828925f,-0.3184380687108551f,2.1635122319334354f,0.0027838890720592244f,0.42080833962232206f,0.9071452977698441f,1.0392349346373424f,0.7606195851375654f,0.5880248647594728f,-0.2751083516176157f,-0.7012033328445074f,0f,0f,0f,1f],start_interpolation:0}
execute if entity @s[tag=aj.heiloang_aj.bone.leg_left_1] run data modify entity @s {} merge value {transformation:[-0.5457224218040194f,0.8049786995492292f,-0.23280105586613564f,2.3882151134048466f,0.02464305715204742f,0.2931135960284132f,0.955759980098295f,0.38682798501840066f,0.8376035805048572f,0.5158427212778367f,-0.1797957975874832f,-0.5356086462444682f,0f,0f,0f,1f],start_interpolation:0}
execute if entity @s[tag=aj.heiloang_aj.bone.leg_left_0] run data modify entity @s {} merge value {transformation:[-0.6528632031691237f,0.3280091197972569f,-0.6827735021788559f,2.558243361307378f,-0.1893988989004508f,0.8020597749616044f,0.5664169616844446f,1.0041139688818865f,0.7334150905476707f,0.499109341445709f,-0.4615107476956331f,-0.17562955581130585f,0f,0f,0f,1f],start_interpolation:0}
execute if entity @s[tag=aj.heiloang_aj.bone.tail_4] run data modify entity @s {} merge value {transformation:[-1.559814290165962f,-0.15358617427563884f,0.16806258046663483f,0.5722946494690737f,-0.11114120805897885f,1.5292327245716137f,0.3659908054284189f,1.4694098997352623f,-0.1986992092408069f,0.3503040463059554f,-1.5240275794999338f,-3.518681625052463f,0f,0f,0f,1f],start_interpolation:0}
execute if entity @s[tag=aj.heiloang_aj.bone.tail_3] run data modify entity @s {} merge value {transformation:[-0.8939037238950216f,-0.28325148069329265f,-0.34742586416625704f,1.0439596439178214f,-0.2890614508434683f,0.9566263079317981f,-0.03618818327914979f,1.4928009461778358f,0.3426070782148001f,0.06807867256221618f,-0.937008902998944f,-2.268314741150788f,0f,0f,0f,1f],start_interpolation:0}
execute if entity @s[tag=aj.heiloang_aj.bone.tail_2] run data modify entity @s {} merge value {transformation:[-0.8964209449814293f,-0.08545702594314358f,-0.4348868658807189f,1.382914760038443f,-0.1206658796147509f,0.9912263282905108f,0.05394545022993613f,1.4686713636656634f,0.4264612935488983f,0.10083383767696696f,-0.8988677891013425f,-1.5626590280700787f,0f,0f,0f,1f],start_interpolation:0}
execute if entity @s[tag=aj.heiloang_aj.bone.tail_1] run data modify entity @s {} merge value {transformation:[-0.807999510986802f,0.2271450643380873f,-0.5436376642506802f,1.811595976064266f,-0.1277089157752022f,0.8332404796192601f,0.5379597902774774f,1.0623359108859698f,0.5751758192732124f,0.504098624150782f,-0.6442494501764651f,-1.0506737482043909f,0f,0f,0f,1f],start_interpolation:0}
execute if entity @s[tag=aj.heiloang_aj.bone.tail_ring] run data modify entity @s {} merge value {transformation:[-0.9198867046256161f,0.010820641991623553f,-0.392034901966539f,1.7555932226012798f,0.026290252104129747f,0.9990721355292369f,-0.03411291036178571f,1.0884198521035928f,0.3913020231193877f,-0.04168670910421024f,-0.919317651841155f,-1.184079502939221f,0f,0f,0f,1f],start_interpolation:0}
execute if entity @s[tag=aj.heiloang_aj.bone.tail_0] run data modify entity @s {} merge value {transformation:[-0.9198867046256161f,0.010820641991623553f,-0.392034901966539f,2.302982271226735f,0.026290252104129747f,0.9990721355292369f,-0.03411291036178571f,1.1134968928455187f,0.3913020231193877f,-0.04168670910421024f,-0.919317651841155f,0.10105728821828444f,0f,0f,0f,1f],start_interpolation:0}
execute if entity @s[tag=aj.heiloang_aj.bone.body_1] run data modify entity @s {} merge value {transformation:[-0.42360911726987877f,0.17097831747801678f,-0.889562662614737f,2.629110629491044f,0.05591314371063978f,0.9850879243425641f,0.16271294255483232f,1.1256995241728143f,0.9041178220377182f,0.019188440969639786f,-0.4268521613005225f,0.24973180851367133f,0f,0f,0f,1f],start_interpolation:0}