execute if entity @s[tag=aj.heiloang_aj.bone.head_lower] run data modify entity @s {} merge value {transformation:[-0.7994610934700954f,-0.022191799271309393f,-0.0192219684918416f,-0.12357447547302189f,-0.013570437025940598f,-0.18514804911508392f,0.7781619645985044f,0.011973818590095636f,-0.026034655106692325f,0.7779638320346136f,0.1846468867311202f,2.779855453116307f,0f,0f,0f,1f],start_interpolation:0}
execute if entity @s[tag=aj.heiloang_aj.bone.horne_right] run data modify entity @s {} merge value {transformation:[-0.5789406681182468f,-0.5518533701455954f,0.016898540106957828f,-0.4654246423420084f,-0.5488115747533472f,0.5778835291015119f,0.06968846540091066f,0.4763572114252835f,-0.0602790031067993f,0.03883921539025793f,-0.7967797419188817f,2.585115889270704f,0f,0f,0f,1f],start_interpolation:0}
execute if entity @s[tag=aj.heiloang_aj.bone.horne_left] run data modify entity @s {} merge value {transformation:[-0.5999084236356366f,0.5286669411958697f,0.024922851715014523f,0.21427717932626664f,0.5288012234136773f,0.5971720581181501f,0.06127641568443459f,0.48789479698473814f,0.021889480743134872f,0.06242434052143554f,-0.7972603416345629f,2.6072505530424133f,0f,0f,0f,1f],start_interpolation:0}
execute if entity @s[tag=aj.heiloang_aj.bone.head_upper] run data modify entity @s {} merge value {transformation:[-1.171030623187659f,-0.022730527871606714f,0.0365063701208604f,-0.1196493757778794f,-0.019877636894672143f,1.168208381828028f,0.08975616178416769f,0.15829534870579942f,-0.03813491193390525f,0.08907643981109818f,-1.167807016917767f,2.5632821364687284f,0f,0f,0f,1f],start_interpolation:0}
execute if entity @s[tag=aj.heiloang_aj.bone.neck_0] run data modify entity @s {} merge value {transformation:[-0.9988957866547767f,-0.0052900596571637485f,0.04668214511093362f,-0.09852097620833822f,0.02609884984753178f,0.7637324644704871f,0.6450050951352808f,0.3839580850608521f,-0.03906478516478245f,0.6455112221973063f,-0.7627510764183616f,2.194378112661335f,0f,0f,0f,1f],start_interpolation:0}
execute if entity @s[tag=aj.heiloang_aj.bone.neck_1] run data modify entity @s {} merge value {transformation:[-0.998831245309443f,-0.021939119941135003f,0.043067602786731114f,-0.0831026128659195f,0.025241972306760015f,0.5231073555580747f,0.8518929142768493f,0.7008879772393359f,-0.04121876062731532f,0.851984371674297f,-0.5219421847246123f,2.014838325832236f,0f,0f,0f,1f],start_interpolation:0}
execute if entity @s[tag=aj.heiloang_aj.bone.neck_2] run data modify entity @s {} merge value {transformation:[-0.9990106103122024f,-0.01017662470689377f,0.043292456539400656f,-0.0650202484600649f,0.020777564852486868f,0.7538880320629257f,0.6566742936274349f,0.9447255422546431f,-0.03932039270456946f,0.6569240986764489f,-0.7529306975384212f,1.6842688124994787f,0f,0f,0f,1f],start_interpolation:0}
execute if entity @s[tag=aj.heiloang_aj.bone.neck_3] run data modify entity @s {} merge value {transformation:[-0.9992448162567589f,0.004777934229076372f,0.03856123089968352f,-0.04518051511925355f,0.015728554124857512f,0.9572076701530929f,0.28897420089902454f,1.0710897109775435f,-0.035530406261926065f,0.2893624846876164f,-0.9565599524788143f,1.1822417628218758f,0f,0f,0f,1f],start_interpolation:0}
execute if entity @s[tag=aj.heiloang_aj.bone.wing_right_2] run data modify entity @s {} merge value {transformation:[-2.298599057468854f,-0.4842972749194011f,0.12439665923948633f,-4.558945675846502f,-0.44896808671206156f,2.2566412149365895f,0.48946306345283486f,0.7677976000326845f,-0.22010460340123233f,0.45453556832899783f,-2.297504599996794f,0.44113314582622676f,0f,0f,0f,1f],start_interpolation:0}
execute if entity @s[tag=aj.heiloang_aj.bone.wing_right_1] run data modify entity @s {} merge value {transformation:[-3.265885847710945f,-0.6999454127241619f,0.1768751588769995f,-2.4234023828477556f,-0.6495053263605288f,3.2064022170908317f,0.6959500170014417f,1.182452095303476f,-0.31520030718681813f,0.6451976552510141f,-3.2667395863319024f,0.6972014022756426f,0f,0f,0f,1f],start_interpolation:0}
execute if entity @s[tag=aj.heiloang_aj.bone.wing_right_0] run data modify entity @s {} merge value {transformation:[-2.2063512857114835f,-0.21594406028681976f,0.11739747384899196f,-0.3702763448925785f,-0.18715504663885257f,2.1633307110685833f,0.46192339523465287f,1.3602326936025557f,-0.15933296130082866f,0.44918637264986433f,-2.1682353677746256f,0.8280204750748321f,0f,0f,0f,1f],start_interpolation:0}
execute if entity @s[tag=aj.heiloang_aj.bone.wing_left_2] run data modify entity @s {} merge value {transformation:[-2.3168991298170565f,0.3944200637647161f,0.09993618900983577f,4.395107996978282f,0.4065720877004763f,2.2668184032407694f,0.47938447049613137f,0.26046695638176354f,-0.015923758251388614f,0.48943145214607664f,-2.3008214389418273f,0.7688891025577129f,0f,0f,0f,1f],start_interpolation:0}
execute if entity @s[tag=aj.heiloang_aj.bone.wing_left_1] run data modify entity @s {} merge value {transformation:[-3.1115452305786375f,1.2187345344392038f,0.1420956914497726f,2.3557613904039294f,1.221177993987743f,3.038311663565878f,0.6816196262869965f,1.0496238740676005f,0.11928687255270386f,0.6859789665177854f,-3.2714556809517967f,0.8967610549300528f,0f,0f,0f,1f],start_interpolation:0}
execute if entity @s[tag=aj.heiloang_aj.bone.wing_left_0] run data modify entity @s {} merge value {transformation:[-2.1968448350163436f,0.3055777762176362f,0.09431327342371289f,0.3131746339705162f,0.31847771649872075f,2.149952427272996f,0.4524118749068332f,1.3494748737591624f,-0.02906398038418538f,0.4612231381282166f,-2.1713655845802164f,0.852322118219786f,0f,0f,0f,1f],start_interpolation:0}
execute if entity @s[tag=aj.heiloang_aj.bone.kazari_right] run data modify entity @s {} merge value {transformation:[-2.6261638940162433f,0.0904023889385522f,-0.04428090328680044f,-2.40972858630367f,0.039884735370982506f,-0.12699975830193344f,-2.624719119797753f,3.0113323314754994f,-0.09242617706082482f,-2.6234650098718113f,0.1255345861843173f,-3.237525391868939f,0f,0f,0f,1f],start_interpolation:0}
execute if entity @s[tag=aj.heiloang_aj.bone.kazari_left] run data modify entity @s {} merge value {transformation:[-2.6261638940162433f,0.0904023889385522f,-0.04428090328680044f,2.6606315853662927f,0.039884735370982506f,-0.12699975830193344f,-2.624719119797753f,2.9343264849845743f,-0.09242617706082482f,-2.6234650098718113f,0.1255345861843173f,-3.0590772729009217f,0f,0f,0f,1f],start_interpolation:0}
execute if entity @s[tag=aj.heiloang_aj.bone.ring] run data modify entity @s {} merge value {transformation:[-2.201319225382891f,-0.08269860520272074f,0.016759905764141422f,0.0035426279405677713f,0.03343242779763453f,-0.45306783499128567f,2.1555830059294623f,3.1683808300006007f,-0.07747403768524218f,2.154255500951051f,0.45399041387557076f,0.39995960482542137f,0f,0f,0f,1f],start_interpolation:0}
execute if entity @s[tag=aj.heiloang_aj.bone.body_0] run data modify entity @s {} merge value {transformation:[-1.1277098115947617f,0.005725574740442406f,0.04347613787438154f,-0.0037136092068962945f,0.017750649810970288f,1.0827360541031967f,0.31783632189226313f,1.4828843365897755f,-0.040098269312639f,0.31828011385665556f,-1.0820084444491176f,0.19833360077748163f,0f,0f,0f,1f],start_interpolation:0}
execute if entity @s[tag=aj.heiloang_aj.bone.leg_right_3] run data modify entity @s {} merge value {transformation:[-0.9808331655104665f,0.087401891211077f,0.17414709543212264f,-0.7307382336391155f,0.1781403825368272f,0.764346684694138f,0.6197097302017397f,-0.545131333869352f,-0.07894495262111831f,0.6388544865693649f,-0.7652663846307652f,-0.6876739402576424f,0f,0f,0f,1f],start_interpolation:0}
execute if entity @s[tag=aj.heiloang_aj.bone.leg_right_2] run data modify entity @s {} merge value {transformation:[-0.9808331655104665f,0.15959454997130712f,0.11178497687155342f,-0.6389490577577674f,0.1781403825368272f,0.9669147350474276f,0.18259764307842513f,0.034316599637426004f,-0.07894495262111831f,0.19901124281713078f,-0.9768122745379637f,-0.5205548508449178f,0f,0f,0f,1f],start_interpolation:0}
execute if entity @s[tag=aj.heiloang_aj.bone.leg_right_1] run data modify entity @s {} merge value {transformation:[-0.9978745406468286f,0.064743280750279f,-0.007396534767796404f,-0.6288694102311104f,0.059269118099702f,0.8545564258760736f,-0.5159655866756953f,0.4625504388879951f,-0.02708454852059073f,-0.515307308886262f,-0.8565773780808329f,0.04518536578217386f,0f,0f,0f,1f],start_interpolation:0}
execute if entity @s[tag=aj.heiloang_aj.bone.leg_right_0] run data modify entity @s {} merge value {transformation:[-0.9487892878081052f,0.3157797624467709f,-0.009056984578169554f,-0.36454310817307595f,0.2695043516911673f,0.7941270135422598f,-0.5447290067381902f,0.9962404724461317f,-0.1648220002308911f,-0.5192739431085607f,-0.8385632237633459f,-0.3847484554383056f,0f,0f,0f,1f],start_interpolation:0}
execute if entity @s[tag=aj.heiloang_aj.bone.leg_left_3] run data modify entity @s {} merge value {transformation:[-0.9759272128226423f,-0.21357071481693957f,-0.044199830823326465f,0.7581836849296624f,-0.1984684698446162f,0.7856437886476313f,0.5859813169691783f,-0.009059662970188787f,-0.09042312618885637f,0.580647386226768f,-0.8091182058996428f,-0.636869198155414f,0f,0f,0f,1f],start_interpolation:0}
execute if entity @s[tag=aj.heiloang_aj.bone.leg_left_2] run data modify entity @s {} merge value {transformation:[-0.9759272128226423f,-0.21027860624251968f,0.05787039855515571f,0.6275653414883486f,-0.1984684698446162f,0.9662737460787525f,0.16408934796771893f,0.570871606153879f,-0.09042312618885637f,0.14865381056548077f,-0.984746517056342f,-0.5000023944768532f,0f,0f,0f,1f],start_interpolation:0}
execute if entity @s[tag=aj.heiloang_aj.bone.leg_left_1] run data modify entity @s {} merge value {transformation:[-0.9952625554848351f,-0.07556178919080993f,0.06117893153757305f,0.5787231160821283f,-0.07143486675311857f,0.9951893360057131f,0.06704659061035056f,0.5982729556570245f,-0.06595078060007802f,0.062358652284918326f,-0.9958724280867751f,0.20739524203714232f,0f,0f,0f,1f],start_interpolation:0}
execute if entity @s[tag=aj.heiloang_aj.bone.leg_left_0] run data modify entity @s {} merge value {transformation:[-0.9620153161498252f,-0.25510918759445217f,0.09718967999767471f,0.36418326984501986f,-0.23950122584144212f,0.6178276125378681f,-0.7489514029669779f,0.9904842982651532f,0.13101791600234822f,-0.7437797682047129f,-0.6554585891539946f,-0.3754250163738795f,0f,0f,0f,1f],start_interpolation:0}
execute if entity @s[tag=aj.heiloang_aj.bone.tail_4] run data modify entity @s {} merge value {transformation:[-1.410665839209979f,-0.23805155589648122f,0.6619725904514053f,0.8575023523788131f,0.04272178790382595f,1.4516171224850256f,0.613055415304579f,-0.023791163570321808f,-0.702175976954481f,0.5665629268944743f,-1.2925980469366574f,-4.099242397891315f,0f,0f,0f,1f],start_interpolation:0}
execute if entity @s[tag=aj.heiloang_aj.bone.tail_3] run data modify entity @s {} merge value {transformation:[-0.826610371166028f,-0.42623923843788547f,0.3674716395814137f,0.37756749509660714f,-0.43126621803431703f,0.899269007443155f,0.07297055183140633f,-0.14477409248793308f,-0.36155876903089734f,-0.09815988930359731f,-0.9271676723596265f,-2.8576877208528746f,0f,0f,0f,1f],start_interpolation:0}
execute if entity @s[tag=aj.heiloang_aj.bone.tail_2] run data modify entity @s {} merge value {transformation:[-0.7770779258510382f,-0.1706658180104462f,0.6058242944269184f,-0.09991099193472078f,-0.4107037175337841f,0.8668688442427112f,-0.28259664415069763f,0.09233677366637749f,-0.4769406184830329f,-0.46841390398250526f,-0.7437177293818472f,-2.2839146607726484f,0f,0f,0f,1f],start_interpolation:0}
execute if entity @s[tag=aj.heiloang_aj.bone.tail_1] run data modify entity @s {} merge value {transformation:[-0.995762832216707f,0.027284021152278792f,0.08781778957320711f,-0.16807853909322149f,0.010659340285673877f,0.9827797808387405f,-0.18447298132580692f,0.2530976787970294f,-0.09133871271501635f,-0.18275525865024878f,-0.9789064076791225f,-1.5219998828255537f,0f,0f,0f,1f],start_interpolation:0}
execute if entity @s[tag=aj.heiloang_aj.bone.tail_ring] run data modify entity @s {} merge value {transformation:[-0.9901829293971998f,-0.0336224623048443f,-0.13567349173268642f,-0.18861863807478127f,0.05262603057595096f,0.8095414797207198f,-0.5846991478678644f,0.19417995499834628f,0.12949234431501766f,-0.5860990723761188f,-0.7998247371291125f,-1.6551185589662811f,0f,0f,0f,1f],start_interpolation:0}
execute if entity @s[tag=aj.heiloang_aj.bone.tail_0] run data modify entity @s {} merge value {transformation:[-0.9901829293971998f,-0.0336224623048443f,-0.13567349173268642f,0.001663404090464225f,0.05262603057595096f,0.8095414797207198f,-0.5846991478678644f,0.9926535929938267f,0.12949234431501766f,-0.5860990723761188f,-0.7998247371291125f,-0.524599742506445f,0f,0f,0f,1f],start_interpolation:0}
execute if entity @s[tag=aj.heiloang_aj.bone.body_1] run data modify entity @s {} merge value {transformation:[-0.9998869772324986f,0.013107702074303453f,0.0073634847177138675f,0.003049375000000031f,0.007898058552368465f,0.8747078184021737f,-0.48458627002548627f,1.224788726990984f,-0.01279271011006128f,-0.4844733435107048f,-0.8747124819022526f,-0.25124268313298276f,0f,0f,0f,1f],start_interpolation:0}