execute if entity @s[tag=aj.heiloang_aj.bone.head_lower] run data modify entity @s {} merge value {transformation:[-0.7388632816901822f,0.12293967142273311f,-0.28101047695857345f,-0.1528519605954228f,0.06816984423317639f,0.7804157212967914f,0.1621856167791505f,0.9731692135386016f,0.2990550506298783f,0.12584569576779095f,-0.7312516239636544f,2.852351383569701f,0f,0f,0f,1f],start_interpolation:0}
execute if entity @s[tag=aj.heiloang_aj.bone.horne_right] run data modify entity @s {} merge value {transformation:[-0.6238002222393204f,-0.41209401701143444f,-0.2846959850042747f,-0.4780370994737806f,-0.47916516366105977f,0.6234064157551045f,0.1475302908864603f,1.4875350453323755f,0.1458561917363965f,0.2855572831127818f,-0.7329276972480998f,2.841424975559174f,0f,0f,0f,1f],start_interpolation:0}
execute if entity @s[tag=aj.heiloang_aj.bone.horne_left] run data modify entity @s {} merge value {transformation:[-0.4656940829433318f,0.5854400848191356f,-0.28352941328640424f,0.15014446261921224f,0.5796853260750544f,0.5317113911865727f,0.14576666016513323f,1.4295770437653288f,0.2951168308396306f,-0.12059396157935527f,-0.7337323439686778f,2.5871683715136515f,0f,0f,0f,1f],start_interpolation:0}
execute if entity @s[tag=aj.heiloang_aj.bone.head_upper] run data modify entity @s {} merge value {transformation:[-1.0822684634377369f,0.17139822156734988f,-0.41530679634659284f,-0.21503810307623986f,0.09985348358665096f,1.1478687143623907f,0.21351535964338306f,1.1413028071945197f,0.43804836178638007f,0.16180907462680325f,-1.07475279413672f,2.6621058148054004f,0f,0f,0f,1f],start_interpolation:0}
execute if entity @s[tag=aj.heiloang_aj.bone.neck_0] run data modify entity @s {} merge value {transformation:[-0.925522907299849f,0.0026047546313599373f,-0.3786826683603906f,-0.3765118798807821f,-0.2797195115886454f,0.6693740169197825f,0.6882553452820289f,1.3919372501285405f,0.25527307515647835f,0.7429210191709381f,-0.6187923855172831f,2.348149043818476f,0f,0f,0f,1f],start_interpolation:0}
execute if entity @s[tag=aj.heiloang_aj.bone.neck_1] run data modify entity @s {} merge value {transformation:[-0.9633560213823762f,-0.04633284872290949f,-0.264193949960136f,-0.4733530438318751f,-0.1714625545847928f,0.8638179295194273f,0.47372901221692887f,1.5753316963537467f,0.20626625618742378f,0.5016690659887153f,-0.840108552383818f,2.048307279553706f,0f,0f,0f,1f],start_interpolation:0}
execute if entity @s[tag=aj.heiloang_aj.bone.neck_2] run data modify entity @s {} merge value {transformation:[-0.9470863062444034f,0.010753570795624445f,0.32079882985989155f,-0.3422499089441835f,0.0802349896609688f,0.9756416017738585f,0.20417103448394522f,1.6263006562807099f,-0.310789116537945f,0.2191068816885575f,-0.9248796134839823f,1.6619472579330161f,0f,0f,0f,1f],start_interpolation:0}
execute if entity @s[tag=aj.heiloang_aj.bone.neck_3] run data modify entity @s {} merge value {transformation:[-0.9885770120256563f,0.06974655565002355f,0.1336072949706846f,-0.2747971338251141f,0.029194375283018985f,0.9583060762084457f,-0.2842483997383404f,1.4559955298981357f,-0.14786202942696136f,-0.2771008521764798f,-0.9493955645445208f,1.1773453967927452f,0f,0f,0f,1f],start_interpolation:0}
execute if entity @s[tag=aj.heiloang_aj.bone.wing_right_2] run data modify entity @s {} merge value {transformation:[-1.6777853064376138f,-1.6360156107464432f,-0.20509849637915772f,-4.624164550391102f,-1.6035032569863152f,1.6871303233780484f,-0.3405063627798582f,0.3954559739066631f,0.3839137620056466f,-0.10305435290773407f,-2.3185266938317635f,1.2308222447822752f,0f,0f,0f,1f],start_interpolation:0}
execute if entity @s[tag=aj.heiloang_aj.bone.wing_right_1] run data modify entity @s {} merge value {transformation:[-3.106687768391877f,-1.2044361199982179f,-0.2916222136050913f,-2.585723280558672f,-1.1567000072979978f,3.100783602646247f,-0.4841538139651197f,1.16013434007963f,0.4446964984583382f,-0.348845890478588f,-3.2966301493881742f,0.9898271319018652f,0f,0f,0f,1f],start_interpolation:0}
execute if entity @s[tag=aj.heiloang_aj.bone.wing_right_0] run data modify entity @s {} merge value {transformation:[-2.153746478561111f,-0.5023058507879786f,-0.19355861734827703f,-0.5840189868283028f,-0.4714847647179743f,2.1454225082337133f,-0.32134775213621597f,1.5960986990342434f,0.25976570736809773f,-0.27064939207086297f,-2.188074652256459f,0.7306725509046583f,0f,0f,0f,1f],start_interpolation:0}
execute if entity @s[tag=aj.heiloang_aj.bone.wing_left_2] run data modify entity @s {} merge value {transformation:[-1.9884058858606921f,1.1827546603436934f,0.4253345187388827f,4.1947145869203535f,1.1606077268036274f,2.0333190433055393f,-0.22842806074510602f,0.9553292771562775f,-0.4825015480589459f,0.016765675868496897f,-2.302278691764835f,1.5987401503546825f,0f,0f,0f,1f],start_interpolation:0}
execute if entity @s[tag=aj.heiloang_aj.bone.wing_left_1] run data modify entity @s {} merge value {transformation:[-3.1659756982579315f,0.8933489783996246f,0.6047679337833209f,2.1126921692845437f,0.8464152464922785f,3.2195200053189117f,-0.32479368644837864f,1.5144340773423883f,-0.6688780766669034f,-0.15439336463611086f,-3.2735276966005227f,1.2106178325835493f,0f,0f,0f,1f],start_interpolation:0}
execute if entity @s[tag=aj.heiloang_aj.bone.wing_left_0] run data modify entity @s {} merge value {transformation:[-2.174815684614129f,0.1935260496933197f,0.4014030468824008f,0.09305694732515307f,0.1563319115228372f,2.2039708525660324f,-0.21557554239517107f,1.658114408853037f,-0.41729734170731536f,-0.18292115550000002f,-2.1727408449869374f,0.8050618793204085f,0f,0f,0f,1f],start_interpolation:0}
execute if entity @s[tag=aj.heiloang_aj.bone.kazari_right] run data modify entity @s {} merge value {transformation:[-2.6016121884142027f,0.3709793279537907f,0.029300987728535746f,-2.2707621044153776f,-0.23829059400768043f,-1.5017876189183708f,-2.143530202499421f,1.0645564977988005f,-0.28583527154356003f,-2.124589013068338f,1.5202927059113238f,-3.65612977861339f,0f,0f,0f,1f],start_interpolation:0}
execute if entity @s[tag=aj.heiloang_aj.bone.kazari_left] run data modify entity @s {} merge value {transformation:[-2.6016121884142027f,0.3709793279537907f,0.029300987728535746f,2.7521958504642323f,-0.23829059400768043f,-1.5017876189183708f,-2.143530202499421f,1.52462646521137f,-0.28583527154356003f,-2.124589013068338f,1.5202927059113238f,-3.1042648398732147f,0f,0f,0f,1f],start_interpolation:0}
execute if entity @s[tag=aj.heiloang_aj.bone.ring] run data modify entity @s {} merge value {transformation:[-2.1807393439517058f,-0.26922554777288454f,-0.1575430225414698f,-0.23800259459355516f,-0.19974140494895234f,0.3506323864495757f,2.165660773645245f,3.2087812506736215f,-0.2395945965044503f,2.1581243754202615f,-0.3715102896647737f,-0.6187851840528014f,0f,0f,0f,1f],start_interpolation:0}
execute if entity @s[tag=aj.heiloang_aj.bone.body_0] run data modify entity @s {} merge value {transformation:[-1.1171908414114515f,-0.10049534695653886f,0.12424848105361959f,-0.16848841196027325f,-0.10232734548424202f,1.1238588609181939f,-0.011079306814158864f,1.5628890005202603f,-0.12274410034781849f,-0.022233351376222708f,-1.1216469764832695f,0.12063264921161465f,0f,0f,0f,1f],start_interpolation:0}
execute if entity @s[tag=aj.heiloang_aj.bone.leg_right_3] run data modify entity @s {} merge value {transformation:[-0.9956519546725691f,0.06773754470423166f,0.06394380497072887f,-0.6488735157130707f,0.08983644513346078f,0.5167522865367509f,0.8514085314846347f,0.13882314383020128f,0.024629216034520438f,0.8534510527244559f,-0.5205907243901325f,-1.1537861112576473f,0f,0f,0f,1f],start_interpolation:0}
execute if entity @s[tag=aj.heiloang_aj.bone.leg_right_2] run data modify entity @s {} merge value {transformation:[-0.9956519546725691f,0.08960989923575308f,0.025441130392546845f,-0.5955744240816556f,0.08983644513346078f,0.8515015849372214f,0.5165989391928545f,0.6323212566229839f,0.024629216034520438f,0.5166382843037846f,-0.8558494522456428f,-0.7991979416839592f,0f,0f,0f,1f],start_interpolation:0}
execute if entity @s[tag=aj.heiloang_aj.bone.leg_right_1] run data modify entity @s {} merge value {transformation:[-0.9991890346747022f,-0.036478845076315256f,0.017046021463522923f,-0.6103411449964261f,-0.03070006490337021f,0.9641197536555353f,0.2636865689149122f,0.5186353128140707f,-0.026053387510370923f,0.262949414285501f,-0.9644577888773289f,-0.09890852778673748f,0f,0f,0f,1f],start_interpolation:0}
execute if entity @s[tag=aj.heiloang_aj.bone.leg_right_0] run data modify entity @s {} merge value {transformation:[-0.9177936292168435f,0.3964453828943985f,0.022043424205172968f,-0.28610751531207995f,0.31677606652989165f,0.7645660891689419f,-0.5613302227448289f,1.0279044148599905f,-0.2393904297227128f,-0.5082024731095112f,-0.8272982947417162f,-0.5173031639751811f,0f,0f,0f,1f],start_interpolation:0}
execute if entity @s[tag=aj.heiloang_aj.bone.leg_left_3] run data modify entity @s {} merge value {transformation:[-0.9269232968515317f,-0.37426094152969025f,0.027238748120959166f,0.9893750311768343f,-0.2515188733506556f,0.6735176319175219f,0.6950627711542539f,-0.07860457529599307f,-0.27848062428525294f,0.6374188161181967f,-0.718432874217329f,-0.7126428351802374f,0f,0f,0f,1f],start_interpolation:0}
execute if entity @s[tag=aj.heiloang_aj.bone.leg_left_2] run data modify entity @s {} merge value {transformation:[-0.9269232968515317f,-0.3065123514475937f,0.216479514421005f,0.7927460459903023f,-0.2515188733506556f,0.9356029182202253f,0.2477608438922813f,0.4787257635572226f,-0.27848062428525294f,0.17520661468068283f,-0.9443257828047642f,-0.5615339801165289f,0f,0f,0f,1f],start_interpolation:0}
execute if entity @s[tag=aj.heiloang_aj.bone.leg_left_1] run data modify entity @s {} merge value {transformation:[-0.956518745132539f,-0.13116406406794479f,0.26051464163699734f,0.5990726108555491f,-0.12498415882615019f,0.9913430312297487f,0.04022380482666155f,0.5247652901491368f,-0.26353529223349337f,0.0059146199703583036f,-0.9646316224435179f,0.11958185114648728f,0f,0f,0f,1f],start_interpolation:0}
execute if entity @s[tag=aj.heiloang_aj.bone.leg_left_0] run data modify entity @s {} merge value {transformation:[-0.9231274720582873f,-0.2505460094283742f,0.2916545344937964f,0.4023801210801981f,-0.35568719213550537f,0.8445409651024463f,-0.40029636472817093f,1.1019110154918461f,-0.14602154526656722f,-0.473262353693325f,-0.8687349727590217f,-0.28999282176776225f,0f,0f,0f,1f],start_interpolation:0}
execute if entity @s[tag=aj.heiloang_aj.bone.tail_4] run data modify entity @s {} merge value {transformation:[-0.14252157002502824f,-0.016443174690679064f,-1.569799855959787f,-1.0167749882212165f,-0.529399680913642f,1.4844302316910853f,0.03251505463257416f,0.36177177335316235f,1.4779302905123124f,0.5301423138510233f,-0.13973384392675936f,-3.8879897753845216f,0f,0f,0f,1f],start_interpolation:0}
execute if entity @s[tag=aj.heiloang_aj.bone.tail_3] run data modify entity @s {} merge value {transformation:[-0.6091790746833765f,-0.08883730310621434f,-0.788041108410418f,0.03861875938086551f,-0.24792879192117992f,0.9652295850715762f,0.08284420461961728f,0.2258729136655072f,0.7532809363739463f,0.24584503590548118f,-0.6100229907275815f,-3.079220407852573f,0f,0f,0f,1f],start_interpolation:0}
execute if entity @s[tag=aj.heiloang_aj.bone.tail_2] run data modify entity @s {} merge value {transformation:[-0.9247198477601724f,-0.09039597839669258f,-0.3697590705420335f,0.32648857708997014f,-0.07132234129170491f,0.9953355024171756f,-0.0649643075897691f,0.2949247461374582f,0.3739068423967036f,-0.03370170199935374f,-0.9268537470881116f,-2.3541096539781097f,0f,0f,0f,1f],start_interpolation:0}
execute if entity @s[tag=aj.heiloang_aj.bone.tail_1] run data modify entity @s {} merge value {transformation:[-0.9836351407973523f,-0.09701360169502238f,-0.15182315658269258f,0.4434977530358417f,-0.05776520389876966f,0.9679823323780088f,-0.24428136527898253f,0.5021751331743063f,0.17066074829059785f,-0.23151363953380724f,-0.957745448280859f,-1.609555329717114f,0f,0f,0f,1f],start_interpolation:0}
execute if entity @s[tag=aj.heiloang_aj.bone.tail_ring] run data modify entity @s {} merge value {transformation:[-0.9600629570120068f,0.06740827555861456f,0.2715423410070252f,0.4846110916725592f,-0.061627159909512036f,0.8957563028433153f,-0.44025303982819036f,0.46668935118588195f,-0.272912461670128f,-0.4394050185224204f,-0.8558282642928208f,-1.7461724166574475f,0f,0f,0f,1f],start_interpolation:0}
execute if entity @s[tag=aj.heiloang_aj.bone.tail_0] run data modify entity @s {} merge value {transformation:[-0.9600629570120068f,0.06740827555861456f,0.2715423410070252f,0.1037704212732544f,-0.061627159909512036f,0.8957563028433153f,-0.44025303982819036f,1.0614380891637578f,-0.272912461670128f,-0.4394050185224204f,-0.8558282642928208f,-0.5407370086170189f,0f,0f,0f,1f],start_interpolation:0}
execute if entity @s[tag=aj.heiloang_aj.bone.body_1] run data modify entity @s {} merge value {transformation:[-0.9446753162503579f,0.07374187672281272f,0.31961020397459733f,-0.0005113504069079402f,-0.10154461047820232f,0.8607827860055608f,-0.4987401000514548f,1.2978996874999997f,-0.31189299278777705f,-0.5036021554103025f,-0.8056721604449177f,-0.2920927891626685f,0f,0f,0f,1f],start_interpolation:0}