execute if entity @s[tag=aj.heiloang_aj.bone.head_lower] run data modify entity @s {} merge value {transformation:[-0.7510771266911732f,0.2124200569933103f,-0.17538776795515132f,0.1700983220224174f,-0.08788286625380298f,0.2979608810116726f,0.7372217544306218f,1.7929394524363713f,0.2610742261893108f,0.7114049710071662f,-0.2564043986478116f,0.804810364267043f,0f,0f,0f,1f],start_interpolation:0}
execute if entity @s[tag=aj.heiloang_aj.bone.horne_right] run data modify entity @s {} merge value {transformation:[-0.6815748610569798f,-0.36134980116992976f,-0.21185379385229497f,-0.09643510499950037f,-0.32590331656155996f,0.20328742909116998f,0.7017558331981846f,2.1655161281867006f,-0.26314014712569833f,0.6841787356882375f,-0.3204008748469814f,1.2055391039688967f,0f,0f,0f,1f],start_interpolation:0}
execute if entity @s[tag=aj.heiloang_aj.bone.horne_left] run data modify entity @s {} merge value {transformation:[-0.425929426354757f,0.6469143700317057f,-0.20021468880076895f,0.5421306681133351f,0.1963152253958716f,0.34432357098533867f,0.6949112250796303f,2.240234141075684f,0.6481083675149365f,0.3208474346327015f,-0.3420708517935116f,0.9835737968627447f,0f,0f,0f,1f],start_interpolation:0}
execute if entity @s[tag=aj.heiloang_aj.bone.head_upper] run data modify entity @s {} merge value {transformation:[-1.1001589982490634f,0.27713770670058224f,-0.29326947078814636f,0.14322998909614165f,-0.12872862541691427f,0.5661217822378971f,1.0178885897160157f,2.052671869771644f,0.38241499966644776f,0.9878577486665425f,-0.501056831935841f,0.8169166493160768f,0f,0f,0f,1f],start_interpolation:0}
execute if entity @s[tag=aj.heiloang_aj.bone.neck_0] run data modify entity @s {} merge value {transformation:[-0.9392960453624218f,0.24095497366809698f,-0.24426141699237183f,0.023582401425803992f,-0.1523569749699471f,0.34495802275997667f,0.9261702406747554f,2.4263910565673026f,0.3074252613961996f,0.907162974992991f,-0.2873065357024519f,0.6339448405192929f,0f,0f,0f,1f],start_interpolation:0}
execute if entity @s[tag=aj.heiloang_aj.bone.neck_1] run data modify entity @s {} merge value {transformation:[-0.9608804206104241f,0.16717285347022956f,-0.2208213176986204f,-0.054789728895230844f,-0.002654783763530063f,0.7916978259069185f,0.6109071161620457f,2.658867811670239f,0.276950842949977f,0.5875949195805557f,-0.7602831321767026f,0.3642613499886073f,0f,0f,0f,1f],start_interpolation:0}
execute if entity @s[tag=aj.heiloang_aj.bone.neck_2] run data modify entity @s {} merge value {transformation:[-0.9810478495099894f,-0.043569559754219764f,-0.18880362929416494f,-0.13070125869416072f,-0.11342801891995179f,0.9191254121901941f,0.37728313133520924f,2.7826724631436623f,0.15709615366303553f,0.3915484262885361f,-0.9066480179073082f,-0.020407054065178287f,0f,0f,0f,1f],start_interpolation:0}
execute if entity @s[tag=aj.heiloang_aj.bone.neck_3] run data modify entity @s {} merge value {transformation:[-0.9962592547210873f,0.05194806437186593f,-0.0690571936194904f,-0.1676963437060922f,0.0550446372369886f,0.9975262715483246f,-0.04371985226811981f,2.735891094021528f,0.0666152031748884f,-0.047357535608542445f,-0.9966542422159522f,-0.5350288024902533f,0f,0f,0f,1f],start_interpolation:0}
execute if entity @s[tag=aj.heiloang_aj.bone.wing_right_2] run data modify entity @s {} merge value {transformation:[0.16383843441120333f,-1.9298668803146888f,-1.3350456164472957f,-2.9206126361617253f,-1.8827015961832743f,0.6907632071001535f,-1.2295759015882943f,1.212645360721826f,1.4007739551618037f,1.1541386495140717f,-1.4964532436929654f,2.2850697893507874f,0f,0f,0f,1f],start_interpolation:0}
execute if entity @s[tag=aj.heiloang_aj.bone.wing_right_1] run data modify entity @s {} merge value {transformation:[-1.6700829527870147f,-2.1896746323443224f,-1.898253594274999f,-1.7982987619912907f,-1.3239827274378815f,2.525424846386698f,-1.7482899804091037f,2.1060795996503945f,2.5778113664805558f,-0.12154473505861833f,-2.127753324312566f,0.6297023717555486f,0f,0f,0f,1f],start_interpolation:0}
execute if entity @s[tag=aj.heiloang_aj.bone.wing_right_0] run data modify entity @s {} merge value {transformation:[-1.358959085249269f,-1.2223782663405411f,-1.2599291958664818f,-0.5443950644897955f,-0.5524104019087576f,1.8101737801340119f,-1.160393740752829f,2.610589175700201f,1.6662751730976109f,-0.39681514549426183f,-1.4122552134174946f,-0.931464404644482f,0f,0f,0f,1f],start_interpolation:0}
execute if entity @s[tag=aj.heiloang_aj.bone.wing_left_2] run data modify entity @s {} merge value {transformation:[-0.6168709000485493f,1.8180124925407384f,1.3593663509003402f,3.0183756800325883f,1.692579703252187f,1.3070578016592762f,-0.97997441679942f,1.554921044848502f,-1.5126864338431267f,0.721114752593812f,-1.650863190206728f,1.952722318598754f,0f,0f,0f,1f],start_interpolation:0}
execute if entity @s[tag=aj.heiloang_aj.bone.wing_left_1] run data modify entity @s {} merge value {transformation:[-2.101934031902582f,1.7416209035928405f,1.932834376401197f,1.6127950027399085f,1.075334882206143f,2.8441758756458455f,-1.3933905598951364f,2.280161536783635f,-2.369123675442135f,-0.2542419899675058f,-2.3473033024935037f,0.43732677711119017f,0f,0f,0f,1f],start_interpolation:0}
execute if entity @s[tag=aj.heiloang_aj.bone.wing_left_0] run data modify entity @s {} merge value {transformation:[-1.5977024111545002f,0.8543781387418872f,1.2828815227568915f,0.13701388731364983f,0.32274378438699053f,1.9922135028595602f,-0.9248360982701751f,2.5729404327808107f,-1.5071773137327462f,-0.4790859579073312f,-1.5579772751569119f,-0.9770270386220024f,0f,0f,0f,1f],start_interpolation:0}
execute if entity @s[tag=aj.heiloang_aj.bone.kazari_right] run data modify entity @s {} merge value {transformation:[-2.562907806661147f,0.452005324612534f,0.3661488080460112f,-2.148930753540437f,-0.4527552956115289f,-0.5114200780713404f,-2.537780986333824f,4.123347476316083f,-0.365221036370187f,-2.5379146713047067f,0.576604634325171f,-4.488809263530308f,0f,0f,0f,1f],start_interpolation:0}
execute if entity @s[tag=aj.heiloang_aj.bone.kazari_left] run data modify entity @s {} merge value {transformation:[-2.562907806661147f,0.452005324612534f,0.3661488080460112f,2.799300275058239f,-0.4527552956115289f,-0.5114200780713404f,-2.537780986333824f,4.997486528951752f,-0.365221036370187f,-2.5379146713047067f,0.576604634325171f,-3.7836734565508636f,0f,0f,0f,1f],start_interpolation:0}
execute if entity @s[tag=aj.heiloang_aj.bone.ring] run data modify entity @s {} merge value {transformation:[-2.0555360690293165f,-0.7034646766988432f,-0.3644656408230044f,-0.4890625084476966f,-0.4149679906633555f,0.0926616242853235f,2.1615137464040455f,5.424318408055591f,-0.6749068983410588f,2.085540111771008f,-0.21897352933597677f,-1.6564697053500386f,0f,0f,0f,1f],start_interpolation:0}
execute if entity @s[tag=aj.heiloang_aj.bone.body_0] run data modify entity @s {} merge value {transformation:[-1.1243404200481444f,-0.004707565057127354f,-0.09741064939147316f,-0.25975754008633406f,0.06212129047650344f,0.8343991294130212f,-0.7573449769041845f,2.111051822545982f,0.07517939247672534f,-0.7598738761160952f,-0.8310187285981017f,-1.395534589948762f,0f,0f,0f,1f],start_interpolation:0}
execute if entity @s[tag=aj.heiloang_aj.bone.leg_right_3] run data modify entity @s {} merge value {transformation:[-0.9987129836010349f,-0.028242606569288634f,0.04212756295931912f,-0.5261358346659624f,0.0062417410005180555f,0.7558586920094288f,0.6547050315852764f,0.17929150934569205f,-0.05033306126197243f,0.6541253648101163f,-0.7547096064421273f,-2.1679280735140356f,0f,0f,0f,1f],start_interpolation:0}
execute if entity @s[tag=aj.heiloang_aj.bone.leg_right_2] run data modify entity @s {} merge value {transformation:[-0.9987129836010349f,-0.0033296980915329746f,0.05060918392286387f,-0.5305485197932209f,0.0062417410005180555f,0.9821886108745493f,0.18779396512562704f,0.7677836259928338f,-0.05033306126197243f,0.18786816063117778f,-0.9809037349123798f,-2.0073930077043345f,0f,0f,0f,1f],start_interpolation:0}
execute if entity @s[tag=aj.heiloang_aj.bone.leg_right_1] run data modify entity @s {} merge value {transformation:[-0.9900686062501208f,-0.12337858448875921f,0.0673934700656756f,-0.5873656286178583f,-0.1230879147159799f,0.9923596715136639f,0.00846449077998307f,0.8363097593840774f,-0.06792289870739221f,0.00008510489329704995f,-0.9976905695596918f,-1.3033874691820388f,0f,0f,0f,1f],start_interpolation:0}
execute if entity @s[tag=aj.heiloang_aj.bone.leg_right_0] run data modify entity @s {} merge value {transformation:[-0.9706978488194559f,0.2026376557080345f,0.129165269273256f,-0.3955849319929739f,0.08457004851195545f,0.7911949007581075f,-0.605688480911643f,1.3704234273753264f,-0.22493019626534394f,-0.577016992387157f,-0.7851482645363953f,-1.7697342184740341f,0f,0f,0f,1f],start_interpolation:0}
execute if entity @s[tag=aj.heiloang_aj.bone.leg_left_3] run data modify entity @s {} merge value {transformation:[-0.92995157779081f,-0.26645525824790534f,-0.2533607276521467f,0.8253673296022841f,-0.3576013044978864f,0.8156975508132004f,0.4547073923071365f,0.5570497352889618f,0.08550654937367672f,0.5134579836261078f,-0.8538439723186073f,-1.588698629319846f,0f,0f,0f,1f],start_interpolation:0}
execute if entity @s[tag=aj.heiloang_aj.bone.leg_left_2] run data modify entity @s {} merge value {transformation:[-0.92995157779081f,-0.36648091372753616f,-0.029695165226234478f,0.6038803077949343f,-0.3576013044978864f,0.9202825383886337f,-0.15874935136365975f,1.1242405932462256f,0.08550654937367672f,-0.13701017995172132f,-0.9868722514103859f,-1.6254679143415078f,0f,0f,0f,1f],start_interpolation:0}
execute if entity @s[tag=aj.heiloang_aj.bone.leg_left_1] run data modify entity @s {} merge value {transformation:[-0.9685577880976896f,-0.24193200516978552f,-0.05800617199779591f,0.6266486899759153f,-0.2326498078975454f,0.9633731233272408f,-0.13336525835446045f,1.290669782593295f,0.08814691146345494f,-0.11567683486871394f,-0.9893679759696137f,-0.9360255753537209f,0f,0f,0f,1f],start_interpolation:0}
execute if entity @s[tag=aj.heiloang_aj.bone.leg_left_0] run data modify entity @s {} merge value {transformation:[-0.8869132973150576f,-0.4322144396196556f,0.16301987986131966f,0.28987525244447493f,-0.3417176397822327f,0.3764177617920941f,-0.8611264269949509f,1.4952695880275284f,0.310827697780285f,-0.8194512473550196f,-0.4815452164656091f,-1.555911942277316f,0f,0f,0f,1f],start_interpolation:0}
execute if entity @s[tag=aj.heiloang_aj.bone.tail_4] run data modify entity @s {} merge value {transformation:[-1.4945259944908031f,-0.10518125349484607f,-0.49008501241336f,0.32151742896784496f,0.32486569653369807f,0.9704635307233147f,-1.198965044711224f,-1.0269441129806547f,0.38171808274513996f,-1.2377365645148264f,-0.8984174229477543f,-4.954120998239419f,0f,0f,0f,1f],start_interpolation:0}
execute if entity @s[tag=aj.heiloang_aj.bone.tail_3] run data modify entity @s {} merge value {transformation:[-0.954601372807318f,0.2023746138167857f,-0.2185880479735584f,0.6083390318152525f,0.2978727563145112f,0.6554817981855166f,-0.6939851823296211f,-0.11666590906257718f,0.0028355034790413652f,-0.7275906321070857f,-0.6860057084237944f,-4.0184077344605384f,0f,0f,0f,1f],start_interpolation:0}
execute if entity @s[tag=aj.heiloang_aj.bone.tail_2] run data modify entity @s {} merge value {transformation:[-0.9883300996797826f,0.12451899862360588f,-0.08774185460044481f,0.679315866072254f,0.15170728896613228f,0.7526972129876907f,-0.6406495173143498f,0.3987144410758438f,-0.01372998694455324f,-0.64648428019739f,-0.7628037512467837f,-3.432943665033513f,0f,0f,0f,1f],start_interpolation:0}
execute if entity @s[tag=aj.heiloang_aj.bone.tail_1] run data modify entity @s {} merge value {transformation:[-0.9357789442859782f,0.11813761912343113f,0.3322066681733936f,0.42169632708057275f,-0.0735377094643118f,0.8560824684880195f,-0.5115808952982914f,0.8129657195657658f,-0.3448332534976326f,-0.5031563475653528f,-0.7924163786715488f,-2.822179337852085f,0f,0f,0f,1f],start_interpolation:0}
execute if entity @s[tag=aj.heiloang_aj.bone.tail_ring] run data modify entity @s {} merge value {transformation:[-0.9405213431335022f,-0.013279939895592646f,0.3394749568182053f,0.4700695471016632f,-0.17130167640303712f,0.8814513543462266f,-0.44011276462142285f,0.7770564281989808f,-0.29338598939257815f,-0.47208807771174677f,-0.8312986876632042f,-2.956285005739675f,0f,0f,0f,1f],start_interpolation:0}
execute if entity @s[tag=aj.heiloang_aj.bone.tail_0] run data modify entity @s {} merge value {transformation:[-0.9405213431335022f,-0.013279939895592646f,0.3394749568182053f,-0.0038429432358219745f,-0.17130167640303712f,0.8814513543462266f,-0.44011276462142285f,1.3719324539330005f,-0.29338598939257815f,-0.47208807771174677f,-0.8312986876632042f,-1.784376448716951f,0f,0f,0f,1f],start_interpolation:0}
execute if entity @s[tag=aj.heiloang_aj.bone.body_1] run data modify entity @s {} merge value {transformation:[-0.9405213431335022f,0.14497263998748294f,0.30724995812109157f,-0.09876032582961149f,-0.17130167640303712f,0.5786354414937395f,-0.7973937305427314f,1.6936805363535155f,-0.29338598939257815f,-0.8025982553571898f,-0.5193849263559092f,-1.6575632585480553f,0f,0f,0f,1f],start_interpolation:0}