execute if entity @s[tag=aj.heiloang_aj.bone.head_lower] run data modify entity @s {} merge value {transformation:[-0.7996450122727695f,-0.02223845607592516f,-0.008561858363770792f,-0.10912107025360311f,-0.006992243594148236f,-0.05581418530111862f,0.798019977975923f,-0.3262290012723923f,-0.02278075672145719f,0.7977407021022128f,0.05559504773508374f,2.7995334307952477f,0f,0f,0f,1f],start_interpolation:0}
execute if entity @s[tag=aj.heiloang_aj.bone.horne_right] run data modify entity @s {} merge value {transformation:[-0.5861945884186776f,-0.5442649355759687f,0.01231196211591933f,-0.44550308790892157f,-0.5435590320616458f,0.5841271417544749f,-0.05778460807130476f,0.10479357294990946f,0.030322980936312458f,-0.05070662844475231f,-0.7978153637646381f,2.5321317693098195f,0f,0f,0f,1f],start_interpolation:0}
execute if entity @s[tag=aj.heiloang_aj.bone.horne_left] run data modify entity @s {} merge value {transformation:[-0.5929257016652557f,0.536559479306362f,0.023303164404211558f,0.23435510152538708f,0.5332485865908033f,0.5922885454272581f,-0.06957171734673162f,0.11073837845365428f,-0.06391445222854304f,-0.03603059980278596f,-0.796628356684707f,2.5514999686744027f,0f,0f,0f,1f],start_interpolation:0}
execute if entity @s[tag=aj.heiloang_aj.bone.head_upper] run data modify entity @s {} merge value {transformation:[-1.1713000228518462f,-0.007297002157975099f,0.034133892640178985f,-0.1039526634559015f,-0.010242063610618484f,1.167335510366773f,-0.10190691227655882f,-0.21715308966655242f,-0.03336868292667246f,-0.10216003326278196f,-1.1668813011628418f,2.5620357862905525f,0f,0f,0f,1f],start_interpolation:0}
execute if entity @s[tag=aj.heiloang_aj.bone.neck_0] run data modify entity @s {} merge value {transformation:[-0.9995853592312642f,-0.003078765236821693f,0.028629195153215384f,-0.09069468018067155f,0.016280810402303378f,0.7596446999583539f,0.6501344976524677f,0.010981901078701617f,-0.02374962785284441f,0.6503310318828395f,-0.7592795955029032f,2.1942873525671134f,0f,0f,0f,1f],start_interpolation:0}
execute if entity @s[tag=aj.heiloang_aj.bone.neck_1] run data modify entity @s {} merge value {transformation:[-0.9995450752734211f,-0.014181815303735055f,0.026618012911215717f,-0.08117310114285971f,0.015437927304639412f,0.5175952900452393f,0.85548628634451f,0.32915226964097577f,-0.02590970662102466f,0.8555080314279202f,-0.51714088531573f,2.016540978087532f,0f,0f,0f,1f],start_interpolation:0}
execute if entity @s[tag=aj.heiloang_aj.bone.neck_2] run data modify entity @s {} merge value {transformation:[-0.999458031496806f,-0.007499088806747592f,0.03205318928902467f,-0.06778633811682444f,0.016471314801421822f,0.729126536875395f,0.684180669861993f,0.5850918927677036f,-0.028501562505273196f,0.6843378236596029f,-0.7286078534051058f,1.6950201590888403f,0f,0f,0f,1f],start_interpolation:0}
execute if entity @s[tag=aj.heiloang_aj.bone.neck_3] run data modify entity @s {} merge value {transformation:[-0.999314480972795f,0.005318386976097479f,0.0366371789040284f,-0.048955389422599666f,0.016615430290434923f,0.9487893457017106f,0.3154721936386525f,0.7253726329828571f,-0.0330831617947409f,0.3158646739394772f,-0.9482272998404816f,1.1966634735111041f,0f,0f,0f,1f],start_interpolation:0}
execute if entity @s[tag=aj.heiloang_aj.bone.wing_right_2] run data modify entity @s {} merge value {transformation:[-1.5042532560926793f,-1.804190258150686f,0.1252823221757179f,-4.204240065647898f,-1.7168194469293496f,1.4757728171485955f,0.6389065543031365f,-0.41910833080155485f,-0.5686203781968966f,0.3171247560195598f,-2.2604598560779086f,0.20434812592268092f,0f,0f,0f,1f],start_interpolation:0}
execute if entity @s[tag=aj.heiloang_aj.bone.wing_right_1] run data modify entity @s {} merge value {transformation:[-2.742549850831801f,-1.9062809881694802f,0.1781344513171272f,-2.4113534390137974f,-1.7972379938909984f,2.6705606330695972f,0.9084383695736153f,0.7437545757949402f,-0.6599808193554744f,0.6491667521850603f,-3.2140669904095613f,0.685349023198141f,0f,0f,0f,1f],start_interpolation:0}
execute if entity @s[tag=aj.heiloang_aj.bone.wing_right_0] run data modify entity @s {} merge value {transformation:[-2.1883803218477484f,-0.35413620622599373f,0.11823330490772721f,-0.37493596399864904f,-0.3095245766293603f,2.114009379596262f,0.6029584392322926f,1.036484814563227f,-0.2087728512330047f,0.5778857070553725f,-2.1332749485636286f,0.862433673669976f,0f,0f,0f,1f],start_interpolation:0}
execute if entity @s[tag=aj.heiloang_aj.bone.wing_left_2] run data modify entity @s {} merge value {transformation:[-1.584142605839902f,1.7365236469323893f,0.09248694139395325f,3.9755051378376227f,1.691540059286302f,1.5097169515051374f,0.626915433283259f,-0.7950581647321711f,0.40343579230587406f,0.48868840410191544f,-2.265391624312198f,0.4966970226732264f,0f,0f,0f,1f],start_interpolation:0}
execute if entity @s[tag=aj.heiloang_aj.bone.wing_left_1] run data modify entity @s {} merge value {transformation:[-2.510960152186189f,2.205675546963399f,0.13150387279782044f,2.3295335504770027f,2.1537738015287635f,2.3987295609135275f,0.8913886236361384f,0.6014945583759683f,0.49351423371717523f,0.7538638126527261f,-3.221079295203898f,0.8688159335902252f,0f,0f,0f,1f],start_interpolation:0}
execute if entity @s[tag=aj.heiloang_aj.bone.wing_left_0] run data modify entity @s {} merge value {transformation:[-2.1735445294446696f,0.44326722055865064f,0.08728315816558029f,0.30856266326611104f,0.4503509791353395f,2.0917800410659386f,0.5916419993459044f,1.0251204002460539f,0.03589114254227922f,0.5969676967612125f,-2.137929230566489f,0.8850614811348205f,0f,0f,0f,1f],start_interpolation:0}
execute if entity @s[tag=aj.heiloang_aj.bone.kazari_right] run data modify entity @s {} merge value {transformation:[-2.6261795001347448f,0.08582749286932653f,-0.05181759446401075f,-2.3454679766624724f,0.0486940801871501f,-0.09541080930862514f,-2.6259085765841226f,3.319183425577264f,-0.0876373675038129f,-2.6249572582217584f,0.09375112203148692f,-3.185548102796301f,0f,0f,0f,1f],start_interpolation:0}
execute if entity @s[tag=aj.heiloang_aj.bone.kazari_left] run data modify entity @s {} merge value {transformation:[-2.6261795001347448f,0.08582749286932653f,-0.05181759446401075f,2.7249223258922624f,0.0486940801871501f,-0.09541080930862514f,-2.6259085765841226f,3.225169291372012f,-0.0876373675038129f,-2.6249572582217584f,0.09375112203148692f,-3.016345785014916f,0f,0f,0f,1f],start_interpolation:0}
execute if entity @s[tag=aj.heiloang_aj.bone.ring] run data modify entity @s {} merge value {transformation:[-2.2013323068393715f,-0.0810200746757104f,0.02231833660515026f,0.07314762528857104f,0.04081665090383221f,-0.5193751644479929f,2.1404461510039545f,3.3978803701816886f,-0.07345993233234815f,2.1393016318037508f,0.5204982730879749f,0.46237168028813597f,0f,0f,0f,1f],start_interpolation:0}
execute if entity @s[tag=aj.heiloang_aj.bone.body_0] run data modify entity @s {} merge value {transformation:[-1.1277884325518261f,0.004775060203877161f,0.041506940865569f,-0.009438820481963402f,0.01875154462405301f,1.0597547923353985f,0.38758294032895985f,1.20033302251686f,-0.03733640199832653f,0.38800690053126546f,-1.059107649941031f,0.24156104002058648f,0f,0f,0f,1f],start_interpolation:0}
execute if entity @s[tag=aj.heiloang_aj.bone.leg_right_3] run data modify entity @s {} merge value {transformation:[-0.982703895785327f,0.08455126724213113f,0.16475477661084997f,-0.7176096623077178f,0.1726577967031819f,0.7399841541488792f,0.6500867148666943f,-0.7902930036544717f,-0.06695026845311444f,0.6672889440237395f,-0.7417837466120019f,-0.7054956304352119f,0f,0f,0f,1f],start_interpolation:0}
execute if entity @s[tag=aj.heiloang_aj.bone.leg_right_2] run data modify entity @s {} merge value {transformation:[-0.982703895785327f,0.15313769892397605f,0.10412443698100374f,-0.6293860372243726f,0.1726577967031819f,0.9609602352053799f,0.2162052533858138f,-0.21605202694784398f,-0.06695026845311444f,0.23044364066359213f,-0.9707797845195197f,-0.5195444455813311f,0f,0f,0f,1f],start_interpolation:0}
execute if entity @s[tag=aj.heiloang_aj.bone.leg_right_1] run data modify entity @s {} merge value {transformation:[-0.9984675577647574f,0.055011198689203615f,-0.006025289209498807f,-0.6210045917174902f,0.05128333265889666f,0.8788534827133552f,-0.47432749837428073f,0.18462482090162513f,-0.020797977850697258f,-0.4739096157933318f,-0.880327848120198f,0.06606261384626932f,0f,0f,0f,1f],start_interpolation:0}
execute if entity @s[tag=aj.heiloang_aj.bone.leg_right_0] run data modify entity @s {} merge value {transformation:[-0.9506919733538366f,0.3099880313637365f,-0.009601677552549356f,-0.3608774234186381f,0.26725013017640753f,0.8031264223132161f,-0.5325085142071129f,0.725794509857358f,-0.15735990506250713f,-0.5088176197751104f,-0.8463701850166451f,-0.35702810996669637f,0f,0f,0f,1f],start_interpolation:0}
execute if entity @s[tag=aj.heiloang_aj.bone.leg_left_3] run data modify entity @s {} merge value {transformation:[-0.9753136008460412f,-0.21614660597197063f,-0.04521089173558297f,0.7667609287740964f,-0.19851273637311337f,0.768517460962177f,0.6082545566569206f,-0.28367548096565476f,-0.09672679826391303f,0.6022138797163729f,-0.7924533863733351f,-0.637465366804046f,0f,0f,0f,1f],start_interpolation:0}
execute if entity @s[tag=aj.heiloang_aj.bone.leg_left_2] run data modify entity @s {} merge value {transformation:[-0.9753136008460412f,-0.21255871535922138f,0.05985125336671271f,0.6346624068168374f,-0.19851273637311337f,0.9626726983578693f,0.18399448180322525f,0.29312661274941787f,-0.09672679826391303f,0.16757108450211833f,-0.9811033880975013f,-0.48926524641608315f,0f,0f,0f,1f],start_interpolation:0}
execute if entity @s[tag=aj.heiloang_aj.bone.leg_left_1] run data modify entity @s {} merge value {transformation:[-0.9949409858297771f,-0.07747439219127171f,0.06395430611510347f,0.5837182134279403f,-0.071957272209864f,0.993823834121538f,0.0844768471717619f,0.30812616046275565f,-0.07010410610076186f,0.0794475001907467f,-0.994370911190213f,0.21835577914149784f,0f,0f,0f,1f],start_interpolation:0}
execute if entity @s[tag=aj.heiloang_aj.bone.leg_left_0] run data modify entity @s {} merge value {transformation:[-0.9610842655932309f,-0.2573414658369917f,0.10046095953149392f,0.36780174289414574f,-0.24979535495442332f,0.6542274057173287f,-0.7138548747830804f,0.7289235112742215f,0.11798014694139725f,-0.7111693691162762f,-0.6930503685580466f,-0.34364618154056636f,0f,0f,0f,1f],start_interpolation:0}
execute if entity @s[tag=aj.heiloang_aj.bone.tail_4] run data modify entity @s {} merge value {transformation:[0.38643508568906004f,-0.6115477912371692f,-1.400546888636401f,-2.4345036735420265f,-0.3711543430662853f,1.363820901648799f,-0.6979193116231738f,-0.1414440441907484f,1.4824866751034211f,0.5008554791019761f,0.19034550397108582f,-3.254163568133058f,0f,0f,0f,1f],start_interpolation:0}
execute if entity @s[tag=aj.heiloang_aj.bone.tail_3] run data modify entity @s {} merge value {transformation:[-0.33791523485296787f,-0.15605641841342505f,-0.9281485270829436f,-1.1901271613099567f,-0.5111368672395603f,0.8584848048349053f,0.04174856663530516f,-0.21963994216303043f,0.7902862753476055f,0.488518407165532f,-0.3698612832639554f,-2.7726608685087895f,0f,0f,0f,1f],start_interpolation:0}
execute if entity @s[tag=aj.heiloang_aj.bone.tail_2] run data modify entity @s {} merge value {transformation:[-0.8279939885903819f,-0.1997829926851313f,-0.5239396059585145f,-0.7835324851207972f,-0.2259520327514683f,0.974033015988924f,-0.014330480068714957f,-0.19062359306710897f,0.5131974607825628f,0.10651966765481966f,-0.8516348552337654f,-2.103884662532698f,0f,0f,0f,1f],start_interpolation:0}
execute if entity @s[tag=aj.heiloang_aj.bone.tail_1] run data modify entity @s {} merge value {transformation:[-0.8897571148545173f,-0.019047499987014466f,-0.4560366973281976f,-0.42746805015174044f,0.12206669037621054f,0.95280638266139f,-0.2779563279731463f,0.04268699041686286f,0.43980904909558627f,-0.3029805107658931f,-0.8454411927684117f,-1.4483014857025274f,0f,0f,0f,1f],start_interpolation:0}
execute if entity @s[tag=aj.heiloang_aj.bone.tail_ring] run data modify entity @s {} merge value {transformation:[-0.9341737506671716f,-0.08501597102334411f,-0.3465424768125647f,-0.47990557347957113f,0.12607691859243558f,0.8299104717937735f,-0.5434640921029398f,-0.009673202316336615f,0.33380235793454993f,-0.5513808969106511f,-0.7645620264957844f,-1.5752758616428544f,0f,0f,0f,1f],start_interpolation:0}
execute if entity @s[tag=aj.heiloang_aj.bone.tail_0] run data modify entity @s {} merge value {transformation:[-0.9341737506671716f,-0.08501597102334411f,-0.3465424768125647f,0.0061006545151367966f,0.12607691859243558f,0.8299104717937735f,-0.5434640921029398f,0.7307389234439899f,0.33380235793454993f,-0.5513808969106511f,-0.7645620264957844f,-0.4948000262390756f,0f,0f,0f,1f],start_interpolation:0}
execute if entity @s[tag=aj.heiloang_aj.bone.body_1] run data modify entity @s {} merge value {transformation:[-0.9998221979535562f,0.00462788293086484f,0.01827991189525017f,0.003049375000000026f,-0.004293309344685358f,0.8880857680396042f,-0.4596577379968461f,0.9550916007700977f,-0.018361371794905088f,-0.4596544912269264f,-0.8879079956395959f,-0.2150335358752818f,0f,0f,0f,1f],start_interpolation:0}