execute if entity @s[tag=aj.heiloang_aj.bone.head_lower] run data modify entity @s {} merge value {transformation:[-0.7996383585119902f,-0.017380019221775685f,-0.01662620004994169f,-0.10167168600253858f,-0.011799541232590222f,-0.19841771765906507f,0.7749136598006698f,0.03414751957693196f,-0.020958683712255805f,0.774808585555696f,0.19807167724394936f,2.7920309603708238f,0f,0f,0f,1f],start_interpolation:0}
execute if entity @s[tag=aj.heiloang_aj.bone.horne_right] run data modify entity @s {} merge value {transformation:[-0.580295519118644f,-0.5505526213133198f,0.012203346092602232f,-0.4439791752724204f,-0.5467392362055105f,0.5781123083717402f,0.08283940187201613f,0.502365355447132f,-0.06582794303514923f,0.051749106988723176f,-0.7956058772040532f,2.607546243337064f,0f,0f,0f,1f],start_interpolation:0}
execute if entity @s[tag=aj.heiloang_aj.bone.horne_left] run data modify entity @s {} merge value {transformation:[-0.5988149596312348f,0.5301226332113426f,0.019764561187010296f,0.23587335713447355f,0.5293401675344197f,0.5951389550745646f,0.07489066154994417f,0.5123973254030803f,0.03492321801431385f,0.06913478075345303f,-0.7962416410447878f,2.625365316229224f,0f,0f,0f,1f],start_interpolation:0}
execute if entity @s[tag=aj.heiloang_aj.bone.head_upper] run data modify entity @s {} merge value {transformation:[-1.1712902765894004f,-0.02007638148913391f,0.02895063511270301f,-0.0989185021751529f,-0.017283673008967344f,1.1665460739699298f,0.10969796877181949f,0.18415279910383914f,-0.030699755934619502f,0.10922137433509364f,-1.1663148497613791f,2.5779743459913163f,0f,0f,0f,1f],start_interpolation:0}
execute if entity @s[tag=aj.heiloang_aj.bone.neck_0] run data modify entity @s {} merge value {transformation:[-0.9991927672961023f,-0.003949115553492031f,0.03997772216500704f,-0.08074719782369398f,0.022387190158448884f,0.7715645600764902f,0.6357569845080601f,0.40534493666514987f,-0.03335607141086579f,0.6361387695466431f,-0.7708533183295743f,2.206216224885494f,0f,0f,0f,1f],start_interpolation:0}
execute if entity @s[tag=aj.heiloang_aj.bone.neck_1] run data modify entity @s {} merge value {transformation:[-0.9991382973690082f,-0.018564813414594393f,0.037121562917538924f,-0.06745322764867978f,0.02150419385905824f,0.5334351969919957f,0.8455675373715472f,0.720099033894557f,-0.03549975178830899f,0.8456371788852426f,-0.5325763131326594f,2.0227225024496867f,0f,0f,0f,1f],start_interpolation:0}
execute if entity @s[tag=aj.heiloang_aj.bone.neck_2] run data modify entity @s {} merge value {transformation:[-0.9992965866035288f,-0.008299863709375733f,0.0365710850938544f,-0.05218818862582589f,0.017228257569926554f,0.7645925343347755f,0.6442836670137071f,0.9585001309148341f,-0.033309445261673454f,0.6444605253248106f,-0.7639117175135021f,1.6880707002980841f,0f,0f,0f,1f],start_interpolation:0}
execute if entity @s[tag=aj.heiloang_aj.bone.neck_3] run data modify entity @s {} merge value {transformation:[-0.9994981788084233f,0.004169040641381076f,0.03140079073487846f,-0.036039237950958126f,0.012560030450136725f,0.9622040752116013f,0.2720396354968862f,1.0759796678481297f,-0.029079824513513736f,0.27229751513063355f,-0.9617735840934422f,1.1837588458289454f,0f,0f,0f,1f],start_interpolation:0}
execute if entity @s[tag=aj.heiloang_aj.bone.wing_right_2] run data modify entity @s {} merge value {transformation:[-1.8357396846520493f,-1.4673019343085658f,0.1032513926731361f,-4.242958801345085f,-1.4288779021341897f,1.8180598370813916f,0.43190551733589333f,-0.19008537715121554f,-0.3492044634697515f,0.2743345925816338f,-2.310059042606244f,0.32945825290274355f,0f,0f,0f,1f],start_interpolation:0}
execute if entity @s[tag=aj.heiloang_aj.bone.wing_right_1] run data modify entity @s {} merge value {transformation:[-2.8628362619056102f,-1.7233207166985411f,0.1468094609210811f,-2.370841908240802f,-1.672485357240768f,2.830702948112869f,0.6141110015789703f,0.8955776953202942f,-0.4406586436614303f,0.4522226219935634f,-3.284590299082023f,0.667937927782252f,0f,0f,0f,1f],start_interpolation:0}
execute if entity @s[tag=aj.heiloang_aj.bone.wing_right_0] run data modify entity @s {} merge value {transformation:[-2.1564940636293657f,-0.5181104327308745f,0.09744194695679473f,-0.36424933956768596f,-0.4923640670566224f,2.1259906719893222f,0.40760432785465905f,1.3568057532260407f,-0.18844356981008056f,0.3743330630732646f,-2.180083433928027f,0.825738563444659f,0f,0f,0f,1f],start_interpolation:0}
execute if entity @s[tag=aj.heiloang_aj.bone.wing_left_2] run data modify entity @s {} merge value {transformation:[-1.9142922836958491f,1.3647121821387609f,0.08137394439008054f,4.013105606326712f,1.355160299794444f,1.8756672663013514f,0.4230707674936368f,-0.5710690455964386f,0.18055918908925978f,0.39116361329843036f,-2.3125668451285364f,0.5908189638943909f,0f,0f,0f,1f],start_interpolation:0}
execute if entity @s[tag=aj.heiloang_aj.bone.wing_left_1] run data modify entity @s {} merge value {transformation:[-2.607775218701948f,2.0912532287701198f,0.11570269997954209f,2.3039878531162095f,2.0745877507709523f,2.553711615082998f,0.6015491868844188f,0.7780488278094696f,0.28777221195787456f,0.5407732362541011f,-3.288156053759635f,0.8292553872836347f,0f,0f,0f,1f],start_interpolation:0}
execute if entity @s[tag=aj.heiloang_aj.bone.wing_left_0] run data modify entity @s {} merge value {transformation:[-2.1343648588540773f,0.6057962615550734f,0.07679543459549304f,0.31937493104646425f,0.6095579044470589f,2.0970038842975627f,0.3992666657348754f,1.348215100599137f,0.03641167964985514f,0.40495135353129996f,-2.182450134793059f,0.8456282183176058f,0f,0f,0f,1f],start_interpolation:0}
execute if entity @s[tag=aj.heiloang_aj.bone.kazari_right] run data modify entity @s {} merge value {transformation:[-2.6268142587265153f,0.07343431516923483f,-0.0363928573067071f,-2.4339151240245704f,0.03174719637282381f,-0.16417411781228847f,-2.622767462646903f,2.9391325001466773f,-0.07555894539884883f,-2.621931434830521f,0.16320718542402288f,-3.2411453765354166f,0f,0f,0f,1f],start_interpolation:0}
execute if entity @s[tag=aj.heiloang_aj.bone.kazari_left] run data modify entity @s {} merge value {transformation:[-2.6268142587265153f,0.07343431516923483f,-0.0363928573067071f,2.637700713116818f,0.03174719637282381f,-0.16417411781228847f,-2.622767462646903f,2.8778378793434123f,-0.07555894539884883f,-2.621931434830521f,0.16320718542402288f,-3.095262985784164f,0f,0f,0f,1f],start_interpolation:0}
execute if entity @s[tag=aj.heiloang_aj.bone.ring] run data modify entity @s {} merge value {transformation:[-2.201864378083944f,-0.06722418790962446f,0.014158208535218646f,0.003233000959714941f,0.026611329889478248f,-0.416048541467883f,2.1631277664641058f,3.1640999027840238f,-0.06333548318714081f,2.162246703197017f,0.41665824948885005f,0.36911362595849456f,0f,0f,0f,1f],start_interpolation:0}
execute if entity @s[tag=aj.heiloang_aj.bone.body_0] run data modify entity @s {} merge value {transformation:[-1.1279957469639068f,0.005094068949849468f,0.03538391202998845f,-0.0022452574557716336f,0.014174774131536408f,1.0892144606993426f,0.29506492560017034f,1.467044506735924f,-0.0328183873359388f,0.2953612787801549f,-1.0887318514619169f,0.19113814889854447f,0f,0f,0f,1f],start_interpolation:0}
execute if entity @s[tag=aj.heiloang_aj.bone.leg_right_3] run data modify entity @s {} merge value {transformation:[-0.9811996102997873f,0.08986543525603713f,0.17079674555971175f,-0.7306737818371052f,0.17710230040411143f,0.7709383410009532f,0.6117915082495583f,-0.5640829637034303f,-0.07669484949537214f,0.6305380860193462f,-0.7723597750659608f,-0.6816935467321f,0f,0f,0f,1f],start_interpolation:0}
execute if entity @s[tag=aj.heiloang_aj.bone.leg_right_2] run data modify entity @s {} merge value {transformation:[-0.9811996102997873f,0.1598634198469872f,0.10812498204564847f,-0.6385484140925612f,0.17710230040411143f,0.9684595838347807f,0.17527352814995972f,0.01665005612959125f,-0.07669484949537214f,0.19112750056804673f,-0.9785643456551507f,-0.5192865678366646f,0f,0f,0f,1f],start_interpolation:0}
execute if entity @s[tag=aj.heiloang_aj.bone.leg_right_1] run data modify entity @s {} merge value {transformation:[-0.9979961840546229f,0.06265275711081313f,-0.008845826067978815f,-0.6276030457932944f,0.05822149069215294f,0.8545421053062972f,-0.5161085624946216f,0.44498370814757493f,-0.024776493577482527f,-0.5155893931076305f,-0.856477497124653f,0.046361993148460345f,0f,0f,0f,1f],start_interpolation:0}
execute if entity @s[tag=aj.heiloang_aj.bone.leg_right_0] run data modify entity @s {} merge value {transformation:[-0.9495115376957823f,0.31354706325717807f,-0.010773992082331154f,-0.36499750394727565f,0.26757243619258037f,0.7914009423117309f,-0.5496267277872063f,0.9764217853396588f,-0.16380729889891502f,-0.5247597427689205f,-0.8353408772450549f,-0.38739881191620057f,0f,0f,0f,1f],start_interpolation:0}
execute if entity @s[tag=aj.heiloang_aj.bone.leg_left_3] run data modify entity @s {} merge value {transformation:[-0.9757145840348479f,-0.21325980301477387f,-0.05001306749044615f,0.759577392772383f,-0.20167058843061333f,0.7854706298845698f,0.5851195291141691f,-0.02753266981365665f,-0.08549867989480467f,0.5809958227103159f,-0.8094033788719992f,-0.6413319441150022f,0f,0f,0f,1f],start_interpolation:0}
execute if entity @s[tag=aj.heiloang_aj.bone.leg_left_2] run data modify entity @s {} merge value {transformation:[-0.9757145840348479f,-0.2126835732860155f,0.052409428121247006f,0.6277540208854708f,-0.20167058843061333f,0.965616784697583f,0.1640524272065222f,0.5520007874926167f,-0.08549867989480467f,0.14949890556319523f,-0.9850584007923858f,-0.5039364529684836f,0f,0f,0f,1f],start_interpolation:0}
execute if entity @s[tag=aj.heiloang_aj.bone.leg_left_1] run data modify entity @s {} merge value {transformation:[-0.9953193303467469f,-0.07822284235457169f,0.0567504852144489f,0.5818368626090422f,-0.07460025167515294f,0.9951981324519701f,0.0633678121297741f,0.5819986492277499f,-0.06143478727974408f,0.05883760785486036f,-0.9963753824808249f,0.20355174901791695f,0f,0f,0f,1f],start_interpolation:0}
execute if entity @s[tag=aj.heiloang_aj.bone.leg_left_0] run data modify entity @s {} merge value {transformation:[-0.9607725094242073f,-0.25996676666006474f,0.09660986164477792f,0.36375413126782313f,-0.2415634273985979f,0.6132937453392652f,-0.7520092369586816f,0.9706172363376865f,0.13624718594581686f,-0.7458472110023928f,-0.6520342338879134f,-0.3803592480969117f,0f,0f,0f,1f],start_interpolation:0}
execute if entity @s[tag=aj.heiloang_aj.bone.tail_4] run data modify entity @s {} merge value {transformation:[-1.0805976012884748f,-0.37578303705010846f,1.084412420088716f,1.1054593408754494f,0.21138640146335377f,1.3987963053390795f,0.6953697211798832f,-0.05548990367693085f,-1.1280420989722157f,0.6221015744416754f,-0.9084960196452264f,-3.953962343357675f,0f,0f,0f,1f],start_interpolation:0}
execute if entity @s[tag=aj.heiloang_aj.bone.tail_3] run data modify entity @s {} merge value {transformation:[-0.7740960134978405f,-0.375825520300657f,0.5094414001408718f,0.4344916551190465f,-0.3866745820717329f,0.9178562133127294f,0.0895697452428435f,-0.19913979280730976f,-0.5012565505471244f,-0.1276524577670078f,-0.8558310116837553f,-2.80696651667672f,0f,0f,0f,1f],start_interpolation:0}
execute if entity @s[tag=aj.heiloang_aj.bone.tail_2] run data modify entity @s {} merge value {transformation:[-0.7461194975813737f,-0.10928779486045365f,0.6567814501213157f,-0.0817649083380442f,-0.40327486223732256f,0.859087811044521f,-0.31517855003505807f,0.06334054617792412f,-0.5297877695987205f,-0.5000243102182859f,-0.6850551863713901f,-2.27970374989561f,0f,0f,0f,1f],start_interpolation:0}
execute if entity @s[tag=aj.heiloang_aj.bone.tail_1] run data modify entity @s {} merge value {transformation:[-0.9942767233746301f,0.02845893184965077f,0.10297517445183818f,-0.16175789111874722f,0.009526642017748069f,0.9836456070524324f,-0.17986262207117165f,0.2205131445474593f,-0.10640977608883143f,-0.17785221090677622f,-0.9782870491978803f,-1.5181901853507505f,0f,0f,0f,1f],start_interpolation:0}
execute if entity @s[tag=aj.heiloang_aj.bone.tail_ring] run data modify entity @s {} merge value {transformation:[-0.991114063564584f,-0.028722761483352927f,-0.12987654128928866f,-0.18131296062348387f,0.054595710984066376f,0.8025265817915134f,-0.5941131153746512f,0.1600249959540203f,0.12129394604283501f,-0.5959245661078252f,-0.7938272420133727f,-1.6507517141502213f,0f,0f,0f,1f],start_interpolation:0}
execute if entity @s[tag=aj.heiloang_aj.bone.tail_0] run data modify entity @s {} merge value {transformation:[-0.991114063564584f,-0.028722761483352927f,-0.12987654128928866f,0.0007606066026916731f,0.054595710984066376f,0.8025265817915134f,-0.5941131153746512f,0.971807515547064f,0.12129394604283501f,-0.5959245661078252f,-0.7938272420133727f,-0.528388779304827f,0f,0f,0f,1f],start_interpolation:0}
execute if entity @s[tag=aj.heiloang_aj.bone.body_1] run data modify entity @s {} merge value {transformation:[-0.9999216326849791f,0.011678939546326251f,0.0045089754577972135f,0.0030493750000000312f,0.007964433744754527f,0.871322416235359f,-0.4906463234967742f,1.2058339642125624f,-0.009659000141379862f,-0.49057196142548654f,-0.8713471491773068f,-0.2566552588757397f,0f,0f,0f,1f],start_interpolation:0}