execute if entity @s[tag=aj.heiloang_aj.bone.head_lower] run data modify entity @s {} merge value {transformation:[-0.7992463201421165f,-0.03133834452579679f,0.014940813286717222f,-0.07549350509381425f,0.01149415916762863f,0.08601162308386531f,0.79527975266538f,0.4510044652722055f,-0.0327597931055021f,0.7947451848591859f,-0.08548033164900071f,2.8100420581287255f,0f,0f,0f,1f],start_interpolation:0}
execute if entity @s[tag=aj.heiloang_aj.bone.horne_right] run data modify entity @s {} merge value {transformation:[-0.5969058478354747f,-0.5322489190209538f,0.020359199906670608f,-0.3998393439392086f,-0.531934176495158f,0.5972529398675759f,0.018301849522808833f,0.9117949837068609f,-0.02737591452776233f,0.00011840846239294031f,-0.7995314535921677f,2.5800228311048765f,0f,0f,0f,1f],start_interpolation:0}
execute if entity @s[tag=aj.heiloang_aj.bone.horne_left] run data modify entity @s {} merge value {transformation:[-0.5816265489038683f,0.5483002017680852f,0.03282447792812207f,0.27967987744561884f,0.5488829426151198f,0.5819871137146974f,0.004302879989358299f,0.902022649582543f,-0.020930191502788183f,0.02564933159193835f,-0.7993147307991662f,2.607875207203174f,0f,0f,0f,1f],start_interpolation:0}
execute if entity @s[tag=aj.heiloang_aj.bone.head_upper] run data modify entity @s {} merge value {transformation:[-1.1707160285861689f,0.01656383917369934f,0.04808047465716501f,-0.06498770800421713f,0.016836356994763227f,1.171682092042256f,0.006302751036412303f,0.5815518010936176f,-0.04798572594611185f,0.006987619001486291f,-1.1708162348063487f,2.5838200003974032f,0f,0f,0f,1f],start_interpolation:0}
execute if entity @s[tag=aj.heiloang_aj.bone.neck_0] run data modify entity @s {} merge value {transformation:[-0.9984035617241064f,-0.044410128521720146f,0.034900836971390424f,-0.04632326909912854f,-0.010929269760771812f,0.7581174155718815f,0.6520264835642083f,0.810618945328786f,-0.05541551226069783f,0.650604122866813f,-0.7573924981867652f,2.2168865721284474f,0f,0f,0f,1f],start_interpolation:0}
execute if entity @s[tag=aj.heiloang_aj.bone.neck_1] run data modify entity @s {} merge value {transformation:[-0.999230796923441f,-0.032601430692131235f,0.021793604487826867f,-0.03878949850411838f,-0.004373855837532202f,0.6449331018810041f,0.7642265132035517f,1.097127373306041f,-0.03897029464679667f,0.7635433457341976f,-0.644579611312807f,1.9915579664484622f,0f,0f,0f,1f],start_interpolation:0}
execute if entity @s[tag=aj.heiloang_aj.bone.neck_2] run data modify entity @s {} merge value {transformation:[-0.9995392779391775f,-0.019531091915799086f,0.023232914268437502f,-0.028614014549985925f,-0.006147490049544494f,0.8798624682779289f,0.4751886417855133f,1.2623697353361825f,-0.029722722333573523f,0.4748268877859033f,-0.8795771634215127f,1.61519198169804f,0f,0f,0f,1f],start_interpolation:0}
execute if entity @s[tag=aj.heiloang_aj.bone.neck_3] run data modify entity @s {} merge value {transformation:[-0.9998370323958662f,-0.009513410286911154f,0.015342870479174209f,-0.020443699955152855f,-0.008591786032578928f,0.9982177707687444f,0.05905474861726634f,1.268757476654239f,-0.01587733801990131f,0.05891330194608878f,-0.9981368307958638f,1.0972295125129286f,0f,0f,0f,1f],start_interpolation:0}
execute if entity @s[tag=aj.heiloang_aj.bone.wing_right_2] run data modify entity @s {} merge value {transformation:[-0.758686092757105f,2.2231093597877822f,-0.12552367665872521f,-3.6243478418948647f,2.2195858120882965f,0.7445213085786535f,-0.22957101334809912f,4.076238655601758f,-0.17722934789222108f,-0.19248065309868273f,-2.337758961644551f,0.5663502452784798f,0f,0f,0f,1f],start_interpolation:0}
execute if entity @s[tag=aj.heiloang_aj.bone.wing_right_1] run data modify entity @s {} merge value {transformation:[-2.2400453976056127f,2.477410165288663f,-0.1784776246208846f,-2.1550343564127674f,2.4807666651154894f,2.2195644362625355f,-0.32641880985988514f,2.4570022304643815f,-0.12333751585663921f,-0.350986266259765f,-3.3239758228632383f,0.6976732804628426f,0f,0f,0f,1f],start_interpolation:0}
execute if entity @s[tag=aj.heiloang_aj.bone.wing_right_0] run data modify entity @s {} merge value {transformation:[-1.9337145458543903f,1.0840272264934563f,-0.11846107956647138f,-0.35738552646017585f,1.0904757885684544f,1.921541963614209f,-0.21665418670234815f,1.4409854994011089f,-0.0032572530077142284f,-0.24690373486554149f,-2.2062248153831217f,0.6830177341161383f,0f,0f,0f,1f],start_interpolation:0}
execute if entity @s[tag=aj.heiloang_aj.bone.wing_left_2] run data modify entity @s {} merge value {transformation:[-0.688191502557361f,-2.241707622358134f,0.1863206858893902f,3.5309929787003664f,-2.245165667969282f,0.6725220446761666f,-0.20129885523181976f,4.1271968654236755f,0.13856256890262522f,-0.236721443065556f,-2.336308922042005f,0.6851783963773896f,0f,0f,0f,1f],start_interpolation:0}
execute if entity @s[tag=aj.heiloang_aj.bone.wing_left_1] run data modify entity @s {} merge value {transformation:[-2.1272888903494422f,-2.5674260854116944f,0.2649227167372079f,2.1341880145555345f,-2.580520222055654f,2.108604390171333f,-0.28621963980833726f,2.442038389567945f,0.05268902597006983f,-0.3864318757527162f,-3.321914063434598f,0.770215224123939f,0f,0f,0f,1f],start_interpolation:0}
execute if entity @s[tag=aj.heiloang_aj.bone.wing_left_0] run data modify entity @s {} merge value {transformation:[-1.945034092893631f,-1.0556152740577112f,0.1758373414764724f,0.3264705089950437f,-1.0682998027770365f,1.936761699491049f,-0.18997276323485263f,1.4468620018143468f,-0.06307066566950495f,-0.25105878307799656f,-2.2048563623445863f,0.6938773173082651f,0f,0f,0f,1f],start_interpolation:0}
execute if entity @s[tag=aj.heiloang_aj.bone.kazari_right] run data modify entity @s {} merge value {transformation:[-2.627222583135112f,0.06760942368907469f,-0.0008081148136670175f,-2.2837878887167067f,-0.005802838424646109f,-0.25675390926854164f,-2.6155140882239163f,3.625970547719815f,-0.06736478521704296f,-2.6146465505800203f,0.25681820381139087f,-3.34337440232362f,0f,0f,0f,1f],start_interpolation:0}
execute if entity @s[tag=aj.heiloang_aj.bone.kazari_left] run data modify entity @s {} merge value {transformation:[-2.627222583135112f,0.06760942368907469f,-0.0008081148136670175f,2.788616304331633f,-0.005802838424646109f,-0.25675390926854164f,-2.6155140882239163f,3.63717414430341f,-0.06736478521704296f,-2.6146465505800203f,0.25681820381139087f,-3.213312556329981f,0f,0f,0f,1f],start_interpolation:0}
execute if entity @s[tag=aj.heiloang_aj.bone.ring] run data modify entity @s {} merge value {transformation:[-2.2023917610431023f,-0.04754221593240708f,-0.011685648365767728f,0.1709328772941043f,-0.005357682520691612f,-0.28860798952587685f,2.1839420801394582f,4.15436338695487f,-0.04866325011237398f,2.183431119103622f,0.2884210845316838f,0.09220885380961755f,0f,0f,0f,1f],start_interpolation:0}
execute if entity @s[tag=aj.heiloang_aj.bone.body_0] run data modify entity @s {} merge value {transformation:[-1.1283781642744963f,-0.009665239523014867f,0.017935369278456372f,-0.004592609579715681f,-0.00969636394448151f,1.1285188581938141f,-0.0018823296361993648f,1.3847828763297465f,-0.017918561673527365f,-0.0020361197327042027f,-1.12841798784921f,0.036259937609534f,0f,0f,0f,1f],start_interpolation:0}
execute if entity @s[tag=aj.heiloang_aj.bone.leg_right_3] run data modify entity @s {} merge value {transformation:[-0.978403737910895f,0.12006742806581439f,0.1682555745277095f,-0.7451952828832796f,0.18832117705984183f,0.8533534772553782f,0.48613061735191127f,-0.5955879227569314f,-0.08521302666133188f,0.507318100971979f,-0.857535471285824f,-0.7355773754743035f,0f,0f,0f,1f],start_interpolation:0}
execute if entity @s[tag=aj.heiloang_aj.bone.leg_right_2] run data modify entity @s {} merge value {transformation:[-0.978403737910895f,0.18005936806722067f,0.10151231261882607f,-0.6404750857809968f,0.18832117705984183f,0.9789526999443172f,0.07865586782006395f,-0.003914973990815307f,-0.08521302666133188f,0.09607411328221971f,-0.9917199729985529f,-0.6303597319079384f,0f,0f,0f,1f],start_interpolation:0}
execute if entity @s[tag=aj.heiloang_aj.bone.leg_right_1] run data modify entity @s {} merge value {transformation:[-0.9968574054047624f,0.07828911013777794f,0.012088363144785643f,-0.6431276231355796f,0.06525265647072359f,0.8980385707219551f,-0.43505036067009717f,0.37048706879639853f,-0.04491552196289256f,-0.43289437595041924f,-0.9003249719725084f,-0.027563010379730135f,0f,0f,0f,1f],start_interpolation:0}
execute if entity @s[tag=aj.heiloang_aj.bone.leg_right_0] run data modify entity @s {} merge value {transformation:[-0.9424478916234988f,0.33429783700682275f,-0.00607682046646698f,-0.3653011120583053f,0.26367057620344225f,0.7319150823760466f,-0.628313726919132f,0.8533044035408104f,-0.20559620331846276f,-0.5937552259669171f,-0.7779363295398979f,-0.5063493797775389f,0f,0f,0f,1f],start_interpolation:0}
execute if entity @s[tag=aj.heiloang_aj.bone.leg_left_3] run data modify entity @s {} merge value {transformation:[-0.9716134193239648f,-0.2209196927764581f,-0.08462773028475251f,0.7828169022556813f,-0.22530642589139133f,0.7550209915386655f,0.6157761905010755f,-0.18147415860265498f,-0.07214137399329465f,0.6173635814327934f,-0.7833631536387415f,-0.7684269630766775f,0f,0f,0f,1f],start_interpolation:0}
execute if entity @s[tag=aj.heiloang_aj.bone.leg_left_2] run data modify entity @s {} merge value {transformation:[-0.9716134193239648f,-0.23527511459206785f,0.024758510522299056f,0.6385582091042854f,-0.22530642589139133f,0.952168563813291f,0.20642684064283268f,0.38788118200035177f,-0.07214137399329465f,0.19498883696105207f,-0.9781487492293471f,-0.6036911865207757f,0f,0f,0f,1f],start_interpolation:0}
execute if entity @s[tag=aj.heiloang_aj.bone.leg_left_1] run data modify entity @s {} merge value {transformation:[-0.9937508632800753f,-0.09844211543778371f,0.052615317524834115f,0.5940410326571806f,-0.09766301076147352f,0.9950711547228885f,0.017185265999144383f,0.45045724349789207f,-0.054047738704864845f,0.011939302600701085f,-0.9984669724103545f,0.10175212843191839f,0f,0f,0f,1f],start_interpolation:0}
execute if entity @s[tag=aj.heiloang_aj.bone.leg_left_0] run data modify entity @s {} merge value {transformation:[-0.9539155584861105f,-0.27949716455652174f,0.10920825189973814f,0.3627874065934146f,-0.2634844725639812f,0.6059965411436481f,-0.7505625389263811f,0.8330512081850849f,0.143600278536682f,-0.7447479621501489f,-0.6517126919719975f,-0.4810687318034529f,0f,0f,0f,1f],start_interpolation:0}
execute if entity @s[tag=aj.heiloang_aj.bone.tail_4] run data modify entity @s {} merge value {transformation:[-0.4784712709662544f,-0.57414671841689f,-1.3879031494591858f,-1.772704865464491f,-1.2037356989451504f,1.0177613548988882f,-0.0060460935392035176f,1.6169379378061004f,0.8982983767282681f,1.058003654952652f,-0.7473571142110453f,-3.066721253907688f,0f,0f,0f,1f],start_interpolation:0}
execute if entity @s[tag=aj.heiloang_aj.bone.tail_3] run data modify entity @s {} merge value {transformation:[-0.655753509505835f,0.11011533747627286f,-0.7469015646142853f,-0.77747937694726f,-0.690548215630398f,0.3124115904726558f,0.6523359257529966f,0.7370544509925196f,0.3051728963398521f,0.9435431153852122f,-0.12882504705496434f,-2.919196242338752f,0f,0f,0f,1f],start_interpolation:0}
execute if entity @s[tag=aj.heiloang_aj.bone.tail_2] run data modify entity @s {} merge value {transformation:[-0.9230899004093589f,-0.027318332830718967f,-0.38361275324679955f,-0.47760969709583323f,-0.3072136926163297f,0.6524289591461602f,0.6927887126220356f,0.2065207660930662f,0.23135423668322824f,0.7573573541986688f,-0.6106431488274577f,-2.4272257379456432f,0f,0f,0f,1f],start_interpolation:0}
execute if entity @s[tag=aj.heiloang_aj.bone.tail_1] run data modify entity @s {} merge value {transformation:[-0.9467168039935674f,0.11446371531236488f,-0.3010404473041711f,-0.24041776591207178f,0.10331224528195805f,0.9932485868504869f,0.05276196257069515f,0.18206277786845104f,0.30504732913272015f,0.018849472045677773f,-0.9521506311464552f,-1.6828153628489995f,0f,0f,0f,1f],start_interpolation:0}
execute if entity @s[tag=aj.heiloang_aj.bone.tail_ring] run data modify entity @s {} merge value {transformation:[-0.9805728695913346f,0.02671849696704363f,-0.19432696503892002f,-0.26751533405696953f,0.12433716725512692f,0.8508927547029529f,-0.5104133509548816f,0.13510299002321435f,0.15171392902560446f,-0.5246595485777826f,-0.8376844524197469f,-1.8194692171942504f,0f,0f,0f,1f],start_interpolation:0}
execute if entity @s[tag=aj.heiloang_aj.bone.tail_0] run data modify entity @s {} merge value {transformation:[-0.9805728695913346f,0.02671849696704363f,-0.19432696503892002f,0.0033362655688062934f,0.12433716725512692f,0.8508927547029529f,-0.5104133509548816f,0.8288724145636319f,0.15171392902560446f,-0.5246595485777826f,-0.8376844524197469f,-0.6374524672845551f,0f,0f,0f,1f],start_interpolation:0}
execute if entity @s[tag=aj.heiloang_aj.bone.body_1] run data modify entity @s {} merge value {transformation:[-0.9990117690707196f,0.04251788165135681f,0.012950482542075092f,0.00483261520407046f,0.027789451424293884f,0.8249125114076563f,-0.5645769167373477f,1.0855533933521204f,-0.034687629606650644f,-0.563659097560746f,-0.8252788559567471f,-0.38700215419531286f,0f,0f,0f,1f],start_interpolation:0}