execute if entity @s[tag=aj.heiloang_aj.bone.head_lower] run data modify entity @s {} merge value {transformation:[0.3915517551111991f,0.4755852733668021f,-0.5103977574656495f,4.722473448091185f,-0.47216803100002586f,0.6115252700430605f,0.20759141263626762f,-1.231726956045196f,0.5135606814884667f,0.19963840275705058f,0.5799999435980275f,-1.6139984307313113f,0f,0f,0f,1f],start_interpolation:0}
execute if entity @s[tag=aj.heiloang_aj.bone.horne_right] run data modify entity @s {} merge value {transformation:[0.027031889576925094f,0.5746319167273842f,-0.55593833940835f,4.950249058849185f,-0.7784388503445028f,0.14587576454540793f,0.11293014474719343f,-1.0411940212099393f,0.18248899479209763f,0.537139108235944f,0.5640738827345797f,-1.0827240743549345f,0f,0f,0f,1f],start_interpolation:0}
execute if entity @s[tag=aj.heiloang_aj.bone.horne_left] run data modify entity @s {} merge value {transformation:[0.5503325808865045f,0.021012714992934278f,-0.5802521143635971f,4.617351756653644f,0.08220127349934436f,0.7886040398488355f,0.10652050961755094f,-0.6397567612537174f,0.5747843082843206f,-0.13289896215818417f,0.5403340307692941f,-1.5193533657564287f,0f,0f,0f,1f],start_interpolation:0}
execute if entity @s[tag=aj.heiloang_aj.bone.head_upper] run data modify entity @s {} merge value {transformation:[0.5735352220930068f,0.5672949085646437f,-0.8499387908169381f,4.620635965160601f,-0.6916199276080629f,0.9329946787213836f,0.1560285794750482f,-1.0988872451475666f,0.7522508472272689f,0.4252758264870173f,0.7914677799200929f,-1.4132196062857356f,0f,0f,0f,1f],start_interpolation:0}
execute if entity @s[tag=aj.heiloang_aj.bone.neck_0] run data modify entity @s {} merge value {transformation:[0.019285363338459316f,0.9023643794446393f,-0.4305422179884278f,4.376918462613746f,-0.44487123829300396f,0.3933900011573578f,0.8045706235807171f,-0.7801594496339521f,0.8953868750995587f,0.17601941284672318f,0.40902262798107125f,-1.2505093424783733f,0f,0f,0f,1f],start_interpolation:0}
execute if entity @s[tag=aj.heiloang_aj.bone.neck_1] run data modify entity @s {} merge value {transformation:[0.12857171686615704f,0.9913264966789725f,0.027222979342534315f,4.399214240764202f,-0.49773688077683265f,0.040763282979839f,0.8663696395160989f,-0.46397682930571493f,0.8577454815600242f,-0.12494051281670371f,0.4986607635662357f,-1.070375318990033f,0f,0f,0f,1f],start_interpolation:0}
execute if entity @s[tag=aj.heiloang_aj.bone.neck_2] run data modify entity @s {} merge value {transformation:[0.18840811624746034f,0.9573160403801599f,0.21919940821757633f,4.456956053190479f,-0.38110278539620335f,-0.13443851046398886f,0.9147059384673742f,-0.08462380528016578f,0.9051315090611632f,-0.2558755278159212f,0.3395065029857085f,-0.92266919379356f,0f,0f,0f,1f],start_interpolation:0}
execute if entity @s[tag=aj.heiloang_aj.bone.neck_3] run data modify entity @s {} merge value {transformation:[0.18077057008188413f,0.8831499421950788f,-0.43286046319004445f,4.211564183701949f,-0.3191342388193399f,0.46896802774551516f,0.8235425469067659f,0.33020281574219323f,0.9303092704071431f,-0.010731661255881209f,0.3666190022915041f,-0.7326839795158189f,0f,0f,0f,1f],start_interpolation:0}
execute if entity @s[tag=aj.heiloang_aj.bone.wing_right_2] run data modify entity @s {} merge value {transformation:[1.690517618214433f,-0.7822850812493926f,-1.4365779618531815f,6.924317251779867f,1.4675525380407226f,1.6378305612000132f,0.8350907778262743f,0.527471709965291f,0.722506565311239f,-1.4963679730517117f,1.6650655118127557f,2.283451607616628f,0f,0f,0f,1f],start_interpolation:0}
execute if entity @s[tag=aj.heiloang_aj.bone.wing_right_1] run data modify entity @s {} merge value {transformation:[2.626912586611196f,-0.3380199095093581f,-2.0426188033940553f,5.235507124207313f,1.2898079881779316f,2.8484608706758388f,1.1873856975562078f,-0.3350539831805761f,1.6195506749824393f,-1.720241838202969f,2.3674970754279703f,1.1870829468310007f,0f,0f,0f,1f],start_interpolation:0}
execute if entity @s[tag=aj.heiloang_aj.bone.wing_right_0] run data modify entity @s {} merge value {transformation:[1.2384863478911006f,1.2475963726220574f,-1.3557488178522041f,4.072690868536112f,-0.9801198167503951f,1.8293869697038154f,0.788104345814096f,0.5828985468241689f,1.560101506601585f,0.1588918062650732f,1.5713805022976723f,-0.25141196343939565f,0f,0f,0f,1f],start_interpolation:0}
execute if entity @s[tag=aj.heiloang_aj.bone.wing_left_2] run data modify entity @s {} merge value {transformation:[-0.7127682602053109f,1.220781221874791f,-1.8802208970976777f,3.132815814968894f,-1.5404014137300557f,1.1667110063493824f,1.3414637224176682f,1.0367179959750095f,1.6287114226109385f,1.6376979704152141f,0.4458928861010748f,-4.863616927354833f,0f,0f,0f,1f],start_interpolation:0}
execute if entity @s[tag=aj.heiloang_aj.bone.wing_left_1] run data modify entity @s {} merge value {transformation:[0.0778934456798709f,2.008477831438853f,-2.6734188195340445f,3.22448807301912f,-0.955902265186008f,2.5759219620430094f,1.907379269515309f,0.3818522467198032f,3.204278739971348f,0.7196260271718773f,0.633999140760021f,-2.7753637084568856f,0f,0f,0f,1f],start_interpolation:0}
execute if entity @s[tag=aj.heiloang_aj.bone.wing_left_0] run data modify entity @s {} merge value {transformation:[0.7942853081297233f,1.0718714787017736f,-1.7744301571025398f,3.9490496736436316f,0.4399140406341374f,1.7697894258569262f,1.2659861867247837f,0.8011759943138357f,2.0258298265506443f,-0.8045725083985192f,0.42080469648887847f,-0.8877132693465932f,0f,0f,0f,1f],start_interpolation:0}
execute if entity @s[tag=aj.heiloang_aj.bone.kazari_right] run data modify entity @s {} merge value {transformation:[0.4947649568018945f,-2.0751798930058767f,-1.5348310127636802f,2.7921081004481305f,-0.1478714885192443f,1.5374187037263065f,-2.1263461479429617f,3.88211244846509f,2.5768608516876053f,0.48666449393076483f,0.17267313034514015f,2.7401148274016993f,0f,0f,0f,1f],start_interpolation:0}
execute if entity @s[tag=aj.heiloang_aj.bone.kazari_left] run data modify entity @s {} merge value {transformation:[0.4947649568018945f,-2.0751798930058767f,-1.5348310127636802f,1.8368605863754928f,-0.1478714885192443f,1.5374187037263065f,-2.1263461479429617f,4.167609369514791f,2.5768608516876053f,0.48666449393076483f,0.17267313034514015f,-2.2350554809338092f,0f,0f,0f,1f],start_interpolation:0}
execute if entity @s[tag=aj.heiloang_aj.bone.ring] run data modify entity @s {} merge value {transformation:[0.7366086670673243f,1.2372510490916306f,1.6671963888237609f,4.838175935295338f,-0.4130608360765966f,-1.646318973025088f,1.4042581210523053f,2.5267194121352317f,2.0346288858376678f,-0.78215725168492f,-0.31849900523500835f,-0.4278960259069153f,0f,0f,0f,1f],start_interpolation:0}
execute if entity @s[tag=aj.heiloang_aj.bone.body_0] run data modify entity @s {} merge value {transformation:[0.2040108111769655f,0.704529022912983f,-0.8577125513444863f,3.4788196173895325f,-0.3601628014249518f,0.8669111955329687f,0.6264184795063152f,1.0095489280264665f,1.0499117683549988f,0.16048741654893292f,0.38155136448033056f,-0.35725908746613944f,0f,0f,0f,1f],start_interpolation:0}
execute if entity @s[tag=aj.heiloang_aj.bone.leg_right_3] run data modify entity @s {} merge value {transformation:[0.4406486932107399f,0.8976650481537152f,-0.0051176649807876395f,1.8585062116749635f,0.19714428197925501f,-0.09120985950618954f,0.976122376350294f,0.39620354412081904f,0.8757641584665081f,-0.43113596794056686f,-0.2171610367754748f,1.0305343814161039f,0f,0f,0f,1f],start_interpolation:0}
execute if entity @s[tag=aj.heiloang_aj.bone.leg_right_2] run data modify entity @s {} merge value {transformation:[0.46814561260540605f,0.75523096458324f,-0.4587655997707086f,2.339469297933851f,0.07189886019496777f,0.48489373806763597f,0.8716126528943113f,0.6499878332169766f,0.8807214311579874f,-0.44102636306400506f,0.17270063051871792f,0.754161454441202f,0f,0f,0f,1f],start_interpolation:0}
execute if entity @s[tag=aj.heiloang_aj.bone.leg_right_1] run data modify entity @s {} merge value {transformation:[0.3876914025116661f,0.5499394047105924f,-0.7397716050005546f,2.9027587368160224f,-0.022832302177189165f,0.8080216699929014f,0.588710172155342f,0.2952372171472599f,0.921506409308056f,-0.21134718348831186f,0.32581943716686246f,0.508387530835019f,0f,0f,0f,1f],start_interpolation:0}
execute if entity @s[tag=aj.heiloang_aj.bone.leg_right_0] run data modify entity @s {} merge value {transformation:[0.44250555127478486f,0.09765593500235357f,-0.8914326421271632f,2.8980307432736034f,0.271489325632071f,0.9328157825862886f,0.23695624453846637f,0.9828715834891955f,0.8546826213038627f,-0.34686890047501534f,0.38626361817340715f,0.25017606553808297f,0f,0f,0f,1f],start_interpolation:0}
execute if entity @s[tag=aj.heiloang_aj.bone.leg_left_3] run data modify entity @s {} merge value {transformation:[0.06076561853145284f,0.6440440379584907f,0.7625711880045116f,1.4901016847501127f,-0.07998894873046401f,-0.7583838734596187f,0.6468814949875907f,1.351858518997665f,0.9949418614599974f,-0.10030542182009378f,0.005432740377369939f,-0.48160922235660014f,0f,0f,0f,1f],start_interpolation:0}
execute if entity @s[tag=aj.heiloang_aj.bone.leg_left_2] run data modify entity @s {} merge value {transformation:[0.06076561853145284f,0.9981188135247546f,-0.008147005120059253f,2.097526306863459f,-0.07998894873046401f,0.013005252109619392f,0.9967109066818526f,1.3127457813236885f,0.9949418614599974f,-0.05991408436671271f,0.08062874679054167f,-0.5218518950125773f,0f,0f,0f,1f],start_interpolation:0}
execute if entity @s[tag=aj.heiloang_aj.bone.leg_left_1] run data modify entity @s {} merge value {transformation:[0.1847583389435734f,0.9681628904490424f,0.1688933798233882f,2.051032690968642f,-0.11699570325194023f,-0.14896254648898866f,0.9818972273940385f,0.6087078773578726f,0.9757952457413364f,-0.20117350049365706f,0.08574882557640649f,-0.5974613292338351f,0f,0f,0f,1f],start_interpolation:0}
execute if entity @s[tag=aj.heiloang_aj.bone.leg_left_0] run data modify entity @s {} merge value {transformation:[-0.03841261510581545f,0.8572092360579588f,-0.5135336372796463f,2.6412512868540405f,-0.2521416911808867f,0.4889689168498069f,0.8350652465066243f,1.0131149853664017f,0.9669276284030643f,0.1615602796842638f,0.1973556116738706f,-0.431228250180808f,0f,0f,0f,1f],start_interpolation:0}
execute if entity @s[tag=aj.heiloang_aj.bone.tail_4] run data modify entity @s {} merge value {transformation:[-1.1857588057734356f,0.20333794635676525f,-1.0185696332553036f,-1.2279725364045233f,-0.15808245562606718f,1.4925012397202422f,0.4819796161088638f,1.7136332638933325f,1.0265672678600577f,0.46470215481814664f,-1.1023002837491165f,-0.464782116870065f,0f,0f,0f,1f],start_interpolation:0}
execute if entity @s[tag=aj.heiloang_aj.bone.tail_3] run data modify entity @s {} merge value {transformation:[-0.2829804520600011f,-0.10725826197502769f,-0.9531095052458631f,0.04848619828317691f,-0.3847578670127755f,0.9229592853985664f,0.010370210622129304f,1.6756861066858662f,0.8785689771006583f,0.36965094715780766f,-0.3024478959120709f,-0.0702628343256651f,0f,0f,0f,1f],start_interpolation:0}
execute if entity @s[tag=aj.heiloang_aj.bone.tail_2] run data modify entity @s {} merge value {transformation:[-0.05103494391615518f,0.015485988400851969f,-0.9985767965773709f,0.8306547590113418f,-0.11910302165305627f,0.9926495003618759f,0.021481146720558397f,1.6770020751752803f,0.9915694149844411f,0.12002980294313265f,-0.04881538356754206f,-0.029847444492508646f,0f,0f,0f,1f],start_interpolation:0}
execute if entity @s[tag=aj.heiloang_aj.bone.tail_1] run data modify entity @s {} merge value {transformation:[0.07103322920426342f,0.6709435815051344f,-0.7380982257029736f,1.418799310648366f,-0.12671662615611604f,0.7400419899312718f,0.6605155182084481f,1.173317076763404f,0.9893923271404654f,0.046610766735022735f,0.13758727928099904f,-0.13658272784677364f,0f,0f,0f,1f],start_interpolation:0}
execute if entity @s[tag=aj.heiloang_aj.bone.tail_ring] run data modify entity @s {} merge value {transformation:[-0.07490712374117725f,0.0697095175631863f,-0.9947509768650302f,1.2780081753277566f,-0.05527062548482227f,0.9957298908479644f,0.07394012733568717f,1.2148253901771469f,0.9956576122198536f,0.06051915096074101f,-0.07073437350857475f,-0.14487078636070977f,0f,0f,0f,1f],start_interpolation:0}
execute if entity @s[tag=aj.heiloang_aj.bone.tail_0] run data modify entity @s {} merge value {transformation:[-0.07490712374117725f,0.0697095175631863f,-0.9947509768650302f,2.6660006412242803f,-0.05527062548482227f,0.9957298908479644f,0.07394012733568717f,1.089038664755852f,0.9956576122198536f,0.06051915096074101f,-0.07073437350857475f,-0.04742944587147835f,0f,0f,0f,1f],start_interpolation:0}
execute if entity @s[tag=aj.heiloang_aj.bone.body_1] run data modify entity @s {} merge value {transformation:[0.3523276256213484f,0.1830213471093089f,-0.9178063143857298f,3.0005436618236643f,-0.041497034547411916f,0.9827820588378884f,0.18004838502506054f,1.0952805271625634f,0.9349562772385636f,-0.02534977965694038f,0.35385611245752235f,-0.17648265111056782f,0f,0f,0f,1f],start_interpolation:0}