execute if entity @s[tag=aj.heiloang_aj.bone.head_lower] run data modify entity @s {} merge value {transformation:[-0.6360062368815901f,-0.4588770643854938f,0.1578857385221047f,-1.3956497478449785f,-0.3205809582420641f,0.5926934725708596f,0.43121026980406657f,-0.21737267524659637f,-0.36431293671830967f,0.27954657456825893f,-0.6550799926626013f,-1.9587868141732871f,0f,0f,0f,1f],start_interpolation:0}
execute if entity @s[tag=aj.heiloang_aj.bone.horne_right] run data modify entity @s {} merge value {transformation:[-0.18806004969745677f,-0.7452411154587786f,0.22192137692783412f,-1.8338074610227686f,-0.6888423059196608f,0.26559091124971573f,0.30815214657183626f,0.10859370427630288f,-0.36073493770783416f,-0.11864715627144738f,-0.7041258105094742f,-2.2274887078394703f,0f,0f,0f,1f],start_interpolation:0}
execute if entity @s[tag=aj.heiloang_aj.bone.horne_left] run data modify entity @s {} merge value {transformation:[-0.7497659193479185f,0.1231823902946596f,0.2503540790673581f,-1.2930749584260408f,0.21612815567016738f,0.7103823351111646f,0.2977340395195372f,0.3811516349737058f,-0.17646440579046718f,0.3466742515435832f,-0.6990545592482134f,-1.9177498490415632f,0f,0f,0f,1f],start_interpolation:0}
execute if entity @s[tag=aj.heiloang_aj.bone.head_upper] run data modify entity @s {} merge value {transformation:[-0.9316060356282312f,-0.6089288343306823f,0.3667123961658895f,-1.392279119283875f,-0.4695789731090195f,0.9810518957590896f,0.43611337773723013f,-0.024811609345667174f,-0.5336364818815621f,0.19976227108283848f,-1.0239576420228018f,-2.1355303369087784f,0f,0f,0f,1f],start_interpolation:0}
execute if entity @s[tag=aj.heiloang_aj.bone.neck_0] run data modify entity @s {} merge value {transformation:[-0.5230860312234805f,-0.8518165154452574f,-0.028100319456687103f,-1.3477505245209602f,-0.44281044490428473f,0.24345541884207972f,0.8629301066251526f,0.32876814206379196f,-0.7282169414553177f,0.4638297996583738f,-0.5045413790030855f,-2.381414094547569f,0f,0f,0f,1f],start_interpolation:0}
execute if entity @s[tag=aj.heiloang_aj.bone.neck_1] run data modify entity @s {} merge value {transformation:[-0.6059589809740035f,-0.7947290687697925f,-0.03492020374004012f,-1.3703963733300362f,-0.260064138160214f,0.15642430580683436f,0.9528368593814134f,0.6779003107442246f,-0.7517847813170552f,0.5864615450352635f,-0.30146724328676083f,-2.48393585742393f,0f,0f,0f,1f],start_interpolation:0}
execute if entity @s[tag=aj.heiloang_aj.bone.neck_2] run data modify entity @s {} merge value {transformation:[-0.43183590423439694f,-0.8390506794979016f,0.3309255339924234f,-1.206660525928086f,0.030972855469261883f,0.3528878229572506f,0.9351528573621387f,1.0492988391106846f,-0.9014202316556584f,0.4140822884917946f,-0.12640183669257768f,-2.5496141534047894f,0f,0f,0f,1f],start_interpolation:0}
execute if entity @s[tag=aj.heiloang_aj.bone.neck_3] run data modify entity @s {} merge value {transformation:[-0.38961442077163316f,-0.5853677270244899f,0.7110170372677207f,-0.8245337979224836f,-0.04551070862936221f,0.7833177815554981f,0.6199532470267628f,1.351155625219441f,-0.9198529113542219f,0.20918383603222163f,-0.33183240380650963f,-2.7264030704439732f,0f,0f,0f,1f],start_interpolation:0}
execute if entity @s[tag=aj.heiloang_aj.bone.wing_right_2] run data modify entity @s {} merge value {transformation:[-0.1728585474458873f,-1.7174151445392267f,1.5981805749674267f,-3.0243676588980035f,-2.078628705680077f,0.8550832191254474f,0.6940543196420846f,0.0462901035750275f,-1.087657405996333f,-1.3612104598475503f,-1.5804061052476213f,-6.320258726225005f,0f,0f,0f,1f],start_interpolation:0}
execute if entity @s[tag=aj.heiloang_aj.bone.wing_right_1] run data modify entity @s {} merge value {transformation:[-1.7416165178054015f,-1.7292218224129132f,2.272395776861582f,-1.9186727001109853f,-1.5093148462676358f,2.8169686834928545f,0.9868510039294881f,1.0194515492555314f,-2.424037824095055f,-0.5115643635081528f,-2.247122894335111f,-4.699009233569647f,0f,0f,0f,1f],start_interpolation:0}
execute if entity @s[tag=aj.heiloang_aj.bone.wing_right_0] run data modify entity @s {} merge value {transformation:[-1.341127175398974f,-0.9246259458049375f,1.5082588503803631f,-0.6591650015334474f,-0.6544449301128623f,2.0176898905272016f,0.6550033122923117f,1.633418414395513f,-1.6436178792091365f,-0.0489322593863618f,-1.4914844622507486f,-3.1821931127417997f,0f,0f,0f,1f],start_interpolation:0}
execute if entity @s[tag=aj.heiloang_aj.bone.wing_left_2] run data modify entity @s {} merge value {transformation:[-0.7479766429574896f,0.10115535431319998f,2.227975435727428f,0.6904522335033236f,1.8514394959414882f,1.338376133478488f,0.5608004319935107f,1.1662078153080864f,-1.2434945680536693f,1.9318625535865508f,-0.5051775327467322f,1.5165808812408983f,0f,0f,0f,1f],start_interpolation:0}
execute if entity @s[tag=aj.heiloang_aj.bone.wing_left_1] run data modify entity @s {} merge value {transformation:[-0.8809306342556367f,-0.6129644759348277f,3.1678785554013755f,0.06549423268835036f,0.6534259608295213f,3.181891752217514f,0.7973820688880404f,1.5818860097876979f,-3.1597807683831443f,0.8288897401416531f,-0.7182938586288505f,-0.5412562344057146f,0f,0f,0f,1f],start_interpolation:0}
execute if entity @s[tag=aj.heiloang_aj.bone.wing_left_0] run data modify entity @s {} merge value {transformation:[-0.5107160276530548f,-0.49655368933201416f,2.1026182660457056f,-0.3926814001943254f,0.08430876128101238f,2.1543420539552978f,0.5292469625145975f,1.6645462599999663f,-2.158810128721269f,0.20160542693695654f,-0.4767536889841775f,-2.553043616595131f,0f,0f,0f,1f],start_interpolation:0}
execute if entity @s[tag=aj.heiloang_aj.bone.kazari_right] run data modify entity @s {} merge value {transformation:[-1.0419919562434483f,2.1788785765232945f,1.0361520643457829f,0.41927298157188f,0.37269446557838054f,1.2604663420857838f,-2.2757841778939367f,4.660595777765729f,-2.383741132549306f,-0.755369404856299f,-0.808743138305261f,-6.686013535702958f,0f,0f,0f,1f],start_interpolation:0}
execute if entity @s[tag=aj.heiloang_aj.bone.kazari_left] run data modify entity @s {} merge value {transformation:[-1.0419919562434483f,2.1788785765232945f,1.0361520643457829f,2.4310569856758417f,0.37269446557838054f,1.2604663420857838f,-2.2757841778939367f,3.9410309483290953f,-2.383741132549306f,-0.755369404856299f,-0.808743138305261f,-2.0837013473477053f,0f,0f,0f,1f],start_interpolation:0}
execute if entity @s[tag=aj.heiloang_aj.bone.ring] run data modify entity @s {} merge value {transformation:[-1.3263165089673568f,-1.3766358523436637f,-1.0948445249745313f,-1.141639798173368f,0.028125794813289973f,-1.3876444020812801f,1.7107244777645043f,3.335644782205496f,-1.7586983094012438f,1.0159936167115173f,0.8530319531498717f,-3.4000276163276477f,0f,0f,0f,1f],start_interpolation:0}
execute if entity @s[tag=aj.heiloang_aj.bone.body_0] run data modify entity @s {} merge value {transformation:[-0.4397040624027443f,-0.35389411176231317f,0.9772776837235981f,0.05720596154101354f,-0.051361660144729336f,1.067232018126184f,0.36335956749638965f,1.8041255700943537f,-1.0381111179981526f,0.09709352750801419f,-0.4319149563772358f,-3.122285395040454f,0f,0f,0f,1f],start_interpolation:0}
execute if entity @s[tag=aj.heiloang_aj.bone.leg_right_3] run data modify entity @s {} merge value {transformation:[-0.1834806863621974f,-0.971398522577161f,0.15073071374794939f,1.5691192976107826f,-0.19661622155475517f,0.18649979054622196f,0.9625798094432205f,0.17113781888152008f,-0.9631598512986245f,0.14697870070566205f,-0.22521181670881965f,-3.470640754693753f,0f,0f,0f,1f],start_interpolation:0}
execute if entity @s[tag=aj.heiloang_aj.bone.leg_right_2] run data modify entity @s {} merge value {transformation:[-0.16485301473817315f,-0.696960412468125f,0.6979037662772691f,1.112313509820568f,-0.15827759806271036f,0.7171081742152026f,0.6787518459829319f,0.5752499904101245f,-0.9735356621527712f,0.00143175626410115f,-0.22853066444301387f,-3.4589884774833584f,0f,0f,0f,1f],start_interpolation:0}
execute if entity @s[tag=aj.heiloang_aj.bone.leg_right_1] run data modify entity @s {} merge value {transformation:[-0.11545520631372191f,-0.2632537074630934f,0.9577930783013584f,0.4167040632666054f,-0.27776056839915436f,0.934331753042017f,0.2233231781522241f,0.48780935589479013f,-0.9536871405118318f,-0.24025332622955997f,-0.18099496473106103f,-3.349309644597254f,0f,0f,0f,1f],start_interpolation:0}
execute if entity @s[tag=aj.heiloang_aj.bone.leg_right_0] run data modify entity @s {} merge value {transformation:[-0.0801016951091661f,0.14823350541338792f,0.9857030720828142f,0.5943382937931296f,-0.03861236227362071f,0.9876770040245678f,-0.15166812849344602f,1.2005157552963444f,-0.996038555438638f,-0.05020919829984235f,-0.07339095643060006f,-3.3549845812070305f,0f,0f,0f,1f],start_interpolation:0}
execute if entity @s[tag=aj.heiloang_aj.bone.leg_left_3] run data modify entity @s {} merge value {transformation:[-0.10195060033231007f,-0.9947764976288426f,-0.00507886376811828f,1.5113690199054388f,-0.47359838450730274f,0.04404614889429581f,0.8796388503014485f,0.8679074443925097f,-0.8748203502913925f,0.09208505053956906f,-0.47561507354495214f,-2.288633215718162f,0f,0f,0f,1f],start_interpolation:0}
execute if entity @s[tag=aj.heiloang_aj.bone.leg_left_2] run data modify entity @s {} merge value {transformation:[-0.10195060033231007f,-0.6024014223223015f,0.7916556078724826f,1.107649554930835f,-0.47359838450730274f,0.7292220485836094f,0.49390259571255213f,1.288107810537323f,-0.8748203502913925f,-0.3245731508359735f,-0.3596409660653992f,-2.469066572924569f,0f,0f,0f,1f],start_interpolation:0}
execute if entity @s[tag=aj.heiloang_aj.bone.leg_left_1] run data modify entity @s {} merge value {transformation:[-0.21553306388564775f,-0.7874183340605716f,0.577510056672037f,0.6410283926451541f,-0.40975492653438816f,0.6097530390932834f,0.6784556960460297f,0.8551456508333135f,-0.8863669660771791f,-0.09040795596505036f,-0.45407048235418024f,-2.1554485373232777f,0f,0f,0f,1f],start_interpolation:0}
execute if entity @s[tag=aj.heiloang_aj.bone.leg_left_0] run data modify entity @s {} merge value {transformation:[-0.19481192509486472f,-0.10570780893109788f,0.9751277726389601f,0.6225122094170488f,-0.6316328443033699f,0.7741144027144371f,-0.04227104809801896f,1.3950182487603227f,-0.7503920734110053f,-0.6241576328469087f,-0.2175752410566873f,-2.6531746321529623f,0f,0f,0f,1f],start_interpolation:0}
execute if entity @s[tag=aj.heiloang_aj.bone.tail_4] run data modify entity @s {} merge value {transformation:[1.509505834744521f,-0.2792339508579236f,-0.3581548537269833f,3.9096475059633606f,0.3764804821048064f,1.46466782230973f,0.4448201665530458f,1.9798187553981474f,0.2539861121283096f,-0.5114987142373101f,1.4692564391103407f,-1.1768712419794123f,0f,0f,0f,1f],start_interpolation:0}
execute if entity @s[tag=aj.heiloang_aj.bone.tail_3] run data modify entity @s {} merge value {transformation:[0.8655068858639517f,-0.17366392587730206f,0.4698283424517594f,3.2863391238436233f,-0.1721715583321523f,0.7776788303821753f,0.6046259928889015f,1.1515475311078756f,-0.47037727945082886f,-0.6041990380862043f,0.6431863939420223f,-2.0206044890379657f,0f,0f,0f,1f],start_interpolation:0}
execute if entity @s[tag=aj.heiloang_aj.bone.tail_2] run data modify entity @s {} merge value {transformation:[0.6130382795520354f,-0.08881815442922329f,0.7850448415521672f,2.6700263052268545f,-0.16228103643912653f,0.9583167885353462f,0.23514633321305126f,0.9849363999285973f,-0.773206914749295f,-0.27155159409417406f,0.5730713731541555f,-2.47428062184177f,0f,0f,0f,1f],start_interpolation:0}
execute if entity @s[tag=aj.heiloang_aj.bone.tail_1] run data modify entity @s {} merge value {transformation:[0.38546140931925854f,0.10144021978163306f,0.9171310613735996f,1.9550147630342303f,-0.22877931784440933f,0.9734102496819984f,-0.01151127884625322f,1.0103719812266276f,-0.8939124820989233f,-0.2053834648278274f,0.39841951097186334f,-2.789108412377422f,0f,0f,0f,1f],start_interpolation:0}
execute if entity @s[tag=aj.heiloang_aj.bone.tail_ring] run data modify entity @s {} merge value {transformation:[0.09054992813423136f,0.2604558323703186f,0.961230185699123f,2.1012287875865523f,-0.3422958728088564f,0.9145318677568597f,-0.21555741303692827f,1.0077589701711023f,-0.9352188225078175f,-0.30950641712480564f,0.17196375137120345f,-2.7739952731043704f,0f,0f,0f,1f],start_interpolation:0}
execute if entity @s[tag=aj.heiloang_aj.bone.tail_0] run data modify entity @s {} merge value {transformation:[0.09054992813423136f,0.2604558323703186f,0.961230185699123f,0.7526010160812497f,-0.3422958728088564f,0.9145318677568597f,-0.21555741303692827f,1.2882061297255865f,-0.9352188225078175f,-0.30950641712480564f,0.17196375137120345f,-3.0072177530168482f,0f,0f,0f,1f],start_interpolation:0}
execute if entity @s[tag=aj.heiloang_aj.bone.body_1] run data modify entity @s {} merge value {transformation:[-0.038657488159848805f,0.5299307769441448f,0.8471593535200721f,0.49229905780158706f,-0.26687727536747924f,0.8115217880852188f,-0.5198162245980784f,1.5291024846684593f,-0.9629548891311585f,-0.2461823696172094f,0.1100550879698611f,-3.060364342291768f,0f,0f,0f,1f],start_interpolation:0}