execute if entity @s[tag=aj.heiloang_aj.bone.head_lower] run data modify entity @s {} merge value {transformation:[-0.7997872931194134f,-0.01483799656092553f,-0.010959909797955513f,-0.07658837509047546f,-0.005743603249895483f,-0.2513770206056073f,0.7594580992610164f,-0.008750257626547242f,-0.017529882670147823f,0.7593348585238965f,0.2512036541216407f,2.7829200524312405f,0f,0f,0f,1f],start_interpolation:0}
execute if entity @s[tag=aj.heiloang_aj.bone.horne_right] run data modify entity @s {} merge value {transformation:[-0.5839180306339999f,-0.5467661600783578f,0.0093005211509171f,-0.41693309635491066f,-0.5375518413699625f,0.5764093143662656f,0.1370777886879354f,0.47304836244738374f,-0.10038800396598022f,0.093803350179934f,-0.788113684790936f,2.633011646200837f,0f,0f,0f,1f],start_interpolation:0}
execute if entity @s[tag=aj.heiloang_aj.bone.horne_left] run data modify entity @s {} merge value {transformation:[-0.5954120603373186f,0.5340566972435242f,0.01636833938455455f,0.26304606025521465f,0.5290825843544087f,0.5858939302751325f,0.12961451076024766f,0.4779315739304449f,0.07453923354669914f,0.10729280775567862f,-0.7892605121670371f,2.6479155524469964f,0f,0f,0f,1f],start_interpolation:0}
execute if entity @s[tag=aj.heiloang_aj.bone.head_upper] run data modify entity @s {} merge value {transformation:[-1.171508432278989f,-0.012460339987829125f,0.023975934322010894f,-0.07395910688615907f,-0.008413086450365656f,1.156307050730112f,0.1898560949988418f,0.15566877160528875f,-0.02567733388816578f,0.1896334800588187f,-1.1560890667094719f,2.5797234288325193f,0f,0f,0f,1f],start_interpolation:0}
execute if entity @s[tag=aj.heiloang_aj.bone.neck_0] run data modify entity @s {} merge value {transformation:[-0.9994111048354286f,-0.0021183408428684467f,0.03424844761008788f,-0.058359952295866074f,0.02129173110288631f,0.7444282031160662f,0.6673629541651436f,0.39217489420612917f,-0.026909212516717806f,0.6676991560856271f,-0.74394470980327f,2.2173951536768386f,0f,0f,0f,1f],start_interpolation:0}
execute if entity @s[tag=aj.heiloang_aj.bone.neck_1] run data modify entity @s {} merge value {transformation:[-0.999507646455213f,-0.013788943435485437f,0.02818385560021241f,-0.04826293193870622f,0.01610518981594278f,0.5454285450506112f,0.8380025806075815f,0.7043223323709417f,-0.026927449536729132f,0.8380438934106653f,-0.5449379278216377f,2.0293025047877498f,0f,0f,0f,1f],start_interpolation:0}
execute if entity @s[tag=aj.heiloang_aj.bone.neck_2] run data modify entity @s {} merge value {transformation:[-0.9996115944647225f,-0.005963481287867086f,0.027223098696223084f,-0.036907011821667036f,0.012579840679042324f,0.7750986160698243f,0.6317150330450694f,0.9372206643072214f,-0.02486780690340335f,0.6318121336739051f,-0.7747225438324631f,1.690644353815785f,0f,0f,0f,1f],start_interpolation:0}
execute if entity @s[tag=aj.heiloang_aj.bone.neck_3] run data modify entity @s {} merge value {transformation:[-0.9997408105893153f,0.0032349803400468654f,0.02253545083681068f,-0.025323255106277167f,0.00885198864705013f,0.9672008265783f,0.25385862869566955f,1.0451705276406036f,-0.02097507900369618f,0.2539923147822644f,-0.966978774375289f,1.1840820966837267f,0f,0f,0f,1f],start_interpolation:0}
execute if entity @s[tag=aj.heiloang_aj.bone.wing_right_2] run data modify entity @s {} merge value {transformation:[-1.4460819390343087f,-1.853529230226417f,0.08277937313150949f,-4.090430685227043f,-1.8208573312494714f,1.4379151493394386f,0.38788478812167887f,-0.45247288923644013f,-0.35623252399918987f,0.17437150660991682f,-2.3186782814458677f,0.3604386609775219f,0f,0f,0f,1f],start_interpolation:0}
execute if entity @s[tag=aj.heiloang_aj.bone.wing_right_1] run data modify entity @s {} merge value {transformation:[-2.636717834139076f,-2.0545277568938887f,0.11770102882092982f,-2.36591473877561f,-2.0123066458146823f,2.614128339482003f,0.5515195017650101f,0.8566295857688503f,-0.43076652521174597f,0.36396084098379194f,-3.2968456863928846f,0.6926282439734248f,0f,0f,0f,1f],start_interpolation:0}
execute if entity @s[tag=aj.heiloang_aj.bone.wing_right_0] run data modify entity @s {} merge value {transformation:[-2.158712094661185f,-0.5121123692997568f,0.07812178680565074f,-0.35741399280880304f,-0.49286508555372044f,2.1334206736616057f,0.3660604275736225f,1.3179906361988531f,-0.15951833689467104f,0.3386106176767783f,-2.188217710784489f,0.8234595600489153f,0f,0f,0f,1f],start_interpolation:0}
execute if entity @s[tag=aj.heiloang_aj.bone.wing_left_2] run data modify entity @s {} merge value {transformation:[-1.5662734157627478f,1.7540390133717467f,0.06091578585038091f,3.881480366435928f,1.7382420435400416f,1.5390099009974372f,0.378865581733951f,-0.7526811614711306f,0.24264828758027754f,0.2972737299573134f,-2.3208459975475826f,0.560538691976182f,0f,0f,0f,1f],start_interpolation:0}
execute if entity @s[tag=aj.heiloang_aj.bone.wing_left_1] run data modify entity @s {} merge value {transformation:[-2.390209042581017f,2.3380798798942153f,0.08661397634208601f,2.3152496716825812f,2.3182851352942224f,2.3500170327745797f,0.5386954149082834f,0.7569460526907255f,0.3157111609331958f,0.4449957233538421f,-3.2999278843573245f,0.8174463480622031f,0f,0f,0f,1f],start_interpolation:0}
execute if entity @s[tag=aj.heiloang_aj.bone.wing_left_0] run data modify entity @s {} merge value {transformation:[-2.138779048479349f,0.5922155610596669f,0.05748835555618269f,0.32637623005794447f,0.5936011990908088f,2.1090748096263026f,0.3575486873668096f,1.3119361636539018f,0.04076515943454842f,0.35983909826276333f,-2.190263460211515f,0.8378058323973758f,0f,0f,0f,1f],start_interpolation:0}
execute if entity @s[tag=aj.heiloang_aj.bone.kazari_right] run data modify entity @s {} merge value {transformation:[-2.627435092591783f,0.052547185269789014f,-0.026340389019163964f,-2.4638386774635554f,0.02225526039083875f,-0.20069750536679562f,-2.6203235302688745f,2.836702295896308f,-0.05440336532232528f,-2.619891122397269f,0.20020232062051121f,-3.239587496516161f,0f,0f,0f,1f],start_interpolation:0}
execute if entity @s[tag=aj.heiloang_aj.bone.kazari_left] run data modify entity @s {} merge value {transformation:[-2.627435092591783f,0.052547185269789014f,-0.026340389019163964f,2.608975809659599f,0.02225526039083875f,-0.20069750536679562f,-2.6203235302688745f,2.7937338482099445f,-0.05440336532232528f,-2.619891122397269f,0.20020232062051121f,-3.134550389973174f,0f,0f,0f,1f],start_interpolation:0}
execute if entity @s[tag=aj.heiloang_aj.bone.ring] run data modify entity @s {} merge value {transformation:[-2.202384777258762f,-0.04814328484323864f,0.01047868347661584f,0.002235048460461346f,0.01865494102477089f,-0.3811642167396582f,2.1696294888382757f,3.1292334382347557f,-0.045602322948098066f,2.1691754999966637f,0.3814765577856547f,0.3381770600341792f,0f,0f,0f,1f],start_interpolation:0}
execute if entity @s[tag=aj.heiloang_aj.bone.body_0] run data modify entity @s {} merge value {transformation:[-1.128269571992033f,0.0039395618034609205f,0.025389539329906025f,-0.0010448833831673563f,0.009990018749157911f,1.0947303991490962f,0.2740765014406125f,1.4170811808659423f,-0.02367167885849262f,0.27423021162762395f,-1.0944815295784407f,0.18385081543392645f,0f,0f,0f,1f],start_interpolation:0}
execute if entity @s[tag=aj.heiloang_aj.bone.leg_right_3] run data modify entity @s {} merge value {transformation:[-0.9817994151563751f,0.09207560614660465f,0.16610837170755455f,-0.7289954372401081f,0.1752115769902728f,0.7766162195224129f,0.6051182949335587f,-0.6153054182680139f,-0.07328582187013744f,0.623208897824358f,-0.7786140622833417f,-0.6786265918218337f,0f,0f,0f,1f],start_interpolation:0}
execute if entity @s[tag=aj.heiloang_aj.bone.leg_right_2] run data modify entity @s {} merge value {transformation:[-0.9817994151563751f,0.15929951093085604f,0.10340973946292413f,-0.6369905767303318f,0.1752115769902728f,0.9698274584604591f,0.16951579308344217f,-0.033468842914595065f,-0.07328582187013744f,0.1845490900365449f,-0.9800871500430468f,-0.5201486573199833f,0f,0f,0f,1f],start_interpolation:0}
execute if entity @s[tag=aj.heiloang_aj.bone.leg_right_1] run data modify entity @s {} merge value {transformation:[-0.9981876274854983f,0.05930107799353131f,-0.010239261871697946f,-0.6253135789972135f,0.05613621377116572f,0.8562509704468415f,-0.5135007313648933f,0.3931529372613709f,-0.021683769006104223f,-0.5131448701464795f,-0.8580280627135937f,0.046777543773459884f,0f,0f,0f,1f],start_interpolation:0}
execute if entity @s[tag=aj.heiloang_aj.bone.leg_right_0] run data modify entity @s {} merge value {transformation:[-0.9505643059913466f,0.3102747022619529f,-0.012534325328711526f,-0.3651793024892593f,0.2649093578162435f,0.789199221450426f,-0.5540646361241864f,0.9227795076359321f,-0.16202016021648374f,-0.529994526385224f,-0.8323792823497753f,-0.39067232838010063f,0f,0f,0f,1f],start_interpolation:0}
execute if entity @s[tag=aj.heiloang_aj.bone.leg_left_3] run data modify entity @s {} merge value {transformation:[-0.9753250111360977f,-0.21331486400290955f,-0.056902473125439904f,0.7621380975764014f,-0.20563804481543116f,0.7839758591391346f,0.5857429869930515f,-0.07937051773090781f,-0.08033752035542259f,0.5829910986305671f,-0.8084969151089363f,-0.6487806998805191f,0f,0f,0f,1f],start_interpolation:0}
execute if entity @s[tag=aj.heiloang_aj.bone.leg_left_2] run data modify entity @s {} merge value {transformation:[-0.9753250111360977f,-0.2158769637967288f,0.04624131436580333f,0.6286635516642975f,-0.20563804481543116f,0.964525268912673f,0.1655415360367976f,0.49942884429807716f,-0.08033752035542259f,0.1519478270026967f,-0.9851181353991515f,-0.5098929948494826f,0f,0f,0f,1f],start_interpolation:0}
execute if entity @s[tag=aj.heiloang_aj.bone.leg_left_1] run data modify entity @s {} merge value {transformation:[-0.9953029965488697f,-0.08175336707302863f,0.0518491276017589f,0.585939886916488f,-0.0785733559648759f,0.9950609595849795f,0.060662298359331124f,0.5313254964230987f,-0.05655238981031429f,0.05630340737506245f,-0.9968107912360802f,0.19771219530710804f,0f,0f,0f,1f],start_interpolation:0}
execute if entity @s[tag=aj.heiloang_aj.bone.leg_left_0] run data modify entity @s {} merge value {transformation:[-0.9591765482496701f,-0.2658598659015007f,0.09643070564236439f,0.3635975400456532f,-0.2449594868561486f,0.6106171156044358f,-0.7530880346480693f,0.9177933870631684f,0.14133364456851943f,-0.7459659977731931f,-0.6508145135745085f,-0.3860197524226593f,0f,0f,0f,1f],start_interpolation:0}
execute if entity @s[tag=aj.heiloang_aj.bone.tail_4] run data modify entity @s {} merge value {transformation:[-0.7743562920229471f,-0.43924358444224254f,1.300881151457917f,1.1564303187975986f,0.33633270077507976f,1.3873222014096542f,0.6686342703996597f,-0.17057548899258962f,-1.3312050973014964f,0.6060169524773007f,-0.587784659476846f,-3.889480212270437f,0f,0f,0f,1f],start_interpolation:0}
execute if entity @s[tag=aj.heiloang_aj.bone.tail_3] run data modify entity @s {} merge value {transformation:[-0.757052125547794f,-0.3196258041523312f,0.5698345589059534f,0.4032912345287707f,-0.33887107963823476f,0.9377743126341036f,0.07580059332519778f,-0.29634524742466806f,-0.5586040373899784f,-0.13571545189701273f,-0.8182559779971088f,-2.7924862104588284f,0f,0f,0f,1f],start_interpolation:0}
execute if entity @s[tag=aj.heiloang_aj.bone.tail_2] run data modify entity @s {} merge value {transformation:[-0.7575495787439206f,-0.06825943839149089f,0.6491989562648622f,-0.10627864816602897f,-0.38210222165754626f,0.8527055928040067f,-0.35621772022898457f,-0.0018478413048439446f,-0.5292603593216442f,-0.5179129473871509f,-0.6720488456797453f,-2.275734233840351f,0f,0f,0f,1f],start_interpolation:0}
execute if entity @s[tag=aj.heiloang_aj.bone.tail_1] run data modify entity @s {} merge value {transformation:[-0.9963594904800562f,0.033157067296167964f,0.0785390006216007f,-0.16709576673337784f,0.018715052730124748f,0.9838636269594537f,-0.17793850158832314f,0.15382476665028177f,-0.0831715848810822f,-0.17582085324132168f,-0.9809023983220055f,-1.5121425044588588f,0f,0f,0f,1f],start_interpolation:0}
execute if entity @s[tag=aj.heiloang_aj.bone.tail_ring] run data modify entity @s {} merge value {transformation:[-0.9907275117825053f,-0.02473443865115226f,-0.13359343150715944f,-0.18706128340645847f,0.061645932155807534f,0.7944080691637946f,-0.6042479612676351f,0.09162836902152804f,0.1210734341046263f,-0.6068805707814876f,-0.7855171521755897f,-1.6438496115079202f,0f,0f,0f,1f],start_interpolation:0}
execute if entity @s[tag=aj.heiloang_aj.bone.tail_0] run data modify entity @s {} merge value {transformation:[-0.9907275117825053f,-0.02473443865115226f,-0.13359343150715944f,0.0001142866252636615f,0.061645932155807534f,0.7944080691637946f,-0.6042479612676351f,0.9177517027834452f,0.1210734341046263f,-0.6068805707814876f,-0.7855171521755897f,-0.5328474765363177f,0f,0f,0f,1f],start_interpolation:0}
execute if entity @s[tag=aj.heiloang_aj.bone.body_1] run data modify entity @s {} merge value {transformation:[-0.9999562197008646f,0.009105967248867648f,0.0021540756762140055f,0.003049375000000032f,0.00684146639672443f,0.8685220944678604f,-0.49560323420928515f,1.1533265677628584f,-0.006383809137090294f,-0.49556679951508414f,-0.8685463684797017f,-0.26246147189349117f,0f,0f,0f,1f],start_interpolation:0}