execute if entity @s[tag=aj.heiloang_aj.bone.head_lower] run data modify entity @s {} merge value {transformation:[-0.7622071394093229f,0.19403327719411836f,-0.14625786807815733f,0.15434709035541821f,-0.06519767890710103f,0.3005666940875542f,0.7385180600841155f,2.0213459906698796f,0.2340716541971364f,0.7155492643742911f,-0.27055445099799635f,0.8223422116549379f,0f,0f,0f,1f],start_interpolation:0}
execute if entity @s[tag=aj.heiloang_aj.bone.horne_right] run data modify entity @s {} merge value {transformation:[-0.6821885077475348f,-0.3783281205878909f,-0.17744484514808068f,-0.11378600616047088f,-0.30136185316022945f,0.21008689000013928f,0.7106648521700659f,2.399393048662798f,-0.2894820777820696f,0.672853127972594f,-0.32166565688688636f,1.2168317987823423f,0f,0f,0f,1f],start_interpolation:0}
execute if entity @s[tag=aj.heiloang_aj.bone.horne_left] run data modify entity @s {} merge value {transformation:[-0.4417275919352025f,0.6461482003601333f,-0.16543650653495026f,0.5342425037653354f,0.20522431101857133f,0.3204678071751071f,0.7036926649691121f,2.454824115269615f,0.6346335294404797f,0.3461110916103957f,-0.3427059899887663f,1.0178240783839367f,0f,0f,0f,1f],start_interpolation:0}
execute if entity @s[tag=aj.heiloang_aj.bone.head_upper] run data modify entity @s {} merge value {transformation:[-1.1164619626282912f,0.2606766157861379f,-0.2423272588597318f,0.1355283561198945f,-0.09549993012114892f,0.5491751806571054f,1.0307514233301314f,2.2817197981854784f,0.34286230727661055f,1.0018065857901526f,-0.5019871664857952f,0.8357859339204639f,0f,0f,0f,1f],start_interpolation:0}
execute if entity @s[tag=aj.heiloang_aj.bone.neck_0] run data modify entity @s {} merge value {transformation:[-0.9520117274740739f,0.22830247054369252f,-0.2038422250061951f,0.03402102137170557f,-0.10607542106860911f,0.3786153207209519f,0.9194555149437562f,2.650310447438914f,0.2870917550138756f,0.8969550829662638f,-0.33622894483377813f,0.6325681864077132f,0f,0f,0f,1f],start_interpolation:0}
execute if entity @s[tag=aj.heiloang_aj.bone.neck_1] run data modify entity @s {} merge value {transformation:[-0.9621974016004345f,0.1747683238563185f,-0.20888320499701543f,-0.039906463989679536f,0.030135866134340293f,0.8305677766755215f,0.5561016075508269f,2.8633033532389556f,0.2706806050046906f,0.5287846455077281f,-0.804436951382494f,0.3460623984625841f,0f,0f,0f,1f],start_interpolation:0}
execute if entity @s[tag=aj.heiloang_aj.bone.neck_2] run data modify entity @s {} merge value {transformation:[-0.9763285442040851f,-0.05918933779955514f,-0.2080365257909822f,-0.12317612064529218f,-0.12316414461379527f,0.9427981688673398f,0.3097776723102278f,2.9586507885865765f,0.17780092028413125f,0.32806742458104676f,-0.9277707678488665f,-0.04513443691986607f,0f,0f,0f,1f],start_interpolation:0}
execute if entity @s[tag=aj.heiloang_aj.bone.neck_3] run data modify entity @s {} merge value {transformation:[-0.9972110986436485f,0.028158827749291557f,-0.06911660554246925f,-0.1596258652260038f,0.03568714669632839f,0.9932656939204308f,-0.11022562697231286f,2.8775558562680037f,0.06554732872209446f,-0.11238479301289167f,-0.9915004820961244f,-0.5555143981608122f,0f,0f,0f,1f],start_interpolation:0}
execute if entity @s[tag=aj.heiloang_aj.bone.wing_right_2] run data modify entity @s {} merge value {transformation:[0.6342740806233687f,-1.846215074203056f,-1.312540398142393f,-2.643344312946767f,-1.8721845411007068f,0.34007042133448007f,-1.3830593475762092f,1.3129918570881238f,1.2752244669209896f,1.4175394226051705f,-1.3776648905475108f,2.415672192923788f,0f,0f,0f,1f],start_interpolation:0}
execute if entity @s[tag=aj.heiloang_aj.bone.wing_right_1] run data modify entity @s {} merge value {transformation:[-1.2985621032958892f,-2.4531714956929576f,-1.866254229600922f,-1.7647586791820578f,-1.4676200066499174f,2.272905442411438f,-1.9665226006424017f,2.3037882527620783f,2.71054362681449f,0.0554006811874923f,-1.9588524152062377f,0.6708328750658328f,0f,0f,0f,1f],start_interpolation:0}
execute if entity @s[tag=aj.heiloang_aj.bone.wing_right_0] run data modify entity @s {} merge value {transformation:[-1.334151750515825f,-1.2704666891773877f,-1.2386902350007465f,-0.5337586793208497f,-0.44488145939186086f,1.7397773686290645f,-1.3052414315732903f,2.7071212441216836f,1.7177076566415272f,-0.5361800996836527f,-1.3001504939884079f,-0.9372739612767527f,0f,0f,0f,1f],start_interpolation:0}
execute if entity @s[tag=aj.heiloang_aj.bone.wing_left_2] run data modify entity @s {} merge value {transformation:[-0.2579843381329236f,1.8708210776405854f,1.402515091916962f,2.8641190695318315f,1.7976801946192427f,1.0609688613910724f,-1.0845584351952913f,1.755709120955191f,-1.4951140443032584f,0.9528638816406344f,-1.5460467081925127f,2.081527481507879f,0f,0f,0f,1f],start_interpolation:0}
execute if entity @s[tag=aj.heiloang_aj.bone.wing_left_1] run data modify entity @s {} merge value {transformation:[-1.8655818444618253f,1.9313325044255076f,1.9941860273966197f,1.6123490099237028f,1.173750913021782f,2.726072466224966f,-1.542094833650207f,2.5476467830333527f,-2.5157766094577925f,-0.16031980270579196f,-2.1982684970370268f,0.46784817138083634f,0f,0f,0f,1f],start_interpolation:0}
execute if entity @s[tag=aj.heiloang_aj.bone.wing_left_0] run data modify entity @s {} merge value {transformation:[-1.585438496923027f,0.8141628839457541f,1.323602497307853f,0.14830130279069986f,0.15403322093963195f,1.963936978811129f,-1.0235356906845872f,2.6827123956136627f,-1.5463048015580287f,-0.6391324914783676f,-1.4590582987033929f,-0.9821062038344818f,0f,0f,0f,1f],start_interpolation:0}
execute if entity @s[tag=aj.heiloang_aj.bone.kazari_right] run data modify entity @s {} merge value {transformation:[-2.5760729234206066f,0.25811881190861746f,0.45176671049817474f,-2.3359538114361054f,-0.5019430868157964f,-0.6319816372914709f,-2.5011042633765728f,4.051085246743864f,-0.1370095594230114f,-2.537881809230194f,0.6687708812152614f,-4.388002050505452f,0f,0f,0f,1f],start_interpolation:0}
execute if entity @s[tag=aj.heiloang_aj.bone.kazari_left] run data modify entity @s {} merge value {transformation:[-2.5760729234206066f,0.25811881190861746f,0.45176671049817474f,2.637695236131092f,-0.5019430868157964f,-0.6319816372914709f,-2.5011042633765728f,5.020191646247257f,-0.1370095594230114f,-2.537881809230194f,0.6687708812152614f,-4.123476361602583f,0f,0f,0f,1f],start_interpolation:0}
execute if entity @s[tag=aj.heiloang_aj.bone.ring] run data modify entity @s {} merge value {transformation:[-2.064298002338327f,-0.6409691202321766f,-0.4251571829744978f,-0.49500858464685177f,-0.49666767923360433f,0.18104265865476682f,2.138567524754817f,5.523089564423769f,-0.5872999742301427f,2.0998353336488154f,-0.31416014644329204f,-1.7770773417356291f,0f,0f,0f,1f],start_interpolation:0}
execute if entity @s[tag=aj.heiloang_aj.bone.body_0] run data modify entity @s {} merge value {transformation:[-1.1254146350083982f,-0.027496155329991334f,-0.07961304345807071f,-0.23733529026763356f,0.04027516062383065f,0.7611994260679008f,-0.8322293681001028f,2.174681738866268f,0.07397422985954176f,-0.8327495248474426f,-0.7580952566272396f,-1.355076034092071f,0f,0f,0f,1f],start_interpolation:0}
execute if entity @s[tag=aj.heiloang_aj.bone.leg_right_3] run data modify entity @s {} merge value {transformation:[-0.9989878441893508f,0.00014382369988767685f,0.04498073450553264f,-0.5687943987885711f,0.027886789661629458f,0.7866028413684579f,0.6168292283229094f,0.2682015284089516f,-0.035293258907075964f,0.6174592693172656f,-0.7858106875131607f,-2.1155729924339393f,0f,0f,0f,1f],start_interpolation:0}
execute if entity @s[tag=aj.heiloang_aj.bone.leg_right_2] run data modify entity @s {} merge value {transformation:[-0.9989878441893508f,0.021633089580467644f,0.039437248853302714f,-0.557498042530532f,0.027886789661629458f,0.9857897979209659f,0.16565265249101369f,0.8599284025259957f,-0.035293258907075964f,0.1665847644598509f,-0.9853953024677832f,-1.9677702546942288f,0f,0f,0f,1f],start_interpolation:0}
execute if entity @s[tag=aj.heiloang_aj.bone.leg_right_1] run data modify entity @s {} merge value {transformation:[-0.9933210329517099f,-0.10247594449377373f,0.053028353697406785f,-0.6026094988075998f,-0.10125143326484497f,0.9945393283935215f,0.025291728694911086f,0.916744385352489f,-0.055330577057924366f,0.019753609256825955f,-0.9982726692461161f,-1.2618774061039955f,0f,0f,0f,1f],start_interpolation:0}
execute if entity @s[tag=aj.heiloang_aj.bone.leg_right_0] run data modify entity @s {} merge value {transformation:[-0.9711791427452839f,0.2134078541201777f,0.10615159205756852f,-0.40449486464623885f,0.10480449291327347f,0.7823411897710204f,-0.6139692834766699f,1.4431014277461136f,-0.21407263010886537f,-0.5851489986212784f,-0.7821595479509202f,-1.7343553338021571f,0f,0f,0f,1f],start_interpolation:0}
execute if entity @s[tag=aj.heiloang_aj.bone.leg_left_3] run data modify entity @s {} merge value {transformation:[-0.9315668707513453f,-0.23898533713566938f,-0.2739875434261507f,0.8124292335136148f,-0.3488510612207344f,0.7998127523683735f,0.4884695468850584f,0.5979749599288702f,0.10240167187948558f,0.5506228925345165f,-0.8284493513867995f,-1.6210271162938803f,0f,0f,0f,1f],start_interpolation:0}
execute if entity @s[tag=aj.heiloang_aj.bone.leg_left_2] run data modify entity @s {} merge value {transformation:[-0.9315668707513453f,-0.3568806126460607f,-0.06942185272606007f,0.598655170618837f,-0.3488510612207344f,0.9311873706774513f,-0.10579705939194335f,1.1692998097416927f,0.10240167187948558f,-0.07433914855705107f,-0.9919614854358505f,-1.6194407619179327f,0f,0f,0f,1f],start_interpolation:0}
execute if entity @s[tag=aj.heiloang_aj.bone.leg_left_1] run data modify entity @s {} merge value {transformation:[-0.9687746751387559f,-0.23419383213473385f,-0.08141792063081639f,0.6385244797182243f,-0.22354234208565524f,0.9670549402352303f,-0.12179311910569851f,1.327839768135657f,0.10725879966071655f,-0.09978973673020197f,-0.9892105733051276f,-0.9289168066005303f,0f,0f,0f,1f],start_interpolation:0}
execute if entity @s[tag=aj.heiloang_aj.bone.leg_left_0] run data modify entity @s {} merge value {transformation:[-0.8831995668551196f,-0.44691225755917446f,0.14222502997113834f,0.289745836892372f,-0.33687269413061666f,0.393524724219351f,-0.8553683881096281f,1.5454999606318875f,0.326305551678345f,-0.8033727188991705f,-0.4981134022212665f,-1.5376154474888302f,0f,0f,0f,1f],start_interpolation:0}
execute if entity @s[tag=aj.heiloang_aj.bone.tail_4] run data modify entity @s {} merge value {transformation:[-1.3717950056390842f,-0.07966195470745027f,-0.7724550466943224f,0.04260229935409421f,0.5261336496861703f,1.0579375373169746f,-1.043458630464705f,-0.9281798677393327f,0.5711534022127944f,-1.1658801412647684f,-0.8940702718650627f,-4.938332229240501f,0f,0f,0f,1f],start_interpolation:0}
execute if entity @s[tag=aj.heiloang_aj.bone.tail_3] run data modify entity @s {} merge value {transformation:[-0.9333739606775224f,0.17123014614366938f,-0.31542556424737156f,0.45964268255479207f,0.34789212250562807f,0.6476827626284551f,-0.6778481467795725f,-0.039262352339456796f,0.0882276636190954f,-0.7424198785361216f,-0.6640998443959508f,-4.031505166347511f,0f,0f,0f,1f],start_interpolation:0}
execute if entity @s[tag=aj.heiloang_aj.bone.tail_2] run data modify entity @s {} merge value {transformation:[-0.9820815088718136f,0.10631897709779503f,-0.15560265113724925f,0.5834220061068349f,0.18110147695740575f,0.7608425446385395f,-0.6231539756045834f,0.4625678038494781f,0.052136023783064145f,-0.6401678665606625f,-0.7664639180334984f,-3.443059785449345f,0f,0f,0f,1f],start_interpolation:0}
execute if entity @s[tag=aj.heiloang_aj.bone.tail_1] run data modify entity @s {} merge value {transformation:[-0.9511379717884315f,0.12210074016837645f,0.2835982508276864f,0.3638561786853723f,-0.04012293422923204f,0.8618249588013203f,-0.5056163471802892f,0.8722548572088393f,-0.3061481810676414f,-0.49228970092562047f,-0.8148154033838202f,-2.8146074183628205f,0f,0f,0f,1f],start_interpolation:0}
execute if entity @s[tag=aj.heiloang_aj.bone.tail_ring] run data modify entity @s {} merge value {transformation:[-0.9536039767808656f,0.002408740272342405f,0.30105423670498044f,0.4071946374862f,-0.1372854251968254f,0.8864716945202803f,-0.4419509552460198f,0.8362371099133683f,-0.26794060441867484f,-0.462776547358056f,-0.845012248265735f,-2.9503950306467788f,0f,0f,0f,1f],start_interpolation:0}
execute if entity @s[tag=aj.heiloang_aj.bone.tail_0] run data modify entity @s {} merge value {transformation:[-0.9536039767808656f,0.002408740272342405f,0.30105423670498044f,-0.013402454264366107f,-0.1372854251968254f,0.8864716945202803f,-0.4419509552460198f,1.4335674632692295f,-0.26794060441867484f,-0.462776547358056f,-0.845012248265735f,-1.759540406486134f,0f,0f,0f,1f],start_interpolation:0}
execute if entity @s[tag=aj.heiloang_aj.bone.body_1] run data modify entity @s {} merge value {transformation:[-0.95256910888983f,0.14027695061362627f,0.2700638256327146f,-0.09554057318897888f,-0.14050123970901013f,0.5844669714824312f,-0.7991606602469781f,1.7562547615858686f,-0.26994720674433037f,-0.7992000602932267f,-0.5370360967367432f,-1.626352718672352f,0f,0f,0f,1f],start_interpolation:0}