execute if entity @s[tag=aj.tutankhamen.bone.head] run data modify entity @s {} merge value {transformation:[-0.5450129742882555f,-0.7456189312002204f,0.38342309175806044f,-0.039735938430016104f,0.013001655363084855f,0.4497410338515685f,0.8930643646613283f,1.2478814802393683f,-0.8383267947616184f,0.49171680051220845f,-0.2354204181432613f,0.03646274457550093f,0f,0f,0f,1f],start_interpolation:0}
execute if entity @s[tag=aj.tutankhamen.bone.left_hand] run data modify entity @s {} merge value {transformation:[0.31959641414504f,0.5129170808134538f,0.7967271805803018f,0.24802123785304703f,-0.18542079820818566f,0.8584228918798651f,-0.47825648588226066f,0.9374833777915692f,-0.9292347710118639f,0.005119268152221801f,0.36945437260386343f,0.4451471496893521f,0f,0f,0f,1f],start_interpolation:0}
execute if entity @s[tag=aj.tutankhamen.bone.cape_left_back] run data modify entity @s {} merge value {transformation:[-0.03550832447781396f,-0.6413364544228f,0.7664376759536093f,0.20756120684599047f,-0.42459989988447755f,0.7039411816565437f,0.5693695968227324f,1.0502993480988925f,-0.9046845217593092f,-0.3052120000858105f,-0.29730716623174275f,0.34667623499167727f,0f,0f,0f,1f],start_interpolation:0}
execute if entity @s[tag=aj.tutankhamen.bone.cape_left_side] run data modify entity @s {} merge value {transformation:[-0.03550832447781396f,-0.6413364544228f,0.7664376759536093f,0.11730467305144773f,-0.42459989988447755f,0.7039411816565437f,0.5693695968227324f,1.0454718828530005f,-0.9046845217593092f,-0.3052120000858105f,-0.29730716623174275f,0.5251965872955372f,0f,0f,0f,1f],start_interpolation:0}
execute if entity @s[tag=aj.tutankhamen.bone.left_arm] run data modify entity @s {} merge value {transformation:[0.020522950453449144f,-0.6419907299825405f,0.7664376759536093f,0.028541423906104757f,-0.4843366856131427f,0.6642561532896742f,0.5693695968227324f,1.1124087729311458f,-0.8746409454593131f,-0.38289902772570433f,-0.29730716623174275f,0.3004595951955703f,0f,0f,0f,1f],start_interpolation:0}
execute if entity @s[tag=aj.tutankhamen.bone.cape_right_back] run data modify entity @s {} merge value {transformation:[0.3648147349346035f,0.04454113940202582f,0.9300141375674695f,0.05561660613544092f,0.24337644587359372f,0.959565946978532f,-0.14142524171141083f,0.9478136542721736f,-0.8987091380243846f,0.2779375474813767f,0.33922353239641967f,-0.27478644959985904f,0f,0f,0f,1f],start_interpolation:0}
execute if entity @s[tag=aj.tutankhamen.bone.cape_right] run data modify entity @s {} merge value {transformation:[0.3648147349346035f,0.04454113940202582f,0.9300141375674695f,-0.11988462592289467f,0.24337644587359372f,0.959565946978532f,-0.14142524171141083f,1.0211975343677753f,-0.8987091380243846f,0.2779375474813767f,0.33922353239641967f,-0.5000156355152741f,0f,0f,0f,1f],start_interpolation:0}
execute if entity @s[tag=aj.tutankhamen.bone.weapon] run data modify entity @s {} merge value {transformation:[0.5966240977576328f,-1.0239735621351862f,1.1269895756546193f,-0.062133037361791606f,0.3980218958557731f,1.2732018612629117f,0.9461095414946123f,0.5286246455269477f,-1.4697639028107123f,-0.07087198414004553f,0.713693845755858f,-0.49521653948885225f,0f,0f,0f,1f],start_interpolation:0}
execute if entity @s[tag=aj.tutankhamen.bone.right_hand] run data modify entity @s {} merge value {transformation:[0.3648147349346035f,0.04454113940202582f,0.9300141375674695f,0.003323540578927177f,0.24337644587359372f,0.959565946978532f,-0.14142524171141083f,0.8443125024403699f,-0.8987091380243846f,0.2779375474813767f,0.33922353239641967f,-0.35881477437306936f,0f,0f,0f,1f],start_interpolation:0}
execute if entity @s[tag=aj.tutankhamen.bone.right_arm] run data modify entity @s {} merge value {transformation:[0.3648147349346035f,0.04454113940202582f,0.9300141375674695f,-0.020185000777279583f,0.24337644587359372f,0.959565946978532f,-0.14142524171141083f,1.1387144600025125f,-0.8987091380243846f,0.2779375474813767f,0.33922353239641967f,-0.24710261349881887f,0f,0f,0f,1f],start_interpolation:0}