execute if entity @s[tag=aj.tutankhamen.bone.head] run data modify entity @s {} merge value {transformation:[-0.5450129742882556f,-0.7093641017097164f,0.44694902289079497f,-0.039735938430016104f,0.013001655363084872f,0.5258653214607563f,0.8504684712808555f,1.2478814802393683f,-0.8383267947616184f,0.4693274282316584f,-0.27738051534700237f,0.03646274457550093f,0f,0f,0f,1f],start_interpolation:0}
execute if entity @s[tag=aj.tutankhamen.bone.left_hand] run data modify entity @s {} merge value {transformation:[0.3195992923806906f,0.512917770408041f,0.7967255820603514f,0.2480206220125311f,-0.18542035807681645f,0.8584224659859365f,-0.4782574209578859f,0.9374830877317541f,-0.9292338689051464f,0.005121590599364123f,0.36945660934581415f,0.445147733190348f,0f,0f,0f,1f],start_interpolation:0}
execute if entity @s[tag=aj.tutankhamen.bone.cape_left_back] run data modify entity @s {} merge value {transformation:[-0.035505723105564435f,-0.6413348797478692f,0.7664391141150985f,0.20756100500199015f,-0.42459918615398995f,0.7039419402710945f,0.5693691911622337f,1.0502991658352587f,-0.904684958836014f,-0.3052135592436104f,-0.2973042356067715f,0.3466767718891814f,0f,0f,0f,1f],start_interpolation:0}
execute if entity @s[tag=aj.tutankhamen.bone.cape_left_side] run data modify entity @s {} merge value {transformation:[-0.035505723105564435f,-0.6413348797478692f,0.7664391141150985f,0.1173038849728473f,-0.42459918615398995f,0.7039419402710945f,0.5693691911622337f,1.0454716397765405f,-0.904684958836014f,-0.3052135592436104f,-0.2973042356067715f,0.525196826158155f,0f,0f,0f,1f],start_interpolation:0}
execute if entity @s[tag=aj.tutankhamen.bone.left_arm] run data modify entity @s {} merge value {transformation:[0.0205254046847287f,-0.6419889345751926f,0.7664391141150985f,0.028541423906104757f,-0.48433604071622977f,0.6642569712231783f,0.5693691911622337f,1.1124087729311458f,-0.8746412449832529f,-0.3829006190441829f,-0.2973042356067715f,0.3004595951955703f,0f,0f,0f,1f],start_interpolation:0}
execute if entity @s[tag=aj.tutankhamen.bone.cape_right_back] run data modify entity @s {} merge value {transformation:[0.3648098572280989f,0.04452954745809429f,0.9300166060196942f,0.055618967484952986f,0.24337002372359098f,0.9595699251009051f,-0.14140930094807155f,0.9478142738167508f,-0.8987128571584989f,0.2779256703599378f,0.3392234103551616f,-0.27478425597632355f,0f,0f,0f,1f],start_interpolation:0}
execute if entity @s[tag=aj.tutankhamen.bone.cape_right] run data modify entity @s {} merge value {transformation:[0.3648098572280989f,0.04452954745809429f,0.9300166060196942f,-0.11988364382808009f,0.24337002372359098f,0.9595699251009051f,-0.14140930094807155f,1.0211931652605797f,-0.8987128571584989f,0.2779256703599378f,0.3392234103551616f,-0.5000139924961294f,0f,0f,0f,1f],start_interpolation:0}
execute if entity @s[tag=aj.tutankhamen.bone.weapon] run data modify entity @s {} merge value {transformation:[0.59661612067512f,-1.0239898217771708f,1.1269790251191185f,-0.06212580997324772f,0.3980113929646228f,1.2731880274948484f,0.9461325759771984f,0.5286210665545261f,-1.4697699851446284f,-0.07088557788186589f,0.7136799697535464f,-0.49520896078848486f,0f,0f,0f,1f],start_interpolation:0}
execute if entity @s[tag=aj.tutankhamen.bone.right_hand] run data modify entity @s {} merge value {transformation:[0.3648098572280989f,0.04452954745809429f,0.9300166060196942f,0.003327044214838412f,0.24337002372359098f,0.9595699251009051f,-0.14140930094807155f,0.8443114277297542f,-0.8987128571584989f,0.2779256703599378f,0.3392234103551616f,-0.3588112047047165f,0f,0f,0f,1f],start_interpolation:0}
execute if entity @s[tag=aj.tutankhamen.bone.right_arm] run data modify entity @s {} merge value {transformation:[0.3648098572280989f,0.04452954745809429f,0.9300166060196942f,-0.020185000777279583f,0.24337002372359098f,0.9595699251009051f,-0.14140930094807155f,1.1387144600025125f,-0.8987128571584989f,0.2779256703599378f,0.3392234103551616f,-0.24710261349881887f,0f,0f,0f,1f],start_interpolation:0}