execute if entity @s[tag=aj.tutankhamen.bone.left_hand] run data modify entity @s {} merge value {transformation:[0.3195897813555798f,0.512915502216959f,0.7967308574660686f,0.2480226545108398f,-0.18542185086807061f,0.8584238671888147f,-0.4782543271746311f,0.9374840488781355f,-0.9292368421848928f,0.0051138856190369175f,0.36944923778527916f,0.44514581204956705f,0f,0f,0f,1f],start_interpolation:0}
execute if entity @s[tag=aj.tutankhamen.bone.cape_left_back] run data modify entity @s {} merge value {transformation:[-0.03551432224006346f,-0.6413400737416992f,0.7664343694856203f,0.207561671100283f,-0.4246015777473111f,0.7039394300586294f,0.5693705111640628f,1.0502997676217622f,-0.9046834988493615f,-0.3052084347158899f,-0.2973139389398911f,0.3466750004723229f,0f,0f,0f,1f],start_interpolation:0}
execute if entity @s[tag=aj.tutankhamen.bone.cape_left_side] run data modify entity @s {} merge value {transformation:[-0.03551432224006346f,-0.6413400737416992f,0.7664343694856203f,0.1173064877645904f,-0.4246015777473111f,0.7039394300586294f,0.5693705111640628f,1.0454724502492718f,-0.9046834988493615f,-0.3052084347158899f,-0.2973139389398911f,0.525196039535022f,0f,0f,0f,1f],start_interpolation:0}
execute if entity @s[tag=aj.tutankhamen.bone.left_arm] run data modify entity @s {} merge value {transformation:[0.020517290958922678f,-0.6419948582682623f,0.7664343694856203f,0.028541423906104757f,-0.4843382044293844f,0.6642542621217373f,0.5693705111640628f,1.1124087729311458f,-0.8746402371843102f,-0.3828953867706164f,-0.2973139389398911f,0.3004595951955703f,0f,0f,0f,1f],start_interpolation:0}
execute if entity @s[tag=aj.tutankhamen.bone.cape_right_back] run data modify entity @s {} merge value {transformation:[0.36482598360801904f,0.04456830214734522f,0.9300084236866588f,0.055611078013936374f,0.24339151524161146f,0.9595566260724201f,-0.141462545109673f,0.947812206881532f,-0.8987004907046805f,0.2779653715918888f,0.3392236433430746f,-0.27479160433491484f,0f,0f,0f,1f],start_interpolation:0}
execute if entity @s[tag=aj.tutankhamen.bone.cape_right] run data modify entity @s {} merge value {transformation:[0.36482598360801904f,0.04456830214734522f,0.9300084236866588f,-0.11988696796897537f,0.24339151524161146f,0.9595566260724201f,-0.141462545109673f,1.021207767415452f,-0.8987004907046805f,0.2779653715918888f,0.3392236433430746f,-0.5000194668432898f,0f,0f,0f,1f],start_interpolation:0}
execute if entity @s[tag=aj.tutankhamen.bone.weapon] run data modify entity @s {} merge value {transformation:[0.5966424940256145f,-1.023935543137386f,1.1270143794264342f,-0.06214998619928807f,0.39804654055138544f,1.273234220614607f,0.9460556244862667f,0.5286330307960049f,-1.4697497608399464f,-0.07083993624341665f,0.7137261502530646f,-0.4952342912551831f,0f,0f,0f,1f],start_interpolation:0}
execute if entity @s[tag=aj.tutankhamen.bone.right_hand] run data modify entity @s {} merge value {transformation:[0.36482598360801904f,0.04456830214734522f,0.9300084236866588f,0.0033153257528526145f,0.24339151524161146f,0.9595566260724201f,-0.141462545109673f,0.8443150225431345f,-0.8987004907046805f,0.2779653715918888f,0.3392236433430746f,-0.3588231438273643f,0f,0f,0f,1f],start_interpolation:0}
execute if entity @s[tag=aj.tutankhamen.bone.right_arm] run data modify entity @s {} merge value {transformation:[0.36482598360801904f,0.04456830214734522f,0.9300084236866588f,-0.020185000777279583f,0.24339151524161146f,0.9595566260724201f,-0.141462545109673f,1.1387144600025125f,-0.8987004907046805f,0.2779653715918888f,0.3392236433430746f,-0.24710261349881887f,0f,0f,0f,1f],start_interpolation:0}