execute if entity @s[tag=aj.tutankhamen.bone.head] run data modify entity @s {} merge value {transformation:[-0.8224993384606702f,0.08119988080004653f,0.5629399768979085f,0.18318499998570562f,0.16910044514655576f,0.9799119726966634f,0.10572400492305595f,1.5024350574939074f,-0.5430468466743881f,0.18215132479285429f,-0.8197078852818314f,-0.07234293894005814f,0f,0f,0f,1f],start_interpolation:0}
execute if entity @s[tag=aj.tutankhamen.bone.back_cape] run data modify entity @s {} merge value {transformation:[-0.4243865367540541f,-0.006109065614888276f,0.9054605163888776f,0.3184021990752781f,0.018597506902629422f,0.9997074940434109f,0.015461535837373475f,1.4577675711729647f,-0.905290119331315f,0.02340097585052217f,-0.4241487877742159f,-0.13664836045441653f,0f,0f,0f,1f],start_interpolation:0}
execute if entity @s[tag=aj.tutankhamen.bone.left_hand] run data modify entity @s {} merge value {transformation:[-0.3389674178382308f,0.156128411162137f,0.9277526657854822f,0.4924227367123104f,-0.4612540717656576f,0.8319002466932948f,-0.3085233554064208f,1.1361911460139857f,-0.8199669328233206f,-0.5325090598098984f,-0.20997221315377507f,0.268851338249775f,0f,0f,0f,1f],start_interpolation:0}
execute if entity @s[tag=aj.tutankhamen.bone.cape_left_back] run data modify entity @s {} merge value {transformation:[-0.48618993794251597f,-0.4661095666489542f,0.7391625099541889f,0.45477891437811196f,-0.43760417624133224f,0.8620291200709223f,0.2557506228455689f,1.2502597662128592f,-0.7563874200299721f,-0.19911722182693142f,-0.6230813773435435f,0.17070720529793684f,0f,0f,0f,1f],start_interpolation:0}
execute if entity @s[tag=aj.tutankhamen.bone.cape_left_side] run data modify entity @s {} merge value {transformation:[-0.48618993794251597f,-0.4661095666489542f,0.7391625099541889f,0.4383507784373565f,-0.43760417624133224f,0.8620291200709223f,0.2557506228455689f,1.2866665908948711f,-0.7563874200299721f,-0.19911722182693142f,-0.6230813773435435f,0.3667779118455629f,0f,0f,0f,1f],start_interpolation:0}
execute if entity @s[tag=aj.tutankhamen.bone.left_arm] run data modify entity @s {} merge value {transformation:[-0.4437157129608105f,-0.506710124183347f,0.7391625099541889f,0.298589911093795f,-0.5110697484643124f,0.820609122005555f,0.2557506228455689f,1.3670089209439802f,-0.736154928174976f,-0.2642830280804442f,-0.6230813773435435f,0.1747409694829854f,0f,0f,0f,1f],start_interpolation:0}
execute if entity @s[tag=aj.tutankhamen.bone.cape_right_back] run data modify entity @s {} merge value {transformation:[0.2303507771452711f,0.35814792695081155f,0.9048030624889627f,0.07898927026621705f,0.4451360040553098f,0.7880425137830935f,-0.4252563160778383f,1.1947225927480296f,-0.8653279478684603f,0.5007185425878087f,0.022101668409871267f,-0.42068216497207966f,0f,0f,0f,1f],start_interpolation:0}
execute if entity @s[tag=aj.tutankhamen.bone.cape_right] run data modify entity @s {} merge value {transformation:[0.2303507771452711f,0.35814792695081155f,0.9048030624889627f,-0.11121918642707501f,0.4451360040553098f,0.7880425137830935f,-0.4252563160778383f,1.3705891724011314f,-0.8653279478684603f,0.5007185425878087f,0.022101668409871267f,-0.5614150739289944f,0f,0f,0f,1f],start_interpolation:0}
execute if entity @s[tag=aj.tutankhamen.bone.weapon] run data modify entity @s {} merge value {transformation:[0.3767195001229955f,-0.6321597694748754f,1.4604944771191923f,-0.1897555682672537f,0.7279828399654545f,1.4030760139735188f,0.4195311160559199f,0.9021325541373726f,-1.4151717480765447f,0.5534793568695825f,0.604596723921261f,-0.7041272375918608f,0f,0f,0f,1f],start_interpolation:0}
execute if entity @s[tag=aj.tutankhamen.bone.right_hand] run data modify entity @s {} merge value {transformation:[0.2303507771452711f,0.35814792695081155f,0.9048030624889627f,-0.015130950222404849f,0.4451360040553098f,0.7880425137830935f,-0.4252563160778383f,1.1367062984067362f,-0.8653279478684603f,0.5007185425878087f,0.022101668409871267f,-0.5116948354420621f,0f,0f,0f,1f],start_interpolation:0}
execute if entity @s[tag=aj.tutankhamen.bone.right_arm] run data modify entity @s {} merge value {transformation:[0.2303507771452711f,0.35814792695081155f,0.9048030624889627f,0.06502665865851759f,0.4451360040553098f,0.7880425137830935f,-0.4252563160778383f,1.3772441518553766f,-0.8653279478684603f,0.5007185425878087f,0.022101668409871267f,-0.3234899741416005f,0f,0f,0f,1f],start_interpolation:0}
execute if entity @s[tag=aj.tutankhamen.bone.body] run data modify entity @s {} merge value {transformation:[-0.4243865367540541f,0.26645090907011726f,0.8653900741732643f,-0.19983818180258794f,0.018597506902629422f,0.9580873563547744f,-0.28587191245403293f,0.12518448273391924f,-0.905290119331315f,-0.10522609300372093f,-0.41155469769189346f,0.0789195697527907f,0f,0f,0f,1f],start_interpolation:0}
execute if entity @s[tag=aj.tutankhamen.bone.left_foot] run data modify entity @s {} merge value {transformation:[-0.726076437410803f,-0.14273432175467105f,0.6726365440786504f,0.03044773592783513f,-0.17364817766693033f,0.9845733954354956f,0.021483467913105847f,0.3886198752230373f,-0.6653264743190296f,-0.1012034702658623f,-0.7396610981904863f,0.25498436546280967f,0f,0f,0f,1f],start_interpolation:0}
execute if entity @s[tag=aj.tutankhamen.bone.left_leg] run data modify entity @s {} merge value {transformation:[-0.726076437410803f,0.14025577843931789f,0.6731577256863484f,0.06911975032594911f,-0.17364817766693033f,0.9098437264664097f,-0.3768696111424632f,0.78125f,-0.6653264743190296f,-0.39052875697456413f,-0.6362609311800556f,0.06333658196396816f,0f,0f,0f,1f],start_interpolation:0}
execute if entity @s[tag=aj.tutankhamen.bone.right_foot] run data modify entity @s {} merge value {transformation:[-0.6813840769311773f,-0.38044784669826565f,0.6252800777629975f,-0.09512502216323282f,-0.24383266670175233f,0.9234848624585886f,0.2961778848242277f,0.3552826690061429f,-0.690116925132082f,0.049347185861954135f,-0.7220134935676383f,-0.16462019990210652f,0f,0f,0f,1f],start_interpolation:0}
execute if entity @s[tag=aj.tutankhamen.bone.right_leg] run data modify entity @s {} merge value {transformation:[-0.7309698269877654f,0.007228490843236679f,0.6823714977588128f,-0.06911975032594911f,0.13052619222005157f,0.9829629131445341f,0.12940952255126037f,0.78125f,-0.6698104397350122f,0.18366180959181538f,-0.7194597379419152f,-0.06333658196396816f,0f,0f,0f,1f],start_interpolation:0}