execute if entity @s[tag=aj.tutankhamen.bone.head] run data modify entity @s {} merge value {transformation:[-0.6885323768810703f,-0.07450470850794105f,0.7213682931739169f,0.2310147268908169f,-0.02985339811155387f,0.996777410626157f,0.07445514278145321f,1.4820675680089064f,-0.7245908780875568f,0.029729481589160445f,-0.6885377384840593f,-0.2442264346897829f,0f,0f,0f,1f],start_interpolation:0}
execute if entity @s[tag=aj.tutankhamen.bone.back_cape] run data modify entity @s {} merge value {transformation:[-0.6885323768810703f,0.1272175264449466f,0.7139599897415351f,0.3314304606989339f,-0.02985339811155387f,0.9786865628947627f,-0.20317821298167948f,1.4058064381491064f,-0.7245908780875568f,-0.161208909724199f,-0.670059509907768f,-0.33650310008404233f,0f,0f,0f,1f],start_interpolation:0}
execute if entity @s[tag=aj.tutankhamen.bone.left_hand] run data modify entity @s {} merge value {transformation:[0.12912656328978367f,0.800789272810983f,-0.5848614119634035f,0.38996276931806223f,-0.5629383918520784f,-0.4263506064716258f,-0.7080434501782165f,1.0903445082882453f,-0.8163496172792422f,0.42066816008836866f,0.3957418368784139f,0.13616017139408354f,0f,0f,0f,1f],start_interpolation:0}
execute if entity @s[tag=aj.tutankhamen.bone.cape_left_back] run data modify entity @s {} merge value {transformation:[-0.3405915154960906f,0.18749347417500692f,0.9213270953976455f,0.45841980015260475f,-0.27117266043937044f,0.9186842535531436f,-0.2872013762218719f,1.185244131961064f,-0.9002570787293539f,-0.3476570715738274f,-0.26205295797300293f,0.034333482049160535f,0f,0f,0f,1f],start_interpolation:0}
execute if entity @s[tag=aj.tutankhamen.bone.cape_left_side] run data modify entity @s {} merge value {transformation:[-0.3405915154960906f,0.18749347417500692f,0.9213270953976455f,0.39647133752416325f,-0.27117266043937044f,0.9186842535531436f,-0.2872013762218719f,1.2635150321824498f,-0.9002570787293539f,-0.3476570715738274f,-0.26205295797300293f,0.20775527034724744f,0f,0f,0f,1f],start_interpolation:0}
execute if entity @s[tag=aj.tutankhamen.bone.left_arm] run data modify entity @s {} merge value {transformation:[-0.35563659495429967f,0.1570954983933312f,0.9213270953976455f,0.4021924371320089f,-0.35020937506613625f,0.8915541279765627f,-0.2872013762218719f,1.363237916116456f,-0.8665310184552528f,-0.4247967058164432f,-0.26205295797300293f,-0.02222036468714983f,0f,0f,0f,1f],start_interpolation:0}
execute if entity @s[tag=aj.tutankhamen.bone.cape_right_back] run data modify entity @s {} merge value {transformation:[-0.9014845021848342f,0.4302396897745597f,0.04711158735653147f,-0.07233684450341946f,0.3784680359768027f,0.8364178048836782f,-0.396443188133471f,1.153868289006137f,-0.20997056475711778f,-0.3395571601604946f,-0.9168496588423412f,-0.45962550924487566f,0f,0f,0f,1f],start_interpolation:0}
execute if entity @s[tag=aj.tutankhamen.bone.cape_right] run data modify entity @s {} merge value {transformation:[-0.9014845021848342f,0.4302396897745597f,0.04711158735653147f,-0.22497169480893267f,0.3784680359768027f,0.8364178048836782f,-0.396443188133471f,1.31211471666088f,-0.20997056475711778f,-0.3395571601604946f,-0.9168496588423412f,-0.26322099527759f,0f,0f,0f,1f],start_interpolation:0}
execute if entity @s[tag=aj.tutankhamen.bone.weapon] run data modify entity @s {} merge value {transformation:[-0.000014414773210632936f,0.0000017116379055167913f,-0.000007532819945248146f,-0.052198205604716844f,0.00000767795515853509f,0.000001420292415399336f,-0.000014369778752625066f,1.3320485046645276f,-8.497559830060484e-7f,-0.00001620221690066728f,-0.0000020554439019803536f,-0.12651737357367912f,0f,0f,0f,1f],start_interpolation:0}
execute if entity @s[tag=aj.tutankhamen.bone.right_hand] run data modify entity @s {} merge value {transformation:[-0.8814128842170457f,-0.25169104477852f,-0.39970357205619994f,-0.14441756865859773f,0.46948006064927933f,-0.5598982686533418f,-0.6827169262672046f,1.086643790596538f,-0.05195960150865009f,-0.7894083523356513f,0.6116654748093722f,-0.3585107862304718f,0f,0f,0f,1f],start_interpolation:0}
execute if entity @s[tag=aj.tutankhamen.bone.right_arm] run data modify entity @s {} merge value {transformation:[-0.8875271673477343f,0.44138460646282746f,0.13219363221184854f,0.023255200853627533f,0.35924171060865634f,0.8425495221540866f,-0.40131745050132905f,1.346807949198772f,-0.2885150266081005f,-0.30869067348330304f,-0.9063493518096385f,-0.4210025773970271f,0f,0f,0f,1f],start_interpolation:0}
execute if entity @s[tag=aj.tutankhamen.bone.body] run data modify entity @s {} merge value {transformation:[-0.6885323768810703f,0.3360214209320973f,0.6426606963719486f,-0.252016065699073f,-0.02985339811155387f,0.8722930975257506f,-0.4880712311027198f,0.22814624031564001f,-0.7245908780875568f,-0.355238450457866f,-0.5905706585232604f,0.2664288378433995f,0f,0f,0f,1f],start_interpolation:0}
execute if entity @s[tag=aj.tutankhamen.bone.left_foot] run data modify entity @s {} merge value {transformation:[-0.8325398340190086f,0.5489529816901045f,0.07435084844939663f,-0.13809859860231288f,0.04295215311816634f,0.19777931130260612f,-0.9793050886027195f,1.0649242101065883f,-0.5522975079738409f,-0.8121169668922147f,-0.18823786752849286f,0.4322223719584524f,0f,0f,0f,1f],start_interpolation:0}
execute if entity @s[tag=aj.tutankhamen.bone.left_leg] run data modify entity @s {} merge value {transformation:[-0.8325398340190086f,0.4535779424353369f,-0.3180321916217408f,0.034324881400053f,0.04295215311816634f,-0.5195192240575378f,-0.8533785141290865f,0.8389768043663582f,-0.5522975079738409f,-0.7241317738994609f,0.4130382993320412f,0.09815542375325577f,0f,0f,0f,1f],start_interpolation:0}
execute if entity @s[tag=aj.tutankhamen.bone.right_foot] run data modify entity @s {} merge value {transformation:[-0.9945357635439314f,0.09217378426009062f,-0.049016410795401935f,-0.4238873257077391f,0.07248892829399019f,0.2718367855156977f,-0.9596093566213708f,0.8796517291534781f,-0.07512636226304353f,-0.9579189712787125f,-0.2770329838799977f,0.26442308823125316f,0f,0f,0f,1f],start_interpolation:0}
execute if entity @s[tag=aj.tutankhamen.bone.right_leg] run data modify entity @s {} merge value {transformation:[-0.7245908780875565f,0.6850467486311752f,-0.07535921696885567f,-0.10153590824136385f,0.029853398111553867f,-0.078044557600497f,-0.9965027956057804f,0.8445743165122747f,-0.6885323768810706f,-0.7243065643902435f,0.036099401209786997f,-0.030944396911944963f,0f,0f,0f,1f],start_interpolation:0}