execute if entity @s[tag=aj.tutankhamen.bone.head] run data modify entity @s {} merge value {transformation:[-0.7068579781843068f,0.699587451223676f,0.10454279873599454f,0.48268297791670045f,-0.004349858658402649f,0.1434920013197657f,-0.9896419172038442f,0.8431065541607528f,-0.7073421218949468f,-0.6999910311194057f,-0.09838535940649432f,-0.4828495307234105f,0f,0f,0f,1f],start_interpolation:0}
execute if entity @s[tag=aj.tutankhamen.bone.back_cape] run data modify entity @s {} merge value {transformation:[-0.7068579781843068f,0.6436707192071384f,0.2933254232291485f,0.4961507763514448f,-0.004349858658402649f,0.4107156458059549f,-0.911753111878347f,0.6879410894206249f,-0.7073421218949468f,-0.6457558853975414f,-0.2875177543519557f,-0.4953539082489522f,0f,0f,0f,1f],start_interpolation:0}
execute if entity @s[tag=aj.tutankhamen.bone.left_hand] run data modify entity @s {} merge value {transformation:[-0.4054542978159247f,0.4599766460425881f,-0.7899546173534319f,0.45525111756399295f,-0.8548114927995668f,-0.49697965162268687f,0.1493604286642512f,0.7267472435196926f,-0.32388906150157604f,0.7358211134293471f,0.5946958591340817f,0.0731301538524734f,0f,0f,0f,1f],start_interpolation:0}
execute if entity @s[tag=aj.tutankhamen.bone.cape_left_back] run data modify entity @s {} merge value {transformation:[-0.6161074158697918f,0.6155737208475336f,0.49140680328234204f,0.5430657219834029f,-0.4496003764365701f,0.2374176017257299f,-0.861099520322069f,0.6859173046827005f,-0.6467388604516835f,-0.7514664840115794f,0.1304874315362683f,-0.048041169702655095f,0f,0f,0f,1f],start_interpolation:0}
execute if entity @s[tag=aj.tutankhamen.bone.cape_left_side] run data modify entity @s {} merge value {transformation:[-0.6161074158697918f,0.6155737208475336f,0.49140680328234204f,0.5779066553027651f,-0.4496003764365701f,0.2374176017257299f,-0.861099520322069f,0.8638048035411733f,-0.6467388604516835f,-0.7514664840115794f,0.1304874315362683f,0.03670084830088691f,0f,0f,0f,1f],start_interpolation:0}
execute if entity @s[tag=aj.tutankhamen.bone.left_arm] run data modify entity @s {} merge value {transformation:[-0.6674137260008991f,0.5595339775504491f,0.49140680328234204f,0.5926140798202995f,-0.46858181868593773f,0.1973289013248738f,-0.861099520322069f,0.7929712570992559f,-0.5787832042678639f,-0.8049739329124215f,0.1304874315362683f,-0.2033668038991424f,0f,0f,0f,1f],start_interpolation:0}
execute if entity @s[tag=aj.tutankhamen.bone.cape_right_back] run data modify entity @s {} merge value {transformation:[-0.5219974441999294f,0.7574902105430438f,-0.39208066667485253f,0.006921758206325818f,0.6442762782190593f,0.04893056572343614f,-0.7632259672352495f,0.7130408926543909f,-0.5589514697833246f,-0.6510102769307408f,-0.5135746038869341f,-0.5364022098449065f,0f,0f,0f,1f],start_interpolation:0}
execute if entity @s[tag=aj.tutankhamen.bone.cape_right] run data modify entity @s {} merge value {transformation:[-0.5219974441999294f,0.7574902105430438f,-0.39208066667485253f,0.02337982421879997f,0.6442762782190593f,0.04893056572343614f,-0.7632259672352495f,1.0045155529349312f,-0.5589514697833246f,-0.6510102769307408f,-0.5135746038869341f,-0.4953447260268174f,0f,0f,0f,1f],start_interpolation:0}
execute if entity @s[tag=aj.tutankhamen.bone.weapon] run data modify entity @s {} merge value {transformation:[-0.000006853604500702359f,-0.0000012610929125531328f,-0.000014795151819936556f,0.19855181675467237f,0.00001263103996087784f,-0.000009062148652087737f,-0.000005078686707730938f,0.9881963425271137f,-0.000007806644747634593f,-0.00001355528951496367f,0.0000047717073790056f,-0.36123890562510147f,0f,0f,0f,1f],start_interpolation:0}
execute if entity @s[tag=aj.tutankhamen.bone.right_hand] run data modify entity @s {} merge value {transformation:[-0.4190739057754308f,-0.6942254999684632f,-0.5851734928135957f,-0.06749430047149901f,0.7723438447415748f,-0.6114087485087569f,0.1722333525678415f,0.7718941481589967f,-0.47734897819931266f,-0.3797766415151064f,0.7924062440261175f,-0.431819726996177f,0f,0f,0f,1f],start_interpolation:0}
execute if entity @s[tag=aj.tutankhamen.bone.right_arm] run data modify entity @s {} merge value {transformation:[-0.5391514924965549f,0.7763273799741833f,-0.3265447400298423f,0.20359125723667504f,0.5816372323515286f,0.06280364342854458f,-0.8110202416182684f,0.7905772906373107f,-0.6091090198652382f,-0.6271933525433128f,-0.48540158677561873f,-0.5926560773946357f,0f,0f,0f,1f],start_interpolation:0}
execute if entity @s[tag=aj.tutankhamen.bone.body] run data modify entity @s {} merge value {transformation:[-0.7068579781843068f,0.7020843315152007f,0.08619390998236365f,-0.5265632486364005f,-0.004349858658402649f,0.11753702488475684f,-0.9930589743368176f,0.6741470808889147f,-0.7073421218949468f,-0.7023265901431426f,-0.08002801616346757f,0.5267449426073569f,0f,0f,0f,1f],start_interpolation:0}
execute if entity @s[tag=aj.tutankhamen.bone.left_foot] run data modify entity @s {} merge value {transformation:[-0.819332431604816f,0.5732057109464607f,-0.011383297365095767f,-0.2016442785447018f,0.005798977893134979f,-0.011568366197601224f,-0.9999162688740058f,0.7980764737563419f,-0.5732894019393123f,-0.8193298394675252f,0.00615433036037831f,0.48524389025091935f,0f,0f,0f,1f],start_interpolation:0}
execute if entity @s[tag=aj.tutankhamen.bone.left_leg] run data modify entity @s {} merge value {transformation:[-0.819332431604816f,0.5702944069135641f,-0.05881033891796309f,0.022255385992332025f,0.005798977893134979f,-0.09432990856053812f,-0.9955241032774421f,0.756988356820267f,-0.5732894019393123f,-0.8160062241147836f,0.07398042869569534f,0.11032587339009797f,0f,0f,0f,1f],start_interpolation:0}
execute if entity @s[tag=aj.tutankhamen.bone.right_foot] run data modify entity @s {} merge value {transformation:[-0.7590267379120951f,0.6509144801740385f,0.013738654748006104f,-0.44170547492146417f,0.005000595830641943f,0.02692993733851119f,-0.999624815876578f,0.7617573858250791f,-0.6510402485068509f,-0.7586732616711259f,-0.02369550272589005f,0.2651657532740617f,0f,0f,0f,1f],start_interpolation:0}
execute if entity @s[tag=aj.tutankhamen.bone.right_leg] run data modify entity @s {} merge value {transformation:[-0.7073421218949466f,0.7068109068554894f,-0.009244703525538543f,-0.11037126186297046f,0.004349858658402426f,-0.008725708396083803f,-0.9999524692417328f,0.7578039553187174f,-0.7068579781843071f,-0.7073487145412134f,0.0030975335488838338f,-0.02220999751945959f,0f,0f,0f,1f],start_interpolation:0}