execute if entity @s[tag=aj.tutankhamen.bone.head] run data modify entity @s {} merge value {transformation:[-0.666114656338983f,-0.35539805363121046f,0.6557312620925939f,0.1209470097455189f,-0.06382277187561951f,0.9031096322669652f,0.4246406079224404f,1.5614084284563519f,-0.7431136645228047f,0.2410087458615853f,-0.6242570512358787f,-0.1647909156630905f,0f,0f,0f,1f],start_interpolation:0}
execute if entity @s[tag=aj.tutankhamen.bone.back_cape] run data modify entity @s {} merge value {transformation:[-0.5922069770150409f,-0.06867850911751425f,0.8028537592613629f,0.24381376992871295f,-0.09185582239469013f,0.9956200568005297f,0.017412937394510275f,1.517223786014597f,-0.8005331999779286f,-0.06343472930426611f,-0.5959216650292153f,-0.25061363476694887f,0f,0f,0f,1f],start_interpolation:0}
execute if entity @s[tag=aj.tutankhamen.bone.left_hand] run data modify entity @s {} merge value {transformation:[0.23482221811830029f,0.9540581172565896f,-0.1860957677509431f,0.37021315939873695f,-0.41341576183145784f,-0.0752462413037612f,-0.9074279095547874f,1.1831611057648213f,-0.8797419699817196f,0.2900191581024739f,0.37675317408910525f,0.20114912708645638f,0f,0f,0f,1f],start_interpolation:0}
execute if entity @s[tag=aj.tutankhamen.bone.cape_left_back] run data modify entity @s {} merge value {transformation:[-0.28232840239175483f,-0.11920744695612875f,0.9518824810832066f,0.40153001106308867f,-0.2991408225193537f,0.9537146111461677f,0.030711704426138964f,1.3014820594257992f,-0.9114852941794311f,-0.27607612188763414f,-0.30492053623545956f,0.10585807276622489f,0f,0f,0f,1f],start_interpolation:0}
execute if entity @s[tag=aj.tutankhamen.bone.cape_left_side] run data modify entity @s {} merge value {transformation:[-0.28232840239175483f,-0.11920744695612875f,0.9518824810832066f,0.32665851380139954f,-0.2991408225193537f,0.9537146111461677f,0.030711704426138964f,1.3443838498911809f,-0.9114852941794311f,-0.27607612188763414f,-0.30492053623545956f,0.28639271701119345f,0f,0f,0f,1f],start_interpolation:0}
execute if entity @s[tag=aj.tutankhamen.bone.left_arm] run data modify entity @s {} merge value {transformation:[-0.2708644440028656f,-0.14336036823996157f,0.9518824810832066f,0.29093194503741787f,-0.3811242066803222f,0.9240135985436234f,0.030711704426138964f,1.4569045123036766f,-0.8839551979921345f,-0.35446674671196765f,-0.30492053623545956f,0.06519396004154372f,0f,0f,0f,1f],start_interpolation:0}
execute if entity @s[tag=aj.tutankhamen.bone.cape_right_back] run data modify entity @s {} merge value {transformation:[-0.8514641534988303f,0.3016452707512981f,0.4289742718857349f,-0.06326253594101802f,0.16993936194505763f,0.9325793500319354f,-0.31845936813935916f,1.200180770268085f,-0.4961143099813058f,-0.1982571222614444f,-0.8453192916906508f,-0.43441040177032497f,0f,0f,0f,1f],start_interpolation:0}
execute if entity @s[tag=aj.tutankhamen.bone.cape_right] run data modify entity @s {} merge value {transformation:[-0.8514641534988303f,0.3016452707512981f,0.4289742718857349f,-0.303547377896644f,0.16993936194505763f,0.9325793500319354f,-0.31845936813935916f,1.3063486376068398f,-0.4961143099813058f,-0.1982571222614444f,-0.8453192916906508f,-0.3005984397822413f,0f,0f,0f,1f],start_interpolation:0}
execute if entity @s[tag=aj.tutankhamen.bone.weapon] run data modify entity @s {} merge value {transformation:[-0.293145767597309f,0.14503981768422522f,0.003537961327639101f,-0.2579252524716435f,0.07795386512362194f,0.1641889912437581f,-0.2719350602829469f,1.2556028866106506f,-0.12236118991133313f,-0.2428763746948815f,-0.18172042472710337f,-0.06395301269720649f,0f,0f,0f,1f],start_interpolation:0}
execute if entity @s[tag=aj.tutankhamen.bone.right_hand] run data modify entity @s {} merge value {transformation:[-0.8962418372401795f,0.32120363334397595f,-0.3059065136720308f,-0.1470253704245248f,0.2383302882760414f,-0.23293139178742706f,-0.9428370168858621f,1.1113919320723178f,-0.3740979054614003f,-0.917916767820809f,0.13221030399629397f,-0.3630403659538731f,0f,0f,0f,1f],start_interpolation:0}
execute if entity @s[tag=aj.tutankhamen.bone.right_arm] run data modify entity @s {} merge value {transformation:[-0.818137540360528f,0.3009400918017345f,0.4899857408121068f,-0.034992125797694965f,0.1611165800792932f,0.9379545028950989f,-0.3070550408678562f,1.406351201169647f,-0.5519895041360645f,-0.17226842904366368f,-0.8158622283685217f,-0.37538348923230924f,0f,0f,0f,1f],start_interpolation:0}
execute if entity @s[tag=aj.tutankhamen.bone.body] run data modify entity @s {} merge value {transformation:[-0.5922069770150409f,0.1759229232662093f,0.7863472651724417f,-0.131942192449657f,-0.09185582239469013f,0.9547758959365118f,-0.2827817116272309f,0.18891807804761618f,-0.8005331999779286f,-0.23969587732813166f,-0.5492654022646931f,0.17977190799609874f,0f,0f,0f,1f],start_interpolation:0}
execute if entity @s[tag=aj.tutankhamen.bone.left_foot] run data modify entity @s {} merge value {transformation:[-0.835912315131097f,0.47273574851347505f,0.27887544440049583f,-0.1462547159128342f,-0.016822419401522487f,0.4857911039280572f,-0.8739130446159038f,1.057459151638716f,-0.5486051472759336f,-0.735206036034637f,-0.3981262073270073f,0.42827382417234705f,0f,0f,0f,1f],start_interpolation:0}
execute if entity @s[tag=aj.tutankhamen.bone.left_leg] run data modify entity @s {} merge value {transformation:[-0.835912315131097f,0.4913549692288819f,-0.2445831057662284f,0.042590823276954855f,-0.016822419401522487f,-0.4683443514006729f,-0.8833858583408284f,0.8520327972946241f,-0.5486051472759336f,-0.7343186384160267f,0.399760590425299f,0.08986550901296242f,0f,0f,0f,1f],start_interpolation:0}
execute if entity @s[tag=aj.tutankhamen.bone.right_foot] run data modify entity @s {} merge value {transformation:[-0.974106900955725f,-0.2170118379225227f,0.06341614709143009f,-0.4087430205589865f,-0.17607185924094837f,0.5522034295921814f,-0.8149049470521503f,0.7516431367506797f,0.14182540637653335f,-0.8049703314707451f,-0.5761148492774768f,0.2494822060222219f,0f,0f,0f,1f],start_interpolation:0}
execute if entity @s[tag=aj.tutankhamen.bone.right_leg] run data modify entity @s {} merge value {transformation:[-0.7313867401391541f,0.6659268444125745f,0.14701997904819708f,-0.09454419049913654f,0.02563883260737712f,0.24228149754699008f,-0.9698671693633714f,0.8568400784085074f,-0.6814808042866303f,-0.7055785667359082f,-0.19427506157957838f,-0.03791214179078076f,0f,0f,0f,1f],start_interpolation:0}