execute if entity @s[tag=aj.tutankhamen.bone.left_hand] run data modify entity @s {} merge value {transformation:[0.31959073245992103f,0.5129157290392329f,0.7967303299296964f,0.24802245126214414f,-0.18542170158970428f,0.8584237270701385f,-0.4782546365510649f,0.9374839527640523f,-0.9292365448610541f,0.005114656114017568f,0.3694499749458993f,0.44514600416531414f,0f,0f,0f,1f],start_interpolation:0}
execute if entity @s[tag=aj.tutankhamen.bone.cape_left_back] run data modify entity @s {} merge value {transformation:[-0.03551346232684748f,-0.6413395543455778f,0.7664348439530753f,0.207561604491419f,-0.4246013385895942f,0.7039396810785398f,0.5693703791654153f,1.0502997074435132f,-0.9046836448513285f,-0.30520894717366875f,-0.29731296860994166f,0.3466751776146488f,0f,0f,0f,1f],start_interpolation:0}
execute if entity @s[tag=aj.tutankhamen.bone.cape_left_side] run data modify entity @s {} merge value {transformation:[-0.03551346232684748f,-0.6413395543455778f,0.7664348439530753f,0.11730622748585451f,-0.4246013385895942f,0.7039396810785398f,0.5693703791654153f,1.0454723692024603f,-0.9046836448513285f,-0.30520894717366875f,-0.29731296860994166f,0.5251961181989115f,0f,0f,0f,1f],start_interpolation:0}
execute if entity @s[tag=aj.tutankhamen.bone.left_arm] run data modify entity @s {} merge value {transformation:[0.020518102331554516f,-0.6419942659022249f,0.7664348439530753f,0.028541423906104757f,-0.4843379880595615f,0.6642545330304096f,0.5693703791654153f,1.1124087729311458f,-0.8746403379670572f,-0.3828959100032486f,-0.29731296860994166f,0.3004595951955703f,0f,0f,0f,1f],start_interpolation:0}
execute if entity @s[tag=aj.tutankhamen.bone.cape_right_back] run data modify entity @s {} merge value {transformation:[0.36482437097209275f,0.04456442670445241f,0.9300092420064008f,0.05561186696378506f,0.24338936611899784f,0.9595579561296962f,-0.14145722070079203f,0.9478124135456347f,-0.8987017273851259f,0.2779614014583745f,0.33922362018923025f,-0.2747908694845633f,0f,0f,0f,1f],start_interpolation:0}
execute if entity @s[tag=aj.tutankhamen.bone.cape_right] run data modify entity @s {} merge value {transformation:[0.36482437097209275f,0.04456442670445241f,0.9300092420064008f,-0.11988663557342566f,0.24338936611899784f,0.9595579561296962f,-0.14145722070079203f,1.0212063071769262f,-0.8987017273851259f,0.2779614014583745f,0.33922362018923025f,-0.5000189194357968f,0f,0f,0f,1f],start_interpolation:0}
execute if entity @s[tag=aj.tutankhamen.bone.weapon] run data modify entity @s {} merge value {transformation:[0.5966398566939434f,-1.0239409710712188f,1.1270108441257654f,-0.06214756859683469f,0.3980430258404444f,1.2732296014896314f,0.9460633198055243f,0.5286318342725105f,-1.469751783327758f,-0.07084450058681355f,0.7137215323587982f,-0.495231758209165f,0f,0f,0f,1f],start_interpolation:0}
execute if entity @s[tag=aj.tutankhamen.bone.right_hand] run data modify entity @s {} merge value {transformation:[0.36482437097209275f,0.04456442670445241f,0.9300092420064008f,0.00331649759320635f,0.24338936611899784f,0.9595579561296962f,-0.14145722070079203f,0.8443146630144409f,-0.8987017273851259f,0.2779614014583745f,0.33922362018923025f,-0.35882194990947225f,0f,0f,0f,1f],start_interpolation:0}
execute if entity @s[tag=aj.tutankhamen.bone.right_arm] run data modify entity @s {} merge value {transformation:[0.36482437097209275f,0.04456442670445241f,0.9300092420064008f,-0.020185000777279583f,0.24338936611899784f,0.9595579561296962f,-0.14145722070079203f,1.1387144600025125f,-0.8987017273851259f,0.2779614014583745f,0.33922362018923025f,-0.24710261349881887f,0f,0f,0f,1f],start_interpolation:0}