execute if entity @s[tag=aj.tutankhamen.bone.left_hand] run data modify entity @s {} merge value {transformation:[0.31958597693414764f,0.5129145949208288f,0.796732967602225f,0.24802346750309973f,-0.18542244797985039f,0.8584244276599396f,-0.47825308967309854f,0.9374844333332352f,-0.9292380314710573f,0.0051108036458962225f,0.3694462891326519f,0.44514504358287055f,0f,0f,0f,1f],start_interpolation:0}
execute if entity @s[tag=aj.tutankhamen.bone.cape_left_back] run data modify entity @s {} merge value {transformation:[-0.03551776189240747f,-0.6413421513189372f,0.7664324716057842f,0.20756193753359403f,-0.4246025343745916f,0.7039384259819568f,0.569371039155241f,1.0503000083338678f,-0.9046829148341576f,-0.30520638487364987f,-0.29731782025221687f,0.346674291901597f,0f,0f,0f,1f],start_interpolation:0}
execute if entity @s[tag=aj.tutankhamen.bone.cape_left_side] run data modify entity @s {} merge value {transformation:[-0.03551776189240747f,-0.6413421513189372f,0.7664324716057842f,0.11730752887855968f,-0.4246025343745916f,0.7039384259819568f,0.569371039155241f,1.0454727744354926f,-0.9046829148341576f,-0.30520638487364987f,-0.29731782025221687f,0.5251957248759612f,0f,0f,0f,1f],start_interpolation:0}
execute if entity @s[tag=aj.tutankhamen.bone.left_arm] run data modify entity @s {} merge value {transformation:[0.020514045468281603f,-0.6419972277251466f,0.7664324716057842f,0.028541423906104757f,-0.48433906990536113f,0.6642531784903184f,0.569371039155241f,1.1124087729311458f,-0.8746398340469834f,-0.3828932938283661f,-0.29731782025221687f,0.3004595951955703f,0f,0f,0f,1f],start_interpolation:0}
execute if entity @s[tag=aj.tutankhamen.bone.cape_right_back] run data modify entity @s {} merge value {transformation:[0.36483243414713395f,0.044583803861062324f,0.9300051502156078f,0.05560792220843806f,0.24340011166720177f,0.959551305500142f,-0.14148384272900966f,0.947811380290499f,-0.8986955439049815f,0.2779812521488666f,0.3392237356363459f,-0.2747945437685236f,0f,0f,0f,1f],start_interpolation:0}
execute if entity @s[tag=aj.tutankhamen.bone.cape_right] run data modify entity @s {} merge value {transformation:[0.36483243414713395f,0.044583803861062324f,0.9300051502156078f,-0.11988829750997422f,0.24340011166720177f,0.959551305500142f,-0.14148384272900966f,1.0212136084207517f,-0.8986955439049815f,0.2779812521488666f,0.3392237356363459f,-0.5000216564127634f,0f,0f,0f,1f],start_interpolation:0}
execute if entity @s[tag=aj.tutankhamen.bone.weapon] run data modify entity @s {} merge value {transformation:[0.596653043344792f,-1.0239138312468297f,1.1270285203400787f,-0.06215965656431941f,0.39806059928906956f,1.2732526966989401f,0.9460248428311039f,0.5286378171107536f,-1.4697416707612718f,-0.07082167847083523f,0.7137446214841477f,-0.4952444234378002f,0f,0f,0f,1f],start_interpolation:0}
execute if entity @s[tag=aj.tutankhamen.bone.right_hand] run data modify entity @s {} merge value {transformation:[0.36483243414713395f,0.044583803861062324f,0.9300051502156078f,0.0033106384044277112f,0.24340011166720177f,0.959551305500142f,-0.14148384272900966f,0.8443164607631444f,-0.8986955439049815f,0.2779812521488666f,0.3392237356363459f,-0.3588279195114342f,0f,0f,0f,1f],start_interpolation:0}
execute if entity @s[tag=aj.tutankhamen.bone.right_arm] run data modify entity @s {} merge value {transformation:[0.36483243414713395f,0.044583803861062324f,0.9300051502156078f,-0.020185000777279583f,0.24340011166720177f,0.959551305500142f,-0.14148384272900966f,1.1387144600025125f,-0.8986955439049815f,0.2779812521488666f,0.3392237356363459f,-0.24710261349881887f,0f,0f,0f,1f],start_interpolation:0}