execute if entity @s[tag=aj.tutankhamen.bone.head] run data modify entity @s {} merge value {transformation:[-0.573112431474389f,-0.6842751956970874f,0.4508986554018836f,-0.007053795544994162f,-0.039463801032717384f,0.5726351593608602f,0.8188599286030624f,1.3387024869575013f,-0.8185259612850189f,0.4515046298959459f,-0.3551884287036403f,-0.028178113824343057f,0f,0f,0f,1f],start_interpolation:0}
execute if entity @s[tag=aj.tutankhamen.bone.back_cape] run data modify entity @s {} merge value {transformation:[-0.21761498934680062f,-0.30326827438114345f,0.9277241347326669f,0.14544319849013698f,-0.04223708322064058f,0.9525388737556102f,0.3014725904380139f,1.3388721050973655f,-0.9751203747295021f,0.026420593072020354f,-0.220095904207957f,-0.062217804480043916f,0f,0f,0f,1f],start_interpolation:0}
execute if entity @s[tag=aj.tutankhamen.bone.left_hand] run data modify entity @s {} merge value {transformation:[0.317322994019339f,0.6978272577460327f,0.6421395765822682f,0.2912342954036164f,-0.23797147430335064f,0.714064795451063f,-0.6583927743492644f,1.0285207225963875f,-0.917973689647199f,0.05611226464939584f,0.392652160151226f,0.38030021856361584f,0f,0f,0f,1f],start_interpolation:0}
execute if entity @s[tag=aj.tutankhamen.bone.cape_left_back] run data modify entity @s {} merge value {transformation:[-0.09411384985699071f,-0.5650344628496937f,0.8196820353388587f,0.2619369862396075f,-0.42349171027269206f,0.7678533118900511f,0.4806829128955908f,1.1444959106521604f,-0.9009979770207068f,-0.30188962753237797f,-0.31155304234264203f,0.28154596934846454f,0f,0f,0f,1f],start_interpolation:0}
execute if entity @s[tag=aj.tutankhamen.bone.cape_left_side] run data modify entity @s {} merge value {transformation:[-0.09411384985699071f,-0.5650344628496937f,0.8196820353388587f,0.17418202086240495f,-0.42349171027269206f,0.7678533118900511f,0.4806829128955908f,1.1505811262703196f,-0.9009979770207068f,-0.30188962753237797f,-0.31155304234264203f,0.46127103355078025f,0f,0f,0f,1f],start_interpolation:0}
execute if entity @s[tag=aj.tutankhamen.bone.left_arm] run data modify entity @s {} merge value {transformation:[-0.044509719956847604f,-0.5710868986171098f,0.8196820353388587f,0.09012149165037284f,-0.4888030221784881f,0.7280216636607639f,0.4806829128955908f,1.2254768565640692f,-0.8712579929840182f,-0.37926799425802393f,-0.31155304234264203f,0.23723837012271778f,0f,0f,0f,1f],start_interpolation:0}
execute if entity @s[tag=aj.tutankhamen.bone.cape_right_back] run data modify entity @s {} merge value {transformation:[0.021114301837942294f,0.12132259764711306f,0.992388539614426f,0.03889514579166478f,0.13808468015363293f,0.9827429021766094f,-0.12308131185669022f,1.0074821840153174f,-0.9901953379837563f,0.13963243004994097f,0.00399713817414285f,-0.334414251749492f,0f,0f,0f,1f],start_interpolation:0}
execute if entity @s[tag=aj.tutankhamen.bone.cape_right] run data modify entity @s {} merge value {transformation:[0.021114301837942294f,0.12132259764711306f,0.992388539614426f,-0.20590287944976324f,0.13808468015363293f,0.9827429021766094f,-0.12308131185669022f,1.0598282432534951f,-0.9901953379837563f,0.13963243004994097f,0.00399713817414285f,-0.4901315578529896f,0f,0f,0f,1f],start_interpolation:0}
execute if entity @s[tag=aj.tutankhamen.bone.weapon] run data modify entity @s {} merge value {transformation:[-0.018008107375924905f,-0.3681592408870701f,1.2553368442491057f,-0.25887192058825914f,0.19572719846833f,1.2405666301951312f,0.36663525599312824f,0.6313534334880433f,-1.293484705344283f,0.19284532793631273f,0.03800141635070838f,-0.43961778887205905f,0f,0f,0f,1f],start_interpolation:0}
execute if entity @s[tag=aj.tutankhamen.bone.right_hand] run data modify entity @s {} merge value {transformation:[-0.01376415850389165f,0.4794873626400955f,0.8774408339079766f,-0.03890699659420514f,0.14960040647260894f,0.8686344095232063f,-0.47232825553369273f,0.8971534868992013f,-0.9886507301994522f,0.12476430443326592f,-0.08368752604404925f,-0.380333794877764f,0f,0f,0f,1f],start_interpolation:0}
execute if entity @s[tag=aj.tutankhamen.bone.right_arm] run data modify entity @s {} merge value {transformation:[0.037495721872241566f,0.11544593927509197f,0.9926058159945323f,-0.029644005811585643f,0.13897229559135404f,0.9830495043475331f,-0.11958416726364293f,1.2022314666281735f,-0.9895861619380846f,0.14242860354213052f,0.020816363603900462f,-0.29942400371153743f,0f,0f,0f,1f],start_interpolation:0}
execute if entity @s[tag=aj.tutankhamen.bone.body] run data modify entity @s {} merge value {transformation:[-0.21761498934680062f,-0.010260066247264235f,0.9759807618248393f,0.007695049685448176f,-0.04223708322064058f,0.999107026483638f,0.0010855560951311127f,-0.0975138636127284f,-0.9751203747295021f,-0.040986347380862626f,-0.21785402019648553f,0.03073976053564697f,0f,0f,0f,1f],start_interpolation:0}
execute if entity @s[tag=aj.tutankhamen.bone.left_foot] run data modify entity @s {} merge value {transformation:[-0.7647281785838406f,0.009348746895209259f,0.6442851960206218f,-0.19525833736154344f,-0.15747215713135507f,0.9668639131817209f,-0.20093952601548415f,0.648818792003534f,-0.6248146385995124f,-0.25512109736048677f,-0.7379159119258384f,0.4204113902007627f,0f,0f,0f,1f],start_interpolation:0}
execute if entity @s[tag=aj.tutankhamen.bone.left_leg] run data modify entity @s {} merge value {transformation:[-0.7647281785838406f,0.6430325740081906f,0.041230106042097564f,0.06217065818629494f,-0.15747215713135507f,-0.12446082819683132f,-0.9796489279190563f,0.5894461747570654f,-0.6248146385995124f,-0.7556577340363557f,0.1964384289867967f,0.07028567410362233f,0f,0f,0f,1f],start_interpolation:0}
execute if entity @s[tag=aj.tutankhamen.bone.right_foot] run data modify entity @s {} merge value {transformation:[-0.36742017598635357f,-0.9233859128460853f,0.11117945059928558f,-0.1973494828013973f,-0.9251217220662424f,0.35055438366849045f,-0.14581297422381415f,0.17726314367332852f,0.09566720252702543f,-0.15642915344719732f,-0.983045119164144f,0.025427477435103152f,0f,0f,0f,1f],start_interpolation:0}
execute if entity @s[tag=aj.tutankhamen.bone.right_leg] run data modify entity @s {} merge value {transformation:[-0.7368976013479709f,0.2247400930121683f,0.6375529905196029f,-0.0759976420664496f,0.006823575527878954f,0.9455444302410522f,-0.32542152549752934f,0.5907255951685426f,-0.6759699430778133f,-0.2354519505822914f,-0.6983029536113763f,-0.05645869022346767f,0f,0f,0f,1f],start_interpolation:0}