execute if entity @s[tag=aj.tutankhamen.bone.head] run data modify entity @s {} merge value {transformation:[-0.8439259377112561f,0.16308193750026653f,0.511070732207721f,0.20486715705049513f,0.19143653630202045f,0.9815006448411034f,0.002921770898480003f,1.5162367443417155f,-0.5011397651622371f,0.10030336902446077f,-0.8595336933102046f,-0.0970606840151862f,0f,0f,0f,1f],start_interpolation:0}
execute if entity @s[tag=aj.tutankhamen.bone.back_cape] run data modify entity @s {} merge value {transformation:[-0.4634970815690056f,0.03326084384594602f,0.8854739813476566f,0.3352561909281354f,0.013805496749510059f,0.9994450356637726f,-0.03031549020780433f,1.4647599763118286f,-0.8859908936532666f,-0.0018267330663802872f,-0.4636990396903906f,-0.16607448479193518f,0f,0f,0f,1f],start_interpolation:0}
execute if entity @s[tag=aj.tutankhamen.bone.left_hand] run data modify entity @s {} merge value {transformation:[-0.4193226239062912f,0.0871566321736536f,0.9036438781668858f,0.5148188306479626f,-0.4787054537792792f,0.8245248620417888f,-0.30166179804036125f,1.1462952646810574f,-0.7713686703531052f,-0.5590728694393208f,-0.3040195734727732f,0.2394648979044795f,0f,0f,0f,1f],start_interpolation:0}
execute if entity @s[tag=aj.tutankhamen.bone.cape_left_back] run data modify entity @s {} merge value {transformation:[-0.53600325724998f,-0.4411851970347169f,0.7197611618688868f,0.47721460223598f,-0.4359409210224464f,0.8747585520041314f,0.21154902286169147f,1.2593959774976182f,-0.7229495290789759f,-0.20038237849939136f,-0.6612041143182745f,0.14019189516558334f,0f,0f,0f,1f],start_interpolation:0}
execute if entity @s[tag=aj.tutankhamen.bone.cape_left_side] run data modify entity @s {} merge value {transformation:[-0.53600325724998f,-0.4411851970347169f,0.7197611618688868f,0.47099496594767853f,-0.4359409210224464f,0.8747585520041314f,0.21154902286169147f,1.301068118549664f,-0.7229495290789759f,-0.20038237849939136f,-0.6612041143182745f,0.33580327337395766f,0f,0f,0f,1f],start_interpolation:0}
execute if entity @s[tag=aj.tutankhamen.bone.left_arm] run data modify entity @s {} merge value {transformation:[-0.4955117794955034f,-0.48622211616333316f,0.7197611618688868f,0.3259520961084996f,-0.5105222655285795f,0.8334350768511187f,0.21154902286169147f,1.3822733106477465f,-0.7027340128247431f,-0.26262906622805493f,-0.6612041143182745f,0.1480948293565374f,0f,0f,0f,1f],start_interpolation:0}
execute if entity @s[tag=aj.tutankhamen.bone.cape_right_back] run data modify entity @s {} merge value {transformation:[0.22773967819973942f,0.40026940883591494f,0.8876480379765543f,0.07540171564660039f,0.445341100362022f,0.7678553274322413f,-0.4605100438234426f,1.2080300329762164f,-0.8659133578492844f,0.5001825631547673f,-0.003385293798868372f,-0.43885543545559685f,0f,0f,0f,1f],start_interpolation:0}
execute if entity @s[tag=aj.tutankhamen.bone.cape_right] run data modify entity @s {} merge value {transformation:[0.22773967819973942f,0.40026940883591494f,0.8876480379765543f,-0.1109259691288289f,0.445341100362022f,0.7678553274322413f,-0.4605100438234426f,1.392742090863643f,-0.8659133578492844f,0.5001825631547673f,-0.003385293798868372f,-0.5733080741698304f,0f,0f,0f,1f],start_interpolation:0}
execute if entity @s[tag=aj.tutankhamen.bone.weapon] run data modify entity @s {} merge value {transformation:[0.3724492653891572f,-0.5636115748573718f,1.489366043324804f,-0.2110819040879429f,0.7283182578837235f,1.420499176614283f,0.3554184548985523f,0.9293203496770159f,-1.4161291373160172f,0.5823330280312543f,0.5745034242888855f,-0.7188944973452787f,0f,0f,0f,1f],start_interpolation:0}
execute if entity @s[tag=aj.tutankhamen.bone.right_hand] run data modify entity @s {} merge value {transformation:[0.22773967819973942f,0.40026940883591494f,0.8876480379765543f,-0.02299309788768178f,0.445341100362022f,0.7678553274322413f,-0.4605100438234426f,1.1547469041724645f,-0.8659133578492844f,0.5001825631547673f,-0.003385293798868372f,-0.5282264674203037f,0f,0f,0f,1f],start_interpolation:0}
execute if entity @s[tag=aj.tutankhamen.bone.right_arm] run data modify entity @s {} merge value {transformation:[0.22773967819973942f,0.40026940883591494f,0.8876480379765543f,0.07086415978158966f,0.445341100362022f,0.7678553274322413f,-0.4605100438234426f,1.389871234811323f,-0.8659133578492844f,0.5001825631547673f,-0.003385293798868372f,-0.33951468892000614f,0f,0f,0f,1f],start_interpolation:0}
execute if entity @s[tag=aj.tutankhamen.bone.body] run data modify entity @s {} merge value {transformation:[-0.4634970815690056f,0.29798859207344747f,0.8344898168168975f,-0.2234914440550856f,0.013805496749510059f,0.9440716281334044f,-0.32945131539127637f,0.15913377889994673f,-0.8859908936532666f,-0.14117917674936173f,-0.4416883249711936f,0.10588438256202129f,0f,0f,0f,1f],start_interpolation:0}
execute if entity @s[tag=aj.tutankhamen.bone.left_foot] run data modify entity @s {} merge value {transformation:[-0.726076437410803f,-0.1390635536947843f,0.673405030476172f,0.05960989569037323f,-0.17364817766693036f,0.9846759245877101f,0.016113160158469197f,0.3978130160149483f,-0.6653264743190296f,-0.10523617045063988f,-0.7390981200078197f,0.22687718685066938f,0f,0f,0f,1f],start_interpolation:0}
execute if entity @s[tag=aj.tutankhamen.bone.left_leg] run data modify entity @s {} merge value {transformation:[-0.726076437410803f,0.07359941326780221f,0.6836637575617648f,0.06911975032594911f,-0.17364817766693036f,0.9424022617991846f,-0.2858746007408411f,0.8046875f,-0.6653264743190296f,-0.3262837772896721f,-0.6714756728637258f,0.06333658196396816f,0f,0f,0f,1f],start_interpolation:0}
execute if entity @s[tag=aj.tutankhamen.bone.right_foot] run data modify entity @s {} merge value {transformation:[-0.7025227714263792f,-0.28658667342369415f,0.6514060440641767f,-0.09528510025609083f,-0.1402508663591156f,0.9531343444423032f,0.2680757652792556f,0.3803432567850646f,-0.6977044145717558f,0.09696906754466518f,-0.709792610433922f,-0.1711797561261606f,0f,0f,0f,1f],start_interpolation:0}
execute if entity @s[tag=aj.tutankhamen.bone.right_leg] run data modify entity @s {} merge value {transformation:[-0.7298766086242544f,0.00767247065287717f,0.6835358581502784f,-0.06911975032594911f,0.14133319782356746f,0.9800249271929643f,0.13991450701549601f,0.8046875f,-0.6688086896685188f,0.19872663453725992f,-0.7163816450394113f,-0.06333658196396816f,0f,0f,0f,1f],start_interpolation:0}