execute if entity @s[tag=aj.tutankhamen.bone.head] run data modify entity @s {} merge value {transformation:[-0.6530290561391077f,-0.42176022295948223f,0.6290241379845722f,0.09540366892748729f,-0.07339303096830066f,0.8619123009566396f,0.5017176979785714f,1.5812571048555384f,-0.7537682102897099f,0.28147024672032206f,-0.5938080374732635f,-0.14737450317634992f,0f,0f,0f,1f],start_interpolation:0}
execute if entity @s[tag=aj.tutankhamen.bone.back_cape] run data modify entity @s {} merge value {transformation:[-0.5372631959289024f,-0.11781694527321732f,0.8351451524775497f,0.22539122001757878f,-0.1083353908348016f,0.9916327521371757f,0.07019920214305406f,1.545125925084726f,-0.8364279415424455f,-0.05276032880240908f,-0.5455315264141286f,-0.22618971052854864f,0f,0f,0f,1f],start_interpolation:0}
execute if entity @s[tag=aj.tutankhamen.bone.left_hand] run data modify entity @s {} merge value {transformation:[0.25731242244336516f,0.9661543528373406f,-0.01833258710021568f,0.3647226071794579f,-0.38051464164818827f,0.08386598591315937f,-0.9209642250913792f,1.2182707167535f,-0.8882561143880059f,0.24395135355286207f,0.38921563734265413f,0.22746131627961697f,0f,0f,0f,1f],start_interpolation:0}
execute if entity @s[tag=aj.tutankhamen.bone.cape_left_back] run data modify entity @s {} merge value {transformation:[-0.25653319789682144f,-0.2191143975753138f,0.9413711272139367f,0.3829526143364166f,-0.33123661202507665f,0.9349145667326244f,0.1273462200667844f,1.3387175213517508f,-0.9080049698272469f,-0.2791480497627672f,-0.3124153342630041f,0.1314341721588027f,0f,0f,0f,1f],start_interpolation:0}
execute if entity @s[tag=aj.tutankhamen.bone.cape_left_side] run data modify entity @s {} merge value {transformation:[-0.25653319789682144f,-0.2191143975753138f,0.9413711272139367f,0.30536453560605287f,-0.33123661202507665f,0.9349145667326244f,0.1273462200667844f,1.374554964472321f,-0.9080049698272469f,-0.2791480497627672f,-0.3124153342630041f,0.31236186547718553f,0f,0f,0f,1f],start_interpolation:0}
execute if entity @s[tag=aj.tutankhamen.bone.left_arm] run data modify entity @s {} merge value {transformation:[-0.23645993356195188f,-0.2406389425422239f,0.9413711272139367f,0.2565950307662432f,-0.4114593301824408f,0.9024877616015184f,0.1273462200667844f,1.4816809106212054f,-0.8802203811692244f,-0.3572236547201781f,-0.3124153342630041f,0.09097590311800936f,0f,0f,0f,1f],start_interpolation:0}
execute if entity @s[tag=aj.tutankhamen.bone.cape_right_back] run data modify entity @s {} merge value {transformation:[-0.7607466182920797f,0.27505359128948353f,0.5878861324065423f,-0.04421161149685232f,0.11682419030845306f,0.9490000696441205f,-0.2928326764113402f,1.2150166340983841f,-0.6384486598904715f,-0.15409214689338374f,-0.754081506834539f,-0.4274977267725312f,0f,0f,0f,1f],start_interpolation:0}
execute if entity @s[tag=aj.tutankhamen.bone.cape_right] run data modify entity @s {} merge value {transformation:[-0.7607466182920797f,0.27505359128948353f,0.5878861324065423f,-0.3100498037066253f,0.11682419030845306f,0.9490000696441205f,-0.2928326764113402f,1.306478582936915f,-0.6384486598904715f,-0.15409214689338374f,-0.754081506834539f,-0.3387349531717826f,0f,0f,0f,1f],start_interpolation:0}
execute if entity @s[tag=aj.tutankhamen.bone.weapon] run data modify entity @s {} merge value {transformation:[-0.4033949354750072f,0.24617584100485265f,0.13184411994346995f,-0.32924320302938326f,0.08582512779637087f,0.329713310223504f,-0.3530383422876271f,1.197880022238433f,-0.2657432296350202f,-0.2672068094042753f,-0.31415592869805264f,-0.09159391477037276f,0f,0f,0f,1f],start_interpolation:0}
execute if entity @s[tag=aj.tutankhamen.bone.right_hand] run data modify entity @s {} merge value {transformation:[-0.8222062379108431f,0.544816260505341f,-0.16477907825168422f,-0.13427554441710288f,0.17493019678241206f,-0.03361689343986779f,-0.9840067737211564f,1.1209971937062908f,-0.5416422514853918f,-0.8378813440842501f,-0.06766479617501371f,-0.37199625230902916f,0f,0f,0f,1f],start_interpolation:0}
execute if entity @s[tag=aj.tutankhamen.bone.right_arm] run data modify entity @s {} merge value {transformation:[-0.723310122407905f,0.2702683603892854f,0.6354348748650399f,-0.0390904554292079f,0.11069241670834139f,0.9537035548199366f,-0.2796367615444775f,1.4220579865983183f,-0.6815934680625455f,-0.1319262782629125f,-0.7197400929489536f,-0.3693563966495832f,0f,0f,0f,1f],start_interpolation:0}
execute if entity @s[tag=aj.tutankhamen.bone.body] run data modify entity @s {} merge value {transformation:[-0.5372631959289024f,0.13876897298543606f,0.8319203269765858f,-0.10407672973907704f,-0.1083353908348016f,0.9668462718353287f,-0.23123955053320017f,0.19141558909225354f,-0.8364279415424455f,-0.21436291371105445f,-0.5044173270540718f,0.16077218528329085f,0f,0f,0f,1f],start_interpolation:0}
execute if entity @s[tag=aj.tutankhamen.bone.left_foot] run data modify entity @s {} merge value {transformation:[-0.8310749890149465f,0.41857699566427076f,0.3662071290055395f,-0.15623692374103512f,-0.04684676101119897f,0.6034299425153178f,-0.7960387462044294f,1.0444160373298106f,-0.554183853623115f,-0.6787235101104379f,-0.48188655636653777f,0.4304347064009631f,0f,0f,0f,1f],start_interpolation:0}
execute if entity @s[tag=aj.tutankhamen.bone.left_leg] run data modify entity @s {} merge value {transformation:[-0.8310749890149465f,0.5207091924848088f,-0.1953875622848728f,0.045602254564351685f,-0.04684676101119897f,-0.41560789922338964f,-0.9083366419372723f,0.8611236201379776f,-0.554183853623115f,-0.7457425902849718f,0.3697948693782739f,0.08685407772556557f,0f,0f,0f,1f],start_interpolation:0}
execute if entity @s[tag=aj.tutankhamen.bone.right_foot] run data modify entity @s {} merge value {transformation:[-0.9293170855855934f,-0.35192065710642795f,0.11189998007362792f,-0.3905000355950669f,-0.32090927142892356f,0.6196797065283124f,-0.7162501663720169f,0.6915316554280232f,0.18272108238967882f,-0.7015332582413782f,-0.6888135405402391f,0.2293713416746319f,0f,0f,0f,1f],start_interpolation:0}
execute if entity @s[tag=aj.tutankhamen.bone.right_leg] run data modify entity @s {} merge value {transformation:[-0.7327322342003418f,0.6304391175499288f,0.2562225439469419f,-0.09178503934821242f,0.02279106729217709f,0.3990343101259845f,-0.9166527077328486f,0.8653969452552609f,-0.6801353102254424f,-0.6658214012820156f,-0.30675368193290586f,-0.040671292941704865f,0f,0f,0f,1f],start_interpolation:0}