execute if entity @s[tag=aj.tutankhamen.bone.head] run data modify entity @s {} merge value {transformation:[-0.7382903976311691f,-0.20100289186901468f,0.6438362573091884f,0.10773543577451797f,0.10576975068277197f,0.9082502573697785f,0.40483852315242363f,1.45234440891122f,-0.6661381602986833f,0.3669867946507399f,-0.6492924179026436f,-0.011607536822568574f,0f,0f,0f,1f],start_interpolation:0}
execute if entity @s[tag=aj.tutankhamen.bone.back_cape] run data modify entity @s {} merge value {transformation:[-0.3024282303395603f,-0.13327103191350712f,0.9438093014727026f,0.25464204535118523f,0.031704462061610234f,0.9882227726415223f,0.1497016323160381f,1.4282207628735617f,-0.9526447357641072f,0.0751969659322191f,-0.2946411779360158f,-0.05904760706427893f,0f,0f,0f,1f],start_interpolation:0}
execute if entity @s[tag=aj.tutankhamen.bone.left_hand] run data modify entity @s {} merge value {transformation:[-0.08649237042638125f,0.34308848035521117f,0.9353124421847374f,0.41322166505658686f,-0.38344732342014776f,0.8550412177642748f,-0.3491026583773186f,1.1017783183189565f,-0.9195037901063543f,-0.38883776896250466f,0.057601817751799844f,0.3488884933052772f,0f,0f,0f,1f],start_interpolation:0}
execute if entity @s[tag=aj.tutankhamen.bone.cape_left_back] run data modify entity @s {} merge value {transformation:[-0.3258451854082022f,-0.5398367949534045f,0.7761450572932422f,0.37473911306154173f,-0.4377753289222693f,0.8137890555650705f,0.38223047292112866f,1.2172120227043743f,-0.8379604265914313f,-0.2152291984302926f,-0.5014964761688364f,0.2526848998657377f,0f,0f,0f,1f],start_interpolation:0}
execute if entity @s[tag=aj.tutankhamen.bone.cape_left_side] run data modify entity @s {} merge value {transformation:[-0.3258451854082022f,-0.5398367949534045f,0.7761450572932422f,0.32863429111991804f,-0.4377753289222693f,0.8137890555650705f,0.38223047292112866f,1.2378356087333378f,-0.8379604265914313f,-0.2152291984302926f,-0.5014964761688364f,0.4463032760417534f,0f,0f,0f,1f],start_interpolation:0}
execute if entity @s[tag=aj.tutankhamen.bone.left_arm] run data modify entity @s {} merge value {transformation:[-0.2775553692756936f,-0.5661818321224227f,0.7761450572932422f,0.20605855823786584f,-0.5070358512054236f,0.7725377085701914f,0.38223047292112866f,1.3144859732194725f,-0.8160132735309059f,-0.2874432497235144f,-0.5014964761688364f,0.24144701276702957f,0f,0f,0f,1f],start_interpolation:0}
execute if entity @s[tag=aj.tutankhamen.bone.cape_right_back] run data modify entity @s {} merge value {transformation:[0.25352506945231323f,0.2248762454491462f,0.9408271432053261f,0.08188130391004766f,0.4285916718725595f,0.8458143339030794f,-0.3176590804078714f,1.1479601615525237f,-0.8671990647831006f,0.4837652186720181f,0.11805505174506664f,-0.36841673284114007f,0f,0f,0f,1f],start_interpolation:0}
execute if entity @s[tag=aj.tutankhamen.bone.cape_right] run data modify entity @s {} merge value {transformation:[0.25352506945231323f,0.2248762454491462f,0.9408271432053261f,-0.11371218978935993f,0.4285916718725595f,0.8458143339030794f,-0.3176590804078714f,1.294342380384579f,-0.8671990647831006f,0.4837652186720181f,0.11805505174506664f,-0.5334303496497662f,0f,0f,0f,1f],start_interpolation:0}
execute if entity @s[tag=aj.tutankhamen.bone.weapon] run data modify entity @s {} merge value {transformation:[0.4146191240001373f,-0.8279357954541525f,1.3480359691900545f,-0.12766430973025122f,0.700925963374915f,1.3454571951599748f,0.610766242903381f,0.813961010154669f,-1.4182318038640291f,0.4229124356283033f,0.6959535156248797f,-0.6560085108783841f,0f,0f,0f,1f],start_interpolation:0}
execute if entity @s[tag=aj.tutankhamen.bone.right_hand] run data modify entity @s {} merge value {transformation:[0.25352506945231323f,0.2248762454491462f,0.9408271432053261f,0.0028927351989562894f,0.4285916718725595f,0.8458143339030794f,-0.3176590804078714f,1.0754805520861483f,-0.8671990647831006f,0.4837652186720181f,0.11805505174506664f,-0.4633657966836809f,0f,0f,0f,1f],start_interpolation:0}
execute if entity @s[tag=aj.tutankhamen.bone.right_arm] run data modify entity @s {} merge value {transformation:[0.25352506945231323f,0.2248762454491462f,0.9408271432053261f,0.03961566952933715f,0.4285916718725595f,0.8458143339030794f,-0.3176590804078714f,1.33193468243739f,-0.8671990647831006f,0.4837652186720181f,0.11805505174506664f,-0.28284578078442574f,0f,0f,0f,1f],start_interpolation:0}
execute if entity @s[tag=aj.tutankhamen.bone.body] run data modify entity @s {} merge value {transformation:[-0.3024282303395603f,0.15670608839929887f,0.9402023012906706f,-0.11752956629947414f,0.031704462061610234f,0.9875009584163199f,-0.1543913346410143f,0.03281178118776007f,-0.9526447357641072f,-0.01688368992373611f,-0.3036164495469463f,0.012662767442802082f,0f,0f,0f,1f],start_interpolation:0}
execute if entity @s[tag=aj.tutankhamen.bone.left_foot] run data modify entity @s {} merge value {transformation:[-0.726076437410803f,-0.15372071365636597f,0.6702111228783164f,-0.05240076687697516f,-0.17364817766693033f,0.9840900916461923f,0.03758991775387527f,0.383309829713483f,-0.6653264743190296f,-0.08908778657462785f,-0.7412179496298259f,0.328432198791865f,0f,0f,0f,1f],start_interpolation:0}
execute if entity @s[tag=aj.tutankhamen.bone.left_leg] run data modify entity @s {} merge value {transformation:[-0.726076437410803f,0.32962378485031285f,0.6034576766416936f,0.06911975032594911f,-0.17364817766693033f,0.7612666876311053f,-0.624755424703235f,0.7109375f,-0.6653264743190296f,-0.5584095188695478f,-0.49549923491978237f,0.06333658196396816f,0f,0f,0f,1f],start_interpolation:0}
execute if entity @s[tag=aj.tutankhamen.bone.right_foot] run data modify entity @s {} merge value {transformation:[-0.5805337518312508f,-0.6340556468133989f,0.5108365685116659f,-0.0945417807539921f,-0.5346822519668286f,0.7700174279654728f,0.3481207406362321f,0.2807037555470921f,-0.6140809819693267f,-0.07103940718699908f,-0.7860394075427181f,-0.14479490261290867f,0f,0f,0f,1f],start_interpolation:0}
execute if entity @s[tag=aj.tutankhamen.bone.right_leg] run data modify entity @s {} merge value {transformation:[-0.7337271449149884f,0.005698416341599094f,0.6794203447543335f,-0.06911975032594911f,0.09801714032956063f,0.9903926402016152f,0.09754516100806415f,0.7109375f,-0.6723370561084038f,0.13816637176126373f,-0.7272365067141593f,-0.06333658196396816f,0f,0f,0f,1f],start_interpolation:0}