execute if entity @s[tag=aj.tutankhamen.bone.left_hand] run data modify entity @s {} merge value {transformation:[0.3195935670711883f,0.5129164026433031f,0.7967287592312498f,0.2480218460808087f,-0.1854212479727431f,0.8584233108589356f,-0.4782555594807174f,0.9374836657070151f,-0.9292356604688308f,0.005116959393635989f,0.3694521674582781f,0.44514657513831646f,0f,0f,0f,1f],start_interpolation:0}
execute if entity @s[tag=aj.tutankhamen.bone.cape_left_back] run data modify entity @s {} merge value {transformation:[-0.035510898810400135f,-0.6413380085046981f,0.7664362562619966f,0.2075614061727217f,-0.42460061830081436f,0.7039404299792852f,0.5693699904097034f,1.0502995282032899f,-0.9046840835364816f,-0.3052104681818878f,-0.2973100723284515f,0.3466757049353102f,0f,0f,0f,1f],start_interpolation:0}
execute if entity @s[tag=aj.tutankhamen.bone.cape_left_side] run data modify entity @s {} merge value {transformation:[-0.035510898810400135f,-0.6413380085046981f,0.7664362562619966f,0.11730545207909715f,-0.42460061830081436f,0.7039404299792852f,0.5693699904097034f,1.0454721260115791f,-0.9046840835364816f,-0.3052104681818878f,-0.2973100723284515f,0.5251963520289419f,0f,0f,0f,1f],start_interpolation:0}
execute if entity @s[tag=aj.tutankhamen.bone.left_arm] run data modify entity @s {} merge value {transformation:[0.020520521364137796f,-0.6419925025185564f,0.7664362562619966f,0.028541423906104757f,-0.4843373357826987f,0.6642553418586651f,0.5693699904097034f,1.1124087729311458f,-0.8746406424182799f,-0.38289746345750253f,-0.2973100723284515f,0.3004595951955703f,0f,0f,0f,1f],start_interpolation:0}
execute if entity @s[tag=aj.tutankhamen.bone.cape_right_back] run data modify entity @s {} merge value {transformation:[0.3648195629022669f,0.044552774448278945f,0.9300116863850472f,0.05561423792373871f,0.24338289968203944f,0.9595619545155447f,-0.14144122308814422f,0.947813034030515f,-0.8987054304198684f,0.2779494661539551f,0.339223589389904f,-0.2747886568151993f,0f,0f,0f,1f],start_interpolation:0}
execute if entity @s[tag=aj.tutankhamen.bone.cape_right] run data modify entity @s {} merge value {transformation:[0.3648195629022669f,0.044552774448278945f,0.9300116863850472f,-0.11988562696904387f,0.24338289968203944f,0.9595619545155447f,-0.14144122308814422f,1.0212019178778697f,-0.8987054304198684f,0.2779494661539551f,0.339223589389904f,-0.5000172776657797f,0f,0f,0f,1f],start_interpolation:0}
execute if entity @s[tag=aj.tutankhamen.bone.weapon] run data modify entity @s {} merge value {transformation:[0.5966319934964157f,-1.0239572726201092f,1.1270001960053027f,-0.06214029661784f,0.3980324505216687f,1.2732157254131908f,0.9460864434624299f,0.5286282372829798f,-1.4697578393324933f,-0.07085826712572656f,0.7137076945863278f,-0.4952241437396593f,0f,0f,0f,1f],start_interpolation:0}
execute if entity @s[tag=aj.tutankhamen.bone.right_hand] run data modify entity @s {} merge value {transformation:[0.3648195629022669f,0.044552774448278945f,0.9300116863850472f,0.0033200220593342517f,0.24338289968203944f,0.9595619545155447f,-0.14144122308814422f,0.8443135817741447f,-0.8987054304198684f,0.2779494661539551f,0.339223589389904f,-0.3588183591219336f,0f,0f,0f,1f],start_interpolation:0}
execute if entity @s[tag=aj.tutankhamen.bone.right_arm] run data modify entity @s {} merge value {transformation:[0.3648195629022669f,0.044552774448278945f,0.9300116863850472f,-0.020185000777279583f,0.24338289968203944f,0.9595619545155447f,-0.14144122308814422f,1.1387144600025125f,-0.8987054304198684f,0.2779494661539551f,0.339223589389904f,-0.24710261349881887f,0f,0f,0f,1f],start_interpolation:0}