execute if entity @s[tag=aj.tutankhamen.bone.head] run data modify entity @s {} merge value {transformation:[-0.5890843640756723f,-0.6410806836812352f,0.49193004483601177f,0.01067141369818175f,-0.05756279687012421f,0.640515308856494f,0.7657849982449114f,1.4030000112767274f,-0.8060186948316084f,0.422795099464587f,-0.4142199505705639f,-0.05672457434156141f,0f,0f,0f,1f],start_interpolation:0}
execute if entity @s[tag=aj.tutankhamen.bone.back_cape] run data modify entity @s {} merge value {transformation:[-0.2839324629543354f,-0.2734886056255568f,0.9190137861173102f,0.16047120051088898f,-0.07472875830227886f,0.9618562776832522f,0.26315036341209525f,1.3970211364630907f,-0.9559278054138212f,0.006040171711701889f,-0.29353968583891443f,-0.1007511507111852f,0f,0f,0f,1f],start_interpolation:0}
execute if entity @s[tag=aj.tutankhamen.bone.left_hand] run data modify entity @s {} merge value {transformation:[0.3115016981331813f,0.781078786049217f,0.5411863099192605f,0.3108747848039461f,-0.26425800676901745f,0.618262226854245f,-0.7402158635855464f,1.087702610650921f,-0.9127619612574848f,0.08756568294207334f,0.3989960566876295f,0.34789766346409345f,0f,0f,0f,1f],start_interpolation:0}
execute if entity @s[tag=aj.tutankhamen.bone.cape_left_back] run data modify entity @s {} merge value {transformation:[-0.12692854573286436f,-0.5153664129255653f,0.8475179081921371f,0.2886446390426463f,-0.41515592519779787f,0.8035922424123753f,0.42647985381235887f,1.2054851030294484f,-0.9008522087730597f,-0.2977196136684418f,-0.31595621466559753f,0.24943912693523212f,0f,0f,0f,1f],start_interpolation:0}
execute if entity @s[tag=aj.tutankhamen.bone.cape_left_side] run data modify entity @s {} merge value {transformation:[-0.12692854573286436f,-0.5153664129255653f,0.8475179081921371f,0.20253748578938924f,-0.41515592519779787f,0.8035922424123753f,0.42647985381235887f,1.2170432346150595f,-0.9008522087730597f,-0.2977196136684418f,-0.31595621466559753f,0.4296918113892224f,0f,0f,0f,1f],start_interpolation:0}
execute if entity @s[tag=aj.tutankhamen.bone.left_arm] run data modify entity @s {} merge value {transformation:[-0.08152840178985118f,-0.5244678398102373f,0.8475179081921371f,0.12223610444557077f,-0.4836138103171263f,0.7643511083021596f,0.42647985381235887f,1.297593172002737f,-0.8714762200841414f,-0.37510114401590894f,-0.31595621466559753f,0.20624254866627587f,0f,0f,0f,1f],start_interpolation:0}
execute if entity @s[tag=aj.tutankhamen.bone.cape_right_back] run data modify entity @s {} merge value {transformation:[-0.15787516089740897f,0.15627665746842362f,0.9750143793309483f,0.026267425369213504f,0.09805622190144883f,0.9849980296037196f,-0.1419995036019617f,1.0588580666975813f,-0.9825784502613676f,0.07318803185826686f,-0.17083062101005841f,-0.360206462503044f,0f,0f,0f,1f],start_interpolation:0}
execute if entity @s[tag=aj.tutankhamen.bone.cape_right] run data modify entity @s {} merge value {transformation:[-0.15787516089740897f,0.15627665746842362f,0.9750143793309483f,-0.24215416335374373f,0.09805622190144883f,0.9849980296037196f,-0.1419995036019617f,1.1096792272701732f,-0.9825784502613676f,0.07318803185826686f,-0.17083062101005841f,-0.4710266901038681f,0f,0f,0f,1f],start_interpolation:0}
execute if entity @s[tag=aj.tutankhamen.bone.weapon] run data modify entity @s {} merge value {transformation:[-0.23886609752121604f,-0.06186910809988473f,1.1178833396143601f,-0.3346056270819773f,0.133020878456686f,1.133377719057144f,0.09115016132120805f,0.7314065094314564f,-1.1116637951372892f,0.1489131272829748f,-0.22929554547179504f,-0.37463445208888235f,0f,0f,0f,1f],start_interpolation:0}
execute if entity @s[tag=aj.tutankhamen.bone.right_hand] run data modify entity @s {} merge value {transformation:[-0.2086546438765854f,0.6522713659399916f,0.7287011079746709f,-0.060279205456887905f,0.1161965817274054f,0.7563576790253148f,-0.6437557112556789f,0.9486279294176414f,-0.9710620958433097f,-0.04965004082794193f,-0.23360924524124027f,-0.3850602481044925f,0f,0f,0f,1f],start_interpolation:0}
execute if entity @s[tag=aj.tutankhamen.bone.right_arm] run data modify entity @s {} merge value {transformation:[-0.13352041264893702f,0.14834231326307273f,0.9798810425259884f,-0.034027546203662495f,0.0990088485454643f,0.9857842468621498f,-0.13574485827509308f,1.256465826227286f,-0.9860880018110749f,0.07889218424016527f,-0.14630952105060316f,-0.31985709868224765f,0f,0f,0f,1f],start_interpolation:0}
execute if entity @s[tag=aj.tutankhamen.bone.body] run data modify entity @s {} merge value {transformation:[-0.2839324629543354f,0.015522056288264363f,0.9587186356013263f,-0.011641542216198272f,-0.07472875830227886f,0.9964694766297854f,-0.03826479880727518f,-0.02942486137858913f,-0.9559278054138212f,-0.08250847176954387f,-0.28177008876559234f,0.061881353827157905f,0f,0f,0f,1f],start_interpolation:0}
execute if entity @s[tag=aj.tutankhamen.bone.left_foot] run data modify entity @s {} merge value {transformation:[-0.7824108225835993f,0.1041797222837179f,0.6139868811049164f,-0.18927939092496943f,-0.14258693102786868f,0.9297511575040849f,-0.3394580271843167f,0.741852383624143f,-0.6062196563986598f,-0.35314213935000993f,-0.7125927010650538f,0.42521774479330693f,0f,0f,0f,1f],start_interpolation:0}
execute if entity @s[tag=aj.tutankhamen.bone.left_leg] run data modify entity @s {} merge value {transformation:[-0.7824108225835993f,0.6227489366099804f,-0.004131180847388033f,0.058722930636159555f,-0.14258693102786868f,-0.18559325300029145f,-0.9722263684661221f,0.6561994938418946f,-0.6062196563986598f,-0.7600913802904941f,0.23400602941800988f,0.0737334016537577f,0f,0f,0f,1f],start_interpolation:0}
execute if entity @s[tag=aj.tutankhamen.bone.right_foot] run data modify entity @s {} merge value {transformation:[-0.5182238447178278f,-0.8439444726478917f,0.13857046529814443f,-0.24641690513110587f,-0.8425332428928858f,0.47594440169904795f,-0.25221947012816626f,0.2739193231316547f,0.14690739050936186f,-0.24745636701933332f,-0.9576970110819616f,0.0767935012724196f,0f,0f,0f,1f],start_interpolation:0}
execute if entity @s[tag=aj.tutankhamen.bone.right_leg] run data modify entity @s {} merge value {transformation:[-0.736425126665083f,0.32924991842120804f,0.5909928290901203f,-0.07935678061354351f,0.010182743754672537f,0.8788746192150274f,-0.4769441428818131f,0.6581087582958957f,-0.6764424177607012f,-0.3452157222944349f,-0.6505780203286832f,-0.053099551676373764f,0f,0f,0f,1f],start_interpolation:0}