execute if entity @s[tag=aj.tutankhamen.bone.head] run data modify entity @s {} merge value {transformation:[-0.7061145634016912f,0.6675118158051101f,0.23628414909300205f,0.4723713196784991f,-0.008619097365533524f,0.3255616238712149f,-0.9454815388059892f,0.9416858893391342f,-0.7080451500523415f,-0.669654840065315f,-0.22413045456710018f,-0.473037010943667f,0f,0f,0f,1f],start_interpolation:0}
execute if entity @s[tag=aj.tutankhamen.bone.back_cape] run data modify entity @s {} merge value {transformation:[-0.7061145634016912f,0.603798844139873f,0.3699042837916218f,0.4991241589659391f,-0.008619097365533524f,0.5150239866507605f,-0.8571324310367453f,0.7897589474351538f,-0.7080451500523415f,-0.6084219333568694f,-0.358461736448462f,-0.49786748443421835f,0f,0f,0f,1f],start_interpolation:0}
execute if entity @s[tag=aj.tutankhamen.bone.left_hand] run data modify entity @s {} merge value {transformation:[-0.33129577199044546f,0.5034594096832867f,-0.7979797831164717f,0.4568531936283232f,-0.8578953560979043f,-0.5127863764381632f,0.03264490963486205f,0.7792682461873139f,-0.39275777452127497f,0.695398270734674f,0.6017994479993483f,0.07174285538150432f,0f,0f,0f,1f],start_interpolation:0}
execute if entity @s[tag=aj.tutankhamen.bone.cape_left_back] run data modify entity @s {} merge value {transformation:[-0.5771273862749838f,0.5904062244724795f,0.564220231926823f,0.5474718190028414f,-0.44780913766206343f,0.34896872768939746f,-0.823217956146003f,0.755988368127908f,-0.682928221878233f,-0.727764602875817f,0.06298989254824713f,-0.05197977924790993f,0f,0f,0f,1f],start_interpolation:0}
execute if entity @s[tag=aj.tutankhamen.bone.cape_left_side] run data modify entity @s {} merge value {transformation:[-0.5771273862749838f,0.5904062244724795f,0.564220231926823f,0.5671204441174548f,-0.44780913766206343f,0.34896872768939746f,-0.823217956146003f,0.9288607904058558f,-0.682928221878233f,-0.727764602875817f,0.06298989254824713f,0.04685401885203308f,0f,0f,0f,1f],start_interpolation:0}
execute if entity @s[tag=aj.tutankhamen.bone.left_arm] run data modify entity @s {} merge value {transformation:[-0.6263885353474253f,0.5378595845290381f,0.564220231926823f,0.587109773919947f,-0.4765197173534589f,0.30861165832187437f,-0.823217956146003f,0.8790019490066484f,-0.6169006093032225f,-0.7845163552648685f,0.06298989254824713f,-0.19805555609081882f,0f,0f,0f,1f],start_interpolation:0}
execute if entity @s[tag=aj.tutankhamen.bone.cape_right_back] run data modify entity @s {} merge value {transformation:[-0.5773793757649993f,0.7483632241237327f,-0.32647441127958554f,0.009423531507092978f,0.6395586404339891f,0.16597952670678065f,-0.7506101132814695f,0.7758085728153803f,-0.5075409361691402f,-0.6421863292638091f,-0.5744553216911022f,-0.5385943538928895f,0f,0f,0f,1f],start_interpolation:0}
execute if entity @s[tag=aj.tutankhamen.bone.cape_right] run data modify entity @s {} merge value {transformation:[-0.5773793757649993f,0.7483632241237327f,-0.32647441127958554f,0.0008266068637082236f,0.6395586404339891f,0.16597952670678065f,-0.7506101132814695f,1.0633921387035585f,-0.5075409361691402f,-0.6421863292638091f,-0.5744553216911022f,-0.4742837947465421f,0f,0f,0f,1f],start_interpolation:0}
execute if entity @s[tag=aj.tutankhamen.bone.weapon] run data modify entity @s {} merge value {transformation:[-0.000007941869190816431f,-5.186622757530494e-7f,-0.00001428693356045246f,0.1771820545410067f,0.000012577589795978893f,-0.000008022932401292784f,-0.000006700414761004379f,1.0515483098786775f,-0.000006796301644362154f,-0.000014241569874459364f,0.0000042949666856499814f,-0.3412635163817522f,0f,0f,0f,1f],start_interpolation:0}
execute if entity @s[tag=aj.tutankhamen.bone.right_hand] run data modify entity @s {} merge value {transformation:[-0.48561747918367976f,-0.6401510653934203f,-0.5953001573886555f,-0.0694532516676295f,0.7690755544038047f,-0.636594871045546f,0.057181830829254265f,0.8194691596310162f,-0.41557003685271765f,-0.4300623020379424f,0.8014661320580286f,-0.4299152048975149f,0f,0f,0f,1f],start_interpolation:0}
execute if entity @s[tag=aj.tutankhamen.bone.right_arm] run data modify entity @s {} merge value {transformation:[-0.5892306820826574f,0.7660106248728623f,-0.2569726169736645f,0.19849609337900942f,0.5798907662567256f,0.17947332998096638f,-0.7946798242284315f,0.8742583856760402f,-0.5626134574488902f,-0.6172657826312994f,-0.549953680858648f,-0.5877317446478751f,0f,0f,0f,1f],start_interpolation:0}
execute if entity @s[tag=aj.tutankhamen.bone.body] run data modify entity @s {} merge value {transformation:[-0.7061145634016912f,0.6870855558959987f,0.1712181714396159f,-0.515314166921999f,-0.008619097365533524f,0.23344241315481318f,-0.9723324281854746f,0.6061124204290903f,-0.7080451500523415f,-0.6880538340998793f,-0.15891503033952878f,0.5160403755749094f,0f,0f,0f,1f],start_interpolation:0}
execute if entity @s[tag=aj.tutankhamen.bone.left_foot] run data modify entity @s {} merge value {transformation:[-0.8198712629124596f,0.5725472160948497f,-0.0008930802686329259f,-0.19863946809498417f,0.011517598458933295f,0.01493331259913272f,-0.9998221547358087f,0.8360008729053762f,-0.5724320546371137f,-0.8197357388310297f,-0.018837762793878082f,0.4828129864511759f,0f,0f,0f,1f],start_interpolation:0}
execute if entity @s[tag=aj.tutankhamen.bone.left_leg] run data modify entity @s {} merge value {transformation:[-0.8198712629124596f,0.5645476746743968f,-0.0953783794686208f,0.02272916260905007f,0.011517598458933295f,-0.15028974172583037f,-0.988574902805914f,0.770609035852167f,-0.5724320546371137f,-0.8116026839234299f,0.11671600692371968f,0.10984831052726546f,0f,0f,0f,1f],start_interpolation:0}
execute if entity @s[tag=aj.tutankhamen.bone.right_foot] run data modify entity @s {} merge value {transformation:[-0.8068794857998702f,0.5902572581490597f,0.02327798525842996f,-0.44099870728636326f,0.01116425753722665f,0.054637145738072226f,-0.998443860043838f,0.7801270340858388f,-0.5906105779182929f,-0.8053639869698366f,-0.050675376101901676f,0.2651663162184488f,0f,0f,0f,1f],start_interpolation:0}
execute if entity @s[tag=aj.tutankhamen.bone.right_leg] run data modify entity @s {} merge value {transformation:[-0.708045150052341f,0.7059268418776314f,-0.01842171012777165f,-0.11002930302576387f,0.008619097365533526f,-0.01744587585134047f,-0.9998106583630639f,0.7722251166082045f,-0.7061145634016917f,-0.7080698661378363f,0.006268015601869958f,-0.022548170110551706f,0f,0f,0f,1f],start_interpolation:0}