execute if entity @s[tag=aj.tutankhamen.bone.left_hand] run data modify entity @s {} merge value {transformation:[0.31958977096705193f,0.512915498406632f,0.7967308640861752f,0.24802265704764215f,-0.18542184765647549f,0.858423869492687f,-0.47825432428453896f,0.9374840495925523f,-0.9292368463986381f,0.005113881058299241f,0.36944922725001805f,0.44514580906509926f,0f,0f,0f,1f],start_interpolation:0}
execute if entity @s[tag=aj.tutankhamen.bone.cape_left_back] run data modify entity @s {} merge value {transformation:[-0.03551433125312363f,-0.6413400806037957f,0.7664343633258885f,0.20756167193870745f,-0.42460157618425715f,0.7039394277470937f,0.5693705151875523f,1.0502997683412392f,-0.9046834992291436f,-0.30520842562781747f,-0.29731394711365466f,0.3466749981915043f,0f,0f,0f,1f],start_interpolation:0}
execute if entity @s[tag=aj.tutankhamen.bone.cape_left_side] run data modify entity @s {} merge value {transformation:[-0.03551433125312363f,-0.6413400806037957f,0.7664343633258885f,0.11730649078127195f,-0.42460157618425715f,0.7039394277470937f,0.5693705151875523f,1.0454724502215853f,-0.9046834992291436f,-0.30520842562781747f,-0.29731394711365466f,0.5251960383352648f,0f,0f,0f,1f],start_interpolation:0}
execute if entity @s[tag=aj.tutankhamen.bone.left_arm] run data modify entity @s {} merge value {transformation:[0.020517282578231037f,-0.6419948658897863f,0.7664343633258885f,0.028541423906104757f,-0.48433820267081473f,0.6642542599552268f,0.5693705151875523f,1.1124087729311458f,-0.8746402383547248f,-0.3828953777502271f,-0.29731394711365466f,0.3004595951955703f,0f,0f,0f,1f],start_interpolation:0}
execute if entity @s[tag=aj.tutankhamen.bone.cape_right_back] run data modify entity @s {} merge value {transformation:[0.36482600018613504f,0.04456828776239387f,0.930008417872717f,0.05561108029955525f,0.2433915046692287f,0.9595566307505575f,-0.14146253156750405f,0.9478122071332964f,-0.8987004868380982f,0.27796535774906683f,0.33922366492978984f,-0.27479159981403534f,0f,0f,0f,1f],start_interpolation:0}
execute if entity @s[tag=aj.tutankhamen.bone.cape_right] run data modify entity @s {} merge value {transformation:[0.36482600018613504f,0.04456828776239387f,0.930008417872717f,-0.11988696163954041f,0.2433915046692287f,0.9595566307505575f,-0.14146253156750405f,1.0212077626297393f,-0.8987004868380982f,0.27796535774906683f,0.33922366492978984f,-0.5000194671149356f,0f,0f,0f,1f],start_interpolation:0}
execute if entity @s[tag=aj.tutankhamen.bone.weapon] run data modify entity @s {} merge value {transformation:[0.5966425211377417f,-1.023935553049023f,1.1270143560681474f,-0.06214997556326808f,0.3980465232611345f,1.273234210364115f,0.9460556455564878f,0.5286330266004635f,-1.4697497545164733f,-0.07083997721463707f,0.7137261592082129f,-0.49523428273840797f,0f,0f,0f,1f],start_interpolation:0}
execute if entity @s[tag=aj.tutankhamen.bone.right_hand] run data modify entity @s {} merge value {transformation:[0.36482600018613504f,0.04456828776239387f,0.930008417872717f,0.003315330718027934f,0.2433915046692287f,0.9595566307505575f,-0.14146253156750405f,0.8443150210333592f,-0.8987004868380982f,0.27796535774906683f,0.33922366492978984f,-0.35882313880447103f,0f,0f,0f,1f],start_interpolation:0}
execute if entity @s[tag=aj.tutankhamen.bone.right_arm] run data modify entity @s {} merge value {transformation:[0.36482600018613504f,0.04456828776239387f,0.930008417872717f,-0.020185000777279583f,0.2433915046692287f,0.9595566307505575f,-0.14146253156750405f,1.1387144600025125f,-0.8987004868380982f,0.27796535774906683f,0.33922366492978984f,-0.24710261349881887f,0f,0f,0f,1f],start_interpolation:0}