# This file was generated by Animated Java via MC-Build. It is not recommended to edit this file directly.
$data merge entity $(bone_head) { transformation: [-0.9206910510246753f,-0.10997662080631751f,0.3744771440810538f,0f,-1.734723475976807e-18f,0.9594789745641694f,0.2817802288473944f,1.625f,-0.39029218357927553f,0.2594325350554811f,-0.8833837055275628f,0f,0f,0f,0f,1f], start_interpolation: 0, interpolation_duration: 1 }
$data merge entity $(bone_bust) { transformation: [-0.9499280128020134f,0.15623441561802084f,0.2706059457412447f,-0.022458697245090475f,0f,0.8660254037844387f,-0.49999999999999994f,1.515625f,-0.31246883123604174f,-0.47496400640100667f,-0.8226617908530132f,0.06827607592014484f,0f,0f,0f,1f], start_interpolation: 0, interpolation_duration: 1 }
$data merge entity $(bone_left_wing) { transformation: [-0.9971956932314161f,0f,-0.07483815471212102f,0.09842910470463107f,0f,1f,0f,1.40625f,0.07483815471212102f,0f,-0.9971956932314161f,-0.09921169964799903f,0f,0f,0f,1f], start_interpolation: 0, interpolation_duration: 1 }
$data merge entity $(bone_right_wing) { transformation: [-0.7580424035423834f,0f,0.6522052701655259f,-0.020311896895620574f,0f,1f,0f,1.40625f,-0.6522052701655259f,0f,-0.7580424035423834f,-0.13827030355250414f,0f,0f,0f,1f], start_interpolation: 0, interpolation_duration: 1 }
$data merge entity $(bone_body) { transformation: [-0.9499280128020134f,0f,0.31246883123604174f,0.31872959078298585f,0f,1f,0f,0.34375f,-0.31246883123604174f,0f,-0.9499280128020134f,0.6311984220190276f,0f,0f,0f,1f], start_interpolation: 0, interpolation_duration: 1 }
$data merge entity $(bone_right_ring) { transformation: [0.18911258979745604f,0.9818635169701212f,-0.013433630304728869f,-0.7598962536742127f,-0.9742619967258894f,0.18590423226681033f,-0.12748795300329707f,1.4081394432072434f,-0.12267840117878195f,0.03719745244439254f,0.9917491413738987f,-0.23529165572629057f,0f,0f,0f,1f], start_interpolation: 0, interpolation_duration: 1 }
$data merge entity $(bone_sword) { transformation: [-0.0000018218701718846111f,0.000009818635169701213f,5.245879155143007e-7f,-0.979552573680575f,0.000009794782704513661f,0.0000018590423226681035f,-7.785842368612765e-7f,1.396865050480388f,-8.619865707522431e-7f,3.7197452444392543e-7f,-0.000009955833169805907f,-0.2616782958099239f,0f,0f,0f,1f], start_interpolation: 0, interpolation_duration: 1 }
$data merge entity $(bone_right_hand) { transformation: [-0.1821870171884611f,0.9818635169701212f,0.05245879155143007f,-0.6015620674396847f,0.979478270451366f,0.18590423226681033f,-0.07785842368612764f,1.429887752278358f,-0.08619865707522431f,0.03719745244439254f,-0.9955833169805907f,-0.3228154897487846f,0f,0f,0f,1f], start_interpolation: 0, interpolation_duration: 1 }
$data merge entity $(bone_right_arm) { transformation: [-0.1821870171884611f,0.9049476349801269f,0.3845486558445457f,-0.3265377544006921f,0.979478270451366f,0.2013159783811137f,-0.009705388300097921f,1.5f,-0.08619865707522431f,0.3748888565859626f,-0.9230537019730204f,-0.10741116073738935f,0f,0f,0f,1f], start_interpolation: 0, interpolation_duration: 1 }
$data merge entity $(bone_left_ring) { transformation: [0.30761210562410163f,-0.8120571057715827f,-0.49592141458036193f,0.7808544238860169f,0.9418756206743026f,0.18588201902088516f,0.2798538729124834f,1.43310676012359f,-0.1350744522583885f,-0.5531827292772253f,0.8220363497902611f,0.2691465720940275f,0f,0f,0f,1f], start_interpolation: 0, interpolation_duration: 1 }
$data merge entity $(bone_left_hand) { transformation: [-0.1977821832547505f,-0.8120571057715827f,0.5490404948206142f,0.7054430474986397f,-0.979478270451366f,0.18588201902088516f,-0.07791144151098736f,1.4548466279539483f,-0.038788216001577266f,-0.5531827292772253f,-0.8321564410186435f,0.10469710429896315f,0f,0f,0f,1f], start_interpolation: 0, interpolation_duration: 1 }
$data merge entity $(bone_left_arm) { transformation: [-0.1977821832547505f,-0.9507864980077407f,0.23851046768047923f,0.3265377544006921f,-0.979478270451366f,0.2013159783811137f,-0.009705388300097921f,1.53125f,-0.038788216001577266f,-0.23553537325555074f,-0.9710914283654158f,0.10741116073738935f,0f,0f,0f,1f], start_interpolation: 0, interpolation_duration: 1 }
$data merge entity $(bone_leftfoot) { transformation: [-0.9507947404367127f,0.09183395164058811f,0.29589844015127664f,-0.02961156916974568f,0.002343242116224692f,0.9571652069373071f,-0.2895328579713308f,0.6467015997534344f,-0.30981263817712357f,-0.2745929568556635f,-0.9102828336681927f,0.43521638923083095f,0f,0f,0f,1f], start_interpolation: 0, interpolation_duration: 1 }
$data merge entity $(bone_leftleg) { transformation: [-0.9408046652129193f,0.24955675577601583f,0.22936435546997536f,0.10545875257391339f,0.034842882029613824f,0.7443130032598382f,-0.6669213797369151f,0.8511246796788843f,-0.3371536081454233f,-0.6194510302072878f,-0.7089484224466913f,0.07943760866226254f,0f,0f,0f,1f], start_interpolation: 0, interpolation_duration: 1 }
$data merge entity $(bone_rightfoot) { transformation: [-0.9461122789443495f,0.08011540273073528f,0.3137723344656471f,-0.2858920623162665f,-0.014843014062105649f,0.9571688605757686f,-0.2891495413754575f,0.8208235423420285f,-0.3234984398173845f,-0.2782252587192207f,-0.9044000579645829f,0.4109886872329765f,0f,0f,0f,1f], start_interpolation: 0, interpolation_duration: 1 }
$data merge entity $(bone_rightleg) { transformation: [-0.9576634852532f,0.24392187773364f,0.15291424582290986f,-0.13202325062658996f,-0.033736604689654955f,0.43241049438244455f,-0.9010455070927017f,0.8511246796788843f,-0.2859064366479147f,-0.8680571881568778f,-0.4058746451460929f,0.0013204008532521003f,0f,0f,0f,1f], start_interpolation: 0, interpolation_duration: 1 }
$data merge entity $(bone_skirt_right_back) { transformation: [-0.9499280128020134f,0.2183772397357092f,0.22349083126479827f,-0.1345021961877292f,0f,0.7152419983162138f,-0.6988768731648152f,0.7449194966097091f,-0.31246883123604174f,-0.6638827193187378f,-0.6794284101330621f,-0.1411583865290057f,0f,0f,0f,1f], start_interpolation: 0, interpolation_duration: 1 }
$data merge entity $(bone_skirt_right) { transformation: [-0.9499280128020134f,0.261573096437504f,0.17092772073047188f,-0.22860918657058135f,0f,0.5470232664625406f,-0.8371174027271517f,0.9461698119728118f,-0.31246883123604174f,-0.7952012708545861f,-0.5196327244672274f,0.04492374567968731f,0f,0f,0f,1f], start_interpolation: 0, interpolation_duration: 1 }
$data merge entity $(bone_skirt_left_back) { transformation: [-0.9499280128020134f,0.15309253219731722f,0.2723957545180015f,0.20796364271089304f,0f,0.8717533631769862f,-0.4899449701646233f,0.8162305290530174f,-0.31246883123604174f,-0.46541245189082237f,-0.8281029399361863f,-0.082169763153212f,0f,0f,0f,1f], start_interpolation: 0, interpolation_duration: 1 }
$data merge entity $(bone_skirt_left) { transformation: [-0.9499280128020134f,0.19806773901244853f,0.24167321170645809f,0.1572990686302366f,0f,0.7734314195449977f,-0.6338799880581574f,0.9461698119728118f,-0.31246883123604174f,-0.6021403574110494f,-0.73470417140702f,0.17186420836932925f,0f,0f,0f,1f], start_interpolation: 0, interpolation_duration: 1 }
$data merge entity $(bone_skirt_back_middle) { transformation: [-0.9499280128020134f,0.17625082319873242f,0.2580163130807568f,0.02959018977889335f,0f,0.8257345606603846f,-0.5640588934951755f,0.8558480283066523f,-0.31246883123604174f,-0.5358153438011746f,-0.7843883903100628f,-0.08995633280896795f,0f,0f,0f,1f], start_interpolation: 0, interpolation_duration: 1 }
$data merge entity $(bone_skirt_front_middle) { transformation: [-0.9499280128020134f,0.21837723973570922f,0.22349083126479824f,-0.04593268887937481f,0f,0.7152419983162138f,-0.6988768731648153f,1.0539355245748263f,-0.31246883123604174f,-0.6638827193187378f,-0.6794284101330621f,0.1396387207557258f,0f,0f,0f,1f], start_interpolation: 0, interpolation_duration: 1 }
$data merge entity $(bone_lower) { transformation: [-0.9499280128020134f,0.19806773901244853f,0.24167321170645809f,0f,0f,0.7734314195449977f,-0.6338799880581574f,0.9375f,-0.31246883123604174f,-0.6021403574110494f,-0.73470417140702f,0f,0f,0f,0f,1f], start_interpolation: 0, interpolation_duration: 1 }
data modify entity @s data merge value {"locators":{"locator_right_hand":{"posx":-1.0360453678220591,"posy":1.355853877882203,"posz":-0.24575343922627596,"roty":3.0162119906173643,"rotx":-4.46547842251919},"locator_left_hand":{"posx":1.0092454848842745,"posy":1.3808274422739661,"posz":0.4247292147032471,"roty":33.41604520626794,"rotx":-4.468525375685055}},"cameras":{}}