# This file was generated by Animated Java via MC-Build. It is not recommended to edit this file directly.
$data merge entity $(bone_head) { transformation: [-0.9904632745273692f,0.025110289461258158f,-0.13546946215178252f,0f,0f,0.983251644713961f,0.1822531293758507f,1.625f,0.13777700030310358f,0.18051503131446536f,-0.9738746437078112f,0f,0f,0f,0f,1f], start_interpolation: 0, interpolation_duration: 1 }
$data merge entity $(bone_bust) { transformation: [-0.853457896403801f,-0.26058089869846507f,-0.45133935602770037f,0.03745850418790431f,0f,0.8660254037844387f,-0.49999999999999994f,1.515625f,0.5211617973969302f,-0.42672894820190044f,-0.7391162193461194f,0.06134228630402322f,0f,0f,0f,1f], start_interpolation: 0, interpolation_duration: 1 }
$data merge entity $(bone_left_wing) { transformation: [-0.5890522969021931f,0f,-0.8080949149167136f,-0.011804106149378768f,0f,1f,0f,1.40625f,0.8080949149167136f,0f,-0.5890522969021931f,-0.13925484938778326f,0f,0f,0f,1f], start_interpolation: 0, interpolation_duration: 1 }
$data merge entity $(bone_right_wing) { transformation: [-0.9879322677930266f,0f,-0.1548865205669221f,-0.11848634319985385f,0f,1f,0f,1.40625f,0.1548865205669221f,0f,-0.9879322677930266f,-0.07410962471316701f,0f,0f,0f,1f], start_interpolation: 0, interpolation_duration: 1 }
$data merge entity $(bone_body) { transformation: [-0.853457896403801f,0f,-0.5211617973969302f,0.6873098469003656f,0f,1f,0f,0.34375f,0.5211617973969302f,0f,-0.853457896403801f,0.16614804950343537f,0f,0f,0f,1f], start_interpolation: 0, interpolation_duration: 1 }
$data merge entity $(bone_right_ring) { transformation: [-0.2926928851437f,0.2282073548148128f,-0.9285754025358862f,-0.4840476020948707f,0.39114981871027865f,0.9147120172387484f,0.10150736348628067f,1.0911391103704042f,0.872543806527313f,-0.3335016172786061f,-0.3569929648653895f,0.2404816674406962f,0f,0f,0f,1f], start_interpolation: 0, interpolation_duration: 1 }
$data merge entity $(bone_sword) { transformation: [-0.0000064507389777754216f,0.000002282073548148128f,-0.0000072924691950978825f,-0.5655210033834996f,0.000003986199044123866f,0.000009147120172387485f,-6.636337337175913e-7f,0.9024658009033814f,0.000006519063109161845f,-0.0000033350161727860614f,-0.0000068102484026664214f,0.3231662053073558f,0f,0f,0f,1f], start_interpolation: 0, interpolation_duration: 1 }
$data merge entity $(bone_right_hand) { transformation: [-0.6450738977775421f,0.2282073548148128f,-0.7292469195097881f,-0.5167571016090988f,0.3986199044123866f,0.9147120172387484f,-0.06636337337175913f,1.2278412968103563f,0.6519063109161845f,-0.3335016172786061f,-0.6810248402666421f,0.12452596096591631f,0f,0f,0f,1f], start_interpolation: 0, interpolation_duration: 1 }
$data merge entity $(bone_right_arm) { transformation: [-0.6450738977775421f,0.48990681848162065f,-0.5864051292505086f,-0.2933761518888066f,0.3986199044123866f,0.8704798743742217f,0.28873337201594657f,1.5f,0.6519063109161845f,-0.047498394863991156f,-0.7568104546536045f,0.17914936785519478f,0f,0f,0f,1f], start_interpolation: 0, interpolation_duration: 1 }
$data merge entity $(bone_left_ring) { transformation: [-0.6873443683464581f,-0.39974263251441744f,-0.6064351136377677f,0.44332230972536996f,-0.3387620985954134f,0.9149884299987677f,-0.2191721093652691f,1.0947753016271584f,0.6424935484949558f,0.05479051668704643f,-0.7643297975504596f,-0.3343572382622152f,0f,0f,0f,1f], start_interpolation: 0, interpolation_duration: 1 }
$data merge entity $(bone_left_hand) { transformation: [-0.874579707903447f,-0.39974263251441744f,-0.27443790240046095f,0.355133970044949f,-0.3986199044123866f,0.9149884299987677f,-0.06243672616857654f,1.231888800736162f,0.2760661267337614f,0.05479051668704643f,-0.9595756838058087f,-0.41575644038665877f,0f,0f,0f,1f], start_interpolation: 0, interpolation_duration: 1 }
$data merge entity $(bone_left_arm) { transformation: [-0.874579707903447f,-0.2660335987673712f,-0.40538433473729946f,0.2933761518888066f,-0.3986199044123866f,0.8704798743742217f,0.28873337201594657f,1.53125f,0.2760661267337614f,0.41411461292294505f,-0.8673503219771688f,-0.17914936785519478f,0f,0f,0f,1f], start_interpolation: 0, interpolation_duration: 1 }
$data merge entity $(bone_leftfoot) { transformation: [-0.8515557593540587f,0.17473304647662297f,-0.4942885302937251f,0.17996877263663985f,0.00023585288848656377f,0.9429512173273722f,0.33293084284013374f,0.4529748101393519f,0.5242639917869123f,0.28339259730950134f,-0.80301675119877f,0.08775215858281142f,0f,0f,0f,1f], start_interpolation: 0, interpolation_duration: 1 }
$data merge entity $(bone_leftleg) { transformation: [-0.8529495046022365f,-0.013341001629810171f,-0.5218229204187114f,0.09790624928803121f,0.043650296255247203f,0.9943490859595957f,-0.0967705889624822f,0.8427159460565731f,0.5201651605361788f,-0.10531815098467087f,-0.8475472215974409f,-0.07951683842683525f,0f,0f,0f,1f], start_interpolation: 0, interpolation_duration: 1 }
$data merge entity $(bone_rightfoot) { transformation: [-0.862785748002508f,0.1643537685389871f,-0.4781093931421826f,0.04340386627744436f,-0.005061142453869079f,0.942829164897494f,0.3332379790116303f,0.5595812458621979f,0.5055443975367689f,0.289932758731619f,-0.8126277484392581f,0.3457642083322781f,0f,0f,0f,1f], start_interpolation: 0, interpolation_duration: 1 }
$data merge entity $(bone_rightleg) { transformation: [-0.8514320805451758f,-0.27886778955028546f,-0.4441803329390564f,-0.11545822481291904f,-0.043557194019275075f,0.8815941050731765f,-0.4699942603366472f,0.8427159460565731f,0.5226530235899153f,-0.38082094198134986f,-0.7627642014939852f,0.0507736109223973f,0f,0f,0f,1f], start_interpolation: 0, interpolation_duration: 1 }
$data merge entity $(bone_skirt_right_back) { transformation: [-0.853457896403801f,-0.07307211164237667f,-0.5160136486238741f,-0.24475275431876672f,0f,0.9901217840625121f,-0.14021003075696103f,0.8367205168385222f,0.5211617973969302f,-0.11966335790454816f,-0.8450272550095701f,-0.07101666128406242f,0f,0f,0f,1f], start_interpolation: 0, interpolation_duration: 1 }
$data merge entity $(bone_skirt_right) { transformation: [-0.853457896403801f,-0.18302580572321753f,-0.48796636513735864f,-0.12274366052880231f,0f,0.9363049394154093f,-0.35118806988037987f,0.8769731027789159f,0.5211617973969302f,-0.29972423136222004f,-0.7990968439859636f,0.18874839671578264f,0f,0f,0f,1f], start_interpolation: 0, interpolation_duration: 1 }
$data merge entity $(bone_skirt_left_back) { transformation: [-0.853457896403801f,0.06297191997984901f,-0.5173433640823573f,0.04919650592377228f,0f,0.9926732286717002f,0.12082988487333034f,0.9243703888542338f,0.5211617973969302f,0.10312321936670597f,-0.8472048055585185f,-0.24922750322958584f,0f,0f,0f,1f], start_interpolation: 0, interpolation_duration: 1 }
$data merge entity $(bone_skirt_left) { transformation: [-0.853457896403801f,-0.027820497382760934f,-0.5204187150664115f,0.22397360988524184f,0f,0.9985741811195097f,-0.053381689758760516f,0.8769731027789159f,0.5211617973969302f,-0.04555902464799207f,-0.8522410200214049f,-0.022973583476720266f,0f,0f,0f,1f], start_interpolation: 0, interpolation_duration: 1 }
$data merge entity $(bone_skirt_back_middle) { transformation: [-0.853457896403801f,0.017642847660413255f,-0.5208630808498816f,-0.0649654003289803f,0f,0.9994268257026119f,0.03385291813124976f,0.9277067444641564f,0.5211617973969302f,0.02889204029542651f,-0.8529687162736794f,-0.10638775555065062f,0f,0f,0f,1f], start_interpolation: 0, interpolation_duration: 1 }
$data merge entity $(bone_skirt_front_middle) { transformation: [-0.853457896403801f,-0.0730721116423767f,-0.5160136486238741f,0.09766544812927327f,0f,0.9901217840625122f,-0.1402100307569611f,0.944388522513769f,0.5211617973969302f,-0.11966335790454823f,-0.8450272550095701f,0.1599375632060384f,0f,0f,0f,1f], start_interpolation: 0, interpolation_duration: 1 }
$data merge entity $(bone_lower) { transformation: [-0.853457896403801f,-0.027820497382760934f,-0.5204187150664115f,0f,0f,0.9985741811195097f,-0.053381689758760516f,0.9375f,0.5211617973969302f,-0.04555902464799207f,-0.8522410200214049f,0f,0f,0f,0f,1f], start_interpolation: 0, interpolation_duration: 1 }
data modify entity @s data merge value {"locators":{"locator_right_hand":{"posx":-0.5482309206365368,"posy":0.8338763555220063,"posz":0.3342789973003042,"roty":313.0416217234108,"rotx":-3.805137734407436},"locator_left_hand":{"posx":0.5557499251200498,"posy":0.8374348056900051,"posz":-0.349767071080447,"roty":344.0395115263806,"rotx":-3.579689280663936}},"cameras":{}}