execute if entity @s[tag=aj.frestchika_v2.bone.hair] run data modify entity @s {} merge value {transformation:[-0.9999606192490471f,0.008727771117621961f,0.0016080927774045632f,0.0006861816879156178f,0.007704533403368741f,0.7638123189547896f,0.6453924244813716f,1.1281404653964882f,0.004404556288516798f,0.6453793980475554f,-0.7638494828561951f,0.03323084063607118f,0f,0f,0f,1f],start_interpolation:0}
execute if entity @s[tag=aj.frestchika_v2.bone.side_hair_2] run data modify entity @s {} merge value {transformation:[-0.9999606192490471f,0.008254149086757362f,0.00326021071649049f,0.49147267921551185f,0.007704533403368741f,0.6250902988651053f,0.78051441910433f,1.5142082268990922f,0.004404556288516798f,0.7805088002627435f,-0.6251292767070781f,0.12707071807911502f,0f,0f,0f,1f],start_interpolation:0}
execute if entity @s[tag=aj.frestchika_v2.bone.side_hair_1] run data modify entity @s {} merge value {transformation:[-0.9999606192490471f,0.008790857271523683f,0.0012168728339625365f,0.3366141041407542f,0.007704533403368741f,0.7918618602675883f,0.6106516473559951f,1.8221038391392428f,0.004404556288516798f,0.6106369748729487f,-0.791898405606373f,0.36425836526372074f,0f,0f,0f,1f],start_interpolation:0}
execute if entity @s[tag=aj.frestchika_v2.bone.head] run data modify entity @s {} merge value {transformation:[-0.9999606192490471f,0.007982747245721265f,-0.0038775891315695615f,0.003198680484313658f,0.007704533403368741f,0.9977149463821771f,0.06712321454344729f,1.286980036130469f,0.004404556288516798f,0.0670906961658634f,-0.9977371589611572f,0.32579494684844107f,0f,0f,0f,1f],start_interpolation:0}
execute if entity @s[tag=aj.frestchika_v2.bone.group] run data modify entity @s {} merge value {transformation:[0.0000017347191314603096f,3.1953733287575374e-7f,-0.000009843203006534218f,0.12932947774614484f,-4.5169487177905334e-7f,0.000009986798554928006f,2.445942887648723e-7f,1.10742670972242f,0.000009838024256818752f,4.0218219277653125e-7f,0.0000017468623889875728f,1.2086798621998314f,0f,0f,0f,1f],start_interpolation:0}
execute if entity @s[tag=aj.frestchika_v2.bone.group2] run data modify entity @s {} merge value {transformation:[0.0000017347191314603096f,3.1953733287575374e-7f,-0.000009843203006534218f,0.12932947774614484f,-4.5169487177905334e-7f,0.000009986798554928006f,2.445942887648723e-7f,1.10742670972242f,0.000009838024256818752f,4.0218219277653125e-7f,0.0000017468623889875728f,1.2086798621998314f,0f,0f,0f,1f],start_interpolation:0}
execute if entity @s[tag=aj.frestchika_v2.bone.group3] run data modify entity @s {} merge value {transformation:[0.0000017347191314603096f,3.1953733287575374e-7f,-0.000009843203006534218f,0.12932947774614484f,-4.5169487177905334e-7f,0.000009986798554928006f,2.445942887648723e-7f,1.10742670972242f,0.000009838024256818752f,4.0218219277653125e-7f,0.0000017468623889875728f,1.2086798621998314f,0f,0f,0f,1f],start_interpolation:0}
execute if entity @s[tag=aj.frestchika_v2.locator_origin.muzzle] at @s on origin run tp @s ^0.12933 ^1.10743 ^1.20869 ~-100.06344 ~1.40156
execute if entity @s[tag=aj.frestchika_v2.bone.gun] run data modify entity @s {} merge value {transformation:[0.0000017347191314603096f,3.1953733287575374e-7f,-0.000009843203006534218f,0.12932500497294472f,-4.5169487177905334e-7f,0.000009986798554928006f,2.445942887648723e-7f,1.1074286757275247f,0.000009838024256818752f,4.0218219277653125e-7f,0.0000017468623889875728f,1.2086812176081243f,0f,0f,0f,1f],start_interpolation:0}
execute if entity @s[tag=aj.frestchika_v2.bone.sword] run data modify entity @s {} merge value {transformation:[-1.0306082418631912f,0.11104543153528094f,-0.18176984359019663f,0.34434009279080696f,0.10298751971695783f,1.0458922518050686f,0.05502436275571103f,1.216296276843768f,0.18645357246835093f,0.03609739394009075f,-1.0351119531550792f,1.1545002453872337f,0f,0f,0f,1f],start_interpolation:0}
execute if entity @s[tag=aj.frestchika_v2.bone.arm_right_1] run data modify entity @s {} merge value {transformation:[0.17347191314603094f,0.03195373328757537f,-0.9843203006534217f,0.025899491629669272f,-0.04516948717790533f,0.9986798554928006f,0.02445942887648723f,1.1227693013027984f,0.983802425681875f,0.04021821927765312f,0.17468623889875726f,0.909979638946808f,0f,0f,0f,1f],start_interpolation:0}
execute if entity @s[tag=aj.frestchika_v2.bone.arm_right_0] run data modify entity @s {} merge value {transformation:[0.18855019587605104f,0.03195373328757537f,-0.981543571403781f,-0.026402889860028977f,-0.045539361097896365f,0.9986798554928006f,0.023763687080802384f,1.1394009925817445f,0.9810071305683249f,0.04021821927765312f,0.18975643496924272f,0.5385440318280128f,0f,0f,0f,1f],start_interpolation:0}
execute if entity @s[tag=aj.frestchika_v2.bone.arm_left_1] run data modify entity @s {} merge value {transformation:[-0.31992729507006445f,0.5241784715835371f,-0.7892296597299794f,-0.1089380545332519f,0.7713565106325991f,0.627801345929186f,0.10428136724364306f,1.147163829495163f,0.5501414903221289f,-0.5754149806686039f,-0.6051792632338765f,-0.17274135517486383f,0f,0f,0f,1f],start_interpolation:0}
execute if entity @s[tag=aj.frestchika_v2.bone.arm_left_0] run data modify entity @s {} merge value {transformation:[0.6320560868597458f,0.5241784715835371f,-0.5707381474826196f,0.13901054087540532f,0.16603442225721085f,0.627801345929186f,0.7604590986208376f,1.1426847731915744f,0.7569264651795838f,-0.5754149806686039f,0.3097739923442426f,0.04824239128401123f,0f,0f,0f,1f],start_interpolation:0}
execute if entity @s[tag=aj.frestchika_v2.bone.right_wing_0] run data modify entity @s {} merge value {transformation:[-0.0000011834981026330482f,8.529814624836241e-8f,-0.000009929353275380557f,-0.5813659886191204f,-0.000002347000545358517f,0.000009713891138000306f,3.631905824301674e-7f,0.9299179986276053f,0.000009648363627120966f,0.0000023734032917575835f,-0.0000011296176935244359f,0.3752962451993037f,0f,0f,0f,1f],start_interpolation:0}
execute if entity @s[tag=aj.frestchika_v2.bone.right_wing_1] run data modify entity @s {} merge value {transformation:[-0.0000011834981026330482f,8.529814624836241e-8f,-0.000009929353275380557f,0.06219320388757531f,-0.000002347000545358517f,0.000009713891138000306f,3.631905824301674e-7f,1.7611313247664289f,0.000009648363627120966f,0.0000023734032917575835f,-0.0000011296176935244359f,0.24185488283603976f,0f,0f,0f,1f],start_interpolation:0}
execute if entity @s[tag=aj.frestchika_v2.bone.right_wing_2] run data modify entity @s {} merge value {transformation:[-0.0000011834981026330482f,8.529814624836241e-8f,-0.000009929353275380557f,0.06277295617750529f,-0.000002347000545358517f,0.000009713891138000306f,3.631905824301674e-7f,1.744384654223527f,0.000009648363627120966f,0.0000023734032917575835f,-0.0000011296176935244359f,0.23137452439704362f,0f,0f,0f,1f],start_interpolation:0}
execute if entity @s[tag=aj.frestchika_v2.bone.left_wing_0] run data modify entity @s {} merge value {transformation:[-0.0000011834981026330482f,8.529814624836241e-8f,-0.000009929353275380557f,-0.5813659886191204f,-0.000002347000545358517f,0.000009713891138000306f,3.631905824301674e-7f,0.9299179986276053f,0.000009648363627120966f,0.0000023734032917575835f,-0.0000011296176935244359f,0.3752962451993037f,0f,0f,0f,1f],start_interpolation:0}
execute if entity @s[tag=aj.frestchika_v2.bone.left_wing_1] run data modify entity @s {} merge value {transformation:[-0.0000011834981026330482f,8.529814624836241e-8f,-0.000009929353275380557f,0.06219320388757531f,-0.000002347000545358517f,0.000009713891138000306f,3.631905824301674e-7f,1.7611313247664289f,0.000009648363627120966f,0.0000023734032917575835f,-0.0000011296176935244359f,0.24185488283603976f,0f,0f,0f,1f],start_interpolation:0}
execute if entity @s[tag=aj.frestchika_v2.bone.left_wing_2] run data modify entity @s {} merge value {transformation:[-0.0000011834981026330482f,8.529814624836241e-8f,-0.000009929353275380557f,0.06277295617750529f,-0.000002347000545358517f,0.000009713891138000306f,3.631905824301674e-7f,1.744384654223527f,0.000009648363627120966f,0.0000023734032917575835f,-0.0000011296176935244359f,0.23137452439704362f,0f,0f,0f,1f],start_interpolation:0}
execute if entity @s[tag=aj.frestchika_v2.bone.leg_right_1] run data modify entity @s {} merge value {transformation:[-0.7937625172097308f,-0.030303839061531057f,-0.6074724220991475f,0.11114850548729109f,0.05258365815317259f,0.9915994997736552f,-0.11817525520965466f,0.37850022299870684f,0.6059505137947342f,-0.12574621022825905f,-0.7855010282903059f,0.6164271789247424f,0f,0f,0f,1f],start_interpolation:0}
execute if entity @s[tag=aj.frestchika_v2.bone.leg_right_0] run data modify entity @s {} merge value {transformation:[-0.7937625172097308f,-0.4004427331247543f,-0.4578063823937461f,-0.04326393889144682f,0.05258365815317259f,0.7046905100388761f,-0.7075635971108033f,0.6439515449005044f,0.6059505137947342f,-0.5857105962407761f,-0.538300169313713f,0.3911196513334475f,0f,0f,0f,1f],start_interpolation:0}
execute if entity @s[tag=aj.frestchika_v2.bone.leg_left_1] run data modify entity @s {} merge value {transformation:[-0.13845736147576845f,0.10265913860029341f,-0.9850333295452567f,0.21296149502406264f,-0.7220500458727567f,0.6702860369612487f,0.17134865015498035f,0.388171589763793f,0.677844591560867f,0.7349678427772397f,-0.01868100037610415f,-0.1277354940316234f,0f,0f,0f,1f],start_interpolation:0}
execute if entity @s[tag=aj.frestchika_v2.bone.leg_left_0] run data modify entity @s {} merge value {transformation:[-0.13845736147576845f,-0.5439066447420094f,-0.8276443202600124f,0.008996503245809093f,-0.7220500458727567f,0.6274181665642593f,-0.29153074541168655f,0.6234534022253903f,0.677844591560867f,0.5572360416113024f,-0.4795984816709164f,0.08122802157261497f,0f,0f,0f,1f],start_interpolation:0}
execute if entity @s[tag=aj.frestchika_v2.bone.body_0] run data modify entity @s {} merge value {transformation:[-0.10604319204036933f,0.031041427700706524f,-0.9938768893520924f,6.813357617879452e-17f,0.049034902733477f,0.998459831457123f,0.025952712392582046f,0.9227091184554577f,0.9931517606769913f,-0.04598254813421556f,-0.10740198103981483f,0.2367923234075317f,0f,0f,0f,1f],start_interpolation:0}
execute if entity @s[tag=aj.frestchika_v2.bone.body_1] run data modify entity @s {} merge value {transformation:[-0.11834981026330481f,0.00852981462483624f,-0.9929353275380556f,6.813357617879452e-17f,-0.2347000545358517f,0.9713891138000305f,0.03631905824301673f,0.9227091184554577f,0.9648363627120965f,0.23734032917575834f,-0.11296176935244358f,0.2367923234075317f,0f,0f,0f,1f],start_interpolation:0}