execute if entity @s[tag=aj.tutankhamen.bone.head] run data modify entity @s {} merge value {transformation:[-0.983444870036531f,-0.07098660619129024f,-0.16672459128836775f,-0.0009421923988348791f,0.0009675657991524705f,0.9180049315069031f,-0.39656778682266997f,1.6249432341028696f,0.1812049983175267f,-0.3901638725849037f,-0.9027385563463521f,-0.008784199432562341f,0f,0f,0f,1f],start_interpolation:0}
execute if entity @s[tag=aj.tutankhamen.bone.back_cape] run data modify entity @s {} merge value {transformation:[-0.994296819435182f,0.1046749889954867f,-0.020420125853570458f,-0.017604595032330788f,0f,0.1914718595993554f,0.9814981034019192f,1.6229353739519339f,0.10664818264312287f,0.9759004424941917f,-0.19037986101097878f,-0.1641302497077256f,0f,0f,0f,1f],start_interpolation:0}
execute if entity @s[tag=aj.tutankhamen.bone.left_hand] run data modify entity @s {} merge value {transformation:[-0.2134534026946986f,-0.5930443657940963f,-0.7763607570439999f,0.46998134462383134f,-0.9763075395053727f,0.15837569765604703f,0.14744736924382557f,1.4849050423696342f,0.03551384494840772f,0.7894400031616324f,-0.6127995171547886f,-0.3162390854810514f,0f,0f,0f,1f],start_interpolation:0}
execute if entity @s[tag=aj.tutankhamen.bone.cape_left_back] run data modify entity @s {} merge value {transformation:[-0.2715379144421724f,-0.6545894304253f,-0.705535143416596f,0.32566869828629985f,-0.9574445660457697f,0.2582312809723566f,0.12890503666189043f,1.4871245662411066f,0.0978113693280235f,0.7105133940348041f,-0.6968526766306635f,-0.2594067696060661f,0f,0f,0f,1f],start_interpolation:0}
execute if entity @s[tag=aj.tutankhamen.bone.cape_left_side] run data modify entity @s {} merge value {transformation:[-0.2715379144421724f,-0.6545894304253f,-0.705535143416596f,0.45628839034496377f,-0.9574445660457697f,0.2582312809723566f,0.12890503666189043f,1.6206121501030217f,0.0978113693280235f,0.7105133940348041f,-0.6968526766306635f,-0.18758321148473683f,0f,0f,0f,1f],start_interpolation:0}
execute if entity @s[tag=aj.tutankhamen.bone.left_arm] run data modify entity @s {} merge value {transformation:[-0.2134534026946986f,-0.675764608633937f,-0.705535143416596f,0.26890263523190583f,-0.9763075395053727f,0.17380184069267318f,0.12890503666189043f,1.4994794271104734f,0.03551384494840772f,0.7163344986035926f,-0.6968526766306635f,-0.07321704747005944f,0f,0f,0f,1f],start_interpolation:0}
execute if entity @s[tag=aj.tutankhamen.bone.cape_right_back] run data modify entity @s {} merge value {transformation:[-0.9847526807206007f,-0.06451476563454722f,0.16155495296867223f,-0.25796338573792843f,-0.09307795525743238f,-0.589169729694527f,-0.8026303781048747f,1.5386687893699393f,0.14696479870596843f,-0.8054296211505994f,0.574181568246941f,0.18797536013781224f,0f,0f,0f,1f],start_interpolation:0}
execute if entity @s[tag=aj.tutankhamen.bone.cape_right] run data modify entity @s {} merge value {transformation:[-0.9847526807206007f,-0.06451476563454722f,0.16155495296867223f,-0.45221973034269036f,-0.09307795525743238f,-0.589169729694527f,-0.8026303781048747f,1.7247829533871841f,0.14696479870596843f,-0.8054296211505994f,0.574181568246941f,0.06739321787388454f,0f,0f,0f,1f],start_interpolation:0}
execute if entity @s[tag=aj.tutankhamen.bone.weapon] run data modify entity @s {} merge value {transformation:[-1.6012152976939933f,-0.31449458742190817f,0.10858360154356268f,-0.30023144463110035f,-0.1044762556444664f,-0.031462511515932254f,-1.631772807711519f,1.910226131054307f,0.31588282012220825f,-1.6045843506847954f,0.010713500838048444f,0.5015553039525427f,0f,0f,0f,1f],start_interpolation:0}
execute if entity @s[tag=aj.tutankhamen.bone.right_hand] run data modify entity @s {} merge value {transformation:[-0.9847526807206007f,-0.06451476563454722f,0.16155495296867223f,-0.2907697458666708f,-0.09307795525743238f,-0.589169729694527f,-0.8026303781048747f,1.659570718111515f,0.14696479870596843f,-0.8054296211505994f,0.574181568246941f,0.2573603647257649f,0f,0f,0f,1f],start_interpolation:0}
execute if entity @s[tag=aj.tutankhamen.bone.right_arm] run data modify entity @s {} merge value {transformation:[-0.9847526807206007f,-0.06451476563454722f,0.16155495296867223f,-0.27831359082834384f,-0.09307795525743238f,-0.589169729694527f,-0.8026303781048747f,1.4994794271104734f,0.14696479870596843f,-0.8054296211505994f,0.574181568246941f,-0.014522686911503558f,0f,0f,0f,1f],start_interpolation:0}
execute if entity @s[tag=aj.tutankhamen.bone.body] run data modify entity @s {} merge value {transformation:[-0.994296819435182f,-0.0013704616710325515f,-0.1066393768543738f,0.0010278462532744136f,0f,0.9999174314223556f,-0.01285030496598832f,0.18756192643323333f,0.10664818264312287f,-0.012777017356454314f,-0.9942147217610449f,0.009582763017340736f,0f,0f,0f,1f],start_interpolation:0}
execute if entity @s[tag=aj.tutankhamen.bone.left_foot] run data modify entity @s {} merge value {transformation:[-0.6971388123697159f,-0.11831093055056979f,0.7071067811865477f,0.1398378807386667f,-0.1673169225615972f,0.9859031633099249f,0f,0.44889601988195776f,-0.6971388123697162f,-0.11831093055056985f,-0.7071067811865474f,0.13983788073866676f,0f,0f,0f,1f],start_interpolation:0}
execute if entity @s[tag=aj.tutankhamen.bone.left_leg] run data modify entity @s {} merge value {transformation:[-0.6971388123697159f,-0.11831093055056979f,0.7071067811865477f,0.06629126073623881f,-0.1673169225615972f,0.9859031633099249f,0f,0.875f,-0.6971388123697162f,-0.11831093055056985f,-0.7071067811865474f,0.06629126073623884f,0f,0f,0f,1f],start_interpolation:0}
execute if entity @s[tag=aj.tutankhamen.bone.right_foot] run data modify entity @s {} merge value {transformation:[-0.6971388123697159f,0.11831093055056979f,0.7071067811865477f,-0.1398378807386667f,0.1673169225615972f,0.9859031633099249f,0f,0.44889601988195776f,-0.6971388123697162f,0.11831093055056985f,-0.7071067811865474f,-0.13983788073866676f,0f,0f,0f,1f],start_interpolation:0}
execute if entity @s[tag=aj.tutankhamen.bone.right_leg] run data modify entity @s {} merge value {transformation:[-0.6971388123697159f,0.11831093055056979f,0.7071067811865477f,-0.06629126073623881f,0.1673169225615972f,0.9859031633099249f,0f,0.875f,-0.6971388123697162f,0.11831093055056985f,-0.7071067811865474f,-0.06629126073623884f,0f,0f,0f,1f],start_interpolation:0}