execute if entity @s[tag=aj.tutankhamen.bone.head] run data modify entity @s {} merge value {transformation:[-0.983908029419044f,-0.026341876613931066f,-0.17672321630501697f,-0.00016708111568480112f,0.00025794700601673124f,0.9888622795159088f,-0.148833214081881f,1.624997319368448f,0.17867546868016176f,-0.14648377960394576f,-0.9729427419971165f,-0.0019125755146270369f,0f,0f,0f,1f],start_interpolation:0}
execute if entity @s[tag=aj.tutankhamen.bone.back_cape] run data modify entity @s {} merge value {transformation:[-0.9962058855710014f,0.07056730484163312f,-0.0509322004343474f,-0.01376511787829396f,2.168404344971009e-19f,0.5852407540255098f,0.8108595808323736f,1.6245609876225506f,0.08702777461073286f,0.807783086796846f,-0.5830202836362237f,-0.15756913821215757f,0f,0f,0f,1f],start_interpolation:0}
execute if entity @s[tag=aj.tutankhamen.bone.left_hand] run data modify entity @s {} merge value {transformation:[-0.19257668766032401f,-0.7168681852690956f,-0.6700852366070836f,0.49556486816567424f,-0.9810866920728664f,0.15427853375505485f,0.11690610189340453f,1.489395659096436f,0.019573502683440994f,0.67992509805962f,-0.7330202855455759f,-0.28378402740725106f,0f,0f,0f,1f],start_interpolation:0}
execute if entity @s[tag=aj.tutankhamen.bone.cape_left_back] run data modify entity @s {} merge value {transformation:[-0.2570627675496664f,-0.7286711861697817f,-0.6347889696471019f,0.34625872749649556f,-0.9634320712585143f,0.24462840934435814f,0.10934159964157404f,1.4882951952782517f,0.07561334280558746f,0.6396837060513363f,-0.7649100460852847f,-0.24174305162490423f,0f,0f,0f,1f],start_interpolation:0}
execute if entity @s[tag=aj.tutankhamen.bone.cape_left_side] run data modify entity @s {} merge value {transformation:[-0.2570627675496664f,-0.7286711861697817f,-0.6347889696471019f,0.4657734061320187f,-0.9634320712585143f,0.24462840934435814f,0.10934159964157404f,1.625163756457198f,0.07561334280558746f,0.6396837060513363f,-0.7649100460852847f,-0.15794388067761667f,0f,0f,0f,1f],start_interpolation:0}
execute if entity @s[tag=aj.tutankhamen.bone.left_arm] run data modify entity @s {} merge value {transformation:[-0.19257668766032401f,-0.7483028687531195f,-0.6347889696471019f,0.27078575633672397f,-0.9810866920728664f,0.15972888663401624f,0.10934159964157404f,1.4998947731228536f,0.019573502683440994f,0.6438396534778741f,-0.7649100460852847f,-0.06226903804905659f,0f,0f,0f,1f],start_interpolation:0}
execute if entity @s[tag=aj.tutankhamen.bone.cape_right_back] run data modify entity @s {} merge value {transformation:[-0.9928265341240623f,-0.11176397151514658f,0.04247690914324766f,-0.25881195330215356f,-0.06302256867239567f,0.1872794079944622f,-0.980282907725712f,1.3780305793440897f,0.10160526057805962f,-0.975927885661848f,-0.19297961812186107f,0.15222838132318617f,0f,0f,0f,1f],start_interpolation:0}
execute if entity @s[tag=aj.tutankhamen.bone.cape_right] run data modify entity @s {} merge value {transformation:[-0.9928265341240623f,-0.11176397151514658f,0.04247690914324766f,-0.4245603265448502f,-0.06302256867239567f,0.1872794079944622f,-0.980282907725712f,1.6132540299204559f,0.10160526057805962f,-0.975927885661848f,-0.19297961812186107f,0.21634910781897324f,0f,0f,0f,1f],start_interpolation:0}
execute if entity @s[tag=aj.tutankhamen.bone.weapon] run data modify entity @s {} merge value {transformation:[-1.6114302069753654f,-0.2045086759330754f,-0.18988565803278237f,-0.2644761149226753f,-0.12537115855647737f,1.5246699859492958f,-0.5781446014265733f,1.4094306463516784f,0.24932395444611627f,-0.5551083759272465f,-1.5179854842276577f,0.6392148094606194f,0f,0f,0f,1f],start_interpolation:0}
execute if entity @s[tag=aj.tutankhamen.bone.right_hand] run data modify entity @s {} merge value {transformation:[-0.9928265341240623f,-0.11176397151514658f,0.04247690914324766f,-0.27852209287559015f,-0.06302256867239567f,0.1872794079944622f,-0.980282907725712f,1.4139188798066264f,0.10160526057805962f,-0.975927885661848f,-0.19297961812186107f,0.2894557575565978f,0f,0f,0f,1f],start_interpolation:0}
execute if entity @s[tag=aj.tutankhamen.bone.right_arm] run data modify entity @s {} merge value {transformation:[-0.9928265341240623f,-0.11176397151514658f,0.04247690914324766f,-0.2774811338167046f,-0.06302256867239567f,0.1872794079944622f,-0.980282907725712f,1.4998947731228536f,0.10160526057805962f,-0.975927885661848f,-0.19297961812186107f,-0.014372867153166704f,0f,0f,0f,1f],start_interpolation:0}
execute if entity @s[tag=aj.tutankhamen.bone.body] run data modify entity @s {} merge value {transformation:[-0.9962058855710014f,-0.0002430270773597107f,-0.08702743528069862f,0.00018227030801978302f,2.168404344971009e-19f,0.9999961008995606f,-0.0027925231737424986f,0.18750292432532956f,0.08702777461073286f,-0.00278192802127569f,-0.9962020012641954f,0.0020864460159567676f,0f,0f,0f,1f],start_interpolation:0}
execute if entity @s[tag=aj.tutankhamen.bone.left_foot] run data modify entity @s {} merge value {transformation:[-0.6965350055822968f,-0.12181537669140807f,0.7071067811865477f,0.14135220696317663f,-0.17227295782257673f,0.9850492515621038f,0f,0.4494244823735351f,-0.6965350055822971f,-0.12181537669140813f,-0.7071067811865474f,0.14135220696317669f,0f,0f,0f,1f],start_interpolation:0}
execute if entity @s[tag=aj.tutankhamen.bone.left_leg] run data modify entity @s {} merge value {transformation:[-0.6965350055822968f,-0.12181537669140807f,0.7071067811865477f,0.06629126073623881f,-0.17227295782257673f,0.9850492515621038f,0f,0.875f,-0.6965350055822971f,-0.12181537669140813f,-0.7071067811865474f,0.06629126073623884f,0f,0f,0f,1f],start_interpolation:0}
execute if entity @s[tag=aj.tutankhamen.bone.right_foot] run data modify entity @s {} merge value {transformation:[-0.6965350055822968f,0.12181537669140807f,0.7071067811865477f,-0.14135220696317663f,0.17227295782257673f,0.9850492515621038f,0f,0.4494244823735351f,-0.6965350055822971f,0.12181537669140813f,-0.7071067811865474f,-0.14135220696317669f,0f,0f,0f,1f],start_interpolation:0}
execute if entity @s[tag=aj.tutankhamen.bone.right_leg] run data modify entity @s {} merge value {transformation:[-0.6965350055822968f,0.12181537669140807f,0.7071067811865477f,-0.06629126073623881f,0.17227295782257673f,0.9850492515621038f,0f,0.875f,-0.6965350055822971f,0.12181537669140813f,-0.7071067811865474f,-0.06629126073623884f,0f,0f,0f,1f],start_interpolation:0}