execute if entity @s[tag=aj.tutankhamen.bone.head] run data modify entity @s {} merge value {transformation:[-0.9298622189427319f,-0.2933347278858798f,0.22206078266775514f,-0.09831589269389927f,-0.0996005029250512f,0.7817464020909812f,0.6155910189686679f,1.5950553301958932f,-0.3541694419341905f,0.5502974652257839f,-0.7561327305216337f,0.06772233824324092f,0f,0f,0f,1f],start_interpolation:0}
execute if entity @s[tag=aj.tutankhamen.bone.back_cape] run data modify entity @s {} merge value {transformation:[-0.5672689491267564f,-0.3802650349087716f,0.7304823355718167f,0.028406183400281754f,0f,0.8870108331782217f,0.4617486132350338f,1.6221878579563511f,-0.8235325976284276f,0.2619356505905748f,-0.5031737032010585f,-0.019566858497871195f,0f,0f,0f,1f],start_interpolation:0}
execute if entity @s[tag=aj.tutankhamen.bone.left_hand] run data modify entity @s {} merge value {transformation:[-0.008687847892639971f,0.9959430002087958f,-0.08956596247513407f,0.044069172495007594f,-0.9512512425641976f,-0.035846210935431194f,-0.3063268233139931f,1.4196057462387892f,-0.30829465583928667f,0.08253841224954209f,0.9477034428998666f,0.5655012051451275f,0f,0f,0f,1f],start_interpolation:0}
execute if entity @s[tag=aj.tutankhamen.bone.cape_left_back] run data modify entity @s {} merge value {transformation:[0.015453693958305755f,0.27631840565644994f,0.9609418931644726f,0.14220538759475876f,-0.9220085787062315f,0.3757777035618672f,-0.09322713284169967f,1.4253702920154303f,-0.38686091058047933f,-0.884555965556305f,0.26057509409687546f,0.44551357409610653f,0f,0f,0f,1f],start_interpolation:0}
execute if entity @s[tag=aj.tutankhamen.bone.cape_left_side] run data modify entity @s {} merge value {transformation:[0.015453693958305755f,0.27631840565644994f,0.9609418931644726f,0.0196730112682144f,-0.9220085787062315f,0.3757777035618672f,-0.09322713284169967f,1.5810875240434914f,-0.38686091058047933f,-0.884555965556305f,0.26057509409687546f,0.473388704612197f,0f,0f,0f,1f],start_interpolation:0}
execute if entity @s[tag=aj.tutankhamen.bone.left_arm] run data modify entity @s {} merge value {transformation:[-0.008687847892639971f,0.2766138088752507f,0.9609418931644726f,0.10558301956844053f,-0.9512512425641976f,0.29398941345256946f,-0.09322713284169967f,1.4783613276446106f,-0.30829465583928667f,-0.9149071130542927f,0.26057509409687546f,0.26141470545761636f,0f,0f,0f,1f],start_interpolation:0}
execute if entity @s[tag=aj.tutankhamen.bone.cape_right_back] run data modify entity @s {} merge value {transformation:[-0.09974615883520005f,-0.23551111709694714f,0.9667394775850271f,-0.07789028377378288f,0.6191843282104642f,0.7458539057919901f,0.245586479500377f,1.3639108069349517f,-0.7788847613711407f,0.6230862419750425f,0.07142873067078692f,-0.3070858863640873f,0f,0f,0f,1f],start_interpolation:0}
execute if entity @s[tag=aj.tutankhamen.bone.cape_right] run data modify entity @s {} merge value {transformation:[-0.09974615883520005f,-0.23551111709694714f,0.9667394775850271f,-0.33516049048803964f,0.6191843282104642f,0.7458539057919901f,0.245586479500377f,1.3992617383427426f,-0.7788847613711407f,0.6230862419750425f,0.07142873067078692f,-0.44664381299602474f,0f,0f,0f,1f],start_interpolation:0}
execute if entity @s[tag=aj.tutankhamen.bone.weapon] run data modify entity @s {} merge value {transformation:[-0.16312653059506677f,0.274418218442547f,1.6039551271821624f,-0.09363589702083729f,1.0126243700941968f,1.278969467031754f,-0.11583031167597406f,1.0164876460935903f,-1.2738011201590531f,0.9815902492376547f,-0.2974877518389816f,-0.6494644065715787f,0f,0f,0f,1f],start_interpolation:0}
execute if entity @s[tag=aj.tutankhamen.bone.right_hand] run data modify entity @s {} merge value {transformation:[-0.09974615883520005f,-0.23551111709694714f,0.9667394775850271f,-0.11198967894932867f,0.6191843282104642f,0.7458539057919901f,0.245586479500377f,1.2746794239987564f,-0.7788847613711407f,0.6230862419750425f,0.07142873067078692f,-0.41377611107073997f,0f,0f,0f,1f],start_interpolation:0}
execute if entity @s[tag=aj.tutankhamen.bone.right_arm] run data modify entity @s {} merge value {transformation:[-0.09974615883520005f,-0.23551111709694714f,0.9667394775850271f,-0.20661628292821554f,0.6191843282104642f,0.7458539057919901f,0.245586479500377f,1.4783613276446106f,-0.7788847613711407f,0.6230862419750425f,0.07142873067078692f,-0.19182057731017696f,0f,0f,0f,1f],start_interpolation:0}
execute if entity @s[tag=aj.tutankhamen.bone.body] run data modify entity @s {} merge value {transformation:[-0.5672689491267564f,-0.14300493482748985f,0.8110212870027587f,0.10725370112061738f,0f,0.984807753012208f,0.17364817766693033f,0.17939418524084405f,-0.8235325976284276f,0.09850521926289588f,-0.5586508591431175f,-0.0738789144471719f,0f,0f,0f,1f],start_interpolation:0}
execute if entity @s[tag=aj.tutankhamen.bone.left_foot] run data modify entity @s {} merge value {transformation:[-0.6886490255948652f,-0.16050707008491089f,0.7071067811865477f,0.15803338594822686f,-0.2269912753708499f,0.9738967917112752f,0f,0.4365136309816562f,-0.6886490255948655f,-0.16050707008491094f,-0.7071067811865474f,0.1580333859482269f,0f,0f,0f,1f],start_interpolation:0}
execute if entity @s[tag=aj.tutankhamen.bone.left_leg] run data modify entity @s {} merge value {transformation:[-0.6886490255948652f,-0.16050707008491089f,0.7071067811865477f,0.06629126073623881f,-0.2269912753708499f,0.9738967917112752f,0f,0.8555f,-0.6886490255948655f,-0.16050707008491094f,-0.7071067811865474f,0.06629126073623884f,0f,0f,0f,1f],start_interpolation:0}
execute if entity @s[tag=aj.tutankhamen.bone.right_foot] run data modify entity @s {} merge value {transformation:[-0.6886490255948652f,0.16050707008491089f,0.7071067811865477f,-0.15803338594822686f,0.2269912753708499f,0.9738967917112752f,0f,0.4365136309816562f,-0.6886490255948655f,0.16050707008491094f,-0.7071067811865474f,-0.1580333859482269f,0f,0f,0f,1f],start_interpolation:0}
execute if entity @s[tag=aj.tutankhamen.bone.right_leg] run data modify entity @s {} merge value {transformation:[-0.6886490255948652f,0.16050707008491089f,0.7071067811865477f,-0.06629126073623881f,0.2269912753708499f,0.9738967917112752f,0f,0.8555f,-0.6886490255948655f,0.16050707008491094f,-0.7071067811865474f,-0.06629126073623884f,0f,0f,0f,1f],start_interpolation:0}