execute if entity @s[tag=aj.tutankhamen.bone.head] run data modify entity @s {} merge value {transformation:[-0.983908029419044f,-0.026341876613931108f,-0.17672321630501722f,-0.00016708111568480112f,0.0002579470060167313f,0.9888622795159088f,-0.148833214081881f,1.624997319368448f,0.17867546868016193f,-0.14648377960394574f,-0.9729427419971163f,-0.0019125755146270369f,0f,0f,0f,1f],start_interpolation:0}
execute if entity @s[tag=aj.tutankhamen.bone.back_cape] run data modify entity @s {} merge value {transformation:[-0.9962058855710014f,0.07056730484163336f,-0.05093220043434757f,-0.013765117878294004f,2.168404344971009e-19f,0.5852407540255098f,0.8108595808323736f,1.6245609876225506f,0.08702777461073302f,0.8077830867968459f,-0.5830202836362237f,-0.15756913821215757f,0f,0f,0f,1f],start_interpolation:0}
execute if entity @s[tag=aj.tutankhamen.bone.left_hand] run data modify entity @s {} merge value {transformation:[-0.19257668766032401f,-0.7168681852690955f,-0.6700852366070839f,0.4955648681656742f,-0.9810866920728664f,0.15427853375505485f,0.11690610189340453f,1.489395659096436f,0.019573502683441026f,0.6799250980596201f,-0.7330202855455757f,-0.28378402740725117f,0f,0f,0f,1f],start_interpolation:0}
execute if entity @s[tag=aj.tutankhamen.bone.cape_left_back] run data modify entity @s {} merge value {transformation:[-0.25706276754966634f,-0.7286711861697814f,-0.6347889696471021f,0.3462587274964955f,-0.9634320712585143f,0.24462840934435814f,0.10934159964157404f,1.4882951952782517f,0.0756133428055875f,0.6396837060513364f,-0.7649100460852846f,-0.24174305162490423f,0f,0f,0f,1f],start_interpolation:0}
execute if entity @s[tag=aj.tutankhamen.bone.cape_left_side] run data modify entity @s {} merge value {transformation:[-0.25706276754966634f,-0.7286711861697814f,-0.6347889696471021f,0.4657734061320186f,-0.9634320712585143f,0.24462840934435814f,0.10934159964157404f,1.625163756457198f,0.0756133428055875f,0.6396837060513364f,-0.7649100460852846f,-0.15794388067761672f,0f,0f,0f,1f],start_interpolation:0}
execute if entity @s[tag=aj.tutankhamen.bone.left_arm] run data modify entity @s {} merge value {transformation:[-0.19257668766032401f,-0.7483028687531194f,-0.6347889696471021f,0.2707857563367239f,-0.9810866920728664f,0.15972888663401624f,0.10934159964157404f,1.4998947731228536f,0.019573502683441026f,0.6438396534778742f,-0.7649100460852846f,-0.06226903804905663f,0f,0f,0f,1f],start_interpolation:0}
execute if entity @s[tag=aj.tutankhamen.bone.cape_right_back] run data modify entity @s {} merge value {transformation:[-0.9928265341079509f,-0.11176397222215013f,0.04247690765957321f,-0.25881195330020984f,-0.06302256756460248f,0.18727941009893595f,-0.9802829073948807f,1.3780305789853753f,0.101605261422618f,-0.9759278851770358f,-0.192979620128967f,0.1522283810605789f,0f,0f,0f,1f],start_interpolation:0}
execute if entity @s[tag=aj.tutankhamen.bone.cape_right] run data modify entity @s {} merge value {transformation:[-0.9928265341079509f,-0.11176397222215013f,0.04247690765957321f,-0.4245603261694705f,-0.06302256756460248f,0.18727941009893595f,-0.9802829073948807f,1.6132540296521263f,0.101605261422618f,-0.9759278851770358f,-0.192979620128967f,0.21634910819010472f,0f,0f,0f,1f],start_interpolation:0}
execute if entity @s[tag=aj.tutankhamen.bone.weapon] run data modify entity @s {} merge value {transformation:[-1.6114302055072456f,-0.20450865374527005f,-0.18988569438818667f,-0.26447611440300856f,-0.1253711146605959f,1.5246699657245117f,-0.5781446642817775f,1.4094306450239895f,0.24932398600765676f,-0.5551084396512331f,-1.5179854557407129f,0.639214809266512f,0f,0f,0f,1f],start_interpolation:0}
execute if entity @s[tag=aj.tutankhamen.bone.right_hand] run data modify entity @s {} merge value {transformation:[-0.9928265341079509f,-0.11176397222215013f,0.04247690765957321f,-0.2785220926920379f,-0.06302256756460248f,0.18727941009893595f,-0.9802829073948807f,1.4139188791987944f,0.101605261422618f,-0.9759278851770358f,-0.192979620128967f,0.28945575738522566f,0f,0f,0f,1f],start_interpolation:0}
execute if entity @s[tag=aj.tutankhamen.bone.right_arm] run data modify entity @s {} merge value {transformation:[-0.9928265341079509f,-0.11176397222215013f,0.04247690765957321f,-0.27748113381670464f,-0.06302256756460248f,0.18727941009893595f,-0.9802829073948807f,1.4998947731228536f,0.101605261422618f,-0.9759278851770358f,-0.192979620128967f,-0.014372867153166652f,0f,0f,0f,1f],start_interpolation:0}
execute if entity @s[tag=aj.tutankhamen.bone.body] run data modify entity @s {} merge value {transformation:[-0.9962058855710014f,-0.0002430270773597107f,-0.0870274352806989f,0.00018227030801978302f,2.168404344971009e-19f,0.9999961008995606f,-0.002792523173742499f,0.18750292432532956f,0.08702777461073302f,-0.00278192802127569f,-0.9962020012641953f,0.0020864460159567676f,0f,0f,0f,1f],start_interpolation:0}
execute if entity @s[tag=aj.tutankhamen.bone.left_foot] run data modify entity @s {} merge value {transformation:[-0.6965350055822968f,-0.12181537669140807f,0.7071067811865477f,0.14135220696317663f,-0.17227295782257673f,0.9850492515621038f,0f,0.4494244823735351f,-0.6965350055822971f,-0.12181537669140813f,-0.7071067811865474f,0.14135220696317669f,0f,0f,0f,1f],start_interpolation:0}
execute if entity @s[tag=aj.tutankhamen.bone.left_leg] run data modify entity @s {} merge value {transformation:[-0.6965350055822968f,-0.12181537669140807f,0.7071067811865477f,0.06629126073623881f,-0.17227295782257673f,0.9850492515621038f,0f,0.875f,-0.6965350055822971f,-0.12181537669140813f,-0.7071067811865474f,0.06629126073623884f,0f,0f,0f,1f],start_interpolation:0}
execute if entity @s[tag=aj.tutankhamen.bone.right_foot] run data modify entity @s {} merge value {transformation:[-0.6965350055822968f,0.12181537669140807f,0.7071067811865477f,-0.14135220696317663f,0.17227295782257673f,0.9850492515621038f,0f,0.4494244823735351f,-0.6965350055822971f,0.12181537669140813f,-0.7071067811865474f,-0.14135220696317669f,0f,0f,0f,1f],start_interpolation:0}
execute if entity @s[tag=aj.tutankhamen.bone.right_leg] run data modify entity @s {} merge value {transformation:[-0.6965350055822968f,0.12181537669140807f,0.7071067811865477f,-0.06629126073623881f,0.17227295782257673f,0.9850492515621038f,0f,0.875f,-0.6965350055822971f,0.12181537669140813f,-0.7071067811865474f,-0.06629126073623884f,0f,0f,0f,1f],start_interpolation:0}