execute if entity @s[tag=aj.tutankhamen.bone.head] run data modify entity @s {} merge value {transformation:[-0.9815009417736109f,-0.04325088186505724f,-0.18650807627395014f,-0.0004942519434737369f,0.0004903563186694571f,0.9735786070849924f,-0.22835160471765173f,1.6249864089393236f,0.1914566813882334f,-0.22421877049957437f,-0.9555471114013498f,-0.0042945592008272184f,0f,0f,0f,1f],start_interpolation:0}
execute if entity @s[tag=aj.tutankhamen.bone.back_cape] run data modify entity @s {} merge value {transformation:[-0.9934424545187344f,0.10046946422652255f,-0.054570837613397996f,-0.018358467389228805f,0f,0.4772963492494757f,0.8787423939887745f,1.6240039301076945f,0.11433323908554488f,0.8729800007738768f,-0.4741664567312303f,-0.15951687409740725f,0f,0f,0f,1f],start_interpolation:0}
execute if entity @s[tag=aj.tutankhamen.bone.left_hand] run data modify entity @s {} merge value {transformation:[-0.18129971433557993f,-0.6533974931311092f,-0.7349844417073191f,0.4794991249876721f,-0.9830547659354071f,0.1409969454285187f,0.11714601380972939f,1.4923794681060876f,0.027087649464637716f,0.7437684971480102f,-0.6678882256011641f,-0.3066510528620537f,0f,0f,0f,1f],start_interpolation:0}
execute if entity @s[tag=aj.tutankhamen.bone.cape_left_back] run data modify entity @s {} merge value {transformation:[-0.2423695471171845f,-0.6901156663376943f,-0.6819071562210588f,0.33309546705698395f,-0.9662679675085711f,0.23479508202609362f,0.10581816679197834f,1.4896063060306644f,0.08708167199282438f,0.6845521430334146f,-0.7237438399539534f,-0.25547237738594264f,0f,0f,0f,1f],start_interpolation:0}
execute if entity @s[tag=aj.tutankhamen.bone.cape_left_side] run data modify entity @s {} merge value {transformation:[-0.2423695471171845f,-0.6901156663376943f,-0.6819071562210588f,0.4562041033216764f,-0.9662679675085711f,0.23479508202609362f,0.10581816679197834f,1.6273584051048813f,0.08708167199282438f,0.6845521430334146f,-0.7237438399539534f,-0.1786109086405773f,0f,0f,0f,1f],start_interpolation:0}
execute if entity @s[tag=aj.tutankhamen.bone.left_arm] run data modify entity @s {} merge value {transformation:[-0.18129971433557993f,-0.7086134657740748f,-0.6819071562210588f,0.268750238696079f,-0.9830547659354071f,0.1496858134509314f,0.10581816679197834f,1.4997568814198794f,0.027087649464637716f,0.6895368832594724f,-0.7237438399539534f,-0.07162924170410362f,0f,0f,0f,1f],start_interpolation:0}
execute if entity @s[tag=aj.tutankhamen.bone.cape_right_back] run data modify entity @s {} merge value {transformation:[-0.9863594042217263f,-0.13410231125902075f,0.09545520320207725f,-0.25043130612253417f,-0.08724645938602905f,-0.06582314792367668f,-0.9940097426695678f,1.4239929316652231f,0.13958216586642846f,-0.9887789860795014f,0.053225329117163524f,0.18222765177515812f,0f,0f,0f,1f],start_interpolation:0}
execute if entity @s[tag=aj.tutankhamen.bone.cape_right] run data modify entity @s {} merge value {transformation:[-0.9863594042217263f,-0.13410231125902075f,0.09545520320207725f,-0.4284137638326982f,-0.08724645938602905f,-0.06582314792367668f,-0.9940097426695678f,1.658863108053548f,0.13958216586642846f,-0.9887789860795014f,0.053225329117163524f,0.19073103291249668f,0f,0f,0f,1f],start_interpolation:0}
execute if entity @s[tag=aj.tutankhamen.bone.weapon] run data modify entity @s {} merge value {transformation:[-1.598127082388664f,-0.3144898542985131f,-0.14721967833923166f,-0.25190309146940704f,-0.14307901751566593f,1.2281545442976907f,-1.070398282733486f,1.5744637819332599f,0.3163951594031721f,-1.033111910915436f,-1.2276650830914795f,0.646479937921933f,0f,0f,0f,1f],start_interpolation:0}
execute if entity @s[tag=aj.tutankhamen.bone.right_hand] run data modify entity @s {} merge value {transformation:[-0.9863594042217263f,-0.13410231125902075f,0.09545520320207725f,-0.27045819879721533f,-0.08724645938602905f,-0.06582314792367668f,-0.9940097426695678f,1.4916199822167173f,0.13958216586642846f,-0.9887789860795014f,0.053225329117163524f,0.306860384648599f,0f,0f,0f,1f],start_interpolation:0}
execute if entity @s[tag=aj.tutankhamen.bone.right_arm] run data modify entity @s {} merge value {transformation:[-0.9863594042217263f,-0.13410231125902075f,0.09545520320207725f,-0.2779957833605791f,-0.08724645938602905f,-0.06582314792367668f,-0.9940097426695678f,1.4997568814198794f,0.13958216586642846f,-0.9887789860795014f,0.053225329117163524f,-0.008705371907178561f,0f,0f,0f,1f],start_interpolation:0}
execute if entity @s[tag=aj.tutankhamen.bone.body] run data modify entity @s {} merge value {transformation:[-0.9934424545187344f,-0.000718911917779981f,-0.11433097885283244f,0.0005391839383349857f,0f,0.9999802311844708f,-0.00628786452242543f,0.18751482661164687f,0.11433323908554488f,-0.00624663156483959f,-0.9934228153381122f,0.004684973673629692f,0f,0f,0f,1f],start_interpolation:0}
execute if entity @s[tag=aj.tutankhamen.bone.left_foot] run data modify entity @s {} merge value {transformation:[-0.6967468371835293f,-0.12059786430425887f,0.7071067811865477f,0.14082616503133735f,-0.17055113529231308f,0.9853488266855059f,0f,0.44923961130297596f,-0.6967468371835296f,-0.12059786430425892f,-0.7071067811865474f,0.14082616503133744f,0f,0f,0f,1f],start_interpolation:0}
execute if entity @s[tag=aj.tutankhamen.bone.left_leg] run data modify entity @s {} merge value {transformation:[-0.6967468371835293f,-0.12059786430425887f,0.7071067811865477f,0.06629126073623881f,-0.17055113529231308f,0.9853488266855059f,0f,0.875f,-0.6967468371835296f,-0.12059786430425892f,-0.7071067811865474f,0.06629126073623884f,0f,0f,0f,1f],start_interpolation:0}
execute if entity @s[tag=aj.tutankhamen.bone.right_foot] run data modify entity @s {} merge value {transformation:[-0.6967468371835293f,0.12059786430425887f,0.7071067811865477f,-0.14082616503133735f,0.17055113529231308f,0.9853488266855059f,0f,0.44923961130297596f,-0.6967468371835296f,0.12059786430425892f,-0.7071067811865474f,-0.14082616503133744f,0f,0f,0f,1f],start_interpolation:0}
execute if entity @s[tag=aj.tutankhamen.bone.right_leg] run data modify entity @s {} merge value {transformation:[-0.6967468371835293f,0.12059786430425887f,0.7071067811865477f,-0.06629126073623881f,0.17055113529231308f,0.9853488266855059f,0f,0.875f,-0.6967468371835296f,0.12059786430425892f,-0.7071067811865474f,-0.06629126073623884f,0f,0f,0f,1f],start_interpolation:0}