execute if entity @s[tag=aj.tutankhamen.bone.head] run data modify entity @s {} merge value {transformation:[-0.9817508101849416f,-0.06509943965874697f,-0.1786824268285161f,-0.0009459263611906739f,0.0008145467826411238f,0.9381357258761851f,-0.3462667993734054f,1.6249547836771938f,0.19017014280572486f,-0.34009325602087503f,-0.9209624824032573f,-0.007827874721903681f,0f,0f,0f,1f],start_interpolation:0}
execute if entity @s[tag=aj.tutankhamen.bone.back_cape] run data modify entity @s {} merge value {transformation:[-0.9927777563902714f,0.1148845460450836f,-0.03455238771364468f,-0.019689697029173392f,-8.673617379884035e-19f,0.2880133138868796f,0.9576264047236257f,1.6231627789456766f,0.11996802247557053f,0.9507101935416034f,-0.28593321157114343f,-0.16293919693981365f,0f,0f,0f,1f],start_interpolation:0}
execute if entity @s[tag=aj.tutankhamen.bone.left_hand] run data modify entity @s {} merge value {transformation:[-0.195986891553004f,-0.5921062598759786f,-0.7816644518942071f,0.4675328618499929f,-0.9799815260773426f,0.14671978259718707f,0.13457159411167263f,1.48898487407426f,0.03500495517085667f,0.792390990868974f,-0.6090083502737644f,-0.320535888355516f,0f,0f,0f,1f],start_interpolation:0}
execute if entity @s[tag=aj.tutankhamen.bone.cape_left_back] run data modify entity @s {} merge value {transformation:[-0.25394254526844373f,-0.6538791807252882f,-0.7127097591001617f,0.32361790012976294f,-0.962266385067477f,0.24527190575501684f,0.11783503900144617f,1.4885520734287683f,0.0977578021016976f,0.7157399732174586f,-0.6914909275376773f,-0.2626629690966986f,0f,0f,0f,1f],start_interpolation:0}
execute if entity @s[tag=aj.tutankhamen.bone.cape_left_side] run data modify entity @s {} merge value {transformation:[-0.25394254526844373f,-0.6538791807252882f,-0.7127097591001617f,0.4523851427154775f,-0.962266385067477f,0.24527190575501684f,0.11783503900144617f,1.6241768162203807f,0.0977578021016976f,0.7157399732174586f,-0.6914909275376773f,-0.19150125973287924f,0f,0f,0f,1f],start_interpolation:0}
execute if entity @s[tag=aj.tutankhamen.bone.left_arm] run data modify entity @s {} merge value {transformation:[-0.195986891553004f,-0.6735235241792084f,-0.7127097591001617f,0.2679900822785641f,-0.9799815260773426f,0.16047153059234606f,0.11783503900144617f,1.4995398479975133f,0.03500495517085667f,0.7215365203831122f,-0.6914909275376773f,-0.07604449246048635f,0f,0f,0f,1f],start_interpolation:0}
execute if entity @s[tag=aj.tutankhamen.bone.cape_right_back] run data modify entity @s {} merge value {transformation:[-0.9823816238582186f,-0.09912972135849449f,0.15842866990881693f,-0.2518106495692861f,-0.09968324009171532f,-0.4391265402807801f,-0.8928780058137f,1.5026048472199938f,0.158080981621785f,-0.8929396283984823f,0.4215082719058704f,0.19550309504559682f,0f,0f,0f,1f],start_interpolation:0}
execute if entity @s[tag=aj.tutankhamen.bone.cape_right] run data modify entity @s {} merge value {transformation:[-0.9823816238582186f,-0.09912972135849449f,0.15842866990881693f,-0.444914945774337f,-0.09968324009171532f,-0.4391265402807801f,-0.8928780058137f,1.7102488424090883f,0.158080981621785f,-0.8929396283984823f,0.4215082719058704f,0.11482618044753314f,0f,0f,0f,1f],start_interpolation:0}
execute if entity @s[tag=aj.tutankhamen.bone.weapon] run data modify entity @s {} merge value {transformation:[-1.5941454726768332f,-0.36387112710942243f,0.029760517656551484f,-0.2773362001885618f,-0.12902019855020605f,0.4367796125808126f,-1.5707211821360694f,1.8147594915734495f,0.3415284379391165f,-1.5334304831002232f,-0.4544633683686658f,0.569778064017809f,0f,0f,0f,1f],start_interpolation:0}
execute if entity @s[tag=aj.tutankhamen.bone.right_hand] run data modify entity @s {} merge value {transformation:[-0.9823816238582186f,-0.09912972135849449f,0.15842866990881693f,-0.28002065201434473f,-0.09968324009171532f,-0.4391265402807801f,-0.8928780058137f,1.6101854388655814f,0.158080981621785f,-0.8929396283984823f,0.4215082719058704f,0.285716312276971f,0f,0f,0f,1f],start_interpolation:0}
execute if entity @s[tag=aj.tutankhamen.bone.right_arm] run data modify entity @s {} merge value {transformation:[-0.9823816238582186f,-0.09912972135849449f,0.15842866990881693f,-0.27839011983960377f,-0.09968324009171532f,-0.4391265402807801f,-0.8928780058137f,1.4995398479975133f,0.158080981621785f,-0.8929396283984823f,0.4215082719058704f,-0.010019491450943723f,0f,0f,0f,1f],start_interpolation:0}
execute if entity @s[tag=aj.tutankhamen.bone.body] run data modify entity @s {} merge value {transformation:[-0.9927777563902714f,-0.0013758928890046165f,-0.11996013227508939f,0.0010319196667534624f,-8.673617379884035e-19f,0.999934230803191f,-0.011468830281709402f,0.18754932689760673f,0.11996802247557053f,-0.011385999595496264f,-0.992712462194624f,0.008539499696622198f,0f,0f,0f,1f],start_interpolation:0}
execute if entity @s[tag=aj.tutankhamen.bone.left_foot] run data modify entity @s {} merge value {transformation:[-0.6970569182164608f,-0.1187924777356293f,0.7071067811865477f,0.14004599843984103f,-0.16799793312163094f,0.9857873474877125f,0f,0.4489679708841768f,-0.6970569182164611f,-0.11879247773562936f,-0.7071067811865474f,0.14004599843984109f,0f,0f,0f,1f],start_interpolation:0}
execute if entity @s[tag=aj.tutankhamen.bone.left_leg] run data modify entity @s {} merge value {transformation:[-0.6970569182164608f,-0.1187924777356293f,0.7071067811865477f,0.06629126073623881f,-0.16799793312163094f,0.9857873474877125f,0f,0.875f,-0.6970569182164611f,-0.11879247773562936f,-0.7071067811865474f,0.06629126073623884f,0f,0f,0f,1f],start_interpolation:0}
execute if entity @s[tag=aj.tutankhamen.bone.right_foot] run data modify entity @s {} merge value {transformation:[-0.6970569182164608f,0.1187924777356293f,0.7071067811865477f,-0.14004599843984103f,0.16799793312163094f,0.9857873474877125f,0f,0.4489679708841768f,-0.6970569182164611f,0.11879247773562936f,-0.7071067811865474f,-0.14004599843984109f,0f,0f,0f,1f],start_interpolation:0}
execute if entity @s[tag=aj.tutankhamen.bone.right_leg] run data modify entity @s {} merge value {transformation:[-0.6970569182164608f,0.1187924777356293f,0.7071067811865477f,-0.06629126073623881f,0.16799793312163094f,0.9857873474877125f,0f,0.875f,-0.6970569182164611f,0.11879247773562936f,-0.7071067811865474f,-0.06629126073623884f,0f,0f,0f,1f],start_interpolation:0}