execute if entity @s[tag=aj.tutankhamen.bone.head] run data modify entity @s {} merge value {transformation:[-0.9868769051323365f,-0.015452923293698097f,-0.16073326126878676f,-0.000034719754513300096f,0.00009934230366810723f,0.9953520342037837f,-0.09630326130249478f,1.6249997057215606f,0.1614743454779356f,-0.0950554320808073f,-0.9822883999032073f,-0.0006351592763234338f,0f,0f,0f,1f],start_interpolation:0}
execute if entity @s[tag=aj.tutankhamen.bone.back_cape] run data modify entity @s {} merge value {transformation:[-0.9985093143684374f,0.04152292457516395f,-0.03542592065420646f,-0.008563088328517663f,5.421010862427522e-20f,0.6490453226605011f,0.7607497414607028f,1.6248551358323213f,0.054581582236802983f,0.7596157027518924f,-0.6480778001237782f,-0.15665217286462751f,0f,0f,0f,1f],start_interpolation:0}
execute if entity @s[tag=aj.tutankhamen.bone.left_hand] run data modify entity @s {} merge value {transformation:[-0.21440631105131894f,-0.76426925328096f,-0.6082124976278677f,0.5092814363917891f,-0.9766629614947587f,0.17580035127118054f,0.12338434316078001f,1.4835534607439564f,0.012625110916450166f,0.62047300100995f,-0.78412617708635f,-0.2608906785458355f,0f,0f,0f,1f],start_interpolation:0}
execute if entity @s[tag=aj.tutankhamen.bone.cape_left_back] run data modify entity @s {} merge value {transformation:[-0.2815358703081992f,-0.7579331916614223f,-0.5884512135323834f,0.35786573282581347f,-0.9573542262518059f,0.26334187952980326f,0.11884418354937207f,1.4858401027397323f,0.06488789723524f,0.5968151568648709f,-0.7997507294956027f,-0.22728957307480455f,0f,0f,0f,1f],start_interpolation:0}
execute if entity @s[tag=aj.tutankhamen.bone.cape_left_side] run data modify entity @s {} merge value {transformation:[-0.2815358703081992f,-0.7579331916614223f,-0.5884512135323834f,0.47541211425301755f,-0.9573542262518059f,0.26334187952980326f,0.11884418354937207f,1.6205711776479055f,0.06488789723524f,0.5968151568648709f,-0.7997507294956027f,-0.13745946583086047f,0f,0f,0f,1f],start_interpolation:0}
execute if entity @s[tag=aj.tutankhamen.bone.left_arm] run data modify entity @s {} merge value {transformation:[-0.21440631105131894f,-0.7795864949276831f,-0.5884512135323834f,0.2727250349411551f,-0.9766629614947587f,0.17890086551151943f,0.11884418354937207f,1.4999656210713659f,0.012625110916450166f,0.6001994478884488f,-0.7997507294956027f,-0.05238053263819298f,0f,0f,0f,1f],start_interpolation:0}
execute if entity @s[tag=aj.tutankhamen.bone.cape_right_back] run data modify entity @s {} merge value {transformation:[-0.9973600219929584f,-0.07123163530990827f,0.014108177106967709f,-0.2682671125722428f,-0.03809829241930175f,0.3479044083766447f,-0.9367555939234261f,1.3519705119618977f,0.06181833583119746f,-0.9348200772144197f,-0.3496997520615195f,0.12250301084509126f,0f,0f,0f,1f],start_interpolation:0}
execute if entity @s[tag=aj.tutankhamen.bone.cape_right] run data modify entity @s {} merge value {transformation:[-0.9973600219929584f,-0.07123163530990827f,0.014108177106967709f,-0.4276316602853844f,-0.03809829241930175f,0.3479044083766447f,-0.9367555939234261f,1.5802065522522384f,0.06181833583119746f,-0.9348200772144197f,-0.3496997520615195f,0.21958706383409574f,0f,0f,0f,1f],start_interpolation:0}
execute if entity @s[tag=aj.tutankhamen.bone.weapon] run data modify entity @s {} merge value {transformation:[-1.6228419995246686f,-0.12061154460510375f,-0.1625557550437905f,-0.2896255568274701f,-0.09727401527007849f,1.6164836204637203f,-0.22826770322770873f,1.3039607979909984f,0.17750854667627214f,-0.21684380021478106f,-1.611228461695114f,0.6076964901380728f,0f,0f,0f,1f],start_interpolation:0}
execute if entity @s[tag=aj.tutankhamen.bone.right_hand] run data modify entity @s {} merge value {transformation:[-0.9973600219929584f,-0.07123163530990827f,0.014108177106967709f,-0.29141241991496963f,-0.03809829241930175f,0.3479044083766447f,-0.9367555939234261f,1.3658391138969281f,0.06181833583119746f,-0.9348200772144197f,-0.3496997520615195f,0.2631435779954636f,0f,0f,0f,1f],start_interpolation:0}
execute if entity @s[tag=aj.tutankhamen.bone.right_arm] run data modify entity @s {} merge value {transformation:[-0.9973600219929584f,-0.07123163530990827f,0.014108177106967709f,-0.27680955876808633f,-0.03809829241930175f,0.3479044083766447f,-0.9367555939234261f,1.4999656210713659f,0.06181833583119746f,-0.9348200772144197f,-0.3496997520615195f,-0.022341285946257273f,0f,0f,0f,1f],start_interpolation:0}
execute if entity @s[tag=aj.tutankhamen.bone.body] run data modify entity @s {} merge value {transformation:[-0.9985093143684374f,-0.000050501461110254685f,-0.05458155887362792f,0.000037876095832691014f,5.421010862427522e-20f,0.9999995719586335f,-0.0009252472911311624f,0.18750032103102487f,0.054581582236802983f,-0.000923868038288631f,-0.9985088869651462f,0.0006929010287164733f,0f,0f,0f,1f],start_interpolation:0}
execute if entity @s[tag=aj.tutankhamen.bone.left_foot] run data modify entity @s {} merge value {transformation:[-0.6964209703494213f,-0.12246563623143504f,0.7071067811865477f,0.14163313191091106f,-0.17319256368314537f,0.984887981389183f,0f,0.4495237757573307f,-0.6964209703494216f,-0.1224656362314351f,-0.7071067811865474f,0.14163313191091112f,0f,0f,0f,1f],start_interpolation:0}
execute if entity @s[tag=aj.tutankhamen.bone.left_leg] run data modify entity @s {} merge value {transformation:[-0.6964209703494213f,-0.12246563623143504f,0.7071067811865477f,0.06629126073623881f,-0.17319256368314537f,0.984887981389183f,0f,0.875f,-0.6964209703494216f,-0.1224656362314351f,-0.7071067811865474f,0.06629126073623884f,0f,0f,0f,1f],start_interpolation:0}
execute if entity @s[tag=aj.tutankhamen.bone.right_foot] run data modify entity @s {} merge value {transformation:[-0.6964209703494213f,0.12246563623143504f,0.7071067811865477f,-0.14163313191091106f,0.17319256368314537f,0.984887981389183f,0f,0.4495237757573307f,-0.6964209703494216f,0.1224656362314351f,-0.7071067811865474f,-0.14163313191091112f,0f,0f,0f,1f],start_interpolation:0}
execute if entity @s[tag=aj.tutankhamen.bone.right_leg] run data modify entity @s {} merge value {transformation:[-0.6964209703494213f,0.12246563623143504f,0.7071067811865477f,-0.06629126073623881f,0.17319256368314537f,0.984887981389183f,0f,0.875f,-0.6964209703494216f,0.1224656362314351f,-0.7071067811865474f,-0.06629126073623884f,0f,0f,0f,1f],start_interpolation:0}