execute if entity @s[tag=aj.tutankhamen.bone.head] run data modify entity @s {} merge value {transformation:[-0.9834340705991785f,-0.028708026522884185f,-0.1789784288619483f,-0.00020582361919376673f,0.00029179056499934884f,0.9871270420990036f,-0.15993785547873948f,1.6249963740415154f,0.18126594727911877f,-0.15734056047324022f,-0.9707659884786705f,-0.0022233570128049347f,0f,0f,0f,1f],start_interpolation:0}
execute if entity @s[tag=aj.tutankhamen.bone.back_cape] run data modify entity @s {} merge value {transformation:[-0.9957424324249143f,0.0756744272561493f,-0.052634488008992335f,-0.014608750500225434f,-2.168404344971009e-19f,0.5710016751615642f,0.820948894245365f,1.6244889050459734f,0.09217921820299291f,0.8174536488524233f,-0.5685705969440765f,-0.15780729150630662f,0f,0f,0f,1f],start_interpolation:0}
execute if entity @s[tag=aj.tutankhamen.bone.left_hand] run data modify entity @s {} merge value {transformation:[-0.1896883777104987f,-0.7073315404361608f,-0.6809555134263671f,0.49298994363405363f,-0.9816248084160737f,0.15128864911958054f,0.11629479846355423f,1.490159102288175f,0.02076186079486672f,0.6905025970637475f,-0.723031886284799f,-0.2877099569985197f,0f,0f,0f,1f],start_interpolation:0}
execute if entity @s[tag=aj.tutankhamen.bone.cape_left_back] run data modify entity @s {} merge value {transformation:[-0.2536519541367551f,-0.722825050594157f,-0.642794393563105f,0.3441205099773063f,-0.9641887048528778f,0.2421542404015254f,0.10817331135585115f,1.4886183236276727f,0.07746500885390217f,0.6472134656271563f,-0.7583626456479449f,-0.24416117939558074f,0f,0f,0f,1f],start_interpolation:0}
execute if entity @s[tag=aj.tutankhamen.bone.cape_left_side] run data modify entity @s {} merge value {transformation:[-0.2536519541367551f,-0.722825050594157f,-0.642794393563105f,0.4641029270065624f,-0.9641887048528778f,0.2421542404015254f,0.10817331135585115f,1.6257511448414534f,0.07746500885390217f,0.6472134656271563f,-0.7583626456479449f,-0.16146975632300986f,0f,0f,0f,1f],start_interpolation:0}
execute if entity @s[tag=aj.tutankhamen.bone.left_arm] run data modify entity @s {} merge value {transformation:[-0.1896883777104987f,-0.7421817075119808f,-0.642794393563105f,0.2704364625136509f,-0.9816248084160737f,0.15719818768807842f,0.10817331135585115f,1.4998772016079633f,0.02076186079486672f,0.6515021433749731f,-0.7583626456479449f,-0.06392372505581563f,0f,0f,0f,1f],start_interpolation:0}
execute if entity @s[tag=aj.tutankhamen.bone.cape_right_back] run data modify entity @s {} merge value {transformation:[-0.9918420227932825f,-0.11747718919021036f,0.04948243972660657f,-0.2572117630947477f,-0.06725017862991589f,0.15246325857817505f,-0.9860184421490142f,1.384010041592339f,0.10829042107025956f,-0.9813022290832176f,-0.15911982874781452f,0.15744027650130474f,0f,0f,0f,1f],start_interpolation:0}
execute if entity @s[tag=aj.tutankhamen.bone.cape_right] run data modify entity @s {} merge value {transformation:[-0.9918420227932825f,-0.11747718919021036f,0.04948243972660657f,-0.4245576890878497f,-0.06725017862991589f,0.15246325857817505f,-0.9860184421490142f,1.6200068117186683f,0.10829042107025956f,-0.9813022290832176f,-0.15911982874781452f,0.21414061198048642f,0f,0f,0f,1f],start_interpolation:0}
execute if entity @s[tag=aj.tutankhamen.bone.weapon] run data modify entity @s {} merge value {transformation:[-1.6092087784917721f,-0.2217355532290349f,-0.18938882034149698f,-0.26102124308855545f,-0.1293867100210932f,1.4947947809874444f,-0.650719075802859f,1.4322225286627321f,0.2613309398177863f,-0.6253075889336569f,-1.4883830934027165f,0.6430686035968974f,0f,0f,0f,1f],start_interpolation:0}
execute if entity @s[tag=aj.tutankhamen.bone.right_hand] run data modify entity @s {} merge value {transformation:[-0.9918420227932825f,-0.11747718919021036f,0.04948243972660657f,-0.27661483014117433f,-0.06725017862991589f,0.15246325857817505f,-0.9860184421490142f,1.4244767188221958f,0.10829042107025956f,-0.9813022290832176f,-0.15911982874781452f,0.293432120091891f,0f,0f,0f,1f],start_interpolation:0}
execute if entity @s[tag=aj.tutankhamen.bone.right_arm] run data modify entity @s {} merge value {transformation:[-0.9918420227932825f,-0.11747718919021036f,0.04948243972660657f,-0.2775753638835629f,-0.06725017862991589f,0.15246325857817505f,-0.9860184421490142f,1.4998772016079633f,0.10829042107025956f,-0.9813022290832176f,-0.15911982874781452f,-0.01319243142170746f,0f,0f,0f,1f],start_interpolation:0}
execute if entity @s[tag=aj.tutankhamen.bone.body] run data modify entity @s {} merge value {transformation:[-0.9957424324249143f,-0.000299379809736388f,-0.09217873203860266f,0.00022453485730229098f,-2.168404344971009e-19f,0.999994725878568f,-0.0032478015714681725f,0.18750395559107402f,0.09217921820299291f,-0.0032339738368071776f,-0.9957371807584106f,0.0024254803776053834f,0f,0f,0f,1f],start_interpolation:0}
execute if entity @s[tag=aj.tutankhamen.bone.left_foot] run data modify entity @s {} merge value {transformation:[-0.6965627176162753f,-0.1216568141413742f,0.7071067811865477f,0.14128370184859862f,-0.17204871651383438f,0.9850884422963971f,0f,0.4494003288863836f,-0.6965627176162756f,-0.12165681414137426f,-0.7071067811865474f,0.14128370184859868f,0f,0f,0f,1f],start_interpolation:0}
execute if entity @s[tag=aj.tutankhamen.bone.left_leg] run data modify entity @s {} merge value {transformation:[-0.6965627176162753f,-0.1216568141413742f,0.7071067811865477f,0.06629126073623881f,-0.17204871651383438f,0.9850884422963971f,0f,0.875f,-0.6965627176162756f,-0.12165681414137426f,-0.7071067811865474f,0.06629126073623884f,0f,0f,0f,1f],start_interpolation:0}
execute if entity @s[tag=aj.tutankhamen.bone.right_foot] run data modify entity @s {} merge value {transformation:[-0.6965627176162753f,0.1216568141413742f,0.7071067811865477f,-0.14128370184859862f,0.17204871651383438f,0.9850884422963971f,0f,0.4494003288863836f,-0.6965627176162756f,0.12165681414137426f,-0.7071067811865474f,-0.14128370184859868f,0f,0f,0f,1f],start_interpolation:0}
execute if entity @s[tag=aj.tutankhamen.bone.right_leg] run data modify entity @s {} merge value {transformation:[-0.6965627176162753f,0.1216568141413742f,0.7071067811865477f,-0.06629126073623881f,0.17204871651383438f,0.9850884422963971f,0f,0.875f,-0.6965627176162756f,0.12165681414137426f,-0.7071067811865474f,-0.06629126073623884f,0f,0f,0f,1f],start_interpolation:0}