execute if entity @s[tag=aj.tutankhamen.bone.head] run data modify entity @s {} merge value {transformation:[-0.9910771282038154f,-0.05691004492181665f,-0.1205295513070345f,-0.0000074361064405352066f,0.0001931404351334107f,0.9036539052708976f,-0.4282634495090937f,1.6249991958514776f,0.13328949188908545f,-0.4244653887841181f,-0.8955797256952042f,-0.0010514981103938372f,0f,0f,0f,1f],start_interpolation:0}
execute if entity @s[tag=aj.tutankhamen.bone.back_cape] run data modify entity @s {} merge value {transformation:[-0.9999749949390833f,0.007065654890692629f,-0.00029328748027657956f,-0.001112394078006429f,-1.0842021724855044e-19f,0.041473174881712135f,0.9991396177538105f,1.6247602130324261f,0.007071739289627121f,0.9991146342068044f,-0.04147213784244781f,-0.1572974083131677f,0f,0f,0f,1f],start_interpolation:0}
execute if entity @s[tag=aj.tutankhamen.bone.left_hand] run data modify entity @s {} merge value {transformation:[-0.25863797288256724f,-0.7975067823846299f,-0.5450590161016613f,0.5219359496381349f,-0.9659686670636791f,0.21546128963516026f,0.14311172879946832f,1.4717711468271044f,0.0033065441801698155f,0.5635240586871765f,-0.826093034740226f,-0.23434522883853354f,0f,0f,0f,1f],start_interpolation:0}
execute if entity @s[tag=aj.tutankhamen.bone.cape_left_back] run data modify entity @s {} merge value {transformation:[-0.3276868720612958f,-0.7779401512929635f,-0.5361253910093842f,0.36911432969155444f,-0.9433761541162999f,0.3004087074634354f,0.14069840199834213f,1.4810389702834428f,0.051601799614189585f,0.5518729287493901f,-0.8323301777480784f,-0.20943261692896795f,0f,0f,0f,1f],start_interpolation:0}
execute if entity @s[tag=aj.tutankhamen.bone.cape_left_side] run data modify entity @s {} merge value {transformation:[-0.3276868720612958f,-0.7779401512929635f,-0.5361253910093842f,0.4873310773273049f,-0.9433761541162999f,0.3004087074634354f,0.14069840199834213f,1.610854194114322f,0.051601799614189585f,0.5518729287493901f,-0.8323301777480784f,-0.11345412590017527f,0f,0f,0f,1f],start_interpolation:0}
execute if entity @s[tag=aj.tutankhamen.bone.left_arm] run data modify entity @s {} merge value {transformation:[-0.25863797288256724f,-0.8035396468738997f,-0.5361253910093842f,0.2749036147271882f,-0.9659686670636791f,0.2170449122332332f,0.14069840199834213f,1.4999429096133405f,0.0033065441801698155f,0.5542702788129965f,-0.8323301777480784f,-0.039701584425790346f,0f,0f,0f,1f],start_interpolation:0}
execute if entity @s[tag=aj.tutankhamen.bone.cape_right_back] run data modify entity @s {} merge value {transformation:[-0.9999088101213403f,-0.002586957092755328f,0.013254399070722863f,-0.27985675314495395f,-0.007384877038512607f,-0.7169824659279784f,-0.6970520835224303f,1.572919374805381f,0.011306415561608633f,-0.6970864015348712f,0.7168979800238755f,0.15812414155476712f,0f,0f,0f,1f],start_interpolation:0}
execute if entity @s[tag=aj.tutankhamen.bone.cape_right] run data modify entity @s {} merge value {transformation:[-0.9999088101213403f,-0.002586957092755328f,0.013254399070722863f,-0.43940610449409406f,-0.007384877038512607f,-0.7169824659279784f,-0.6970520835224303f,1.7460285086487208f,0.011306415561608633f,-0.6970864015348712f,0.7168979800238755f,-0.01933372601970039f,0f,0f,0f,1f],start_interpolation:0}
execute if entity @s[tag=aj.tutankhamen.bone.weapon] run data modify entity @s {} merge value {transformation:[-1.632961803689501f,-0.08946370994049783f,0.004434625793188722f,-0.33342107242926144f,0.041887778062074686f,-0.8342626320920036f,-1.406001048490027f,1.9957440945567533f,0.07917597710963549f,-1.40377696907654f,0.8353017774134869f,0.395871798097964f,0f,0f,0f,1f],start_interpolation:0}
execute if entity @s[tag=aj.tutankhamen.bone.right_hand] run data modify entity @s {} merge value {transformation:[-0.9999088101213403f,-0.002586957092755328f,0.013254399070722863f,-0.3116089337665716f,-0.007384877038512607f,-0.7169824659279784f,-0.6970520835224303f,1.7058771608590764f,0.011306415561608633f,-0.6970864015348712f,0.7168979800238755f,0.2008071434814341f,0f,0f,0f,1f],start_interpolation:0}
execute if entity @s[tag=aj.tutankhamen.bone.right_arm] run data modify entity @s {} merge value {transformation:[-0.9999088101213403f,-0.002586957092755328f,0.013254399070722863f,-0.27543762361251095f,-0.007384877038512607f,-0.7169824659279784f,-0.6970520835224303f,1.4999429096133405f,0.011306415561608633f,-0.6970864015348712f,0.7168979800238755f,-0.03580961734904761f,0f,0f,0f,1f],start_interpolation:0}
execute if entity @s[tag=aj.tutankhamen.bone.body] run data modify entity @s {} merge value {transformation:[-0.9999749949390833f,-0.000010816154822596664f,-0.007071731018021721f,0.000008112116116947498f,-1.0842021724855044e-19f,0.9999988303294217f,-0.0015294900419281605f,0.18750087725293374f,0.007071739289627121f,-0.0015294517969364906f,-0.9999738252977528f,0.001147088847702368f,0f,0f,0f,1f],start_interpolation:0}
execute if entity @s[tag=aj.tutankhamen.bone.left_foot] run data modify entity @s {} merge value {transformation:[-0.6964579380799769f,-0.1222552268223605f,0.7071067811865477f,0.14154223303602081f,-0.17289499984318124f,0.9849402616551048f,0f,0.44949160427099105f,-0.6964579380799772f,-0.12225522682236055f,-0.7071067811865474f,0.14154223303602087f,0f,0f,0f,1f],start_interpolation:0}
execute if entity @s[tag=aj.tutankhamen.bone.left_leg] run data modify entity @s {} merge value {transformation:[-0.6964579380799769f,-0.1222552268223605f,0.7071067811865477f,0.06629126073623881f,-0.17289499984318124f,0.9849402616551048f,0f,0.875f,-0.6964579380799772f,-0.12225522682236055f,-0.7071067811865474f,0.06629126073623884f,0f,0f,0f,1f],start_interpolation:0}
execute if entity @s[tag=aj.tutankhamen.bone.right_foot] run data modify entity @s {} merge value {transformation:[-0.6964579380799769f,0.1222552268223605f,0.7071067811865477f,-0.14154223303602081f,0.17289499984318124f,0.9849402616551048f,0f,0.44949160427099105f,-0.6964579380799772f,0.12225522682236055f,-0.7071067811865474f,-0.14154223303602087f,0f,0f,0f,1f],start_interpolation:0}
execute if entity @s[tag=aj.tutankhamen.bone.right_leg] run data modify entity @s {} merge value {transformation:[-0.6964579380799769f,0.1222552268223605f,0.7071067811865477f,-0.06629126073623881f,0.17289499984318124f,0.9849402616551048f,0f,0.875f,-0.6964579380799772f,0.12225522682236055f,-0.7071067811865474f,-0.06629126073623884f,0f,0f,0f,1f],start_interpolation:0}