execute if entity @s[tag=aj.tutankhamen.bone.head] run data modify entity @s {} merge value {transformation:[-0.985576000508869f,-0.01957708459236874f,-0.16809724857892588f,-0.0000747648324769403f,0.00015919206446410523f,0.9931787338552225f,-0.11660178933285606f,1.6249991443091512f,0.16923333560155512f,-0.11494668493088601f,-0.9788500077869801f,-0.001082120328245396f,0f,0f,0f,1f],start_interpolation:0}
execute if entity @s[tag=aj.tutankhamen.bone.back_cape] run data modify entity @s {} merge value {transformation:[-0.9976217245036466f,0.05380136841789276f,-0.043084887776717734f,-0.010844553772378219f,1.0842021724855044e-19f,0.625082383112328f,0.7805587833870122f,1.6247526215719283f,0.06892673500442481f,0.7787023995590195f,-0.6235957649973698f,-0.15696032076926286f,0f,0f,0f,1f],start_interpolation:0}
execute if entity @s[tag=aj.tutankhamen.bone.left_hand] run data modify entity @s {} merge value {transformation:[-0.204132723399409f,-0.7455430040056419f,-0.6344252993188275f,0.5036674572782136f,-0.9788180902656971f,0.1658050479301761f,0.12009925998725256f,1.4863174675676936f,0.015651754091923705f,0.6455031489149496f,-0.7635972153791096f,-0.2706975982465291f,0f,0f,0f,1f],start_interpolation:0}
execute if entity @s[tag=aj.tutankhamen.bone.cape_left_back] run data modify entity @s {} merge value {transformation:[-0.2702088101181302f,-0.7463404999746767f,-0.608245885339222f,0.3530672159648903f,-0.9602889636292516f,0.2545250073359696f,0.11428966257926616f,1.4870004028153354f,0.06951478451669224f,0.6149738845985043f,-0.7854774446127805f,-0.2335481807182839f,0f,0f,0f,1f],start_interpolation:0}
execute if entity @s[tag=aj.tutankhamen.bone.cape_left_side] run data modify entity @s {} merge value {transformation:[-0.2702088101181302f,-0.7463404999746767f,-0.608245885339222f,0.4713180782132509f,-0.9602889636292516f,0.2545250073359696f,0.11428966257926616f,1.6227593455599978f,0.06951478451669224f,0.6149738845985043f,-0.7854774446127805f,-0.1462251852224195f,0f,0f,0f,1f],start_interpolation:0}
execute if entity @s[tag=aj.tutankhamen.bone.left_arm] run data modify entity @s {} merge value {transformation:[-0.204132723399409f,-0.767050698588722f,-0.608245885339222f,0.2719187459869177f,-0.9788180902656971f,0.16986176496236924f,0.11428966257926616f,1.4999410869962286f,0.015651754091923705f,0.6186923359784107f,-0.7854774446127805f,-0.05666091253867552f,0f,0f,0f,1f],start_interpolation:0}
execute if entity @s[tag=aj.tutankhamen.bone.cape_right_back] run data modify entity @s {} merge value {transformation:[-0.9956776765528599f,-0.08974543931407782f,0.023910678296980105f,-0.2642397205987569f,-0.04882143497382287f,0.2867392535207926f,-0.9567638517301096f,1.3615865255953348f,0.0790090621472961f,-0.9537957625260567f,-0.2898813748517536f,0.13505011252861454f,0f,0f,0f,1f],start_interpolation:0}
execute if entity @s[tag=aj.tutankhamen.bone.cape_right] run data modify entity @s {} merge value {transformation:[-0.9956776765528599f,-0.08974543931407782f,0.023910678296980105f,-0.42579202713438624f,-0.04882143497382287f,0.2867392535207926f,-0.9567638517301096f,1.5931491393132025f,0.0790090621472961f,-0.9537957625260567f,-0.2898813748517536f,0.21986562220206796f,0f,0f,0f,1f],start_interpolation:0}
execute if entity @s[tag=aj.tutankhamen.bone.weapon] run data modify entity @s {} merge value {transformation:[-1.618319561812737f,-0.15313257963633198f,-0.17938752052265097f,-0.2780557572742761f,-0.11014650694618484f,1.5905621791272662f,-0.36409802931159446f,1.3441793432407427f,0.2085598630439141f,-0.3482097657949232f,-1.5842475867563313f,0.622574404495748f,0f,0f,0f,1f],start_interpolation:0}
execute if entity @s[tag=aj.tutankhamen.bone.right_hand] run data modify entity @s {} merge value {transformation:[-0.9956776765528599f,-0.08974543931407782f,0.023910678296980105f,-0.2856308854703353f,-0.04882143497382287f,0.2867392535207926f,-0.9567638517301096f,1.3840161897954357f,0.0790090621472961f,-0.9537957625260567f,-0.2898813748517536f,0.27486120196470926f,0f,0f,0f,1f],start_interpolation:0}
execute if entity @s[tag=aj.tutankhamen.bone.right_arm] run data modify entity @s {} merge value {transformation:[-0.9956776765528599f,-0.08974543931407782f,0.023910678296980105f,-0.27712735820228684f,-0.04882143497382287f,0.2867392535207926f,-0.9567638517301096f,1.4999410869962286f,0.0790090621472961f,-0.9537957625260567f,-0.2898813748517536f,-0.018726739295315306f,0f,0f,0f,1f],start_interpolation:0}
execute if entity @s[tag=aj.tutankhamen.bone.body] run data modify entity @s {} merge value {transformation:[-0.9976217245036466f,-0.00010874884723918591f,-0.06892664921536817f,0.00008156163542938943f,1.0842021724855044e-19f,0.9999987553587653f,-0.001577745518226054f,0.1875009334809261f,0.06892673500442481f,-0.0015739932047205759f,-0.9976204828225117f,0.001180494903540432f,0f,0f,0f,1f],start_interpolation:0}
execute if entity @s[tag=aj.tutankhamen.bone.left_foot] run data modify entity @s {} merge value {transformation:[-0.6964608876229158f,-0.12223842281173322f,0.7071067811865477f,0.1415349734545882f,-0.1728712353834499f,0.9849444329387318f,0f,0.44948903669503765f,-0.6964608876229161f,-0.12223842281173329f,-0.7071067811865474f,0.1415349734545883f,0f,0f,0f,1f],start_interpolation:0}
execute if entity @s[tag=aj.tutankhamen.bone.left_leg] run data modify entity @s {} merge value {transformation:[-0.6964608876229158f,-0.12223842281173322f,0.7071067811865477f,0.06629126073623881f,-0.1728712353834499f,0.9849444329387318f,0f,0.875f,-0.6964608876229161f,-0.12223842281173329f,-0.7071067811865474f,0.06629126073623884f,0f,0f,0f,1f],start_interpolation:0}
execute if entity @s[tag=aj.tutankhamen.bone.right_foot] run data modify entity @s {} merge value {transformation:[-0.6964608876229158f,0.12223842281173322f,0.7071067811865477f,-0.1415349734545882f,0.1728712353834499f,0.9849444329387318f,0f,0.44948903669503765f,-0.6964608876229161f,0.12223842281173329f,-0.7071067811865474f,-0.1415349734545883f,0f,0f,0f,1f],start_interpolation:0}
execute if entity @s[tag=aj.tutankhamen.bone.right_leg] run data modify entity @s {} merge value {transformation:[-0.6964608876229158f,0.12223842281173322f,0.7071067811865477f,-0.06629126073623881f,0.1728712353834499f,0.9849444329387318f,0f,0.875f,-0.6964608876229161f,0.12223842281173329f,-0.7071067811865474f,-0.06629126073623884f,0f,0f,0f,1f],start_interpolation:0}