execute if entity @s[tag=aj.tutankhamen.bone.head] run data modify entity @s {} merge value {transformation:[-0.8033290616754858f,-0.1897231720726842f,0.564506454034196f,0f,0f,0.9478973865326892f,0.3185758066842138f,1.625f,-0.5955354050495933f,0.2559212038561404f,-0.7614735180879506f,0f,0f,0f,0f,1f],start_interpolation:0}
execute if entity @s[tag=aj.tutankhamen.bone.back_cape] run data modify entity @s {} merge value {transformation:[-0.39458349105523377f,-0.3363846583675115f,0.8550726461544871f,0.14357188936789333f,0f,0.9305798060460464f,0.36608909377268095f,1.625f,-0.9188600919545173f,0.1444527126580713f,-0.3671914285751513f,-0.061653670477380275f,0f,0f,0f,1f],start_interpolation:0}
execute if entity @s[tag=aj.tutankhamen.bone.left_hand] run data modify entity @s {} merge value {transformation:[-0.35628544212310503f,-0.09435908699762596f,0.9296004767813526f,0.3072174480807214f,-0.42976543366896347f,0.8999551297205254f,-0.07336509056111085f,1.251146583324229f,-0.8296760547071799f,-0.42564906576978023f,-0.3611931852275759f,0.34143798555202454f,0f,0f,0f,1f],start_interpolation:0}
execute if entity @s[tag=aj.tutankhamen.bone.cape_left_back] run data modify entity @s {} merge value {transformation:[-0.3911909024853165f,-0.3834154792443694f,0.8366374651475597f,0.2909130162480287f,-0.3524761882710612f,0.9021840814024518f,0.2486451687966561f,1.3738370154910704f,-0.850135409516994f,-0.1976270566997969f,-0.48807103165988885f,0.2479382440326046f,0f,0f,0f,1f],start_interpolation:0}
execute if entity @s[tag=aj.tutankhamen.bone.cape_left_side] run data modify entity @s {} merge value {transformation:[-0.3911909024853165f,-0.3834154792443694f,0.8366374651475597f,0.24745691161791444f,-0.3524761882710612f,0.9021840814024518f,0.2486451687966561f,1.3978307738088418f,-0.850135409516994f,-0.1976270566997969f,-0.48807103165988885f,0.441780780727121f,0f,0f,0f,1f],start_interpolation:0}
execute if entity @s[tag=aj.tutankhamen.bone.left_arm] run data modify entity @s {} merge value {transformation:[-0.35628544212310503f,-0.41605100125178096f,0.8366374651475597f,0.14248299027762845f,-0.42976543366896347f,0.8680306746062665f,0.2486451687966561f,1.5f,-0.8296760547071799f,-0.2709692091363526f,-0.48807103165988885f,0.2382909718219675f,0f,0f,0f,1f],start_interpolation:0}
execute if entity @s[tag=aj.tutankhamen.bone.cape_right_back] run data modify entity @s {} merge value {transformation:[-0.1794201053000209f,-0.022400241511423946f,0.9835174909448022f,0.015084088894710967f,0.6983260639628364f,0.7012752977421893f,0.14336549503550766f,1.3853825044299883f,-0.6929279430101675f,0.7125385505057487f,-0.11018021527871752f,-0.4149243473812803f,0f,0f,0f,1f],start_interpolation:0}
execute if entity @s[tag=aj.tutankhamen.bone.cape_right] run data modify entity @s {} merge value {transformation:[-0.1794201053000209f,-0.022400241511423946f,0.9835174909448022f,-0.25882967529461787f,0.6983260639628364f,0.7012752977421893f,0.14336549503550766f,1.4586545781653046f,-0.6929279430101675f,0.7125385505057487f,-0.11018021527871752f,-0.4956492846569396f,0f,0f,0f,1f],start_interpolation:0}
execute if entity @s[tag=aj.tutankhamen.bone.weapon] run data modify entity @s {} merge value {transformation:[-0.29209718210635177f,-1.2450746662173446f,1.019340956383293f,-0.1068871773589729f,1.1323462959236144f,0.5770222763084288f,1.029283650099923f,1.0758375938819245f,-1.14326671250619f,0.8896190430733354f,0.7590170326729716f,-0.7719660629934253f,0f,0f,0f,1f],start_interpolation:0}
execute if entity @s[tag=aj.tutankhamen.bone.right_hand] run data modify entity @s {} merge value {transformation:[-0.1794201053000209f,-0.022400241511423946f,0.9835174909448022f,-0.0491926023910368f,0.6983260639628364f,0.7012752977421893f,0.14336549503550766f,1.3105854382713342f,-0.6929279430101675f,0.7125385505057487f,-0.11018021527871752f,-0.5187594009586467f,0f,0f,0f,1f],start_interpolation:0}
execute if entity @s[tag=aj.tutankhamen.bone.right_arm] run data modify entity @s {} merge value {transformation:[-0.1794201053000209f,-0.022400241511423946f,0.9835174909448022f,-0.07467800694207474f,0.6983260639628364f,0.7012752977421893f,0.14336549503550766f,1.5f,-0.6929279430101675f,0.7125385505057487f,-0.11018021527871752f,-0.26740827408566087f,0f,0f,0f,1f],start_interpolation:0}
execute if entity @s[tag=aj.tutankhamen.bone.body] run data modify entity @s {} merge value {transformation:[-0.39458349105523377f,0f,0.9188600919545173f,0f,0f,1f,0f,0.1875f,-0.9188600919545173f,0f,-0.39458349105523377f,0f,0f,0f,0f,1f],start_interpolation:0}