execute if entity @s[tag=aj.tutankhamen.bone.head] run data modify entity @s {} merge value {transformation:[-0.9815556822538303f,-0.06363101869153376f,-0.18027627712900957f,-0.0009246874285746804f,0.0007867889546258589f,0.9416310826929732f,-0.3366456372353574f,1.6249576243370227f,0.19117485085219396f,-0.33057827751795293f,-0.9242132756214362f,-0.007576918506649063f,0f,0f,0f,1f],start_interpolation:0}
execute if entity @s[tag=aj.tutankhamen.bone.back_cape] run data modify entity @s {} merge value {transformation:[-0.9926352794592074f,0.11536589420060082f,-0.036958252505185564f,-0.01985184074133993f,-8.673617379884035e-19f,0.30508396692182926f,0.9523254554653258f,1.6232228210623825f,0.1211412480245323f,0.9453118446219406f,-0.3028371087639736f,-0.1626666210180453f,0f,0f,0f,1f],start_interpolation:0}
execute if entity @s[tag=aj.tutankhamen.bone.left_hand] run data modify entity @s {} merge value {transformation:[-0.19351377412539103f,-0.5946670445053516f,-0.7803355210440044f,0.46778452092935807f,-0.9804878214005668f,0.1452575222597849f,0.13245332880723873f,1.489560221690856f,0.03458397474145407f,0.7907410185428718f,-0.6111731262783598f,-0.320412946028109f,0f,0f,0f,1f],start_interpolation:0}
execute if entity @s[tag=aj.tutankhamen.bone.cape_left_back] run data modify entity @s {} merge value {transformation:[-0.25158920547071745f,-0.6553562239384073f,-0.7121875395117536f,0.3238024781558776f,-0.9629336267987072f,0.24345438522476864f,0.11614126181128914f,1.4887469955828048f,0.09727128081248614f,0.715009218164369f,-0.6923150409091776f,-0.2627112274320012f,0f,0f,0f,1f],start_interpolation:0}
execute if entity @s[tag=aj.tutankhamen.bone.cape_left_side] run data modify entity @s {} merge value {transformation:[-0.25158920547071745f,-0.6553562239384073f,-0.7121875395117536f,0.4521367339496464f,-0.9629336267987072f,0.24345438522476864f,0.11614126181128914f,1.6246877170436915f,0.09727128081248614f,0.715009218164369f,-0.6923150409091776f,-0.19137048494530498f,0f,0f,0f,1f],start_interpolation:0}
execute if entity @s[tag=aj.tutankhamen.bone.left_arm] run data modify entity @s {} merge value {transformation:[-0.19351377412539103f,-0.6747898397189616f,-0.7121875395117536f,0.26792494989716176f,-0.9804878214005668f,0.1586027723277623f,0.11614126181128914f,1.4995556794969582f,0.03458397474145407f,0.7207661429492969f,-0.6923150409091776f,-0.07615690473048739f,0f,0f,0f,1f],start_interpolation:0}
execute if entity @s[tag=aj.tutankhamen.bone.cape_right_back] run data modify entity @s {} merge value {transformation:[-0.9823006373819834f,-0.10456647752760163f,0.15540691611514273f,-0.25104371332800757f,-0.09985995758377937f,-0.40958544550666365f,-0.9067898056884373f,1.4958549685941076f,0.15847222681061554f,-0.9062591321507207f,0.3918940401729878f,0.19592703124351254f,0f,0f,0f,1f],start_interpolation:0}
execute if entity @s[tag=aj.tutankhamen.bone.cape_right] run data modify entity @s {} merge value {transformation:[-0.9823006373819834f,-0.10456647752760163f,0.15540691611514273f,-0.44337991694772816f,-0.09985995758377937f,-0.40958544550666365f,-0.9067898056884373f,1.7069493016437514f,0.15847222681061554f,-0.9062591321507207f,0.3918940401729878f,0.12271480663942427f,0f,0f,0f,1f],start_interpolation:0}
execute if entity @s[tag=aj.tutankhamen.bone.weapon] run data modify entity @s {} merge value {transformation:[-1.5935378145807557f,-0.36749051051738574f,0.013252614533442252f,-0.273638762862255f,-0.13205824802523453f,0.5168892087747474f,-1.5459540221467882f,1.7958918116397726f,0.34319896013945955f,-1.5074362156134495f,-0.5333274821601701f,0.5801680814668533f,0f,0f,0f,1f],start_interpolation:0}
execute if entity @s[tag=aj.tutankhamen.bone.right_hand] run data modify entity @s {} merge value {transformation:[-0.9823006373819834f,-0.10456647752760163f,0.15540691611514273f,-0.2783827308124408f,-0.09985995758377937f,-0.40958544550666365f,-0.9067898056884373f,1.6006068884634748f,0.15847222681061554f,-0.9062591321507207f,0.3918940401729878f,0.28966830233937263f,0f,0f,0f,1f],start_interpolation:0}
execute if entity @s[tag=aj.tutankhamen.bone.right_arm] run data modify entity @s {} merge value {transformation:[-0.9823006373819834f,-0.10456647752760163f,0.15540691611514273f,-0.2783768393296103f,-0.09985995758377937f,-0.40958544550666365f,-0.9067898056884373f,1.4995556794969582f,0.15847222681061554f,-0.9062591321507207f,0.3918940401729878f,-0.009486213173945912f,0f,0f,0f,1f],start_interpolation:0}
execute if entity @s[tag=aj.tutankhamen.bone.body] run data modify entity @s {} merge value {transformation:[-0.9926352794592074f,-0.001344999896108626f,-0.1211337812016976f,0.0010087499220814695f,-8.673617379884035e-19f,0.9999383626720331f,-0.011102740957697985f,0.1875462279959752f,0.1211412480245323f,-0.011020972373307729f,-0.9925740960729358f,0.008265729279980797f,0f,0f,0f,1f],start_interpolation:0}
execute if entity @s[tag=aj.tutankhamen.bone.left_foot] run data modify entity @s {} merge value {transformation:[-0.6970351608235612f,-0.11892007641971925f,0.7071067811865477f,0.14010114294560227f,-0.1681783849112119f,0.985756577887592f,0f,0.4489870717026539f,-0.6970351608235615f,-0.1189200764197193f,-0.7071067811865474f,0.14010114294560233f,0f,0f,0f,1f],start_interpolation:0}
execute if entity @s[tag=aj.tutankhamen.bone.left_leg] run data modify entity @s {} merge value {transformation:[-0.6970351608235612f,-0.11892007641971925f,0.7071067811865477f,0.06629126073623881f,-0.1681783849112119f,0.985756577887592f,0f,0.875f,-0.6970351608235615f,-0.1189200764197193f,-0.7071067811865474f,0.06629126073623884f,0f,0f,0f,1f],start_interpolation:0}
execute if entity @s[tag=aj.tutankhamen.bone.right_foot] run data modify entity @s {} merge value {transformation:[-0.6970351608235612f,0.11892007641971925f,0.7071067811865477f,-0.14010114294560227f,0.1681783849112119f,0.985756577887592f,0f,0.4489870717026539f,-0.6970351608235615f,0.1189200764197193f,-0.7071067811865474f,-0.14010114294560233f,0f,0f,0f,1f],start_interpolation:0}
execute if entity @s[tag=aj.tutankhamen.bone.right_leg] run data modify entity @s {} merge value {transformation:[-0.6970351608235612f,0.11892007641971925f,0.7071067811865477f,-0.06629126073623881f,0.1681783849112119f,0.985756577887592f,0f,0.875f,-0.6970351608235615f,0.1189200764197193f,-0.7071067811865474f,-0.06629126073623884f,0f,0f,0f,1f],start_interpolation:0}