execute if entity @s[tag=aj.tutankhamen.bone.head] run data modify entity @s {} merge value {transformation:[-0.9886893575124915f,-0.06588697470738636f,-0.13473032659889467f,-0.00026919295829341654f,0.000880233398573058f,0.8957701872136307f,-0.4445165878664381f,1.624975400869676f,0.14997526306261516f,-0.4396074137945868f,-0.8855804549594205f,-0.00580953821138578f,0f,0f,0f,1f],start_interpolation:0}
execute if entity @s[tag=aj.tutankhamen.bone.back_cape] run data modify entity @s {} merge value {transformation:[-0.9989281956517587f,0.04622127470346151f,-0.0024604261233877127f,-0.007501233310962082f,0f,0.053156205925345174f,0.9985862094839996f,1.6236536346013457f,0.046286714421327146f,0.9975159204425809f,-0.05309923287269837f,-0.1618864840626846f,0f,0f,0f,1f],start_interpolation:0}
execute if entity @s[tag=aj.tutankhamen.bone.left_hand] run data modify entity @s {} merge value {transformation:[-0.2510135731156181f,-0.702906425425626f,-0.6655184018545988f,0.49906715829623477f,-0.9677804919925026f,0.19631906700865787f,0.1576697283805604f,1.4750986362281562f,0.019826886555378752f,0.6836529682698809f,-0.7295378767036713f,-0.27337590223416897f,0f,0f,0f,1f],start_interpolation:0}
execute if entity @s[tag=aj.tutankhamen.bone.cape_left_back] run data modify entity @s {} merge value {transformation:[-0.3149273884585516f,-0.7195787629536977f,-0.618891867699603f,0.3495196738869911f,-0.9461383810519173f,0.2896246688019104f,0.14470561537770654f,1.483038822418263f,0.07511926450074959f,0.6311291112976884f,-0.7720318263993113f,-0.23295954840301453f,0f,0f,0f,1f],start_interpolation:0}
execute if entity @s[tag=aj.tutankhamen.bone.cape_left_side] run data modify entity @s {} merge value {transformation:[-0.3149273884585516f,-0.7195787629536977f,-0.618891867699603f,0.4760885617960902f,-0.9461383810519173f,0.2896246688019104f,0.14470561537770654f,1.6127847425354116f,0.07511926450074959f,0.6311291112976884f,-0.7720318263993113f,-0.14819295518134273f,0f,0f,0f,1f],start_interpolation:0}
execute if entity @s[tag=aj.tutankhamen.bone.left_arm] run data modify entity @s {} merge value {transformation:[-0.2510135731156181f,-0.7442882789665759f,-0.618891867699603f,0.27295456969418586f,-0.9677804919925026f,0.2060611661543942f,0.14470561537770654f,1.4996677568392873f,0.019826886555378752f,0.635274549778333f,-0.7720318263993113f,-0.05434570657980542f,0f,0f,0f,1f],start_interpolation:0}
execute if entity @s[tag=aj.tutankhamen.bone.cape_right_back] run data modify entity @s {} merge value {transformation:[-0.9964675694316135f,-0.014280237579806808f,0.08275541000875036f,-0.27289300023833907f,-0.04545354252396134f,-0.736901068187764f,-0.674470748940052f,1.5781372882405893f,0.07061415256925865f,-0.6758497543969343f,0.7336489289425349f,0.16291627334976694f,0f,0f,0f,1f],start_interpolation:0}
execute if entity @s[tag=aj.tutankhamen.bone.cape_right] run data modify entity @s {} merge value {transformation:[-0.9964675694316135f,-0.014280237579806808f,0.08275541000875036f,-0.4492799104642163f,-0.04545354252396134f,-0.736901068187764f,-0.674470748940052f,1.7396528594562333f,0.07061415256925865f,-0.6758497543969343f,0.7336489289425349f,-0.009462497546920107f,0f,0f,0f,1f],start_interpolation:0}
execute if entity @s[tag=aj.tutankhamen.bone.weapon] run data modify entity @s {} merge value {transformation:[-1.6257162649367094f,-0.15147388520490743f,0.09321996370024842f,-0.3294809047499529f,-0.015967057413774736f,-0.729398093906593f,-1.463663604553343f,2.005453788124525f,0.17714218190168685f,-1.4558920826481165f,0.7235928169106918f,0.3917661064607549f,0f,0f,0f,1f],start_interpolation:0}
execute if entity @s[tag=aj.tutankhamen.bone.right_hand] run data modify entity @s {} merge value {transformation:[-0.9964675694316135f,-0.014280237579806808f,0.08275541000875036f,-0.30741979521114804f,-0.04545354252396134f,-0.736901068187764f,-0.674470748940052f,1.7109839203689392f,0.07061415256925865f,-0.6758497543969343f,0.7336489289425349f,0.20375112685826463f,0f,0f,0f,1f],start_interpolation:0}
execute if entity @s[tag=aj.tutankhamen.bone.right_arm] run data modify entity @s {} merge value {transformation:[-0.9964675694316135f,-0.014280237579806808f,0.08275541000875036f,-0.27681055742373784f,-0.04545354252396134f,-0.736901068187764f,-0.674470748940052f,1.4996677568392873f,0.07061415256925865f,-0.6758497543969343f,0.7336489289425349f,-0.028871581864455917f,0f,0f,0f,1f],start_interpolation:0}
execute if entity @s[tag=aj.tutankhamen.bone.body] run data modify entity @s {} merge value {transformation:[-0.9989281956517587f,-0.00039155339388133314f,-0.04628505825707946f,0.00029366504541099986f,0f,0.9999642194468014f,-0.008459304117315351f,0.187526835414899f,0.046286714421327146f,-0.008450237398379317f,-0.9988924534483126f,0.006337678048784488f,0f,0f,0f,1f],start_interpolation:0}
execute if entity @s[tag=aj.tutankhamen.bone.left_foot] run data modify entity @s {} merge value {transformation:[-0.6968773655512744f,-0.11984130082035609f,0.7071067811865477f,0.14049924751862192f,-0.16948119295258154f,0.9855334216734457f,0f,0.44912541529763567f,-0.6968773655512748f,-0.11984130082035614f,-0.7071067811865474f,0.14049924751862197f,0f,0f,0f,1f],start_interpolation:0}
execute if entity @s[tag=aj.tutankhamen.bone.left_leg] run data modify entity @s {} merge value {transformation:[-0.6968773655512744f,-0.11984130082035609f,0.7071067811865477f,0.06629126073623881f,-0.16948119295258154f,0.9855334216734457f,0f,0.875f,-0.6968773655512748f,-0.11984130082035614f,-0.7071067811865474f,0.06629126073623884f,0f,0f,0f,1f],start_interpolation:0}
execute if entity @s[tag=aj.tutankhamen.bone.right_foot] run data modify entity @s {} merge value {transformation:[-0.6968773655512744f,0.11984130082035609f,0.7071067811865477f,-0.14049924751862192f,0.16948119295258154f,0.9855334216734457f,0f,0.44912541529763567f,-0.6968773655512748f,0.11984130082035614f,-0.7071067811865474f,-0.14049924751862197f,0f,0f,0f,1f],start_interpolation:0}
execute if entity @s[tag=aj.tutankhamen.bone.right_leg] run data modify entity @s {} merge value {transformation:[-0.6968773655512744f,0.11984130082035609f,0.7071067811865477f,-0.06629126073623881f,0.16948119295258154f,0.9855334216734457f,0f,0.875f,-0.6968773655512748f,0.11984130082035614f,-0.7071067811865474f,-0.06629126073623884f,0f,0f,0f,1f],start_interpolation:0}