execute if entity @s[tag=aj.tutankhamen.bone.head] run data modify entity @s {} merge value {transformation:[-0.9824968296974954f,-0.068691922562437f,-0.17315137715030535f,-0.0009733912674727094f,0.0008949448959787983f,0.927774220557301f,-0.37314098507524723f,1.6249475420426103f,0.18627715562570796f,-0.3667647958078432f,-0.9114737548871207f,-0.008436791393299954f,0f,0f,0f,1f],start_interpolation:0}
execute if entity @s[tag=aj.tutankhamen.bone.back_cape] run data modify entity @s {} merge value {transformation:[-0.9934100709547344f,0.11131496073280636f,-0.027302205822307385f,-0.018880504519449844f,0f,0.23820948109461954f,0.9712137988705845f,1.6230173697548018f,0.11461427016610898f,0.9648135688482444f,-0.2366396975162964f,-0.1636452712838016f,0f,0f,0f,1f],start_interpolation:0}
execute if entity @s[tag=aj.tutankhamen.bone.left_hand] run data modify entity @s {} merge value {transformation:[-0.2042679491645627f,-0.588930885320404f,-0.7819431035950306f,0.46789413571676464f,-0.9782626220056341f,0.15196675006190982f,0.14109694986881477f,1.487057742633041f,0.035733000584410306f,0.7937672953651755f,-0.607171008429988f,-0.3194850145594596f,0f,0f,0f,1f],start_interpolation:0}
execute if entity @s[tag=aj.tutankhamen.bone.cape_left_back] run data modify entity @s {} merge value {transformation:[-0.2620998149027573f,-0.6521027188873232f,-0.7113829707321516f,0.32395500071194f,-0.9600063946516492f,0.25138150199606957f,0.12326825496510478f,1.4878881932945514f,0.09844495546183366f,0.7152407877588922f,-0.691909825244704f,-0.26167658893971735f,0f,0f,0f,1f],start_interpolation:0}
execute if entity @s[tag=aj.tutankhamen.bone.cape_left_side] run data modify entity @s {} merge value {transformation:[-0.2620998149027573f,-0.6521027188873232f,-0.7113829707321516f,0.4538309681320148f,-0.9600063946516492f,0.25138150199606957f,0.12326825496510478f,1.6224806605882334f,0.09844495546183366f,0.7152407877588922f,-0.691909825244704f,-0.19056988507504086f,0f,0f,0f,1f],start_interpolation:0}
execute if entity @s[tag=aj.tutankhamen.bone.left_arm] run data modify entity @s {} merge value {transformation:[-0.2042679491645627f,-0.6724647752086369f,-0.7113829707321516f,0.2683391746682545f,-0.9782626220056341f,0.1667548491184581f,0.12326825496510478f,1.499501296689691f,0.035733000584410306f,0.7210991238374082f,-0.691909825244704f,-0.07509240725784881f,0f,0f,0f,1f],start_interpolation:0}
execute if entity @s[tag=aj.tutankhamen.bone.cape_right_back] run data modify entity @s {} merge value {transformation:[-0.9831775443939388f,-0.08187484396566791f,0.16327408283344433f,-0.2546227783513708f,-0.09757214453223692f,-0.5202454301405537f,-0.848424639569862f,1.5217054156548695f,0.15440723043590002f,-0.8500830561442025f,0.5035049203787855f,0.1926750119621025f,0f,0f,0f,1f],start_interpolation:0}
execute if entity @s[tag=aj.tutankhamen.bone.cape_right] run data modify entity @s {} merge value {transformation:[-0.9831775443939388f,-0.08187484396566791f,0.16327408283344433f,-0.4490627903712848f,-0.09757214453223692f,-0.5202454301405537f,-0.848424639569862f,1.718565927964173f,0.15440723043590002f,-0.8500830561442025f,0.5035049203787855f,0.0909249116230155f,0f,0f,0f,1f],start_interpolation:0}
execute if entity @s[tag=aj.tutankhamen.bone.weapon] run data modify entity @s {} merge value {transformation:[-1.5970063657602664f,-0.3444167116003923f,0.07440073993362137f,-0.28888451264257253f,-0.1180667376229872f,0.19769439870247116f,-1.6191247153322823f,1.8664400208012117f,0.33199184748930605f,-1.5864683189724125f,-0.21791594643026127f,0.5364162135992565f,0f,0f,0f,1f],start_interpolation:0}
execute if entity @s[tag=aj.tutankhamen.bone.right_hand] run data modify entity @s {} merge value {transformation:[-0.9831775443939388f,-0.08187484396566791f,0.16327408283344433f,-0.2853173512950632f,-0.09757214453223692f,-0.5202454301405537f,-0.848424639569862f,1.6367135048789228f,0.15440723043590002f,-0.8500830561442025f,0.5035049203787855f,0.2722915624075756f,0f,0f,0f,1f],start_interpolation:0}
execute if entity @s[tag=aj.tutankhamen.bone.right_arm] run data modify entity @s {} merge value {transformation:[-0.9831775443939388f,-0.08187484396566791f,0.16327408283344433f,-0.27838902493203843f,-0.09757214453223692f,-0.5202454301405537f,-0.848424639569862f,1.499501296689691f,0.15440723043590002f,-0.8500830561442025f,0.5035049203787855f,-0.012013870600579908f,0f,0f,0f,1f],start_interpolation:0}
execute if entity @s[tag=aj.tutankhamen.bone.body] run data modify entity @s {} merge value {transformation:[-0.9934100709547344f,-0.0014158418435966684f,-0.11460552481265368f,0.0010618813826975013f,0f,0.999923697516524f,-0.01235310264197214f,0.187557226862607f,0.11461427016610898f,-0.01227169657207266f,-0.9933342712992104f,0.009203772429054496f,0f,0f,0f,1f],start_interpolation:0}
execute if entity @s[tag=aj.tutankhamen.bone.left_foot] run data modify entity @s {} merge value {transformation:[-0.6971093762533541f,-0.11848425017553774f,0.7071067811865477f,0.13991278819595387f,-0.16756203352585228f,0.9858615343549424f,0f,0.4489218922673956f,-0.6971093762533545f,-0.11848425017553779f,-0.7071067811865474f,0.13991278819595396f,0f,0f,0f,1f],start_interpolation:0}
execute if entity @s[tag=aj.tutankhamen.bone.left_leg] run data modify entity @s {} merge value {transformation:[-0.6971093762533541f,-0.11848425017553774f,0.7071067811865477f,0.06629126073623881f,-0.16756203352585228f,0.9858615343549424f,0f,0.875f,-0.6971093762533545f,-0.11848425017553779f,-0.7071067811865474f,0.06629126073623884f,0f,0f,0f,1f],start_interpolation:0}
execute if entity @s[tag=aj.tutankhamen.bone.right_foot] run data modify entity @s {} merge value {transformation:[-0.6971093762533541f,0.11848425017553774f,0.7071067811865477f,-0.13991278819595387f,0.16756203352585228f,0.9858615343549424f,0f,0.4489218922673956f,-0.6971093762533545f,0.11848425017553779f,-0.7071067811865474f,-0.13991278819595396f,0f,0f,0f,1f],start_interpolation:0}
execute if entity @s[tag=aj.tutankhamen.bone.right_leg] run data modify entity @s {} merge value {transformation:[-0.6971093762533541f,0.11848425017553774f,0.7071067811865477f,-0.06629126073623881f,0.16756203352585228f,0.9858615343549424f,0f,0.875f,-0.6971093762533545f,0.11848425017553779f,-0.7071067811865474f,-0.06629126073623884f,0f,0f,0f,1f],start_interpolation:0}