execute if entity @s[tag=aj.tutankhamen.bone.head] run data modify entity @s {} merge value {transformation:[-0.9238312197465001f,-0.3081476528448823f,0.22711429164163943f,-0.10539825289083511f,-0.10575614925890435f,0.7756596741360807f,0.6222280183445917f,1.5780565567698945f,-0.367901500833609f,0.5508149362220482f,-0.7491671320333528f,0.07042486105567197f,0f,0f,0f,1f],start_interpolation:0}
execute if entity @s[tag=aj.tutankhamen.bone.back_cape] run data modify entity @s {} merge value {transformation:[-0.555570233019602f,-0.39195206200939725f,0.7332907317490974f,0.022291443807535116f,0f,0.881921264348355f,0.4713967368259976f,1.6068659660734357f,-0.8314696123025453f,0.26189399492309945f,-0.48996920233895763f,-0.014894666560573394f,0f,0f,0f,1f],start_interpolation:0}
execute if entity @s[tag=aj.tutankhamen.bone.left_hand] run data modify entity @s {} merge value {transformation:[0.004290598457760455f,0.9667804959307069f,-0.2555720318283098f,-0.031822764270570944f,-0.9493650199466415f,-0.07635028317744816f,-0.30475677705415627f,1.407058076621534f,-0.3141459050609884f,0.24393873605210747f,0.9174999963960287f,0.5493698527570666f,0f,0f,0f,1f],start_interpolation:0}
execute if entity @s[tag=aj.tutankhamen.bone.cape_left_back] run data modify entity @s {} merge value {transformation:[0.04635492543158804f,0.48061012581699636f,0.875708357759821f,0.08996831002389608f,-0.9216039840955241f,0.3587602636923327f,-0.14811201738773605f,1.4071050796161115f,-0.38535349665922203f,-0.800190589895669f,0.45956251202086973f,0.4533078398706519f,0f,0f,0f,1f],start_interpolation:0}
execute if entity @s[tag=aj.tutankhamen.bone.cape_left_side] run data modify entity @s {} merge value {transformation:[0.04635492543158804f,0.48061012581699636f,0.875708357759821f,-0.02673819179476719f,-0.9216039840955241f,0.3587602636923327f,-0.14811201738773605f,1.5696197043045041f,-0.38535349665922203f,-0.800190589895669f,0.45956251202086973f,0.4560740097210466f,0f,0f,0f,1f],start_interpolation:0}
execute if entity @s[tag=aj.tutankhamen.bone.left_arm] run data modify entity @s {} merge value {transformation:[0.004290598457760455f,0.4828213571441009f,0.875708357759821f,0.09679762783290734f,-0.9493650199466415f,0.277071992823252f,-0.14811201738773605f,1.462002621487033f,-0.3141459050609884f,-0.8307313933387135f,0.45956251202086973f,0.2662750581299256f,0f,0f,0f,1f],start_interpolation:0}
execute if entity @s[tag=aj.tutankhamen.bone.cape_right_back] run data modify entity @s {} merge value {transformation:[-0.00012986355488503465f,-0.32649388668022994f,0.9451993044304963f,-0.06447080938677133f,0.7660627450680682f,0.6075093018913342f,0.20995313461408374f,1.371244201885589f,-0.6427657845235953f,0.7241092390488748f,0.25003590976063034f,-0.3089729766124522f,0f,0f,0f,1f],start_interpolation:0}
execute if entity @s[tag=aj.tutankhamen.bone.cape_right] run data modify entity @s {} merge value {transformation:[-0.00012986355488503465f,-0.32649388668022994f,0.9451993044304963f,-0.3007909266748462f,0.7660627450680682f,0.6075093018913342f,0.20995313461408374f,1.4384532221489539f,-0.6427657845235953f,0.7241092390488748f,0.25003590976063034f,-0.47191410788442156f,0f,0f,0f,1f],start_interpolation:0}
execute if entity @s[tag=aj.tutankhamen.bone.weapon] run data modify entity @s {} merge value {transformation:[-0.0024997137905989936f,0.6642415743729793f,1.4944445643504418f,-0.02958361206057883f,1.2562483622342293f,0.9576239701151809f,-0.4235375518838525f,1.100927158129007f,-1.0471014647234016f,1.1473130071373092f,-0.5117021202210933f,-0.713800603439507f,0f,0f,0f,1f],start_interpolation:0}
execute if entity @s[tag=aj.tutankhamen.bone.right_hand] run data modify entity @s {} merge value {transformation:[-0.00012986355488503465f,-0.32649388668022994f,0.9451993044304963f,-0.08273808831473875f,0.7660627450680682f,0.6075093018913342f,0.20995313461408374f,1.3061229290191694f,-0.6427657845235953f,0.7241092390488748f,0.25003590976063034f,-0.43520030661996334f,0f,0f,0f,1f],start_interpolation:0}
execute if entity @s[tag=aj.tutankhamen.bone.right_arm] run data modify entity @s {} merge value {transformation:[-0.00012986355488503465f,-0.32649388668022994f,0.9451993044304963f,-0.20896322776059573f,0.7660627450680682f,0.6075093018913342f,0.20995313461408374f,1.462002621487033f,-0.6427657845235953f,0.7241092390488748f,0.25003590976063034f,-0.1913284003488418f,0f,0f,0f,1f],start_interpolation:0}
execute if entity @s[tag=aj.tutankhamen.bone.body] run data modify entity @s {} merge value {transformation:[-0.555570233019602f,-0.15330654965939652f,0.8172140588695694f,0.1149799122445474f,0f,0.9828549916653012f,0.18438021954266337f,0.16520250625102406f,-0.8314696123025453f,0.10243616153552286f,-0.5460449767439703f,-0.07682712115164214f,0f,0f,0f,1f],start_interpolation:0}
execute if entity @s[tag=aj.tutankhamen.bone.left_foot] run data modify entity @s {} merge value {transformation:[-0.681058782367665f,-0.19015502875252424f,0.7071067811865477f,0.1707671727644577f,-0.2689198206152657f,0.9631625667976582f,0f,0.42686387142025156f,-0.6810587823676654f,-0.19015502875252435f,-0.7071067811865474f,0.1707671727644578f,0f,0f,0f,1f],start_interpolation:0}
execute if entity @s[tag=aj.tutankhamen.bone.left_leg] run data modify entity @s {} merge value {transformation:[-0.681058782367665f,-0.19015502875252424f,0.7071067811865477f,0.06629126073623881f,-0.2689198206152657f,0.9631625667976582f,0f,0.83984375f,-0.6810587823676654f,-0.19015502875252435f,-0.7071067811865474f,0.06629126073623884f,0f,0f,0f,1f],start_interpolation:0}
execute if entity @s[tag=aj.tutankhamen.bone.right_foot] run data modify entity @s {} merge value {transformation:[-0.681058782367665f,0.19015502875252424f,0.7071067811865477f,-0.1707671727644577f,0.2689198206152657f,0.9631625667976582f,0f,0.42686387142025156f,-0.6810587823676654f,0.19015502875252435f,-0.7071067811865474f,-0.1707671727644578f,0f,0f,0f,1f],start_interpolation:0}
execute if entity @s[tag=aj.tutankhamen.bone.right_leg] run data modify entity @s {} merge value {transformation:[-0.681058782367665f,0.19015502875252424f,0.7071067811865477f,-0.06629126073623881f,0.2689198206152657f,0.9631625667976582f,0f,0.83984375f,-0.6810587823676654f,0.19015502875252435f,-0.7071067811865474f,-0.06629126073623884f,0f,0f,0f,1f],start_interpolation:0}