execute if entity @s[tag=aj.tutankhamen.bone.head] run data modify entity @s {} merge value {transformation:[-0.9878486983011622f,-0.06811913672443412f,-0.13969514120619064f,-0.00039805856604312943f,0.0009778837656420917f,0.8960893984682956f,-0.44387254217406713f,1.6249657015852077f,0.15541554944097635f,-0.4386155186090045f,-0.8851341332404448f,-0.006855705166965331f,0f,0f,0f,1f],start_interpolation:0}
execute if entity @s[tag=aj.tutankhamen.bone.back_cape] run data modify entity @s {} merge value {transformation:[-0.9983186299852891f,0.057840238290601545f,-0.0037973489149790963f,-0.009454599966421298f,4.336808689942018e-19f,0.06551134048235425f,0.9978518248057698f,1.6234049625947942f,0.05796475674317675f,0.9961740666684167f,-0.0654011916788437f,-0.16283520911433347f,0f,0f,0f,1f],start_interpolation:0}
execute if entity @s[tag=aj.tutankhamen.bone.left_hand] run data modify entity @s {} merge value {transformation:[-0.24649789175027145f,-0.6764664818622592f,-0.6939970376590733f,0.4925854887877904f,-0.9688459493704373f,0.1897421562595038f,0.15917110455886851f,1.4764924137379578f,0.024006577248073008f,0.7116115605123988f,-0.7021628523312384f,-0.2833881310232341f,0f,0f,0f,1f],start_interpolation:0}
execute if entity @s[tag=aj.tutankhamen.bone.cape_left_back] run data modify entity @s {} merge value {transformation:[-0.3090129725502369f,-0.7037883128761793f,-0.6396819471069728f,0.34412902147548124f,-0.9476001043239836f,0.28514184777993623f,0.14404224703127727f,1.4837217823033875f,0.08102484236851314f,0.6506736027406865f,-0.755022408684413f,-0.2390103004074181f,0f,0f,0f,1f],start_interpolation:0}
execute if entity @s[tag=aj.tutankhamen.bone.cape_left_side] run data modify entity @s {} merge value {transformation:[-0.3090129725502369f,-0.7037883128761793f,-0.6396819471069728f,0.47237254182482735f,-0.9476001043239836f,0.28514184777993623f,0.14404224703127727f,1.6137790177251001f,0.08102484236851314f,0.6506736027406865f,-0.755022408684413f,-0.15729263094194668f,0f,0f,0f,1f],start_interpolation:0}
execute if entity @s[tag=aj.tutankhamen.bone.left_arm] run data modify entity @s {} merge value {transformation:[-0.24649789175027145f,-0.728042441007462f,-0.6396819471069728f,0.2722505650613492f,-0.9688459493704373f,0.20146800604234089f,0.14404224703127727f,1.4996033909983841f,0.024006577248073008f,0.6552593735561663f,-0.755022408684413f,-0.05839218631123742f,0f,0f,0f,1f],start_interpolation:0}
execute if entity @s[tag=aj.tutankhamen.bone.cape_right_back] run data modify entity @s {} merge value {transformation:[-0.9946390755820476f,-0.01875521537265693f,0.10169243443646842f,-0.27074294262782145f,-0.055826814219061605f,-0.730393660871818f,-0.6807411159702446f,1.5762373489863413f,0.0870429557140642f,-0.682768878944104f,0.7254310317362846f,0.16596993479908245f,0f,0f,0f,1f],start_interpolation:0}
execute if entity @s[tag=aj.tutankhamen.bone.cape_right] run data modify entity @s {} merge value {transformation:[-0.9946390755820476f,-0.01875521537265693f,0.10169243443646842f,-0.45157840679663347f,-0.055826814219061605f,-0.730393660871818f,-0.6807411159702446f,1.737699688257174f,0.0870429557140642f,-0.682768878944104f,0.7254310317362846f,-0.0017873613046661546f,0f,0f,0f,1f],start_interpolation:0}
execute if entity @s[tag=aj.tutankhamen.bone.weapon] run data modify entity @s {} merge value {transformation:[-1.6221524131489586f,-0.17456778064847855f,0.11285083998618575f,-0.3275031906167433f,-0.03279216887982955f,-0.6618370966548536f,-1.4951535054176683f,2.000736217510899f,0.20526542764498779f,-1.4852896758080725f,0.6529688788623706f,0.3999631248594053f,0f,0f,0f,1f],start_interpolation:0}
execute if entity @s[tag=aj.tutankhamen.bone.right_hand] run data modify entity @s {} merge value {transformation:[-0.9946390755820476f,-0.01875521537265693f,0.10169243443646842f,-0.3058367889704576f,-0.055826814219061605f,-0.730393660871818f,-0.6807411159702446f,1.7083382883991132f,0.0870429557140642f,-0.682768878944104f,0.7254310317362846f,0.20869669754964218f,0f,0f,0f,1f],start_interpolation:0}
execute if entity @s[tag=aj.tutankhamen.bone.right_arm] run data modify entity @s {} merge value {transformation:[-0.9946390755820476f,-0.01875521537265693f,0.10169243443646842f,-0.27717908454420465f,-0.055826814219061605f,-0.730393660871818f,-0.6807411159702446f,1.4996033909983841f,0.0870429557140642f,-0.682768878944104f,0.7254310317362846f,-0.02649099261384638f,0f,0f,0f,1f],start_interpolation:0}
execute if entity @s[tag=aj.tutankhamen.bone.body] run data modify entity @s {} merge value {transformation:[-0.9983186299852891f,-0.0005789942778809155f,-0.057961864962420284f,0.00043424570841068665f,4.336808689942018e-19f,0.9999501113966656f,-0.009988729538644542f,0.18753741645250077f,0.05796475674317675f,-0.009971934788313208f,-0.9982688252631562f,0.007478951091234906f,0f,0f,0f,1f],start_interpolation:0}
execute if entity @s[tag=aj.tutankhamen.bone.left_foot] run data modify entity @s {} merge value {transformation:[-0.6969688098369147f,-0.11930833212527295f,0.7071067811865477f,0.1402689313484493f,-0.16872746139567468f,0.9856627434223996f,0f,0.449045282921315f,-0.696968809836915f,-0.119308332125273f,-0.7071067811865474f,0.14026893134844937f,0f,0f,0f,1f],start_interpolation:0}
execute if entity @s[tag=aj.tutankhamen.bone.left_leg] run data modify entity @s {} merge value {transformation:[-0.6969688098369147f,-0.11930833212527295f,0.7071067811865477f,0.06629126073623881f,-0.16872746139567468f,0.9856627434223996f,0f,0.875f,-0.696968809836915f,-0.119308332125273f,-0.7071067811865474f,0.06629126073623884f,0f,0f,0f,1f],start_interpolation:0}
execute if entity @s[tag=aj.tutankhamen.bone.right_foot] run data modify entity @s {} merge value {transformation:[-0.6969688098369147f,0.11930833212527295f,0.7071067811865477f,-0.1402689313484493f,0.16872746139567468f,0.9856627434223996f,0f,0.449045282921315f,-0.696968809836915f,0.119308332125273f,-0.7071067811865474f,-0.14026893134844937f,0f,0f,0f,1f],start_interpolation:0}
execute if entity @s[tag=aj.tutankhamen.bone.right_leg] run data modify entity @s {} merge value {transformation:[-0.6969688098369147f,0.11930833212527295f,0.7071067811865477f,-0.06629126073623881f,0.16872746139567468f,0.9856627434223996f,0f,0.875f,-0.696968809836915f,0.119308332125273f,-0.7071067811865474f,-0.06629126073623884f,0f,0f,0f,1f],start_interpolation:0}