execute if entity @s[tag=aj.tutankhamen.bone.head] run data modify entity @s {} merge value {transformation:[-0.982223217277431f,-0.0676343994033859f,-0.17510893597562638f,-0.0009705526704608645f,0.0008687448086957838f,0.931188518555784f,-0.36453695037998773f,1.6249496933641285f,0.18771466837631573f,-0.35820878119781985f,-0.914576225554296f,-0.00825997100960971f,0f,0f,0f,1f],start_interpolation:0}
execute if entity @s[tag=aj.tutankhamen.bone.back_cape] run data modify entity @s {} merge value {transformation:[-0.9931674574414332f,0.11285443013244488f,-0.029703182974222135f,-0.019203266381331328f,-8.673617379884035e-19f,0.25453055464646646f,0.9670647324514333f,1.623059512484276f,0.11669790691918619f,0.9604572215100697f,-0.2527914637993889f,-0.16343103102718798f,0f,0f,0f,1f],start_interpolation:0}
execute if entity @s[tag=aj.tutankhamen.bone.left_hand] run data modify entity @s {} merge value {transformation:[-0.20138232251173618f,-0.589211096923043f,-0.7824803150511352f,0.46758481766362775f,-0.9788660623274954f,0.15008119592734082f,0.13891316227227393f,1.48772987904091f,0.03558640475298174f,0.7939180800887229f,-0.6069824461259098f,-0.3200746907534824f,0f,0f,0f,1f],start_interpolation:0}
execute if entity @s[tag=aj.tutankhamen.bone.cape_left_back] run data modify entity @s {} merge value {transformation:[-0.25921501038731304f,-0.6522381051411467f,-0.7123152620797846f,0.32369203135000746f,-0.9607988347178585f,0.24924757180640417f,0.12141353776830936f,1.4881216617020585f,0.09835231362154367f,0.7158638852117757f,-0.691278323293007f,-0.2621463655565562f,0f,0f,0f,1f],start_interpolation:0}
execute if entity @s[tag=aj.tutankhamen.bone.cape_left_side] run data modify entity @s {} merge value {transformation:[-0.25921501038731304f,-0.6522381051411467f,-0.7123152620797846f,0.4532337844829982f,-0.9607988347178585f,0.24924757180640417f,0.12141353776830936f,1.6230697874056852f,0.09835231362154367f,0.7158638852117757f,-0.691278323293007f,-0.19110412414829653f,0f,0f,0f,1f],start_interpolation:0}
execute if entity @s[tag=aj.tutankhamen.bone.left_arm] run data modify entity @s {} merge value {transformation:[-0.20138232251173618f,-0.672348218996665f,-0.7123152620797846f,0.268197849386701f,-0.9788660623274954f,0.164559973474862f,0.12141353776830936f,1.499512500272951f,0.03558640475298174f,0.7217117759479651f,-0.691278323293007f,-0.0755122698083368f,0f,0f,0f,1f],start_interpolation:0}
execute if entity @s[tag=aj.tutankhamen.bone.cape_right_back] run data modify entity @s {} merge value {transformation:[-0.9828217108270019f,-0.08771919975968226f,0.16237865229335455f,-0.2536114933505448f,-0.09853984098332473f,-0.4945094350904866f,-0.8635683634463859f,1.5155510249670563f,0.15604930139563683f,-0.8647345029545248f,0.47737077302022246f,0.19385649068435076f,0f,0f,0f,1f],start_interpolation:0}
execute if entity @s[tag=aj.tutankhamen.bone.cape_right] run data modify entity @s {} merge value {transformation:[-0.9828217108270019f,-0.08771919975968226f,0.16237865229335455f,-0.4477720487406025f,-0.09853984098332473f,-0.4945094350904866f,-0.8635683634463859f,1.7160462656750084f,0.15604930139563683f,-0.8647345029545248f,0.47737077302022246f,0.0988965007723634f,0f,0f,0f,1f],start_interpolation:0}
execute if entity @s[tag=aj.tutankhamen.bone.weapon] run data modify entity @s {} merge value {transformation:[-1.5958886225715858f,-0.3522314720932819f,0.060499322514205214f,-0.2850028533875476f,-0.12201762810949521f,0.2767840946936176f,-1.607199407966006f,1.8500634390442812f,0.33591498386974544f,-1.5728671999259016f,-0.2963740349965812f,0.5478195614533996f,0f,0f,0f,1f],start_interpolation:0}
execute if entity @s[tag=aj.tutankhamen.bone.right_hand] run data modify entity @s {} merge value {transformation:[-0.9828217108270019f,-0.08771919975968226f,0.16237865229335455f,-0.2835084376122631f,-0.09853984098332473f,-0.4945094350904866f,-0.8635683634463859f,1.6282583570380376f,0.15604930139563683f,-0.8647345029545248f,0.47737077302022246f,0.27698917090851605f,0f,0f,0f,1f],start_interpolation:0}
execute if entity @s[tag=aj.tutankhamen.bone.right_arm] run data modify entity @s {} merge value {transformation:[-0.9828217108270019f,-0.08771919975968226f,0.16237865229335455f,-0.278396826653479f,-0.09853984098332473f,-0.4945094350904866f,-0.8635683634463859f,1.499512500272951f,0.15604930139563683f,-0.8647345029545248f,0.47737077302022246f,-0.011286993245828082f,0f,0f,0f,1f],start_interpolation:0}
execute if entity @s[tag=aj.tutankhamen.bone.body] run data modify entity @s {} merge value {transformation:[-0.9931674574414332f,-0.001411712975215803f,-0.11668936774957095f,0.0010587847314118522f,-8.673617379884035e-19f,0.9999268267114596f,-0.012097157631056923f,0.1875548799664053f,0.11669790691918619f,-0.012014503286705034f,-0.9930947841125009f,0.009010877465028776f,0f,0f,0f,1f],start_interpolation:0}
execute if entity @s[tag=aj.tutankhamen.bone.left_foot] run data modify entity @s {} merge value {transformation:[-0.697094206684691f,-0.11857346670584058f,0.7071067811865477f,0.13995134637894066f,-0.16768820475299442f,0.9858400813452037f,0f,0.4489352208100045f,-0.6970942066846914f,-0.11857346670584064f,-0.7071067811865474f,0.13995134637894072f,0f,0f,0f,1f],start_interpolation:0}
execute if entity @s[tag=aj.tutankhamen.bone.left_leg] run data modify entity @s {} merge value {transformation:[-0.697094206684691f,-0.11857346670584058f,0.7071067811865477f,0.06629126073623881f,-0.16768820475299442f,0.9858400813452037f,0f,0.875f,-0.6970942066846914f,-0.11857346670584064f,-0.7071067811865474f,0.06629126073623884f,0f,0f,0f,1f],start_interpolation:0}
execute if entity @s[tag=aj.tutankhamen.bone.right_foot] run data modify entity @s {} merge value {transformation:[-0.697094206684691f,0.11857346670584058f,0.7071067811865477f,-0.13995134637894066f,0.16768820475299442f,0.9858400813452037f,0f,0.4489352208100045f,-0.6970942066846914f,0.11857346670584064f,-0.7071067811865474f,-0.13995134637894072f,0f,0f,0f,1f],start_interpolation:0}
execute if entity @s[tag=aj.tutankhamen.bone.right_leg] run data modify entity @s {} merge value {transformation:[-0.697094206684691f,0.11857346670584058f,0.7071067811865477f,-0.06629126073623881f,0.16768820475299442f,0.9858400813452037f,0f,0.875f,-0.6970942066846914f,0.11857346670584064f,-0.7071067811865474f,-0.06629126073623884f,0f,0f,0f,1f],start_interpolation:0}