# This file was generated by Animated Java via MC-Build. It is not recommended to edit this file directly.
$data merge entity $(bone_head) { transformation: [-0.9999943827293734f,-0.0009797389214836298f,0.0032054050204678827f,0.0007392049928991656f,0f,0.9563257528744982f,0.29230301809769976f,1.5737337801535118f,-0.003351792013164095f,0.29230137615254215f,-0.9563203809339371f,-0.22053899456812232f,0f,0f,0f,1f], start_interpolation: 0, interpolation_duration: 1 }
$data merge entity $(bone_bust) { transformation: [-0.9999943827293734f,0.002784402905265419f,0.0018659073290654355f,0.00036129494502640247f,0f,0.5566894728960278f,-0.8307206695193896f,1.5072759242965112f,-0.003351792013164095f,-0.8307160031365737f,-0.5566863458206034f,-0.10779097095402135f,0f,0f,0f,1f], start_interpolation: 0, interpolation_duration: 1 }
$data merge entity $(bone_left_wing) { transformation: [-0.9250255022771081f,0.0014784099857983314f,-0.37990213797884526f,0.0632914673041805f,0.16879418698597834f,0.8974675603070235f,-0.40750521547128915f,1.322277692985776f,0.3403473851474788f,-0.44107798913624463f,-0.830429927762f,-0.2360265123173534f,0f,0f,0f,1f], start_interpolation: 0, interpolation_duration: 1 }
$data merge entity $(bone_right_wing) { transformation: [-0.9227231833827443f,0.0014784099857983314f,0.3854604274785263f,-0.06170783053699119f,-0.16879418698597834f,0.8974675603070235f,-0.40750521547128915f,1.322277692985776f,-0.346540689223873f,-0.44107798913624463f,-0.8278645772176569f,-0.23644548631899898f,0f,0f,0f,1f], start_interpolation: 0, interpolation_duration: 1 }
$data merge entity $(bone_body) { transformation: [-0.9999943827293734f,0.0014784099857983314f,0.0030081246007109467f,0.49733812126292626f,0f,0.8974675603070235f,-0.4410804668045948f,0.6443937019124353f,-0.003351792013164095f,-0.44107798913624463f,-0.8974625189888585f,0.7949993345137024f,0f,0f,0f,1f], start_interpolation: 0, interpolation_duration: 1 }
$data merge entity $(bone_right_ring) { transformation: [-0.40169322605114244f,-0.7164350571729298f,-0.5704063122005634f,-0.3303577365304391f,0.9080892070818366f,-0.39214277697788646f,-0.14696269746283613f,1.5683089657209766f,-0.11839148671296928f,-0.5770137358137087f,0.808108040150697f,0.16664385024612222f,0f,0f,0f,1f], start_interpolation: 0, interpolation_duration: 1 }
$data merge entity $(bone_sword) { transformation: [-0.0000027432112447020543f,-0.000007164350571729299f,-0.0000064145828354073255f,-0.1922328885938786f,0.000009188005420759996f,-0.000003921427769778865f,4.505115253710166e-7f,1.6835066393831564f,-0.0000028381945766675623f,-0.000005770137358137088f,0.000007658339664261805f,0.29596240262869394f,0f,0f,0f,1f], start_interpolation: 0, interpolation_duration: 1 }
$data merge entity $(bone_right_hand) { transformation: [-0.2743211244702054f,-0.7164350571729298f,-0.6414582835407325f,-0.5024374282956531f,0.9188005420759995f,-0.39214277697788646f,0.04505115253710165f,1.511260202368535f,-0.2838194576667562f,-0.5770137358137087f,0.7658339664261804f,0.14828238837768465f,0f,0f,0f,1f], start_interpolation: 0, interpolation_duration: 1 }
$data merge entity $(bone_right_arm) { transformation: [-0.2743211244702054f,0.20714665709046742f,-0.9390623957574099f,-0.3431936653185477f,0.9188005420759995f,-0.23175354746871485f,-0.3195244233490075f,1.4615503351151338f,-0.2838194576667562f,-0.9504633373738887f,-0.12675156708237564f,-0.16655642443061686f,0f,0f,0f,1f], start_interpolation: 0, interpolation_duration: 1 }
$data merge entity $(bone_left_ring) { transformation: [-0.1378852393506858f,0.7202869979141646f,0.6798340248950506f,0.3355534882397702f,-0.8893558844872814f,-0.39214277697788646f,0.2350960509917535f,1.6035971253389683f,0.4359286311967243f,-0.5721981152536872f,0.6946621807778789f,0.18481569337414072f,0f,0f,0f,1f], start_interpolation: 0, interpolation_duration: 1 }
$data merge entity $(bone_left_hand) { transformation: [-0.2762175576388525f,0.7202869979141646f,0.6363100670960875f,0.5077524004541166f,-0.9188005420759995f,-0.39214277697788646f,0.04505115253710165f,1.5465483619865268f,0.28197415614356713f,-0.5721981152536872f,0.7701168042363777f,0.16760818826291252f,0f,0f,0f,1f], start_interpolation: 0, interpolation_duration: 1 }
$data merge entity $(bone_left_arm) { transformation: [-0.2762175576388525f,-0.20077052765268133f,0.9398909809536907f,0.34434867311995265f,-0.9188005420759995f,-0.23175354746871485f,-0.3195244233490075f,1.4895961963747282f,0.28197415614356713f,-0.9518305986160196f,-0.12045367078421979f,-0.1780357545820742f,0f,0f,0f,1f], start_interpolation: 0, interpolation_duration: 1 }
$data merge entity $(bone_leftfoot) { transformation: [-0.9999916721853481f,0.003926672204792329f,-0.0011121175061662393f,0.10586812265973532f,0.0034520823064224347f,0.6684954925902538f,-0.7437081816910877f,0.9271099973952208f,-0.0021768527054202014f,-0.7437058273483611f,-0.6685034806793368f,0.5952545512032074f,0f,0f,0f,1f], start_interpolation: 0, interpolation_duration: 1 }
$data merge entity $(bone_leftleg) { transformation: [-0.9989051713323746f,0.046704856713262556f,-0.002667404137553093f,0.12445019571679512f,0.01616637853402633f,0.2911299352064587f,-0.9565469194094861f,0.9048887047845764f,-0.043898825616797484f,-0.9555427866851786f,-0.2915662462003947f,0.16424150170167062f,0f,0f,0f,1f], start_interpolation: 0, interpolation_duration: 1 }
$data merge entity $(bone_rightfoot) { transformation: [-0.9998084558025954f,-0.00834061709200701f,0.01770553055275516f,-0.14500996970441035f,-0.01874210888333114f,0.6686081119166807f,-0.7433787231511384f,1.1055955481237303f,-0.005637824069212011f,-0.7435681722517015f,-0.6686363646661978f,0.5529672652272279f,0f,0f,0f,1f], start_interpolation: 0, interpolation_duration: 1 }
$data merge entity $(bone_rightleg) { transformation: [-0.9991804739849086f,-0.036199046433866976f,0.018111031019029212f,-0.12554839996554817f,-0.01452061818939092f,-0.09709698738952799f,-0.9951689940343177f,0.9048887047845764f,0.03778269517505897f,-0.9946164105207377f,0.09649178135028907f,0.1634035536983796f,0f,0f,0f,1f], start_interpolation: 0, interpolation_duration: 1 }
$data merge entity $(bone_skirt_right_back) { transformation: [-0.9999943827293734f,0.003348946273377972f,0.00013808894792275174f,-0.17222190417240335f,0f,0.04119854316151184f,-0.9991509796028671f,0.7443142671090689f,-0.003351792013164095f,-0.9991453671014177f,-0.041198311738145435f,0.1032094933101824f,0f,0f,0f,1f], start_interpolation: 0, interpolation_duration: 1 }
$data merge entity $(bone_skirt_right) { transformation: [-0.9999943827293734f,0.003349861921624982f,0.00011373128662598168f,-0.2037130819271614f,0f,0.033931486852198545f,-0.9994241613048982f,1.023281594547809f,-0.003351792013164095f,-0.9994185472689132f,-0.03393129624985408f,0.17511158608434957f,0f,0f,0f,1f], start_interpolation: 0, interpolation_duration: 1 }
$data merge entity $(bone_skirt_left_back) { transformation: [-0.9999943827293734f,0.0031540755836350193f,0.0011341591212118475f,0.17179616641350998f,0f,0.33837395541175f,-0.9410117248467244f,0.7788787205670042f,-0.003351792013164095f,-0.941006438929203f,-0.33837205467366943f,0.023807745747936315f,0f,0f,0f,1f], start_interpolation: 0, interpolation_duration: 1 }
$data merge entity $(bone_skirt_left) { transformation: [-0.9999943827293734f,0.003160620439846258f,0.0011157903632567645f,0.20253463605664654f,0f,0.3328936756441093f,-0.9429643687415525f,1.023281594547809f,-0.003351792013164095f,-0.942959071855502f,-0.33289180569024324f,0.17647325158969748f,0f,0f,0f,1f], start_interpolation: 0, interpolation_duration: 1 }
$data merge entity $(bone_skirt_back_middle) { transformation: [-0.9999943827293734f,0.003240921854401084f,0.0008549475031696722f,-0.0001476050158046113f,0f,0.2550717645402468f,-0.9669221245448493f,0.8378139936133513f,-0.003351792013164095f,-0.9669166930816008f,-0.25507033173311616f,0.04403739435131396f,0f,0f,0f,1f], start_interpolation: 0, interpolation_duration: 1 }
$data merge entity $(bone_skirt_front_middle) { transformation: [-0.9999943827293734f,0.003245840862715566f,0.0008360782220800209f,-0.0004962895043223502f,0f,0.2494421547626883f,-0.9683897001865247f,1.1324903588450865f,-0.003351792013164095f,-0.9683842604795067f,-0.24944075357859924f,0.14806608362951496f,0f,0f,0f,1f], start_interpolation: 0, interpolation_duration: 1 }
$data merge entity $(bone_lower) { transformation: [-0.9999943827293734f,0.003160620439846258f,0.0011157903632567645f,-0.0002772018723371871f,0f,0.3328936756441093f,-0.9429643687415525f,0.9567248324424331f,-0.003351792013164095f,-0.942959071855502f,-0.33289180569024324f,0.08270212296304587f,0f,0f,0f,1f], start_interpolation: 0, interpolation_duration: 1 }
data modify entity @s data merge value {"locators":{"locator_right_hand":{"posx":-0.12886037670055267,"posy":1.6785991217460072,"posz":0.3289289634437278,"roty":219.9493546171848,"rotx":2.582114851494681},"locator_left_hand":{"posx":0.1329727700764114,"posy":1.713887281363999,"posz":0.3457464132892403,"roty":140.4347331743104,"rotx":2.5821148514946746}},"cameras":{}}