# This file was generated by Animated Java via MC-Build. It is not recommended to edit this file directly.
$data merge entity $(bone_head) { transformation: [-0.9998347188592769f,0.003834174752890028f,-0.017771721007130464f,-0.00111977265944059f,0.0002217315931309971f,0.9800079826246632f,0.19895804790718688f,1.6204040265737603f,0.018179268376136298f,0.19892122334206117f,-0.9798468559450534f,-0.06762837099691324f,0f,0f,0f,1f], start_interpolation: 0, interpolation_duration: 1 }
$data merge entity $(bone_bust) { transformation: [-0.999862948882072f,-0.01014114763289643f,-0.013085892309471112f,0.0003041640057984685f,0f,0.7904273034887548f,-0.6125558569628536f,1.5217573066273604f,0.016555465950775176f,-0.6124719054978635f,-0.7903189745431708f,0.018369903975262503f,0f,0f,0f,1f], start_interpolation: 0, interpolation_duration: 1 }
$data merge entity $(bone_left_wing) { transformation: [-0.9174756468566596f,-0.00223954531888118f,-0.3977856481344177f,0.05981115106073942f,0.0517676090854145f,0.9908080531475206f,-0.12497806394563636f,1.38675535474494f,0.3944091176361593f,-0.13525674199382645f,-0.9089263235657121f,-0.16290970803221005f,0f,0f,0f,1f], start_interpolation: 0, interpolation_duration: 1 }
$data merge entity $(bone_right_wing) { transformation: [-0.9300301807203908f,-0.00223954531888118f,0.36747632221132537f,-0.06517171754951956f,-0.0517676090854145f,0.9908080531475206f,-0.12497806394563636f,1.38675535474494f,-0.363818605349942f,-0.13525674199382645f,-0.9215973286346042f,-0.16084027478836316f,0f,0f,0f,1f], start_interpolation: 0, interpolation_duration: 1 }
$data merge entity $(bone_body) { transformation: [-0.999862948882072f,-0.00223954531888118f,-0.016403288987637616f,0.5098827637152307f,0f,0.9908080531475206f,-0.13527528162240085f,0.41856884928969995f,0.016555465950775176f,-0.13525674199382645f,-0.9906722617961846f,0.5927277276053817f,0f,0f,0f,1f], start_interpolation: 0, interpolation_duration: 1 }
$data merge entity $(bone_right_ring) { transformation: [-0.4566137497792962f,0.6826864662049068f,0.5704761803731568f,-0.7270582667698212f,-0.6941350503299537f,0.12771302475521945f,-0.7084249538316002f,1.4109521352890915f,-0.5564893668489296f,-0.719464086781633f,0.4155610814495845f,0.19287544365687315f,0f,0f,0f,1f], start_interpolation: 0, interpolation_duration: 1 }
$data merge entity $(bone_sword) { transformation: [-0.0000026573998956741953f,0.000006826864662049068f,-0.000006806771972127201f,-0.8953358871325752f,0.000009605815318579606f,0.0000012771302475521947f,-0.0000024692611032713f,1.409174863520587f,-8.164176993500983e-7f,-0.00000719464086781633f,-0.000006897144693518831f,0.33693011874626316f,0f,0f,0f,1f], start_interpolation: 0, interpolation_duration: 1 }
$data merge entity $(bone_right_hand) { transformation: [-0.2657399895674195f,0.6826864662049068f,-0.68067719721272f,-0.684201993663997f,0.9605815318579606f,0.12771302475521945f,-0.24692611032712997f,1.407757972563926f,-0.08164176993500982f,-0.719464086781633f,-0.6897144693518831f,0.015798448595503937f,0f,0f,0f,1f], start_interpolation: 0, interpolation_duration: 1 }
$data merge entity $(bone_right_arm) { transformation: [-0.2657399895674195f,0.8818971473825686f,-0.389409398170095f,-0.3445427181727927f,0.9605815318579606f,0.2080148788533394f,-0.18442594944595997f,1.49655301993032f,-0.08164176993500982f,-0.42306882609584734f,-0.9024119845102682f,-0.04503033682710595f,0f,0f,0f,1f], start_interpolation: 0, interpolation_duration: 1 }
$data merge entity $(bone_left_ring) { transformation: [0.7008431754024476f,-0.7061186005245265f,-0.10107109124323255f,0.7609538052613326f,0.2664443785963726f,0.12770832974583082f,0.955352278286875f,1.4354153832300287f,-0.6616843935035847f,-0.6964819484428968f,0.2776448430765088f,0.17677480344664942f,0f,0f,0f,1f], start_interpolation: 0, interpolation_duration: 1 }
$data merge entity $(bone_left_hand) { transformation: [-0.26289145509636924f,-0.7061186005245265f,0.6574835395890891f,0.7122618557658524f,-0.9605815318579606f,0.12770832974583082f,-0.2469285385834197f,1.4322202592606192f,0.09039470941779154f,-0.6964819484428968f,-0.7118579156000577f,0.0012128194149413837f,0f,0f,0f,1f], start_interpolation: 0, interpolation_duration: 1 }
$data merge entity $(bone_left_arm) { transformation: [-0.26289145509636924f,-0.8954200038027816f,0.3593203301055198f,0.34279307339241677f,-0.9605815318579606f,0.2080148788533394f,-0.18442594944595997f,1.5275157715911802f,0.09039470941779154f,-0.39364047932784624f,-0.9148092530925866f,-0.06063899285557096f,0f,0f,0f,1f], start_interpolation: 0, interpolation_duration: 1 }
$data merge entity $(bone_leftfoot) { transformation: [-0.9998125675012274f,-0.00434361042763175f,-0.018866979489494024f,0.11555345679807562f,0.0025137713317410493f,0.9371337920414132f,-0.3489612253070148f,0.6754915780876383f,0.019196635650439796f,-0.3489432459047379f,-0.9369472238697172f,0.46358844082666917f,0f,0f,0f,1f], start_interpolation: 0, interpolation_duration: 1 }
$data merge entity $(bone_leftleg) { transformation: [-0.9993804821463975f,0.03171236949440926f,-0.015263601340584687f,0.126194765458281f,0.03312583191461368f,0.701076607858904f,-0.7123161300806106f,0.8556825184247283f,-0.011888278462376275f,-0.7123804570130363f,-0.7016927770050783f,0.07112275354250233f,0f,0f,0f,1f], start_interpolation: 0, interpolation_duration: 1 }
$data merge entity $(bone_rightfoot) { transformation: [-0.9998621227425712f,-0.01660520147939705f,-0.00005280670382181059f,-0.13466837498577094f,-0.015545311933896626f,0.9371506806405006f,-0.3485784632646209f,0.8528481158937377f,0.005837703452316614f,-0.348529581325424f,-0.9372796019115789f,0.5137762580587071f,0f,0f,0f,1f], start_interpolation: 0, interpolation_duration: 1 }
$data merge entity $(bone_rightleg) { transformation: [-0.998419441435751f,-0.054859903542206455f,0.012206963031926914f,-0.12377097176223698f,-0.031937112259199915f,0.37509475165438655f,-0.9264361543797163f,0.8556825184247283f,0.04624543030036901f,-0.925361722930376f,-0.3762539593302107f,0.07526162003019612f,0f,0f,0f,1f], start_interpolation: 0, interpolation_duration: 1 }
$data merge entity $(bone_skirt_right_back) { transformation: [-0.999862948882072f,-0.013767633405211782f,-0.009194331039666385f,-0.17275282147071733f,0f,0.5553652834057433f,-0.831606518726049f,0.7412509463202406f,0.016555465950775176f,-0.8314925461229813f,-0.5552891699727941f,-0.051592960654152836f,0f,0f,0f,1f], start_interpolation: 0, interpolation_duration: 1 }
$data merge entity $(bone_skirt_right) { transformation: [-0.999862948882072f,-0.014399285838779894f,-0.00816970135197052f,-0.20080085475311663f,0f,0.49347456460976225f,-0.8697602279267578f,0.955028850136531f,0.016555465950775176f,-0.869641026315191f,-0.4934069333690134f,0.14204766181154335f,0f,0f,0f,1f], start_interpolation: 0, interpolation_duration: 1 }
$data merge entity $(bone_skirt_left_back) { transformation: [-0.999862948882072f,-0.01055228454680503f,-0.012756674476153097f,0.17003380996472262f,0f,0.7705415549210679f,-0.6373897646964712f,0.8092264852216822f,0.016555465950775176f,-0.6373024097166635f,-0.7704359513395559f,-0.11262101378254111f,0f,0f,0f,1f], start_interpolation: 0, interpolation_duration: 1 }
$data merge entity $(bone_skirt_left) { transformation: [-0.999862948882072f,-0.011276166406357849f,-0.012121531422365857f,0.2053934682302251f,0f,0.7321770017471658f,-0.6811144089743887f,0.955028850136531f,0.016555465950775176f,-0.6810210614832017f,-0.7320766560705552f,0.13532200376904094f,0f,0f,0f,1f], start_interpolation: 0, interpolation_duration: 1 }
$data merge entity $(bone_skirt_back_middle) { transformation: [-0.999862948882072f,-0.011623947357241845f,-0.011788439281064584f,-0.001060038660485642f,0f,0.7120572333098614f,-0.702121425745651f,0.8517961357825814f,0.016555465950775176f,-0.7020251992193313f,-0.7119596450700075f,-0.06402075206784189f,0f,0f,0f,1f], start_interpolation: 0, interpolation_duration: 1 }
$data merge entity $(bone_skirt_front_middle) { transformation: [-0.999862948882072f,-0.012289718263169314f,-0.011092622677221053f,0.0027279399090036883f,0f,0.6700278149949422f,-0.7423359934242064f,1.0646443885870778f,0.016555465950775176f,-0.7422342554464294f,-0.6699359869338543f,0.1647532029542066f,0f,0f,0f,1f], start_interpolation: 0, interpolation_duration: 1 }
$data merge entity $(bone_lower) { transformation: [-0.999862948882072f,-0.011276166406357849f,-0.012121531422365857f,0.00041991474729022126f,0f,0.7321770017471658f,-0.6811144089743887f,0.9392234900348398f,0.016555465950775176f,-0.6810210614832017f,-0.7320766560705552f,0.02536063912384246f,0f,0f,0f,1f], start_interpolation: 0, interpolation_duration: 1 }
data modify entity @s data merge value {"locators":{"locator_right_hand":{"posx":-0.9190638353899512,"posy":1.375032847076686,"posz":0.39522471806420745,"roty":315.3778409183643,"rotx":-14.295689482220295},"locator_left_hand":{"posx":0.9595496616588557,"posy":1.3994974154890139,"posz":0.3726603514462141,"roty":42.72607016880423,"rotx":-14.295833056993455}},"cameras":{}}