# This file was generated by Animated Java via MC-Build. It is not recommended to edit this file directly.
$data merge entity $(bone_head) { transformation: [-0.9999311891595714f,0.004417165094420407f,0.010867639967080891f,0.005212948818913116f,8.673617379884035e-19f,0.9264015745640901f,-0.3765370136456366f,1.3542003109293046f,-0.011731024930732184f,-0.37651110381727515f,-0.9263378280931701f,-0.4443422584388317f,0f,0f,0f,1f], start_interpolation: 0, interpolation_duration: 1 }
$data merge entity $(bone_bust) { transformation: [-0.9999311891595714f,0.011717846773256931f,-0.0005558893090644385f,0.0036861077965396616f,8.673617379884035e-19f,-0.04738625246700784f,-0.9988766405703624f,1.3679413381039218f,-0.011731024930732184f,-0.9988079070292404f,0.047382991779150896f,-0.3141971118574902f,0f,0f,0f,1f], start_interpolation: 0, interpolation_duration: 1 }
$data merge entity $(bone_left_wing) { transformation: [-0.9258738432330736f,0.010425897637826234f,-0.3776889289815935f,0.06610017167352267f,0.34010824434258563f,0.4584006218586093f,-0.8210939361667727f,1.142831965870947f,0.16457219858476f,-0.8886845168776634f,-0.4279670792419581f,-0.30650546617949304f,0f,0f,0f,1f], start_interpolation: 0, interpolation_duration: 1 }
$data merge entity $(bone_right_wing) { transformation: [-0.921758075935326f,0.010425897637826234f,0.38762527021138765f,-0.05889122697142374f,-0.34010824434258563f,0.4584006218586093f,-0.8210939361667727f,1.142831965870947f,-0.18624830624252617f,-0.8886845168776634f,-0.418988541470652f,-0.30797184429583435f,0f,0f,0f,1f], start_interpolation: 0, interpolation_duration: 1 }
$data merge entity $(bone_body) { transformation: [-0.9999311891595714f,0.010425897637826234f,0.005377509123286482f,0.4891316074885907f,8.673617379884035e-19f,0.4584006218586093f,-0.8887456722142957f,1.2112473502801093f,-0.011731024930732184f,-0.8886845168776634f,-0.4583690789265662f,0.9293348307393237f,0f,0f,0f,1f], start_interpolation: 0, interpolation_duration: 1 }
$data merge entity $(bone_right_ring) { transformation: [-0.4931493046604082f,-0.7428984928855056f,-0.45266498934797267f,-0.3201199113383807f,0.7337297917483993f,-0.6347429573686707f,0.2423674292716013f,1.5785236050107427f,-0.46738031196639696f,-0.21261045914845844f,0.8581098045395328f,-0.1365652946463323f,0f,0f,0f,1f], start_interpolation: 0, interpolation_duration: 1 }
$data merge entity $(bone_sword) { transformation: [-0.0000026639886900678576f,-0.000007428984928855057f,-0.000006141119375654164f,-0.17553132970059804f,0.000005717158038159592f,-0.000006347429573686707f,0.000005198484565120357f,1.7433623779373888f,-0.000007759978622773245f,-0.0000021261045914845847f,0.0000059382161496673775f,-0.10502822716991814f,0f,0f,0f,1f], start_interpolation: 0, interpolation_duration: 1 }
$data merge entity $(bone_right_hand) { transformation: [-0.2663988690067857f,-0.7428984928855056f,-0.6141119375654163f,-0.49377079499849874f,0.5717158038159591f,-0.6347429573686707f,0.5198484565120356f,1.5280808107198913f,-0.7759978622773244f,-0.21261045914845844f,0.5938216149667377f,-0.11411490248514727f,0f,0f,0f,1f], start_interpolation: 0, interpolation_duration: 1 }
$data merge entity $(bone_right_arm) { transformation: [-0.2663988690067857f,0.19016171949760904f,-0.9449180721256304f,-0.3398166346594178f,0.5717158038159591f,-0.7580925092745256f,-0.313746373762192f,1.2969002331969786f,-0.7759978622773244f,-0.6238062742707594f,0.09323652675564942f,-0.33728923364906294f,0f,0f,0f,1f], start_interpolation: 0, interpolation_duration: 1 }
$data merge entity $(bone_left_ring) { transformation: [-0.015885111309060562f,0.7476819559881225f,0.6638669715601717f,0.3290450757451764f,-0.3108469595287163f,-0.6347429573686707f,0.7074429629465733f,1.6165390153586532f,0.9503272231134134f,-0.1951232194297981f,0.24249762524383495f,-0.13716095032080283f,0f,0f,0f,1f], start_interpolation: 0, interpolation_duration: 1 }
$data merge entity $(bone_left_hand) { transformation: [-0.28453079474182136f,0.7476819559881225f,0.6000115994990118f,0.5021214688213529f,-0.5717158038159591f,-0.6347429573686707f,0.5198484565120356f,1.5660962210678018f,0.7695344479038345f,-0.1951232194297981f,0.60806550858332f,-0.11064281192702252f,0f,0f,0f,1f], start_interpolation: 0, interpolation_duration: 1 }
$data merge entity $(bone_left_arm) { transformation: [-0.28453079474182136f,-0.17547461373653891f,0.9424706291326005f,0.34796186718896954f,-0.5717158038159591f,-0.7580925092745256f,-0.313746373762192f,1.31122525263006f,0.7695344479038345f,-0.6280958583813984f,0.11537905431002221f,-0.35699554516161147f,0f,0f,0f,1f], start_interpolation: 0, interpolation_duration: 1 }
$data merge entity $(bone_leftfoot) { transformation: [-0.9999120155924763f,0.01309775641030756f,-0.002099964477683623f,0.10082510469632172f,0.003486733589822752f,0.10677245887389974f,-0.9942773680995132f,1.314806699344862f,-0.012798584400819012f,-0.9941972092110489f,-0.10680873294959292f,0.6005042718625591f,0f,0f,0f,1f], start_interpolation: 0, interpolation_duration: 1 }
$data merge entity $(bone_leftleg) { transformation: [-0.9984812441556775f,0.0545882113373801f,-0.007438565205452301f,0.12190902628758157f,-0.010624449790627172f,-0.3232753165543216f,-0.9462453121539623f,1.0444963217720555f,-0.054058543598368265f,-0.9447291658934263f,0.32336430998849386f,0.2642021812479146f,0f,0f,0f,1f], start_interpolation: 0, interpolation_duration: 1 }
$data merge entity $(bone_rightfoot) { transformation: [-0.9998598663810015f,0.0008309142419394636f,0.016719963579160405f,-0.1485563667282181f,-0.01653516795171403f,0.10696840432158305f,-0.9941249160431014f,1.4352730916644691f,-0.002614540375384871f,-0.9942620731268077f,-0.10693967514542302f,0.4595012448242136f,0f,0f,0f,1f], start_interpolation: 0, interpolation_duration: 1 }
$data merge entity $(bone_rightleg) { transformation: [-0.9994704145128175f,-0.030736934176988705f,0.010683229426356525f,-0.12807377100231127f,0.012298981522308012f,-0.6607713979896233f,-0.7504864386865049f,1.0444963217720555f,0.030126824709727246f,-0.749957599118936f,0.6607994960323978f,0.26126942501523154f,0f,0f,0f,1f], start_interpolation: 0, interpolation_duration: 1 }
$data merge entity $(bone_skirt_right_back) { transformation: [-0.9999311891595714f,0.009833559697558399f,-0.006396721785415961f,-0.17547693868260622f,8.673617379884035e-19f,-0.5452824304088079f,-0.8382523910419006f,0.8791581620016264f,-0.011731024930732184f,-0.8381947101903818f,0.5452449090665005f,0.3060145203148585f,0f,0f,0f,1f], start_interpolation: 0, interpolation_duration: 1 }
$data merge entity $(bone_skirt_right) { transformation: [-0.9999311891595714f,0.009739486353946777f,-0.006539063502271906f,-0.20549439463095054f,8.673617379884035e-19f,-0.5574162139184693f,-0.8302331988428308f,1.147499762546077f,-0.011731024930732184f,-0.8301760697986668f,0.557377857640321f,0.2007714076868495f,0f,0f,0f,1f], start_interpolation: 0, interpolation_duration: 1 }
$data merge entity $(bone_skirt_left_back) { transformation: [-0.9999311891595714f,0.011292771587512953f,-0.003176516298985444f,0.16925295236738244f,8.673617379884035e-19f,-0.27077909370593967f,-0.9626415129277306f,0.8600386820565207f,-0.011731024930732184f,-0.9625752727561946f,0.27076046116893127f,0.2245067320260666f,0f,0f,0f,1f], start_interpolation: 0, interpolation_duration: 1 }
$data merge entity $(bone_skirt_left) { transformation: [-0.9999311891595714f,0.011255047545799972f,-0.003307695673311261f,0.20072765096512535f,8.673617379884035e-19f,-0.28196135400292033f,-0.9594257630733292f,1.147499762546077f,-0.011731024930732184f,-0.9593597441802433f,0.28194195200518307f,0.20553713656495945f,0f,0f,0f,1f], start_interpolation: 0, interpolation_duration: 1 }
$data merge entity $(bone_skirt_back_middle) { transformation: [-0.9999311891595714f,0.010972947544853388f,-0.004148658590840655f,-0.002403489789836952f,8.673617379884035e-19f,-0.3536484335628908f,-0.9353784183091428f,0.9200027922486038f,-0.011731024930732184f,-0.9353140541340602f,0.3536240987169611f,0.2048690901157731f,0f,0f,0f,1f], start_interpolation: 0, interpolation_duration: 1 }
$data merge entity $(bone_skirt_front_middle) { transformation: [-0.9999311891595714f,0.010923934018705787f,-0.004276050921168088f,-0.0013698348919271826f,8.673617379884035e-19f,-0.3645078709163737f,-0.9312003071520178f,1.219823343209019f,-0.011731024930732184f,-0.9311362304762754f,0.3644827888234332f,0.11676223011415338f,0f,0f,0f,1f], start_interpolation: 0, interpolation_duration: 1 }
$data merge entity $(bone_lower) { transformation: [-0.9999311891595714f,0.011255047545799972f,-0.003307695673311261f,-0.001954855807092419f,8.673617379884035e-19f,-0.28196135400292033f,-0.9594257630733292f,1.0390498834015107f,-0.011731024930732184f,-0.9593597441802433f,0.28194195200518307f,0.16662834691456188f,0f,0f,0f,1f], start_interpolation: 0, interpolation_duration: 1 }
data modify entity @s data merge value {"locators":{"locator_right_hand":{"posx":-0.11117971021433226,"posy":1.7570450617706814,"posz":-0.07676860301082837,"roty":225.96233813951056,"rotx":31.322086809677817},"locator_left_hand":{"posx":0.11875952562351694,"posy":1.7950604721185919,"posz":-0.08228254485617209,"roty":135.38196913072264,"rotx":31.32208680967782}},"cameras":{}}