# This file was generated by Animated Java via MC-Build. It is not recommended to edit this file directly.
$data merge entity $(bone_head) { transformation: [-1f,-4.188538737676991e-17f,1.1507915602278503e-16f,0f,0f,0.9396926207859084f,0.34202014332566866f,1.625f,-1.2246467991473532e-16f,0.34202014332566866f,-0.9396926207859084f,0f,0f,0f,0f,1f], start_interpolation: 0, interpolation_duration: 1 }
$data merge entity $(bone_bust) { transformation: [-1f,6.123233995736765e-17f,1.0605752387249069e-16f,0f,0f,0.8660254037844387f,-0.49999999999999994f,1.515625f,-1.2246467991473532e-16f,-0.49999999999999994f,-0.8660254037844387f,0.07187500000000008f,0f,0f,0f,1f], start_interpolation: 0, interpolation_duration: 1 }
$data merge entity $(bone_left_wing) { transformation: [-0.9238795325112867f,0f,-0.3826834323650896f,0.0625f,0f,1f,0f,1.40625f,0.3826834323650896f,0f,-0.9238795325112867f,-0.12499999999999989f,0f,0f,0f,1f], start_interpolation: 0, interpolation_duration: 1 }
$data merge entity $(bone_right_wing) { transformation: [-0.9238795325112867f,0f,0.38268343236508984f,-0.062499999999999944f,0f,1f,0f,1.40625f,-0.38268343236508984f,0f,-0.9238795325112867f,-0.125f,0f,0f,0f,1f], start_interpolation: 0, interpolation_duration: 1 }
$data merge entity $(bone_body) { transformation: [-1f,0f,1.2246467991473532e-16f,0.49999999999999994f,0f,1f,0f,0.34375f,-1.2246467991473532e-16f,0f,-1f,0.5000000000000001f,0f,0f,0f,1f], start_interpolation: 0, interpolation_duration: 1 }
$data merge entity $(bone_right_ring) { transformation: [-0.8075374120697223f,0.21970436058738885f,0.5473694566256158f,-0.5565642294251029f,-0.5211744804152085f,0.16870948238286843f,-0.8366087923982402f,1.3966096350926014f,-0.27615301749514254f,-0.9608678912800609f,-0.021734912820995794f,0.3889794546802546f,0f,0f,0f,1f], start_interpolation: 0, interpolation_duration: 1 }
$data merge entity $(bone_sword) { transformation: [-0.000002710365046216202f,0.0000021970436058738885f,-0.000009371601822001299f,-0.6277375769198968f,0.000009567140150829983f,0.0000016870948238286844f,-0.0000023714005123106646f,1.385896435492207f,0.0000010600710592343636f,-0.00000960867891280061f,-0.0000025592066935037924f,0.5984832674992756f,0f,0f,0f,1f], start_interpolation: 0, interpolation_duration: 1 }
$data merge entity $(bone_right_hand) { transformation: [-0.2710365046216202f,0.21970436058738885f,-0.9371601822001299f,-0.6100941901645855f,0.9567140150829982f,0.16870948238286843f,-0.23714005123106643f,1.400738611912012f,0.10600710592343635f,-0.9608678912800609f,-0.2559206693503792f,0.214851283916147f,0f,0f,0f,1f], start_interpolation: 0, interpolation_duration: 1 }
$data merge entity $(bone_right_arm) { transformation: [-0.2710365046216202f,0.5616160371504065f,-0.7817458922040891f,-0.34375f,0.9567140150829982f,0.24661680647044337f,-0.15452651588024652f,1.5f,0.10600710592343635f,-0.7897895780407543f,-0.6041480910438636f,-4.209723372069027e-17f,0f,0f,0f,1f], start_interpolation: 0, interpolation_duration: 1 }
$data merge entity $(bone_left_ring) { transformation: [0.9750471841178519f,-0.21970436058738851f,-0.0318273888771089f,0.574114730586053f,0.07010729841946395f,0.16870948238286843f,0.9831694041529306f,1.4201528598904f,-0.21063702298544829f,-0.960867891280061f,0.1799025849031536f,0.4136603789940284f,0f,0f,0f,1f], start_interpolation: 0, interpolation_duration: 1 }
$data merge entity $(bone_left_hand) { transformation: [-0.2710365046216202f,-0.21970436058738851f,0.9371601822001301f,0.6276446913255358f,-0.9567140150829982f,0.16870948238286843f,-0.23714005123106643f,1.4242818367098107f,-0.1060071059234364f,-0.960867891280061f,-0.25592066935037894f,0.23953220822992083f,0f,0f,0f,1f], start_interpolation: 0, interpolation_duration: 1 }
$data merge entity $(bone_left_arm) { transformation: [-0.2710365046216202f,-0.5616160371504063f,0.7817458922040893f,0.34375f,-0.9567140150829982f,0.24661680647044337f,-0.15452651588024652f,1.53125f,-0.1060071059234364f,-0.7897895780407546f,-0.6041480910438634f,4.209723372069027e-17f,0f,0f,0f,1f], start_interpolation: 0, interpolation_duration: 1 }
$data merge entity $(bone_leftfoot) { transformation: [-0.999993351319013f,0.0014339028953620904f,-0.003352795886414518f,0.10786269742036206f,0.002197331887308307f,0.9707162994916866f,-0.2402187287322608f,0.6254722869725622f,0.0029101632851618597f,-0.24022449879987923f,-0.9707129962692373f,0.40725692735403396f,0f,0f,0f,1f], start_interpolation: 0, interpolation_duration: 1 }
$data merge entity $(bone_leftleg) { transformation: [-0.9990466999447866f,0.04350181367879496f,-0.003644658569344806f,0.125f,0.03614189436869658f,0.7774103547654485f,-0.6279545395766334f,0.8490644205957076f,-0.0244837660680229f,-0.6274876353444067f,-0.7782414873861527f,0.03803585703552756f,0f,0f,0f,1f], start_interpolation: 0, interpolation_duration: 1 }
$data merge entity $(bone_rightfoot) { transformation: [-0.9998217364216111f,-0.01083285610149986f,0.015464301069199342f,-0.14315572388103723f,-0.014226985953026253f,0.9707091477637829f,-0.23983607593188033f,0.7964490315298438f,-0.012413228813126606f,-0.2400133322888428f,-0.9706902245691148f,0.4731494807291592f,0f,0f,0f,1f], start_interpolation: 0, interpolation_duration: 1 }
$data merge entity $(bone_rightleg) { transformation: [-0.9990482215818578f,-0.039532590434971975f,0.018434349666532585f,-0.125f,-0.03510607995777494f,0.47789944001059503f,-0.8777127596130513f,0.8490644205957076f,0.02588849366273634f,-0.8775245293044864f,-0.4788324199182988f,0.03803585703552753f,0f,0f,0f,1f], start_interpolation: 0, interpolation_duration: 1 }
$data merge entity $(bone_skirt_right_back) { transformation: [-1f,9.402792455970753e-17f,7.846239372854056e-17f,-0.17187499999999997f,0f,0.6406940661027255f,-0.7677962709343906f,0.7498781005557503f,-1.2246467991473532e-16f,-0.7677962709343906f,-0.6406940661027255f,-0.10178795791636791f,0f,0f,0f,1f], start_interpolation: 0, interpolation_duration: 1 }
$data merge entity $(bone_skirt_right) { transformation: [-1f,9.89582896322445e-17f,7.214467921946415e-17f,-0.203125f,0f,0.5891060121962846f,-0.8080557569835085f,0.9403246564450943f,-1.2246467991473532e-16f,-0.8080557569835085f,-0.5891060121962846f,0.11440159282530638f,0f,0f,0f,1f], start_interpolation: 0, interpolation_duration: 1 }
$data merge entity $(bone_skirt_left_back) { transformation: [-1f,6.742587861285862e-17f,1.0223183809314311e-16f,0.17187500000000003f,0f,0.8347863087081182f,-0.5505740811130454f,0.8237019995820521f,-1.2246467991473532e-16f,-0.5505740811130454f,-0.8347863087081182f,-0.14905043014321268f,0f,0f,0f,1f], start_interpolation: 0, interpolation_duration: 1 }
$data merge entity $(bone_skirt_left) { transformation: [-1f,7.268387479465584e-17f,9.856293507933582e-17f,0.203125f,0f,0.8048274420670448f,-0.5935088781946043f,0.9403246564450943f,-1.2246467991473532e-16f,-0.5935088781946043f,-0.8048274420670448f,0.11440159282530642f,0f,0f,0f,1f], start_interpolation: 0, interpolation_duration: 1 }
$data merge entity $(bone_skirt_back_middle) { transformation: [-1f,7.607939456977361e-17f,9.596626255364579e-17f,1.2093229776183676e-17f,0f,0.7836240017975896f,-0.6212354012825825f,0.8607963044692148f,-1.2246467991473532e-16f,-0.6212354012825825f,-0.7836240017975896f,-0.09874871501402242f,0f,0f,0f,1f], start_interpolation: 0, interpolation_duration: 1 }
$data merge entity $(bone_skirt_front_middle) { transformation: [-1f,8.099761652142914e-17f,9.185305626088925e-17f,-1.870768743610877e-17f,0f,0.7500371235595514f,-0.6613957312248955f,1.0462678289050287f,-1.2246467991473532e-16f,-0.6613957312248955f,-0.7500371235595514f,0.1527598606319291f,0f,0f,0f,1f], start_interpolation: 0, interpolation_duration: 1 }
$data merge entity $(bone_lower) { transformation: [-1f,7.268387479465584e-17f,9.856293507933582e-17f,0f,0f,0.8048274420670448f,-0.5935088781946043f,0.9375f,-1.2246467991473532e-16f,-0.5935088781946043f,-0.8048274420670448f,0f,0f,0f,0f,1f], start_interpolation: 0, interpolation_duration: 1 }
data modify entity @s data merge value {"locators":{"locator_right_hand":{"posx":-0.618356080840306,"posy":1.3491600931724195,"posz":0.6592235491027717,"roty":285.2739826690656,"rotx":-13.717805118586561},"locator_left_hand":{"posx":0.635906582001256,"posy":1.3727033179702182,"posz":0.6839044734165456,"roty":74.72601733093444,"rotx":-13.717805118586558}},"cameras":{}}