# This file was generated by Animated Java via MC-Build. It is not recommended to edit this file directly.
$data merge entity $(bone_body) { transformation: [-1f,-1.4806823137524195e-17f,1.2156626100687911e-16f,0.023437499999999997f,0f,0.9926638528881819f,0.12090688635966942f,0.883342240870282f,-1.2246467991473532e-16f,0.12090688635966942f,-0.9926638528881819f,0.015113360794958682f,0f,0f,0f,1f], start_interpolation: 0, interpolation_duration: 1 }
$data merge entity $(bone_left_hand) { transformation: [-0.8871412834178551f,0.4613964924043864f,-0.009675745586249257f,0.6874954490316731f,0.39457214132733276f,0.7474483811726854f,-0.5344471374894766f,0.8953777375605527f,-0.23935991423812855f,-0.47794789912631797f,-0.8451465181710536f,0.21811590559409885f,0f,0f,0f,1f], start_interpolation: 0, interpolation_duration: 1 }
$data merge entity $(bone_left_arm) { transformation: [-0.989229277237411f,-0.14630203414208506f,-0.0045991153755421685f,0.421875f,-0.14535808933977362f,0.985572426936057f,-0.08670649991125962f,1.2636772153093885f,0.01721809861278983f,-0.08510408961535898f,-0.9962232837124925f,0.16637482132151354f,0f,0f,0f,1f], start_interpolation: 0, interpolation_duration: 1 }
$data merge entity $(bone_right_hand) { transformation: [-0.8871412834178553f,-0.4613964924043863f,0.009675745586249474f,-0.6874954490316731f,-0.39457214132733276f,0.7474483811726854f,-0.5344471374894766f,0.8953777375605527f,0.23935991423812833f,-0.4779478991263181f,-0.8451465181710536f,0.21811590559409866f,0f,0f,0f,1f], start_interpolation: 0, interpolation_duration: 1 }
$data merge entity $(bone_right_arm) { transformation: [-0.989229277237411f,0.14630203414208506f,0.004599115375542413f,-0.421875f,0.14535808933977362f,0.985572426936057f,-0.08670649991125962f,1.2636772153093885f,-0.017218098612790073f,-0.08510408961535895f,-0.9962232837124925f,0.16637482132151343f,0f,0f,0f,1f], start_interpolation: 0, interpolation_duration: 1 }
$data merge entity $(bone_head) { transformation: [-1f,-4.7084528135932297e-17f,1.1305151496921737e-16f,-0.007812500000000014f,0f,0.923135675101819f,0.38447434941008607f,1.5037571489253958f,-1.2246467991473532e-16f,0.38447434941008607f,-0.923135675101819f,0.09068016476975208f,0f,0f,0f,1f], start_interpolation: 0, interpolation_duration: 1 }
$data merge entity $(bone_bottom) { transformation: [-1f,1.4217281568715176e-17f,1.2163661755990443e-16f,0.0078125f,0f,0.993238357741943f,-0.11609291412523023f,0.7592592592592593f,-1.2246467991473532e-16f,-0.11609291412523023f,-0.993238357741943f,9.567553118338695e-19f,0f,0f,0f,1f], start_interpolation: 0, interpolation_duration: 1 }
data modify entity @s data merge value {"locators":{"locator_left_hand":{"posx":0.39856558344469856,"posy":0.3986995477077383,"posz":0.5355092130557157,"roty":359.3440721167309,"rotx":-32.30642540615952},"locator_right_hand":{"posx":-0.3985655834446986,"posy":0.3986995477077383,"posz":0.5355092130557156,"roty":0.6559278832691007,"rotx":-32.30642540615952}},"cameras":{}}