# This file was generated by Animated Java via MC-Build. It is not recommended to edit this file directly.
$data merge entity $(bone_body) { transformation: [-1f,3.330814892000124e-17f,1.178480591360825e-16f,0.023437500000000003f,0f,0.9623024305304427f,-0.27198167621220803f,1.0806581741866756f,-1.2246467991473532e-16f,-0.27198167621220803f,-0.9623024305304427f,-0.033997709526526004f,0f,0f,0f,1f], start_interpolation: 0, interpolation_duration: 1 }
$data merge entity $(bone_left_hand) { transformation: [-0.8844252405423769f,0.3968383987972627f,-0.24558354816962671f,1.0379335245541377f,-0.3145099485028258f,-0.8956154506891232f,-0.314573452121549f,1.5269069598777534f,-0.3447832452198172f,-0.20097823197287634f,0.9169145347788678f,0.1081577879990136f,0f,0f,0f,1f], start_interpolation: 0, interpolation_duration: 1 }
$data merge entity $(bone_left_arm) { transformation: [-0.07865060931275167f,-0.9007221220202764f,0.4272162690699215f,0.6510416666666666f,-0.9837611567801828f,0.13947847487076503f,0.11295902557229218f,1.3212337818192863f,-0.16133216686466867f,-0.41139447486690434f,-0.8970655037307669f,-0.10199312857957793f,0f,0f,0f,1f], start_interpolation: 0, interpolation_duration: 1 }
$data merge entity $(bone_right_hand) { transformation: [-0.8844252405423769f,-0.3968383987972626f,0.24558354816962652f,-1.0379335245541377f,0.3145099485028258f,-0.8956154506891232f,-0.314573452121549f,1.5269069598777534f,0.34478324521981696f,-0.20097823197287645f,0.9169145347788679f,0.10815778799901332f,0f,0f,0f,1f], start_interpolation: 0, interpolation_duration: 1 }
$data merge entity $(bone_right_arm) { transformation: [-0.07865060931275172f,0.9007221220202764f,-0.4272162690699213f,-0.6510416666666666f,0.9837611567801828f,0.13947847487076503f,0.11295902557229218f,1.3212337818192863f,0.16133216686466867f,-0.4113944748669041f,-0.897065503730767f,-0.1019931285795781f,0f,0f,0f,1f], start_interpolation: 0, interpolation_duration: 1 }
$data merge entity $(bone_head) { transformation: [-1f,4.586433246661238e-17f,1.1355201818554623e-16f,-0.007812499999999976f,0f,0.9272225940132743f,-0.374510695643388f,1.6820971932682025f,-1.2246467991473532e-16f,-0.374510695643388f,-0.9272225940132743f,-0.20398625715915603f,0f,0f,0f,1f], start_interpolation: 0, interpolation_duration: 1 }
$data merge entity $(bone_bottom) { transformation: [-1f,-1.2539263929816228e-18f,1.2245826021636745e-16f,0.0078125f,0f,0.9999475791846895f,0.0102390860275359f,0.9603703703703703f,-1.2246467991473532e-16f,0.0102390860275359f,-0.9999475791846895f,9.567553118338695e-19f,0f,0f,0f,1f], start_interpolation: 0, interpolation_duration: 1 }
data modify entity @s data merge value {"locators":{"locator_left_hand":{"posx":0.7913274697269087,"posy":2.1195688173378473,"posz":0.24543699093777335,"roty":194.99399703136197,"rotx":-18.335065415444035},"locator_right_hand":{"posx":-0.7913274697269087,"posy":2.1195688173378473,"posz":0.24543699093777313,"roty":165.00600296863803,"rotx":-18.335065415444035}},"cameras":{}}