# This file was generated by Animated Java via MC-Build. It is not recommended to edit this file directly.
$data merge entity $(bone_body) { transformation: [-1f,-4.8335361059247415e-17f,1.1252240087151875e-16f,0.023437499999999993f,0f,0.918815130614486f,0.3946881753408442f,0.7256390633384725f,-1.2246467991473532e-16f,0.3946881753408442f,-0.918815130614486f,0.04933602191760553f,0f,0f,0f,1f], start_interpolation: 0, interpolation_duration: 1 }
$data merge entity $(bone_left_hand) { transformation: [0.058857882146446605f,0.9957665080580662f,0.07060319496368563f,0.68224730396751f,0.19088303316770822f,0.058194495003442176f,-0.9798862527865109f,0.6085892639215478f,-0.9798466295078687f,0.07115098158943091f,-0.18664972665645646f,0.7509771742692852f,0f,0f,0f,1f], start_interpolation: 0, interpolation_duration: 1 }
$data merge entity $(bone_left_arm) { transformation: [-0.9915088247953304f,-0.010820478394621193f,-0.12958845473380082f,0.42187499999999994f,0.07845839438129149f,0.7449386649526206f,-0.6625033326781963f,0.8894287368614856f,0.10370405346027965f,-0.6670452028955148f,-0.7377643028704959f,0.45980580502864626f,0f,0f,0f,1f], start_interpolation: 0, interpolation_duration: 1 }
$data merge entity $(bone_right_hand) { transformation: [0.058857882146446355f,-0.9957665080580662f,-0.07060319496368556f,-0.6822473039675101f,-0.19088303316770822f,0.058194495003442176f,-0.9798862527865109f,0.6085892639215478f,0.9798466295078687f,0.07115098158943069f,-0.18664972665645652f,0.750977174269285f,0f,0f,0f,1f], start_interpolation: 0, interpolation_duration: 1 }
$data merge entity $(bone_right_arm) { transformation: [-0.9915088247953304f,0.010820478394621356f,0.12958845473380104f,-0.42187500000000006f,-0.07845839438129149f,0.7449386649526206f,-0.6625033326781963f,0.8894287368614856f,-0.10370405346027989f,-0.6670452028955148f,-0.7377643028704959f,0.45980580502864615f,0f,0f,0f,1f], start_interpolation: 0, interpolation_duration: 1 }
$data merge entity $(bone_head) { transformation: [-1f,-1.0520643341431539e-16f,6.268336457831374e-17f,-0.007812500000000035f,0f,0.5118485151960251f,0.859075722792598f,1.2998985199725264f,-1.2246467991473532e-16f,0.859075722792598f,-0.5118485151960251f,0.29601613150563316f,0f,0f,0f,1f], start_interpolation: 0, interpolation_duration: 1 }
$data merge entity $(bone_bottom) { transformation: [-1f,4.9932882076639174e-17f,1.1182265027327434e-16f,0.0078125f,0f,0.9131012333607504f,-0.4077329243942367f,0.6107871720116618f,-1.2246467991473532e-16f,-0.4077329243942367f,-0.9131012333607504f,9.567553118338695e-19f,0f,0f,0f,1f], start_interpolation: 0, interpolation_duration: 1 }
data modify entity @s data merge value {"locators":{"locator_left_hand":{"posx":0.027855878645865806,"posy":0.5674165791822934,"posz":0.7195944461872816,"roty":20.719912670785703,"rotx":-78.48895467032173},"locator_right_hand":{"posx":-0.027855878645865917,"posy":0.5674165791822934,"posz":0.7195944461872815,"roty":339.2800873292142,"rotx":-78.48895467032177}},"cameras":{}}