# This file was generated by Animated Java via MC-Build. It is not recommended to edit this file directly.
$data merge entity $(bone_body) { transformation: [-1f,-3.763891735105208e-17f,1.1653716028486042e-16f,0.023437499999999997f,0f,0.9515981290768745f,0.3073450841275849f,1.1688768798372333f,-1.2246467991473532e-16f,0.3073450841275849f,-0.9515981290768745f,0.03841813551594811f,0f,0f,0f,1f], start_interpolation: 0, interpolation_duration: 1 }
$data merge entity $(bone_left_hand) { transformation: [0.05885788214644662f,0.9957665080580662f,0.0706031949636856f,0.6822473039675099f,0.09873925554400348f,0.06457189239523958f,-0.9930161278283014f,1.1177232461666704f,-0.9933711839608851f,0.06541813313098127f,-0.09452067886873344f,0.7479139198439688f,0f,0f,0f,1f], start_interpolation: 0, interpolation_duration: 1 }
$data merge entity $(bone_left_arm) { transformation: [-0.9915088247953304f,-0.01082047839462117f,-0.12958845473380085f,0.42187499999999994f,0.0877812682772862f,0.6795341096835525f,-0.72837342257678f,1.3702059563838864f,0.09594112409500903f,-0.7335641151418824f,-0.6728142311838335f,0.4318378896423417f,0f,0f,0f,1f], start_interpolation: 0, interpolation_duration: 1 }
$data merge entity $(bone_right_hand) { transformation: [0.05885788214644638f,-0.9957665080580662f,-0.07060319496368558f,-0.6822473039675101f,-0.09873925554400348f,0.06457189239523958f,-0.9930161278283014f,1.1177232461666704f,0.9933711839608852f,0.06541813313098103f,-0.0945206788687335f,0.7479139198439686f,0f,0f,0f,1f], start_interpolation: 0, interpolation_duration: 1 }
$data merge entity $(bone_right_arm) { transformation: [-0.9915088247953304f,0.010820478394621351f,0.129588454733801f,-0.42187500000000006f,-0.0877812682772862f,0.6795341096835525f,-0.72837342257678f,1.3702059563838864f,-0.09594112409500927f,-0.7335641151418824f,-0.6728142311838335f,0.4318378896423416f,0f,0f,0f,1f], start_interpolation: 0, interpolation_duration: 1 }
$data merge entity $(bone_head) { transformation: [-1f,-8.982102359369541e-17f,8.324530946065006e-17f,-0.007812500000000028f,0f,0.6797495369163474f,0.7334443176288241f,1.76362571051028f,-1.2246467991473532e-16f,0.7334443176288241f,-0.6797495369163474f,0.23050881309568866f,0f,0f,0f,1f], start_interpolation: 0, interpolation_duration: 1 }
$data merge entity $(bone_bottom) { transformation: [-1f,4.9932882076639174e-17f,1.1182265027327434e-16f,0.0078125f,0f,0.9131012333607504f,-0.4077329243942367f,1.049927113702624f,-1.2246467991473532e-16f,-0.4077329243942367f,-0.9131012333607504f,9.567553118338695e-19f,0f,0f,0f,1f], start_interpolation: 0, interpolation_duration: 1 }
data modify entity @s data merge value {"locators":{"locator_left_hand":{"posx":0.027855878645865695,"posy":1.0738051409144194,"posz":0.7205046947261512,"roty":36.758271374263984,"rotx":-83.22453899509868},"locator_right_hand":{"posx":-0.027855878645865917,"posy":1.0738051409144194,"posz":0.7205046947261511,"roty":323.2417286257362,"rotx":-83.22453899509878}},"cameras":{}}