# This file was generated by Animated Java via MC-Build. It is not recommended to edit this file directly.
$data merge entity $(bone_body) { transformation: [-0.6343932841636456f,0f,-0.7730104533627369f,0.0234375f,0f,1f,0f,1f,0.7730104533627369f,0f,-0.6343932841636456f,2.870265935501609e-18f,0f,0f,0f,1f], start_interpolation: 0, interpolation_duration: 1 }
$data merge entity $(bone_left_hand) { transformation: [-0.16419306402668685f,-0.3630582614040539f,0.9171855518660301f,0.5942289254755212f,-0.9659258262890683f,-0.12940952255126031f,-0.22414386804201342f,1.4972896650373937f,0.2000698273936102f,-0.9227360805232017f,-0.32943920511586133f,-0.6955113643173091f,0f,0f,0f,1f], start_interpolation: 0, interpolation_duration: 1 }
$data merge entity $(bone_left_arm) { transformation: [-0.16419306402668685f,-0.6127768571980051f,-0.7730104533627369f,0.2762035741589525f,-0.9659258262890683f,0.25881904510252074f,0f,1.4375f,0.2000698273936102f,0.7466707608944889f,-0.6343932841636456f,-0.3079963525117155f,0f,0f,0f,1f], start_interpolation: 0, interpolation_duration: 1 }
$data merge entity $(bone_right_hand) { transformation: [-0.2342219003271007f,-0.958271667748712f,0.16387651508762302f,-0.3945403399607583f,0.9293475242268224f,-0.2701829928834396f,-0.2516233883605077f,1.4340688244914053f,0.2854002113184877f,0.09336252538705969f,0.9538501759881963f,0.8872575269508479f,0f,0f,0f,1f], start_interpolation: 0, interpolation_duration: 1 }
$data merge entity $(bone_right_arm) { transformation: [-0.2342219003271007f,0.20764520464767794f,-0.949749214474003f,-0.25329004397082794f,0.9293475242268224f,0.3346144063312865f,-0.15603326020126726f,1.4166666666666665f,0.2854002113184877f,-0.9191934878263577f,-0.27134857898463f,0.4028730399100263f,0f,0f,0f,1f], start_interpolation: 0, interpolation_duration: 1 }
$data merge entity $(bone_head) { transformation: [-0.9951847266721969f,0.03352383638388848f,-0.09210598347822485f,0.003612709869886075f,2.7755575615628914e-17f,0.9396926207859084f,0.3420201433256687f,1.625f,0.09801714032956049f,0.3403732228519412f,-0.9351677439727045f,0.02415657666758553f,0f,0f,0f,1f], start_interpolation: 0, interpolation_duration: 1 }
$data merge entity $(bone_bottom) { transformation: [-0.6343932841636456f,-0.2000698273936102f,-0.7466707608944889f,0.013525104934943038f,0f,0.9659258262890683f,-0.25881904510252074f,0.875f,0.7730104533627369f,-0.16419306402668685f,-0.6127768571980051f,0.012078288333792767f,0f,0f,0f,1f], start_interpolation: 0, interpolation_duration: 1 }
data modify entity @s data merge value {"locators":{"locator_left_hand":{"posx":0.8350514261473485,"posy":1.597307255247425,"posz":-0.09309190252698318,"roty":70.24247779067434,"rotx":-12.952539642222357},"locator_right_hand":{"posx":0.23066572480672298,"posy":1.6258974686372065,"posz":0.8304477479674414,"roty":170.2514540640949,"rotx":-14.573596757937745}},"cameras":{}}