# This file was generated by Animated Java via MC-Build. It is not recommended to edit this file directly.
$data merge entity $(bone_body) { transformation: [-0.6520105310969596f,0.03307265176037038f,-0.7574882619844336f,0.0275715814700463f,0f,0.9990482215818578f,0.04361938736533599f,0.9998810276977322f,0.7582099098130152f,0.02844029992219673f,-0.6513899615450601f,0.0035550374902745944f,0f,0f,0f,1f], start_interpolation: 0, interpolation_duration: 1 }
$data merge entity $(bone_left_hand) { transformation: [-0.20069847153450887f,-0.22277255816241504f,0.953987689047131f,0.6306607035984569f,-0.9650064789340802f,-0.12280350377849653f,-0.23169332117040736f,1.4966973831643784f,0.16876794464281614f,-0.9671047961774869f,-0.19033048644802314f,-0.664496562279629f,0f,0f,0f,1f], start_interpolation: 0, interpolation_duration: 1 }
$data merge entity $(bone_left_arm) { transformation: [-0.20069847153450887f,-0.6212339788513778f,-0.7574882619844336f,0.30182631259915316f,-0.9650064789340802f,0.258572706721188f,0.04361938736533599f,1.4369646246397951f,0.16876794464281614f,0.7397354249049889f,-0.6513899615450601f,-0.28610159223488757f,0f,0f,0f,1f], start_interpolation: 0, interpolation_duration: 1 }
$data merge entity $(bone_right_hand) { transformation: [-0.24557755546045226f,-0.817421551458045f,-0.5210697376225095f,-0.5031804247716448f,0.9054451828447544f,-0.0014476801328389827f,-0.42446074622450364f,1.4086357617482124f,0.3462090194048937f,-0.5760381163032142f,0.7404859238692837f,0.7885174478212207f,0f,0f,0f,1f], start_interpolation: 0, interpolation_duration: 1 }
$data merge entity $(bone_right_arm) { transformation: [-0.24557755546045226f,0.4454977282323275f,-0.8609433421508663f,-0.2483075730139065f,0.9054451828447544f,0.42261298063994496f,-0.039589006780304775f,1.4369646246397951f,0.3462090194048937f,-0.7892591733609797f,-0.5071580346876555f,0.35363801916984394f,0f,0f,0f,1f], start_interpolation: 0, interpolation_duration: 1 }
$data merge entity $(bone_head) { transformation: [-0.9991774469454217f,0.022319185534000974f,0.033856808365940516f,0.027866659723497795f,0.033718242402683216f,0.9210914745809584f,0.3878834561869706f,1.6242861661863932f,-0.022527974718182575f,0.38870599353672763f,-0.9210863916830616f,0.04502428462330427f,0f,0f,0f,1f], start_interpolation: 0, interpolation_duration: 1 }
$data merge entity $(bone_bottom) { transformation: [-0.6520105310969596f,-0.20819581142967802f,-0.7290656839008393f,0.013249835451610006f,0f,0.9615617976829619f,-0.27458861818493235f,0.875f,0.7582099098130152f,-0.17903467077593802f,-0.6269484183898152f,0.011847029840828366f,0f,0f,0f,1f], start_interpolation: 0, interpolation_duration: 1 }
data modify entity @s data merge value {"locators":{"locator_left_hand":{"posx":0.7799911085102685,"posy":1.5923654087523618,"posz":-0.03247103892319725,"roty":78.71704194028646,"rotx":-13.396785162999093},"locator_right_hand":{"posx":0.02941531906862771,"posy":1.4237333828173373,"posz":1.1719519775734066,"roty":215.13352291785708,"rotx":-25.116535181858058}},"cameras":{}}