# This file was generated by Animated Java via MC-Build. It is not recommended to edit this file directly.
$data merge entity $(bone_head) { transformation: [-0.8660254037844388f,0.012035145201753339f,-0.4998551342938998f,0f,0f,0.9997102685877998f,0.024070290403506674f,1.7270392616468024f,0.4999999999999999f,0.02084548296590557f,-0.8657744890211991f,0f,0f,0f,0f,1f], start_interpolation: 0, interpolation_duration: 1 }
$data merge entity $(bone_bust) { transformation: [-0.25881904510252085f,-0.4829629131445341f,-0.8365163037378079f,0.06942591876452686f,0f,0.8660254037844387f,-0.49999999999999994f,1.6176642616468024f,0.9659258262890683f,-0.1294095225512604f,-0.22414386804201347f,0.018602618866743692f,0f,0f,0f,1f], start_interpolation: 0, interpolation_duration: 1 }
$data merge entity $(bone_left_wing) { transformation: [0.13052619222005146f,0f,-0.9914448613738105f,-0.10456453796722598f,0f,1f,0f,1.5082892616468024f,0.9914448613738105f,0f,0.13052619222005146f,-0.09272274478088188f,0f,0f,0f,1f], start_interpolation: 0, interpolation_duration: 1 }
$data merge entity $(bone_right_wing) { transformation: [-0.6087614290087207f,0f,-0.7933533402912352f,-0.13691691860504107f,0f,1f,0f,1.5082892616468024f,0.7933533402912352f,0f,-0.6087614290087207f,0.028017983505251698f,0f,0f,0f,1f], start_interpolation: 0, interpolation_duration: 1 }
$data merge entity $(bone_body) { transformation: [-0.25881904510252085f,0f,-0.9659258262890683f,0.6123724356957946f,0f,1f,0f,0.44578926164680244f,0.9659258262890683f,0f,-0.25881904510252085f,-0.35355339059327373f,0f,0f,0f,1f], start_interpolation: 0, interpolation_duration: 1 }
$data merge entity $(bone_right_ring) { transformation: [0.1888447486585645f,-0.0007071134353417441f,0.9820067010436708f,-0.08861549003632067f,-0.9794253858922767f,-0.07259822513480874f,0.18829607318539746f,1.6383383742142068f,0.07115879688308782f,-0.9973610167325897f,-0.014402358427919985f,0.8307175111531622f,0f,0f,0f,1f], start_interpolation: 0, interpolation_duration: 1 }
$data merge entity $(bone_sword) { transformation: [1.9452635796804894e-7f,-7.071134353417441e-9f,-0.000009998105295260432f,-0.10347495362753394f,0.000009971715462586328f,-7.259822513480875e-7f,1.945263579680487e-7f,1.6856847942173536f,-7.259822513480881e-7f,-0.000009973610167325898f,-7.071134353419662e-9f,1.046610490380526f,0f,0f,0f,1f], start_interpolation: 0, interpolation_duration: 1 }
$data merge entity $(bone_right_hand) { transformation: [0.019452635796804892f,-0.0007071134353417441f,-0.9998105295260431f,-0.18245821365365936f,0.9971715462586327f,-0.07259822513480874f,0.019452635796804868f,1.6288185861428435f,-0.0725982251348088f,-0.9973610167325897f,-0.0007071134353419661f,0.6748135604041317f,0f,0f,0f,1f], start_interpolation: 0, interpolation_duration: 1 }
$data merge entity $(bone_right_arm) { transformation: [0.019452635796804892f,-0.0007071134353417441f,-0.9998105295260431f,-0.08896904675399155f,0.9971715462586327f,-0.07259822513480874f,0.019452635796804868f,1.6020392616468024f,-0.0725982251348088f,-0.9973610167325897f,-0.0007071134353419661f,0.3320370027868672f,0f,0f,0f,1f], start_interpolation: 0, interpolation_duration: 1 }
$data merge entity $(bone_left_ring) { transformation: [0.635798536205654f,0.013531679448189282f,0.7717364284586152f,0.0639698680650427f,0.44574736237241164f,0.8098271622081843f,-0.3814305392700972f,1.213278407587225f,-0.6301345176204728f,0.586512455964194f,0.5088552138890429f,-0.6477170113622472f,0f,0f,0f,1f], start_interpolation: 0, interpolation_duration: 1 }
$data merge entity $(bone_left_hand) { transformation: [-0.46145178703313766f,0.013531679448189282f,-0.887062084577644f,-0.017077877450331846f,-0.515310581387172f,0.8098271622081843f,0.2804192790452432f,1.3661032090927452f,0.7221615144511224f,0.586512455964194f,-0.36672317358535f,-0.5904547376414685f,0f,0f,0f,1f], start_interpolation: 0, interpolation_duration: 1 }
$data merge entity $(bone_left_arm) { transformation: [-0.46145178703313766f,0.06153463170256168f,-0.885028664702536f,0.08896904675399155f,-0.515310581387172f,0.7934585368798232f,0.3238495869426811f,1.6332892616468024f,0.7221615144511224f,0.6055056063768199f,-0.33443341294180057f,-0.3320370027868672f,0f,0f,0f,1f], start_interpolation: 0, interpolation_duration: 1 }
$data merge entity $(bone_leftfoot) { transformation: [-0.1556165906895877f,0.07029138955386333f,-0.9853134512715922f,0.3194705764512267f,0.02287830890921294f,0.9974539428388274f,0.06754416996848817f,0.6206315178893516f,0.98755256046633f,-0.012031312059140091f,-0.1568285300783363f,-0.050235997584292674f,0f,0f,0f,1f], start_interpolation: 0, interpolation_duration: 1 }
$data merge entity $(bone_leftleg) { transformation: [-0.170853290154605f,-0.34558222619052253f,-0.922703678427993f,0.04355569429221542f,0.06353360487567979f,0.9306601606417747f,-0.3603264442775843f,0.9457892616468024f,0.9832459683593152f,-0.12018564945711566f,-0.13705026585061397f,-0.11919067547305484f,0f,0f,0f,1f], start_interpolation: 0, interpolation_duration: 1 }
$data merge entity $(bone_rightfoot) { transformation: [-0.5027282260388736f,-0.18910897152993414f,-0.8435058551253204f,0.13928777711886184f,0.21324349675158383f,0.9184929319925258f,-0.33301343061944355f,0.6414783095689235f,0.8377299933970161f,-0.3472873892997905f,-0.4214260639737073f,0.3233556433027849f,0f,0f,0f,1f], start_interpolation: 0, interpolation_duration: 1 }
$data merge entity $(bone_rightleg) { transformation: [-0.4924038765061041f,-0.24743605005361943f,-0.834454206973411f,-0.0814443057077846f,0.17364817766693033f,0.9115348947817654f,-0.37276057461613366f,0.9457892616468024f,0.8528685319524433f,-0.3284502043370634f,-0.4058764965802107f,0.09731567547305484f,0f,0f,0f,1f], start_interpolation: 0, interpolation_duration: 1 }
$data merge entity $(bone_skirt_right_back) { transformation: [-0.5596246310178334f,-0.1967310561386405f,-0.805057242628578f,-0.2609298658329295f,0.2432103468016939f,0.8896574405417659f,-0.3864691005724443f,0.9437192515669338f,0.7922556402871195f,-0.41207587898255993f,-0.45002718850531354f,0.07062920015369051f,0f,0f,0f,1f], start_interpolation: 0, interpolation_duration: 1 }
$data merge entity $(bone_skirt_right) { transformation: [-0.5596246310178334f,-0.1967310561386405f,-0.805057242628578f,-0.03970009505428419f,0.2432103468016939f,0.8896574405417659f,-0.3864691005724443f,1.0044104194066263f,0.7922556402871195f,-0.41207587898255993f,-0.45002718850531354f,0.2477120781161924f,0f,0f,0f,1f], start_interpolation: 0, interpolation_duration: 1 }
$data merge entity $(bone_skirt_left_back) { transformation: [-0.4348575119120674f,-0.23835704023172202f,-0.8683805995677355f,-0.06377961538619917f,-0.17795999887868774f,0.9680611050741915f,-0.17660106353482832f,0.9502416145715536f,0.882739589648467f,0.07774071143556802f,-0.46338666214377405f,-0.2891333522502394f,0f,0f,0f,1f], start_interpolation: 0, interpolation_duration: 1 }
$data merge entity $(bone_skirt_left) { transformation: [-0.4348575119120674f,-0.3131343758746651f,-0.84430196433458f,0.20684050782232014f,-0.17795999887868774f,0.9489855434413415f,-0.2603011278086194f,0.969700960267603f,0.882739589648467f,0.037058075839494435f,-0.4683988854409569f,-0.18729790763645326f,0f,0f,0f,1f], start_interpolation: 0, interpolation_duration: 1 }
$data merge entity $(bone_skirt_back_middle) { transformation: [-0.523912717304079f,-0.13700974202095728f,-0.8406805548116403f,-0.10978702949714794f,0.08189960831908934f,0.9743024363447867f,-0.20982663484360725f,0.9589589074536958f,0.8478254058497164f,-0.17878225058423303f,-0.4992283926939658f,-0.06338557103370773f,0f,0f,0f,1f], start_interpolation: 0, interpolation_duration: 1 }
$data merge entity $(bone_skirt_front_middle) { transformation: [-0.5000000000000001f,-0.3659981507706668f,-0.7848855672213959f,0.1445247459245314f,0f,0.90630778703665f,-0.4226182617406994f,1.0658402022429674f,0.8660254037844387f,-0.21130913087034972f,-0.45315389351832513f,0.08344140096409047f,0f,0f,0f,1f], start_interpolation: 0, interpolation_duration: 1 }
$data merge entity $(bone_lower) { transformation: [-0.5000000000000001f,0f,-0.8660254037844387f,0f,0f,1f,0f,1.0395392616468024f,0.8660254037844387f,0f,-0.5000000000000001f,0f,0f,0f,0f,1f], start_interpolation: 0, interpolation_duration: 1 }
data modify entity @s data merge value {"locators":{"locator_right_hand":{"posx":-0.0884166143826308,"posy":1.6587566250333718,"posz":1.111225297109203,"roty":270.0405222865038,"rotx":1.11462423567162},"locator_left_hand":{"posx":0.06016408322023947,"posy":0.985514518216173,"posz":-0.8126736396021768,"roty":292.4608471224889,"rotx":16.28523017786501}},"cameras":{}}