# This file was generated by Animated Java via MC-Build. It is not recommended to edit this file directly.
$data merge entity $(bone_head) { transformation: [-0.8660254037844388f,0.009075213749747424f,-0.4999176337111908f,0f,0f,0.9998352674223817f,0.018150427499494855f,1.722960855900573f,0.4999999999999999f,0.015718731304110212f,-0.8658827411873904f,0f,0f,0f,0f,1f], start_interpolation: 0, interpolation_duration: 1 }
$data merge entity $(bone_bust) { transformation: [-0.25881904510252085f,-0.4829629131445341f,-0.8365163037378079f,0.06942591876452686f,0f,0.8660254037844387f,-0.49999999999999994f,1.613585855900573f,0.9659258262890683f,-0.1294095225512604f,-0.22414386804201347f,0.018602618866743692f,0f,0f,0f,1f], start_interpolation: 0, interpolation_duration: 1 }
$data merge entity $(bone_left_wing) { transformation: [0.13052619222005146f,0f,-0.9914448613738105f,-0.10456453796722598f,0f,1f,0f,1.504210855900573f,0.9914448613738105f,0f,0.13052619222005146f,-0.09272274478088188f,0f,0f,0f,1f], start_interpolation: 0, interpolation_duration: 1 }
$data merge entity $(bone_right_wing) { transformation: [-0.6087614290087207f,0f,-0.7933533402912352f,-0.13691691860504107f,0f,1f,0f,1.504210855900573f,0.7933533402912352f,0f,-0.6087614290087207f,0.028017983505251698f,0f,0f,0f,1f], start_interpolation: 0, interpolation_duration: 1 }
$data merge entity $(bone_body) { transformation: [-0.25881904510252085f,0f,-0.9659258262890683f,0.6123724356957946f,0f,1f,0f,0.4417108559005729f,0.9659258262890683f,0f,-0.25881904510252085f,-0.35355339059327373f,0f,0f,0f,1f], start_interpolation: 0, interpolation_duration: 1 }
$data merge entity $(bone_right_ring) { transformation: [0.5713093450791575f,-0.000763834903033167f,0.8207344569234715f,-0.08858712930247496f,-0.8184282159087329f,-0.07544952992842258f,0.5696337629021199f,1.635685620864784f,0.06148892282088435f,-0.9971493293332854f,-0.04373016556687559f,0.8306116674535098f,0f,0f,0f,1f], start_interpolation: 0, interpolation_duration: 1 }
$data merge entity $(bone_sword) { transformation: [2.0216640613628654e-7f,-7.638349030331672e-9f,-0.000009997953310545817f,-0.1034100724459884f,0.00000996944660387867f,-7.544952992842259e-7f,2.021664061362863e-7f,1.6836606111833354f,-7.544952992842255e-7f,-0.000009971493293332855f,-7.638349030333892e-9f,1.046368350514543f,0f,0f,0f,1f], start_interpolation: 0, interpolation_duration: 1 }
$data merge entity $(bone_right_hand) { transformation: [0.020216640613628652f,-0.000763834903033167f,-0.9997953310545816f,-0.18243729079244092f,0.9969446603878669f,-0.07544952992842258f,0.020216640613628628f,1.6257919418709958f,-0.07544952992842255f,-0.9971493293332854f,-0.0007638349030333891f,0.6747354752230246f,0f,0f,0f,1f], start_interpolation: 0, interpolation_duration: 1 }
$data merge entity $(bone_right_arm) { transformation: [0.020216640613628652f,-0.000763834903033167f,-0.9997953310545816f,-0.08896904675399155f,0.9969446603878669f,-0.07544952992842258f,0.020216640613628628f,1.597960855900573f,-0.07544952992842255f,-0.9971493293332854f,-0.0007638349030333891f,0.3320370027868672f,0f,0f,0f,1f], start_interpolation: 0, interpolation_duration: 1 }
$data merge entity $(bone_left_ring) { transformation: [0.8936681122037107f,0.030771336078170355f,0.4476722351299227f,0.05923066191930168f,0.24857061650966622f,0.7966466171328214f,-0.550968979180168f,1.2138551391376122f,-0.3735906233275412f,0.6036615709872512f,0.7042888284467838f,-0.6555671751828016f,0f,0f,0f,1f], start_interpolation: 0, interpolation_duration: 1 }
$data merge entity $(bone_left_hand) { transformation: [-0.4598575524336025f,0.030771336078170355f,-0.8874593829273209f,-0.019160633967920532f,-0.5249492934913191f,0.7966466171328214f,0.2996371249925428f,1.3664221535326664f,0.7162117499264735f,0.6036615709872512f,-0.35019057237518897f,-0.5940754208762176f,0f,0f,0f,1f], start_interpolation: 0, interpolation_duration: 1 }
$data merge entity $(bone_left_arm) { transformation: [-0.4598575524336025f,0.06698006842995155f,-0.8854629873139226f,0.08896904675399155f,-0.5249492934913191f,0.7837483312355134f,0.3319138330177168f,1.629210855900573f,0.7162117499264735f,0.6174562524735392f,-0.3252514497255803f,-0.3320370027868672f,0f,0f,0f,1f], start_interpolation: 0, interpolation_duration: 1 }
$data merge entity $(bone_leftfoot) { transformation: [-0.1556761454021559f,0.067337949726476f,-0.9855102933401364f,0.32043254560423884f,0.01735314968881039f,0.9977062554572921f,0.06543008495536634f,0.6170220890635112f,0.9876557122543285f,-0.006915804221007765f,-0.15648758961455106f,-0.051902177032623786f,0f,0f,0f,1f], start_interpolation: 0, interpolation_duration: 1 }
$data merge entity $(bone_leftleg) { transformation: [-0.17103317396687417f,-0.3483369161902757f,-0.9216339003215247f,0.04355569429221542f,0.057984707171630685f,0.930237019380923f,-0.36234908790766485f,0.9417108559005729f,0.9835575362616248f,-0.11541438641844129f,-0.13890317588384193f,-0.11919067547305484f,0f,0f,0f,1f], start_interpolation: 0, interpolation_duration: 1 }
$data merge entity $(bone_rightfoot) { transformation: [-0.5031585026981988f,-0.19908491173227205f,-0.8409498909465773f,0.14280950720141672f,0.21304816097783627f,0.9144929744275363f,-0.34396668563487287f,0.6409690248590882f,0.8375213443647086f,-0.352232590262785f,-0.417720241417986f,0.3246622247266119f,0f,0f,0f,1f], start_interpolation: 0, interpolation_duration: 1 }
$data merge entity $(bone_rightleg) { transformation: [-0.4924038765061041f,-0.25730039444987307f,-0.8314655311061916f,-0.0814443057077846f,0.1736481776669303f,0.907056707774885f,-0.3835289288613587f,0.9417108559005729f,0.8528685319524433f,-0.3332336055930234f,-0.4019584945100151f,0.09731567547305484f,0f,0f,0f,1f], start_interpolation: 0, interpolation_duration: 1 }
$data merge entity $(bone_skirt_right_back) { transformation: [-0.5596246310178334f,-0.20608479402405178f,-0.8027137285671762f,-0.26085536112099844f,0.2432103468016939f,0.8851005471444606f,-0.3967943405004363f,0.936452066253625f,0.7922556402871195f,-0.41728417069982493f,-0.44520211288425593f,0.07166073443978388f,0f,0f,0f,1f], start_interpolation: 0, interpolation_duration: 1 }
$data merge entity $(bone_skirt_right) { transformation: [-0.5596246310178334f,-0.20608479402405178f,-0.8027137285671762f,-0.03970009505428419f,0.2432103468016939f,0.8851005471444606f,-0.3967943405004363f,1.0003320136603968f,0.7922556402871195f,-0.41728417069982493f,-0.44520211288425593f,0.2477120781161924f,0f,0f,0f,1f], start_interpolation: 0, interpolation_duration: 1 }
$data merge entity $(bone_skirt_left_back) { transformation: [-0.4309099424105967f,-0.24269734905985854f,-0.8691459131187431f,-0.06403869303888057f,-0.18734457679316913f,0.9662297418520807f,-0.17692398228236367f,0.9457085731963722f,0.882733612749557f,0.0865914702483967f,-0.46182603456532906f,-0.28835366891993874f,0f,0f,0f,1f], start_interpolation: 0, interpolation_duration: 1 }
$data merge entity $(bone_skirt_left) { transformation: [-0.4309099424105967f,-0.3175248699883084f,-0.8446860827968011f,0.20684050782232014f,-0.18734457679316913f,0.9471330048859058f,-0.2604632039309647f,0.9656225545213735f,0.882733612749557f,0.046011172498675f,-0.4676155909798268f,-0.18729790763645326f,0f,0f,0f,1f], start_interpolation: 0, interpolation_duration: 1 }
$data merge entity $(bone_skirt_back_middle) { transformation: [-0.523912717304079f,-0.14311966678906674f,-0.8396619710486136f,-0.10978702949714794f,0.08189960831908934f,0.9727507845824084f,-0.2169063513396711f,0.9548805017074663f,0.8478254058497164f,-0.18240798248019627f,-0.4979150621574611f,-0.06338557103370773f,0f,0f,0f,1f], start_interpolation: 0, interpolation_duration: 1 }
$data merge entity $(bone_skirt_front_middle) { transformation: [-0.5000000000000001f,-0.3659981507706668f,-0.7848855672213959f,0.1445247459245314f,0f,0.90630778703665f,-0.4226182617406994f,1.0617617964967379f,0.8660254037844387f,-0.21130913087034972f,-0.45315389351832513f,0.08344140096409047f,0f,0f,0f,1f], start_interpolation: 0, interpolation_duration: 1 }
$data merge entity $(bone_lower) { transformation: [-0.5000000000000001f,0f,-0.8660254037844387f,0f,0f,1f,0f,1.035460855900573f,0.8660254037844387f,0f,-0.5000000000000001f,0f,0f,0f,0f,1f], start_interpolation: 0, interpolation_duration: 1 }
data modify entity @s data merge value {"locators":{"locator_right_hand":{"posx":-0.08837230073599689,"posy":1.6569058011571531,"posz":1.1110599163284962,"roty":270.043773466743,"rotx":1.1584071014883386},"locator_left_hand":{"posx":0.050576223647316274,"posy":0.9897982780690062,"posz":-0.825346992022966,"roty":291.5341418267809,"rotx":17.43580932028018}},"cameras":{}}