# This file was generated by Animated Java via MC-Build. It is not recommended to edit this file directly.
$data merge entity $(bone_head) { transformation: [-0.8660254037844387f,0.0011118384590506564f,-0.4999987638137129f,0f,0f,0.9999975276274257f,0.0022236769181013132f,1.7015813165997382f,0.5f,0.0019257607008848262f,-0.8660232626469817f,0f,0f,0f,0f,1f], start_interpolation: 0, interpolation_duration: 1 }
$data merge entity $(bone_bust) { transformation: [-0.25881904510252085f,-0.4829629131445341f,-0.8365163037378079f,0.06942591876452686f,0f,0.8660254037844387f,-0.49999999999999994f,1.5922063165997382f,0.9659258262890683f,-0.1294095225512604f,-0.22414386804201347f,0.018602618866743692f,0f,0f,0f,1f], start_interpolation: 0, interpolation_duration: 1 }
$data merge entity $(bone_left_wing) { transformation: [0.13052619222005146f,0f,-0.9914448613738105f,-0.10456453796722598f,0f,1f,0f,1.4828313165997382f,0.9914448613738105f,0f,0.13052619222005146f,-0.09272274478088188f,0f,0f,0f,1f], start_interpolation: 0, interpolation_duration: 1 }
$data merge entity $(bone_right_wing) { transformation: [-0.6087614290087207f,0f,-0.7933533402912352f,-0.13691691860504107f,0f,1f,0f,1.4828313165997382f,0.7933533402912352f,0f,-0.6087614290087207f,0.028017983505251698f,0f,0f,0f,1f], start_interpolation: 0, interpolation_duration: 1 }
$data merge entity $(bone_body) { transformation: [-0.25881904510252085f,0f,-0.9659258262890683f,0.6123724356957946f,0f,1f,0f,0.4203313165997382f,0.9659258262890683f,0f,-0.25881904510252085f,-0.35355339059327373f,0f,0f,0f,1f], start_interpolation: 0, interpolation_duration: 1 }
$data merge entity $(bone_right_ring) { transformation: [0.757862314863719f,-0.0009272536207369508f,-0.652413865510328f,-0.08850541994362306f,0.6500983004889789f,-0.08311606336827304f,0.755290619372108f,1.6181393482838746f,-0.0549264181496178f,-0.9965394423759071f,-0.062387726183675704f,0.8303067239748207f,0f,0f,0f,1f], start_interpolation: 0, interpolation_duration: 1 }
$data merge entity $(bone_sword) { transformation: [2.2270882057582837e-7f,-9.272536207369508e-9f,-0.000009997515431411449f,-0.10322773601136778f,0.000009962909855170519f,-8.311606336827305e-7f,2.2270882057582834e-7f,1.667803062975242f,-8.31160633682731e-7f,-0.000009965394423759072f,-9.272536207372006e-9f,1.045687861676468f,0f,0f,0f,1f], start_interpolation: 0, interpolation_duration: 1 }
$data merge entity $(bone_right_hand) { transformation: [0.022270882057582837f,-0.0009272536207369508f,-0.9997515431411448f,-0.18237701049134553f,0.9962909855170518f,-0.08311606336827304f,0.022270882057582833f,1.6072403585754804f,-0.0831160633682731f,-0.9965394423759071f,-0.0009272536207372006f,0.6745105060766412f,0f,0f,0f,1f], start_interpolation: 0, interpolation_duration: 1 }
$data merge entity $(bone_right_arm) { transformation: [0.022270882057582837f,-0.0009272536207369508f,-0.9997515431411448f,-0.08896904675399155f,0.9962909855170518f,-0.08311606336827304f,0.022270882057582833f,1.5765813165997382f,-0.0831160633682731f,-0.9965394423759071f,-0.0009272536207372006f,0.3320370027868672f,0f,0f,0f,1f], start_interpolation: 0, interpolation_duration: 1 }
$data merge entity $(bone_left_ring) { transformation: [0.3543626543312554f,0.0773603577485813f,-0.9319026152256031f,0.04624501251949763f,-0.6276001858205773f,0.7584535838232069f,-0.1756877000353479f,1.205916258049858f,0.6932136149653179f,0.6471194142001497f,0.317319000048801f,-0.6760804406370657f,0f,0f,0f,1f], start_interpolation: 0, interpolation_duration: 1 }
$data merge entity $(bone_left_hand) { transformation: [-0.45542370859015113f,0.0773603577485813f,-0.8869073349020203f,-0.024814994229350948f,-0.5505078980703482f,0.7584535838232069f,0.34883981330676783f,1.3571283630197435f,0.6996644194298866f,0.6471194142001497f,-0.3028302560001143f,-0.6033583686683031f,0f,0f,0f,1f], start_interpolation: 0, interpolation_duration: 1 }
$data merge entity $(bone_left_arm) { transformation: [-0.45542370859015113f,0.08179681420203919f,-0.8865091803474965f,0.08896904675399155f,-0.5505078980703482f,0.7566987557423968f,0.35263018478297564f,1.6078313165997382f,0.6996644194298866f,0.6486264520078606f,-0.29958876137053986f,-0.3320370027868672f,0f,0f,0f,1f], start_interpolation: 0, interpolation_duration: 1 }
$data merge entity $(bone_leftfoot) { transformation: [-0.15575515420303987f,0.059390164832479386f,-0.9860086917772877f,0.3230131320797517f,0.002488234816791522f,0.9982113421454042f,0.05973211112766369f,0.5969605263013065f,0.9877925595117044f,0.006850163023023097f,-0.15562433819899193f,-0.05637188392153722f,0f,0f,0f,1f], start_interpolation: 0, interpolation_duration: 1 }
$data merge entity $(bone_leftleg) { transformation: [-0.17143549174502992f,-0.35574018522724404f,-0.918726723669572f,0.04355569429221542f,0.0430488693480192f,0.9289369703219968f,-0.3677266648162011f,0.9203313165997382f,0.9842543710941787f,-0.10259154830431035f,-0.143938553551602f,-0.11919067547305484f,0f,0f,0f,1f], start_interpolation: 0, interpolation_duration: 1 }
$data merge entity $(bone_rightfoot) { transformation: [-0.5043079487391463f,-0.22576236037550668f,-0.8334895617080004f,0.15211465150135725f,0.21249525797268265f,0.9030931365950083f,-0.37318702010401267f,0.6294019395427009f,0.8369702851222603f,-0.36531376003740895f,-0.40746361622811533f,0.32803668897763905f,0f,0f,0f,1f], start_interpolation: 0, interpolation_duration: 1 }
$data merge entity $(bone_rightleg) { transformation: [-0.4924038765061041f,-0.2836521180841435f,-0.822848648481688f,-0.0814443057077846f,0.17364817766693036f,0.8943810825873323f,-0.4122241981044608f,0.9203313165997382f,0.8528685319524433f,-0.3458669614407984f,-0.39114103874305206f,0.09731567547305484f,0f,0f,0f,1f], start_interpolation: 0, interpolation_duration: 1 }
$data merge entity $(bone_skirt_right_back) { transformation: [-0.5596246310178334f,-0.24320813396430574f,-0.7922563195909227f,-0.260234423592693f,0.2432103468016939f,0.8656811012276103f,-0.4375442356904632f,0.902397903560792f,0.7922556402871195f,-0.43754546569579733f,-0.42530573224716156f,0.0759902605567184f,0f,0f,0f,1f], start_interpolation: 0, interpolation_duration: 1 }
$data merge entity $(bone_skirt_right) { transformation: [-0.5596246310178334f,-0.24320813396430574f,-0.7922563195909227f,-0.03970009505428419f,0.2432103468016939f,0.8656811012276103f,-0.4375442356904632f,0.978952474359562f,0.7922556402871195f,-0.43754546569579733f,-0.42530573224716156f,0.2477120781161924f,0f,0f,0f,1f], start_interpolation: 0, interpolation_duration: 1 }
$data merge entity $(bone_skirt_left_back) { transformation: [-0.4146771715376824f,-0.2596561053926295f,-0.8721361994194712f,-0.06502571197178111f,-0.2246790023109286f,0.9579663620463543f,-0.17838103909395475f,0.9224342189283448f,0.8817948680538312f,0.12198014641737798f,-0.45558605614518305f,-0.2852647894851221f,0f,0f,0f,1f], start_interpolation: 0, interpolation_duration: 1 }
$data merge entity $(bone_skirt_left) { transformation: [-0.4146771715376824f,-0.3346797137568127f,-0.8461869371511036f,0.20684050782232014f,-0.2246790023109286f,0.938774078866483f,-0.2611945151969161f,0.9442430152205388f,0.8817948680538312f,0.08180903402463705f,-0.4644836839178343f,-0.18729790763645326f,0f,0f,0f,1f], start_interpolation: 0, interpolation_duration: 1 }
$data merge entity $(bone_skirt_back_middle) { transformation: [-0.523912717304079f,-0.16748045229303163f,-0.8351441568656146f,-0.10978702949714794f,0.08189960831908935f,0.9660306022206425f,-0.24510677210228698f,0.9335009624066316f,0.8478254058497164f,-0.19681253433901066f,-0.4923991343644094f,-0.06338557103370773f,0f,0f,0f,1f], start_interpolation: 0, interpolation_duration: 1 }
$data merge entity $(bone_skirt_front_middle) { transformation: [-0.5000000000000001f,-0.3659981507706668f,-0.7848855672213959f,0.1445247459245314f,0f,0.90630778703665f,-0.4226182617406994f,1.0403822571959032f,0.8660254037844387f,-0.21130913087034972f,-0.45315389351832513f,0.08344140096409047f,0f,0f,0f,1f], start_interpolation: 0, interpolation_duration: 1 }
$data merge entity $(bone_lower) { transformation: [-0.5000000000000001f,0f,-0.8660254037844387f,0f,0f,1f,0f,1.0140813165997382f,0.8660254037844387f,0f,-0.5000000000000001f,0f,0f,0f,0f,1f], start_interpolation: 0, interpolation_duration: 1 }
data modify entity @s data merge value {"locators":{"locator_right_hand":{"posx":-0.08824462986279079,"posy":1.6415157411062016,"posz":1.1105834421430447,"roty":270.05314090699534,"rotx":1.276133054766075},"locator_left_hand":{"posx":0.024487411902709144,"posy":0.992601187599581,"posz":-0.8580827758808578,"roty":288.8522243259116,"rotx":20.41636932779917}},"cameras":{}}