# This file was generated by Animated Java via MC-Build. It is not recommended to edit this file directly.
$data merge entity $(bone_head) { transformation: [-0.8660254037844387f,0.03492982417335276f,-0.4987784151135839f,0f,3.469446951953614e-18f,0.9975568302271679f,0.06985964834670552f,1.601532569606589f,0.4999999999999999f,0.06050023016769455f,-0.8639095566954078f,0f,0f,0f,0f,1f], start_interpolation: 0, interpolation_duration: 1 }
$data merge entity $(bone_bust) { transformation: [-0.25881904510252085f,-0.4829629131445341f,-0.8365163037378079f,0.06942591876452686f,0f,0.8660254037844387f,-0.49999999999999994f,1.492157569606589f,0.9659258262890683f,-0.1294095225512604f,-0.22414386804201347f,0.018602618866743692f,0f,0f,0f,1f], start_interpolation: 0, interpolation_duration: 1 }
$data merge entity $(bone_left_wing) { transformation: [0.13052619222005146f,0f,-0.9914448613738105f,-0.10456453796722598f,0f,1f,0f,1.382782569606589f,0.9914448613738105f,0f,0.13052619222005146f,-0.09272274478088188f,0f,0f,0f,1f], start_interpolation: 0, interpolation_duration: 1 }
$data merge entity $(bone_right_wing) { transformation: [-0.6087614290087207f,0f,-0.7933533402912352f,-0.13691691860504107f,0f,1f,0f,1.382782569606589f,0.7933533402912352f,0f,-0.6087614290087207f,0.028017983505251698f,0f,0f,0f,1f], start_interpolation: 0, interpolation_duration: 1 }
$data merge entity $(bone_body) { transformation: [-0.25881904510252085f,0f,-0.9659258262890683f,0.6123724356957946f,0f,1f,0f,0.32028256960658896f,0.9659258262890683f,0f,-0.25881904510252085f,-0.35355339059327373f,0f,0f,0f,1f], start_interpolation: 0, interpolation_duration: 1 }
$data merge entity $(bone_right_ring) { transformation: [0.7521315298602754f,-0.0003419400268478423f,-0.659012932245688f,-0.08879807674056761f,0.6581590295508256f,-0.05050276880170901f,0.751183174840915f,1.5017839540074436f,-0.03353883734951297f,-0.998723862446662f,-0.037759673844774404f,0.8313989340101982f,0f,0f,0f,1f], start_interpolation: 0, interpolation_duration: 1 }
$data merge entity $(bone_sword) { transformation: [1.3532176115953586e-7f,-3.4194002684784234e-9f,-0.000009999083774459463f,-0.10392396525366403f,0.000009986322398926084f,-5.050276880170902e-7f,1.3532176115953601e-7f,1.5442501324312732f,-5.050276880170893e-7f,-0.000009987238624466621f,-3.419400268480644e-9f,1.0482862245824327f,0f,0f,0f,1f], start_interpolation: 0, interpolation_duration: 1 }
$data merge entity $(bone_right_hand) { transformation: [0.013532176115953583f,-0.0003419400268478423f,-0.9999083774459463f,-0.18259291525532007f,0.9986322398926083f,-0.05050276880170901f,0.0135321761159536f,1.4951615378930472f,-0.05050276880170893f,-0.998723862446662f,-0.00034194002684806435f,0.6753162736253903f,0f,0f,0f,1f], start_interpolation: 0, interpolation_duration: 1 }
$data merge entity $(bone_right_arm) { transformation: [0.013532176115953583f,-0.0003419400268478423f,-0.9999083774459463f,-0.08896904675399155f,0.9986322398926083f,-0.05050276880170901f,0.0135321761159536f,1.476532569606589f,-0.05050276880170893f,-0.998723862446662f,-0.00034194002684806435f,0.3320370027868672f,0f,0f,0f,1f], start_interpolation: 0, interpolation_duration: 1 }
$data merge entity $(bone_left_ring) { transformation: [0.33262126231931305f,-0.11779239192150302f,-0.9356751830942818f,0.09897758154027306f,-0.38033704040238414f,0.8911459022995096f,-0.2473918279021122f,1.0583207251098334f,0.8629639804482353f,0.4381597120003209f,0.25161326520820393f,-0.5835826704073195f,0f,0f,0f,1f], start_interpolation: 0, interpolation_duration: 1 }
$data merge entity $(bone_left_hand) { transformation: [-0.47277510370055864f,-0.11779239192150302f,-0.8732746725551687f,-0.0012969802495088473f,-0.43834311123602954f,0.8911459022995096f,0.117108059700052f,1.2085411529410117f,0.7644207075641293f,0.4381597120003209f,-0.47294507992678403f,-0.5594588166504053f,0f,0f,0f,1f], start_interpolation: 0, interpolation_duration: 1 }
$data merge entity $(bone_left_arm) { transformation: [-0.47277510370055864f,0.02047308994643085f,-0.8809452615849473f,0.08896904675399155f,-0.43834311123602954f,0.8617952994675644f,0.255272753437434f,1.507782569606589f,0.7644207075641293f,0.5068428892700937f,-0.39846112413069823f,-0.3320370027868672f,0f,0f,0f,1f], start_interpolation: 0, interpolation_duration: 1 }
$data merge entity $(bone_leftfoot) { transformation: [-0.15460220082862827f,0.09312307537805847f,-0.9835782898839711f,0.31197882209756805f,0.0656141961474786f,0.9943178117995455f,0.08382640635315364f,0.491880833384978f,0.9857955856884656f,-0.051576951929095984f,-0.15983391776102795f,-0.03725989840593069f,0f,0f,0f,1f], start_interpolation: 0, interpolation_duration: 1 }
$data merge entity $(bone_leftleg) { transformation: [-0.16890528351164769f,-0.3242210203690672f,-0.9307801755262577f,0.04355569429221542f,0.10640499007373364f,0.9328310737682637f,-0.3442443404033781f,0.820282569606589f,0.9798719218802316f,-0.15718434325081224f,-0.123061362529237f,-0.11919067547305484f,0f,0f,0f,1f], start_interpolation: 0, interpolation_duration: 1 }
$data merge entity $(bone_rightfoot) { transformation: [-0.49935027162366835f,-0.11097941725166227f,-0.8592629837109536f,0.11093902431908004f,0.21456520704014284f,0.9450275033134456f,-0.2467484344610442f,0.4898452046780581f,0.839411149650271f,-0.307581837772709f,-0.44808741883160885f,0.31230794786176985f,0f,0f,0f,1f], start_interpolation: 0, interpolation_duration: 1 }
$data merge entity $(bone_rightleg) { transformation: [-0.4924038765061041f,-0.16999446686692699f,-0.8536043015568694f,-0.0814443057077846f,0.17364817766693036f,0.9418358771749602f,-0.2877351053643393f,0.820282569606589f,0.8528685319524433f,-0.28990871270229623f,-0.43424440756857413f,0.09731567547305484f,0f,0f,0f,1f], start_interpolation: 0, interpolation_duration: 1 }
$data merge entity $(bone_skirt_right_back) { transformation: [-0.5596246310178334f,-0.1400938747656168f,-0.8168194283997594f,-0.26069815674526026f,0.2432103468016939f,0.9144490013976302f,-0.3234683153749015f,0.8374810029170207f,0.7922556402871195f,-0.3796797730931063f,-0.47767590512523633f,0.06487775522242806f,0f,0f,0f,1f], start_interpolation: 0, interpolation_duration: 1 }
$data merge entity $(bone_skirt_right) { transformation: [-0.5596246310178334f,-0.1400938747656168f,-0.8168194283997594f,-0.03970009505428419f,0.2432103468016939f,0.9144490013976302f,-0.3234683153749015f,0.8789037273664128f,0.7922556402871195f,-0.3796797730931063f,-0.47767590512523633f,0.2477120781161924f,0f,0f,0f,1f], start_interpolation: 0, interpolation_duration: 1 }
$data merge entity $(bone_skirt_left_back) { transformation: [-0.4575823711323714f,-0.21150477519777683f,-0.8636458207491164f,-0.06212372390818363f,-0.12129933542221844f,0.9770653989333106f,-0.1750133635852381f,0.827298966861741f,0.8808546105090245f,0.024676634207859136f,-0.4727432906654167f,-0.2938679120531924f,0f,0f,0f,1f], start_interpolation: 0, interpolation_duration: 1 }
$data merge entity $(bone_skirt_left) { transformation: [-0.4575823711323714f,-0.2859716286514119f,-0.8419255318823251f,0.20684050782232014f,-0.12129933542221844f,0.9580939504122229f,-0.2595042454558868f,0.8441942682273895f,0.8808546105090245f,-0.016619560462297782f,-0.47309507010223134f,-0.18729790763645326f,0f,0f,0f,1f], start_interpolation: 0, interpolation_duration: 1 }
$data merge entity $(bone_skirt_back_middle) { transformation: [-0.523912717304079f,-0.10020936833459196f,-0.8458566942130555f,-0.10978702949714794f,0.08189960831908935f,0.9825276255779386f,-0.16712845099909784f,0.8334522154134824f,0.8478254058497164f,-0.15683605285188792f,-0.506551610126356f,-0.06338557103370773f,0f,0f,0f,1f], start_interpolation: 0, interpolation_duration: 1 }
$data merge entity $(bone_skirt_front_middle) { transformation: [-0.5000000000000001f,-0.3659981507706668f,-0.7848855672213959f,0.1445247459245314f,0f,0.90630778703665f,-0.4226182617406994f,0.9403335102027539f,0.8660254037844387f,-0.21130913087034972f,-0.45315389351832513f,0.08344140096409047f,0f,0f,0f,1f], start_interpolation: 0, interpolation_duration: 1 }
$data merge entity $(bone_lower) { transformation: [-0.5000000000000001f,0f,-0.8660254037844387f,0f,0f,1f,0f,0.914032569606589f,0.8660254037844387f,0f,-0.5000000000000001f,0f,0f,0f,0f,1f], start_interpolation: 0, interpolation_duration: 1 }
data modify entity @s data merge value {"locators":{"locator_right_hand":{"posx":-0.08870190610801666,"posy":1.5159878577329242,"posz":1.112290020323322,"roty":270.0195935148291,"rotx":0.775360244267338},"locator_left_hand":{"posx":0.13210669176819578,"posy":0.8076859400880964,"posz":-0.7068150894074097,"roty":298.438936217035,"rotx":6.725229690602575}},"cameras":{}}