# This file was generated by Animated Java via MC-Build. It is not recommended to edit this file directly.
$data merge entity $(bone_head) { transformation: [-0.8660254037844387f,0.06052402693072184f,-0.4963233242192927f,0f,-6.938893903907228e-18f,0.9926466484385856f,0.12104805386144371f,1.5841341762002432f,0.4999999999999999f,0.10483068972267726f,-0.8596572145292959f,0f,0f,0f,0f,1f], start_interpolation: 0, interpolation_duration: 1 }
$data merge entity $(bone_bust) { transformation: [-0.25881904510252085f,-0.4829629131445341f,-0.8365163037378079f,0.06942591876452686f,0f,0.8660254037844387f,-0.49999999999999994f,1.4747591762002432f,0.9659258262890683f,-0.1294095225512604f,-0.22414386804201347f,0.018602618866743692f,0f,0f,0f,1f], start_interpolation: 0, interpolation_duration: 1 }
$data merge entity $(bone_left_wing) { transformation: [0.13052619222005146f,0f,-0.9914448613738105f,-0.10456453796722598f,0f,1f,0f,1.3653841762002432f,0.9914448613738105f,0f,0.13052619222005146f,-0.09272274478088188f,0f,0f,0f,1f], start_interpolation: 0, interpolation_duration: 1 }
$data merge entity $(bone_right_wing) { transformation: [-0.6087614290087207f,0f,-0.7933533402912352f,-0.13691691860504107f,0f,1f,0f,1.3653841762002432f,0.7933533402912352f,0f,-0.6087614290087207f,0.028017983505251698f,0f,0f,0f,1f], start_interpolation: 0, interpolation_duration: 1 }
$data merge entity $(bone_body) { transformation: [-0.25881904510252085f,0f,-0.9659258262890683f,0.6123724356957946f,0f,1f,0f,0.3028841762002432f,0.9659258262890683f,0f,-0.25881904510252085f,-0.35355339059327373f,0f,0f,0f,1f], start_interpolation: 0, interpolation_duration: 1 }
$data merge entity $(bone_right_ring) { transformation: [-0.995217717640955f,-0.00008839754405959299f,0.09768155751933286f,-0.08892484798196175f,-0.09764707314804827f,-0.02568446223949361f,-0.9948896207645789f,1.4719764073199901f,0.002596844074686165f,-0.999670095874305f,0.02555300012737324f,0.8318720507240197f,0f,0f,0f,1f], start_interpolation: 0, interpolation_duration: 1 }
$data merge entity $(bone_sword) { transformation: [6.882130915099954e-8f,-8.8397544059593e-10f,-0.000009999763139494565f,-0.10431507433356209f,0.000009996464098237614f,-2.5684462239493615e-7f,6.882130915099982e-8f,1.5089413670374203f,-2.568446223949362e-7f,-0.000009996700958743051f,-8.839754405975953e-10f,1.049745863539914f,0f,0f,0f,1f], start_interpolation: 0, interpolation_duration: 1 }
$data merge entity $(bone_right_hand) { transformation: [0.006882130915099954f,-0.00008839754405959299f,-0.9999763139494564f,-0.1826864395309826f,0.9996464098237613f,-0.02568446223949361f,0.006882130915099982f,1.4686084098683598f,-0.02568446223949362f,-0.999670095874305f,-0.00008839754405975953f,0.6756653109739039f,0f,0f,0f,1f], start_interpolation: 0, interpolation_duration: 1 }
$data merge entity $(bone_right_arm) { transformation: [0.006882130915099954f,-0.00008839754405959299f,-0.9999763139494564f,-0.08896904675399155f,0.9996464098237613f,-0.02568446223949361f,0.006882130915099982f,1.4591341762002432f,-0.02568446223949362f,-0.999670095874305f,-0.00008839754405975953f,0.3320370027868672f,0f,0f,0f,1f], start_interpolation: 0, interpolation_duration: 1 }
$data merge entity $(bone_left_ring) { transformation: [-0.7813260864135358f,-0.25859723052305933f,0.5680290653263363f,0.13454685880993572f,-0.05093827609477922f,0.9335089220052326f,0.3549174334477255f,1.0224538482407113f,-0.6220408657943621f,0.24837182791619578f,-0.7425473697881961f,-0.5070835836060855f,0f,0f,0f,1f], start_interpolation: 0, interpolation_duration: 1 }
$data merge entity $(bone_left_hand) { transformation: [-0.48324652754887887f,-0.25859723052305933f,-0.8364211056505892f,0.015726562885964954f,-0.3476486588899842f,0.9335089220052326f,-0.08775820479376314f,1.1600872856046136f,0.803500593393649f,0.24837182791619578f,-0.5410159253789315f,-0.5189957284984548f,0f,0f,0f,1f], start_interpolation: 0, interpolation_duration: 1 }
$data merge entity $(bone_left_arm) { transformation: [-0.48324652754887887f,-0.02347906659072807f,-0.8751694276218627f,0.08896904675399155f,-0.3476486588899842f,0.9225945704327467f,0.16721144871093896f,1.4903841762002432f,0.803500593393649f,0.3850558297702344f,-0.4540030885093297f,-0.3320370027868672f,0f,0f,0f,1f], start_interpolation: 0, interpolation_duration: 1 }
$data merge entity $(bone_leftfoot) { transformation: [-0.15230021506510583f,0.1186198983091521f,-0.9811900754778602f,0.30349603309205103f,0.11338806142753038f,0.9883134181486832f,0.10188098464862078f,0.47166481198704185f,0.9818084293877443f,-0.09573874467733706f,-0.16397042645177975f,-0.02256727685848864f,0f,0f,0f,1f], start_interpolation: 0, interpolation_duration: 1 }
$data merge entity $(bone_leftleg) { transformation: [-0.165553508090725f,-0.30022711368884947f,-0.9393911411999355f,0.04355569429221542f,0.15422884039423118f,0.9329334899668414f,-0.3253437690949991f,0.8028841762002432f,0.9740664765556328f,-0.19874300869301537f,-0.10814673248019546f,-0.11919067547305484f,0f,0f,0f,1f], start_interpolation: 0, interpolation_duration: 1 }
$data merge entity $(bone_rightfoot) { transformation: [-0.495488044639083f,-0.022039504356872963f,-0.8683351068956281f,0.0770713356656624f,0.21563675657469292f,0.9652621301877511f,-0.14754595636394738f,0.44650528059028094f,0.8414228347470045f,-0.2603522234840882f,-0.4735233182148549f,0.2980362504119195f,0f,0f,0f,1f], start_interpolation: 0, interpolation_duration: 1 }
$data merge entity $(bone_rightleg) { transformation: [-0.4924038765061041f,-0.08145065142456273f,-0.866547294603287f,-0.0814443057077846f,0.17364817766693033f,0.9664017777818459f,-0.1895096680727449f,0.8028841762002432f,0.8528685319524433f,-0.2437896537644741f,-0.46171622445251187f,0.09731567547305484f,0f,0f,0f,1f], start_interpolation: 0, interpolation_duration: 1 }
$data merge entity $(bone_skirt_right_back) { transformation: [-0.5596246310178334f,-0.08277417011692198f,-0.824602152022179f,-0.2593045662235224f,0.24321034680169396f,0.9347854586387774f,-0.25889162505977353f,0.8395158322393763f,0.7922556402871195f,-0.3454339055144203f,-0.502997432751203f,0.05989644230129282f,0f,0f,0f,1f], start_interpolation: 0, interpolation_duration: 1 }
$data merge entity $(bone_skirt_right) { transformation: [-0.5596246310178334f,-0.08277417011692198f,-0.824602152022179f,-0.03970009505428419f,0.24321034680169396f,0.9347854586387774f,-0.25889162505977353f,0.861505333960067f,0.7922556402871195f,-0.3454339055144203f,-0.502997432751203f,0.2477120781161924f,0f,0f,0f,1f], start_interpolation: 0, interpolation_duration: 1 }
$data merge entity $(bone_skirt_left_back) { transformation: [-0.47860026363115155f,-0.1833363520844012f,-0.8586789677502163f,-0.06029851860783822f,-0.06418617654203702f,0.9826463979696045f,-0.17402928287583153f,0.8121771202544832f,0.8756836885503275f,-0.02817514084696373f,-0.4820624845859166f,-0.2986864509111987f,0f,0f,0f,1f], start_interpolation: 0, interpolation_duration: 1 }
$data merge entity $(bone_skirt_left) { transformation: [-0.47860026363115155f,-0.25747750513002454f,-0.8394326190970963f,0.20684050782232014f,-0.06418617654203702f,0.963739480347386f,-0.2590103255869638f,0.8267958748210438f,0.8756836885503275f,-0.07008243982460052f,-0.4777724659658869f,-0.18729790763645326f,0f,0f,0f,1f], start_interpolation: 0, interpolation_duration: 1 }
$data merge entity $(bone_skirt_back_middle) { transformation: [-0.523912717304079f,-0.06321824042007357f,-0.8494226973216847f,-0.10978702949714794f,0.08189960831908935f,0.9888825176325833f,-0.12411212864915144f,0.8160538220071366f,0.8478254058497164f,-0.1345913087789607f,-0.5129105777783594f,-0.06338557103370773f,0f,0f,0f,1f], start_interpolation: 0, interpolation_duration: 1 }
$data merge entity $(bone_skirt_front_middle) { transformation: [-0.5000000000000001f,-0.3659981507706668f,-0.7848855672213959f,0.1445247459245314f,0f,0.90630778703665f,-0.4226182617406994f,0.9229351167964082f,0.8660254037844387f,-0.21130913087034972f,-0.45315389351832513f,0.08344140096409047f,0f,0f,0f,1f], start_interpolation: 0, interpolation_duration: 1 }
$data merge entity $(bone_lower) { transformation: [-0.5000000000000001f,0f,-0.8660254037844387f,0f,0f,1f,0f,0.8966341762002432f,0.8660254037844387f,0f,-0.5000000000000001f,0f,0f,0f,0f,1f], start_interpolation: 0, interpolation_duration: 1 }
data modify entity @s data merge value {"locators":{"locator_right_hand":{"posx":-0.08889998617269498,"posy":1.4792001623248476,"posz":1.113029265188668,"roty":270.00506492614886,"rotx":0.3943201682788996},"locator_left_hand":{"posx":0.20727732989454617,"posy":0.7599044639267396,"posz":-0.5769381602075156,"roty":302.89569445485006,"rotx":-5.034651306581086}},"cameras":{}}