# This file was generated by Animated Java via MC-Build. It is not recommended to edit this file directly.
$data merge entity $(bone_head) { transformation: [-0.8660254037844387f,0.07787244521651805f,-0.49389865587587944f,0f,-1.3877787807814457e-17f,0.9877973117517589f,0.15574489043303613f,1.6896186258529025f,0.5f,0.13487903162463327f,-0.8554575657670002f,0f,0f,0f,0f,1f], start_interpolation: 0, interpolation_duration: 1 }
$data merge entity $(bone_bust) { transformation: [-0.25881904510252085f,-0.4829629131445341f,-0.8365163037378079f,0.06942591876452686f,0f,0.8660254037844387f,-0.49999999999999994f,1.5802436258529025f,0.9659258262890683f,-0.1294095225512604f,-0.22414386804201347f,0.018602618866743692f,0f,0f,0f,1f], start_interpolation: 0, interpolation_duration: 1 }
$data merge entity $(bone_left_wing) { transformation: [0.13052619222005146f,0f,-0.9914448613738105f,-0.10456453796722598f,0f,1f,0f,1.4708686258529025f,0.9914448613738105f,0f,0.13052619222005146f,-0.09272274478088188f,0f,0f,0f,1f], start_interpolation: 0, interpolation_duration: 1 }
$data merge entity $(bone_right_wing) { transformation: [-0.6087614290087207f,0f,-0.7933533402912352f,-0.13691691860504107f,0f,1f,0f,1.4708686258529025f,0.7933533402912352f,0f,-0.6087614290087207f,0.028017983505251698f,0f,0f,0f,1f], start_interpolation: 0, interpolation_duration: 1 }
$data merge entity $(bone_body) { transformation: [-0.25881904510252085f,0f,-0.9659258262890683f,0.6123724356957946f,0f,1f,0f,0.40836862585290246f,0.9659258262890683f,0f,-0.25881904510252085f,-0.35355339059327373f,0f,0f,0f,1f], start_interpolation: 0, interpolation_duration: 1 }
$data merge entity $(bone_right_ring) { transformation: [-0.5896839589569449f,-0.00001029599811616655f,0.8076340931652504f,-0.08896389875493346f,-0.8076030065350775f,-0.008766344373034807f,-0.5896613731980719f,1.5690017980394197f,0.007086069740477911f,-0.9999615748119152f,0.005161057576437317f,0.8320177901928248f,0f,0f,0f,1f], start_interpolation: 0, interpolation_duration: 1 }
$data merge entity $(bone_sword) { transformation: [2.3489348953278174e-8f,-1.029599811616655e-10f,-0.000009999972411956196f,-0.10451319918354811f,0.000009999588160075345f,-8.766344373034807e-8f,2.3489348953278647e-8f,1.6022048509789961f,-8.766344373034895e-8f,-0.000009999615748119153f,-1.0295998116499617e-10f,1.0504852755463032f,0f,0f,0f,1f], start_interpolation: 0, interpolation_duration: 1 }
$data merge entity $(bone_right_hand) { transformation: [0.002348934895327817f,-0.00001029599811616655f,-0.9999972411956195f,-0.18271524886672844f,0.9999588160075344f,-0.008766344373034807f,0.0023489348953278644f,1.56785226937757f,-0.008766344373034893f,-0.9999615748119152f,-0.000010295998116499616f,0.6757728288786397f,0f,0f,0f,1f], start_interpolation: 0, interpolation_duration: 1 }
$data merge entity $(bone_right_arm) { transformation: [0.002348934895327817f,-0.00001029599811616655f,-0.9999972411956195f,-0.08896904675399155f,0.9999588160075344f,-0.008766344373034807f,0.0023489348953278644f,1.5646186258529025f,-0.008766344373034893f,-0.9999615748119152f,-0.000010295998116499616f,0.3320370027868672f,0f,0f,0f,1f], start_interpolation: 0, interpolation_duration: 1 }
$data merge entity $(bone_left_ring) { transformation: [-0.07425521311398203f,-0.3492156071390002f,0.9340956177265454f,0.15646635767216688f,0.09265410657966525f,0.9302139408729566f,0.3551298927709797f,1.124363618961457f,-0.9929256668347943f,0.11291804079128834f,-0.03671697433797905f,-0.4541900038624359f,0f,0f,0f,1f], start_interpolation: 0, interpolation_duration: 1 }
$data merge entity $(bone_left_hand) { transformation: [-0.4889738990005462f,-0.3492156071390002f,-0.7993453482861729f,0.02696279265486938f,-0.28369886044056614f,0.9302139408729566f,-0.23284540105041318f,1.2478802908743802f,0.824875434645091f,0.11291804079128834f,-0.553922407366708f,-0.488476785679426f,0f,0f,0f,1f], start_interpolation: 0, interpolation_duration: 1 }
$data merge entity $(bone_left_arm) { transformation: [-0.4889738990005462f,-0.05233179658323442f,-0.8707272300569074f,0.08896904675399155f,-0.28369886044056614f,0.9534718408248405f,0.1020117901951253f,1.5958686258529025f,0.824875434645091f,0.29690542571745143f,-0.48106931465082153f,-0.3320370027868672f,0f,0f,0f,1f], start_interpolation: 0, interpolation_duration: 1 }
$data merge entity $(bone_leftfoot) { transformation: [-0.15003002758671757f,0.13588592568493524f,-0.9792987317581276f,0.2976807365058823f,0.14576980564757405f,0.982725040201568f,0.11402920293633118f,0.5757309852910475f,0.9778763493324691f,-0.12564438133706884f,-0.16724632986893306f,-0.012494887710162439f,0f,0f,0f,1f], start_interpolation: 0, interpolation_duration: 1 }
$data merge entity $(bone_leftleg) { transformation: [-0.16256804484762882f,-0.2838941409384993f,-0.9449739401354997f,0.04355569429221542f,0.1865827858161463f,0.9315902206395548f,-0.3119719936882662f,0.9083686258529025f,0.9688955025344609f,-0.22703254733526002f,-0.09847704107535671f,-0.11919067547305484f,0f,0f,0f,1f], start_interpolation: 0, interpolation_duration: 1 }
$data merge entity $(bone_rightfoot) { transformation: [-0.4928329029524964f,0.038871349508023255f,-0.8692552835357635f,0.05292375437544217f,0.2161120699835935f,0.9731665727764309f,-0.07900882759528718f,0.5364922343812224f,0.8428590053946282f,-0.22679470853174802f,-0.488009074922975f,0.2872500033221094f,0f,0f,0f,1f], start_interpolation: 0, interpolation_duration: 1 }
$data merge entity $(bone_rightleg) { transformation: [-0.4924038765061041f,-0.020579973339417218f,-0.8701234895686418f,-0.0814443057077846f,0.17364817766693033f,0.9772986160368077f,-0.12138255840727087f,0.9083686258529025f,0.8528685319524433f,-0.2108646006087537f,-0.47765195217375095f,0.09731567547305484f,0f,0f,0f,1f], start_interpolation: 0, interpolation_duration: 1 }
$data merge entity $(bone_skirt_right_back) { transformation: [-0.5596246310178334f,-0.034687778273317246f,-0.828019945651441f,-0.257260421191527f,0.24321034680169396f,0.9482571588378963f,-0.20410068084472588f,0.9612522162149627f,0.7922556402871195f,-0.315602786348825f,-0.522231636041043f,0.05635126757387504f,0f,0f,0f,1f], start_interpolation: 0, interpolation_duration: 1 }
$data merge entity $(bone_skirt_right) { transformation: [-0.5596246310178334f,-0.034687778273317246f,-0.828019945651441f,-0.03970009505428419f,0.24321034680169396f,0.9482571588378963f,-0.20410068084472588f,0.9669897836127263f,0.7922556402871195f,-0.315602786348825f,-0.522231636041043f,0.2477120781161924f,0f,0f,0f,1f], start_interpolation: 0, interpolation_duration: 1 }
$data merge entity $(bone_skirt_left_back) { transformation: [-0.49475447737989675f,-0.15893293871311087f,-0.8543759875514761f,-0.05865307100997483f,-0.016399897544071798f,0.9846668075849622f,-0.1736730301485611f,0.9193329162080897f,0.8688780411962829f,-0.07191383060617507f,-0.4897747956913026f,-0.30275309036128173f,0f,0f,0f,1f], start_interpolation: 0, interpolation_duration: 1 }
$data merge entity $(bone_skirt_left) { transformation: [-0.49475447737989675f,-0.23279192467895424f,-0.8372729106550705f,0.20684050782232014f,-0.016399897544071798f,0.96578325116523f,-0.2588315188095573f,0.932280324473703f,0.8688780411962829f,-0.1143268628668975f,-0.4816433514063331f,-0.18729790763645326f,0f,0f,0f,1f], start_interpolation: 0, interpolation_duration: 1 }
$data merge entity $(bone_skirt_back_middle) { transformation: [-0.523912717304079f,-0.03229737836659349f,-0.8511594116249328f,-0.10978702949714794f,0.08189960831908935f,0.9927407268802831f,-0.08808123154444988f,0.9215382716597958f,0.8478254058497164f,-0.115856499791131f,-0.5174643491603181f,-0.06338557103370773f,0f,0f,0f,1f], start_interpolation: 0, interpolation_duration: 1 }
$data merge entity $(bone_skirt_front_middle) { transformation: [-0.5000000000000001f,-0.3659981507706668f,-0.7848855672213959f,0.1445247459245314f,0f,0.90630778703665f,-0.4226182617406994f,1.0284195664490674f,0.8660254037844387f,-0.21130913087034972f,-0.45315389351832513f,0.08344140096409047f,0f,0f,0f,1f], start_interpolation: 0, interpolation_duration: 1 }
$data merge entity $(bone_lower) { transformation: [-0.5000000000000001f,0f,-0.8660254037844387f,0f,0f,1f,0f,1.0021186258529025f,0.8660254037844387f,0f,-0.5000000000000001f,0f,0f,0f,0f,1f], start_interpolation: 0, interpolation_duration: 1 }
data modify entity @s data merge value {"locators":{"locator_right_hand":{"posx":-0.08896100300546328,"posy":1.5714673323943358,"posz":1.113256983108676,"roty":270.00058991886544,"rotx":0.13458417961474184},"locator_left_hand":{"posx":0.2546832471800107,"posy":0.8627409480909379,"posz":-0.48594820283498574,"roty":304.7208010187151,"rotx":-13.464650497278884}},"cameras":{}}