execute if entity @s[tag=aj.frestchika_v2.bone.hair] run data modify entity @s {} merge value {transformation:[-0.7694391803151958f,0.46440546422218204f,-0.4385098774217742f,-0.03190107725613195f,0.14884606059523098f,0.7980155232117949f,0.5839658166008402f,0.9619746920513084f,0.6211346054126761f,0.38405571147111567f,-0.6831493339272566f,-0.11652478197116506f,0f,0f,0f,1f],start_interpolation:0}
execute if entity @s[tag=aj.frestchika_v2.bone.side_hair_2] run data modify entity @s {} merge value {transformation:[-0.8810124818562908f,0.17755589040344336f,-0.4385098774217742f,0.6724688877292109f,-0.12914041657743547f,0.8014403769763041f,0.5839658166008402f,0.9987824047338291f,0.45512609200047577f,0.5711105216463098f,-0.6831493339272566f,-0.12000680397325048f,0f,0f,0f,1f],start_interpolation:0}
execute if entity @s[tag=aj.frestchika_v2.bone.side_hair_1] run data modify entity @s {} merge value {transformation:[-0.825522288593799f,0.35527741053773354f,-0.4385098774217742f,0.6794076030050068f,0.03876654296603403f,0.8108520704716593f,0.5839658166008402f,1.3189488053725904f,0.5630365051942187f,0.46507728537677073f,-0.6831493339272566f,0.14922208827316535f,0f,0f,0f,1f],start_interpolation:0}
execute if entity @s[tag=aj.frestchika_v2.bone.head] run data modify entity @s {} merge value {transformation:[-0.7694391803151958f,0.46440546422218204f,-0.4385098774217742f,0.17415204908331827f,0.14884606059523098f,0.7980155232117949f,0.5839658166008402f,0.9398808212044231f,0.6211346054126761f,0.38405571147111567f,-0.6831493339272566f,0.14402089180166838f,0f,0f,0f,1f],start_interpolation:0}
execute if entity @s[tag=aj.frestchika_v2.bone.group] run data modify entity @s {} merge value {transformation:[0.000001660258553295111f,0.000003673676336339153f,0.000009151373870191963f,0.41575311064969506f,4.0579340034262867e-7f,0.000009246857035609506f,-0.0000037856263258855064f,0.6722999987140222f,-0.000009852861170870562f,9.998685607722438e-7f,0.0000013861419872186415f,-0.04277604247047418f,0f,0f,0f,1f],start_interpolation:0}
execute if entity @s[tag=aj.frestchika_v2.bone.group2] run data modify entity @s {} merge value {transformation:[0.000001660258553295111f,0.000003673676336339153f,0.000009151373870191963f,0.41575311064969506f,4.0579340034262867e-7f,0.000009246857035609506f,-0.0000037856263258855064f,0.6722999987140222f,-0.000009852861170870562f,9.998685607722438e-7f,0.0000013861419872186415f,-0.04277604247047418f,0f,0f,0f,1f],start_interpolation:0}
execute if entity @s[tag=aj.frestchika_v2.bone.group3] run data modify entity @s {} merge value {transformation:[0.000001660258553295111f,0.000003673676336339153f,0.000009151373870191963f,0.41575311064969506f,4.0579340034262867e-7f,0.000009246857035609506f,-0.0000037856263258855064f,0.6722999987140222f,-0.000009852861170870562f,9.998685607722438e-7f,0.0000013861419872186415f,-0.04277604247047418f,0f,0f,0f,1f],start_interpolation:0}
execute if entity @s[tag=aj.frestchika_v2.locator_origin.muzzle] at @s on origin run tp @s ^0.41576 ^0.6723 ^-0.04278 ~98.61302 ~-22.24468
execute if entity @s[tag=aj.frestchika_v2.bone.gun] run data modify entity @s {} merge value {transformation:[0.000001660258553295111f,0.000003673676336339153f,0.000009151373870191963f,0.41575816699512946f,4.0579340034262867e-7f,0.000009246857035609506f,-0.0000037856263258855064f,0.6722999770089418f,-0.000009852861170870562f,9.998685607722438e-7f,0.0000013861419872186415f,-0.04277566709392991f,0f,0f,0f,1f],start_interpolation:0}
execute if entity @s[tag=aj.frestchika_v2.bone.sword] run data modify entity @s {} merge value {transformation:[0.3866140239599962f,-0.9710475942925647f,0.12296698010475259f,0.2418193939323787f,0.9731299875705088f,0.36711484015236345f,-0.1605286065812774f,0.4582764996638221f,0.1052251674671102f,0.17267882284324265f,1.0327799380182552f,-0.018460250497525144f,0f,0f,0f,1f],start_interpolation:0}
execute if entity @s[tag=aj.frestchika_v2.bone.arm_right_1] run data modify entity @s {} merge value {transformation:[0.16602585532951109f,0.3673676336339153f,0.9151373870191961f,0.40963318428794104f,0.04057934003426286f,0.9246857035609505f,-0.3785626325885506f,0.6406930193460064f,-0.9852861170870562f,0.09998685607722438f,0.13861419872186415f,0.2720549056150326f,0f,0f,0f,1f],start_interpolation:0}
execute if entity @s[tag=aj.frestchika_v2.bone.arm_right_0] run data modify entity @s {} merge value {transformation:[0.8670311631900292f,0.3673676336339153f,0.3365976586602508f,0.09807654841166706f,-0.30157505834359677f,0.9246857035609505f,-0.2323980073388033f,0.755546989449778f,-0.39662254883251624f,0.09998685607722438f,0.9125202366903381f,0.35458575253217534f,0f,0f,0f,1f],start_interpolation:0}
execute if entity @s[tag=aj.frestchika_v2.bone.arm_left_1] run data modify entity @s {} merge value {transformation:[-0.8219475934115039f,0.5093956160555662f,-0.2547906199772818f,0.2926211533010893f,0.5638476039294519f,0.6645266678910114f,-0.4903877926750275f,0.7989235224770626f,-0.08048623005243671f,-0.5467361466055083f,-0.8334275929958805f,-0.1609014229284579f,0f,0f,0f,1f],start_interpolation:0}
execute if entity @s[tag=aj.frestchika_v2.bone.arm_left_0] run data modify entity @s {} merge value {transformation:[-0.6166881473781428f,0.5093956160555662f,-0.6001765033943637f,0.05344810064226167f,0.7250232928118294f,0.6645266678910114f,-0.18095726717090435f,1.0911948054414307f,0.30665445335688035f,-0.5467361466055083f,-0.7791294066015951f,-0.02850052400318585f,0f,0f,0f,1f],start_interpolation:0}
execute if entity @s[tag=aj.frestchika_v2.bone.right_wing_0] run data modify entity @s {} merge value {transformation:[0.000002459469750753023f,0.000004644054642221821f,-0.00000850786489227402f,-0.4124474283992884f,-0.000005328106001896226f,0.00000798015523211795f,0.000002815743046490207f,0.7197385419886964f,0.000008097054710058978f,0.000003840557114711157f,0.000004437096581206368f,0.4252644863011038f,0f,0f,0f,1f],start_interpolation:0}
execute if entity @s[tag=aj.frestchika_v2.bone.right_wing_1] run data modify entity @s {} merge value {transformation:[0.000002459469750753023f,0.000004644054642221821f,-0.00000850786489227402f,0.3571450284729405f,-0.000005328106001896226f,0.00000798015523211795f,0.000002815743046490207f,1.3891276661884042f,0.000008097054710058978f,0.000003840557114711157f,0.000004437096581206368f,0.13797321297642587f,0f,0f,0f,1f],start_interpolation:0}
execute if entity @s[tag=aj.frestchika_v2.bone.right_wing_2] run data modify entity @s {} merge value {transformation:[0.000002459469750753023f,0.000004644054642221821f,-0.00000850786489227402f,0.34690025742455377f,-0.000005328106001896226f,0.00000798015523211795f,0.000002815743046490207f,1.3774949413793682f,0.000008097054710058978f,0.000003840557114711157f,0.000004437096581206368f,0.12571150919255547f,0f,0f,0f,1f],start_interpolation:0}
execute if entity @s[tag=aj.frestchika_v2.bone.left_wing_0] run data modify entity @s {} merge value {transformation:[0.000002459469750753023f,0.000004644054642221821f,-0.00000850786489227402f,-0.4124474283992884f,-0.000005328106001896226f,0.00000798015523211795f,0.000002815743046490207f,0.7197385419886964f,0.000008097054710058978f,0.000003840557114711157f,0.000004437096581206368f,0.4252644863011038f,0f,0f,0f,1f],start_interpolation:0}
execute if entity @s[tag=aj.frestchika_v2.bone.left_wing_1] run data modify entity @s {} merge value {transformation:[0.000002459469750753023f,0.000004644054642221821f,-0.00000850786489227402f,0.3571450284729405f,-0.000005328106001896226f,0.00000798015523211795f,0.000002815743046490207f,1.3891276661884042f,0.000008097054710058978f,0.000003840557114711157f,0.000004437096581206368f,0.13797321297642587f,0f,0f,0f,1f],start_interpolation:0}
execute if entity @s[tag=aj.frestchika_v2.bone.left_wing_2] run data modify entity @s {} merge value {transformation:[0.000002459469750753023f,0.000004644054642221821f,-0.00000850786489227402f,0.34690025742455377f,-0.000005328106001896226f,0.00000798015523211795f,0.000002815743046490207f,1.3774949413793682f,0.000008097054710058978f,0.000003840557114711157f,0.000004437096581206368f,0.12571150919255547f,0f,0f,0f,1f],start_interpolation:0}
execute if entity @s[tag=aj.frestchika_v2.bone.leg_right_1] run data modify entity @s {} merge value {transformation:[-0.9500341738185811f,-0.06954124372353594f,-0.30430097600604183f,0.07610485542372827f,-0.0741091507775401f,0.997244090852343f,0.003472323590237969f,0.3871116861485875f,0.3032208804615506f,0.025850312985866708f,-0.9525696084647328f,0.5142413639458149f,0f,0f,0f,1f],start_interpolation:0}
execute if entity @s[tag=aj.frestchika_v2.bone.leg_right_0] run data modify entity @s {} merge value {transformation:[-0.9500341738185811f,-0.31213930778169496f,0.002030052809706598f,-0.023199231480776995f,-0.0741091507775401f,0.2192331416827134f,-0.9728538756457513f,0.36578719921816316f,0.3032208804615506f,-0.9243948734850769f,-0.23141135565617904f,0.19789568342967984f,0f,0f,0f,1f],start_interpolation:0}
execute if entity @s[tag=aj.frestchika_v2.bone.leg_left_1] run data modify entity @s {} merge value {transformation:[-0.9703725928928117f,0.18220579797425465f,-0.158676016294355f,-0.027738011895637328f,-0.08192632426788633f,0.3696968676438137f,0.9255335236750235f,0.18840970165995474f,0.22729960042735342f,0.9111121079422209f,-0.3438162567515501f,-0.37185133274641036f,0f,0f,0f,1f],start_interpolation:0}
execute if entity @s[tag=aj.frestchika_v2.bone.leg_left_0] run data modify entity @s {} merge value {transformation:[-0.9703725928928117f,0.16462149540776239f,-0.17685246453525433f,0.03399504888227357f,-0.08192632426788633f,0.46441622645328584f,0.8818195087424882f,0.36256578657993693f,0.22729960042735342f,0.8701823555190038f,-0.43716994383072927f,-0.045532949426783945f,0f,0f,0f,1f],start_interpolation:0}
execute if entity @s[tag=aj.frestchika_v2.bone.body_0] run data modify entity @s {} merge value {transformation:[-0.22528079672784662f,0.13985298897422585f,-0.9642041817481616f,0.04866492716464941f,0.03763951520592851f,0.990154586120948f,0.13482270757820075f,0.6705055679802183f,0.9735665511513475f,-0.005919210980307191f,-0.22832681275014804f,0.07435011110441542f,0f,0f,0f,1f],start_interpolation:0}
execute if entity @s[tag=aj.frestchika_v2.bone.body_1] run data modify entity @s {} merge value {transformation:[0.24594697507530228f,0.46440546422218204f,-0.8507864892274021f,0f,-0.5328106001896226f,0.7980155232117949f,0.28157430464902067f,0.640625f,0.8097054710058977f,0.38405571147111567f,0.4437096581206368f,0f,0f,0f,0f,1f],start_interpolation:0}