execute if entity @s[tag=aj.frestchika_v2.bone.hair] run data modify entity @s {} merge value {transformation:[-0.8663989710364732f,0.32890727802549075f,-0.37572972393570736f,-0.04092036449564923f,-0.001229432030994737f,0.7510266972191894f,0.660270693398486f,1.0583191289179674f,0.4993508901402114f,0.5725197835235903f,-0.6502843885487948f,-0.07017765189814174f,0f,0f,0f,1f],start_interpolation:0}
execute if entity @s[tag=aj.frestchika_v2.bone.side_hair_2] run data modify entity @s {} merge value {transformation:[-0.9253245871455857f,-0.05100571512142929f,-0.37572972393570736f,0.6728395029677645f,-0.30591232865670925f,0.6859010559948951f,0.660270693398486f,1.147640800629711f,0.22403583552566023f,0.7259050615679984f,-0.6502843885487948f,0.04638009651614616f,0f,0f,0f,1f],start_interpolation:0}
execute if entity @s[tag=aj.frestchika_v2.bone.side_hair_1] run data modify entity @s {} merge value {transformation:[-0.9140994102157616f,0.15247767965965967f,-0.37572972393570736f,0.5872178787920386f,-0.14859679629003872f,0.73618041509634f,0.660270693398486f,1.4092341106144701f,0.3772814074076979f,0.6593852846660948f,-0.6502843885487948f,0.3614622190375913f,0f,0f,0f,1f],start_interpolation:0}
execute if entity @s[tag=aj.frestchika_v2.bone.head] run data modify entity @s {} merge value {transformation:[-0.8663989710364732f,0.32890727802549075f,-0.37572972393570736f,0.12334022925955904f,-0.001229432030994737f,0.7510266972191894f,0.660270693398486f,1.0063946268418114f,0.4993508901402114f,0.5725197835235903f,-0.6502843885487948f,0.2146949188213464f,0f,0f,0f,1f],start_interpolation:0}
execute if entity @s[tag=aj.frestchika_v2.bone.group] run data modify entity @s {} merge value {transformation:[0.000007941938724871482f,0.0000032521445821658998f,0.0000051331437645049205f,0.4767036057953071f,4.517077786117879e-7f,0.00000810800576059668f,-0.000005835769243970556f,0.6985027721196878f,-0.0000060598324542126055f,0.000004866600271526319f,0.00000629242659266293f,0.2541358417909187f,0f,0f,0f,1f],start_interpolation:0}
execute if entity @s[tag=aj.frestchika_v2.bone.group2] run data modify entity @s {} merge value {transformation:[0.000007941938724871482f,0.0000032521445821658998f,0.0000051331437645049205f,0.4767036057953071f,4.517077786117879e-7f,0.00000810800576059668f,-0.000005835769243970556f,0.6985027721196878f,-0.0000060598324542126055f,0.000004866600271526319f,0.00000629242659266293f,0.2541358417909187f,0f,0f,0f,1f],start_interpolation:0}
execute if entity @s[tag=aj.frestchika_v2.bone.group3] run data modify entity @s {} merge value {transformation:[0.000007941938724871482f,0.0000032521445821658998f,0.0000051331437645049205f,0.4767036057953071f,4.517077786117879e-7f,0.00000810800576059668f,-0.000005835769243970556f,0.6985027721196878f,-0.0000060598324542126055f,0.000004866600271526319f,0.00000629242659266293f,0.2541358417909187f,0f,0f,0f,1f],start_interpolation:0}
execute if entity @s[tag=aj.frestchika_v2.locator_origin.muzzle] at @s on origin run tp @s ^0.47671 ^0.69851 ^0.25413 ~140.79363 ~-35.70252
execute if entity @s[tag=aj.frestchika_v2.bone.gun] run data modify entity @s {} merge value {transformation:[0.000007941938724871482f,0.0000032521445821658998f,0.0000051331437645049205f,0.47670699401193356f,4.517077786117879e-7f,0.00000810800576059668f,-0.000005835769243970556f,0.6985015780277369f,-0.0000060598324542126055f,0.000004866600271526319f,0.00000629242659266293f,0.2541394197987886f,0f,0f,0f,1f],start_interpolation:0}
execute if entity @s[tag=aj.frestchika_v2.bone.sword] run data modify entity @s {} merge value {transformation:[0.3422524436825572f,-0.7665349085621935f,-0.6346748859446608f,0.305106921962098f,0.8532784182394341f,0.5714310264666943f,-0.23001572784927077f,0.5290665483169645f,0.5121561459751585f,-0.4397903228207397f,0.8073445771125872f,0.11813511437749064f,0f,0f,0f,1f],start_interpolation:0}
execute if entity @s[tag=aj.frestchika_v2.bone.arm_right_1] run data modify entity @s {} merge value {transformation:[0.7941938724871481f,0.32521445821658995f,0.513314376450492f,0.25418971123251327f,0.04517077786117879f,0.8108005760596679f,-0.5835769243970556f,0.6552088304912628f,-0.6059832454212605f,0.4866600271526319f,0.629242659266293f,0.474971033417242f,0f,0f,0f,1f],start_interpolation:0}
execute if entity @s[tag=aj.frestchika_v2.bone.arm_right_0] run data modify entity @s {} merge value {transformation:[0.8743302556806479f,0.32521445821658995f,-0.360252911394624f,-0.027755118988422853f,-0.45387107372430674f,0.8108005760596679f,-0.36959907237120554f,0.8296664503172876f,0.17189430600737793f,0.4866600271526319f,0.8565129103136985f,0.37272757665175826f,0f,0f,0f,1f],start_interpolation:0}
execute if entity @s[tag=aj.frestchika_v2.bone.arm_left_1] run data modify entity @s {} merge value {transformation:[-0.6197058318500459f,0.7760503403628695f,-0.11709206289803253f,0.3003497751034343f,0.7240283808343074f,0.507715502124338f,-0.46691313180192584f,0.8212910933000387f,-0.302898639345729f,-0.374126767453634f,-0.8765167289659683f,-0.048867466566508054f,0f,0f,0f,1f],start_interpolation:0}
execute if entity @s[tag=aj.frestchika_v2.bone.arm_left_0] run data modify entity @s {} merge value {transformation:[-0.49900325510535837f,0.7760503403628695f,-0.3856703522659356f,0.10556935246461514f,0.8570881370626213f,0.507715502124338f,-0.08732064022415711f,1.1652178561278892f,0.12804560398850875f,-0.374126767453634f,-0.9184952287159214f,0.01383196538784446f,0f,0f,0f,1f],start_interpolation:0}
execute if entity @s[tag=aj.frestchika_v2.bone.right_wing_0] run data modify entity @s {} merge value {transformation:[-0.0000014800252784405167f,0.0000032890727802549077f,-0.000009326924756926225f,-0.5422833284886487f,-0.000005577645520043476f,0.000007510266972191894f,0.0000035335195569209136f,0.8375531392080859f,0.00000816696979472289f,0.0000057251978352359035f,7.229897091204796e-7f,0.22456208418805146f,0f,0f,0f,1f],start_interpolation:0}
execute if entity @s[tag=aj.frestchika_v2.bone.right_wing_1] run data modify entity @s {} merge value {transformation:[-0.0000014800252784405167f,0.0000032890727802549077f,-0.000009326924756926225f,0.3276626510488813f,-0.000005577645520043476f,0.000007510266972191894f,0.0000035335195569209136f,1.4375958435201377f,0.00000816696979472289f,0.0000057251978352359035f,7.229897091204796e-7f,0.3022368592979125f,0f,0f,0f,1f],start_interpolation:0}
execute if entity @s[tag=aj.frestchika_v2.bone.right_wing_2] run data modify entity @s {} merge value {transformation:[-0.0000014800252784405167f,0.0000032890727802549077f,-0.000009326924756926225f,0.3224206553849286f,-0.000005577645520043476f,0.000007510266972191894f,0.0000035335195569209136f,1.4270001213973047f,0.00000816696979472289f,0.0000057251978352359035f,7.229897091204796e-7f,0.2863977572351432f,0f,0f,0f,1f],start_interpolation:0}
execute if entity @s[tag=aj.frestchika_v2.bone.left_wing_0] run data modify entity @s {} merge value {transformation:[-0.0000014800252784405167f,0.0000032890727802549077f,-0.000009326924756926225f,-0.5422833284886487f,-0.000005577645520043476f,0.000007510266972191894f,0.0000035335195569209136f,0.8375531392080859f,0.00000816696979472289f,0.0000057251978352359035f,7.229897091204796e-7f,0.22456208418805146f,0f,0f,0f,1f],start_interpolation:0}
execute if entity @s[tag=aj.frestchika_v2.bone.left_wing_1] run data modify entity @s {} merge value {transformation:[-0.0000014800252784405167f,0.0000032890727802549077f,-0.000009326924756926225f,0.3276626510488813f,-0.000005577645520043476f,0.000007510266972191894f,0.0000035335195569209136f,1.4375958435201377f,0.00000816696979472289f,0.0000057251978352359035f,7.229897091204796e-7f,0.3022368592979125f,0f,0f,0f,1f],start_interpolation:0}
execute if entity @s[tag=aj.frestchika_v2.bone.left_wing_2] run data modify entity @s {} merge value {transformation:[-0.0000014800252784405167f,0.0000032890727802549077f,-0.000009326924756926225f,0.3224206553849286f,-0.000005577645520043476f,0.000007510266972191894f,0.0000035335195569209136f,1.4270001213973047f,0.00000816696979472289f,0.0000057251978352359035f,7.229897091204796e-7f,0.2863977572351432f,0f,0f,0f,1f],start_interpolation:0}
execute if entity @s[tag=aj.frestchika_v2.bone.leg_right_1] run data modify entity @s {} merge value {transformation:[-0.9948868982774235f,-0.007237956447084668f,-0.10073565219125581f,-0.0881170227104422f,-0.028952108413054983f,0.9760060038373285f,0.21581023120308238f,0.3559776552091175f,0.09675657628485129f,0.21762328106146914f,-0.9712251399576076f,0.4476578747933637f,0f,0f,0f,1f],start_interpolation:0}
execute if entity @s[tag=aj.frestchika_v2.bone.leg_right_0] run data modify entity @s {} merge value {transformation:[-0.9948868982774235f,-0.09884232140973503f,-0.020742592274404625f,-0.12161809847100014f,-0.028952108413054983f,0.4758838535999167f,-0.8790314745794556f,0.43208815206116696f,0.09675657628485129f,-0.873936355452288f,-0.47631230465358115f,0.12596168429866458f,0f,0f,0f,1f],start_interpolation:0}
execute if entity @s[tag=aj.frestchika_v2.bone.leg_left_1] run data modify entity @s {} merge value {transformation:[-0.9989023446696929f,0.008100806171238794f,-0.04613548257866253f,0.016722407966274458f,-0.03861807110786247f,0.41498986532872817f,0.9090060815299051f,0.25295479593616765f,0.026509439777146093f,0.9097899695060505f,-0.4142215119822747f,-0.40428957442443725f,0f,0f,0f,1f],start_interpolation:0}
execute if entity @s[tag=aj.frestchika_v2.bone.leg_left_0] run data modify entity @s {} merge value {transformation:[-0.9989023446696929f,0.0032339580113722177f,-0.04672951239817014f,0.01793514222053904f,-0.03861807110786247f,0.5077335162286236f,0.8606481982099461f,0.4433548645219015f,0.026509439777146093f,0.8615081067602899f,-0.5070513106077166f,-0.0812240343893286f,0f,0f,0f,1f],start_interpolation:0}
execute if entity @s[tag=aj.frestchika_v2.bone.body_0] run data modify entity @s {} merge value {transformation:[-0.5538646047341601f,0.20555874333074975f,-0.8068330698867986f,0.013828610789809452f,-0.024662505751025993f,0.9645689934358335f,0.26267549888077507f,0.7458734775887031f,0.8322414075451625f,0.16538518658714987f,-0.5291710305985962f,0.07520462134272621f,0f,0f,0f,1f],start_interpolation:0}
execute if entity @s[tag=aj.frestchika_v2.bone.body_1] run data modify entity @s {} merge value {transformation:[-0.14800252784405166f,0.32890727802549075f,-0.9326924756926225f,0f,-0.5577645520043476f,0.7510266972191894f,0.3533519556920913f,0.7247596153846154f,0.8166969794722889f,0.5725197835235903f,0.07229897091204796f,0f,0f,0f,0f,1f],start_interpolation:0}