execute if entity @s[tag=aj.frestchika_v2.bone.hair] run data modify entity @s {} merge value {transformation:[-0.981649980832176f,-0.19018329160026567f,0.01391512588072985f,-0.03352870637984702f,-0.185844080195747f,0.970493745968011f,0.15363550010715138f,1.3376413252579729f,-0.0427234477586369f,0.14823024196521464f,-0.9880296060232956f,-0.24870049780715026f,0f,0f,0f,1f],start_interpolation:0}
execute if entity @s[tag=aj.frestchika_v2.bone.side_hair_2] run data modify entity @s {} merge value {transformation:[-0.9261461033792404f,-0.3769081645005487f,0.01391512588072985f,0.41555460153420226f,-0.37048819494748375f,0.916042919579307f,0.15363550010715138f,1.7317985254873274f,-0.07065332688560758f,0.1371335298949405f,-0.9880296060232956f,0.10736736412120487f,0f,0f,0f,1f],start_interpolation:0}
execute if entity @s[tag=aj.frestchika_v2.bone.side_hair_1] run data modify entity @s {} merge value {transformation:[-0.9545408353051286f,-0.2977552065148664f,0.01391512588072985f,0.14916389496337162f,-0.29220686749726354f,0.9439339382045028f,0.15363550010715138f,2.0511225824553585f,-0.05888072963562832f,0.14258526326036328f,-0.9880296060232956f,0.15326948152401978f,0f,0f,0f,1f],start_interpolation:0}
execute if entity @s[tag=aj.frestchika_v2.bone.head] run data modify entity @s {} merge value {transformation:[-0.981649980832176f,-0.19018329160026567f,0.01391512588072985f,-0.07131873435009962f,-0.185844080195747f,0.970493745968011f,0.15363550010715138f,1.4673005393533887f,-0.0427234477586369f,0.14823024196521464f,-0.9880296060232956f,0.055586340736955495f,0f,0f,0f,1f],start_interpolation:0}
execute if entity @s[tag=aj.frestchika_v2.bone.group] run data modify entity @s {} merge value {transformation:[-0.00000515178730700985f,-0.000008487514036491089f,-0.0000011921380053076647f,-0.5967399629632062f,-0.000006316293015029562f,0.000004699905368312366f,-0.0000061656574732300324f,0.9050937082049276f,0.000005793404015915079f,-0.0000024234262954080807f,-0.000007782253844427313f,0.08880651273924842f,0f,0f,0f,1f],start_interpolation:0}
execute if entity @s[tag=aj.frestchika_v2.bone.group2] run data modify entity @s {} merge value {transformation:[-0.00000515178730700985f,-0.000008487514036491089f,-0.0000011921380053076647f,-0.5967399629632062f,-0.000006316293015029562f,0.000004699905368312366f,-0.0000061656574732300324f,0.9050937082049276f,0.000005793404015915079f,-0.0000024234262954080807f,-0.000007782253844427313f,0.08880651273924842f,0f,0f,0f,1f],start_interpolation:0}
execute if entity @s[tag=aj.frestchika_v2.bone.group3] run data modify entity @s {} merge value {transformation:[-0.00000515178730700985f,-0.000008487514036491089f,-0.0000011921380053076647f,-0.5967399629632062f,-0.000006316293015029562f,0.000004699905368312366f,-0.0000061656574732300324f,0.9050937082049276f,0.000005793404015915079f,-0.0000024234262954080807f,-0.000007782253844427313f,0.08880651273924842f,0f,0f,0f,1f],start_interpolation:0}
execute if entity @s[tag=aj.frestchika_v2.locator_origin.muzzle] at @s on origin run tp @s ^-0.59675 ^0.90509 ^0.08881 ~-8.70925 ~-38.06578
execute if entity @s[tag=aj.frestchika_v2.bone.gun] run data modify entity @s {} merge value {transformation:[-0.00000515178730700985f,-0.000008487514036491089f,-0.0000011921380053076647f,-0.596742354676808f,-0.000006316293015029562f,0.000004699905368312366f,-0.0000061656574732300324f,0.9050914032090085f,0.000005793404015915079f,-0.0000024234262954080807f,-0.000007782253844427313f,0.0888026819811417f,0f,0f,0f,1f],start_interpolation:0}
execute if entity @s[tag=aj.frestchika_v2.bone.sword] run data modify entity @s {} merge value {transformation:[-0.8932174896862857f,0.282686113310057f,0.47934933979320715f,-0.3359896080812177f,0.49461334105582505f,0.8187213219786279f,0.43883681692305887f,0.8681576557742485f,-0.25503895990245107f,0.5977530178754612f,-0.8277506693761438f,0.17421865564538094f,0f,0f,0f,1f],start_interpolation:0}
execute if entity @s[tag=aj.frestchika_v2.bone.arm_right_1] run data modify entity @s {} merge value {transformation:[-0.515178730700985f,-0.8487514036491087f,-0.11921380053076647f,-0.44171283218598356f,-0.6316293015029562f,0.46999053683123654f,-0.6165657473230032f,1.0716468914292867f,0.5793404015915078f,-0.24234262954080804f,-0.7782253844427313f,-0.1311516796443896f,0f,0f,0f,1f],start_interpolation:0}
execute if entity @s[tag=aj.frestchika_v2.bone.arm_right_0] run data modify entity @s {} merge value {transformation:[-0.46818187099134734f,-0.8487514036491087f,0.24581861296229926f,-0.2748729631185424f,-0.8809511083749818f,0.46999053683123654f,-0.05508211998440782f,1.3982717180404363f,-0.0687813952165261f,-0.24234262954080804f,-0.9677495386613802f,-0.08202699791457112f,0f,0f,0f,1f],start_interpolation:0}
execute if entity @s[tag=aj.frestchika_v2.bone.arm_left_1] run data modify entity @s {} merge value {transformation:[0.09279821839573496f,0.7329049078825698f,0.6739724672894429f,0.2508727689964736f,0.9156961956974393f,0.20299965859497543f,-0.346830817251813f,1.1054546147320488f,-0.3910101889309466f,0.6493393062274647f,-0.652280229303495f,0.17366831085427561f,0f,0f,0f,1f],start_interpolation:0}
execute if entity @s[tag=aj.frestchika_v2.bone.arm_left_0] run data modify entity @s {} merge value {transformation:[-0.22329327921177267f,0.7329049078825698f,0.6426433750226443f,0.15352241512398146f,0.9733491805901129f,0.20299965859497543f,0.10668885253333335f,1.4934606763114273f,-0.052263602089879846f,0.6493393062274647f,-0.7587008509845138f,0.1622466306556301f,0f,0f,0f,1f],start_interpolation:0}
execute if entity @s[tag=aj.frestchika_v2.bone.right_wing_0] run data modify entity @s {} merge value {transformation:[-0.000008797398910566181f,-0.0000019018329160026568f,0.000004357614481339278f,0.061598492209888306f,-0.0000010145152777262736f,0.00000970493745968011f,0.0000021874523206135852f,1.23979285038039f,-0.000004645054484032338f,0.0000014823024196521465f,-0.000008730764478387013f,-0.57863191181487f,0f,0f,0f,1f],start_interpolation:0}
execute if entity @s[tag=aj.frestchika_v2.bone.right_wing_1] run data modify entity @s {} merge value {transformation:[-0.000008797398910566181f,-0.0000019018329160026568f,0.000004357614481339278f,0.006180392240308304f,-0.0000010145152777262736f,0.00000970493745968011f,0.0000021874523206135852f,1.9086917189905181f,-0.000004645054484032338f,0.0000014823024196521465f,-0.000008730764478387013f,0.24136428498597634f,0f,0f,0f,1f],start_interpolation:0}
execute if entity @s[tag=aj.frestchika_v2.bone.right_wing_2] run data modify entity @s {} merge value {transformation:[-0.000008797398910566181f,-0.0000019018329160026568f,0.000004357614481339278f,0.015244703276917178f,-0.0000010145152777262736f,0.00000970493745968011f,0.0000021874523206135852f,1.8911290333021968f,-0.000004645054484032338f,0.0000014823024196521465f,-0.000008730764478387013f,0.24148812700164873f,0f,0f,0f,1f],start_interpolation:0}
execute if entity @s[tag=aj.frestchika_v2.bone.left_wing_0] run data modify entity @s {} merge value {transformation:[-0.000008797398910566181f,-0.0000019018329160026568f,0.000004357614481339278f,0.061598492209888306f,-0.0000010145152777262736f,0.00000970493745968011f,0.0000021874523206135852f,1.23979285038039f,-0.000004645054484032338f,0.0000014823024196521465f,-0.000008730764478387013f,-0.57863191181487f,0f,0f,0f,1f],start_interpolation:0}
execute if entity @s[tag=aj.frestchika_v2.bone.left_wing_1] run data modify entity @s {} merge value {transformation:[-0.000008797398910566181f,-0.0000019018329160026568f,0.000004357614481339278f,0.006180392240308304f,-0.0000010145152777262736f,0.00000970493745968011f,0.0000021874523206135852f,1.9086917189905181f,-0.000004645054484032338f,0.0000014823024196521465f,-0.000008730764478387013f,0.24136428498597634f,0f,0f,0f,1f],start_interpolation:0}
execute if entity @s[tag=aj.frestchika_v2.bone.left_wing_2] run data modify entity @s {} merge value {transformation:[-0.000008797398910566181f,-0.0000019018329160026568f,0.000004357614481339278f,0.015244703276917178f,-0.0000010145152777262736f,0.00000970493745968011f,0.0000021874523206135852f,1.8911290333021968f,-0.000004645054484032338f,0.0000014823024196521465f,-0.000008730764478387013f,0.24148812700164873f,0f,0f,0f,1f],start_interpolation:0}
execute if entity @s[tag=aj.frestchika_v2.bone.leg_right_1] run data modify entity @s {} merge value {transformation:[-0.6146716804842625f,-0.37592672850231446f,0.6934391249476768f,-0.2645238495345209f,-0.029786657474942975f,0.8895607094920639f,0.45584481917034647f,0.4999230484341247f,-0.7882204515534489f,0.2595396673449411f,-0.5579853768938343f,0.035597750051024654f,0f,0f,0f,1f],start_interpolation:0}
execute if entity @s[tag=aj.frestchika_v2.bone.leg_right_0] run data modify entity @s {} merge value {transformation:[-0.6146716804842625f,0.3943743997936304f,0.6831160648074867f,-0.09589204207975152f,-0.029786657474942975f,0.8538148683260308f,-0.519723893679974f,0.7516229356211892f,-0.7882204515534489f,-0.3398073033541455f,-0.5130687247728718f,-0.10541672702627754f,0f,0f,0f,1f],start_interpolation:0}
execute if entity @s[tag=aj.frestchika_v2.bone.leg_left_1] run data modify entity @s {} merge value {transformation:[-0.605565291348061f,-0.2253955056104296f,0.7632087158603184f,0.14053888599735476f,-0.0403835052229408f,0.9665192689720624f,0.25339628097432454f,0.3764674531429859f,-0.7947703129964317f,0.12262694955159283f,-0.5943927832866283f,0.04317454402192825f,0f,0f,0f,1f],start_interpolation:0}
execute if entity @s[tag=aj.frestchika_v2.bone.leg_left_0] run data modify entity @s {} merge value {transformation:[-0.605565291348061f,-0.1443837312258165f,0.7825880244878838f,0.08639498678767356f,-0.0403835052229408f,0.9877116991360382f,0.15097937572963127f,0.7468593403190003f,-0.7947703129964317f,0.0598242220769451f,-0.603954644019269f,0.06560862730078267f,0f,0f,0f,1f],start_interpolation:0}
execute if entity @s[tag=aj.frestchika_v2.bone.body_0] run data modify entity @s {} merge value {transformation:[-0.7292014385645299f,-0.01386400465568434f,0.6841586448845961f,-0.00980755626799303f,0.022895691411581036f,0.9987406527345557f,0.044641862529909704f,1.113685443463137f,-0.6839159665559836f,0.04821719558685325f,-0.7279656947545905f,-0.0023094097423524314f,0f,0f,0f,1f],start_interpolation:0}
execute if entity @s[tag=aj.frestchika_v2.bone.body_1] run data modify entity @s {} merge value {transformation:[-0.8797398910566181f,-0.19018329160026567f,0.43576144813392775f,0f,-0.10145152777262735f,0.970493745968011f,0.21874523206135849f,1.1033653846153846f,-0.46450544840323377f,0.14823024196521464f,-0.8730764478387012f,0f,0f,0f,0f,1f],start_interpolation:0}