execute if entity @s[tag=aj.heiloang_aj.bone.head_lower] run data modify entity @s {} merge value {transformation:[-0.790114264288106f,0.008549812217409134f,-0.12508537116510526f,-0.6181086032202593f,-0.05803064490509551f,0.6825609132033009f,0.4132106533222182f,-0.4377808796152665f,0.11113907332870744f,0.41717802012824534f,-0.6735062033133129f,2.439461694035582f,0f,0f,0f,1f],start_interpolation:0}
execute if entity @s[tag=aj.heiloang_aj.bone.horne_right] run data modify entity @s {} merge value {transformation:[-0.5735473655995121f,-0.5435999307043868f,-0.12466970262275293f,-0.9956745828487712f,-0.5453863364848582f,0.5092885256661844f,0.2884075962945312f,0.039413050467405425f,-0.11660687539542806f,0.2917607118221197f,-0.7357163336827348f,2.4523788909322017f,0f,0f,0f,1f],start_interpolation:0}
execute if entity @s[tag=aj.heiloang_aj.bone.horne_left] run data modify entity @s {} merge value {transformation:[-0.5915193155005388f,0.5239869889966053f,-0.12466970262275293f,-0.32391943535102347f,0.45981697782685255f,0.5876983965451926f,0.2884075962945312f,0.08875070476571764f,0.2804875153940971f,0.14159177257341266f,-0.7357163336827348f,2.357888450788135f,0f,0f,0f,1f],start_interpolation:0}
execute if entity @s[tag=aj.heiloang_aj.bone.head_upper] run data modify entity @s {} merge value {transformation:[-1.1573396214726106f,-0.019482862998550506f,-0.18261306365924293f,-0.6562946329882644f,-0.08500183789086128f,1.0897113872604969f,0.42245223686232203f,-0.23566434857568833f,0.16279373613505746f,0.430478365221974f,-1.077658892670128f,2.278154121126452f,0f,0f,0f,1f],start_interpolation:0}
execute if entity @s[tag=aj.heiloang_aj.bone.neck_0] run data modify entity @s {} merge value {transformation:[-0.9707620222396856f,-0.23757138785943246f,-0.034364688964976464f,-0.654563817890843f,-0.2083465911137158f,0.7627956482530642f,0.612155615001187f,-0.023808307454131483f,-0.1192174238457223f,0.6014171885444665f,-0.7899902348604437f,1.9005640249264775f,0f,0f,0f,1f],start_interpolation:0}
execute if entity @s[tag=aj.heiloang_aj.bone.neck_1] run data modify entity @s {} merge value {transformation:[-0.9707620222396856f,-0.21321606536313822f,-0.11027241562683948f,-0.6952055837241287f,-0.2083465911137158f,0.5202541264630012f,0.8282073060952273f,0.2716302209988535f,-0.1192174238457223f,0.8269670811884118f,-0.5494657882728533f,1.7053523960521895f,0f,0f,0f,1f],start_interpolation:0}
execute if entity @s[tag=aj.heiloang_aj.bone.neck_2] run data modify entity @s {} merge value {transformation:[-0.9787208422049392f,-0.1947213537526123f,0.06472331439601012f,-0.6621554777590152f,-0.09406860896847175f,0.7060973742720248f,0.7018387242471654f,0.5355779914132408f,-0.18236394885061996f,0.6808157551341639f,-0.7093893837101782f,1.3918253666765312f,0f,0f,0f,1f],start_interpolation:0}
execute if entity @s[tag=aj.heiloang_aj.bone.neck_3] run data modify entity @s {} merge value {transformation:[-0.9609317361040236f,-0.10652114686061535f,0.2554671090759167f,-0.5273717060895649f,0.05478255584870849f,0.8315243026113135f,0.552780431764233f,0.8015054644581202f,-0.2713099152681122f,0.5451794011499955f,-0.7932025910440168f,0.9681408251381538f,0f,0f,0f,1f],start_interpolation:0}
execute if entity @s[tag=aj.heiloang_aj.bone.wing_right_2] run data modify entity @s {} merge value {transformation:[-1.1577255262470607f,-2.0085188979698128f,-0.3988727224254628f,-4.246313033931947f,-2.00926146561586f,1.0257992511494032f,0.6664685029718483f,-1.1963879362138086f,-0.3951151414311765f,0.6687030276291998f,-2.220427051756569f,0.5035014261252253f,0f,0f,0f,1f],start_interpolation:0}
execute if entity @s[tag=aj.heiloang_aj.bone.wing_right_1] run data modify entity @s {} merge value {transformation:[-2.4940881507579893f,-2.155247562141014f,-0.5671428524047587f,-2.604759937185757f,-2.217961143376803f,2.3172977467357074f,0.947627718222865f,0.24133376153708408f,-0.2176957409304402f,1.0827085811790846f,-3.1571457783133674f,0.6940643004227474f,0f,0f,0f,1f],start_interpolation:0}
execute if entity @s[tag=aj.heiloang_aj.bone.wing_right_0] run data modify entity @s {} merge value {transformation:[-1.981072064175661f,-0.9284685441398062f,-0.3764301251038393f,-0.765130534244321f,-1.0003297111089537f,1.8793982267490543f,0.6289696132287987f,1.176808410747927f,0.05562324707764011f,0.7308956613877364f,-2.0954945923454735f,0.6255300813323934f,0f,0f,0f,1f],start_interpolation:0}
execute if entity @s[tag=aj.heiloang_aj.bone.wing_left_2] run data modify entity @s {} merge value {transformation:[-1.32780346562781f,1.838491789654662f,0.6248695082656709f,3.6043142693720136f,1.933220678882212f,1.1806282807416677f,0.6343111821308066f,-0.8793565995268602f,0.18213118824073973f,0.871573753853556f,-2.177329425738017f,1.2526082026391574f,0f,0f,0f,1f],start_interpolation:0}
execute if entity @s[tag=aj.heiloang_aj.bone.wing_left_1] run data modify entity @s {} merge value {transformation:[-2.838940803523393f,1.5291297833673694f,0.8884795960565499f,1.732091034987161f,1.7415956034024576f,2.709360076977829f,0.9019043743035737f,0.24717564111484047f,-0.30737378092345236f,1.2281485463076331f,-3.0958668059048122f,1.0984662871665647f,0f,0f,0f,1f],start_interpolation:0}
execute if entity @s[tag=aj.heiloang_aj.bone.wing_left_0] run data modify entity @s {} merge value {transformation:[-1.9832822592338764f,0.8045074234958348f,0.5897111884204527f,-0.10788445703059227f,0.9540262096438847f,1.9130828890199743f,0.5986216259470671f,1.1393389229804753f,-0.2912481270681262f,0.7882142254990591f,-2.0548218568041916f,0.8110972458035359f,0f,0f,0f,1f],start_interpolation:0}
execute if entity @s[tag=aj.heiloang_aj.bone.kazari_right] run data modify entity @s {} merge value {transformation:[-2.525417488666964f,0.7271204458441957f,0.02079792601762041f,-1.904195108638986f,0.1439736241568219f,0.5732914739712403f,-2.5607574406755678f,4.08478904753435f,-0.7130275534917613f,-2.459573729666072f,-0.5907274878100154f,-2.843521956152242f,0f,0f,0f,1f],start_interpolation:0}
execute if entity @s[tag=aj.heiloang_aj.bone.kazari_left] run data modify entity @s {} merge value {transformation:[-2.525417488666964f,0.7271204458441957f,0.02079792601762041f,2.971652998385728f,0.1439736241568219f,0.5732914739712403f,-2.5607574406755678f,3.8068177711189506f,-0.7130275534917613f,-2.459573729666072f,-0.5907274878100154f,-1.4668727238764365f,0f,0f,0f,1f],start_interpolation:0}
execute if entity @s[tag=aj.heiloang_aj.bone.ring] run data modify entity @s {} merge value {transformation:[-2.1168709548507643f,-0.5191183228907126f,-0.3198434197109206f,-0.4782873857925615f,0.12068245532070453f,-1.48941360204586f,1.6186442329315511f,2.8273974960670314f,-0.5976783342827549f,1.5378847728825258f,1.4596634269067235f,1.2033584071550831f,0f,0f,0f,1f],start_interpolation:0}
execute if entity @s[tag=aj.heiloang_aj.bone.body_0] run data modify entity @s {} merge value {transformation:[-1.0844711220386738f,-0.10241068590700189f,0.29510474888403765f,-0.2606513329194643f,0.061825515358943144f,0.9747228454939799f,0.5654603045841448f,1.434801894254396f,-0.3061900832039709f,0.559535344568911f,-0.9310317970205793f,0.15133885167706235f,0f,0f,0f,1f],start_interpolation:0}
execute if entity @s[tag=aj.heiloang_aj.bone.leg_right_3] run data modify entity @s {} merge value {transformation:[-0.8788809537492798f,-0.08507223326958221f,0.46939427378620896f,-0.706520211143299f,0.1740496502839372f,0.8589558919882322f,0.48156151720703294f,0.06147920826351039f,-0.4441564908596925f,0.5049331547296392f,-0.7401131811297363f,-0.7363092233460053f,0f,0f,0f,1f],start_interpolation:0}
execute if entity @s[tag=aj.heiloang_aj.bone.leg_right_2] run data modify entity @s {} merge value {transformation:[-0.9679900184584113f,0.08288940969933735f,-0.23690645817406517f,-0.6449315128806816f,0.12328863894717336f,0.9791993411888514f,-0.16114763951691238f,0.6646154903481728f,0.21862121505342988f,-0.18519718133658153f,-0.9580745108568263f,-0.803743695093008f,0f,0f,0f,1f],start_interpolation:0}
execute if entity @s[tag=aj.heiloang_aj.bone.leg_right_1] run data modify entity @s {} merge value {transformation:[-0.9780567922148079f,-0.014232560006160785f,-0.20785173907896742f,-0.49933382391012615f,-0.0067151089874300275f,0.9992990462389364f,-0.036828297506656615f,0.7656224735311956f,0.20823020557490426f,-0.03462441944095124f,-0.9774667928193825f,-0.116614365637839f,0f,0f,0f,1f],start_interpolation:0}
execute if entity @s[tag=aj.heiloang_aj.bone.leg_right_0] run data modify entity @s {} merge value {transformation:[-0.9172469388700961f,0.3555931650205744f,-0.1794757758698612f,-0.21854977537312928f,0.381222603819704f,0.6531196036497813f,-0.6542966526471594f,1.1848817739234832f,-0.11544426997631035f,-0.6685718243532276f,-0.7346321094334451f,-0.6503919350709747f,0f,0f,0f,1f],start_interpolation:0}
execute if entity @s[tag=aj.heiloang_aj.bone.leg_left_3] run data modify entity @s {} merge value {transformation:[-0.7803045656732612f,-0.48063214249991487f,0.40014688351329797f,0.9594068353815493f,-0.2006193302153741f,0.7983808669300768f,0.5677498354591691f,0.06375780477613835f,-0.5923484355794298f,0.36274058901082534f,-0.7194043341200284f,-0.3864401191627152f,0f,0f,0f,1f],start_interpolation:0}
execute if entity @s[tag=aj.heiloang_aj.bone.leg_left_2] run data modify entity @s {} merge value {transformation:[-0.7803045656732612f,-0.20609739929108023f,0.5904647718491903f,0.8062049656306631f,-0.2006193302153741f,0.9767323548908057f,0.0758009977071265f,0.6542150600083532f,-0.5923484355794298f,-0.059310782450698915f,-0.8034958381669987f,-0.384605085413131f,0f,0f,0f,1f],start_interpolation:0}
execute if entity @s[tag=aj.heiloang_aj.bone.leg_left_1] run data modify entity @s {} merge value {transformation:[-0.8151149623687213f,-0.1411395863492011f,0.5618426962129298f,0.39915690460910336f,-0.07582619189416123f,0.9875163568858134f,0.13806459903176f,0.6309280312766313f,-0.5743152329039061f,0.0699361283468512f,-0.8156414354398535f,0.1961852411198175f,0f,0f,0f,1f],start_interpolation:0}
execute if entity @s[tag=aj.heiloang_aj.bone.leg_left_0] run data modify entity @s {} merge value {transformation:[-0.8468710971095116f,0.011203587687934308f,0.531680190061141f,0.4126171166272527f,-0.2977785332037668f,0.8183547070809091f,-0.49155215243301775f,1.1848817739234832f,-0.4406101338411832f,-0.574604257747398f,-0.6897047607020096f,-0.2859875600709747f,0f,0f,0f,1f],start_interpolation:0}
execute if entity @s[tag=aj.heiloang_aj.bone.tail_4] run data modify entity @s {} merge value {transformation:[-1.5476383374839078f,-0.1231128475434542f,-0.2729709999385696f,-0.19389840952781195f,-0.1250806656327326f,1.5713716892516016f,0.00045275944447622883f,0.005274219635600347f,0.2720749292430175f,0.022104403995227277f,-1.5525272918338975f,-4.428497709758563f,0f,0f,0f,1f],start_interpolation:0}
execute if entity @s[tag=aj.heiloang_aj.bone.tail_3] run data modify entity @s {} merge value {transformation:[-0.9880649198594448f,-0.01044113270053659f,-0.15368375610674828f,0.011744780996241946f,0.015508254459590507f,0.9858880408875486f,-0.1666861268328232f,0.20228854677767363f,0.15325536919392196f,-0.16708008134676378f,-0.9739594643671744f,-3.12261540821227f,0f,0f,0f,1f],start_interpolation:0}
execute if entity @s[tag=aj.heiloang_aj.bone.tail_2] run data modify entity @s {} merge value {transformation:[-0.9916902042889675f,0.09891173481513148f,-0.08226182245225785f,0.0779629053714323f,0.11048892622357406f,0.9823755370226345f,-0.1507663803420785f,0.33828662364692463f,0.06589943777656457f,-0.15860256295328828f,-0.9851408483690953f,-2.354147792764425f,0f,0f,0f,1f],start_interpolation:0}
execute if entity @s[tag=aj.heiloang_aj.bone.tail_1] run data modify entity @s {} merge value {transformation:[-0.9565710953531471f,0.17148545409811658f,-0.23572118820259452f,0.2650718004225791f,0.22777823154098148f,0.9443464210320688f,-0.23733291874492662f,0.5397077186035832f,0.18190331709714175f,-0.28071796543271976f,-0.9423951438289413f,-1.6224205103310019f,0f,0f,0f,1f],start_interpolation:0}
execute if entity @s[tag=aj.heiloang_aj.bone.tail_ring] run data modify entity @s {} merge value {transformation:[-0.9478875657513518f,0.30781422371123407f,0.08221658211715549f,0.2864337980455841f,0.21436372487234173f,0.8070656106510082f,-0.5501756933592852f,0.4856744850644946f,-0.23570608000819915f,-0.5038804459249888f,-0.8309916606450409f,-1.757468096433513f,0f,0f,0f,1f],start_interpolation:0}
execute if entity @s[tag=aj.heiloang_aj.bone.tail_0] run data modify entity @s {} merge value {transformation:[-0.9478875657513518f,0.30781422371123407f,0.08221658211715549f,0.16463000733359465f,0.21436372487234173f,0.8070656106510082f,-0.5501756933592852f,1.2359782548134073f,-0.23570608000819915f,-0.5038804459249888f,-0.8309916606450409f,-0.5852700371522227f,0f,0f,0f,1f],start_interpolation:0}
execute if entity @s[tag=aj.heiloang_aj.bone.body_1] run data modify entity @s {} merge value {transformation:[-0.8660254037844386f,0.06959622919217225f,0.4951326740200354f,-0.0018960387843347866f,0f,0.9902653480400708f,-0.1391924583843445f,1.3548634442138674f,-0.5f,-0.1205442049760506f,-0.8575949478901399f,-0.290739714492411f,0f,0f,0f,1f],start_interpolation:0}