execute if entity @s[tag=aj.heiloang_aj.bone.head_lower] run data modify entity @s {} merge value {transformation:[-0.795956446895377f,-0.009021462358835473f,-0.07982448159928834f,-0.634457710456927f,-0.05576391116091599f,0.6342610095678621f,0.4843587079365808f,-0.6446395954620279f,0.057824915544464686f,0.4874747018655066f,-0.6316840145067871f,2.3554921466423138f,0f,0f,0f,1f],start_interpolation:0}
execute if entity @s[tag=aj.heiloang_aj.bone.horne_right] run data modify entity @s {} merge value {transformation:[-0.5718034261788667f,-0.55415063072717f,-0.07718756554516545f,-1.0066012314701502f,-0.5183490788003304f,0.4831377268580274f,0.37133834893976025f,-0.1651248061595989f,-0.21060644414869722f,0.31542830461316873f,-0.7043790956096748f,2.400344531911971f,0f,0f,0f,1f],start_interpolation:0}
execute if entity @s[tag=aj.heiloang_aj.bone.horne_left] run data modify entity @s {} merge value {transformation:[-0.6018778725888785f,0.5213301316949719f,-0.07718756554516545f,-0.32987906031970077f,0.43612214297865737f,0.5584848314953563f,0.37133834893976025f,-0.11771432889058814f,0.2958724436164838f,0.2372964112170829f,-0.7043790956096748f,2.351181788716067f,0f,0f,0f,1f],start_interpolation:0}
execute if entity @s[tag=aj.heiloang_aj.bone.head_upper] run data modify entity @s {} merge value {transformation:[-1.1658971045011761f,-0.03260282397793874f,-0.11306241632141974f,-0.6606138223181749f,-0.08168158297073072f,1.0347142158968954f,0.5439271300682373f,-0.4250428295153607f,0.08470049066664327f,0.5490588854481248f,-1.0317568897716616f,2.216127458629831f,0f,0f,0f,1f],start_interpolation:0}
execute if entity @s[tag=aj.heiloang_aj.bone.neck_0] run data modify entity @s {} merge value {transformation:[-0.9609270622562572f,-0.2763039683088697f,0.016592110183167467f,-0.6337690258920999f,-0.22556956611193724f,0.8164062159456046f,0.5316006597150265f,-0.27570590747664764f,-0.16042927372406718f,0.5070867851385499f,-0.8468325929427952f,1.8156947347004526f,0f,0f,0f,1f],start_interpolation:0}
execute if entity @s[tag=aj.heiloang_aj.bone.neck_1] run data modify entity @s {} merge value {transformation:[-0.9594571481028716f,-0.2744021787358321f,-0.06438497696926423f,-0.6606544887458016f,-0.2332260154994718f,0.6446620394654057f,0.728022307739635f,-0.0023923637822546584f,-0.15826435684810522f,0.713522458775708f,-0.6825233286665909f,1.5759163031028258f,0f,0f,0f,1f],start_interpolation:0}
execute if entity @s[tag=aj.heiloang_aj.bone.neck_2] run data modify entity @s {} merge value {transformation:[-0.9720763631206972f,-0.23149747732109974f,0.03842476097525088f,-0.6371489256724815f,-0.11214851261757638f,0.6021278273372552f,0.7904838965240101f,0.30136698794283556f,-0.2061316457502427f,0.764101431447477f,-0.6112763262880486f,1.2998045903771336f,0f,0f,0f,1f],start_interpolation:0}
execute if entity @s[tag=aj.heiloang_aj.bone.neck_3] run data modify entity @s {} merge value {transformation:[-0.9613826470790198f,-0.15004027927939872f,0.23071913767413565f,-0.5141183590130165f,0.04939097834958162f,0.7306518147216694f,0.6809614210082701f,0.6360708763063617f,-0.2707469984192029f,0.666059937421319f,-0.6950253395447541f,0.9239995032031443f,0f,0f,0f,1f],start_interpolation:0}
execute if entity @s[tag=aj.heiloang_aj.bone.wing_right_2] run data modify entity @s {} merge value {transformation:[-1.9083505291078182f,1.2822016849714795f,-0.4977279411799333f,-4.5159064694976605f,1.134613773392556f,1.9487195684220378f,0.6698653858783412f,2.5179906611248675f,0.7774482938452061f,0.30335933977105844f,-2.1993461000242442f,1.8747686576339762f,0f,0f,0f,1f],start_interpolation:0}
execute if entity @s[tag=aj.heiloang_aj.bone.wing_right_1] run data modify entity @s {} merge value {transformation:[-2.8179192023341773f,1.6570180013609084f,-0.7077015509253969f,-2.66019685541813f,1.4441019974373768f,2.862623389035453f,0.9524576244875967f,1.5580201502123754f,1.0775525801619572f,0.4968877625913899f,-3.1271715273187732f,1.2168530816878973f,0f,0f,0f,1f],start_interpolation:0}
execute if entity @s[tag=aj.heiloang_aj.bone.wing_right_0] run data modify entity @s {} merge value {transformation:[-2.0467261386644453f,0.7201889908467005f,-0.4697232491275472f,-0.7602487246027317f,0.5758023583458766f,2.048708360232637f,0.6321753703176234f,1.02751888089849f,0.6385638240857805f,0.4610009459601019f,-2.0755997616093604f,0.6062700798473853f,0f,0f,0f,1f],start_interpolation:0}
execute if entity @s[tag=aj.heiloang_aj.bone.wing_left_2] run data modify entity @s {} merge value {transformation:[-1.6942684916006112f,-1.5106736440107391f,0.6171672593241716f,3.2568190229195455f,-1.319508764931944f,1.7916571494209759f,0.7631757887390594f,2.7808854859141325f,-0.9601702473822913f,0.20348416778959533f,-2.137812736378426f,2.3628930257440106f,0f,0f,0f,1f],start_interpolation:0}
execute if entity @s[tag=aj.heiloang_aj.bone.wing_left_1] run data modify entity @s {} merge value {transformation:[-2.21418197470577f,-2.3483103474639244f,0.8775280438720564f,1.7938032708104532f,-2.089497187655295f,2.3756489773734413f,1.0851323476816703f,1.3963445704394792f,-1.3851420355215083f,0.17014470664226902f,-3.0396794392062048f,1.502261965917254f,0f,0f,0f,1f],start_interpolation:0}
execute if entity @s[tag=aj.heiloang_aj.bone.wing_left_0] run data modify entity @s {} merge value {transformation:[-2.0439877360997745f,-0.6413073317245946f,0.5824423069712549f,-0.10269423893671237f,-0.4390597631362415f,2.0535060558878055f,0.7202356578418312f,0.9937370569141726f,-0.7468203659973823f,0.5479395812572666f,-2.017528576308932f,0.7914522274886715f,0f,0f,0f,1f],start_interpolation:0}
execute if entity @s[tag=aj.heiloang_aj.bone.kazari_right] run data modify entity @s {} merge value {transformation:[-2.526602524418519f,0.7182918819678892f,0.0848919575533805f,-2.0451125894849795f,0.12980405976819784f,0.7537467799908163f,-2.5143362715192694f,4.166916196007171f,-0.7115481559430191f,-2.4130463635224157f,-0.7601162133658148f,-2.3660782797678115f,0f,0f,0f,1f],start_interpolation:0}
execute if entity @s[tag=aj.heiloang_aj.bone.kazari_left] run data modify entity @s {} merge value {transformation:[-2.526602524418519f,0.7182918819678892f,0.0848919575533805f,2.8330234775906593f,0.12980405976819784f,0.7537467799908163f,-2.5143362715192694f,3.916302235366957f,-0.7115481559430191f,-2.4130463635224157f,-0.7601162133658148f,-0.9922853347276586f,0f,0f,0f,1f],start_interpolation:0}
execute if entity @s[tag=aj.heiloang_aj.bone.ring] run data modify entity @s {} merge value {transformation:[-2.1178642827952263f,-0.48584680015090403f,-0.36267072149184576f,-0.5152463286580873f,0.10880515604968423f,-1.600954925129669f,1.5093147622361902f,2.6423301353120356f,-0.5964382645851055f,1.433116359640839f,1.563126732562822f,1.2939962848970858f,0f,0f,0f,1f],start_interpolation:0}
execute if entity @s[tag=aj.heiloang_aj.bone.body_0] run data modify entity @s {} merge value {transformation:[-1.0849800030680135f,-0.12752020709444697f,0.28321258033992164f,-0.26119802267706055f,0.0557407854240754f,0.9324090056206636f,0.6333709710868236f,1.3287892677847928f,-0.30555479659222234f,0.6229000071903582f,-0.8901034901961744f,0.15228574611319667f,0f,0f,0f,1f],start_interpolation:0}
execute if entity @s[tag=aj.heiloang_aj.bone.leg_right_3] run data modify entity @s {} merge value {transformation:[-0.8778263379785218f,-0.18183387070364404f,0.4431222899112032f,-0.656375877891634f,0.14283139397773775f,0.7836743319040043f,0.6045276953202303f,0.03431819660723456f,-0.45718717528556513f,0.5939621073601775f,-0.6619583837180875f,-0.851485815506855f,0f,0f,0f,1f],start_interpolation:0}
execute if entity @s[tag=aj.heiloang_aj.bone.leg_right_2] run data modify entity @s {} merge value {transformation:[-0.9796572481689005f,0.03917224356086352f,-0.19681771120644997f,-0.6232665638537802f,0.06873446035518158f,0.9869387883290371f,-0.1456962664288072f,0.6414325323598323f,0.18853978378533034f,-0.15626056260624557f,-0.969554220507631f,-0.9007799038746842f,0f,0f,0f,1f],start_interpolation:0}
execute if entity @s[tag=aj.heiloang_aj.bone.leg_right_1] run data modify entity @s {} merge value {transformation:[-0.9871474716270046f,-0.02809144143007694f,-0.15732367965056204f,-0.5143633471733131f,-0.05594740975811334f,0.9828798727111749f,0.17554783724279316f,0.5913481806451064f,0.14969888644131543f,0.18209345605387622f,-0.9718190246442928f,-0.20136624930910801f,0f,0f,0f,1f],start_interpolation:0}
execute if entity @s[tag=aj.heiloang_aj.bone.leg_right_0] run data modify entity @s {} merge value {transformation:[-0.919961169867312f,0.3724169393141861f,-0.1223808369321775f,-0.21734176002246466f,0.37604177332540195f,0.7501882358768592f,-0.5438843585416416f,1.0891505877617655f,-0.11074308398565386f,-0.5463727976975241f,-0.8301883733740955f,-0.652484279034649f,0f,0f,0f,1f],start_interpolation:0}
execute if entity @s[tag=aj.heiloang_aj.bone.leg_left_3] run data modify entity @s {} merge value {transformation:[-0.7645814181686771f,-0.5114632728712407f,0.39219966279308976f,0.9804411071429457f,-0.19939034709921577f,0.7663555221655702f,0.6106903496290004f,0.08090103443317653f,-0.6129100623050896f,0.3887216666847567f,-0.6879220314650463f,-0.4164186852524952f,0f,0f,0f,1f],start_interpolation:0}
execute if entity @s[tag=aj.heiloang_aj.bone.leg_left_2] run data modify entity @s {} merge value {transformation:[-0.7645814181686771f,-0.26726396528123053f,0.5865025386588942f,0.790225615940779f,-0.19939034709921577f,0.9634160889938304f,0.1790891648076074f,0.6583866673101227f,-0.6129100623050896f,0.019985302849476277f,-0.7898998944139605f,-0.36699843406108623f,0f,0f,0f,1f],start_interpolation:0}
execute if entity @s[tag=aj.heiloang_aj.bone.leg_left_1] run data modify entity @s {} merge value {transformation:[-0.8086925770540664f,-0.21533635141796909f,0.5473998278915053f,0.38779872139365545f,-0.07999228193871634f,0.9621990376074703f,0.2603348744549895f,0.5469215825178284f,-0.5827671495956938f,0.1667431191541502f,-0.7953484654960083f,0.20674013227398025f,0f,0f,0f,1f],start_interpolation:0}
execute if entity @s[tag=aj.heiloang_aj.bone.leg_left_0] run data modify entity @s {} merge value {transformation:[-0.8447344257738972f,0.02804361307156475f,0.5344504707438625f,0.4138251319779173f,-0.29834799021569813f,0.8043834137074372f,-0.5137662897530585f,1.0891505877617655f,-0.44431095715354313f,-0.5934482955728009f,-0.6711236054819112f,-0.288079904034649f,0f,0f,0f,1f],start_interpolation:0}
execute if entity @s[tag=aj.heiloang_aj.bone.tail_4] run data modify entity @s {} merge value {transformation:[-1.3298377817454028f,-0.12636164140394948f,-0.8369101346690934f,-0.6426987501061698f,-0.07455050204922463f,1.5701049822126627f,-0.11860409420781001f,-0.20828197895502398f,0.8431061976846977f,-0.06047680630081401f,-1.3305520880495358f,-4.182289290959272f,0f,0f,0f,1f],start_interpolation:0}
execute if entity @s[tag=aj.heiloang_aj.bone.tail_3] run data modify entity @s {} merge value {transformation:[-0.8096929508359801f,-0.17841029065524341f,-0.5590770014540346f,0.1090635370629876f,-0.022890090099197194f,0.9615446588600286f,-0.2736930996444764f,0.13236326836563606f,0.5864071700975131f,-0.20881005053891022f,-0.7826397598206752f,-3.130982184796641f,0f,0f,0f,1f],start_interpolation:0}
execute if entity @s[tag=aj.heiloang_aj.bone.tail_2] run data modify entity @s {} merge value {transformation:[-0.9766604826687899f,-0.07751626412215247f,-0.2003135801430124f,0.26449284816945456f,-0.044344807956268675f,0.98528445461502f,-0.16506992912491325f,0.27961416985625953f,0.21016146078786194f,-0.15233440941076618f,-0.9657258348563453f,-2.3776020057640572f,0f,0f,0f,1f],start_interpolation:0}
execute if entity @s[tag=aj.heiloang_aj.bone.tail_1] run data modify entity @s {} merge value {transformation:[-0.9905160623032513f,0.031171746923870654f,-0.1338142463005181f,0.36959320991437944f,0.06165261499431182f,0.971206723322952f,-0.23012269691766135f,0.47585421703216424f,0.1227879692137008f,-0.23619022580540633f,-0.9639176789800914f,-1.6283031536338222f,0f,0f,0f,1f],start_interpolation:0}
execute if entity @s[tag=aj.heiloang_aj.bone.tail_ring] run data modify entity @s {} merge value {transformation:[-0.9526708744733517f,0.2555852698860086f,0.1646036899570465f,0.4011749718343962f,0.13439958936765928f,0.8397596634836951f,-0.5260612682602243f,0.42630041328660473f,-0.27268105051136926f,-0.47904058012139983f,-0.8343651282795614f,-1.7630651238985224f,0f,0f,0f,1f],start_interpolation:0}
execute if entity @s[tag=aj.heiloang_aj.bone.tail_0] run data modify entity @s {} merge value {transformation:[-0.9526708744733517f,0.2555852698860086f,0.1646036899570465f,0.16546480867873625f,0.13439958936765928f,0.8397596634836951f,-0.5260612682602243f,1.1421799796233185f,-0.27268105051136926f,-0.47904058012139983f,-0.8343651282795614f,-0.5867159554962349f,0f,0f,0f,1f],start_interpolation:0}
execute if entity @s[tag=aj.heiloang_aj.bone.body_1] run data modify entity @s {} merge value {transformation:[-0.8660254037844386f,0.062490708317162f,0.49607954137821425f,-0.0018960387843347866f,0f,0.9921590827564285f,-0.124981416634324f,1.256202498268698f,-0.5f,-0.10823708180629159f,-0.8592349702625343f,-0.290739714492411f,0f,0f,0f,1f],start_interpolation:0}