execute if entity @s[tag=aj.heiloang_aj.bone.head_lower] run data modify entity @s {} merge value {transformation:[-0.7809152333273937f,-0.03196451045002783f,-0.1707327397686576f,-0.600273983792583f,-0.102221287862306f,0.7203243112354987f,0.33269159134380955f,-0.0810157536682401f,0.1404357741638279f,0.34657056527465646f,-0.7072246012549418f,2.5370119619857396f,0f,0f,0f,1f],start_interpolation:0}
execute if entity @s[tag=aj.heiloang_aj.bone.horne_right] run data modify entity @s {} merge value {transformation:[-0.5407634841487609f,-0.5657609710463359f,-0.16579920944322935f,-1.0070673413126112f,-0.5850321407841191f,0.4871439034098076f,0.2458215035756783f,0.37168006838326995f,-0.07288517312076404f,0.28741144899144744f,-0.7430224831913184f,2.5417687288436244f,0f,0f,0f,1f],start_interpolation:0}
execute if entity @s[tag=aj.heiloang_aj.bone.horne_left] run data modify entity @s {} merge value {transformation:[-0.6107387228553943f,0.4893963981814352f,-0.16579920944322935f,-0.3431332099376611f,0.4343012630232751f,0.6252633055890785f,0.2458215035756783f,0.45858860732380247f,0.2799654002575142f,0.0976573813434345f,-0.7430224831913184f,2.422370233649538f,0f,0f,0f,1f],start_interpolation:0}
execute if entity @s[tag=aj.heiloang_aj.bone.head_upper] run data modify entity @s {} merge value {transformation:[-1.1438651108971332f,-0.07585810090280327f,-0.24285853701220628f,-0.6563534403057604f,-0.14973118692850929f,1.1050294022403813f,0.36007319290006423f,0.11066345024194346f,0.20570681110082104f,0.3825149423377959f,-1.0883607578165635f,2.3683597298264973f,0f,0f,0f,1f],start_interpolation:0}
execute if entity @s[tag=aj.heiloang_aj.bone.neck_0] run data modify entity @s {} merge value {transformation:[-0.9679161673091626f,-0.231105363231248f,-0.09863368667597236f,-0.6825531192056945f,-0.23817704164753195f,0.7187574512033121f,0.6531917200728655f,0.34300574034720416f,-0.08006241248907527f,0.65572710591028f,-0.7507409491169091f,2.0039548784824333f,0f,0f,0f,1f],start_interpolation:0}
execute if entity @s[tag=aj.heiloang_aj.bone.neck_1] run data modify entity @s {} merge value {transformation:[-0.9795944158446688f,-0.17594356274589695f,-0.09715267970685526f,-0.7201486892871157f,-0.18067221703630393f,0.5591174222829545f,0.8091633074298733f,0.6448160984219583f,-0.088047319306887f,0.8102046474983622f,-0.5794964182244148f,1.8029227954506344f,0f,0f,0f,1f],start_interpolation:0}
execute if entity @s[tag=aj.heiloang_aj.bone.neck_2] run data modify entity @s {} merge value {transformation:[-0.9837646669776292f,-0.15854006025160527f,0.08409595294549854f,-0.6803723478281343f,-0.07392415939104569f,0.7849806893282185f,0.6150939245677222f,0.8705718735018859f,-0.16353072697423388f,0.5988909472326431f,-0.7839562071047502f,1.4615840987894502f,0f,0f,0f,1f],start_interpolation:0}
execute if entity @s[tag=aj.heiloang_aj.bone.neck_3] run data modify entity @s {} merge value {transformation:[-0.9601842952646626f,-0.06338958907795264f,0.2720806481976093f,-0.5380355542493624f,0.059738124248788216f,0.9048026456285337f,0.42162012401549664f,1.0668493606127034f,-0.2729056167218609f,0.42108660921493885f,-0.8649905154980174f,1.0037543684188248f,0f,0f,0f,1f],start_interpolation:0}
execute if entity @s[tag=aj.heiloang_aj.bone.wing_right_2] run data modify entity @s {} merge value {transformation:[-1.5647988887771525f,-1.6529458312572383f,-0.5939280452480012f,-3.5424063250438076f,-1.7527289349493673f,1.5210142204733548f,0.3847506049769095f,-1.7857240151182179f,0.1136737638773916f,0.698471063372103f,-2.243388609973492f,0.78791605114248f,0f,0f,0f,1f],start_interpolation:0}
execute if entity @s[tag=aj.heiloang_aj.bone.wing_right_1] run data modify entity @s {} merge value {transformation:[-2.027020173044831f,-2.5229453052864153f,-0.8444850368730833f,-2.202431500960259f,-2.6593077316618223f,1.9534643854372393f,0.5470631188921112f,-0.05295047039093714f,0.08056289029668388f,1.0029669258064f,-3.189793996380566f,0.7837003428073294f,0f,0f,0f,1f],start_interpolation:0}
execute if entity @s[tag=aj.heiloang_aj.bone.wing_right_0] run data modify entity @s {} merge value {transformation:[-1.5468240510502056f,-1.4904909150487557f,-0.56051064864974f,-0.7681831184284249f,-1.5864576942445696f,1.509870356660545f,0.3631025894288887f,1.425565926550384f,0.13743121721368468f,0.6535505628754986f,-2.1171642171310854f,0.6389006886308983f,0f,0f,0f,1f],start_interpolation:0}
execute if entity @s[tag=aj.heiloang_aj.bone.wing_left_2] run data modify entity @s {} merge value {transformation:[-1.3431325197856498f,1.8192128326825132f,0.6481016201326163f,3.004929131129522f,1.9310203227179272f,1.2761722759678609f,0.419667537012777f,-1.4930287390847563f,-0.027047252459557723f,0.771637866991558f,-2.222030480142006f,1.1559746758728007f,0f,0f,0f,1f],start_interpolation:0}
execute if entity @s[tag=aj.heiloang_aj.bone.wing_left_1] run data modify entity @s {} merge value {transformation:[-2.46128384933508f,2.068843950041601f,0.9215125046783422f,1.3794621393342226f,2.2456645760933474f,2.4058566573846143f,0.5967102552308101f,-0.03183016485967993f,-0.2937536341592651f,1.057807745951217f,-3.1594256357641695f,1.0117171147267925f,0f,0f,0f,1f],start_interpolation:0}
execute if entity @s[tag=aj.heiloang_aj.bone.wing_left_0] run data modify entity @s {} merge value {transformation:[-1.6081833076566379f,1.4028712257927927f,0.6116361441389648f,-0.11144826645699168f,1.519538395123536f,1.5692493643460432f,0.3960549182183311f,1.384706991053251f,-0.18207008189140575f,0.7055556366029302f,-2.0970078037379567f,0.8255592610361077f,0f,0f,0f,1f],start_interpolation:0}
execute if entity @s[tag=aj.heiloang_aj.bone.kazari_right] run data modify entity @s {} merge value {transformation:[-2.5234531450028457f,0.7331821365975539f,-0.038708760064649315f,-1.9670044742093653f,0.15699731630230845f,0.4034947899901064f,-2.5921832469331645f,4.252657679890348f,-0.7172212045145974f,-2.491286032871644f,-0.43122828614267006f,-2.567642065743289f,0f,0f,0f,1f],start_interpolation:0}
execute if entity @s[tag=aj.heiloang_aj.bone.kazari_left] run data modify entity @s {} merge value {transformation:[-2.5234531450028457f,0.7331821365975539f,-0.038708760064649315f,2.9050510553982614f,0.15699731630230845f,0.4034947899901064f,-2.5921832469331645f,3.9495414343840904f,-0.7172212045145974f,-2.491286032871644f,-0.43122828614267006f,-1.1828961106511662f,0f,0f,0f,1f],start_interpolation:0}
execute if entity @s[tag=aj.heiloang_aj.bone.ring] run data modify entity @s {} merge value {transformation:[-2.1152243906424393f,-0.5484586864564677f,-0.2791865545935107f,-0.44252395471148337f,0.1315992545237745f,-1.37932488798613f,1.7126210250300167f,3.1017661364755784f,-0.60119356219452f,1.6277537308869923f,1.3571699886688355f,1.1131452034597418f,0f,0f,0f,1f],start_interpolation:0}
execute if entity @s[tag=aj.heiloang_aj.bone.body_0] run data modify entity @s {} merge value {transformation:[-1.0836275886478361f,-0.07882261483063957f,0.3052713881945211f,-0.2592960182655652f,0.06741818195663796f,1.009519025392061f,0.4999785015886172f,1.6422223616446767f,-0.30799093136099154f,0.4983078453129127f,-0.964615598793978f,0.14899137783626648f,0f,0f,0f,1f],start_interpolation:0}
execute if entity @s[tag=aj.heiloang_aj.bone.leg_right_3] run data modify entity @s {} merge value {transformation:[-0.8809531358177822f,-0.014262664951539356f,0.4729885293337419f,-0.7425818396657997f,0.21318727034279195f,0.8803987136930215f,0.4236145567511372f,0.22006781637335815f,-0.4224603653085166f,0.4740197056200861f,-0.7725493889889767f,-0.6964089438108078f,0f,0f,0f,1f],start_interpolation:0}
execute if entity @s[tag=aj.heiloang_aj.bone.leg_right_2] run data modify entity @s {} merge value {transformation:[-0.9634206644477614f,0.11879376760107722f,-0.24022627686032821f,-0.6590000511868652f,0.15551556115000606f,0.9778423545435706f,-0.14014007243070936f,0.8213877158870678f,0.2182556609924072f,-0.17237276594586218f,-0.9605478103691352f,-0.7559271224109235f,0f,0f,0f,1f],start_interpolation:0}
execute if entity @s[tag=aj.heiloang_aj.bone.leg_right_1] run data modify entity @s {} merge value {transformation:[-0.9749257925040691f,-0.004836364976946186f,-0.22247765884268578f,-0.5023764968845063f,0.025247119553325374f,0.9909045394753149f,-0.13217706533840906f,0.9890453343202383f,0.22109337860861594f,-0.13447975022665587f,-0.9659362891590744f,-0.08443043716085796f,0f,0f,0f,1f],start_interpolation:0}
execute if entity @s[tag=aj.heiloang_aj.bone.leg_right_0] run data modify entity @s {} merge value {transformation:[-0.9112797517077638f,0.35852648749430205f,-0.20255362720137704f,-0.2212207504924971f,0.39210798359759913f,0.6052488115040415f,-0.6927663425513468f,1.3703467093999286f,-0.12577974131974268f,-0.7107268349639987f,-0.6921320847465426f,-0.6457656704584772f,0f,0f,0f,1f],start_interpolation:0}
execute if entity @s[tag=aj.heiloang_aj.bone.leg_left_3] run data modify entity @s {} merge value {transformation:[-0.7926477295250056f,-0.46118884535753457f,0.39876612919935633f,0.9413844716415063f,-0.2003113222783806f,0.8147463321138138f,0.5441174399650999f,0.18933504073055618f,-0.5758341350128005f,0.35141608276354025f,-0.7381881777224476f,-0.3646500324306836f,0f,0f,0f,1f],start_interpolation:0}
execute if entity @s[tag=aj.heiloang_aj.bone.leg_left_2] run data modify entity @s {} merge value {transformation:[-0.7926477295250056f,-0.17561893530118722f,0.5838386476095352f,0.8070317314395895f,-0.2003113222783806f,0.9794699212405065f,0.022672616792128175f,0.7839637052328022f,-0.5758341350128005f,-0.09897809327721643f,-0.8115530703566255f,-0.3865599172524296f,0f,0f,0f,1f],start_interpolation:0}
execute if entity @s[tag=aj.heiloang_aj.bone.leg_left_1] run data modify entity @s {} merge value {transformation:[-0.8218415721547285f,-0.09736030322999983f,0.5613353735808982f,0.4036282720846831f,-0.07326680196083274f,0.9951698185854012f,0.06533764540547504f,0.8125694703831462f,-0.5649853148610822f,0.012569945571162144f,-0.825005206322761f,0.1965311324674835f,0f,0f,0f,1f],start_interpolation:0}
execute if entity @s[tag=aj.heiloang_aj.bone.leg_left_0] run data modify entity @s {} merge value {transformation:[-0.8514554848426763f,0.0023231311670080246f,0.5244217390544597f,0.4099461415078849f,-0.2963451572707425f,0.822893998617101f,-0.48479378585346705f,1.3703467093999286f,-0.43266974136574626f,-0.5681901707188705f,-0.6999691598956048f,-0.2813612954584772f,0f,0f,0f,1f],start_interpolation:0}
execute if entity @s[tag=aj.heiloang_aj.bone.tail_4] run data modify entity @s {} merge value {transformation:[-1.54532506982358f,-0.17784954053862814f,0.25533180998970983f,-0.06933420275871016f,-0.0851473273421173f,1.4858070544530209f,0.5195976263146386f,1.412325240818944f,-0.29929036888766886f,0.4955817808954555f,-1.4661781396621782f,-4.6221097514187175f,0f,0f,0f,1f],start_interpolation:0}
execute if entity @s[tag=aj.heiloang_aj.bone.tail_3] run data modify entity @s {} merge value {transformation:[-0.9642485581049588f,-0.20494840308061577f,-0.16799068506084996f,0.16050426282220898f,-0.2202415137527073f,0.9723278860784587f,0.07792405003663645f,1.2828160164473381f,0.14737161806950547f,0.1121366756636812f,-0.982703908692071f,-3.311829631390151f,0f,0f,0f,1f],start_interpolation:0}
execute if entity @s[tag=aj.heiloang_aj.bone.tail_2] run data modify entity @s {} merge value {transformation:[-0.9593088622325593f,-0.2708789313842326f,0.07969386032944425f,0.0931550121078642f,-0.24960318800580097f,0.9454928635580417f,0.209144671216255f,1.136329893502216f,-0.13200286125464689f,0.18074249498374984f,-0.9746319280259783f,-2.545390666362457f,0f,0f,0f,1f],start_interpolation:0}
execute if entity @s[tag=aj.heiloang_aj.bone.tail_1] run data modify entity @s {} merge value {transformation:[-0.9555318471804097f,-0.17316584858991577f,-0.2386890820840548f,0.27676254387562516f,-0.1965392877178621f,0.977412777967773f,0.07769536568339469f,1.092119362145428f,0.21984357486028472f,0.12115217846764192f,-0.9679829297282029f,-1.7868798126803858f,0f,0f,0f,1f],start_interpolation:0}
execute if entity @s[tag=aj.heiloang_aj.bone.tail_ring] run data modify entity @s {} merge value {transformation:[-0.9843676827800376f,0.1501786569111184f,0.09201432555114375f,0.29464348360886444f,0.1227587334885655f,0.9596483261475048f,-0.25299285261559357f,1.085525884613637f,-0.1262955203106692f,-0.23774242602166046f,-0.9630825408129837f,-1.9326555782573294f,0f,0f,0f,1f],start_interpolation:0}
execute if entity @s[tag=aj.heiloang_aj.bone.tail_0] run data modify entity @s {} merge value {transformation:[-0.9843676827800376f,0.1501786569111184f,0.09201432555114375f,0.16271519777024387f,0.1227587334885655f,0.9596483261475048f,-0.25299285261559357f,1.4172471469426493f,-0.1262955203106692f,-0.23774242602166046f,-0.9630825408129837f,-0.5819534897016805f,0f,0f,0f,1f],start_interpolation:0}
execute if entity @s[tag=aj.heiloang_aj.bone.body_1] run data modify entity @s {} merge value {transformation:[-0.8660254037844386f,0.0848416542578755f,0.49274932136207666f,-0.0018960387843347866f,0f,0.9854986427241533f,-0.169683308515751f,1.5465158639196677f,-0.5f,-0.14695005577283274f,-0.853466859994201f,-0.290739714492411f,0f,0f,0f,1f],start_interpolation:0}