execute if entity @s[tag=aj.heiloang_aj.bone.head_lower] run data modify entity @s {} merge value {transformation:[-0.7960740979981064f,-0.018879186291595483f,-0.07687396712456465f,-0.6458627952299668f,-0.061595609566994974f,0.63571859816387f,0.481734205585024f,-0.3032498842540484f,0.04971932600681277f,0.4852890275635038f,-0.6340524807521039f,2.3759184792597474f,0f,0f,0f,1f],start_interpolation:0}
execute if entity @s[tag=aj.heiloang_aj.bone.horne_right] run data modify entity @s {} merge value {transformation:[-0.5653480983230466f,-0.5613695305536149f,-0.07242774253370682f,-1.0222581933717347f,-0.5248881129319313f,0.4816418248676943f,0.364024204471177f,0.17366805977915686f,-0.2118348333614447f,0.3047710660547212f,-0.7086893541394549f,2.4121503543573777f,0f,0f,0f,1f],start_interpolation:0}
execute if entity @s[tag=aj.heiloang_aj.bone.horne_left] run data modify entity @s {} merge value {transformation:[-0.6085066834280848f,0.5142701997343652f,-0.07242774253370682f,-0.34543599525374474f,0.4340620189704308f,0.5648686061788528f,0.364024204471177f,0.22603664703301604f,0.28514869789403924f,0.23759128649581457f,-0.7086893541394549f,2.3698789833863856f,0f,0f,0f,1f],start_interpolation:0}
execute if entity @s[tag=aj.heiloang_aj.bone.head_upper] run data modify entity @s {} merge value {transformation:[-1.1660694368951763f,-0.04678695441748949f,-0.10609034656981041f,-0.6722329160166112f,-0.09022370900349508f,1.0395696708028506f,0.5332135541042684f,-0.0851987870775607f,0.07282762575162918f,0.5387652483625766f,-1.0380704487096202f,2.2341872765675466f,0f,0f,0f,1f],start_interpolation:0}
execute if entity @s[tag=aj.heiloang_aj.bone.neck_0] run data modify entity @s {} merge value {transformation:[-0.958617338816715f,-0.28396053762870993f,0.020474637715317635f,-0.6430726062158393f,-0.23425349223848485f,0.827593258777206f,0.5101124379983285f,0.05410405683746966f,-0.1617964742941998f,0.48420637242413334f,-0.859863994949101f,1.830314871243583f,0f,0f,0f,1f],start_interpolation:0}
execute if entity @s[tag=aj.heiloang_aj.bone.neck_1] run data modify entity @s {} merge value {transformation:[-0.958617338816715f,-0.28135157603870037f,-0.043521125680512f,-0.6599718019933923f,-0.23425349223848485f,0.6926175861410027f,0.6822068460095405f,0.2976346990462061f,-0.1617964742941998f,0.6641702869210202f,-0.7298628164780119f,1.5706025289112675f,0f,0f,0f,1f],start_interpolation:0}
execute if entity @s[tag=aj.heiloang_aj.bone.neck_2] run data modify entity @s {} merge value {transformation:[-0.9716276131424995f,-0.23376509894913267f,0.035967483819576374f,-0.6373972290436118f,-0.11257497856074239f,0.5908302789668254f,0.7989032830437185f,0.6052229791457275f,-0.20800638351035688f,0.7721874513156023f,-0.600383114727302f,1.2986838429742589f,0f,0f,0f,1f],start_interpolation:0}
execute if entity @s[tag=aj.heiloang_aj.bone.neck_3] run data modify entity @s {} merge value {transformation:[-0.961280674940308f,-0.1523897898490018f,0.22960142842779271f,-0.5148881805837981f,0.04959874012916467f,0.7238999806323986f,0.688119744679669f,0.9437948041114669f,-0.2710708928747337f,0.6728641541872997f,-0.6883127203865292f,0.9261877636003917f,0f,0f,0f,1f],start_interpolation:0}
execute if entity @s[tag=aj.heiloang_aj.bone.wing_right_2] run data modify entity @s {} merge value {transformation:[-0.5948468075967969f,2.2080461480943807f,-0.5516026556303676f,-4.030868993962495f,2.1350857596132844f,0.7388356044543183f,0.6550624054303487f,3.4661918058115693f,0.7881256758344265f,-0.3350077070713402f,-2.190936731540721f,2.032179760102914f,0f,0f,0f,1f],start_interpolation:0}
execute if entity @s[tag=aj.heiloang_aj.bone.wing_right_1] run data modify entity @s {} merge value {transformation:[-2.169108360321621f,2.4222004055269846f,-0.7843040797724802f,-2.5987820804443555f,2.237372090521306f,2.3051812711649466f,0.9314097962372324f,1.9871732975031087f,1.215053012275254f,0.07939316995353722f,-3.115214547158118f,1.2840582573425963f,0f,0f,0f,1f],start_interpolation:0}
execute if entity @s[tag=aj.heiloang_aj.bone.wing_right_0] run data modify entity @s {} merge value {transformation:[-1.9808962827059042f,0.85642292615717f,-0.5205666995825989f,-0.760471582038721f,0.707190741149778f,2.011492850314889f,0.6182052804401719f,1.334352275772649f,0.7101627790823435f,0.3857930594042276f,-2.067663546740999f,0.6069428139301988f,0f,0f,0f,1f],start_interpolation:0}
execute if entity @s[tag=aj.heiloang_aj.bone.wing_left_2] run data modify entity @s {} merge value {transformation:[-0.3235347959637379f,-2.2433995848485386f,0.6293326185914037f,2.586839162288701f,-2.167588454812078f,0.5228572542944684f,0.7495042284857674f,3.6576230647271233f,-0.8546704234306334f,-0.47681715641748895f,-2.139102585894339f,2.3732331807787594f,0f,0f,0f,1f],start_interpolation:0}
execute if entity @s[tag=aj.heiloang_aj.bone.wing_left_1] run data modify entity @s {} merge value {transformation:[-1.2519126816758073f,-2.9697172720579506f,0.8948255329392261f,1.7535752875249322f,-2.793742211169761f,1.4988399305125628f,1.0656932453240893f,1.8122959935247875f,-1.3471962989436923f,-0.3485354496199447f,-3.041513430082241f,1.5374737812009074f,0f,0f,0f,1f],start_interpolation:0}
execute if entity @s[tag=aj.heiloang_aj.bone.wing_left_0] run data modify entity @s {} merge value {transformation:[-2.0011512348256786f,-0.7556778346212774f,0.5939231815797036f,-0.10298684200148589f,-0.5564166481539604f,2.0294038720072254f,0.7073333287348988f,1.3004283494833544f,-0.7837054606245717f,0.4887442424665253f,-2.0187458523655346f,0.7923464948524982f,0f,0f,0f,1f],start_interpolation:0}
execute if entity @s[tag=aj.heiloang_aj.bone.kazari_right] run data modify entity @s {} merge value {transformation:[-2.5263345322055617f,0.719595414120181f,0.08177077668190011f,-1.958368417492622f,0.1303500769429067f,0.7436814534836397f,-2.51730350608378f,4.428033938437709f,-0.712399380532391f,-2.4157794858550137f,-0.7505776354884278f,-2.676701269864731f,0f,0f,0f,1f],start_interpolation:0}
execute if entity @s[tag=aj.heiloang_aj.bone.kazari_left] run data modify entity @s {} merge value {transformation:[-2.5263345322055617f,0.719595414120181f,0.08177077668190011f,2.9192502344110265f,0.1303500769429067f,0.7436814534836397f,-2.51730350608378f,4.176365777127842f,-0.712399380532391f,-2.4157794858550137f,-0.7505776354884278f,-1.3012648572310541f,0f,0f,0f,1f],start_interpolation:0}
execute if entity @s[tag=aj.heiloang_aj.bone.ring] run data modify entity @s {} merge value {transformation:[-2.117639644716857f,-0.4881011945983853f,-0.36095130521875357f,-0.5134927264938498f,0.10926284191872482f,-1.5948918584464304f,1.5156872622744977f,2.9514405827957004f,-0.5971517832874123f,1.4390981444908288f,1.5573479264518069f,1.2885847629873233f,0f,0f,0f,1f],start_interpolation:0}
execute if entity @s[tag=aj.heiloang_aj.bone.body_0] run data modify entity @s {} merge value {transformation:[-1.084864921178707f,-0.1264102600796044f,0.2841494762975968f,-0.26097126906955204f,0.055975257490878685f,0.9349239632035593f,0.6296319000132168f,1.6332608339504755f,-0.30592033159373627f,0.6193464338413762f,-0.8924545487268368f,0.15189299734419237f,0f,0f,0f,1f],start_interpolation:0}
execute if entity @s[tag=aj.heiloang_aj.bone.leg_right_3] run data modify entity @s {} merge value {transformation:[-0.8796148225496637f,-0.18342376569002475f,0.43890031457156026f,-0.6537767455827164f,0.14808279151597178f,0.7712330849288882f,0.6190888591857449f,0.3428638097975981f,-0.45205005343187454f,0.6095533207941376f,-0.6512261498904034f,-0.8727488494658262f,0f,0f,0f,1f],start_interpolation:0}
execute if entity @s[tag=aj.heiloang_aj.bone.leg_right_2] run data modify entity @s {} merge value {transformation:[-0.9815220013135727f,0.03905969728776268f,-0.1873203165307691f,-0.6211839437669389f,0.06457656605543743f,0.9891283377814144f,-0.1321173664370574f,0.9506691767610608f,0.18012336898328024f,-0.1417726047075537f,-0.9733735667771899f,-0.9130514010053811f,0f,0f,0f,1f],start_interpolation:0}
execute if entity @s[tag=aj.heiloang_aj.bone.leg_right_1] run data modify entity @s {} merge value {transformation:[-0.9886779391005881f,-0.02943478155838429f,-0.14713778022800295f,-0.5195690384654202f,-0.05903800312812376f,0.9777912809945956f,0.20109382138094478f,0.8821768308897682f,0.13795088590675145f,0.20750374561814044f,-0.9684584392899802f,-0.21410145811932357f,0f,0f,0f,1f],start_interpolation:0}
execute if entity @s[tag=aj.heiloang_aj.bone.leg_right_0] run data modify entity @s {} merge value {transformation:[-0.9188079146310902f,0.3780679272653225f,-0.11338720555940152f,-0.21785448914424968f,0.3782612555975294f,0.7613609369945309f,-0.5265433943490228f,1.389230292258393f,-0.11274058064888492f,-0.5266822248681957f,-0.8425529036700542f,-0.6515962061451972f,0f,0f,0f,1f],start_interpolation:0}
execute if entity @s[tag=aj.heiloang_aj.bone.leg_left_3] run data modify entity @s {} merge value {transformation:[-0.7646395127556999f,-0.5136661947495271f,0.3891959094135841f,0.981540291495476f,-0.19906785908689786f,0.7626349919336655f,0.6154346891075422f,0.39090903671251687f,-0.6129424141069737f,0.39310928435980624f,-0.685395278316707f,-0.4196969130045639f,0f,0f,0f,1f],start_interpolation:0}
execute if entity @s[tag=aj.heiloang_aj.bone.leg_left_2] run data modify entity @s {} merge value {transformation:[-0.7646395127556999f,-0.27379164508063475f,0.5834077053114447f,0.7875007739345576f,-0.19906785908689786f,0.961341607245595f,0.1902480004021463f,0.9666065562377023f,-0.6129424141069737f,0.029333415459094236f,-0.789582894778135f,-0.364606241038564f,0f,0f,0f,1f],start_interpolation:0}
execute if entity @s[tag=aj.heiloang_aj.bone.leg_left_1] run data modify entity @s {} merge value {transformation:[-0.8093861446599945f,-0.22061386124061635f,0.5442642676686911f,0.3868902249718475f,-0.08016926255753787f,0.9595895987976639f,0.269741897413655f,0.8483077084988143f,-0.5817791317789004f,0.17469208942549264f,-0.7943649763923034f,0.2090350961803119f,0f,0f,0f,1f],start_interpolation:0}
execute if entity @s[tag=aj.heiloang_aj.bone.leg_left_0] run data modify entity @s {} merge value {transformation:[-0.8456463553842262f,0.028767241258865206f,0.5329678109001793f,0.4133124028561323f,-0.2981125725727051f,0.8028210225008998f,-0.5163402946746392f,1.389230292258393f,-0.4427314487355271f,-0.5955256935355215f,-0.6703267954062239f,-0.2871918311451972f,0f,0f,0f,1f],start_interpolation:0}
execute if entity @s[tag=aj.heiloang_aj.bone.tail_4] run data modify entity @s {} merge value {transformation:[-1.408950557776451f,-0.0016520114899583494f,0.706901662388156f,0.3380369015338544f,-0.023434649225884494f,1.5755805011906798f,-0.043026331136400024f,0.2831884465964242f,-0.7065150434667058f,-0.048966507057747355f,-1.4082944075119652f,-4.443717148179126f,0f,0f,0f,1f],start_interpolation:0}
execute if entity @s[tag=aj.heiloang_aj.bone.tail_3] run data modify entity @s {} merge value {transformation:[-0.9792531122781045f,0.05035823415467418f,0.19628395335958765f,0.07442437906893323f,0.019783806510965358f,0.98776067383255f,-0.15471733008878905f,0.46415975555364525f,-0.20167286156938038f,-0.147624183258332f,-0.9682639915971926f,-3.1459536197449234f,0f,0f,0f,1f],start_interpolation:0}
execute if entity @s[tag=aj.heiloang_aj.bone.tail_2] run data modify entity @s {} merge value {transformation:[-0.9919602286105664f,0.11182438709141423f,0.05924703626766531f,0.030076981223511434f,0.1023052142906082f,0.984174971138253f,-0.14468334152199908f,0.5954276886880664f,-0.07448857619679183f,-0.13745883979085582f,-0.9877026472474024f,-2.3750938199531864f,0f,0f,0f,1f],start_interpolation:0}
execute if entity @s[tag=aj.heiloang_aj.bone.tail_1] run data modify entity @s {} merge value {transformation:[-0.9471020593042886f,0.18050194152198756f,-0.26536152390346385f,0.24050164974704186f,0.2387704048686005f,0.9487977949598935f,-0.20681256740858023f,0.7730727459468443f,0.21444435879840795f,-0.25923308698165215f,-0.9417068671266569f,-1.6435415631276802f,0f,0f,0f,1f],start_interpolation:0}
execute if entity @s[tag=aj.heiloang_aj.bone.tail_ring] run data modify entity @s {} merge value {transformation:[-0.9493108899562763f,0.3081178533636473f,0.06222718577117686f,0.25900043826832675f,0.23070756937229336f,0.8174114388962741f,-0.5278376237024519f,0.722570536415992f,-0.21350140899945153f,-0.4867257215312343f,-0.8470627015487981f,-1.7803666245637952f,0f,0f,0f,1f],start_interpolation:0}
execute if entity @s[tag=aj.heiloang_aj.bone.tail_0] run data modify entity @s {} merge value {transformation:[-0.9493108899562763f,0.3081178533636473f,0.06222718577117686f,0.1651129744205015f,0.23070756937229336f,0.8174114388962741f,-0.5278376237024519f,1.4414364797397872f,-0.21350140899945153f,-0.4867257215312343f,-0.8470627015487981f,-0.586106560685129f,0f,0f,0f,1f],start_interpolation:0}
execute if entity @s[tag=aj.heiloang_aj.bone.body_1] run data modify entity @s {} merge value {transformation:[-0.8660254037844386f,0.06552333892100204f,0.4956880995713368f,-0.0018960387843347866f,0f,0.9913761991426736f,-0.13104667784200408f,1.5575361737060547f,-0.5f,-0.11348975209273082f,-0.8585569731648159f,-0.290739714492411f,0f,0f,0f,1f],start_interpolation:0}