execute if entity @s[tag=aj.heiloang_aj.bone.head_lower] run data modify entity @s {} merge value {transformation:[-0.7961896441888289f,-0.014914953811185062f,-0.07654798912627576f,-0.6516692442219857f,-0.05403124655549062f,0.6717359995155261f,0.43110482640598835f,-0.41949665865261754f,0.05623766426627266f,0.4342214770225993f,-0.6695438999872871f,2.420619589643444f,0f,0f,0f,1f],start_interpolation:0}
execute if entity @s[tag=aj.heiloang_aj.bone.horne_right] run data modify entity @s {} merge value {transformation:[-0.5681090388420017f,-0.558527522690653f,-0.07279509861975185f,-1.0259628122187971f,-0.5373348241277944f,0.5064217001609119f,0.3079096432164543f,0.06044213078765864f,-0.16888874078981636f,0.2675519912151165f,-0.734773791878328f,2.420388931739591f,0f,0f,0f,1f],start_interpolation:0}
execute if entity @s[tag=aj.heiloang_aj.bone.horne_left] run data modify entity @s {} merge value {transformation:[-0.6059161220846786f,0.5172683313472859f,-0.07279509861975185f,-0.34904237672945493f,0.45766279699786777f,0.5794276623172256f,0.3079096432164543f,0.10637949660913676f,0.25181425146713515f,0.19156476066017467f,-0.734773791878328f,2.372575669580406f,0f,0f,0f,1f],start_interpolation:0}
execute if entity @s[tag=aj.heiloang_aj.bone.head_upper] run data modify entity @s {} merge value {transformation:[-1.166238686066692f,-0.04098554843789043f,-0.10662844058074702f,-0.6775034794776242f,-0.07914361917331877f,1.0786476950487984f,0.4510183476423819f,-0.2130603460523628f,0.08237552467562954f,0.4560717566185842f,-1.076278280998578f,2.26236018488178f,0f,0f,0f,1f],start_interpolation:0}
execute if entity @s[tag=aj.heiloang_aj.bone.neck_0] run data modify entity @s {} merge value {transformation:[-0.9605587474361045f,-0.27731024305922863f,0.020637873398536184f,-0.6488729208890702f,-0.23034208981173726f,0.8350518334384105f,0.4996308208390583f,-0.07879044715806077f,-0.15578643838647857f,0.4751709845577494f,-0.8659925640842853f,1.8567490273201595f,0f,0f,0f,1f],start_interpolation:0}
execute if entity @s[tag=aj.heiloang_aj.bone.neck_1] run data modify entity @s {} merge value {transformation:[-0.9605587474361045f,-0.2747494586648597f,-0.04289088116778437f,-0.6679310501835993f,-0.23034208981173726f,0.699736553165472f,0.6762479410876359f,0.1763459994526802f,-0.15578643838647857f,0.659455450449438f,-0.7354244315273899f,1.5970203249060828f,0f,0f,0f,1f],start_interpolation:0}
execute if entity @s[tag=aj.heiloang_aj.bone.neck_2] run data modify entity @s {} merge value {transformation:[-0.9727067429144489f,-0.2283404633220551f,0.04125803071686121f,-0.643370224642953f,-0.10956984201143471f,0.6087344563705033f,0.785771475270576f,0.4779527644433711f,-0.20453860762788406f,0.7598045764781738f,-0.6171393388469651f,1.3186499631202628f,0f,0f,0f,1f],start_interpolation:0}
execute if entity @s[tag=aj.heiloang_aj.bone.neck_3] run data modify entity @s {} merge value {transformation:[-0.9611837098074871f,-0.1460271636202438f,0.2340981492574063f,-0.5186882021012265f,0.05110584405543481f,0.7395512725365839f,0.6711572900542027f,0.8073675035428569f,-0.2711347795914384f,0.657069237428253f,-0.703381794277728f,0.9387381316606664f,0f,0f,0f,1f],start_interpolation:0}
execute if entity @s[tag=aj.heiloang_aj.bone.wing_right_2] run data modify entity @s {} merge value {transformation:[-1.0882733106445295f,2.0489161995451433f,-0.38881822861240695f,-4.596554497266451f,1.9319109282484044f,1.1556407645815703f,0.6824885309459187f,2.4593263611167817f,0.7854663410829191f,-0.003582848003896845f,-2.2173420567307605f,1.639469081418342f,0f,0f,0f,1f],start_interpolation:0}
execute if entity @s[tag=aj.heiloang_aj.bone.wing_right_1] run data modify entity @s {} merge value {transformation:[-2.7783432053529564f,1.7783105190522055f,-0.552846727400402f,-2.7691119988289725f,1.5863480157577723f,2.7801134683148483f,0.9704060228047635f,1.4059517477600343f,0.9754628537624774f,0.5438745940220564f,-3.1527593342668743f,1.0487827877553184f,0f,0f,0f,1f],start_interpolation:0}
execute if entity @s[tag=aj.heiloang_aj.bone.wing_right_0] run data modify entity @s {} merge value {transformation:[-2.161114393756373f,0.3511959912096101f,-0.36694134797992434f,-0.7619444588496869f,0.2337895724384665f,2.1116090386034427f,0.6440882733812818f,1.193661000482219f,0.4509179669497142f,0.588360980900791f,-2.092583174747277f,0.6125979602534093f,0f,0f,0f,1f],start_interpolation:0}
execute if entity @s[tag=aj.heiloang_aj.bone.wing_left_2] run data modify entity @s {} merge value {transformation:[-0.772705842678315f,-2.1335347430841716f,0.6201057869948994f,3.142194662822072f,-2.020062800967812f,0.9479884867938492f,0.7444730454310601f,2.820514581703777f,-0.9251205149373156f,-0.28796412151529666f,-2.143549557132525f,2.2781314562838118f,0f,0f,0f,1f],start_interpolation:0}
execute if entity @s[tag=aj.heiloang_aj.bone.wing_left_1] run data modify entity @s {} merge value {transformation:[-1.9364611860896148f,-2.580684205687319f,0.881706231226942f,1.8609441473826092f,-2.353610515230067f,2.1277288972150847f,1.0585395861536495f,1.2634585000411214f,-1.3776263609073627f,-0.007585734762954456f,-3.047836419373789f,1.4225451462456593f,0f,0f,0f,1f],start_interpolation:0}
execute if entity @s[tag=aj.heiloang_aj.bone.wing_left_0] run data modify entity @s {} merge value {transformation:[-2.1181657486741106f,-0.3151137600932534f,0.5852154982087676f,-0.10452603981193442f,-0.11867658508911605f,2.102543666388743f,0.7025852254923721f,1.1587062640882335f,-0.653979915055065f,0.6390723348170166f,-2.0229426145039544f,0.7980453376136165f,0f,0f,0f,1f],start_interpolation:0}
execute if entity @s[tag=aj.heiloang_aj.bone.kazari_right] run data modify entity @s {} merge value {transformation:[-2.5260796988672336f,0.7222737924747505f,0.0641257532604356f,-1.9421452022715682f,0.1343108854682578f,0.6944594094546254f,-2.531117718167394f,4.234708640439992f,-0.7125672807334124f,-2.4295919175615324f,-0.7044154832938552f,-2.726158841922464f,0f,0f,0f,1f],start_interpolation:0}
execute if entity @s[tag=aj.heiloang_aj.bone.kazari_left] run data modify entity @s {} merge value {transformation:[-2.5260796988672336f,0.7222737924747505f,0.0641257532604356f,2.9349814404273173f,0.1343108854682578f,0.6944594094546254f,-2.531117718167394f,3.975393307588276f,-0.7125672807334124f,-2.4295919175615324f,-0.7044154832938552f,-1.3503982627377151f,0f,0f,0f,1f],start_interpolation:0}
execute if entity @s[tag=aj.heiloang_aj.bone.ring] run data modify entity @s {} merge value {transformation:[-2.1174260367511817f,-0.49744075669997934f,-0.3492648826406165f,-0.5034471537713676f,0.11258289516246267f,-1.5649500564847187f,1.5463449480013638f,2.821256794893948f,-0.5972925216249151f,1.4684720971357457f,1.5296266306941448f,1.2643033904838377f,0f,0f,0f,1f],start_interpolation:0}
execute if entity @s[tag=aj.heiloang_aj.bone.body_0] run data modify entity @s {} merge value {transformation:[-1.0847554900063998f,-0.11952964290953683f,0.28752489858196234f,-0.26088006240120454f,0.057676117837709956f,0.9469375742859094f,0.6112569605119945f,1.480814352962115f,-0.30599243171983787f,0.602224435579552f,-0.9040723073176967f,0.15173502276062534f,0f,0f,0f,1f],start_interpolation:0}
execute if entity @s[tag=aj.heiloang_aj.bone.leg_right_3] run data modify entity @s {} merge value {transformation:[-0.8799214052564478f,-0.15515650198143435f,0.449071019399386f,-0.6694475724357737f,0.15560845725647748f,0.7989339832600384f,0.5809393242176913f,0.16412308851496193f,-0.44891461170447267f,0.5810601950616939f,-0.6788554493506616f,-0.8362877331647629f,0f,0f,0f,1f],start_interpolation:0}
execute if entity @s[tag=aj.heiloang_aj.bone.leg_right_2] run data modify entity @s {} merge value {transformation:[-0.9779506251157671f,0.05162056010781129f,-0.20235585637642525f,-0.6285061109352558f,0.08121276343396003f,0.9867042175778146f,-0.1407809435597462f,0.770862869357179f,0.19239818577912893f,-0.1541106900520164f,-0.9691402547209516f,-0.8842938325077696f,0f,0f,0f,1f],start_interpolation:0}
execute if entity @s[tag=aj.heiloang_aj.bone.leg_right_1] run data modify entity @s {} merge value {transformation:[-0.9862048068156537f,-0.022994754035835813f,-0.16392473974519722f,-0.5145623754071322f,-0.04506161765688791f,0.9901984611297665f,0.1321985559315479f,0.7519164415565601f,0.15927815175925308f,0.1377615652606834f,-0.9775746628821158f,-0.18414693999855808f,0f,0f,0f,1f],start_interpolation:0}
execute if entity @s[tag=aj.heiloang_aj.bone.leg_right_0] run data modify entity @s {} merge value {transformation:[-0.9183554580519614f,0.3727645297332214f,-0.1329280182615482f,-0.21805587013640287f,0.37912464363794857f,0.732300674891015f,-0.5656856248311092f,1.235070232121408f,-0.11352425843215491f,-0.5698967686580915f,-0.8138365412172734f,-0.6512474040351091f,0f,0f,0f,1f],start_interpolation:0}
execute if entity @s[tag=aj.heiloang_aj.bone.leg_left_3] run data modify entity @s {} merge value {transformation:[-0.7691557344854113f,-0.5042189180531021f,0.3926356310697829f,0.9760154452682649f,-0.1997312748896912f,0.7732843349236173f,0.6017796566789859f,0.20034374508099306f,-0.6070476702361571f,0.3844406586706178f,-0.6954843679204843f,-0.41117031849509234f,0f,0f,0f,1f],start_interpolation:0}
execute if entity @s[tag=aj.heiloang_aj.bone.leg_left_2] run data modify entity @s {} merge value {transformation:[-0.7691557344854113f,-0.2541336495731102f,0.5863578636488636f,0.7937924323238796f,-0.1997312748896912f,0.9671617154946681f,0.15718025929597457f,0.7811410168601098f,-0.6070476702361571f,0.0037820941372194855f,-0.794656417469079f,-0.371380204800909f,0f,0f,0f,1f],start_interpolation:0}
execute if entity @s[tag=aj.heiloang_aj.bone.leg_left_1] run data modify entity @s {} merge value {transformation:[-0.8110544304266558f,-0.1976673298029369f,0.5505618381379788f,0.3904607900642444f,-0.07888888181399353f,0.9695406185075461f,0.23187827278583734f,0.6903068791649881f,-0.5796268240958407f,0.14463269268247192f,-0.8019439687384569f,0.2053524532514523f,0f,0f,0f,1f],start_interpolation:0}
execute if entity @s[tag=aj.heiloang_aj.bone.leg_left_0] run data modify entity @s {} merge value {transformation:[-0.8460024789923182f,0.02365055142744482f,0.53265416261964f,0.41311102186397913f,-0.2980175570257925f,0.8074134309630038f,-0.5091847279769194f,1.235070232121408f,-0.4421146245525369f,-0.5895118344170273f,-0.6760254846076742f,-0.2868430290351091f,0f,0f,0f,1f],start_interpolation:0}
execute if entity @s[tag=aj.heiloang_aj.bone.tail_4] run data modify entity @s {} merge value {transformation:[-0.3511083470093437f,-0.14496721468510917f,-1.5298894728098769f,-1.1175724703601133f,-0.18336860930267226f,1.5620527319815871f,-0.10593195608001452f,-0.12378658084100153f,1.5257631682113855f,0.15437011648300242f,-0.36478896002244116f,-3.8166925698243404f,0f,0f,0f,1f],start_interpolation:0}
execute if entity @s[tag=aj.heiloang_aj.bone.tail_3] run data modify entity @s {} merge value {transformation:[-0.6162616033547275f,-0.16051684514270978f,-0.7710097137235641f,-0.08306728005881547f,0.022045261460579627f,0.9751086612075305f,-0.22062888588122878f,0.14559387588228562f,0.7872329024359916f,-0.15296222168721577f,-0.5973833911808359f,-3.014404882535529f,0f,0f,0f,1f],start_interpolation:0}
execute if entity @s[tag=aj.heiloang_aj.bone.tail_2] run data modify entity @s {} merge value {transformation:[-0.9170029161677277f,0.0478065280249955f,-0.39600528736126617f,0.2278782852120726f,0.1251623550408165f,0.9771364713676599f,-0.17186826700643426f,0.29801901228021077f,0.3787347840118733f,-0.2071686564163452f,-0.9020205713719206f,-2.311907746504042f,0f,0f,0f,1f],start_interpolation:0}
execute if entity @s[tag=aj.heiloang_aj.bone.tail_1] run data modify entity @s {} merge value {transformation:[-0.9796511570629447f,0.13461805395805126f,-0.14886769298199312f,0.3464897779631977f,0.1741549786310521f,0.9388326768680691f,-0.2970913130045263f,0.5460473130770793f,0.09976800029694688f,-0.3169718984283667f,-0.9431729224927238f,-1.580184924836321f,0f,0f,0f,1f],start_interpolation:0}
execute if entity @s[tag=aj.heiloang_aj.bone.tail_ring] run data modify entity @s {} merge value {transformation:[-0.9435302653234636f,0.29696680707270146f,0.14683784905697578f,0.3768019036779129f,0.15893430132129552f,0.7946620948560741f,-0.5858771568020616f,0.48649881643790804f,-0.29067254132811704f,-0.5294552582570135f,-0.7969859491997667f,-1.7111388379657877f,0f,0f,0f,1f],start_interpolation:0}
execute if entity @s[tag=aj.heiloang_aj.bone.tail_0] run data modify entity @s {} merge value {transformation:[-0.9435302653234636f,0.29696680707270146f,0.14683784905697578f,0.16497377611590688f,0.15893430132129552f,0.7946620948560741f,-0.5858771568020616f,1.2869542334138164f,-0.29067254132811704f,-0.5294552582570135f,-0.7969859491997667f,-0.5858654621492436f,0f,0f,0f,1f],start_interpolation:0}
execute if entity @s[tag=aj.heiloang_aj.bone.body_1] run data modify entity @s {} merge value {transformation:[-0.8660254037844386f,0.06670763137122795f,0.4955301120182712f,-0.0018960387843347866f,0f,0.9910602240365424f,-0.1334152627424559f,1.403864375f,-0.5f,-0.11554100678754234f,-0.8582833306959428f,-0.290739714492411f,0f,0f,0f,1f],start_interpolation:0}