execute if entity @s[tag=aj.heiloang_aj.bone.head_lower] run data modify entity @s {} merge value {transformation:[-0.795016383932109f,-0.01308850634022257f,-0.08819093083359222f,-0.631588952372646f,-0.0649797782336346f,0.6268871163850998f,0.4927374267610304f,-0.3222652183188166f,0.061045701734202054f,0.4968311929741894f,-0.6240450208018827f,2.368359614643987f,0f,0f,0f,1f],start_interpolation:0}
execute if entity @s[tag=aj.heiloang_aj.bone.horne_right] run data modify entity @s {} merge value {transformation:[-0.5670933126967077f,-0.5578993484148789f,-0.0845783171559233f,-1.008736126158821f,-0.5227982081436189f,0.4743518907513681f,0.37639383271039834f,0.15274216019884948f,-0.21233748669628646f,0.322084772659087f,-0.7008382059824138f,2.419005142730139f,0f,0f,0f,1f],start_interpolation:0}
execute if entity @s[tag=aj.heiloang_aj.bone.horne_left] run data modify entity @s {} merge value {transformation:[-0.6052018118350535f,0.516311219342211f,-0.0845783171559233f,-0.332813196539742f,0.42698197245840575f,0.5621512944867296f,0.37639383271039834f,0.2079879676530856f,0.3023527114928818f,0.23960101604178058f,-0.7008382059824138f,2.3671040871157207f,0f,0f,0f,1f],start_interpolation:0}
execute if entity @s[tag=aj.heiloang_aj.bone.head_upper] run data modify entity @s {} merge value {transformation:[-1.1645201237741551f,-0.04131230455691151f,-0.12388820451206757f,-0.6608041743228763f,-0.09518075466217213f,1.0296287959466588f,0.5513322763083738f,-0.10180161922341388f,0.08941821775771583f,0.557960525888374f,-1.0265702831678902f,2.230985416385907f,0f,0f,0f,1f],start_interpolation:0}
execute if entity @s[tag=aj.heiloang_aj.bone.neck_0] run data modify entity @s {} merge value {transformation:[-0.960574723160398f,-0.2779659428368603f,0.005579950549957004f,-0.6384238815878012f,-0.23100590738925192f,0.8091398037163899f,0.5403045889061744f,0.05179924247182294f,-0.1547012345671265f,0.5177139293708612f,-0.8414510178012677f,1.8318934175232022f,0f,0f,0f,1f],start_interpolation:0}
execute if entity @s[tag=aj.heiloang_aj.bone.neck_1] run data modify entity @s {} merge value {transformation:[-0.960574723160398f,-0.27076507616937046f,-0.06310685186506843f,-0.6647982327600266f,-0.23100590738925192f,0.6509975666292245f,0.7230756799907577f,0.3233895133864212f,-0.1547012345671265f,0.7091462767087079f,-0.6878801394527853f,1.5901085216263708f,0f,0f,0f,1f],start_interpolation:0}
execute if entity @s[tag=aj.heiloang_aj.bone.neck_2] run data modify entity @s {} merge value {transformation:[-0.9728140235380904f,-0.22803058554455943f,0.040434238756737406f,-0.6405853838142426f,-0.11031305517916393f,0.6097825548750997f,0.7848542957944707f,0.6245852886680008f,-0.20362687805068924f,0.7590568409718743f,-0.6183597712570961f,1.3112630876336067f,0f,0f,0f,1f],start_interpolation:0}
execute if entity @s[tag=aj.heiloang_aj.bone.neck_3] run data modify entity @s {} merge value {transformation:[-0.9612552763113491f,-0.14554262090956258f,0.2341060427720031f,-0.5159110101861297f,0.049999070998261216f,0.7431164534758787f,0.6672915625667261f,0.9519131784797963f,-0.2710874151688021f,0.6531426200089896f,-0.7070476159813354f,0.9295492813914727f,0f,0f,0f,1f],start_interpolation:0}
execute if entity @s[tag=aj.heiloang_aj.bone.wing_right_2] run data modify entity @s {} merge value {transformation:[-1.654516808070378f,1.5961531871006112f,-0.49844271630968423f,-4.409147784975213f,1.4614358470510458f,1.7210314957077388f,0.6601756297055966f,3.009020360636115f,0.8126225465047144f,0.15466609328340464f,-2.2021123955923887f,1.8988470563195752f,0f,0f,0f,1f],start_interpolation:0}
execute if entity @s[tag=aj.heiloang_aj.bone.wing_right_1] run data modify entity @s {} merge value {transformation:[-2.658601715694457f,1.9017819747018634f,-0.7087178641078323f,-2.6577307377301813f,1.6984781068757517f,2.7242009012377366f,0.9386801068837352f,1.8827148416042516f,1.1109580598160531f,0.3862299098912197f,-3.1311048240094372f,1.2191201529980207f,0f,0f,0f,1f],start_interpolation:0}
execute if entity @s[tag=aj.heiloang_aj.bone.wing_right_0] run data modify entity @s {} merge value {transformation:[-2.0434102664726255f,0.7291093098258642f,-0.4703978073923419f,-0.7608721935622447f,0.5874012161213007f,2.0482168885457503f,0.6230308088491125f,1.3413518684029786f,0.6386190524667171f,0.4490068950486335f,-2.0782104113937296f,0.608464854705348f,0f,0f,0f,1f],start_interpolation:0}
execute if entity @s[tag=aj.heiloang_aj.bone.wing_left_2] run data modify entity @s {} merge value {transformation:[-1.4306983213041573f,-1.75947058734167f,0.6252532063236712f,3.0918034452068834f,-1.5918668782889953f,1.561006146066896f,0.7501970808186557f,3.249408208852148f,-0.9760318445342456f,0.03315223283494709f,-2.1400557876452995f,2.3718965054344894f,0f,0f,0f,1f],start_interpolation:0}
execute if entity @s[tag=aj.heiloang_aj.bone.wing_left_1] run data modify entity @s {} merge value {transformation:[-1.966497780922929f,-2.5553354986763206f,0.8890251625965561f,1.790776077974068f,-2.3220756824899578f,2.1580965028997827f,1.0666783872660606f,1.712874724800805f,-1.3885495220963462f,0.009937116099061189f,-3.0428687535465015f,1.509083025717383f,0f,0f,0f,1f],start_interpolation:0}
execute if entity @s[tag=aj.heiloang_aj.bone.wing_left_0] run data modify entity @s {} merge value {transformation:[-2.041562864928543f,-0.6420549601899129f,0.5900732976845229f,-0.1034048253617621f,-0.4423011495944262f,2.0570668003188652f,0.7079871976902933f,1.3071541288099753f,-0.7515256227250057f,0.533518141323643f,-2.0196454221635927f,0.7938798363398154f,0f,0f,0f,1f],start_interpolation:0}
execute if entity @s[tag=aj.heiloang_aj.bone.kazari_right] run data modify entity @s {} merge value {transformation:[-2.5262677822592843f,0.7203459131155104f,0.07709115599591915f,-1.9533658516985608f,0.13140218349749783f,0.7306337815279929f,-2.5210668241874203f,4.420862718758632f,-0.712442802649515f,-2.419534300501676f,-0.7383422039982664f,-2.692295610123386f,0f,0f,0f,1f],start_interpolation:0}
execute if entity @s[tag=aj.heiloang_aj.bone.kazari_left] run data modify entity @s {} merge value {transformation:[-2.5262677822592843f,0.7203459131155104f,0.07709115599591915f,2.9241239254346154f,0.13140218349749783f,0.7306337815279929f,-2.5210668241874203f,4.167163245091259f,-0.712442802649515f,-2.419534300501676f,-0.7383422039982664f,-1.3167753619858642f,0f,0f,0f,1f],start_interpolation:0}
execute if entity @s[tag=aj.heiloang_aj.bone.ring] run data modify entity @s {} merge value {transformation:[-2.117583693167006f,-0.4906072908739906f,-0.35786879489345774f,-0.5108399810600809f,0.11014474513544709f,-1.58699748126658f,1.5238875993184686f,2.961292220658371f,-0.5971881808410644f,1.446951888066373f,1.5500396111289947f,1.2821755065116534f,0f,0f,0f,1f],start_interpolation:0}
execute if entity @s[tag=aj.heiloang_aj.bone.body_0] run data modify entity @s {} merge value {transformation:[-1.0848362572490953f,-0.12459064480696723f,0.285061119976107f,-0.2609471864102458f,0.056427055730528926f,0.9381500646226791f,0.6247742148710368f,1.6371495349367768f,-0.30593897802835157f,0.614820301724594f,-0.8955722830949607f,0.15185128495469252f,0f,0f,0f,1f],start_interpolation:0}
execute if entity @s[tag=aj.heiloang_aj.bone.leg_right_3] run data modify entity @s {} merge value {transformation:[-0.8797391649918305f,-0.17594642304343877f,0.4417033595046525f,-0.6579554053367745f,0.15007465362425573f,0.7787568993682921f,0.6091102445582766f,0.33961494569233774f,-0.45115030745754414f,0.6021466166179985f,-0.6586978458872175f,-0.8633288081124589f,0f,0f,0f,1f],start_interpolation:0}
execute if entity @s[tag=aj.heiloang_aj.bone.leg_right_2] run data modify entity @s {} merge value {transformation:[-0.9806038710957001f,0.042378540278037106f,-0.1913638087936962f,-0.6231533732149996f,0.06895600220061861f,0.9885199037575277f,-0.13443760499100096f,0.9471597356436328f,0.18346966439342446f,-0.1450257190953071f,-0.9722686989964519f,-0.9056619778924588f,0f,0f,0f,1f],start_interpolation:0}
execute if entity @s[tag=aj.heiloang_aj.bone.leg_right_1] run data modify entity @s {} merge value {transformation:[-0.9880705105412187f,-0.027569880459052343f,-0.1515142497928456f,-0.5183103023772484f,-0.05542823954304878f,0.9815762454660779f,0.18285454491993464f,0.8918216943677125f,0.14368151050143377f,0.18907135168552514f,-0.9713946919310579f,-0.20602389661909964f,0f,0f,0f,1f],start_interpolation:0}
execute if entity @s[tag=aj.heiloang_aj.bone.leg_right_0] run data modify entity @s {} merge value {transformation:[-0.9186878380485272f,0.3767586113036341f,-0.1185985034908969f,-0.21790792114219928f,0.37849079137185415f,0.7538429934532045f,-0.5370898081961893f,1.3926637123518986f,-0.11294855939068349f,-0.5383063161714424f,-0.8351460548320276f,-0.6515036592099985f,0f,0f,0f,1f],start_interpolation:0}
execute if entity @s[tag=aj.heiloang_aj.bone.leg_left_3] run data modify entity @s {} merge value {transformation:[-0.7658355476775774f,-0.5111696673473506f,0.39013008740339916f,0.9801472744964511f,-0.19926077128656175f,0.765483980744238f,0.6118246646305128f,0.3846209529871355f,-0.6113845426077351f,0.39081945500186394f,-0.688090905805604f,-0.41752399111282734f,0f,0f,0f,1f],start_interpolation:0}
execute if entity @s[tag=aj.heiloang_aj.bone.leg_left_2] run data modify entity @s {} merge value {transformation:[-0.7658355476775774f,-0.2685744599675673f,0.5842633595960939f,0.789240399772769f,-0.19926077128656175f,0.9629945539419037f,0.18148452855413938f,0.9617372075588331f,-0.6113845426077351f,0.022566535652670902f,-0.7910118156696315f,-0.36648141679723856f,0f,0f,0f,1f],start_interpolation:0}
execute if entity @s[tag=aj.heiloang_aj.bone.leg_left_1] run data modify entity @s {} merge value {transformation:[-0.8098294973908329f,-0.21453557896088174f,0.5460317486333832f,0.38783897727273986f,-0.07982774884990645f,0.962377835154429f,0.2597237627115217f,0.8507167635610363f,-0.5812088399785976f,0.16674347892314667f,-0.7964878508598476f,0.20806115961664018f,0f,0f,0f,1f],start_interpolation:0}
execute if entity @s[tag=aj.heiloang_aj.bone.leg_left_0] run data modify entity @s {} merge value {transformation:[-0.845740956604928f,0.027407314409491873f,0.5328893632245257f,0.4132589708581827f,-0.2980875014451954f,0.8040469634201622f,-0.5144437015815986f,1.3926637123518986f,-0.44256759461481343f,-0.5939337671253213f,-0.6718456701246073f,-0.2870992842099985f,0f,0f,0f,1f],start_interpolation:0}
execute if entity @s[tag=aj.heiloang_aj.bone.tail_4] run data modify entity @s {} merge value {transformation:[-0.9085727835873505f,-0.1641318439202245f,-1.2776582478986132f,-0.8993546941216999f,-0.1602236486322046f,1.5657517321087515f,-0.08720240538599199f,0.004553590312730671f,1.2781542328807547f,0.0796028573448595f,-0.9191515140384733f,-3.9884397026488565f,0f,0f,0f,1f],start_interpolation:0}
execute if entity @s[tag=aj.heiloang_aj.bone.tail_3] run data modify entity @s {} merge value {transformation:[-0.74441973839806f,-0.1368483871854842f,-0.6535378887318588f,-0.022447199746001012f,0.01731712168462826f,0.9744860585015532f,-0.22377899607127388f,0.27815985221580486f,0.6674873559700762f,-0.17790289685904298f,-0.7230568365690468f,-3.017561125196887f,0f,0f,0f,1f],start_interpolation:0}
execute if entity @s[tag=aj.heiloang_aj.bone.tail_2] run data modify entity @s {} merge value {transformation:[-0.9352887505695462f,0.041201831945287704f,-0.35147882169827693f,0.25351347511339023f,0.11299360513759725f,0.9759797257880899f,-0.186268677046393f,0.441839375933279f,0.3353615932930686f,-0.21392985741816634f,-0.9174784018433225f,-2.3030840350485953f,0f,0f,0f,1f],start_interpolation:0}
execute if entity @s[tag=aj.heiloang_aj.bone.tail_1] run data modify entity @s {} merge value {transformation:[-0.9822383154267361f,0.12898729771194656f,-0.13627240636540144f,0.3621868359963426f,0.16560961967134039f,0.9373743090127054f,-0.30643573335247143f,0.6971455768959068f,0.08821193558675278f,-0.3235609399045606f,-0.94208649952545f,-1.5723215179866998f,0f,0f,0f,1f],start_interpolation:0}
execute if entity @s[tag=aj.heiloang_aj.bone.tail_ring] run data modify entity @s {} merge value {transformation:[-0.9421455573789075f,0.2949497501007136f,0.15926830703788553f,0.3942227527293632f,0.1482250597539589f,0.7927413106487664f,-0.591261825295538f,0.6367636898870198f,-0.3006510940810343f,-0.5334471476223324f,-0.7905966483115612f,-1.7024810491074402f,0f,0f,0f,1f],start_interpolation:0}
execute if entity @s[tag=aj.heiloang_aj.bone.tail_0] run data modify entity @s {} merge value {transformation:[-0.9421455573789075f,0.2949497501007136f,0.15926830703788553f,0.16507609633742765f,0.1482250597539589f,0.7927413106487664f,-0.591261825295538f,1.4447843528016096f,-0.3006510940810343f,-0.5334471476223324f,-0.7905966483115612f,-0.5860426859715593f,0f,0f,0f,1f],start_interpolation:0}
execute if entity @s[tag=aj.heiloang_aj.bone.body_1] run data modify entity @s {} merge value {transformation:[-0.8660254037844386f,0.06583793618137353f,0.49564641243468854f,-0.0018960387843347866f,0f,0.9912928248693771f,-0.13167587236274705f,1.561099375f,-0.5f,-0.11403465053161621f,-0.858484768926119f,-0.290739714492411f,0f,0f,0f,1f],start_interpolation:0}