execute if entity @s[tag=aj.heiloang_aj.bone.head_lower] run data modify entity @s {} merge value {transformation:[-0.7762307325862364f,-0.08839390789570489f,-0.17219862611403244f,-0.6247236644603651f,-0.15307534781440607f,0.715922170552052f,0.322526562632502f,0.4235092476586596f,0.11846428862797964f,0.3458929932203952f,-0.7115646488976968f,2.7303628717592057f,0f,0f,0f,1f],start_interpolation:0}
execute if entity @s[tag=aj.heiloang_aj.bone.horne_right] run data modify entity @s {} merge value {transformation:[-0.5007394728328887f,-0.6025055766525641f,-0.16200929124467528f,-1.0592601898709222f,-0.6166656436860183f,0.4463922837618877f,0.24588089168366692f,0.8496723358899486f,-0.09478113865294875f,0.2787847899373416f,-0.7438384076230824f,2.7303498509723814f,0f,0f,0f,1f],start_interpolation:0}
execute if entity @s[tag=aj.heiloang_aj.bone.horne_left] run data modify entity @s {} merge value {transformation:[-0.6438551817098155f,0.4463221869186188f,-0.16200929124467528f,-0.3993088210261041f,0.3909476741502407f,0.6532246957834357f,0.24588089168366692f,0.9798169966017567f,0.2694632091064342f,0.11871816323890512f,-0.7438384076230824f,2.629631512780873f,0f,0f,0f,1f],start_interpolation:0}
execute if entity @s[tag=aj.heiloang_aj.bone.head_upper] run data modify entity @s {} merge value {transformation:[-1.1370033713240046f,-0.1551475362631805f,-0.23730715958291926f,-0.6884742196542207f,-0.22422094259484668f,1.092324001292551f,0.3601601831159433f,0.6137621387456014f,0.1735235283750489f,0.39486659847560734f,-1.0895559035261007f,2.5628245113390156f,0f,0f,0f,1f],start_interpolation:0}
execute if entity @s[tag=aj.heiloang_aj.bone.neck_0] run data modify entity @s {} merge value {transformation:[-0.9703029678875087f,-0.19794238949678544f,-0.13903582613483095f,-0.7341462950043527f,-0.24157729971125644f,0.7636196369784911f,0.5987699543940519f,0.8198625940362336f,-0.012351468451555617f,0.6145761632711931f,-0.7887607880504393f,2.1848074184832664f,0f,0f,0f,1f],start_interpolation:0}
execute if entity @s[tag=aj.heiloang_aj.bone.neck_1] run data modify entity @s {} merge value {transformation:[-0.9904339746745192f,-0.1291052929744664f,-0.04870693109210447f,-0.7527888124122527f,-0.12746010393457768f,0.7207556683746333f,0.6813700818283863f,1.0632465143114889f,-0.05286268736472299f,0.6810602688689251f,-0.7303166754585075f,1.9250768250438144f,0f,0f,0f,1f],start_interpolation:0}
execute if entity @s[tag=aj.heiloang_aj.bone.neck_2] run data modify entity @s {} merge value {transformation:[-0.9887292608418622f,-0.09854008251817047f,0.11271335720497799f,-0.7032960525555533f,-0.035154245023760806f,0.8846123127731176f,0.4650002528461733f,1.224154468242331f,-0.14552878688395018f,0.45579700331124157f,-0.8781061803452803f,1.5499514723365984f,0f,0f,0f,1f],start_interpolation:0}
execute if entity @s[tag=aj.heiloang_aj.bone.neck_3] run data modify entity @s {} merge value {transformation:[-0.9574740409112774f,0.005488837057665091f,0.28846721416615756f,-0.5541471882749645f,0.07204424860863605f,0.9726955352841525f,0.22061963167563536f,1.3147700893781475f,-0.2793798260852892f,0.2320199739376556f,-0.9317261638864304f,1.0621645288315027f,0f,0f,0f,1f],start_interpolation:0}
execute if entity @s[tag=aj.heiloang_aj.bone.wing_right_2] run data modify entity @s {} merge value {transformation:[-2.19879793412723f,0.6366736728338543f,-0.5417658954927688f,-4.774966667699227f,0.5660483329777943f,2.255702709850773f,0.35351177607817813f,0.5204424198316595f,0.6151852858545075f,0.20006980135227256f,-2.261657610023228f,1.4020219955302304f,0f,0f,0f,1f],start_interpolation:0}
execute if entity @s[tag=aj.heiloang_aj.bone.wing_right_1] run data modify entity @s {} merge value {transformation:[-3.231147207802966f,-0.3918129376859159f,-0.7703175424907743f,-2.6477565781892025f,-0.5159025653035093f,3.266253292419364f,0.5026457458020738f,0.8505657561706804f,0.6933621258190789f,0.6043929388416095f,-3.2157700338889366f,0.9969907910874157f,0f,0f,0f,1f],start_interpolation:0}
execute if entity @s[tag=aj.heiloang_aj.bone.wing_right_0] run data modify entity @s {} merge value {transformation:[-2.02613152182842f,-0.7495200702324536f,-0.5112834053360119f,-0.7672971867283986f,-0.8350390568363872f,2.0297306533020114f,0.33362141508600207f,1.629931724312644f,0.3548250693102839f,0.49680291803181637f,-2.134405310812364f,0.6498492299943326f,0f,0f,0f,1f],start_interpolation:0}
execute if entity @s[tag=aj.heiloang_aj.bone.wing_left_2] run data modify entity @s {} merge value {transformation:[-2.1787278913984167f,0.06821411660600585f,0.8843458689106195f,3.67813912281711f,0.15554756653273502f,2.3384260164468795f,0.20284162903883599f,0.6106364290696148f,-0.8732271961576555f,0.24634651655959464f,-2.1703372235647165f,2.258944923816879f,0f,0f,0f,1f],start_interpolation:0}
execute if entity @s[tag=aj.heiloang_aj.bone.wing_left_1] run data modify entity @s {} merge value {transformation:[-3.0993686019239566f,-0.00534944463955729f,1.2574197492285477f,1.6297959748634476f,0.11126158303096438f,3.330414002427304f,0.2884132546842957f,0.6790934059886861f,-1.2524990628536932f,0.3090836921906314f,-3.085924843814643f,1.485861196641335f,0f,0f,0f,1f],start_interpolation:0}
execute if entity @s[tag=aj.heiloang_aj.bone.wing_left_0] run data modify entity @s {} merge value {transformation:[-1.8802849248546867f,0.8345006356519802f,0.8345880962850144f,-0.11241606065141457f,0.9676406958765943f,1.9888254131393233f,0.19142873278235806f,1.5806557997024169f,-0.6757218991920153f,0.5259107958082242f,-2.048223071299778f,0.8409359511923225f,0f,0f,0f,1f],start_interpolation:0}
execute if entity @s[tag=aj.heiloang_aj.bone.kazari_right] run data modify entity @s {} merge value {transformation:[-2.5163303458636217f,0.7365372838157017f,-0.18017937892973784f,-1.8421495084180965f,0.18933894943649185f,0.005624765718099515f,-2.621257200809023f,4.045113356363592f,-0.734236025586053f,-2.5227666122961625f,-0.058448842346036076f,-2.9005681252358713f,0f,0f,0f,1f],start_interpolation:0}
execute if entity @s[tag=aj.heiloang_aj.bone.kazari_left] run data modify entity @s {} merge value {transformation:[-2.5163303458636217f,0.7365372838157017f,-0.18017937892973784f,3.016153963616651f,0.18933894943649185f,0.005624765718099515f,-2.621257200809023f,3.6795548052175517f,-0.734236025586053f,-2.5227666122961625f,-0.058448842346036076f,-1.4829714896186788f,0f,0f,0f,1f],start_interpolation:0}
execute if entity @s[tag=aj.heiloang_aj.bone.ring] run data modify entity @s {} merge value {transformation:[-2.1092538742099194f,-0.6101864575707697f,-0.17789566299297463f,-0.34924999166729953f,0.1587088568455395f,-1.1026863122319537f,1.9004790662775282f,3.3364718111274154f,-0.6154558299937184f,1.8068430118849723f,1.0997539440771347f,0.8812933254193587f,0f,0f,0f,1f],start_interpolation:0}
execute if entity @s[tag=aj.heiloang_aj.bone.body_0] run data modify entity @s {} merge value {transformation:[-1.0805688983484165f,-0.021316922098740858f,0.3249135587998743f,-0.25094079614786735f,0.08130640730194691f,1.0728030838582163f,0.3407861313692573f,1.7471016295350923f,-0.31529747856811835f,0.3497020274951391f,-1.0256453421685539f,0.13451970861989065f,0f,0f,0f,1f],start_interpolation:0}
execute if entity @s[tag=aj.heiloang_aj.bone.leg_right_3] run data modify entity @s {} merge value {transformation:[-0.8798721227681915f,0.05493075667642984f,0.4720250624133755f,-0.8109619663538931f,0.2670285025020817f,0.8787998231575838f,0.39548280578262235f,0.25750650158295285f,-0.39309137160066504f,0.47401844140197164f,-0.7878995435865876f,-0.6950255393954661f,0f,0f,0f,1f],start_interpolation:0}
execute if entity @s[tag=aj.heiloang_aj.bone.leg_right_2] run data modify entity @s {} merge value {transformation:[-0.9633967955694469f,0.17917824308195587f,-0.19940353931809873f,-0.692581198095316f,0.2057780658140019f,0.9710045478145862f,-0.12167808246861654f,0.8537967633533877f,0.17181967848989027f,-0.1582571493786447f,-0.972333622145288f,-0.7454027954208395f,0f,0f,0f,1f],start_interpolation:0}
execute if entity @s[tag=aj.heiloang_aj.bone.leg_right_1] run data modify entity @s {} merge value {transformation:[-0.9813143330085702f,0.04908912884098225f,-0.18604418093984615f,-0.5576178316290439f,0.07629438651160336f,0.9869193684252913f,-0.14201875514819334f,1.0280997843112711f,0.1766390285830478f,-0.15355916663181612f,-0.9722233467288157f,-0.0709021210847357f,0f,0f,0f,1f],start_interpolation:0}
execute if entity @s[tag=aj.heiloang_aj.bone.leg_right_0] run data modify entity @s {} merge value {transformation:[-0.8843959468831002f,0.41898239334094756f,-0.20566371388029508f,-0.2334766858984181f,0.43375269916181336f,0.5750936589746087f,-0.693632380571321f,1.385810037190208f,-0.17234385717682527f,-0.7026528570193733f,-0.6903452450882284f,-0.6245377676411398f,0f,0f,0f,1f],start_interpolation:0}
execute if entity @s[tag=aj.heiloang_aj.bone.leg_left_3] run data modify entity @s {} merge value {transformation:[-0.8093743111838765f,-0.42493766280106704f,0.40539019120939757f,0.8814120498982434f,-0.2047813422130735f,0.8511469011830474f,0.4833358609578931f,0.17953238193887455f,-0.5504342161212705f,0.30818328205738577f,-0.7759157418066089f,-0.2741194226145117f,0f,0f,0f,1f],start_interpolation:0}
execute if entity @s[tag=aj.heiloang_aj.bone.leg_left_2] run data modify entity @s {} merge value {transformation:[-0.8093743111838765f,-0.14567939376115333f,0.5689382555506425f,0.7659710343019971f,-0.2047813422130735f,0.9779522926133929f,-0.04091350942684997f,0.7762378828927532f,-0.5504342161212705f,-0.14962228311849682f,-0.8213618849918535f,-0.3263675570298047f,0f,0f,0f,1f],start_interpolation:0}
execute if entity @s[tag=aj.heiloang_aj.bone.leg_left_1] run data modify entity @s {} merge value {transformation:[-0.8326530476520222f,-0.05225515423762306f,0.5513241343269868f,0.37301794948550937f,-0.07607696258093115f,0.9968930227215272f,-0.020410708307072478f,0.8654795169303492f,-0.5485446180578739f,-0.05893810401377869f,-0.8340414269657126f,0.257731421714653f,0f,0f,0f,1f],start_interpolation:0}
execute if entity @s[tag=aj.heiloang_aj.bone.leg_left_0] run data modify entity @s {} merge value {transformation:[-0.8704522215143654f,0.03144758399124889f,0.4912473710075397f,0.3976902061019639f,-0.2872276673425716f,0.7780094360917759f,-0.5587500196555721f,1.385810037190208f,-0.39976642827237385f,-0.6274650323430545f,-0.668187425811859f,-0.26013339264113977f,0f,0f,0f,1f],start_interpolation:0}
execute if entity @s[tag=aj.heiloang_aj.bone.tail_4] run data modify entity @s {} merge value {transformation:[-1.5612168135116993f,-0.14719393826369512f,0.16059380260294376f,-0.10637947104708595f,-0.07623508389987778f,1.4577471957825208f,0.5949921754600221f,1.3194772375052999f,-0.20407017635810576f,0.5815164842154475f,-1.4508784598975033f,-4.587589803833755f,0f,0f,0f,1f],start_interpolation:0}
execute if entity @s[tag=aj.heiloang_aj.bone.tail_3] run data modify entity @s {} merge value {transformation:[-0.9731141469034403f,-0.16241829211006448f,-0.16330693642475586f,0.1160899716601165f,-0.1792787185534889f,0.9792633984934299f,0.09435219894054778f,1.1678337323163885f,0.144595982552104f,0.12109291787362125f,-0.9820532098978365f,-3.278412983539579f,0f,0f,0f,1f],start_interpolation:0}
execute if entity @s[tag=aj.heiloang_aj.bone.tail_2] run data modify entity @s {} merge value {transformation:[-0.9681069332344844f,-0.23006943913910646f,0.09918174730029014f,0.03422729487091786f,-0.2097017050296656f,0.9607334674181357f,0.1817041537510276f,1.0431119803790634f,-0.13709179673114197f,0.1551104695271824f,-0.9783386844605932f,-2.509539925328673f,0f,0f,0f,1f],start_interpolation:0}
execute if entity @s[tag=aj.heiloang_aj.bone.tail_1] run data modify entity @s {} merge value {transformation:[-0.9586657033780529f,-0.13180330618742275f,-0.25216652760572233f,0.22906581821358274f,-0.14839154772242508f,0.9877703187401453f,0.04785129027032359f,1.0223990908657257f,0.24277565308573734f,0.08329277215975f,-0.9665000239910695f,-1.752827339211684f,0f,0f,0f,1f],start_interpolation:0}
execute if entity @s[tag=aj.heiloang_aj.bone.tail_ring] run data modify entity @s {} merge value {transformation:[-0.9783462090710887f,0.19744384511611704f,0.06208561203686658f,0.2441117071616471f,0.1695571499152354f,0.9365945675725144f,-0.30666103258529154f,1.0073780810387363f,-0.11869738037906274f,-0.28949359927193136f,-0.9497917602673391f,-1.8982981825817216f,0f,0f,0f,1f],start_interpolation:0}
execute if entity @s[tag=aj.heiloang_aj.bone.tail_0] run data modify entity @s {} merge value {transformation:[-0.9783462090710887f,0.19744384511611704f,0.06208561203686658f,0.15292282522214312f,0.1695571499152354f,0.9365945675725144f,-0.30666103258529154f,1.4145893524596196f,-0.11869738037906274f,-0.28949359927193136f,-0.9497917602673391f,-0.5649926029217271f,0f,0f,0f,1f],start_interpolation:0}
execute if entity @s[tag=aj.heiloang_aj.bone.body_1] run data modify entity @s {} merge value {transformation:[-0.8660254037844386f,0.14801548297353737f,0.47758917156915365f,-0.0018960387843347866f,0f,0.9551783431383073f,-0.29603096594707473f,1.5861387500000004f,-0.5f,-0.25637033681701277f,-0.8272087103025036f,-0.290739714492411f,0f,0f,0f,1f],start_interpolation:0}