execute if entity @s[tag=aj.heiloang_aj.bone.head_lower] run data modify entity @s {} merge value {transformation:[-0.7963564623159446f,-0.017296770761446655f,-0.07427790148395204f,-0.6528481233485878f,-0.056027496170750916f,0.6613067875387207f,0.4466925703748095f,-0.42153931464456984f,0.051742676781069155f,0.4498601499093283f,-0.6595062857343259f,2.4034819975188113f,0f,0f,0f,1f],start_interpolation:0}
execute if entity @s[tag=aj.heiloang_aj.bone.horne_right] run data modify entity @s {} merge value {transformation:[-0.5669136595433351f,-0.5600789723432668f,-0.07014590053662512f,-1.0275967547269915f,-0.5336964592079597f,0.49949629839966997f,0.32507158798319297f,0.05794885392606494f,-0.18378517908708109f,0.27715517787683186f,-0.7276042985881757f,2.4130490941025204f,0f,0f,0f,1f],start_interpolation:0}
execute if entity @s[tag=aj.heiloang_aj.bone.horne_left] run data modify entity @s {} merge value {transformation:[-0.6073574838323283f,0.5159422830809365f,-0.07014590053662512f,-0.35053449046597535f,0.4510808528781384f,0.5751995539400364f,0.32507158798319297f,0.10558343117043736f,0.2600825849602285f,0.20724148637860682f,-0.7276042985881757f,2.3690574703032556f,0f,0f,0f,1f],start_interpolation:0}
execute if entity @s[tag=aj.heiloang_aj.bone.head_upper] run data modify entity @s {} merge value {transformation:[-1.166483037088838f,-0.04384396195734396f,-0.10274796145853507f,-0.6782457255802581f,-0.08206767570351169f,1.0675681582196146f,0.47615673528808156f,-0.2114542683673187f,0.07579137938199058f,0.48118400529887073f,-1.065776586464495f,2.2500263583317253f,0f,0f,0f,1f],start_interpolation:0}
execute if entity @s[tag=aj.heiloang_aj.bone.neck_0] run data modify entity @s {} merge value {transformation:[-0.9595087052165703f,-0.28069499007144383f,0.023523757404230496f,-0.6489104922818031f,-0.23234468480243686f,0.8359052879101814f,0.49727084882169914f,-0.05355837081091894f,-0.15924506917853795f,0.4716700882953982f,-0.867276389480155f,1.8479460327112214f,0f,0f,0f,1f],start_interpolation:0}
execute if entity @s[tag=aj.heiloang_aj.bone.neck_1] run data modify entity @s {} merge value {transformation:[-0.9595087052165703f,-0.27893669055369985f,-0.03920927538951117f,-0.6642716105540294f,-0.23234468480243686f,0.7050568213116672f,0.6700080791796053f,0.18563815657091481f,-0.15924506917853795f,0.6519886512699719f,-0.7413176151674026f,1.5841424796529582f,0f,0f,0f,1f],start_interpolation:0}
execute if entity @s[tag=aj.heiloang_aj.bone.neck_2] run data modify entity @s {} merge value {transformation:[-0.9721041669872481f,-0.23135604725266873f,0.03857289107195999f,-0.6407100839684214f,-0.11105938307383548f,0.5988760169261826f,0.7931036059569327f,0.4905800573820067f,-0.20658969470253713f,0.7666954387175204f,-0.6078641314409503f,1.3093421434908095f,0f,0f,0f,1f],start_interpolation:0}
execute if entity @s[tag=aj.heiloang_aj.bone.neck_3] run data modify entity @s {} merge value {transformation:[-0.9612227404097818f,-0.14958040764430972f,0.23168199103096293f,-0.5171923770632816f,0.05050603916368998f,0.7304227294471345f,0.6811253748870276f,0.8253743394640694f,-0.2711088034850674f,0.66641453912408f,-0.6945442237301629f,0.9337774466273867f,0f,0f,0f,1f],start_interpolation:0}
execute if entity @s[tag=aj.heiloang_aj.bone.wing_right_2] run data modify entity @s {} merge value {transformation:[-0.772344980041923f,2.177693040894513f,-0.44126211911363533f,-4.364086589260869f,2.079228730320449f,0.8730686337245132f,0.6694289014805329f,2.891732489505769f,0.7834967294986381f,-0.1702356800645108f,-2.2114991961153674f,1.802067858571899f,0f,0f,0f,1f],start_interpolation:0}
execute if entity @s[tag=aj.heiloang_aj.bone.wing_right_1] run data modify entity @s {} merge value {transformation:[-2.4992347602069525f,2.1324621992750843f,-0.6274148188687967f,-2.718246922857846f,1.939608468802429f,2.5532614594836645f,0.9518370029397057f,1.6073544054940734f,1.0858007984999778f,0.3473897826335935f,-3.1444515798146084f,1.1390149281914637f,0f,0f,0f,1f],start_interpolation:0}
execute if entity @s[tag=aj.heiloang_aj.bone.wing_right_0] run data modify entity @s {} merge value {transformation:[-2.1074725529724354f,0.5599479997597927f,-0.41643447987990917f,-0.7613697997314f,0.42901366966154314f,2.0845196619685398f,0.631763444740277f,1.2133818285303701f,0.5503696119076515f,0.5192648807993583f,-2.0870690630300297f,0.6103717288082855f,0f,0f,0f,1f],start_interpolation:0}
execute if entity @s[tag=aj.heiloang_aj.bone.wing_left_2] run data modify entity @s {} merge value {transformation:[-0.4574122058601398f,-2.2220704737563617f,0.6218945971073747f,2.8705677962749974f,-2.133446711158894f,0.6488001307117098f,0.7490257187538844f,3.1765575756989466f,-0.8790649639796053f,-0.4183744810210718f,-2.141444276430019f,2.322024003121067f,0f,0f,0f,1f],start_interpolation:0}
execute if entity @s[tag=aj.heiloang_aj.bone.wing_left_1] run data modify entity @s {} merge value {transformation:[-1.5703512816338487f,-2.817679565723275f,0.884249676322487f,1.8289773356859056f,-2.615670419656567f,1.7919918014667038f,1.0650128694573384f,1.4478276664890726f,-1.3709426978924257f,-0.19148373633708887f,-3.0448429960695536f,1.4707680650540993f,0f,0f,0f,1f],start_interpolation:0}
execute if entity @s[tag=aj.heiloang_aj.bone.wing_left_0] run data modify entity @s {} merge value {transformation:[-2.0831655124988737f,-0.4943334304474042f,0.5869036608144517f,-0.10392468503017252f,-0.29528976454498057f,2.083631963001822f,0.7068817423813853f,1.178837339188679f,-0.7082551817602704f,0.5852455060051927f,-2.0209557875447075f,0.7958013393559584f,0f,0f,0f,1f],start_interpolation:0}
execute if entity @s[tag=aj.heiloang_aj.bone.kazari_right] run data modify entity @s {} merge value {transformation:[-2.526182274900395f,0.7212558181494283f,0.07115720146910866f,-1.9485562472867017f,0.13273454273079993f,0.7140821417109129f,-2.525735224565681f,4.275512466170587f,-0.7124990131230795f,-2.424200265702362f,-0.7228197677315439f,-2.7065674964576987f,0f,0f,0f,1f],start_interpolation:0}
execute if entity @s[tag=aj.heiloang_aj.bone.kazari_left] run data modify entity @s {} merge value {transformation:[-2.526182274900395f,0.7212558181494283f,0.07115720146910866f,2.928768439957041f,0.13273454273079993f,0.7140821417109129f,-2.525735224565681f,4.019240593573243f,-0.7124990131230795f,-2.424200265702362f,-0.7228197677315439f,-1.3309387222121754f,0f,0f,0f,1f],start_interpolation:0}
execute if entity @s[tag=aj.heiloang_aj.bone.ring] run data modify entity @s {} merge value {transformation:[-2.1175120186635734f,-0.49375481170636765f,-0.3539425412636299f,-0.5074643051953076f,0.11126156347342937f,-1.5769388175659003f,1.5342135170605606f,2.8368707189578095f,-0.5972352979293799f,1.4568446853919248f,1.5407270515365574f,1.2740167521561536f,0f,0f,0f,1f],start_interpolation:0}
execute if entity @s[tag=aj.heiloang_aj.bone.body_0] run data modify entity @s {} merge value {transformation:[-1.0847995384642393f,-0.12227790428575085f,0.28620001993174593f,-0.26091653879480475f,0.05699920077948889f,0.9421993070594188f,0.6185983614793401f,1.5052278123333467f,-0.3059631160711149f,0.6090656416494935f,-0.8994876273211418f,0.15179820172761788f,0f,0f,0f,1f],start_interpolation:0}
execute if entity @s[tag=aj.heiloang_aj.bone.leg_right_3] run data modify entity @s {} merge value {transformation:[-0.8798519251339485f,-0.16644419929613205f,0.4451481981978071f,-0.6632319141482343f,0.15260523700048123f,0.7881142430146398f,0.5963116480478037f,0.1988104142235354f,-0.4500802500422692f,0.5925978978009712f,-0.6680235774609737f,-0.8511233619449655f,0f,0f,0f,1f],start_interpolation:0}
execute if entity @s[tag=aj.heiloang_aj.bone.leg_right_2] run data modify entity @s {} merge value {transformation:[-0.9794092836108065f,0.046600215546739945f,-0.1964328768001024f,-0.6256231791358382f,0.07454379279707117f,0.9877127739450418f,-0.13735610339994989f,0.806002007892968f,0.1876184376131358f,-0.14917069449723624f,-0.9708488171547708f,-0.896044427474764f,0f,0f,0f,1f],start_interpolation:0}
execute if entity @s[tag=aj.heiloang_aj.bone.leg_right_1] run data modify entity @s {} merge value {transformation:[-0.9872498511522585f,-0.025367301804389952f,-0.15714398301878574f,-0.5166422535929812f,-0.050749749955041695f,0.985862151186765f,0.1596880763767432f,0.7673326465143107f,0.1508714495169452f,0.16562704747887286f,-0.9745796462393859f,-0.19591897340156617f,0f,0f,0f,1f],start_interpolation:0}
execute if entity @s[tag=aj.heiloang_aj.bone.leg_right_0] run data modify entity @s {} merge value {transformation:[-0.9185356630969889f,0.3749972105704344f,-0.12517718515515575f,-0.21797564894729712f,0.37878126709594123f,0.7441124066754964f,-0.5502921750568456f,1.260165542666232f,-0.1132121341383871f,-0.5528777607174971f,-0.8255357014616858f,-0.6513863512104839f,0f,0f,0f,1f],start_interpolation:0}
execute if entity @s[tag=aj.heiloang_aj.bone.leg_left_3] run data modify entity @s {} merge value {transformation:[-0.7673539893528505f,-0.5079946408011214f,0.39129183474946827f,0.9783055895343062f,-0.1994877845039353f,0.7690709227678324f,0.6072351600383055f,0.239864246849661f,-0.6094033794277623f,0.3879063813220587f,-0.6914883661144621f,-0.41467669075131813f,0f,0f,0f,1f],start_interpolation:0}
execute if entity @s[tag=aj.heiloang_aj.bone.leg_left_2] run data modify entity @s {} merge value {transformation:[-0.7673539893528505f,-0.2619624756726046f,0.5852721728937278f,0.7913724270572168f,-0.1994877845039353f,0.9649768600400568f,0.17036514731876443f,0.8187106936249544f,-0.6094033794277623f,0.013975726339365904f,-0.7927371570800185f,-0.36877751513429735f,0f,0f,0f,1f],start_interpolation:0}
execute if entity @s[tag=aj.heiloang_aj.bone.leg_left_1] run data modify entity @s {} merge value {transformation:[-0.8103907335819462f,-0.2068200175353881f,0.5481718154658964f,0.3890401383583602f,-0.07939672479359705f,0.9657585186685302f,0.24699523013859198f,0.7169256645190406f,-0.5804851583086039f,0.15663959897110286f,-0.799062586420868f,0.20682334518738488f,0f,0f,0f,1f],start_interpolation:0}
execute if entity @s[tag=aj.heiloang_aj.bone.leg_left_0] run data modify entity @s {} merge value {transformation:[-0.8458607524473784f,0.0256859484534743f,0.5327849655547727f,0.41319124305308486f,-0.29805557789351866f,0.805593172174311f,-0.5120376093927981f,1.260165542666232f,-0.44236010212915394f,-0.5919120483637552f,-0.6737638065717897f,-0.28698197621048394f,0f,0f,0f,1f],start_interpolation:0}
execute if entity @s[tag=aj.heiloang_aj.bone.tail_4] run data modify entity @s {} merge value {transformation:[-0.37121798029497766f,-0.14526394699349632f,-1.5251065407037179f,-1.1168975723767454f,-0.1807322272374519f,1.5624343992475165f,-0.10482830616544152f,-0.10388346873327547f,1.5213110914047727f,0.1501715600225165f,-0.38459775014539055f,-3.810171912433289f,0f,0f,0f,1f],start_interpolation:0}
execute if entity @s[tag=aj.heiloang_aj.bone.tail_3] run data modify entity @s {} merge value {transformation:[-0.6139571968982187f,-0.16185915875582046f,-0.7725659668298492f,-0.08027769553915393f,0.02231893548415298f,0.9747990374800319f,-0.2219655415753925f,0.16729126890652424f,0.7890237166877405f,-0.1535201916845505f,-0.5948723604685318f,-3.0112252026890136f,0f,0f,0f,1f],start_interpolation:0}
execute if entity @s[tag=aj.heiloang_aj.bone.tail_2] run data modify entity @s {} merge value {transformation:[-0.9150901706553376f,0.04555808208676245f,-0.4006674939729461f,0.234277298401388f,0.12458287572637056f,0.9769302512036394f,-0.17345429184353267f,0.3209544951095008f,0.383521950670014f,-0.20864262613322676f,-0.8996550271712473f,-2.310607217193381f,0f,0f,0f,1f],start_interpolation:0}
execute if entity @s[tag=aj.heiloang_aj.bone.tail_1] run data modify entity @s {} merge value {transformation:[-0.9804025433721629f,0.13291275913661924f,-0.14541338111771257f,0.3501604957883954f,0.1715852758863784f,0.9387652269291115f,-0.29879481556367216f,0.570312919523336f,0.09679538237121388f,-0.31788999224169423f,-0.9431736885559233f,-1.5788993023151718f,0f,0f,0f,1f],start_interpolation:0}
execute if entity @s[tag=aj.heiloang_aj.bone.tail_ring] run data modify entity @s {} merge value {transformation:[-0.9432893948795719f,0.2962931039864201f,0.14971811526272755f,0.38086564245765264f,0.15647314639656001f,0.7945861878484365f,-0.5866420923674415f,0.5106521416505609f,-0.2927819529351009f,-0.529946399752448f,-0.7958866385515759f,-1.7097104690131446f,0f,0f,0f,1f],start_interpolation:0}
execute if entity @s[tag=aj.heiloang_aj.bone.tail_0] run data modify entity @s {} merge value {transformation:[-0.9432893948795719f,0.2962931039864201f,0.14971811526272755f,0.1650292941961954f,0.15647314639656001f,0.7945861878484365f,-0.5866420923674415f,1.3121778123314698f,-0.2927819529351009f,-0.529946399752448f,-0.7958866385515759f,-0.585961622285042f,0f,0f,0f,1f],start_interpolation:0}
execute if entity @s[tag=aj.heiloang_aj.bone.body_1] run data modify entity @s {} merge value {transformation:[-0.8660254037844386f,0.06623631839630863f,0.4955933313971273f,-0.0018960387843347866f,0f,0.9911866627942546f,-0.13247263679261725f,1.42876546875f,-0.5f,-0.11472466876871563f,-0.8583928298721445f,-0.290739714492411f,0f,0f,0f,1f],start_interpolation:0}