execute if entity @s[tag=aj.heiloang_aj.bone.head_lower] run data modify entity @s {} merge value {transformation:[-0.7958853544213187f,-0.012049212487534613f,-0.08013313357209033f,-0.6514211588822484f,-0.05341457732099416f,0.67291961719991f,0.42933212285728856f,-0.5230839346766026f,0.06093755449041062f,0.43247428277986283f,-0.6702630895303512f,2.426778165658013f,0f,0f,0f,1f],start_interpolation:0}
execute if entity @s[tag=aj.heiloang_aj.bone.horne_right] run data modify entity @s {} merge value {transformation:[-0.5689508627879547f,-0.5571584272330532f,-0.07661202709779182f,-1.0257330936276008f,-0.5391178983118051f,0.5092803701037976f,0.2999756595905756f,-0.043171915766087476f,-0.1601462064886467f,0.26496790671726556f,-0.7376619828601486f,2.4233141407339853f,0f,0f,0f,1f],start_interpolation:0}
execute if entity @s[tag=aj.heiloang_aj.bone.horne_left] run data modify entity @s {} merge value {transformation:[-0.6046256062399087f,0.5182262764304706f,-0.07661202709779182f,-0.3490713652985957f,0.460355183683683f,0.5814531008677839f,0.2999756595905756f,0.0022411578722217884f,0.2500019622614702f,0.1826302765377313f,-0.7376619828601486f,2.371505031906238f,0f,0f,0f,1f],start_interpolation:0}
execute if entity @s[tag=aj.heiloang_aj.bone.head_upper] run data modify entity @s {} merge value {transformation:[-1.1657929700224872f,-0.03867394150387371f,-0.11221938199216802f,-0.6780838458002321f,-0.07824033749535923f,1.0834994107202967f,0.4393968467767854f,-0.31836452112377156f,0.08925980637869123f,0.44462958248110834f,-1.0805088309439743f,2.2664395835648423f,0f,0f,0f,1f],start_interpolation:0}
execute if entity @s[tag=aj.heiloang_aj.bone.neck_0] run data modify entity @s {} merge value {transformation:[-0.9615189365705876f,-0.2742519220594819f,0.016346799773862886f,-0.6522427547622324f,-0.22853091394736413f,0.8314116072228995f,0.5064862888029812f,-0.15623208059047297f,-0.15249575727392972f,0.48326040870499054f,-0.8620930468294801f,1.8658081215332285f,0f,0f,0f,1f],start_interpolation:0}
execute if entity @s[tag=aj.heiloang_aj.bone.neck_1] run data modify entity @s {} merge value {transformation:[-0.9615189365705876f,-0.27043268914172464f,-0.0484509572634249f,-0.6708922741315666f,-0.22853091394736413f,0.6893816721596682f,0.6874056527704159f,0.08915524670775338f,-0.15249575727392972f,0.672026093789456f,-0.7246557619170193f,1.6079699701649885f,0f,0f,0f,1f],start_interpolation:0}
execute if entity @s[tag=aj.heiloang_aj.bone.neck_2] run data modify entity @s {} merge value {transformation:[-0.9732681598632986f,-0.2254947667237045f,0.04360274276385642f,-0.6454659629857915f,-0.10825613517814121f,0.617844137117219f,0.7788127062562413f,0.38760497577626174f,-0.2025578884975871f,0.753273345081386f,-0.625739218362808f,1.3262942788449736f,0f,0f,0f,1f],start_interpolation:0}
execute if entity @s[tag=aj.heiloang_aj.bone.neck_3] run data modify entity @s {} merge value {transformation:[-0.9611555924521735f,-0.1426677981526424f,0.2362748959754047f,-0.5197388252515056f,0.05153249676368565f,0.7482334479302986f,0.6614311069005128f,0.711776165363835f,-0.2711536997262109f,0.647914042731452f,-0.7118167350913954f,0.9422390699978809f,0f,0f,0f,1f],start_interpolation:0}
execute if entity @s[tag=aj.heiloang_aj.bone.wing_right_2] run data modify entity @s {} merge value {transformation:[-1.2463547113027178f,1.9619801191989106f,-0.36167658453756113f,-4.708043196381781f,1.8378718157893803f,1.295050669774347f,0.6918431598021823f,2.08766783750464f,0.7761463319900261f,0.08398679006993601f,-2.219035623137489f,1.5311019046560763f,0f,0f,0f,1f],start_interpolation:0}
execute if entity @s[tag=aj.heiloang_aj.bone.wing_right_1] run data modify entity @s {} merge value {transformation:[-2.915288090190003f,1.5568737663678545f,-0.5142549948147291f,-2.7915275578125502f,1.3691775535243043f,2.888752684010202f,0.9837070348681308f,1.176276274296304f,0.9020348945697866f,0.6468931744263658f,-3.1551673557450246f,0.98852685518044f,0f,0f,0f,1f],start_interpolation:0}
execute if entity @s[tag=aj.heiloang_aj.bone.wing_right_0] run data modify entity @s {} merge value {transformation:[-2.184563662056361f,0.19894120102915558f,-0.3413268301144483f,-0.7623439135621968f,0.09103412909960959f,2.1198614927530985f,0.6529165634915973f,1.096836862505756f,0.3844403643765518f,0.6284979316399366f,-2.0941814525399525f,0.6141617707636784f,0f,0f,0f,1f],start_interpolation:0}
execute if entity @s[tag=aj.heiloang_aj.bone.wing_left_2] run data modify entity @s {} merge value {transformation:[-0.9223427027677586f,-2.0732811348015647f,0.6199720002129201f,3.274499418439546f,-1.9500198672746076f,1.0884994569155402f,0.739031430894453f,2.503330165358704f,-0.9382336927473851f,-0.22416573041282858f,-2.145470407491815f,2.236513482128901f,0f,0f,0f,1f],start_interpolation:0}
execute if entity @s[tag=aj.heiloang_aj.bone.wing_left_1] run data modify entity @s {} merge value {transformation:[-2.11744440293733f,-2.434456306246564f,0.8815160045885186f,1.8747588239288304f,-2.197678782682565f,2.2919950183365887f,1.0508023491442793f,1.0484831148663152f,-1.3688885789268053f,0.08602384434906848f,-3.0505676077718973f,1.3866895083357198f,0f,0f,0f,1f],start_interpolation:0}
execute if entity @s[tag=aj.heiloang_aj.bone.wing_left_0] run data modify entity @s {} merge value {transformation:[-2.133467276193848f,-0.18543991985886837f,0.5850892389479901f,-0.10494472588166481f,0.008081059110492844f,2.107581195511385f,0.6974497837195529f,1.06159030952554f,-0.6137198692348607f,0.6723938878734212f,-2.0247553881041553f,0.7996220888811656f,0f,0f,0f,1f],start_interpolation:0}
execute if entity @s[tag=aj.heiloang_aj.bone.kazari_right] run data modify entity @s {} merge value {transformation:[-2.526005803856614f,0.7229592082192079f,0.05911726219987596f,-1.9934992799424096f,0.13543216825091656f,0.6804755045366593f,-2.5348533298959692f,4.1526976119355f,-0.7126170045977069f,-2.4333419939525323f,-0.6912987297699574f,-2.536265924334873f,0f,0f,0f,1f],start_interpolation:0}
execute if entity @s[tag=aj.heiloang_aj.bone.kazari_left] run data modify entity @s {} merge value {transformation:[-2.526005803856614f,0.7229592082192079f,0.05911726219987596f,2.8834846929407867f,0.13543216825091656f,0.6804755045366593f,-2.5348533298959692f,3.8912174075099557f,-0.7126170045977069f,-2.4333419939525323f,-0.6912987297699574f,-1.1604093428017268f,0f,0f,0f,1f],start_interpolation:0}
execute if entity @s[tag=aj.heiloang_aj.bone.ring] run data modify entity @s {} merge value {transformation:[-2.117364096021623f,-0.5000374412805295f,-0.3459163598041964f,-0.5005744455272821f,0.11352278370185717f,-1.5563644321643353f,1.5549175597627012f,2.7272935070171265f,-0.5973342014677769f,1.4766917746758914f,1.5216765556929126f,1.2573544094690412f,0f,0f,0f,1f],start_interpolation:0}
execute if entity @s[tag=aj.heiloang_aj.bone.body_0] run data modify entity @s {} merge value {transformation:[-1.0847237578253093f,-0.11756693539793359f,0.2884523545547025f,-0.2608539731386885f,0.05815762190699334f,0.9502732242400482f,0.6060122657539365f,1.3806409719073274f,-0.3060137842665537f,0.5973367483515766f,-0.9073019061179702f,0.15168983483241566f,0f,0f,0f,1f],start_interpolation:0}
execute if entity @s[tag=aj.heiloang_aj.bone.leg_right_3] run data modify entity @s {} merge value {transformation:[-0.8799290617207987f,-0.14709900318858246f,0.4517595927039956f,-0.6738475762685354f,0.15774911280058754f,0.8064613576325093f,0.5698555045414208f,0.05680405959963797f,-0.44815183113514356f,0.5726970943757748f,-0.6864240484888058f,-0.82547673907978f,0f,0f,0f,1f],start_interpolation:0}
execute if entity @s[tag=aj.heiloang_aj.bone.leg_right_2] run data modify entity @s {} merge value {transformation:[-0.9768836380209264f,0.05520749974950641f,-0.20651994997677048f,-0.6305281425980401f,0.08599316194187846f,0.9859509396242869f,-0.14319888530719563f,0.6631997810072778f,0.19571288630603106f,-0.15764795154201577f,-0.9679068082766897f,-0.8756923365109178f,0f,0f,0f,1f],start_interpolation:0}
execute if entity @s[tag=aj.heiloang_aj.bone.leg_right_1] run data modify entity @s {} merge value {transformation:[-0.9854126535638807f,-0.021463506816216407f,-0.1688230436621174f,-0.5130130684430052f,-0.04091588882708536f,0.9927971908574502f,0.11260385369535547f,0.6582750315896873f,0.16519016991843238f,0.11786880715738851f,-0.9791931127523384f,-0.17589681832555315f,0f,0f,0f,1f],start_interpolation:0}
execute if entity @s[tag=aj.heiloang_aj.bone.leg_right_0] run data modify entity @s {} merge value {transformation:[-0.9182271666909648f,0.3710785495182478f,-0.138418136232635f,-0.21811299308104826f,0.37936870181528964f,0.7237040208168456f,-0.576482331330729f,1.1344119395901888f,-0.11374646558757318f,-0.5818532463954841f,-0.8053002801597495f,-0.6511484641927053f,0f,0f,0f,1f],start_interpolation:0}
execute if entity @s[tag=aj.heiloang_aj.bone.leg_left_3] run data modify entity @s {} merge value {transformation:[-0.7704406335623212f,-0.5015205832707365f,0.3935712574767999f,0.9743136054030219f,-0.1998878243288156f,0.7762612733925706f,0.5978823405286675f,0.08947766857718309f,-0.6053644256488663f,0.3819627468572364f,-0.6983110855285721f,-0.40858553775917494f,0f,0f,0f,1f],start_interpolation:0}
execute if entity @s[tag=aj.heiloang_aj.bone.leg_left_2] run data modify entity @s {} merge value {transformation:[-0.7704406335623212f,-0.2485617310871567f,0.5870590225820954f,0.7954462672949947f,-0.1998878243288156f,0.9686097783818791f,0.14778347305466738f,0.6715989464612182f,-0.6053644256488663f,-0.003487558166257898f,-0.7959407949696102f,-0.373156119288118f,0f,0f,0f,1f],start_interpolation:0}
execute if entity @s[tag=aj.heiloang_aj.bone.leg_left_1] run data modify entity @s {} merge value {transformation:[-0.8115263201966683f,-0.1911422044641139f,0.5521681712129498f,0.3914710077075828f,-0.07852903868828488f,0.972086799381515f,0.22108922305462098f,0.5885690206052836f,-0.5790148717526592f,0.13605848794103576f,-0.8038842367831642f,0.20430196069384365f,0f,0f,0f,1f],start_interpolation:0}
execute if entity @s[tag=aj.heiloang_aj.bone.leg_left_0] run data modify entity @s {} merge value {transformation:[-0.8461032876091884f,0.022203532243378454f,0.5325563161327074f,0.4130538989193337f,-0.29799034612893505f,0.8087022055875502f,-0.507151354421724f,1.1344119395901888f,-0.4419400189062769f,-0.5877990692692094f,-0.6776291565859387f,-0.28674408919270533f,0f,0f,0f,1f],start_interpolation:0}
execute if entity @s[tag=aj.heiloang_aj.bone.tail_4] run data modify entity @s {} merge value {transformation:[-0.5389756772520168f,-0.05462037620583674f,-1.4803297597229936f,-1.1167155091292322f,-0.04642442139206197f,1.57511918618137f,-0.04121511991277884f,-0.3040032244196634f,1.4806094542845574f,0.0295047032546564f,-0.5401661596737737f,-3.772160044567426f,0f,0f,0f,1f],start_interpolation:0}
execute if entity @s[tag=aj.heiloang_aj.bone.tail_3] run data modify entity @s {} merge value {transformation:[-0.6165887996456202f,-0.13184679527338705f,-0.7761666539653136f,-0.07606728474566904f,0.08086702113495248f,0.9700560379147108f,-0.2290235974697197f,-0.023272873238501468f,0.7831211764754751f,-0.2039796702648346f,-0.5874636304268691f,-2.98179677656148f,0f,0f,0f,1f],start_interpolation:0}
execute if entity @s[tag=aj.heiloang_aj.bone.tail_2] run data modify entity @s {} merge value {transformation:[-0.917401558383119f,0.058662808324058784f,-0.3936153650402375f,0.23320531558891744f,0.1462747162417998f,0.9695465414137853f,-0.1964260965883813f,0.14824237570183096f,0.3701055093680795f,-0.23777758294696733f,-0.8980443936595186f,-2.282972212766518f,0f,0f,0f,1f],start_interpolation:0}
execute if entity @s[tag=aj.heiloang_aj.bone.tail_1] run data modify entity @s {} merge value {transformation:[-0.978467930311771f,0.14910004177666802f,-0.14272241202276129f,0.3472589422805883f,0.18841748530778468f,0.9275385805522057f,-0.322755376124845f,0.4161360297371667f,0.0842577033967204f,-0.3426971828442646f,-0.9356598101280801f,-1.5575552483079549f,0f,0f,0f,1f],start_interpolation:0}
execute if entity @s[tag=aj.heiloang_aj.bone.tail_ring] run data modify entity @s {} merge value {transformation:[-0.9394879564540869f,0.30917130272260157f,0.14756518983328393f,0.3780541147524964f,0.15989488241742067f,0.7766763959177856f,-0.6092679234957955f,0.3526682780407846f,-0.30297855741692825f,-0.5488049577007925f,-0.7791130291225967f,-1.6865408197036804f,0f,0f,0f,1f],start_interpolation:0}
execute if entity @s[tag=aj.heiloang_aj.bone.tail_0] run data modify entity @s {} merge value {transformation:[-0.9394879564540869f,0.30917130272260157f,0.14756518983328393f,0.1649341890252365f,0.15989488241742067f,0.7766763959177856f,-0.6092679234957955f,1.1862046663608041f,-0.30297855741692825f,-0.5488049577007925f,-0.7791130291225967f,-0.5857968952968786f,0f,0f,0f,1f],start_interpolation:0}
execute if entity @s[tag=aj.heiloang_aj.bone.body_1] run data modify entity @s {} merge value {transformation:[-0.8660254037844386f,0.06704287138667307f,0.495484866969951f,-0.0018960387843347866f,0f,0.990969733939902f,-0.13408574277334614f,1.3033441490524784f,-0.5f,-0.11612165952702347f,-0.8582049639734612f,-0.290739714492411f,0f,0f,0f,1f],start_interpolation:0}