execute if entity @s[tag=aj.heiloang_aj.bone.head_lower] run data modify entity @s {} merge value {transformation:[-0.795163503346134f,-0.012269123559230101f,-0.08697397055091477f,-0.638720685054869f,-0.061435626913912356f,0.6438335155725428f,0.47085461447371924f,-0.3285800005577738f,0.06277472972460822f,0.47468713152200437f,-0.6408833438898329f,2.391781337777758f,0f,0f,0f,1f],start_interpolation:0}
execute if entity @s[tag=aj.heiloang_aj.bone.horne_right] run data modify entity @s {} merge value {transformation:[-0.5678897052690557f,-0.5572480027088416f,-0.08352212956116561f,-1.0150624239473043f,-0.5288928914137992f,0.486249077950438f,0.3519007581752277f,0.14855634122918535f,-0.1943542951966236f,0.3050188480559128f,-0.7135754411898352f,2.425615887720475f,0f,0f,0f,1f],start_interpolation:0}
execute if entity @s[tag=aj.heiloang_aj.bone.horne_left] run data modify entity @s {} merge value {transformation:[-0.604622354882236f,0.517161349919179f,-0.08352212956116561f,-0.3390144134024213f,0.43830270062109983f,0.5692596938339746f,0.3519007581752277f,0.2007889112313936f,0.2869190662972926f,0.22019886268058272f,-0.7135754411898352f,2.372244812508613f,0f,0f,0f,1f],start_interpolation:0}
execute if entity @s[tag=aj.heiloang_aj.bone.head_upper] run data modify entity @s {} merge value {transformation:[-1.1647356206138335f,-0.03982078649943636f,-0.12234112732795638f,-0.6674715029420244f,-0.08998937041282598f,1.048508331939061f,0.5154554330561192f,-0.11298470731436303f,0.09195085473236302f,0.5217343147780626f,-1.045227466868841f,2.246793551847848f,0f,0f,0f,1f],start_interpolation:0}
execute if entity @s[tag=aj.heiloang_aj.bone.neck_0] run data modify entity @s {} merge value {transformation:[-0.9612016821521241f,-0.27575302804703516f,0.007182879006220805f,-0.644618633068251f,-0.22962400721483828f,0.8142945417354026f,0.533101504978677f,0.03714866368784275f,-0.15285333342301322f,0.5107687018825857f,-0.846020798585148f,1.8464109310677963f,0f,0f,0f,1f],start_interpolation:0}
execute if entity @s[tag=aj.heiloang_aj.bone.neck_1] run data modify entity @s {} merge value {transformation:[-0.9612016821521241f,-0.2690591045153266f,-0.060815495602169686f,-0.6676735653717233f,-0.22962400721483828f,0.6582816552932234f,0.7168947465388581f,0.2930163732182779f,-0.15285333342301322f,0.7030451341000977f,-0.6945238641541763f,1.5993412190665137f,0f,0f,0f,1f],start_interpolation:0}
execute if entity @s[tag=aj.heiloang_aj.bone.neck_2] run data modify entity @s {} merge value {transformation:[-0.9731523363519732f,-0.2262570522298759f,0.042217017527806794f,-0.6427895758657349f,-0.1092338786938947f,0.6154678451128135f,0.78055575801968f,0.5922600518709259f,-0.20258946171551823f,0.7549881309983866f,-0.6236589068179653f,1.3184605664525384f,0f,0f,0f,1f],start_interpolation:0}
execute if entity @s[tag=aj.heiloang_aj.bone.neck_3] run data modify entity @s {} merge value {transformation:[-0.9612167187947045f,-0.14347820387959187f,0.23553433830553916f,-0.5174260517379192f,0.05059916291989373f,0.7477813157701987f,0.6620142207662887f,0.9167439518294602f,-0.27111278874547384f,0.6482569774375565f,-0.71152002570706f,0.9345506001192625f,0f,0f,0f,1f],start_interpolation:0}
execute if entity @s[tag=aj.heiloang_aj.bone.wing_right_2] run data modify entity @s {} merge value {transformation:[-1.5863631146097164f,1.6823732099299373f,-0.4320283062911572f,-4.597189138585931f,1.551708141054863f,1.635558471289429f,0.6713615555708085f,2.638801655634763f,0.7805318186408737f,0.16776434610617388f,-2.2127361366836635f,1.7292927156807274f,0f,0f,0f,1f],start_interpolation:0}
execute if entity @s[tag=aj.heiloang_aj.bone.wing_right_1] run data modify entity @s {} merge value {transformation:[-2.841252309820383f,1.654435643285799f,-0.6142855908010876f,-2.727624170733936f,1.4564392068186414f,2.855655990474335f,0.9545849746405668f,1.670721385435118f,0.9966388120486906f,0.5434062377204995f,-3.1462103413511033f,1.124642502655048f,0f,0f,0f,1f],start_interpolation:0}
execute if entity @s[tag=aj.heiloang_aj.bone.wing_right_0] run data modify entity @s {} merge value {transformation:[-2.1173821476292005f,0.5280691932149129f,-0.40772020808209164f,-0.7614600207030202f,0.3992076340153762f,2.08988045706214f,0.6335873579338417f,1.304486801516587f,0.5345335404303446f,0.5309826761459281f,-2.0882364070640826f,0.6107194896031244f,0f,0f,0f,1f],start_interpolation:0}
execute if entity @s[tag=aj.heiloang_aj.bone.wing_left_2] run data modify entity @s {} merge value {transformation:[-1.3500832118911104f,-1.8233544350270383f,0.6214739991005409f,3.2642521106183833f,-1.6626449688761018f,1.4862239396856352f,0.7485493403225352f,2.9356318278279137f,-0.9728633176154684f,-0.009644257024031109f,-2.141732933833181f,2.319379813639129f,0f,0f,0f,1f],start_interpolation:0}
execute if entity @s[tag=aj.heiloang_aj.bone.wing_left_1] run data modify entity @s {} merge value {transformation:[-2.162637767467648f,-2.3936115878166553f,0.8836516430655099f,1.8348901139058347f,-2.1473644083387438f,2.3330741014869556f,1.0643355240105588f,1.5135206079683947f,-1.378057603085786f,0.12086180761788748f,-3.045253427702987f,1.4634718633402444f,0f,0f,0f,1f],start_interpolation:0}
execute if entity @s[tag=aj.heiloang_aj.bone.wing_left_0] run data modify entity @s {} merge value {transformation:[-2.0896204821830198f,-0.46679342188034195f,0.586506727779352f,-0.10401902459080326f,-0.2680333086877621f,2.0874653861277257f,0.706432167410655f,1.2698786185521744f,-0.7000317034785585f,0.5941314358017643f,-2.0212282036220057f,0.7961518259393943f,0f,0f,0f,1f],start_interpolation:0}
execute if entity @s[tag=aj.heiloang_aj.bone.kazari_right] run data modify entity @s {} merge value {transformation:[-2.526166449538972f,0.7214180299392768f,0.07006628189398169f,-1.9475569206774828f,0.13297928057605082f,0.7110384075320736f,-2.526580907572124f,4.3633558579656775f,-0.7125094867560643f,-2.425046514533079f,-0.7199651534552385f,-2.7096172051781715f,0f,0f,0f,1f],start_interpolation:0}
execute if entity @s[tag=aj.heiloang_aj.bone.kazari_left] run data modify entity @s {} merge value {transformation:[-2.526166449538972f,0.7214180299392768f,0.07006628189398169f,2.9297372123870464f,0.13297928057605082f,0.7110384075320736f,-2.526580907572124f,4.106611467630242f,-0.7125094867560643f,-2.425046514533079f,-0.7199651534552385f,-1.3339682093875798f,0f,0f,0f,1f],start_interpolation:0}
execute if entity @s[tag=aj.heiloang_aj.bone.ring] run data modify entity @s {} merge value {transformation:[-2.1174987534319447f,-0.4943297839738658f,-0.353218600408499f,-0.5068422662873614f,0.1114667091329052f,-1.575083731232131f,1.5361030883853388f,2.9286198222791553f,-0.5972440772023344f,1.4586554048397604f,1.539009489237319f,1.2725129804417015f,0f,0f,0f,1f],start_interpolation:0}
execute if entity @s[tag=aj.heiloang_aj.bone.body_0] run data modify entity @s {} merge value {transformation:[-1.0847927426977826f,-0.12185206725207244f,0.28640732363941485f,-0.26091089098191955f,0.05710429671979802f,0.9429386913518306f,0.6174610105792174f,1.5956054473420547f,-0.3059676136849019f,0.6080058174028992f,-0.9002028223227656f,0.15178841942874904f,0f,0f,0f,1f],start_interpolation:0}
execute if entity @s[tag=aj.heiloang_aj.bone.leg_right_3] run data modify entity @s {} merge value {transformation:[-0.8798672392866496f,-0.1646948680868666f,0.44576814787054886f,-0.6641990074882483f,0.15307092211169848f,0.7898120680569355f,0.5939412344293844f,0.28757592458030856f,-0.4498921359992462f,0.5908235756784559f,-0.669719768551414f,-0.8488480108077517f,0f,0f,0f,1f],start_interpolation:0}
execute if entity @s[tag=aj.heiloang_aj.bone.leg_right_2] run data modify entity @s {} merge value {transformation:[-0.9791860177872519f,0.04737788179845218f,-0.19735774341594872f,-0.626073675117827f,0.07557514473991965f,0.987560021445887f,-0.1378898166629408f,0.8946997958239777f,0.1883696898852991f,-0.14993512049580374f,-0.97058555499988f,-0.8942464083360351f,0f,0f,0f,1f],start_interpolation:0}
execute if entity @s[tag=aj.heiloang_aj.bone.leg_right_1] run data modify entity @s {} merge value {transformation:[-0.9870928644109886f,-0.02498225581973719f,-0.15818838112537423f,-0.5163268858798328f,-0.04987744643315965f,0.9865876531374905f,0.1554253615532738f,0.8590927938230073f,0.15218382754490284f,0.1613092978436635f,-0.975099683654429f,-0.19407814517119631f,0f,0f,0f,1f],start_interpolation:0}
execute if entity @s[tag=aj.heiloang_aj.bone.leg_right_0] run data modify entity @s {} merge value {transformation:[-0.9185076966817656f,0.3746611315599347f,-0.1263829404412916f,-0.21798809735952449f,0.37883459933277236f,0.7422997145105532f,-0.5526983627494558f,1.350437304629298f,-0.11326057339045936f,-0.5555359307333599f,-0.8237426006826912f,-0.6513647899280326f,0f,0f,0f,1f],start_interpolation:0}
execute if entity @s[tag=aj.heiloang_aj.bone.leg_left_3] run data modify entity @s {} merge value {transformation:[-0.7676333571269519f,-0.5074097993696841f,0.3915026494541543f,0.9779579106110224f,-0.1995273756991741f,0.7697272467975408f,0.606389966839886f,0.3278907795896262f,-0.609038467892305f,0.3873696697485417f,-0.6921104562035598f,-0.41414208021765253f,0f,0f,0f,1f],start_interpolation:0}
execute if entity @s[tag=aj.heiloang_aj.bone.leg_left_2] run data modify entity @s {} merge value {transformation:[-0.7676333571269519f,-0.2607473908663693f,0.5854483983942448f,0.7917554298488345f,-0.1995273756991741f,0.9653274874056398f,0.1683201366614069f,0.9070469509404021f,-0.609038467892305f,0.012395169038574905f,-0.7930438225040903f,-0.3691897071467209f,0f,0f,0f,1f],start_interpolation:0}
execute if entity @s[tag=aj.heiloang_aj.bone.leg_left_1] run data modify entity @s {} merge value {transformation:[-0.8104937994422569f,-0.20540066715493277f,0.5485529755620355f,0.38926073780922615f,-0.07931772859692568f,0.9663612076105914f,0.244652231454413f,0.8069604544328601f,-0.5803520474641913f,0.1547791405768481f,-0.7995216811609385f,0.2065954343597261f,0f,0f,0f,1f],start_interpolation:0}
execute if entity @s[tag=aj.heiloang_aj.bone.leg_left_0] run data modify entity @s {} merge value {transformation:[-0.8458827569067026f,0.025369854308533918f,0.5327651753448981f,0.4131787946408575f,-0.2980496927704616f,0.8058764264622271f,-0.5115951191243951f,1.350437304629298f,-0.4423219892876113f,-0.5915399866153042f,-0.6741154960597003f,-0.2869604149280326f,0f,0f,0f,1f],start_interpolation:0}
execute if entity @s[tag=aj.heiloang_aj.bone.tail_4] run data modify entity @s {} merge value {transformation:[-1.4810615438646926f,-0.03011720608728714f,0.5388914741117209f,0.24172798942348594f,-0.04226341371683535f,1.5755248030926392f,-0.028102711409636025f,0.2318721544729388f,-0.5380751535183605f,-0.04085232459811248f,-1.4811011378122685f,-4.45487250377347f,0f,0f,0f,1f],start_interpolation:0}
execute if entity @s[tag=aj.heiloang_aj.bone.tail_3] run data modify entity @s {} merge value {transformation:[-0.9903261716802766f,0.03975911991081884f,0.1329409119458878f,0.06303867694228478f,0.018698482709428865f,0.9875699163131068f,-0.15606417634322117f,0.41464825978814f,-0.1374934195860019f,-0.15206864495102188f,-0.9787597697051649f,-3.142967256687842f,0f,0f,0f,1f],start_interpolation:0}
execute if entity @s[tag=aj.heiloang_aj.bone.tail_2] run data modify entity @s {} merge value {transformation:[-0.9934246756623956f,0.10949858968554337f,0.03342862010225878f,0.03886460663577104f,0.10354983785703788f,0.983907972527547f,-0.14561089477272166f,0.5466375890532593f,-0.04883487344967016f,-0.14119192772112876f,-0.988777019697336f,-2.3713344267842933f,0f,0f,0f,1f],start_interpolation:0}
execute if entity @s[tag=aj.heiloang_aj.bone.tail_1] run data modify entity @s {} merge value {transformation:[-0.948918293353835f,0.17885539587477559f,-0.25993233716666025f,0.24501863567124943f,0.23690483303674792f,0.9479968386004353f,-0.21255139163837694f,0.7287539278003092f,0.2083990705888f,-0.2632731307407905f,-0.9419432498869912f,-1.639665671518625f,0f,0f,0f,1f],start_interpolation:0}
execute if entity @s[tag=aj.heiloang_aj.bone.tail_ring] run data modify entity @s {} merge value {transformation:[-0.9490786073086342f,0.3080687319835341f,0.06590488239243486f,0.2640444132801295f,0.22775440117784074f,0.8154807389323624f,-0.532089369537159f,0.677580829845535f,-0.21766425956786395f,-0.4899845107800711f,-0.8441193335674689f,-1.776168820249116f,0f,0f,0f,1f],start_interpolation:0}
execute if entity @s[tag=aj.heiloang_aj.bone.tail_0] run data modify entity @s {} merge value {transformation:[-0.9490786073086342f,0.3080687319835341f,0.06590488239243486f,0.16502068498105435f,0.22775440117784074f,0.8154807389323624f,-0.532089369537159f,1.402429663504892f,-0.21766425956786395f,-0.4899845107800711f,-0.8441193335674689f,-0.5859467106870044f,0f,0f,0f,1f],start_interpolation:0}
execute if entity @s[tag=aj.heiloang_aj.bone.body_1] run data modify entity @s {} merge value {transformation:[-0.8660254037844386f,0.06630949443534907f,0.4955835458807409f,-0.0018960387843347866f,0f,0.9911670917614818f,-0.13261898887069815f,1.5190673931884766f,-0.5f,-0.11485141338623032f,-0.8583758808605849f,-0.290739714492411f,0f,0f,0f,1f],start_interpolation:0}