execute if entity @s[tag=aj.heiloang_aj.bone.head_lower] run data modify entity @s {} merge value {transformation:[-0.7956433230376957f,-0.0036783007618147717f,-0.08329569382049978f,-0.6319606243108796f,-0.052980060625015105f,0.63943039327973f,0.4778303938912841f,-0.6481977325612445f,0.06438024294535213f,0.48074446669060644f,-0.6361917494471789f,2.3516053969087984f,0f,0f,0f,1f],start_interpolation:0}
execute if entity @s[tag=aj.heiloang_aj.bone.horne_right] run data modify entity @s {} merge value {transformation:[-0.5748812321075031f,-0.5503283130161445f,-0.08154947494229227f,-1.0023809938303223f,-0.5183637419837422f,0.4872743489363418f,0.36587257326188943f,-0.16725634526871647f,-0.20201633589185664f,0.3157569583737923f,-0.7067439021819432f,2.395435770971405f,0f,0f,0f,1f],start_interpolation:0}
execute if entity @s[tag=aj.heiloang_aj.bone.horne_left] run data modify entity @s {} merge value {transformation:[-0.5983383484124761f,0.5247293625819567f,-0.08154947494229227f,-0.3259250405836735f,0.44024174598044213f,0.5588599692506302f,0.36587257326188943f,-0.12221269772532861f,0.29694852401573263f,0.22876763497819813f,-0.7067439021819432f,2.340699688419267f,0f,0f,0f,1f],start_interpolation:0}
execute if entity @s[tag=aj.heiloang_aj.bone.head_upper] run data modify entity @s {} merge value {transformation:[-1.1654384485025409f,-0.02542917078156042f,-0.11945163215859617f,-0.6585633144690453f,-0.07760386830200651f,1.0391960524326809f,0.5359209984996841f,-0.4296560930034362f,0.09430257036027818f,0.5409131485568601f,-1.0352207993185558f,2.210675461400108f,0f,0f,0f,1f],start_interpolation:0}
execute if entity @s[tag=aj.heiloang_aj.bone.neck_0] run data modify entity @s {} merge value {transformation:[-0.962119109888229f,-0.27233153161905155f,0.012741870894933935f,-0.6343909175207944f,-0.22212077489396564f,0.8101152336948532f,0.5425639773298975f,-0.2506869987310703f,-0.1580796626653343f,0.5191809366892768f,-0.8399178383806714f,1.8171706747074792f,0f,0f,0f,1f],start_interpolation:0}
execute if entity @s[tag=aj.heiloang_aj.bone.neck_1] run data modify entity @s {} merge value {transformation:[-0.9601641267171767f,-0.26955229980459866f,-0.07366415298836343f,-0.6620247172890431f,-0.23211661765315067f,0.6225803008489744f,0.7473390427403492f,0.015995610859262654f,-0.1555851071751481f,0.7346668133683815f,-0.6603468389872443f,1.5823089789699154f,0f,0f,0f,1f],start_interpolation:0}
execute if entity @s[tag=aj.heiloang_aj.bone.neck_2] run data modify entity @s {} merge value {transformation:[-0.9724948901553704f,-0.2294424849825689f,0.04012274550323519f,-0.6378921960162512f,-0.11144258469357826f,0.6095961703322792f,0.7848395118959248f,0.31719157471740184f,-0.20453419992389615f,0.7587810324469391f,-0.6183988242713995f,1.3034567852673358f,0f,0f,0f,1f],start_interpolation:0}
execute if entity @s[tag=aj.heiloang_aj.bone.neck_3] run data modify entity @s {} merge value {transformation:[-0.9614336647044288f,-0.1477408029785501f,0.2319869899547494f,-0.514261200494539f,0.04950705975023913f,0.7367368729276732f,0.6743647611668627f,0.6483343343222185f,-0.270544560854396f,0.6598419774491519f,-0.7010094189011267f,0.9247055126995996f,0f,0f,0f,1f],start_interpolation:0}
execute if entity @s[tag=aj.heiloang_aj.bone.wing_right_2] run data modify entity @s {} merge value {transformation:[-2.1800882042846057f,0.766765915296464f,-0.43915994694382654f,-4.740671199241408f,0.6223021990575592f,2.1623077457538464f,0.6861058169277171f,2.063514902569821f,0.6273208117927027f,0.5196837982018486f,-2.206801612129929f,1.68193714912433f,0f,0f,0f,1f],start_interpolation:0}
execute if entity @s[tag=aj.heiloang_aj.bone.wing_right_1] run data modify entity @s {} merge value {transformation:[-3.069900615183889f,1.1717599527039366f,-0.6244258154759812f,-2.7212517900967095f,0.9657558847960709f,3.0500553901726093f,0.9755493123162801f,1.4163748886582066f,0.9111775659965163f,0.7150940518688967f,-3.137772253224633f,1.1331115747881855f,0f,0f,0f,1f],start_interpolation:0}
execute if entity @s[tag=aj.heiloang_aj.bone.wing_right_0] run data modify entity @s {} merge value {transformation:[-2.1117787037658284f,0.5449967134104242f,-0.41445058655158357f,-0.7603535006315372f,0.4105960931995979f,2.083399137488666f,0.6475020325533426f,1.0396591420059864f,0.5479065199195418f,0.5392834285265206f,-2.082635788885406f,0.6067948989494253f,0f,0f,0f,1f],start_interpolation:0}
execute if entity @s[tag=aj.heiloang_aj.bone.wing_left_2] run data modify entity @s {} merge value {transformation:[-2.017173252823246f,-1.0465516032523614f,0.6077152426469185f,3.5444721725132635f,-0.8360985395793317f,2.0591828418854274f,0.7708964016772755f,2.3626737623274714f,-0.8749441733783931f,0.44505254940913946f,-2.1377504363364386f,2.2815578187884196f,0f,0f,0f,1f],start_interpolation:0}
execute if entity @s[tag=aj.heiloang_aj.bone.wing_left_1] run data modify entity @s {} merge value {transformation:[-2.5924497596058766f,-1.9286715578535625f,0.8640885595505473f,1.8340021570274527f,-1.6428844955874442f,2.699387365847389f,1.0961100109760342f,1.2703712071830542f,-1.3294185010664687f,0.4251501428086375f,-3.0395908570055905f,1.457408613346713f,0f,0f,0f,1f],start_interpolation:0}
execute if entity @s[tag=aj.heiloang_aj.bone.wing_left_0] run data modify entity @s {} merge value {transformation:[-2.087204738597319f,-0.49299976689309183f,0.5735221085714587f,-0.10276412056781084f,-0.2907187823150687f,2.077160205238875f,0.7275218700363844f,1.0057979221162645f,-0.6981826185076068f,0.6088979484407476f,-2.0174697815824927f,0.7918385858756043f,0f,0f,0f,1f],start_interpolation:0}
execute if entity @s[tag=aj.heiloang_aj.bone.kazari_right] run data modify entity @s {} merge value {transformation:[-2.5267366034572243f,0.7179286518858795f,0.08396889964161044f,-2.0479587853358057f,0.13010913242665534f,0.7520508750850138f,-2.514828281115691f,4.178856530156548f,-0.7110161312972317f,-2.413683517083679f,-0.7585895655424809f,-2.356482655916982f,0f,0f,0f,1f],start_interpolation:0}
execute if entity @s[tag=aj.heiloang_aj.bone.kazari_left] run data modify entity @s {} merge value {transformation:[-2.5267366034572243f,0.7179286518858795f,0.08396889964161044f,2.8304361494438846f,0.13010913242665534f,0.7520508750850138f,-2.514828281115691f,3.92765356276758f,-0.7110161312972317f,-2.413683517083679f,-0.7585895655424809f,-0.9837168960348049f,0f,0f,0f,1f],start_interpolation:0}
execute if entity @s[tag=aj.heiloang_aj.bone.ring] run data modify entity @s {} merge value {transformation:[-2.117976671350372f,-0.4859699879411821f,-0.36184841608064916f,-0.514709950030978f,0.10906087592677617f,-1.5999300327898867f,1.5103827002793244f,2.65482108602042f,-0.5959923076195796f,1.4342187234802877f,1.5622855399256852f,1.2934680636844345f,0f,0f,0f,1f],start_interpolation:0}
execute if entity @s[tag=aj.heiloang_aj.bone.body_0] run data modify entity @s {} merge value {transformation:[-1.0850375796256317f,-0.12709526716542943f,0.283183014677739f,-0.261324301783274f,0.05587179049143769f,0.9328294988638639f,0.6327399505439397f,1.3405034329179577f,-0.30532633323233893f,0.6223570478842628f,-0.8905615706515491f,0.15250446794109263f,0f,0f,0f,1f],start_interpolation:0}
execute if entity @s[tag=aj.heiloang_aj.bone.leg_right_3] run data modify entity @s {} merge value {transformation:[-0.8767795634499581f,-0.17616553039359256f,0.44746318621496173f,-0.6604096227489544f,0.14054776124891416f,0.7959849120142668f,0.5887735954113078f,0.039336177277537354f,-0.45989555762631507f,0.5791146050194074f,-0.673143632762575f,-0.8317575510481995f,0f,0f,0f,1f],start_interpolation:0}
execute if entity @s[tag=aj.heiloang_aj.bone.leg_right_2] run data modify entity @s {} merge value {transformation:[-0.9778332324657041f,0.04123189129333255f,-0.20528541259925773f,-0.6256481781597496f,0.07420954577900851f,0.9850227191934918f,-0.15563799660729621f,0.6457542156959724f,0.1957935463720546f,-0.16742214254104604f,-0.966247749485617f,-0.8879959289693289f,0f,0f,0f,1f],start_interpolation:0}
execute if entity @s[tag=aj.heiloang_aj.bone.leg_right_1] run data modify entity @s {} merge value {transformation:[-0.9856734275023268f,-0.026506810917974008f,-0.16656915467989358f,-0.5101021263170592f,-0.05152942398483033f,0.9876811733836909f,0.14775188055387806f,0.6156439357994372f,0.16060078698315003f,0.1542183151197502f,-0.9748969681469002f,-0.18850304549521452f,0f,0f,0f,1f],start_interpolation:0}
execute if entity @s[tag=aj.heiloang_aj.bone.leg_right_0] run data modify entity @s {} merge value {transformation:[-0.9206224922798186f,0.36776379332533193f,-0.13116409198960638f,-0.2170481117098678f,0.3747566997695403f,0.7379704088133904f,-0.5612103809567677f,1.1033990616076759f,-0.10959763996700855f,-0.5658175218520193f,-0.8172141024718685f,-0.6529928928316237f,0f,0f,0f,1f],start_interpolation:0}
execute if entity @s[tag=aj.heiloang_aj.bone.leg_left_3] run data modify entity @s {} merge value {transformation:[-0.7653088566333778f,-0.5084832034522221f,0.39464817973161626f,0.9788165129760756f,-0.1996858453210323f,0.7704381584710549f,0.6054342302431818f,0.08280971998215159f,-0.6119051537100639f,0.3845385231400042f,-0.6911600444791115f,-0.4129595462961647f,0f,0f,0f,1f],start_interpolation:0}
execute if entity @s[tag=aj.heiloang_aj.bone.leg_left_2] run data modify entity @s {} merge value {transformation:[-0.7653088566333778f,-0.2598183335077957f,0.5888945470385542f,0.793016489705184f,-0.1996858453210323f,0.9656073443373728f,0.16651732564556365f,0.6622211480627429f,-0.6119051537100639f,0.00984327866911415f,-0.7908698962080332f,-0.3696617534824843f,0f,0f,0f,1f],start_interpolation:0}
execute if entity @s[tag=aj.heiloang_aj.bone.leg_left_1] run data modify entity @s {} merge value {transformation:[-0.8085365200896858f,-0.20812296329324328f,0.5504121436081333f,0.38900554566432444f,-0.07965298359973455f,0.9654654278783676f,0.2480562633260862f,0.5596654203766847f,-0.5830301003249502f,0.15672057848821125f,-0.7971916723055997f,0.20462501538548183f,0f,0f,0f,1f],start_interpolation:0}
execute if entity @s[tag=aj.heiloang_aj.bone.leg_left_0] run data modify entity @s {} merge value {transformation:[-0.8442087257577885f,0.026684631710976903f,0.5353499395580993f,0.4141187802905142f,-0.29847855298970627f,0.8061816287273706f,-0.5108637146124737f,1.1033990616076759f,-0.4452214962909834f,-0.5910660808513151f,-0.6726207752571165f,-0.28858851783162365f,0f,0f,0f,1f],start_interpolation:0}
execute if entity @s[tag=aj.heiloang_aj.bone.tail_4] run data modify entity @s {} merge value {transformation:[-1.39460955354094f,-0.135434033265619f,-0.7222023120244223f,-0.5761730591562464f,-0.09851369551346312f,1.5698095918582404f,-0.10415018383958635f,-0.1247862950507416f,0.7281576811764705f,-0.047008846305202565f,-1.3972941434789001f,-4.24509300093754f,0f,0f,0f,1f],start_interpolation:0}
execute if entity @s[tag=aj.heiloang_aj.bone.tail_3] run data modify entity @s {} merge value {transformation:[-0.8316315113078239f,-0.1851397328950691f,-0.5235573595160393f,0.12829925854078858f,-0.04736751605948741f,0.9630027374781343f,-0.2652961477895487f,0.20459988171520885f,0.5533040283806173f,-0.19582902469542735f,-0.8096330312336686f,-3.1580530510948126f,0f,0f,0f,1f],start_interpolation:0}
execute if entity @s[tag=aj.heiloang_aj.bone.tail_2] run data modify entity @s {} merge value {transformation:[-0.9799692959246648f,-0.09871751647530166f,-0.1729596224147858f,0.2619230738655621f,-0.07362608192841809f,0.9865524849055178f,-0.14592256366517792f,0.33688156296426697f,0.18503885836436249f,-0.13026529264426723f,-0.9740593279813692f,-2.3977445441820113f,0f,0f,0f,1f],start_interpolation:0}
execute if entity @s[tag=aj.heiloang_aj.bone.tail_1] run data modify entity @s {} merge value {transformation:[-0.9904860432760909f,0.010733608890731508f,-0.13719397842272224f,0.36931947307663304f,0.03937419321981632f,0.9773787389842117f,-0.20779911811632124f,0.5157802918378688f,0.13186004316532787f,-0.21122402851430772f,-0.9685026271490565f,-1.6444409731018599f,0f,0f,0f,1f],start_interpolation:0}
execute if entity @s[tag=aj.heiloang_aj.bone.tail_ring] run data modify entity @s {} merge value {transformation:[-0.955660489810771f,0.2444737642717538f,0.16415117056370926f,0.4004915812193057f,0.1312123217592893f,0.8525759809291753f,-0.5058631468699724f,0.4695266077075705f,-0.263621612985684f,-0.46189476650580646f,-0.8468511497550042f,-1.780465500888455f,0f,0f,0f,1f],start_interpolation:0}
execute if entity @s[tag=aj.heiloang_aj.bone.tail_0] run data modify entity @s {} merge value {transformation:[-0.955660489810771f,0.2444737642717538f,0.16415117056370926f,0.16566462076293467f,0.1312123217592893f,0.8525759809291753f,-0.5058631468699724f,1.156901817561164f,-0.263621612985684f,-0.46189476650580646f,-0.8468511497550042f,-0.5870620401780327f,0f,0f,0f,1f],start_interpolation:0}
execute if entity @s[tag=aj.heiloang_aj.bone.body_1] run data modify entity @s {} merge value {transformation:[-0.8660254037844386f,0.06074248790712844f,0.4962966352523986f,-0.0018960387843347866f,0f,0.9925932705047972f,-0.12148497581425688f,1.2697256977146814f,-0.5f,-0.10520907523328457f,-0.8596109878826335f,-0.290739714492411f,0f,0f,0f,1f],start_interpolation:0}