execute if entity @s[tag=aj.heiloang_aj.bone.head_lower] run data modify entity @s {} merge value {transformation:[-0.7901504333561196f,0.007916950096084306f,-0.12489841699682441f,-0.6314177984673655f,-0.04470634232961392f,0.7278622748676533f,0.32896481845326886f,-0.3795419111026927f,0.11689155496717421f,0.33189430655806806f,-0.7184584425363065f,2.5064870571510207f,0f,0f,0f,1f],start_interpolation:0}
execute if entity @s[tag=aj.heiloang_aj.bone.horne_right] run data modify entity @s {} merge value {transformation:[-0.5731749048395636f,-0.5440599372907338f,-0.1243756933542895f,-1.009254516806926f,-0.5558195245796584f,0.5403968150871157f,0.19757514605775833f,0.09549680071026054f,-0.050350616264352194f,0.22796944286220633f,-0.7651762859386687f,2.46160269005365f,0f,0f,0f,1f],start_interpolation:0}
execute if entity @s[tag=aj.heiloang_aj.bone.horne_left] run data modify entity @s {} merge value {transformation:[-0.5919451095287671f,0.5235758533465955f,-0.1243756933542895f,-0.3374686183675531f,0.48989757855705945f,0.600803149279517f,0.19757514605775833f,0.13350613295889832f,0.2227136049479371f,0.07002786308462518f,-0.7651762859386687f,2.3622214900205583f,0f,0f,0f,1f],start_interpolation:0}
execute if entity @s[tag=aj.heiloang_aj.bone.head_upper] run data modify entity @s {} merge value {transformation:[-1.1573926010192102f,-0.020348227567316548f,-0.18218240623302942f,-0.6696158814544134f,-0.06548473258586024f,1.1336311957162686f,0.289403134566753f,-0.19835936283056468f,0.17121982742704261f,0.2960209015150323f,-1.1208110942358136f,2.3219790932999103f,0f,0f,0f,1f],start_interpolation:0}
execute if entity @s[tag=aj.heiloang_aj.bone.neck_0] run data modify entity @s {} merge value {transformation:[-0.9726447095156244f,-0.23057164373180294f,-0.028266343203200373f,-0.6657352020562873f,-0.2027108504665746f,0.7830291258134146f,0.5880252539058146f,0.0018329000902171377f,-0.11344857934053044f,0.5776695467433731f,-0.8083485106134118f,1.9380933592292473f,0f,0f,0f,1f],start_interpolation:0}
execute if entity @s[tag=aj.heiloang_aj.bone.neck_1] run data modify entity @s {} merge value {transformation:[-0.9726447095156244f,-0.20891751184338714f,-0.10156644276745526f,-0.7032721026102918f,-0.2027108504665746f,0.5498061151069452f,0.8103218785730313f,0.29093079816193324f,-0.11344857934053044f,0.8087439081910766f,-0.5771158556212423f,1.7330161939972792f,0f,0f,0f,1f],start_interpolation:0}
execute if entity @s[tag=aj.heiloang_aj.bone.neck_2] run data modify entity @s {} merge value {transformation:[-0.9797068753267131f,-0.18787606832205447f,0.06983567418887673f,-0.668356380982952f,-0.08983729203250682f,0.7230611289903515f,0.6849174145132129f,0.5473756332251034f,-0.17917505238686077f,0.6647444521731977f,-0.7252662365691104f,1.4135214802494274f,0f,0f,0f,1f],start_interpolation:0}
execute if entity @s[tag=aj.heiloang_aj.bone.neck_3] run data modify entity @s {} merge value {transformation:[-0.9607804471026203f,-0.09884030251705941f,0.2590975242329135f,-0.5318798707165906f,0.056849760653137946f,0.8442769458694277f,0.5328832361663034f,0.8026974863507549f,-0.2714204067106412f,0.5267134261358138f,-0.805545733989885f,0.9838965389040004f,0f,0f,0f,1f],start_interpolation:0}
execute if entity @s[tag=aj.heiloang_aj.bone.wing_right_2] run data modify entity @s {} merge value {transformation:[-0.9855347841231542f,-2.063065110045239f,-0.5532264882653066f,-3.350868109307848f,-2.1264116217142015f,0.8901255611170297f,0.46864283500964893f,-2.164207653574338f,-0.20167005390765616f,0.6964300707760451f,-2.237831618374529f,0.537773465167763f,0f,0f,0f,1f],start_interpolation:0}
execute if entity @s[tag=aj.heiloang_aj.bone.wing_right_1] run data modify entity @s {} merge value {transformation:[-1.7153311291280773f,-2.7615390560962005f,-0.7866129492955881f,-2.215842198028299f,-2.865978958169343f,1.5903979860371136f,0.6663464791230306f,-0.2979375376051705f,-0.176132057487457f,1.0157534447711205f,-3.181892708854407f,0.7015003525311747f,0f,0f,0f,1f],start_interpolation:0}
execute if entity @s[tag=aj.heiloang_aj.bone.wing_right_0] run data modify entity @s {} merge value {transformation:[-1.5625436843349432f,-1.4880422353470784f,-0.5220991671782791f,-0.7666646656329744f,-1.5759738225692026f,1.4996998608700143f,0.4422746181763933f,1.171462183115001f,0.05624717878790092f,0.6819315457798742f,-2.1119198899931484f,0.6322541322933728f,0f,0f,0f,1f],start_interpolation:0}
execute if entity @s[tag=aj.heiloang_aj.bone.wing_left_2] run data modify entity @s {} merge value {transformation:[-1.179771659402321f,1.9440755899410496f,0.6019011036602784f,2.954388160979615f,2.0294821533019625f,1.0721181961351904f,0.5151123850827715f,-1.8124383811222207f,0.1513837092322996f,0.7776301694457287f,-2.2149379897567982f,0.9304563517859873f,0f,0f,0f,1f],start_interpolation:0}
execute if entity @s[tag=aj.heiloang_aj.bone.wing_left_1] run data modify entity @s {} merge value {transformation:[-2.3158392047474883f,2.2564744326981496f,0.8558216433545496f,1.4251458348162132f,2.4123521854008074f,2.1980302183918696f,0.7324198696977932f,-0.24417114315633404f,-0.06829702955811362f,1.1243687413458947f,-3.149341077453788f,0.9336558633806293f,0f,0f,0f,1f],start_interpolation:0}
execute if entity @s[tag=aj.heiloang_aj.bone.wing_left_0] run data modify entity @s {} merge value {transformation:[-1.6548522324107267f,1.3664553455052337f,0.5680351024588233f,-0.10952206517931298f,1.4759859566615463f,1.585415879276683f,0.4861295562658573f,1.1325787944454757f,-0.1064403336293731f,0.7400380250213582f,-2.0903143727438116f,0.8178968693202333f,0f,0f,0f,1f],start_interpolation:0}
execute if entity @s[tag=aj.heiloang_aj.bone.kazari_right] run data modify entity @s {} merge value {transformation:[-2.5250198871770433f,0.7287873838522091f,-0.003702303949553227f,-1.872895165508527f,0.14940642959930694f,0.5045658839860013f,-2.5748710989228303f,3.9928237123188106f,-0.7133179352231859f,-2.4740962807480895f,-0.5262084239478236f,-2.948242171788328f,0f,0f,0f,1f],start_interpolation:0}
execute if entity @s[tag=aj.heiloang_aj.bone.kazari_left] run data modify entity @s {} merge value {transformation:[-2.5250198871770433f,0.7287873838522091f,-0.003702303949553227f,3.0021852884526132f,0.14940642959930694f,0.5045658839860013f,-2.5748710989228303f,3.7043632655973338f,-0.7133179352231859f,-2.4740962807480895f,-0.5262084239478236f,-1.5710322966794725f,0f,0f,0f,1f],start_interpolation:0}
execute if entity @s[tag=aj.heiloang_aj.bone.ring] run data modify entity @s {} merge value {transformation:[-2.1165376748883835f,-0.5305967616881823f,-0.30275672254818325f,-0.4637546312004148f,0.12523637485922098f,-1.4454391877153854f,1.6576934851813934f,2.8333171826450156f,-0.5979217398407787f,1.5754678406386875f,1.4189140079381395f,1.1680641416142958f,0f,0f,0f,1f],start_interpolation:0}
execute if entity @s[tag=aj.heiloang_aj.bone.body_0] run data modify entity @s {} merge value {transformation:[-1.0843003830080646f,-0.0925919287067503f,0.2989511499971224f,-0.26051884761533084f,0.06415848431970672f,0.9893775837779251f,0.5391364034687571f,1.4127780819095088f,-0.3063147796565419f,0.5349870160983279f,-0.945310808310074f,0.15110938039904703f,0f,0f,0f,1f],start_interpolation:0}
execute if entity @s[tag=aj.heiloang_aj.bone.leg_right_3] run data modify entity @s {} merge value {transformation:[-0.8772407231256636f,-0.04518159348511794f,0.4779198021636144f,-0.7261989255509017f,0.18425954571024034f,0.8876123518772085f,0.42212881044731587f,0.013146358657408874f,-0.44327997191912305f,0.45836986856157536f,-0.7703245615260009f,-0.6736693168340927f,0f,0f,0f,1f],start_interpolation:0}
execute if entity @s[tag=aj.heiloang_aj.bone.leg_right_2] run data modify entity @s {} merge value {transformation:[-0.9616746940767609f,0.100736684286948f,-0.25501745667941983f,-0.6529013621157786f,0.1476765517755038f,0.9739352570983845f,-0.17216779906939678f,0.6136010106268506f,0.23102687901641444f,-0.20322951414490698f,-0.9514853365934547f,-0.752381632408729f,0f,0f,0f,1f],start_interpolation:0}
execute if entity @s[tag=aj.heiloang_aj.bone.leg_right_1] run data modify entity @s {} merge value {transformation:[-0.9721788535007723f,-0.013883950477149076f,-0.23382795539685086f,-0.48894793710623874f,0.017318062359802523f,0.9912495944491357f,-0.13085994887866004f,0.7803551379584461f,0.23359871900767262f,-0.13126872218305313f,-0.9634314511445029f,-0.08241137297303458f,0f,0f,0f,1f],start_interpolation:0}
execute if entity @s[tag=aj.heiloang_aj.bone.leg_right_0] run data modify entity @s {} merge value {transformation:[-0.9166207291182114f,0.3433553549811216f,-0.2047279637875255f,-0.21882910956154336f,0.3823969862531237f,0.6038166787654199f,-0.699412584494464f,1.1605127425973882f,-0.11652889708276959f,-0.7193834295078567f,-0.6847689373023486f,-0.6499081140643505f,0f,0f,0f,1f],start_interpolation:0}
execute if entity @s[tag=aj.heiloang_aj.bone.leg_left_3] run data modify entity @s {} merge value {transformation:[-0.786631862855659f,-0.46705142967280344f,0.4038233207490944f,0.9481962382696643f,-0.2006531535211601f,0.811927580733541f,0.5481896712144371f,-0.007483178383143718f,-0.5839080615321638f,0.3501950394919512f,-0.7324034475567283f,-0.37012160424178964f,0f,0f,0f,1f],start_interpolation:0}
execute if entity @s[tag=aj.heiloang_aj.bone.leg_left_2] run data modify entity @s {} merge value {transformation:[-0.786631862855659f,-0.17914988896918338f,0.5908600761792634f,0.8113647737716749f,-0.2006531535211601f,0.9792101563888f,0.029762083378607314f,0.5866530378852367f,-0.5839080615321638f,-0.09514613448454272f,-0.8062248996219353f,-0.38995232137502345f,0f,0f,0f,1f],start_interpolation:0}
execute if entity @s[tag=aj.heiloang_aj.bone.leg_left_1] run data modify entity @s {} merge value {transformation:[-0.8173916594839659f,-0.10918851224559323f,0.5656401186263597f,0.40403578932994777f,-0.07414252157778548f,0.9936469668829936f,0.08466753627166901f,0.6015047520216028f,-0.5712913105414223f,0.02726855327700245f,-0.8202942548269145f,0.19091800675656156f,0f,0f,0f,1f],start_interpolation:0}
execute if entity @s[tag=aj.heiloang_aj.bone.leg_left_0] run data modify entity @s {} merge value {transformation:[-0.8473593725127373f,0.004229374131848457f,0.5310030190208648f,0.4123377824388386f,-0.29763963480099637f,0.8243415337508544f,-0.48153056344205025f,1.1605127425973882f,-0.43976441603471006f,-0.5660769807435573f,-0.6972546954032712f,-0.28550373906435045f,0f,0f,0f,1f],start_interpolation:0}
execute if entity @s[tag=aj.heiloang_aj.bone.tail_4] run data modify entity @s {} merge value {transformation:[-1.475275759945957f,-0.033952133825158694f,0.5543131320943707f,0.24644649643016212f,-0.06801751368673997f,1.5725945077343157f,-0.08470239526373212f,-0.10695426211251022f,-0.5511709477425558f,-0.10318977924318798f,-1.473233457233439f,-4.414193419815092f,0f,0f,0f,1f],start_interpolation:0}
execute if entity @s[tag=aj.heiloang_aj.bone.tail_3] run data modify entity @s {} merge value {transformation:[-0.9949806785293581f,0.018780838202352945f,0.0982890099129855f,0.1146107468261599f,0.000006891165839493368f,0.9822426608900244f,-0.18761491166801375f,0.11812276319846032f,-0.10006722393356265f,-0.18667253478779844f,-0.9773125986347097f,-3.1033188948495947f,0f,0f,0f,1f],start_interpolation:0}
execute if entity @s[tag=aj.heiloang_aj.bone.tail_2] run data modify entity @s {} merge value {transformation:[-0.9960113993790766f,0.0892257835070606f,-0.0002277377541639869f,0.1164192205523443f,0.08782742213677769f,0.979945204247369f,-0.17886794177099113f,0.2760799604867458f,-0.01573646172879295f,-0.17817451060725153f,-0.9838730647507966f,-2.3362015334585156f,0f,0f,0f,1f],start_interpolation:0}
execute if entity @s[tag=aj.heiloang_aj.bone.tail_1] run data modify entity @s {} merge value {transformation:[-0.9623185538120375f,0.16428534049181814f,-0.21668716595266094f,0.2885316999105695f,0.21904529017065485f,0.9405116035892334f,-0.25972501683138344f,0.4949353929384728f,0.1611277811029564f,-0.2974025057283415f,-0.9410576962882466f,-1.605801228082254f,0f,0f,0f,1f],start_interpolation:0}
execute if entity @s[tag=aj.heiloang_aj.bone.tail_ring] run data modify entity @s {} merge value {transformation:[-0.9465983683188468f,0.3061600557586841f,0.10108189429337022f,0.3125534803640896f,0.19831875096916335f,0.8000902393013262f,-0.5661495226428948f,0.43839025918519936f,-0.25420700641431504f,-0.5158697793364001f,-0.8180813948851827f,-1.7393653613438351f,0f,0f,0f,1f],start_interpolation:0}
execute if entity @s[tag=aj.heiloang_aj.bone.tail_0] run data modify entity @s {} merge value {transformation:[-0.9465983683188468f,0.3061600557586841f,0.10108189429337022f,0.16443411306574351f,0.19831875096916335f,0.8000902393013262f,-0.5661495226428948f,1.2111654882952465f,-0.25420700641431504f,-0.5158697793364001f,-0.8180813948851827f,-0.5849307383273931f,0f,0f,0f,1f],start_interpolation:0}
execute if entity @s[tag=aj.heiloang_aj.bone.body_1] run data modify entity @s {} merge value {transformation:[-0.8660254037844386f,0.07121999369565261f,0.4949017200394349f,-0.0018960387843347866f,0f,0.9898034400788698f,-0.14243998739130523f,1.33115984375f,-0.5f,-0.12335664759560545f,-0.8571949238615296f,-0.290739714492411f,0f,0f,0f,1f],start_interpolation:0}