execute if entity @s[tag=aj.heiloang_aj.bone.head_lower] run data modify entity @s {} merge value {transformation:[-0.792832808222235f,-0.000521432198495795f,-0.10684505751276975f,-0.6233593999417948f,-0.06065509235189076f,0.6607851506235053f,0.446860094981925f,-0.4118586830226404f,0.0879607752252578f,0.45095755102219315f,-0.6549047176481766f,2.4087295808645472f,0f,0f,0f,1f],start_interpolation:0}
execute if entity @s[tag=aj.heiloang_aj.bone.horne_right] run data modify entity @s {} merge value {transformation:[-0.5716562099157281f,-0.5496877190023817f,-0.10513129525856527f,-1.0000104232750928f,-0.5367808752972396f,0.49601263911229293f,0.3253271488148317f,0.06545675645201271f,-0.15835235893384825f,0.3030096919552526f,-0.723263200364341f,2.4359499356996386f,0f,0f,0f,1f],start_interpolation:0}
execute if entity @s[tag=aj.heiloang_aj.bone.horne_left] run data modify entity @s {} merge value {transformation:[-0.5974191128478346f,0.5215724440203515f,-0.10513129525856527f,-0.3259439697245486f,0.44734162539089134f,0.5779686119822147f,0.3253271488148317f,0.11702571596959022f,0.2880553311375123f,0.18415881516231994f,-0.723263200364341f,2.3611656846031246f,0f,0f,0f,1f],start_interpolation:0}
execute if entity @s[tag=aj.heiloang_aj.bone.head_upper] run data modify entity @s {} merge value {transformation:[-1.1613216766637244f,-0.027928806336284598f,-0.15399369301236496f,-0.6569318114135589f,-0.0888460628997408f,1.0668582964168196f,0.47653107440524517f,-0.20178313816074778f,0.128842744530577f,0.483937464496429f,-1.0594178543136776f,2.2568396315403754f,0f,0f,0f,1f],start_interpolation:0}
execute if entity @s[tag=aj.heiloang_aj.bone.neck_0] run data modify entity @s {} merge value {transformation:[-0.9661624597982723f,-0.25741068831125635f,-0.016426771431928056f,-0.6462213084833147f,-0.21948295437367343f,0.7870103657411167f,0.5765777631468609f,-0.006738369646638098f,-0.13548923948401054f,0.5606731862316576f,-0.8168771292090908f,1.8704420616319133f,0f,0f,0f,1f],start_interpolation:0}
execute if entity @s[tag=aj.heiloang_aj.bone.neck_1] run data modify entity @s {} merge value {transformation:[-0.9661624597982723f,-0.24168918962157698f,-0.09009126981354502f,-0.6820647909272651f,-0.21948295437367343f,0.5868815858738494f,0.7793569380595771f,0.2845582634929021f,-0.13548923948401054f,0.7727589143984435f,-0.6200696139965122f,1.6541590668613564f,0f,0f,0f,1f],start_interpolation:0}
execute if entity @s[tag=aj.heiloang_aj.bone.neck_2] run data modify entity @s {} merge value {transformation:[-0.9760605429104474f,-0.21068967816942452f,0.053997000715102134f,-0.652875126679096f,-0.10198148522907322f,0.6626107723517771f,0.7419883698777587f,0.5664169187809708f,-0.19210828520351414f,0.7187188768052817f,-0.66823467650214f,1.3562268680300837f,0f,0f,0f,1f],start_interpolation:0}
execute if entity @s[tag=aj.heiloang_aj.bone.neck_3] run data modify entity @s {} merge value {transformation:[-0.961082062078296f,-0.12513004608926773f,0.24630010458184548f,-0.5223846420793816f,0.05262778466697304f,0.7922893948874614f,0.6078715580037505f,0.8618041719889682f,-0.27120395688923304f,0.5971766793123774f,-0.7548698082802525f,0.9511203624846546f,0f,0f,0f,1f],start_interpolation:0}
execute if entity @s[tag=aj.heiloang_aj.bone.wing_right_2] run data modify entity @s {} merge value {transformation:[-2.301569432242955f,-0.35735905984063854f,-0.32961895763997706f,-4.961980150411923f,-0.44294201232213537f,2.1987903035550715f,0.7090131035694777f,0.6914778734862953f,0.20039093943057273f,0.7557722604482253f,-2.2186094221498562f,1.0303469927893627f,0f,0f,0f,1f],start_interpolation:0}
execute if entity @s[tag=aj.heiloang_aj.bone.wing_right_1] run data modify entity @s {} merge value {transformation:[-3.295581919287028f,-0.3266555192993892f,-0.4686734021466047f,-2.797172778333451f,-0.45622594473596384f,3.1563855900064013f,1.0081203635725846f,0.9748394426438878f,0.3438262257568554f,1.0572345774761571f,-3.1545613558101238f,0.8532319973753858f,0f,0f,0f,1f],start_interpolation:0}
execute if entity @s[tag=aj.heiloang_aj.bone.wing_right_0] run data modify entity @s {} merge value {transformation:[-2.1893080011929986f,-0.19637746738049341f,-0.3110729274905485f,-0.7633337835865474f,-0.28323625773922717f,2.097726164192155f,0.6691204393571791f,1.2436485869228118f,0.23475028906094014f,0.6995575961769619f,-2.0937792317760997f,0.6181007870521291f,0f,0f,0f,1f],start_interpolation:0}
execute if entity @s[tag=aj.heiloang_aj.bone.wing_left_2] run data modify entity @s {} merge value {transformation:[-2.266797607196772f,0.08938362857519773f,0.6222661659376373f,3.972200830297453f,0.284266975089675f,2.22254630841835f,0.7162794148447502f,1.0679004643416412f,-0.5607110674860645f,0.765424379151659f,-2.1525112368858714f,1.8998830674869174f,0f,0f,0f,1f],start_interpolation:0}
execute if entity @s[tag=aj.heiloang_aj.bone.wing_left_1] run data modify entity @s {} merge value {transformation:[-3.1817066097868247f,-0.5302166713808714f,0.884777996747555f,1.8756189632157396f,-0.24611527842056524f,3.1763818127718184f,1.018452071587261f,0.8912693901387717f,-1.0016931126182282f,0.9037077147962193f,-3.0605787111673837f,1.2906208932701464f,0f,0f,0f,1f],start_interpolation:0}
execute if entity @s[tag=aj.heiloang_aj.bone.wing_left_0] run data modify entity @s {} merge value {transformation:[-2.1355289934835557f,0.15181659248459262f,0.5872543233025004f,-0.10598488829201044f,0.3343254455843203f,2.0879847604822817f,0.6759779111987273f,1.2076528926136039f,-0.5061051416711315f,0.7386957169498926f,-2.031400064815872f,0.8035954794357657f,0f,0f,0f,1f],start_interpolation:0}
execute if entity @s[tag=aj.heiloang_aj.bone.kazari_right] run data modify entity @s {} merge value {transformation:[-2.5258125592325045f,0.724571210866231f,0.04623488470236412f,-1.926152085863929f,0.13831068617488687f,0.6444811528961987f,-2.5440881246937317f,4.230406453547529f,-0.7127490850709167f,-2.442644221433339f,-0.6575318530574323f,-2.7753152748810503f,0f,0f,0f,1f],start_interpolation:0}
execute if entity @s[tag=aj.heiloang_aj.bone.kazari_left] run data modify entity @s {} merge value {transformation:[-2.5258125592325045f,0.724571210866231f,0.04623488470236412f,2.950458787744044f,0.13831068617488687f,0.6444811528961987f,-2.5440881246937317f,3.963368666570342f,-0.7127490850709167f,-2.442644221433339f,-0.6575318530574323f,-1.399203684293692f,0f,0f,0f,1f],start_interpolation:0}
execute if entity @s[tag=aj.heiloang_aj.bone.ring] run data modify entity @s {} merge value {transformation:[-2.1172021133261696f,-0.5066068073001567f,-0.33724032959948785f,-0.49314255225453f,0.1159356326718255f,-1.5341056509050544f,1.5767070326227985f,2.881218608076891f,-0.59744491477308f,1.4975966347592897f,1.5010630163832117f,1.2393656410717693f,0f,0f,0f,1f],start_interpolation:0}
execute if entity @s[tag=aj.heiloang_aj.bone.body_0] run data modify entity @s {} merge value {transformation:[-1.084640774233378f,-0.11249914717229126f,0.2907760455979817f,-0.26078645347319174f,0.05939372230497716f,0.9587032564902782f,0.5924633555616492f,1.5188124002604506f,-0.3060705025951564f,0.584708802583061f,-0.9154719217762527f,0.15157288734126517f,0f,0f,0f,1f],start_interpolation:0}
execute if entity @s[tag=aj.heiloang_aj.bone.leg_right_3] run data modify entity @s {} merge value {transformation:[-0.8797919723894385f,-0.12631478776984678f,0.45826920004486443f,-0.6850438029251691f,0.16325250144715525f,0.8251257123949276f,0.5408476490805983f,0.17728555095430532f,-0.4464467561651087f,0.5506470131903214f,-0.7053177729039797f,-0.7967553188768608f,0f,0f,0f,1f],start_interpolation:0}
execute if entity @s[tag=aj.heiloang_aj.bone.leg_right_2] run data modify entity @s {} merge value {transformation:[-0.9740350823446976f,0.06447093343619748f,-0.2170234022026739f,-0.6355949670101921f,0.09839636678582797f,0.9838781096901921f,-0.14933860946119434f,0.7827102664202716f,0.2038965751676741f,-0.16681535904801956f,-0.9646755012026444f,-0.8526988353018935f,0f,0f,0f,1f],start_interpolation:0}
execute if entity @s[tag=aj.heiloang_aj.bone.leg_right_1] run data modify entity @s {} merge value {transformation:[-0.9831939350742575f,-0.018139938004161762f,-0.18166075162896866f,-0.50877172841f,-0.029900469035260453f,0.9976150368441365f,0.06221093323479021f,0.8137058982189546f,0.18009899495740692f,0.06659715393075949f,-0.981391446418632f,-0.15520120086635536f,0f,0f,0f,1f],start_interpolation:0}
execute if entity @s[tag=aj.heiloang_aj.bone.leg_right_0] run data modify entity @s {} merge value {transformation:[-0.9178974095757116f,0.3663796860604985f,-0.15241479959770504f,-0.2182598661042258f,0.3799945090010858f,0.7009082738512488f,-0.6035990099195712f,1.2713389075467934f,-0.11431762166534876f,-0.6119587545652675f,-0.782584157830776f,-0.6508940726543007f,0f,0f,0f,1f],start_interpolation:0}
execute if entity @s[tag=aj.heiloang_aj.bone.leg_left_3] run data modify entity @s {} merge value {transformation:[-0.7737507477792447f,-0.494546268273363f,0.39589615917302157f,0.9696705071354309f,-0.2002258546618101f,0.7838263523692234f,0.5878144745210901f,0.20041008325225607f,-0.6010152971730482f,0.3755532423884111f,-0.7055071755096073f,-0.4016061123588768f,0f,0f,0f,1f],start_interpolation:0}
execute if entity @s[tag=aj.heiloang_aj.bone.leg_left_2] run data modify entity @s {} merge value {transformation:[-0.7737507477792447f,-0.2342503429242211f,0.5885886145271113f,0.7994349693686751f,-0.2002258546618101f,0.9719224207296235f,0.12359779612928368f,0.7856870782252999f,-0.6010152971730482f,-0.022216771209001687f,-0.7989286749397841f,-0.3774265479091699f,0f,0f,0f,1f],start_interpolation:0}
execute if entity @s[tag=aj.heiloang_aj.bone.leg_left_1] run data modify entity @s {} merge value {transformation:[-0.812736919140418f,-0.17434249677541774f,0.5559347030760492f,0.39406313266632875f,-0.07761058785214664f,0.9780722577705279f,0.19326472837252567f,0.722740259096183f,-0.5774385654936687f,0.11392696080285547f,-0.8084462571394827f,0.20158915572321429f,0f,0f,0f,1f],start_interpolation:0}
execute if entity @s[tag=aj.heiloang_aj.bone.leg_left_0] run data modify entity @s {} merge value {transformation:[-0.8463620644731745f,0.01849190550741367f,0.5322868636848093f,0.4129070258961562f,-0.29791985938909654f,0.811987767024424f,-0.5019159527094855f,1.2713389075467934f,-0.4414918042300296f,-0.583381449510862f,-0.6817265369371496f,-0.2864896976543006f,0f,0f,0f,1f],start_interpolation:0}
execute if entity @s[tag=aj.heiloang_aj.bone.tail_4] run data modify entity @s {} merge value {transformation:[-1.5644034325644096f,-0.07969879085001257f,0.1764776660243784f,0.04469530854938881f,-0.08104160316865022f,1.5742398010421434f,-0.0074613040629983f,0.12600010077819151f,-0.17586506880054714f,-0.016477719487582802f,-1.5664144809161917f,-4.458401486689413f,0f,0f,0f,1f],start_interpolation:0}
execute if entity @s[tag=aj.heiloang_aj.bone.tail_3] run data modify entity @s {} merge value {transformation:[-0.9998376554713768f,0.01769847005379995f,0.003380363775564856f,0.0397161307604218f,0.0169295598605894f,0.9869660769869826f,-0.16003547381706298f,0.3140988905400489f,-0.00616868741525526f,-0.15995226486261424f,-0.9871054757526642f,-3.1351379432186985f,0f,0f,0f,1f],start_interpolation:0}
execute if entity @s[tag=aj.heiloang_aj.bone.tail_2] run data modify entity @s {} merge value {transformation:[-0.9943079571359885f,0.10488705372709456f,-0.018718769631219434f,0.05628921385326063f,0.10650471733231118f,0.9832666264725987f,-0.14779542094110787f,0.44778698640259074f,0.002903715210138186f,-0.14894780033838823f,-0.9888407966969882f,-2.363596875717139f,0f,0f,0f,1f],start_interpolation:0}
execute if entity @s[tag=aj.heiloang_aj.bone.tail_1] run data modify entity @s {} merge value {transformation:[-0.9524151485591347f,0.17563887419538476f,-0.24911116126432228f,0.25393232644495267f,0.2330809988040939f,0.9463292289349683f,-0.22390676287203604f,0.6387492206925461f,0.1964144414027832f,-0.27131527110490117f,-0.9422363773882363f,-1.63183486722103f,0f,0f,0f,1f],start_interpolation:0}
execute if entity @s[tag=aj.heiloang_aj.bone.tail_ring] run data modify entity @s {} merge value {transformation:[-0.9485593310658915f,0.30802867975965986f,0.07316780639973652f,0.27400059848588865f,0.22185859213945733f,0.8115841279222139f,-0.5404719866918519f,0.5862506243925342f,-0.2258627028566833f,-0.4964368396384986f,-0.8381745067156441f,-1.7676838187262565f,0f,0f,0f,1f],start_interpolation:0}
execute if entity @s[tag=aj.heiloang_aj.bone.tail_0] run data modify entity @s {} merge value {transformation:[-0.9485593310658915f,0.30802867975965986f,0.07316780639973652f,0.16483219667107749f,0.22185859213945733f,0.8115841279222139f,-0.5404719866918519f,1.3228971847518198f,-0.2258627028566833f,-0.4964368396384986f,-0.8381745067156441f,-0.5856202393574917f,0f,0f,0f,1f],start_interpolation:0}
execute if entity @s[tag=aj.heiloang_aj.bone.body_1] run data modify entity @s {} merge value {transformation:[-0.8660254037844386f,0.06790343631230045f,0.49536766480764705f,-0.0018960387843347866f,0f,0.9907353296152941f,-0.1358068726246009f,1.4406252392578125f,-0.5f,-0.11761220170142181f,-0.858001963873594f,-0.290739714492411f,0f,0f,0f,1f],start_interpolation:0}