execute if entity @s[tag=aj.heiloang_aj.bone.head_lower] run data modify entity @s {} merge value {transformation:[-0.7914887826725626f,0.019771591481421973f,-0.11469346569790577f,-0.605279966958395f,-0.04432154946798625f,0.6777637045265109f,0.4226960622944781f,-0.5595018389586213f,0.10761555257611133f,0.42455322987440824f,-0.6694575773317876f,2.3517953655680293f,0f,0f,0f,1f],start_interpolation:0}
execute if entity @s[tag=aj.heiloang_aj.bone.horne_right] run data modify entity @s {} merge value {transformation:[-0.5851940453223974f,-0.5329243546776607f,-0.11635962147844484f,-0.9722080813621905f,-0.5280490469366032f,0.5106602222375962f,0.31684434893744573f,-0.07477945993394097f,-0.13679230003385812f,0.30857376689480215f,-0.7253068985166207f,2.380863285840715f,0f,0f,0f,1f],start_interpolation:0}
execute if entity @s[tag=aj.heiloang_aj.bone.horne_left] run data modify entity @s {} merge value {transformation:[-0.581899438285431f,0.5365197873447847f,-0.11635962147844484f,-0.29928431833397784f,0.462694499026493f,0.5705466318514454f,0.31684434893744573f,-0.03709727857625905f,0.29547731603918864f,0.1631657398796641f,-0.7253068985166207f,2.289368543040505f,0f,0f,0f,1f],start_interpolation:0}
execute if entity @s[tag=aj.heiloang_aj.bone.head_upper] run data modify entity @s {} merge value {transformation:[-1.159352981639203f,0.0035715867164535465f,-0.17044066455108906f,-0.6385629643442461f,-0.06492109762196957f,1.0740359771197898f,0.46410568121484713f,-0.3510296760395426f,0.15763257102467348f,0.46861079375177145f,-1.062411412274683f,2.1976493392176737f,0f,0f,0f,1f],start_interpolation:0}
execute if entity @s[tag=aj.heiloang_aj.bone.neck_0] run data modify entity @s {} merge value {transformation:[-0.9684160348203126f,-0.24881565738684364f,-0.016160202413833202f,-0.628302969030895f,-0.20747328985186053f,0.7681679851600693f,0.6057002398655338f,-0.14229075718289474f,-0.1382939532334985f,0.5899226349397624f,-0.7955287972693251f,1.8184619780363782f,0f,0f,0f,1f],start_interpolation:0}
execute if entity @s[tag=aj.heiloang_aj.bone.neck_1] run data modify entity @s {} merge value {transformation:[-0.9652061803805299f,-0.2342558067108754f,-0.11619486381706043f,-0.6735648490888038f,-0.22274800004782305f,0.5038159712797353f,0.8345973853051253f,0.16809641826850302f,-0.13696845560173052f,0.8314407279570167f,-0.5384663016980571f,1.6326449145895863f,0f,0f,0f,1f],start_interpolation:0}
execute if entity @s[tag=aj.heiloang_aj.bone.neck_2] run data modify entity @s {} merge value {transformation:[-0.9755676954697994f,-0.21365565522758334f,0.05117550727659506f,-0.6454320243328571f,-0.1049978605768532f,0.6580259573083431f,0.7456388460794691f,0.4516047096582891f,-0.19298476838866963f,0.7220478519445305f,-0.664382253429651f,1.3361798642975635f,0f,0f,0f,1f],start_interpolation:0}
execute if entity @s[tag=aj.heiloang_aj.bone.neck_3] run data modify entity @s {} merge value {transformation:[-0.9616492125438745f,-0.12962859508801744f,0.24171723014558327f,-0.5172042392667175f,0.051003530232293356f,0.7813883909990831f,0.6219572511963403f,0.7545452905288637f,-0.2694984822175991f,0.6104331329043099f,-0.744810014926652f,0.935958280218327f,0f,0f,0f,1f],start_interpolation:0}
execute if entity @s[tag=aj.heiloang_aj.bone.wing_right_2] run data modify entity @s {} merge value {transformation:[-1.3239182740126372f,-1.9154940120043402f,-0.3342141529497532f,-4.4862498610968125f,-1.8908794244518117f,1.1740552534436588f,0.7614100540228883f,-0.82597631749299f,-0.4532012932916124f,0.6971749838870216f,-2.200484409379432f,0.462037114158851f,0f,0f,0f,1f],start_interpolation:0}
execute if entity @s[tag=aj.heiloang_aj.bone.wing_right_1] run data modify entity @s {} merge value {transformation:[-2.728133614629945f,-1.8758155351930794f,-0.4752071459421093f,-2.6928617130834933f,-1.9189043631617437f,2.516536319070695f,1.0826217126664957f,0.41389368749642463f,-0.24962331354456227f,1.155672880025492f,-3.1287900486623603f,0.6730721348880081f,0f,0f,0f,1f],start_interpolation:0}
execute if entity @s[tag=aj.heiloang_aj.bone.wing_right_0] run data modify entity @s {} merge value {transformation:[-2.0789470959050615f,-0.711966132019343f,-0.3154095738644024f,-0.7617070424102758f,-0.777296059866636f,1.951376190341267f,0.7185692722939132f,1.1426371457863729f,0.0467953816493825f,0.783348703086063f,-2.076674023921345f,0.612899810637052f,0f,0f,0f,1f],start_interpolation:0}
execute if entity @s[tag=aj.heiloang_aj.bone.wing_left_2] run data modify entity @s {} merge value {transformation:[-1.5582972462574884f,1.667800387951535f,0.56897061837677f,3.8283973243698366f,1.7508513704233315f,1.3793598534876215f,0.7519719938896361f,-0.4385937047322942f,0.1995123487759017f,0.9216204570517746f,-2.1550838874973306f,1.2597384529115598f,0f,0f,0f,1f],start_interpolation:0}
execute if entity @s[tag=aj.heiloang_aj.bone.wing_left_1] run data modify entity @s {} merge value {transformation:[-3.042409735071183f,1.1298152292102608f,0.8089989645782342f,1.8241685509847552f,1.3492368488633633f,2.8676794846004596f,1.0692020726555382f,0.42850888327792547f,-0.33244804483309964f,1.2989036509095675f,-3.064236671022727f,1.0886987368145002f,0f,0f,0f,1f],start_interpolation:0}
execute if entity @s[tag=aj.heiloang_aj.bone.wing_left_0] run data modify entity @s {} merge value {transformation:[-2.077614000589089f,0.5688556568720012f,0.536957452877715f,-0.10397023462967336f,0.7241542844594268f,1.9749379914508711f,0.7096622451723442f,1.1077523887222167f,-0.2958388697505033f,0.8392992145645799f,-2.0338279650884985f,0.7972280137732176f,0f,0f,0f,1f],start_interpolation:0}
execute if entity @s[tag=aj.heiloang_aj.bone.kazari_right] run data modify entity @s {} merge value {transformation:[-2.5273030831174625f,0.7175756761910679f,0.06851615546825354f,-2.0518330703998684f,0.13404199527701344f,0.71327570545828f,-2.52589403975333f,4.2531804863548f,-0.7082669398774556f,-2.4255294484912304f,-0.7225199131752011f,-2.3398468922159763f,0f,0f,0f,1f],start_interpolation:0}
execute if entity @s[tag=aj.heiloang_aj.bone.kazari_left] run data modify entity @s {} merge value {transformation:[-2.5273030831174625f,0.7175756761910679f,0.06851615546825354f,2.8276555721693013f,0.13404199527701344f,0.71327570545828f,-2.52589403975333f,3.994384302410487f,-0.7082669398774556f,-2.4255294484912304f,-0.7225199131752011f,-0.9723890229459925f,0f,0f,0f,1f],start_interpolation:0}
execute if entity @s[tag=aj.heiloang_aj.bone.ring] run data modify entity @s {} merge value {transformation:[-2.118451509409684f,-0.49219020106820294f,-0.35048294400198876f,-0.505769305571974f,0.11235750437521903f,-1.5764199667437835f,1.5346667929704245f,2.766091904444738f,-0.5936878635060953f,1.4579352455469332f,1.5410664574578208f,1.2758473319107382f,0f,0f,0f,1f],start_interpolation:0}
execute if entity @s[tag=aj.heiloang_aj.bone.body_0] run data modify entity @s {} merge value {transformation:[-1.0852808387443744f,-0.12072105428103906f,0.2850338647340962f,-0.26186212840328216f,0.05756065033631164f,0.9423684844111854f,0.6182885952846776f,1.4341252298008957f,-0.3041457685466649f,0.6091144741175614f,-0.9000707110184837f,0.15343601097260984f,0f,0f,0f,1f],start_interpolation:0}
execute if entity @s[tag=aj.heiloang_aj.bone.leg_right_3] run data modify entity @s {} merge value {transformation:[-0.8718459578510501f,-0.12971866062115103f,0.4722898420095861f,-0.6858510941551682f,0.13270334145697252f,0.865656494599954f,0.48273041806278794f,0.09171907049965988f,-0.4714599123413774f,0.4835410038906467f,-0.7375050159907295f,-0.706002613620915f,0f,0f,0f,1f],start_interpolation:0}
execute if entity @s[tag=aj.heiloang_aj.bone.leg_right_2] run data modify entity @s {} merge value {transformation:[-0.9655789473095445f,0.058467437336056687f,-0.2534538523754306f,-0.638334793200645f,0.11280162717981095f,0.9721381282212399f,-0.20548297390317016f,0.6926524634268814f,0.23437809073840338f,-0.2270000405943977f,-0.9452713325558765f,-0.7994649531431387f,0f,0f,0f,1f],start_interpolation:0}
execute if entity @s[tag=aj.heiloang_aj.bone.leg_right_1] run data modify entity @s {} merge value {transformation:[-0.9746129110705162f,-0.023929335662601747f,-0.22261415154792133f,-0.4830482827631054f,-0.0172155953087792f,0.9993379669663476f,-0.03205075752195563f,0.7902911989187331f,0.22323372696082167f,-0.027404646947432165f,-0.9743796428871385f,-0.11397199906520183f,0f,0f,0f,1f],start_interpolation:0}
execute if entity @s[tag=aj.heiloang_aj.bone.leg_right_0] run data modify entity @s {} merge value {transformation:[-0.9236235651744734f,0.33712881933119343f,-0.1823833024998472f,-0.21571902355634984f,0.36880920171509973f,0.6520516245411403f,-0.6624261858226397f,1.2086703047193947f,-0.10439962923624879f,-0.6790970756155669f,-0.7265864568691867f,-0.6552949410412546f,0f,0f,0f,1f],start_interpolation:0}
execute if entity @s[tag=aj.heiloang_aj.bone.leg_left_3] run data modify entity @s {} merge value {transformation:[-0.7721045122842749f,-0.4877669905177893f,0.40735486381223035f,0.9660007781463023f,-0.20078294508361388f,0.7954056239352923f,0.5718532175092297f,0.10658125315243028f,-0.6029434725360351f,0.3597405403528029f,-0.7120715642074612f,-0.39008942675483776f,0f,0f,0f,1f],start_interpolation:0}
execute if entity @s[tag=aj.heiloang_aj.bone.leg_left_2] run data modify entity @s {} merge value {transformation:[-0.7721045122842749f,-0.2110169784825284f,0.5994384513045239f,0.8093835414370982f,-0.20078294508361388f,0.9759464794845044f,0.08493926150698479f,0.6961294308014181f,-0.6029434725360351f,-0.054775030569645874f,-0.7959012909603059f,-0.385854111333164f,0f,0f,0f,1f],start_interpolation:0}
execute if entity @s[tag=aj.heiloang_aj.bone.leg_left_1] run data modify entity @s {} merge value {transformation:[-0.8090611277868921f,-0.157548994196797f,0.5662140990224279f,0.3980189976446871f,-0.07695540104902532f,0.9835042546229131f,0.1636986480946354f,0.6544530815248892f,-0.5826645327747226f,0.08886897977475172f,-0.8078393074617058f,0.1908521458760452f,0f,0f,0f,1f],start_interpolation:0}
execute if entity @s[tag=aj.heiloang_aj.bone.leg_left_0] run data modify entity @s {} merge value {transformation:[-0.8417971508275407f,0.015657583051426477f,0.5395668605016641f,0.41544786844403214f,-0.2990293883206302f,0.81866003278609f,-0.49028275070541444f,1.2086703047193947f,-0.4493984665964319f,-0.5740649708976028f,-0.684463605613264f,-0.29089056604125463f,0f,0f,0f,1f],start_interpolation:0}
execute if entity @s[tag=aj.heiloang_aj.bone.tail_4] run data modify entity @s {} merge value {transformation:[-1.5602536794203108f,-0.16365208911863724f,-0.15388571496458447f,-0.2742165171787372f,-0.1728001403732456f,1.5643464865979884f,0.08839991540262408f,0.48266088191473155f,0.1435372113078773f,0.10436679205240551f,-1.5663202116343649f,-4.513543512110507f,0f,0f,0f,1f],start_interpolation:0}
execute if entity @s[tag=aj.heiloang_aj.bone.tail_3] run data modify entity @s {} merge value {transformation:[-0.9146611090938026f,-0.2116164679640405f,-0.34440314458163557f,0.19153948280245556f,-0.16447703981065265f,0.973132920773703f,-0.1611198990862619f,0.6725698562294914f,0.369245661973732f,-0.09072369587305432f,-0.9248928868364777f,-3.275222761110898f,0f,0f,0f,1f],start_interpolation:0}
execute if entity @s[tag=aj.heiloang_aj.bone.tail_2] run data modify entity @s {} merge value {transformation:[-0.9787504200186736f,-0.20014879442178363f,-0.04458783920282025f,0.22279504242417783f,-0.20009549318387507f,0.9797598132452092f,-0.005701048781997828f,0.6949339892137857f,0.04482643105101908f,0.003341921785364216f,-0.9989892004611504f,-2.492953160238799f,0f,0f,0f,1f],start_interpolation:0}
execute if entity @s[tag=aj.heiloang_aj.bone.tail_1] run data modify entity @s {} merge value {transformation:[-0.9813416724178753f,-0.0925623837703547f,-0.1685251526830253f,0.35293176373799073f,-0.08037503800841263f,0.9937261209949909f,-0.07777049387393009f,0.7724933042513668f,0.1746664685657599f,-0.06277421097073504f,-0.9826245586162436f,-1.7261063708637665f,0f,0f,0f,1f],start_interpolation:0}
execute if entity @s[tag=aj.heiloang_aj.bone.tail_ring] run data modify entity @s {} merge value {transformation:[-0.9711149504136893f,0.18559307965821864f,0.14996986986056804f,0.38023972817657803f,0.11523505182857521f,0.9151372553230678f,-0.38632199879094087f,0.7453589175839624f,-0.20894170458068734f,-0.35788128297347466f,-0.9100902984782203f,-1.867992860423748f,0f,0f,0f,1f],start_interpolation:0}
execute if entity @s[tag=aj.heiloang_aj.bone.tail_0] run data modify entity @s {} merge value {transformation:[-0.9711149504136893f,0.18559307965821864f,0.14996986986056804f,0.16655310934212347f,0.11523505182857521f,0.9151372553230678f,-0.38632199879094087f,1.2643334474894339f,-0.20894170458068734f,-0.35788128297347466f,-0.9100902984782203f,-0.5886009475391324f,0f,0f,0f,1f],start_interpolation:0}
execute if entity @s[tag=aj.heiloang_aj.bone.body_1] run data modify entity @s {} merge value {transformation:[-0.8660254037844386f,0.05272277251014125f,0.4972125393218114f,-0.0018960387843347866f,0f,0.9944250786436228f,-0.1054455450202825f,1.3716474428670362f,-0.5f,-0.09131852070346035f,-0.8611973802657156f,-0.290739714492411f,0f,0f,0f,1f],start_interpolation:0}