execute if entity @s[tag=aj.heiloang_aj.bone.head_lower] run data modify entity @s {} merge value {transformation:[-0.7960346741960729f,-0.019745015668558866f,-0.07706446544160787f,-0.6430347725980883f,-0.06323563991634606f,0.6272721824384345f,0.4924742257045476f,-0.5471321829865854f,0.04827060515388881f,0.4961247257446173f,-0.6257237451007478f,2.3612478673442174f,0f,0f,0f,1f],start_interpolation:0}
execute if entity @s[tag=aj.heiloang_aj.bone.horne_right] run data modify entity @s {} merge value {transformation:[-0.5647206245288751f,-0.5619959434309494f,-0.07246499705978658f,-1.0199271394284612f,-0.5217376116955122f,0.47577610410104654f,0.37606776425093014f,-0.07128303641836647f,-0.2210893049742127f,0.3127261714880729f,-0.7023687499401094f,2.405482507520751f,0f,0f,0f,1f],start_interpolation:0}
execute if entity @s[tag=aj.heiloang_aj.bone.horne_left] run data modify entity @s {} merge value {transformation:[-0.609076024670716f,0.5135905181878291f,-0.07246499705978658f,-0.34313845942696025f,0.4284932033174971f,0.5612188623006332f,0.37606776425093014f,-0.01752009536148902f,0.2922669514023571f,0.2475038751727743f,-0.7023687499401094f,2.3644428390189143f,0f,0f,0f,1f],start_interpolation:0}
execute if entity @s[tag=aj.heiloang_aj.bone.head_upper] run data modify entity @s {} merge value {transformation:[-1.1660116898955528f,-0.04808438644490139f,-0.1061449160682489f,-0.6695586352215152f,-0.09262598445846582f,1.0301173154751462f,0.5508546593806563f,-0.32670585174776556f,0.07070557566428749f,0.5565144387511397f,-1.028812185693524f,2.2232691904594257f,0f,0f,0f,1f],start_interpolation:0}
execute if entity @s[tag=aj.heiloang_aj.bone.neck_0] run data modify entity @s {} merge value {transformation:[-0.9581866623979615f,-0.28541343145557596f,0.020432649055086093f,-0.6412362847307356f,-0.23509327084160309f,0.8259354971239368f,0.5124077561821565f,-0.16167334522974572f,-0.16312410615127276f,0.48617869938469005f,-0.8584991544882029f,1.823991874695102f,0f,0f,0f,1f],start_interpolation:0}
execute if entity @s[tag=aj.heiloang_aj.bone.neck_1] run data modify entity @s {} merge value {transformation:[-0.9581866623979615f,-0.28279384407548797f,-0.04365732190210107f,-0.6581848682246951f,-0.23509327084160309f,0.6910436728054622f,0.6835128354906982f,0.08232033211164858f,-0.16312410615127276f,0.6651964251471485f,-0.7286317601942713f,1.5647177182366585f,0f,0f,0f,1f],start_interpolation:0}
execute if entity @s[tag=aj.heiloang_aj.bone.neck_2] run data modify entity @s {} merge value {transformation:[-0.9713877832975353f,-0.23493744004735898f,0.034787551283385953f,-0.6360545391556567f,-0.11322370119079572f,0.5868563917161685f,0.801735597931473f,0.39120248890461295f,-0.20877300579566788f,0.7748573899537079f,-0.5966656159736117f,1.2942329776127577f,0f,0f,0f,1f],start_interpolation:0}
execute if entity @s[tag=aj.heiloang_aj.bone.neck_3] run data modify entity @s {} merge value {transformation:[-0.9613014889281005f,-0.15377084951502223f,0.22859127985127828f,-0.514034798498052f,0.04926758667938128f,0.7204088314556959f,0.6917975285178666f,0.7317621095478699f,-0.2710574704512065f,0.6762881348952287f,-0.68495416365807f,0.9233920353730498f,0f,0f,0f,1f],start_interpolation:0}
execute if entity @s[tag=aj.heiloang_aj.bone.wing_right_2] run data modify entity @s {} merge value {transformation:[-0.7398180053690744f,2.1506935785564f,-0.6006350442731399f,-3.872357785751499f,2.0747424541136437f,0.8960103048037562f,0.6528286828142436f,3.421584687839232f,0.8256446416898892f,-0.3244359276694723f,-2.178675804429615f,2.1166335121702406f,0f,0f,0f,1f],start_interpolation:0}
execute if entity @s[tag=aj.heiloang_aj.bone.wing_right_1] run data modify entity @s {} merge value {transformation:[-2.0109901786443f,2.5325450811436574f,-0.8540214788114108f,-2.5427329982026894f,2.356707949106599f,2.184382871283589f,0.9282337459716854f,1.8644831637583748f,1.260581182198883f,-0.043653825925368726f,-3.0977811735931478f,1.338438660785252f,0f,0f,0f,1f],start_interpolation:0}
execute if entity @s[tag=aj.heiloang_aj.bone.wing_right_0] run data modify entity @s {} merge value {transformation:[-1.9213971889199628f,0.9567261581415524f,-0.5668402779779927f,-0.76013509260122f,0.8022400210195777f,1.9761667797938214f,0.6160972383591924f,1.1232374253865145f,0.770093365173971f,0.3283898852995027f,-2.0560924814190646f,0.6056729677018815f,0f,0f,0f,1f],start_interpolation:0}
execute if entity @s[tag=aj.heiloang_aj.bone.wing_left_2] run data modify entity @s {} merge value {transformation:[-0.45472343658116304f,-2.21926322479063f,0.633777044106772f,2.446361135848626f,-2.1332559872914465f,0.6506933138870317f,0.7479258721751211f,3.5827802938516777f,-0.8809208223387728f,-0.43016852125139604f,-2.138342712105657f,2.3822113931313567f,0f,0f,0f,1f],start_interpolation:0}
execute if entity @s[tag=aj.heiloang_aj.bone.wing_left_1] run data modify entity @s {} merge value {transformation:[-1.0911657198980544f,-3.030596312479119f,0.9011449025585851f,1.7182450491162726f,-2.869714895581171f,1.3494559410257765f,1.0634490369593566f,1.687746681114274f,-1.3271445146248795f,-0.4262316587469738f,-3.040432992730295f,1.559563820036876f,0f,0f,0f,1f],start_interpolation:0}
execute if entity @s[tag=aj.heiloang_aj.bone.wing_left_0] run data modify entity @s {} merge value {transformation:[-1.9628259574780995f,-0.8473309079235228f,0.5981175412305504f,-0.10263611647278945f,-0.6492288991491576f,2.0021704214501956f,0.705843778735435f,1.0895399972943849f,-0.8088362610317081f,0.4491591432303734f,-2.018028732920521f,0.7910674681227171f,0f,0f,0f,1f],start_interpolation:0}
execute if entity @s[tag=aj.heiloang_aj.bone.kazari_right] run data modify entity @s {} merge value {transformation:[-2.5263892332907742f,0.718953298646392f,0.08563752001416827f,-1.9619837676028662f,0.12947977504518185f,0.7544592468940557f,-2.514139300274858f,4.2283320263239546f,-0.7123641051617874f,-2.4126266987865685f,-0.7606838913343174f,-2.665731747243659f,0f,0f,0f,1f],start_interpolation:0}
execute if entity @s[tag=aj.heiloang_aj.bone.kazari_left] run data modify entity @s {} merge value {transformation:[-2.5263892332907742f,0.718953298646392f,0.08563752001416827f,2.9157404962180133f,0.12947977504518185f,0.7544592468940557f,-2.514139300274858f,3.97834416535239f,-0.7123641051617874f,-2.4126266987865685f,-0.7606838913343174f,-1.2903634411110871f,0f,0f,0f,1f],start_interpolation:0}
execute if entity @s[tag=aj.heiloang_aj.bone.ring] run data modify entity @s {} merge value {transformation:[-2.1176854965963994f,-0.48601446416842364f,-0.3634891523943594f,-0.5156784194274155f,0.10853333211786505f,-1.6013895695373384f,1.508873171668328f,2.7379332968444623f,-0.597122214549654f,1.432573793205825f,1.563362937291024f,1.2938641272998401f,0f,0f,0f,1f],start_interpolation:0}
execute if entity @s[tag=aj.heiloang_aj.bone.body_0] run data modify entity @s {} merge value {transformation:[-1.0848884110561325f,-0.12791095898758242f,0.2833871875449752f,-0.26099111126492186f,0.05560153026368812f,0.9322363357971767f,0.6336373252811609f,1.42471286110086f,-0.305905183555477f,0.6230783070593973f,-0.8898583133755391f,0.1519273650347065f,0f,0f,0f,1f],start_interpolation:0}
execute if entity @s[tag=aj.heiloang_aj.bone.leg_right_3] run data modify entity @s {} merge value {transformation:[-0.8794882530233472f,-0.1895908677126004f,0.43652687852401956f,-0.6503136647479963f,0.14644017129562567f,0.7649210314301149f,0.6272567990120131f,0.14029904312257935f,-0.4528307509708771f,0.6155900572262943f,-0.6449753424893692f,-0.8803947152217795f,0f,0f,0f,1f],start_interpolation:0}
execute if entity @s[tag=aj.heiloang_aj.bone.leg_right_2] run data modify entity @s {} merge value {transformation:[-0.9822644704467534f,0.03632470237125698f,-0.1839484332512753f,-0.6195433211295603f,0.06097662418863612f,0.9896125822195803f,-0.13018751251657093f,0.7483078743036814f,0.17730866138042198f,-0.1390951225253212f,-0.9742762367466162f,-0.919026278221277f,0f,0f,0f,1f],start_interpolation:0}
execute if entity @s[tag=aj.heiloang_aj.bone.leg_right_1] run data modify entity @s {} merge value {transformation:[-0.9891532905146659f,-0.031060029163945055f,-0.14356546399585052f,-0.5205711562664086f,-0.061967031460538724f,0.9743940419731786f,0.2161396261196452f,0.6689437368154403f,0.13317602965991132f,0.22269154801093427f,-0.9657497706800225f,-0.22084746348549517f,0f,0f,0f,1f],start_interpolation:0}
execute if entity @s[tag=aj.heiloang_aj.bone.leg_right_0] run data modify entity @s {} merge value {transformation:[-0.918907182340259f,0.3790964795842789f,-0.109066261558249f,-0.21781032336312514f,0.3780712772038619f,0.7674680013371405f,-0.5177402594709197f,1.181058984699497f,-0.11256864393305355f,-0.5169900638217151f,-0.848557348864938f,-0.6516727035220607f,0f,0f,0f,1f],start_interpolation:0}
execute if entity @s[tag=aj.heiloang_aj.bone.leg_left_3] run data modify entity @s {} merge value {transformation:[-0.7636522412377873f,-0.515724158369282f,0.3884119551800641f,0.9826514914901139f,-0.198899224391229f,0.7602673286664419f,0.618411422516564f,0.19080629694618267f,-0.6142266299901623f,0.39499643218222663f,-0.6831569845754631f,-0.42144395035228904f,0f,0f,0f,1f],start_interpolation:0}
execute if entity @s[tag=aj.heiloang_aj.bone.leg_left_2] run data modify entity @s {} merge value {transformation:[-0.7636522412377873f,-0.2781042337369712f,0.5826605269194718f,0.7860243749011968f,-0.198899224391229f,0.9599159733943295f,0.1974852464337135f,0.7652953330639031f,-0.6142266299901623f,0.034919324162834206f,-0.7883567008727325f,-0.3630138647554701f,0f,0f,0f,1f],start_interpolation:0}
execute if entity @s[tag=aj.heiloang_aj.bone.leg_left_1] run data modify entity @s {} merge value {transformation:[-0.8090192926055699f,-0.2256316310282494f,0.5427505423963344f,0.38610525748788105f,-0.08045252992004268f,0.9572042864259871f,0.2780060151816531f,0.6409860148715071f,-0.5822500962829013f,0.1812465754910937f,-0.7925493702295796f,0.2098383902114706f,0f,0f,0f,1f],start_interpolation:0}
execute if entity @s[tag=aj.heiloang_aj.bone.leg_left_0] run data modify entity @s {} merge value {transformation:[-0.8455680988616863f,0.029892591435906113f,0.533030039645684f,0.41335656863725684f,-0.2981332197038149f,0.8018036175984793f,-0.5179068855644116f,1.181058984699497f,-0.4428669930085898f,-0.5968395025324962f,-0.6690675860630911f,-0.28726832852206075f,0f,0f,0f,1f],start_interpolation:0}
execute if entity @s[tag=aj.heiloang_aj.bone.tail_4] run data modify entity @s {} merge value {transformation:[-1.56614435222068f,-0.10666504214620086f,0.1437664789820273f,0.07719802767412369f,-0.10557080390459109f,1.5727133022431807f,0.01679398695845534f,0.09495624636087507f,-0.14457190964319047f,0.007057012042756514f,-1.5696826192612388f,-4.474316040111972f,0f,0f,0f,1f],start_interpolation:0}
execute if entity @s[tag=aj.heiloang_aj.bone.tail_3] run data modify entity @s {} merge value {transformation:[-0.9992012876498336f,0.020783784029908464f,0.0341294752422681f,0.03104767055519536f,0.015560203484752743f,0.9890514157930067f,-0.14674868648598313f,0.2652452091336266f,-0.03680579881523505f,-0.1461004149181187f,-0.9885848481209519f,-3.1494371150416187f,0f,0f,0f,1f],start_interpolation:0}
execute if entity @s[tag=aj.heiloang_aj.bone.tail_2] run data modify entity @s {} merge value {transformation:[-0.9934760324051954f,0.11383791904513534f,0.00680450026851237f,0.0277995656259048f,0.11186009839523528f,0.9843533312756857f,-0.13614638296138415f,0.38983196235479717f,-0.022196653428822488f,-0.13449701630122815f,-0.9906653628661031f,-2.3762033964052836f,0f,0f,0f,1f],start_interpolation:0}
execute if entity @s[tag=aj.heiloang_aj.bone.tail_1] run data modify entity @s {} merge value {transformation:[-0.9465960711757025f,0.18171094368177845f,-0.26634002887474817f,0.23900934025371112f,0.23994731441699402f,0.9487903849215414f,-0.2054801493685096f,0.566435628922484f,0.21536286666646218f,-0.2584142767470683f,-0.9417223036726342f,-1.644625247459647f,0f,0f,0f,1f],start_interpolation:0}
execute if entity @s[tag=aj.heiloang_aj.bone.tail_ring] run data modify entity @s {} merge value {transformation:[-0.9493523615270704f,0.30823290787295154f,0.06101285247518767f,0.25733718838846875f,0.23170093523566446f,0.8178856283699792f,-0.526666664520133f,0.5161164019948516f,-0.21223753267010265f,-0.4858555067198771f,-0.847879505776663f,-1.781540700076964f,0f,0f,0f,1f],start_interpolation:0}
execute if entity @s[tag=aj.heiloang_aj.bone.tail_0] run data modify entity @s {} merge value {transformation:[-0.9493523615270704f,0.30823290787295154f,0.06101285247518767f,0.1651434269213549f,0.23170093523566446f,0.8178856283699792f,-0.526666664520133f,1.2333359175329703f,-0.21223753267010265f,-0.4858555067198771f,-0.847879505776663f,-0.5861593059638245f,0f,0f,0f,1f],start_interpolation:0}
execute if entity @s[tag=aj.heiloang_aj.bone.body_1] run data modify entity @s {} merge value {transformation:[-0.8660254037844386f,0.06526309611002579f,0.4957224306869052f,-0.0018960387843347866f,0f,0.9914448613738104f,-0.13052619222005157f,1.3492574648491087f,-0.5f,-0.11303899832181541f,-0.8586164364012608f,-0.290739714492411f,0f,0f,0f,1f],start_interpolation:0}