execute if entity @s[tag=aj.heiloang_aj.bone.head_lower] run data modify entity @s {} merge value {transformation:[-0.7964164174889325f,-0.019128841840262895f,-0.0731777108411069f,-0.6491112400140497f,-0.05801431047359783f,0.651107324254356f,0.46118715515786624f,-0.5994298917293484f,0.04853070918879565f,0.46442797042402933f,-0.6495778864412255f,2.3876056225624103f,0f,0f,0f,1f],start_interpolation:0}
execute if entity @s[tag=aj.heiloang_aj.bone.horne_right] run data modify entity @s {} merge value {transformation:[-0.5658680066165421f,-0.5613088471530482f,-0.06874428845756701f,-1.0244187393229105f,-0.5300757517545752f,0.49260413241064527f,0.3411170856667508f,-0.12067323863995721f,-0.19701039690748068f,0.28683365709008346f,-0.7203564094742863f,2.4069270599163928f,0f,0f,0f,1f],start_interpolation:0}
execute if entity @s[tag=aj.heiloang_aj.bone.horne_left] run data modify entity @s {} merge value {transformation:[-0.6084915439396582f,0.5147934185266881f,-0.06874428845756701f,-0.34730550117382003f,0.44453047910887544f,0.5709919325257199f,0.3411170856667508f,-0.07134947187530438f,0.2685715809559244f,0.2212599132968961f,-0.7203564094742863f,2.365666250964079f,0f,0f,0f,1f],start_interpolation:0}
execute if entity @s[tag=aj.heiloang_aj.bone.head_upper] run data modify entity @s {} merge value {transformation:[-1.1665708579273513f,-0.04620692483303856f,-0.10069491512543273f,-0.674371695722594f,-0.08497791162396427f,1.0565419878207838f,0.49965977915751497f,-0.38600723147879495f,0.07108656955201816f,0.5047237466864234f,-1.0551600596876978f,2.2388034870410287f,0f,0f,0f,1f],start_interpolation:0}
execute if entity @s[tag=aj.heiloang_aj.bone.neck_0] run data modify entity @s {} merge value {transformation:[-0.9587021940436089f,-0.2833038902138862f,0.02508005035180274f,-0.6441992193682528f,-0.23387122819843975f,0.8354482925374016f,0.49732323404129575f,-0.22805757437508117f,-0.1618466921408157f,0.4709193734451986f,-0.8672027398233113f,1.836806240632086f,0f,0f,0f,1f],start_interpolation:0}
execute if entity @s[tag=aj.heiloang_aj.bone.neck_1] run data modify entity @s {} merge value {transformation:[-0.9587021940436089f,-0.28196137296951f,-0.037254359330412656f,-0.6612936451792537f,-0.23387122819843975f,0.7070070217113116f,0.667416901098447f,0.023951933188593788f,-0.1618466921408157f,0.648566770197217f,-0.7437518355197695f,1.573907388898632f,0f,0f,0f,1f],start_interpolation:0}
execute if entity @s[tag=aj.heiloang_aj.bone.neck_2] run data modify entity @s {} merge value {transformation:[-0.971645194550908f,-0.23361537956630177f,0.03646190253155884f,-0.6385214772581306f,-0.11221014978161262f,0.5913399466945424f,0.7985774538072583f,0.3313896057938492f,-0.2081213544836671f,0.7718425499241335f,-0.6007866342841652f,1.3018349004118461f,0f,0f,0f,1f],start_interpolation:0}
execute if entity @s[tag=aj.heiloang_aj.bone.neck_3] run data modify entity @s {} merge value {transformation:[-0.9612552763113492f,-0.1522442641144412f,0.22980421625340963f,-0.5159110101861297f,0.04999907099826123f,0.7235310085654726f,0.6884787379022979f,0.6701561448721147f,-0.27108741516880197f,0.6732938167609164f,-0.6878859277878966f,0.929549281391473f,0f,0f,0f,1f],start_interpolation:0}
execute if entity @s[tag=aj.heiloang_aj.bone.wing_right_2] run data modify entity @s {} merge value {transformation:[-0.563836793853242f,2.228725854558188f,-0.4984427163096838f,-4.139589485142808f,2.1493508520292446f,0.6914007948686385f,0.6601756297055957f,3.0471518741317523f,0.7719812116233542f,-0.29719019566583005f,-2.202112395592389f,1.9337332192606769f,0f,0f,0f,1f],start_interpolation:0}
execute if entity @s[tag=aj.heiloang_aj.bone.wing_right_1] run data modify entity @s {} merge value {transformation:[-2.2468850804841614f,2.3741198784164443f,-0.7087178641078317f,-2.6577307377301818f,2.1870679085534372f,2.350070720896805f,0.9386801068837339f,1.600957807996568f,1.1642423164330407f,0.16715616228980085f,-3.1311048240094377f,1.2191201529980202f,0f,0f,0f,1f],start_interpolation:0}
execute if entity @s[tag=aj.heiloang_aj.bone.wing_right_0] run data modify entity @s {} merge value {transformation:[-2.0434102664726264f,0.7291093098258622f,-0.47039780739234144f,-0.7608721935622447f,0.5874012161212988f,2.0482168885457517f,0.6230308088491117f,1.059594834795297f,0.6386190524667164f,0.44900689504863334f,-2.07821041139373f,0.608464854705348f,0f,0f,0f,1f],start_interpolation:0}
execute if entity @s[tag=aj.heiloang_aj.bone.wing_left_2] run data modify entity @s {} merge value {transformation:[-0.2548456207960004f,-2.2533726154065326f,0.6252532063236711f,2.638324138767947f,-2.1826023973369515f,0.455002331193114f,0.7501970808186549f,3.269721750540492f,-0.8395692294391816f,-0.4988594401890797f,-2.1400557876452995f,2.345295831333966f,0f,0f,0f,1f],start_interpolation:0}
execute if entity @s[tag=aj.heiloang_aj.bone.wing_left_1] run data modify entity @s {} merge value {transformation:[-1.2738647798221683f,-2.9621143725215577f,0.8890251625965558f,1.790776077974069f,-2.783450757693513f,1.5171743045988102f,1.0666783872660595f,1.4311176911931216f,-1.3479203148272614f,-0.3335855909153318f,-3.042868753546502f,1.5090830257173824f,0f,0f,0f,1f],start_interpolation:0}
execute if entity @s[tag=aj.heiloang_aj.bone.wing_left_0] run data modify entity @s {} merge value {transformation:[-2.0415628649285438f,-0.6420549601899109f,0.5900732976845228f,-0.10340482536176204f,-0.44230114959442435f,2.0570668003188657f,0.7079871976902925f,1.0253970952022937f,-0.7515256227250048f,0.5335181413236431f,-2.0196454221635927f,0.7938798363398156f,0f,0f,0f,1f],start_interpolation:0}
execute if entity @s[tag=aj.heiloang_aj.bone.kazari_right] run data modify entity @s {} merge value {transformation:[-2.5262677822592847f,0.7203459131155103f,0.077091155995919f,-1.9476787119942298f,0.13140218349749785f,0.7306337815279923f,-2.5210668241874203f,4.136504195938447f,-0.7124428026495148f,-2.4195343005016765f,-0.7383422039982662f,-2.7129415891639876f,0f,0f,0f,1f],start_interpolation:0}
execute if entity @s[tag=aj.heiloang_aj.bone.kazari_left] run data modify entity @s {} merge value {transformation:[-2.5262677822592847f,0.7203459131155103f,0.077091155995919f,2.9298110651389475f,0.13140218349749785f,0.7306337815279923f,-2.5210668241874203f,3.8828047222710738f,-0.7124428026495148f,-2.4195343005016765f,-0.7383422039982662f,-1.337421341026466f,0f,0f,0f,1f],start_interpolation:0}
execute if entity @s[tag=aj.heiloang_aj.bone.ring] run data modify entity @s {} merge value {transformation:[-2.117583693167006f,-0.4906072908739906f,-0.35786879489345763f,-0.5108399810600808f,0.11014474513544711f,-1.5869974812665795f,1.523887599318469f,2.679535187050689f,-0.5971881808410642f,1.4469518880663734f,1.5500396111289947f,1.282175506511653f,0f,0f,0f,1f],start_interpolation:0}
execute if entity @s[tag=aj.heiloang_aj.bone.body_0] run data modify entity @s {} merge value {transformation:[-1.0848362572490953f,-0.12459064480696716f,0.285061119976107f,-0.2609471864102458f,0.05642705573052895f,0.9381500646226792f,0.6247742148710366f,1.355392501329095f,-0.30593897802835146f,0.6148203017245938f,-0.8955722830949611f,0.15185128495469252f,0f,0f,0f,1f],start_interpolation:0}
execute if entity @s[tag=aj.heiloang_aj.bone.leg_right_3] run data modify entity @s {} merge value {transformation:[-0.8797391649918306f,-0.17594642304343888f,0.4417033595046524f,-0.6579554053367744f,0.15007465362425554f,0.7787568993682922f,0.6091102445582763f,0.057857912084655516f,-0.4511503074575443f,0.6021466166179985f,-0.6586978458872177f,-0.8633288081124585f,0f,0f,0f,1f],start_interpolation:0}
execute if entity @s[tag=aj.heiloang_aj.bone.leg_right_2] run data modify entity @s {} merge value {transformation:[-0.9806038710957002f,0.04237854027803702f,-0.1913638087936962f,-0.6231533732149996f,0.06895600220061862f,0.9885199037575276f,-0.1344376049910012f,0.6654027020359505f,0.18346966439342458f,-0.14502571909530726f,-0.972268698996452f,-0.9056619778924585f,0f,0f,0f,1f],start_interpolation:0}
execute if entity @s[tag=aj.heiloang_aj.bone.leg_right_1] run data modify entity @s {} merge value {transformation:[-0.9880705105412187f,-0.027569880459052454f,-0.15151424979284567f,-0.5183103023772484f,-0.05542823954304878f,0.9815762454660779f,0.18285454491993414f,0.6100646607600307f,0.14368151050143393f,0.1890713516855248f,-0.971394691931058f,-0.20602389661909948f,0f,0f,0f,1f],start_interpolation:0}
execute if entity @s[tag=aj.heiloang_aj.bone.leg_right_0] run data modify entity @s {} merge value {transformation:[-0.9186878380485272f,0.3767586113036341f,-0.11859850349089696f,-0.21790792114219928f,0.37849079137185415f,0.7538429934532044f,-0.5370898081961896f,1.1109066787442168f,-0.11294855939068349f,-0.5383063161714426f,-0.8351460548320275f,-0.6515036592099985f,0f,0f,0f,1f],start_interpolation:0}
execute if entity @s[tag=aj.heiloang_aj.bone.leg_left_3] run data modify entity @s {} merge value {transformation:[-0.7658355476775774f,-0.5111696673473506f,0.39013008740339916f,0.9801472744964511f,-0.19926077128656175f,0.765483980744238f,0.6118246646305129f,0.10286391937945372f,-0.6113845426077351f,0.390819455001864f,-0.688090905805604f,-0.41752399111282734f,0f,0f,0f,1f],start_interpolation:0}
execute if entity @s[tag=aj.heiloang_aj.bone.leg_left_2] run data modify entity @s {} merge value {transformation:[-0.7658355476775774f,-0.2685744599675673f,0.5842633595960939f,0.789240399772769f,-0.19926077128656175f,0.9629945539419037f,0.18148452855413938f,0.6799801739511513f,-0.6113845426077351f,0.022566535652670902f,-0.7910118156696315f,-0.36648141679723856f,0f,0f,0f,1f],start_interpolation:0}
execute if entity @s[tag=aj.heiloang_aj.bone.leg_left_1] run data modify entity @s {} merge value {transformation:[-0.8098294973908329f,-0.2145355789608817f,0.5460317486333832f,0.38783897727273986f,-0.07982774884990645f,0.962377835154429f,0.2597237627115217f,0.5689597299533545f,-0.5812088399785976f,0.16674347892314667f,-0.7964878508598476f,0.20806115961664018f,0f,0f,0f,1f],start_interpolation:0}
execute if entity @s[tag=aj.heiloang_aj.bone.leg_left_0] run data modify entity @s {} merge value {transformation:[-0.845740956604928f,0.0274073144094919f,0.5328893632245257f,0.4132589708581827f,-0.2980875014451954f,0.8040469634201622f,-0.5144437015815986f,1.1109066787442168f,-0.44256759461481343f,-0.5939337671253213f,-0.6718456701246073f,-0.2870992842099985f,0f,0f,0f,1f],start_interpolation:0}
execute if entity @s[tag=aj.heiloang_aj.bone.tail_4] run data modify entity @s {} merge value {transformation:[-1.5044008377874876f,-0.0647130999962442f,0.4663096585326711f,0.2631117669808777f,-0.07102009417609205f,1.5747057962430198f,-0.010590806840371681f,0.005953668175319254f,-0.46539083486377253f,-0.03111645312671658f,-1.5057547943995684f,-4.45575600523426f,0f,0f,0f,1f],start_interpolation:0}
execute if entity @s[tag=aj.heiloang_aj.bone.tail_3] run data modify entity @s {} merge value {transformation:[-0.9886946148518669f,0.037870011344053114f,0.1450821174498077f,0.06824722449427086f,0.015284220118400697f,0.9879941920234672f,-0.15373311010731674f,0.1856036494621163f,-0.14916216403059718f,-0.14977763106918668f,-0.977403350747792f,-3.145723163392065f,0f,0f,0f,1f],start_interpolation:0}
execute if entity @s[tag=aj.heiloang_aj.bone.tail_2] run data modify entity @s {} merge value {transformation:[-0.9922100156150832f,0.11274115338746248f,0.05299733244212251f,0.028810094064477876f,0.10411200877193105f,0.9840554494731449f,-0.14420666417222178f,0.3164961605708403f,-0.06841033944214528f,-0.13756563777001607f,-0.98812738083829f,-2.3745327483977423f,0f,0f,0f,1f],start_interpolation:0}
execute if entity @s[tag=aj.heiloang_aj.bone.tail_1] run data modify entity @s {} merge value {transformation:[-0.9467017827709827f,0.18111906633503105f,-0.26636744979101623f,0.24003130167563214f,0.23969159911085913f,0.9485414331236662f,-0.20692290101238275f,0.49422311232398275f,0.2151828799275679f,-0.25974031927605656f,-0.9413985844096272f,-1.643229976603443f,0f,0f,0f,1f],start_interpolation:0}
execute if entity @s[tag=aj.heiloang_aj.bone.tail_ring] run data modify entity @s {} merge value {transformation:[-0.9492393316088503f,0.3084074514326562f,0.06188323866441359f,0.25848964430218213f,0.23103798157556782f,0.8170896138817201f,-0.5281912664519445f,0.44366010027488123f,-0.2134622739414873f,-0.48708254617409075f,-0.8468674340274834f,-1.7800380435485372f,0f,0f,0f,1f],start_interpolation:0}
execute if entity @s[tag=aj.heiloang_aj.bone.tail_0] run data modify entity @s {} merge value {transformation:[-0.9492393316088503f,0.3084074514326562f,0.06188323866441359f,0.16507609633742765f,0.23103798157556782f,0.8170896138817201f,-0.5281912664519445f,1.1630273191939278f,-0.2134622739414873f,-0.48708254617409075f,-0.8468674340274834f,-0.5860426859715593f,0f,0f,0f,1f],start_interpolation:0}
execute if entity @s[tag=aj.heiloang_aj.bone.body_1] run data modify entity @s {} merge value {transformation:[-0.8660254037844386f,0.06583793618137355f,0.49564641243468854f,-0.0018960387843347866f,0f,0.9912928248693771f,-0.1316758723627471f,1.2793423413923182f,-0.5f,-0.11403465053161627f,-0.858484768926119f,-0.290739714492411f,0f,0f,0f,1f],start_interpolation:0}