execute if entity @s[tag=aj.heiloang_aj.bone.head_lower] run data modify entity @s {} merge value {transformation:[-0.7925836310784644f,0.002329952694824576f,-0.10865430993254048f,-0.6380818963122917f,-0.045530983659641f,0.7191224003229316f,0.34754841803807845f,-0.48108345679712267f,0.09868189942163766f,0.3505104059428553f,-0.712323197749668f,2.49098406121162f,0f,0f,0f,1f],start_interpolation:0}
execute if entity @s[tag=aj.heiloang_aj.bone.horne_right] run data modify entity @s {} merge value {transformation:[-0.5731573466499476f,-0.5476806868961155f,-0.10740819885926367f,-1.0138325598810982f,-0.5527927791678867f,0.5358730785202308f,0.21739408229548182f,-0.004028497552272803f,-0.07688172267214155f,0.229969365173385f,-0.7623669010395941f,2.4501554616306134f,0f,0f,0f,1f],start_interpolation:0}
execute if entity @s[tag=aj.heiloang_aj.bone.horne_left] run data modify entity @s {} merge value {transformation:[-0.5955505507917089f,0.5232427928500316f,-0.10740819885926367f,-0.3399779567381878f,0.48565485441803596f,0.597393651927355f,0.21739408229548182f,0.034681944755154015f,0.22239357866604065f,0.09663231533704125f,-0.7623669010395941f,2.366256110742337f,0f,0f,0f,1f],start_interpolation:0}
execute if entity @s[tag=aj.heiloang_aj.bone.head_upper] run data modify entity @s {} merge value {transformation:[-1.1609566882129578f,-0.024275814855659446f,-0.15732884448407797f,-0.671897464816106f,-0.06669264659005066f,1.125750577302004f,0.31843341689436444f,-0.29514371630617475f,0.14454677922532932f,0.3244355635828154f,-1.1166959774702716f,2.310395251204818f,0f,0f,0f,1f],start_interpolation:0}
execute if entity @s[tag=aj.heiloang_aj.bone.neck_0] run data modify entity @s {} merge value {transformation:[-0.9692548965703188f,-0.24569894079635876f,-0.013303231412251773f,-0.6606196181870388f,-0.21150875793184637f,0.8043126634379737f,0.555288379809483f,-0.11035573303413115f,-0.1257338092661961f,0.5410297310914255f,-0.831551465203779f,1.919004819484051f,0f,0f,0f,1f],start_interpolation:0}
execute if entity @s[tag=aj.heiloang_aj.bone.neck_1] run data modify entity @s {} merge value {transformation:[-0.9692548965703188f,-0.2310343152120987f,-0.08466457741545247f,-0.6943527845317214f,-0.21150875793184637f,0.6064618184307041f,0.7664646815762951f,0.17648788839067098f,-0.1257338092661961f,0.7608069452760011f,-0.6366818681470453f,1.6965197011607591f,0f,0f,0f,1f],start_interpolation:0}
execute if entity @s[tag=aj.heiloang_aj.bone.neck_2] run data modify entity @s {} merge value {transformation:[-0.9777422106623259f,-0.20037962345700083f,0.06219466208910615f,-0.6621492743439866f,-0.09601259574003292f,0.6908948077255951f,0.7165514260100765f,0.4469744757055537f,-0.1865522740370874f,0.6946311043719849f,-0.6947559844222632f,1.3885264006256777f,0f,0f,0f,1f],start_interpolation:0}
execute if entity @s[tag=aj.heiloang_aj.bone.neck_3] run data modify entity @s {} merge value {transformation:[-0.9608906552085208f,-0.1133253171684194f,0.25267869166515894f,-0.5286437371953872f,0.05535334494515759f,0.8154233116309202f,0.5762124868937202f,0.7254179429027716f,-0.2713395583698066f,0.5676638048506707f,-0.7772597048130939f,0.9725478147706865f,0f,0f,0f,1f],start_interpolation:0}
execute if entity @s[tag=aj.heiloang_aj.bone.wing_right_2] run data modify entity @s {} merge value {transformation:[-2.112147423369324f,-0.9386460922831368f,-0.43743888912273216f,-4.341299403858454f,-1.0280540966386535f,2.0200746461851207f,0.6292687856119584f,-1.205812935000999f,0.12455537989109666f,0.7561864476454622f,-2.2240152922267704f,0.6436170611668436f,0f,0f,0f,1f],start_interpolation:0}
execute if entity @s[tag=aj.heiloang_aj.bone.wing_right_1] run data modify entity @s {} merge value {transformation:[-2.7761855341763644f,-1.7587368033141912f,-0.6219787049393829f,-2.514217781637411f,-1.8653899669417384f,2.6281150533225124f,0.8947347711096884f,0.0018787861221880586f,0.01824620407079972f,1.0895296673646775f,-3.1622477690511883f,0.6797821154857666f,0f,0f,0f,1f],start_interpolation:0}
execute if entity @s[tag=aj.heiloang_aj.bone.wing_right_0] run data modify entity @s {} merge value {transformation:[-1.8835663122205932f,-1.1000692435160209f,-0.4128263641505981f,-0.7655727800105998f,-1.174358843566541f,1.7879060699135483f,0.5938629401666227f,1.09894106138718f,0.03820018330806247f,0.7222461800773875f,-2.0988809402533652f,0.6274263980796637f,0f,0f,0f,1f],start_interpolation:0}
execute if entity @s[tag=aj.heiloang_aj.bone.wing_left_2] run data modify entity @s {} merge value {transformation:[-2.170681618827669f,0.659301052937867f,0.6221249372913084f,3.712851253621926f,0.8176100200440738f,2.1211379931679573f,0.6048664938512853f,-0.6683936701811096f,-0.3914475330465428f,0.7743847505313088f,-2.1864750383522202f,1.3862297760640145f,0f,0f,0f,1f],start_interpolation:0}
execute if entity @s[tag=aj.heiloang_aj.bone.wing_left_1] run data modify entity @s {} merge value {transformation:[-3.110423878718549f,0.8544034554427546f,0.8845771887884817f,1.6629425301597383f,1.0813039650856384f,3.046035965409931f,0.8600380255658827f,0.026470701363567217f,-0.5858871928003971f,1.0857616707439373f,-3.108870625252167f,1.049937954408038f,0f,0f,0f,1f],start_interpolation:0}
execute if entity @s[tag=aj.heiloang_aj.bone.wing_left_0] run data modify entity @s {} merge value {transformation:[-1.9094224655143417f,0.9683980232984322f,0.5871210408943112f,-0.10835480079426593f,1.1074139438048574f,1.83743933424651f,0.5708336447953226f,1.0610811724284028f,-0.2369392438067259f,0.7838507265005429f,-2.06345289098367f,0.8130138374689644f,0f,0f,0f,1f],start_interpolation:0}
execute if entity @s[tag=aj.heiloang_aj.bone.kazari_right] run data modify entity @s {} merge value {transformation:[-2.5253095242735997f,0.7276570830883314f,0.014041531279594269f,-1.8866367045357386f,0.1454737107002816f,0.5543550947693203f,-2.564838789661962f,3.976949325779201f,-0.713105458305001f,-2.4637523793780347f,-0.5729528837530493f,-2.9051616903557225f,0f,0f,0f,1f],start_interpolation:0}
execute if entity @s[tag=aj.heiloang_aj.bone.kazari_left] run data modify entity @s {} merge value {transformation:[-2.5253095242735997f,0.7276570830883314f,0.014041531279594269f,2.9890029545846692f,0.1454737107002816f,0.5543550947693203f,-2.564838789661962f,3.696081817684832f,-0.713105458305001f,-2.4637523793780347f,-0.5729528837530493f,-1.5283620464993102f,0f,0f,0f,1f],start_interpolation:0}
execute if entity @s[tag=aj.heiloang_aj.bone.ring] run data modify entity @s {} merge value {transformation:[-2.116780456273996f,-0.5223395746956251f,-0.31516369465291433f,-0.4743016372854061f,0.1219398670745482f,-1.477377755181555f,1.6295434707600096f,2.752761070327841f,-0.5977436361336886f,1.5483677286050397f,1.4485117218235317f,1.1936855207032204f,0f,0f,0f,1f],start_interpolation:0}
execute if entity @s[tag=aj.heiloang_aj.bone.body_0] run data modify entity @s {} merge value {transformation:[-1.08442475969766f,-0.09971291701978728f,0.29619697951152507f,-0.260615031243612f,0.06246968629077569f,0.9788396034986776f,0.5582319812183438f,1.3523491734490816f,-0.3062235372845756f,0.5527953877698604f,-0.9350383844586089f,0.15127597533008635f,0f,0f,0f,1f],start_interpolation:0}
execute if entity @s[tag=aj.heiloang_aj.bone.leg_right_3] run data modify entity @s {} merge value {transformation:[-0.8785013273964114f,-0.0740835935736193f,0.4719608446957881f,-0.7120563325851894f,0.17688879771419752f,0.8672497758769788f,0.4653903517312705f,-0.028670311872917575f,-0.443785726455875f,0.49233062813981876f,-0.7487755214945815f,-0.7194539362614726f,0f,0f,0f,1f],start_interpolation:0}
execute if entity @s[tag=aj.heiloang_aj.bone.leg_right_2] run data modify entity @s {} merge value {transformation:[-0.966295047728286f,0.08780316455954576f,-0.24200100212420383f,-0.6472388175468053f,0.1299780906763505f,0.9778229471962063f,-0.16421930422655986f,0.5737737823534137f,0.22221515852866555f,-0.19013912861337715f,-0.9562779591155625f,-0.7899787799440696f,0f,0f,0f,1f],start_interpolation:0}
execute if entity @s[tag=aj.heiloang_aj.bone.leg_right_1] run data modify entity @s {} merge value {transformation:[-0.9765259858178997f,-0.013798249594050252f,-0.21495722209434948f,-0.4965946907095464f,-0.00024925648875926895f,0.9980178429589066f,-0.0629310972958047f,0.6931034683899132f,0.21539948211075619f,-0.06140027234297529f,-0.9745937972625448f,-0.1068868489694147f,0f,0f,0f,1f],start_interpolation:0}
execute if entity @s[tag=aj.heiloang_aj.bone.leg_right_0] run data modify entity @s {} merge value {transformation:[-0.9170742452538654f,0.3523972069392375f,-0.18652355677896976f,-0.21862678583301445f,0.3815472418070619f,0.6398335830294337f,-0.6671092026775978f,1.1017813071911702f,-0.11574338409376489f,-0.6829562171685246f,-0.7212310825729726f,-0.6502585490417393f,0f,0f,0f,1f],start_interpolation:0}
execute if entity @s[tag=aj.heiloang_aj.bone.leg_left_3] run data modify entity @s {} merge value {transformation:[-0.7820483555703206f,-0.4769045340383524f,0.4012012399824051f,0.956442643000886f,-0.20066254518768642f,0.8021624379817102f,0.5623788456637029f,-0.03241567647070631f,-0.590029586129846f,0.3593013895115086f,-0.7230266931355588f,-0.3821063165617095f,0f,0f,0f,1f],start_interpolation:0}
execute if entity @s[tag=aj.heiloang_aj.bone.leg_left_2] run data modify entity @s {} merge value {transformation:[-0.7820483555703206f,-0.19864781038215798f,0.5907109419844292f,0.8077598831330244f,-0.20066254518768642f,0.9776259986548935f,0.06310269180329914f,0.5591841532624209f,-0.590029586129846f,-0.06918420473198045f,-0.8044119798380963f,-0.3862329226976894f,0f,0f,0f,1f],start_interpolation:0}
execute if entity @s[tag=aj.heiloang_aj.bone.leg_left_1] run data modify entity @s {} merge value {transformation:[-0.8157440685279668f,-0.13232226885655612f,0.56307409088511f,0.40050485269564406f,-0.07535853246259494f,0.989496898568816f,0.1233571210258188f,0.546423828067181f,-0.573482960729021f,0.058195402630686566f,-0.8171478378274816f,0.19473895903771143f,0f,0f,0f,1f],start_interpolation:0}
execute if entity @s[tag=aj.heiloang_aj.bone.leg_left_0] run data modify entity @s {} merge value {transformation:[-0.8470059245898648f,0.00927609114809802f,0.5315025097237833f,0.4125401061673675f,-0.29774050577337163f,0.8200196840700235f,-0.4887927055097243f,1.1017813071911702f,-0.44037660579495497f,-0.572260143528021f,-0.6917996626175843f,-0.2858541740417393f,0f,0f,0f,1f],start_interpolation:0}
execute if entity @s[tag=aj.heiloang_aj.bone.tail_4] run data modify entity @s {} merge value {transformation:[-1.400079602375547f,-0.010995339156739245f,0.7242310219925904f,0.3779750897682651f,-0.05346289794185492f,1.5734297563924686f,-0.0794662439660373f,-0.11875316139978331f,-0.7223386942724741f,-0.09514340704031596f,-1.3978658399650423f,-4.410719765629058f,0f,0f,0f,1f],start_interpolation:0}
execute if entity @s[tag=aj.heiloang_aj.bone.tail_3] run data modify entity @s {} merge value {transformation:[-0.9806712096532328f,0.03804657628609278f,0.1919282068643676f,0.12050457273020634f,0.0031473666190828184f,0.9838529898109247f,-0.17895079916968692f,0.09470380751258758f,-0.19563760538462455f,-0.17488782825860438f,-0.9649560481630028f,-3.1166651270303243f,0f,0f,0f,1f],start_interpolation:0}
execute if entity @s[tag=aj.heiloang_aj.bone.tail_2] run data modify entity @s {} merge value {transformation:[-0.9938719733553322f,0.09866708957913792f,0.04983278050400561f,0.08328815332218081f,0.08883289642176302f,0.9812375244067079f,-0.17111878099587927f,0.2466170226032716f,-0.06578158626924668f,-0.16564337031761273f,-0.9839893580612162f,-2.3492277640440946f,0f,0f,0f,1f],start_interpolation:0}
execute if entity @s[tag=aj.heiloang_aj.bone.tail_1] run data modify entity @s {} merge value {transformation:[-0.9565995624174878f,0.1712291719717452f,-0.23579195882926451f,0.2704480263159807f,0.22843869626988625f,0.9430103684849707f,-0.2419653011825345f,0.4516356935869684f,0.18092274381399848f,-0.2853279088973081f,-0.9411986746564744f,-1.6185133612523974f,0f,0f,0f,1f],start_interpolation:0}
execute if entity @s[tag=aj.heiloang_aj.bone.tail_ring] run data modify entity @s {} merge value {transformation:[-0.9476144138350031f,0.30746786691615324f,0.08654729057673782f,0.29242163696894174f,0.21071178338857802f,0.8053706972902073f,-0.5540564811348121f,0.39699219400074304f,-0.24005721616595604f,-0.5067953736571755f,-0.827967983805132f,-1.7532168287990508f,0f,0f,0f,1f],start_interpolation:0}
execute if entity @s[tag=aj.heiloang_aj.bone.tail_0] run data modify entity @s {} merge value {transformation:[-0.9476144138350031f,0.30746786691615324f,0.08654729057673782f,0.16457610597449251f,0.21071178338857802f,0.8053706972902073f,-0.5540564811348121f,1.1527553348793182f,-0.24005721616595604f,-0.5067953736571755f,-0.827967983805132f,-0.5851766772596608f,0f,0f,0f,1f],start_interpolation:0}
execute if entity @s[tag=aj.heiloang_aj.bone.body_1] run data modify entity @s {} merge value {transformation:[-0.8660254037844386f,0.07004459926210596f,0.4950694437290702f,-0.0018960387843347866f,0f,0.9901388874581404f,-0.14008919852421192f,1.2719468749999998f,-0.5f,-0.12132080471776902f,-0.8574854298136109f,-0.290739714492411f,0f,0f,0f,1f],start_interpolation:0}