execute if entity @s[tag=aj.heiloang_aj.bone.head_lower] run data modify entity @s {} merge value {transformation:[-0.7963969456814869f,-0.020321396969287774f,-0.07306808971374205f,-0.6496703188095027f,-0.05983231012327363f,0.641974121631305f,0.47359193597550503f,-0.4010295924010423f,0.046604716226056525f,0.4769237548926779f,-0.640602632249164f,2.377472290281306f,0f,0f,0f,1f],start_interpolation:0}
execute if entity @s[tag=aj.heiloang_aj.bone.horne_right] run data modify entity @s {} merge value {transformation:[-0.5650730721982584f,-0.5621475439207309f,-0.06842924769652164f,-1.0255401183660324f,-0.5267948271600215f,0.4863326516383341f,0.35491937398213425f,0.07684389038172601f,-0.20779709611509298f,0.2957544434396833f,-0.7136873797621883f,2.4056821837701428f,0f,0f,0f,1f],start_interpolation:0}
execute if entity @s[tag=aj.heiloang_aj.bone.horne_left] run data modify entity @s {} merge value {transformation:[-0.6092577661132692f,0.5139284118341358f,-0.06842924769652164f,-0.3484434351476322f,0.43856881463425224f,0.5671768972749481f,0.35491937398213425f,0.12771332044853329f,0.27651829823897006f,0.2327830636176224f,-0.7136873797621883f,2.3660588540347494f,0f,0f,0f,1f],start_interpolation:0}
execute if entity @s[tag=aj.heiloang_aj.bone.head_upper] run data modify entity @s {} merge value {transformation:[-1.1665423361106f,-0.04789932883853997f,-0.1002334512946725f,-0.6750280897873351f,-0.08764087206081814f,1.0465223684929785f,0.5198770260246808f,-0.18479505480407005f,0.06826542321002195f,0.5250320932482745f,-1.0453914316911594f,2.232803681841156f,0f,0f,0f,1f],start_interpolation:0}
execute if entity @s[tag=aj.heiloang_aj.bone.neck_0] run data modify entity @s {} merge value {transformation:[-0.9581593996399324f,-0.28510390590121204f,0.02542297625214735f,-0.6445906880152252f,-0.23491152736562432f,0.8339960506724047f,0.49926662393312615f,-0.02591724275504692f,-0.16354552636007497f,0.4724048584664481f,-0.8660753492075046f,1.8311923472889742f,0f,0f,0f,1f],start_interpolation:0}
execute if entity @s[tag=aj.heiloang_aj.bone.neck_1] run data modify entity @s {} merge value {transformation:[-0.9581593996399324f,-0.2838483441108229f,-0.0368874291214272f,-0.6591272453108674f,-0.23491152736562432f,0.7061659388889965f,0.6679417946675982f,0.2125408301144851f,-0.16354552636007497f,0.6486599912886305f,-0.7432987801073265f,1.5666744967427304f,0f,0f,0f,1f],start_interpolation:0}
execute if entity @s[tag=aj.heiloang_aj.bone.neck_2] run data modify entity @s {} merge value {transformation:[-0.9713405917752858f,-0.23510152165859746f,0.034996132407019515f,-0.636905940064147f,-0.11300791868356178f,0.5863080901726913f,0.8021670859072074f,0.5216181883038805f,-0.20910921807621746f,0.7752226118424717f,-0.5960731809129558f,1.2964202952805655f,0f,0f,0f,1f],start_interpolation:0}
execute if entity @s[tag=aj.heiloang_aj.bone.neck_3] run data modify entity @s {} merge value {transformation:[-0.9612800790038953f,-0.15399543472476876f,0.22853012010278653f,-0.5149124109648013f,0.04960818022636066f,0.7190397479214823f,0.6931961261891475f,0.8629347373111608f,-0.27107127875319703f,0.6776925903335087f,-0.6835591524090403f,0.9262672607182232f,0f,0f,0f,1f],start_interpolation:0}
execute if entity @s[tag=aj.heiloang_aj.bone.wing_right_2] run data modify entity @s {} merge value {transformation:[-0.45557514845080754f,2.241256234357216f,-0.5502706446740017f,-3.9580513150481997f,2.177210426898805f,0.6034095302249123f,0.6551547161990684f,3.450857025700438f,0.7653639966957917f,-0.38241788283194617f,-2.1912440580120656f,2.031428276965236f,0f,0f,0f,1f],start_interpolation:0}
execute if entity @s[tag=aj.heiloang_aj.bone.wing_right_1] run data modify entity @s {} merge value {transformation:[-2.0556386053684124f,2.5198021883070005f,-0.7824101410527953f,-2.6002839095440575f,2.3414204128300113f,2.199363657097775f,0.9315410496164083f,1.9037142090006682f,1.2162726451753922f,0.02480339776624018f,-3.1156515236716227f,1.2825149068308102f,0f,0f,0f,1f],start_interpolation:0}
execute if entity @s[tag=aj.heiloang_aj.bone.wing_right_0] run data modify entity @s {} merge value {transformation:[-1.9824898600088803f,0.8534936781743764f,-0.5193096343014848f,-0.7604811065601742f,0.704425462934144f,2.0124361551522596f,0.6182923973380291f,1.2534659431177508f,0.7084622235038265f,0.3873619273397478f,-2.067953581470254f,0.6069788696588133f,0f,0f,0f,1f],start_interpolation:0}
execute if entity @s[tag=aj.heiloang_aj.bone.wing_left_2] run data modify entity @s {} merge value {transformation:[-0.15413968074966442f,-2.2613930226584817f,0.629220599003984f,2.468611151704513f,-2.200728694633572f,0.3585591858347325f,0.7495362093928193f,3.630292515178586f,-0.8164619879429869f,-0.5395488056200983f,-2.1391243336746744f,2.357142003709898f,0f,0f,0f,1f],start_interpolation:0}
execute if entity @s[tag=aj.heiloang_aj.bone.wing_left_1] run data modify entity @s {} merge value {transformation:[-1.0698910456207336f,-3.0400862180612593f,0.8946662562959197f,1.754522545202628f,-2.8793413118781945f,1.326956430304444f,1.0657387178315538f,1.7289214784950038f,-1.32361079366713f,-0.4292798524595244f,-3.0415443524729673f,1.536824929886461f,0f,0f,0f,1f],start_interpolation:0}
execute if entity @s[tag=aj.heiloang_aj.bone.wing_left_0] run data modify entity @s {} merge value {transformation:[-2.002179420512078f,-0.7530327925123763f,0.5938174647809963f,-0.10299677412407748f,-0.5537487479099199f,2.0301229491282475f,0.7073635102343238f,1.2195355601087776f,-0.78296864066584f,0.4898391826138866f,-2.018766376505723f,0.7923828145094406f,0f,0f,0f,1f],start_interpolation:0}
execute if entity @s[tag=aj.heiloang_aj.bone.kazari_right] run data modify entity @s {} merge value {transformation:[-2.526332966029545f,0.7196134360819111f,0.08166049178762451f,-1.9582656212990184f,0.13037488639154676f,0.7433740106924097f,-2.5173930280712478f,4.346821451526198f,-0.7124003946566865f,-2.415868740514211f,-0.7502893407583046f,-2.6770134388268385f,0f,0f,0f,1f],start_interpolation:0}
execute if entity @s[tag=aj.heiloang_aj.bone.kazari_left] run data modify entity @s {} merge value {transformation:[-2.526332966029545f,0.7196134360819111f,0.08166049178762451f,2.919350006773363f,0.13037488639154676f,0.7433740106924097f,-2.5173930280712478f,4.09510539037255f,-0.7124003946566865f,-2.415868740514211f,-0.7502893407583046f,-1.3015750682135214f,0f,0f,0f,1f],start_interpolation:0}
execute if entity @s[tag=aj.heiloang_aj.bone.ring] run data modify entity @s {} merge value {transformation:[-2.117638331907179f,-0.4881604990339762f,-0.36087879988204885f,-0.5134303043886166f,0.10928363784710803f,-1.5947061978326964f,1.515881101827223f,2.870622009883651f,-0.5971526333529065f,1.4392837647805634f,1.557176053856084f,1.2884339682382895f,0f,0f,0f,1f],start_interpolation:0}
execute if entity @s[tag=aj.heiloang_aj.bone.body_0] run data modify entity @s {} merge value {transformation:[-1.0848642486274676f,-0.12636742034672074f,0.28417109821821995f,-0.26097070238569103f,0.05598591122663706f,0.935000326750686f,0.6295175475377216f,1.5523012421819433f,-0.3059207670815388f,0.6192398888869318f,-0.892528330204267f,0.15189201581895329f,0f,0f,0f,1f],start_interpolation:0}
execute if entity @s[tag=aj.heiloang_aj.bone.leg_right_3] run data modify entity @s {} merge value {transformation:[-0.8796181151679595f,-0.1832477179804285f,0.43896724857707936f,-0.6538753867990286f,0.14812968739549248f,0.7714118543111785f,0.6188548672671991f,0.26173469208179445f,-0.452028281394516f,0.6093800332166737f,-0.6514034141270413f,-0.8725289440955606f,0f,0f,0f,1f],start_interpolation:0}
execute if entity @s[tag=aj.heiloang_aj.bone.leg_right_2] run data modify entity @s {} merge value {transformation:[-0.9815006093230392f,0.03913780231676404f,-0.18741607809448138f,-0.6212305649338316f,0.06467949321869386f,0.9891142816859139f,-0.1321722396039794f,0.8695340991264326f,0.18020298847542957f,-0.14184911065908262f,-0.9733476833843863f,-0.9128792464731939f,0f,0f,0f,1f],start_interpolation:0}
execute if entity @s[tag=aj.heiloang_aj.bone.leg_right_1] run data modify entity @s {} merge value {transformation:[-0.9886640284011011f,-0.02938954249251434f,-0.1472402585497165f,-0.5195399517724876f,-0.05895374787159269f,0.9778845939047752f,0.20066433817593415f,0.8013518141856871f,0.13808654734476972f,0.20706997801654808f,-0.968531945599435f,-0.21390999944014916f,0f,0f,0f,1f],start_interpolation:0}
execute if entity @s[tag=aj.heiloang_aj.bone.leg_right_0] run data modify entity @s {} merge value {transformation:[-0.9188050840443456f,0.37803788264391425f,-0.11351024984718011f,-0.21785574860530416f,0.3782666698430709f,0.7611853562867517f,-0.5267932989896931f,1.3082599637597425f,-0.11274548336894208f,-0.5269575055549707f,-0.8423801061986131f,-0.6515940246946607f,0f,0f,0f,1f],start_interpolation:0}
execute if entity @s[tag=aj.heiloang_aj.bone.leg_left_3] run data modify entity @s {} merge value {transformation:[-0.7646676846651093f,-0.5136074336595327f,0.38921810867246354f,0.9815080682970112f,-0.1990725462727193f,0.7627023406703732f,0.6153497061480001f,0.3097090545332839f,-0.6129057458936056f,0.39305539511066734f,-0.6854589725322737f,-0.4196464414142804f,0f,0f,0f,1f],start_interpolation:0}
execute if entity @s[tag=aj.heiloang_aj.bone.leg_left_2] run data modify entity @s {} merge value {transformation:[-0.7646676846651093f,-0.2736686650545749f,0.5834284821605368f,0.7875423650665816f,-0.1990725462727193f,0.9613814737804527f,0.1900415301775401f,0.8854405610110765f,-0.6129057458936056f,0.02917402335934828f,-0.7896172636230995f,-0.3646510877966611f,0f,0f,0f,1f],start_interpolation:0}
execute if entity @s[tag=aj.heiloang_aj.bone.leg_left_1] run data modify entity @s {} merge value {transformation:[-0.8093966009411925f,-0.22047068343742982f,0.544306733496359f,0.38691259971060615f,-0.08016119771649238f,0.9596565502144472f,0.26950600737490743f,0.7673131902756039f,-0.5817656957620493f,0.17450496662026233f,-0.7944159438602425f,0.2090121657561117f,0f,0f,0f,1f],start_interpolation:0}
execute if entity @s[tag=aj.heiloang_aj.bone.leg_left_0] run data modify entity @s {} merge value {transformation:[-0.8456485861879631f,0.02873516676352872f,0.5329660016073925f,0.41331114339507785f,-0.2981119827738831f,0.8028499814947326f,-0.5162956061603968f,1.3082599637597425f,-0.4427275848701128f,-0.5954882008948454f,-0.6703626542328393f,-0.28718964969466065f,0f,0f,0f,1f],start_interpolation:0}
execute if entity @s[tag=aj.heiloang_aj.bone.tail_4] run data modify entity @s {} merge value {transformation:[-0.461322493086965f,-0.14794324820348578f,-1.500049571304463f,-1.0942231121447898f,-0.17560913420088958f,1.563323489095628f,-0.10017716363902485f,-0.06427027022504711f,1.4970629088468241f,0.13779269734114283f,-0.47399386409763883f,-3.8230625598389274f,0f,0f,0f,1f],start_interpolation:0}
execute if entity @s[tag=aj.heiloang_aj.bone.tail_3] run data modify entity @s {} merge value {transformation:[-0.6266544302056792f,-0.16058817181565155f,-0.7625717436258063f,-0.0709918884183639f,0.022247401509018383f,0.9744523552290341f,-0.2234897324592003f,0.20895032258335372f,0.7789796391624699f,-0.15701607071091536f,-0.6070722158926504f,-3.0077216968517058f,0f,0f,0f,1f],start_interpolation:0}
execute if entity @s[tag=aj.heiloang_aj.bone.tail_2] run data modify entity @s {} merge value {transformation:[-0.914564095425746f,0.042103589818618045f,-0.40224346244839404f,0.24473397526471474f,0.12271562549335499f,0.9765678168857166f,-0.17679415794318587f,0.3652220422673703f,0.3853743512714119f,-0.2110511472308337f,-0.8983006304320883f,-2.308208207683288f,0f,0f,0f,1f],start_interpolation:0}
execute if entity @s[tag=aj.heiloang_aj.bone.tail_1] run data modify entity @s {} merge value {transformation:[-0.9815673773354485f,0.13022352004087245f,-0.1398832319435524f,0.35625002268123207f,0.16751656628542622f,0.9385642598200471f,-0.3017206161474346f,0.6168635436957692f,0.09199828134671634f,-0.31959187257596466f,-0.9430786558991984f,-1.5766033020917098f,0f,0f,0f,1f],start_interpolation:0}
execute if entity @s[tag=aj.heiloang_aj.bone.tail_ring] run data modify entity @s {} merge value {transformation:[-0.9428474174447049f,0.2952409295958281f,0.15450417764332963f,0.38761032922132543f,0.15238265047935848f,0.7943562331603053f,-0.588028658036542f,0.5569963738924497f,-0.296341484187982f,-0.5308775455138051f,-0.7939463183480996f,-1.70716450970983f,0f,0f,0f,1f],start_interpolation:0}
execute if entity @s[tag=aj.heiloang_aj.bone.tail_0] run data modify entity @s {} merge value {transformation:[-0.9428474174447049f,0.2952409295958281f,0.15450417764332963f,0.16511210561597853f,0.15238265047935848f,0.7943562331603053f,-0.588028658036542f,1.3604641342701467f,-0.296341484187982f,-0.5308775455138051f,-0.7939463183480996f,-0.5861050558715533f,0f,0f,0f,1f],start_interpolation:0}
execute if entity @s[tag=aj.heiloang_aj.bone.body_1] run data modify entity @s {} merge value {transformation:[-0.8660254037844386f,0.06553075748007448f,0.49568711888053707f,-0.0018960387843347866f,0f,0.9913742377610741f,-0.13106151496014895f,1.4765689062499998f,-0.5f,-0.11350260141396323f,-0.8585552745585243f,-0.290739714492411f,0f,0f,0f,1f],start_interpolation:0}