execute if entity @s[tag=aj.heiloang_aj.bone.head_lower] run data modify entity @s {} merge value {transformation:[-0.7693687911548495f,0.10016553350118407f,-0.19503468690299436f,-0.548017177541553f,0.01563281041769598f,0.7348848947193926f,0.3157527620650554f,0.32455391436488873f,0.21869448652256934f,0.29985172571070884f,-0.7087042148547866f,2.706581010883213f,0f,0f,0f,1f],start_interpolation:0}
execute if entity @s[tag=aj.heiloang_aj.bone.horne_right] run data modify entity @s {} merge value {transformation:[-0.6288472759159474f,-0.4525434839949145f,-0.19938780972476017f,-0.8778154496449186f,-0.49414211769437183f,0.5624009801712083f,0.28200834211594794f,0.8338904766894627f,-0.019356422541731477f,0.3448326153312771f,-0.721606399853949f,2.7539765365504074f,0f,0f,0f,1f],start_interpolation:0}
execute if entity @s[tag=aj.heiloang_aj.bone.horne_left] run data modify entity @s {} merge value {transformation:[-0.5056290708189968f,0.5870125587037138f,-0.19938780972476017f,-0.22369810340506568f,0.5171935513576047f,0.5412782328997933f,0.28200834211594794f,0.8205994612723375f,0.3418333997385665f,0.049336908222911535f,-0.721606399853949f,2.5680424841089193f,0f,0f,0f,1f],start_interpolation:0}
execute if entity @s[tag=aj.heiloang_aj.bone.head_upper] run data modify entity @s {} merge value {transformation:[-1.1269521710638448f,0.13357723686365505f,-0.2920582789895856f,-0.5905099205015132f,0.02289854987958063f,1.0963592929090813f,0.4130787693228877f,0.5256463346728366f,0.32033821649609656f,0.3915552771241499f,-1.0569910143460683f,2.545070629306113f,0f,0f,0f,1f],start_interpolation:0}
execute if entity @s[tag=aj.heiloang_aj.bone.neck_0] run data modify entity @s {} merge value {transformation:[-0.9898018237204582f,-0.0597716465925316f,-0.12930467904632334f,-0.6411072472820026f,-0.142291970289164f,0.45775920980139356f,0.8776158049130787f,0.8711466040165895f,0.006733865968583173f,0.8870647417779725f,-0.46159592604733435f,2.289082869764824f,0f,0f,0f,1f],start_interpolation:0}
execute if entity @s[tag=aj.heiloang_aj.bone.neck_1] run data modify entity @s {} merge value {transformation:[-0.9914789064907817f,-0.10175295562844956f,-0.0813382690049323f,-0.6720143496461697f,-0.13026052771136132f,0.7807945519387881f,0.6110581499195182f,1.1035422629702831f,0.0013315044880195942f,0.616446432128195f,-0.7873957222465822f,2.0098807453782213f,0f,0f,0f,1f],start_interpolation:0}
execute if entity @s[tag=aj.heiloang_aj.bone.neck_2] run data modify entity @s {} merge value {transformation:[-0.9936869190277917f,-0.08211383863114805f,0.07644360312225673f,-0.6379355140442465f,-0.04882316199903325f,0.9299915669306822f,0.3643240100380848f,1.2216720588865266f,-0.10100794921921469f,0.35829178464356676f,-0.9281295121110288f,1.6175238702747512f,0f,0f,0f,1f],start_interpolation:0}
execute if entity @s[tag=aj.heiloang_aj.bone.neck_3] run data modify entity @s {} merge value {transformation:[-0.9653911291705665f,0.02977773518433606f,0.2591008572082894f,-0.5045719255186144f,0.016027564289040133f,0.998356565508929f,-0.055020771424764595f,1.1690223574947054f,-0.2603134358840117f,-0.04896380900733795f,-0.9642818366565624f,1.119693739644854f,0f,0f,0f,1f],start_interpolation:0}
execute if entity @s[tag=aj.heiloang_aj.bone.wing_right_2] run data modify entity @s {} merge value {transformation:[-1.9863922509997756f,1.083365194894253f,-0.6435384106491172f,-3.449040409059747f,1.1393131416750728f,2.057354610932349f,-0.0532313479341607f,3.8639318405829144f,0.5383190473088701f,-0.35663407813632975f,-2.2619904385158938f,1.3110514032262628f,0f,0f,0f,1f],start_interpolation:0}
execute if entity @s[tag=aj.heiloang_aj.bone.wing_right_1] run data modify entity @s {} merge value {transformation:[-1.198958237567222f,2.9853724318714363f,-0.9150242403847725f,-2.6501394552128446f,3.1109403946677032f,1.2261892180138716f,-0.07568774901716076f,1.828294638884441f,0.26789508822383407f,-0.8781971404807456f,-3.2162432708141f,1.184588334763681f,0f,0f,0f,1f],start_interpolation:0}
execute if entity @s[tag=aj.heiloang_aj.bone.wing_right_0] run data modify entity @s {} merge value {transformation:[-2.0760676643387463f,0.49949345154117003f,-0.6073296839069805f,-0.7240030644769828f,0.5330522577491703f,2.1544678244010678f,-0.05023628299387301f,1.3320861109409006f,0.5780989046829061f,-0.19280737923642177f,-2.134719412690203f,0.6297714282546292f,0f,0f,0f,1f],start_interpolation:0}
execute if entity @s[tag=aj.heiloang_aj.bone.wing_left_2] run data modify entity @s {} merge value {transformation:[-1.9893603514235743f,-0.8214210700951379f,0.9493623249890631f,2.7280142918621197f,-0.98808445454166f,2.1218444978808977f,-0.23460827740444273f,3.674255069520952f,-0.7744097811869309f,-0.5971761538585822f,-2.1394499616456764f,1.7521942000956658f,0f,0f,0f,1f],start_interpolation:0}
execute if entity @s[tag=aj.heiloang_aj.bone.wing_left_1] run data modify entity @s {} merge value {transformation:[-1.3853479084716673f,-2.7287169618703753f,1.3498643218464905f,1.8004649037847003f,-3.0312234275999845f,1.3739093653967316f,-0.33358111538897417f,1.6947336522353686f,-0.2823375238295071f,-1.3615048918663717f,-3.0420073512340102f,1.6136245430053344f,0f,0f,0f,1f],start_interpolation:0}
execute if entity @s[tag=aj.heiloang_aj.bone.wing_left_0] run data modify entity @s {} merge value {transformation:[-2.011935486226834f,-0.27891871909132393f,0.8959463976163125f,-0.06370690733601345f,-0.39976842569742f,2.1724556820793666f,-0.22140802879859436f,1.3211237778630365f,-0.8489409903383147f,-0.3619953833152132f,-2.0190736829996747f,0.8078173582126269f,0f,0f,0f,1f],start_interpolation:0}
execute if entity @s[tag=aj.heiloang_aj.bone.kazari_right] run data modify entity @s {} merge value {transformation:[-2.537137186139697f,0.6288691321099584f,-0.27263290693285624f,-1.8871542891068298f,0.04212192150129421f,-0.9003179724847291f,-2.4687088691674997f,2.5074343022216814f,-0.684127788496002f,-2.3876392842421783f,0.8590797436253027f,-3.4165978211222514f,0f,0f,0f,1f],start_interpolation:0}
execute if entity @s[tag=aj.heiloang_aj.bone.kazari_left] run data modify entity @s {} merge value {transformation:[-2.537137186139697f,0.6288691321099584f,-0.27263290693285624f,3.0113211518116927f,0.04212192150129421f,-0.9003179724847291f,-2.4687088691674997f,2.4261090987105822f,-0.684127788496002f,-2.3876392842421783f,0.8590797436253027f,-2.095745646196521f,0f,0f,0f,1f],start_interpolation:0}
execute if entity @s[tag=aj.heiloang_aj.bone.ring] run data modify entity @s {} merge value {transformation:[-2.12669471163197f,-0.5707759223278673f,-0.06565619385415997f,-0.23802849871304033f,0.0353076956933802f,-0.38110471091341896f,2.169432841027454f,2.991960604312628f,-0.5734537958070085f,2.093298911191232f,0.37706325499067367f,0.24343701068893303f,0f,0f,0f,1f],start_interpolation:0}
execute if entity @s[tag=aj.heiloang_aj.bone.body_0] run data modify entity @s {} merge value {transformation:[-1.0895038239682537f,0.030450363007819982f,0.2927568425996538f,-0.2261906321824428f,0.01808810134479807f,1.127311532281909f,-0.049939019930598204f,1.239746567894927f,-0.29377987352091833f,-0.04351850772464936f,-1.0887845982273658f,0.09165116713611499f,0f,0f,0f,1f],start_interpolation:0}
execute if entity @s[tag=aj.heiloang_aj.bone.leg_right_3] run data modify entity @s {} merge value {transformation:[-0.9814012309620983f,-0.03993017901903055f,0.18776901946164146f,-0.5799437932386864f,0.13618899474271962f,0.5445326977205189f,0.8276090253399736f,-0.1581412700155338f,-0.1352929472553748f,0.8377885902282999f,-0.5289670089015309f,-1.4366334835696883f,0f,0f,0f,1f],start_interpolation:0}
execute if entity @s[tag=aj.heiloang_aj.bone.leg_right_2] run data modify entity @s {} merge value {transformation:[-0.9845574311521459f,0.047162807879460325f,0.16858924733212574f,-0.5592137296212831f,0.1234826376940686f,0.8697307917637076f,0.47782882714021063f,0.3482726384991247f,-0.12409151039133565f,0.4912677675270374f,-0.8621237020508123f,-1.0971792624651098f,0f,0f,0f,1f],start_interpolation:0}
execute if entity @s[tag=aj.heiloang_aj.bone.leg_right_1] run data modify entity @s {} merge value {transformation:[-0.9822099760690096f,-0.05962975872744815f,0.1780669952142222f,-0.689339475932617f,0.009132083882391475f,0.9319551905534736f,0.3624584498179113f,0.1624757416699999f,-0.18756377036752184f,0.3576364280586428f,-0.9148311414523309f,-0.4247994469155957f,0f,0f,0f,1f],start_interpolation:0}
execute if entity @s[tag=aj.heiloang_aj.bone.leg_right_0] run data modify entity @s {} merge value {transformation:[-0.8312531801422536f,0.5345937072327941f,0.15240642601441637f,-0.258518116262505f,0.4889950600004446f,0.8335939587243247f,-0.25691427222610713f,0.7364786931588763f,-0.264389829226753f,-0.13903481637851137f,-0.9543413110811257f,-0.5811647379563434f,0f,0f,0f,1f],start_interpolation:0}
execute if entity @s[tag=aj.heiloang_aj.bone.leg_left_3] run data modify entity @s {} merge value {transformation:[-0.8481743728681927f,-0.4447078647126918f,0.2878109592637611f,0.9098507995093286f,-0.16507020104367648f,0.7381669767734103f,0.6541111091615888f,-0.38318653921852036f,-0.5033409003220862f,0.5072912668910061f,-0.6995023292306253f,-0.472489042819818f,0f,0f,0f,1f],start_interpolation:0}
execute if entity @s[tag=aj.heiloang_aj.bone.leg_left_2] run data modify entity @s {} merge value {transformation:[-0.8481743728681927f,-0.26054285068353f,0.4612132437033307f,0.7296338209008337f,-0.16507020104367648f,0.9573251296599928f,0.23723495705497996f,0.18785149424907505f,-0.5033409003220862f,0.12508404806040535f,-0.8549865022231486f,-0.35607875351909796f,0f,0f,0f,1f],start_interpolation:0}
execute if entity @s[tag=aj.heiloang_aj.bone.leg_left_1] run data modify entity @s {} merge value {transformation:[-0.8752012431523514f,-0.08837248904453404f,0.4756186362671806f,0.38738929343112266f,-0.03884513802636752f,0.9928360381079057f,0.11299405597601103f,0.1826543232441481f,-0.4821968884556301f,0.08041706668531995f,-0.8723641763331629f,0.26552360001038505f,0f,0f,0f,1f],start_interpolation:0}
execute if entity @s[tag=aj.heiloang_aj.bone.leg_left_0] run data modify entity @s {} merge value {transformation:[-0.9019374227831105f,-0.015441648770319134f,0.4315905940432607f,0.372648775737877f,-0.2594675971171262f,0.8182601671771991f,-0.5129589309656349f,0.7364786931588763f,-0.3452324599883754f,-0.5746406305634822f,-0.7420260738518414f,-0.21676036295634338f,0f,0f,0f,1f],start_interpolation:0}
execute if entity @s[tag=aj.heiloang_aj.bone.tail_4] run data modify entity @s {} merge value {transformation:[-0.782741604901316f,0.6815060136870343f,-1.1864735551004046f,-0.43765344025104147f,-0.7146379599413882f,0.9620204975439267f,1.0240427296767554f,0.08881415533789588f,1.1668172649798245f,1.0463844796734216f,-0.1687345682759147f,-3.7361475983463808f,0f,0f,0f,1f],start_interpolation:0}
execute if entity @s[tag=aj.heiloang_aj.bone.tail_3] run data modify entity @s {} merge value {transformation:[-0.7762019134158462f,0.151905622136802f,-0.6119111631379265f,0.37609094853566205f,-0.11621875533026688f,0.9194372990304357f,0.37567040615558334f,-0.4371990353206277f,0.6196803938475565f,0.3627116418242574f,-0.696014708440913f,-2.815515997014233f,0f,0f,0f,1f],start_interpolation:0}
execute if entity @s[tag=aj.heiloang_aj.bone.tail_2] run data modify entity @s {} merge value {transformation:[-0.9767045414915285f,0.09428854640912643f,-0.19276386758383096f,0.5287477085966964f,0.08476885318837359f,0.994764988705076f,0.05706889499296486f,-0.46370962375647745f,0.1971356897138381f,0.03939907692629485f,-0.9795842141329173f,-2.0477817362127153f,0f,0f,0f,1f],start_interpolation:0}
execute if entity @s[tag=aj.heiloang_aj.bone.tail_1] run data modify entity @s {} merge value {transformation:[-0.9903548159933642f,0.13373705918836f,0.03621791598640961f,0.502702579644227f,0.10991678654366484f,0.9174865080203256f,-0.3822784425475542f,-0.1494693158958471f,-0.08435424396356081f,-0.3746103396868785f,-0.9233371296146481f,-1.3325337427644928f,0f,0f,0f,1f],start_interpolation:0}
execute if entity @s[tag=aj.heiloang_aj.bone.tail_ring] run data modify entity @s {} merge value {transformation:[-0.8884526168626576f,0.347095700883155f,0.3002940592458113f,0.5566222613261855f,0.04274649361181516f,0.7140141813692407f,-0.698825075457019f,-0.22775057059191983f,-0.4569733962429219f,-0.6080364489338157f,-0.6492048920750404f,-1.4446876052560487f,0f,0f,0f,1f],start_interpolation:0}
execute if entity @s[tag=aj.heiloang_aj.bone.tail_0] run data modify entity @s {} merge value {transformation:[-0.8884526168626576f,0.347095700883155f,0.3002940592458113f,0.12929842873463074f,0.04274649361181516f,0.7140141813692407f,-0.698825075457019f,0.7323041343682253f,-0.4569733962429219f,-0.6080364489338157f,-0.6492048920750404f,-0.5240739479072041f,0f,0f,0f,1f],start_interpolation:0}
execute if entity @s[tag=aj.heiloang_aj.bone.body_1] run data modify entity @s {} merge value {transformation:[-0.8660254037844386f,0.2527198196396403f,0.43143098261634816f,-0.0018960387843347866f,0f,0.8628619652326963f,-0.5054396392792806f,0.9709584250685871f,-0.5f,-0.43772356769549997f,-0.7472603818508801f,-0.290739714492411f,0f,0f,0f,1f],start_interpolation:0}