execute if entity @s[tag=aj.heiloang_aj.bone.head_lower] run data modify entity @s {} merge value {transformation:[-0.7656521580716804f,-0.13933734067974185f,-0.18536957229404238f,-0.5645147949953823f,-0.20980506679700317f,0.6886302921356596f,0.3489558062268932f,1.3942781534925444f,0.09878566083437257f,0.3825878020081844f,-0.6956061866947868f,2.867215675814932f,0f,0f,0f,1f],start_interpolation:0}
execute if entity @s[tag=aj.heiloang_aj.bone.horne_right] run data modify entity @s {} merge value {transformation:[-0.46068425020913195f,-0.6305599106751294f,-0.1736784979743404f,-1.0248903958737392f,-0.6372209323705312f,0.38485383927992184f,0.2929795312651294f,1.7913204114775871f,-0.1473753878979829f,0.3070532876242772f,-0.7238775957308267f,2.896348498305733f,0f,0f,0f,1f],start_interpolation:0}
execute if entity @s[tag=aj.heiloang_aj.bone.horne_left] run data modify entity @s {} merge value {transformation:[-0.6683117178428937f,0.40397429019092024f,-0.1736784979743404f,-0.37393293108119663f,0.3278518905758018f,0.6683383365523314f,0.2929795312651294f,1.9696966792683992f,0.2930402457679717f,0.17357603739918925f,-0.7238775957308267f,2.812360929464349f,0f,0f,0f,1f],start_interpolation:0}
execute if entity @s[tag=aj.heiloang_aj.bone.head_upper] run data modify entity @s {} merge value {transformation:[-1.1215081398394458f,-0.22508283903092027f,-0.2543999218703645f,-0.6392889578668719f,-0.30731721671758033f,1.046207100322133f,0.4291490929088799f,1.5927693267402911f,0.1446987663486681f,0.4774416521516905f,-1.0603178052866218f,2.7144430448355874f,0f,0f,0f,1f],start_interpolation:0}
execute if entity @s[tag=aj.heiloang_aj.bone.neck_0] run data modify entity @s {} merge value {transformation:[-0.9757067133406284f,-0.07509038566514904f,-0.2058102123867712f,-0.7216265470686547f,-0.17261517895931985f,0.8419897548010449f,0.511133302381011f,1.756148275337689f,0.13490889346099708f,0.5342421611879161f,-0.8344967966831233f,2.322029870759393f,0f,0f,0f,1f],start_interpolation:0}
execute if entity @s[tag=aj.heiloang_aj.bone.neck_1] run data modify entity @s {} merge value {transformation:[-0.9999109410725475f,-0.013283513188852755f,0.0012877114481665425f,-0.7213231963586456f,-0.01191958093540111f,0.9322876037405096f,0.3615214343605406f,1.8995131915993746f,-0.006002792161701673f,0.3614738886685177f,-0.9323629091170045f,1.9868236263326389f,0f,0f,0f,1f],start_interpolation:0}
execute if entity @s[tag=aj.heiloang_aj.bone.neck_2] run data modify entity @s {} merge value {transformation:[-0.9913440272915314f,0.02654734900946666f,0.12857782784748284f,-0.6695217063239364f,0.0460514611170709f,0.987432088206007f,0.15118576027558586f,1.9283735727800202f,-0.12294829190513501f,0.15579829730036718f,-0.9801074472097007f,1.5799531098431199f,0f,0f,0f,1f],start_interpolation:0}
execute if entity @s[tag=aj.heiloang_aj.bone.neck_3] run data modify entity @s {} merge value {transformation:[-0.9535844090563644f,0.13825388591887036f,0.2675119396082276f,-0.5344322682415614f,0.09030382586961513f,0.9787793983615951f,-0.1839459387326176f,1.8094791828803165f,-0.2872664161330633f,-0.15125062767223704f,-0.945833629023001f,1.0941469298360846f,0f,0f,0f,1f],start_interpolation:0}
execute if entity @s[tag=aj.heiloang_aj.bone.wing_right_2] run data modify entity @s {} merge value {transformation:[0.74201614600242f,2.159543961175465f,-0.5651176206271564f,-2.366114517753953f,2.228475182291846f,-0.7512946652706805f,0.05505174080940814f,5.550149648587552f,-0.1299477098761072f,-0.5527225452316925f,-2.2828025291320233f,1.063690481726278f,0f,0f,0f,1f],start_interpolation:0}
execute if entity @s[tag=aj.heiloang_aj.bone.wing_right_1] run data modify entity @s {} merge value {transformation:[-0.19351822331997162f,3.241006670179307f,-0.8035205249377964f,-2.227189701807336f,3.336658497978266f,0.21863598253235864f,0.07827610051306448f,3.3643882956068767f,0.12837265289968355f,-0.7970525979478026f,-3.24583523780739f,1.0290254848052371f,0f,0f,0f,1f],start_interpolation:0}
execute if entity @s[tag=aj.heiloang_aj.bone.wing_right_0] run data modify entity @s {} merge value {transformation:[-1.6171756164580302f,1.424328429800934f,-0.5333212442743982f,-0.7272875387243549f,1.4572231578718675f,1.6739777250393586f,0.05195425135631371f,2.009403432610404f,0.43548099119884637f,-0.31222924291753645f,-2.1543605097967267f,0.6067037817179284f,0f,0f,0f,1f],start_interpolation:0}
execute if entity @s[tag=aj.heiloang_aj.bone.wing_left_2] run data modify entity @s {} merge value {transformation:[-0.38089783593997417f,-2.1266353231536907f,0.9305455642859448f,1.9334064140365765f,-2.3192268362632373f,0.38860748802286005f,-0.06121363026307111f,5.007375155020164f,-0.09838560287799156f,-0.9273523757928079f,-2.159609652362847f,1.5458348085622928f,0f,0f,0f,1f],start_interpolation:0}
execute if entity @s[tag=aj.heiloang_aj.bone.wing_left_1] run data modify entity @s {} merge value {transformation:[-0.41954378300447875f,-3.043120633283782f,1.323109443063877f,1.6385934447639638f,-3.3171789327011716f,0.4194844216957045f,-0.08703747065565744f,2.8368825435441005f,-0.08675088175808307f,-1.323128264431356f,-3.07067169415375f,1.5357553563087185f,0f,0f,0f,1f],start_interpolation:0}
execute if entity @s[tag=aj.heiloang_aj.bone.wing_left_0] run data modify entity @s {} merge value {transformation:[-1.8499639890859423f,-0.8572155143594584f,0.8781883630672153f,-0.07506679442309605f,-0.9555488072123706f,2.002995049578655f,-0.057769441735374606f,1.9476385505899283f,-0.7700387757251201f,-0.426136589962479f,-2.0380990875261458f,0.8031846741944193f,0f,0f,0f,1f],start_interpolation:0}
execute if entity @s[tag=aj.heiloang_aj.bone.kazari_right] run data modify entity @s {} merge value {transformation:[-2.5061080335579637f,0.6479300450380744f,-0.4544000103757099f,-1.6716478825764203f,0.23732680748924154f,-0.8242364484139496f,-2.484186074373088f,3.3997414663834036f,-0.7549627137411827f,-2.40991516912923f,0.7274684646207227f,-3.4626127663339203f,0f,0f,0f,1f],start_interpolation:0}
execute if entity @s[tag=aj.heiloang_aj.bone.kazari_left] run data modify entity @s {} merge value {transformation:[-2.5061080335579637f,0.6479300450380744f,-0.4544000103757099f,3.1669192716698316f,0.23732680748924154f,-0.8242364484139496f,-2.484186074373088f,2.9415322909755597f,-0.7549627137411827f,-2.40991516912923f,0.7274684646207227f,-2.004998912312406f,0f,0f,0f,1f],start_interpolation:0}
execute if entity @s[tag=aj.heiloang_aj.bone.ring] run data modify entity @s {} merge value {transformation:[-2.1006852648182566f,-0.6607936868590256f,0.058304436938665216f,-0.12602483277272486f,0.19893353389526885f,-0.4428209002989053f,2.148781372111745f,3.6511654764858705f,-0.63282948181277f,2.0543095286372375f,0.48193930456319733f,0.3173779373263459f,0f,0f,0f,1f],start_interpolation:0}
execute if entity @s[tag=aj.heiloang_aj.bone.body_0] run data modify entity @s {} merge value {transformation:[-1.0761792073188363f,0.10243129840769362f,0.3240347493383832f,-0.2191351450258451f,0.10191347385638343f,1.1238257884100962f,-0.016781450730600164f,1.9110089630816376f,-0.3241979850628302f,0.01325904780190989f,-1.0809126884583515f,0.0794307049087381f,0f,0f,0f,1f],start_interpolation:0}
execute if entity @s[tag=aj.heiloang_aj.bone.leg_right_3] run data modify entity @s {} merge value {transformation:[-0.8832918207638754f,0.145856966241341f,0.44555729684352663f,-0.9028827620820594f,0.34656309001170177f,0.8431832559633039f,0.4110182739303238f,0.29494922846352134f,-0.3157365737655034f,0.5174627931184949f,-0.795325514317771f,-0.7772497752361539f,0f,0f,0f,1f],start_interpolation:0}
execute if entity @s[tag=aj.heiloang_aj.bone.leg_right_2] run data modify entity @s {} merge value {transformation:[-0.9617688977516639f,0.26867430364817807f,-0.05305380171784651f,-0.7369763029086883f,0.2712598967470841f,0.9612262526043175f,-0.04962015438329735f,0.8818929709706883f,0.03766504658581066f,-0.062114489963514416f,-0.9973580773234162f,-0.7679739768001324f,0f,0f,0f,1f],start_interpolation:0}
execute if entity @s[tag=aj.heiloang_aj.bone.leg_right_1] run data modify entity @s {} merge value {transformation:[-0.9889811980584738f,0.13776508476358876f,-0.05419383089344208f,-0.6883932084317229f,0.14331670436501964f,0.9827049371081361f,-0.11726606002268514f,1.0384133907129711f,0.03710137648087171f,-0.12374080977339519f,-0.9916207439640667f,-0.07754740270441102f,0f,0f,0f,1f],start_interpolation:0}
execute if entity @s[tag=aj.heiloang_aj.bone.leg_right_0] run data modify entity @s {} merge value {transformation:[-0.8188113306781223f,0.5537495203594163f,-0.15135875744349597f,-0.2645055669219465f,0.4977815456493419f,0.5535546269014096f,-0.6676756756442408f,1.3798272615776968f,-0.2859397446387521f,-0.6220440046634624f,-0.7289030928032667f,-0.5707941692063789f,0f,0f,0f,1f],start_interpolation:0}
execute if entity @s[tag=aj.heiloang_aj.bone.leg_left_3] run data modify entity @s {} merge value {transformation:[-0.8438650818937534f,-0.3530297239340763f,0.4040566019501213f,0.759164005530036f,-0.19734846119715707f,0.9044847317680278f,0.37810177844283305f,0.15226249999454733f,-0.4989441936966129f,0.23932693959842624f,-0.8329329550203233f,-0.10739721037674485f,0f,0f,0f,1f],start_interpolation:0}
execute if entity @s[tag=aj.heiloang_aj.bone.leg_left_2] run data modify entity @s {} merge value {transformation:[-0.8438650818937534f,-0.09946273578321412f,0.527255998307243f,0.6737977038717919f,-0.19734846119715707f,0.9713214033178958f,-0.132620949776677f,0.7492617254536539f,-0.4989441936966129f,-0.21596734856702826f,-0.8392930334092881f,-0.1991494302017235f,0f,0f,0f,1f],start_interpolation:0}
execute if entity @s[tag=aj.heiloang_aj.bone.leg_left_1] run data modify entity @s {} merge value {transformation:[-0.8562486274612969f,0.02881412373964723f,0.5157596671355384f,0.31202600295497057f,-0.06779549209909372f,0.9835383166191887f,-0.16749970445626028f,0.9412910128088883f,-0.5120957520051176f,-0.17838757247916448f,-0.840199865962441f,0.38032774993257923f,0f,0f,0f,1f],start_interpolation:0}
execute if entity @s[tag=aj.heiloang_aj.bone.leg_left_0] run data modify entity @s {} merge value {transformation:[-0.908379710478514f,0.08182858011278595f,0.4100614406009134f,0.3666613250784355f,-0.2514772429580228f,0.6765841807687195f,-0.6920932325978577f,1.3798272615776968f,-0.3340740903829607f,-0.7318045707770936f,-0.5940173165190987f,-0.20638979420637893f,0f,0f,0f,1f],start_interpolation:0}
execute if entity @s[tag=aj.heiloang_aj.bone.tail_4] run data modify entity @s {} merge value {transformation:[-1.4992987773770607f,0.06303628614815204f,-0.48268412701473107f,-0.531318062741676f,-0.20797273003236488f,1.3302816046529575f,0.8197271250681613f,0.9865626756534855f,0.44011916955094066f,0.8433455060876746f,-1.2569478261420353f,-4.378034561996435f,0f,0f,0f,1f],start_interpolation:0}
execute if entity @s[tag=aj.heiloang_aj.bone.tail_3] run data modify entity @s {} merge value {transformation:[-0.9361615811450589f,-0.05997040538849719f,-0.3464174424960768f,-0.06682827840467885f,-0.12142289925042737f,0.9798637094406344f,0.15850422852044355f,0.7491758621806458f,0.3299363173789812f,0.190448579408668f,-0.9245925400281013f,-3.1474537668286486f,0f,0f,0f,1f],start_interpolation:0}
execute if entity @s[tag=aj.heiloang_aj.bone.tail_2] run data modify entity @s {} merge value {transformation:[-0.9955567665755264f,-0.09349066116544104f,-0.011234803092690565f,-0.059739501962594754f,-0.0941377353128639f,0.9909564025593373f,0.09562162421137914f,0.692408903897895f,0.002193471186959839f,0.0962543739344125f,-0.9953543510643061f,-2.3663327425335154f,0f,0f,0f,1f],start_interpolation:0}
execute if entity @s[tag=aj.heiloang_aj.bone.tail_1] run data modify entity @s {} merge value {transformation:[-0.9671417024284065f,0.006279329019047612f,-0.2541603774213323f,0.13898922945472147f,0.026867600058418678f,0.9966213124342086f,-0.07761502218653649f,0.7698956162111026f,0.2528142786532919f,-0.08189340406275852f,-0.9640427432847722f,-1.6143302739987653f,0f,0f,0f,1f],start_interpolation:0}
execute if entity @s[tag=aj.heiloang_aj.bone.tail_ring] run data modify entity @s {} merge value {transformation:[-0.9516794522652283f,0.30673977867283153f,0.014728486544693331f,0.15061935767038082f,0.26384028133698656f,0.8412405815155549f,-0.47191375266608915f,0.7281691472355454f,-0.15714492063116342f,-0.4452246536200723f,-0.8815216853422904f,-1.7548201942271193f,0f,0f,0f,1f],start_interpolation:0}
execute if entity @s[tag=aj.heiloang_aj.bone.tail_0] run data modify entity @s {} merge value {transformation:[-0.9516794522652283f,0.30673977867283153f,0.014728486544693331f,0.12311396609226274f,0.26384028133698656f,0.8412405815155549f,-0.47191375266608915f,1.3683765858447345f,-0.15714492063116342f,-0.4452246536200723f,-0.8815216853422904f,-0.513362144393111f,0f,0f,0f,1f],start_interpolation:0}
execute if entity @s[tag=aj.heiloang_aj.bone.body_1] run data modify entity @s {} merge value {transformation:[-0.8660254037844386f,0.27414370872333566f,0.4181449831905375f,-0.0018960387843347866f,0f,0.836289966381075f,-0.5482874174466713f,1.6202187500000003f,-0.5f,-0.4748308320841806f,-0.7242483558160451f,-0.290739714492411f,0f,0f,0f,1f],start_interpolation:0}