execute if entity @s[tag=aj.heiloang_aj.bone.head_lower] run data modify entity @s {} merge value {transformation:[-0.7918168652841473f,0.003216229901205323f,-0.11408640460988073f,-0.6214653298727454f,-0.06112151590084949f,0.663392614706167f,0.4429157922757976f,-0.25644017964798527f,0.09638574658926002f,0.4471016602726251f,-0.6563610997278048f,2.4226782774929543f,0f,0f,0f,1f],start_interpolation:0}
execute if entity @s[tag=aj.heiloang_aj.bone.horne_right] run data modify entity @s {} merge value {transformation:[-0.5725444250634338f,-0.547214616494577f,-0.11291166823440045f,-0.9984366195824321f,-0.5383968477891625f,0.4970857694479195f,0.32098998754332414f,0.22056012449508527f,-0.14940453681021743f,0.3057153926564103f,-0.7240278883257616f,2.45096831881996f,0f,0f,0f,1f],start_interpolation:0}
execute if entity @s[tag=aj.heiloang_aj.bone.horne_left] run data modify entity @s {} merge value {transformation:[-0.5950328342926402f,0.5226728243272194f,-0.11291166823440045f,-0.3252339207178502f,0.4482698308588106f,0.579671964682397f,0.32098998754332414f,0.2725256373139875f,0.2915305899137877f,0.17548085955755316f,-0.7240278883257616f,2.3690211570697706f,0f,0f,0f,1f],start_interpolation:0}
execute if entity @s[tag=aj.heiloang_aj.bone.head_upper] run data modify entity @s {} merge value {transformation:[-1.159833548846587f,-0.02437902389450438f,-0.16539018883804393f,-0.6568543930387847f,-0.08952926845366682f,1.0696163650130772f,0.47017810900377266f,-0.0472921523606038f,0.14118343196028338f,0.47800481931688044f,-1.0605379501223675f,2.269923195885903f,0f,0f,0f,1f],start_interpolation:0}
execute if entity @s[tag=aj.heiloang_aj.bone.neck_0] run data modify entity @s {} merge value {transformation:[-0.9677551193886909f,-0.2507043104202862f,-0.024441309982685372f,-0.6494992248961482f,-0.21588894535634684f,0.7755259722281004f,0.593254944920465f,0.1315398494509873f,-0.12977670118285947f,0.5794021186847255f,-0.8046435190155615f,1.880907074880219f,0f,0f,0f,1f],start_interpolation:0}
execute if entity @s[tag=aj.heiloang_aj.bone.neck_1] run data modify entity @s {} merge value {transformation:[-0.9677551193886909f,-0.23137788916963561f,-0.09957058451362401f,-0.6863400128433501f,-0.21588894535634684f,0.558223425969104f,0.8011108350111366f,0.41734709140604176f,-0.12977670118285947f,0.7967753002589377f,-0.5901755067159046f,1.6711447473241496f,0f,0f,0f,1f],start_interpolation:0}
execute if entity @s[tag=aj.heiloang_aj.bone.neck_2] run data modify entity @s {} merge value {transformation:[-0.976995438102793f,-0.205319662678731f,0.05765197345992362f,-0.6558325246179448f,-0.09944809925512337f,0.6777750557947252f,0.7285129026290478f,0.6931752324007998f,-0.1886530929533749f,0.7060204032887077f,-0.6826017877644154f,1.3677505104676977f,0f,0f,0f,1f],start_interpolation:0}
execute if entity @s[tag=aj.heiloang_aj.bone.neck_3] run data modify entity @s {} merge value {transformation:[-0.9610408114587812f,-0.11882862361498976f,0.2495602470755596f,-0.5238075130997262f,0.05322992179372671f,0.8064085983921432f,0.5889581885542072f,0.9784329027567884f,-0.2712326199712729f,0.5792969278780844f,-0.7686663354242416f,0.9559372826559249f,0f,0f,0f,1f],start_interpolation:0}
execute if entity @s[tag=aj.heiloang_aj.bone.wing_right_2] run data modify entity @s {} merge value {transformation:[-1.9712881214715838f,-1.239538317274094f,-0.3333825257498474f,-4.845786854321498f,-1.2786025201323192f,1.8424447788214289f,0.7100343927063995f,0.201313666757717f,-0.11302541297125401f,0.7762203316868034f,-2.217720284215238f,0.8282595968886333f,0f,0f,0f,1f],start_interpolation:0}
execute if entity @s[tag=aj.heiloang_aj.bone.wing_right_1] run data modify entity @s {} merge value {transformation:[-3.1604695712026425f,-0.9868897914305471f,-0.4740246849820718f,-2.7693585554743603f,-1.0874449752409343f,2.997573280154242f,1.0095724980547867f,0.8979236160694622f,0.12694206641387684f,1.1080711811862587f,-3.1532971223941244f,0.7931233343111072f,0f,0f,0f,1f],start_interpolation:0}
execute if entity @s[tag=aj.heiloang_aj.bone.wing_right_0] run data modify entity @s {} merge value {transformation:[-2.1588734010899366f,-0.41070294881771263f,-0.31462473821809217f,-0.7638560489042987f,-0.48937743467718187f,2.0591009697009888f,0.6700842656004001f,1.3584777807655184f,0.16785518906232352f,0.7209897949408735f,-2.0929401212399674f,0.6202197305561289f,0f,0f,0f,1f],start_interpolation:0}
execute if entity @s[tag=aj.heiloang_aj.bone.wing_left_2] run data modify entity @s {} merge value {transformation:[-2.049128989140759f,0.9722124556446177f,0.6240587578693537f,3.9759249282920512f,1.1329499158307261f,1.9396922249371176f,0.6982797197818741f,0.5537269771853406f,-0.22598867317440688f,0.908830578231699f,-2.157899929558578f,1.7016665507785262f,0f,0f,0f,1f],start_interpolation:0}
execute if entity @s[tag=aj.heiloang_aj.bone.wing_left_1] run data modify entity @s {} merge value {transformation:[-3.2192246743502086f,0.19095126368331256f,0.887326819076566f,1.8547405299235926f,0.46113376976711434f,3.1605071628246435f,0.9928589492040099f,0.8405339785324584f,-0.7817716516574137f,1.0779382456949316f,-3.068240700472011f,1.2365074911249887f,0f,0f,0f,1f],start_interpolation:0}
execute if entity @s[tag=aj.heiloang_aj.bone.wing_left_0] run data modify entity @s {} merge value {transformation:[-2.1136885222616f,0.33743647583875924f,0.5889460549431423f,-0.10653536769286495f,0.5120313789031979f,2.0571715456956645f,0.6589909700432925f,1.3220702442310674f,-0.4455835475845827f,0.7632705001201266f,-2.0364855623765936f,0.8057340275563305f,0f,0f,0f,1f],start_interpolation:0}
execute if entity @s[tag=aj.heiloang_aj.bone.kazari_right] run data modify entity @s {} merge value {transformation:[-2.525704148788737f,0.7253667486991533f,0.03913848782503412f,-1.9161300203399247f,0.13989315824167972f,0.6246366399412042f,-2.5489466767424505f,4.321074681138201f,-0.7128244143018526f,-2.4475584439356775f,-0.6389125186210077f,-2.8084866368933117f,0f,0f,0f,1f],start_interpolation:0}
execute if entity @s[tag=aj.heiloang_aj.bone.kazari_left] run data modify entity @s {} merge value {transformation:[-2.525704148788737f,0.7253667486991533f,0.03913848782503412f,2.9602715441698906f,0.13989315824167972f,0.6246366399412042f,-2.5489466767424505f,4.050981599950882f,-0.7128244143018526f,-2.4475584439356775f,-0.6389125186210077f,-1.4322296074271506f,0f,0f,0f,1f],start_interpolation:0}
execute if entity @s[tag=aj.heiloang_aj.bone.ring] run data modify entity @s {} merge value {transformation:[-2.1171112408582933f,-0.5101585008896269f,-0.3324222970643433f,-0.489022287714025f,0.11726210212493152f,-1.5217363028879975f,1.5885510724122276f,2.999816387294959f,-0.5975080577035995f,1.5089675987995383f,1.4896063884585269f,1.2293854526197814f,0f,0f,0f,1f],start_interpolation:0}
execute if entity @s[tag=aj.heiloang_aj.bone.body_0] run data modify entity @s {} merge value {transformation:[-1.0845942203482795f,-0.10969556304069566f,0.2920182127435999f,-0.260749000519044f,0.060073271435198625f,0.9632555832546008f,0.584963468368398f,1.62886611585089f,-0.30610285066273807f,0.577717872941194f,-0.9198888411314281f,0.15150801692178767f,0f,0f,0f,1f],start_interpolation:0}
execute if entity @s[tag=aj.heiloang_aj.bone.leg_right_3] run data modify entity @s {} merge value {transformation:[-0.8796219221163842f,-0.11483307135247883f,0.46160441923364876f,-0.6911268728745087f,0.16627753157900932f,0.834972007073638f,0.5245698522555526f,0.2780371601639352f,-0.44566473567500164f,0.5381775851214701f,-0.715365522127362f,-0.7803821725001294f,0f,0f,0f,1f],start_interpolation:0}
execute if entity @s[tag=aj.heiloang_aj.bone.leg_right_2] run data modify entity @s {} merge value {transformation:[-0.9724035577745787f,0.0695941777854963f,-0.22268356752509258f,-0.6382951273474827f,0.10529040955234016f,0.9826518588949118f,-0.15267368426377487f,0.8828734295478796f,0.208195222048063f,-0.17190687778194053f,-0.9628617631247086f,-0.8395078386923245f,0f,0f,0f,1f],start_interpolation:0}
execute if entity @s[tag=aj.heiloang_aj.bone.leg_right_1] run data modify entity @s {} merge value {transformation:[-0.9818611074118746f,-0.016692182672018066f,-0.1888653933084917f,-0.5062793998325984f,-0.023620449974402106f,0.9991257940122731f,0.034492348171032305f,0.9335415081943756f,0.18812453347432928f,0.03832778074698473f,-0.9813970354184268f,-0.14412851301618623f,0f,0f,0f,1f],start_interpolation:0}
execute if entity @s[tag=aj.heiloang_aj.bone.leg_right_0] run data modify entity @s {} merge value {transformation:[-0.9177158717560068f,0.36357037795096414f,-0.1600442407701873f,-0.21834075050767124f,0.3803381006852335f,0.6879398652599349f,-0.6181275523330859f,1.3807087143058467f,-0.11463205439257323f,-0.6281363881059079f,-0.769613000178013f,-0.6507539767579933f,0f,0f,0f,1f],start_interpolation:0}
execute if entity @s[tag=aj.heiloang_aj.bone.leg_left_3] run data modify entity @s {} merge value {transformation:[-0.7755770101776973f,-0.49068357467429824f,0.39712709656818485f,0.9669517130477056f,-0.20037225123232266f,0.787937595936184f,0.5822416215338764f,0.295623453951781f,-0.5986077699294547f,0.37199996566553495f,-0.7094256573630007f,-0.3975590660044782f,0f,0f,0f,1f],start_interpolation:0}
execute if entity @s[tag=aj.heiloang_aj.bone.leg_left_2] run data modify entity @s {} merge value {transformation:[-0.7755770101776973f,-0.22638089260360855f,0.5892639414963531f,0.8014703917676936f,-0.20037225123232266f,0.9734947854445117f,0.11026723742088973f,0.8824856390096865f,-0.5986077699294547f,-0.032551408208208024f,-0.8003806242056009f,-0.37959636696249743f,0f,0f,0f,1f],start_interpolation:0}
execute if entity @s[tag=aj.heiloang_aj.bone.leg_left_1] run data modify entity @s {} merge value {transformation:[-0.8134019345766322f,-0.16508135524676099f,0.5577861946811563f,0.3954873464058102f,-0.07710894186664957f,0.9810234967438318f,0.17789634600157045f,0.8306047492103321f,-0.5765687330329297f,0.10169092873210234f,-0.8106956587415555f,0.2000879895929737f,0f,0f,0f,1f],start_interpolation:0}
execute if entity @s[tag=aj.heiloang_aj.bone.leg_left_0] run data modify entity @s {} merge value {transformation:[-0.8465043184513132f,0.01645338224252521f,0.5321275458534908f,0.41282614149271074f,-0.29788072151554285f,0.8137799137440049f,-0.4990283836979408f,1.3807087143058467f,-0.44124541311231463f,-0.5809402191272188f,-0.683967065879463f,-0.2863496017579933f,0f,0f,0f,1f],start_interpolation:0}
execute if entity @s[tag=aj.heiloang_aj.bone.tail_4] run data modify entity @s {} merge value {transformation:[-1.3856674230226267f,-0.1579906878831929f,-0.7347238249871187f,-0.5446974799738313f,-0.13730271104045055f,1.568397227910571f,-0.07831005498052435f,0.0035183289774460835f,0.7388694891538351f,-0.004841664208281351f,-1.3924449001568855f,-4.220494385177894f,0f,0f,0f,1f],start_interpolation:0}
execute if entity @s[tag=aj.heiloang_aj.bone.tail_3] run data modify entity @s {} merge value {transformation:[-0.8973109195999333f,-0.08850993165505146f,-0.43243393202330954f,0.035482741283754615f,0.007780510463877233f,0.976365508003808f,-0.2159857829519971f,0.2666613106929595f,0.44133046260556685f,-0.19717095825421116f,-0.8754147794031538f,-3.045513945155437f,0f,0f,0f,1f],start_interpolation:0}
execute if entity @s[tag=aj.heiloang_aj.bone.tail_2] run data modify entity @s {} merge value {transformation:[-0.968082683146047f,0.052190447919272874f,-0.2451368510418948f,0.22837841513304336f,0.10088128882064655f,0.9764904889965075f,-0.19049748151943272f,0.4336613199566415f,0.22943165465697132f,-0.20914703451243824f,-0.9505885723045576f,-2.3050242093615108f,0f,0f,0f,1f],start_interpolation:0}
execute if entity @s[tag=aj.heiloang_aj.bone.tail_1] run data modify entity @s {} merge value {transformation:[-0.9788964838050325f,0.13672628245040458f,-0.1518802083269443f,0.3493797506652899f,0.17768466817833597f,0.9365758203718091f,-0.3020825903444738f,0.685552116759916f,0.10094470114126075f,-0.3226943699263512f,-0.9411049415072352f,-1.5750141304972338f,0f,0f,0f,1f],start_interpolation:0}
execute if entity @s[tag=aj.heiloang_aj.bone.tail_ring] run data modify entity @s {} merge value {transformation:[-0.942845334664866f,0.2979089581954578f,0.14930816296369642f,0.3800760998328274f,0.15666444559799333f,0.7917389389822441f,-0.5904284071627512f,0.625258909630109f,-0.29410699819312386f,-0.5332913885730457f,-0.7931591066662871f,-1.7055370752350723f,0f,0f,0f,1f],start_interpolation:0}
execute if entity @s[tag=aj.heiloang_aj.bone.tail_0] run data modify entity @s {} merge value {transformation:[-0.942845334664866f,0.2979089581954578f,0.14930816296369642f,0.16477590169221576f,0.15666444559799333f,0.7917389389822441f,-0.5904284071627512f,1.4321380205957788f,-0.29410699819312386f,-0.5332913885730457f,-0.7931591066662871f,-0.5855227335938922f,0f,0f,0f,1f],start_interpolation:0}
execute if entity @s[tag=aj.heiloang_aj.bone.body_1] run data modify entity @s {} merge value {transformation:[-0.8660254037844386f,0.06837650327134538f,0.49530258812203243f,-0.0018960387843347866f,0f,0.9906051762440649f,-0.13675300654269076f,1.5501895312500005f,-0.5f,-0.11843157770986974f,-0.8578892477477212f,-0.290739714492411f,0f,0f,0f,1f],start_interpolation:0}