execute if entity @s[tag=aj.heiloang_aj.bone.head_lower] run data modify entity @s {} merge value {transformation:[-0.788664208144311f,0.011511614843458652f,-0.13370209241370512f,-0.6175166690728979f,-0.05215874814024674f,0.7080884880435866f,0.36863282286387633f,-0.4485969245314156f,0.12364558942618775f,0.37212655887996404f,-0.6973045191246126f,2.4744422336006964f,0f,0f,0f,1f],start_interpolation:0}
execute if entity @s[tag=aj.heiloang_aj.bone.horne_right] run data modify entity @s {} merge value {transformation:[-0.5734379670407301f,-0.5415729636905243f,-0.13366982814254172f,-0.9961223950244813f,-0.5528116428876818f,0.5260833322909966f,0.24007418639542055f,0.027753167636652032f,-0.07462027501970739f,0.26445236335692457f,-0.7513299954553394f,2.460831068169401f,0f,0f,0f,1f],start_interpolation:0}
execute if entity @s[tag=aj.heiloang_aj.bone.horne_left] run data modify entity @s {} merge value {transformation:[-0.589490526995476f,0.5240546685479862f,-0.13366982814254172f,-0.3256000852601881f,0.4759007170472996f,0.5965592112610811f,0.24007418639542055f,0.07209853530548982f,0.2569424567806229f,0.09738486449452687f,-0.7513299954553394f,2.355707588039256f,0f,0f,0f,1f],start_interpolation:0}
execute if entity @s[tag=aj.heiloang_aj.bone.head_upper] run data modify entity @s {} merge value {transformation:[-1.1552156154845834f,-0.017402108735928692f,-0.19579622251749157f,-0.6580274861573924f,-0.07640083030712994f,1.1151968530907066f,0.35165466637735215f,-0.25738725123050166f,0.1811129682517442f,0.3594374185698094f,-1.100529394093095f,2.300870540626138f,0f,0f,0f,1f],start_interpolation:0}
execute if entity @s[tag=aj.heiloang_aj.bone.neck_0] run data modify entity @s {} merge value {transformation:[-0.9734387382226849f,-0.22551177803303474f,-0.03951532482223456f,-0.6592452091888027f,-0.2008362039303654f,0.758236922149232f,0.6202754138932964f,-0.06563287735827289f,-0.10991743318631542f,0.6117362240852167f,-0.7833881222125424f,1.9179902681855947f,0f,0f,0f,1f],start_interpolation:0}
execute if entity @s[tag=aj.heiloang_aj.bone.neck_1] run data modify entity @s {} merge value {transformation:[-0.9734387382226849f,-0.19813695433669973f,-0.11471168316088819f,-0.7035157281090094f,-0.2008362039303654f,0.4984507758995887f,0.8433336487985872f,0.24787049135626965f,-0.10991743318631542f,0.8439719019797247f,-0.525004368125121f,1.7372346970453623f,0f,0f,0f,1f],start_interpolation:0}
execute if entity @s[tag=aj.heiloang_aj.bone.neck_2] run data modify entity @s {} merge value {transformation:[-0.9802244588878213f,-0.18468081835508265f,0.07108449570599026f,-0.6681953334371797f,-0.08868787614367263f,0.7311046920786521f,0.6764764518042767f,0.5005866195271309f,-0.17690243306185066f,0.6567944309692919f,-0.7330256507275317f,1.4148266303926942f,0f,0f,0f,1f],start_interpolation:0}
execute if entity @s[tag=aj.heiloang_aj.bone.neck_3] run data modify entity @s {} merge value {transformation:[-0.9608070374220468f,-0.09500345570638338f,0.26043075902073276f,-0.5311217882097008f,0.056493190519503425f,0.852629010255943f,0.5194538384639182f,0.748756503662598f,-0.27140073003806897f,0.5138074680985246f,-0.8138449050408724f,0.9812194019347018f,0f,0f,0f,1f],start_interpolation:0}
execute if entity @s[tag=aj.heiloang_aj.bone.wing_right_2] run data modify entity @s {} merge value {transformation:[-0.18690755807311465f,-2.2853580673320053f,-0.5251476698383747f,-3.280891840685217f,-2.2941457666716203f,0.06918291706635948f,0.5154463420860439f,-2.206686628258666f,-0.48532130832968656f,0.5531077963541268f,-2.234303247013361f,0.4201340044674768f,0f,0f,0f,1f],start_interpolation:0}
execute if entity @s[tag=aj.heiloang_aj.bone.wing_right_1] run data modify entity @s {} merge value {transformation:[-1.4902318327917612f,-2.8998075573322843f,-0.7466886820306554f,-2.2938499118882625f,-2.9754694400103086f,1.3403976002449804f,0.7328947112118099f,-0.26974360118712815f,-0.33616881027075124f,0.9907921964751569f,-3.176875843860612f,0.6885635098445665f,0f,0f,0f,1f],start_interpolation:0}
execute if entity @s[tag=aj.heiloang_aj.bone.wing_right_0] run data modify entity @s {} merge value {transformation:[-1.6464533529145173f,-1.404269131381368f,-0.4956002051310734f,-0.7664133875793915f,-1.4885200125519016f,1.5735563871509826f,0.48644472315858617f,1.118667115657345f,0.04358358531638743f,0.6930717878443504f,-2.108590042655329f,0.6311227209590122f,0f,0f,0f,1f],start_interpolation:0}
execute if entity @s[tag=aj.heiloang_aj.bone.wing_left_2] run data modify entity @s {} merge value {transformation:[-0.38891193215172015f,2.2386981515386686f,0.6087315513823583f,2.822533998138928f,2.2764226951742015f,0.2491927367926945f,0.5379393080511969f,-1.9540617360370758f,0.4474631026652915f,0.6780188585490258f,-2.207632941755951f,0.8505761145086381f,0f,0f,0f,1f],start_interpolation:0}
execute if entity @s[tag=aj.heiloang_aj.bone.wing_left_1] run data modify entity @s {} merge value {transformation:[-2.016935235815843f,2.5238943307757613f,0.8655336125780803f,1.4888417262552274f,2.6665385017239482f,1.868623797018676f,0.764876654722384f,-0.21986794164245715f,0.09361328029874114f,1.1512694233729461f,-3.138954291075012f,0.9596231964601498f,0f,0f,0f,1f],start_interpolation:0}
execute if entity @s[tag=aj.heiloang_aj.bone.wing_left_0] run data modify entity @s {} merge value {transformation:[-1.7230989972187678f,1.2764408160330132f,0.5744812346357817f,-0.10925260021142769f,1.3931723783269756f,1.652192404583061f,0.5076721210631926f,1.0800276093706964f,-0.13564870088001185f,0.7545588786854328f,-2.0834203437008445f,0.8167519997813253f,0f,0f,0f,1f],start_interpolation:0}
execute if entity @s[tag=aj.heiloang_aj.bone.kazari_right] run data modify entity @s {} merge value {transformation:[-2.5250897689961005f,0.7285544363234503f,0.000529510047353425f,-1.887350337991838f,0.14846933030537807f,0.5164481458613509f,-2.572568436242522f,3.962547615933887f,-0.7132662231075738f,-2.471711944079658f,-0.5373653775822033f,-2.8964806553701434f,0f,0f,0f,1f],start_interpolation:0}
execute if entity @s[tag=aj.heiloang_aj.bone.kazari_left] run data modify entity @s {} merge value {transformation:[-2.5250897689961005f,0.7285544363234503f,0.000529510047353425f,2.987865037477011f,0.14846933030537807f,0.5164481458613509f,-2.572568436242522f,3.6758964359332205f,-0.7132662231075738f,-2.471711944079658f,-0.5373653775822033f,-1.5193706213458407f,0f,0f,0f,1f],start_interpolation:0}
execute if entity @s[tag=aj.heiloang_aj.bone.ring] run data modify entity @s {} merge value {transformation:[-2.116596251655868f,-0.5286540506655376f,-0.30573107132785465f,-0.46628047702359104f,0.12445087373474105f,-1.4530997442081388f,1.651041913215085f,2.7786648435095103f,-0.5978783933936885f,1.5690609656355574f,1.426013814314511f,1.1742034461171424f,0f,0f,0f,1f],start_interpolation:0}
execute if entity @s[tag=aj.heiloang_aj.bone.body_0] run data modify entity @s {} merge value {transformation:[-1.0843303918343532f,-0.09429497719447183f,0.29830929344880647f,-0.2605418996677635f,0.0637560727868377f,0.9869001793948615f,0.5437054119933548f,1.3628735543313621f,-0.30629257330995074f,0.5392484298762102f,-0.9428936134839837f,0.151149307725079f,0f,0f,0f,1f],start_interpolation:0}
execute if entity @s[tag=aj.heiloang_aj.bone.leg_right_3] run data modify entity @s {} merge value {transformation:[-0.8775754365886671f,-0.0520789528636289f,0.4766016531285199f,-0.7228813302712854f,0.18251436452911174f,0.882944502815004f,0.43254769874465837f,-0.03253532363523237f,-0.4433394408765644f,0.46657988342554285f,-0.765345250554194f,-0.6847839577133765f,0f,0f,0f,1f],start_interpolation:0}
execute if entity @s[tag=aj.heiloang_aj.bone.leg_right_2] run data modify entity @s {} merge value {transformation:[-0.9627983561387747f,0.09764903088046462f,-0.2519602988261818f,-0.6516058584580222f,0.14343968440201404f,0.9748986439511189f,-0.17028708395213044f,0.5684165177276781f,0.22900738493577738f,-0.20009323024624132f,-0.9526375579697145f,-0.7615344755013018f,0f,0f,0f,1f],start_interpolation:0}
execute if entity @s[tag=aj.heiloang_aj.bone.leg_right_1] run data modify entity @s {} merge value {transformation:[-0.9732583176312523f,-0.013701314984906565f,-0.2293044289351357f,-0.490830652868263f,0.013052704413752676f,0.9933083426063702f,-0.11475261834081563f,0.7239594049170517f,0.22934226402709f,-0.11467698320181802f,-0.9665667671995859f,-0.08810626359213547f,0f,0f,0f,1f],start_interpolation:0}
execute if entity @s[tag=aj.heiloang_aj.bone.leg_right_0] run data modify entity @s {} merge value {transformation:[-0.91672889578548f,0.34559639627611105f,-0.2004276989662347f,-0.21878084294420844f,0.3821946834956516f,0.6125512728027402f,-0.6918873911955628f,1.111012602441225f,-0.11634154691937498f,-0.7108755651087664f,-0.6936285572204324f,-0.649991714297884f,0f,0f,0f,1f],start_interpolation:0}
execute if entity @s[tag=aj.heiloang_aj.bone.leg_left_3] run data modify entity @s {} merge value {transformation:[-0.7855383148995092f,-0.4694097037818604f,0.40321716955043624f,0.9502229660108125f,-0.20067157727959145f,0.809620379613665f,0.551584770444531f,-0.04899347217167038f,-0.5853720815831245f,0.35237674569933103f,-0.7301850143582713f,-0.3730588427821459f,0f,0f,0f,1f],start_interpolation:0}
execute if entity @s[tag=aj.heiloang_aj.bone.leg_left_2] run data modify entity @s {} merge value {transformation:[-0.7855383148995092f,-0.1837907825542779f,0.5908895870405277f,0.8105675902996736f,-0.20067157727959145f,0.9789324457809258f,0.03771186377647949f,0.5445987940795085f,-0.5853720815831245f,-0.08895063150681365f,-0.8058705300838211f,-0.3891382700779433f,0f,0f,0f,1f],start_interpolation:0}
execute if entity @s[tag=aj.heiloang_aj.bone.leg_left_1] run data modify entity @s {} merge value {transformation:[-0.8169992955113795f,-0.1147018374667082f,0.5651155984536883f,0.40319482326407613f,-0.07443095487664678f,0.9927952829031237f,0.09390185941426937f,0.5528705662740866f,-0.5718148162561547f,0.034655659380070925f,-0.8196504140076258f,0.19183231398405054f,0f,0f,0f,1f],start_interpolation:0}
execute if entity @s[tag=aj.heiloang_aj.bone.leg_left_0] run data modify entity @s {} merge value {transformation:[-0.847275155022764f,0.00543104815808812f,0.5311264589502727f,0.41238604905617354f,-0.29766382519024526f,0.8233173928224585f,-0.48326464576786565f,1.111012602441225f,-0.43991028500622975f,-0.5675552610908774f,-0.6959597450670574f,-0.28558733929788405f,0f,0f,0f,1f],start_interpolation:0}
execute if entity @s[tag=aj.heiloang_aj.bone.tail_4] run data modify entity @s {} merge value {transformation:[-1.3897862184837753f,-0.1498263320250536f,-0.7286293302030609f,-0.44568854823225534f,-0.16392293328537266f,1.5677657216060006f,-0.009709674969330003f,-0.10717232086660419f,0.7255879702305995f,0.06720919637080279f,-1.3978052028331782f,-4.354089746497102f,0f,0f,0f,1f],start_interpolation:0}
execute if entity @s[tag=aj.heiloang_aj.bone.tail_3] run data modify entity @s {} merge value {transformation:[-0.9465918578400218f,-0.042629474085742095f,-0.31960379004346784f,-0.017482982247730483f,0.015031846253245076f,0.9843093068492588f,-0.17581021599483546f,0.10207591406284869f,0.3220836820908422f,-0.17122475401969456f,-0.9310983757593502f,-3.105375398922453f,0f,0f,0f,1f],start_interpolation:0}
execute if entity @s[tag=aj.heiloang_aj.bone.tail_2] run data modify entity @s {} merge value {transformation:[-0.9841803354129952f,0.09155527085638679f,-0.15167959574305856f,0.10295485601763055f,0.11506043135648308f,0.981309812804522f,-0.15424703702053438f,0.24077987432986572f,0.13472254645167608f,-0.16925922034550345f,-0.9763202096677135f,-2.344009040708346f,0f,0f,0f,1f],start_interpolation:0}
execute if entity @s[tag=aj.heiloang_aj.bone.tail_1] run data modify entity @s {} merge value {transformation:[-0.961100961531223f,0.16634918912065855f,-0.22048330780958858f,0.27806882149103584f,0.22078690394554992f,0.9423534614529494f,-0.2514420345403354f,0.4531933818660049f,0.16594602975032838f,-0.29034100806903607f,-0.9424245403445088f,-1.6124213064819053f,0f,0f,0f,1f],start_interpolation:0}
execute if entity @s[tag=aj.heiloang_aj.bone.tail_ring] run data modify entity @s {} merge value {transformation:[-0.947123281259037f,0.3071837257393294f,0.09271272155437715f,0.3009196381776168f,0.20549252087838743f,0.8026016325044594f,-0.560003074423902f,0.3976094296803576f,-0.2464352125004877f,-0.5113401784938096f,-0.8232866498964732f,-1.7465929883578883f,0f,0f,0f,1f],start_interpolation:0}
execute if entity @s[tag=aj.heiloang_aj.bone.tail_0] run data modify entity @s {} merge value {transformation:[-0.947123281259037f,0.3071837257393294f,0.09271272155437715f,0.16446803717557001f,0.20549252087838743f,0.8026016325044594f,-0.560003074423902f,1.1617419372046274f,-0.2464352125004877f,-0.5113401784938096f,-0.8232866498964732f,-0.5849894966092142f,0f,0f,0f,1f],start_interpolation:0}
execute if entity @s[tag=aj.heiloang_aj.bone.body_1] run data modify entity @s {} merge value {transformation:[-0.8660254037844386f,0.07093992763070765f,0.49494194272434616f,-0.0018960387843347866f,0f,0.9898838854486923f,-0.1418798552614153f,1.2815450390624998f,-0.5f,-0.12287155894164489f,-0.8572645915954127f,-0.290739714492411f,0f,0f,0f,1f],start_interpolation:0}