execute if entity @s[tag=aj.heiloang_aj.bone.head_lower] run data modify entity @s {} merge value {transformation:[-0.7955337041494162f,-0.009310369110723566f,-0.08390138609898654f,-0.650460079986545f,-0.05008030712479258f,0.6921358968823887f,0.3980450515772024f,-0.43423503704373456f,0.06795651845552106f,0.4010750768544876f,-0.6888546249576691f,2.4521188504202214f,0f,0f,0f,1f],start_interpolation:0}
execute if entity @s[tag=aj.heiloang_aj.bone.horne_right] run data modify entity @s {} merge value {transformation:[-0.5704916438677794f,-0.5549564514994302f,-0.08101000688926902f,-1.024311787207272f,-0.5441160700561861f,0.5196702615937756f,0.27180971564987993f,0.04565844571029706f,-0.13593007976033303f,0.2489300226051839f,-0.7480353315600352f,2.432776770009787f,0f,0f,0f,1f],start_interpolation:0}
execute if entity @s[tag=aj.heiloang_aj.bone.horne_left] run data modify entity @s {} merge value {transformation:[-0.6025662976081703f,0.5199531092036883f,-0.08101000688926902f,-0.34794903193943844f,0.47026991912898575f,0.5873377917695648f,0.27180971564987993f,0.08823672282779574f,0.23613568165188228f,0.1571085057807781f,-0.7480353315600352f,2.3750001380189034f,0f,0f,0f,1f],start_interpolation:0}
execute if entity @s[tag=aj.heiloang_aj.bone.head_upper] run data modify entity @s {} merge value {transformation:[-1.1652778814954612f,-0.034771189992816684f,-0.11866143284122903f,-0.6779405595411363f,-0.07335638186871805f,1.099666055368583f,0.3981400762410529f,-0.23572643287483377f,0.09954100932068587f,0.4033455632786653f,-1.0957034527858507f,2.28428394528689f,0f,0f,0f,1f],start_interpolation:0}
execute if entity @s[tag=aj.heiloang_aj.bone.neck_0] run data modify entity @s {} merge value {transformation:[-0.9631470849622288f,-0.2687008744562583f,0.012146307883595046f,-0.6536420883239429f,-0.22518909611624852f,0.8302307490350518f,0.5099085941098109f,-0.096699399636962f,-0.14709712342227496f,0.48838175992059607f,-0.8601428328235681f,1.8799949470464739f,0f,0f,0f,1f],start_interpolation:0}
execute if entity @s[tag=aj.heiloang_aj.bone.neck_1] run data modify entity @s {} merge value {transformation:[-0.9631470849622288f,-0.2635721161764466f,-0.05364170302134991f,-0.6764778782636512f,-0.22518909611624852f,0.6810953133064072f,0.6967058526971006f,0.16565843248533169f,-0.14709712342227496f,0.6831097377188502f,-0.7153485321957228f,1.6278764983740646f,0f,0f,0f,1f],start_interpolation:0}
execute if entity @s[tag=aj.heiloang_aj.bone.neck_2] run data modify entity @s {} merge value {transformation:[-0.9741985976472135f,-0.22058887384965312f,0.04772463803890151f,-0.649526842056201f,-0.10578900928212503f,0.6331010696326039f,0.7668061822554375f,0.4586765158142316f,-0.19936343159493625f,0.7419727652439773f,-0.6401020526282482f,1.340693668717139f,0f,0f,0f,1f],start_interpolation:0}
execute if entity @s[tag=aj.heiloang_aj.bone.neck_3] run data modify entity @s {} merge value {transformation:[-0.9610913499404512f,-0.13692024748037573f,0.23990886373694822f,-0.5220583101292837f,0.0524910153381111f,0.7621579065644523f,0.645259652209919f,0.7741417794280232f,-0.27119754862169226f,0.6327465300507019f,-0.7253162884772275f,0.9500197412718332f,0f,0f,0f,1f],start_interpolation:0}
execute if entity @s[tag=aj.heiloang_aj.bone.wing_right_2] run data modify entity @s {} merge value {transformation:[-1.8261965108812526f,1.4453945787451756f,-0.3307821363075712f,-4.917909941561357f,1.3120330393128596f,1.8196737259236755f,0.7077660921911361f,1.3341586037279671f,0.6907616185903809f,0.36496307928077953f,-2.2188344560523876f,1.258614915178901f,0f,0f,0f,1f],start_interpolation:0}
execute if entity @s[tag=aj.heiloang_aj.bone.wing_right_1] run data modify entity @s {} merge value {transformation:[-3.223169584310488f,0.7597294579925233f,-0.4703272842756815f,-2.800487067449299f,0.5919445421975772f,3.1343397356447236f,1.0063472827116189f,0.9312910440735068f,0.6693267233857102f,0.8865350219348045f,-3.1548813234644504f,0.8683937468059629f,0f,0f,0f,1f],start_interpolation:0}
execute if entity @s[tag=aj.heiloang_aj.bone.wing_right_0] run data modify entity @s {} merge value {transformation:[-2.193010603479503f,-0.14715288702747722f,-0.3121706598416054f,-0.7632129850555096f,-0.23625455632348866f,2.1039094903681015f,0.6679435911478039f,1.1563918467448875f,0.2515716153361828f,0.6930446480411712f,-2.093991604132794f,0.6176148790511553f,0f,0f,0f,1f],start_interpolation:0}
execute if entity @s[tag=aj.heiloang_aj.bone.wing_left_2] run data modify entity @s {} merge value {transformation:[-1.5553159589565022f,-1.6516220730288305f,0.6218623658175249f,3.652033181295974f,-1.4887889277591109f,1.6730026922391796f,0.7198232607128922f,1.8517268100050304f,-0.9476686143996214f,0.08235609246079445f,-2.151445485629951f,2.0977736270746847f,0f,0f,0f,1f],start_interpolation:0}
execute if entity @s[tag=aj.heiloang_aj.bone.wing_left_1] run data modify entity @s {} merge value {transformation:[-2.6886852116801294f,-1.7822385252597268f,0.8842038478046808f,1.8782500425885291f,-1.5186544996341664f,2.798816460748605f,1.0234909392288465f,0.8418647151673645f,-1.2852544946949107f,0.4212731074050171f,-3.0590633575890265f,1.3028356515517538f,0f,0f,0f,1f],start_interpolation:0}
execute if entity @s[tag=aj.heiloang_aj.bone.wing_left_0] run data modify entity @s {} merge value {transformation:[-2.1382177401148765f,0.10956592757412727f,0.5868732430200319f,-0.10585773716511421f,0.2937015692647521f,2.09300275112007f,0.6793223623694705f,1.120489698211618f,-0.5197733006508226f,0.7319390625719037f,-2.030394278117408f,0.8031051883880627f,0f,0f,0f,1f],start_interpolation:0}
execute if entity @s[tag=aj.heiloang_aj.bone.kazari_right] run data modify entity @s {} merge value {transformation:[-2.5258369685933753f,0.7243815400380242f,0.04784538739959475f,-1.9275730710550194f,0.13795124372747475f,0.6489831291186647f,-2.5429629452726283f,4.148074668447475f,-0.7127322435510548f,-2.441508236956766f,-0.6617555941820156f,-2.7709306808908716f,0f,0f,0f,1f],start_interpolation:0}
execute if entity @s[tag=aj.heiloang_aj.bone.kazari_left] run data modify entity @s {} merge value {transformation:[-2.5258369685933753f,0.7243815400380242f,0.04784538739959475f,2.9490849299433872f,0.13795124372747475f,0.6489831291186647f,-2.5429629452726283f,3.881730860499365f,-0.7127322435510548f,-2.441508236956766f,-0.6617555941820156f,-1.3948516063897078f,0f,0f,0f,1f],start_interpolation:0}
execute if entity @s[tag=aj.heiloang_aj.bone.ring] run data modify entity @s {} merge value {transformation:[-2.117222573890526f,-0.505794137749045f,-0.3383299404591649f,-0.49407503307696465f,0.11563433861637457f,-1.536902171186129f,1.5740033995262344f,2.7930918112735013f,-0.5974307977708849f,1.4950017699675442f,1.5036530302741988f,1.2416235996858556f,0f,0f,0f,1f],start_interpolation:0}
execute if entity @s[tag=aj.heiloang_aj.bone.body_0] run data modify entity @s {} merge value {transformation:[-1.0846512561624413f,-0.11313423240841129f,0.2904904024236791f,-0.26079492751273387f,0.05923936962626062f,0.9576611025704189f,0.5941618345598835f,1.4326378643048432f,-0.30606327046739f,0.5862919358294487f,-0.9144612711262496f,0.15158756480829744f,0f,0f,0f,1f],start_interpolation:0}
execute if entity @s[tag=aj.heiloang_aj.bone.leg_right_3] run data modify entity @s {} merge value {transformation:[-0.8798213000253807f,-0.12891748998431113f,0.45748744332253954f,-0.6836544683015998f,0.16256511199525348f,0.8228478031738026f,0.5445126969814553f,0.0932666873254071f,-0.44663974787698807f,0.5534453663987009f,-0.7030015377139567f,-0.8004170839081229f,0f,0f,0f,1f],start_interpolation:0}
execute if entity @s[tag=aj.heiloang_aj.bone.leg_right_2] run data modify entity @s {} merge value {transformation:[-0.9743992578733623f,0.06331013043523809f,-0.21572647876446163f,-0.6349728002397657f,0.09683768115196632f,0.9841480035704209f,-0.1485771536188027f,0.6988196244492323f,0.2029003444180188f,-0.1656639201897272f,-0.9650838905413458f,-0.8556410464227479f,0f,0f,0f,1f],start_interpolation:0}
execute if entity @s[tag=aj.heiloang_aj.bone.leg_right_1] run data modify entity @s {} merge value {transformation:[-0.983485512813018f,-0.018506593082707093f,-0.18003819622342898f,-0.5093220090955742f,-0.03130492828318186f,0.9971593446105786f,0.06850724721506574f,0.7253381861292021f,0.17825893400359946f,0.07301196797972498f,-0.9812711169598478f,-0.15774674378510867f,0f,0f,0f,1f],start_interpolation:0}
execute if entity @s[tag=aj.heiloang_aj.bone.leg_right_0] run data modify entity @s {} merge value {transformation:[-0.9179386190051926f,0.36699549176237645f,-0.1506751497922979f,-0.21824150794604344f,0.37991642143879323f,0.7038111829359844f,-0.6002610527890273f,1.1853197378315714f,-0.11424624483973705f,-0.6082467655486066f,-0.7854830792192006f,-0.6509258699170059f,0f,0f,0f,1f],start_interpolation:0}
execute if entity @s[tag=aj.heiloang_aj.bone.leg_left_3] run data modify entity @s {} merge value {transformation:[-0.7733365498687129f,-0.4954208359998865f,0.39561190059745327f,0.9702717015570069f,-0.20018869054211277f,0.7828877961943836f,0.5890765542346214f,0.11761989165254705f,-0.6015605279738605f,0.3763574017168714f,-0.704613395669381f,-0.4025046197409606f,0f,0f,0f,1f],start_interpolation:0}
execute if entity @s[tag=aj.heiloang_aj.bone.leg_left_2] run data modify entity @s {} merge value {transformation:[-0.7733365498687129f,-0.23603776124547804f,0.5884188609344354f,0.7989570924457924f,-0.20018869054211277f,0.9715406519722254f,0.12662246935049415f,0.7025220043115845f,-0.6015605279738605f,-0.019873017677378133f,-0.7985799861956251f,-0.3769160712776968f,0f,0f,0f,1f],start_interpolation:0}
execute if entity @s[tag=aj.heiloang_aj.bone.leg_left_1] run data modify entity @s {} merge value {transformation:[-0.8125858162886433f,-0.17644374766906942f,0.5554924797645895f,0.3937395550682186f,-0.0777248558178284f,0.9773683053716096f,0.19674867837707477f,0.6370639624292274f,-0.5776358177559775f,0.11669961252515643f,-0.8079096870825733f,0.20192916299256536f,0f,0f,0f,1f],start_interpolation:0}
execute if entity @s[tag=aj.heiloang_aj.bone.leg_left_0] run data modify entity @s {} merge value {transformation:[-0.8463297520288448f,0.01895513041127811f,0.5323219456887773f,0.41292538405433854f,-0.2979287108241849f,0.8115793035132153f,-0.5025709078086826f,1.1853197378315714f,-0.44154777102532555f,-0.583934702805113f,-0.6812164331271456f,-0.28652149491700585f,0f,0f,0f,1f],start_interpolation:0}
execute if entity @s[tag=aj.heiloang_aj.bone.tail_4] run data modify entity @s {} merge value {transformation:[-0.3637309700909326f,-0.14627796543013427f,-1.5268126610406405f,-1.097830117266716f,-0.18903119343036034f,1.561469693268657f,-0.10456561863946562f,-0.16088986419121762f,1.522110821522098f,0.15896388747379342f,-0.37784056581078823f,-3.8546033822150543f,0f,0f,0f,1f],start_interpolation:0}
execute if entity @s[tag=aj.heiloang_aj.bone.tail_3] run data modify entity @s {} merge value {transformation:[-0.6376500063000088f,-0.1538225522250426f,-0.7548119579687198f,-0.0851450329808826f,0.02103492280849105f,0.976017856851287f,-0.21667181434109356f,0.10317894868525398f,0.7700389610195313f,-0.15403819505043076f,-0.6191221470578855f,-3.0232376777678445f,0f,0f,0f,1f],start_interpolation:0}
execute if entity @s[tag=aj.heiloang_aj.bone.tail_2] run data modify entity @s {} merge value {transformation:[-0.9235782705552477f,0.05314544893436744f,-0.37970875604302556f,0.21313789035283726f,0.12568012191669792f,0.9775929455841166f,-0.1688684094174337f,0.2532635363749264f,0.36222601385486f,-0.20368503627349416f,-0.909562928490978f,-2.3147712303721253f,0f,0f,0f,1f],start_interpolation:0}
execute if entity @s[tag=aj.heiloang_aj.bone.tail_1] run data modify entity @s {} merge value {transformation:[-0.9778337781545037f,0.13860397256602341f,-0.15693960968794815f,0.33812478715875394f,0.18014086356124293f,0.938942516811786f,-0.29314880077966976f,0.4982126756010322f,0.10672568376683322f,-0.31492203624399784f,-0.9430979479950298f,-1.5830723805866276f,0f,0f,0f,1f],start_interpolation:0}
execute if entity @s[tag=aj.heiloang_aj.bone.tail_ring] run data modify entity @s {} merge value {transformation:[-0.9440352820995497f,0.2985296901457671f,0.14027619275092906f,0.3675424264683791f,0.1645493567117547f,0.7948195488178827f,-0.5841107720481492f,0.4389229051335092f,-0.2858686680225227f,-0.5283388201887207f,-0.7994605654593722f,-1.7143472883055335f,0f,0f,0f,1f],start_interpolation:0}
execute if entity @s[tag=aj.heiloang_aj.bone.tail_0] run data modify entity @s {} merge value {transformation:[-0.9440352820995497f,0.2985296901457671f,0.14027619275092906f,0.16484496130364995f,0.1645493567117547f,0.7948195488178827f,-0.5841107720481492f,1.2369073013775929f,-0.2858686680225227f,-0.5283388201887207f,-0.7994605654593722f,-0.5856423483496471f,0f,0f,0f,1f],start_interpolation:0}
execute if entity @s[tag=aj.heiloang_aj.bone.body_1] run data modify entity @s {} merge value {transformation:[-0.8660254037844386f,0.06779598097095661f,0.49538238257348804f,-0.0018960387843347866f,0f,0.9907647651469761f,-0.13559196194191322f,1.354561875f,-0.5f,-0.11742608359066962f,-0.8580274557918044f,-0.290739714492411f,0f,0f,0f,1f],start_interpolation:0}