execute if entity @s[tag=aj.heiloang_aj.bone.head_lower] run data modify entity @s {} merge value {transformation:[-0.7887131159691938f,0.011105534194835738f,-0.13344769690186586f,-0.6221849423468303f,-0.04953264426501699f,0.7165022334051679f,0.35237915187695484f,-0.4626176447702687f,0.12441116449209937f,0.35567009522260096f,-0.7057057782915385f,2.4855989777175567f,0f,0f,0f,1f],start_interpolation:0}
execute if entity @s[tag=aj.heiloang_aj.bone.horne_right] run data modify entity @s {} merge value {transformation:[-0.5732336938769803f,-0.5418682814686464f,-0.13334878230553174f,-1.0009258027800345f,-0.5545665640052093f,0.5318856180537033f,0.22260641364319853f,0.01317302903560702f,-0.062121319139315234f,0.25194534098856886f,-0.7567459856930497f,2.46078839098695f,0f,0f,0f,1f],start_interpolation:0}
execute if entity @s[tag=aj.heiloang_aj.bone.horne_left] run data modify entity @s {} merge value {transformation:[-0.5897669174209833f,0.5238254340649973f,-0.13334878230553174f,-0.3303619115830261f,0.4815279719074594f,0.5988131568992141f,0.22260641364319853f,0.05528568318972449f,0.24557238319167785f,0.08384341209072194f,-0.7567459856930497f,2.355014018935767f,0f,0f,0f,1f],start_interpolation:0}
execute if entity @s[tag=aj.heiloang_aj.bone.head_upper] run data modify entity @s {} merge value {transformation:[-1.155287254443776f,-0.01792318201453573f,-0.19532596260158527f,-0.6626621470510233f,-0.07255417900329027f,1.1231996532318451f,0.3260683095442162f,-0.2754826123964449f,0.18223436346891486f,0.33356170482586583f,-1.108462601193537f,2.307634167643956f,0f,0f,0f,1f],start_interpolation:0}
execute if entity @s[tag=aj.heiloang_aj.bone.neck_0] run data modify entity @s {} merge value {transformation:[-0.973727854427539f,-0.22451759476769262f,-0.03802519101426692f,-0.6633555675429724f,-0.1998980735488527f,0.7628016629338267f,0.6149588467668763f,-0.06243419921039656f,-0.10906340221815398f,0.6064037208536233f,-0.7876418612741976f,1.9307122242182186f,0f,0f,0f,1f],start_interpolation:0}
execute if entity @s[tag=aj.heiloang_aj.bone.neck_1] run data modify entity @s {} merge value {transformation:[-0.973727854427539f,-0.19786620179289477f,-0.1127077268868234f,-0.7048544721182476f,-0.1998980735488527f,0.5056814749102864f,0.8392419234785731f,0.23693365768426972f,-0.10906340221815398f,0.8397232949731781f,-0.5319492101469747f,1.7417678290920007f,0f,0f,0f,1f],start_interpolation:0}
execute if entity @s[tag=aj.heiloang_aj.bone.neck_2] run data modify entity @s {} merge value {transformation:[-0.980371023339183f,-0.18358604215618032f,0.07189451802684407f,-0.6692388232700797f,-0.08797838582153131f,0.7336754921734137f,0.6737804359079722f,0.48845879167038936f,-0.1764439294085258f,0.6542296518116009f,-0.7354257967091926f,1.4184621444983878f,0f,0f,0f,1f],start_interpolation:0}
execute if entity @s[tag=aj.heiloang_aj.bone.neck_3] run data modify entity @s {} merge value {transformation:[-0.9607792140279966f,-0.09379286962163617f,0.26097164501126124f,-0.531914685397777f,0.056866229070752096f,0.8544342078205617f,0.5164382020119366f,0.7350243688264319f,-0.2714213217177637f,0.5110235631692416f,-0.8155889798193661f,0.9840197730802687f,0f,0f,0f,1f],start_interpolation:0}
execute if entity @s[tag=aj.heiloang_aj.bone.wing_right_2] run data modify entity @s {} merge value {transformation:[-0.14250996450632308f,-2.2816186669754677f,-0.5545116543829375f,-3.1036825196472235f,-2.305461308557948f,0.03065964323360112f,0.46635195650931754f,-2.354858198293127f,-0.44510119195491565f,0.57170993616246f,-2.2379921099356976f,0.4558672617658449f,0f,0f,0f,1f],start_interpolation:0}
execute if entity @s[tag=aj.heiloang_aj.bone.wing_right_1] run data modify entity @s {} merge value {transformation:[-1.3433820277193858f,-2.959882670609302f,-0.7884402810151778f,-2.2121505857955834f,-3.048138381894659f,1.2068073343952885f,0.663089160950732f,-0.369275467667322f,-0.30231755708387076f,0.9848499412481472f,-3.1821209060628664f,0.7022135413086403f,0f,0f,0f,1f],start_interpolation:0}
execute if entity @s[tag=aj.heiloang_aj.bone.wing_right_0] run data modify entity @s {} merge value {transformation:[-1.5585728674895152f,-1.4917758353535013f,-0.5233120233482806f,-0.7666761362026767f,-1.5798754834960855f,1.4962266954581351f,0.4401126360903944f,1.1037359592655718f,0.05695676758312117f,0.6814033554758809f,-2.1120713514871343f,0.6323060998710981f,0f,0f,0f,1f],start_interpolation:0}
execute if entity @s[tag=aj.heiloang_aj.bone.wing_left_2] run data modify entity @s {} merge value {transformation:[-0.3491236557719834f,2.2471814430774137f,0.6015515282915722f,2.683066756753203f,2.285184077913834f,0.21742371580355901f,0.5140395550697238f,-2.102025163680848f,0.4354565527702068f,0.6606651920721218f,-2.215282171858655f,0.8062827766789232f,0f,0f,0f,1f],start_interpolation:0}
execute if entity @s[tag=aj.heiloang_aj.bone.wing_left_1] run data modify entity @s {} merge value {transformation:[-1.906087774518726f,2.6119854529695767f,0.8553245946455456f,1.4221036375242277f,2.7458609363125746f,1.7644431962240865f,0.7308944510879533f,-0.31538052889447155f,0.11956540955845778f,1.118700573734476f,-3.14983045766963f,0.9324866578182978f,0f,0f,0f,1f],start_interpolation:0}
execute if entity @s[tag=aj.heiloang_aj.bone.wing_left_0] run data modify entity @s {} merge value {transformation:[-1.6515918919040338f,1.3705309310872007f,0.5677051959689156f,-0.10953437913198302f,1.4797273997983933f,1.5822352012744445f,0.4851170890969544f,1.0648413067336222f,-0.10512395009101963f,0.73930828128817f,-2.0906391894193486f,0.8179494627330925f,0f,0f,0f,1f],start_interpolation:0}
execute if entity @s[tag=aj.heiloang_aj.bone.kazari_right] run data modify entity @s {} merge value {transformation:[-2.525016646542873f,0.7287975921656419f,-0.0038978059466537114f,-1.8837471894110969f,0.14944971012412556f,0.5040168252538058f,-2.574976118833171f,3.933458168995113f,-0.7133203399465419f,-2.474205185119231f,-0.5256928600465413f,-2.9078868334574177f,0f,0f,0f,1f],start_interpolation:0}
execute if entity @s[tag=aj.heiloang_aj.bone.kazari_left] run data modify entity @s {} merge value {transformation:[-2.525016646542873f,0.7287975921656419f,-0.0038978059466537114f,2.9913270078261327f,0.14944971012412556f,0.5040168252538058f,-2.574976118833171f,3.644914160143432f,-0.7133203399465419f,-2.474205185119231f,-0.5256928600465413f,-1.530672315525791f,0f,0f,0f,1f],start_interpolation:0}
execute if entity @s[tag=aj.heiloang_aj.bone.ring] run data modify entity @s {} merge value {transformation:[-2.11653495850411f,-0.5306861096017084f,-0.3026190811727466f,-0.46363778401866357f,0.1252726537265015f,-1.4450846273998874f,1.657999839464671f,2.765675869927885f,-0.5979237555427566f,1.5757629766282617f,1.4185853903904813f,1.1677800814655992f,0f,0f,0f,1f],start_interpolation:0}
execute if entity @s[tag=aj.heiloang_aj.bone.body_0] run data modify entity @s {} merge value {transformation:[-1.0842989914067984f,-0.09251317954483967f,0.29898057592823235f,-0.26051778092829403f,0.06417706995139856f,0.9894914942888211f,0.5389250990260177f,1.3449182199298813f,-0.3063158122988863f,0.5347899309806178f,-0.9454219845101409f,0.1511075328429035f,0f,0f,0f,1f],start_interpolation:0}
execute if entity @s[tag=aj.heiloang_aj.bone.leg_right_3] run data modify entity @s {} merge value {transformation:[-0.8772247524317235f,-0.044862899539357765f,0.4779791354923594f,-0.7263513121505584f,0.18433995830668937f,0.8878251196187174f,0.4216459850935361f,-0.05490524823863585f,-0.4432781446141797f,0.45798894879563634f,-0.7705521457295921f,-0.6731529478912438f,0f,0f,0f,1f],start_interpolation:0}
execute if entity @s[tag=aj.heiloang_aj.bone.leg_right_2] run data modify entity @s {} merge value {transformation:[-0.9616224605177857f,0.10087936528780563f,-0.2551579845641702f,-0.6529603426058215f,0.14787251071286123f,0.9738901988335774f,-0.17225446639019232f,0.5455260887457125f,0.23111893908374245f,-0.20337461561125228f,-0.9514319743007278f,-0.751956029410066f,0f,0f,0f,1f],start_interpolation:0}
execute if entity @s[tag=aj.heiloang_aj.bone.leg_right_1] run data modify entity @s {} merge value {transformation:[-0.9721283420318815f,-0.013894853918595448f,-0.23403721852074366f,-0.488860074068356f,0.017516238874408657f,0.9911477992194557f,-0.13160251319075994f,0.7127965487822696f,0.23379407176838365f,-0.1320339847804738f,-0.9632794811833945f,-0.08215045452441094f,0f,0f,0f,1f],start_interpolation:0}
execute if entity @s[tag=aj.heiloang_aj.bone.leg_right_0] run data modify entity @s {} merge value {transformation:[-0.9166157318349407f,0.34325055173914265f,-0.20492598391485195f,-0.2188313396385278f,0.3824063270650792f,0.603411008456627f,-0.6997574979190663f,1.0926342051017193f,-0.11653755263129406f,-0.719773723891148f,-0.6843572058673583f,-0.6499042514577086f,0f,0f,0f,1f],start_interpolation:0}
execute if entity @s[tag=aj.heiloang_aj.bone.leg_left_3] run data modify entity @s {} merge value {transformation:[-0.7866823874155586f,-0.4669423552064974f,0.40385103471993994f,0.948101708663871f,-0.20065205711365103f,0.8120338416214896f,0.5480326559955214f,-0.07572974585453096f,-0.5838403662870676f,0.35009409731621377f,-0.7325056653146977f,-0.3699847193572009f,0f,0f,0f,1f],start_interpolation:0}
execute if entity @s[tag=aj.heiloang_aj.bone.leg_left_2] run data modify entity @s {} merge value {transformation:[-0.7866823874155586f,-0.17893563544890212f,0.5908577321967231f,0.8114006603924417f,-0.20065205711365103f,0.9792214736623264f,0.029394854900851225f,0.518430678324285f,-0.5838403662870676f,-0.09543240479564363f,-0.8062400900530208f,-0.38998882497411014f,0f,0f,0f,1f],start_interpolation:0}
execute if entity @s[tag=aj.heiloang_aj.bone.leg_left_1] run data modify entity @s {} merge value {transformation:[-0.817409777558382f,-0.1089338799116214f,0.5656630316357584f,0.40407462375842584f,-0.07412922011144016f,0.9936842253246341f,0.08424083966017698f,0.5335862789416075f,-0.5712671128969584f,0.026927126626924924f,-0.8203223851474438f,0.19087572096819905f,0f,0f,0f,1f],start_interpolation:0}
execute if entity @s[tag=aj.heiloang_aj.bone.leg_left_0] run data modify entity @s {} merge value {transformation:[-0.8473632621056413f,0.0041738874261826875f,0.5309972511204175f,0.4123355523618542f,-0.29763851521523765f,0.8243887483194011f,-0.4814504189476211f,1.0926342051017193f,-0.43975767906217955f,-0.5660086309484376f,-0.6973144293629097f,-0.2854998764577086f,0f,0f,0f,1f],start_interpolation:0}
execute if entity @s[tag=aj.heiloang_aj.bone.tail_4] run data modify entity @s {} merge value {transformation:[-1.3076750884701875f,-0.15461491913032233f,-0.8665647428002623f,-0.5274098390561294f,-0.17412620331505124f,1.5666057789636891f,-0.016755963843691067f,-0.1386731928257053f,0.8628558929515672f,0.08182251394066059f,-1.3166773135050434f,-4.319472571090688f,0f,0f,0f,1f],start_interpolation:0}
execute if entity @s[tag=aj.heiloang_aj.bone.tail_3] run data modify entity @s {} merge value {transformation:[-0.9260711931078054f,-0.05381550417799937f,-0.3734916823785415f,-0.02690084940099091f,0.015134749540578925f,0.9836847134515663f,-0.1792632808972702f,0.07520574368184893f,0.37704520239916806f,-0.17166326348924338f,-0.9101475920508679f,-3.098743729704202f,0f,0f,0f,1f],start_interpolation:0}
execute if entity @s[tag=aj.heiloang_aj.bone.tail_2] run data modify entity @s {} merge value {transformation:[-0.9805293038199093f,0.088796143212065f,-0.17515001941508956f,0.11186392133750864f,0.11660181175250198f,0.980937078229898f,-0.15545567229864898f,0.21484925551095133f,0.15800728415638923f,-0.17285165172613565f,-0.9721913415830593f,-2.3406759089217033f,0f,0f,0f,1f],start_interpolation:0}
execute if entity @s[tag=aj.heiloang_aj.bone.tail_1] run data modify entity @s {} merge value {transformation:[-0.9626491416021674f,0.16441043284235854f,-0.2151181994746106f,0.2827523886004658f,0.21806002908673858f,0.9417455433049813f,-0.2560569377695053f,0.4308589766038313f,0.16048817366803333f,-0.2934016721796143f,-0.9424218826379751f,-1.6091419424457118f,0f,0f,0f,1f],start_interpolation:0}
execute if entity @s[tag=aj.heiloang_aj.bone.tail_ring] run data modify entity @s {} merge value {transformation:[-0.9468591898973913f,0.3068388001491904f,0.09647603448453435f,0.3061333237127791f,0.20227671136641034f,0.8012470990858315f,-0.5631049797731589f,0.37478724650122697f,-0.25008359911366795f,-0.5136662699939961f,-0.8207345225618387f,-1.7430190082106312f,0f,0f,0f,1f],start_interpolation:0}
execute if entity @s[tag=aj.heiloang_aj.bone.tail_0] run data modify entity @s {} merge value {transformation:[-0.9468591898973913f,0.3068388001491904f,0.09647603448453435f,0.16443254490346196f,0.20227671136641034f,0.8012470990858315f,-0.5631049797731589f,1.1432834129836345f,-0.25008359911366795f,-0.5136662699939961f,-0.8207345225618387f,-0.5849280221906469f,0f,0f,0f,1f],start_interpolation:0}
execute if entity @s[tag=aj.heiloang_aj.bone.body_1] run data modify entity @s {} merge value {transformation:[-0.8660254037844386f,0.07123292857389721f,0.4948998584428834f,-0.0018960387843347866f,0f,0.9897997168857668f,-0.14246585714779442f,1.2632866009521484f,-0.5f,-0.1233790514619148f,-0.8571916994817192f,-0.290739714492411f,0f,0f,0f,1f],start_interpolation:0}