execute if entity @s[tag=aj.heiloang_aj.bone.head_lower] run data modify entity @s {} merge value {transformation:[-0.7951695431645085f,0.001989353654943224f,-0.08775784919642682f,-0.6253173679665137f,-0.05018684568169054f,0.6458808048865663f,0.4693817917214127f,-0.6256034710924139f,0.07201859582128342f,0.47205299315979043f,-0.6418561314693609f,2.351793039647105f,0f,0f,0f,1f],start_interpolation:0}
execute if entity @s[tag=aj.heiloang_aj.bone.horne_right] run data modify entity @s {} merge value {transformation:[-0.5779759693380712f,-0.5462497170483427f,-0.08691964963299709f,-0.9941083794211596f,-0.5189851864053939f,0.492087017614549f,0.3584755826928484f,-0.1432437717340055f,-0.1913064430683816f,0.31537535369750175f,-0.7098874777883463f,2.393736813456518f,0f,0f,0f,1f],start_interpolation:0}
execute if entity @s[tag=aj.heiloang_aj.bone.horne_left] run data modify entity @s {} merge value {transformation:[-0.5945449968556328f,0.528167796463977f,-0.08691964963299709f,-0.31805523382269457f,0.44498193855119894f,0.5598985006018858f,0.3584755826928484f,-0.10057491553543224f,0.2975018001242228f,0.2180652374913234f,-0.7098874777883463f,2.3325066032892625f,0f,0f,0f,1f],start_interpolation:0}
execute if entity @s[tag=aj.heiloang_aj.bone.head_upper] run data modify entity @s {} merge value {transformation:[-1.164744467588793f,-0.017961996050602447f,-0.1273177297911733f,-0.6526204106122012f,-0.07351243688339827f,1.0450084456090654f,0.5250860716389171f,-0.40851847152528054f,0.10549103869412044f,0.5299026587059211f,-1.039825430277425f,2.2087614176470187f,0f,0f,0f,1f],start_interpolation:0}
execute if entity @s[tag=aj.heiloang_aj.bone.neck_0] run data modify entity @s {} merge value {transformation:[-0.9634053795119996f,-0.2679239322182637f,0.008175651169395393f,-0.6300554055514932f,-0.2185988156636936f,0.8029616784897515f,0.5544971601977338f,-0.24836574588245752f,-0.15512779414976188f,0.5324183593957145f,-0.8321454548698831f,1.8122636865205455f,0f,0f,0f,1f],start_interpolation:0}
execute if entity @s[tag=aj.heiloang_aj.bone.neck_1] run data modify entity @s {} merge value {transformation:[-0.9609806664910286f,-0.2637975599656513f,-0.08322863681826714f,-0.6636744163061562f,-0.23077391955331175f,0.5986830106542125f,0.7670215452045722f,0.03858365804709274f,-0.15251084120304353f,0.7562998744612991f,-0.6362003954772136f,1.5898977286056344f,0f,0f,0f,1f],start_interpolation:0}
execute if entity @s[tag=aj.heiloang_aj.bone.neck_2] run data modify entity @s {} merge value {transformation:[-0.9729842382500405f,-0.2270154907634889f,0.042019508212263135f,-0.6388459457515946f,-0.1105663682509988f,0.6179625463015976f,0.7783940965733426f,0.3368578719000864f,-0.202674000130191f,0.7527192426940196f,-0.6263680957307524f,1.3079828947276422f,0f,0f,0f,1f],start_interpolation:0}
execute if entity @s[tag=aj.heiloang_aj.bone.neck_3] run data modify entity @s {} merge value {transformation:[-0.9614890123006916f,-0.1450093047036595f,0.23347629595828706f,-0.514510381018151f,0.04967329673220852f,0.7438155089232763f,0.6665366098549736f,0.663778145182072f,-0.2703173002543388f,0.6524651640007831f,-0.707967348787101f,0.9258095322025833f,0f,0f,0f,1f],start_interpolation:0}
execute if entity @s[tag=aj.heiloang_aj.bone.wing_right_2] run data modify entity @s {} merge value {transformation:[-2.315159536029735f,0.16098013453593937f,-0.3843146176459886f,-4.905571159779961f,0.03850646057255221f,2.2430763303711094f,0.7076028794062825f,1.5240279591677028f,0.4148850220793301f,0.6901231620042023f,-2.210243526410735f,1.443244211797663f,0f,0f,0f,1f],start_interpolation:0}
execute if entity @s[tag=aj.heiloang_aj.bone.wing_right_1] run data modify entity @s {} merge value {transformation:[-3.246717110498562f,0.5894460127801402f,-0.5464432041058425f,-2.771573250663301f,0.40509172345439054f,3.163992989883719f,1.006115216292567f,1.243499837575137f,0.6942243678268698f,0.9104507295204294f,-3.142666187989284f,1.0365362630645198f,0f,0f,0f,1f],start_interpolation:0}
execute if entity @s[tag=aj.heiloang_aj.bone.wing_right_0] run data modify entity @s {} merge value {transformation:[-2.1652743956795817f,0.3293052284631861f,-0.3626911329509318f,-0.7605023142858074f,0.20856769293775598f,2.1068831526596132f,0.6677895615399446f,1.054858610017824f,0.44326776205476975f,0.6172531470522432f,-2.0858840436556045f,0.6075207915572981f,0f,0f,0f,1f],start_interpolation:0}
execute if entity @s[tag=aj.heiloang_aj.bone.wing_left_2] run data modify entity @s {} merge value {transformation:[-2.223132700857593f,-0.4829775307479777f,0.5983224093172664f,3.790298476995611f,-0.2697163572106968f,2.20392231993793f,0.7768883450364091f,1.8568252804315266f,-0.7200764454914658f,0.6656088331693065f,-2.138230764014113f,2.149120606054524f,0f,0f,0f,1f],start_interpolation:0}
execute if entity @s[tag=aj.heiloang_aj.bone.wing_left_1] run data modify entity @s {} merge value {transformation:[-2.915947242788974f,-1.4002583434846319f,0.8507332259134199f,1.868232021290272f,-1.0989500344254084f,2.959614963195661f,1.1046297408474641f,1.1205167970639518f,-1.215228074069955f,0.6835017293540802f,-3.040273817744416f,1.399744321498822f,0f,0f,0f,1f],start_interpolation:0}
execute if entity @s[tag=aj.heiloang_aj.bone.wing_left_0] run data modify entity @s {} merge value {transformation:[-2.1240489514289043f,-0.31301383672271105f,0.5646577635647099f,-0.10287507826503425f,-0.11343653680940434f,2.092363284273556f,0.7331766763479773f,1.0208836894351374f,-0.6355691969018482f,0.6726352835260031f,-2.0179230835949697f,0.7924090396190075f,0f,0f,0f,1f],start_interpolation:0}
execute if entity @s[tag=aj.heiloang_aj.bone.kazari_right] run data modify entity @s {} merge value {transformation:[-2.5268820620598555f,0.7175875411396037f,0.08249456829149553f,-2.050362075974083f,0.13054601859219173f,0.7489113768548403f,-2.515742370594287f,4.192542687830252f,-0.7104188694186759f,-2.414760869936163f,-0.7557149988952754f,-2.3483130515857367f,0f,0f,0f,1f],start_interpolation:0}
execute if entity @s[tag=aj.heiloang_aj.bone.kazari_left] run data modify entity @s {} merge value {transformation:[-2.5268820620598555f,0.7175875411396037f,0.08249456829149553f,2.8283136971444067f,0.13054601859219173f,0.7489113768548403f,-2.515742370594287f,3.9404962200724247f,-0.7104188694186759f,-2.414760869936163f,-0.7557149988952754f,-0.976700431021325f,0f,0f,0f,1f],start_interpolation:0}
execute if entity @s[tag=aj.heiloang_aj.bone.ring] run data modify entity @s {} merge value {transformation:[-2.118098598553468f,-0.48634027861648005f,-0.36063519792874926f,-0.5138528537252441f,0.10942708533118173f,-1.598034098971098f,1.5123620655469974f,2.670688558007759f,-0.5954916671002088f,1.4362055694450229f,1.5606503524150883f,1.2922590753529075f,0f,0f,0f,1f],start_interpolation:0}
execute if entity @s[tag=aj.heiloang_aj.bone.body_0] run data modify entity @s {} merge value {transformation:[-1.0851000428241775f,-0.12644741082832198f,0.2832336937856358f,-0.26145821868160873f,0.056059399246136114f,0.9336092648545099f,0.6315722130300366f,1.3549309168596355f,-0.30506985553607885f,0.6213188946187853f,-0.8913739901806428f,0.1527364188130006f,0f,0f,0f,1f],start_interpolation:0}
execute if entity @s[tag=aj.heiloang_aj.bone.leg_right_3] run data modify entity @s {} merge value {transformation:[-0.8756350771958348f,-0.16917112079224905f,0.4523763294803772f,-0.6650241017666203f,0.13807217404722788f,0.8098764596562374f,0.570119456647947f,0.04612663670412609f,-0.4628166876184528f,0.5616771777316333f,-0.6857984118363869f,-0.8086795855382343f,0f,0f,0f,1f],start_interpolation:0}
execute if entity @s[tag=aj.heiloang_aj.bone.leg_right_2] run data modify entity @s {} merge value {transformation:[-0.9756608362478996f,0.04376212362523128f,-0.21487393780507508f,-0.6282714467601374f,0.08077714540627685f,0.9827040591944184f,-0.16663668510512897f,0.6516533929667937f,0.20386511568206683f,-0.179937790857348f,-0.9623208436011946f,-0.8727150468106959f,0f,0f,0f,1f],start_interpolation:0}
execute if entity @s[tag=aj.heiloang_aj.bone.leg_right_1] run data modify entity @s {} merge value {transformation:[-0.9838497799485114f,-0.025094631369416656f,-0.1772282990148539f,-0.5050979803751403f,-0.046063567409045186f,0.9922722489112266f,0.11521255052384188f,0.6448484633627314f,0.17296750634965424f,0.12151561017864965f,-0.9774027819840154f,-0.1739090628676559f,0f,0f,0f,1f],start_interpolation:0}
execute if entity @s[tag=aj.heiloang_aj.bone.leg_right_0] run data modify entity @s {} merge value {transformation:[-0.9213402272034206f,0.3622342009145808f,-0.1411331620297806f,-0.2167297244351431f,0.37335169876082047f,0.7232763518178866f,-0.5809301403210355f,1.1205902749357688f,-0.10835448661296332f,-0.5879266132680027f,-0.80162435257548f,-0.6535443557679302f,0f,0f,0f,1f],start_interpolation:0}
execute if entity @s[tag=aj.heiloang_aj.bone.leg_left_3] run data modify entity @s {} merge value {transformation:[-0.7662484601464024f,-0.504932069051313f,0.3973750155291944f,0.9767988331532094f,-0.19999161535074414f,0.7751373991331518f,0.5993040682779422f,0.08553640277969099f,-0.6106280792042464f,0.37974414822173697f,-0.6949300186196304f,-0.40887797452720065f,0f,0f,0f,1f],start_interpolation:0}
execute if entity @s[tag=aj.heiloang_aj.bone.leg_left_2] run data modify entity @s {} merge value {transformation:[-0.7662484601464024f,-0.25107670486584904f,0.591459031207551f,0.7961943458825194f,-0.19999161535074414f,0.9679652062631762f,0.15181143979715894f,0.6670756325715764f,-0.6106280792042464f,-0.001961565087803069f,-0.7919150845575166f,-0.3727103938624358f,0f,0f,0f,1f],start_interpolation:0}
execute if entity @s[tag=aj.heiloang_aj.bone.leg_left_1] run data modify entity @s {} merge value {transformation:[-0.8084183752101006f,-0.19951602026526727f,0.553762664216513f,0.3904653229033872f,-0.07923366488982994f,0.9691239719367868f,0.23349679519340694f,0.5750681402334711f,-0.5832510239774871f,0.144886454421989f,-0.799266012260147f,0.20215167163577114f,0f,0f,0f,1f],start_interpolation:0}
execute if entity @s[tag=aj.heiloang_aj.bone.leg_left_0] run data modify entity @s {} merge value {transformation:[-0.843635872937669f,0.02500319264277248f,0.5363332492493502f,0.4144371675652389f,-0.2986165468313206f,0.8083167518407792f,-0.5073974641758763f,1.1205902749357688f,-0.44621370648068953f,-0.588216685458038f,-0.6744586415025939f,-0.28913998076793024f,0f,0f,0f,1f],start_interpolation:0}
execute if entity @s[tag=aj.heiloang_aj.bone.tail_4] run data modify entity @s {} merge value {transformation:[-1.4487275590655302f,-0.1434822503493679f,-0.6045292938529827f,-0.5102098173782088f,-0.12171327080341368f,1.5695553879256694f,-0.08084632107592231f,-0.02601479807117618f,0.609285403568836f,-0.02762411547647342f,-1.4535689075271858f,-4.306820255377944f,0f,0f,0f,1f],start_interpolation:0}
execute if entity @s[tag=aj.heiloang_aj.bone.tail_3] run data modify entity @s {} merge value {transformation:[-0.8520223009361072f,-0.1916069568978423f,-0.48718043143776807f,0.14582007833574323f,-0.07257327944174052f,0.9648573172558002f,-0.25255390800581845f,0.2862952642947828f,0.5184506898622205f,-0.17982528022024258f,-0.835985496749255f,-3.1849826765482305f,0f,0f,0f,1f],start_interpolation:0}
execute if entity @s[tag=aj.heiloang_aj.bone.tail_2] run data modify entity @s {} merge value {transformation:[-0.9820082576007938f,-0.12012463741000524f,-0.14570467902908113f,0.25771216489003296f,-0.10246104241325546f,0.9870751452759908f,-0.12322496648800896f,0.40081427595908614f,0.15862382163925387f,-0.10607888133599748f,-0.9816240391020695f,-2.4183091150933187f,0f,0f,0f,1f],start_interpolation:0}
execute if entity @s[tag=aj.heiloang_aj.bone.tail_1] run data modify entity @s {} merge value {transformation:[-0.9898740255649681f,-0.010311678097399746f,-0.14157359501905806f,0.368175742923531f,0.01602722696913142f,0.9828611718698853f,-0.18364924401215438f,0.5609328168131197f,0.141040921393348f,-0.18405864860248072f,-0.9727434771650457f,-1.6612325913779045f,0f,0f,0f,1f],start_interpolation:0}
execute if entity @s[tag=aj.heiloang_aj.bone.tail_ring] run data modify entity @s {} merge value {transformation:[-0.9587776984283866f,0.232766400290304f,0.16298812193610784f,0.398817608361668f,0.12792234741056005f,0.8657380249821616f,-0.48387348050183343f,0.5182474334587241f,-0.25373450303287015f,-0.4430772788079751f,-0.8598263353577756f,-1.7985381262685616f,0f,0f,0f,1f],start_interpolation:0}
execute if entity @s[tag=aj.heiloang_aj.bone.tail_0] run data modify entity @s {} merge value {transformation:[-0.9587776984283866f,0.232766400290304f,0.16298812193610784f,0.16587985305655917f,0.12792234741056005f,0.8657380249821616f,-0.48387348050183343f,1.174607865524732f,-0.25373450303287015f,-0.4430772788079751f,-0.8598263353577756f,-0.58743483344602f,0f,0f,0f,1f],start_interpolation:0}
execute if entity @s[tag=aj.heiloang_aj.bone.body_1] run data modify entity @s {} merge value {transformation:[-0.8660254037844386f,0.05883746039830127f,0.49652608516962965f,-0.0018960387843347866f,0f,0.9930521703392593f,-0.11767492079660254f,1.2861245896814402f,-0.5f,-0.10190947079817954f,-0.8600084067970701f,-0.290739714492411f,0f,0f,0f,1f],start_interpolation:0}