execute if entity @s[tag=aj.heiloang_aj.bone.head_lower] run data modify entity @s {} merge value {transformation:[-0.7964074214569785f,-0.018972387232768822f,-0.07331621628900868f,-0.6486522365978019f,-0.05840908710909093f,0.6468519396832509f,0.4670877290949726f,-0.6256721959288362f,0.048203709310897055f,0.47034308398307056f,-0.6453323064576613f,2.3851335622963523f,0f,0f,0f,1f],start_interpolation:0}
execute if entity @s[tag=aj.heiloang_aj.bone.horne_right] run data modify entity @s {} merge value {transformation:[-0.5657148891357675f,-0.5614626297498345f,-0.06874866983809033f,-1.0240803707006518f,-0.5294053004602707f,0.4912881198779049f,0.3440436180361494f,-0.1470913146124248f,-0.19924028722795223f,0.2887831343088335f,-0.7189628705879667f,2.406370935455703f,0f,0f,0f,1f],start_interpolation:0}
execute if entity @s[tag=aj.heiloang_aj.bone.horne_left] run data modify entity @s {} merge value {transformation:[-0.6086313962794712f,0.5146274806677108f,-0.06874866983809033f,-0.3469747809779288f,0.44327790808166845f,0.5702093344512487f,0.3440436180361494f,-0.0974319087522757f,0.27031929207816735f,0.22365122634644574f,-0.7189628705879667f,2.365388141799578f,0f,0f,0f,1f],start_interpolation:0}
execute if entity @s[tag=aj.heiloang_aj.bone.head_upper] run data modify entity @s {} merge value {transformation:[-1.1665576807646458f,-0.046524524810150035f,-0.10070133286208878f,-0.6739489820646888f,-0.08555617057021868f,1.054457295806868f,0.5039464906089008f,-0.4116489422863503f,0.07060758830586925f,0.5090357475765892f,-1.053118838765489f,2.2372027688968115f,0f,0f,0f,1f],start_interpolation:0}
execute if entity @s[tag=aj.heiloang_aj.bone.neck_0] run data modify entity @s {} merge value {transformation:[-0.9586023997696613f,-0.2836431873030345f,0.025059558105085457f,-0.6437629962330728f,-0.2340676205912806f,0.8350459439151516f,0.49790623669681977f,-0.25342313385168896f,-0.16215359430670273f,0.47142848221912625f,-0.8668687317039347f,1.8353151497375775f,0f,0f,0f,1f],start_interpolation:0}
execute if entity @s[tag=aj.heiloang_aj.bone.neck_1] run data modify entity @s {} merge value {transformation:[-0.9586023997696613f,-0.2822942994481308f,-0.03730104093635373f,-0.660878587716156f,-0.2340676205912806f,0.7065990903287307f,0.6677799596703591f,-0.0012864339285940107f,-0.16215359430670273f,0.6488664377556442f,-0.7434235386424874f,1.5725396588349103f,0f,0f,0f,1f],start_interpolation:0}
execute if entity @s[tag=aj.heiloang_aj.bone.neck_2] run data modify entity @s {} merge value {transformation:[-0.9715897499305979f,-0.23388841900507784f,0.036187916285736366f,-0.6382095481010728f,-0.11236189784058785f,0.5904198942507565f,0.7992366060101268f,0.30645219694411885f,-0.20829825189727252f,0.7724639512159972f,-0.5999260640514877f,1.300799005137908f,0f,0f,0f,1f],start_interpolation:0}
execute if entity @s[tag=aj.heiloang_aj.bone.neck_3] run data modify entity @s {} merge value {transformation:[-0.9612602502130709f,-0.15256520272585122f,0.22957044730871656f,-0.5157122845283021f,0.04992099331509425f,0.7227253738073564f,0.6893300577237664f,0.6456788034827056f,-0.27108416734796337f,0.6740859685323799f,-0.6871109671960014f,0.9288952452785049f,0f,0f,0f,1f],start_interpolation:0}
execute if entity @s[tag=aj.heiloang_aj.bone.wing_right_2] run data modify entity @s {} merge value {transformation:[-0.5717523594641146f,2.224486229593278f,-0.508267901916015f,-4.092339410450928f,2.146206591076359f,0.7022057360657019f,0.6589995288145706f,3.0777020127521255f,0.7749016158123678f,-0.30355250766105524f,-2.2002180272020935f,1.954122728008438f,0f,0f,0f,1f],start_interpolation:0}
execute if entity @s[tag=aj.heiloang_aj.bone.wing_right_1] run data modify entity @s {} merge value {transformation:[-2.1907812892767287f,2.4218625582564197f,-0.7226879439776633f,-2.647000282037497f,2.2370590753928155f,2.303215524666659f,0.9370078511075158f,1.5988032709799742f,1.1761219361348692f,0.13037932639092967f,-3.128411289375521f,1.231690880604753f,0f,0f,0f,1f],start_interpolation:0}
execute if entity @s[tag=aj.heiloang_aj.bone.wing_right_0] run data modify entity @s {} merge value {transformation:[-2.032037049340923f,0.7544149720864097f,-0.47967017834934733f,-0.7607945920260115f,0.6111559715844964f,2.0415932003571498f,0.6219208813442894f,1.0353364818712703f,0.6524674769691154f,0.43721305349601447f,-2.0764226297529715f,0.6081691318189038f,0f,0f,0f,1f],start_interpolation:0}
execute if entity @s[tag=aj.heiloang_aj.bone.wing_left_2] run data modify entity @s {} merge value {transformation:[-0.24959651422914825f,-2.253768333409064f,0.6259439956802803f,2.5852654710745737f,-2.1836125768606234f,0.4501735366197284f,0.7501705855499801f,3.2893101749118516f,-0.8385187538640817f,-0.5014460016500502f,-2.1398631295408617f,2.3458032794320314f,0f,0f,0f,1f],start_interpolation:0}
execute if entity @s[tag=aj.heiloang_aj.bone.wing_left_1] run data modify entity @s {} merge value {transformation:[-1.2031482828548665f,-2.991243865259887f,0.8900073712663688f,1.7840018315412f,-2.818508716153721f,1.4510358285863145f,1.0666407145915278f,1.4277536116088092f,-1.3400229846270861f,-0.36629760523911875f,-3.042594819881083f,1.514756830509742f,0f,0f,0f,1f],start_interpolation:0}
execute if entity @s[tag=aj.heiloang_aj.bone.wing_left_0] run data modify entity @s {} merge value {transformation:[-2.034198246382939f,-0.6644405234323885f,0.5907252197371203f,-0.10332382183840289f,-0.4647074337737653f,2.052129755649945f,0.7079621931794768f,1.0011921448760286f,-0.7579475545233834f,0.5250545274511849f,-2.0194636039787977f,0.7935818920494719f,0f,0f,0f,1f],start_interpolation:0}
execute if entity @s[tag=aj.heiloang_aj.bone.kazari_right] run data modify entity @s {} merge value {transformation:[-2.526280854133095f,0.7202017554761846f,0.07800426915131957f,-2.0197240595580834f,0.13119698812394937f,0.7331800742990459f,-2.520338175228534f,4.14727095959329f,-0.7124342670759275f,-2.418806854342884f,-0.7407300486925846f,-2.4519446988620768f,0f,0f,0f,1f],start_interpolation:0}
execute if entity @s[tag=aj.heiloang_aj.bone.kazari_left] run data modify entity @s {} merge value {transformation:[-2.526280854133095f,0.7202017554761846f,0.07800426915131957f,2.8577909555689938f,0.13119698812394937f,0.7331800742990459f,-2.520338175228534f,3.8939676586293115f,-0.7124342670759275f,-2.418806854342884f,-0.7407300486925846f,-1.076440930439495f,0f,0f,0f,1f],start_interpolation:0}
execute if entity @s[tag=aj.heiloang_aj.bone.ring] run data modify entity @s {} merge value {transformation:[-2.11759465035334f,-0.49011994556257893f,-0.358471228330362f,-0.5113582491446218f,0.10997274500941494f,-1.5885405128798142f,1.5222914701457984f,2.6547240462354127f,-0.5971810261001586f,1.4454230396964403f,1.5514681254104743f,1.2834278390889815f,0f,0f,0f,1f],start_interpolation:0}
execute if entity @s[tag=aj.heiloang_aj.bone.body_0] run data modify entity @s {} merge value {transformation:[-1.0848418706059846f,-0.124945992990406f,0.2848841704156677f,-0.2609518915240659f,0.05633894021775218f,0.9375228458645382f,0.62572295245969f,1.3317415412512206f,-0.3059353126608995f,0.6157043026123598f,-0.8949660173153944f,0.15185943445088446f,0f,0f,0f,1f],start_interpolation:0}
execute if entity @s[tag=aj.heiloang_aj.bone.leg_right_3] run data modify entity @s {} merge value {transformation:[-0.8797173679560891f,-0.17740659732087016f,0.44116238704522565f,-0.6571411875408041f,0.1496856924107726f,0.7772987679528909f,0.6110653146975574f,0.0355906319037006f,-0.4513219981387111f,0.6036004676654483f,-0.6572479969008146f,-0.8651811803726029f,0f,0f,0f,1f],start_interpolation:0}
execute if entity @s[tag=aj.heiloang_aj.bone.leg_right_2] run data modify entity @s {} merge value {transformation:[-0.9807846916439502f,0.04173020691016032f,-0.19057801150215828f,-0.6227705335948845f,0.06809954702600281f,0.988640560368956f,-0.13398617125737117f,0.6431875058058385f,0.18282188143582462f,-0.14438986191762768f,-0.9724853353360521f,-0.9071174113914952f,0f,0f,0f,1f],start_interpolation:0}
execute if entity @s[tag=aj.heiloang_aj.bone.leg_right_1] run data modify entity @s {} merge value {transformation:[-0.9881917938050446f,-0.02792495251669938f,-0.15065581861749716f,-0.5185598526214032f,-0.05613815088171345f,0.9808657627905086f,0.1864158346304714f,0.5852831784124227f,0.14256748111666287f,0.19267213709390718f,-0.9708511528116535f,-0.20759254698496676f,0f,0f,0f,1f],start_interpolation:0}
execute if entity @s[tag=aj.heiloang_aj.bone.leg_right_0] run data modify entity @s {} merge value {transformation:[-0.9187112631208652f,0.37701962781621257f,-0.11758322693390016f,-0.21789749670244274f,0.37844603541044447f,0.7553207871810318f,-0.5350412196591428f,1.087344507477896f,-0.11290798597522317f,-0.5360473007986803f,-0.8366032978714988f,-0.6515217148692972f,0f,0f,0f,1f],start_interpolation:0}
execute if entity @s[tag=aj.heiloang_aj.bone.leg_left_3] run data modify entity @s {} merge value {transformation:[-0.7656020689762912f,-0.5116573131038609f,0.3899490555528502f,0.9804232152663237f,-0.19922409040034605f,0.7649294774227154f,0.6125297187679685f,0.08119492329193934f,-0.6116888373866054f,0.3912667741032317f,-0.6875660533355858f,-0.41795301377640204f,0f,0f,0f,1f],start_interpolation:0}
execute if entity @s[tag=aj.heiloang_aj.bone.leg_left_2] run data modify entity @s {} merge value {transformation:[-0.7656020689762912f,-0.26959227961540755f,0.5841005690384063f,0.7889049985877925f,-0.19922409040034605f,0.9626782383632452f,0.18319489945408943f,0.6580381086479954f,-0.6116888373866054f,0.023887489478953375f,-0.7907377277346869f,-0.3661199867671226f,0f,0f,0f,1f],start_interpolation:0}
execute if entity @s[tag=aj.heiloang_aj.bone.leg_left_1] run data modify entity @s {} merge value {transformation:[-0.8097430406412057f,-0.21572206841559335f,0.5456924017536187f,0.38765395627275917f,-0.07989427547040229f,0.9618422449119068f,0.2616799584413816f,0.5455971086041005f,-0.581320146631952f,0.16829582615537952f,-0.7960800223711709f,0.20825135272766854f,0f,0f,0f,1f],start_interpolation:0}
execute if entity @s[tag=aj.heiloang_aj.bone.leg_left_0] run data modify entity @s {} merge value {transformation:[-0.8457225065086462f,0.027672500942051564f,0.5329049396246435f,0.4132693952979392f,-0.2980924006646462f,0.8038082084325793f,-0.5148138350145568f,1.087344507477896f,-0.4425995511189779f,-0.594244559712598f,-0.6715497305496144f,-0.2871173398692972f,0f,0f,0f,1f],start_interpolation:0}
execute if entity @s[tag=aj.heiloang_aj.bone.tail_4] run data modify entity @s {} merge value {transformation:[-0.7961881036952588f,-0.07120181727780456f,-1.3586276783718787f,-0.9977568345375971f,-0.014977146546693857f,1.5745451378828064f,-0.07374047422283297f,-0.36464419266855674f,1.3604097001650428f,-0.024336673429776183f,-0.7959569948878553f,-3.864420692383064f,0f,0f,0f,1f],start_interpolation:0}
execute if entity @s[tag=aj.heiloang_aj.bone.tail_3] run data modify entity @s {} merge value {transformation:[-0.6682829631055512f,-0.1439251119400361f,-0.729851658473085f,-0.018685020865209234f,0.06956035048705994f,0.9647173905216745f,-0.25393249903304727f,-0.050488239453330724f,0.7406478507786154f,-0.22046750004955207f,-0.6346927150668414f,-3.0105139216336494f,0f,0f,0f,1f],start_interpolation:0}
execute if entity @s[tag=aj.heiloang_aj.bone.tail_2] run data modify entity @s {} merge value {transformation:[-0.9375903126402342f,0.025866378237967683f,-0.34677851161806206f,0.253315132462141f,0.1022801130619123f,0.9736315600246738f,-0.20391263765633216f,0.12696360443322813f,0.33236002183660796f,-0.22665505906723232f,-0.9155131348506141f,-2.297808124974777f,0f,0f,0f,1f],start_interpolation:0}
execute if entity @s[tag=aj.heiloang_aj.bone.tail_1] run data modify entity @s {} merge value {transformation:[-0.983396226768228f,0.12334157301590412f,-0.1331116732070263f,0.3594230765844021f,0.15950018887267642f,0.9373193899488683f,-0.3098258397478525f,0.3849181972967275f,0.0865537458900095f,-0.3259128987810145f,-0.9414293555443041f,-1.5675988781331769f,0f,0f,0f,1f],start_interpolation:0}
execute if entity @s[tag=aj.heiloang_aj.bone.tail_ring] run data modify entity @s {} merge value {transformation:[-0.9412584371221985f,0.29892674900957483f,0.15708390519987392f,0.391268425011445f,0.15068497318991023f,0.7880998542793186f,-0.5968187819930542f,0.3235937791639336f,-0.3022029010466848f,-0.5380905299403468f,-0.7868494062954386f,-1.6973639169744785f,0f,0f,0f,1f],start_interpolation:0}
execute if entity @s[tag=aj.heiloang_aj.bone.tail_0] run data modify entity @s {} merge value {transformation:[-0.9412584371221985f,0.29892674900957483f,0.15708390519987392f,0.16508329428543347f,0.15068497318991023f,0.7880998542793186f,-0.5968187819930542f,1.139481834397772f,-0.3022029010466848f,-0.5380905299403468f,-0.7868494062954386f,-0.5860551531832157f,0f,0f,0f,1f],start_interpolation:0}
execute if entity @s[tag=aj.heiloang_aj.bone.body_1] run data modify entity @s {} merge value {transformation:[-0.8660254037844386f,0.06577658021048056f,0.49565455863515895f,-0.0018960387843347866f,0f,0.9913091172703179f,-0.13155316042096113f,1.2557548633381925f,-0.5f,-0.11392837887268188f,-0.8584988785592225f,-0.290739714492411f,0f,0f,0f,1f],start_interpolation:0}