execute if entity @s[tag=aj.heiloang_aj.bone.head_lower] run data modify entity @s {} merge value {transformation:[-0.7782904075099459f,-0.06955514679913198f,-0.17154044167995405f,-0.6184865832400346f,-0.13541228925715637f,0.7194058305181905f,0.32267439150724175f,0.22402448063665065f,0.12620441155577233f,0.3429538344590766f,-0.7116565983209022f,2.6669706328082805f,0f,0f,0f,1f],start_interpolation:0}
execute if entity @s[tag=aj.heiloang_aj.bone.horne_right] run data modify entity @s {} merge value {transformation:[-0.5144877044944652f,-0.5905507190916608f,-0.16294861185152337f,-1.043865149300988f,-0.6067036930331382f,0.46166535609796644f,0.2424370595410064f,0.6593287770580736f,-0.08492956366288272f,0.2794905135407288f,-0.7447630643746859f,2.6665070497769583f,0f,0f,0f,1f],start_interpolation:0}
execute if entity @s[tag=aj.heiloang_aj.bone.horne_left] run data modify entity @s {} merge value {transformation:[-0.6331440533331333f,0.46106003689818137f,-0.16294861185152337f,-0.3821626448360321f,0.40703086904338126f,0.6446317893238747f,0.2424370595410064f,0.7744563053845079f,0.2710248685539401f,0.10896558433077587f,-0.7447630643746859f,2.559208059072241f,0f,0f,0f,1f],start_interpolation:0}
execute if entity @s[tag=aj.heiloang_aj.bone.head_upper] run data modify entity @s {} merge value {transformation:[-1.1400203316603812f,-0.12863186248921826f,-0.23868305292481518f,-0.6795790335599883f,-0.19834853599665125f,1.0989598623744279f,0.35511574388917766f,0.41404608396587006f,0.18486106693660645f,0.38587974453517737f,-1.0909103176194306f,2.4981840786967435f,0f,0f,0f,1f],start_interpolation:0}
execute if entity @s[tag=aj.heiloang_aj.bone.neck_0] run data modify entity @s {} merge value {transformation:[-0.9690588028281787f,-0.21259288984976124f,-0.12541650547892214f,-0.7184586731070769f,-0.24382857109977918f,0.745497266630873f,0.6203075473999466f,0.630558976204977f,-0.03837531207243998f,0.6316946165919293f,-0.7742669092710335f,2.1252621032758094f,0f,0f,0f,1f],start_interpolation:0}
execute if entity @s[tag=aj.heiloang_aj.bone.neck_1] run data modify entity @s {} merge value {transformation:[-0.9869109366352085f,-0.14749746064113356f,-0.0652020111210773f,-0.7440574281827989f,-0.1477432896206879f,0.6648902423932845f,0.7321836422252666f,0.9056413084511137f,-0.06464304697238032f,0.7322332037504289f,-0.6779792119257861f,1.8873729867453097f,0f,0f,0f,1f],start_interpolation:0}
execute if entity @s[tag=aj.heiloang_aj.bone.neck_2] run data modify entity @s {} merge value {transformation:[-0.9872164113300803f,-0.12113536281746079f,0.10358562195420609f,-0.697547896751319f,-0.04984140664462823f,0.8519380782859438f,0.5212651388210592f,1.0907017860530452f,-0.15139217742090363f,0.509438646592046f,-0.8470848091981241f,1.523162311069918f,0f,0f,0f,1f],start_interpolation:0}
execute if entity @s[tag=aj.heiloang_aj.bone.neck_3] run data modify entity @s {} merge value {transformation:[-0.9584836653738024f,-0.020042693087457413f,0.2844421798281731f,-0.5498637098237603f,0.06751040992359274f,0.9532156654760506f,0.294656137969326f,1.220103028593087f,-0.2770404442740252f,0.3016259033054888f,-0.9122885545109063f,1.0437487358296023f,0f,0f,0f,1f],start_interpolation:0}
execute if entity @s[tag=aj.heiloang_aj.bone.wing_right_2] run data modify entity @s {} merge value {transformation:[-2.267349854406189f,-0.2518099198090175f,-0.5738400546589743f,-4.448084137972468f,-0.3479944462928656f,2.2973637943328913f,0.3668725502933014f,-0.4948543385618154f,0.5211530575508124f,0.4385058347333196f,-2.251596795572263f,1.2177952449302758f,0f,0f,0f,1f],start_interpolation:0}
execute if entity @s[tag=aj.heiloang_aj.bone.wing_right_1] run data modify entity @s {} merge value {transformation:[-2.9632312587796688f,-1.319374671004773f,-0.8159226418001293f,-2.4955896013044683f,-1.4626373235838532f,2.9623975868458032f,0.521642952611865f,0.4548242754027447f,0.5168861959372857f,0.8189443130403977f,-3.2014649217956888f,0.9280883704153324f,0f,0f,0f,1f],start_interpolation:0}
execute if entity @s[tag=aj.heiloang_aj.bone.wing_right_0] run data modify entity @s {} merge value {transformation:[-1.8610147816987643f,-1.0824714443931025f,-0.5415529100394612f,-0.7689522454804034f,-1.176946398767449f,1.8502220552396749f,0.346230444549587f,1.5523082695656811f,0.2825263823557573f,0.5773507758531049f,-2.124910568681606f,0.6482698172452644f,0f,0f,0f,1f],start_interpolation:0}
execute if entity @s[tag=aj.heiloang_aj.bone.wing_left_2] run data modify entity @s {} merge value {transformation:[-2.0667366549146826f,0.7821824353360357f,0.8064528773616361f,3.5362291368271666f,0.917675838041008f,2.1494543842803093f,0.26700732666894544f,-0.2970981019475414f,-0.6481100692234365f,0.5491925837727158f,-2.193608180697102f,1.9245131782604998f,0f,0f,0f,1f],start_interpolation:0}
execute if entity @s[tag=aj.heiloang_aj.bone.wing_left_1] run data modify entity @s {} merge value {transformation:[-3.029110035174414f,0.8347856760102198f,1.1466664915457403f,1.5355705643368904f,1.0156988926898363f,3.164086250978125f,0.37964816430457426f,0.3621222096143044f,-0.989983296371357f,0.692033123773243f,-3.1190129851294865f,1.3238066643731243f,0f,0f,0f,1f],start_interpolation:0}
execute if entity @s[tag=aj.heiloang_aj.bone.wing_left_0] run data modify entity @s {} merge value {transformation:[-1.7793844536149204f,1.0876357900189724f,0.7610777585131068f,-0.11338056908384728f,1.2277810339492832f,1.8323366841354713f,0.25198414363974214f,1.5061333432662662f,-0.5047223978663504f,0.6228889662220954f,-2.070184686652573f,0.8377564773142588f,0f,0f,0f,1f],start_interpolation:0}
execute if entity @s[tag=aj.heiloang_aj.bone.kazari_right] run data modify entity @s {} merge value {transformation:[-2.5189837323414f,0.7385000474846203f,-0.12731388227862134f,-1.886765965189117f,0.17742360199211965f,0.15392490389281396f,-2.6175748657820623f,4.126728525505023f,-0.7280879137932336f,-2.5174977641267238f,-0.19739094700977425f,-2.7802973344695525f,0f,0f,0f,1f],start_interpolation:0}
execute if entity @s[tag=aj.heiloang_aj.bone.kazari_left] run data modify entity @s {} merge value {transformation:[-2.5189837323414f,0.7385000474846203f,-0.12731388227862134f,2.9766604259245306f,0.17742360199211965f,0.15392490389281396f,-2.6175748657820623f,3.784175051555882f,-0.7280879137932336f,-2.5174977641267238f,-0.19739094700977425f,-1.374570918085941f,0f,0f,0f,1f],start_interpolation:0}
execute if entity @s[tag=aj.heiloang_aj.bone.ring] run data modify entity @s {} merge value {transformation:[-2.1114780121166254f,-0.5894546564323533f,-0.21709467552721937f,-0.3855542336222725f,0.1487211011437047f,-1.2087977948506834f,1.8356514405035496f,3.2522471922950134f,-0.6103023219738366f,1.7447857705054708f,1.1984072665913716f,0.9704848355240503f,0f,0f,0f,1f],start_interpolation:0}
execute if entity @s[tag=aj.heiloang_aj.bone.body_0] run data modify entity @s {} merge value {transformation:[-1.081708322235228f,-0.04322130696944361f,0.3188908906955088f,-0.25460524222992925f,0.07618968887005717f,1.0521450195598043f,0.40104658714799796f,1.7069254642243405f,-0.31265734095748615f,0.4059250575870207f,-1.0055459267015319f,0.14086671541561857f,0f,0f,0f,1f],start_interpolation:0}
execute if entity @s[tag=aj.heiloang_aj.bone.leg_right_3] run data modify entity @s {} merge value {transformation:[-0.880830416561298f,0.0306991742412404f,0.47243553841911246f,-0.7859457559213213f,0.24838997507176092f,0.8794878989290349f,0.40595991910685214f,0.24187164292870544f,-0.403038704772011f,0.47493009626501664f,-0.7823050594987876f,-0.6964879966641532f,0f,0f,0f,1f],start_interpolation:0}
execute if entity @s[tag=aj.heiloang_aj.bone.leg_right_2] run data modify entity @s {} merge value {transformation:[-0.9637743050258931f,0.1572346503783164f,-0.21544454899640808f,-0.6801539631423634f,0.18724304177142567f,0.9741086449385006f,-0.1266980314143132f,0.840286596709773f,0.18994507700922697f,-0.1624487998616387f,-0.9682619765040201f,-0.7496066390809857f,0f,0f,0f,1f],start_interpolation:0}
execute if entity @s[tag=aj.heiloang_aj.bone.leg_right_1] run data modify entity @s {} merge value {transformation:[-0.9793098346370026f,0.02893985488406285f,-0.20028662607008055f,-0.5366533742910313f,0.05742737708893146f,0.9887766835338191f,-0.13792304542949863f,1.011839000426976f,0.19404727296185462f,-0.14657133041339027f,-0.9699806704037539f,-0.07616386730228197f,0f,0f,0f,1f],start_interpolation:0}
execute if entity @s[tag=aj.heiloang_aj.bone.leg_right_0] run data modify entity @s {} merge value {transformation:[-0.8948985958456481f,0.3963261202834747f,-0.20513924425749513f,-0.22864908482614493f,0.4187999967442332f,0.5870444825104187f,-0.69280974176256f,1.3788749942945562f,-0.15415273555963177f,-0.7059067799186544f,-0.6913266609818824f,-0.6328994179769909f,0f,0f,0f,1f],start_interpolation:0}
execute if entity @s[tag=aj.heiloang_aj.bone.leg_left_3] run data modify entity @s {} merge value {transformation:[-0.8031745563187945f,-0.43894809711759636f,0.4027843096732401f,0.904763689907226f,-0.203493812064644f,0.8375790510766306f,0.507002565722276f,0.18099191999560726f,-0.5599115113422003f,0.3252474461612458f,-0.7620454043113707f,-0.3094503812991025f,0f,0f,0f,1f],start_interpolation:0}
execute if entity @s[tag=aj.heiloang_aj.bone.leg_left_2] run data modify entity @s {} merge value {transformation:[-0.8031745563187945f,-0.15718805022108495f,0.5746325338421077f,0.7820546474607109f,-0.203493812064644f,0.9789347497876182f,-0.01664404126566063f,0.777149963217782f,-0.5599115113422003f,-0.13030223530679458f,-0.8182422788762175f,-0.35009553972858565f,0f,0f,0f,1f],start_interpolation:0}
execute if entity @s[tag=aj.heiloang_aj.bone.leg_left_1] run data modify entity @s {} merge value {transformation:[-0.8286833094615702f,-0.06921029964367159f,0.55542227812994f,0.3849369294017294f,-0.07530769611690068f,0.9970894825267949f,0.011887587644816844f,0.8436157397844473f,-0.5546284553873737f,-0.03197652666694478f,-0.831483480423354f,0.23422255140999082f,0f,0f,0f,1f],start_interpolation:0}
execute if entity @s[tag=aj.heiloang_aj.bone.leg_left_0] run data modify entity @s {} merge value {transformation:[-0.8633257596655903f,0.02018915686047343f,0.5042430273619006f,0.4025178071742371f,-0.29126298612119117f,0.796041668177941f,-0.5305502195270942f,1.3788749942945562f,-0.4121098222726536f,-0.604905001194191f,-0.681362923790734f,-0.2684950429769909f,0f,0f,0f,1f],start_interpolation:0}
execute if entity @s[tag=aj.heiloang_aj.bone.tail_4] run data modify entity @s {} merge value {transformation:[-1.554309416978018f,-0.15986594636446305f,0.2083734128292813f,-0.08537642814821678f,-0.07414825909103971f,1.4669002639599245f,0.5723285900212801f,1.3719997400463901f,-0.25194966889221215f,0.5545275993807458f,-1.4539170779510795f,-4.60266326491118f,0f,0f,0f,1f],start_interpolation:0}
execute if entity @s[tag=aj.heiloang_aj.bone.tail_3] run data modify entity @s {} merge value {transformation:[-0.9709811765912513f,-0.17786710298945005f,-0.15987134946452866f,0.13290518495624684f,-0.19410277015721594f,0.9766268183227946f,0.0923264444782233f,1.2231321058030258f,0.13971281015985648f,0.12067871148978943f,-0.9828107545557282f,-3.2924633117531528f,0f,0f,0f,1f],start_interpolation:0}
execute if entity @s[tag=aj.heiloang_aj.bone.tail_2] run data modify entity @s {} merge value {transformation:[-0.9642433478334792f,-0.24746125368904612f,0.09485617576905322f,0.05411168222417931f,-0.2253289724230634f,0.9539334771637916f,0.1980852728825756f,1.0854597017637515f,-0.13950491154669153f,0.1696285620667807f,-0.9755841996391218f,-2.52548176960676f,0f,0f,0f,1f],start_interpolation:0}
execute if entity @s[tag=aj.heiloang_aj.bone.tail_1] run data modify entity @s {} merge value {transformation:[-0.956901164657864f,-0.14973357413394767f,-0.24883733211376657f,0.24604566733428407f,-0.17034192748530302f,0.9833474620183948f,0.06333558780475063f,1.0525713597925768f,0.23521009505762108f,0.10299332851721565f,-0.9664722372959968f,-1.7684581806213544f,0f,0f,0f,1f],start_interpolation:0}
execute if entity @s[tag=aj.heiloang_aj.bone.tail_ring] run data modify entity @s {} merge value {transformation:[-0.9812946190611985f,0.17842417173542163f,0.07228890331209947f,0.2619679505933817f,0.15141932172443812f,0.947236115508458f,-0.2825171330821521f,1.0413500570126681f,-0.11888254543896848f,-0.26628660577839075f,-0.9565345701923038f,-1.9141782514454817f,0f,0f,0f,1f],start_interpolation:0}
execute if entity @s[tag=aj.heiloang_aj.bone.tail_0] run data modify entity @s {} merge value {transformation:[-0.9812946190611985f,0.17842417173542163f,0.07228890331209947f,0.15695586436613343f,0.15141932172443812f,0.947236115508458f,-0.2825171330821521f,1.4145942561400684f,-0.11888254543896848f,-0.26628660577839075f,-0.9565345701923038f,-0.5719780316280325f,0f,0f,0f,1f],start_interpolation:0}
execute if entity @s[tag=aj.heiloang_aj.bone.body_1] run data modify entity @s {} merge value {transformation:[-0.8660254037844386f,0.1243163662271248f,0.4842989170833272f,-0.0018960387843347866f,0f,0.9685978341666543f,-0.2486327324542496f,1.5704268749999999f,-0.5f,-0.2153222625177198f,-0.8388303304389095f,-0.290739714492411f,0f,0f,0f,1f],start_interpolation:0}