# This file was generated by Animated Java via MC-Build. It is not recommended to edit this file directly.
$data merge entity $(bone_head) { transformation: [-0.8783249514165458f,-0.14992983700702658f,0.45394528711527476f,0f,0f,0.9495490062472974f,0.31361869321641184f,1.7311582512697463f,-0.4780640958272466f,0.27545912348262547f,-0.8340125847797868f,0f,0f,0f,0f,1f], start_interpolation: 0, interpolation_duration: 1 }
$data merge entity $(bone_bust) { transformation: [-0.47955429393424664f,0.43875610513394175f,0.7599478662230192f,-0.06307119011300416f,0f,0.8660254037844387f,-0.49999999999999994f,1.6217832512697463f,-0.8775122102678836f,-0.2397771469671233f,-0.4153062010409674f,0.03446796487652404f,0f,0f,0f,1f], start_interpolation: 0, interpolation_duration: 1 }
$data merge entity $(bone_left_wing) { transformation: [-0.778859781461342f,0f,0.6271980873870636f,0.13966116965437586f,0f,1f,0f,1.5124082512697463f,-0.6271980873870636f,0f,-0.778859781461342f,-0.005099773600037993f,0f,0f,0f,1f], start_interpolation: 0, interpolation_duration: 1 }
$data merge entity $(bone_right_wing) { transformation: [-0.10724101232616196f,0f,0.9942330538034129f,0.07971688291259499f,0f,1f,0f,1.5124082512697463f,-0.9942330538034129f,0f,-0.10724101232616196f,-0.11478879988352353f,0f,0f,0f,1f], start_interpolation: 0, interpolation_duration: 1 }
$data merge entity $(bone_body) { transformation: [-0.47955429393424664f,0f,0.8775122102678836f,-0.1989789581668185f,0f,1f,0f,0.4499082512697463f,-0.8775122102678836f,0f,-0.47955429393424664f,0.6785332521010652f,0f,0f,0f,1f], start_interpolation: 0, interpolation_duration: 1 }
$data merge entity $(bone_right_ring) { transformation: [-0.9183982590518254f,-0.011532279069963944f,0.3954891203434411f,-0.17282270508808753f,0.39391761991930263f,0.06697965369094032f,0.9167020424917541f,1.5684920188102494f,-0.03706138809715912f,0.9976876928833465f,-0.0569712294181684f,-0.8039672874245318f,0f,0f,0f,1f], start_interpolation: 0, interpolation_duration: 1 }
$data merge entity $(bone_sword) { transformation: [-0.27442004818369914f,-0.9452605921447428f,-0.17656740948721666f,-0.16385157108653114f,0.9592329899023229f,-0.2819898520544436f,0.01880942373820707f,1.5881063245800369f,-0.0675700246996156f,-0.16420760115318417f,0.9841088128279365f,-1.0244373837843226f,0f,0f,0f,1f], start_interpolation: 0, interpolation_duration: 1 }
$data merge entity $(bone_right_hand) { transformation: [-0.27442004818369914f,-0.011532279069963944f,0.9615407654875111f,-0.08448017692831522f,0.9592329899023229f,0.06697965369094032f,0.27456474113493184f,1.6046980341808585f,-0.0675700246996156f,0.9976876928833465f,-0.007318417260525879f,-0.6487646870296833f,0f,0f,0f,1f], start_interpolation: 0, interpolation_duration: 1 }
$data merge entity $(bone_right_arm) { transformation: [-0.27442004818369914f,0.02834947695829315f,0.9611919393706169f,-0.1648467885398973f,0.9592329899023229f,0.07830731318236228f,0.2715511660538578f,1.6061582512697463f,-0.0675700246996156f,0.9965261019453284f,-0.048682850201510475f,-0.301644822279585f,0f,0f,0f,1f], start_interpolation: 0, interpolation_duration: 1 }
$data merge entity $(bone_left_ring) { transformation: [-0.8063427807021539f,-0.5266862283295489f,0.2690965196681526f,0.5184662998297358f,-0.42828353478691084f,0.2061751700237777f,-0.8798096459439937f,1.5106438384403118f,0.40790260337480966f,-0.8246777650413892f,-0.39181889950127735f,0.6115923211083959f,0f,0f,0f,1f], start_interpolation: 0, interpolation_duration: 1 }
$data merge entity $(bone_left_hand) { transformation: [-0.3014673534219082f,-0.5266862283295489f,0.7948075563988963f,0.5106847850656403f,-0.9523869436797101f,0.2061751700237777f,-0.22461279744058943f,1.5218012589964718f,-0.04556911595819263f,-0.8246777650413892f,-0.5637641701253532f,0.42988352937142693f,0f,0f,0f,1f], start_interpolation: 0, interpolation_duration: 1 }
$data merge entity $(bone_left_arm) { transformation: [-0.3014673534219082f,-0.7880476908912042f,0.5367478660431093f,0.1648467885398973f,-0.9523869436797101f,0.2757820970831708f,-0.13001286258224395f,1.6374082512697463f,-0.04556911595819263f,-0.5503862932608786f,-0.8336656307305341f,0.301644822279585f,0f,0f,0f,1f], start_interpolation: 0, interpolation_duration: 1 }
$data merge entity $(bone_leftfoot) { transformation: [-0.4921522523341683f,0.2033140576373503f,0.8464334318122375f,-0.1547627242645976f,0.0018779942051059956f,0.9725886751071056f,-0.2325247130762035f,0.6041491383539899f,-0.8705071129291082f,-0.11284796418385847f,-0.47904352967072616f,0.21033626783583692f,0f,0f,0f,1f], start_interpolation: 0, interpolation_duration: 1 }
$data merge entity $(bone_leftleg) { transformation: [-0.4806286817513639f,0.2746719592571979f,0.8327973253293737f,0.07913986634139078f,0.043619320929226706f,0.9559925829903971f,-0.29013020544062934f,0.9499082512697463f,-0.8758386981171931f,-0.10311884437463852f,-0.4714584592678551f,0.09919877610367381f,0f,0f,0f,1f], start_interpolation: 0, interpolation_duration: 1 }
$data merge entity $(bone_rightfoot) { transformation: [-0.43826106793131736f,0.13836846220329807f,0.8881336639285755f,-0.375411775781409f,0.31885394173121784f,0.9477543755380617f,0.009685426729052204f,0.6712673275755778f,-0.8403924084486762f,0.28742966498946f,-0.4594831743446983f,-0.0674370625182115f,0f,0f,0f,1f], start_interpolation: 0, interpolation_duration: 1 }
$data merge entity $(bone_rightleg) { transformation: [-0.46020614129339893f,0.4930619247072111f,0.738309044993938f,-0.04074870714217088f,0.2811839625590729f,0.8697417889317964f,-0.40556725679632505f,0.9499082512697463f,-0.8421080018117737f,0.020956120579414622f,-0.5389016183820967f,-0.1201792764632971f,0f,0f,0f,1f], start_interpolation: 0, interpolation_duration: 1 }
$data merge entity $(bone_skirt_right_back) { transformation: [-0.14471645024815427f,0.39440281741369115f,0.9074709728931919f,0.06783529274861524f,0.6552093798500556f,0.7254401916324266f,-0.21080132096553325f,0.9435430846140633f,-0.7414565513798359f,0.5640770745035212f,-0.3633995548091249f,-0.232100095045198f,0f,0f,0f,1f], start_interpolation: 0, interpolation_duration: 1 }
$data merge entity $(bone_skirt_right) { transformation: [-0.14471645024815427f,0.39905013074996687f,0.9054369896221426f,-0.21628188282474012f,0.6552093798500556f,0.7243499039567253f,-0.2145177969176184f,0.9790796391201624f,-0.7414565513798359f,0.5622065543786532f,-0.3662867355359782f,-0.18739037755498983f,0f,0f,0f,1f], start_interpolation: 0, interpolation_duration: 1 }
$data merge entity $(bone_skirt_left_back) { transformation: [-0.5364385225637064f,0.15492460400405633f,0.8295975401264486f,0.2360164742969268f,-0.23519401381087082f,0.9166178280024253f,-0.32325768862572807f,0.9362397532704458f,-0.8105044647484676f,-0.36852425220370866f,-0.45527177395540086f,0.050265805812701375f,0f,0f,0f,1f], start_interpolation: 0, interpolation_duration: 1 }
$data merge entity $(bone_skirt_left) { transformation: [-0.5364385225637064f,0.16048122331171885f,0.828540577445693f,0.009723064263459036f,-0.23519401381087082f,0.9144307149056612f,-0.32939375146570904f,0.9790796391201624f,-0.8105044647484676f,-0.37156728139261086f,-0.45279163863890487f,0.22616467379032118f,0f,0f,0f,1f], start_interpolation: 0, interpolation_duration: 1 }
$data merge entity $(bone_skirt_back_middle) { transformation: [-0.47955429393424664f,0.21573505822456082f,0.850579839769361f,0.11162228955537953f,0f,0.9693082669581307f,-0.24584849726330538f,0.9660367964856515f,-0.8775122102678836f,-0.1178977025199f,-0.46483594156573455f,-0.061000801617008785f,0f,0f,0f,1f], start_interpolation: 0, interpolation_duration: 1 }
$data merge entity $(bone_skirt_front_middle) { transformation: [-0.47955429393424664f,0.36015919707226673f,0.8001956210411844f,-0.14729664089639952f,0f,0.9118911528272678f,-0.41043212032607357f,1.0689723438186856f,-0.8775122102678836f,-0.196824485670906f,-0.4373013179389666f,0.08049658545764898f,0f,0f,0f,1f], start_interpolation: 0, interpolation_duration: 1 }
$data merge entity $(bone_lower) { transformation: [-0.47955429393424664f,0f,0.8775122102678836f,0f,0f,1f,0f,1.0436582512697463f,-0.8775122102678836f,0f,-0.47955429393424664f,0f,0f,0f,0f,1f], start_interpolation: 0, interpolation_duration: 1 }
data modify entity @s data merge value {"locators":{"locator_right_hand":{"posx":-0.16957925159966017,"posy":1.5496539912096723,"posz":-1.084566951047973,"roty":89.56392246673299,"rotx":15.936077263213589},"locator_left_hand":{"posx":0.6665968015474214,"posy":1.4526570718711243,"posz":0.8435329425262865,"roty":54.65157823078248,"rotx":-12.980110311831933}},"cameras":{}}