# This file was generated by Animated Java via MC-Build. It is not recommended to edit this file directly.
$data merge entity $(bone_head) { transformation: [-0.973389790589902f,-0.05630102125357159f,0.2221317414984894f,0f,0f,0.9693487102845179f,0.24568898605705117f,1.7379831316027383f,-0.22915565796058107f,0.23915115068831835f,-0.9435541381124384f,0f,0f,0f,0f,1f], start_interpolation: 0, interpolation_duration: 1 }
$data merge entity $(bone_bust) { transformation: [-0.636487140509347f,0.38564365675006074f,0.6679544071077578f,-0.05543627565782128f,0f,0.8660254037844387f,-0.49999999999999994f,1.6286081316027383f,-0.7712873135001216f,-0.3182435702546734f,-0.55121403286321f,0.045747513224109304f,0f,0f,0f,1f], start_interpolation: 0, interpolation_duration: 1 }
$data merge entity $(bone_left_wing) { transformation: [-0.8831963182930966f,0f,0.4690034790420205f,0.13619136046934938f,0f,1f,0f,1.5192331316027383f,-0.4690034790420205f,0f,-0.8831963182930966f,-0.03135543546991082f,0f,0f,0f,1f], start_interpolation: 0, interpolation_duration: 1 }
$data merge entity $(bone_right_wing) { transformation: [-0.2928785653533456f,0f,0.9561496462147365f,0.05663046790568099f,0f,1f,0f,1.5192331316027383f,-0.9561496462147365f,0f,-0.2928785653533456f,-0.12776634965742595f,0f,0f,0f,1f], start_interpolation: 0, interpolation_duration: 1 }
$data merge entity $(bone_body) { transformation: [-0.636487140509347f,0f,0.7712873135001216f,-0.06740008649538731f,0f,1f,0f,0.4567331316027383f,-0.7712873135001216f,0f,-0.636487140509347f,0.7038872270047343f,0f,0f,0f,1f], start_interpolation: 0, interpolation_duration: 1 }
$data merge entity $(bone_right_ring) { transformation: [0.02979995264271018f,0.2838123515306638f,0.9584166692734046f,-0.3503393579036683f,0.9663189183349352f,0.23702470977922444f,-0.10023489922215256f,1.4985726066833516f,-0.255616335335778f,0.9291231544164147f,-0.26718991941463255f,-0.7305560604303895f,0f,0f,0f,1f], start_interpolation: 0, interpolation_duration: 1 }
$data merge entity $(bone_sword) { transformation: [-0.3741364845469159f,-0.9043493040118747f,0.20536364640342994f,-0.410320116128947f,0.9195384849731786f,-0.33304002106171904f,0.20864639710390664f,1.4803571179678379f,-0.12029491088199351f,0.26690200580821305f,0.9561864115910901f,-0.9430243409773352f,0f,0f,0f,1f], start_interpolation: 0, interpolation_duration: 1 }
$data merge entity $(bone_right_hand) { transformation: [-0.3741364845469159f,0.2838123515306638f,0.8828773641052929f,-0.2232239250921309f,0.9195384849731786f,0.23702470977922444f,0.31347768916990854f,1.5649962509460342f,-0.12029491088199351f,0.9291231544164147f,-0.3496559714107339f,-0.618160814872581f,0f,0f,0f,1f], start_interpolation: 0, interpolation_duration: 1 }
$data merge entity $(bone_right_arm) { transformation: [-0.3741364845469159f,0.2559852632283779f,0.8913436127222617f,-0.21879245455008803f,0.9195384849731786f,0.22707730350033628f,0.3207567191630559f,1.6129831316027383f,-0.12029491088199351f,0.9396315465356162f,-0.3203462051764919f,-0.26513001401566677f,0f,0f,0f,1f], start_interpolation: 0, interpolation_duration: 1 }
$data merge entity $(bone_left_ring) { transformation: [-0.01880112895879038f,-0.6236511726586285f,0.7814766358576513f,0.6052591174059546f,-0.9043090390762262f,0.34399671001674853f,0.2527675322162344f,1.4631626940112552f,-0.42646415956667105f,-0.701944070663162f,-0.5704409191721107f,0.4997370094070443f,0f,0f,0f,1f], start_interpolation: 0, interpolation_duration: 1 }
$data merge entity $(bone_left_hand) { transformation: [-0.3442060892876001f,-0.6236511726586285f,0.7018414229288934f,0.5736112550776277f,-0.9270743392926033f,0.34399671001674853f,-0.1489947412589979f,1.502943922958341f,-0.1485103953348698f,-0.701944070663162f,-0.6965767611242212f,0.3247541770105295f,0f,0f,0f,1f], start_interpolation: 0, interpolation_duration: 1 }
$data merge entity $(bone_left_arm) { transformation: [-0.3442060892876001f,-0.842676865482975f,0.41402641036185645f,0.21879245455008803f,-0.9270743392926033f,0.374794111337832f,-0.007908446855575207f,1.6442331316027383f,-0.1485103953348698f,-0.3865553964004026f,-0.910230513656408f,0.26513001401566677f,0f,0f,0f,1f], start_interpolation: 0, interpolation_duration: 1 }
$data merge entity $(bone_leftfoot) { transformation: [-0.6475996207919863f,0.18200148185318005f,0.7399258015188566f,-0.11281121072428354f,0.0019028594720678985f,0.9714389604627643f,-0.23728195300286453f,0.611480514569432f,-0.7619784185105936f,-0.15225572796538947f,-0.6294498256619221f,0.23620471042742566f,0f,0f,0f,1f], start_interpolation: 0, interpolation_duration: 1 }
$data merge entity $(bone_leftleg) { transformation: [-0.637226526909666f,0.2517135842862856f,0.7284110274346455f,0.09643280254648354f,0.0436193209292267f,0.9554225321835471f,-0.2920019517702786f,0.9567331316027383f,-0.769441166200716f,-0.1542985952033589f,-0.6198001575297897f,0.08248775798887323f,0f,0f,0f,1f], start_interpolation: 0, interpolation_duration: 1 }
$data merge entity $(bone_rightfoot) { transformation: [-0.6057541036728448f,0.13303015294751863f,0.784452002540798f,-0.36387292478396877f,0.22556750276095194f,0.9741861776849678f,0.00897735516396514f,0.6683402415659505f,-0.7630080390020123f,0.18238494897965626f,-0.6201245542663117f,0.025826309075782955f,0f,0f,0f,1f], start_interpolation: 0, interpolation_duration: 1 }
$data merge entity $(bone_rightleg) { transformation: [-0.6252704163587234f,0.43377944856516015f,0.6487467120757486f,-0.0626889825808532f,0.18690948607134455f,0.8903360512453863f,-0.41517051902720487f,0.9567331316027383f,-0.7576950246920818f,-0.138336928747455f,-0.6377782872610097f,-0.11033407038615717f,0f,0f,0f,1f], start_interpolation: 0, interpolation_duration: 1 }
$data merge entity $(bone_skirt_right_back) { transformation: [-0.36377260272526346f,0.4614347351598879f,0.8091646795890263f,0.0167294395746706f,0.5939329744613809f,0.7840910769790024f,-0.1801244149174798f,0.9578682253030405f,-0.7175744667656062f,0.4150652577485038f,-0.5592921566196185f,-0.2590722418468837f,0f,0f,0f,1f], start_interpolation: 0, interpolation_duration: 1 }
$data merge entity $(bone_skirt_right) { transformation: [-0.36377260272526346f,0.48754736888840033f,0.7937046406544979f,-0.24833959500009645f,0.5939329744613809f,0.7778076662584038f,-0.20556958957275723f,0.9856320986811464f,-0.7175744667656062f,0.3966267734276814f,-0.5725155781691904f,-0.1452656109124542f,0f,0f,0f,1f], start_interpolation: 0, interpolation_duration: 1 }
$data merge entity $(bone_skirt_left_back) { transformation: [-0.6687196739516434f,0.05514883211987834f,0.7414665224983668f,0.2447913924623681f,-0.20570498986599764f,0.9445962194127918f,-0.2557800606288353f,0.9577561276236904f,-0.7144924455963388f,-0.3235685222435494f,-0.620325685909336f,0.004390216163809552f,0f,0f,0f,1f], start_interpolation: 0, interpolation_duration: 1 }
$data merge entity $(bone_skirt_left) { transformation: [-0.6687196739516434f,0.07763892374461143f,0.7394499274391647f,0.05286615744705367f,-0.20570498986599764f,0.9363935402507996f,-0.28434590716379904f,0.9856320986811464f,-0.7144924455963388f,-0.34225624215834605f,-0.6102140689048476f,0.21973182710308015f,0f,0f,0f,1f], start_interpolation: 0, interpolation_duration: 1 }
$data merge entity $(bone_skirt_back_middle) { transformation: [-0.636487140509347f,0.15403053333108763f,0.7557504315367445f,0.09904140308597992f,0f,0.9798559088274507f,-0.1997057784239872f,0.983351541227705f,-0.7712873135001216f,-0.12711015985227686f,-0.6236656855207715f,-0.08173164310995638f,0f,0f,0f,1f], start_interpolation: 0, interpolation_duration: 1 }
$data merge entity $(bone_skirt_front_middle) { transformation: [-0.636487140509347f,0.2829251486324123f,0.7175217629016992f,-0.13203669923875905f,0f,0.9302911513552156f,-0.36682199185734143f,1.072209637216392f,-0.7712873135001216f,-0.23347748067322216f,-0.5921183547672292f,0.1089602534228085f,0f,0f,0f,1f], start_interpolation: 0, interpolation_duration: 1 }
$data merge entity $(bone_lower) { transformation: [-0.636487140509347f,0f,0.7712873135001216f,0f,0f,1f,0f,1.0504831316027383f,-0.7712873135001216f,0f,-0.636487140509347f,0f,0f,0f,0f,1f], start_interpolation: 0, interpolation_duration: 1 }
data modify entity @s data merge value {"locators":{"locator_right_hand":{"posx":-0.4301615817716675,"posy":1.4319094070579446,"posz":-0.9918719476100062,"roty":68.3943846958646,"rotx":18.26893771734542},"locator_left_hand":{"posx":0.7806610097161939,"posy":1.3664136193190446,"posz":0.6971587792810586,"roty":45.215701912593204,"rotx":-8.56867484729092}},"cameras":{}}