# This file was generated by Animated Java via MC-Build. It is not recommended to edit this file directly.
$data merge entity $(bone_head) { transformation: [-0.9801739516535843f,0.0332959226122901f,-0.195321289257452f,0f,0f,0.9857796084009183f,0.16804333863897195f,1.6452174457834525f,0.1981389020354076f,0.16471170328282259f,-0.9662354942258509f,0f,0f,0f,0f,1f], start_interpolation: 0, interpolation_duration: 1 }
$data merge entity $(bone_bust) { transformation: [-0.9215923900425708f,-0.19407953692727498f,-0.33615561866748045f,0.02789893343329586f,0f,0.8660254037844387f,-0.49999999999999994f,1.5358424457834525f,0.38815907385455f,-0.4607961950212853f,-0.7981224217112832f,0.06623945303430975f,0f,0f,0f,1f], start_interpolation: 0, interpolation_duration: 1 }
$data merge entity $(bone_left_wing) { transformation: [-0.7028982997921761f,0f,-0.7112903627557932f,0.00907964014584195f,0f,1f,0f,1.4264674457834525f,0.7112903627557932f,0f,-0.7028982997921761f,-0.1394589908712307f,0f,0f,0f,1f], start_interpolation: 0, interpolation_duration: 1 }
$data merge entity $(bone_right_wing) { transformation: [-0.9999823931648032f,0f,-0.005934084629718173f,-0.10611940860947933f,0f,1f,0f,1.4264674457834525f,0.005934084629718173f,0f,-0.9999823931648032f,-0.09093910663941196f,0f,0f,0f,1f], start_interpolation: 0, interpolation_duration: 1 }
$data merge entity $(bone_body) { transformation: [-0.9215923900425708f,0f,-0.38815907385455f,0.6548757319485604f,0f,1f,0f,0.3639674457834525f,0.38815907385455f,0f,-0.9215923900425708f,0.26671665809401035f,0f,0f,0f,1f], start_interpolation: 0, interpolation_duration: 1 }
$data merge entity $(bone_right_ring) { transformation: [0.8154481712617776f,0.30329305999451506f,0.4930087217737493f,-0.5209254709822563f,-0.3609200955159881f,0.932302396567112f,0.023429170022635337f,1.1066983749454198f,-0.4525273081688581f,-0.1970420288019361f,0.8697088445261807f,0.13356742383983172f,0f,0f,0f,1f], start_interpolation: 0, interpolation_duration: 1 }
$data merge entity $(bone_sword) { transformation: [-0.7292851384077867f,0.4397377785484097f,-0.5241887761244467f,-0.6196440508141179f,0.36019549885457736f,0.898113290758276f,0.2522929241343141f,0.914524786888706f,0.5817236367059856f,-0.004816957613516998f,-0.8133722440659702f,0.1825186207035327f,0f,0f,0f,1f], start_interpolation: 0, interpolation_duration: 1 }
$data merge entity $(bone_right_hand) { transformation: [-0.7292851384077867f,0.30329305999451506f,-0.6133159925003577f,-0.5310343046550219f,0.36019549885457736f,0.932302396567112f,0.03273291860072497f,1.255439335527849f,0.5817236367059856f,-0.1970420288019361f,-0.7891590773622132f,0.028795943336821714f,0f,0f,0f,1f], start_interpolation: 0, interpolation_duration: 1 }
$data merge entity $(bone_right_arm) { transformation: [-0.7292851384077867f,0.49417572317424835f,-0.47321616785856335f,-0.3167973840771337f,0.36019549885457736f,0.8653200604144309f,0.3485403787931435f,1.5202174457834525f,0.5817236367059856f,0.08373498474099342f,-0.8090649311569426f,0.13342968163750157f,0f,0f,0f,1f], start_interpolation: 0, interpolation_duration: 1 }
$data merge entity $(bone_left_ring) { transformation: [0.9316592688082875f,-0.3626762885817892f,0.021838418993725794f,0.46417424318494793f,0.3632528835751915f,0.9310329502468029f,-0.03499983041448562f,1.1128341961425319f,-0.007638679068736665f,0.04054078508456782f,0.9991486852950422f,-0.2852992337671253f,0f,0f,0f,1f], start_interpolation: 0, interpolation_duration: 1 }
$data merge entity $(bone_left_hand) { transformation: [-0.9170440481428704f,-0.3626762885817892f,-0.16581955091687856f,0.39196049019558604f,-0.3642915892480219f,0.9310329502468029f,-0.021662953581745636f,1.2562771927203062f,0.16224010530348845f,0.04054078508456782f,-0.9859181471987619f,-0.3713945623975455f,0f,0f,0f,1f], start_interpolation: 0, interpolation_duration: 1 }
$data merge entity $(bone_left_arm) { transformation: [-0.9170440481428704f,-0.27308720113733653f,-0.29060900595252104f,0.3167973840771337f,-0.3642915892480219f,0.870143259337422f,0.3318770046761277f,1.5514674457834525f,0.16224010530348845f,0.4102122484819582f,-0.8974430675126356f,-0.13342968163750157f,0f,0f,0f,1f], start_interpolation: 0, interpolation_duration: 1 }
$data merge entity $(bone_leftfoot) { transformation: [-0.9196118799607024f,0.12032026141907477f,-0.3739478906574927f,0.16003640928357257f,0.00012670915151018883f,0.9520283085776917f,0.30600994038019486f,0.47046937283119256f,0.3928281738622289f,0.2813629939397591f,-0.8755117883051726f,0.10139874304756454f,0f,0f,0f,1f], start_interpolation: 0, interpolation_duration: 1 }
$data merge entity $(bone_leftleg) { transformation: [-0.9200363709241797f,0.010343561098081187f,-0.3916964218887829f,0.10670806901475306f,0.04361932092922671f,0.9961418184422354f,-0.07615006495249808f,0.8639674457834525f,0.3893975231281502f,-0.0871463613377335f,-0.9169378826764956f,-0.06867971776399999f,0f,0f,0f,1f], start_interpolation: 0, interpolation_duration: 1 }
$data merge entity $(bone_rightfoot) { transformation: [-0.928583563778978f,0.12159799518845055f,-0.3506372664815911f,-0.016613557198117898f,-0.00408290720524626f,0.9413953492492064f,0.33728048606570493f,0.5633773381026144f,0.3711009228610003f,0.31462473516574363f,-0.8736677750000852f,0.329361863748728f,0f,0f,0f,1f], start_interpolation: 0, interpolation_duration: 1 }
$data merge entity $(bone_rightleg) { transformation: [-0.9207152382954041f,-0.20047604757482967f,-0.3348026348752526f,-0.12369002849588963f,-0.04361938736533599f,0.9054451828447543f,-0.4222160228000618f,0.8639674457834525f,0.38778963242524916f,-0.37413684022293797f,-0.8424018196629717f,0.028360050699637516f,0f,0f,0f,1f], start_interpolation: 0, interpolation_duration: 1 }
$data merge entity $(bone_skirt_right_back) { transformation: [-0.9198186628241177f,0.034640042864015834f,-0.39081158497520385f,-0.29221707003434333f,0.07737288640130068f,0.992548729081157f,-0.09412999973075292f,0.868870329592792f,0.38463887475186803f,-0.1168207508525744f,-0.9156450448726611f,-0.0862431238992814f,0f,0f,0f,1f], start_interpolation: 0, interpolation_duration: 1 }
$data merge entity $(bone_skirt_right) { transformation: [-0.9198186628241177f,-0.042382575926050686f,-0.3900478749824493f,-0.20861152741340497f,0.07737288640130068f,0.9550301093976854f,-0.28623578845730746f,0.892102665959095f,0.38463887475186803f,-0.29346415011329335f,-0.8751752559504291f,0.1902613910548535f,0f,0f,0f,1f], start_interpolation: 0, interpolation_duration: 1 }
$data merge entity $(bone_skirt_left_back) { transformation: [-0.920992510683327f,0.0258633976314811f,-0.3887208251794311f,0.0837104775832565f,-0.024748185081180624f,0.9918944742932884f,0.1246309720800931f,0.9444911721942818f,0.3887934189263105f,0.12440432681139836f,-0.9128873100608821f,-0.2400820793200053f,0f,0f,0f,1f], start_interpolation: 0, interpolation_duration: 1 }
$data merge entity $(bone_skirt_left) { transformation: [-0.920992510683327f,-0.035630525332923754f,-0.387947497645908f,0.22382863508832984f,-0.024748185081180624f,0.9991484736386949f,-0.03301295140780374f,0.892102665959095f,0.3887934189263105f,-0.020803684528618024f,-0.9210900521173943f,0.00812493377960323f,0f,0f,0f,1f], start_interpolation: 0, interpolation_duration: 1 }
$data merge entity $(bone_skirt_back_middle) { transformation: [-0.9215923900425708f,0.02104633785213114f,-0.3875880780914655f,-0.04903422653933837f,0f,0.9985289645365898f,0.05422090908022304f,0.9473470155864961f,0.38815907385455f,0.04996957718952368f,-0.9202366949540092f,-0.1164202335437636f,0f,0f,0f,1f], start_interpolation: 0, interpolation_duration: 1 }
$data merge entity $(bone_skirt_front_middle) { transformation: [-0.9215923900425708f,-0.046577366756717836f,-0.3853544024941615f,0.07219936647500788f,0f,0.9927744279361108f,-0.11999556340185208f,0.9576635629014348f,0.38815907385455f,-0.11058699807001768f,-0.9149333578147864f,0.1714204077429221f,0f,0f,0f,1f], start_interpolation: 0, interpolation_duration: 1 }
$data merge entity $(bone_lower) { transformation: [-0.9215923900425708f,0f,-0.38815907385455f,0f,0f,1f,0f,0.9577174457834525f,0.38815907385455f,0f,-0.9215923900425708f,0f,0f,0f,0f,1f], start_interpolation: 0, interpolation_duration: 1 }
data modify entity @s data merge value {"locators":{"locator_right_hand":{"posx":-0.6062266441057137,"posy":0.8444883259109195,"posz":0.18898549444037627,"roty":322.1464833738388,"rotx":1.8757931565856605},"locator_left_hand":{"posx":0.5661769493485762,"posy":0.8509811788856186,"posz":-0.29670132957216,"roty":350.4528914793907,"rotx":-1.2412929113262154}},"cameras":{}}