# This file was generated by Animated Java via MC-Build. It is not recommended to edit this file directly.
$data merge entity $(bone_head) { transformation: [-0.9834639412890482f,0.031148588528549542f,-0.17840527351199792f,0f,0f,0.9850982102859436f,0.17199277918398448f,1.6311403672845088f,0.18110404795092705f,0.16914869648953834f,-0.9688085684446017f,0f,0f,0f,0f,1f], start_interpolation: 0, interpolation_duration: 1 }
$data merge entity $(bone_bust) { transformation: [-0.8670707011644903f,-0.24909255266974528f,-0.43144095701102547f,0.035807054446275854f,0f,0.8660254037844387f,-0.49999999999999994f,1.5217653672845088f,0.4981851053394906f,-0.43353535058224507f,-0.750905254085634f,0.062320706646197765f,0f,0f,0f,1f], start_interpolation: 0, interpolation_duration: 1 }
$data merge entity $(bone_left_wing) { transformation: [-0.6104216879816028f,0f,-0.7920766142499669f,-0.008081219344655777f,0f,1f,0f,1.4123903672845088f,0.7920766142499669f,0f,-0.6104216879816028f,-0.13952040672927943f,0f,0f,0f,1f], start_interpolation: 0, interpolation_duration: 1 }
$data merge entity $(bone_right_wing) { transformation: [-0.9917160601105629f,0f,-0.12844943020030258f,-0.11646505699021703f,0f,1f,0f,1.4123903672845088f,0.12844943020030258f,0f,-0.9917160601105629f,-0.07724726856184308f,0f,0f,0f,1f], start_interpolation: 0, interpolation_duration: 1 }
$data merge entity $(bone_body) { transformation: [-0.8670707011644903f,0f,-0.4981851053394906f,0.6826279032519904f,0f,1f,0f,0.34989036728450884f,0.4981851053394906f,0f,-0.8670707011644903f,0.18444279791249982f,0f,0f,0f,1f], start_interpolation: 0, interpolation_duration: 1 }
$data merge entity $(bone_right_ring) { transformation: [0.921991504422282f,0.19444470684391693f,0.33484760974736083f,-0.46927734028314777f,-0.25661863094716947f,0.9544286346961256f,0.15235766972125175f,1.081881509433864f,-0.28996300457806373f,-0.22640061230586983f,0.9298732272323951f,0.18844144075338964f,0f,0f,0f,1f], start_interpolation: 0, interpolation_duration: 1 }
$data merge entity $(bone_sword) { transformation: [-0.6696249187753207f,0.2654016398556456f,-0.6936601745214147f,-0.5439378058010419f,0.2978139872913494f,0.9515475542978153f,0.0765772869947359f,0.8821052405916485f,0.6803743801237473f,-0.15530364281555137f,-0.7162202743566021f,0.24833737484857016f,0f,0f,0f,1f], start_interpolation: 0, interpolation_duration: 1 }
$data merge entity $(bone_right_hand) { transformation: [-0.6696249187753207f,0.19444470684391693f,-0.7167940597797449f,-0.5060947979431368f,0.2978139872913494f,0.9544286346961256f,-0.019308294738727194f,1.229200830973378f,0.6803743801237473f,-0.22640061230586983f,-0.6970175504381176f,0.08772094972702393f,0f,0f,0f,1f], start_interpolation: 0, interpolation_duration: 1 }
$data merge entity $(bone_right_arm) { transformation: [-0.6696249187753207f,0.44253375031418846f,-0.5964615226383047f,-0.2980555535252935f,0.2978139872913494f,0.8956973011129443f,0.3302017167620658f,1.5061403672845088f,0.6803743801237473f,0.04347671344348675f,-0.7315739731970922f,0.1712511299604499f,0f,0f,0f,1f], start_interpolation: 0, interpolation_duration: 1 }
$data merge entity $(bone_left_ring) { transformation: [0.9352587457930032f,-0.2991368746180457f,-0.18923057010284244f,0.4035663035652022f,0.28445756182766246f,0.9533393565077687f,-0.10113341115781133f,1.085984904228408f,0.21065368246665156f,0.04075784068250954f,0.976710716889161f,-0.3205294495658578f,0f,0f,0f,1f], start_interpolation: 0, interpolation_duration: 1 }
$data merge entity $(bone_left_hand) { transformation: [-0.9192812540674026f,-0.2991368746180457f,-0.2558106842256816f,0.33284391525997487f,-0.2993748826415135f,0.9533393565077687f,-0.038971155701791715f,1.2312906328357038f,0.2555321028044106f,0.04075784068250954f,-0.9659410659347989f,-0.4047180118906031f,0f,0f,0f,1f], start_interpolation: 0, interpolation_duration: 1 }
$data merge entity $(bone_left_arm) { transformation: [-0.9192812540674026f,-0.18024525561024f,-0.34990516393769194f,0.2980555535252935f,-0.2993748826415135f,0.897337174947133f,0.3242848656679468f,1.5373903672845088f,0.2555321028044106f,0.40286181537581534f,-0.878866145751706f,-0.1712511299604499f,0f,0f,0f,1f], start_interpolation: 0, interpolation_duration: 1 }
$data merge entity $(bone_leftfoot) { transformation: [-0.8649507332208385f,0.17627329093917307f,-0.46988078913933873f,0.16735343682054238f,0.00007115160538065379f,0.9363276897802686f,0.3511274017905669f,0.45307591486208926f,0.5018567764195111f,0.30367447086019395f,-0.8098898639380532f,0.0745421190384031f,0f,0f,0f,1f], start_interpolation: 0, interpolation_duration: 1 }
$data merge entity $(bone_leftleg) { transformation: [-0.8653746260213792f,0.00916455081696221f,-0.5010416825441588f,0.09748603846625993f,0.04361932092922671f,0.9974155077232014f,-0.057093430400891744f,0.8498903672845088f,0.4992235085410457f,-0.07126230393126272f,-0.8635378234671466f,-0.08124030975540955f,0f,0f,0f,1f], start_interpolation: 0, interpolation_duration: 1 }
$data merge entity $(bone_rightfoot) { transformation: [-0.876099852469071f,0.17222496566598464f,-0.45031945294981723f,0.0238790235648675f,-0.004082907205246268f,0.9313376185630614f,0.36413400022249903f,0.5493002596036707f,0.482112412589041f,0.3208563564130153f,-0.8152415716687529f,0.32891494312116515f,0f,0f,0f,1f], start_interpolation: 0, interpolation_duration: 1 }
$data merge entity $(bone_rightleg) { transformation: [-0.8662454419841185f,-0.24481967415098263f,-0.4355251558639823f,-0.11928163682486263f,-0.04361938736533599f,0.9054451828447543f,-0.4222160228000618f,0.8498903672845088f,0.4977109435079886f,-0.3467453648022368f,-0.7950166468071921f,0.043305966579463104f,0f,0f,0f,1f], start_interpolation: 0, interpolation_duration: 1 }
$data merge entity $(bone_skirt_right_back) { transformation: [-0.8668332004145468f,-0.016585734829175497f,-0.498322301386613f,-0.30011499029422395f,0.0328030757773985f,0.9953841565685897f,-0.09019057085848445f,0.8537664541973051f,0.4975180005573832f,-0.09452668539842779f,-0.8622879709638598f,-0.05032142094178893f,0f,0f,0f,1f], start_interpolation: 0, interpolation_duration: 1 }
$data merge entity $(bone_skirt_right) { transformation: [-0.8668332004145468f,-0.11964260616978323f,-0.4840308352243442f,-0.18359219251472028f,0.0328030757773985f,0.9549953612697754f,-0.2948013198287168f,0.8780172114378145f,0.4975180005573832f,-0.27142127172002073f,-0.823897039914133f,0.2139108885339805f,0f,0f,0f,1f], start_interpolation: 0, interpolation_duration: 1 }
$data merge entity $(bone_skirt_left_back) { transformation: [-0.8669492346650036f,0.06717632669883715f,-0.4938485250003442f,0.05475994911946988f,-0.010517849913369615f,0.9881882440861739f,0.1528835147525197f,0.9362343988718272f,0.49828545969851895f,0.13773647077348533f,-0.8560024913935125f,-0.24837866451670237f,0f,0f,0f,1f], start_interpolation: 0, interpolation_duration: 1 }
$data merge entity $(bone_skirt_left) { transformation: [-0.8669492346650036f,-0.016107265218235932f,-0.4981361064216826f,0.22295959670998922f,-0.010517849913369615f,0.9998463256025525f,-0.014024978155925398f,0.8780172114378145f,0.49828545969851895f,-0.006919623274699346f,-0.8669854205618293f,-0.019677959144597912f,0f,0f,0f,1f], start_interpolation: 0, interpolation_duration: 1 }
$data merge entity $(bone_skirt_back_middle) { transformation: [-0.8670707011644903f,0.03645497490307018f,-0.49684950838954833f,-0.06256810244504055f,0f,0.9973190749068418f,0.07317556167848047f,0.93744310028852f,0.4981851053394906f,0.06344838557266545f,-0.8647461495641962f,-0.1088972108481312f,0f,0f,0f,1f], start_interpolation: 0, interpolation_duration: 1 }
$data merge entity $(bone_skirt_front_middle) { transformation: [-0.8670707011644903f,-0.05037586978614631f,-0.49563158790114314f,0.09309943081173526f,0f,0.9948743601304432f,-0.10111877943805131f,0.9418259059622467f,0.4981851053394906f,-0.0876771309882486f,-0.8626264090088769f,0.16203573307744043f,0f,0f,0f,1f], start_interpolation: 0, interpolation_duration: 1 }
$data merge entity $(bone_lower) { transformation: [-0.8670707011644903f,0f,-0.4981851053394906f,0f,0f,1f,0f,0.9436403672845088f,0.4981851053394906f,0f,-0.8670707011644903f,0f,0f,0f,0f,1f], start_interpolation: 0, interpolation_duration: 1 }
data modify entity @s data merge value {"locators":{"locator_right_hand":{"posx":-0.5239649140829994,"posy":0.8134484559255787,"posz":0.2521166129644155,"roty":314.1985943421398,"rotx":-1.106352548647354},"locator_left_hand":{"posx":0.4876985495515275,"posy":0.817858210210598,"posz":-0.33199259225781363,"roty":345.16684611443543,"rotx":-2.2334483298959142}},"cameras":{}}