# This file was generated by Animated Java via MC-Build. It is not recommended to edit this file directly.
$data merge entity $(bone_head) { transformation: [-0.982254531558802f,0.032568193809270674f,-0.18470340544830283f,0f,0f,0.984807753012208f,0.17364817766693036f,1.6065833817430906f,0.1875527531981292f,0.1705667094102703f,-0.9673318781104829f,0f,0f,0f,0f,1f], start_interpolation: 0, interpolation_duration: 1 }
$data merge entity $(bone_bust) { transformation: [-0.785424971197082f,-0.3094784381100172f,-0.5360323786536102f,0.044487525478314915f,0f,0.8660254037844387f,-0.49999999999999994f,1.4972083817430906f,0.6189568762200345f,-0.39271248559854094f,-0.680197977823334f,0.056452419804790266f,0f,0f,0f,1f], start_interpolation: 0, interpolation_duration: 1 }
$data merge entity $(bone_left_wing) { transformation: [-0.4887735133343942f,0f,-0.8724107132897629f,-0.028280548827686713f,0f,1f,0f,1.3878333817430906f,0.8724107132897629f,0f,-0.4887735133343942f,-0.13686292616338736f,0f,0f,0f,1f], start_interpolation: 0, interpolation_duration: 1 }
$data merge entity $(bone_right_wing) { transformation: [-0.9625025970901078f,0f,-0.27127246560386076f,-0.12645867022732205f,0f,1f,0f,1.3878333817430906f,0.27127246560386076f,0f,-0.9625025970901078f,-0.05949331663588309f,0f,0f,0f,1f], start_interpolation: 0, interpolation_duration: 1 }
$data merge entity $(bone_body) { transformation: [-0.785424971197082f,0f,-0.6189568762200345f,0.7021909237085582f,0f,1f,0f,0.32533338174309057f,0.6189568762200345f,0f,-0.785424971197082f,0.08323404748852375f,0f,0f,0f,1f], start_interpolation: 0, interpolation_duration: 1 }
$data merge entity $(bone_right_ring) { transformation: [0.9876827953208724f,0.09787696577448124f,-0.12207700601640242f,-0.4141216423943444f,-0.06503459969755021f,0.9664057938916666f,0.24865707786989877f,1.0509162658101427f,0.14231372621545368f,-0.2376550885283093f,0.9608677652139627f,0.2449586144499296f,0f,0f,0f,1f], start_interpolation: 0, interpolation_duration: 1 }
$data merge entity $(bone_sword) { transformation: [-0.000005726136468472996f,9.787696577448124e-7f,-0.000008139617380534648f,-0.4661445572785757f,0.0000024999999999999998f,0.000009664057938916666f,-5.966440758624442e-7f,0.8463952420278056f,0.000007807775684817261f,-0.000002376550885283093f,-0.0000057784638741828726f,0.31231611427714046f,0f,0f,0f,1f], start_interpolation: 0, interpolation_duration: 1 }
$data merge entity $(bone_right_hand) { transformation: [-0.5726136468472995f,0.09787696577448124f,-0.8139617380534647f,-0.47513727943459405f,0.24999999999999994f,0.9664057938916666f,-0.05966440758624442f,1.1963236328945053f,0.780777568481726f,-0.2376550885283093f,-0.5778463874182872f,0.15365190804691686f,0f,0f,0f,1f], start_interpolation: 0, interpolation_duration: 1 }
$data merge entity $(bone_right_arm) { transformation: [-0.5726136468472995f,0.40191619711550497f,-0.7145466968228507f,-0.26998983384899694f,0.24999999999999994f,0.9156751133619656f,0.31470476127563013f,1.4815833817430906f,0.780777568481726f,0.0015675668285347333f,-0.6248071152683858f,0.21276642620063685f,0f,0f,0f,1f], start_interpolation: 0, interpolation_duration: 1 }
$data merge entity $(bone_left_ring) { transformation: [0.749280626769605f,-0.25206763823561096f,-0.612405460542335f,0.33770014070620474f,0.166001054210889f,0.9666954024838342f,-0.19479129553830446f,1.0530475269276973f,0.6411101249774657f,0.044293391955671446f,0.7661696307479433f,-0.35835388861437645f,0f,0f,0f,1f], start_interpolation: 0, interpolation_duration: 1 }
$data merge entity $(bone_left_hand) { transformation: [-0.8930093021731165f,-0.25206763823561096f,-0.37282206477970814f,0.2633625036587929f,-0.24999999999999994f,0.9666954024838342f,-0.054772244947761506f,1.1989587856019437f,0.37421168639191876f,0.044293391955671446f,-0.9262848963449515f,-0.438272255153642f,0f,0f,0f,1f], start_interpolation: 0, interpolation_duration: 1 }
$data merge entity $(bone_left_arm) { transformation: [-0.8930093021731165f,-0.09243775900548776f,-0.4404425580507941f,0.26998983384899694f,-0.24999999999999994f,0.9156751133619656f,0.31470476127563013f,1.5128333817430906f,0.37421168639191876f,0.3911449187700061f,-0.8408158337520302f,-0.21276642620063685f,0f,0f,0f,1f], start_interpolation: 0, interpolation_duration: 1 }
$data merge entity $(bone_leftfoot) { transformation: [-0.7831628372562861f,0.2380563996388759f,-0.5744433139411235f,0.17296913365130115f,0.00004126525549508209f,0.9238344890902589f,0.3827921564824954f,0.42624431352231373f,0.621816668028337f,0.29976488680016616f,-0.7235226630892918f,0.045223795826681346f,0f,0f,0f,1f], start_interpolation: 0, interpolation_duration: 1 }
$data merge entity $(bone_leftleg) { transformation: [-0.7835959425353392f,0.0071689321304949614f,-0.6212294304476101f,0.08463843973232199f,0.04361932092922671f,0.9981006697965534f,-0.04350181367879488f,0.8253333817430906f,0.6197376490772744f,-0.06118545058900701f,-0.7824203390457035f,-0.09455078077244047f,0f,0f,0f,1f], start_interpolation: 0, interpolation_duration: 1 }
$data merge entity $(bone_rightfoot) { transformation: [-0.7966950260159052f,0.2285243469062722f,-0.5595119823494206f,0.0714470036426457f,-0.004082907205246254f,0.9237034039843064f,0.3830866107508311f,0.5247432740622524f,0.6043677401965378f,0.30748763282263436f,-0.7349768637656993f,0.32194809091730703f,0f,0f,0f,1f], start_interpolation: 0, interpolation_duration: 1 }
$data merge entity $(bone_rightleg) { transformation: [-0.7846774206604267f,-0.2926323628242982f,-0.5464866382022239f,-0.1117178030669485f,-0.04361938736533599f,0.9054451828447543f,-0.4222160228000618f,0.8253333817430906f,0.6183677664234876f,-0.3074659673705334f,-0.7232468350136967f,0.060188438282568146f,0f,0f,0f,1f], start_interpolation: 0, interpolation_duration: 1 }
$data merge entity $(bone_skirt_right_back) { transformation: [-0.785424971197082f,-0.0539456462757274f,-0.6166015584378272f,-0.3037141088019315f,0f,0.9961946980917455f,-0.08715574274765811f,0.8284921850542779f,0.6189568762200345f,-0.06845429673723966f,-0.782436192055395f,-0.006736568116616548f,0f,0f,0f,1f], start_interpolation: 0, interpolation_duration: 1 }
$data merge entity $(bone_skirt_right) { transformation: [-0.785424971197082f,-0.18612392232241284f,-0.590309664633219f,-0.15060130082859668f,0f,0.9537169507482269f,-0.30070579950427306f,0.8534583817430905f,0.6189568762200345f,-0.2361818439144392f,-0.749073108571595f,0.2380440112956731f,0f,0f,0f,1f], start_interpolation: 0, interpolation_duration: 1 }
$data merge entity $(bone_skirt_left_back) { transformation: [-0.785424971197082f,0.10748073361002475f,-0.6095535304817076f,0.018940502633242012f,0f,0.984807753012208f,0.17364817766693033f,0.9159583817430905f,0.6189568762200345f,0.13638761494247453f,-0.7734926010442765f,-0.2536503951997713f,0f,0f,0f,1f], start_interpolation: 0, interpolation_duration: 1 }
$data merge entity $(bone_skirt_left) { transformation: [-0.785424971197082f,0f,-0.6189568762200345f,0.2175666544200355f,0f,1f,0f,0.8534583817430905f,0.6189568762200345f,0f,-0.785424971197082f,-0.05209202443246805f,0f,0f,0f,1f], start_interpolation: 0, interpolation_duration: 1 }
$data merge entity $(bone_skirt_back_middle) { transformation: [-0.785424971197082f,0.053945646275727434f,-0.6166015584378272f,-0.07736960952750432f,0f,0.9961946980917455f,0.08715574274765818f,0.9159583817430905f,0.6189568762200345f,0.06845429673723971f,-0.782436192055395f,-0.09817812139963525f,0f,0f,0f,1f], start_interpolation: 0, interpolation_duration: 1 }
$data merge entity $(bone_skirt_front_middle) { transformation: [-0.785424971197082f,-0.053945646275727434f,-0.6166015584378272f,0.11605441429125646f,0f,0.9961946980917455f,-0.08715574274765818f,0.9159583817430905f,0.6189568762200345f,-0.06845429673723971f,-0.782436192055395f,0.1472671820994529f,0f,0f,0f,1f], start_interpolation: 0, interpolation_duration: 1 }
$data merge entity $(bone_lower) { transformation: [-0.785424971197082f,0f,-0.6189568762200345f,0f,0f,1f,0f,0.9190833817430906f,0.6189568762200345f,0f,-0.785424971197082f,0f,0f,0f,0f,1f], start_interpolation: 0, interpolation_duration: 1 }
data modify entity @s data merge value {"locators":{"locator_right_hand":{"posx":-0.44164953901841725,"posy":0.7791146362781116,"posz":0.31179910809851663,"roty":305.3716420512655,"rotx":-3.4205502286555443},"locator_left_hand":{"posx":0.40859416395997034,"posy":0.7811644449791189,"posz":-0.370811405101909,"roty":338.0756196601752,"rotx":-3.139789700665718}},"cameras":{}}