# This file was generated by Animated Java via MC-Build. It is not recommended to edit this file directly.
$data merge entity $(bone_head) { transformation: [-0.980132944891586f,0.034441666171378865f,-0.1953283951950831f,0f,0f,0.984807753012208f,0.17364817766693036f,1.5853005594769733f,0.1983416505380231f,0.17019829975174583f,-0.9652425231119213f,0f,0f,0f,0f,1f], start_interpolation: 0, interpolation_duration: 1 }
$data merge entity $(bone_bust) { transformation: [-0.7574510447772038f,-0.3264459812763523f,-0.5654210254973208f,0.04692660980847563f,0f,0.8660254037844387f,-0.49999999999999994f,1.4759255594769733f,0.6528919625527048f,-0.37872552238860185f,-0.6559718469001229f,0.05444179384336156f,0f,0f,0f,1f], start_interpolation: 0, interpolation_duration: 1 }
$data merge entity $(bone_left_wing) { transformation: [-0.4499425799557001f,0f,-0.893057486807433f,-0.03427080502051283f,0f,1f,0f,1.3665505594769733f,0.893057486807433f,0f,-0.4499425799557001f,-0.1354871282566945f,0f,0f,0f,1f], start_interpolation: 0, interpolation_duration: 1 }
$data merge entity $(bone_right_wing) { transformation: [-0.9496444543421975f,0f,-0.31332955547970576f,-0.1289521856176633f,0f,1f,0f,1.3665505594769733f,0.31332955547970576f,0f,-0.9496444543421975f,-0.053875632937606444f,0f,0f,0f,1f], start_interpolation: 0, interpolation_duration: 1 }
$data merge entity $(bone_body) { transformation: [-0.7574510447772038f,0f,-0.6528919625527048f,0.7051715036649543f,0f,1f,0f,0.30405055947697335f,0.6528919625527048f,0f,-0.7574510447772038f,0.05227954111224953f,0f,0f,0f,1f], start_interpolation: 0, interpolation_duration: 1 }
$data merge entity $(bone_right_ring) { transformation: [0.606671521390101f,0.08733306530381502f,-0.7901408740464322f,-0.40295079037183196f,0.14087160494149975f,0.9664057938916666f,0.21497681841031951f,1.0296334435440255f,0.7823713031901324f,-0.24172872654539235f,0.5739881241866565f,0.26292987283938357f,0f,0f,0f,1f], start_interpolation: 0, interpolation_duration: 1 }
$data merge entity $(bone_sword) { transformation: [-0.000005377305715356615f,8.733306530381502e-7f,-0.00000838581402214818f,-0.45196181317713746f,0.0000024999999999999998f,0.000009664057938916666f,-5.966440758624442e-7f,0.8251124197616884f,0.000008051992501461553f,-0.0000024172872654539237f,-0.000005414992062106944f,0.3325095832412134f,0f,0f,0f,1f], start_interpolation: 0, interpolation_duration: 1 }
$data merge entity $(bone_right_hand) { transformation: [-0.5377305715356615f,0.08733306530381502f,-0.838581402214818f,-0.46792200537575007f,0.24999999999999994f,0.9664057938916666f,-0.05966440758624442f,1.175040810628388f,0.8051992501461552f,-0.24172872654539235f,-0.5414992062106944f,0.17439420873441341f,0f,0f,0f,1f], start_interpolation: 0, interpolation_duration: 1 }
$data merge entity $(bone_right_arm) { transformation: [-0.5377305715356615f,0.4015964408627627f,-0.7413272766614569f,-0.2603737966421638f,0.24999999999999994f,0.9156751133619656f,0.31470476127563013f,1.4603005594769733f,0.8051992501461552f,-0.016105448019625712f,-0.5927856122648021f,0.22443161212749227f,0f,0f,0f,1f], start_interpolation: 0, interpolation_duration: 1 }
$data merge entity $(bone_left_ring) { transformation: [0.09190663356535617f,-0.24987637526569972f,-0.9639060990525781f,0.32161741643667147f,-0.033209383024354854f,0.9666954024838342f,-0.2537659072762912f,1.03176470466158f,0.9952136994564659f,0.055333497094371076f,0.08054747987046024f,-0.37285537673826835f,0f,0f,0f,1f], start_interpolation: 0, interpolation_duration: 1 }
$data merge entity $(bone_left_hand) { transformation: [-0.8756923201416651f,-0.24987637526569972f,-0.41318852540817574f,0.2438378085443894f,-0.24999999999999994f,0.9666954024838342f,-0.054772244947761506f,1.1776759633358265f,0.4131137379038702f,0.055333497094371076f,-0.9089968336877745f,-0.44942797097550174f,0f,0f,0f,1f], start_interpolation: 0, interpolation_duration: 1 }
$data merge entity $(bone_left_arm) { transformation: [-0.8756923201416651f,-0.0751504595864104f,-0.47698571138856855f,0.2603737966421638f,-0.24999999999999994f,0.9156751133619656f,0.31470476127563013f,1.4915505594769733f,0.4131137379038702f,0.3948309704082275f,-0.8206372794125245f,-0.22443161212749227f,0f,0f,0f,1f], start_interpolation: 0, interpolation_duration: 1 }
$data merge entity $(bone_leftfoot) { transformation: [-0.7550653588031035f,0.2510062815605057f,-0.6056997197891945f,0.17479026640608264f,0.00004126525549508209f,0.9238344890902589f,0.3827921564824954f,0.4049614912561965f,0.6556495269827618f,0.28900810262777876f,-0.6975657778179576f,0.037574934128294754f,0f,0f,0f,1f], start_interpolation: 0, interpolation_duration: 1 }
$data merge entity $(bone_leftleg) { transformation: [-0.755589455792286f,0.00447179017400734f,-0.6550302110499613f,0.08039936891631005f,0.04361932092922671f,0.9981006697965534f,-0.04350181367879488f,0.8040505594769733f,0.6535915614029838f,-0.06144148471766541f,-0.7543493983682221f,-0.09818073692358943f,0f,0f,0f,1f], start_interpolation: 0, interpolation_duration: 1 }
$data merge entity $(bone_rightfoot) { transformation: [-0.7693516575756726f,0.2418230015564007f,-0.5912864474210602f,0.08553336147673388f,-0.004082907205246254f,0.9237034039843064f,0.3830866107508311f,0.5034604517961352f,0.6388124582804554f,0.2971424866727383f,-0.7096654040881683f,0.3184953557735202f,0f,0f,0f,1f], start_interpolation: 0, interpolation_duration: 1 }
$data merge entity $(bone_rightleg) { transformation: [-0.7567301192199856f,-0.3058680682462168f,-0.5777579523404538f,-0.1089633922779909f,-0.04361938736533599f,0.9054451828447543f,-0.4222160228000618f,0.8040505594769733f,0.6522705540733686f,-0.29430213334353733f,-0.6985194189127912f,0.06504225371458676f,0f,0f,0f,1f], start_interpolation: 0, interpolation_duration: 1 }
$data merge entity $(bone_skirt_right_back) { transformation: [-0.7574510447772038f,-0.056903283930257176f,-0.650407511521719f,-0.30371659164355264f,0f,0.9961946980917455f,-0.08715574274765811f,0.8072093627881607f,0.6528919625527048f,-0.06601620840254685f,-0.7545687148711039f,0.006623684455405732f,0f,0f,0f,1f], start_interpolation: 0, interpolation_duration: 1 }
$data merge entity $(bone_skirt_right) { transformation: [-0.7574510447772038f,-0.196328399589325f,-0.6226741316937912f,-0.13998931227962869f,0f,0.9537169507482269f,-0.30070579950427306f,0.8321755594769733f,0.6528919625527048f,-0.227769922005076f,-0.7223939007659735f,0.24443546300092506f,0f,0f,0f,1f], start_interpolation: 0, interpolation_duration: 1 }
$data merge entity $(bone_skirt_left_back) { transformation: [-0.7574510447772038f,0.1133734995106629f,-0.6429730666012599f,0.007769655342449777f,0f,0.984807753012208f,0.17364817766693033f,0.8946755594769733f,0.6528919625527048f,0.1315299935974739f,-0.7459436614237874f,-0.25423787695947186f,0f,0f,0f,1f], start_interpolation: 0, interpolation_duration: 1 }
$data merge entity $(bone_skirt_left) { transformation: [-0.7574510447772038f,0f,-0.6528919625527048f,0.2150658649596856f,0f,1f,0f,0.8321755594769733f,0.6528919625527048f,0f,-0.7574510447772038f,-0.06160764444565531f,0f,0f,0f,1f], start_interpolation: 0, interpolation_duration: 1 }
$data merge entity $(bone_skirt_back_middle) { transformation: [-0.7574510447772038f,0.05690328393025722f,-0.6504075115217189f,-0.0816114953190881f,0f,0.9961946980917455f,0.08715574274765818f,0.8946755594769733f,0.6528919625527048f,0.06601620840254689f,-0.7545687148711038f,-0.09468138059715048f,0f,0f,0f,1f], start_interpolation: 0, interpolation_duration: 1 }
$data merge entity $(bone_skirt_front_middle) { transformation: [-0.7574510447772038f,-0.05690328393025722f,-0.6504075115217189f,0.12241724297863214f,0f,0.9961946980917455f,-0.08715574274765818f,0.8946755594769733f,0.6528919625527048f,-0.06601620840254689f,-0.7545687148711038f,0.14202207089572572f,0f,0f,0f,1f], start_interpolation: 0, interpolation_duration: 1 }
$data merge entity $(bone_lower) { transformation: [-0.7574510447772038f,0f,-0.6528919625527048f,0f,0f,1f,0f,0.8978005594769733f,0.6528919625527048f,0f,-0.7574510447772038f,0f,0f,0f,0f,1f], start_interpolation: 0, interpolation_duration: 1 }
data modify entity @s data merge value {"locators":{"locator_right_hand":{"posx":-0.42751321498852995,"posy":0.7578318140119944,"posz":0.33091607718027516,"roty":302.8516420512655,"rotx":-3.4205502286555443},"locator_left_hand":{"posx":0.3918951469801495,"posy":0.7598816227130016,"posz":-0.38841792279606024,"roty":335.55561966017524,"rotx":-3.1397897006657156}},"cameras":{}}