# This file was generated by Animated Java via MC-Build. It is not recommended to edit this file directly.
$data merge entity $(bone_head) { transformation: [-0.9817601540287308f,0.0330146242908268f,-0.18723523852207513f,0f,6.938893903907228e-18f,0.984807753012208f,0.17364817766693036f,1.5852902718553064f,0.19012364387809005f,0.17048086165309395f,-0.9668450112859537f,0f,0f,0f,0f,1f], start_interpolation: 0, interpolation_duration: 1 }
$data merge entity $(bone_bust) { transformation: [-0.7789003230625265f,-0.31357386957983746f,-0.5431258740382554f,0.04507624375210162f,0f,0.8660254037844387f,-0.49999999999999994f,1.4759152718553064f,0.627147739159675f,-0.3894501615312632f,-0.6745474667880543f,0.055983460720119116f,0f,0f,0f,1f], start_interpolation: 0, interpolation_duration: 1 }
$data merge entity $(bone_left_wing) { transformation: [-0.4796110169222668f,0f,-0.8774812091701958f,-0.02971219720355156f,0f,1f,0f,1.3665402718553064f,0.8774812091701958f,0f,-0.4796110169222668f,-0.1365592740802955f,0f,0f,0f,1f], start_interpolation: 0, interpolation_duration: 1 }
$data merge entity $(bone_right_wing) { transformation: [-0.9596091157655277f,0f,-0.281336710970506f,-0.12707473758636734f,0f,1f,0f,1.3665402718553064f,0.281336710970506f,0f,-0.9596091157655277f,-0.05816580668533616f,0f,0f,0f,1f], start_interpolation: 0, interpolation_duration: 1 }
$data merge entity $(bone_body) { transformation: [-0.7789003230625265f,0f,-0.627147739159675f,0.7030240311111008f,0f,1f,0f,0.30404027185530635f,0.627147739159675f,0f,-0.7789003230625265f,0.07587629195142576f,0f,0f,0f,1f], start_interpolation: 0, interpolation_duration: 1 }
$data merge entity $(bone_right_ring) { transformation: [0.13553984116517248f,0.0953829263371504f,-0.9861698884169408f,-0.4115337821140024f,0.22491862614960814f,0.9664057938916666f,0.12438429620973175f,1.0296231559223585f,0.9649044320905011f,-0.23866700420455952f,0.10953309105529785f,0.24928177565069473f,0f,0f,0f,1f], start_interpolation: 0, interpolation_duration: 1 }
$data merge entity $(bone_sword) { transformation: [-0.000005644061159377787f,9.53829263371504e-7f,-0.000008199681906363153f,-0.462848491352002f,0.0000024999999999999998f,0.000009664057938916666f,-5.966440758624442e-7f,0.8251021321400214f,0.000007867310444440533f,-0.0000023866700420455953f,-0.000005692910721344485f,0.317180354957218f,0f,0f,0f,1f], start_interpolation: 0, interpolation_duration: 1 }
$data merge entity $(bone_right_hand) { transformation: [-0.5644061159377787f,0.0953829263371504f,-0.8199681906363152f,-0.47350221774597717f,0.24999999999999994f,0.9664057938916666f,-0.05966440758624442f,1.175030523006721f,0.7867310444440532f,-0.23866700420455952f,-0.5692910721344485f,0.15861901823112776f,0f,0f,0f,1f], start_interpolation: 0, interpolation_duration: 1 }
$data merge entity $(bone_right_arm) { transformation: [-0.5644061159377787f,0.40191057501682237f,-0.7210503629994773f,-0.2677469860527435f,0.24999999999999994f,0.9156751133619656f,0.31470476127563013f,1.4602902718553064f,0.7867310444440532f,-0.0026412987711650904f,-0.6172902779477177f,0.2155820353361383f,0f,0f,0f,1f], start_interpolation: 0, interpolation_duration: 1 }
$data merge entity $(bone_left_ring) { transformation: [-0.3991127381046282f,-0.25158998636873653f,-0.8817094198439785f,0.33392901983443624f,-0.14780325935103517f,0.9666954024838342f,-0.2089358641828353f,1.031754417039913f,0.9049106137115626f,0.046930561211182165f,-0.4230062690038604f,-0.3618705628127937f,0f,0f,0f,1f], start_interpolation: 0, interpolation_duration: 1 }
$data merge entity $(bone_left_hand) { transformation: [-0.8890416739128022f,-0.25158998636873653f,-0.38250147817400854f,0.25875857088550785f,-0.24999999999999994f,0.9666954024838342f,-0.054772244947761506f,1.1776656757141595f,0.38354256875387716f,0.046930561211182165f,-0.9223299953802222f,-0.4410060996904423f,0f,0f,0f,1f], start_interpolation: 0, interpolation_duration: 1 }
$data merge entity $(bone_left_arm) { transformation: [-0.8890416739128022f,-0.08833670543698488f,-0.44922325019845305f,0.2677469860527435f,-0.24999999999999994f,0.9156751133619656f,0.31470476127563013f,1.4915402718553064f,0.38354256875387716f,0.39209146030242825f,-0.8361575119028631f,-0.2155820353361383f,0f,0f,0f,1f], start_interpolation: 0, interpolation_duration: 1 }
$data merge entity $(bone_leftfoot) { transformation: [-0.7766083660335359f,0.24118242003564197f,-0.5819883899808249f,0.1734332234707704f,0.00004126525549508209f,0.9238344890902589f,0.3827921564824954f,0.4049512036345295f,0.6299836855855081f,0.29725557527671664f,-0.717467545511996f,0.04341002075089172f,0f,0f,0f,1f], start_interpolation: 0, interpolation_duration: 1 }
$data merge entity $(bone_leftleg) { transformation: [-0.7770632186027808f,0.006527818223774344f,-0.6293887049224225f,0.08364368358869792f,0.04361932092922671f,0.9981006697965534f,-0.04350181367879488f,0.8040402718553064f,0.6279093160133555f,-0.06125716726154435f,-0.7758720579597717f,-0.09543191196195215f,0f,0f,0f,1f], start_interpolation: 0, interpolation_duration: 1 }
$data merge entity $(bone_rightfoot) { transformation: [-0.7903225342199739f,0.23173176088066946f,-0.5671778230002145f,0.07481445706282719f,-0.004082907205246254f,0.9237034039843064f,0.3830866107508311f,0.5034501641744682f,0.6126774206488041f,0.30507771545452095f,-0.7290774758283092f,0.32118226070131145f,0f,0f,0f,1f], start_interpolation: 0, interpolation_duration: 1 }
$data merge entity $(bone_rightleg) { transformation: [-0.7781589825451516f,-0.2958360348395698f,-0.5540303587121335f,-0.11108139717693372f,-0.04361938736533599f,0.9054451828447543f,-0.4222160228000618f,0.8040402718553064f,0.6265508334765562f,-0.30438472588753607f,-0.7174844888331748f,0.06135502282796661f,0f,0f,0f,1f], start_interpolation: 0, interpolation_duration: 1 }
$data merge entity $(bone_skirt_right_back) { transformation: [-0.7789003230625265f,-0.054659527018976056f,-0.6247612526710933f,-0.30376799985164454f,0f,0.9961946980917455f,-0.08715574274765811f,0.8071990751664937f,0.627147739159675f,-0.06788563618290536f,-0.7759363721768368f,-0.0035557701658806284f,0f,0f,0f,1f], start_interpolation: 0, interpolation_duration: 1 }
$data merge entity $(bone_skirt_right) { transformation: [-0.7789003230625265f,-0.1885869623113074f,-0.5981214294600097f,-0.14810029776726408f,0f,0.9537169507482269f,-0.30070579950427306f,0.8321652718553063f,0.627147739159675f,-0.23421984438065363f,-0.7428504410480017f,0.23960802350140054f,0f,0f,0f,1f], start_interpolation: 0, interpolation_duration: 1 }
$data merge entity $(bone_skirt_left_back) { transformation: [-0.7789003230625265f,0.10890306203301293f,-0.6176199558085259f,0.016283291933932686f,0f,0.984807753012208f,0.17364817766693033f,0.8946652718553063f,0.627147739159675f,0.13525462168399105f,-0.7670670769756897f,-0.25383482824229286f,0f,0f,0f,1f], start_interpolation: 0, interpolation_duration: 1 }
$data merge entity $(bone_skirt_left) { transformation: [-0.7789003230625265f,0f,-0.627147739159675f,0.21700922866829522f,0f,1f,0f,0.8321652718553063f,0.627147739159675f,0f,-0.7789003230625265f,-0.05436747922969712f,0f,0f,0f,1f], start_interpolation: 0, interpolation_duration: 1 }
$data merge entity $(bone_skirt_back_middle) { transformation: [-0.7789003230625265f,0.05465952701897607f,-0.6247612526710933f,-0.07839346739495939f,0f,0.9961946980917455f,0.08715574274765818f,0.8946652718553063f,0.627147739159675f,0.06788563618290541f,-0.7759363721768368f,-0.09736254038281583f,0f,0f,0f,1f], start_interpolation: 0, interpolation_duration: 1 }
$data merge entity $(bone_skirt_front_middle) { transformation: [-0.7789003230625265f,-0.05465952701897607f,-0.6247612526710933f,0.11759020109243906f,0f,0.9961946980917455f,-0.08715574274765818f,0.8946652718553063f,0.627147739159675f,-0.06788563618290541f,-0.7759363721768368f,0.14604381057422372f,0f,0f,0f,1f], start_interpolation: 0, interpolation_duration: 1 }
$data merge entity $(bone_lower) { transformation: [-0.7789003230625265f,0f,-0.627147739159675f,0f,0f,1f,0f,0.8977902718553064f,0.627147739159675f,0f,-0.7789003230625265f,0f,0f,0f,0f,1f], start_interpolation: 0, interpolation_duration: 1 }
data modify entity @s data merge value {"locators":{"locator_right_hand":{"posx":-0.4383602301463259,"posy":0.7578215263903274,"posz":0.31640687058322714,"roty":304.77164205126553,"rotx":-3.4205502286555443},"locator_left_hand":{"posx":0.4046887035006434,"posy":0.7598713350913346,"posz":-0.37506978315343864,"roty":337.4756196601752,"rotx":-3.1397897006657174}},"cameras":{}}