# This file was generated by Animated Java via MC-Build. It is not recommended to edit this file directly.
$data merge entity $(bone_head) { transformation: [-0.9833541553711393f,0.031551737751131646f,-0.17893879668533863f,0f,0f,0.984807753012208f,0.17364817766693036f,1.5938196900682295f,0.18169921605310568f,0.17075765708140184f,-0.9684147961662695f,0f,0f,0f,0f,1f], start_interpolation: 0, interpolation_duration: 1 }
$data merge entity $(bone_bust) { transformation: [-0.7999465651001298f,-0.3000356199622403f,-0.5196769378550272f,0.04313012036957209f,0f,0.8660254037844387f,-0.49999999999999994f,1.4844446900682295f,0.6000712399244807f,-0.39997328255006487f,-0.6927740470468148f,0.057496159366571875f,0f,0f,0f,1f], start_interpolation: 0, interpolation_duration: 1 }
$data merge entity $(bone_left_wing) { transformation: [-0.509416936840842f,0f,-0.8605198338560789f,-0.025012244671801964f,0f,1f,0f,1.3750696900682295f,0.8605198338560789f,0f,-0.509416936840842f,-0.13749777313279626f,0f,0f,0f,1f], start_interpolation: 0, interpolation_duration: 1 }
$data merge entity $(bone_right_wing) { transformation: [-0.9686915803565931f,0f,-0.24826723937371603f,-0.12500556530931828f,0f,1f,0f,1.3750696900682295f,0.24826723937371603f,0f,-0.9686915803565931f,-0.06248886814223614f,0f,0f,0f,1f], start_interpolation: 0, interpolation_duration: 1 }
$data merge entity $(bone_body) { transformation: [-0.7999465651001298f,0f,-0.6000712399244807f,0.7000089025123053f,0f,1f,0f,0.31256969006822954f,0.6000712399244807f,0f,-0.7999465651001298f,0.09993766258782455f,0f,0f,0f,1f], start_interpolation: 0, interpolation_duration: 1 }
$data merge entity $(bone_right_ring) { transformation: [-0.2112265580942822f,0.10351048952621406f,-0.9719408005190884f,-0.419839405645098f,0.25248991488778066f,0.9664057938916666f,0.04804877118697983f,1.0381525741352817f,0.9442627727680488f,-0.23525607344054061f,-0.23026592425657544f,0.2350241071894315f,0f,0f,0f,1f], start_interpolation: 0, interpolation_duration: 1 }
$data merge entity $(bone_sword) { transformation: [-0.000005910504407627327f,0.0000010351048952621407f,-0.000007999655961553742f,-0.4734521139427204f,0.0000024999999999999998f,0.000009664057938916666f,-5.966440758624442e-7f,0.8336315503529446f,0.00000766915495002011f,-0.0000023525607344054063f,-0.000005970721928168816f,0.30112322946059883f,0f,0f,0f,1f], start_interpolation: 0, interpolation_duration: 1 }
$data merge entity $(bone_right_hand) { transformation: [-0.5910504407627326f,0.10351048952621406f,-0.7999655961553741f,-0.47866266629619336f,0.24999999999999994f,0.9664057938916666f,-0.05966440758624442f,1.1835599412196443f,0.766915495002011f,-0.23525607344054061f,-0.5970721928168816f,0.14228982763776438f,0f,0f,0f,1f], start_interpolation: 0, interpolation_duration: 1 }
$data merge entity $(bone_right_arm) { transformation: [-0.5910504407627326f,0.4017648027842169f,-0.6994600915834576f,-0.27498163175316964f,0.24999999999999994f,0.9156751133619656f,0.31470476127563013f,1.4688196900682295f,0.766915495002011f,0.011141364966227307f,-0.6416513800441092f,0.20627448872404025f,0f,0f,0f,1f], start_interpolation: 0, interpolation_duration: 1 }
$data merge entity $(bone_left_ring) { transformation: [-0.6787213803563648f,-0.2530512431308235f,-0.689421754949099f,0.346140834711198f,-0.2055841933498228f,0.9666954024838342f,-0.1524307654685242f,1.0402838352528363f,0.7050336355748237f,0.038276195821455694f,-0.7081401736531999f,-0.35020767704816314f,0f,0f,0f,1f], start_interpolation: 0, interpolation_duration: 1 }
$data merge entity $(bone_left_hand) { transformation: [-0.9016701713842119f,-0.2530512431308235f,-0.3506507812424074f,0.2737280672305311f,-0.24999999999999994f,0.9666954024838342f,-0.054772244947761506f,1.1861950939270827f,0.352832682777497f,0.038276195821455694f,-0.9349032200166345f,-0.43187419832762014f,0f,0f,0f,1f], start_interpolation: 0, interpolation_duration: 1 }
$data merge entity $(bone_left_arm) { transformation: [-0.9016701713842119f,-0.10172918282197654f,-0.4202880861960504f,0.27498163175316964f,-0.24999999999999994f,0.9156751133619656f,0.31470476127563013f,1.5000696900682295f,0.352832682777497f,0.3888319175838375f,-0.8510692321028354f,-0.20627448872404025f,0f,0f,0f,1f], start_interpolation: 0, interpolation_duration: 1 }
$data merge entity $(bone_leftfoot) { transformation: [-0.797753197593637f,0.2308479994283355f,-0.5570449146065897f,0.17184275162515497f,0.00004126525549508209f,0.9238344890902589f,0.3827921564824954f,0.4134806218474527f,0.6029841076067479f,0.30535068024695117f,-0.737001443720715f,0.04933134519704832f,0f,0f,0f,1f], start_interpolation: 0, interpolation_duration: 1 }
$data merge entity $(bone_leftleg) { transformation: [-0.7981366546388521f,0.00862442643331288f,-0.602414724081839f,0.08686676226416822f,0.04361932092922671f,0.9981006697965534f,-0.04350181367879488f,0.8125696900682295f,0.600895361409601f,-0.060997313222533295f,-0.796996921208644f,-0.09250773610212543f,0f,0f,0f,1f], start_interpolation: 0, interpolation_duration: 1 }
$data merge entity $(bone_rightfoot) { transformation: [-0.8108658868245128f,0.2211346843022628f,-0.5418449639729387f,0.06375744551773886f,-0.004082907205246254f,0.9237034039843064f,0.3830866107508311f,0.5119795823873914f,0.5852177743823661f,0.3128441670646011f,-0.7480967074386882f,0.32355870520797825f,0f,0f,0f,1f], start_interpolation: 0, interpolation_duration: 1 }
$data merge entity $(bone_rightleg) { transformation: [-0.7991851932238005f,-0.28522502426543644f,-0.5291027428246974f,-0.11311987901086425f,-0.04361938736533599f,0.9054451828447543f,-0.4222160228000618f,0.8125696900682295f,0.5995001050689728f,-0.3143496562683198f,-0.7360597242250657f,0.057510073878994754f,0f,0f,0f,1f], start_interpolation: 0, interpolation_duration: 1 }
$data merge entity $(bone_skirt_right_back) { transformation: [-0.7999465651001298f,-0.052299654617126295f,-0.5977877876901074f,-0.3034674481547471f,0f,0.9961946980917455f,-0.08715574274765811f,0.8157284933794169f,0.6000712399244807f,-0.0697199370397397f,-0.7969025269094527f,-0.013969579298862278f,0f,0f,0f,1f], start_interpolation: 0, interpolation_duration: 1 }
$data merge entity $(bone_skirt_right) { transformation: [-0.7999465651001298f,-0.18044490196101146f,-0.5722981131724835f,-0.15622912761180194f,0f,0.9537169507482269f,-0.30070579950427306f,0.8406946900682295f,0.6000712399244807f,-0.24054857141913158f,-0.7629225988288139f,0.23438891358307737f,0f,0f,0f,1f], start_interpolation: 0, interpolation_duration: 1 }
$data merge entity $(bone_skirt_left_back) { transformation: [-0.7999465651001298f,0.10420127728322141f,-0.5909548094372774f,0.024977458390744667f,0f,0.984807753012208f,0.17364817766693033f,0.9031946900682295f,0.6000712399244807f,0.138909263260558f,-0.7877935793060928f,-0.25312722531829446f,0f,0f,0f,1f], start_interpolation: 0, interpolation_duration: 1 }
$data merge entity $(bone_skirt_left) { transformation: [-0.7999465651001298f,0f,-0.6000712399244807f,0.21874582477888393f,0f,1f,0f,0.8406946900682295f,0.6000712399244807f,0f,-0.7999465651001298f,-0.046894480131522975f,0f,0f,0f,1f], start_interpolation: 0, interpolation_duration: 1 }
$data merge entity $(bone_skirt_back_middle) { transformation: [-0.7999465651001298f,0.052299654617126316f,-0.5977877876901075f,-0.0750089049905601f,0f,0.9961946980917455f,0.08715574274765818f,0.9031946900682295f,0.6000712399244807f,0.06971993703973971f,-0.7969025269094527f,-0.09999332063751623f,0f,0f,0f,1f], start_interpolation: 0, interpolation_duration: 1 }
$data merge entity $(bone_skirt_front_middle) { transformation: [-0.7999465651001298f,-0.052299654617126316f,-0.5977877876901075f,0.11251335748584014f,0f,0.9961946980917455f,-0.08715574274765818f,0.9031946900682295f,0.6000712399244807f,-0.06971993703973971f,-0.7969025269094527f,0.14998998095627436f,0f,0f,0f,1f], start_interpolation: 0, interpolation_duration: 1 }
$data merge entity $(bone_lower) { transformation: [-0.7999465651001298f,0f,-0.6000712399244807f,0f,0f,1f,0f,0.9063196900682295f,0.6000712399244807f,0f,-0.7999465651001298f,0f,0f,0f,0f,1f], start_interpolation: 0, interpolation_duration: 1 }
data modify entity @s data merge value {"locators":{"locator_right_hand":{"posx":-0.4489517308243457,"posy":0.7663509446032506,"posz":0.3011898778445835,"roty":306.7366420512655,"rotx":-3.420550228655544},"locator_left_hand":{"posx":0.41731149684174207,"posy":0.7684007533042578,"posz":-0.3609728571229475,"roty":339.4406196601752,"rotx":-3.139789700665717}},"cameras":{}}