# This file was generated by Animated Java via MC-Build. It is not recommended to edit this file directly.
$data merge entity $(bone_head) { transformation: [-0.9838225642458326f,0.03110831477100108f,-0.1764240199997234f,0f,0f,0.984807753012208f,0.17364817766693036f,1.598352242729364f,0.17914564488358203f,0.17083899542889536f,-0.9688760888576471f,0f,0f,0f,0f,1f], start_interpolation: 0, interpolation_duration: 1 }
$data merge entity $(bone_bust) { transformation: [-0.8061348847280658f,-0.2958659103481119f,-0.5124547889505484f,0.04253072461254104f,0f,0.8660254037844387f,-0.49999999999999994f,1.488977242729364f,0.5917318206962239f,-0.40306744236403286f,-0.6981332890513452f,0.057940944839829756f,0f,0f,0f,1f], start_interpolation: 0, interpolation_duration: 1 }
$data merge entity $(bone_left_wing) { transformation: [-0.5183255562599307f,0f,-0.8551833825138521f,-0.02358304729152394f,0f,1f,0f,1.379602242729364f,0.8551833825138521f,0f,-0.5183255562599307f,-0.13775009938452226f,0f,0f,0f,1f], start_interpolation: 0, interpolation_duration: 1 }
$data merge entity $(bone_right_wing) { transformation: [-0.9712174846272803f,0f,-0.23819445323990773f,-0.12434990788253208f,0f,1f,0f,1.379602242729364f,0.23819445323990773f,0f,-0.9712174846272803f,-0.06378362179749425f,0f,0f,0f,1f], start_interpolation: 0, interpolation_duration: 1 }
$data merge entity $(bone_body) { transformation: [-0.8061348847280658f,0f,-0.5917318206962239f,0.6989333527121449f,0f,1f,0f,0.31710224272936394f,0.5917318206962239f,0f,-0.8061348847280658f,0.10720153201592098f,0f,0f,0f,1f], start_interpolation: 0, interpolation_duration: 1 }
$data merge entity $(bone_right_ring) { transformation: [-0.31258791734844743f,0.10594793014193299f,-0.9439617736044189f,-0.42225738075509456f,0.25592430447690023f,0.9664057938916666f,0.023719020018380756f,1.0426851267964161f,0.9147631082995067f,-0.23416848129340026f,-0.3292014247584105f,0.23065160283524055f,0f,0f,0f,1f], start_interpolation: 0, interpolation_duration: 1 }
$data merge entity $(bone_sword) { transformation: [-0.000005989826221003328f,0.00000105947930141933f,-0.000007937221519653148f,-0.4765536060387358f,0.0000024999999999999998f,0.000009664057938916666f,-5.966440758624442e-7f,0.838164103014079f,0.000007607363659125347f,-0.000002341684812934003f,-0.000006053472589736676f,0.296190418631475f,0f,0f,0f,1f], start_interpolation: 0, interpolation_duration: 1 }
$data merge entity $(bone_right_hand) { transformation: [-0.5989826221003327f,0.10594793014193299f,-0.7937221519653147f,-0.48011446841716576f,0.24999999999999994f,0.9664057938916666f,-0.05966440758624442f,1.1880924938807786f,0.7607363659125347f,-0.23416848129340026f,-0.6053472589736675f,0.13731147210436542f,0f,0f,0f,1f], start_interpolation: 0, interpolation_duration: 1 }
$data merge entity $(bone_right_arm) { transformation: [-0.5989826221003327f,0.4016274416283595f,-0.6927591331428757f,-0.2771088666252726f,0.24999999999999994f,0.9156751133619656f,0.31470476127563013f,1.473352242729364f,0.7607363659125347f,0.015312899810617286f,-0.6488803408006595f,0.20340781336432695f,0f,0f,0f,1f], start_interpolation: 0, interpolation_duration: 1 }
$data merge entity $(bone_left_ring) { transformation: [-0.7479983888201166f,-0.25343507846718044f,-0.6134077529057189f,0.34975891005400017f,-0.2192003287051632f,0.9666954024838342f,-0.13210304580957233f,1.0448163879139707f,0.626458000362401f,0.03564631564343901f,-0.778639656043147f,-0.3465942863866529f,0f,0f,0f,1f], start_interpolation: 0, interpolation_duration: 1 }
$data merge entity $(bone_left_hand) { transformation: [-0.9052855516790781f,-0.25343507846718044f,-0.34092335051069944f,0.2781981149331252f,-0.24999999999999994f,0.9666954024838342f,-0.054772244947761506f,1.190727646588217f,0.3434502437342376f,0.03564631564343901f,-0.9384941503600014f,-0.4290083761636157f,0f,0f,0f,1f], start_interpolation: 0, interpolation_duration: 1 }
$data merge entity $(bone_left_arm) { transformation: [-0.9052855516790781f,-0.10576153128024765f,-0.41142747650389655f,0.2771088666252726f,-0.24999999999999994f,0.9156751133619656f,0.31470476127563013f,1.504602242729364f,0.3434502437342376f,0.3877545425534155f,-0.8553878329787513f,-0.20340781336432695f,0f,0f,0f,1f], start_interpolation: 0, interpolation_duration: 1 }
$data merge entity $(bone_leftfoot) { transformation: [-0.8039718842289703f,0.22766463098571f,-0.5493614704067439f,0.17132120330061518f,0.00004126525549508209f,0.9238344890902589f,0.3827921564824954f,0.4180131745085871f,0.594667308388899f,0.30773146177386723f,-0.7427463495487683f,0.05111319012431445f,0f,0f,0f,1f], start_interpolation: 0, interpolation_duration: 1 }
$data merge entity $(bone_leftleg) { transformation: [-0.8043336299662792f,0.009257389364432884f,-0.5941058091345547f,0.08782272701327833f,0.04361932092922671f,0.9981006697965534f,-0.04350181367879488f,0.8171022427293639f,0.5925746927999387f,-0.06090446366093988f,-0.8032097358468905f,-0.09160067819045442f,0f,0f,0f,1f], start_interpolation: 0, interpolation_duration: 1 }
$data merge entity $(bone_rightfoot) { transformation: [-0.8168993715303782f,0.21787402332577668f,-0.5340471203490496f,0.060394005056065805f,-0.004082907205246254f,0.9237034039843064f,0.3830866107508311f,0.5165121350485258f,0.5767657641209529f,0.3151236763996706f,-0.753683170775578f,0.3242033493474407f,0f,0f,0f,1f], start_interpolation: 0, interpolation_duration: 1 }
$data merge entity $(bone_rightleg) { transformation: [-0.8053676229426701f,-0.2819452737125954f,-0.5214305845908953f,-0.11371099416873813f,-0.04361938736533599f,0.9054451828447543f,-0.4222160228000618f,0.8171022427293639f,0.5911686231199572f,-0.31729463199739016f,-0.7415145147224663f,0.05633227698360155f,0f,0f,0f,1f], start_interpolation: 0, interpolation_duration: 1 }
$data merge entity $(bone_skirt_right_back) { transformation: [-0.8061348847280658f,-0.051572826340203465f,-0.5894801024697537f,-0.30330601759677717f,0f,0.9961946980917455f,-0.08715574274765811f,0.8202610460405513f,0.5917318206962239f,-0.07025928463327236f,-0.8030672981128996f,-0.017120190563331833f,0f,0f,0f,1f], start_interpolation: 0, interpolation_duration: 1 }
$data merge entity $(bone_skirt_right) { transformation: [-0.8061348847280658f,-0.17793719023457716f,-0.5643446676950992f,-0.1586547205656215f,0f,0.9537169507482269f,-0.30070579950427306f,0.8452272427293639f,0.5917318206962239f,-0.24240943502043805f,-0.7688245041546243f,0.23275391031569062f,0f,0f,0f,1f], start_interpolation: 0, interpolation_duration: 1 }
$data merge entity $(bone_skirt_left_back) { transformation: [-0.8061348847280658f,0.10275315233143405f,-0.582742084725671f,0.02760471693209432f,0f,0.984807753012208f,0.17364817766693033f,0.9077272427293639f,0.5917318206962239f,0.13998385368676958f,-0.7938878844538019f,-0.25285419756867583f,0f,0f,0f,1f], start_interpolation: 0, interpolation_duration: 1 }
$data merge entity $(bone_skirt_left) { transformation: [-0.8061348847280658f,0f,-0.5917318206962239f,0.21922100665065936f,0f,1f,0f,0.8452272427293639f,0.5917318206962239f,0f,-0.8061348847280658f,-0.044620380635664314f,0f,0f,0f,1f], start_interpolation: 0, interpolation_duration: 1 }
$data merge entity $(bone_skirt_back_middle) { transformation: [-0.8061348847280658f,0.051572826340203486f,-0.5894801024697537f,-0.07396647758702798f,0f,0.9961946980917455f,0.08715574274765818f,0.9077272427293639f,0.5917318206962239f,0.07025928463327238f,-0.8030672981128997f,-0.10076686059100823f,0f,0f,0f,1f], start_interpolation: 0, interpolation_duration: 1 }
$data merge entity $(bone_skirt_front_middle) { transformation: [-0.8061348847280658f,-0.051572826340203486f,-0.5894801024697537f,0.11094971638054198f,0f,0.9961946980917455f,-0.08715574274765818f,0.9077272427293639f,0.5917318206962239f,-0.07025928463327238f,-0.8030672981128997f,0.15115029088651233f,0f,0f,0f,1f], start_interpolation: 0, interpolation_duration: 1 }
$data merge entity $(bone_lower) { transformation: [-0.8061348847280658f,0f,-0.5917318206962239f,0f,0f,1f,0f,0.9108522427293639f,0.5917318206962239f,0f,-0.8061348847280658f,0f,0f,0f,0f,1f], start_interpolation: 0, interpolation_duration: 1 }
data modify entity @s data merge value {"locators":{"locator_right_hand":{"posx":-0.4520552361075132,"posy":0.770883497264385,"posz":0.2965114881990094,"roty":307.3316420512655,"rotx":-3.4205502286555425},"locator_left_hand":{"posx":0.42103752587289467,"posy":0.7729333059653922,"posz":-0.3566198126613701,"roty":340.0356196601752,"rotx":-3.1397897006657156}},"cameras":{}}