# This file was generated by Animated Java via MC-Build. It is not recommended to edit this file directly.
$data merge entity $(bone_head) { transformation: [-0.8406599652684257f,-0.1997926777560664f,0.5033624029563093f,0f,0f,0.9294617825478448f,0.36891841209538834f,1.705301647731117f,-0.5415633137453915f,0.3101349394989919f,-0.7813613098350003f,0f,0f,0f,0f,1f], start_interpolation: 0, interpolation_duration: 1 }
$data merge entity $(bone_bust) { transformation: [-0.5233911607530495f,0.42604626886219044f,0.7379337840444641f,-0.061244151148939885f,0f,0.8660254037844387f,-0.49999999999999994f,1.595926647731117f,-0.852092537724381f,-0.2616955803765247f,-0.45327004132836574f,0.037618739679125435f,0f,0f,0f,1f], start_interpolation: 0, interpolation_duration: 1 }
$data merge entity $(bone_left_wing) { transformation: [-0.8096320779461129f,0f,0.5869377295426317f,0.1392235147626132f,0f,1f,0f,1.486551647731117f,-0.5869377295426317f,0f,-0.8096320779461129f,-0.012168111486357214f,0f,0f,0f,1f], start_interpolation: 0, interpolation_duration: 1 }
$data merge entity $(bone_right_wing) { transformation: [-0.15746868388802127f,0f,0.9875239812756824f,0.07379961966848203f,0f,1f,0f,1.486551647731117f,-0.9875239812756824f,0f,-0.15746868388802127f,-0.11867967870190488f,0f,0f,0f,1f], start_interpolation: 0, interpolation_duration: 1 }
$data merge entity $(bone_body) { transformation: [-0.5233911607530495f,0f,0.852092537724381f,-0.16435068848566575f,0f,1f,0f,0.4240516477311169f,-0.852092537724381f,0f,-0.5233911607530495f,0.6877418492387153f,0f,0f,0f,1f], start_interpolation: 0, interpolation_duration: 1 }
$data merge entity $(bone_right_ring) { transformation: [0.46160235081490286f,-0.05141822002872489f,-0.8855955263952233f,-0.17372493883512855f,-0.881468527422433f,0.08559474438081968f,-0.4644209027359869f,1.5303377973143661f,0.09968201886941457f,0.9950023650140031f,-0.005812807467815708f,-0.7958526827032602f,0f,0f,0f,1f], start_interpolation: 0, interpolation_duration: 1 }
$data merge entity $(bone_sword) { transformation: [-0.3189236558634497f,-0.9364459295893623f,-0.14613939471000714f,-0.15765630760186922f,0.942743778479769f,-0.32931009516551524f,0.052811261675588f,1.5461113648288973f,-0.09758006901196627f,-0.12092924450931866f,0.9878533534660017f,-1.016227951921823f,0f,0f,0f,1f], start_interpolation: 0, interpolation_duration: 1 }
$data merge entity $(bone_right_hand) { transformation: [-0.3189236558634497f,-0.05141822002872489f,0.9463846302533498f,-0.09303547662836527f,0.942743778479769f,0.08559474438081968f,0.32234718530191986f,1.5739320247459243f,-0.09758006901196627f,0.9950023650140031f,0.021176018231955744f,-0.6383983114605764f,0f,0f,0f,1f], start_interpolation: 0, interpolation_duration: 1 }
$data merge entity $(bone_right_arm) { transformation: [-0.3189236558634497f,0.005738326663255466f,0.9477630364905554f,-0.17991571150886077f,0.942743778479769f,0.10487518254288886f,0.3165996908152057f,1.580301647731117f,-0.09758006901196627f,0.9944688369645884f,-0.038856948386593426f,-0.29290680984275597f,0f,0f,0f,1f], start_interpolation: 0, interpolation_duration: 1 }
$data merge entity $(bone_left_ring) { transformation: [0.4315445938032527f,-0.5715480701430373f,-0.6979269783257809f,0.5493428550487207f,0.9018835576609441f,0.25674020773055584f,0.34740540317517976f,1.4639582127479356f,-0.019372970345917673f,-0.7793697897982963f,0.6262646555328948f,0.5738395254900017f,0f,0f,0f,1f], start_interpolation: 0, interpolation_duration: 1 }
$data merge entity $(bone_left_hand) { transformation: [-0.31828418625023697f,-0.5715480701430373f,0.7563253138027275f,0.5309439672578768f,-0.9447956769206067f,0.25674020773055584f,-0.20358191129519232f,1.4849880660219106f,-0.07782226966079192f,-0.7793697897982963f,-0.6217124939186942f,0.39377744952914034f,0f,0f,0f,1f], start_interpolation: 0, interpolation_duration: 1 }
$data merge entity $(bone_left_arm) { transformation: [-0.31828418625023697f,-0.8150346123966387f,0.48416294506961755f,0.17991571150886077f,-0.9447956769206067f,0.3146457179263753f,-0.09142866652603215f,1.611551647731117f,-0.07782226966079192f,-0.48653535615210614f,-0.8701879346203245f,0.29290680984275597f,0f,0f,0f,1f], start_interpolation: 0, interpolation_duration: 1 }
$data merge entity $(bone_leftfoot) { transformation: [-0.5323340152020573f,0.00467741802041155f,0.8465214811329471f,-0.11644966418169744f,0.0008923932146590319f,0.9999872800642344f,-0.00496420628952271f,0.556044677515534f,-0.8465339331020384f,-0.0018871858405668102f,-0.5323314180436816f,0.19983213945185058f,0f,0f,0f,1f], start_interpolation: 0, interpolation_duration: 1 }
$data merge entity $(bone_leftleg) { transformation: [-0.5243793932070661f,0.19380636673229093f,0.8291352990880427f,0.08406341935685202f,0.0436193209292267f,0.9785880628900117f,-0.20115356822797806f,0.9240516477311169f,-0.8503667484217986f,-0.06931446734415159f,-0.5216051167265656f,0.09506238557407466f,0f,0f,0f,1f], start_interpolation: 0, interpolation_duration: 1 }
$data merge entity $(bone_rightfoot) { transformation: [-0.4697515660998499f,0.060781880162063595f,0.8807037124883164f,-0.38670738101194907f,0.3733017233996321f,0.9177204046610903f,0.13577585269682346f,0.6525069416994459f,-0.7999870558037818f,0.3925491331192179f,-0.4537905779473034f,-0.06194561897254415f,0f,0f,0f,1f], start_interpolation: 0, interpolation_duration: 1 }
$data merge entity $(bone_rightleg) { transformation: [-0.4928887733101142f,0.5196791537539415f,0.697849721858824f,-0.04678437083141035f,0.33639319996594175f,0.8534896400450835f,-0.3979887553089756f,0.9240516477311169f,-0.8024339674774024f,0.03858771163597205f,-0.5954919952015932f,-0.11796074885702058f,0f,0f,0f,1f], start_interpolation: 0, interpolation_duration: 1 }
$data merge entity $(bone_skirt_right_back) { transformation: [-0.2087138955444892f,0.4297219414514716f,0.8785087152907605f,0.05989353979840342f,0.6192156549599249f,0.7533631651401147f,-0.2213953794969972f,0.9143806166834666f,-0.756974558660458f,0.4977780574164017f,-0.42332791438264306f,-0.23338448645177295f,0f,0f,0f,1f], start_interpolation: 0, interpolation_duration: 1 }
$data merge entity $(bone_skirt_right) { transformation: [-0.2087138955444892f,0.4465078693660183f,0.8700972545646051f,-0.21925036411903318f,0.6192156549599249f,0.7489741043953286f,-0.23581722498105714f,0.9532438189021786f,-0.756974558660458f,0.4895595097017668f,-0.4328059657645335f,-0.16591073289499766f,0f,0f,0f,1f], start_interpolation: 0, interpolation_duration: 1 }
$data merge entity $(bone_skirt_left_back) { transformation: [-0.5778387122464984f,0.13856751166753456f,0.8043018508865786f,0.2379837596671472f,-0.23721131023260905f,0.914424706592056f,-0.3279607450164749f,0.9093479109436747f,-0.780918188369971f,-0.38029791043904f,-0.49552021390520756f,0.038259500880417435f,0f,0f,0f,1f], start_interpolation: 0, interpolation_duration: 1 }
$data merge entity $(bone_skirt_left) { transformation: [-0.5778387122464984f,0.14260952964972406f,0.8035950128531119f,0.0211170264568048f,-0.23721131023260905f,0.9127642688713304f,-0.33255403135357486f,0.9532438189021786f,-0.780918188369971f,-0.3827844191250084f,-0.4936019363293591f,0.2254127650549243f,0f,0f,0f,1f], start_interpolation: 0, interpolation_duration: 1 }
$data merge entity $(bone_skirt_back_middle) { transformation: [-0.5233911607530495f,0.21225059203586816f,0.8252341358826591f,0.10830003152211864f,0f,0.9684794776944643f,-0.2490933585719572f,0.9394403873067116f,-0.852092537724381f,-0.13037326207885225f,-0.5068935979960129f,-0.06652244527259127f,0f,0f,0f,1f], start_interpolation: 0, interpolation_duration: 1 }
$data merge entity $(bone_skirt_front_middle) { transformation: [-0.5233911607530495f,0.35232643246292195f,0.7758400465518172f,-0.1428234099944788f,0f,0.9105114904817666f,-0.41348376715497764f,1.0433635221047037f,-0.852092537724381f,-0.2164137488437874f,-0.4765536658822411f,0.08772815983033347f,0f,0f,0f,1f], start_interpolation: 0, interpolation_duration: 1 }
$data merge entity $(bone_lower) { transformation: [-0.5233911607530495f,0f,0.852092537724381f,0f,0f,1f,0f,1.017801647731117f,-0.852092537724381f,0f,-0.5233911607530495f,0f,0f,0f,0f,1f], start_interpolation: 0, interpolation_duration: 1 }
data modify entity @s data merge value {"locators":{"locator_right_hand":{"posx":-0.15926356445204967,"posy":1.5062642754572608,"posz":-1.0756970978634486,"roty":91.28181925802633,"rotx":18.804932244476728},"locator_left_hand":{"posx":0.7100907497764499,"posy":1.3917500293237166,"posz":0.7930372788707726,"roty":50.57920370839136,"rotx":-11.746498069937246}},"cameras":{}}