# This file was generated by Animated Java via MC-Build. It is not recommended to edit this file directly.
$data merge entity $(bone_head) { transformation: [-0.8337371313847137f,-0.19873065321218447f,0.5151587359486853f,0f,0f,0.9329855009997639f,0.35991395488952577f,1.7120043589643037f,-0.5521615667088652f,0.3000736282949205f,-0.7778646552270732f,0f,0f,0f,0f,1f], start_interpolation: 0, interpolation_duration: 1 }
$data merge entity $(bone_bust) { transformation: [-0.4892358772514792f,0.43607575500421236f,0.755305363616254f,-0.06268588978185557f,0f,0.8660254037844387f,-0.49999999999999994f,1.6026293589643037f,-0.8721515100084248f,-0.24461793862573958f,-0.4236906981425464f,0.03516382867745005f,0f,0f,0f,1f], start_interpolation: 0, interpolation_duration: 1 }
$data merge entity $(bone_left_wing) { transformation: [-0.7857529469552658f,0f,0.6185404646028545f,0.13959618107927058f,0f,1f,0f,1.4932543589643037f,-0.6185404646028545f,0f,-0.7857529469552658f,-0.0066450152809084395f,0f,0f,0f,1f], start_interpolation: 0, interpolation_duration: 1 }
$data merge entity $(bone_right_wing) { transformation: [-0.11823708017042595f,0f,0.9929853940883382f,0.07844169642283566f,0f,1f,0f,1.4932543589643037f,-0.9929853940883382f,0f,-0.11823708017042595f,-0.11566395403196139f,0f,0f,0f,1f], start_interpolation: 0, interpolation_duration: 1 }
$data merge entity $(bone_body) { transformation: [-0.4892358772514792f,0f,0.8721515100084248f,-0.1914578163784728f,0f,1f,0f,0.4307543589643037f,-0.8721515100084248f,0f,-0.4892358772514792f,0.680693693629952f,0f,0f,0f,1f], start_interpolation: 0, interpolation_duration: 1 }
$data merge entity $(bone_right_ring) { transformation: [-0.011963827414979089f,-0.11603094396095387f,-0.9931735431822144f,-0.1332977632443309f,-0.9980152239291379f,0.06279855872825826f,0.004685491150995036f,1.5472669030990345f,0.06182620511770999f,0.9912583725069782f,-0.11655195963843493f,-0.8035666544169059f,0f,0f,0f,1f], start_interpolation: 0, interpolation_duration: 1 }
$data merge entity $(bone_sword) { transformation: [-0.3074217814479401f,-0.9225370211544596f,-0.2332751441770658f,-0.1027655390907583f,0.9467223053859569f,-0.321243718396144f,0.022789249125804753f,1.568050243356214f,-0.09596210072770402f,-0.21384087072043736f,0.9721436916595462f,-1.021988497832326f,0f,0f,0f,1f], start_interpolation: 0, interpolation_duration: 1 }
$data merge entity $(bone_right_hand) { transformation: [-0.3074217814479401f,-0.11603094396095387f,0.9444726932711738f,-0.06288328324405743f,0.9467223053859569f,0.06279855872825826f,0.3158689878831928f,1.586691895514374f,-0.09596210072770402f,0.9912583725069782f,0.09054343796621878f,-0.6401940864033575f,0f,0f,0f,1f], start_interpolation: 0, interpolation_duration: 1 }
$data merge entity $(bone_right_arm) { transformation: [-0.3074217814479401f,-0.04710079521475169f,0.9504069461980551f,-0.168174832805196f,0.9467223053859569f,0.08558297658025316f,0.31047130399501166f,1.5870043589643037f,-0.09596210072770402f,0.9952170965220613f,0.018281302309302805f,-0.29980208156539606f,0f,0f,0f,1f], start_interpolation: 0, interpolation_duration: 1 }
$data merge entity $(bone_left_ring) { transformation: [0.04875412138625004f,-0.5469968791999353f,-0.8357137367504411f,0.5287448939933796f,0.9652814947362667f,0.2407770238929286f,-0.10128208471878114f,1.4767438133787056f,0.25662165062124637f,-0.8017610859294653f,0.5397448374200827f,0.5950095062991028f,0f,0f,0f,1f], start_interpolation: 0, interpolation_duration: 1 }
$data merge entity $(bone_left_hand) { transformation: [-0.3143919291645841f,-0.5469968791999353f,0.7758557398264849f,0.5160131072271227f,-0.9467223053859568f,0.2407770238929286f,-0.21387683663726467f,1.4943142699272323f,-0.06981827383192918f,-0.8017610859294653f,-0.5935524995552915f,0.41408878978931524f,0f,0f,0f,1f], start_interpolation: 0, interpolation_duration: 1 }
$data merge entity $(bone_left_arm) { transformation: [-0.3143919291645841f,-0.7996875537115871f,0.5115247123208697f,0.168174832805196f,-0.9467223053859568f,0.3037584347386436f,-0.10699387744085312f,1.6182543589643037f,-0.06981827383192918f,-0.5179098664477311f,-0.8525812447357866f,0.29980208156539606f,0f,0f,0f,1f], start_interpolation: 0, interpolation_duration: 1 }
$data merge entity $(bone_leftfoot) { transformation: [-0.49924281819461197f,0.05470178726366348f,0.8647336716881461f,-0.13150000799040854f,0.0011058457529110888f,0.9980445770575899f,-0.06249639438485419f,0.5680385541999906f,-0.866461416097839f,-0.030244614001460973f,-0.49832707907320284f,0.19939999633767297f,0f,0f,0f,1f], start_interpolation: 0, interpolation_duration: 1 }
$data merge entity $(bone_leftleg) { transformation: [-0.4902916794324617f,0.21590830064507055f,0.8443918964508446f,0.08023279893786919f,0.04361932092922669f,0.9736945384472159f,-0.2236432441182527f,0.9307543589643037f,-0.8704662106715971f,-0.07281862063113437f,-0.4868121039666224f,0.098316903936177f,0f,0f,0f,1f], start_interpolation: 0, interpolation_duration: 1 }
$data merge entity $(bone_rightfoot) { transformation: [-0.4389938566665071f,0.07296361705531046f,0.895522587317189f,-0.38300098640972896f,0.3666718636159657f,0.9244714186135747f,0.10442385071907279f,0.6582873736258551f,-0.8202658948423133f,0.37420436495691833f,-0.43259097887696246f,-0.07551818279131486f,0f,0f,0f,1f], start_interpolation: 0, interpolation_duration: 1 }
$data merge entity $(bone_rightleg) { transformation: [-0.4618869493569626f,0.5147591476325869f,0.7222765854866758f,-0.04207617037500061f,0.3296629629851776f,0.8556439917787169f,-0.39899334602072833f,0.9307543589643037f,-0.8233970954828248f,0.053818019859113275f,-0.5649078189305685f,-0.11972097356592921f,0f,0f,0f,1f], start_interpolation: 0, interpolation_duration: 1 }
$data merge entity $(bone_skirt_right_back) { transformation: [-0.14527117118184754f,0.40909572122636095f,0.9008534718242128f,0.06781480923088873f,0.6520866484540548f,0.7243618398785234f,-0.22379215320416926f,0.920847525786811f,-0.7440962906314023f,0.5549239729927731f,-0.371994750589983f,-0.22677957545635324f,0f,0f,0f,1f], start_interpolation: 0, interpolation_duration: 1 }
$data merge entity $(bone_skirt_right) { transformation: [-0.14527117118184754f,0.4137089143119028f,0.8987442467367015f,-0.21535354140773522f,0.6520866484540548f,0.7232049639083157f,-0.22750292984119982f,0.9600101223245678f,-0.7440962906314023f,0.553009506606567f,-0.3748348914807012f,-0.1791733654725478f,0f,0f,0f,1f], start_interpolation: 0, interpolation_duration: 1 }
$data merge entity $(bone_skirt_left_back) { transformation: [-0.5497695779093775f,0.16150572127592402f,0.8195543381622041f,0.23543229842308686f,-0.24321034680169396f,0.9076733711903687f,-0.34202014332566866f,0.9129462193760687f,-0.7991258589320863f,-0.38735636463992007f,-0.4597313436769355f,0.047677152513106835f,0f,0f,0f,1f], start_interpolation: 0, interpolation_duration: 1 }
$data merge entity $(bone_skirt_left) { transformation: [-0.5497695779093775f,0.16150572127592402f,0.8195543381622041f,0.012018832544889752f,-0.24321034680169396f,0.9076733711903687f,-0.34202014332566866f,0.9600101223245678f,-0.7991258589320863f,-0.38735636463992007f,-0.4597313436769355f,0.22615904880386767f,0f,0f,0f,1f], start_interpolation: 0, interpolation_duration: 1 }
$data merge entity $(bone_skirt_back_middle) { transformation: [-0.4892358772514792f,0.22572942100510202f,0.8424336679541464f,0.11056364297958893f,0f,0.9659258262890684f,-0.25881904510252063f,0.9439240047711971f,-0.8721515100084248f,-0.12662356258012186f,-0.4725655689843923f,-0.06202099089952391f,0f,0f,0f,1f], start_interpolation: 0, interpolation_duration: 1 }
$data merge entity $(bone_skirt_front_middle) { transformation: [-0.4892358772514792f,0.3685871551342867f,0.7904377049964082f,-0.14554708769609986f,0f,0.90630778703665f,-0.4226182617406994f,1.0508052995604686f,-0.8721515100084248f,-0.20676001602520633f,-0.44339828525072233f,0.08164505399951844f,0f,0f,0f,1f], start_interpolation: 0, interpolation_duration: 1 }
$data merge entity $(bone_lower) { transformation: [-0.4892358772514792f,0f,0.8721515100084248f,0f,0f,1f,0f,1.0245043589643037f,-0.8721515100084248f,0f,-0.4892358772514792f,0f,0f,0f,0f,1f], start_interpolation: 0, interpolation_duration: 1 }
data modify entity @s data merge value {"locators":{"locator_right_hand":{"posx":-0.10066406025531265,"posy":1.5296048084567118,"posz":-1.0823580716844936,"roty":95.47602001841656,"rotx":18.413281763069666},"locator_left_hand":{"posx":0.6825877662683615,"posy":1.4090252754088195,"posz":0.8205048117167648,"roty":52.58294651785623,"rotx":-12.349642127218736}},"cameras":{}}