execute if entity @s[tag=aj.grey_guardian.bone.head] run data modify entity @s {} merge value {transformation:[0.2998289416498495f,0.033622767918544356f,-0.9534002911823696f,0.06717944517252906f,-0.005408410726263448f,0.9994225763480958f,0.033544939695141f,3.153690542525916f,0.9539776490267198f,-0.004901363405248738f,0.2998376590660729f,-7.052463682959867f,0f,0f,0f,1f],start_interpolation:0}
execute if entity @s[tag=aj.grey_guardian.bone.sword] run data modify entity @s {} merge value {transformation:[0.49608801075538267f,-0.8366241265447302f,0.2322859368709921f,0.9769443951524188f,0.8342961502840598f,0.38519570077195964f,-0.39442896157355994f,2.7620483285726833f,0.24051324122793125f,0.38946674182793384f,0.8890832569585194f,-7.331782295257637f,0f,0f,0f,1f],start_interpolation:0}
execute if entity @s[tag=aj.grey_guardian.bone.axe] run data modify entity @s {} merge value {transformation:[0.00000827465862074202f,-0.000005032737750535626f,0.0000024902962563746097f,1.0211087791267492f,0.000004961460112354705f,0.0000044762160859993085f,-0.000007439583530343235f,2.730598031812179f,0.000002629436871973357f,0.000007391551953803389f,0.000006200888762954251f,-7.363414375331715f,0f,0f,0f,1f],start_interpolation:0}
execute if entity @s[tag=aj.grey_guardian.bone.left_arm_2] run data modify entity @s {} merge value {transformation:[0.8274658620742018f,-0.5032737750535626f,0.24902962563746095f,0.920806809555714f,0.4961460112354705f,0.4476216085999308f,-0.7439583530343234f,2.650936837859536f,0.2629436871973357f,0.7391551953803388f,0.6200888762954251f,-6.721827231153244f,0f,0f,0f,1f],start_interpolation:0}
execute if entity @s[tag=aj.grey_guardian.bone.left_arm] run data modify entity @s {} merge value {transformation:[0.5448865573019112f,-0.5117628507659724f,-0.6642269373094983f,0.5295732482118607f,-0.015943232902826437f,0.785685318593211f,-0.6184208869950067f,2.905720183206336f,0.8383581889599917f,0.3475591528401601f,0.41995021405013405f,-6.704990777782694f,0f,0f,0f,1f],start_interpolation:0}
execute if entity @s[tag=aj.grey_guardian.bone.left_shoulder] run data modify entity @s {} merge value {transformation:[0.5192534714838608f,0.05868929698447636f,-0.8526027203636095f,0.43678926587073774f,-0.02688132299801802f,0.9982672031440224f,0.05234487177257567f,3.132961714378749f,0.8541974167754405f,-0.00426116726720447f,0.5199313566497847f,-6.817966613553261f,0f,0f,0f,1f],start_interpolation:0}
execute if entity @s[tag=aj.grey_guardian.bone.right_arm_2] run data modify entity @s {} merge value {transformation:[0.7402123111255281f,0.11962637407732214f,-0.6616458758908101f,-0.7288677551226718f,-0.29986923801755616f,0.9394945805552346f,-0.16561513577603304f,2.6743126268472834f,0.6018007764609273f,0.3209976070509813f,0.7312977244040686f,-7.457578430063496f,0f,0f,0f,1f],start_interpolation:0}
execute if entity @s[tag=aj.grey_guardian.bone.right_arm] run data modify entity @s {} merge value {transformation:[0.8162670541629268f,0.17161727191064818f,-0.5515936985409862f,-0.5660811173548252f,-0.35818231234467907f,0.8995064729862651f,-0.2501870024186476f,2.968134457542932f,0.45322569147346053f,0.4017905138722868f,0.7957077701962244f,-7.173802783872887f,0f,0f,0f,1f],start_interpolation:0}
execute if entity @s[tag=aj.grey_guardian.bone.right_shoulder] run data modify entity @s {} merge value {transformation:[0.9865187918624793f,0.05868929698447636f,0.1527620362579074f,-0.35525824356927455f,-0.05865073185942914f,0.9982672031440224f,-0.004762644156821521f,3.178039766475862f,-0.1527768469191182f,-0.00426116726720447f,0.9882515254220322f,-7.166408818251908f,0f,0f,0f,1f],start_interpolation:0}
execute if entity @s[tag=aj.grey_guardian.bone.upper_body] run data modify entity @s {} merge value {transformation:[0.9141004924421146f,0.05868929698447636f,-0.401217965869615f,0.010089142402774223f,-0.052024492381063304f,0.9982672031440224f,0.027496241916011865f,2.55533125f,0.4021364717475601f,-0.00426116726720447f,0.9155698228665823f,-6.99480275924513f,0f,0f,0f,1f],start_interpolation:0}
execute if entity @s[tag=aj.grey_guardian.bone.body] run data modify entity @s {} merge value {transformation:[-0.7281489782149242f,0f,-0.6854188978460996f,8.583095530503864e-16f,0f,1f,0f,2.3229168749999998f,0.6854188978460996f,0f,-0.7281489782149242f,-7.008629375f,0f,0f,0f,1f],start_interpolation:0}