execute if entity @s[tag=aj.grey_guardian.bone.sword] run data modify entity @s {} merge value {transformation:[-0.9910648709258809f,0.0623934365423989f,-0.117887576500228f,0.014750813259126166f,-0.07281799395531921f,0.48740351334776627f,0.8701352509423904f,0.3326065109581279f,0.1117495475292431f,0.8709448169962801f,-0.47850513515982873f,1.2564029801310646f,0f,0f,0f,1f],start_interpolation:0}
execute if entity @s[tag=aj.grey_guardian.bone.axe] run data modify entity @s {} merge value {transformation:[-0.000009807465102586472f,-0.000001735414497673912f,-8.955248644296671e-7f,0.011404959669355286f,-0.0000017868139683997454f,0.000009824824195360828f,5.292687149114542e-7f,0.2724932414083475f,7.879873754573236e-7f,6.790920788197114e-7f,-0.00000994574833004557f,1.2386434036789074f,0f,0f,0f,1f],start_interpolation:0}
execute if entity @s[tag=aj.grey_guardian.bone.left_arm_2] run data modify entity @s {} merge value {transformation:[-0.9807465102586471f,-0.1735414497673912f,-0.0895524864429667f,-0.15745632898208922f,-0.17868139683997453f,0.9824824195360826f,0.052926871491145416f,0.7675993793940158f,0.07879873754573236f,0.06790920788197113f,-0.994574833004557f,0.8457105445022222f,0f,0f,0f,1f],start_interpolation:0}
execute if entity @s[tag=aj.grey_guardian.bone.left_arm] run data modify entity @s {} merge value {transformation:[-0.4667432179773592f,-0.35929105898843094f,0.8081217132357673f,-0.12022279315932619f,-0.8112286374784671f,0.5378462983797727f,-0.22941110926458244f,1.1257884150227984f,-0.35221991171279543f,-0.7626475557229226f,-0.5425033083243664f,0.5480933452084689f,0f,0f,0f,1f],start_interpolation:0}
execute if entity @s[tag=aj.grey_guardian.bone.right_arm_2] run data modify entity @s {} merge value {transformation:[-0.3385323597609988f,-0.16713179002712758f,-0.9259928758672917f,0.11036022085404491f,-0.29798756625717804f,0.9524902907477945f,-0.0629734578001394f,0.7318141888987378f,0.8925240902915582f,0.2546158101797887f,-0.37225198113068025f,-0.7979830657125995f,0f,0f,0f,1f],start_interpolation:0}