execute if entity @s[tag=aj.grey_guardian.bone.head] run data modify entity @s {} merge value {transformation:[-0.9897157820781946f,0.1382992956264646f,-0.03655099909129028f,0.13487873809988157f,0.13552455245335124f,0.9883109501537838f,0.06981805990174761f,1.1997898534806979f,0.04577954114740118f,0.0641464779652704f,-0.9968898951122859f,0.1652789453937822f,0f,0f,0f,1f],start_interpolation:0}
execute if entity @s[tag=aj.grey_guardian.bone.sword] run data modify entity @s {} merge value {transformation:[-0.9118967795908548f,0.20818950305293843f,-0.35369675456582744f,-0.6904231411081081f,-0.2923607804041421f,-0.9343399218448409f,0.20379912788934565f,2.0371408232272743f,-0.28804415885990386f,0.28925082759699666f,0.9128880113579885f,0.362733451115383f,0f,0f,0f,1f],start_interpolation:0}
execute if entity @s[tag=aj.grey_guardian.bone.axe] run data modify entity @s {} merge value {transformation:[-0.000009870138827155203f,3.07105409467644e-7f,0.0000015767199498196f,-0.70238472938103f,-5.933865424260327e-7f,-0.000009818351543744027f,-0.0000018021835019572784f,2.092329376324415f,0.000001492733045105883f,-0.0000018723405755724638f,0.000009709072500765143f,0.390144151234167f,0f,0f,0f,1f],start_interpolation:0}
execute if entity @s[tag=aj.grey_guardian.bone.left_arm_2] run data modify entity @s {} merge value {transformation:[-0.9870138827155202f,0.030710540946764397f,0.15767199498196f,-0.6648127540260755f,-0.05933865424260326f,-0.9818351543744026f,-0.18021835019572782f,1.531541573845339f,0.1492733045105883f,-0.18723405755724637f,0.9709072500765142f,0.7250259837594484f,0f,0f,0f,1f],start_interpolation:0}
execute if entity @s[tag=aj.grey_guardian.bone.left_arm] run data modify entity @s {} merge value {transformation:[-0.7146990175357717f,-0.0652036641979079f,0.696386240895503f,-0.46996125957157636f,-0.5313664127200629f,-0.5968116962284407f,-0.6012200384866953f,1.3312621831268157f,0.45481320315753215f,-0.7997276295215127f,0.39189369580727806f,0.35061607535388106f,0f,0f,0f,1f],start_interpolation:0}
execute if entity @s[tag=aj.grey_guardian.bone.left_shoulder] run data modify entity @s {} merge value {transformation:[-0.8982602811776093f,-0.05400863245172177f,0.43613247400235794f,-0.33242467173559137f,-0.4390314604037255f,0.1542969359561297f,-0.8851236254503222f,1.4031431400308552f,-0.019489587848248446f,-0.9865472736646961f,-0.16231029785648407f,0.12941947642498083f,0f,0f,0f,1f],start_interpolation:0}
execute if entity @s[tag=aj.grey_guardian.bone.right_arm_2] run data modify entity @s {} merge value {transformation:[-0.861223806283477f,-0.23204909318633743f,-0.45215790808300427f,0.7044316130221336f,-0.19237852977828573f,0.97232388739672f,-0.13257737091251837f,0.6442814745169072f,0.47040839360171405f,-0.02719331441970176f,-0.8820297426277223f,-0.462168211088099f,0f,0f,0f,1f],start_interpolation:0}
execute if entity @s[tag=aj.grey_guardian.bone.right_arm] run data modify entity @s {} merge value {transformation:[-0.7575384826914611f,-0.2861988080040257f,-0.5867074991327397f,0.4331287406541612f,-0.26189580984103356f,0.9565113444892435f,-0.12843921772997907f,0.9839155368198772f,0.5979515298326679f,0.05635858550792981f,-0.7995484211793037f,-0.3958143855128547f,0f,0f,0f,1f],start_interpolation:0}
execute if entity @s[tag=aj.grey_guardian.bone.right_shoulder] run data modify entity @s {} merge value {transformation:[-0.20728967350859318f,0.1441695956029883f,-0.9675981185184124f,0.3875261806839123f,-0.061878457298980394f,0.9851685274465726f,0.16004383477988143f,1.1966337614727842f,0.9763206685198255f,0.09304891311790021f,-0.19529427024001078f,-0.1927563716800919f,0f,0f,0f,1f],start_interpolation:0}
execute if entity @s[tag=aj.grey_guardian.bone.upper_body] run data modify entity @s {} merge value {transformation:[-0.690823209940729f,0.1441695956029883f,-0.70850435447558f,0.00479685642432109f,0.03287632190679626f,0.9851685274465726f,0.16841056969986307f,0.61783125f,0.7222758753170897f,0.09304891311790021f,-0.6853170504974389f,0.07030097089108517f,0f,0f,0f,1f],start_interpolation:0}
execute if entity @s[tag=aj.grey_guardian.bone.body] run data modify entity @s {} merge value {transformation:[-0.9175748251863703f,0f,-0.3975631272945238f,-6.5972488474317385e-18f,0f,1f,0f,0.385416875f,0.3975631272945238f,0f,-0.9175748251863703f,0.053870625f,0f,0f,0f,1f],start_interpolation:0}