execute if entity @s[tag=aj.grey_guardian.bone.head] run data modify entity @s {} merge value {transformation:[0.3629643749505605f,0.048605219941521866f,-0.9305344674493178f,0.07236466519024255f,-0.011789163075930038f,0.9987982189037965f,0.04757240322469329f,3.1528537335462303f,0.9317284358388545f,-0.006296865016813109f,0.36310118609038167f,-7.0556317686874666f,0f,0f,0f,1f],start_interpolation:0}
execute if entity @s[tag=aj.grey_guardian.bone.sword] run data modify entity @s {} merge value {transformation:[0.5294108265884652f,-0.7968353431376243f,0.29116595374058213f,0.9419865508272658f,0.830743352526117f,0.4173355094562322f,-0.36837013285630876f,2.731385535761939f,0.17201644957557352f,0.4369033170778769f,0.8829076013953908f,-7.4322119225709535f,0f,0f,0f,1f],start_interpolation:0}
execute if entity @s[tag=aj.grey_guardian.bone.axe] run data modify entity @s {} merge value {transformation:[0.000008560689547560992f,-0.000004251423035307329f,0.0000029393871206661804f,0.9825124819396776f,0.000004872985815084324f,0.000004743036501576632f,-0.000007331958400775243f,2.698390105858055f,0.000001722963643338702f,0.000007709021138871649f,0.000006132078714772267f,-7.466984799657825f,0f,0f,0f,1f],start_interpolation:0}
execute if entity @s[tag=aj.grey_guardian.bone.left_arm_2] run data modify entity @s {} merge value {transformation:[0.8560689547560991f,-0.4251423035307329f,0.29393871206661804f,0.9411483793297319f,0.48729858150843236f,0.4743036501576632f,-0.7331958400775243f,2.6360200568405343f,0.1722963643338702f,0.7709021138871648f,0.6132078714772267f,-6.817031384021211f,0f,0f,0f,1f],start_interpolation:0}
execute if entity @s[tag=aj.grey_guardian.bone.left_arm] run data modify entity @s {} merge value {transformation:[0.6500161441916209f,-0.44896619481878136f,-0.6131136666232472f,0.5596620261087614f,-0.029883473995956228f,0.7910870007682377f,-0.6109732688076027f,2.896644030282228f,0.7593325952915435f,0.4154644547075698f,0.5008026523515533f,-6.747713092613905f,0f,0f,0f,1f],start_interpolation:0}
execute if entity @s[tag=aj.grey_guardian.bone.left_shoulder] run data modify entity @s {} merge value {transformation:[0.6265148474883513f,0.07363753307359916f,-0.7759231016018808f,0.4564947286459633f,-0.04053350501405162f,0.9972580644931076f,0.061914358389121814f,3.126029012588213f,0.7783547911125903f,-0.007339381874201446f,0.6277817714984888f,-6.846455985843869f,0f,0f,0f,1f],start_interpolation:0}
execute if entity @s[tag=aj.grey_guardian.bone.right_arm_2] run data modify entity @s {} merge value {transformation:[0.7596927559662925f,0.13611110016921996f,-0.6358778852445367f,-0.7563283561349383f,-0.32626584053944896f,0.9256444655107373f,-0.1916583542828972f,2.686479491249258f,0.5625100157592097f,0.35306669607889424f,0.7476137975522573f,-7.406879874714992f,0f,0f,0f,1f],start_interpolation:0}
execute if entity @s[tag=aj.grey_guardian.bone.right_arm] run data modify entity @s {} merge value {transformation:[0.8391911495515735f,0.2119878828463379f,-0.5008186818007454f,-0.5703858292237267f,-0.37148624867923025f,0.8960177940774174f,-0.24320789407186597f,2.9772415003575876f,0.3971853239440525f,0.39014516557682244f,0.8306807859945311f,-7.134405645208491f,0f,0f,0f,1f],start_interpolation:0}
execute if entity @s[tag=aj.grey_guardian.bone.right_shoulder] run data modify entity @s {} merge value {transformation:[0.9730428700345305f,0.07363753307359916f,0.21855225187080235f,-0.35633401313621643f,-0.07345837552382639f,0.9972580644931076f,-0.008956554519527555f,3.183880698860585f,-0.21861253427094374f,-0.007339381874201446f,0.975784142796623f,-7.140982515946833f,0f,0f,0f,1f],start_interpolation:0}
execute if entity @s[tag=aj.grey_guardian.bone.upper_body] run data modify entity @s {} merge value {transformation:[0.9380840723298409f,0.07363753307359916f,-0.33849045328324473f,0.010059117777880332f,-0.06676651877558497f,0.9972580644931076f,0.03191527493301955f,2.55533125f,0.3399124964040765f,-0.007339381874201446f,0.9404284280380157f,-6.994780900456318f,0f,0f,0f,1f],start_interpolation:0}
execute if entity @s[tag=aj.grey_guardian.bone.body] run data modify entity @s {} merge value {transformation:[-0.7296344803349261f,0f,-0.6838373528159911f,8.583095530503864e-16f,0f,1f,0f,2.3229168749999998f,0.6838373528159911f,0f,-0.7296344803349261f,-7.008629375f,0f,0f,0f,1f],start_interpolation:0}