execute if entity @s[tag=aj.grey_guardian.bone.head] run data modify entity @s {} merge value {transformation:[0.3298479372974502f,0.0855948693639213f,-0.9401456571187207f,0.09141047322391858f,-0.044513664623405405f,0.9961835349816223f,0.07507928005324721f,3.151927171036153f,0.9429840252742421f,0.017084582818792618f,0.33239922549172035f,-7.039497334634918f,0f,0f,0f,1f],start_interpolation:0}
execute if entity @s[tag=aj.grey_guardian.bone.sword] run data modify entity @s {} merge value {transformation:[0.5324304198572396f,-0.8191288380194215f,0.21341460759656586f,0.993754232425997f,0.8086547661947794f,0.41769170817213896f,-0.41425970843748156f,2.722758366533015f,0.25019056161476233f,0.3931432101018576f,0.8847842105449761f,-7.3471064660503655f,0f,0f,0f,1f],start_interpolation:0}
execute if entity @s[tag=aj.grey_guardian.bone.axe] run data modify entity @s {} merge value {transformation:[0.000008478782265413198f,-0.000004861945368520891f,0.00000211464855927242f,1.0366016449696833f,0.00000455516391873128f,0.00000463914037882171f,-0.000007597950922391817f,2.6895886863827467f,0.0000027130670779034083f,0.00000740539423522504f,0.0000061481219288244786f,-7.378793593168626f,0f,0f,0f,1f],start_interpolation:0}
execute if entity @s[tag=aj.grey_guardian.bone.left_arm_2] run data modify entity @s {} merge value {transformation:[0.8478782265413198f,-0.486194536852089f,0.21146485592724196f,0.9293622393718166f,0.4555163918731279f,0.46391403788217095f,-0.7597950922391816f,2.6091755489372686f,0.27130670779034083f,0.740539423522504f,0.6148121928824478f,-6.738423472293155f,0f,0f,0f,1f],start_interpolation:0}
execute if entity @s[tag=aj.grey_guardian.bone.left_arm] run data modify entity @s {} merge value {transformation:[0.5634838139180643f,-0.4743461501956169f,-0.6763739507454066f,0.5482230652899616f,-0.06356435275035788f,0.7914074605608752f,-0.6079751676080322f,2.877099054985412f,0.8236780709183537f,0.3855774386075826f,0.4157937882232436f,-6.703614800427197f,0f,0f,0f,1f],start_interpolation:0}
execute if entity @s[tag=aj.grey_guardian.bone.left_shoulder] run data modify entity @s {} merge value {transformation:[0.5484658415335562f,0.1001835624146559f,-0.8301496699347637f,0.4609654402010746f,-0.06958742610591975f,0.9948213792835713f,0.07408112747715129f,3.1107169733516122f,0.8332723509146582f,0.017137010889928597f,0.5525970612108947f,-6.80763352671631f,0f,0f,0f,1f],start_interpolation:0}
execute if entity @s[tag=aj.grey_guardian.bone.right_arm_2] run data modify entity @s {} merge value {transformation:[0.7224181893121974f,0.14965621955801683f,-0.6750666453754689f,-0.7258552541698275f,-0.3502881683905437f,0.9209576152074405f,-0.17069056821342643f,2.715042075412401f,0.5961628626780473f,0.35977782997153535f,0.7177393358486691f,-7.450374972756599f,0f,0f,0f,1f],start_interpolation:0}
execute if entity @s[tag=aj.grey_guardian.bone.right_arm] run data modify entity @s {} merge value {transformation:[0.8028254612505781f,0.21086213847153118f,-0.5576813044445814f,-0.5496061136231516f,-0.40164767779837063f,0.8825508235043641f,-0.24450600575639256f,2.995539272445279f,0.44062503524762775f,0.42028704773164455f,0.7932265602096573f,-7.161209037845073f,0f,0f,0f,1f],start_interpolation:0}
execute if entity @s[tag=aj.grey_guardian.bone.right_shoulder] run data modify entity @s {} merge value {transformation:[0.9824713138531922f,0.1001835624146559f,0.1572048704000341f,-0.33019265149962984f,-0.09618916225539186f,0.9948213792835713f,-0.03283395171067113f,3.196296171185887f,-0.15968018825198282f,0.017137010889928597f,0.9870200404944015f,-7.150457581941132f,0f,0f,0f,1f],start_interpolation:0}
execute if entity @s[tag=aj.grey_guardian.bone.upper_body] run data modify entity @s {} merge value {transformation:[0.9130740171564806f,0.1001835624146559f,-0.3952962092097975f,0.009734139480195398f,-0.0987667860207273f,0.9948213792835713f,0.023990525202017735f,2.55533125f,0.3956525763505946f,0.017137010889928597f,0.9182403616074037f,-6.994550574403487f,0f,0f,0f,1f],start_interpolation:0}
execute if entity @s[tag=aj.grey_guardian.bone.body] run data modify entity @s {} merge value {transformation:[-0.7453498244253339f,0f,-0.6666735627195095f,8.583095530503864e-16f,0f,1f,0f,2.3229168749999998f,0.6666735627195095f,0f,-0.7453498244253339f,-7.008629375f,0f,0f,0f,1f],start_interpolation:0}