execute if entity @s[tag=aj.grey_guardian.bone.head] run data modify entity @s {} merge value {transformation:[-0.5963901897310567f,-0.2785574210771948f,-0.752811068433094f,-0.13375802521690286f,-0.8016379706102864f,0.15858445166312485f,0.5763918248609424f,2.7504974311271493f,-0.04117408976984892f,0.9472363669399143f,-0.31788041694652414f,-6.436189080278113f,0f,0f,0f,1f],start_interpolation:0}
execute if entity @s[tag=aj.grey_guardian.bone.sword] run data modify entity @s {} merge value {transformation:[-0.8203541251522481f,0.5308466836841312f,-0.2126520815022729f,-0.7335237578557394f,0.1722365479519611f,0.5839580841400861f,0.793301662368756f,1.3058070469619385f,0.5453014587320312f,0.6141618307815946f,-0.570483623529825f,-6.554143401074277f,0f,0f,0f,1f],start_interpolation:0}
execute if entity @s[tag=aj.grey_guardian.bone.axe] run data modify entity @s {} merge value {transformation:[-0.00000987025743028671f,0.0000015896472597402856f,-2.2592000679487136e-7f,-0.7558049542209654f,0.0000012194541841079048f,0.000008337107464908725f,0.0000053856820005849685f,1.2655465434553055f,0.0000010444854009184225f,0.000005288256868587548f,-0.000008422789890476012f,-6.596838162039709f,0f,0f,0f,1f],start_interpolation:0}
execute if entity @s[tag=aj.grey_guardian.bone.left_arm_2] run data modify entity @s {} merge value {transformation:[-0.9870257430286709f,0.15896472597402855f,-0.022592000679487134f,-0.7334073662345122f,0.12194541841079047f,0.8337107464908725f,0.5385682000584968f,1.9116376321667274f,0.10444854009184223f,0.5288256868587548f,-0.8422789890476011f,-6.69736232648266f,0f,0f,0f,1f],start_interpolation:0}
execute if entity @s[tag=aj.grey_guardian.bone.left_arm] run data modify entity @s {} merge value {transformation:[-0.900220594869527f,-0.16107059780377644f,0.4045480726636685f,-0.571737542811835f,-0.08825621176593706f,0.977278562417742f,0.19271080022520046f,2.3476618349385223f,-0.42639620267713546f,0.13777835084600604f,-0.8939817696019723f,-6.652557398832892f,0f,0f,0f,1f],start_interpolation:0}
execute if entity @s[tag=aj.grey_guardian.bone.left_shoulder] run data modify entity @s {} merge value {transformation:[-0.9142303669743655f,-0.28254650916611124f,-0.290431241880004f,-0.5059428728456571f,-0.38590922701713576f,0.38866111604673814f,0.8366699500856598f,2.519084501564696f,-0.12351884311696527f,0.876989171558776f,-0.46436309970076f,-6.454324073916187f,0f,0f,0f,1f],start_interpolation:0}
execute if entity @s[tag=aj.grey_guardian.bone.right_arm_2] run data modify entity @s {} merge value {transformation:[-0.7169391086270589f,-0.5156241502002872f,0.469180189534117f,0.7244002847912623f,-0.3078387212820861f,0.8379968610289923f,0.450551420578124f,3.042051323816013f,-0.625486719443705f,0.1785861042628658f,-0.759521801638218f,-6.885894138551551f,0f,0f,0f,1f],start_interpolation:0}
execute if entity @s[tag=aj.grey_guardian.bone.right_arm] run data modify entity @s {} merge value {transformation:[-0.6999723351084364f,-0.6473953075376319f,-0.30152619431999245f,0.33317987659840664f,-0.651765417902815f,0.4064783221617437f,0.6402946303371146f,3.145363210042976f,-0.2919598775667842f,0.6447128736040786f,-0.7064734535001012f,-6.7137528553634604f,0f,0f,0f,1f],start_interpolation:0}
execute if entity @s[tag=aj.grey_guardian.bone.right_shoulder] run data modify entity @s {} merge value {transformation:[-0.3693022266196631f,-0.28254650916611124f,-0.8853153876285014f,0.16454725683203958f,-0.8878458545577872f,0.38866111604673814f,0.24631742816507357f,3.068365474392342f,0.274491537134228f,0.876989171558776f,-0.39439116243944944f,-6.480953409890671f,0f,0f,0f,1f],start_interpolation:0}
execute if entity @s[tag=aj.grey_guardian.bone.upper_body] run data modify entity @s {} merge value {transformation:[-0.7745417914323474f,-0.28254650916611124f,-0.565908546925044f,0.000851606228273631f,-0.6317891804793987f,0.38866111604673814f,0.6706600989342317f,2.55533125f,0.030453977637409466f,0.876989171558776f,-0.4795441045563084f,-6.991534321198148f,0f,0f,0f,1f],start_interpolation:0}
execute if entity @s[tag=aj.grey_guardian.bone.body] run data modify entity @s {} merge value {transformation:[-0.9847998945495402f,0f,-0.17369273932785562f,8.583095530503864e-16f,0f,1f,0f,2.3229168749999998f,0.17369273932785562f,0f,-0.9847998945495402f,-7.008629375f,0f,0f,0f,1f],start_interpolation:0}