execute if entity @s[tag=aj.grey_guardian.bone.head] run data modify entity @s {} merge value {transformation:[0.34732145654751667f,0.012957281874995704f,-0.9376566080757515f,0.05442146343343995f,0.01513294629668606f,0.9996968815870965f,0.019420063888066226f,3.1535344575440023f,0.9376240183346909f,-0.020934511970592158f,0.34702009516807525f,-7.06442673875498f,0f,0f,0f,1f],start_interpolation:0}
execute if entity @s[tag=aj.grey_guardian.bone.sword] run data modify entity @s {} merge value {transformation:[0.5014106556329727f,-0.8111098973699866f,0.30114463104322775f,0.9330075201175392f,0.8486852585938032f,0.39338186431797206f,-0.35353081997371316f,2.7596166440723304f,0.16828751071687276f,0.4328411293005391f,0.8856228714992358f,-7.420737762694195f,0f,0f,0f,1f],start_interpolation:0}
execute if entity @s[tag=aj.grey_guardian.bone.axe] run data modify entity @s {} merge value {transformation:[0.000008394272678751418f,-0.000004398565731077884f,0.0000031919908684322308f,0.9745749914270334f,0.000005164149245863783f,0.000004625516009450461f,-0.000007206674976212125f,2.7278753663708804f,0.0000016934428721430207f,0.000007697871209347732f,0.000006154269256628543f,-7.455448554773642f,0f,0f,0f,1f],start_interpolation:0}
execute if entity @s[tag=aj.grey_guardian.bone.left_arm_2] run data modify entity @s {} merge value {transformation:[0.8394272678751418f,-0.43985657310778836f,0.31919908684322307f,0.9361619888009242f,0.5164149245863783f,0.4625516009450461f,-0.7206674976212124f,2.666516404039303f,0.16934428721430206f,0.7697871209347732f,0.6154269256628543f,-6.805217846895497f,0f,0f,0f,1f],start_interpolation:0}
execute if entity @s[tag=aj.grey_guardian.bone.left_arm] run data modify entity @s {} merge value {transformation:[0.6358001807239038f,-0.47961188883427697f,-0.6047566173927063f,0.5460274922251289f,0.004456961138517492f,0.7857802002952615f,-0.6184897835222087f,2.91718697010525f,0.771840829244515f,0.3905405393973277f,0.5017368049070978f,-6.748463458168911f,0f,0f,0f,1f],start_interpolation:0}
execute if entity @s[tag=aj.grey_guardian.bone.left_shoulder] run data modify entity @s {} merge value {transformation:[0.6077296253056494f,0.042897030651306636f,-0.7929845819983863f,0.43832155552696445f,-0.008741863799080353f,0.998840895009199f,0.04733335266533142f,3.141658846522886f,0.7940958898918775f,-0.021833717469161486f,0.6074002028632386f,-6.853453592154135f,0f,0f,0f,1f],start_interpolation:0}
execute if entity @s[tag=aj.grey_guardian.bone.right_arm_2] run data modify entity @s {} merge value {transformation:[0.7716354285269443f,0.1123759921743305f,-0.6260594235572801f,-0.7580346638698833f,-0.2897829367139401f,0.9382972398847578f,-0.18874358059041468f,2.6566856116329993f,0.5662195819922548f,0.32706257200645944f,0.7565880378125437f,-7.411800535958f,0f,0f,0f,1f],start_interpolation:0}
execute if entity @s[tag=aj.grey_guardian.bone.right_arm] run data modify entity @s {} merge value {transformation:[0.8485807344242795f,0.1826457628385794f,-0.49653928593925345f,-0.58227778833412f,-0.3395228400672645f,0.9077698300143657f,-0.2463294070718078f,2.9570210733738373f,0.4057523607283254f,0.3776168177303587f,0.8323283971669999f,-7.142974372568304f,0f,0f,0f,1f],start_interpolation:0}
execute if entity @s[tag=aj.grey_guardian.bone.right_shoulder] run data modify entity @s {} merge value {transformation:[0.9757463606316319f,0.042897030651306636f,0.21465992750261076f,-0.3746707395023106f,-0.04658064514822522f,0.998840895009199f,0.012128889264785597f,3.1700523352575054f,-0.21389082077475952f,-0.021833717469161486f,0.9766135395179487f,-7.1518167869801035f,0f,0f,0f,1f],start_interpolation:0}
execute if entity @s[tag=aj.grey_guardian.bone.upper_body] run data modify entity @s {} merge value {transformation:[0.9382728288146837f,0.042897030651306636f,-0.34322579079869847f,0.010308314449650226f,-0.03276887020680735f,0.998840895009199f,0.0352571638478157f,2.55533125f,0.34434038370986997f,-0.021833717469161486f,0.9385909593257415f,-6.994965380310913f,0f,0f,0f,1f],start_interpolation:0}
execute if entity @s[tag=aj.grey_guardian.bone.body] run data modify entity @s {} merge value {transformation:[-0.7171279510174949f,0f,-0.6969415340395846f,8.583095530503864e-16f,0f,1f,0f,2.3229168749999998f,0.6969415340395846f,0f,-0.7171279510174949f,-7.008629375f,0f,0f,0f,1f],start_interpolation:0}