execute if entity @s[tag=aj.grey_guardian.bone.head] run data modify entity @s {} merge value {transformation:[-0.7115390394126555f,0.19213085467426758f,-0.6758682786415198f,4.55030083137076f,0.06902200929874111f,0.9763494574947319f,0.20488459942637705f,1.8835642628593077f,0.6992482803869309f,0.09913360445317193f,-0.7079720127547713f,-3.8172655061998264f,0f,0f,0f,1f],start_interpolation:0}
execute if entity @s[tag=aj.grey_guardian.bone.sword] run data modify entity @s {} merge value {transformation:[0.1985818334023694f,-0.7532223332168388f,-0.6270736577037301f,5.162593532938494f,0.7538316488195989f,0.5262706441534558f,-0.39341715054154847f,1.286807473215258f,0.6263410418298314f,-0.3945824702716631f,0.6723106227584345f,-3.1016821833465005f,0f,0f,0f,1f],start_interpolation:0}
execute if entity @s[tag=aj.grey_guardian.bone.axe] run data modify entity @s {} merge value {transformation:[0.0000018406264352118786f,-0.000006905219295428503f,-0.000006995001129952813f,5.195791725591252f,0.0000037370562895760962f,0.0000070737948343978756f,-0.00000599965306741862f,1.2404361823112344f,0.00000909101229866834f,-0.0000015097592930291322f,0.0000038825406968341275f,-3.0754565117163293f,0f,0f,0f,1f],start_interpolation:0}
execute if entity @s[tag=aj.grey_guardian.bone.left_arm_2] run data modify entity @s {} merge value {transformation:[0.18406264352118784f,-0.6905219295428502f,-0.6995001129952813f,4.56431639436883f,0.3737056289576096f,0.7073794834397875f,-0.599965306741862f,1.34437945634873f,0.9091012298668338f,-0.1509759293029132f,0.38825406968341275f,-2.9395331644327474f,0f,0f,0f,1f],start_interpolation:0}
execute if entity @s[tag=aj.grey_guardian.bone.left_arm] run data modify entity @s {} merge value {transformation:[-0.3910843391319672f,-0.4254564566729f,-0.8161126412212062f,4.381651395098076f,0.04689033235773703f,0.8763745205922026f,-0.4793422539148494f,1.6384539475572102f,0.9191595815836843f,-0.2257310415785295f,-0.3227865555607588f,-3.253245469597669f,0f,0f,0f,1f],start_interpolation:0}
execute if entity @s[tag=aj.grey_guardian.bone.left_shoulder] run data modify entity @s {} merge value {transformation:[-0.3948414542654764f,0.2687647466346975f,-0.878558897832075f,4.472479259073164f,0.027285188144605982f,0.9592638139767485f,0.28119113375548566f,1.8562567539653507f,0.9183440229573213f,0.08705427135510828f,-0.386090416013392f,-3.384863693955771f,0f,0f,0f,1f],start_interpolation:0}
execute if entity @s[tag=aj.grey_guardian.bone.right_arm_2] run data modify entity @s {} merge value {transformation:[-0.5022423430771409f,0.2519472958459459f,-0.8272092775932212f,4.546208569967412f,-0.40363486767010387f,0.7776996169258056f,0.48193588726550846f,1.4308316405158954f,0.7647427818693823f,0.575939116530012f,-0.28889896439639284f,-4.727230422494896f,0f,0f,0f,1f],start_interpolation:0}
execute if entity @s[tag=aj.grey_guardian.bone.right_arm] run data modify entity @s {} merge value {transformation:[-0.14530444813319998f,-0.1598016135289162f,-0.9763964674589216f,4.397560565234294f,-0.37273269358285527f,0.9230017146554332f,-0.09559379622966882f,1.7415869914579898f,0.9164916565289484f,0.35004468151463897f,-0.1936795406235246f,-4.453927920585896f,0f,0f,0f,1f],start_interpolation:0}
execute if entity @s[tag=aj.grey_guardian.bone.right_shoulder] run data modify entity @s {} merge value {transformation:[0.5168679258509898f,0.1792230604748853f,-0.8370941654440742f,4.5056395120290595f,-0.16901756703765564f,0.9799558779153468f,0.10544922651130956f,1.9302031657622432f,0.8392142808956289f,0.08698029623528247f,0.5367996076820989f,-4.250693884047738f,0f,0f,0f,1f],start_interpolation:0}
execute if entity @s[tag=aj.grey_guardian.bone.upper_body] run data modify entity @s {} merge value {transformation:[-0.0462458598371156f,0.1792230604748853f,-0.9827209242923147f,4.384281885953626f,-0.079922342778305f,0.9799558779153468f,0.18247985221385127f,1.30533125f,0.9957277436994276f,0.08698029623528247f,-0.03099497530358014f,-3.8692483913479627f,0f,0f,0f,1f],start_interpolation:0}
execute if entity @s[tag=aj.grey_guardian.bone.body] run data modify entity @s {} merge value {transformation:[-0.7661563113317056f,0f,-0.6426542667769309f,4.375000000000001f,0f,1f,0f,1.072916875f,0.6426542667769309f,0f,-0.7661563113317056f,-3.8836293749999995f,0f,0f,0f,1f],start_interpolation:0}