execute if entity @s[tag=aj.grey_guardian.bone.sword] run data modify entity @s {} merge value {transformation:[-0.984101920732981f,0.11197644949622383f,-0.13785747846191204f,0.04747806784561165f,-0.07815641206649775f,0.4239696925887152f,0.9022977751380761f,0.2838363944622044f,0.15948349401285608f,0.8987274194795937f,-0.4084777112805561f,1.1900054595836194f,0f,0f,0f,1f],start_interpolation:0}
execute if entity @s[tag=aj.grey_guardian.bone.axe] run data modify entity @s {} merge value {transformation:[-0.000009762271898716523f,-0.000001634816376051518f,-0.0000014231734933322161f,0.042808905396118396f,-0.0000018142871969414973f,0.0000097557283656895f,0.0000012385984102587227f,0.22514932584643832f,0.0000011859213053756174f,0.0000014673579902242812f,-0.000009820409929630286f,1.1682286515696485f,0f,0f,0f,1f],start_interpolation:0}
execute if entity @s[tag=aj.grey_guardian.bone.left_arm_2] run data modify entity @s {} merge value {transformation:[-0.9762271898716522f,-0.16348163760515178f,-0.1423173493332216f,-0.143725034817074f,-0.18142871969414973f,0.97557283656895f,0.12385984102587226f,0.7474015183601526f,0.11859213053756174f,0.14673579902242812f,-0.9820409929630285f,0.8211001579825699f,0f,0f,0f,1f],start_interpolation:0}
execute if entity @s[tag=aj.grey_guardian.bone.left_arm] run data modify entity @s {} merge value {transformation:[-0.49001242533139644f,-0.3962048313299192f,0.7764725073379434f,-0.12022279315932619f,-0.7829278052780666f,0.5916880608123039f,-0.19216995190363428f,1.1257884150227984f,-0.38329084876019703f,-0.7020875802369713f,-0.6001342807519678f,0.5480933452084689f,0f,0f,0f,1f],start_interpolation:0}
execute if entity @s[tag=aj.grey_guardian.bone.right_arm_2] run data modify entity @s {} merge value {transformation:[-0.3706429417212053f,-0.1671320461668288f,-0.9136140809424623f,0.11036022085404491f,-0.3000031760375448f,0.9524904536465122f,-0.05253598842362327f,0.7318141888987378f,0.8789891376573645f,0.25461503265979835f,-0.40317400836861095f,-0.7979830657125995f,0f,0f,0f,1f],start_interpolation:0}