execute if entity @s[tag=aj.grey_guardian.bone.head] run data modify entity @s {} merge value {transformation:[-0.7662961350267006f,0.15849976206921346f,-0.6226299533969947f,0.10663102945962682f,-0.08029542107448973f,0.9378689576824194f,0.3375714199545965f,1.1961277392996776f,0.6374502951584627f,0.3086740086882841f,-0.7059585522980042f,0.20636021010049263f,0f,0f,0f,1f],start_interpolation:0}
execute if entity @s[tag=aj.grey_guardian.bone.sword] run data modify entity @s {} merge value {transformation:[0.5077167947623542f,-0.7162965180004555f,-0.47868878680899263f,0.6609439015185656f,0.6629512878552977f,0.6796786150240022f,-0.3138989808999962f,0.2921872338602717f,0.5501992786684147f,-0.1579755632351962f,0.8199539469831699f,0.6220960161374559f,0f,0f,0f,1f],start_interpolation:0}
execute if entity @s[tag=aj.grey_guardian.bone.axe] run data modify entity @s {} merge value {transformation:[0.000004561051639965928f,-0.000005047767007549784f,-0.000007329178410644408f,0.6859958450486052f,0.0000029197082714976338f,0.000008628639462578903f,-0.000004125758673768299f,0.2382738571457042f,0.000008406670657692762f,-2.581264463745807e-7f,0.000005409367725600619f,0.6422442270895378f,0f,0f,0f,1f],start_interpolation:0}
execute if entity @s[tag=aj.grey_guardian.bone.left_arm_2] run data modify entity @s {} merge value {transformation:[0.4561051639965928f,-0.5047767007549784f,-0.7329178410644407f,0.14348245887199867f,0.29197082714976336f,0.8628639462578902f,-0.41257586737682994f,0.4954589054343527f,0.8406670657692762f,-0.025812644637458068f,0.5409367725600619f,0.902197167547677f,0f,0f,0f,1f],start_interpolation:0}
execute if entity @s[tag=aj.grey_guardian.bone.left_arm] run data modify entity @s {} merge value {transformation:[-0.4761540055297902f,-0.5439807380174703f,-0.6909141188917081f,-0.05635966532814056f,-0.31232919072282816f,0.8390894815997696f,-0.44539793274223105f,0.8510654753061521f,0.8220266660153793f,0.0037146378825215765f,-0.5694368813354488f,0.6744499137570128f,0f,0f,0f,1f],start_interpolation:0}
execute if entity @s[tag=aj.grey_guardian.bone.left_shoulder] run data modify entity @s {} merge value {transformation:[-0.4761540055297902f,0.06571014322511354f,-0.8769033812771347f,0.0017282643507083692f,-0.31232919072282816f,0.9195481401921755f,0.23849883540917804f,1.109889296571518f,0.8220266660153793f,0.3874446992106694f,-0.4173233343741926f,0.6229995268980415f,0f,0f,0f,1f],start_interpolation:0}
execute if entity @s[tag=aj.grey_guardian.bone.right_arm_2] run data modify entity @s {} merge value {transformation:[0.2987525363001815f,0.04381959104754745f,-0.9533240611117686f,-0.04957900997769579f,-0.18538546276658713f,0.9825807863223776f,-0.012931687628338608f,0.7870881533329215f,0.936151244323815f,0.1805957967133352f,0.3016720171982291f,-0.7217858112468782f,0f,0f,0f,1f],start_interpolation:0}
execute if entity @s[tag=aj.grey_guardian.bone.right_arm] run data modify entity @s {} merge value {transformation:[0.4523129239099165f,0.09763840674062262f,-0.8864985958213445f,0.005354324882772571f,-0.2666188153825257f,0.9633370976788611f,-0.02993398603071984f,1.1349137852345192f,0.8510742776914838f,0.24989673420199274f,0.4617620557030404f,-0.45842477860658426f,0f,0f,0f,1f],start_interpolation:0}
execute if entity @s[tag=aj.grey_guardian.bone.right_shoulder] run data modify entity @s {} merge value {transformation:[0.4523129239099165f,0.09763840674062262f,-0.8864985958213445f,0.08086976467464624f,-0.2666188153825257f,0.9633370976788611f,-0.02993398603071984f,1.2956411552056692f,0.8510742776914838f,0.24989673420199274f,0.4617620557030404f,-0.21962502054090227f,0f,0f,0f,1f],start_interpolation:0}
execute if entity @s[tag=aj.grey_guardian.bone.upper_body] run data modify entity @s {} merge value {transformation:[-0.09133705182643272f,0.08282901467697155f,-0.992369335122412f,-0.002130625000000009f,-0.21437585930869696f,0.9715339004698641f,0.10082098582869514f,0.61783125f,0.9724713537731143f,0.22194872057629483f,-0.07098050102128385f,0.07085375f,0f,0f,0f,1f],start_interpolation:0}