execute if entity @s[tag=aj.grey_guardian.bone.head] run data modify entity @s {} merge value {transformation:[0.3035584086856001f,-0.018097454226728774f,-0.9526409474018933f,0.04109326072955424f,0.033711594688198926f,0.9993976049437544f,-0.008243519652798788f,3.1539181612389813f,0.9522162679243847f,-0.029612655794422415f,0.3039856406427057f,-7.06845105253087f,0f,0f,0f,1f],start_interpolation:0}
execute if entity @s[tag=aj.grey_guardian.bone.sword] run data modify entity @s {} merge value {transformation:[0.4709630264933483f,-0.8350270791236464f,0.284470745080152f,0.9385404216901536f,0.8607378913126675f,0.3643584867428792f,-0.35549004992694494f,2.791016077570065f,0.19319448784799226f,0.41227741906229887f,0.890338822918826f,-7.3717976550224655f,0f,0f,0f,1f],start_interpolation:0}
execute if entity @s[tag=aj.grey_guardian.bone.axe] run data modify entity @s {} merge value {transformation:[0.000008180652331019102f,-0.00000479059566927339f,0.000003182313713720059f,0.9821637885081331f,0.000005381169181442172f,0.000004422889525434079f,-0.0000071750307655439735f,2.7608049097789458f,0.00000202976493212606f,0.0000075821000639232216f,0.000006196112728232655f,-7.405331066362942f,0f,0f,0f,1f],start_interpolation:0}
execute if entity @s[tag=aj.grey_guardian.bone.left_arm_2] run data modify entity @s {} merge value {transformation:[0.81806523310191f,-0.479059566927339f,0.31823137137200586f,0.923173712807686f,0.5381169181442171f,0.44228895254340783f,-0.7175030765543973f,2.6919060818161586f,0.20297649321260597f,0.7582100063923221f,0.6196112728232654f,-6.7574008409751425f,0f,0f,0f,1f],start_interpolation:0}
execute if entity @s[tag=aj.grey_guardian.bone.left_arm] run data modify entity @s {} merge value {transformation:[0.5824932166306053f,-0.5235730612634363f,-0.62174987100808f,0.5241493298998146f,0.031246160164447454f,0.7787724588446898f,-0.6265278404189024f,2.933409034392593f,0.8122347752062256f,0.34552092102248994f,0.4699893223057964f,-6.730613073396324f,0f,0f,0f,1f],start_interpolation:0}
execute if entity @s[tag=aj.grey_guardian.bone.left_shoulder] run data modify entity @s {} merge value {transformation:[0.5480368506153299f,0.017375093974251413f,-0.8362737090672023f,0.4183849584702578f,0.014983330576599695f,0.9994198970826854f,0.030583804865759696f,3.153891452319046f,0.8363199807325317f,-0.029291217533937815f,0.5474585960626763f,-6.845558806062371f,0f,0f,0f,1f],start_interpolation:0}
execute if entity @s[tag=aj.grey_guardian.bone.right_arm_2] run data modify entity @s {} merge value {transformation:[0.7699278389588822f,0.09020776737774501f,-0.6317227884925694f,-0.7468021997690988f,-0.2553416655731237f,0.9508017324782818f,-0.17543289126797512f,2.6329846318208796f,0.5848177122988393f,0.2963758158504515f,0.7550825247352309f,-7.43650171577259f,0f,0f,0f,1f],start_interpolation:0}
execute if entity @s[tag=aj.grey_guardian.bone.right_arm] run data modify entity @s {} merge value {transformation:[0.8440763440617253f,0.14689759422340137f,-0.51570943583259f,-0.5874699630957343f,-0.31369619313105096f,0.9152733739771025f,-0.25272385978307943f,2.9400041685859084f,0.4348905883213361f,0.3750943184053152f,0.8186418194116236f,-7.165002880781996f,0f,0f,0f,1f],start_interpolation:0}
execute if entity @s[tag=aj.grey_guardian.bone.right_shoulder] run data modify entity @s {} merge value {transformation:[0.9828451654497457f,0.017375093974251413f,0.1836123276401871f,-0.3853405399350177f,-0.02245212746951711f,0.9994198970826854f,0.02560803169568268f,3.158376986985573f,-0.18306087163605994f,-0.029291217533937815f,0.9826651219267044f,-7.169269264957657f,0f,0f,0f,1f],start_interpolation:0}
execute if entity @s[tag=aj.grey_guardian.bone.upper_body] run data modify entity @s {} merge value {transformation:[0.927578036827587f,0.017375093974251413f,-0.37322525598419093f,0.010516598375561952f,-0.0051767468474678835f,0.9994198970826854f,0.03366111417216853f,2.55533125f,0.37359361194639845f,-0.029291217533937815f,0.927129892565342f,-6.995125032873728f,0f,0f,0f,1f],start_interpolation:0}
execute if entity @s[tag=aj.grey_guardian.bone.body] run data modify entity @s {} merge value {transformation:[-0.7063581916639322f,0f,-0.7078545790409635f,8.583095530503864e-16f,0f,1f,0f,2.3229168749999998f,0.7078545790409635f,0f,-0.7063581916639322f,-7.008629375f,0f,0f,0f,1f],start_interpolation:0}