execute if entity @s[tag=aj.grey_guardian.bone.head] run data modify entity @s {} merge value {transformation:[-0.4634998139490714f,0.5180086717299769f,-0.7189123301778324f,0.1300294841358513f,-0.33914226324517316f,0.6458416599154442f,0.6840110200856454f,1.1541326345045797f,0.8186271726189629f,0.5608525352801826f,-0.12366885590023768f,0.3148464922645283f,0f,0f,0f,1f],start_interpolation:0}
execute if entity @s[tag=aj.grey_guardian.bone.sword] run data modify entity @s {} merge value {transformation:[0.770475075644092f,-0.6328595016211875f,0.07653109837845284f,0.726075149327061f,0.3611755655703342f,0.33444980069511043f,-0.8704570877705289f,0.6586193181538914f,0.5252812281494359f,0.6983066532854909f,0.4862586239143091f,-0.22799328827739818f,0f,0f,0f,1f],start_interpolation:0}
execute if entity @s[tag=aj.grey_guardian.bone.axe] run data modify entity @s {} merge value {transformation:[0.00000878154603844922f,-0.000003741059365021464f,-0.0000029814298586386316f,0.7550820252872614f,-9.691536612910724e-7f,0.00000471185639380063f,-0.000008766935069053851f,0.6163143080964539f,0.000004684569388471356f,0.000007987670758837355f,0.0000037751722468003748f,-0.26417463345745473f,0f,0f,0f,1f],start_interpolation:0}
execute if entity @s[tag=aj.grey_guardian.bone.left_arm_2] run data modify entity @s {} merge value {transformation:[0.878154603844922f,-0.3741059365021464f,-0.2981429858638631f,0.48384260831855164f,-0.09691536612910723f,0.47118563938006297f,-0.8766935069053851f,0.46343036582411484f,0.4684569388471356f,0.7987670758837355f,0.37751722468003746f,0.31123490189507774f,0f,0f,0f,1f],start_interpolation:0}
execute if entity @s[tag=aj.grey_guardian.bone.left_arm] run data modify entity @s {} merge value {transformation:[0.1419440056480529f,-0.42976808480563666f,-0.8917125616156141f,0.1828858862922932f,-0.9220680516024795f,0.27026545416236525f,-0.2770326560180546f,0.7302203328073547f,0.3600588944528281f,0.8615427891688872f,-0.3579128594455663f,0.5489529780573486f,0f,0f,0f,1f],start_interpolation:0}
execute if entity @s[tag=aj.grey_guardian.bone.left_shoulder] run data modify entity @s {} merge value {transformation:[0.1419440056480529f,0.28557400562389745f,-0.9477865722685184f,0.1942677355815505f,-0.9220680516024795f,0.3864211438721626f,-0.02166120454953352f,0.9543012649326376f,0.3600588944528281f,0.876998396167548f,0.31816883198225987f,0.6995162860089865f,0f,0f,0f,1f],start_interpolation:0}
execute if entity @s[tag=aj.grey_guardian.bone.right_arm_2] run data modify entity @s {} merge value {transformation:[0.6268787308479048f,0.14965091534564742f,-0.7646094822500762f,-0.39250258139179967f,-0.45367334138067705f,0.8679553645026202f,-0.20207420555730304f,1.026042151719769f,0.6334063120391298f,0.47355896018060234f,0.6119953881375699f,-0.5855287826707004f,0f,0f,0f,1f],start_interpolation:0}
execute if entity @s[tag=aj.grey_guardian.bone.right_arm] run data modify entity @s {} merge value {transformation:[0.7326654895493534f,0.2250619619434819f,-0.6422993022801416f,-0.22673588300268255f,-0.48738262639948765f,0.8322137752026785f,-0.2643452436622288f,1.271453884792048f,0.4750362679915541f,0.5067221582376839f,0.7194256031332218f,-0.26048438881713465f,0f,0f,0f,1f],start_interpolation:0}
execute if entity @s[tag=aj.grey_guardian.bone.right_shoulder] run data modify entity @s {} merge value {transformation:[0.7326654895493534f,0.2250619619434819f,-0.6422993022801416f,-0.059002640547228334f,-0.48738262639948765f,0.8322137752026785f,-0.2643452436622288f,1.3511119003499905f,0.4750362679915541f,0.5067221582376839f,0.7194256031332218f,-0.027930409083865793f,0f,0f,0f,1f],start_interpolation:0}
execute if entity @s[tag=aj.grey_guardian.bone.upper_body] run data modify entity @s {} merge value {transformation:[0.29229884922433513f,0.12752253200756988f,-0.9477865722685184f,-0.002130625000000009f,-0.45795838370569675f,0.8887096888248316f,-0.02166120454953352f,0.61783125f,0.8395448180626184f,0.44037835189669483f,0.31816883198225987f,0.07085375f,0f,0f,0f,1f],start_interpolation:0}