execute if entity @s[tag=aj.grey_guardian.bone.head] run data modify entity @s {} merge value {transformation:[-0.9030462426861328f,0.12367990033216597f,-0.41135236212313636f,0.08128802500176455f,-0.0661690157887001f,0.9061653780117337f,0.41771517693568f,1.1927049214460226f,0.42441624016996937f,0.4044349019887839f,-0.8101254625879315f,0.2357158695306772f,0f,0f,0f,1f],start_interpolation:0}
execute if entity @s[tag=aj.grey_guardian.bone.sword] run data modify entity @s {} merge value {transformation:[-0.5461703983366297f,0.44977990536640017f,0.7066795120204062f,-1.109963801176977f,0.7064580228030121f,0.700646274580274f,0.10005928209837578f,0.4942192668906579f,-0.45012771298606646f,0.5538888287782808f,-0.7004228775222571f,0.8716671831237973f,0f,0f,0f,1f],start_interpolation:0}
execute if entity @s[tag=aj.grey_guardian.bone.axe] run data modify entity @s {} merge value {transformation:[-0.000005787677653414845f,0.0000056794397618994125f,0.000005852072399681878f,-1.1425176556929553f,0.0000033544479559660703f,0.000008198929486951787f,-0.000004639529521266952f,0.44266000082648593f,-0.000007433065739711815f,-7.221629033316887e-7f,-0.000006650414607389083f,0.856764461659407f,0f,0f,0f,1f],start_interpolation:0}
execute if entity @s[tag=aj.grey_guardian.bone.left_arm_2] run data modify entity @s {} merge value {transformation:[-0.5787677653414844f,0.5679439761899412f,0.5852072399681878f,-0.638606601621177f,0.335444795596607f,0.8198929486951787f,-0.46395295212669513f,0.658636152630938f,-0.7433065739711814f,-0.07221629033316887f,-0.6650414607389082f,0.4997372835162229f,0f,0f,0f,1f],start_interpolation:0}
execute if entity @s[tag=aj.grey_guardian.bone.left_arm] run data modify entity @s {} merge value {transformation:[-0.390924029446696f,0.6503038018459155f,0.6513703773629157f,-0.2237706036158448f,-0.11452478328410545f,0.6678200716068599f,-0.7354593299243251f,0.8727600391153357f,-0.913270210405928f,-0.3621067760533582f,-0.18659101136270145f,0.5177310253654548f,0f,0f,0f,1f],start_interpolation:0}
execute if entity @s[tag=aj.grey_guardian.bone.left_shoulder] run data modify entity @s {} merge value {transformation:[-0.390924029446696f,0.0393948066651522f,0.9195794976014713f,-0.12641334917611668f,-0.11452478328410545f,0.9892377252591011f,-0.09106479527198134f,1.1065870440137353f,-0.913270210405928f,-0.14091405938377652f,-0.3822051159431258f,0.6118459398313385f,0f,0f,0f,1f],start_interpolation:0}
execute if entity @s[tag=aj.grey_guardian.bone.right_arm_2] run data modify entity @s {} merge value {transformation:[0.03824159110431016f,0.20844848589740084f,-0.9772854288471163f,0.1461002195663642f,-0.2949966258049965f,0.9367678621895298f,0.18826301583828176f,0.8476112853829644f,0.9547327225320592f,0.28109642668653645f,0.09731509353940454f,-0.7539890855806317f,0f,0f,0f,1f],start_interpolation:0}
execute if entity @s[tag=aj.grey_guardian.bone.right_arm] run data modify entity @s {} merge value {transformation:[0.20474984651372385f,0.0729350724618846f,-0.9760932207312918f,0.14671642997606846f,-0.3785189685086381f,0.9255368616907189f,-0.010242467029561636f,1.1638268924259967f,0.9026632211582365f,0.3715669426317076f,0.21711083877034382f,-0.44842945940737955f,0f,0f,0f,1f],start_interpolation:0}
execute if entity @s[tag=aj.grey_guardian.bone.right_shoulder] run data modify entity @s {} merge value {transformation:[0.20474984651372385f,0.0729350724618846f,-0.9760932207312918f,0.16513912669511588f,-0.3785189685086381f,0.9255368616907189f,-0.010242467029561636f,1.2951563540539377f,0.9026632211582365f,0.3715669426317076f,0.21711083877034382f,-0.1820193051130201f,0f,0f,0f,1f],start_interpolation:0}
execute if entity @s[tag=aj.grey_guardian.bone.upper_body] run data modify entity @s {} merge value {transformation:[-0.3364801461910235f,0.044888117431044844f,-0.9406200976657708f,-0.002130625000000009f,-0.21762747450476472f,0.9681166209569557f,0.1240503549675056f,0.61783125f,0.916198337457532f,0.24644525789794147f,-0.3159831345177646f,0.07085375f,0f,0f,0f,1f],start_interpolation:0}