execute if entity @s[tag=aj.grey_guardian.bone.head] run data modify entity @s {} merge value {transformation:[-0.9866269535309631f,0.047896077586598515f,0.15579865313291094f,-3.3089985393453354f,0.10571028991293169f,0.9155952053765569f,0.387957155492697f,1.6995875953713078f,-0.12406687379286427f,0.3992385072150221f,-0.9084140163956004f,-4.470367812516082f,0f,0f,0f,1f],start_interpolation:0}
execute if entity @s[tag=aj.grey_guardian.bone.sword] run data modify entity @s {} merge value {transformation:[-0.5868629928657317f,0.8056308205895832f,-0.08093706518543253f,-3.7507025509103045f,0.6557237085923763f,0.5315309779372654f,0.5361914186957072f,0.937482394923874f,0.4749928900463001f,0.2615985481787104f,-0.8402070899464334f,-3.358086870627724f,0f,0f,0f,1f],start_interpolation:0}
execute if entity @s[tag=aj.grey_guardian.bone.axe] run data modify entity @s {} merge value {transformation:[-0.000008937351568786601f,0.000002836324293332624f,-0.0000034754872232478282f,-3.7840502648793657f,0.0000035882235354123375f,0.000009169699748829435f,-0.0000017439204042129988f,0.8847041959408191f,0.0000026922850509967725f,-0.000002805685481191475f,-0.000009213019601890069f,-3.3515604510034973f,0f,0f,0f,1f],start_interpolation:0}
execute if entity @s[tag=aj.grey_guardian.bone.left_arm_2] run data modify entity @s {} merge value {transformation:[-0.89373515687866f,0.2836324293332624f,-0.3475487223247828f,-3.836797928912329f,0.3588223535412337f,0.9169699748829434f,-0.17439204042129985f,1.2743630691620491f,0.2692285050996772f,-0.2805685481191475f,-0.9213019601890069f,-3.8744601554936624f,0f,0f,0f,1f],start_interpolation:0}
execute if entity @s[tag=aj.grey_guardian.bone.left_arm] run data modify entity @s {} merge value {transformation:[-0.9135396702955149f,-0.3912545145057628f,-0.1111988114829546f,-3.822344699907467f,-0.17817991023611485f,0.6306959078437728f,-0.7552976839745832f,1.4841653918055726f,0.36564626401019323f,-0.6701810029447112f,-0.645879425982442f,-4.291636147533851f,0f,0f,0f,1f],start_interpolation:0}
execute if entity @s[tag=aj.grey_guardian.bone.left_shoulder] run data modify entity @s {} merge value {transformation:[-0.5523828824589676f,0.08658771695095938f,-0.829081249600751f,-3.7465868844721855f,-0.07827720111952927f,0.9848077558249698f,0.1550043994597553f,1.7194826240924859f,0.829907121882452f,0.1505199366868295f,-0.5372131026962929f,-4.400712606616549f,0f,0f,0f,1f],start_interpolation:0}
execute if entity @s[tag=aj.grey_guardian.bone.right_arm_2] run data modify entity @s {} merge value {transformation:[-0.8786856198446316f,-0.08339101089490164f,0.47006118833635047f,-2.514380627184557f,-0.4139688955707072f,0.6235158750043394f,-0.6632176921023307f,1.153134966479188f,-0.23778421936332206f,-0.7773505598631156f,-0.5823957177918427f,-4.830411836695266f,0f,0f,0f,1f],start_interpolation:0}
execute if entity @s[tag=aj.grey_guardian.bone.right_arm] run data modify entity @s {} merge value {transformation:[-0.8847727506108953f,-0.31642581985546053f,-0.34212845585427387f,-2.8025573872746823f,-0.29388084541038373f,0.9486115878591574f,-0.11734608676988868f,1.4852554115284802f,0.3616783494727164f,-0.003279620119416099f,-0.9322971713003121f,-4.833500513469936f,0f,0f,0f,1f],start_interpolation:0}
execute if entity @s[tag=aj.grey_guardian.bone.right_shoulder] run data modify entity @s {} merge value {transformation:[-0.464510079606807f,0.08658771695095938f,-0.8813245447716171f,-2.9076533872960537f,-0.09374997676651477f,0.9848077558249698f,0.1461664322724769f,1.6911588395119175f,0.8805914647553401f,0.1505199366868295f,-0.4493355326032398f,-4.646097731523646f,0f,0f,0f,1f],start_interpolation:0}
execute if entity @s[tag=aj.grey_guardian.bone.upper_body] run data modify entity @s {} merge value {transformation:[-0.9643705529923503f,0.08658771695095938f,-0.2499840070773507f,-3.377895892729631f,0.04494343537943098f,0.9848077558249698f,0.16773124838050166f,1.11783125f,0.260709654860581f,0.1505199366868295f,-0.9536111495375195f,-4.6167598787729425f,0f,0f,0f,1f],start_interpolation:0}
execute if entity @s[tag=aj.grey_guardian.bone.body] run data modify entity @s {} merge value {transformation:[-0.9989784719104966f,0f,0.04518863418348754f,-3.3749999999999996f,0f,1f,0f,0.885416875f,-0.04518863418348754f,0f,-0.9989784719104966f,-4.633629375f,0f,0f,0f,1f],start_interpolation:0}