execute if entity @s[tag=aj.grey_guardian.bone.head] run data modify entity @s {} merge value {transformation:[-0.9873425750658456f,0.14113533599862296f,-0.07235645371976546f,0.13925108844096556f,0.13612457039284884f,0.9882107898102043f,0.07006808287697384f,1.1993725168122564f,0.08139251069789588f,0.05933171019992532f,-0.9949145728991233f,0.1621978890613312f,0f,0f,0f,1f],start_interpolation:0}
execute if entity @s[tag=aj.grey_guardian.bone.sword] run data modify entity @s {} merge value {transformation:[-0.9388788098094172f,0.2611225284683189f,-0.2243247770915292f,-0.6567607525373336f,-0.23901902042225032f,-0.9634344667957488f,-0.12109474004422635f,2.029246084227764f,-0.24774278671081476f,-0.060075396930047265f,0.966961456479242f,0.576450747086671f,0f,0f,0f,1f],start_interpolation:0}
execute if entity @s[tag=aj.grey_guardian.bone.axe] run data modify entity @s {} merge value {transformation:[-0.000009711950104135766f,1.9461480517299457e-7f,0.0000023749000510305154f,-0.6666714400433312f,-0.0000011513868501991093f,-0.000009109148655713304f,-0.000003962034715812706f,2.0763048147235272f,0.0000020862246992991567f,-0.000004121351216012049f,0.000008869167416297325f,0.6167924950068385f,0f,0f,0f,1f],start_interpolation:0}
execute if entity @s[tag=aj.grey_guardian.bone.left_arm_2] run data modify entity @s {} merge value {transformation:[-0.9711950104135766f,0.019461480517299456f,0.23749000510305152f,-0.5993787674102871f,-0.11513868501991092f,-0.9109148655713303f,-0.3962034715812706f,1.4542908197218107f,0.20862246992991568f,-0.41213512160120486f,0.8869167416297324f,0.8081318289891164f,0f,0f,0f,1f],start_interpolation:0}
execute if entity @s[tag=aj.grey_guardian.bone.left_arm] run data modify entity @s {} merge value {transformation:[-0.6452767108509341f,-0.12027675924536385f,0.7544212799350457f,-0.43465454146922455f,-0.6069849668694396f,-0.5189247990064891f,-0.6019022370539753f,1.300938384343001f,0.463882761511899f,-0.8463158713869826f,0.26184390275617864f,0.39872899717000726f,0f,0f,0f,1f],start_interpolation:0}
execute if entity @s[tag=aj.grey_guardian.bone.left_shoulder] run data modify entity @s {} merge value {transformation:[-0.9023128565629215f,-0.17652431833032028f,0.3932819267640915f,-0.3250735956364608f,-0.42796118509888736f,0.25723970492761583f,-0.8664161576618414f,1.3945949365013721f,0.0517757948274728f,-0.9500878376480613f,-0.30765624944605724f,0.17018668842844847f,0f,0f,0f,1f],start_interpolation:0}
execute if entity @s[tag=aj.grey_guardian.bone.right_arm_2] run data modify entity @s {} merge value {transformation:[-0.8286748399570979f,-0.25472784060313514f,-0.49840920621888773f,0.6716551712457446f,-0.18420125966327008f,0.9649531983698584f,-0.18690965971357743f,0.6514231607981718f,0.5285526516446044f,-0.06307972873629467f,-0.8465536263356342f,-0.5011168490995903f,0f,0f,0f,1f],start_interpolation:0}
execute if entity @s[tag=aj.grey_guardian.bone.right_arm] run data modify entity @s {} merge value {transformation:[-0.7260527618101068f,-0.28514762962638024f,-0.6257301466178314f,0.4032600685135839f,-0.26839998296382f,0.9553058049910651f,-0.12390426988362516f,0.9898346298699685f,0.6330946502798276f,0.0779849233431037f,-0.7701360370208842f,-0.41864793719903665f,0f,0f,0f,1f],start_interpolation:0}
execute if entity @s[tag=aj.grey_guardian.bone.right_shoulder] run data modify entity @s {} merge value {transformation:[-0.15799043389003786f,0.14645337244675996f,-0.9765195504946166f,0.36741132193674897f,-0.06982127565247864f,0.98480774832304f,0.15899273036577694f,1.2008871265253334f,0.9849690412726169f,0.09330117117097006f,-0.14536464216798795f,-0.21192855111868297f,0f,0f,0f,1f],start_interpolation:0}
execute if entity @s[tag=aj.grey_guardian.bone.upper_body] run data modify entity @s {} merge value {transformation:[-0.6411152441987988f,0.14645337244675996f,-0.7533409940756477f,0.005246376737670043f,0.022665583899129413f,0.98480774832304f,0.1721626270402946f,0.61783125f,0.7671098454344241f,0.09330117117097006f,-0.6346947112554975f,0.07016300446963808f,0f,0f,0f,1f],start_interpolation:0}
execute if entity @s[tag=aj.grey_guardian.bone.body] run data modify entity @s {} merge value {transformation:[-0.9063077870366499f,0f,-0.42261826174069933f,-6.5972488474317385e-18f,0f,1f,0f,0.385416875f,0.42261826174069933f,0f,-0.9063077870366499f,0.053870625f,0f,0f,0f,1f],start_interpolation:0}